 0.000e+00 0.0000e+00 0.0000e+00 [ 0.0000e+00 0.0000e+00 0.0000e+00 0.0000e+00 0.0000e+00 ] 1.0000e+00
 1.133e-01 5.9378e-02 5.9378e-02 [ 5.7035e-02 1.1923e-03 5.6970e-04 5.4857e-04 3.2330e-05 ] 9.4062e-01
 2.267e-01 1.3228e-01 1.3228e-01 [ 1.2239e-01 5.0424e-03 2.4091e-03 2.3187e-03 1.1977e-04 ] 8.6772e-01
 3.400e-01 2.3213e-01 2.3213e-01 [ 2.0824e-01 1.2202e-02 5.8294e-03 5.6052e-03 2.5647e-04 ] 7.6787e-01
 4.533e-01 3.6472e-01 3.6472e-01 [ 3.1928e-01 2.3237e-02 1.1100e-02 1.0660e-02 4.3699e-04 ] 6.3528e-01
 5.667e-01 5.2247e-01 5.2247e-01 [ 4.4871e-01 3.7773e-02 1.8041e-02 1.7300e-02 6.4426e-04 ] 4.7753e-01
 6.800e-01 6.7836e-01 6.7836e-01 [ 5.7363e-01 5.3698e-02 2.5643e-02 2.4544e-02 8.4230e-04 ] 3.2164e-01
 7.933e-01 7.9801e-01 7.9801e-01 [ 6.6587e-01 6.7833e-02 3.2387e-02 3.0930e-02 9.9079e-04 ] 2.0199e-01
 9.067e-01 8.6722e-01 8.6722e-01 [ 7.1479e-01 7.8338e-02 3.7393e-02 3.5618e-02 1.0766e-03 ] 1.3278e-01
 1.020e+00 8.9869e-01 8.9869e-01 [ 7.3198e-01 8.5783e-02 4.0934e-02 3.8870e-02 1.1187e-03 ] 1.0131e-01
 1.133e+00 9.1103e-01 9.1103e-01 [ 7.3329e-01 9.1579e-02 4.3683e-02 4.1333e-02 1.1416e-03 ] 8.8972e-02
 1.247e+00 9.1556e-01 9.1556e-01 [ 7.2817e-01 9.6685e-02 4.6099e-02 4.3445e-02 1.1592e-03 ] 8.4444e-02
 1.360e+00 9.1718e-01 9.1718e-01 [ 7.2065e-01 1.0155e-01 4.8395e-02 4.5409e-02 1.1771e-03 ] 8.2818e-02
 1.473e+00 9.1777e-01 9.1777e-01 [ 7.1227e-01 1.0634e-01 5.0654e-02 4.7308e-02 1.1970e-03 ] 8.2231e-02
 1.587e+00 9.1799e-01 9.1799e-01 [ 7.0355e-01 1.1114e-01 5.2909e-02 4.9172e-02 1.2189e-03 ] 8.2011e-02
 1.700e+00 9.1808e-01 9.1808e-01 [ 6.9470e-01 1.1596e-01 5.5171e-02 5.1012e-02 1.2424e-03 ] 8.1921e-02
 1.813e+00 9.1812e-01 9.1812e-01 [ 6.8577e-01 1.2080e-01 5.7443e-02 5.2833e-02 1.2672e-03 ] 8.1879e-02
 1.927e+00 9.1815e-01 9.1815e-01 [ 6.7681e-01 1.2568e-01 5.9727e-02 5.4638e-02 1.2929e-03 ] 8.1853e-02
 2.040e+00 9.1816e-01 9.1816e-01 [ 6.6781e-01 1.3059e-01 6.2021e-02 5.6425e-02 1.3191e-03 ] 8.1836e-02
 2.153e+00 9.1818e-01 9.1818e-01 [ 6.5879e-01 1.3552e-01 6.4326e-02 5.8198e-02 1.3456e-03 ] 8.1821e-02
 2.267e+00 9.1819e-01 9.1819e-01 [ 6.4975e-01 1.4048e-01 6.6642e-02 5.9955e-02 1.3724e-03 ] 8.1809e-02
 2.380e+00 9.1820e-01 9.1820e-01 [ 6.4068e-01 1.4546e-01 6.8968e-02 6.1698e-02 1.3994e-03 ] 8.1799e-02
 2.493e+00 9.1821e-01 9.1821e-01 [ 6.3160e-01 1.5046e-01 7.1303e-02 6.3426e-02 1.4264e-03 ] 8.1791e-02
 2.607e+00 9.1822e-01 9.1822e-01 [ 6.2250e-01 1.5548e-01 7.3649e-02 6.5142e-02 1.4535e-03 ] 8.1784e-02
 2.720e+00 9.1822e-01 9.1822e-01 [ 6.1338e-01 1.6051e-01 7.6004e-02 6.6845e-02 1.4808e-03 ] 8.1778e-02
 2.833e+00 9.1823e-01 9.1823e-01 [ 6.0425e-01 1.6556e-01 7.8369e-02 6.8536e-02 1.5080e-03 ] 8.1774e-02
 2.947e+00 9.1823e-01 9.1823e-01 [ 5.9511e-01 1.7062e-01 8.0744e-02 7.0216e-02 1.5354e-03 ] 8.1771e-02
 3.060e+00 9.1823e-01 9.1823e-01 [ 5.8596e-01 1.7569e-01 8.3128e-02 7.1887e-02 1.5629e-03 ] 8.1770e-02
 3.173e+00 9.1823e-01 9.1823e-01 [ 5.7680e-01 1.8077e-01 8.5523e-02 7.3548e-02 1.5905e-03 ] 8.1770e-02
 3.287e+00 9.1823e-01 9.1823e-01 [ 5.6763e-01 1.8585e-01 8.7927e-02 7.5201e-02 1.6183e-03 ] 8.1770e-02
 3.400e+00 9.1823e-01 9.1823e-01 [ 5.5846e-01 1.9093e-01 9.0343e-02 7.6848e-02 1.6461e-03 ] 8.1773e-02
 3.513e+00 9.1822e-01 9.1822e-01 [ 5.4928e-01 1.9601e-01 9.2768e-02 7.8488e-02 1.6742e-03 ] 8.1776e-02
 3.627e+00 9.1822e-01 9.1822e-01 [ 5.4010e-01 2.0109e-01 9.5205e-02 8.0123e-02 1.7024e-03 ] 8.1780e-02
 3.740e+00 9.1821e-01 9.1821e-01 [ 5.3092e-01 2.0616e-01 9.7654e-02 8.1754e-02 1.7308e-03 ] 8.1785e-02
 3.853e+00 9.1821e-01 9.1821e-01 [ 5.2174e-01 2.1122e-01 1.0011e-01 8.3382e-02 1.7594e-03 ] 8.1791e-02
 3.967e+00 9.1820e-01 9.1820e-01 [ 5.1256e-01 2.1626e-01 1.0259e-01 8.5009e-02 1.7882e-03 ] 8.1798e-02
 4.080e+00 9.1819e-01 9.1819e-01 [ 5.0338e-01 2.2129e-01 1.0507e-01 8.6634e-02 1.8173e-03 ] 8.1807e-02
 4.193e+00 9.1818e-01 9.1818e-01 [ 4.9420e-01 2.2630e-01 1.0757e-01 8.8260e-02 1.8466e-03 ] 8.1815e-02
 4.307e+00 9.1817e-01 9.1817e-01 [ 4.8504e-01 2.3129e-01 1.1008e-01 8.9887e-02 1.8762e-03 ] 8.1825e-02
 4.420e+00 9.1816e-01 9.1816e-01 [ 4.7588e-01 2.3625e-01 1.1261e-01 9.1517e-02 1.9060e-03 ] 8.1836e-02
 4.533e+00 9.1815e-01 9.1815e-01 [ 4.6674e-01 2.4118e-01 1.1515e-01 9.3150e-02 1.9361e-03 ] 8.1847e-02
 4.647e+00 9.1814e-01 9.1814e-01 [ 4.5761e-01 2.4608e-01 1.1770e-01 9.4788e-02 1.9666e-03 ] 8.1860e-02
 4.760e+00 9.1813e-01 9.1813e-01 [ 4.4850e-01 2.5093e-01 1.2027e-01 9.6431e-02 1.9973e-03 ] 8.1873e-02
 4.873e+00 9.1811e-01 9.1811e-01 [ 4.3940e-01 2.5575e-01 1.2285e-01 9.8081e-02 2.0284e-03 ] 8.1886e-02
 4.987e+00 9.1810e-01 9.1810e-01 [ 4.3033e-01 2.6051e-01 1.2546e-01 9.9739e-02 2.0598e-03 ] 8.1901e-02
 5.100e+00 9.1808e-01 9.1808e-01 [ 4.2128e-01 2.6523e-01 1.2807e-01 1.0141e-01 2.0915e-03 ] 8.1916e-02
 5.213e+00 9.1807e-01 9.1807e-01 [ 4.1226e-01 2.6989e-01 1.3071e-01 1.0308e-01 2.1237e-03 ] 8.1931e-02
 5.327e+00 9.1805e-01 9.1805e-01 [ 4.0328e-01 2.7449e-01 1.3336e-01 1.0477e-01 2.1562e-03 ] 8.1948e-02
 5.440e+00 9.1803e-01 9.1803e-01 [ 3.9432e-01 2.7903e-01 1.3603e-01 1.0647e-01 2.1890e-03 ] 8.1965e-02
 5.553e+00 9.1802e-01 9.1802e-01 [ 3.8540e-01 2.8350e-01 1.3872e-01 1.0818e-01 2.2223e-03 ] 8.1982e-02
 5.667e+00 9.1800e-01 9.1800e-01 [ 3.7653e-01 2.8789e-01 1.4142e-01 1.0990e-01 2.2560e-03 ] 8.2001e-02
 5.780e+00 9.1798e-01 9.1798e-01 [ 3.6770e-01 2.9221e-01 1.4415e-01 1.1164e-01 2.2902e-03 ] 8.2019e-02
 5.893e+00 9.1796e-01 9.1796e-01 [ 3.5891e-01 2.9644e-01 1.4689e-01 1.1339e-01 2.3247e-03 ] 8.2039e-02
 6.007e+00 9.1794e-01 9.1794e-01 [ 3.5018e-01 3.0058e-01 1.4966e-01 1.1516e-01 2.3598e-03 ] 8.2058e-02
 6.120e+00 9.1792e-01 9.1792e-01 [ 3.4150e-01 3.0463e-01 1.5244e-01 1.1695e-01 2.3952e-03 ] 8.2079e-02
 6.233e+00 9.1790e-01 9.1790e-01 [ 3.3288e-01 3.0858e-01 1.5524e-01 1.1876e-01 2.4312e-03 ] 8.2100e-02
 6.347e+00 9.1788e-01 9.1788e-01 [ 3.2433e-01 3.1243e-01 1.5806e-01 1.2058e-01 2.4676e-03 ] 8.2121e-02
 6.460e+00 9.1786e-01 9.1786e-01 [ 3.1584e-01 3.1618e-01 1.6091e-01 1.2243e-01 2.5046e-03 ] 8.2143e-02
 6.573e+00 9.1783e-01 9.1783e-01 [ 3.0742e-01 3.1981e-01 1.6377e-01 1.2429e-01 2.5421e-03 ] 8.2166e-02
 6.687e+00 9.1781e-01 9.1781e-01 [ 2.9908e-01 3.2332e-01 1.6665e-01 1.2618e-01 2.5800e-03 ] 8.2188e-02
 6.800e+00 9.1779e-01 9.1779e-01 [ 2.9081e-01 3.2671e-01 1.6956e-01 1.2809e-01 2.6186e-03 ] 8.2212e-02
 6.913e+00 9.1776e-01 9.1776e-01 [ 2.8263e-01 3.2998e-01 1.7248e-01 1.3002e-01 2.6576e-03 ] 8.2236e-02
 7.027e+00 9.1774e-01 9.1774e-01 [ 2.7453e-01 3.3311e-01 1.7542e-01 1.3198e-01 2.6973e-03 ] 8.2260e-02
 7.140e+00 9.1772e-01 9.1772e-01 [ 2.6652e-01 3.3611e-01 1.7839e-01 1.3396e-01 2.7375e-03 ] 8.2285e-02
 7.253e+00 9.1769e-01 9.1769e-01 [ 2.5860e-01 3.3897e-01 1.8137e-01 1.3597e-01 2.7783e-03 ] 8.2310e-02
 7.367e+00 9.1766e-01 9.1766e-01 [ 2.5078e-01 3.4168e-01 1.8437e-01 1.3801e-01 2.8197e-03 ] 8.2335e-02
 7.480e+00 9.1764e-01 9.1764e-01 [ 2.4306e-01 3.4425e-01 1.8739e-01 1.4007e-01 2.8617e-03 ] 8.2361e-02
 7.593e+00 9.1761e-01 9.1761e-01 [ 2.3545e-01 3.4666e-01 1.9043e-01 1.4216e-01 2.9044e-03 ] 8.2388e-02
 7.707e+00 9.1759e-01 9.1759e-01 [ 2.2794e-01 3.4892e-01 1.9349e-01 1.4428e-01 2.9477e-03 ] 8.2414e-02
 7.820e+00 9.1756e-01 9.1756e-01 [ 2.2054e-01 3.5102e-01 1.9657e-01 1.4643e-01 2.9916e-03 ] 8.2442e-02
 7.933e+00 9.1753e-01 9.1753e-01 [ 2.1326e-01 3.5296e-01 1.9966e-01 1.4861e-01 3.0362e-03 ] 8.2469e-02
 8.047e+00 9.1750e-01 9.1750e-01 [ 2.0609e-01 3.5473e-01 2.0278e-01 1.5083e-01 3.0815e-03 ] 8.2497e-02
 8.160e+00 9.1747e-01 9.1747e-01 [ 1.9905e-01 3.5633e-01 2.0590e-01 1.5307e-01 3.1275e-03 ] 8.2526e-02
 8.273e+00 9.1745e-01 9.1745e-01 [ 1.9212e-01 3.5775e-01 2.0904e-01 1.5535e-01 3.1742e-03 ] 8.2555e-02
 8.387e+00 9.1742e-01 9.1742e-01 [ 1.8533e-01 3.5900e-01 2.1220e-01 1.5766e-01 3.2216e-03 ] 8.2584e-02
 8.500e+00 9.1739e-01 9.1739e-01 [ 1.7865e-01 3.6008e-01 2.1537e-01 1.6001e-01 3.2698e-03 ] 8.2613e-02
 8.613e+00 9.1736e-01 9.1736e-01 [ 1.7211e-01 3.6097e-01 2.1855e-01 1.6240e-01 3.3187e-03 ] 8.2643e-02
 8.727e+00 9.1733e-01 9.1733e-01 [ 1.6571e-01 3.6169e-01 2.2174e-01 1.6482e-01 3.3683e-03 ] 8.2674e-02
 8.840e+00 9.1730e-01 9.1730e-01 [ 1.5943e-01 3.6222e-01 2.2495e-01 1.6728e-01 3.4188e-03 ] 8.2704e-02
 8.953e+00 9.1726e-01 9.1726e-01 [ 1.5329e-01 3.6256e-01 2.2816e-01 1.6978e-01 3.4700e-03 ] 8.2735e-02
 9.067e+00 9.1723e-01 9.1723e-01 [ 1.4729e-01 3.6272e-01 2.3138e-01 1.7232e-01 3.5220e-03 ] 8.2767e-02
 9.180e+00 9.1720e-01 9.1720e-01 [ 1.4143e-01 3.6270e-01 2.3460e-01 1.7490e-01 3.5748e-03 ] 8.2799e-02
 9.293e+00 9.1717e-01 9.1717e-01 [ 1.3571e-01 3.6248e-01 2.3783e-01 1.7752e-01 3.6285e-03 ] 8.2831e-02
 9.407e+00 9.1714e-01 9.1714e-01 [ 1.3013e-01 3.6208e-01 2.4106e-01 1.8018e-01 3.6830e-03 ] 8.2863e-02
 9.520e+00 9.1710e-01 9.1710e-01 [ 1.2469e-01 3.6149e-01 2.4430e-01 1.8288e-01 3.7383e-03 ] 8.2896e-02
 9.633e+00 9.1707e-01 9.1707e-01 [ 1.1940e-01 3.6072e-01 2.4753e-01 1.8563e-01 3.7945e-03 ] 8.2929e-02
 9.747e+00 9.1704e-01 9.1704e-01 [ 1.1424e-01 3.5975e-01 2.5076e-01 1.8843e-01 3.8516e-03 ] 8.2963e-02
 9.860e+00 9.1700e-01 9.1700e-01 [ 1.0923e-01 3.5861e-01 2.5398e-01 1.9127e-01 3.9096e-03 ] 8.2997e-02
 9.973e+00 9.1697e-01 9.1697e-01 [ 1.0437e-01 3.5727e-01 2.5720e-01 1.9416e-01 3.9684e-03 ] 8.3031e-02
 1.009e+01 9.1693e-01 9.1693e-01 [ 9.9646e-02 3.5576e-01 2.6041e-01 1.9709e-01 4.0282e-03 ] 8.3066e-02
 1.020e+01 9.1690e-01 9.1690e-01 [ 9.5065e-02 3.5406e-01 2.6361e-01 2.0008e-01 4.0889e-03 ] 8.3101e-02
 1.031e+01 9.1686e-01 9.1686e-01 [ 9.0628e-02 3.5218e-01 2.6680e-01 2.0311e-01 4.1505e-03 ] 8.3137e-02
 1.043e+01 9.1683e-01 9.1683e-01 [ 8.6331e-02 3.5012e-01 2.6997e-01 2.0620e-01 4.2130e-03 ] 8.3172e-02
 1.054e+01 9.1679e-01 9.1679e-01 [ 8.2175e-02 3.4789e-01 2.7312e-01 2.0933e-01 4.2765e-03 ] 8.3208e-02
 1.065e+01 9.1675e-01 9.1675e-01 [ 7.8158e-02 3.4549e-01 2.7625e-01 2.1252e-01 4.3409e-03 ] 8.3245e-02
 1.077e+01 9.1672e-01 9.1672e-01 [ 7.4279e-02 3.4291e-01 2.7936e-01 2.1576e-01 4.4062e-03 ] 8.3282e-02
 1.088e+01 9.1668e-01 9.1668e-01 [ 7.0537e-02 3.4017e-01 2.8244e-01 2.1906e-01 4.4725e-03 ] 8.3319e-02
 1.099e+01 9.1664e-01 9.1664e-01 [ 6.6930e-02 3.3727e-01 2.8549e-01 2.2241e-01 4.5398e-03 ] 8.3356e-02
 1.111e+01 9.1661e-01 9.1661e-01 [ 6.3456e-02 3.3421e-01 2.8851e-01 2.2582e-01 4.6080e-03 ] 8.3394e-02
 1.122e+01 9.1657e-01 9.1657e-01 [ 6.0113e-02 3.3100e-01 2.9150e-01 2.2928e-01 4.6772e-03 ] 8.3433e-02
 1.133e+01 9.1653e-01 9.1653e-01 [ 5.6900e-02 3.2763e-01 2.9445e-01 2.3280e-01 4.7474e-03 ] 8.3471e-02
 1.145e+01 9.1649e-01 9.1649e-01 [ 5.3813e-02 3.2412e-01 2.9736e-01 2.3638e-01 4.8185e-03 ] 8.3510e-02
 1.156e+01 9.1645e-01 9.1645e-01 [ 5.0851e-02 3.2046e-01 3.0023e-01 2.4002e-01 4.8905e-03 ] 8.3550e-02
 1.167e+01 9.1641e-01 9.1641e-01 [ 4.8012e-02 3.1667e-01 3.0305e-01 2.4371e-01 4.9635e-03 ] 8.3589e-02
 1.179e+01 9.1637e-01 9.1637e-01 [ 4.5292e-02 3.1275e-01 3.0582e-01 2.4747e-01 5.0375e-03 ] 8.3629e-02
 1.190e+01 9.1633e-01 9.1633e-01 [ 4.2690e-02 3.0870e-01 3.0854e-01 2.5129e-01 5.1123e-03 ] 8.3669e-02
 1.201e+01 9.1629e-01 9.1629e-01 [ 4.0202e-02 3.0453e-01 3.1120e-01 2.5516e-01 5.1881e-03 ] 8.3710e-02
 1.213e+01 9.1625e-01 9.1625e-01 [ 3.7826e-02 3.0024e-01 3.1381e-01 2.5910e-01 5.2648e-03 ] 8.3751e-02
 1.224e+01 9.1621e-01 9.1621e-01 [ 3.5558e-02 2.9585e-01 3.1636e-01 2.6310e-01 5.3423e-03 ] 8.3793e-02
 1.235e+01 9.1617e-01 9.1617e-01 [ 3.3397e-02 2.9135e-01 3.1884e-01 2.6716e-01 5.4208e-03 ] 8.3834e-02
 1.247e+01 9.1612e-01 9.1612e-01 [ 3.1339e-02 2.8675e-01 3.2125e-01 2.7128e-01 5.5000e-03 ] 8.3876e-02
 1.258e+01 9.1608e-01 9.1608e-01 [ 2.9381e-02 2.8206e-01 3.2360e-01 2.7546e-01 5.5801e-03 ] 8.3918e-02
 1.269e+01 9.1604e-01 9.1604e-01 [ 2.7519e-02 2.7728e-01 3.2587e-01 2.7971e-01 5.6610e-03 ] 8.3961e-02
 1.281e+01 9.1600e-01 9.1600e-01 [ 2.5752e-02 2.7242e-01 3.2807e-01 2.8401e-01 5.7427e-03 ] 8.4004e-02
 1.292e+01 9.1595e-01 9.1595e-01 [ 2.4076e-02 2.6749e-01 3.3019e-01 2.8837e-01 5.8250e-03 ] 8.4047e-02
 1.303e+01 9.1591e-01 9.1591e-01 [ 2.2487e-02 2.6250e-01 3.3223e-01 2.9279e-01 5.9081e-03 ] 8.4091e-02
 1.315e+01 9.1587e-01 9.1587e-01 [ 2.0983e-02 2.5744e-01 3.3418e-01 2.9727e-01 5.9918e-03 ] 8.4134e-02
 1.326e+01 9.1582e-01 9.1582e-01 [ 1.9561e-02 2.5232e-01 3.3605e-01 3.0181e-01 6.0761e-03 ] 8.4178e-02
 1.337e+01 9.1578e-01 9.1578e-01 [ 1.8217e-02 2.4716e-01 3.3783e-01 3.0640e-01 6.1609e-03 ] 8.4223e-02
 1.349e+01 9.1573e-01 9.1573e-01 [ 1.6950e-02 2.4196e-01 3.3953e-01 3.1105e-01 6.2462e-03 ] 8.4267e-02
 1.360e+01 9.1569e-01 9.1569e-01 [ 1.5754e-02 2.3673e-01 3.4113e-01 3.1575e-01 6.3320e-03 ] 8.4312e-02
 1.371e+01 9.1564e-01 9.1564e-01 [ 1.4629e-02 2.3146e-01 3.4264e-01 3.2050e-01 6.4182e-03 ] 8.4356e-02
 1.383e+01 9.1560e-01 9.1560e-01 [ 1.3570e-02 2.2618e-01 3.4405e-01 3.2529e-01 6.5046e-03 ] 8.4401e-02
 1.394e+01 9.1555e-01 9.1555e-01 [ 1.2574e-02 2.2088e-01 3.4537e-01 3.3014e-01 6.5913e-03 ] 8.4447e-02
 1.405e+01 9.1551e-01 9.1551e-01 [ 1.1640e-02 2.1558e-01 3.4659e-01 3.3502e-01 6.6782e-03 ] 8.4492e-02
 1.417e+01 9.1546e-01 9.1546e-01 [ 1.0764e-02 2.1028e-01 3.4771e-01 3.3995e-01 6.7652e-03 ] 8.4537e-02
 1.428e+01 9.1542e-01 9.1542e-01 [ 9.9437e-03 2.0498e-01 3.4873e-01 3.4491e-01 6.8522e-03 ] 8.4582e-02
 1.439e+01 9.1537e-01 9.1537e-01 [ 9.1760e-03 1.9969e-01 3.4966e-01 3.4990e-01 6.9391e-03 ] 8.4628e-02
 1.451e+01 9.1533e-01 9.1533e-01 [ 8.4585e-03 1.9443e-01 3.5049e-01 3.5493e-01 7.0258e-03 ] 8.4673e-02
 1.462e+01 9.1528e-01 9.1528e-01 [ 7.7887e-03 1.8919e-01 3.5121e-01 3.5997e-01 7.1122e-03 ] 8.4718e-02
 1.473e+01 9.1524e-01 9.1524e-01 [ 7.1642e-03 1.8399e-01 3.5184e-01 3.6504e-01 7.1983e-03 ] 8.4764e-02
 1.485e+01 9.1519e-01 9.1519e-01 [ 6.5824e-03 1.7883e-01 3.5238e-01 3.7012e-01 7.2839e-03 ] 8.4809e-02
 1.496e+01 9.1515e-01 9.1515e-01 [ 6.0413e-03 1.7371e-01 3.5281e-01 3.7521e-01 7.3689e-03 ] 8.4854e-02
 1.507e+01 9.1510e-01 9.1510e-01 [ 5.5384e-03 1.6865e-01 3.5315e-01 3.8030e-01 7.4532e-03 ] 8.4898e-02
 1.519e+01 9.1506e-01 9.1506e-01 [ 5.0717e-03 1.6365e-01 3.5340e-01 3.8539e-01 7.5367e-03 ] 8.4942e-02
 1.530e+01 9.1501e-01 9.1501e-01 [ 4.6391e-03 1.5872e-01 3.5356e-01 3.9047e-01 7.6193e-03 ] 8.4986e-02
 1.541e+01 9.1497e-01 9.1497e-01 [ 4.2385e-03 1.5387e-01 3.5363e-01 3.9554e-01 7.7008e-03 ] 8.5030e-02
 1.553e+01 9.1493e-01 9.1493e-01 [ 3.8681e-03 1.4909e-01 3.5361e-01 4.0058e-01 7.7811e-03 ] 8.5073e-02
 1.564e+01 9.1488e-01 9.1488e-01 [ 3.5261e-03 1.4440e-01 3.5351e-01 4.0559e-01 7.8600e-03 ] 8.5115e-02
 1.575e+01 9.1484e-01 9.1484e-01 [ 3.2106e-03 1.3980e-01 3.5333e-01 4.1056e-01 7.9376e-03 ] 8.5157e-02
 1.587e+01 9.1480e-01 9.1480e-01 [ 2.9200e-03 1.3531e-01 3.5307e-01 4.1549e-01 8.0135e-03 ] 8.5199e-02
 1.598e+01 9.1476e-01 9.1476e-01 [ 2.6528e-03 1.3092e-01 3.5274e-01 4.2036e-01 8.0877e-03 ] 8.5239e-02
 1.609e+01 9.1472e-01 9.1472e-01 [ 2.4073e-03 1.2665e-01 3.5234e-01 4.2516e-01 8.1600e-03 ] 8.5279e-02
 1.621e+01 9.1468e-01 9.1468e-01 [ 2.1821e-03 1.2249e-01 3.5188e-01 4.2990e-01 8.2304e-03 ] 8.5317e-02
 1.632e+01 9.1464e-01 9.1464e-01 [ 1.9759e-03 1.1846e-01 3.5136e-01 4.3455e-01 8.2986e-03 ] 8.5355e-02
 1.643e+01 9.1461e-01 9.1461e-01 [ 1.7873e-03 1.1456e-01 3.5079e-01 4.3912e-01 8.3645e-03 ] 8.5392e-02
 1.655e+01 9.1457e-01 9.1457e-01 [ 1.6153e-03 1.1079e-01 3.5016e-01 4.4358e-01 8.4281e-03 ] 8.5427e-02
 1.666e+01 9.1454e-01 9.1454e-01 [ 1.4585e-03 1.0717e-01 3.4949e-01 4.4794e-01 8.4893e-03 ] 8.5461e-02
 1.677e+01 9.1451e-01 9.1451e-01 [ 1.3159e-03 1.0369e-01 3.4878e-01 4.5217e-01 8.5480e-03 ] 8.5494e-02
 1.689e+01 9.1447e-01 9.1447e-01 [ 1.1865e-03 1.0037e-01 3.4803e-01 4.5628e-01 8.6042e-03 ] 8.5526e-02
 1.700e+01 9.1444e-01 9.1444e-01 [ 1.0694e-03 9.7203e-02 3.4726e-01 4.6026e-01 8.6582e-03 ] 8.5556e-02
 1.711e+01 9.1441e-01 9.1441e-01 [ 9.6361e-04 9.4200e-02 3.4646e-01 4.6408e-01 8.7102e-03 ] 8.5585e-02
 1.723e+01 9.1439e-01 9.1439e-01 [ 8.6841e-04 9.1364e-02 3.4564e-01 4.6775e-01 8.7610e-03 ] 8.5613e-02
 1.734e+01 9.1436e-01 9.1436e-01 [ 7.8303e-04 8.8699e-02 3.4481e-01 4.7125e-01 8.8117e-03 ] 8.5642e-02
 1.745e+01 9.1432e-01 9.1432e-01 [ 7.0674e-04 8.6209e-02 3.4397e-01 4.7457e-01 8.8642e-03 ] 8.5676e-02
 1.757e+01 9.1427e-01 9.1427e-01 [ 6.3892e-04 8.3897e-02 3.4312e-01 4.7770e-01 8.9213e-03 ] 8.5726e-02
 1.768e+01 9.1417e-01 9.1417e-01 [ 5.7896e-04 8.1762e-02 3.4225e-01 4.8059e-01 8.9873e-03 ] 8.5827e-02
 1.779e+01 9.1393e-01 9.1393e-01 [ 5.2630e-04 7.9801e-02 3.4134e-01 4.8320e-01 9.0676e-03 ] 8.6067e-02
 1.791e+01 9.1330e-01 9.1330e-01 [ 4.8033e-04 7.7996e-02 3.4029e-01 4.8537e-01 9.1687e-03 ] 8.6696e-02
 1.802e+01 9.1161e-01 9.1161e-01 [ 4.4033e-04 7.6292e-02 3.3886e-01 4.8672e-01 9.2955e-03 ] 8.8392e-02
 1.813e+01 9.0702e-01 9.0702e-01 [ 4.0516e-04 7.4545e-02 3.3638e-01 4.8625e-01 9.4439e-03 ] 9.2977e-02
 1.825e+01 8.9492e-01 8.9492e-01 [ 3.7266e-04 7.2384e-02 3.3114e-01 4.8144e-01 9.5811e-03 ] 1.0508e-01
 1.836e+01 8.6495e-01 8.6495e-01 [ 3.3869e-04 6.8996e-02 3.1933e-01 4.6667e-01 9.6065e-03 ] 1.3505e-01
 1.847e+01 8.0026e-01 8.0026e-01 [ 2.9717e-04 6.3074e-02 2.9478e-01 4.3278e-01 9.3230e-03 ] 1.9974e-01
 1.859e+01 6.8872e-01 6.8872e-01 [ 2.4430e-04 5.3711e-02 2.5309e-01 3.7314e-01 8.5329e-03 ] 3.1128e-01
 1.870e+01 5.4183e-01 5.4183e-01 [ 1.8458e-04 4.1847e-02 1.9858e-01 2.9396e-01 7.2616e-03 ] 4.5817e-01
 1.881e+01 3.9103e-01 3.9103e-01 [ 1.2836e-04 2.9918e-02 1.4286e-01 2.1234e-01 5.7853e-03 ] 6.0897e-01
 1.893e+01 2.6345e-01 2.6345e-01 [ 8.3469e-05 1.9962e-02 9.5874e-02 1.4313e-01 4.4025e-03 ] 7.3655e-01
 1.904e+01 1.6912e-01 1.6912e-01 [ 5.1740e-05 1.2681e-02 6.1240e-02 9.1880e-02 3.2697e-03 ] 8.3088e-01
 1.915e+01 1.0525e-01 1.0525e-01 [ 3.1071e-05 7.7989e-03 3.7864e-02 5.7143e-02 2.4088e-03 ] 8.9475e-01
 1.927e+01 6.4292e-02 6.4292e-02 [ 1.8288e-05 4.6994e-03 2.2935e-02 3.4862e-02 1.7775e-03 ] 9.3571e-01
 1.938e+01 3.8883e-02 3.8883e-02 [ 1.0631e-05 2.7963e-03 1.3718e-02 2.1039e-02 1.3198e-03 ] 9.6112e-01
 1.949e+01 2.3417e-02 2.3417e-02 [ 6.1333e-06 1.6513e-03 8.1424e-03 1.2630e-02 9.8708e-04 ] 9.7658e-01
 1.961e+01 1.4098e-02 1.4098e-02 [ 3.5222e-06 9.7067e-04 4.8109e-03 7.5702e-03 7.4318e-04 ] 9.8590e-01
 1.972e+01 8.5114e-03 8.5114e-03 [ 2.0170e-06 5.6901e-04 2.8346e-03 4.5431e-03 5.6259e-04 ] 9.9149e-01
 1.983e+01 5.1651e-03 5.1651e-03 [ 1.1530e-06 3.3300e-04 1.6674e-03 2.7358e-03 4.2761e-04 ] 9.9483e-01
 1.995e+01 3.1576e-03 3.1576e-03 [ 6.5838e-07 1.9468e-04 9.7988e-04 1.6565e-03 3.2597e-04 ] 9.9684e-01
 2.006e+01 1.9489e-03 1.9489e-03 [ 3.7566e-07 1.1375e-04 5.7547e-04 1.0103e-03 2.4898e-04 ] 9.9805e-01
 2.017e+01 1.2169e-03 1.2169e-03 [ 2.1424e-07 6.6433e-05 3.3784e-04 6.2194e-04 1.9044e-04 ] 9.9878e-01
 2.029e+01 7.7019e-04 7.7019e-04 [ 1.2213e-07 3.8790e-05 1.9829e-04 3.8720e-04 1.4578e-04 ] 9.9923e-01
 2.040e+01 4.9502e-04 4.9502e-04 [ 6.9605e-08 2.2646e-05 1.1637e-04 2.4427e-04 1.1166e-04 ] 9.9950e-01
 2.051e+01 3.2354e-04 3.2354e-04 [ 3.9659e-08 1.3219e-05 6.8284e-05 1.5643e-04 8.5562e-05 ] 9.9968e-01
 2.063e+01 2.1523e-04 2.1523e-04 [ 2.2592e-08 7.7160e-06 4.0066e-05 1.0185e-04 6.5575e-05 ] 9.9978e-01
 2.074e+01 1.4577e-04 1.4577e-04 [ 1.2867e-08 4.5035e-06 2.3508e-05 6.7481e-05 5.0265e-05 ] 9.9985e-01
 2.085e+01 1.0048e-04 1.0048e-04 [ 7.3268e-09 2.6284e-06 1.3792e-05 4.5522e-05 3.8532e-05 ] 9.9990e-01
 2.097e+01 7.0429e-05 7.0429e-05 [ 4.1714e-09 1.5339e-06 8.0917e-06 3.1260e-05 2.9540e-05 ] 9.9993e-01
 2.108e+01 5.0124e-05 5.0124e-05 [ 2.3745e-09 8.9517e-07 4.7473e-06 2.1832e-05 2.2647e-05 ] 9.9995e-01
 2.119e+01 3.6159e-05 3.6159e-05 [ 1.3514e-09 5.2239e-07 2.7851e-06 1.5488e-05 1.7362e-05 ] 9.9996e-01
 2.131e+01 2.6393e-05 2.6393e-05 [ 7.6898e-10 3.0484e-07 1.6339e-06 1.1142e-05 1.3311e-05 ] 9.9997e-01
 2.142e+01 1.9455e-05 1.9455e-05 [ 4.3750e-10 1.7788e-07 9.5854e-07 8.1130e-06 1.0205e-05 ] 9.9998e-01
 2.153e+01 1.4459e-05 1.4459e-05 [ 2.4887e-10 1.0380e-07 5.6232e-07 5.9686e-06 7.8243e-06 ] 9.9999e-01
 2.165e+01 1.0818e-05 1.0818e-05 [ 1.4154e-10 6.0564e-08 3.2988e-07 4.4287e-06 5.9988e-06 ] 9.9999e-01
 2.176e+01 8.1371e-06 8.1371e-06 [ 8.0485e-11 3.5338e-08 1.9352e-07 3.3091e-06 4.5991e-06 ] 9.9999e-01
 2.187e+01 6.1467e-06 6.1467e-06 [ 4.5759e-11 2.0618e-08 1.1352e-07 2.4864e-06 3.5261e-06 ] 9.9999e-01
 2.199e+01 4.6587e-06 4.6587e-06 [ 2.6012e-11 1.2030e-08 6.6595e-08 1.8767e-06 2.7034e-06 ] 1.0000e+00
 2.210e+01 3.5401e-06 3.5401e-06 [ 1.4783e-11 7.0185e-09 3.9066e-08 1.4214e-06 2.0726e-06 ] 1.0000e+00
 2.221e+01 2.6957e-06 2.6957e-06 [ 8.4006e-12 4.0947e-09 2.2916e-08 1.0796e-06 1.5890e-06 ] 1.0000e+00
 2.233e+01 2.0559e-06 2.0559e-06 [ 4.7727e-12 2.3889e-09 1.3443e-08 8.2175e-07 1.2183e-06 ] 1.0000e+00
 2.244e+01 1.5698e-06 1.5698e-06 [ 2.7111e-12 1.3936e-09 7.8855e-09 6.2652e-07 9.3402e-07 ] 1.0000e+00
 2.255e+01 1.1998e-06 1.1998e-06 [ 1.5397e-12 8.1300e-10 4.6256e-09 4.7828e-07 7.1609e-07 ] 1.0000e+00
 2.267e+01 9.1768e-07 9.1768e-07 [ 8.7432e-13 4.7427e-10 2.7133e-09 3.6549e-07 5.4901e-07 ] 1.0000e+00
 2.278e+01 7.0228e-07 7.0228e-07 [ 4.9638e-13 2.7666e-10 1.5916e-09 2.7950e-07 4.2091e-07 ] 1.0000e+00
 2.289e+01 5.3767e-07 5.3767e-07 [ 2.8176e-13 1.6138e-10 9.3356e-10 2.1387e-07 3.2270e-07 ] 1.0000e+00
 2.301e+01 4.1177e-07 4.1177e-07 [ 1.5991e-13 9.4134e-11 5.4760e-10 1.6373e-07 2.4740e-07 ] 1.0000e+00
 2.312e+01 3.1543e-07 3.1543e-07 [ 9.0735e-14 5.4908e-11 3.2120e-10 1.2538e-07 1.8968e-07 ] 1.0000e+00
 2.323e+01 2.4168e-07 2.4168e-07 [ 5.1476e-14 3.2026e-11 1.8840e-10 9.6041e-08 1.4542e-07 ] 1.0000e+00
 2.335e+01 1.8520e-07 1.8520e-07 [ 2.9198e-14 1.8680e-11 1.1051e-10 7.3582e-08 1.1149e-07 ] 1.0000e+00
 2.346e+01 1.4193e-07 1.4193e-07 [ 1.6558e-14 1.0895e-11 6.4817e-11 5.6383e-08 8.5474e-08 ] 1.0000e+00
 2.357e+01 1.0878e-07 1.0878e-07 [ 9.3884e-15 6.3541e-12 3.8018e-11 4.3210e-08 6.5529e-08 ] 1.0000e+00
 2.369e+01 8.3382e-08 8.3382e-08 [ 5.3222e-15 3.7058e-12 2.2299e-11 3.3117e-08 5.0239e-08 ] 1.0000e+00
 2.380e+01 6.3915e-08 6.3915e-08 [ 3.0165e-15 2.1612e-12 1.3079e-11 2.5383e-08 3.8516e-08 ] 1.0000e+00
 2.391e+01 4.8994e-08 4.8994e-08 [ 1.7094e-15 1.2604e-12 7.6709e-12 1.9456e-08 2.9529e-08 ] 1.0000e+00
 2.403e+01 3.7558e-08 3.7558e-08 [ 9.6847e-16 7.3500e-13 4.4991e-12 1.4914e-08 2.2639e-08 ] 1.0000e+00
 2.414e+01 2.8792e-08 2.8792e-08 [ 5.4860e-16 4.2861e-13 2.6388e-12 1.1433e-08 1.7356e-08 ] 1.0000e+00
 2.425e+01 2.2072e-08 2.2072e-08 [ 3.1069e-16 2.4994e-13 1.5476e-12 8.7641e-09 1.3306e-08 ] 1.0000e+00
 2.437e+01 1.6921e-08 1.6921e-08 [ 1.7592e-16 1.4574e-13 9.0768e-13 6.7185e-09 1.0201e-08 ] 1.0000e+00
 2.448e+01 1.2972e-08 1.2972e-08 [ 9.9594e-17 8.4981e-14 5.3235e-13 5.1504e-09 7.8207e-09 ] 1.0000e+00
 2.459e+01 9.9445e-09 9.9445e-09 [ 5.6371e-17 4.9551e-14 3.1221e-13 3.9484e-09 5.9958e-09 ] 1.0000e+00
 2.471e+01 7.6238e-09 7.6238e-09 [ 3.1900e-17 2.8891e-14 1.8311e-13 3.0269e-09 4.5967e-09 ] 1.0000e+00
 2.482e+01 5.8446e-09 5.8446e-09 [ 1.8048e-17 1.6845e-14 1.0739e-13 2.3205e-09 3.5240e-09 ] 1.0000e+00
 2.493e+01 4.4807e-09 4.4807e-09 [ 1.0209e-17 9.8212e-15 6.2978e-14 1.7789e-09 2.7017e-09 ] 1.0000e+00
 2.505e+01 3.4350e-09 3.4350e-09 [ 5.7739e-18 5.7259e-15 3.6934e-14 1.3638e-09 2.0712e-09 ] 1.0000e+00
 2.516e+01 2.6334e-09 2.6334e-09 [ 3.2647e-18 3.3382e-15 2.1660e-14 1.0455e-09 1.5879e-09 ] 1.0000e+00
 2.527e+01 2.0189e-09 2.0189e-09 [ 1.8456e-18 1.9461e-15 1.2702e-14 8.0149e-10 1.2174e-09 ] 1.0000e+00
 2.539e+01 1.5477e-09 1.5477e-09 [ 1.0431e-18 1.1345e-15 7.4492e-15 6.1444e-10 9.3328e-10 ] 1.0000e+00
 2.550e+01 1.1865e-09 1.1865e-09 [ 5.8946e-19 6.6136e-16 4.3685e-15 4.7104e-10 7.1549e-10 ] 1.0000e+00
 2.561e+01 9.0963e-10 9.0963e-10 [ 3.3302e-19 3.8552e-16 2.5618e-15 3.6111e-10 5.4852e-10 ] 1.0000e+00
 2.573e+01 6.9735e-10 6.9735e-10 [ 1.8811e-19 2.2473e-16 1.5023e-15 2.7683e-10 4.2052e-10 ] 1.0000e+00
 2.584e+01 5.3461e-10 5.3461e-10 [ 1.0623e-19 1.3099e-16 8.8097e-16 2.1223e-10 3.2238e-10 ] 1.0000e+00
 2.595e+01 4.0985e-10 4.0985e-10 [ 5.9977e-20 7.6353e-17 5.1661e-16 1.6270e-10 2.4715e-10 ] 1.0000e+00
 2.607e+01 3.1420e-10 3.1420e-10 [ 3.3856e-20 4.4503e-17 3.0294e-16 1.2473e-10 1.8947e-10 ] 1.0000e+00
 2.618e+01 2.4087e-10 2.4087e-10 [ 1.9107e-20 2.5938e-17 1.7764e-16 9.5617e-11 1.4526e-10 ] 1.0000e+00
 2.629e+01 1.8466e-10 1.8466e-10 [ 1.0781e-20 1.5117e-17 1.0417e-16 7.3301e-11 1.1136e-10 ] 1.0000e+00
 2.641e+01 1.4156e-10 1.4156e-10 [ 6.0816e-21 8.8106e-18 6.1082e-17 5.6193e-11 8.5370e-11 ] 1.0000e+00
 2.652e+01 1.0853e-10 1.0853e-10 [ 3.4300e-21 5.1347e-18 3.5817e-17 4.3079e-11 6.5447e-11 ] 1.0000e+00
 2.663e+01 8.3198e-11 8.3198e-11 [ 1.9341e-21 2.9924e-18 2.1002e-17 3.3024e-11 5.0174e-11 ] 1.0000e+00
 2.675e+01 6.3781e-11 6.3781e-11 [ 1.0903e-21 1.7438e-18 1.2315e-17 2.5317e-11 3.8464e-11 ] 1.0000e+00
 2.686e+01 4.8896e-11 4.8896e-11 [ 6.1452e-22 1.0162e-18 7.2209e-18 1.9408e-11 2.9488e-11 ] 1.0000e+00
 2.697e+01 3.7484e-11 3.7484e-11 [ 3.4627e-22 5.9216e-19 4.2340e-18 1.4878e-11 2.2606e-11 ] 1.0000e+00
 2.709e+01 2.8736e-11 2.8736e-11 [ 1.9508e-22 3.4505e-19 2.4826e-18 1.1406e-11 1.7330e-11 ] 1.0000e+00
 2.720e+01 2.2029e-11 2.2029e-11 [ 1.0987e-22 2.0106e-19 1.4556e-18 8.7437e-12 1.3286e-11 ] 1.0000e+00
 2.731e+01 1.6888e-11 1.6888e-11 [ 6.1870e-23 1.1715e-19 8.5347e-19 6.7029e-12 1.0185e-11 ] 1.0000e+00
 2.743e+01 1.2946e-11 1.2946e-11 [ 3.4831e-23 6.8257e-20 5.0041e-19 5.1384e-12 7.8080e-12 ] 1.0000e+00
 2.754e+01 9.9249e-12 9.9249e-12 [ 1.9605e-23 3.9769e-20 2.9340e-19 3.9391e-12 5.9857e-12 ] 1.0000e+00
 2.765e+01 7.6085e-12 7.6085e-12 [ 1.1032e-23 2.3170e-20 1.7202e-19 3.0197e-12 4.5887e-12 ] 1.0000e+00
 2.777e+01 5.8327e-12 5.8327e-12 [ 6.2063e-24 1.3499e-20 1.0086e-19 2.3149e-12 3.5178e-12 ] 1.0000e+00
 2.788e+01 4.4714e-12 4.4714e-12 [ 3.4908e-24 7.8639e-21 5.9133e-20 1.7746e-12 2.6968e-12 ] 1.0000e+00
 2.799e+01 3.4278e-12 3.4278e-12 [ 1.9629e-24 4.5812e-21 3.4669e-20 1.3604e-12 2.0674e-12 ] 1.0000e+00
 2.811e+01 2.6277e-12 2.6277e-12 [ 1.1035e-24 2.6687e-21 2.0326e-20 1.0429e-12 1.5849e-12 ] 1.0000e+00
 2.822e+01 2.0144e-12 2.0144e-12 [ 6.2023e-25 1.5546e-21 1.1917e-20 7.9944e-13 1.2150e-12 ] 1.0000e+00
 2.833e+01 1.5442e-12 1.5442e-12 [ 3.4852e-25 9.0555e-22 6.9864e-21 6.1284e-13 9.3140e-13 ] 1.0000e+00
 2.845e+01 1.1838e-12 1.1838e-12 [ 1.9579e-25 5.2747e-22 4.0959e-21 4.6979e-13 7.1401e-13 ] 1.0000e+00
 2.856e+01 9.0750e-13 9.0750e-13 [ 1.0996e-25 3.0723e-22 2.4012e-21 3.6014e-13 5.4736e-13 ] 1.0000e+00
 2.867e+01 6.9568e-13 6.9568e-13 [ 6.1745e-26 1.7895e-22 1.4077e-21 2.7607e-13 4.1961e-13 ] 1.0000e+00
 2.879e+01 5.3331e-13 5.3331e-13 [ 3.4662e-26 1.0422e-22 8.2527e-22 2.1163e-13 3.2167e-13 ] 1.0000e+00
 2.890e+01 4.0883e-13 4.0883e-13 [ 1.9453e-26 6.0700e-23 4.8380e-22 1.6223e-13 2.4659e-13 ] 1.0000e+00
 2.901e+01 3.1340e-13 3.1340e-13 [ 1.0915e-26 3.5351e-23 2.8362e-22 1.2436e-13 1.8904e-13 ] 1.0000e+00
 2.913e+01 2.4025e-13 2.4025e-13 [ 6.1227e-27 2.0587e-23 1.6626e-22 9.5335e-14 1.4491e-13 ] 1.0000e+00
 2.924e+01 1.8417e-13 1.8417e-13 [ 3.4337e-27 1.1989e-23 9.7466e-23 7.3081e-14 1.1109e-13 ] 1.0000e+00
 2.935e+01 1.4118e-13 1.4118e-13 [ 1.9251e-27 6.9816e-24 5.7136e-23 5.6022e-14 8.5161e-14 ] 1.0000e+00
 2.947e+01 1.0823e-13 1.0823e-13 [ 1.0791e-27 4.0655e-24 3.3493e-23 4.2945e-14 6.5283e-14 ] 1.0000e+00
 2.958e+01 8.2966e-14 8.2966e-14 [ 6.0470e-28 2.3673e-24 1.9633e-23 3.2920e-14 5.0045e-14 ] 1.0000e+00
 2.969e+01 6.3600e-14 6.3600e-14 [ 3.3878e-28 1.3784e-24 1.1509e-23 2.5236e-14 3.8364e-14 ] 1.0000e+00
 2.981e+01 4.8754e-14 4.8754e-14 [ 1.8975e-28 8.0258e-25 6.7463e-24 1.9345e-14 2.9409e-14 ] 1.0000e+00
 2.992e+01 3.7374e-14 3.7374e-14 [ 1.0625e-28 4.6729e-25 3.9545e-24 1.4829e-14 2.2545e-14 ] 1.0000e+00
 3.003e+01 2.8650e-14 2.8650e-14 [ 5.9478e-29 2.7206e-25 2.3180e-24 1.1367e-14 1.7282e-14 ] 1.0000e+00
 3.015e+01 2.1962e-14 2.1962e-14 [ 3.3287e-29 1.5839e-25 1.3587e-24 8.7138e-15 1.3248e-14 ] 1.0000e+00
 3.026e+01 1.6836e-14 1.6836e-14 [ 1.8624e-29 9.2212e-26 7.9641e-25 6.6797e-15 1.0156e-14 ] 1.0000e+00
 3.037e+01 1.2906e-14 1.2906e-14 [ 1.0418e-29 5.3682e-26 4.6681e-25 5.1203e-15 7.7853e-15 ] 1.0000e+00
 3.049e+01 9.8930e-15 9.8930e-15 [ 5.8257e-30 3.1250e-26 2.7362e-25 3.9250e-15 5.9680e-15 ] 1.0000e+00
 3.060e+01 7.5837e-15 7.5837e-15 [ 3.2569e-30 1.8191e-26 1.6037e-25 3.0088e-15 4.5749e-15 ] 1.0000e+00
 3.071e+01 5.8134e-15 5.8134e-15 [ 1.8203e-30 1.0589e-26 9.3999e-26 2.3064e-15 3.5070e-15 ] 1.0000e+00
 3.083e+01 4.4563e-15 4.4563e-15 [ 1.0171e-30 6.1635e-27 5.5095e-26 1.7680e-15 2.6884e-15 ] 1.0000e+00
 3.094e+01 3.4160e-15 3.4160e-15 [ 5.6818e-31 3.5875e-27 3.2291e-26 1.3552e-15 2.0608e-15 ] 1.0000e+00
 3.105e+01 2.6186e-15 2.6186e-15 [ 3.1730e-31 2.0880e-27 1.8926e-26 1.0388e-15 1.5798e-15 ] 1.0000e+00
 3.117e+01 2.0073e-15 2.0073e-15 [ 1.7715e-31 1.2153e-27 1.1092e-26 7.9632e-16 1.2110e-15 ] 1.0000e+00
 3.128e+01 1.5387e-15 1.5387e-15 [ 9.8876e-32 7.0727e-28 6.5012e-27 6.1042e-16 9.2830e-16 ] 1.0000e+00
 3.139e+01 1.1795e-15 1.1795e-15 [ 5.5172e-32 4.1161e-28 3.8102e-27 4.6791e-16 7.1160e-16 ] 1.0000e+00
 3.151e+01 9.0416e-16 9.0416e-16 [ 3.0777e-32 2.3954e-28 2.2331e-27 3.5867e-16 5.4548e-16 ] 1.0000e+00
 3.162e+01 6.9308e-16 6.9308e-16 [ 1.7164e-32 1.3939e-28 1.3087e-27 2.7494e-16 4.1814e-16 ] 1.0000e+00
 3.173e+01 5.3128e-16 5.3128e-16 [ 9.5692e-33 8.1114e-29 7.6698e-28 2.1075e-16 3.2053e-16 ] 1.0000e+00
 3.185e+01 4.0725e-16 4.0725e-16 [ 5.3336e-33 4.7199e-29 4.4949e-28 1.6155e-16 2.4571e-16 ] 1.0000e+00
 3.196e+01 3.1218e-16 3.1218e-16 [ 2.9719e-33 2.7463e-29 2.6342e-28 1.2383e-16 1.8835e-16 ] 1.0000e+00
 3.207e+01 2.3930e-16 2.3930e-16 [ 1.6555e-33 1.5979e-29 1.5437e-28 9.4921e-17 1.4438e-16 ] 1.0000e+00
 3.219e+01 1.8343e-16 1.8343e-16 [ 9.2193e-34 9.2972e-30 9.0467e-29 7.2760e-17 1.1067e-16 ] 1.0000e+00
 3.230e+01 1.4061e-16 1.4061e-16 [ 5.1326e-34 5.4091e-30 5.3016e-29 5.5773e-17 8.4836e-17 ] 1.0000e+00
 3.241e+01 1.0778e-16 1.0778e-16 [ 2.8566e-34 3.1469e-30 3.1068e-29 4.2751e-17 6.5031e-17 ] 1.0000e+00
 3.253e+01 8.2619e-17 8.2619e-17 [ 1.5894e-34 1.8307e-30 1.8206e-29 3.2770e-17 4.9849e-17 ] 1.0000e+00
 3.264e+01 6.3331e-17 6.3331e-17 [ 8.8412e-35 1.0650e-30 1.0669e-29 2.5119e-17 3.8212e-17 ] 1.0000e+00
 3.275e+01 4.8545e-17 4.8545e-17 [ 4.9164e-35 6.1953e-31 6.2517e-30 1.9254e-17 2.9291e-17 ] 1.0000e+00
 3.287e+01 3.7211e-17 3.7211e-17 [ 2.7331e-35 3.6038e-31 3.6634e-30 1.4759e-17 2.2453e-17 ] 1.0000e+00
 3.298e+01 2.8524e-17 2.8524e-17 [ 1.5189e-35 2.0962e-31 2.1467e-30 1.1313e-17 1.7211e-17 ] 1.0000e+00
 3.309e+01 2.1864e-17 2.1864e-17 [ 8.4387e-36 1.2193e-31 1.2579e-30 8.6715e-18 1.3193e-17 ] 1.0000e+00
 3.321e+01 1.6760e-17 1.6760e-17 [ 4.6870e-36 7.0915e-32 7.3706e-31 6.6468e-18 1.0113e-17 ] 1.0000e+00
 3.332e+01 1.2847e-17 1.2847e-17 [ 2.6024e-36 4.1245e-32 4.3188e-31 5.0949e-18 7.7517e-18 ] 1.0000e+00
 3.343e+01 9.8472e-18 9.8472e-18 [ 1.4446e-36 2.3987e-32 2.5306e-31 3.9053e-18 5.9419e-18 ] 1.0000e+00
 3.355e+01 7.5481e-18 7.5481e-18 [ 8.0160e-37 1.3950e-32 1.4828e-31 2.9934e-18 4.5547e-18 ] 1.0000e+00
 3.366e+01 5.7858e-18 5.7858e-18 [ 4.4468e-37 8.1124e-33 8.6879e-32 2.2945e-18 3.4913e-18 ] 1.0000e+00
 3.377e+01 4.4349e-18 4.4349e-18 [ 2.4661e-37 4.7175e-33 5.0904e-32 1.7587e-18 2.6762e-18 ] 1.0000e+00
 3.389e+01 3.3994e-18 3.3994e-18 [ 1.3672e-37 2.7432e-33 2.9826e-32 1.3481e-18 2.0513e-18 ] 1.0000e+00
 3.400e+01 2.6057e-18 2.6057e-18 [ 7.5773e-38 1.5951e-33 1.7475e-32 1.0333e-18 1.5724e-18 ] 1.0000e+00
 3.411e+01 1.9973e-18 1.9973e-18 [ 4.1982e-38 9.2744e-34 1.0239e-32 7.9203e-19 1.2053e-18 ] 1.0000e+00
 3.423e+01 1.5310e-18 1.5310e-18 [ 2.3253e-38 5.3924e-34 5.9986e-33 6.0709e-19 9.2387e-19 ] 1.0000e+00
 3.434e+01 1.1735e-18 1.1735e-18 [ 1.2875e-38 3.1351e-34 3.5145e-33 4.6534e-19 7.0817e-19 ] 1.0000e+00
 3.445e+01 8.9950e-19 8.9950e-19 [ 7.1269e-39 1.8227e-34 2.0590e-33 3.5668e-19 5.4282e-19 ] 1.0000e+00
 3.457e+01 6.8947e-19 6.8947e-19 [ 3.9437e-39 1.0596e-34 1.2063e-33 2.7339e-19 4.1608e-19 ] 1.0000e+00
 3.468e+01 5.2848e-19 5.2848e-19 [ 2.1816e-39 6.1599e-35 7.0674e-34 2.0955e-19 3.1893e-19 ] 1.0000e+00
 3.479e+01 4.0508e-19 4.0508e-19 [ 1.2064e-39 3.5808e-35 4.1404e-34 1.6062e-19 2.4446e-19 ] 1.0000e+00
 3.491e+01 3.1050e-19 3.1050e-19 [ 6.6694e-40 2.0814e-35 2.4256e-34 1.2311e-19 1.8738e-19 ] 1.0000e+00
 3.502e+01 2.3799e-19 2.3799e-19 [ 3.6858e-40 1.2099e-35 1.4210e-34 9.4364e-20 1.4363e-19 ] 1.0000e+00
 3.513e+01 1.8242e-19 1.8242e-19 [ 2.0363e-40 7.0321e-36 8.3247e-35 7.2329e-20 1.1009e-19 ] 1.0000e+00
 3.525e+01 1.3983e-19 1.3983e-19 [ 1.1246e-40 4.0871e-36 4.8768e-35 5.5439e-20 8.4387e-20 ] 1.0000e+00
 3.536e+01 1.0718e-19 1.0718e-19 [ 6.2091e-41 2.3754e-36 2.8569e-35 4.2493e-20 6.4683e-20 ] 1.0000e+00
 3.547e+01 8.2149e-20 8.2149e-20 [ 3.4269e-41 1.3805e-36 1.6736e-35 3.2570e-20 4.9580e-20 ] 1.0000e+00
 3.559e+01 6.2966e-20 6.2966e-20 [ 1.8908e-41 8.0225e-37 9.8038e-36 2.4964e-20 3.8003e-20 ] 1.0000e+00
 3.570e+01 4.8263e-20 4.8263e-20 [ 1.0429e-41 4.6620e-37 5.7430e-36 1.9134e-20 2.9129e-20 ] 1.0000e+00
 3.581e+01 3.6993e-20 3.6993e-20 [ 5.7502e-42 2.7090e-37 3.3642e-36 1.4666e-20 2.2327e-20 ] 1.0000e+00
 3.593e+01 2.8354e-20 2.8354e-20 [ 3.1694e-42 1.5741e-37 1.9707e-36 1.1241e-20 1.7114e-20 ] 1.0000e+00
 3.604e+01 2.1733e-20 2.1733e-20 [ 1.7464e-42 9.1462e-38 1.1544e-36 8.6158e-21 1.3117e-20 ] 1.0000e+00
 3.615e+01 1.6658e-20 1.6658e-20 [ 9.6194e-43 5.3141e-38 6.7620e-37 6.6037e-21 1.0054e-20 ] 1.0000e+00
 3.627e+01 1.2768e-20 1.2768e-20 [ 5.2967e-43 3.0874e-38 3.9610e-37 5.0615e-21 7.7065e-21 ] 1.0000e+00
 3.638e+01 9.7864e-21 9.7864e-21 [ 2.9156e-43 1.7937e-38 2.3202e-37 3.8795e-21 5.9069e-21 ] 1.0000e+00
 3.649e+01 7.5010e-21 7.5010e-21 [ 1.6043e-43 1.0420e-38 1.3591e-37 2.9735e-21 4.5276e-21 ] 1.0000e+00
 3.661e+01 5.7493e-21 5.7493e-21 [ 8.8248e-44 6.0533e-39 7.9616e-38 2.2790e-21 3.4703e-21 ] 1.0000e+00
 3.672e+01 4.4067e-21 4.4067e-21 [ 4.8526e-44 3.5163e-39 4.6638e-38 1.7468e-21 2.6599e-21 ] 1.0000e+00
 3.683e+01 3.3776e-21 3.3776e-21 [ 2.6674e-44 2.0425e-39 2.7321e-38 1.3388e-21 2.0388e-21 ] 1.0000e+00
 3.695e+01 2.5888e-21 2.5888e-21 [ 1.4657e-44 1.1863e-39 1.6006e-38 1.0261e-21 1.5627e-21 ] 1.0000e+00
 3.706e+01 1.9842e-21 1.9842e-21 [ 8.0514e-45 6.8904e-40 9.3773e-39 7.8649e-22 1.1977e-21 ] 1.0000e+00
 3.717e+01 1.5208e-21 1.5208e-21 [ 4.4211e-45 4.0019e-40 5.4943e-39 6.0280e-22 9.1803e-22 ] 1.0000e+00
 3.729e+01 1.1657e-21 1.1657e-21 [ 2.4268e-45 2.3241e-40 3.2196e-39 4.6202e-22 7.0364e-22 ] 1.0000e+00
 3.740e+01 8.9343e-22 8.9343e-22 [ 1.3317e-45 1.3497e-40 1.8869e-39 3.5411e-22 5.3932e-22 ] 1.0000e+00
 3.751e+01 6.8478e-22 6.8478e-22 [ 7.3047e-46 7.8378e-41 1.1061e-39 2.7141e-22 4.1337e-22 ] 1.0000e+00
 3.763e+01 5.2485e-22 5.2485e-22 [ 4.0054e-46 4.5513e-41 6.4853e-40 2.0802e-22 3.1683e-22 ] 1.0000e+00
 3.774e+01 4.0227e-22 4.0227e-22 [ 2.1956e-46 2.6427e-41 3.8039e-40 1.5943e-22 2.4284e-22 ] 1.0000e+00
 3.785e+01 3.0832e-22 3.0832e-22 [ 1.2030e-46 1.5344e-41 2.2322e-40 1.2219e-22 1.8613e-22 ] 1.0000e+00
 3.797e+01 2.3631e-22 2.3631e-22 [ 6.5896e-47 8.9090e-42 1.3107e-40 9.3654e-23 1.4266e-22 ] 1.0000e+00
 3.808e+01 1.8112e-22 1.8112e-22 [ 3.6082e-47 5.1723e-42 7.7017e-41 7.1779e-23 1.0934e-22 ] 1.0000e+00
 3.819e+01 1.3882e-22 1.3882e-22 [ 1.9749e-47 3.0028e-42 4.5303e-41 5.5014e-23 8.3805e-23 ] 1.0000e+00
 3.831e+01 1.0640e-22 1.0640e-22 [ 1.0806e-47 1.7432e-42 2.6683e-41 4.2164e-23 6.4233e-23 ] 1.0000e+00
 3.842e+01 8.1547e-23 8.1547e-23 [ 5.9103e-48 1.0119e-42 1.5743e-41 3.2316e-23 4.9231e-23 ] 1.0000e+00
 3.853e+01 6.2501e-23 6.2501e-23 [ 3.2315e-48 5.8738e-43 9.3091e-42 2.4768e-23 3.7733e-23 ] 1.0000e+00
 3.865e+01 4.7903e-23 4.7903e-23 [ 1.7662e-48 3.4094e-43 5.5201e-42 1.8982e-23 2.8920e-23 ] 1.0000e+00
 3.876e+01 3.6714e-23 3.6714e-23 [ 9.6495e-49 1.9788e-43 3.2851e-42 1.4549e-23 2.2166e-23 ] 1.0000e+00
 3.887e+01 2.8139e-23 2.8139e-23 [ 5.2700e-49 1.1485e-43 1.9639e-42 1.1150e-23 1.6989e-23 ] 1.0000e+00
 3.899e+01 2.1567e-23 2.1567e-23 [ 2.8771e-49 6.6654e-44 1.1808e-42 8.5457e-24 1.3021e-23 ] 1.0000e+00
 3.910e+01 1.6529e-23 1.6529e-23 [ 1.5702e-49 3.8681e-44 7.1493e-43 6.5496e-24 9.9797e-24 ] 1.0000e+00
 3.921e+01 1.2668e-23 1.2668e-23 [ 8.5658e-50 2.2447e-44 4.3661e-43 5.0197e-24 7.6488e-24 ] 1.0000e+00
 3.933e+01 9.7094e-24 9.7094e-24 [ 4.6712e-50 1.3025e-44 2.6941e-43 3.8471e-24 5.8623e-24 ] 1.0000e+00
 3.944e+01 7.4415e-24 7.4415e-24 [ 2.5464e-50 7.5578e-45 1.6825e-43 2.9485e-24 4.4931e-24 ] 1.0000e+00
 3.955e+01 5.7033e-24 5.7033e-24 [ 1.3876e-50 4.3851e-45 1.0655e-43 2.2597e-24 3.4436e-24 ] 1.0000e+00
 3.967e+01 4.3711e-24 4.3711e-24 [ 7.5582e-51 2.5442e-45 6.8523e-44 1.7318e-24 2.6393e-24 ] 1.0000e+00
 3.978e+01 3.3501e-24 3.3501e-24 [ 4.1155e-51 1.4760e-45 4.4809e-44 1.3273e-24 2.0228e-24 ] 1.0000e+00
 3.989e+01 2.5676e-24 2.5676e-24 [ 2.2400e-51 8.5630e-46 2.9818e-44 1.0172e-24 1.5503e-24 ] 1.0000e+00
 4.001e+01 1.9678e-24 1.9678e-24 [ 1.2188e-51 4.9674e-46 2.0194e-44 7.7960e-25 1.1882e-24 ] 1.0000e+00
 4.012e+01 1.5081e-24 1.5081e-24 [ 6.6286e-52 2.8814e-46 1.3913e-44 5.9748e-25 9.1066e-25 ] 1.0000e+00
 4.023e+01 1.1559e-24 1.1559e-24 [ 3.6037e-52 1.6714e-46 9.7415e-45 4.5791e-25 6.9795e-25 ] 1.0000e+00
 4.035e+01 8.8585e-25 8.8585e-25 [ 1.9585e-52 9.6941e-47 6.9218e-45 3.5093e-25 5.3492e-25 ] 1.0000e+00
 4.046e+01 6.7892e-25 6.7892e-25 [ 1.0639e-52 5.6224e-47 4.9827e-45 2.6895e-25 4.0997e-25 ] 1.0000e+00
 4.057e+01 5.2032e-25 5.2032e-25 [ 5.7774e-53 3.2608e-47 3.6272e-45 2.0612e-25 3.1420e-25 ] 1.0000e+00
 4.069e+01 3.9878e-25 3.9878e-25 [ 3.1361e-53 1.8910e-47 2.6655e-45 1.5797e-25 2.4081e-25 ] 1.0000e+00
 4.080e+01 3.0562e-25 3.0562e-25 [ 1.7016e-53 1.0966e-47 1.9741e-45 1.2106e-25 1.8456e-25 ] 1.0000e+00
 4.091e+01 2.3423e-25 2.3423e-25 [ 9.2295e-54 6.3587e-48 1.4713e-45 9.2780e-26 1.4145e-25 ] 1.0000e+00
 4.103e+01 1.7951e-25 1.7951e-25 [ 5.0040e-54 3.6870e-48 1.1020e-45 7.1105e-26 1.0840e-25 ] 1.0000e+00
 4.114e+01 1.3757e-25 1.3757e-25 [ 2.7120e-54 2.1377e-48 8.2877e-46 5.4493e-26 8.3081e-26 ] 1.0000e+00
 4.125e+01 1.0543e-25 1.0543e-25 [ 1.4692e-54 1.2394e-48 6.2520e-46 4.1762e-26 6.3673e-26 ] 1.0000e+00
 4.137e+01 8.0803e-26 8.0803e-26 [ 7.9562e-55 7.1854e-49 4.7276e-46 3.2005e-26 4.8799e-26 ] 1.0000e+00
 4.148e+01 6.1926e-26 6.1926e-26 [ 4.3068e-55 4.1655e-49 3.5813e-46 2.4528e-26 3.7399e-26 ] 1.0000e+00
 4.159e+01 4.7459e-26 4.7459e-26 [ 2.3304e-55 2.4146e-49 2.7167e-46 1.8797e-26 2.8662e-26 ] 1.0000e+00
 4.171e+01 3.6372e-26 3.6372e-26 [ 1.2604e-55 1.3997e-49 2.0630e-46 1.4405e-26 2.1966e-26 ] 1.0000e+00
 4.182e+01 2.7874e-26 2.7874e-26 [ 6.8146e-56 8.1127e-50 1.5676e-46 1.1040e-26 1.6835e-26 ] 1.0000e+00
 4.193e+01 2.1362e-26 2.1362e-26 [ 3.6829e-56 4.7020e-50 1.1919e-46 8.4603e-27 1.2902e-26 ] 1.0000e+00
 4.205e+01 1.6371e-26 1.6371e-26 [ 1.9896e-56 2.7251e-50 9.0646e-47 6.4836e-27 9.8878e-27 ] 1.0000e+00
 4.216e+01 1.2547e-26 1.2547e-26 [ 1.0744e-56 1.5793e-50 6.8954e-47 4.9688e-27 7.5778e-27 ] 1.0000e+00
 4.227e+01 9.6153e-27 9.6153e-27 [ 5.7991e-57 9.1517e-51 5.2458e-47 3.8078e-27 5.8074e-27 ] 1.0000e+00
 4.239e+01 7.3688e-27 7.3688e-27 [ 3.1289e-57 5.3031e-51 3.9908e-47 2.9181e-27 4.4507e-27 ] 1.0000e+00
 4.250e+01 5.6472e-27 5.6472e-27 [ 1.6875e-57 3.0728e-51 3.0359e-47 2.2363e-27 3.4109e-27 ] 1.0000e+00
 4.261e+01 4.3278e-27 4.3278e-27 [ 9.0977e-58 1.7804e-51 2.3091e-47 1.7138e-27 2.6140e-27 ] 1.0000e+00
 4.273e+01 3.3166e-27 3.3166e-27 [ 4.9026e-58 1.0315e-51 1.7561e-47 1.3133e-27 2.0033e-27 ] 1.0000e+00
 4.284e+01 2.5417e-27 2.5417e-27 [ 2.6409e-58 5.9757e-52 1.3352e-47 1.0065e-27 1.5353e-27 ] 1.0000e+00
 4.295e+01 1.9478e-27 1.9478e-27 [ 1.4219e-58 3.4618e-52 1.0150e-47 7.7128e-28 1.1766e-27 ] 1.0000e+00
 4.307e+01 1.4927e-27 1.4927e-27 [ 7.6531e-59 2.0053e-52 7.7134e-48 5.9106e-28 9.0167e-28 ] 1.0000e+00
 4.318e+01 1.1440e-27 1.1440e-27 [ 4.1173e-59 1.1615e-52 5.8601e-48 4.5295e-28 6.9101e-28 ] 1.0000e+00
 4.329e+01 8.7667e-28 8.7667e-28 [ 2.2141e-59 6.7276e-53 4.4507e-48 3.4711e-28 5.2956e-28 ] 1.0000e+00
 4.341e+01 6.7183e-28 6.7183e-28 [ 1.1902e-59 3.8965e-53 3.3791e-48 2.6600e-28 4.0583e-28 ] 1.0000e+00
 4.352e+01 5.1485e-28 5.1485e-28 [ 6.3949e-60 2.2566e-53 2.5646e-48 2.0384e-28 3.1101e-28 ] 1.0000e+00
 4.363e+01 3.9455e-28 3.9455e-28 [ 3.4346e-60 1.3068e-53 1.9457e-48 1.5621e-28 2.3834e-28 ] 1.0000e+00
 4.375e+01 3.0236e-28 3.0236e-28 [ 1.8439e-60 7.5672e-54 1.4755e-48 1.1971e-28 1.8265e-28 ] 1.0000e+00
 4.386e+01 2.3171e-28 2.3171e-28 [ 9.8947e-61 4.3817e-54 1.1185e-48 9.1732e-29 1.3997e-28 ] 1.0000e+00
 4.397e+01 1.7756e-28 1.7756e-28 [ 5.3075e-61 2.5370e-54 8.4752e-49 7.0296e-29 1.0727e-28 ] 1.0000e+00
 4.409e+01 1.3607e-28 1.3607e-28 [ 2.8457e-61 1.4689e-54 6.4189e-49 5.3869e-29 8.2204e-29 ] 1.0000e+00
 4.420e+01 1.0428e-28 1.0428e-28 [ 1.5251e-61 8.5037e-55 4.8591e-49 4.1280e-29 6.2996e-29 ] 1.0000e+00
 4.431e+01 7.9909e-29 7.9909e-29 [ 8.1703e-62 4.9228e-55 3.6765e-49 3.1633e-29 4.8276e-29 ] 1.0000e+00
 4.443e+01 6.1236e-29 6.1236e-29 [ 4.3750e-62 2.8496e-55 2.7803e-49 2.4241e-29 3.6996e-29 ] 1.0000e+00
 4.454e+01 4.6927e-29 4.6927e-29 [ 2.3417e-62 1.6494e-55 2.1014e-49 1.8576e-29 2.8351e-29 ] 1.0000e+00
 4.465e+01 3.5961e-29 3.5961e-29 [ 1.2528e-62 9.5469e-56 1.5873e-49 1.4234e-29 2.1726e-29 ] 1.0000e+00
 4.477e+01 2.7557e-29 2.7557e-29 [ 6.7000e-63 5.5254e-56 1.1983e-49 1.0908e-29 1.6649e-29 ] 1.0000e+00
 4.488e+01 2.1117e-29 2.1117e-29 [ 3.5815e-63 3.1977e-56 9.0410e-50 8.3586e-30 1.2759e-29 ] 1.0000e+00
 4.499e+01 1.6182e-29 1.6182e-29 [ 1.9136e-63 1.8505e-56 6.8167e-50 6.4051e-30 9.7773e-30 ] 1.0000e+00
 4.511e+01 1.2401e-29 1.2401e-29 [ 1.0220e-63 1.0708e-56 5.1361e-50 4.9081e-30 7.4926e-30 ] 1.0000e+00
 4.522e+01 9.5027e-30 9.5027e-30 [ 5.4562e-64 6.1957e-57 3.8671e-50 3.7610e-30 5.7417e-30 ] 1.0000e+00
 4.533e+01 7.2819e-30 7.2819e-30 [ 2.9115e-64 3.5847e-57 2.9095e-50 2.8819e-30 4.3999e-30 ] 1.0000e+00
 4.545e+01 5.5801e-30 5.5801e-30 [ 1.5529e-64 2.0739e-57 2.1873e-50 2.2084e-30 3.3717e-30 ] 1.0000e+00
 4.556e+01 4.2760e-30 4.2760e-30 [ 8.2793e-65 1.1998e-57 1.6430e-50 1.6922e-30 2.5838e-30 ] 1.0000e+00
 4.567e+01 3.2766e-30 3.2766e-30 [ 4.4121e-65 6.9405e-58 1.2331e-50 1.2966e-30 1.9800e-30 ] 1.0000e+00
 4.579e+01 2.5108e-30 2.5108e-30 [ 2.3502e-65 4.0147e-58 9.2464e-51 9.9355e-31 1.5173e-30 ] 1.0000e+00
 4.590e+01 1.9240e-30 1.9240e-30 [ 1.2513e-65 2.3221e-58 6.9269e-51 7.6129e-31 1.1627e-30 ] 1.0000e+00
 4.601e+01 1.4743e-30 1.4743e-30 [ 6.6597e-66 1.3430e-58 5.1841e-51 5.8332e-31 8.9096e-31 ] 1.0000e+00
 4.613e+01 1.1297e-30 1.1297e-30 [ 3.5427e-66 7.7670e-59 3.8757e-51 4.4694e-31 6.8274e-31 ] 1.0000e+00
 4.624e+01 8.6562e-31 8.6562e-31 [ 1.8837e-66 4.4916e-59 2.8943e-51 3.4244e-31 5.2318e-31 ] 1.0000e+00
 4.635e+01 6.6327e-31 6.6327e-31 [ 1.0012e-66 2.5973e-59 2.1589e-51 2.6236e-31 4.0091e-31 ] 1.0000e+00
 4.647e+01 5.0821e-31 5.0821e-31 [ 5.3187e-67 1.5018e-59 1.6084e-51 2.0100e-31 3.0721e-31 ] 1.0000e+00
 4.658e+01 3.8939e-31 3.8939e-31 [ 2.8243e-67 8.6830e-60 1.1967e-51 1.5398e-31 2.3541e-31 ] 1.0000e+00
 4.669e+01 2.9834e-31 2.9834e-31 [ 1.4990e-67 5.0200e-60 8.8910e-52 1.1795e-31 1.8039e-31 ] 1.0000e+00
 4.681e+01 2.2857e-31 2.2857e-31 [ 7.9529e-68 2.9021e-60 6.5961e-52 9.0344e-32 1.3823e-31 ] 1.0000e+00
 4.692e+01 1.7511e-31 1.7511e-31 [ 4.2173e-68 1.6776e-60 4.8858e-52 6.9189e-32 1.0592e-31 ] 1.0000e+00
 4.703e+01 1.3415e-31 1.3415e-31 [ 2.2354e-68 9.6968e-61 3.6128e-52 5.2979e-32 8.1167e-32 ] 1.0000e+00
 4.715e+01 1.0275e-31 1.0275e-31 [ 1.1843e-68 5.6046e-61 2.6667e-52 4.0558e-32 6.2196e-32 ] 1.0000e+00
 4.726e+01 7.8699e-32 7.8699e-32 [ 6.2718e-69 3.2392e-61 1.9645e-52 3.1041e-32 4.7659e-32 ] 1.0000e+00
 4.737e+01 6.0267e-32 6.0267e-32 [ 3.3198e-69 1.8719e-61 1.4441e-52 2.3748e-32 3.6519e-32 ] 1.0000e+00
 4.749e+01 4.6143e-32 4.6143e-32 [ 1.7565e-69 1.0817e-61 1.0591e-52 1.8160e-32 2.7983e-32 ] 1.0000e+00
 4.760e+01 3.5320e-32 3.5320e-32 [ 9.2888e-70 6.2505e-62 7.7485e-53 1.3878e-32 2.1442e-32 ] 1.0000e+00
 4.771e+01 2.7027e-32 2.7027e-32 [ 4.9100e-70 3.6114e-62 5.6532e-53 1.0597e-32 1.6430e-32 ] 1.0000e+00
 4.783e+01 2.0672e-32 2.0672e-32 [ 2.5941e-70 2.0864e-62 4.1120e-53 8.0832e-33 1.2589e-32 ] 1.0000e+00
 4.794e+01 1.5802e-32 1.5802e-32 [ 1.3699e-70 1.2052e-62 2.9810e-53 6.1570e-33 9.6455e-33 ] 1.0000e+00
 4.805e+01 1.2071e-32 1.2071e-32 [ 7.2308e-71 6.9614e-63 2.1530e-53 4.6811e-33 7.3898e-33 ] 1.0000e+00
 4.817e+01 9.2113e-33 9.2113e-33 [ 3.8146e-71 4.0202e-63 1.5485e-53 3.5504e-33 5.6609e-33 ] 1.0000e+00
 4.828e+01 7.0197e-33 7.0197e-33 [ 2.0112e-71 2.3211e-63 1.1083e-53 2.6843e-33 4.3355e-33 ] 1.0000e+00
 4.839e+01 5.3400e-33 5.3400e-33 [ 1.0597e-71 1.3397e-63 7.8895e-54 2.0209e-33 3.3190e-33 ] 1.0000e+00
 4.851e+01 4.0522e-33 4.0522e-33 [ 5.5793e-72 7.7275e-64 5.5798e-54 1.5131e-33 2.5391e-33 ] 1.0000e+00
 4.862e+01 3.0648e-33 3.0648e-33 [ 2.9345e-72 4.4534e-64 3.9161e-54 1.1247e-33 1.9401e-33 ] 1.0000e+00
 4.873e+01 2.3071e-33 2.3071e-33 [ 1.5411e-72 2.5625e-64 2.7228e-54 8.2800e-34 1.4791e-33 ] 1.0000e+00
 4.885e+01 1.7254e-33 1.7254e-33 [ 8.0760e-73 1.4706e-64 1.8712e-54 6.0185e-34 1.1235e-33 ] 1.0000e+00
 4.896e+01 1.2781e-33 1.2781e-33 [ 4.2169e-73 8.4008e-65 1.2667e-54 4.3007e-34 8.4808e-34 ] 1.0000e+00
 4.907e+01 9.3374e-34 9.3374e-34 [ 2.1885e-73 4.7613e-65 8.4036e-55 3.0030e-34 6.3344e-34 ] 1.0000e+00
 4.919e+01 6.6793e-34 6.6793e-34 [ 1.1235e-73 2.6612e-65 5.4209e-55 2.0307e-34 4.6487e-34 ] 1.0000e+00
 4.930e+01 4.6234e-34 4.6234e-34 [ 5.6538e-74 1.4508e-65 3.3555e-55 1.3111e-34 3.3124e-34 ] 1.0000e+00
 4.941e+01 3.0330e-34 3.0330e-34 [ 2.7378e-74 7.5549e-66 1.9472e-55 7.8871e-35 2.2443e-34 ] 1.0000e+00
 4.953e+01 1.8115e-34 1.8115e-34 [ 1.2258e-74 3.5992e-66 1.0123e-55 4.2198e-35 1.3895e-34 ] 1.0000e+00
 4.964e+01 9.0032e-35 9.0032e-35 [ 4.5966e-75 1.4159e-66 4.2465e-56 1.8076e-35 7.1956e-35 ] 1.0000e+00
 4.975e+01 2.8343e-35 2.8343e-35 [ 1.0345e-75 3.2851e-67 1.0248e-56 4.4332e-36 2.3909e-35 ] 1.0000e+00
 4.987e+01 0.0000e+00 0.0000e+00 [ 0.0000e+00 0.0000e+00 0.0000e+00 0.0000e+00 0.0000e+00 ] 1.0000e+00
