 0.000e+00 0.0000e+00 0.0000e+00 [ 0.0000e+00 0.0000e+00 0.0000e+00 0.0000e+00 0.0000e+00 ] 1.0000e+00
 1.133e-01 6.4129e-02 6.4129e-02 [ 6.3720e-02 2.0346e-04 9.6518e-05 1.0040e-04 8.4140e-06 ] 9.3587e-01
 2.267e-01 1.1252e-01 1.1252e-01 [ 1.1091e-01 8.0608e-04 3.8237e-04 3.9769e-04 2.8957e-05 ] 8.8748e-01
 3.400e-01 1.6651e-01 1.6651e-01 [ 1.6295e-01 1.7840e-03 8.4616e-04 8.7841e-04 5.6877e-05 ] 8.3349e-01
 4.533e-01 2.1755e-01 2.1755e-01 [ 2.1138e-01 3.0978e-03 1.4691e-03 1.5210e-03 8.8264e-05 ] 7.8245e-01
 5.667e-01 2.6466e-01 2.6466e-01 [ 2.5532e-01 4.6957e-03 2.2264e-03 2.2975e-03 1.2016e-04 ] 7.3534e-01
 6.800e-01 3.0709e-01 3.0709e-01 [ 2.9416e-01 6.5193e-03 3.0902e-03 3.1765e-03 1.5064e-04 ] 6.9291e-01
 7.933e-01 3.4442e-01 3.4442e-01 [ 3.2758e-01 8.5092e-03 4.0322e-03 4.1264e-03 1.7871e-04 ] 6.5558e-01
 9.067e-01 3.7655e-01 3.7655e-01 [ 3.5559e-01 1.0611e-02 5.0262e-03 5.1182e-03 2.0400e-04 ] 6.2345e-01
 1.020e+00 4.0367e-01 4.0367e-01 [ 3.7849e-01 1.2778e-02 6.0501e-03 6.1275e-03 2.2659e-04 ] 5.9633e-01
 1.133e+00 4.2617e-01 4.2617e-01 [ 3.9673e-01 1.4974e-02 7.0865e-03 7.1356e-03 2.4674e-04 ] 5.7383e-01
 1.247e+00 4.4457e-01 4.4457e-01 [ 4.1088e-01 1.7173e-02 8.1230e-03 8.1292e-03 2.6483e-04 ] 5.5542e-01
 1.360e+00 4.5946e-01 4.5946e-01 [ 4.2157e-01 1.9359e-02 9.1512e-03 9.0996e-03 2.8122e-04 ] 5.4053e-01
 1.473e+00 4.7141e-01 4.7141e-01 [ 4.2938e-01 2.1521e-02 1.0166e-02 1.0042e-02 2.9625e-04 ] 5.2859e-01
 1.587e+00 4.8093e-01 4.8093e-01 [ 4.3484e-01 2.3654e-02 1.1166e-02 1.0954e-02 3.1018e-04 ] 5.1907e-01
 1.700e+00 4.8849e-01 4.8849e-01 [ 4.3842e-01 2.5758e-02 1.2149e-02 1.1836e-02 3.2325e-04 ] 5.1151e-01
 1.813e+00 4.9448e-01 4.9448e-01 [ 4.4050e-01 2.7834e-02 1.3117e-02 1.2689e-02 3.3563e-04 ] 5.0552e-01
 1.927e+00 4.9923e-01 4.9923e-01 [ 4.4141e-01 2.9885e-02 1.4070e-02 1.3513e-02 3.4745e-04 ] 5.0077e-01
 2.040e+00 5.0299e-01 5.0299e-01 [ 4.4140e-01 3.1912e-02 1.5009e-02 1.4311e-02 3.5882e-04 ] 4.9700e-01
 2.153e+00 5.0599e-01 5.0599e-01 [ 4.4068e-01 3.3919e-02 1.5936e-02 1.5085e-02 3.6981e-04 ] 4.9401e-01
 2.267e+00 5.0838e-01 5.0838e-01 [ 4.3941e-01 3.5909e-02 1.6851e-02 1.5837e-02 3.8049e-04 ] 4.9161e-01
 2.380e+00 5.1030e-01 5.1030e-01 [ 4.3770e-01 3.7885e-02 1.7757e-02 1.6567e-02 3.9091e-04 ] 4.8969e-01
 2.493e+00 5.1185e-01 5.1185e-01 [ 4.3567e-01 3.9849e-02 1.8654e-02 1.7278e-02 4.0110e-04 ] 4.8815e-01
 2.607e+00 5.1311e-01 5.1311e-01 [ 4.3338e-01 4.1803e-02 1.9542e-02 1.7971e-02 4.1108e-04 ] 4.8689e-01
 2.720e+00 5.1413e-01 5.1413e-01 [ 4.3089e-01 4.3750e-02 2.0423e-02 1.8647e-02 4.2090e-04 ] 4.8587e-01
 2.833e+00 5.1496e-01 5.1496e-01 [ 4.2824e-01 4.5690e-02 2.1298e-02 1.9308e-02 4.3055e-04 ] 4.8503e-01
 2.947e+00 5.1565e-01 5.1565e-01 [ 4.2547e-01 4.7625e-02 2.2166e-02 1.9954e-02 4.4007e-04 ] 4.8435e-01
 3.060e+00 5.1622e-01 5.1622e-01 [ 4.2260e-01 4.9556e-02 2.3028e-02 2.0586e-02 4.4947e-04 ] 4.8378e-01
 3.173e+00 5.1669e-01 5.1669e-01 [ 4.1966e-01 5.1484e-02 2.3885e-02 2.1205e-02 4.5875e-04 ] 4.8330e-01
 3.287e+00 5.1709e-01 5.1709e-01 [ 4.1666e-01 5.3410e-02 2.4737e-02 2.1813e-02 4.6794e-04 ] 4.8291e-01
 3.400e+00 5.1741e-01 5.1741e-01 [ 4.1361e-01 5.5334e-02 2.5583e-02 2.2408e-02 4.7703e-04 ] 4.8259e-01
 3.513e+00 5.1768e-01 5.1768e-01 [ 4.1052e-01 5.7258e-02 2.6425e-02 2.2993e-02 4.8605e-04 ] 4.8232e-01
 3.627e+00 5.1791e-01 5.1791e-01 [ 4.0740e-01 5.9182e-02 2.7263e-02 2.3568e-02 4.9500e-04 ] 4.8209e-01
 3.740e+00 5.1809e-01 5.1809e-01 [ 4.0425e-01 6.1105e-02 2.8096e-02 2.4133e-02 5.0389e-04 ] 4.8191e-01
 3.853e+00 5.1824e-01 5.1824e-01 [ 4.0108e-01 6.3030e-02 2.8925e-02 2.4690e-02 5.1272e-04 ] 4.8176e-01
 3.967e+00 5.1835e-01 5.1835e-01 [ 3.9789e-01 6.4956e-02 2.9750e-02 2.5237e-02 5.2150e-04 ] 4.8164e-01
 4.080e+00 5.1844e-01 5.1844e-01 [ 3.9468e-01 6.6883e-02 3.0572e-02 2.5778e-02 5.3024e-04 ] 4.8155e-01
 4.193e+00 5.1851e-01 5.1851e-01 [ 3.9146e-01 6.8813e-02 3.1389e-02 2.6310e-02 5.3895e-04 ] 4.8149e-01
 4.307e+00 5.1856e-01 5.1856e-01 [ 3.8823e-01 7.0744e-02 3.2204e-02 2.6836e-02 5.4763e-04 ] 4.8144e-01
 4.420e+00 5.1858e-01 5.1858e-01 [ 3.8498e-01 7.2679e-02 3.3015e-02 2.7356e-02 5.5628e-04 ] 4.8141e-01
 4.533e+00 5.1859e-01 5.1859e-01 [ 3.8172e-01 7.4616e-02 3.3822e-02 2.7869e-02 5.6491e-04 ] 4.8140e-01
 4.647e+00 5.1859e-01 5.1859e-01 [ 3.7845e-01 7.6557e-02 3.4627e-02 2.8377e-02 5.7352e-04 ] 4.8141e-01
 4.760e+00 5.1857e-01 5.1857e-01 [ 3.7517e-01 7.8501e-02 3.5429e-02 2.8880e-02 5.8212e-04 ] 4.8143e-01
 4.873e+00 5.1853e-01 5.1853e-01 [ 3.7189e-01 8.0450e-02 3.6228e-02 2.9379e-02 5.9072e-04 ] 4.8147e-01
 4.987e+00 5.1849e-01 5.1849e-01 [ 3.6859e-01 8.2402e-02 3.7025e-02 2.9873e-02 5.9931e-04 ] 4.8151e-01
 5.100e+00 5.1843e-01 5.1843e-01 [ 3.6528e-01 8.4358e-02 3.7819e-02 3.0363e-02 6.0789e-04 ] 4.8157e-01
 5.213e+00 5.1836e-01 5.1836e-01 [ 3.6196e-01 8.6319e-02 3.8611e-02 3.0850e-02 6.1649e-04 ] 4.8164e-01
 5.327e+00 5.1828e-01 5.1828e-01 [ 3.5864e-01 8.8285e-02 3.9400e-02 3.1334e-02 6.2508e-04 ] 4.8172e-01
 5.440e+00 5.1819e-01 5.1819e-01 [ 3.5530e-01 9.0255e-02 4.0188e-02 3.1815e-02 6.3369e-04 ] 4.8181e-01
 5.553e+00 5.1809e-01 5.1809e-01 [ 3.5195e-01 9.2230e-02 4.0974e-02 3.2293e-02 6.4230e-04 ] 4.8191e-01
 5.667e+00 5.1799e-01 5.1799e-01 [ 3.4860e-01 9.4210e-02 4.1758e-02 3.2769e-02 6.5093e-04 ] 4.8201e-01
 5.780e+00 5.1787e-01 5.1787e-01 [ 3.4523e-01 9.6196e-02 4.2540e-02 3.3244e-02 6.5957e-04 ] 4.8213e-01
 5.893e+00 5.1775e-01 5.1775e-01 [ 3.4186e-01 9.8187e-02 4.3321e-02 3.3717e-02 6.6823e-04 ] 4.8225e-01
 6.007e+00 5.1762e-01 5.1762e-01 [ 3.3847e-01 1.0018e-01 4.4101e-02 3.4188e-02 6.7691e-04 ] 4.8238e-01
 6.120e+00 5.1748e-01 5.1748e-01 [ 3.3508e-01 1.0218e-01 4.4879e-02 3.4658e-02 6.8561e-04 ] 4.8251e-01
 6.233e+00 5.1734e-01 5.1734e-01 [ 3.3167e-01 1.0419e-01 4.5657e-02 3.5128e-02 6.9433e-04 ] 4.8266e-01
 6.347e+00 5.1719e-01 5.1719e-01 [ 3.2826e-01 1.0620e-01 4.6433e-02 3.5597e-02 7.0308e-04 ] 4.8281e-01
 6.460e+00 5.1704e-01 5.1704e-01 [ 3.2483e-01 1.0822e-01 4.7209e-02 3.6066e-02 7.1185e-04 ] 4.8296e-01
 6.573e+00 5.1688e-01 5.1688e-01 [ 3.2139e-01 1.1024e-01 4.7984e-02 3.6534e-02 7.2065e-04 ] 4.8312e-01
 6.687e+00 5.1671e-01 5.1671e-01 [ 3.1795e-01 1.1227e-01 4.8759e-02 3.7002e-02 7.2948e-04 ] 4.8329e-01
 6.800e+00 5.1654e-01 5.1654e-01 [ 3.1449e-01 1.1430e-01 4.9534e-02 3.7471e-02 7.3834e-04 ] 4.8346e-01
 6.913e+00 5.1636e-01 5.1636e-01 [ 3.1102e-01 1.1634e-01 5.0308e-02 3.7940e-02 7.4723e-04 ] 4.8364e-01
 7.027e+00 5.1618e-01 5.1618e-01 [ 3.0754e-01 1.1839e-01 5.1082e-02 3.8410e-02 7.5615e-04 ] 4.8382e-01
 7.140e+00 5.1599e-01 5.1599e-01 [ 3.0405e-01 1.2043e-01 5.1856e-02 3.8880e-02 7.6510e-04 ] 4.8401e-01
 7.253e+00 5.1580e-01 5.1580e-01 [ 3.0055e-01 1.2249e-01 5.2630e-02 3.9351e-02 7.7408e-04 ] 4.8420e-01
 7.367e+00 5.1560e-01 5.1560e-01 [ 2.9704e-01 1.2454e-01 5.3404e-02 3.9823e-02 7.8310e-04 ] 4.8440e-01
 7.480e+00 5.1540e-01 5.1540e-01 [ 2.9353e-01 1.2661e-01 5.4179e-02 4.0296e-02 7.9215e-04 ] 4.8460e-01
 7.593e+00 5.1519e-01 5.1519e-01 [ 2.9000e-01 1.2867e-01 5.4954e-02 4.0770e-02 8.0124e-04 ] 4.8481e-01
 7.707e+00 5.1498e-01 5.1498e-01 [ 2.8646e-01 1.3074e-01 5.5730e-02 4.1246e-02 8.1036e-04 ] 4.8502e-01
 7.820e+00 5.1477e-01 5.1477e-01 [ 2.8291e-01 1.3281e-01 5.6507e-02 4.1723e-02 8.1952e-04 ] 4.8523e-01
 7.933e+00 5.1455e-01 5.1455e-01 [ 2.7935e-01 1.3489e-01 5.7284e-02 4.2201e-02 8.2871e-04 ] 4.8545e-01
 8.047e+00 5.1433e-01 5.1433e-01 [ 2.7578e-01 1.3696e-01 5.8062e-02 4.2681e-02 8.3794e-04 ] 4.8567e-01
 8.160e+00 5.1410e-01 5.1410e-01 [ 2.7221e-01 1.3904e-01 5.8841e-02 4.3163e-02 8.4721e-04 ] 4.8590e-01
 8.273e+00 5.1387e-01 5.1387e-01 [ 2.6862e-01 1.4112e-01 5.9621e-02 4.3646e-02 8.5652e-04 ] 4.8613e-01
 8.387e+00 5.1364e-01 5.1364e-01 [ 2.6503e-01 1.4321e-01 6.0403e-02 4.4131e-02 8.6586e-04 ] 4.8636e-01
 8.500e+00 5.1340e-01 5.1340e-01 [ 2.6143e-01 1.4529e-01 6.1185e-02 4.4618e-02 8.7524e-04 ] 4.8660e-01
 8.613e+00 5.1316e-01 5.1316e-01 [ 2.5783e-01 1.4737e-01 6.1969e-02 4.5107e-02 8.8465e-04 ] 4.8684e-01
 8.727e+00 5.1291e-01 5.1291e-01 [ 2.5421e-01 1.4946e-01 6.2754e-02 4.5597e-02 8.9411e-04 ] 4.8708e-01
 8.840e+00 5.1267e-01 5.1267e-01 [ 2.5059e-01 1.5154e-01 6.3541e-02 4.6090e-02 9.0360e-04 ] 4.8733e-01
 8.953e+00 5.1241e-01 5.1241e-01 [ 2.4697e-01 1.5362e-01 6.4330e-02 4.6584e-02 9.1313e-04 ] 4.8758e-01
 9.067e+00 5.1216e-01 5.1216e-01 [ 2.4334e-01 1.5570e-01 6.5120e-02 4.7081e-02 9.2270e-04 ] 4.8784e-01
 9.180e+00 5.1190e-01 5.1190e-01 [ 2.3970e-01 1.5777e-01 6.5912e-02 4.7579e-02 9.3231e-04 ] 4.8810e-01
 9.293e+00 5.1164e-01 5.1164e-01 [ 2.3607e-01 1.5985e-01 6.6705e-02 4.8080e-02 9.4195e-04 ] 4.8836e-01
 9.407e+00 5.1137e-01 5.1137e-01 [ 2.3242e-01 1.6191e-01 6.7500e-02 4.8582e-02 9.5163e-04 ] 4.8862e-01
 9.520e+00 5.1110e-01 5.1110e-01 [ 2.2878e-01 1.6398e-01 6.8298e-02 4.9087e-02 9.6135e-04 ] 4.8889e-01
 9.633e+00 5.1083e-01 5.1083e-01 [ 2.2514e-01 1.6604e-01 6.9097e-02 4.9593e-02 9.7111e-04 ] 4.8917e-01
 9.747e+00 5.1056e-01 5.1056e-01 [ 2.2149e-01 1.6809e-01 6.9898e-02 5.0102e-02 9.8091e-04 ] 4.8944e-01
 9.860e+00 5.1028e-01 5.1028e-01 [ 2.1784e-01 1.7013e-01 7.0702e-02 5.0613e-02 9.9074e-04 ] 4.8972e-01
 9.973e+00 5.1000e-01 5.1000e-01 [ 2.1420e-01 1.7217e-01 7.1507e-02 5.1126e-02 1.0006e-03 ] 4.9000e-01
 1.009e+01 5.0971e-01 5.0971e-01 [ 2.1056e-01 1.7419e-01 7.2315e-02 5.1641e-02 1.0105e-03 ] 4.9028e-01
 1.020e+01 5.0943e-01 5.0943e-01 [ 2.0692e-01 1.7621e-01 7.3125e-02 5.2158e-02 1.0205e-03 ] 4.9057e-01
 1.031e+01 5.0913e-01 5.0913e-01 [ 2.0328e-01 1.7821e-01 7.3937e-02 5.2677e-02 1.0304e-03 ] 4.9086e-01
 1.043e+01 5.0884e-01 5.0884e-01 [ 1.9965e-01 1.8020e-01 7.4752e-02 5.3198e-02 1.0405e-03 ] 4.9116e-01
 1.054e+01 5.0854e-01 5.0854e-01 [ 1.9602e-01 1.8218e-01 7.5569e-02 5.3721e-02 1.0505e-03 ] 4.9146e-01
 1.065e+01 5.0824e-01 5.0824e-01 [ 1.9240e-01 1.8415e-01 7.6388e-02 5.4247e-02 1.0606e-03 ] 4.9176e-01
 1.077e+01 5.0794e-01 5.0794e-01 [ 1.8879e-01 1.8610e-01 7.7209e-02 5.4774e-02 1.0707e-03 ] 4.9206e-01
 1.088e+01 5.0763e-01 5.0763e-01 [ 1.8518e-01 1.8803e-01 7.8034e-02 5.5303e-02 1.0809e-03 ] 4.9237e-01
 1.099e+01 5.0732e-01 5.0732e-01 [ 1.8159e-01 1.8995e-01 7.8860e-02 5.5835e-02 1.0911e-03 ] 4.9268e-01
 1.111e+01 5.0701e-01 5.0701e-01 [ 1.7801e-01 1.9184e-01 7.9689e-02 5.6368e-02 1.1013e-03 ] 4.9299e-01
 1.122e+01 5.0669e-01 5.0669e-01 [ 1.7444e-01 1.9372e-01 8.0521e-02 5.6903e-02 1.1116e-03 ] 4.9331e-01
 1.133e+01 5.0637e-01 5.0637e-01 [ 1.7088e-01 1.9558e-01 8.1355e-02 5.7441e-02 1.1219e-03 ] 4.9363e-01
 1.145e+01 5.0605e-01 5.0605e-01 [ 1.6734e-01 1.9741e-01 8.2192e-02 5.7980e-02 1.1322e-03 ] 4.9395e-01
 1.156e+01 5.0572e-01 5.0572e-01 [ 1.6381e-01 1.9922e-01 8.3032e-02 5.8521e-02 1.1426e-03 ] 4.9427e-01
 1.167e+01 5.0540e-01 5.0540e-01 [ 1.6030e-01 2.0101e-01 8.3874e-02 5.9064e-02 1.1530e-03 ] 4.9460e-01
 1.179e+01 5.0506e-01 5.0506e-01 [ 1.5681e-01 2.0277e-01 8.4719e-02 5.9609e-02 1.1635e-03 ] 4.9493e-01
 1.190e+01 5.0473e-01 5.0473e-01 [ 1.5333e-01 2.0450e-01 8.5566e-02 6.0156e-02 1.1740e-03 ] 4.9527e-01
 1.201e+01 5.0439e-01 5.0439e-01 [ 1.4988e-01 2.0620e-01 8.6417e-02 6.0705e-02 1.1845e-03 ] 4.9561e-01
 1.213e+01 5.0405e-01 5.0405e-01 [ 1.4645e-01 2.0788e-01 8.7270e-02 6.1256e-02 1.1950e-03 ] 4.9595e-01
 1.224e+01 5.0370e-01 5.0370e-01 [ 1.4304e-01 2.0952e-01 8.8126e-02 6.1808e-02 1.2056e-03 ] 4.9630e-01
 1.235e+01 5.0335e-01 5.0335e-01 [ 1.3966e-01 2.1113e-01 8.8984e-02 6.2363e-02 1.2162e-03 ] 4.9664e-01
 1.247e+01 5.0300e-01 5.0300e-01 [ 1.3631e-01 2.1271e-01 8.9845e-02 6.2919e-02 1.2269e-03 ] 4.9700e-01
 1.258e+01 5.0265e-01 5.0265e-01 [ 1.3298e-01 2.1425e-01 9.0710e-02 6.3477e-02 1.2376e-03 ] 4.9735e-01
 1.269e+01 5.0229e-01 5.0229e-01 [ 1.2967e-01 2.1575e-01 9.1577e-02 6.4037e-02 1.2483e-03 ] 4.9771e-01
 1.281e+01 5.0193e-01 5.0193e-01 [ 1.2640e-01 2.1722e-01 9.2446e-02 6.4598e-02 1.2590e-03 ] 4.9807e-01
 1.292e+01 5.0156e-01 5.0156e-01 [ 1.2316e-01 2.1865e-01 9.3319e-02 6.5162e-02 1.2698e-03 ] 4.9843e-01
 1.303e+01 5.0120e-01 5.0120e-01 [ 1.1995e-01 2.2004e-01 9.4195e-02 6.5727e-02 1.2806e-03 ] 4.9880e-01
 1.315e+01 5.0082e-01 5.0082e-01 [ 1.1677e-01 2.2139e-01 9.5073e-02 6.6294e-02 1.2915e-03 ] 4.9917e-01
 1.326e+01 5.0045e-01 5.0045e-01 [ 1.1363e-01 2.2270e-01 9.5954e-02 6.6863e-02 1.3024e-03 ] 4.9955e-01
 1.337e+01 5.0007e-01 5.0007e-01 [ 1.1052e-01 2.2396e-01 9.6839e-02 6.7433e-02 1.3133e-03 ] 4.9993e-01
 1.349e+01 4.9969e-01 4.9969e-01 [ 1.0745e-01 2.2518e-01 9.7726e-02 6.8006e-02 1.3242e-03 ] 5.0031e-01
 1.360e+01 4.9930e-01 4.9930e-01 [ 1.0442e-01 2.2635e-01 9.8616e-02 6.8580e-02 1.3352e-03 ] 5.0069e-01
 1.371e+01 4.9892e-01 4.9892e-01 [ 1.0143e-01 2.2748e-01 9.9509e-02 6.9155e-02 1.3462e-03 ] 5.0108e-01
 1.383e+01 4.9852e-01 4.9852e-01 [ 9.8471e-02 2.2856e-01 1.0040e-01 6.9733e-02 1.3573e-03 ] 5.0148e-01
 1.394e+01 4.9813e-01 4.9813e-01 [ 9.5557e-02 2.2959e-01 1.0130e-01 7.0312e-02 1.3684e-03 ] 5.0187e-01
 1.405e+01 4.9773e-01 4.9773e-01 [ 9.2685e-02 2.3056e-01 1.0221e-01 7.0893e-02 1.3795e-03 ] 5.0227e-01
 1.417e+01 4.9732e-01 4.9732e-01 [ 8.9856e-02 2.3149e-01 1.0311e-01 7.1475e-02 1.3906e-03 ] 5.0267e-01
 1.428e+01 4.9692e-01 4.9692e-01 [ 8.7070e-02 2.3237e-01 1.0402e-01 7.2060e-02 1.4018e-03 ] 5.0308e-01
 1.439e+01 4.9651e-01 4.9651e-01 [ 8.4329e-02 2.3319e-01 1.0493e-01 7.2646e-02 1.4130e-03 ] 5.0349e-01
 1.451e+01 4.9609e-01 4.9609e-01 [ 8.1633e-02 2.3396e-01 1.0584e-01 7.3233e-02 1.4243e-03 ] 5.0390e-01
 1.462e+01 4.9568e-01 4.9568e-01 [ 7.8983e-02 2.3468e-01 1.0676e-01 7.3823e-02 1.4355e-03 ] 5.0432e-01
 1.473e+01 4.9526e-01 4.9526e-01 [ 7.6380e-02 2.3533e-01 1.0768e-01 7.4414e-02 1.4468e-03 ] 5.0474e-01
 1.485e+01 4.9483e-01 4.9483e-01 [ 7.3825e-02 2.3594e-01 1.0860e-01 7.5007e-02 1.4582e-03 ] 5.0517e-01
 1.496e+01 4.9440e-01 4.9440e-01 [ 7.1318e-02 2.3649e-01 1.0953e-01 7.5601e-02 1.4696e-03 ] 5.0560e-01
 1.507e+01 4.9397e-01 4.9397e-01 [ 6.8859e-02 2.3698e-01 1.1046e-01 7.6197e-02 1.4810e-03 ] 5.0603e-01
 1.519e+01 4.9353e-01 4.9353e-01 [ 6.6449e-02 2.3741e-01 1.1139e-01 7.6795e-02 1.4924e-03 ] 5.0646e-01
 1.530e+01 4.9309e-01 4.9309e-01 [ 6.4089e-02 2.3778e-01 1.1232e-01 7.7395e-02 1.5039e-03 ] 5.0690e-01
 1.541e+01 4.9265e-01 4.9265e-01 [ 6.1779e-02 2.3810e-01 1.1326e-01 7.7996e-02 1.5154e-03 ] 5.0735e-01
 1.553e+01 4.9220e-01 4.9220e-01 [ 5.9520e-02 2.3835e-01 1.1420e-01 7.8599e-02 1.5269e-03 ] 5.0780e-01
 1.564e+01 4.9175e-01 4.9175e-01 [ 5.7311e-02 2.3855e-01 1.1515e-01 7.9204e-02 1.5385e-03 ] 5.0825e-01
 1.575e+01 4.9129e-01 4.9129e-01 [ 5.5153e-02 2.3869e-01 1.1609e-01 7.9810e-02 1.5501e-03 ] 5.0870e-01
 1.587e+01 4.9083e-01 4.9083e-01 [ 5.3047e-02 2.3876e-01 1.1704e-01 8.0419e-02 1.5618e-03 ] 5.0916e-01
 1.598e+01 4.9037e-01 4.9037e-01 [ 5.0991e-02 2.3878e-01 1.1800e-01 8.1028e-02 1.5734e-03 ] 5.0963e-01
 1.609e+01 4.8990e-01 4.8990e-01 [ 4.8987e-02 2.3874e-01 1.1895e-01 8.1640e-02 1.5851e-03 ] 5.1009e-01
 1.621e+01 4.8943e-01 4.8943e-01 [ 4.7034e-02 2.3864e-01 1.1991e-01 8.2254e-02 1.5969e-03 ] 5.1057e-01
 1.632e+01 4.8896e-01 4.8896e-01 [ 4.5133e-02 2.3847e-01 1.2087e-01 8.2869e-02 1.6087e-03 ] 5.1104e-01
 1.643e+01 4.8848e-01 4.8848e-01 [ 4.3282e-02 2.3825e-01 1.2184e-01 8.3486e-02 1.6205e-03 ] 5.1152e-01
 1.655e+01 4.8799e-01 4.8799e-01 [ 4.1483e-02 2.3797e-01 1.2281e-01 8.4104e-02 1.6323e-03 ] 5.1201e-01
 1.666e+01 4.8750e-01 4.8750e-01 [ 3.9734e-02 2.3762e-01 1.2378e-01 8.4725e-02 1.6442e-03 ] 5.1250e-01
 1.677e+01 4.8701e-01 4.8701e-01 [ 3.8036e-02 2.3722e-01 1.2475e-01 8.5347e-02 1.6561e-03 ] 5.1299e-01
 1.689e+01 4.8651e-01 4.8651e-01 [ 3.6388e-02 2.3676e-01 1.2573e-01 8.5971e-02 1.6680e-03 ] 5.1348e-01
 1.700e+01 4.8601e-01 4.8601e-01 [ 3.4790e-02 2.3624e-01 1.2671e-01 8.6597e-02 1.6800e-03 ] 5.1399e-01
 1.711e+01 4.8551e-01 4.8551e-01 [ 3.3242e-02 2.3566e-01 1.2769e-01 8.7225e-02 1.6920e-03 ] 5.1449e-01
 1.723e+01 4.8500e-01 4.8500e-01 [ 3.1742e-02 2.3502e-01 1.2867e-01 8.7854e-02 1.7041e-03 ] 5.1500e-01
 1.734e+01 4.8448e-01 4.8448e-01 [ 3.0291e-02 2.3433e-01 1.2966e-01 8.8486e-02 1.7162e-03 ] 5.1552e-01
 1.745e+01 4.8396e-01 4.8396e-01 [ 2.8888e-02 2.3358e-01 1.3065e-01 8.9119e-02 1.7283e-03 ] 5.1603e-01
 1.757e+01 4.8344e-01 4.8344e-01 [ 2.7532e-02 2.3277e-01 1.3164e-01 8.9754e-02 1.7405e-03 ] 5.1656e-01
 1.768e+01 4.8291e-01 4.8291e-01 [ 2.6223e-02 2.3191e-01 1.3263e-01 9.0391e-02 1.7527e-03 ] 5.1709e-01
 1.779e+01 4.8238e-01 4.8238e-01 [ 2.4960e-02 2.3099e-01 1.3363e-01 9.1030e-02 1.7649e-03 ] 5.1762e-01
 1.791e+01 4.8184e-01 4.8184e-01 [ 2.3742e-02 2.3002e-01 1.3463e-01 9.1671e-02 1.7772e-03 ] 5.1816e-01
 1.802e+01 4.8130e-01 4.8130e-01 [ 2.2568e-02 2.2900e-01 1.3563e-01 9.2314e-02 1.7895e-03 ] 5.1870e-01
 1.813e+01 4.8076e-01 4.8076e-01 [ 2.1438e-02 2.2792e-01 1.3663e-01 9.2958e-02 1.8018e-03 ] 5.1924e-01
 1.825e+01 4.8020e-01 4.8020e-01 [ 2.0351e-02 2.2679e-01 1.3764e-01 9.3605e-02 1.8142e-03 ] 5.1979e-01
 1.836e+01 4.7965e-01 4.7965e-01 [ 1.9307e-02 2.2561e-01 1.3865e-01 9.4254e-02 1.8266e-03 ] 5.2035e-01
 1.847e+01 4.7909e-01 4.7909e-01 [ 1.8303e-02 2.2439e-01 1.3966e-01 9.4904e-02 1.8391e-03 ] 5.2091e-01
 1.859e+01 4.7852e-01 4.7852e-01 [ 1.7340e-02 2.2311e-01 1.4067e-01 9.5557e-02 1.8515e-03 ] 5.2148e-01
 1.870e+01 4.7795e-01 4.7795e-01 [ 1.6416e-02 2.2178e-01 1.4168e-01 9.6212e-02 1.8641e-03 ] 5.2205e-01
 1.881e+01 4.7738e-01 4.7738e-01 [ 1.5530e-02 2.2041e-01 1.4269e-01 9.6868e-02 1.8766e-03 ] 5.2262e-01
 1.893e+01 4.7680e-01 4.7680e-01 [ 1.4682e-02 2.1899e-01 1.4371e-01 9.7527e-02 1.8892e-03 ] 5.2320e-01
 1.904e+01 4.7621e-01 4.7621e-01 [ 1.3871e-02 2.1753e-01 1.4472e-01 9.8188e-02 1.9019e-03 ] 5.2379e-01
 1.915e+01 4.7562e-01 4.7562e-01 [ 1.3095e-02 2.1602e-01 1.4574e-01 9.8851e-02 1.9146e-03 ] 5.2438e-01
 1.927e+01 4.7503e-01 4.7503e-01 [ 1.2354e-02 2.1447e-01 1.4676e-01 9.9516e-02 1.9273e-03 ] 5.2497e-01
 1.938e+01 4.7443e-01 4.7443e-01 [ 1.1647e-02 2.1288e-01 1.4778e-01 1.0018e-01 1.9401e-03 ] 5.2557e-01
 1.949e+01 4.7382e-01 4.7382e-01 [ 1.0972e-02 2.1125e-01 1.4880e-01 1.0085e-01 1.9529e-03 ] 5.2618e-01
 1.961e+01 4.7321e-01 4.7321e-01 [ 1.0329e-02 2.0958e-01 1.4982e-01 1.0152e-01 1.9657e-03 ] 5.2679e-01
 1.972e+01 4.7259e-01 4.7259e-01 [ 9.7161e-03 2.0787e-01 1.5084e-01 1.0220e-01 1.9786e-03 ] 5.2740e-01
 1.983e+01 4.7197e-01 4.7197e-01 [ 9.1333e-03 2.0612e-01 1.5185e-01 1.0287e-01 1.9915e-03 ] 5.2802e-01
 1.995e+01 4.7135e-01 4.7135e-01 [ 8.5790e-03 2.0434e-01 1.5287e-01 1.0355e-01 2.0045e-03 ] 5.2865e-01
 2.006e+01 4.7071e-01 4.7071e-01 [ 8.0525e-03 2.0252e-01 1.5389e-01 1.0423e-01 2.0175e-03 ] 5.2928e-01
 2.017e+01 4.7008e-01 4.7008e-01 [ 7.5527e-03 2.0067e-01 1.5491e-01 1.0491e-01 2.0306e-03 ] 5.2992e-01
 2.029e+01 4.6943e-01 4.6943e-01 [ 7.0786e-03 1.9879e-01 1.5592e-01 1.0560e-01 2.0437e-03 ] 5.3056e-01
 2.040e+01 4.6878e-01 4.6878e-01 [ 6.6294e-03 1.9688e-01 1.5694e-01 1.0629e-01 2.0568e-03 ] 5.3121e-01
 2.051e+01 4.6813e-01 4.6813e-01 [ 6.2039e-03 1.9493e-01 1.5795e-01 1.0698e-01 2.0700e-03 ] 5.3187e-01
 2.063e+01 4.6747e-01 4.6747e-01 [ 5.8014e-03 1.9296e-01 1.5896e-01 1.0767e-01 2.0832e-03 ] 5.3253e-01
 2.074e+01 4.6680e-01 4.6680e-01 [ 5.4209e-03 1.9096e-01 1.5996e-01 1.0836e-01 2.0965e-03 ] 5.3319e-01
 2.085e+01 4.6613e-01 4.6613e-01 [ 5.0614e-03 1.8894e-01 1.6097e-01 1.0906e-01 2.1098e-03 ] 5.3387e-01
 2.097e+01 4.6546e-01 4.6546e-01 [ 4.7222e-03 1.8688e-01 1.6197e-01 1.0976e-01 2.1232e-03 ] 5.3454e-01
 2.108e+01 4.6477e-01 4.6477e-01 [ 4.4023e-03 1.8481e-01 1.6297e-01 1.1046e-01 2.1366e-03 ] 5.3523e-01
 2.119e+01 4.6408e-01 4.6408e-01 [ 4.1009e-03 1.8271e-01 1.6396e-01 1.1116e-01 2.1500e-03 ] 5.3592e-01
 2.131e+01 4.6339e-01 4.6339e-01 [ 3.8171e-03 1.8059e-01 1.6495e-01 1.1187e-01 2.1636e-03 ] 5.3661e-01
 2.142e+01 4.6269e-01 4.6269e-01 [ 3.5503e-03 1.7845e-01 1.6593e-01 1.1258e-01 2.1771e-03 ] 5.3731e-01
 2.153e+01 4.6198e-01 4.6198e-01 [ 3.2994e-03 1.7629e-01 1.6691e-01 1.1329e-01 2.1907e-03 ] 5.3802e-01
 2.165e+01 4.6126e-01 4.6126e-01 [ 3.0639e-03 1.7411e-01 1.6788e-01 1.1401e-01 2.2043e-03 ] 5.3873e-01
 2.176e+01 4.6054e-01 4.6054e-01 [ 2.8429e-03 1.7191e-01 1.6885e-01 1.1472e-01 2.2180e-03 ] 5.3945e-01
 2.187e+01 4.5982e-01 4.5982e-01 [ 2.6358e-03 1.6970e-01 1.6981e-01 1.1544e-01 2.2318e-03 ] 5.4018e-01
 2.199e+01 4.5908e-01 4.5908e-01 [ 2.4418e-03 1.6747e-01 1.7076e-01 1.1616e-01 2.2456e-03 ] 5.4091e-01
 2.210e+01 4.5834e-01 4.5834e-01 [ 2.2603e-03 1.6523e-01 1.7171e-01 1.1689e-01 2.2594e-03 ] 5.4165e-01
 2.221e+01 4.5760e-01 4.5760e-01 [ 2.0906e-03 1.6298e-01 1.7264e-01 1.1762e-01 2.2733e-03 ] 5.4240e-01
 2.233e+01 4.5685e-01 4.5685e-01 [ 1.9320e-03 1.6071e-01 1.7357e-01 1.1835e-01 2.2872e-03 ] 5.4315e-01
 2.244e+01 4.5609e-01 4.5609e-01 [ 1.7841e-03 1.5843e-01 1.7449e-01 1.1908e-01 2.3012e-03 ] 5.4391e-01
 2.255e+01 4.5532e-01 4.5532e-01 [ 1.6461e-03 1.5614e-01 1.7540e-01 1.1982e-01 2.3153e-03 ] 5.4468e-01
 2.267e+01 4.5455e-01 4.5455e-01 [ 1.5175e-03 1.5385e-01 1.7630e-01 1.2056e-01 2.3294e-03 ] 5.4545e-01
 2.278e+01 4.5377e-01 4.5377e-01 [ 1.3978e-03 1.5155e-01 1.7718e-01 1.2130e-01 2.3435e-03 ] 5.4623e-01
 2.289e+01 4.5298e-01 4.5298e-01 [ 1.2865e-03 1.4924e-01 1.7806e-01 1.2204e-01 2.3577e-03 ] 5.4702e-01
 2.301e+01 4.5218e-01 4.5218e-01 [ 1.1831e-03 1.4692e-01 1.7892e-01 1.2279e-01 2.3720e-03 ] 5.4781e-01
 2.312e+01 4.5138e-01 4.5138e-01 [ 1.0871e-03 1.4460e-01 1.7977e-01 1.2354e-01 2.3863e-03 ] 5.4861e-01
 2.323e+01 4.5057e-01 4.5057e-01 [ 9.9806e-04 1.4228e-01 1.8060e-01 1.2429e-01 2.4006e-03 ] 5.4942e-01
 2.335e+01 4.4976e-01 4.4976e-01 [ 9.1553e-04 1.3995e-01 1.8143e-01 1.2505e-01 2.4150e-03 ] 5.5024e-01
 2.346e+01 4.4893e-01 4.4893e-01 [ 8.3912e-04 1.3763e-01 1.8223e-01 1.2581e-01 2.4295e-03 ] 5.5106e-01
 2.357e+01 4.4810e-01 4.4810e-01 [ 7.6843e-04 1.3530e-01 1.8302e-01 1.2657e-01 2.4440e-03 ] 5.5189e-01
 2.369e+01 4.4726e-01 4.4726e-01 [ 7.0310e-04 1.3297e-01 1.8380e-01 1.2734e-01 2.4586e-03 ] 5.5273e-01
 2.380e+01 4.4642e-01 4.4642e-01 [ 6.4278e-04 1.3064e-01 1.8455e-01 1.2811e-01 2.4733e-03 ] 5.5358e-01
 2.391e+01 4.4556e-01 4.4556e-01 [ 5.8712e-04 1.2832e-01 1.8529e-01 1.2888e-01 2.4880e-03 ] 5.5443e-01
 2.403e+01 4.4470e-01 4.4470e-01 [ 5.3583e-04 1.2600e-01 1.8601e-01 1.2965e-01 2.5027e-03 ] 5.5530e-01
 2.414e+01 4.4383e-01 4.4383e-01 [ 4.8860e-04 1.2368e-01 1.8671e-01 1.3043e-01 2.5175e-03 ] 5.5617e-01
 2.425e+01 4.4295e-01 4.4295e-01 [ 4.4514e-04 1.2137e-01 1.8739e-01 1.3121e-01 2.5324e-03 ] 5.5705e-01
 2.437e+01 4.4207e-01 4.4207e-01 [ 4.0520e-04 1.1907e-01 1.8805e-01 1.3200e-01 2.5474e-03 ] 5.5793e-01
 2.448e+01 4.4117e-01 4.4117e-01 [ 3.6852e-04 1.1677e-01 1.8869e-01 1.3279e-01 2.5623e-03 ] 5.5883e-01
 2.459e+01 4.4027e-01 4.4027e-01 [ 3.3486e-04 1.1448e-01 1.8930e-01 1.3358e-01 2.5774e-03 ] 5.5973e-01
 2.471e+01 4.3935e-01 4.3935e-01 [ 3.0401e-04 1.1219e-01 1.8989e-01 1.3437e-01 2.5925e-03 ] 5.6064e-01
 2.482e+01 4.3843e-01 4.3843e-01 [ 2.7576e-04 1.0992e-01 1.9046e-01 1.3517e-01 2.6077e-03 ] 5.6156e-01
 2.493e+01 4.3750e-01 4.3750e-01 [ 2.4992e-04 1.0766e-01 1.9100e-01 1.3597e-01 2.6229e-03 ] 5.6249e-01
 2.505e+01 4.3656e-01 4.3656e-01 [ 2.2629e-04 1.0541e-01 1.9151e-01 1.3678e-01 2.6382e-03 ] 5.6343e-01
 2.516e+01 4.3562e-01 4.3562e-01 [ 2.0472e-04 1.0317e-01 1.9200e-01 1.3759e-01 2.6536e-03 ] 5.6438e-01
 2.527e+01 4.3466e-01 4.3466e-01 [ 1.8504e-04 1.0095e-01 1.9246e-01 1.3840e-01 2.6690e-03 ] 5.6534e-01
 2.539e+01 4.3369e-01 4.3369e-01 [ 1.6710e-04 9.8735e-02 1.9290e-01 1.3921e-01 2.6845e-03 ] 5.6630e-01
 2.550e+01 4.3272e-01 4.3272e-01 [ 1.5076e-04 9.6538e-02 1.9330e-01 1.4003e-01 2.7000e-03 ] 5.6728e-01
 2.561e+01 4.3173e-01 4.3173e-01 [ 1.3590e-04 9.4356e-02 1.9367e-01 1.4085e-01 2.7156e-03 ] 5.6827e-01
 2.573e+01 4.3074e-01 4.3074e-01 [ 1.2239e-04 9.2191e-02 1.9401e-01 1.4168e-01 2.7313e-03 ] 5.6926e-01
 2.584e+01 4.2973e-01 4.2973e-01 [ 1.1012e-04 9.0042e-02 1.9433e-01 1.4251e-01 2.7470e-03 ] 5.7027e-01
 2.595e+01 4.2872e-01 4.2872e-01 [ 9.8997e-05 8.7912e-02 1.9460e-01 1.4334e-01 2.7628e-03 ] 5.7128e-01
 2.607e+01 4.2769e-01 4.2769e-01 [ 8.8912e-05 8.5799e-02 1.9485e-01 1.4418e-01 2.7787e-03 ] 5.7231e-01
 2.618e+01 4.2666e-01 4.2666e-01 [ 7.9781e-05 8.3706e-02 1.9506e-01 1.4501e-01 2.7946e-03 ] 5.7334e-01
 2.629e+01 4.2561e-01 4.2561e-01 [ 7.1522e-05 8.1633e-02 1.9524e-01 1.4586e-01 2.8106e-03 ] 5.7439e-01
 2.641e+01 4.2455e-01 4.2455e-01 [ 6.4059e-05 7.9581e-02 1.9538e-01 1.4670e-01 2.8267e-03 ] 5.7544e-01
 2.652e+01 4.2349e-01 4.2349e-01 [ 5.7321e-05 7.7550e-02 1.9548e-01 1.4755e-01 2.8428e-03 ] 5.7651e-01
 2.663e+01 4.2241e-01 4.2241e-01 [ 5.1244e-05 7.5541e-02 1.9555e-01 1.4840e-01 2.8590e-03 ] 5.7759e-01
 2.675e+01 4.2132e-01 4.2132e-01 [ 4.5768e-05 7.3554e-02 1.9558e-01 1.4926e-01 2.8752e-03 ] 5.7868e-01
 2.686e+01 4.2022e-01 4.2022e-01 [ 4.0839e-05 7.1591e-02 1.9557e-01 1.5012e-01 2.8915e-03 ] 5.7978e-01
 2.697e+01 4.1910e-01 4.1910e-01 [ 3.6406e-05 6.9652e-02 1.9553e-01 1.5098e-01 2.9079e-03 ] 5.8090e-01
 2.709e+01 4.1798e-01 4.1798e-01 [ 3.2424e-05 6.7737e-02 1.9544e-01 1.5185e-01 2.9243e-03 ] 5.8202e-01
 2.720e+01 4.1684e-01 4.1684e-01 [ 2.8850e-05 6.5847e-02 1.9531e-01 1.5272e-01 2.9408e-03 ] 5.8316e-01
 2.731e+01 4.1569e-01 4.1569e-01 [ 2.5645e-05 6.3982e-02 1.9514e-01 1.5359e-01 2.9573e-03 ] 5.8430e-01
 2.743e+01 4.1453e-01 4.1453e-01 [ 2.2775e-05 6.2144e-02 1.9493e-01 1.5446e-01 2.9739e-03 ] 5.8547e-01
 2.754e+01 4.1336e-01 4.1336e-01 [ 2.0207e-05 6.0332e-02 1.9468e-01 1.5534e-01 2.9905e-03 ] 5.8664e-01
 2.765e+01 4.1217e-01 4.1217e-01 [ 1.7910e-05 5.8547e-02 1.9438e-01 1.5622e-01 3.0072e-03 ] 5.8783e-01
 2.777e+01 4.1097e-01 4.1097e-01 [ 1.5860e-05 5.6790e-02 1.9404e-01 1.5710e-01 3.0240e-03 ] 5.8903e-01
 2.788e+01 4.0976e-01 4.0976e-01 [ 1.4030e-05 5.5060e-02 1.9366e-01 1.5799e-01 3.0408e-03 ] 5.9024e-01
 2.799e+01 4.0853e-01 4.0853e-01 [ 1.2400e-05 5.3359e-02 1.9323e-01 1.5887e-01 3.0577e-03 ] 5.9147e-01
 2.811e+01 4.0729e-01 4.0729e-01 [ 1.0948e-05 5.1687e-02 1.9276e-01 1.5976e-01 3.0746e-03 ] 5.9271e-01
 2.822e+01 4.0604e-01 4.0604e-01 [ 9.6569e-06 5.0043e-02 1.9224e-01 1.6066e-01 3.0915e-03 ] 5.9396e-01
 2.833e+01 4.0477e-01 4.0477e-01 [ 8.5095e-06 4.8429e-02 1.9167e-01 1.6155e-01 3.1085e-03 ] 5.9523e-01
 2.845e+01 4.0349e-01 4.0349e-01 [ 7.4911e-06 4.6844e-02 1.9106e-01 1.6244e-01 3.1255e-03 ] 5.9651e-01
 2.856e+01 4.0219e-01 4.0219e-01 [ 6.5880e-06 4.5290e-02 1.9041e-01 1.6334e-01 3.1426e-03 ] 5.9781e-01
 2.867e+01 4.0087e-01 4.0087e-01 [ 5.7880e-06 4.3765e-02 1.8971e-01 1.6424e-01 3.1597e-03 ] 5.9912e-01
 2.879e+01 3.9954e-01 3.9954e-01 [ 5.0800e-06 4.2271e-02 1.8896e-01 1.6514e-01 3.1768e-03 ] 6.0045e-01
 2.890e+01 3.9820e-01 3.9820e-01 [ 4.4542e-06 4.0808e-02 1.8816e-01 1.6603e-01 3.1940e-03 ] 6.0180e-01
 2.901e+01 3.9684e-01 3.9684e-01 [ 3.9016e-06 3.9375e-02 1.8731e-01 1.6693e-01 3.2111e-03 ] 6.0316e-01
 2.913e+01 3.9546e-01 3.9546e-01 [ 3.4140e-06 3.7973e-02 1.8642e-01 1.6783e-01 3.2283e-03 ] 6.0454e-01
 2.924e+01 3.9407e-01 3.9407e-01 [ 2.9843e-06 3.6602e-02 1.8548e-01 1.6873e-01 3.2455e-03 ] 6.0593e-01
 2.935e+01 3.9265e-01 3.9265e-01 [ 2.6061e-06 3.5262e-02 1.8450e-01 1.6963e-01 3.2627e-03 ] 6.0735e-01
 2.947e+01 3.9122e-01 3.9122e-01 [ 2.2735e-06 3.3952e-02 1.8346e-01 1.7053e-01 3.2799e-03 ] 6.0878e-01
 2.958e+01 3.8977e-01 3.8977e-01 [ 1.9812e-06 3.2674e-02 1.8238e-01 1.7142e-01 3.2971e-03 ] 6.1022e-01
 2.969e+01 3.8831e-01 3.8831e-01 [ 1.7248e-06 3.1427e-02 1.8125e-01 1.7231e-01 3.3142e-03 ] 6.1169e-01
 2.981e+01 3.8682e-01 3.8682e-01 [ 1.5000e-06 3.0211e-02 1.8008e-01 1.7320e-01 3.3314e-03 ] 6.1318e-01
 2.992e+01 3.8532e-01 3.8532e-01 [ 1.3031e-06 2.9026e-02 1.7885e-01 1.7409e-01 3.3485e-03 ] 6.1468e-01
 3.003e+01 3.8379e-01 3.8379e-01 [ 1.1309e-06 2.7872e-02 1.7758e-01 1.7497e-01 3.3655e-03 ] 6.1621e-01
 3.015e+01 3.8225e-01 3.8225e-01 [ 9.8044e-07 2.6748e-02 1.7626e-01 1.7585e-01 3.3825e-03 ] 6.1775e-01
 3.026e+01 3.8068e-01 3.8068e-01 [ 8.4908e-07 2.5655e-02 1.7490e-01 1.7672e-01 3.3995e-03 ] 6.1932e-01
 3.037e+01 3.7909e-01 3.7909e-01 [ 7.3454e-07 2.4592e-02 1.7349e-01 1.7759e-01 3.4164e-03 ] 6.2091e-01
 3.049e+01 3.7748e-01 3.7748e-01 [ 6.3478e-07 2.3560e-02 1.7204e-01 1.7845e-01 3.4332e-03 ] 6.2252e-01
 3.060e+01 3.7584e-01 3.7584e-01 [ 5.4798e-07 2.2557e-02 1.7054e-01 1.7930e-01 3.4499e-03 ] 6.2415e-01
 3.071e+01 3.7419e-01 3.7419e-01 [ 4.7254e-07 2.1584e-02 1.6899e-01 1.8015e-01 3.4664e-03 ] 6.2581e-01
 3.083e+01 3.7250e-01 3.7250e-01 [ 4.0705e-07 2.0640e-02 1.6740e-01 1.8098e-01 3.4829e-03 ] 6.2749e-01
 3.094e+01 3.7080e-01 3.7080e-01 [ 3.5026e-07 1.9726e-02 1.6577e-01 1.8180e-01 3.4992e-03 ] 6.2920e-01
 3.105e+01 3.6906e-01 3.6906e-01 [ 3.0106e-07 1.8840e-02 1.6409e-01 1.8262e-01 3.5154e-03 ] 6.3093e-01
 3.117e+01 3.6731e-01 3.6731e-01 [ 2.5848e-07 1.7983e-02 1.6237e-01 1.8342e-01 3.5313e-03 ] 6.3269e-01
 3.128e+01 3.6552e-01 3.6552e-01 [ 2.2169e-07 1.7154e-02 1.6061e-01 1.8420e-01 3.5471e-03 ] 6.3448e-01
 3.139e+01 3.6370e-01 3.6370e-01 [ 1.8992e-07 1.6352e-02 1.5881e-01 1.8497e-01 3.5627e-03 ] 6.3630e-01
 3.151e+01 3.6186e-01 3.6186e-01 [ 1.6252e-07 1.5578e-02 1.5697e-01 1.8573e-01 3.5780e-03 ] 6.3814e-01
 3.162e+01 3.5998e-01 3.5998e-01 [ 1.3892e-07 1.4830e-02 1.5509e-01 1.8646e-01 3.5931e-03 ] 6.4002e-01
 3.173e+01 3.5807e-01 3.5807e-01 [ 1.1862e-07 1.4109e-02 1.5318e-01 1.8718e-01 3.6079e-03 ] 6.4193e-01
 3.185e+01 3.5613e-01 3.5613e-01 [ 1.0117e-07 1.3414e-02 1.5122e-01 1.8787e-01 3.6224e-03 ] 6.4387e-01
 3.196e+01 3.5416e-01 3.5416e-01 [ 8.6183e-08 1.2745e-02 1.4923e-01 1.8855e-01 3.6365e-03 ] 6.4584e-01
 3.207e+01 3.5215e-01 3.5215e-01 [ 7.3336e-08 1.2101e-02 1.4720e-01 1.8919e-01 3.6503e-03 ] 6.4785e-01
 3.219e+01 3.5010e-01 3.5010e-01 [ 6.2332e-08 1.1481e-02 1.4514e-01 1.8981e-01 3.6637e-03 ] 6.4990e-01
 3.230e+01 3.4801e-01 3.4801e-01 [ 5.2918e-08 1.0885e-02 1.4305e-01 1.9041e-01 3.6767e-03 ] 6.5199e-01
 3.241e+01 3.4589e-01 3.4589e-01 [ 4.4873e-08 1.0312e-02 1.4092e-01 1.9097e-01 3.6892e-03 ] 6.5411e-01
 3.253e+01 3.4372e-01 3.4372e-01 [ 3.8007e-08 9.7632e-03 1.3876e-01 1.9149e-01 3.7013e-03 ] 6.5628e-01
 3.264e+01 3.4150e-01 3.4150e-01 [ 3.2154e-08 9.2363e-03 1.3657e-01 1.9198e-01 3.7128e-03 ] 6.5850e-01
 3.275e+01 3.3924e-01 3.3924e-01 [ 2.7170e-08 8.7314e-03 1.3435e-01 1.9243e-01 3.7238e-03 ] 6.6076e-01
 3.287e+01 3.3694e-01 3.3694e-01 [ 2.2931e-08 8.2478e-03 1.3211e-01 1.9284e-01 3.7341e-03 ] 6.6306e-01
 3.298e+01 3.3458e-01 3.3458e-01 [ 1.9330e-08 7.7851e-03 1.2984e-01 1.9321e-01 3.7438e-03 ] 6.6542e-01
 3.309e+01 3.3217e-01 3.3217e-01 [ 1.6275e-08 7.3426e-03 1.2754e-01 1.9353e-01 3.7528e-03 ] 6.6783e-01
 3.321e+01 3.2970e-01 3.2970e-01 [ 1.3687e-08 6.9198e-03 1.2522e-01 1.9380e-01 3.7611e-03 ] 6.7030e-01
 3.332e+01 3.2718e-01 3.2718e-01 [ 1.1495e-08 6.5162e-03 1.2288e-01 1.9401e-01 3.7686e-03 ] 6.7282e-01
 3.343e+01 3.2459e-01 3.2459e-01 [ 9.6431e-09 6.1312e-03 1.2052e-01 1.9417e-01 3.7753e-03 ] 6.7541e-01
 3.355e+01 3.2194e-01 3.2194e-01 [ 8.0792e-09 5.7642e-03 1.1813e-01 1.9427e-01 3.7810e-03 ] 6.7806e-01
 3.366e+01 3.1923e-01 3.1923e-01 [ 6.7605e-09 5.4147e-03 1.1573e-01 1.9430e-01 3.7859e-03 ] 6.8077e-01
 3.377e+01 3.1644e-01 3.1644e-01 [ 5.6499e-09 5.0820e-03 1.1331e-01 1.9426e-01 3.7897e-03 ] 6.8356e-01
 3.389e+01 3.1358e-01 3.1358e-01 [ 4.7157e-09 4.7657e-03 1.1088e-01 1.9415e-01 3.7925e-03 ] 6.8642e-01
 3.400e+01 3.1065e-01 3.1065e-01 [ 3.9309e-09 4.4652e-03 1.0842e-01 1.9396e-01 3.7941e-03 ] 6.8935e-01
 3.411e+01 3.0763e-01 3.0763e-01 [ 3.2724e-09 4.1799e-03 1.0596e-01 1.9369e-01 3.7946e-03 ] 6.9237e-01
 3.423e+01 3.0453e-01 3.0453e-01 [ 2.7207e-09 3.9093e-03 1.0349e-01 1.9334e-01 3.7939e-03 ] 6.9547e-01
 3.434e+01 3.0134e-01 3.0134e-01 [ 2.2591e-09 3.6529e-03 1.0100e-01 1.9289e-01 3.7918e-03 ] 6.9866e-01
 3.445e+01 2.9806e-01 2.9806e-01 [ 1.8732e-09 3.4102e-03 9.8504e-02 1.9235e-01 3.7884e-03 ] 7.0194e-01
 3.457e+01 2.9468e-01 2.9468e-01 [ 1.5512e-09 3.1805e-03 9.6002e-02 1.9171e-01 3.7835e-03 ] 7.0532e-01
 3.468e+01 2.9120e-01 2.9120e-01 [ 1.2828e-09 2.9634e-03 9.3494e-02 1.9097e-01 3.7771e-03 ] 7.0880e-01
 3.479e+01 2.8763e-01 2.8763e-01 [ 1.0593e-09 2.7584e-03 9.0981e-02 1.9012e-01 3.7691e-03 ] 7.1238e-01
 3.491e+01 2.8394e-01 2.8394e-01 [ 8.7362e-10 2.5650e-03 8.8466e-02 1.8915e-01 3.7595e-03 ] 7.1606e-01
 3.502e+01 2.8015e-01 2.8015e-01 [ 7.1945e-10 2.3828e-03 8.5950e-02 1.8807e-01 3.7482e-03 ] 7.1985e-01
 3.513e+01 2.7624e-01 2.7624e-01 [ 5.9164e-10 2.2111e-03 8.3435e-02 1.8686e-01 3.7351e-03 ] 7.2376e-01
 3.525e+01 2.7222e-01 2.7222e-01 [ 4.8584e-10 2.0496e-03 8.0922e-02 1.8553e-01 3.7202e-03 ] 7.2778e-01
 3.536e+01 2.6808e-01 2.6808e-01 [ 3.9838e-10 1.8979e-03 7.8414e-02 1.8406e-01 3.7033e-03 ] 7.3192e-01
 3.547e+01 2.6382e-01 2.6382e-01 [ 3.2619e-10 1.7554e-03 7.5913e-02 1.8247e-01 3.6845e-03 ] 7.3618e-01
 3.559e+01 2.5944e-01 2.5944e-01 [ 2.6668e-10 1.6218e-03 7.3420e-02 1.8074e-01 3.6637e-03 ] 7.4056e-01
 3.570e+01 2.5494e-01 2.5494e-01 [ 2.1771e-10 1.4966e-03 7.0938e-02 1.7887e-01 3.6408e-03 ] 7.4506e-01
 3.581e+01 2.5032e-01 2.5032e-01 [ 1.7746e-10 1.3795e-03 6.8470e-02 1.7686e-01 3.6158e-03 ] 7.4968e-01
 3.593e+01 2.4558e-01 2.4558e-01 [ 1.4443e-10 1.2699e-03 6.6017e-02 1.7471e-01 3.5886e-03 ] 7.5442e-01
 3.604e+01 2.4073e-01 2.4073e-01 [ 1.1736e-10 1.1677e-03 6.3582e-02 1.7242e-01 3.5593e-03 ] 7.5928e-01
 3.615e+01 2.3575e-01 2.3575e-01 [ 9.5221e-11 1.0723e-03 6.1169e-02 1.6998e-01 3.5277e-03 ] 7.6425e-01
 3.627e+01 2.3067e-01 2.3067e-01 [ 7.7135e-11 9.8346e-04 5.8779e-02 1.6741e-01 3.4939e-03 ] 7.6934e-01
 3.638e+01 2.2547e-01 2.2547e-01 [ 6.2385e-11 9.0081e-04 5.6415e-02 1.6470e-01 3.4579e-03 ] 7.7453e-01
 3.649e+01 2.2018e-01 2.2018e-01 [ 5.0375e-11 8.2401e-04 5.4080e-02 1.6185e-01 3.4196e-03 ] 7.7982e-01
 3.661e+01 2.1479e-01 2.1479e-01 [ 4.0611e-11 7.5275e-04 5.1777e-02 1.5888e-01 3.3791e-03 ] 7.8521e-01
 3.672e+01 2.0931e-01 2.0931e-01 [ 3.2687e-11 6.8671e-04 4.9510e-02 1.5578e-01 3.3365e-03 ] 7.9069e-01
 3.683e+01 2.0375e-01 2.0375e-01 [ 2.6265e-11 6.2560e-04 4.7281e-02 1.5255e-01 3.2917e-03 ] 7.9625e-01
 3.695e+01 1.9813e-01 1.9813e-01 [ 2.1071e-11 5.6913e-04 4.5092e-02 1.4922e-01 3.2447e-03 ] 8.0187e-01
 3.706e+01 1.9244e-01 1.9244e-01 [ 1.6876e-11 5.1703e-04 4.2947e-02 1.4578e-01 3.1958e-03 ] 8.0756e-01
 3.717e+01 1.8671e-01 1.8671e-01 [ 1.3493e-11 4.6903e-04 4.0849e-02 1.4224e-01 3.1449e-03 ] 8.1329e-01
 3.729e+01 1.8094e-01 1.8094e-01 [ 1.0771e-11 4.2488e-04 3.8801e-02 1.3862e-01 3.0921e-03 ] 8.1906e-01
 3.740e+01 1.7515e-01 1.7515e-01 [ 8.5838e-12 3.8433e-04 3.6804e-02 1.3492e-01 3.0375e-03 ] 8.2485e-01
 3.751e+01 1.6934e-01 1.6934e-01 [ 6.8292e-12 3.4714e-04 3.4862e-02 1.3115e-01 2.9812e-03 ] 8.3066e-01
 3.763e+01 1.6354e-01 1.6354e-01 [ 5.4243e-12 3.1310e-04 3.2976e-02 1.2733e-01 2.9233e-03 ] 8.3646e-01
 3.774e+01 1.5776e-01 1.5776e-01 [ 4.3013e-12 2.8198e-04 3.1149e-02 1.2346e-01 2.8640e-03 ] 8.4224e-01
 3.785e+01 1.5200e-01 1.5200e-01 [ 3.4052e-12 2.5360e-04 2.9382e-02 1.1957e-01 2.8034e-03 ] 8.4799e-01
 3.797e+01 1.4629e-01 1.4629e-01 [ 2.6914e-12 2.2774e-04 2.7678e-02 1.1565e-01 2.7417e-03 ] 8.5371e-01
 3.808e+01 1.4064e-01 1.4064e-01 [ 2.1237e-12 2.0422e-04 2.6036e-02 1.1172e-01 2.6789e-03 ] 8.5936e-01
 3.819e+01 1.3505e-01 1.3505e-01 [ 1.6731e-12 1.8287e-04 2.4458e-02 1.0779e-01 2.6152e-03 ] 8.6495e-01
 3.831e+01 1.2954e-01 1.2954e-01 [ 1.3160e-12 1.6352e-04 2.2945e-02 1.0388e-01 2.5508e-03 ] 8.7046e-01
 3.842e+01 1.2413e-01 1.2413e-01 [ 1.0335e-12 1.4602e-04 2.1497e-02 9.9999e-02 2.4858e-03 ] 8.7587e-01
 3.853e+01 1.1881e-01 1.1881e-01 [ 8.1032e-13 1.3021e-04 2.0114e-02 9.6150e-02 2.4204e-03 ] 8.8118e-01
 3.865e+01 1.1361e-01 1.1361e-01 [ 6.3439e-13 1.1595e-04 1.8796e-02 9.2346e-02 2.3546e-03 ] 8.8639e-01
 3.876e+01 1.0853e-01 1.0853e-01 [ 4.9590e-13 1.0312e-04 1.7542e-02 8.8597e-02 2.2888e-03 ] 8.9147e-01
 3.887e+01 1.0358e-01 1.0358e-01 [ 3.8707e-13 9.1589e-05 1.6352e-02 8.4911e-02 2.2230e-03 ] 8.9642e-01
 3.899e+01 9.8759e-02 9.8759e-02 [ 3.0168e-13 8.1242e-05 1.5225e-02 8.1296e-02 2.1573e-03 ] 9.0124e-01
 3.910e+01 9.4081e-02 9.4081e-02 [ 2.3478e-13 7.1974e-05 1.4158e-02 7.7759e-02 2.0919e-03 ] 9.0592e-01
 3.921e+01 8.9548e-02 8.9548e-02 [ 1.8247e-13 6.3686e-05 1.3152e-02 7.4306e-02 2.0269e-03 ] 9.1045e-01
 3.933e+01 8.5164e-02 8.5164e-02 [ 1.4161e-13 5.6284e-05 1.2203e-02 7.0942e-02 1.9624e-03 ] 9.1484e-01
 3.944e+01 8.0931e-02 8.0931e-02 [ 1.0975e-13 4.9685e-05 1.1311e-02 6.7671e-02 1.8985e-03 ] 9.1907e-01
 3.955e+01 7.6851e-02 7.6851e-02 [ 8.4952e-14 4.3810e-05 1.0474e-02 6.4498e-02 1.8354e-03 ] 9.2315e-01
 3.967e+01 7.2925e-02 7.2925e-02 [ 6.5669e-14 3.8587e-05 9.6886e-03 6.1425e-02 1.7732e-03 ] 9.2707e-01
 3.978e+01 6.9153e-02 6.9153e-02 [ 5.0698e-14 3.3950e-05 8.9538e-03 5.8454e-02 1.7118e-03 ] 9.3085e-01
 3.989e+01 6.5535e-02 6.5535e-02 [ 3.9092e-14 2.9840e-05 8.2673e-03 5.5587e-02 1.6515e-03 ] 9.3446e-01
 4.001e+01 6.2069e-02 6.2069e-02 [ 3.0106e-14 2.6200e-05 7.6267e-03 5.2824e-02 1.5922e-03 ] 9.3793e-01
 4.012e+01 5.8753e-02 5.8753e-02 [ 2.3159e-14 2.2983e-05 7.0299e-03 5.0166e-02 1.5341e-03 ] 9.4125e-01
 4.023e+01 5.5585e-02 5.5585e-02 [ 1.7794e-14 2.0141e-05 6.4746e-03 4.7613e-02 1.4772e-03 ] 9.4441e-01
 4.035e+01 5.2561e-02 5.2561e-02 [ 1.3656e-14 1.7635e-05 5.9586e-03 4.5163e-02 1.4215e-03 ] 9.4744e-01
 4.046e+01 4.9679e-02 4.9679e-02 [ 1.0470e-14 1.5427e-05 5.4797e-03 4.2816e-02 1.3672e-03 ] 9.5032e-01
 4.057e+01 4.6934e-02 4.6934e-02 [ 8.0178e-15 1.3484e-05 5.0359e-03 4.0570e-02 1.3141e-03 ] 9.5307e-01
 4.069e+01 4.4322e-02 4.4322e-02 [ 6.1338e-15 1.1777e-05 4.6249e-03 3.8423e-02 1.2624e-03 ] 9.5568e-01
 4.080e+01 4.1840e-02 4.1840e-02 [ 4.6877e-15 1.0277e-05 4.2448e-03 3.6373e-02 1.2121e-03 ] 9.5816e-01
 4.091e+01 3.9483e-02 3.9483e-02 [ 3.5790e-15 8.9614e-06 3.8937e-03 3.4417e-02 1.1631e-03 ] 9.6052e-01
 4.103e+01 3.7246e-02 3.7246e-02 [ 2.7299e-15 7.8086e-06 3.5696e-03 3.2553e-02 1.1156e-03 ] 9.6275e-01
 4.114e+01 3.5125e-02 3.5125e-02 [ 2.0803e-15 6.7993e-06 3.2707e-03 3.0778e-02 1.0694e-03 ] 9.6487e-01
 4.125e+01 3.3115e-02 3.3115e-02 [ 1.5838e-15 5.9164e-06 2.9953e-03 2.9089e-02 1.0247e-03 ] 9.6688e-01
 4.137e+01 3.1211e-02 3.1211e-02 [ 1.2047e-15 5.1448e-06 2.7418e-03 2.7483e-02 9.8131e-04 ] 9.6879e-01
 4.148e+01 2.9410e-02 2.9410e-02 [ 9.1556e-16 4.4710e-06 2.5086e-03 2.5957e-02 9.3935e-04 ] 9.7059e-01
 4.159e+01 2.7705e-02 2.7705e-02 [ 6.9522e-16 3.8831e-06 2.2943e-03 2.4508e-02 8.9877e-04 ] 9.7229e-01
 4.171e+01 2.6094e-02 2.6094e-02 [ 5.2746e-16 3.3705e-06 2.0975e-03 2.3134e-02 8.5956e-04 ] 9.7391e-01
 4.182e+01 2.4571e-02 2.4571e-02 [ 3.9986e-16 2.9239e-06 1.9168e-03 2.1830e-02 8.2169e-04 ] 9.7543e-01
 4.193e+01 2.3133e-02 2.3133e-02 [ 3.0289e-16 2.5352e-06 1.7511e-03 2.0594e-02 7.8515e-04 ] 9.7687e-01
 4.205e+01 2.1774e-02 2.1774e-02 [ 2.2926e-16 2.1970e-06 1.5991e-03 1.9423e-02 7.4993e-04 ] 9.7823e-01
 4.216e+01 2.0492e-02 2.0492e-02 [ 1.7339e-16 1.9029e-06 1.4599e-03 1.8314e-02 7.1598e-04 ] 9.7951e-01
 4.227e+01 1.9282e-02 1.9282e-02 [ 1.3104e-16 1.6474e-06 1.3324e-03 1.7264e-02 6.8330e-04 ] 9.8072e-01
 4.239e+01 1.8140e-02 1.8140e-02 [ 9.8964e-17 1.4255e-06 1.2157e-03 1.6271e-02 6.5185e-04 ] 9.8186e-01
 4.250e+01 1.7063e-02 1.7063e-02 [ 7.4685e-17 1.2330e-06 1.1089e-03 1.5331e-02 6.2160e-04 ] 9.8294e-01
 4.261e+01 1.6048e-02 1.6048e-02 [ 5.6324e-17 1.0660e-06 1.0113e-03 1.4443e-02 5.9253e-04 ] 9.8395e-01
 4.273e+01 1.5091e-02 1.5091e-02 [ 4.2448e-17 9.2124e-07 9.2204e-04 1.3603e-02 5.6460e-04 ] 9.8491e-01
 4.284e+01 1.4189e-02 1.4189e-02 [ 3.1969e-17 7.9581e-07 8.4047e-04 1.2810e-02 5.3779e-04 ] 9.8581e-01
 4.295e+01 1.3339e-02 1.3339e-02 [ 2.4061e-17 6.8720e-07 7.6595e-04 1.2060e-02 5.1207e-04 ] 9.8666e-01
 4.307e+01 1.2538e-02 1.2538e-02 [ 1.8098e-17 5.9318e-07 6.9791e-04 1.1352e-02 4.8740e-04 ] 9.8746e-01
 4.318e+01 1.1783e-02 1.1783e-02 [ 1.3604e-17 5.1184e-07 6.3579e-04 1.0683e-02 4.6376e-04 ] 9.8822e-01
 4.329e+01 1.1073e-02 1.1073e-02 [ 1.0219e-17 4.4150e-07 5.7910e-04 1.0052e-02 4.4111e-04 ] 9.8893e-01
 4.341e+01 1.0404e-02 1.0404e-02 [ 7.6723e-18 3.8069e-07 5.2737e-04 9.4564e-03 4.1942e-04 ] 9.8960e-01
 4.352e+01 9.7735e-03 9.7735e-03 [ 5.7566e-18 3.2815e-07 4.8019e-04 8.8943e-03 3.9866e-04 ] 9.9023e-01
 4.363e+01 9.1804e-03 9.1804e-03 [ 4.3168e-18 2.8277e-07 4.3716e-04 8.3641e-03 3.7880e-04 ] 9.9082e-01
 4.375e+01 8.6220e-03 8.6220e-03 [ 3.2352e-18 2.4359e-07 3.9793e-04 7.8641e-03 3.5981e-04 ] 9.9138e-01
 4.386e+01 8.0965e-03 8.0965e-03 [ 2.4232e-18 2.0978e-07 3.6216e-04 7.3925e-03 3.4166e-04 ] 9.9190e-01
 4.397e+01 7.6020e-03 7.6020e-03 [ 1.8141e-18 1.8060e-07 3.2957e-04 6.9479e-03 3.2432e-04 ] 9.9240e-01
 4.409e+01 7.1366e-03 7.1366e-03 [ 1.3573e-18 1.5544e-07 2.9987e-04 6.5288e-03 3.0776e-04 ] 9.9286e-01
 4.420e+01 6.6988e-03 6.6988e-03 [ 1.0150e-18 1.3375e-07 2.7281e-04 6.1339e-03 2.9196e-04 ] 9.9330e-01
 4.431e+01 6.2869e-03 6.2869e-03 [ 7.5859e-19 1.1505e-07 2.4816e-04 5.7617e-03 2.7687e-04 ] 9.9371e-01
 4.443e+01 5.8994e-03 5.8994e-03 [ 5.6667e-19 9.8941e-08 2.2570e-04 5.4111e-03 2.6249e-04 ] 9.9410e-01
 4.454e+01 5.5350e-03 5.5350e-03 [ 4.2309e-19 8.5065e-08 2.0526e-04 5.0809e-03 2.4877e-04 ] 9.9446e-01
 4.465e+01 5.1923e-03 5.1923e-03 [ 3.1573e-19 7.3117e-08 1.8664e-04 4.7699e-03 2.3570e-04 ] 9.9481e-01
 4.477e+01 4.8701e-03 4.8701e-03 [ 2.3549e-19 6.2831e-08 1.6970e-04 4.4771e-03 2.2325e-04 ] 9.9513e-01
 4.488e+01 4.5672e-03 4.5672e-03 [ 1.7556e-19 5.3978e-08 1.5427e-04 4.2014e-03 2.1140e-04 ] 9.9543e-01
 4.499e+01 4.2824e-03 4.2824e-03 [ 1.3082e-19 4.6362e-08 1.4023e-04 3.9420e-03 2.0011e-04 ] 9.9572e-01
 4.511e+01 4.0147e-03 4.0147e-03 [ 9.7431e-20 3.9811e-08 1.2745e-04 3.6978e-03 1.8937e-04 ] 9.9599e-01
 4.522e+01 3.7631e-03 3.7631e-03 [ 7.2530e-20 3.4178e-08 1.1582e-04 3.4681e-03 1.7915e-04 ] 9.9624e-01
 4.533e+01 3.5267e-03 3.5267e-03 [ 5.3968e-20 2.9335e-08 1.0524e-04 3.2520e-03 1.6943e-04 ] 9.9647e-01
 4.545e+01 3.3046e-03 3.3046e-03 [ 4.0137e-20 2.5172e-08 9.5610e-05 3.0487e-03 1.6020e-04 ] 9.9670e-01
 4.556e+01 3.0959e-03 3.0959e-03 [ 2.9837e-20 2.1596e-08 8.6853e-05 2.8576e-03 1.5142e-04 ] 9.9690e-01
 4.567e+01 2.8999e-03 2.8999e-03 [ 2.2171e-20 1.8523e-08 7.8888e-05 2.6779e-03 1.4308e-04 ] 9.9710e-01
 4.579e+01 2.7158e-03 2.7158e-03 [ 1.6466e-20 1.5884e-08 7.1645e-05 2.5090e-03 1.3517e-04 ] 9.9728e-01
 4.590e+01 2.5430e-03 2.5430e-03 [ 1.2224e-20 1.3618e-08 6.5057e-05 2.3502e-03 1.2765e-04 ] 9.9746e-01
 4.601e+01 2.3807e-03 2.3807e-03 [ 9.0709e-21 1.1672e-08 5.9068e-05 2.2011e-03 1.2052e-04 ] 9.9762e-01
 4.613e+01 2.2283e-03 2.2283e-03 [ 6.7281e-21 1.0003e-08 5.3622e-05 2.0609e-03 1.1375e-04 ] 9.9777e-01
 4.624e+01 2.0853e-03 2.0853e-03 [ 4.9882e-21 8.5701e-09 4.8672e-05 1.9293e-03 1.0734e-04 ] 9.9791e-01
 4.635e+01 1.9512e-03 1.9512e-03 [ 3.6966e-21 7.3410e-09 4.4172e-05 1.8057e-03 1.0126e-04 ] 9.9805e-01
 4.647e+01 1.8253e-03 1.8253e-03 [ 2.7383e-21 6.2868e-09 4.0082e-05 1.6897e-03 9.5491e-05 ] 9.9817e-01
 4.658e+01 1.7072e-03 1.7072e-03 [ 2.0275e-21 5.3828e-09 3.6365e-05 1.5808e-03 9.0030e-05 ] 9.9829e-01
 4.669e+01 1.5964e-03 1.5964e-03 [ 1.5006e-21 4.6078e-09 3.2988e-05 1.4786e-03 8.4858e-05 ] 9.9840e-01
 4.681e+01 1.4925e-03 1.4925e-03 [ 1.1102e-21 3.9435e-09 2.9920e-05 1.3826e-03 7.9961e-05 ] 9.9851e-01
 4.692e+01 1.3951e-03 1.3951e-03 [ 8.2097e-22 3.3742e-09 2.7133e-05 1.2927e-03 7.5326e-05 ] 9.9860e-01
 4.703e+01 1.3038e-03 1.3038e-03 [ 6.0685e-22 2.8865e-09 2.4601e-05 1.2083e-03 7.0940e-05 ] 9.9870e-01
 4.715e+01 1.2183e-03 1.2183e-03 [ 4.4839e-22 2.4687e-09 2.2302e-05 1.1292e-03 6.6791e-05 ] 9.9878e-01
 4.726e+01 1.1381e-03 1.1381e-03 [ 3.3117e-22 2.1109e-09 2.0214e-05 1.0550e-03 6.2868e-05 ] 9.9886e-01
 4.737e+01 1.0630e-03 1.0630e-03 [ 2.4449e-22 1.8045e-09 1.8319e-05 9.8548e-04 5.9160e-05 ] 9.9894e-01
 4.749e+01 9.9259e-04 9.9259e-04 [ 1.8042e-22 1.5423e-09 1.6598e-05 9.2034e-04 5.5655e-05 ] 9.9901e-01
 4.760e+01 9.2669e-04 9.2669e-04 [ 1.3309e-22 1.3178e-09 1.5036e-05 8.5931e-04 5.2343e-05 ] 9.9907e-01
 4.771e+01 8.6498e-04 8.6498e-04 [ 9.8134e-23 1.1258e-09 1.3619e-05 8.0215e-04 4.9216e-05 ] 9.9914e-01
 4.783e+01 8.0721e-04 8.0721e-04 [ 7.2330e-23 9.6152e-10 1.2332e-05 7.4862e-04 4.6263e-05 ] 9.9919e-01
 4.794e+01 7.5315e-04 7.5315e-04 [ 5.3289e-23 8.2101e-10 1.1166e-05 6.9850e-04 4.3476e-05 ] 9.9925e-01
 4.805e+01 7.0255e-04 7.0255e-04 [ 3.9244e-23 7.0087e-10 1.0107e-05 6.5160e-04 4.0845e-05 ] 9.9930e-01
 4.817e+01 6.5522e-04 6.5522e-04 [ 2.8890e-23 5.9817e-10 9.1473e-06 6.0770e-04 3.8364e-05 ] 9.9934e-01
 4.828e+01 6.1094e-04 6.1094e-04 [ 2.1258e-23 5.1039e-10 8.2769e-06 5.6664e-04 3.6024e-05 ] 9.9939e-01
 4.839e+01 5.6953e-04 5.6953e-04 [ 1.5636e-23 4.3538e-10 7.4878e-06 5.2823e-04 3.3817e-05 ] 9.9943e-01
 4.851e+01 5.3082e-04 5.3082e-04 [ 1.1497e-23 3.7131e-10 6.7724e-06 4.9231e-04 3.1738e-05 ] 9.9947e-01
 4.862e+01 4.9463e-04 4.9463e-04 [ 8.4493e-24 3.1658e-10 6.1242e-06 4.5873e-04 2.9779e-05 ] 9.9951e-01
 4.873e+01 4.6081e-04 4.6081e-04 [ 6.2072e-24 2.6985e-10 5.5368e-06 4.2734e-04 2.7933e-05 ] 9.9954e-01
 4.885e+01 4.2921e-04 4.2921e-04 [ 4.5582e-24 2.2996e-10 5.0046e-06 3.9801e-04 2.6194e-05 ] 9.9957e-01
 4.896e+01 3.9969e-04 3.9969e-04 [ 3.3459e-24 1.9591e-10 4.5226e-06 3.7061e-04 2.4558e-05 ] 9.9960e-01
 4.907e+01 3.7212e-04 3.7212e-04 [ 2.4550e-24 1.6687e-10 4.0861e-06 3.4501e-04 2.3018e-05 ] 9.9963e-01
 4.919e+01 3.4637e-04 3.4637e-04 [ 1.8006e-24 1.4209e-10 3.6909e-06 3.2111e-04 2.1569e-05 ] 9.9965e-01
 4.930e+01 3.2233e-04 3.2233e-04 [ 1.3201e-24 1.2095e-10 3.3332e-06 2.9880e-04 2.0205e-05 ] 9.9968e-01
 4.941e+01 2.9990e-04 2.9990e-04 [ 9.6739e-25 1.0294e-10 3.0094e-06 2.7797e-04 1.8923e-05 ] 9.9970e-01
 4.953e+01 2.7897e-04 2.7897e-04 [ 7.0864e-25 8.7578e-11 2.7165e-06 2.5853e-04 1.7718e-05 ] 9.9972e-01
 4.964e+01 2.5944e-04 2.5944e-04 [ 5.1889e-25 7.4491e-11 2.4515e-06 2.4040e-04 1.6586e-05 ] 9.9974e-01
 4.975e+01 2.4122e-04 2.4122e-04 [ 3.7978e-25 6.3342e-11 2.2118e-06 2.2349e-04 1.5521e-05 ] 9.9976e-01
 4.987e+01 2.2424e-04 2.2424e-04 [ 2.7785e-25 5.3846e-11 1.9951e-06 2.0772e-04 1.4522e-05 ] 9.9978e-01
 4.998e+01 2.0840e-04 2.0840e-04 [ 2.0320e-25 4.5761e-11 1.7991e-06 1.9302e-04 1.3583e-05 ] 9.9979e-01
 5.009e+01 1.9364e-04 1.9364e-04 [ 1.4854e-25 3.8878e-11 1.6221e-06 1.7932e-04 1.2701e-05 ] 9.9981e-01
 5.021e+01 1.7989e-04 1.7989e-04 [ 1.0854e-25 3.3021e-11 1.4620e-06 1.6655e-04 1.1874e-05 ] 9.9982e-01
 5.032e+01 1.6707e-04 1.6707e-04 [ 7.9273e-26 2.8038e-11 1.3175e-06 1.5466e-04 1.1098e-05 ] 9.9983e-01
 5.043e+01 1.5514e-04 1.5514e-04 [ 5.7875e-26 2.3800e-11 1.1869e-06 1.4358e-04 1.0370e-05 ] 9.9984e-01
 5.055e+01 1.4402e-04 1.4402e-04 [ 4.2235e-26 2.0196e-11 1.0691e-06 1.3326e-04 9.6872e-06 ] 9.9986e-01
 5.066e+01 1.3367e-04 1.3367e-04 [ 3.0809e-26 1.7133e-11 9.6264e-07 1.2366e-04 9.0471e-06 ] 9.9987e-01
 5.077e+01 1.2404e-04 1.2404e-04 [ 2.2464e-26 1.4530e-11 8.6659e-07 1.1473e-04 8.4472e-06 ] 9.9988e-01
 5.089e+01 1.1508e-04 1.1508e-04 [ 1.6372e-26 1.2319e-11 7.7993e-07 1.0641e-04 7.8851e-06 ] 9.9988e-01
 5.100e+01 1.0674e-04 1.0674e-04 [ 1.1928e-26 1.0441e-11 7.0175e-07 9.8675e-05 7.3585e-06 ] 9.9989e-01
 5.111e+01 9.8977e-05 9.8977e-05 [ 8.6857e-27 8.8465e-12 6.3125e-07 9.1481e-05 6.8653e-06 ] 9.9990e-01
 5.123e+01 9.1763e-05 9.1763e-05 [ 6.3222e-27 7.4931e-12 5.6768e-07 8.4792e-05 6.4036e-06 ] 9.9991e-01
 5.134e+01 8.5056e-05 8.5056e-05 [ 4.5998e-27 6.3448e-12 5.1038e-07 7.8574e-05 5.9715e-06 ] 9.9991e-01
 5.145e+01 7.8821e-05 7.8821e-05 [ 3.3452e-27 5.3707e-12 4.5875e-07 7.2795e-05 5.5671e-06 ] 9.9992e-01
 5.157e+01 7.3027e-05 7.3027e-05 [ 2.4317e-27 4.5448e-12 4.1223e-07 6.7426e-05 5.1888e-06 ] 9.9993e-01
 5.168e+01 6.7644e-05 6.7644e-05 [ 1.7669e-27 3.8446e-12 3.7033e-07 6.2439e-05 4.8350e-06 ] 9.9993e-01
 5.179e+01 6.2644e-05 6.2644e-05 [ 1.2833e-27 3.2512e-12 3.3260e-07 5.7807e-05 4.5042e-06 ] 9.9994e-01
 5.191e+01 5.8000e-05 5.8000e-05 [ 9.3164e-28 2.7485e-12 2.9863e-07 5.3507e-05 4.1949e-06 ] 9.9994e-01
 5.202e+01 5.3689e-05 5.3689e-05 [ 6.7604e-28 2.3228e-12 2.6807e-07 4.9515e-05 3.9060e-06 ] 9.9995e-01
 5.213e+01 4.9687e-05 4.9687e-05 [ 4.9035e-28 1.9623e-12 2.4056e-07 4.5810e-05 3.6360e-06 ] 9.9995e-01
 5.225e+01 4.5973e-05 4.5973e-05 [ 3.5550e-28 1.6572e-12 2.1582e-07 4.2373e-05 3.3839e-06 ] 9.9995e-01
 5.236e+01 4.2527e-05 4.2527e-05 [ 2.5762e-28 1.3991e-12 1.9358e-07 3.9185e-05 3.1484e-06 ] 9.9996e-01
 5.247e+01 3.9331e-05 3.9331e-05 [ 1.8661e-28 1.1808e-12 1.7358e-07 3.6229e-05 2.9287e-06 ] 9.9996e-01
 5.259e+01 3.6367e-05 3.6367e-05 [ 1.3511e-28 9.9625e-13 1.5560e-07 3.3488e-05 2.7236e-06 ] 9.9996e-01
 5.270e+01 3.3619e-05 3.3619e-05 [ 9.7777e-29 8.4024e-13 1.3945e-07 3.0947e-05 2.5322e-06 ] 9.9997e-01
 5.281e+01 3.1071e-05 3.1071e-05 [ 7.0728e-29 7.0841e-13 1.2494e-07 2.8593e-05 2.3537e-06 ] 9.9997e-01
 5.293e+01 2.8711e-05 2.8711e-05 [ 5.1139e-29 5.9706e-13 1.1191e-07 2.6411e-05 2.1872e-06 ] 9.9997e-01
 5.304e+01 2.6523e-05 2.6523e-05 [ 3.6958e-29 5.0304e-13 1.0021e-07 2.4391e-05 2.0320e-06 ] 9.9997e-01
 5.315e+01 2.4497e-05 2.4497e-05 [ 2.6697e-29 4.2368e-13 8.9711e-08 2.2520e-05 1.8874e-06 ] 9.9998e-01
 5.327e+01 2.2621e-05 2.2621e-05 [ 1.9276e-29 3.5671e-13 8.0289e-08 2.0788e-05 1.7526e-06 ] 9.9998e-01
 5.338e+01 2.0884e-05 2.0884e-05 [ 1.3912e-29 3.0023e-13 7.1837e-08 1.9185e-05 1.6271e-06 ] 9.9998e-01
 5.349e+01 1.9275e-05 1.9275e-05 [ 1.0036e-29 2.5260e-13 6.4257e-08 1.7701e-05 1.5102e-06 ] 9.9998e-01
 5.361e+01 1.7787e-05 1.7787e-05 [ 7.2361e-30 2.1245e-13 5.7462e-08 1.6328e-05 1.4013e-06 ] 9.9998e-01
 5.372e+01 1.6410e-05 1.6410e-05 [ 5.2150e-30 1.7862e-13 5.1370e-08 1.5059e-05 1.3000e-06 ] 9.9998e-01
 5.383e+01 1.5136e-05 1.5136e-05 [ 3.7567e-30 1.5012e-13 4.5912e-08 1.3885e-05 1.2057e-06 ] 9.9998e-01
 5.395e+01 1.3958e-05 1.3958e-05 [ 2.7050e-30 1.2613e-13 4.1023e-08 1.2799e-05 1.1179e-06 ] 9.9999e-01
 5.406e+01 1.2869e-05 1.2869e-05 [ 1.9467e-30 1.0593e-13 3.6644e-08 1.1796e-05 1.0363e-06 ] 9.9999e-01
 5.417e+01 1.1863e-05 1.1863e-05 [ 1.4004e-30 8.8933e-14 3.2724e-08 1.0869e-05 9.6046e-07 ] 9.9999e-01
 5.429e+01 1.0932e-05 1.0932e-05 [ 1.0069e-30 7.4638e-14 2.9215e-08 1.0013e-05 8.8993e-07 ] 9.9999e-01
 5.440e+01 1.0072e-05 1.0072e-05 [ 7.2363e-31 6.2618e-14 2.6075e-08 9.2220e-06 8.2437e-07 ] 9.9999e-01
 5.451e+01 9.2783e-06 9.2783e-06 [ 5.1981e-31 5.2515e-14 2.3266e-08 8.4916e-06 7.6346e-07 ] 9.9999e-01
 5.463e+01 8.5449e-06 8.5449e-06 [ 3.7322e-31 4.4026e-14 2.0754e-08 7.8173e-06 7.0688e-07 ] 9.9999e-01
 5.474e+01 7.8677e-06 7.8677e-06 [ 2.6784e-31 3.6896e-14 1.8508e-08 7.1949e-06 6.5433e-07 ] 9.9999e-01
 5.485e+01 7.2426e-06 7.2426e-06 [ 1.9213e-31 3.0909e-14 1.6501e-08 6.6206e-06 6.0555e-07 ] 9.9999e-01
 5.497e+01 6.6657e-06 6.6657e-06 [ 1.3775e-31 2.5885e-14 1.4707e-08 6.0907e-06 5.6027e-07 ] 9.9999e-01
 5.508e+01 6.1334e-06 6.1334e-06 [ 9.8715e-32 2.1669e-14 1.3104e-08 5.6021e-06 5.1824e-07 ] 9.9999e-01
 5.519e+01 5.6424e-06 5.6424e-06 [ 7.0708e-32 1.8133e-14 1.1673e-08 5.1514e-06 4.7926e-07 ] 9.9999e-01
 5.531e+01 5.1895e-06 5.1895e-06 [ 5.0623e-32 1.5169e-14 1.0396e-08 4.7360e-06 4.4310e-07 ] 9.9999e-01
 5.542e+01 4.7719e-06 4.7719e-06 [ 3.6226e-32 1.2684e-14 9.2555e-09 4.3531e-06 4.0957e-07 ] 1.0000e+00
 5.553e+01 4.3870e-06 4.3870e-06 [ 2.5910e-32 1.0603e-14 8.2379e-09 4.0003e-06 3.7849e-07 ] 1.0000e+00
 5.565e+01 4.0322e-06 4.0322e-06 [ 1.8524e-32 8.8596e-15 7.3302e-09 3.6752e-06 3.4969e-07 ] 1.0000e+00
 5.576e+01 3.7053e-06 3.7053e-06 [ 1.3236e-32 7.4003e-15 6.5208e-09 3.3758e-06 3.2299e-07 ] 1.0000e+00
 5.587e+01 3.4042e-06 3.4042e-06 [ 9.4536e-33 6.1790e-15 5.7991e-09 3.1001e-06 2.9827e-07 ] 1.0000e+00
 5.599e+01 3.1268e-06 3.1268e-06 [ 6.7487e-33 5.1574e-15 5.1558e-09 2.8463e-06 2.7537e-07 ] 1.0000e+00
 5.610e+01 2.8714e-06 2.8714e-06 [ 4.8154e-33 4.3031e-15 4.5826e-09 2.6127e-06 2.5417e-07 ] 1.0000e+00
 5.621e+01 2.6363e-06 2.6363e-06 [ 3.4342e-33 3.5890e-15 4.0721e-09 2.3977e-06 2.3455e-07 ] 1.0000e+00
 5.633e+01 2.4200e-06 2.4200e-06 [ 2.4480e-33 2.9923e-15 3.6174e-09 2.2000e-06 2.1639e-07 ] 1.0000e+00
 5.644e+01 2.2209e-06 2.2209e-06 [ 1.7442e-33 2.4938e-15 3.2126e-09 2.0181e-06 1.9958e-07 ] 1.0000e+00
 5.655e+01 2.0377e-06 2.0377e-06 [ 1.2421e-33 2.0776e-15 2.8523e-09 1.8508e-06 1.8404e-07 ] 1.0000e+00
 5.667e+01 1.8692e-06 1.8692e-06 [ 8.8412e-34 1.7302e-15 2.5317e-09 1.6970e-06 1.6967e-07 ] 1.0000e+00
 5.678e+01 1.7143e-06 1.7143e-06 [ 6.2900e-34 1.4404e-15 2.2465e-09 1.5557e-06 1.5639e-07 ] 1.0000e+00
 5.689e+01 1.5719e-06 1.5719e-06 [ 4.4728e-34 1.1987e-15 1.9929e-09 1.4258e-06 1.4411e-07 ] 1.0000e+00
 5.701e+01 1.4410e-06 1.4410e-06 [ 3.1790e-34 9.9712e-16 1.7675e-09 1.3064e-06 1.3276e-07 ] 1.0000e+00
 5.712e+01 1.3207e-06 1.3207e-06 [ 2.2584e-34 8.2915e-16 1.5671e-09 1.1968e-06 1.2228e-07 ] 1.0000e+00
 5.723e+01 1.2102e-06 1.2102e-06 [ 1.6036e-34 6.8922e-16 1.3890e-09 1.0962e-06 1.1260e-07 ] 1.0000e+00
 5.735e+01 1.1087e-06 1.1087e-06 [ 1.1381e-34 5.7268e-16 1.2309e-09 1.0038e-06 1.0366e-07 ] 1.0000e+00
 5.746e+01 1.0154e-06 1.0154e-06 [ 8.0728e-35 4.7567e-16 1.0904e-09 9.1894e-07 9.5409e-08 ] 1.0000e+00
 5.757e+01 9.2986e-07 9.2986e-07 [ 5.7237e-35 3.9494e-16 9.6573e-10 8.4110e-07 8.7794e-08 ] 1.0000e+00
 5.769e+01 8.5131e-07 8.5131e-07 [ 4.0561e-35 3.2779e-16 8.5506e-10 7.6969e-07 8.0768e-08 ] 1.0000e+00
 5.780e+01 7.7922e-07 7.7922e-07 [ 2.8729e-35 2.7195e-16 7.5686e-10 7.0418e-07 7.4286e-08 ] 1.0000e+00
 5.791e+01 7.1309e-07 7.1309e-07 [ 2.0339e-35 2.2554e-16 6.6976e-10 6.4411e-07 6.8309e-08 ] 1.0000e+00
 5.803e+01 6.5242e-07 6.5242e-07 [ 1.4392e-35 1.8698e-16 5.9251e-10 5.8903e-07 6.2798e-08 ] 1.0000e+00
 5.814e+01 5.9679e-07 5.9679e-07 [ 1.0179e-35 1.5495e-16 5.2404e-10 5.3855e-07 5.7718e-08 ] 1.0000e+00
 5.825e+01 5.4578e-07 5.4578e-07 [ 7.1953e-36 1.2836e-16 4.6334e-10 4.9228e-07 5.3037e-08 ] 1.0000e+00
 5.837e+01 4.9903e-07 4.9903e-07 [ 5.0838e-36 1.0629e-16 4.0957e-10 4.4989e-07 4.8724e-08 ] 1.0000e+00
 5.848e+01 4.5618e-07 4.5618e-07 [ 3.5902e-36 8.7981e-17 3.6193e-10 4.1107e-07 4.4751e-08 ] 1.0000e+00
 5.859e+01 4.1692e-07 4.1692e-07 [ 2.5341e-36 7.2798e-17 3.1975e-10 3.7551e-07 4.1093e-08 ] 1.0000e+00
 5.871e+01 3.8095e-07 3.8095e-07 [ 1.7878e-36 6.0212e-17 2.8241e-10 3.4295e-07 3.7725e-08 ] 1.0000e+00
 5.882e+01 3.4802e-07 3.4802e-07 [ 1.2607e-36 4.9783e-17 2.4936e-10 3.1314e-07 3.4625e-08 ] 1.0000e+00
 5.893e+01 3.1786e-07 3.1786e-07 [ 8.8850e-37 4.1144e-17 2.2011e-10 2.8587e-07 3.1772e-08 ] 1.0000e+00
 5.905e+01 2.9025e-07 2.9025e-07 [ 6.2589e-37 3.3991e-17 1.9425e-10 2.6091e-07 2.9148e-08 ] 1.0000e+00
 5.916e+01 2.6499e-07 2.6499e-07 [ 4.4068e-37 2.8071e-17 1.7137e-10 2.3808e-07 2.6734e-08 ] 1.0000e+00
 5.927e+01 2.4187e-07 2.4187e-07 [ 3.1012e-37 2.3172e-17 1.5115e-10 2.1720e-07 2.4514e-08 ] 1.0000e+00
 5.939e+01 2.2072e-07 2.2072e-07 [ 2.1813e-37 1.9121e-17 1.3327e-10 1.9811e-07 2.2474e-08 ] 1.0000e+00
 5.950e+01 2.0137e-07 2.0137e-07 [ 1.5335e-37 1.5772e-17 1.1748e-10 1.8066e-07 2.0598e-08 ] 1.0000e+00
 5.961e+01 1.8369e-07 1.8369e-07 [ 1.0775e-37 1.3005e-17 1.0353e-10 1.6471e-07 1.8875e-08 ] 1.0000e+00
 5.973e+01 1.6752e-07 1.6752e-07 [ 7.5677e-38 1.0719e-17 9.1215e-11 1.5013e-07 1.7292e-08 ] 1.0000e+00
 5.984e+01 1.5274e-07 1.5274e-07 [ 5.3122e-38 8.8309e-18 8.0340e-11 1.3682e-07 1.5838e-08 ] 1.0000e+00
 5.995e+01 1.3923e-07 1.3923e-07 [ 3.7271e-38 7.2728e-18 7.0742e-11 1.2466e-07 1.4503e-08 ] 1.0000e+00
 6.007e+01 1.2689e-07 1.2689e-07 [ 2.6136e-38 5.9871e-18 6.2274e-11 1.1355e-07 1.3278e-08 ] 1.0000e+00
 6.018e+01 1.1562e-07 1.1562e-07 [ 1.8319e-38 4.9268e-18 5.4804e-11 1.0341e-07 1.2153e-08 ] 1.0000e+00
 6.029e+01 1.0533e-07 1.0533e-07 [ 1.2833e-38 4.0526e-18 4.8217e-11 9.4161e-08 1.1121e-08 ] 1.0000e+00
 6.041e+01 9.5934e-08 9.5934e-08 [ 8.9853e-39 3.3322e-18 4.2410e-11 8.5717e-08 1.0174e-08 ] 1.0000e+00
 6.052e+01 8.7357e-08 8.7357e-08 [ 6.2881e-39 2.7388e-18 3.7291e-11 7.8014e-08 9.3059e-09 ] 1.0000e+00
 6.063e+01 7.9530e-08 7.9530e-08 [ 4.3983e-39 2.2501e-18 3.2782e-11 7.0987e-08 8.5098e-09 ] 1.0000e+00
 6.075e+01 7.2389e-08 7.2389e-08 [ 3.0749e-39 1.8479e-18 2.8810e-11 6.4580e-08 7.7800e-09 ] 1.0000e+00
 6.086e+01 6.5875e-08 6.5875e-08 [ 2.1486e-39 1.5170e-18 2.5312e-11 5.8738e-08 7.1112e-09 ] 1.0000e+00
 6.097e+01 5.9934e-08 5.9934e-08 [ 1.5005e-39 1.2448e-18 2.2232e-11 5.3413e-08 6.4984e-09 ] 1.0000e+00
 6.109e+01 5.4517e-08 5.4517e-08 [ 1.0474e-39 1.0210e-18 1.9522e-11 4.8561e-08 5.9370e-09 ] 1.0000e+00
 6.120e+01 4.9580e-08 4.9580e-08 [ 7.3075e-40 8.3714e-19 1.7137e-11 4.4140e-08 5.4230e-09 ] 1.0000e+00
 6.131e+01 4.5080e-08 4.5080e-08 [ 5.0956e-40 6.8609e-19 1.5040e-11 4.0112e-08 4.9523e-09 ] 1.0000e+00
 6.143e+01 4.0979e-08 4.0979e-08 [ 3.5514e-40 5.6206e-19 1.3195e-11 3.6445e-08 4.5214e-09 ] 1.0000e+00
 6.154e+01 3.7244e-08 3.7244e-08 [ 2.4738e-40 4.6026e-19 1.1573e-11 3.3105e-08 4.1271e-09 ] 1.0000e+00
 6.165e+01 3.3842e-08 3.3842e-08 [ 1.7224e-40 3.7674e-19 1.0148e-11 3.0065e-08 3.7663e-09 ] 1.0000e+00
 6.177e+01 3.0744e-08 3.0744e-08 [ 1.1985e-40 3.0825e-19 8.8960e-12 2.7299e-08 3.4362e-09 ] 1.0000e+00
 6.188e+01 2.7924e-08 2.7924e-08 [ 8.3357e-41 2.5210e-19 7.7961e-12 2.4781e-08 3.1344e-09 ] 1.0000e+00
 6.199e+01 2.5357e-08 2.5357e-08 [ 5.7944e-41 2.0609e-19 6.8302e-12 2.2491e-08 2.8585e-09 ] 1.0000e+00
 6.211e+01 2.3021e-08 2.3021e-08 [ 4.0258e-41 1.6841e-19 5.9823e-12 2.0409e-08 2.6062e-09 ] 1.0000e+00
 6.222e+01 2.0896e-08 2.0896e-08 [ 2.7955e-41 1.3756e-19 5.2382e-12 1.8515e-08 2.3757e-09 ] 1.0000e+00
 6.233e+01 1.8963e-08 1.8963e-08 [ 1.9402e-41 1.1231e-19 4.5852e-12 1.6793e-08 2.1651e-09 ] 1.0000e+00
 6.245e+01 1.7205e-08 1.7205e-08 [ 1.3459e-41 9.1659e-20 4.0125e-12 1.5228e-08 1.9727e-09 ] 1.0000e+00
 6.256e+01 1.5607e-08 1.5607e-08 [ 9.3309e-42 7.4771e-20 3.5103e-12 1.3806e-08 1.7970e-09 ] 1.0000e+00
 6.267e+01 1.4154e-08 1.4154e-08 [ 6.4657e-42 6.0968e-20 3.0701e-12 1.2514e-08 1.6366e-09 ] 1.0000e+00
 6.279e+01 1.2834e-08 1.2834e-08 [ 4.4779e-42 4.9691e-20 2.6843e-12 1.1341e-08 1.4901e-09 ] 1.0000e+00
 6.290e+01 1.1634e-08 1.1634e-08 [ 3.0996e-42 4.0482e-20 2.3463e-12 1.0275e-08 1.3565e-09 ] 1.0000e+00
 6.301e+01 1.0544e-08 1.0544e-08 [ 2.1444e-42 3.2965e-20 2.0502e-12 9.3079e-09 1.2345e-09 ] 1.0000e+00
 6.313e+01 9.5548e-09 9.5548e-09 [ 1.4827e-42 2.6832e-20 1.7910e-12 8.4297e-09 1.1233e-09 ] 1.0000e+00
 6.324e+01 8.6562e-09 8.6562e-09 [ 1.0247e-42 2.1830e-20 1.5640e-12 7.6328e-09 1.0219e-09 ] 1.0000e+00
 6.335e+01 7.8405e-09 7.8405e-09 [ 7.0774e-43 1.7753e-20 1.3654e-12 6.9097e-09 9.2941e-10 ] 1.0000e+00
 6.347e+01 7.1001e-09 7.1001e-09 [ 4.8857e-43 1.4430e-20 1.1917e-12 6.2538e-09 8.4511e-10 ] 1.0000e+00
 6.358e+01 6.4283e-09 6.4283e-09 [ 3.3709e-43 1.1724e-20 1.0397e-12 5.6590e-09 7.6829e-10 ] 1.0000e+00
 6.369e+01 5.8188e-09 5.8188e-09 [ 2.3245e-43 9.5212e-21 9.0687e-13 5.1196e-09 6.9829e-10 ] 1.0000e+00
 6.381e+01 5.2660e-09 5.2660e-09 [ 1.6020e-43 7.7286e-21 7.9074e-13 4.6307e-09 6.3453e-10 ] 1.0000e+00
 6.392e+01 4.7647e-09 4.7647e-09 [ 1.1035e-43 6.2705e-21 6.8926e-13 4.1876e-09 5.7646e-10 ] 1.0000e+00
 6.403e+01 4.3103e-09 4.3103e-09 [ 7.5967e-44 5.0852e-21 6.0062e-13 3.7861e-09 5.2359e-10 ] 1.0000e+00
 6.415e+01 3.8983e-09 3.8983e-09 [ 5.2269e-44 4.1219e-21 5.2321e-13 3.4223e-09 4.7546e-10 ] 1.0000e+00
 6.426e+01 3.5250e-09 3.5250e-09 [ 3.5943e-44 3.3395e-21 4.5562e-13 3.0929e-09 4.3166e-10 ] 1.0000e+00
 6.437e+01 3.1867e-09 3.1867e-09 [ 2.4703e-44 2.7044e-21 3.9664e-13 2.7945e-09 3.9181e-10 ] 1.0000e+00
 6.449e+01 2.8803e-09 2.8803e-09 [ 1.6968e-44 2.1889e-21 3.4518e-13 2.5244e-09 3.5555e-10 ] 1.0000e+00
 6.460e+01 2.6028e-09 2.6028e-09 [ 1.1649e-44 1.7709e-21 3.0029e-13 2.2800e-09 3.2258e-10 ] 1.0000e+00
 6.471e+01 2.3516e-09 2.3516e-09 [ 7.9923e-45 1.4320e-21 2.6115e-13 2.0587e-09 2.9261e-10 ] 1.0000e+00
 6.483e+01 2.1241e-09 2.1241e-09 [ 5.4804e-45 1.1573e-21 2.2704e-13 1.8586e-09 2.6536e-10 ] 1.0000e+00
 6.494e+01 1.9183e-09 1.9183e-09 [ 3.7559e-45 9.3489e-22 1.9731e-13 1.6775e-09 2.4059e-10 ] 1.0000e+00
 6.505e+01 1.7320e-09 1.7320e-09 [ 2.5725e-45 7.5483e-22 1.7142e-13 1.5138e-09 2.1809e-10 ] 1.0000e+00
 6.517e+01 1.5635e-09 1.5635e-09 [ 1.7610e-45 6.0914e-22 1.4887e-13 1.3657e-09 1.9764e-10 ] 1.0000e+00
 6.528e+01 1.4111e-09 1.4111e-09 [ 1.2047e-45 4.9132e-22 1.2924e-13 1.2319e-09 1.7908e-10 ] 1.0000e+00
 6.539e+01 1.2733e-09 1.2733e-09 [ 8.2371e-46 3.9608e-22 1.1216e-13 1.1110e-09 1.6222e-10 ] 1.0000e+00
 6.551e+01 1.1487e-09 1.1487e-09 [ 5.6286e-46 3.1914e-22 9.7295e-14 1.0017e-09 1.4692e-10 ] 1.0000e+00
 6.562e+01 1.0361e-09 1.0361e-09 [ 3.8439e-46 2.5700e-22 8.4371e-14 9.0294e-10 1.3303e-10 ] 1.0000e+00
 6.573e+01 9.3428e-10 9.3428e-10 [ 2.6235e-46 2.0686e-22 7.3136e-14 8.1378e-10 1.2043e-10 ] 1.0000e+00
 6.585e+01 8.4232e-10 8.4232e-10 [ 1.7895e-46 1.6641e-22 6.3373e-14 7.3326e-10 1.0900e-10 ] 1.0000e+00
 6.596e+01 7.5925e-10 7.5925e-10 [ 1.2199e-46 1.3379e-22 5.4891e-14 6.6057e-10 9.8626e-11 ] 1.0000e+00
 6.607e+01 6.8423e-10 6.8423e-10 [ 8.3108e-47 1.0751e-22 4.7525e-14 5.9496e-10 8.9224e-11 ] 1.0000e+00
 6.619e+01 6.1649e-10 6.1649e-10 [ 5.6585e-47 8.6345e-23 4.1131e-14 5.3575e-10 8.0700e-11 ] 1.0000e+00
 6.630e+01 5.5534e-10 5.5534e-10 [ 3.8502e-47 6.9307e-23 3.5582e-14 4.8233e-10 7.2975e-11 ] 1.0000e+00
 6.641e+01 5.0015e-10 5.0015e-10 [ 2.6182e-47 5.5599e-23 3.0769e-14 4.3415e-10 6.5975e-11 ] 1.0000e+00
 6.653e+01 4.5035e-10 4.5035e-10 [ 1.7793e-47 4.4577e-23 2.6596e-14 3.9069e-10 5.9633e-11 ] 1.0000e+00
 6.664e+01 4.0543e-10 4.0543e-10 [ 1.2084e-47 3.5720e-23 2.2978e-14 3.5151e-10 5.3889e-11 ] 1.0000e+00
 6.675e+01 3.6490e-10 3.6490e-10 [ 8.2020e-48 2.8605e-23 1.9844e-14 3.1620e-10 4.8687e-11 ] 1.0000e+00
 6.687e+01 3.2836e-10 3.2836e-10 [ 5.5633e-48 2.2894e-23 1.7129e-14 2.8437e-10 4.3978e-11 ] 1.0000e+00
 6.698e+01 2.9542e-10 2.9542e-10 [ 3.7711e-48 1.8313e-23 1.4779e-14 2.5569e-10 3.9716e-11 ] 1.0000e+00
 6.709e+01 2.6572e-10 2.6572e-10 [ 2.5546e-48 1.4639e-23 1.2745e-14 2.2985e-10 3.5859e-11 ] 1.0000e+00
 6.721e+01 2.3896e-10 2.3896e-10 [ 1.7294e-48 1.1695e-23 1.0986e-14 2.0658e-10 3.2369e-11 ] 1.0000e+00
 6.732e+01 2.1485e-10 2.1485e-10 [ 1.1699e-48 9.3374e-24 9.4653e-15 1.8563e-10 2.9213e-11 ] 1.0000e+00
 6.743e+01 1.9313e-10 1.9313e-10 [ 7.9095e-49 7.4503e-24 8.1508e-15 1.6676e-10 2.6359e-11 ] 1.0000e+00
 6.755e+01 1.7357e-10 1.7357e-10 [ 5.3436e-49 5.9408e-24 7.0152e-15 1.4978e-10 2.3778e-11 ] 1.0000e+00
 6.766e+01 1.5595e-10 1.5595e-10 [ 3.6077e-49 4.7341e-24 6.0347e-15 1.3450e-10 2.1445e-11 ] 1.0000e+00
 6.777e+01 1.4010e-10 1.4010e-10 [ 2.4340e-49 3.7700e-24 5.1884e-15 1.2075e-10 1.9337e-11 ] 1.0000e+00
 6.789e+01 1.2582e-10 1.2582e-10 [ 1.6410e-49 3.0003e-24 4.4584e-15 1.0839e-10 1.7433e-11 ] 1.0000e+00
 6.800e+01 1.1298e-10 1.1298e-10 [ 1.1056e-49 2.3861e-24 3.8290e-15 9.7266e-11 1.5712e-11 ] 1.0000e+00
 6.811e+01 1.0143e-10 1.0143e-10 [ 7.4431e-50 1.8963e-24 3.2865e-15 8.7266e-11 1.4159e-11 ] 1.0000e+00
 6.823e+01 9.1036e-11 9.1036e-11 [ 5.0073e-50 1.5061e-24 2.8192e-15 7.8278e-11 1.2756e-11 ] 1.0000e+00
 6.834e+01 8.1691e-11 8.1691e-11 [ 3.3662e-50 1.1953e-24 2.4169e-15 7.0199e-11 1.1489e-11 ] 1.0000e+00
 6.845e+01 7.3288e-11 7.3288e-11 [ 2.2612e-50 9.4791e-25 2.0708e-15 6.2940e-11 1.0347e-11 ] 1.0000e+00
 6.857e+01 6.5735e-11 6.5735e-11 [ 1.5178e-50 7.5120e-25 1.7731e-15 5.6418e-11 9.3154e-12 ] 1.0000e+00
 6.868e+01 5.8948e-11 5.8948e-11 [ 1.0180e-50 5.9487e-25 1.5172e-15 5.0561e-11 8.3851e-12 ] 1.0000e+00
 6.879e+01 5.2848e-11 5.2848e-11 [ 6.8230e-51 4.7072e-25 1.2974e-15 4.5301e-11 7.5461e-12 ] 1.0000e+00
 6.891e+01 4.7370e-11 4.7370e-11 [ 4.5692e-51 3.7219e-25 1.1087e-15 4.0579e-11 6.7896e-12 ] 1.0000e+00
 6.902e+01 4.2449e-11 4.2449e-11 [ 3.0574e-51 2.9406e-25 9.4678e-16 3.6340e-11 6.1076e-12 ] 1.0000e+00
 6.913e+01 3.8030e-11 3.8030e-11 [ 2.0441e-51 2.3214e-25 8.0793e-16 3.2536e-11 5.4929e-12 ] 1.0000e+00
 6.925e+01 3.4063e-11 3.4063e-11 [ 1.3655e-51 1.8311e-25 6.8893e-16 2.9123e-11 4.9390e-12 ] 1.0000e+00
 6.936e+01 3.0502e-11 3.0502e-11 [ 9.1146e-52 1.4432e-25 5.8702e-16 2.6062e-11 4.4400e-12 ] 1.0000e+00
 6.947e+01 2.7307e-11 2.7307e-11 [ 6.0784e-52 1.1365e-25 4.9980e-16 2.3316e-11 3.9906e-12 ] 1.0000e+00
 6.959e+01 2.4441e-11 2.4441e-11 [ 4.0500e-52 8.9415e-26 4.2520e-16 2.0854e-11 3.5859e-12 ] 1.0000e+00
 6.970e+01 2.1869e-11 2.1869e-11 [ 2.6961e-52 7.0288e-26 3.6144e-16 1.8647e-11 3.2215e-12 ] 1.0000e+00
 6.981e+01 1.9563e-11 1.9563e-11 [ 1.7932e-52 5.5203e-26 3.0698e-16 1.6669e-11 2.8935e-12 ] 1.0000e+00
 6.993e+01 1.7495e-11 1.7495e-11 [ 1.1915e-52 4.3314e-26 2.6050e-16 1.4896e-11 2.5984e-12 ] 1.0000e+00
 7.004e+01 1.5641e-11 1.5641e-11 [ 7.9093e-53 3.3954e-26 2.2086e-16 1.3308e-11 2.3328e-12 ] 1.0000e+00
 7.015e+01 1.3980e-11 1.3980e-11 [ 5.2452e-53 2.6590e-26 1.8707e-16 1.1886e-11 2.0939e-12 ] 1.0000e+00
 7.027e+01 1.2491e-11 1.2491e-11 [ 3.4749e-53 2.0802e-26 1.5831e-16 1.0612e-11 1.8791e-12 ] 1.0000e+00
 7.038e+01 1.1158e-11 1.1158e-11 [ 2.2997e-53 1.6257e-26 1.3383e-16 9.4716e-12 1.6860e-12 ] 1.0000e+00
 7.049e+01 9.9631e-12 9.9631e-12 [ 1.5203e-53 1.2692e-26 1.1303e-16 8.4507e-12 1.5124e-12 ] 1.0000e+00
 7.061e+01 8.8934e-12 8.8934e-12 [ 1.0040e-53 9.8974e-27 9.5352e-17 7.5369e-12 1.3563e-12 ] 1.0000e+00
 7.072e+01 7.9355e-12 7.9355e-12 [ 6.6224e-54 7.7094e-27 8.0354e-17 6.7194e-12 1.2161e-12 ] 1.0000e+00
 7.083e+01 7.0781e-12 7.0781e-12 [ 4.3631e-54 5.9981e-27 6.7637e-17 5.9879e-12 1.0901e-12 ] 1.0000e+00
 7.095e+01 6.3108e-12 6.3108e-12 [ 2.8711e-54 4.6609e-27 5.6866e-17 5.3338e-12 9.7700e-13 ] 1.0000e+00
 7.106e+01 5.6242e-12 5.6242e-12 [ 1.8869e-54 3.6173e-27 4.7750e-17 4.7487e-12 8.7540e-13 ] 1.0000e+00
 7.117e+01 5.0099e-12 5.0099e-12 [ 1.2385e-54 2.8036e-27 4.0044e-17 4.2257e-12 7.8419e-13 ] 1.0000e+00
 7.129e+01 4.4605e-12 4.4605e-12 [ 8.1176e-55 2.1700e-27 3.3537e-17 3.7581e-12 7.0231e-13 ] 1.0000e+00
 7.140e+01 3.9691e-12 3.9691e-12 [ 5.3132e-55 1.6772e-27 2.8047e-17 3.3403e-12 6.2883e-13 ] 1.0000e+00
 7.151e+01 3.5298e-12 3.5298e-12 [ 3.4725e-55 1.2944e-27 2.3421e-17 2.9669e-12 5.6289e-13 ] 1.0000e+00
 7.163e+01 3.1370e-12 3.1370e-12 [ 2.2659e-55 9.9737e-28 1.9528e-17 2.6333e-12 5.0374e-13 ] 1.0000e+00
 7.174e+01 2.7860e-12 2.7860e-12 [ 1.4762e-55 7.6725e-28 1.6255e-17 2.3353e-12 4.5068e-13 ] 1.0000e+00
 7.185e+01 2.4722e-12 2.4722e-12 [ 9.6004e-56 5.8920e-28 1.3507e-17 2.0691e-12 4.0309e-13 ] 1.0000e+00
 7.197e+01 2.1919e-12 2.1919e-12 [ 6.2323e-56 4.5164e-28 1.1203e-17 1.8315e-12 3.6041e-13 ] 1.0000e+00
 7.208e+01 1.9414e-12 1.9414e-12 [ 4.0381e-56 3.4553e-28 9.2741e-18 1.6192e-12 3.2214e-13 ] 1.0000e+00
 7.219e+01 1.7176e-12 1.7176e-12 [ 2.6111e-56 2.6380e-28 7.6611e-18 1.4298e-12 2.8783e-13 ] 1.0000e+00
 7.231e+01 1.5177e-12 1.5177e-12 [ 1.6847e-56 2.0097e-28 6.3145e-18 1.2606e-12 2.5706e-13 ] 1.0000e+00
 7.242e+01 1.3392e-12 1.3392e-12 [ 1.0844e-56 1.5274e-28 5.1921e-18 1.1097e-12 2.2948e-13 ] 1.0000e+00
 7.253e+01 1.1797e-12 1.1797e-12 [ 6.9628e-57 1.1579e-28 4.2579e-18 9.7490e-13 2.0475e-13 ] 1.0000e+00
 7.265e+01 1.0372e-12 1.0372e-12 [ 4.4586e-57 8.7535e-29 3.4819e-18 8.5460e-13 1.8256e-13 ] 1.0000e+00
 7.276e+01 9.0989e-13 9.0989e-13 [ 2.8467e-57 6.5980e-29 2.8384e-18 7.4722e-13 1.6266e-13 ] 1.0000e+00
 7.287e+01 7.9617e-13 7.9617e-13 [ 1.8117e-57 4.9571e-29 2.3058e-18 6.5136e-13 1.4480e-13 ] 1.0000e+00
 7.299e+01 6.9455e-13 6.9455e-13 [ 1.1489e-57 3.7110e-29 1.8659e-18 5.6579e-13 1.2876e-13 ] 1.0000e+00
 7.310e+01 6.0372e-13 6.0372e-13 [ 7.2577e-58 2.7670e-29 1.5033e-18 4.8938e-13 1.1434e-13 ] 1.0000e+00
 7.321e+01 5.2253e-13 5.2253e-13 [ 4.5648e-58 2.0539e-29 1.2051e-18 4.2116e-13 1.0137e-13 ] 1.0000e+00
 7.333e+01 4.4993e-13 4.4993e-13 [ 2.8571e-58 1.5168e-29 9.6055e-19 3.6026e-13 8.9670e-14 ] 1.0000e+00
 7.344e+01 3.8500e-13 3.8500e-13 [ 1.7783e-58 1.1137e-29 7.6045e-19 3.0590e-13 7.9102e-14 ] 1.0000e+00
 7.355e+01 3.2693e-13 3.2693e-13 [ 1.0998e-58 8.1208e-30 5.9721e-19 2.5741e-13 6.9525e-14 ] 1.0000e+00
 7.367e+01 2.7500e-13 2.7500e-13 [ 6.7513e-59 5.8734e-30 4.6447e-19 2.1419e-13 6.0810e-14 ] 1.0000e+00
 7.378e+01 2.2860e-13 2.2860e-13 [ 4.1080e-59 4.2058e-30 3.5694e-19 1.7576e-13 5.2834e-14 ] 1.0000e+00
 7.389e+01 1.8719e-13 1.8719e-13 [ 2.4730e-59 2.9744e-30 2.7021e-19 1.4170e-13 4.5485e-14 ] 1.0000e+00
 7.401e+01 1.5033e-13 1.5033e-13 [ 1.4691e-59 2.0699e-30 2.0063e-19 1.1168e-13 3.8654e-14 ] 1.0000e+00
 7.412e+01 1.1768e-13 1.1768e-13 [ 8.5777e-60 1.4099e-30 1.4521e-19 8.5435e-14 3.2245e-14 ] 1.0000e+00
 7.423e+01 8.8976e-14 8.8976e-14 [ 4.8924e-60 9.3206e-31 1.0150e-19 6.2799e-14 2.6177e-14 ] 1.0000e+00
 7.435e+01 6.4068e-14 6.4068e-14 [ 2.6970e-60 5.8994e-31 6.7520e-20 4.3667e-14 2.0401e-14 ] 1.0000e+00
 7.446e+01 4.2914e-14 4.2914e-14 [ 1.4090e-60 3.4907e-31 4.1694e-20 2.7994e-14 1.4919e-14 ] 1.0000e+00
 7.457e+01 2.5600e-14 2.5600e-14 [ 6.6954e-61 1.8441e-31 2.2800e-20 1.5777e-14 9.8230e-15 ] 1.0000e+00
 7.469e+01 1.2364e-14 1.2364e-14 [ 2.6200e-61 7.8288e-32 9.9288e-21 7.0285e-15 5.3352e-15 ] 1.0000e+00
 7.480e+01 3.6201e-15 3.6201e-15 [ 6.0491e-62 1.9033e-32 2.4518e-21 1.7635e-15 1.8566e-15 ] 1.0000e+00
 7.491e+01 0.0000e+00 0.0000e+00 [ 0.0000e+00 0.0000e+00 0.0000e+00 0.0000e+00 0.0000e+00 ] 1.0000e+00
