 0.000e+00 0.0000e+00 0.0000e+00 [ 0.0000e+00 0.0000e+00 0.0000e+00 0.0000e+00 0.0000e+00 ] 1.0000e+00
 1.133e-01 5.9733e-02 5.9733e-02 [ 5.8805e-02 4.7215e-04 2.1936e-04 2.2035e-04 1.6341e-05 ] 9.4027e-01
 2.267e-01 1.2061e-01 1.2061e-01 [ 1.1689e-01 1.8968e-03 8.8114e-04 8.8440e-04 5.7951e-05 ] 8.7939e-01
 3.400e-01 1.8747e-01 1.8747e-01 [ 1.7910e-01 4.2778e-03 1.9868e-03 1.9911e-03 1.1610e-04 ] 8.1253e-01
 4.533e-01 2.5813e-01 2.5813e-01 [ 2.4333e-01 7.5798e-03 3.5196e-03 3.5196e-03 1.8357e-04 ] 7.4187e-01
 5.667e-01 3.3050e-01 3.3050e-01 [ 3.0769e-01 1.1702e-02 5.4318e-03 5.4176e-03 2.5443e-04 ] 6.6950e-01
 6.800e-01 4.0148e-01 4.0148e-01 [ 3.6945e-01 1.6466e-02 7.6403e-03 7.5968e-03 3.2380e-04 ] 5.9852e-01
 7.933e-01 4.6764e-01 4.6764e-01 [ 4.2564e-01 2.1637e-02 1.0035e-02 9.9421e-03 3.8792e-04 ] 5.3236e-01
 9.067e-01 5.2604e-01 5.2604e-01 [ 4.7381e-01 2.6958e-02 1.2495e-02 1.2331e-02 4.4438e-04 ] 4.7396e-01
 1.020e+00 5.7483e-01 5.7483e-01 [ 5.1256e-01 3.2206e-02 1.4917e-02 1.4657e-02 4.9224e-04 ] 4.2517e-01
 1.133e+00 6.1359e-01 6.1359e-01 [ 5.4175e-01 3.7224e-02 1.7229e-02 1.6848e-02 5.3185e-04 ] 3.8641e-01
 1.247e+00 6.4304e-01 6.4304e-01 [ 5.6227e-01 4.1938e-02 1.9393e-02 1.8869e-02 5.6443e-04 ] 3.5696e-01
 1.360e+00 6.6463e-01 6.6463e-01 [ 5.7557e-01 4.6338e-02 2.1406e-02 2.0717e-02 5.9156e-04 ] 3.3537e-01
 1.473e+00 6.8002e-01 6.8002e-01 [ 5.8326e-01 5.0458e-02 2.3283e-02 2.2408e-02 6.1478e-04 ] 3.1998e-01
 1.587e+00 6.9078e-01 6.9078e-01 [ 5.8678e-01 5.4349e-02 2.5048e-02 2.3966e-02 6.3538e-04 ] 3.0922e-01
 1.700e+00 6.9820e-01 6.9820e-01 [ 5.8734e-01 5.8067e-02 2.6726e-02 2.5417e-02 6.5429e-04 ] 3.0180e-01
 1.813e+00 7.0328e-01 7.0328e-01 [ 5.8583e-01 6.1660e-02 2.8338e-02 2.6784e-02 6.7218e-04 ] 2.9672e-01
 1.927e+00 7.0675e-01 7.0675e-01 [ 5.8290e-01 6.5167e-02 2.9903e-02 2.8085e-02 6.8946e-04 ] 2.9325e-01
 2.040e+00 7.0912e-01 7.0912e-01 [ 5.7902e-01 6.8620e-02 3.1434e-02 2.9334e-02 7.0639e-04 ] 2.9088e-01
 2.153e+00 7.1074e-01 7.1074e-01 [ 5.7449e-01 7.2040e-02 3.2942e-02 3.0543e-02 7.2310e-04 ] 2.8926e-01
 2.267e+00 7.1186e-01 7.1186e-01 [ 5.6952e-01 7.5443e-02 3.4434e-02 3.1718e-02 7.3968e-04 ] 2.8814e-01
 2.380e+00 7.1264e-01 7.1264e-01 [ 5.6426e-01 7.8842e-02 3.5915e-02 3.2865e-02 7.5616e-04 ] 2.8736e-01
 2.493e+00 7.1319e-01 7.1319e-01 [ 5.5880e-01 8.2243e-02 3.7388e-02 3.3989e-02 7.7256e-04 ] 2.8681e-01
 2.607e+00 7.1359e-01 7.1359e-01 [ 5.5320e-01 8.5653e-02 3.8857e-02 3.5092e-02 7.8889e-04 ] 2.8641e-01
 2.720e+00 7.1388e-01 7.1388e-01 [ 5.4750e-01 8.9076e-02 4.0321e-02 3.6177e-02 8.0516e-04 ] 2.8612e-01
 2.833e+00 7.1410e-01 7.1410e-01 [ 5.4174e-01 9.2513e-02 4.1783e-02 3.7244e-02 8.2137e-04 ] 2.8590e-01
 2.947e+00 7.1426e-01 7.1426e-01 [ 5.3592e-01 9.5967e-02 4.3244e-02 3.8296e-02 8.3752e-04 ] 2.8574e-01
 3.060e+00 7.1439e-01 7.1439e-01 [ 5.3006e-01 9.9438e-02 4.4703e-02 3.9334e-02 8.5361e-04 ] 2.8561e-01
 3.173e+00 7.1448e-01 7.1448e-01 [ 5.2417e-01 1.0293e-01 4.6162e-02 4.0358e-02 8.6967e-04 ] 2.8552e-01
 3.287e+00 7.1456e-01 7.1456e-01 [ 5.1825e-01 1.0643e-01 4.7620e-02 4.1370e-02 8.8568e-04 ] 2.8544e-01
 3.400e+00 7.1461e-01 7.1461e-01 [ 5.1230e-01 1.0996e-01 4.9078e-02 4.2370e-02 9.0166e-04 ] 2.8539e-01
 3.513e+00 7.1466e-01 7.1466e-01 [ 5.0634e-01 1.1351e-01 5.0536e-02 4.3359e-02 9.1763e-04 ] 2.8534e-01
 3.627e+00 7.1469e-01 7.1469e-01 [ 5.0035e-01 1.1707e-01 5.1994e-02 4.4338e-02 9.3358e-04 ] 2.8531e-01
 3.740e+00 7.1471e-01 7.1471e-01 [ 4.9434e-01 1.2065e-01 5.3453e-02 4.5307e-02 9.4952e-04 ] 2.8529e-01
 3.853e+00 7.1472e-01 7.1472e-01 [ 4.8832e-01 1.2425e-01 5.4912e-02 4.6268e-02 9.6547e-04 ] 2.8528e-01
 3.967e+00 7.1472e-01 7.1472e-01 [ 4.8227e-01 1.2787e-01 5.6372e-02 4.7220e-02 9.8143e-04 ] 2.8528e-01
 4.080e+00 7.1472e-01 7.1472e-01 [ 4.7621e-01 1.3151e-01 5.7833e-02 4.8166e-02 9.9742e-04 ] 2.8528e-01
 4.193e+00 7.1470e-01 7.1470e-01 [ 4.7012e-01 1.3517e-01 5.9296e-02 4.9104e-02 1.0134e-03 ] 2.8530e-01
 4.307e+00 7.1468e-01 7.1468e-01 [ 4.6402e-01 1.3884e-01 6.0760e-02 5.0036e-02 1.0295e-03 ] 2.8531e-01
 4.420e+00 7.1466e-01 7.1466e-01 [ 4.5790e-01 1.4252e-01 6.2227e-02 5.0964e-02 1.0456e-03 ] 2.8534e-01
 4.533e+00 7.1463e-01 7.1463e-01 [ 4.5176e-01 1.4623e-01 6.3695e-02 5.1886e-02 1.0617e-03 ] 2.8537e-01
 4.647e+00 7.1459e-01 7.1459e-01 [ 4.4560e-01 1.4994e-01 6.5166e-02 5.2804e-02 1.0779e-03 ] 2.8541e-01
 4.760e+00 7.1455e-01 7.1455e-01 [ 4.3942e-01 1.5367e-01 6.6640e-02 5.3720e-02 1.0942e-03 ] 2.8545e-01
 4.873e+00 7.1450e-01 7.1450e-01 [ 4.3322e-01 1.5742e-01 6.8118e-02 5.4632e-02 1.1105e-03 ] 2.8550e-01
 4.987e+00 7.1445e-01 7.1445e-01 [ 4.2701e-01 1.6117e-01 6.9599e-02 5.5542e-02 1.1269e-03 ] 2.8555e-01
 5.100e+00 7.1439e-01 7.1439e-01 [ 4.2078e-01 1.6494e-01 7.1084e-02 5.6451e-02 1.1434e-03 ] 2.8561e-01
 5.213e+00 7.1433e-01 7.1433e-01 [ 4.1453e-01 1.6871e-01 7.2573e-02 5.7359e-02 1.1600e-03 ] 2.8567e-01
 5.327e+00 7.1426e-01 7.1426e-01 [ 4.0826e-01 1.7249e-01 7.4067e-02 5.8266e-02 1.1766e-03 ] 2.8574e-01
 5.440e+00 7.1419e-01 7.1419e-01 [ 4.0198e-01 1.7628e-01 7.5566e-02 5.9173e-02 1.1934e-03 ] 2.8581e-01
 5.553e+00 7.1412e-01 7.1412e-01 [ 3.9568e-01 1.8008e-01 7.7070e-02 6.0081e-02 1.2103e-03 ] 2.8588e-01
 5.667e+00 7.1404e-01 7.1404e-01 [ 3.8937e-01 1.8387e-01 7.8581e-02 6.0991e-02 1.2273e-03 ] 2.8596e-01
 5.780e+00 7.1396e-01 7.1396e-01 [ 3.8305e-01 1.8767e-01 8.0097e-02 6.1902e-02 1.2443e-03 ] 2.8604e-01
 5.893e+00 7.1388e-01 7.1388e-01 [ 3.7671e-01 1.9147e-01 8.1621e-02 6.2815e-02 1.2616e-03 ] 2.8612e-01
 6.007e+00 7.1379e-01 7.1379e-01 [ 3.7036e-01 1.9527e-01 8.3151e-02 6.3731e-02 1.2789e-03 ] 2.8621e-01
 6.120e+00 7.1370e-01 7.1370e-01 [ 3.6401e-01 1.9906e-01 8.4688e-02 6.4650e-02 1.2963e-03 ] 2.8630e-01
 6.233e+00 7.1360e-01 7.1360e-01 [ 3.5764e-01 2.0284e-01 8.6233e-02 6.5572e-02 1.3139e-03 ] 2.8640e-01
 6.347e+00 7.1350e-01 7.1350e-01 [ 3.5127e-01 2.0661e-01 8.7787e-02 6.6498e-02 1.3316e-03 ] 2.8650e-01
 6.460e+00 7.1340e-01 7.1340e-01 [ 3.4490e-01 2.1038e-01 8.9349e-02 6.7429e-02 1.3495e-03 ] 2.8660e-01
 6.573e+00 7.1330e-01 7.1330e-01 [ 3.3852e-01 2.1413e-01 9.0920e-02 6.8364e-02 1.3675e-03 ] 2.8670e-01
 6.687e+00 7.1319e-01 7.1319e-01 [ 3.3214e-01 2.1786e-01 9.2500e-02 6.9305e-02 1.3856e-03 ] 2.8681e-01
 6.800e+00 7.1308e-01 7.1308e-01 [ 3.2577e-01 2.2157e-01 9.4091e-02 7.0251e-02 1.4039e-03 ] 2.8692e-01
 6.913e+00 7.1297e-01 7.1297e-01 [ 3.1939e-01 2.2526e-01 9.5691e-02 7.1202e-02 1.4224e-03 ] 2.8703e-01
 7.027e+00 7.1286e-01 7.1286e-01 [ 3.1303e-01 2.2892e-01 9.7302e-02 7.2160e-02 1.4410e-03 ] 2.8714e-01
 7.140e+00 7.1274e-01 7.1274e-01 [ 3.0667e-01 2.3256e-01 9.8924e-02 7.3125e-02 1.4597e-03 ] 2.8726e-01
 7.253e+00 7.1262e-01 7.1262e-01 [ 3.0032e-01 2.3617e-01 1.0056e-01 7.4096e-02 1.4786e-03 ] 2.8738e-01
 7.367e+00 7.1250e-01 7.1250e-01 [ 2.9399e-01 2.3974e-01 1.0220e-01 7.5074e-02 1.4977e-03 ] 2.8750e-01
 7.480e+00 7.1237e-01 7.1237e-01 [ 2.8767e-01 2.4327e-01 1.0386e-01 7.6060e-02 1.5170e-03 ] 2.8762e-01
 7.593e+00 7.1225e-01 7.1225e-01 [ 2.8137e-01 2.4676e-01 1.0553e-01 7.7053e-02 1.5364e-03 ] 2.8775e-01
 7.707e+00 7.1212e-01 7.1212e-01 [ 2.7509e-01 2.5021e-01 1.0721e-01 7.8054e-02 1.5560e-03 ] 2.8788e-01
 7.820e+00 7.1199e-01 7.1199e-01 [ 2.6884e-01 2.5361e-01 1.0891e-01 7.9063e-02 1.5758e-03 ] 2.8801e-01
 7.933e+00 7.1185e-01 7.1185e-01 [ 2.6261e-01 2.5696e-01 1.1061e-01 8.0080e-02 1.5957e-03 ] 2.8815e-01
 8.047e+00 7.1172e-01 7.1172e-01 [ 2.5641e-01 2.6025e-01 1.1234e-01 8.1106e-02 1.6159e-03 ] 2.8828e-01
 8.160e+00 7.1158e-01 7.1158e-01 [ 2.5024e-01 2.6349e-01 1.1407e-01 8.2142e-02 1.6362e-03 ] 2.8842e-01
 8.273e+00 7.1144e-01 7.1144e-01 [ 2.4411e-01 2.6666e-01 1.1582e-01 8.3186e-02 1.6567e-03 ] 2.8856e-01
 8.387e+00 7.1130e-01 7.1130e-01 [ 2.3802e-01 2.6977e-01 1.1759e-01 8.4239e-02 1.6774e-03 ] 2.8870e-01
 8.500e+00 7.1115e-01 7.1115e-01 [ 2.3197e-01 2.7281e-01 1.1937e-01 8.5302e-02 1.6983e-03 ] 2.8884e-01
 8.613e+00 7.1101e-01 7.1101e-01 [ 2.2596e-01 2.7579e-01 1.2117e-01 8.6375e-02 1.7194e-03 ] 2.8899e-01
 8.727e+00 7.1086e-01 7.1086e-01 [ 2.2000e-01 2.7868e-01 1.2298e-01 8.7458e-02 1.7408e-03 ] 2.8914e-01
 8.840e+00 7.1071e-01 7.1071e-01 [ 2.1409e-01 2.8150e-01 1.2481e-01 8.8551e-02 1.7623e-03 ] 2.8929e-01
 8.953e+00 7.1056e-01 7.1056e-01 [ 2.0824e-01 2.8423e-01 1.2665e-01 8.9654e-02 1.7840e-03 ] 2.8944e-01
 9.067e+00 7.1040e-01 7.1040e-01 [ 2.0244e-01 2.8688e-01 1.2851e-01 9.0768e-02 1.8060e-03 ] 2.8960e-01
 9.180e+00 7.1024e-01 7.1024e-01 [ 1.9670e-01 2.8944e-01 1.3039e-01 9.1893e-02 1.8281e-03 ] 2.8976e-01
 9.293e+00 7.1009e-01 7.1009e-01 [ 1.9102e-01 2.9191e-01 1.3228e-01 9.3028e-02 1.8505e-03 ] 2.8991e-01
 9.407e+00 7.0993e-01 7.0993e-01 [ 1.8541e-01 2.9428e-01 1.3419e-01 9.4175e-02 1.8731e-03 ] 2.9007e-01
 9.520e+00 7.0976e-01 7.0976e-01 [ 1.7986e-01 2.9656e-01 1.3612e-01 9.5334e-02 1.8960e-03 ] 2.9024e-01
 9.633e+00 7.0960e-01 7.0960e-01 [ 1.7438e-01 2.9873e-01 1.3807e-01 9.6504e-02 1.9190e-03 ] 2.9040e-01
 9.747e+00 7.0943e-01 7.0943e-01 [ 1.6898e-01 3.0080e-01 1.4003e-01 9.7686e-02 1.9423e-03 ] 2.9057e-01
 9.860e+00 7.0927e-01 7.0927e-01 [ 1.6365e-01 3.0276e-01 1.4201e-01 9.8880e-02 1.9659e-03 ] 2.9073e-01
 9.973e+00 7.0910e-01 7.0910e-01 [ 1.5840e-01 3.0461e-01 1.4401e-01 1.0009e-01 1.9897e-03 ] 2.9090e-01
 1.009e+01 7.0893e-01 7.0893e-01 [ 1.5323e-01 3.0635e-01 1.4602e-01 1.0130e-01 2.0137e-03 ] 2.9107e-01
 1.020e+01 7.0875e-01 7.0875e-01 [ 1.4814e-01 3.0798e-01 1.4806e-01 1.0254e-01 2.0380e-03 ] 2.9125e-01
 1.031e+01 7.0858e-01 7.0858e-01 [ 1.4314e-01 3.0949e-01 1.5011e-01 1.0378e-01 2.0626e-03 ] 2.9142e-01
 1.043e+01 7.0840e-01 7.0840e-01 [ 1.3822e-01 3.1088e-01 1.5218e-01 1.0504e-01 2.0874e-03 ] 2.9160e-01
 1.054e+01 7.0822e-01 7.0822e-01 [ 1.3339e-01 3.1214e-01 1.5426e-01 1.0631e-01 2.1125e-03 ] 2.9178e-01
 1.065e+01 7.0804e-01 7.0804e-01 [ 1.2865e-01 3.1329e-01 1.5637e-01 1.0759e-01 2.1379e-03 ] 2.9196e-01
 1.077e+01 7.0786e-01 7.0786e-01 [ 1.2401e-01 3.1430e-01 1.5849e-01 1.0889e-01 2.1635e-03 ] 2.9214e-01
 1.088e+01 7.0767e-01 7.0767e-01 [ 1.1945e-01 3.1519e-01 1.6063e-01 1.1020e-01 2.1894e-03 ] 2.9233e-01
 1.099e+01 7.0748e-01 7.0748e-01 [ 1.1499e-01 3.1596e-01 1.6279e-01 1.1153e-01 2.2156e-03 ] 2.9252e-01
 1.111e+01 7.0729e-01 7.0729e-01 [ 1.1063e-01 3.1659e-01 1.6496e-01 1.1287e-01 2.2422e-03 ] 2.9271e-01
 1.122e+01 7.0710e-01 7.0710e-01 [ 1.0637e-01 3.1709e-01 1.6715e-01 1.1422e-01 2.2690e-03 ] 2.9290e-01
 1.133e+01 7.0691e-01 7.0691e-01 [ 1.0220e-01 3.1746e-01 1.6936e-01 1.1559e-01 2.2961e-03 ] 2.9309e-01
 1.145e+01 7.0671e-01 7.0671e-01 [ 9.8129e-02 3.1770e-01 1.7159e-01 1.1698e-01 2.3235e-03 ] 2.9328e-01
 1.156e+01 7.0652e-01 7.0652e-01 [ 9.4159e-02 3.1780e-01 1.7383e-01 1.1838e-01 2.3512e-03 ] 2.9348e-01
 1.167e+01 7.0632e-01 7.0632e-01 [ 9.0290e-02 3.1777e-01 1.7608e-01 1.1980e-01 2.3793e-03 ] 2.9368e-01
 1.179e+01 7.0612e-01 7.0612e-01 [ 8.6521e-02 3.1761e-01 1.7835e-01 1.2123e-01 2.4077e-03 ] 2.9388e-01
 1.190e+01 7.0591e-01 7.0591e-01 [ 8.2853e-02 3.1731e-01 1.8064e-01 1.2268e-01 2.4364e-03 ] 2.9409e-01
 1.201e+01 7.0571e-01 7.0571e-01 [ 7.9285e-02 3.1687e-01 1.8294e-01 1.2415e-01 2.4655e-03 ] 2.9429e-01
 1.213e+01 7.0550e-01 7.0550e-01 [ 7.5819e-02 3.1631e-01 1.8525e-01 1.2563e-01 2.4949e-03 ] 2.9450e-01
 1.224e+01 7.0529e-01 7.0529e-01 [ 7.2454e-02 3.1561e-01 1.8757e-01 1.2713e-01 2.5247e-03 ] 2.9471e-01
 1.235e+01 7.0508e-01 7.0508e-01 [ 6.9188e-02 3.1477e-01 1.8991e-01 1.2865e-01 2.5549e-03 ] 2.9492e-01
 1.247e+01 7.0487e-01 7.0487e-01 [ 6.6023e-02 3.1381e-01 1.9226e-01 1.3019e-01 2.5854e-03 ] 2.9513e-01
 1.258e+01 7.0465e-01 7.0465e-01 [ 6.2958e-02 3.1271e-01 1.9462e-01 1.3175e-01 2.6163e-03 ] 2.9535e-01
 1.269e+01 7.0443e-01 7.0443e-01 [ 5.9991e-02 3.1148e-01 1.9699e-01 1.3332e-01 2.6477e-03 ] 2.9557e-01
 1.281e+01 7.0421e-01 7.0421e-01 [ 5.7122e-02 3.1013e-01 1.9937e-01 1.3492e-01 2.6794e-03 ] 2.9579e-01
 1.292e+01 7.0399e-01 7.0399e-01 [ 5.4351e-02 3.0864e-01 2.0175e-01 1.3653e-01 2.7115e-03 ] 2.9601e-01
 1.303e+01 7.0376e-01 7.0376e-01 [ 5.1675e-02 3.0703e-01 2.0415e-01 1.3817e-01 2.7440e-03 ] 2.9624e-01
 1.315e+01 7.0354e-01 7.0354e-01 [ 4.9094e-02 3.0530e-01 2.0654e-01 1.3982e-01 2.7770e-03 ] 2.9646e-01
 1.326e+01 7.0331e-01 7.0331e-01 [ 4.6607e-02 3.0344e-01 2.0895e-01 1.4150e-01 2.8104e-03 ] 2.9669e-01
 1.337e+01 7.0308e-01 7.0308e-01 [ 4.4212e-02 3.0147e-01 2.1135e-01 1.4320e-01 2.8442e-03 ] 2.9692e-01
 1.349e+01 7.0284e-01 7.0284e-01 [ 4.1909e-02 2.9937e-01 2.1376e-01 1.4492e-01 2.8785e-03 ] 2.9716e-01
 1.360e+01 7.0261e-01 7.0261e-01 [ 3.9694e-02 2.9716e-01 2.1617e-01 1.4667e-01 2.9133e-03 ] 2.9739e-01
 1.371e+01 7.0237e-01 7.0237e-01 [ 3.7567e-02 2.9484e-01 2.1858e-01 1.4844e-01 2.9485e-03 ] 2.9763e-01
 1.383e+01 7.0213e-01 7.0213e-01 [ 3.5526e-02 2.9241e-01 2.2098e-01 1.5023e-01 2.9842e-03 ] 2.9787e-01
 1.394e+01 7.0189e-01 7.0189e-01 [ 3.3570e-02 2.8986e-01 2.2339e-01 1.5205e-01 3.0205e-03 ] 2.9811e-01
 1.405e+01 7.0164e-01 7.0164e-01 [ 3.1696e-02 2.8722e-01 2.2578e-01 1.5389e-01 3.0572e-03 ] 2.9836e-01
 1.417e+01 7.0140e-01 7.0140e-01 [ 2.9902e-02 2.8447e-01 2.2818e-01 1.5575e-01 3.0944e-03 ] 2.9860e-01
 1.428e+01 7.0115e-01 7.0115e-01 [ 2.8188e-02 2.8162e-01 2.3056e-01 1.5765e-01 3.1322e-03 ] 2.9885e-01
 1.439e+01 7.0089e-01 7.0089e-01 [ 2.6550e-02 2.7868e-01 2.3293e-01 1.5957e-01 3.1705e-03 ] 2.9911e-01
 1.451e+01 7.0064e-01 7.0064e-01 [ 2.4986e-02 2.7564e-01 2.3529e-01 1.6152e-01 3.2094e-03 ] 2.9936e-01
 1.462e+01 7.0038e-01 7.0038e-01 [ 2.3495e-02 2.7252e-01 2.3763e-01 1.6349e-01 3.2488e-03 ] 2.9962e-01
 1.473e+01 7.0012e-01 7.0012e-01 [ 2.2075e-02 2.6930e-01 2.3996e-01 1.6550e-01 3.2888e-03 ] 2.9988e-01
 1.485e+01 6.9986e-01 6.9986e-01 [ 2.0723e-02 2.6601e-01 2.4227e-01 1.6753e-01 3.3294e-03 ] 3.0014e-01
 1.496e+01 6.9960e-01 6.9960e-01 [ 1.9438e-02 2.6264e-01 2.4456e-01 1.6960e-01 3.3705e-03 ] 3.0040e-01
 1.507e+01 6.9933e-01 6.9933e-01 [ 1.8217e-02 2.5919e-01 2.4682e-01 1.7169e-01 3.4123e-03 ] 3.0067e-01
 1.519e+01 6.9906e-01 6.9906e-01 [ 1.7058e-02 2.5567e-01 2.4906e-01 1.7382e-01 3.4547e-03 ] 3.0094e-01
 1.530e+01 6.9879e-01 6.9879e-01 [ 1.5959e-02 2.5208e-01 2.5128e-01 1.7598e-01 3.4978e-03 ] 3.0121e-01
 1.541e+01 6.9851e-01 6.9851e-01 [ 1.4917e-02 2.4842e-01 2.5346e-01 1.7817e-01 3.5414e-03 ] 3.0149e-01
 1.553e+01 6.9824e-01 6.9824e-01 [ 1.3932e-02 2.4471e-01 2.5561e-01 1.8040e-01 3.5858e-03 ] 3.0176e-01
 1.564e+01 6.9796e-01 6.9796e-01 [ 1.3000e-02 2.4093e-01 2.5773e-01 1.8266e-01 3.6308e-03 ] 3.0204e-01
 1.575e+01 6.9767e-01 6.9767e-01 [ 1.2120e-02 2.3711e-01 2.5981e-01 1.8496e-01 3.6764e-03 ] 3.0233e-01
 1.587e+01 6.9739e-01 6.9739e-01 [ 1.1289e-02 2.3323e-01 2.6185e-01 1.8729e-01 3.7228e-03 ] 3.0261e-01
 1.598e+01 6.9710e-01 6.9710e-01 [ 1.0506e-02 2.2931e-01 2.6384e-01 1.8966e-01 3.7698e-03 ] 3.0290e-01
 1.609e+01 6.9680e-01 6.9680e-01 [ 9.7677e-03 2.2535e-01 2.6579e-01 1.9207e-01 3.8175e-03 ] 3.0320e-01
 1.621e+01 6.9651e-01 6.9651e-01 [ 9.0735e-03 2.2135e-01 2.6770e-01 1.9452e-01 3.8660e-03 ] 3.0349e-01
 1.632e+01 6.9621e-01 6.9621e-01 [ 8.4209e-03 2.1731e-01 2.6955e-01 1.9701e-01 3.9152e-03 ] 3.0379e-01
 1.643e+01 6.9591e-01 6.9591e-01 [ 7.8079e-03 2.1325e-01 2.7135e-01 1.9954e-01 3.9651e-03 ] 3.0409e-01
 1.655e+01 6.9561e-01 6.9561e-01 [ 7.2329e-03 2.0916e-01 2.7310e-01 2.0211e-01 4.0157e-03 ] 3.0439e-01
 1.666e+01 6.9530e-01 6.9530e-01 [ 6.6939e-03 2.0504e-01 2.7478e-01 2.0472e-01 4.0671e-03 ] 3.0470e-01
 1.677e+01 6.9499e-01 6.9499e-01 [ 6.1893e-03 2.0091e-01 2.7640e-01 2.0737e-01 4.1192e-03 ] 3.0501e-01
 1.689e+01 6.9468e-01 6.9468e-01 [ 5.7173e-03 1.9676e-01 2.7796e-01 2.1007e-01 4.1721e-03 ] 3.0532e-01
 1.700e+01 6.9437e-01 6.9437e-01 [ 5.2762e-03 1.9260e-01 2.7945e-01 2.1281e-01 4.2258e-03 ] 3.0563e-01
 1.711e+01 6.9405e-01 6.9405e-01 [ 4.8644e-03 1.8843e-01 2.8088e-01 2.1560e-01 4.2802e-03 ] 3.0595e-01
 1.723e+01 6.9373e-01 6.9373e-01 [ 4.4805e-03 1.8425e-01 2.8222e-01 2.1844e-01 4.3354e-03 ] 3.0627e-01
 1.734e+01 6.9340e-01 6.9340e-01 [ 4.1228e-03 1.8008e-01 2.8350e-01 2.2132e-01 4.3913e-03 ] 3.0659e-01
 1.745e+01 6.9308e-01 6.9308e-01 [ 3.7899e-03 1.7590e-01 2.8469e-01 2.2424e-01 4.4480e-03 ] 3.0692e-01
 1.757e+01 6.9275e-01 6.9275e-01 [ 3.4805e-03 1.7174e-01 2.8581e-01 2.2722e-01 4.5055e-03 ] 3.0725e-01
 1.768e+01 6.9242e-01 6.9242e-01 [ 3.1931e-03 1.6758e-01 2.8684e-01 2.3025e-01 4.5637e-03 ] 3.0758e-01
 1.779e+01 6.9208e-01 6.9208e-01 [ 2.9265e-03 1.6343e-01 2.8778e-01 2.3332e-01 4.6227e-03 ] 3.0792e-01
 1.791e+01 6.9174e-01 6.9174e-01 [ 2.6795e-03 1.5930e-01 2.8864e-01 2.3644e-01 4.6824e-03 ] 3.0826e-01
 1.802e+01 6.9140e-01 6.9140e-01 [ 2.4508e-03 1.5519e-01 2.8940e-01 2.3962e-01 4.7428e-03 ] 3.0860e-01
 1.813e+01 6.9105e-01 6.9105e-01 [ 2.2393e-03 1.5110e-01 2.9007e-01 2.4284e-01 4.8040e-03 ] 3.0894e-01
 1.825e+01 6.9071e-01 6.9071e-01 [ 2.0440e-03 1.4704e-01 2.9065e-01 2.4611e-01 4.8659e-03 ] 3.0929e-01
 1.836e+01 6.9035e-01 6.9035e-01 [ 1.8637e-03 1.4300e-01 2.9112e-01 2.4944e-01 4.9284e-03 ] 3.0965e-01
 1.847e+01 6.9000e-01 6.9000e-01 [ 1.6976e-03 1.3899e-01 2.9150e-01 2.5282e-01 4.9916e-03 ] 3.1000e-01
 1.859e+01 6.8964e-01 6.8964e-01 [ 1.5446e-03 1.3502e-01 2.9178e-01 2.5624e-01 5.0555e-03 ] 3.1036e-01
 1.870e+01 6.8928e-01 6.8928e-01 [ 1.4039e-03 1.3109e-01 2.9195e-01 2.5972e-01 5.1200e-03 ] 3.1072e-01
 1.881e+01 6.8892e-01 6.8892e-01 [ 1.2747e-03 1.2719e-01 2.9202e-01 2.6325e-01 5.1850e-03 ] 3.1108e-01
 1.893e+01 6.8855e-01 6.8855e-01 [ 1.1561e-03 1.2334e-01 2.9198e-01 2.6683e-01 5.2507e-03 ] 3.1145e-01
 1.904e+01 6.8818e-01 6.8818e-01 [ 1.0474e-03 1.1953e-01 2.9184e-01 2.7045e-01 5.3168e-03 ] 3.1182e-01
 1.915e+01 6.8781e-01 6.8781e-01 [ 9.4786e-04 1.1576e-01 2.9159e-01 2.7413e-01 5.3834e-03 ] 3.1219e-01
 1.927e+01 6.8744e-01 6.8744e-01 [ 8.5683e-04 1.1205e-01 2.9123e-01 2.7786e-01 5.4505e-03 ] 3.1256e-01
 1.938e+01 6.8706e-01 6.8706e-01 [ 7.7368e-04 1.0838e-01 2.9076e-01 2.8163e-01 5.5180e-03 ] 3.1294e-01
 1.949e+01 6.8668e-01 6.8668e-01 [ 6.9781e-04 1.0477e-01 2.9018e-01 2.8544e-01 5.5858e-03 ] 3.1332e-01
 1.961e+01 6.8630e-01 6.8630e-01 [ 6.2867e-04 1.0122e-01 2.8950e-01 2.8931e-01 5.6539e-03 ] 3.1370e-01
 1.972e+01 6.8592e-01 6.8592e-01 [ 5.6572e-04 9.7721e-02 2.8870e-01 2.9321e-01 5.7222e-03 ] 3.1408e-01
 1.983e+01 6.8553e-01 6.8553e-01 [ 5.0849e-04 9.4283e-02 2.8780e-01 2.9716e-01 5.7906e-03 ] 3.1447e-01
 1.995e+01 6.8515e-01 6.8515e-01 [ 4.5652e-04 9.0907e-02 2.8678e-01 3.0114e-01 5.8592e-03 ] 3.1485e-01
 2.006e+01 6.8476e-01 6.8476e-01 [ 4.0937e-04 8.7593e-02 2.8567e-01 3.0516e-01 5.9278e-03 ] 3.1524e-01
 2.017e+01 6.8437e-01 6.8437e-01 [ 3.6666e-04 8.4345e-02 2.8445e-01 3.0922e-01 5.9963e-03 ] 3.1563e-01
 2.029e+01 6.8398e-01 6.8398e-01 [ 3.2801e-04 8.1163e-02 2.8312e-01 3.1330e-01 6.0647e-03 ] 3.1602e-01
 2.040e+01 6.8359e-01 6.8359e-01 [ 2.9308e-04 7.8049e-02 2.8170e-01 3.1741e-01 6.1328e-03 ] 3.1641e-01
 2.051e+01 6.8320e-01 6.8320e-01 [ 2.6155e-04 7.5005e-02 2.8018e-01 3.2155e-01 6.2007e-03 ] 3.1680e-01
 2.063e+01 6.8280e-01 6.8280e-01 [ 2.3313e-04 7.2032e-02 2.7856e-01 3.2571e-01 6.2681e-03 ] 3.1720e-01
 2.074e+01 6.8241e-01 6.8241e-01 [ 2.0754e-04 6.9131e-02 2.7685e-01 3.2988e-01 6.3350e-03 ] 3.1759e-01
 2.085e+01 6.8202e-01 6.8202e-01 [ 1.8453e-04 6.6304e-02 2.7506e-01 3.3407e-01 6.4013e-03 ] 3.1798e-01
 2.097e+01 6.8162e-01 6.8162e-01 [ 1.6386e-04 6.3551e-02 2.7318e-01 3.3826e-01 6.4668e-03 ] 3.1838e-01
 2.108e+01 6.8123e-01 6.8123e-01 [ 1.4532e-04 6.0875e-02 2.7122e-01 3.4245e-01 6.5315e-03 ] 3.1877e-01
 2.119e+01 6.8083e-01 6.8083e-01 [ 1.2872e-04 5.8275e-02 2.6919e-01 3.4664e-01 6.5953e-03 ] 3.1917e-01
 2.131e+01 6.8043e-01 6.8043e-01 [ 1.1387e-04 5.5754e-02 2.6709e-01 3.5082e-01 6.6580e-03 ] 3.1957e-01
 2.142e+01 6.8003e-01 6.8003e-01 [ 1.0060e-04 5.3311e-02 2.6492e-01 3.5498e-01 6.7195e-03 ] 3.1997e-01
 2.153e+01 6.7962e-01 6.7962e-01 [ 8.8770e-05 5.0948e-02 2.6269e-01 3.5911e-01 6.7797e-03 ] 3.2038e-01
 2.165e+01 6.7920e-01 6.7920e-01 [ 7.8228e-05 4.8665e-02 2.6040e-01 3.6321e-01 6.8384e-03 ] 3.2080e-01
 2.176e+01 6.7876e-01 6.7876e-01 [ 6.8850e-05 4.6463e-02 2.5806e-01 3.6727e-01 6.8956e-03 ] 3.2124e-01
 2.187e+01 6.7829e-01 6.7829e-01 [ 6.0521e-05 4.4342e-02 2.5567e-01 3.7126e-01 6.9511e-03 ] 3.2171e-01
 2.199e+01 6.7778e-01 6.7778e-01 [ 5.3133e-05 4.2302e-02 2.5324e-01 3.7518e-01 7.0048e-03 ] 3.2222e-01
 2.210e+01 6.7721e-01 6.7721e-01 [ 4.6590e-05 4.0342e-02 2.5076e-01 3.7901e-01 7.0566e-03 ] 3.2279e-01
 2.221e+01 6.7656e-01 6.7656e-01 [ 4.0805e-05 3.8463e-02 2.4823e-01 3.8272e-01 7.1063e-03 ] 3.2344e-01
 2.233e+01 6.7579e-01 6.7579e-01 [ 3.5696e-05 3.6663e-02 2.4565e-01 3.8629e-01 7.1538e-03 ] 3.2421e-01
 2.244e+01 6.7485e-01 6.7485e-01 [ 3.1192e-05 3.4941e-02 2.4301e-01 3.8967e-01 7.1989e-03 ] 3.2515e-01
 2.255e+01 6.7367e-01 6.7367e-01 [ 2.7228e-05 3.3294e-02 2.4028e-01 3.9282e-01 7.2413e-03 ] 3.2633e-01
 2.267e+01 6.7214e-01 6.7214e-01 [ 2.3742e-05 3.1718e-02 2.3746e-01 3.9566e-01 7.2807e-03 ] 3.2786e-01
 2.278e+01 6.7015e-01 6.7015e-01 [ 2.0682e-05 3.0210e-02 2.3449e-01 3.9811e-01 7.3166e-03 ] 3.2985e-01
 2.289e+01 6.6752e-01 6.6752e-01 [ 1.7998e-05 2.8763e-02 2.3134e-01 4.0005e-01 7.3483e-03 ] 3.3248e-01
 2.301e+01 6.6400e-01 6.6400e-01 [ 1.5646e-05 2.7370e-02 2.2792e-01 4.0132e-01 7.3746e-03 ] 3.3600e-01
 2.312e+01 6.5929e-01 6.5929e-01 [ 1.3586e-05 2.6020e-02 2.2416e-01 4.0170e-01 7.3939e-03 ] 3.4071e-01
 2.323e+01 6.5299e-01 6.5299e-01 [ 1.1780e-05 2.4701e-02 2.1992e-01 4.0096e-01 7.4036e-03 ] 3.4701e-01
 2.335e+01 6.4461e-01 6.4461e-01 [ 1.0195e-05 2.3399e-02 2.1506e-01 3.9874e-01 7.4005e-03 ] 3.5539e-01
 2.346e+01 6.3358e-01 6.3358e-01 [ 8.8024e-06 2.2098e-02 2.0941e-01 3.9468e-01 7.3799e-03 ] 3.6642e-01
 2.357e+01 6.1924e-01 6.1924e-01 [ 7.5750e-06 2.0780e-02 2.0278e-01 3.8833e-01 7.3360e-03 ] 3.8076e-01
 2.369e+01 6.0093e-01 6.0093e-01 [ 6.4900e-06 1.9428e-02 1.9498e-01 3.7925e-01 7.2620e-03 ] 3.9907e-01
 2.380e+01 5.7808e-01 5.7808e-01 [ 5.5284e-06 1.8029e-02 1.8584e-01 3.6705e-01 7.1507e-03 ] 4.2192e-01
 2.391e+01 5.5033e-01 5.5033e-01 [ 4.6750e-06 1.6579e-02 1.7530e-01 3.5145e-01 6.9952e-03 ] 4.4967e-01
 2.403e+01 5.1765e-01 5.1765e-01 [ 3.9184e-06 1.5081e-02 1.6336e-01 3.3242e-01 6.7908e-03 ] 4.8235e-01
 2.414e+01 4.8048e-01 4.8048e-01 [ 3.2506e-06 1.3550e-02 1.5020e-01 3.1019e-01 6.5358e-03 ] 5.1953e-01
 2.425e+01 4.3969e-01 4.3969e-01 [ 2.6661e-06 1.2012e-02 1.3612e-01 2.8532e-01 6.2329e-03 ] 5.6031e-01
 2.437e+01 3.9658e-01 3.9658e-01 [ 2.1604e-06 1.0502e-02 1.2155e-01 2.5864e-01 5.8888e-03 ] 6.0342e-01
 2.448e+01 3.5263e-01 3.5263e-01 [ 1.7293e-06 9.0544e-03 1.0695e-01 2.3111e-01 5.5136e-03 ] 6.4737e-01
 2.459e+01 3.0935e-01 3.0935e-01 [ 1.3678e-06 7.7025e-03 9.2789e-02 2.0374e-01 5.1192e-03 ] 6.9065e-01
 2.471e+01 2.6804e-01 2.6804e-01 [ 1.0697e-06 6.4709e-03 7.9460e-02 1.7739e-01 4.7179e-03 ] 7.3195e-01
 2.482e+01 2.2973e-01 2.2973e-01 [ 8.2793e-07 5.3749e-03 6.7248e-02 1.5278e-01 4.3204e-03 ] 7.7027e-01
 2.493e+01 1.9504e-01 1.9504e-01 [ 6.3491e-07 4.4199e-03 5.6324e-02 1.3036e-01 3.9356e-03 ] 8.0496e-01
 2.505e+01 1.6429e-01 1.6429e-01 [ 4.8293e-07 3.6030e-03 4.6751e-02 1.1036e-01 3.5699e-03 ] 8.3571e-01
 2.516e+01 1.3751e-01 1.3751e-01 [ 3.6475e-07 2.9152e-03 3.8508e-02 9.2855e-02 3.2274e-03 ] 8.6249e-01
 2.527e+01 1.1452e-01 1.1452e-01 [ 2.7384e-07 2.3438e-03 3.1514e-02 7.7748e-02 2.9103e-03 ] 8.8548e-01
 2.539e+01 9.5013e-02 9.5013e-02 [ 2.0453e-07 1.8745e-03 2.5652e-02 6.4866e-02 2.6193e-03 ] 9.0499e-01
 2.550e+01 7.8622e-02 7.8622e-02 [ 1.5210e-07 1.4926e-03 2.0787e-02 5.3988e-02 2.3538e-03 ] 9.2138e-01
 2.561e+01 6.4949e-02 6.4949e-02 [ 1.1270e-07 1.1842e-03 1.6783e-02 4.4868e-02 2.1130e-03 ] 9.3505e-01
 2.573e+01 5.3608e-02 5.3608e-02 [ 8.3249e-08 9.3667e-04 1.3510e-02 3.7267e-02 1.8953e-03 ] 9.4639e-01
 2.584e+01 4.4243e-02 4.4243e-02 [ 6.1331e-08 7.3906e-04 1.0847e-02 3.0957e-02 1.6990e-03 ] 9.5576e-01
 2.595e+01 3.6532e-02 3.6532e-02 [ 4.5082e-08 5.8194e-04 8.6924e-03 2.5736e-02 1.5223e-03 ] 9.6347e-01
 2.607e+01 3.0197e-02 3.0197e-02 [ 3.3075e-08 4.5745e-04 6.9539e-03 2.1422e-02 1.3635e-03 ] 9.6980e-01
 2.618e+01 2.4998e-02 2.4998e-02 [ 2.4224e-08 3.5908e-04 5.5554e-03 1.7863e-02 1.2209e-03 ] 9.7500e-01
 2.629e+01 2.0734e-02 2.0734e-02 [ 1.7716e-08 2.8153e-04 4.4333e-03 1.4927e-02 1.0930e-03 ] 9.7926e-01
 2.641e+01 1.7236e-02 1.7236e-02 [ 1.2940e-08 2.2051e-04 3.5345e-03 1.2503e-02 9.7831e-04 ] 9.8276e-01
 2.652e+01 1.4365e-02 1.4365e-02 [ 9.4401e-09 1.7257e-04 2.8157e-03 1.0501e-02 8.7555e-04 ] 9.8563e-01
 2.663e+01 1.2005e-02 1.2005e-02 [ 6.8796e-09 1.3496e-04 2.2417e-03 8.8450e-03 7.8348e-04 ] 9.8799e-01
 2.675e+01 1.0063e-02 1.0063e-02 [ 5.0088e-09 1.0547e-04 1.7837e-03 7.4725e-03 7.0102e-04 ] 9.8994e-01
 2.686e+01 8.4608e-03 8.4608e-03 [ 3.6434e-09 8.2388e-05 1.4186e-03 6.3325e-03 6.2719e-04 ] 9.9154e-01
 2.697e+01 7.1367e-03 7.1367e-03 [ 2.6480e-09 6.4324e-05 1.1279e-03 5.3834e-03 5.6108e-04 ] 9.9286e-01
 2.709e+01 6.0396e-03 6.0396e-03 [ 1.9230e-09 5.0199e-05 8.9637e-04 4.5911e-03 5.0191e-04 ] 9.9396e-01
 2.720e+01 5.1280e-03 5.1280e-03 [ 1.3955e-09 3.9161e-05 7.1219e-04 3.9277e-03 4.4895e-04 ] 9.9487e-01
 2.731e+01 4.3684e-03 4.3684e-03 [ 1.0119e-09 3.0539e-05 5.6571e-04 3.3706e-03 4.0155e-04 ] 9.9563e-01
 2.743e+01 3.7334e-03 3.7334e-03 [ 7.3324e-10 2.3808e-05 4.4926e-04 2.9012e-03 3.5914e-04 ] 9.9627e-01
 2.754e+01 3.2010e-03 3.2010e-03 [ 5.3096e-10 1.8555e-05 3.5671e-04 2.5045e-03 3.2119e-04 ] 9.9680e-01
 2.765e+01 2.7529e-03 2.7529e-03 [ 3.8423e-10 1.4456e-05 2.8318e-04 2.1681e-03 2.8724e-04 ] 9.9725e-01
 2.777e+01 2.3747e-03 2.3747e-03 [ 2.7786e-10 1.1260e-05 2.2477e-04 1.8818e-03 2.5687e-04 ] 9.9762e-01
 2.788e+01 2.0543e-03 2.0543e-03 [ 2.0081e-10 8.7688e-06 1.7838e-04 1.6375e-03 2.2970e-04 ] 9.9795e-01
 2.799e+01 1.7820e-03 1.7820e-03 [ 1.4504e-10 6.8269e-06 1.4155e-04 1.4282e-03 2.0539e-04 ] 9.9822e-01
 2.811e+01 1.5497e-03 1.5497e-03 [ 1.0469e-10 5.3137e-06 1.1231e-04 1.2484e-03 1.8365e-04 ] 9.9845e-01
 2.822e+01 1.3510e-03 1.3510e-03 [ 7.5514e-11 4.1350e-06 8.9099e-05 1.0935e-03 1.6421e-04 ] 9.9865e-01
 2.833e+01 1.1804e-03 1.1804e-03 [ 5.4438e-11 3.2171e-06 7.0680e-05 9.5968e-04 1.4682e-04 ] 9.9882e-01
 2.845e+01 1.0335e-03 1.0335e-03 [ 3.9220e-11 2.5024e-06 5.6063e-05 8.4368e-04 1.3127e-04 ] 9.9897e-01
 2.856e+01 9.0666e-04 9.0666e-04 [ 2.8239e-11 1.9460e-06 4.4466e-05 7.4289e-04 1.1736e-04 ] 9.9909e-01
 2.867e+01 7.9679e-04 7.9679e-04 [ 2.0320e-11 1.5131e-06 3.5265e-05 6.5510e-04 1.0492e-04 ] 9.9920e-01
 2.879e+01 7.0139e-04 7.0139e-04 [ 1.4613e-11 1.1762e-06 2.7967e-05 5.7845e-04 9.3795e-05 ] 9.9930e-01
 2.890e+01 6.1833e-04 6.1833e-04 [ 1.0503e-11 9.1411e-07 2.2178e-05 5.1139e-04 8.3849e-05 ] 9.9938e-01
 2.901e+01 5.4584e-04 5.4584e-04 [ 7.5438e-12 7.1029e-07 1.7586e-05 4.5259e-04 7.4956e-05 ] 9.9945e-01
 2.913e+01 4.8245e-04 4.8245e-04 [ 5.4153e-12 5.5181e-07 1.3944e-05 4.0095e-04 6.7004e-05 ] 9.9952e-01
 2.924e+01 4.2690e-04 4.2690e-04 [ 3.8850e-12 4.2860e-07 1.1057e-05 3.5552e-04 5.9894e-05 ] 9.9957e-01
 2.935e+01 3.7812e-04 3.7812e-04 [ 2.7855e-12 3.3283e-07 8.7668e-06 3.1549e-04 5.3537e-05 ] 9.9962e-01
 2.947e+01 3.3522e-04 3.3522e-04 [ 1.9959e-12 2.5842e-07 6.9512e-06 2.8016e-04 4.7853e-05 ] 9.9966e-01
 2.958e+01 2.9743e-04 2.9743e-04 [ 1.4293e-12 2.0060e-07 5.5116e-06 2.4895e-04 4.2772e-05 ] 9.9970e-01
 2.969e+01 2.6409e-04 2.6409e-04 [ 1.0230e-12 1.5568e-07 4.3702e-06 2.2134e-04 3.8230e-05 ] 9.9974e-01
 2.981e+01 2.3464e-04 2.3464e-04 [ 7.3168e-13 1.2080e-07 3.4653e-06 1.9689e-04 3.4169e-05 ] 9.9976e-01
 2.992e+01 2.0860e-04 2.0860e-04 [ 5.2303e-13 9.3717e-08 2.7480e-06 1.7522e-04 3.0538e-05 ] 9.9979e-01
 3.003e+01 1.8554e-04 1.8554e-04 [ 3.7365e-13 7.2691e-08 2.1792e-06 1.5599e-04 2.7293e-05 ] 9.9981e-01
 3.015e+01 1.6511e-04 1.6511e-04 [ 2.6678e-13 5.6371e-08 1.7284e-06 1.3893e-04 2.4392e-05 ] 9.9983e-01
 3.026e+01 1.4698e-04 1.4698e-04 [ 1.9036e-13 4.3706e-08 1.3709e-06 1.2377e-04 2.1798e-05 ] 9.9985e-01
 3.037e+01 1.3089e-04 1.3089e-04 [ 1.3575e-13 3.3880e-08 1.0875e-06 1.1029e-04 1.9480e-05 ] 9.9987e-01
 3.049e+01 1.1660e-04 1.1660e-04 [ 9.6743e-14 2.6258e-08 8.6287e-07 9.8308e-05 1.7408e-05 ] 9.9988e-01
 3.060e+01 1.0390e-04 1.0390e-04 [ 6.8906e-14 2.0346e-08 6.8475e-07 8.7643e-05 1.5556e-05 ] 9.9990e-01
 3.071e+01 9.2610e-05 9.2610e-05 [ 4.9049e-14 1.5763e-08 5.4351e-07 7.8149e-05 1.3901e-05 ] 9.9991e-01
 3.083e+01 8.2560e-05 8.2560e-05 [ 3.4893e-14 1.2209e-08 4.3152e-07 6.9695e-05 1.2421e-05 ] 9.9992e-01
 3.094e+01 7.3615e-05 7.3615e-05 [ 2.4808e-14 9.4547e-09 3.4270e-07 6.2164e-05 1.1099e-05 ] 9.9993e-01
 3.105e+01 6.5650e-05 6.5650e-05 [ 1.7627e-14 7.3203e-09 2.7226e-07 5.5453e-05 9.9173e-06 ] 9.9993e-01
 3.117e+01 5.8555e-05 5.8555e-05 [ 1.2517e-14 5.6665e-09 2.1638e-07 4.9472e-05 8.8611e-06 ] 9.9994e-01
 3.128e+01 5.2233e-05 5.2233e-05 [ 8.8828e-15 4.3855e-09 1.7204e-07 4.4140e-05 7.9172e-06 ] 9.9995e-01
 3.139e+01 4.6599e-05 4.6599e-05 [ 6.3000e-15 3.3934e-09 1.3686e-07 3.9385e-05 7.0736e-06 ] 9.9995e-01
 3.151e+01 4.1576e-05 4.1576e-05 [ 4.4655e-15 2.6252e-09 1.0893e-07 3.5145e-05 6.3198e-06 ] 9.9996e-01
 3.162e+01 3.7097e-05 3.7097e-05 [ 3.1633e-15 2.0305e-09 8.6761e-08 3.1362e-05 5.6462e-06 ] 9.9996e-01
 3.173e+01 3.3103e-05 3.3103e-05 [ 2.2394e-15 1.5702e-09 6.9150e-08 2.7988e-05 5.0442e-06 ] 9.9997e-01
 3.185e+01 2.9540e-05 2.9540e-05 [ 1.5844e-15 1.2140e-09 5.5157e-08 2.4978e-05 4.5063e-06 ] 9.9997e-01
 3.196e+01 2.6362e-05 2.6362e-05 [ 1.1203e-15 9.3838e-10 4.4035e-08 2.2292e-05 4.0256e-06 ] 9.9997e-01
 3.207e+01 2.3527e-05 2.3527e-05 [ 7.9168e-16 7.2520e-10 3.5190e-08 1.9895e-05 3.5961e-06 ] 9.9998e-01
 3.219e+01 2.0997e-05 2.0997e-05 [ 5.5910e-16 5.6033e-10 2.8153e-08 1.7756e-05 3.2124e-06 ] 9.9998e-01
 3.230e+01 1.8740e-05 1.8740e-05 [ 3.9460e-16 4.3286e-10 2.2549e-08 1.5848e-05 2.8695e-06 ] 9.9998e-01
 3.241e+01 1.6726e-05 1.6726e-05 [ 2.7834e-16 3.3431e-10 1.8085e-08 1.4144e-05 2.5632e-06 ] 9.9998e-01
 3.253e+01 1.4928e-05 1.4928e-05 [ 1.9620e-16 2.5815e-10 1.4526e-08 1.2623e-05 2.2894e-06 ] 9.9998e-01
 3.264e+01 1.3323e-05 1.3323e-05 [ 1.3822e-16 1.9930e-10 1.1685e-08 1.1266e-05 2.0449e-06 ] 9.9999e-01
 3.275e+01 1.1891e-05 1.1891e-05 [ 9.7317e-17 1.5383e-10 9.4161e-09 1.0055e-05 1.8264e-06 ] 9.9999e-01
 3.287e+01 1.0613e-05 1.0613e-05 [ 6.8474e-17 1.1871e-10 7.6018e-09 8.9740e-06 1.6313e-06 ] 9.9999e-01
 3.298e+01 9.4722e-06 9.4722e-06 [ 4.8150e-17 9.1585e-11 6.1493e-09 8.0090e-06 1.4569e-06 ] 9.9999e-01
 3.309e+01 8.4539e-06 8.4539e-06 [ 3.3838e-17 7.0645e-11 4.9851e-09 7.1477e-06 1.3012e-06 ] 9.9999e-01
 3.321e+01 7.5450e-06 7.5450e-06 [ 2.3765e-17 5.4482e-11 4.0505e-09 6.3788e-06 1.1620e-06 ] 9.9999e-01
 3.332e+01 6.7337e-06 6.7337e-06 [ 1.6680e-17 4.2007e-11 3.2991e-09 5.6926e-06 1.0377e-06 ] 9.9999e-01
 3.343e+01 6.0095e-06 6.0095e-06 [ 1.1700e-17 3.2382e-11 2.6940e-09 5.0801e-06 9.2670e-07 ] 9.9999e-01
 3.355e+01 5.3631e-06 5.3631e-06 [ 8.2022e-18 2.4957e-11 2.2058e-09 4.5333e-06 8.2753e-07 ] 9.9999e-01
 3.366e+01 4.7861e-06 4.7861e-06 [ 5.7463e-18 1.9230e-11 1.8112e-09 4.0453e-06 7.3896e-07 ] 9.9999e-01
 3.377e+01 4.2711e-06 4.2711e-06 [ 4.0233e-18 1.4815e-11 1.4915e-09 3.6098e-06 6.5984e-07 ] 1.0000e+00
 3.389e+01 3.8114e-06 3.8114e-06 [ 2.8152e-18 1.1410e-11 1.2319e-09 3.2210e-06 5.8918e-07 ] 1.0000e+00
 3.400e+01 3.4012e-06 3.4012e-06 [ 1.9686e-18 8.7865e-12 1.0207e-09 2.8741e-06 5.2606e-07 ] 1.0000e+00
 3.411e+01 3.0349e-06 3.0349e-06 [ 1.3757e-18 6.7645e-12 8.4834e-10 2.5644e-06 4.6970e-07 ] 1.0000e+00
 3.423e+01 2.7081e-06 2.7081e-06 [ 9.6083e-19 5.2067e-12 7.0733e-10 2.2880e-06 4.1936e-07 ] 1.0000e+00
 3.434e+01 2.4164e-06 2.4164e-06 [ 6.7063e-19 4.0068e-12 5.9164e-10 2.0414e-06 3.7440e-07 ] 1.0000e+00
 3.445e+01 2.1560e-06 2.1560e-06 [ 4.6779e-19 3.0828e-12 4.9645e-10 1.8213e-06 3.3426e-07 ] 1.0000e+00
 3.457e+01 1.9237e-06 1.9237e-06 [ 3.2610e-19 2.3713e-12 4.1789e-10 1.6248e-06 2.9841e-07 ] 1.0000e+00
 3.468e+01 1.7163e-06 1.7163e-06 [ 2.2718e-19 1.8237e-12 3.5285e-10 1.4495e-06 2.6639e-07 ] 1.0000e+00
 3.479e+01 1.5312e-06 1.5312e-06 [ 1.5817e-19 1.4022e-12 2.9884e-10 1.2931e-06 2.3780e-07 ] 1.0000e+00
 3.491e+01 1.3661e-06 1.3661e-06 [ 1.1006e-19 1.0779e-12 2.5384e-10 1.1535e-06 2.1228e-07 ] 1.0000e+00
 3.502e+01 1.2187e-06 1.2187e-06 [ 7.6530e-20 8.2846e-13 2.1624e-10 1.0290e-06 1.8949e-07 ] 1.0000e+00
 3.513e+01 1.0872e-06 1.0872e-06 [ 5.3183e-20 6.3659e-13 1.8470e-10 9.1783e-07 1.6914e-07 ] 1.0000e+00
 3.525e+01 9.6979e-07 9.6979e-07 [ 3.6935e-20 4.8906e-13 1.5818e-10 8.1867e-07 1.5097e-07 ] 1.0000e+00
 3.536e+01 8.6508e-07 8.6508e-07 [ 2.5635e-20 3.7564e-13 1.3579e-10 7.3020e-07 1.3474e-07 ] 1.0000e+00
 3.547e+01 7.7164e-07 7.7164e-07 [ 1.7781e-20 2.8847e-13 1.1685e-10 6.5126e-07 1.2026e-07 ] 1.0000e+00
 3.559e+01 6.8827e-07 6.8827e-07 [ 1.2326e-20 2.2148e-13 1.0077e-10 5.8084e-07 1.0733e-07 ] 1.0000e+00
 3.570e+01 6.1388e-07 6.1388e-07 [ 8.5385e-21 1.7001e-13 8.7075e-11 5.1801e-07 9.5788e-08 ] 1.0000e+00
 3.581e+01 5.4752e-07 5.4752e-07 [ 5.9114e-21 1.3048e-13 7.5385e-11 4.6196e-07 8.5484e-08 ] 1.0000e+00
 3.593e+01 4.8831e-07 4.8831e-07 [ 4.0899e-21 1.0012e-13 6.5378e-11 4.1196e-07 7.6285e-08 ] 1.0000e+00
 3.604e+01 4.3549e-07 4.3549e-07 [ 2.8280e-21 7.6810e-14 5.6790e-11 3.6736e-07 6.8074e-08 ] 1.0000e+00
 3.615e+01 3.8836e-07 3.8836e-07 [ 1.9542e-21 5.8916e-14 4.9402e-11 3.2757e-07 6.0745e-08 ] 1.0000e+00
 3.627e+01 3.4633e-07 3.4633e-07 [ 1.3495e-21 4.5183e-14 4.3033e-11 2.9208e-07 5.4203e-08 ] 1.0000e+00
 3.638e+01 3.0883e-07 3.0883e-07 [ 9.3133e-22 3.4645e-14 3.7530e-11 2.6043e-07 4.8364e-08 ] 1.0000e+00
 3.649e+01 2.7538e-07 2.7538e-07 [ 6.4234e-22 2.6560e-14 3.2767e-11 2.3220e-07 4.3152e-08 ] 1.0000e+00
 3.661e+01 2.4555e-07 2.4555e-07 [ 4.4275e-22 2.0359e-14 2.8637e-11 2.0702e-07 3.8501e-08 ] 1.0000e+00
 3.672e+01 2.1893e-07 2.1893e-07 [ 3.0498e-22 1.5603e-14 2.5049e-11 1.8456e-07 3.4350e-08 ] 1.0000e+00
 3.683e+01 1.9520e-07 1.9520e-07 [ 2.0995e-22 1.1957e-14 2.1929e-11 1.6453e-07 3.0645e-08 ] 1.0000e+00
 3.695e+01 1.7403e-07 1.7403e-07 [ 1.4444e-22 9.1611e-15 1.9210e-11 1.4667e-07 2.7339e-08 ] 1.0000e+00
 3.706e+01 1.5515e-07 1.5515e-07 [ 9.9303e-23 7.0184e-15 1.6839e-11 1.3075e-07 2.4389e-08 ] 1.0000e+00
 3.717e+01 1.3831e-07 1.3831e-07 [ 6.8230e-23 5.3763e-15 1.4769e-11 1.1654e-07 2.1756e-08 ] 1.0000e+00
 3.729e+01 1.2330e-07 1.2330e-07 [ 4.6851e-23 4.1180e-15 1.2960e-11 1.0388e-07 1.9407e-08 ] 1.0000e+00
 3.740e+01 1.0991e-07 1.0991e-07 [ 3.2150e-23 3.1540e-15 1.1377e-11 9.2589e-08 1.7310e-08 ] 1.0000e+00
 3.751e+01 9.7971e-08 9.7971e-08 [ 2.2048e-23 2.4155e-15 9.9907e-12 8.2521e-08 1.5440e-08 ] 1.0000e+00
 3.763e+01 8.7325e-08 8.7325e-08 [ 1.5111e-23 1.8499e-15 8.7762e-12 7.3546e-08 1.3771e-08 ] 1.0000e+00
 3.774e+01 7.7833e-08 7.7833e-08 [ 1.0350e-23 1.4167e-15 7.7114e-12 6.5543e-08 1.2282e-08 ] 1.0000e+00
 3.785e+01 6.9370e-08 6.9370e-08 [ 7.0842e-24 1.0849e-15 6.7773e-12 5.8409e-08 1.0954e-08 ] 1.0000e+00
 3.797e+01 6.1824e-08 6.1824e-08 [ 4.8459e-24 8.3090e-16 5.9575e-12 5.2049e-08 9.7689e-09 ] 1.0000e+00
 3.808e+01 5.5097e-08 5.5097e-08 [ 3.3128e-24 6.3640e-16 5.2375e-12 4.6380e-08 8.7117e-09 ] 1.0000e+00
 3.819e+01 4.9099e-08 4.9099e-08 [ 2.2632e-24 4.8748e-16 4.6051e-12 4.1326e-08 7.7687e-09 ] 1.0000e+00
 3.831e+01 4.3753e-08 4.3753e-08 [ 1.5452e-24 3.7346e-16 4.0494e-12 3.6822e-08 6.9274e-09 ] 1.0000e+00
 3.842e+01 3.8987e-08 3.8987e-08 [ 1.0543e-24 2.8616e-16 3.5609e-12 3.2807e-08 6.1770e-09 ] 1.0000e+00
 3.853e+01 3.4739e-08 3.4739e-08 [ 7.1892e-25 2.1932e-16 3.1315e-12 2.9228e-08 5.5077e-09 ] 1.0000e+00
 3.865e+01 3.0952e-08 3.0952e-08 [ 4.8990e-25 1.6813e-16 2.7538e-12 2.6039e-08 4.9107e-09 ] 1.0000e+00
 3.876e+01 2.7577e-08 2.7577e-08 [ 3.3363e-25 1.2894e-16 2.4217e-12 2.3196e-08 4.3783e-09 ] 1.0000e+00
 3.887e+01 2.4569e-08 2.4569e-08 [ 2.2706e-25 9.8918e-17 2.1296e-12 2.0663e-08 3.9034e-09 ] 1.0000e+00
 3.899e+01 2.1888e-08 2.1888e-08 [ 1.5444e-25 7.5921e-17 1.8726e-12 1.8406e-08 3.4799e-09 ] 1.0000e+00
 3.910e+01 1.9498e-08 1.9498e-08 [ 1.0497e-25 5.8300e-17 1.6465e-12 1.6395e-08 3.1022e-09 ] 1.0000e+00
 3.921e+01 1.7369e-08 1.7369e-08 [ 7.1307e-26 4.4796e-17 1.4476e-12 1.4602e-08 2.7654e-09 ] 1.0000e+00
 3.933e+01 1.5472e-08 1.5472e-08 [ 4.8407e-26 3.4442e-17 1.2726e-12 1.3005e-08 2.4650e-09 ] 1.0000e+00
 3.944e+01 1.3781e-08 1.3781e-08 [ 3.2840e-26 2.6502e-17 1.1186e-12 1.1583e-08 2.1972e-09 ] 1.0000e+00
 3.955e+01 1.2274e-08 1.2274e-08 [ 2.2265e-26 2.0409e-17 9.8319e-13 1.0315e-08 1.9584e-09 ] 1.0000e+00
 3.967e+01 1.0932e-08 1.0932e-08 [ 1.5086e-26 1.5731e-17 8.6403e-13 9.1856e-09 1.7455e-09 ] 1.0000e+00
 3.978e+01 9.7359e-09 9.7359e-09 [ 1.0215e-26 1.2138e-17 7.5920e-13 8.1795e-09 1.5556e-09 ] 1.0000e+00
 3.989e+01 8.6703e-09 8.6703e-09 [ 6.9124e-27 9.3766e-18 6.6699e-13 7.2832e-09 1.3864e-09 ] 1.0000e+00
 4.001e+01 7.7209e-09 7.7209e-09 [ 4.6746e-27 7.2521e-18 5.8588e-13 6.4848e-09 1.2355e-09 ] 1.0000e+00
 4.012e+01 6.8752e-09 6.8752e-09 [ 3.1593e-27 5.6166e-18 5.1455e-13 5.7737e-09 1.1010e-09 ] 1.0000e+00
 4.023e+01 6.1219e-09 6.1219e-09 [ 2.1338e-27 4.3562e-18 4.5182e-13 5.1403e-09 9.8108e-10 ] 1.0000e+00
 4.035e+01 5.4508e-09 5.4508e-09 [ 1.4402e-27 3.3840e-18 3.9666e-13 4.5762e-09 8.7419e-10 ] 1.0000e+00
 4.046e+01 4.8530e-09 4.8530e-09 [ 9.7150e-28 2.6332e-18 3.4817e-13 4.0738e-09 7.7891e-10 ] 1.0000e+00
 4.057e+01 4.3206e-09 4.3206e-09 [ 6.5490e-28 2.0526e-18 3.0554e-13 3.6263e-09 6.9399e-10 ] 1.0000e+00
 4.069e+01 3.8464e-09 3.8464e-09 [ 4.4120e-28 1.6030e-18 2.6807e-13 3.2278e-09 6.1830e-10 ] 1.0000e+00
 4.080e+01 3.4241e-09 3.4241e-09 [ 2.9704e-28 1.2545e-18 2.3514e-13 2.8730e-09 5.5083e-10 ] 1.0000e+00
 4.091e+01 3.0480e-09 3.0480e-09 [ 1.9986e-28 9.8372e-19 2.0621e-13 2.5571e-09 4.9071e-10 ] 1.0000e+00
 4.103e+01 2.7131e-09 2.7131e-09 [ 1.3438e-28 7.7309e-19 1.8080e-13 2.2757e-09 4.3713e-10 ] 1.0000e+00
 4.114e+01 2.4148e-09 2.4148e-09 [ 9.0302e-29 6.0893e-19 1.5847e-13 2.0253e-09 3.8938e-10 ] 1.0000e+00
 4.125e+01 2.1492e-09 2.1492e-09 [ 6.0642e-29 4.8073e-19 1.3887e-13 1.8023e-09 3.4683e-10 ] 1.0000e+00
 4.137e+01 1.9128e-09 1.9128e-09 [ 4.0698e-29 3.8042e-19 1.2166e-13 1.6037e-09 3.0892e-10 ] 1.0000e+00
 4.148e+01 1.7022e-09 1.7022e-09 [ 2.7296e-29 3.0176e-19 1.0655e-13 1.4270e-09 2.7514e-10 ] 1.0000e+00
 4.159e+01 1.5148e-09 1.5148e-09 [ 1.8296e-29 2.3994e-19 9.3289e-14 1.2696e-09 2.4504e-10 ] 1.0000e+00
 4.171e+01 1.3479e-09 1.3479e-09 [ 1.2255e-29 1.9125e-19 8.1656e-14 1.1296e-09 2.1822e-10 ] 1.0000e+00
 4.182e+01 1.1994e-09 1.1994e-09 [ 8.2039e-30 1.5280e-19 7.1451e-14 1.0049e-09 1.9433e-10 ] 1.0000e+00
 4.193e+01 1.0671e-09 1.0671e-09 [ 5.4884e-30 1.2238e-19 6.2501e-14 8.9400e-10 1.7305e-10 ] 1.0000e+00
 4.205e+01 9.4939e-10 9.4939e-10 [ 3.6694e-30 9.8237e-20 5.4654e-14 7.9525e-10 1.5409e-10 ] 1.0000e+00
 4.216e+01 8.4462e-10 8.4462e-10 [ 2.4517e-30 7.9036e-20 4.7776e-14 7.0737e-10 1.3720e-10 ] 1.0000e+00
 4.227e+01 7.5136e-10 7.5136e-10 [ 1.6371e-30 6.3728e-20 4.1749e-14 6.2916e-10 1.2216e-10 ] 1.0000e+00
 4.239e+01 6.6836e-10 6.6836e-10 [ 1.0924e-30 5.1493e-20 3.6469e-14 5.5957e-10 1.0876e-10 ] 1.0000e+00
 4.250e+01 5.9450e-10 5.9450e-10 [ 7.2854e-31 4.1690e-20 3.1845e-14 4.9765e-10 9.6821e-11 ] 1.0000e+00
 4.261e+01 5.2877e-10 5.2877e-10 [ 4.8555e-31 3.3817e-20 2.7796e-14 4.4255e-10 8.6192e-11 ] 1.0000e+00
 4.273e+01 4.7027e-10 4.7027e-10 [ 3.2340e-31 2.7479e-20 2.4253e-14 3.9352e-10 7.6726e-11 ] 1.0000e+00
 4.284e+01 4.1823e-10 4.1823e-10 [ 2.1527e-31 2.2367e-20 2.1152e-14 3.4991e-10 6.8296e-11 ] 1.0000e+00
 4.295e+01 3.7191e-10 3.7191e-10 [ 1.4320e-31 1.8233e-20 1.8440e-14 3.1111e-10 6.0789e-11 ] 1.0000e+00
 4.307e+01 3.3071e-10 3.3071e-10 [ 9.5199e-32 1.4884e-20 1.6069e-14 2.7659e-10 5.4105e-11 ] 1.0000e+00
 4.318e+01 2.9405e-10 2.9405e-10 [ 6.3250e-32 1.2166e-20 1.3996e-14 2.4588e-10 4.8153e-11 ] 1.0000e+00
 4.329e+01 2.6144e-10 2.6144e-10 [ 4.1996e-32 9.9553e-21 1.2185e-14 2.1857e-10 4.2854e-11 ] 1.0000e+00
 4.341e+01 2.3243e-10 2.3243e-10 [ 2.7867e-32 8.1547e-21 1.0603e-14 1.9428e-10 3.8136e-11 ] 1.0000e+00
 4.352e+01 2.0662e-10 2.0662e-10 [ 1.8480e-32 6.6856e-21 9.2224e-15 1.7268e-10 3.3935e-11 ] 1.0000e+00
 4.363e+01 1.8366e-10 1.8366e-10 [ 1.2248e-32 5.4854e-21 8.0171e-15 1.5346e-10 3.0196e-11 ] 1.0000e+00
 4.375e+01 1.6325e-10 1.6325e-10 [ 8.1123e-33 4.5036e-21 6.9656e-15 1.3637e-10 2.6867e-11 ] 1.0000e+00
 4.386e+01 1.4509e-10 1.4509e-10 [ 5.3698e-33 3.6995e-21 6.0487e-15 1.2118e-10 2.3904e-11 ] 1.0000e+00
 4.397e+01 1.2894e-10 1.2894e-10 [ 3.5523e-33 3.0402e-21 5.2496e-15 1.0767e-10 2.1267e-11 ] 1.0000e+00
 4.409e+01 1.1458e-10 1.1458e-10 [ 2.3486e-33 2.4992e-21 4.5533e-15 9.5653e-11 1.8920e-11 ] 1.0000e+00
 4.420e+01 1.0181e-10 1.0181e-10 [ 1.5518e-33 2.0549e-21 3.9470e-15 8.4971e-11 1.6830e-11 ] 1.0000e+00
 4.431e+01 9.0449e-11 9.0449e-11 [ 1.0247e-33 1.6897e-21 3.4193e-15 7.5475e-11 1.4971e-11 ] 1.0000e+00
 4.443e+01 8.0352e-11 8.0352e-11 [ 6.7624e-34 1.3895e-21 2.9603e-15 6.7033e-11 1.3316e-11 ] 1.0000e+00
 4.454e+01 7.1375e-11 7.1375e-11 [ 4.4602e-34 1.1426e-21 2.5611e-15 5.9528e-11 1.1844e-11 ] 1.0000e+00
 4.465e+01 6.3393e-11 6.3393e-11 [ 2.9400e-34 9.3935e-22 2.2143e-15 5.2857e-11 1.0534e-11 ] 1.0000e+00
 4.477e+01 5.6298e-11 5.6298e-11 [ 1.9368e-34 7.7211e-22 1.9130e-15 4.6928e-11 9.3680e-12 ] 1.0000e+00
 4.488e+01 4.9990e-11 4.9990e-11 [ 1.2752e-34 6.3444e-22 1.6515e-15 4.1658e-11 8.3307e-12 ] 1.0000e+00
 4.499e+01 4.4383e-11 4.4383e-11 [ 8.3906e-35 5.2112e-22 1.4246e-15 3.6974e-11 7.4079e-12 ] 1.0000e+00
 4.511e+01 3.9400e-11 3.9400e-11 [ 5.5179e-35 4.2784e-22 1.2280e-15 3.2812e-11 6.5870e-12 ] 1.0000e+00
 4.522e+01 3.4970e-11 3.4970e-11 [ 3.6266e-35 3.5108e-22 1.0575e-15 2.9113e-11 5.8566e-12 ] 1.0000e+00
 4.533e+01 3.1034e-11 3.1034e-11 [ 2.3823e-35 2.8791e-22 9.0999e-16 2.5826e-11 5.2070e-12 ] 1.0000e+00
 4.545e+01 2.7535e-11 2.7535e-11 [ 1.5640e-35 2.3596e-22 7.8232e-16 2.2905e-11 4.6291e-12 ] 1.0000e+00
 4.556e+01 2.4426e-11 2.4426e-11 [ 1.0262e-35 1.9324e-22 6.7193e-16 2.0311e-11 4.1151e-12 ] 1.0000e+00
 4.567e+01 2.1664e-11 2.1664e-11 [ 6.7294e-36 1.5812e-22 5.7655e-16 1.8005e-11 3.6579e-12 ] 1.0000e+00
 4.579e+01 1.9209e-11 1.9209e-11 [ 4.4105e-36 1.2928e-22 4.9420e-16 1.5957e-11 3.2513e-12 ] 1.0000e+00
 4.590e+01 1.7028e-11 1.7028e-11 [ 2.8891e-36 1.0560e-22 4.2317e-16 1.4138e-11 2.8897e-12 ] 1.0000e+00
 4.601e+01 1.5090e-11 1.5090e-11 [ 1.8914e-36 8.6172e-23 3.6193e-16 1.2522e-11 2.5682e-12 ] 1.0000e+00
 4.613e+01 1.3369e-11 1.3369e-11 [ 1.2376e-36 7.0242e-23 3.0920e-16 1.1086e-11 2.2822e-12 ] 1.0000e+00
 4.624e+01 1.1839e-11 1.1839e-11 [ 8.0934e-37 5.7192e-23 2.6382e-16 9.8110e-12 2.0279e-12 ] 1.0000e+00
 4.635e+01 1.0481e-11 1.0481e-11 [ 5.2898e-37 4.6510e-23 2.2481e-16 8.6785e-12 1.8018e-12 ] 1.0000e+00
 4.647e+01 9.2736e-12 9.2736e-12 [ 3.4555e-37 3.7774e-23 1.9130e-16 7.6726e-12 1.6008e-12 ] 1.0000e+00
 4.658e+01 8.2015e-12 8.2015e-12 [ 2.2559e-37 3.0637e-23 1.6256e-16 6.7793e-12 1.4220e-12 ] 1.0000e+00
 4.669e+01 7.2492e-12 7.2492e-12 [ 1.4719e-37 2.4811e-23 1.3792e-16 5.9860e-12 1.2631e-12 ] 1.0000e+00
 4.681e+01 6.4033e-12 6.4033e-12 [ 9.5982e-38 2.0061e-23 1.1682e-16 5.2814e-12 1.1218e-12 ] 1.0000e+00
 4.692e+01 5.6519e-12 5.6519e-12 [ 6.2549e-38 1.6194e-23 9.8778e-17 4.6557e-12 9.9611e-13 ] 1.0000e+00
 4.703e+01 4.9844e-12 4.9844e-12 [ 4.0735e-38 1.3048e-23 8.3366e-17 4.1000e-12 8.8437e-13 ] 1.0000e+00
 4.715e+01 4.3915e-12 4.3915e-12 [ 2.6510e-38 1.0493e-23 7.0217e-17 3.6064e-12 7.8501e-13 ] 1.0000e+00
 4.726e+01 3.8648e-12 3.8648e-12 [ 1.7240e-38 8.4208e-24 5.9013e-17 3.1681e-12 6.9663e-13 ] 1.0000e+00
 4.737e+01 3.3969e-12 3.3969e-12 [ 1.1202e-38 6.7425e-24 4.9479e-17 2.7788e-12 6.1803e-13 ] 1.0000e+00
 4.749e+01 2.9810e-12 2.9810e-12 [ 7.2723e-39 5.3854e-24 4.1379e-17 2.4329e-12 5.4809e-13 ] 1.0000e+00
 4.760e+01 2.6115e-12 2.6115e-12 [ 4.7164e-39 4.2899e-24 3.4506e-17 2.1256e-12 4.8586e-13 ] 1.0000e+00
 4.771e+01 2.2831e-12 2.2831e-12 [ 3.0553e-39 3.4072e-24 2.8684e-17 1.8526e-12 4.3045e-13 ] 1.0000e+00
 4.783e+01 1.9911e-12 1.9911e-12 [ 1.9767e-39 2.6973e-24 2.3760e-17 1.6100e-12 3.8109e-13 ] 1.0000e+00
 4.794e+01 1.7314e-12 1.7314e-12 [ 1.2769e-39 2.1276e-24 1.9604e-17 1.3943e-12 3.3710e-13 ] 1.0000e+00
 4.805e+01 1.5004e-12 1.5004e-12 [ 8.2335e-40 1.6713e-24 1.6101e-17 1.2025e-12 2.9785e-13 ] 1.0000e+00
 4.817e+01 1.2948e-12 1.2948e-12 [ 5.2977e-40 1.3068e-24 1.3156e-17 1.0320e-12 2.6278e-13 ] 1.0000e+00
 4.828e+01 1.1117e-12 1.1117e-12 [ 3.4000e-40 1.0163e-24 1.0684e-17 8.8031e-13 2.3140e-13 ] 1.0000e+00
 4.839e+01 9.4872e-13 9.4872e-13 [ 2.1752e-40 7.8545e-25 8.6156e-18 7.4547e-13 2.0324e-13 ] 1.0000e+00
 4.851e+01 8.0353e-13 8.0353e-13 [ 1.3862e-40 6.0253e-25 6.8885e-18 6.2562e-13 1.7790e-13 ] 1.0000e+00
 4.862e+01 6.7421e-13 6.7421e-13 [ 8.7911e-41 4.5807e-25 5.4512e-18 5.1923e-13 1.5498e-13 ] 1.0000e+00
 4.873e+01 5.5908e-13 5.5908e-13 [ 5.5404e-41 3.4439e-25 4.2594e-18 4.2495e-13 1.3413e-13 ] 1.0000e+00
 4.885e+01 4.5671e-13 4.5671e-13 [ 3.4632e-41 2.5533e-25 3.2757e-18 3.4171e-13 1.1500e-13 ] 1.0000e+00
 4.896e+01 3.6590e-13 3.6590e-13 [ 2.1411e-41 1.8590e-25 2.4684e-18 2.6862e-13 9.7282e-14 ] 1.0000e+00
 4.907e+01 2.8571e-13 2.8571e-13 [ 1.3036e-41 1.3213e-25 1.8110e-18 2.0500e-13 8.0708e-14 ] 1.0000e+00
 4.919e+01 2.1541e-13 2.1541e-13 [ 7.7627e-42 9.0855e-26 1.2814e-18 1.5035e-13 6.5064e-14 ] 1.0000e+00
 4.930e+01 1.5459e-13 1.5459e-13 [ 4.4679e-42 5.9570e-26 8.6161e-19 1.0435e-13 5.0240e-14 ] 1.0000e+00
 4.941e+01 1.0308e-13 1.0308e-13 [ 2.4325e-42 3.6336e-26 5.3687e-19 6.6794e-14 3.6282e-14 ] 1.0000e+00
 4.953e+01 6.1056e-14 6.1056e-14 [ 1.1996e-42 1.9676e-26 2.9570e-19 3.7590e-14 2.3465e-14 ] 1.0000e+00
 4.964e+01 2.9093e-14 2.9093e-14 [ 4.8359e-43 8.5072e-27 1.2945e-19 1.6716e-14 1.2376e-14 ] 1.0000e+00
 4.975e+01 8.2114e-15 8.2114e-15 [ 1.1384e-43 2.0916e-27 3.2067e-20 4.1829e-15 4.0284e-15 ] 1.0000e+00
 4.987e+01 0.0000e+00 0.0000e+00 [ 0.0000e+00 0.0000e+00 0.0000e+00 0.0000e+00 0.0000e+00 ] 1.0000e+00
