 0.000e+00 0.0000e+00 0.0000e+00 [ 0.0000e+00 0.0000e+00 0.0000e+00 0.0000e+00 0.0000e+00 ] 1.0000e+00
 1.133e-01 5.9311e-02 5.9311e-02 [ 5.7047e-02 1.1527e-03 5.4989e-04 5.3010e-04 3.1623e-05 ] 9.4069e-01
 2.267e-01 1.3130e-01 1.3130e-01 [ 1.2177e-01 4.8599e-03 2.3184e-03 2.2339e-03 1.1682e-04 ] 8.6870e-01
 3.400e-01 2.2868e-01 2.2868e-01 [ 2.0575e-01 1.1714e-02 5.5877e-03 5.3788e-03 2.4909e-04 ] 7.7132e-01
 4.533e-01 3.5676e-01 3.5676e-01 [ 3.1331e-01 2.2230e-02 1.0603e-02 1.0193e-02 4.2261e-04 ] 6.4324e-01
 5.667e-01 5.0887e-01 5.0887e-01 [ 4.3842e-01 3.6093e-02 1.7212e-02 1.6522e-02 6.2158e-04 ] 4.9113e-01
 6.800e-01 6.6087e-01 6.6087e-01 [ 5.6058e-01 5.1451e-02 2.4532e-02 2.3504e-02 8.1368e-04 ] 3.3912e-01
 7.933e-01 7.8101e-01 7.8101e-01 [ 6.5365e-01 6.5411e-02 3.1181e-02 2.9808e-02 9.6183e-04 ] 2.1899e-01
 9.067e-01 8.5392e-01 8.5392e-01 [ 7.0593e-01 7.6096e-02 3.6265e-02 3.4576e-02 1.0514e-03 ] 1.4608e-01
 1.020e+00 8.8901e-01 8.8901e-01 [ 7.2627e-01 8.3786e-02 3.9917e-02 3.7939e-02 1.0972e-03 ] 1.1099e-01
 1.133e+00 9.0355e-01 9.0355e-01 [ 7.2949e-01 8.9732e-02 4.2733e-02 4.0471e-02 1.1221e-03 ] 9.6452e-02
 1.247e+00 9.0915e-01 9.0915e-01 [ 7.2533e-01 9.4896e-02 4.5172e-02 4.2610e-02 1.1404e-03 ] 9.0848e-02
 1.360e+00 9.1125e-01 9.1125e-01 [ 7.1829e-01 9.9763e-02 4.7465e-02 4.4577e-02 1.1584e-03 ] 8.8745e-02
 1.473e+00 9.1204e-01 9.1204e-01 [ 7.1015e-01 1.0454e-01 4.9710e-02 4.6466e-02 1.1780e-03 ] 8.7956e-02
 1.587e+00 9.1235e-01 9.1235e-01 [ 7.0159e-01 1.0930e-01 5.1943e-02 4.8315e-02 1.1995e-03 ] 8.7652e-02
 1.700e+00 9.1247e-01 9.1247e-01 [ 6.9286e-01 1.1408e-01 5.4181e-02 5.0138e-02 1.2226e-03 ] 8.7527e-02
 1.813e+00 9.1253e-01 9.1253e-01 [ 6.8403e-01 1.1888e-01 5.6428e-02 5.1940e-02 1.2470e-03 ] 8.7469e-02
 1.927e+00 9.1256e-01 9.1256e-01 [ 6.7516e-01 1.2372e-01 5.8685e-02 5.3726e-02 1.2722e-03 ] 8.7437e-02
 2.040e+00 9.1259e-01 9.1259e-01 [ 6.6626e-01 1.2858e-01 6.0953e-02 5.5494e-02 1.2981e-03 ] 8.7415e-02
 2.153e+00 9.1260e-01 9.1260e-01 [ 6.5733e-01 1.3347e-01 6.3232e-02 5.7247e-02 1.3242e-03 ] 8.7399e-02
 2.267e+00 9.1262e-01 9.1262e-01 [ 6.4837e-01 1.3839e-01 6.5520e-02 5.8985e-02 1.3507e-03 ] 8.7385e-02
 2.380e+00 9.1263e-01 9.1263e-01 [ 6.3940e-01 1.4333e-01 6.7819e-02 6.0708e-02 1.3773e-03 ] 8.7373e-02
 2.493e+00 9.1264e-01 9.1264e-01 [ 6.3040e-01 1.4829e-01 7.0127e-02 6.2417e-02 1.4039e-03 ] 8.7364e-02
 2.607e+00 9.1264e-01 9.1264e-01 [ 6.2139e-01 1.5327e-01 7.2445e-02 6.4113e-02 1.4307e-03 ] 8.7356e-02
 2.720e+00 9.1265e-01 9.1265e-01 [ 6.1236e-01 1.5827e-01 7.4772e-02 6.5796e-02 1.4576e-03 ] 8.7349e-02
 2.833e+00 9.1266e-01 9.1266e-01 [ 6.0332e-01 1.6328e-01 7.7108e-02 6.7467e-02 1.4845e-03 ] 8.7345e-02
 2.947e+00 9.1266e-01 9.1266e-01 [ 5.9427e-01 1.6830e-01 7.9454e-02 6.9127e-02 1.5115e-03 ] 8.7341e-02
 3.060e+00 9.1266e-01 9.1266e-01 [ 5.8520e-01 1.7333e-01 8.1810e-02 7.0776e-02 1.5386e-03 ] 8.7339e-02
 3.173e+00 9.1266e-01 9.1266e-01 [ 5.7613e-01 1.7838e-01 8.4175e-02 7.2417e-02 1.5658e-03 ] 8.7339e-02
 3.287e+00 9.1266e-01 9.1266e-01 [ 5.6705e-01 1.8342e-01 8.6550e-02 7.4049e-02 1.5931e-03 ] 8.7339e-02
 3.400e+00 9.1266e-01 9.1266e-01 [ 5.5796e-01 1.8847e-01 8.8935e-02 7.5674e-02 1.6206e-03 ] 8.7341e-02
 3.513e+00 9.1266e-01 9.1266e-01 [ 5.4886e-01 1.9352e-01 9.1331e-02 7.7293e-02 1.6482e-03 ] 8.7345e-02
 3.627e+00 9.1265e-01 9.1265e-01 [ 5.3976e-01 1.9857e-01 9.3738e-02 7.8906e-02 1.6760e-03 ] 8.7349e-02
 3.740e+00 9.1265e-01 9.1265e-01 [ 5.3066e-01 2.0361e-01 9.6155e-02 8.0515e-02 1.7040e-03 ] 8.7354e-02
 3.853e+00 9.1264e-01 9.1264e-01 [ 5.2156e-01 2.0864e-01 9.8584e-02 8.2121e-02 1.7321e-03 ] 8.7361e-02
 3.967e+00 9.1263e-01 9.1263e-01 [ 5.1246e-01 2.1367e-01 1.0102e-01 8.3725e-02 1.7605e-03 ] 8.7368e-02
 4.080e+00 9.1262e-01 9.1262e-01 [ 5.0336e-01 2.1867e-01 1.0348e-01 8.5327e-02 1.7891e-03 ] 8.7377e-02
 4.193e+00 9.1261e-01 9.1261e-01 [ 4.9426e-01 2.2366e-01 1.0594e-01 8.6930e-02 1.8180e-03 ] 8.7387e-02
 4.307e+00 9.1260e-01 9.1260e-01 [ 4.8517e-01 2.2863e-01 1.0842e-01 8.8534e-02 1.8470e-03 ] 8.7397e-02
 4.420e+00 9.1259e-01 9.1259e-01 [ 4.7609e-01 2.3357e-01 1.1091e-01 9.0139e-02 1.8764e-03 ] 8.7408e-02
 4.533e+00 9.1258e-01 9.1258e-01 [ 4.6702e-01 2.3849e-01 1.1342e-01 9.1748e-02 1.9060e-03 ] 8.7421e-02
 4.647e+00 9.1257e-01 9.1257e-01 [ 4.5796e-01 2.4337e-01 1.1594e-01 9.3361e-02 1.9360e-03 ] 8.7434e-02
 4.760e+00 9.1255e-01 9.1255e-01 [ 4.4891e-01 2.4821e-01 1.1848e-01 9.4979e-02 1.9662e-03 ] 8.7448e-02
 4.873e+00 9.1254e-01 9.1254e-01 [ 4.3989e-01 2.5302e-01 1.2103e-01 9.6604e-02 1.9967e-03 ] 8.7463e-02
 4.987e+00 9.1252e-01 9.1252e-01 [ 4.3088e-01 2.5778e-01 1.2360e-01 9.8235e-02 2.0276e-03 ] 8.7478e-02
 5.100e+00 9.1251e-01 9.1251e-01 [ 4.2190e-01 2.6249e-01 1.2618e-01 9.9875e-02 2.0588e-03 ] 8.7494e-02
 5.213e+00 9.1249e-01 9.1249e-01 [ 4.1294e-01 2.6715e-01 1.2878e-01 1.0152e-01 2.0903e-03 ] 8.7511e-02
 5.327e+00 9.1247e-01 9.1247e-01 [ 4.0402e-01 2.7175e-01 1.3140e-01 1.0318e-01 2.1223e-03 ] 8.7529e-02
 5.440e+00 9.1245e-01 9.1245e-01 [ 3.9512e-01 2.7629e-01 1.3403e-01 1.0485e-01 2.1546e-03 ] 8.7547e-02
 5.553e+00 9.1243e-01 9.1243e-01 [ 3.8626e-01 2.8077e-01 1.3668e-01 1.0654e-01 2.1873e-03 ] 8.7566e-02
 5.667e+00 9.1241e-01 9.1241e-01 [ 3.7744e-01 2.8517e-01 1.3935e-01 1.0823e-01 2.2204e-03 ] 8.7586e-02
 5.780e+00 9.1239e-01 9.1239e-01 [ 3.6866e-01 2.8950e-01 1.4204e-01 1.0994e-01 2.2539e-03 ] 8.7606e-02
 5.893e+00 9.1237e-01 9.1237e-01 [ 3.5993e-01 2.9374e-01 1.4475e-01 1.1166e-01 2.2878e-03 ] 8.7627e-02
 6.007e+00 9.1235e-01 9.1235e-01 [ 3.5124e-01 2.9791e-01 1.4748e-01 1.1340e-01 2.3222e-03 ] 8.7649e-02
 6.120e+00 9.1233e-01 9.1233e-01 [ 3.4261e-01 3.0198e-01 1.5022e-01 1.1516e-01 2.3570e-03 ] 8.7671e-02
 6.233e+00 9.1231e-01 9.1231e-01 [ 3.3404e-01 3.0595e-01 1.5299e-01 1.1694e-01 2.3923e-03 ] 8.7693e-02
 6.347e+00 9.1228e-01 9.1228e-01 [ 3.2552e-01 3.0983e-01 1.5578e-01 1.1873e-01 2.4280e-03 ] 8.7716e-02
 6.460e+00 9.1226e-01 9.1226e-01 [ 3.1707e-01 3.1360e-01 1.5858e-01 1.2054e-01 2.4642e-03 ] 8.7740e-02
 6.573e+00 9.1224e-01 9.1224e-01 [ 3.0869e-01 3.1727e-01 1.6141e-01 1.2237e-01 2.5010e-03 ] 8.7764e-02
 6.687e+00 9.1221e-01 9.1221e-01 [ 3.0038e-01 3.2082e-01 1.6425e-01 1.2422e-01 2.5382e-03 ] 8.7789e-02
 6.800e+00 9.1219e-01 9.1219e-01 [ 2.9214e-01 3.2425e-01 1.6712e-01 1.2610e-01 2.5760e-03 ] 8.7814e-02
 6.913e+00 9.1216e-01 9.1216e-01 [ 2.8399e-01 3.2755e-01 1.7001e-01 1.2800e-01 2.6143e-03 ] 8.7840e-02
 7.027e+00 9.1213e-01 9.1213e-01 [ 2.7592e-01 3.3073e-01 1.7292e-01 1.2992e-01 2.6532e-03 ] 8.7866e-02
 7.140e+00 9.1211e-01 9.1211e-01 [ 2.6793e-01 3.3378e-01 1.7584e-01 1.3186e-01 2.6926e-03 ] 8.7893e-02
 7.253e+00 9.1208e-01 9.1208e-01 [ 2.6004e-01 3.3669e-01 1.7879e-01 1.3383e-01 2.7326e-03 ] 8.7920e-02
 7.367e+00 9.1205e-01 9.1205e-01 [ 2.5224e-01 3.3946e-01 1.8176e-01 1.3583e-01 2.7731e-03 ] 8.7948e-02
 7.480e+00 9.1202e-01 9.1202e-01 [ 2.4453e-01 3.4208e-01 1.8474e-01 1.3785e-01 2.8143e-03 ] 8.7976e-02
 7.593e+00 9.1200e-01 9.1200e-01 [ 2.3693e-01 3.4456e-01 1.8775e-01 1.3990e-01 2.8561e-03 ] 8.8005e-02
 7.707e+00 9.1197e-01 9.1197e-01 [ 2.2944e-01 3.4688e-01 1.9077e-01 1.4198e-01 2.8985e-03 ] 8.8034e-02
 7.820e+00 9.1194e-01 9.1194e-01 [ 2.2205e-01 3.4904e-01 1.9382e-01 1.4409e-01 2.9415e-03 ] 8.8063e-02
 7.933e+00 9.1191e-01 9.1191e-01 [ 2.1478e-01 3.5105e-01 1.9688e-01 1.4622e-01 2.9852e-03 ] 8.8093e-02
 8.047e+00 9.1188e-01 9.1188e-01 [ 2.0762e-01 3.5289e-01 1.9995e-01 1.4839e-01 3.0296e-03 ] 8.8124e-02
 8.160e+00 9.1185e-01 9.1185e-01 [ 2.0057e-01 3.5456e-01 2.0305e-01 1.5059e-01 3.0746e-03 ] 8.8155e-02
 8.273e+00 9.1181e-01 9.1181e-01 [ 1.9365e-01 3.5606e-01 2.0616e-01 1.5283e-01 3.1203e-03 ] 8.8186e-02
 8.387e+00 9.1178e-01 9.1178e-01 [ 1.8685e-01 3.5739e-01 2.0928e-01 1.5509e-01 3.1668e-03 ] 8.8217e-02
 8.500e+00 9.1175e-01 9.1175e-01 [ 1.8017e-01 3.5855e-01 2.1242e-01 1.5739e-01 3.2139e-03 ] 8.8249e-02
 8.613e+00 9.1172e-01 9.1172e-01 [ 1.7363e-01 3.5953e-01 2.1557e-01 1.5973e-01 3.2618e-03 ] 8.8282e-02
 8.727e+00 9.1169e-01 9.1169e-01 [ 1.6721e-01 3.6033e-01 2.1874e-01 1.6210e-01 3.3104e-03 ] 8.8315e-02
 8.840e+00 9.1165e-01 9.1165e-01 [ 1.6093e-01 3.6094e-01 2.2191e-01 1.6451e-01 3.3597e-03 ] 8.8348e-02
 8.953e+00 9.1162e-01 9.1162e-01 [ 1.5478e-01 3.6138e-01 2.2509e-01 1.6695e-01 3.4099e-03 ] 8.8382e-02
 9.067e+00 9.1158e-01 9.1158e-01 [ 1.4877e-01 3.6163e-01 2.2829e-01 1.6944e-01 3.4608e-03 ] 8.8416e-02
 9.180e+00 9.1155e-01 9.1155e-01 [ 1.4289e-01 3.6170e-01 2.3149e-01 1.7196e-01 3.5125e-03 ] 8.8450e-02
 9.293e+00 9.1152e-01 9.1152e-01 [ 1.3715e-01 3.6158e-01 2.3469e-01 1.7453e-01 3.5650e-03 ] 8.8485e-02
 9.407e+00 9.1148e-01 9.1148e-01 [ 1.3155e-01 3.6127e-01 2.3790e-01 1.7713e-01 3.6184e-03 ] 8.8520e-02
 9.520e+00 9.1144e-01 9.1144e-01 [ 1.2610e-01 3.6078e-01 2.4111e-01 1.7978e-01 3.6725e-03 ] 8.8556e-02
 9.633e+00 9.1141e-01 9.1141e-01 [ 1.2078e-01 3.6010e-01 2.4433e-01 1.8247e-01 3.7275e-03 ] 8.8592e-02
 9.747e+00 9.1137e-01 9.1137e-01 [ 1.1561e-01 3.5924e-01 2.4754e-01 1.8520e-01 3.7834e-03 ] 8.8629e-02
 9.860e+00 9.1133e-01 9.1133e-01 [ 1.1057e-01 3.5819e-01 2.5075e-01 1.8798e-01 3.8401e-03 ] 8.8666e-02
 9.973e+00 9.1130e-01 9.1130e-01 [ 1.0568e-01 3.5696e-01 2.5395e-01 1.9081e-01 3.8978e-03 ] 8.8703e-02
 1.009e+01 9.1126e-01 9.1126e-01 [ 1.0094e-01 3.5554e-01 2.5715e-01 1.9368e-01 3.9563e-03 ] 8.8740e-02
 1.020e+01 9.1122e-01 9.1122e-01 [ 9.6331e-02 3.5394e-01 2.6033e-01 1.9660e-01 4.0157e-03 ] 8.8778e-02
 1.031e+01 9.1118e-01 9.1118e-01 [ 9.1866e-02 3.5217e-01 2.6351e-01 1.9957e-01 4.0760e-03 ] 8.8817e-02
 1.043e+01 9.1114e-01 9.1114e-01 [ 8.7541e-02 3.5021e-01 2.6667e-01 2.0258e-01 4.1372e-03 ] 8.8856e-02
 1.054e+01 9.1111e-01 9.1111e-01 [ 8.3357e-02 3.4808e-01 2.6982e-01 2.0565e-01 4.1994e-03 ] 8.8895e-02
 1.065e+01 9.1107e-01 9.1107e-01 [ 7.9311e-02 3.4578e-01 2.7294e-01 2.0877e-01 4.2624e-03 ] 8.8934e-02
 1.077e+01 9.1103e-01 9.1103e-01 [ 7.5403e-02 3.4331e-01 2.7605e-01 2.1194e-01 4.3265e-03 ] 8.8974e-02
 1.088e+01 9.1099e-01 9.1099e-01 [ 7.1630e-02 3.4067e-01 2.7913e-01 2.1516e-01 4.3914e-03 ] 8.9015e-02
 1.099e+01 9.1094e-01 9.1094e-01 [ 6.7993e-02 3.3787e-01 2.8219e-01 2.1844e-01 4.4574e-03 ] 8.9056e-02
 1.111e+01 9.1090e-01 9.1090e-01 [ 6.4488e-02 3.3491e-01 2.8521e-01 2.2177e-01 4.5242e-03 ] 8.9097e-02
 1.122e+01 9.1086e-01 9.1086e-01 [ 6.1114e-02 3.3179e-01 2.8821e-01 2.2516e-01 4.5921e-03 ] 8.9138e-02
 1.133e+01 9.1082e-01 9.1082e-01 [ 5.7870e-02 3.2852e-01 2.9117e-01 2.2860e-01 4.6608e-03 ] 8.9180e-02
 1.145e+01 9.1078e-01 9.1078e-01 [ 5.4752e-02 3.2510e-01 2.9409e-01 2.3210e-01 4.7306e-03 ] 8.9222e-02
 1.156e+01 9.1074e-01 9.1074e-01 [ 5.1760e-02 3.2154e-01 2.9697e-01 2.3566e-01 4.8013e-03 ] 8.9265e-02
 1.167e+01 9.1069e-01 9.1069e-01 [ 4.8889e-02 3.1784e-01 2.9981e-01 2.3928e-01 4.8729e-03 ] 8.9308e-02
 1.179e+01 9.1065e-01 9.1065e-01 [ 4.6139e-02 3.1401e-01 3.0260e-01 2.4295e-01 4.9455e-03 ] 8.9352e-02
 1.190e+01 9.1061e-01 9.1061e-01 [ 4.3506e-02 3.1005e-01 3.0534e-01 2.4669e-01 5.0190e-03 ] 8.9395e-02
 1.201e+01 9.1056e-01 9.1056e-01 [ 4.0987e-02 3.0597e-01 3.0803e-01 2.5048e-01 5.0935e-03 ] 8.9440e-02
 1.213e+01 9.1052e-01 9.1052e-01 [ 3.8581e-02 3.0177e-01 3.1066e-01 2.5434e-01 5.1688e-03 ] 8.9484e-02
 1.224e+01 9.1047e-01 9.1047e-01 [ 3.6284e-02 2.9745e-01 3.1324e-01 2.5825e-01 5.2451e-03 ] 8.9529e-02
 1.235e+01 9.1043e-01 9.1043e-01 [ 3.4094e-02 2.9303e-01 3.1575e-01 2.6223e-01 5.3222e-03 ] 8.9574e-02
 1.247e+01 9.1038e-01 9.1038e-01 [ 3.2006e-02 2.8851e-01 3.1820e-01 2.6627e-01 5.4002e-03 ] 8.9620e-02
 1.258e+01 9.1033e-01 9.1033e-01 [ 3.0020e-02 2.8389e-01 3.2058e-01 2.7037e-01 5.4791e-03 ] 8.9666e-02
 1.269e+01 9.1029e-01 9.1029e-01 [ 2.8131e-02 2.7919e-01 3.2289e-01 2.7453e-01 5.5588e-03 ] 8.9712e-02
 1.281e+01 9.1024e-01 9.1024e-01 [ 2.6336e-02 2.7440e-01 3.2512e-01 2.7875e-01 5.6392e-03 ] 8.9759e-02
 1.292e+01 9.1019e-01 9.1019e-01 [ 2.4633e-02 2.6953e-01 3.2728e-01 2.8303e-01 5.7204e-03 ] 8.9806e-02
 1.303e+01 9.1015e-01 9.1015e-01 [ 2.3019e-02 2.6460e-01 3.2936e-01 2.8737e-01 5.8024e-03 ] 8.9853e-02
 1.315e+01 9.1010e-01 9.1010e-01 [ 2.1490e-02 2.5960e-01 3.3136e-01 2.9177e-01 5.8850e-03 ] 8.9901e-02
 1.326e+01 9.1005e-01 9.1005e-01 [ 2.0043e-02 2.5454e-01 3.3328e-01 2.9622e-01 5.9683e-03 ] 8.9949e-02
 1.337e+01 9.1000e-01 9.1000e-01 [ 1.8675e-02 2.4943e-01 3.3511e-01 3.0074e-01 6.0522e-03 ] 8.9997e-02
 1.349e+01 9.0995e-01 9.0995e-01 [ 1.7384e-02 2.4428e-01 3.3685e-01 3.0531e-01 6.1366e-03 ] 9.0046e-02
 1.360e+01 9.0991e-01 9.0991e-01 [ 1.6167e-02 2.3908e-01 3.3850e-01 3.0993e-01 6.2216e-03 ] 9.0094e-02
 1.371e+01 9.0986e-01 9.0986e-01 [ 1.5019e-02 2.3386e-01 3.4006e-01 3.1461e-01 6.3070e-03 ] 9.0143e-02
 1.383e+01 9.0981e-01 9.0981e-01 [ 1.3939e-02 2.2861e-01 3.4153e-01 3.1934e-01 6.3927e-03 ] 9.0192e-02
 1.394e+01 9.0976e-01 9.0976e-01 [ 1.2924e-02 2.2335e-01 3.4290e-01 3.2411e-01 6.4788e-03 ] 9.0242e-02
 1.405e+01 9.0971e-01 9.0971e-01 [ 1.1970e-02 2.1807e-01 3.4417e-01 3.2894e-01 6.5652e-03 ] 9.0291e-02
 1.417e+01 9.0966e-01 9.0966e-01 [ 1.1075e-02 2.1278e-01 3.4535e-01 3.3380e-01 6.6517e-03 ] 9.0341e-02
 1.428e+01 9.0961e-01 9.0961e-01 [ 1.0236e-02 2.0750e-01 3.4642e-01 3.3871e-01 6.7383e-03 ] 9.0390e-02
 1.439e+01 9.0956e-01 9.0956e-01 [ 9.4513e-03 2.0223e-01 3.4740e-01 3.4365e-01 6.8249e-03 ] 9.0440e-02
 1.451e+01 9.0951e-01 9.0951e-01 [ 8.7172e-03 1.9697e-01 3.4828e-01 3.4863e-01 6.9115e-03 ] 9.0490e-02
 1.462e+01 9.0946e-01 9.0946e-01 [ 8.0315e-03 1.9174e-01 3.4906e-01 3.5363e-01 6.9978e-03 ] 9.0540e-02
 1.473e+01 9.0941e-01 9.0941e-01 [ 7.3917e-03 1.8653e-01 3.4974e-01 3.5866e-01 7.0840e-03 ] 9.0589e-02
 1.485e+01 9.0936e-01 9.0936e-01 [ 6.7955e-03 1.8136e-01 3.5032e-01 3.6371e-01 7.1697e-03 ] 9.0639e-02
 1.496e+01 9.0931e-01 9.0931e-01 [ 6.2405e-03 1.7623e-01 3.5081e-01 3.6877e-01 7.2550e-03 ] 9.0688e-02
 1.507e+01 9.0926e-01 9.0926e-01 [ 5.7245e-03 1.7115e-01 3.5120e-01 3.7385e-01 7.3398e-03 ] 9.0738e-02
 1.519e+01 9.0921e-01 9.0921e-01 [ 5.2452e-03 1.6613e-01 3.5149e-01 3.7893e-01 7.4238e-03 ] 9.0786e-02
 1.530e+01 9.0917e-01 9.0917e-01 [ 4.8007e-03 1.6117e-01 3.5169e-01 3.8400e-01 7.5070e-03 ] 9.0835e-02
 1.541e+01 9.0912e-01 9.0912e-01 [ 4.3888e-03 1.5627e-01 3.5180e-01 3.8907e-01 7.5893e-03 ] 9.0883e-02
 1.553e+01 9.0907e-01 9.0907e-01 [ 4.0078e-03 1.5145e-01 3.5181e-01 3.9412e-01 7.6706e-03 ] 9.0931e-02
 1.564e+01 9.0902e-01 9.0902e-01 [ 3.6556e-03 1.4671e-01 3.5175e-01 3.9916e-01 7.7507e-03 ] 9.0978e-02
 1.575e+01 9.0898e-01 9.0898e-01 [ 3.3305e-03 1.4206e-01 3.5160e-01 4.0416e-01 7.8294e-03 ] 9.1025e-02
 1.587e+01 9.0893e-01 9.0893e-01 [ 3.0309e-03 1.3750e-01 3.5137e-01 4.0912e-01 7.9068e-03 ] 9.1071e-02
 1.598e+01 9.0888e-01 9.0888e-01 [ 2.7551e-03 1.3305e-01 3.5106e-01 4.1404e-01 7.9825e-03 ] 9.1116e-02
 1.609e+01 9.0884e-01 9.0884e-01 [ 2.5015e-03 1.2870e-01 3.5068e-01 4.1891e-01 8.0565e-03 ] 9.1161e-02
 1.621e+01 9.0880e-01 9.0880e-01 [ 2.2687e-03 1.2446e-01 3.5023e-01 4.2371e-01 8.1287e-03 ] 9.1204e-02
 1.632e+01 9.0875e-01 9.0875e-01 [ 2.0553e-03 1.2034e-01 3.4972e-01 4.2844e-01 8.1989e-03 ] 9.1247e-02
 1.643e+01 9.0871e-01 9.0871e-01 [ 1.8600e-03 1.1634e-01 3.4915e-01 4.3310e-01 8.2670e-03 ] 9.1288e-02
 1.655e+01 9.0867e-01 9.0867e-01 [ 1.6816e-03 1.1247e-01 3.4852e-01 4.3766e-01 8.3328e-03 ] 9.1329e-02
 1.666e+01 9.0863e-01 9.0863e-01 [ 1.5187e-03 1.0874e-01 3.4785e-01 4.4213e-01 8.3963e-03 ] 9.1368e-02
 1.677e+01 9.0859e-01 9.0859e-01 [ 1.3705e-03 1.0515e-01 3.4713e-01 4.4649e-01 8.4574e-03 ] 9.1405e-02
 1.689e+01 9.0856e-01 9.0856e-01 [ 1.2357e-03 1.0170e-01 3.4637e-01 4.5073e-01 8.5160e-03 ] 9.1442e-02
 1.700e+01 9.0852e-01 9.0852e-01 [ 1.1135e-03 9.8407e-02 3.4558e-01 4.5485e-01 8.5722e-03 ] 9.1476e-02
 1.711e+01 9.0849e-01 9.0849e-01 [ 1.0029e-03 9.5269e-02 3.4476e-01 4.5883e-01 8.6261e-03 ] 9.1510e-02
 1.723e+01 9.0846e-01 9.0846e-01 [ 9.0305e-04 9.2290e-02 3.4392e-01 4.6267e-01 8.6781e-03 ] 9.1542e-02
 1.734e+01 9.0843e-01 9.0843e-01 [ 8.1323e-04 8.9477e-02 3.4306e-01 4.6635e-01 8.7289e-03 ] 9.1574e-02
 1.745e+01 9.0839e-01 9.0839e-01 [ 7.3270e-04 8.6833e-02 3.4219e-01 4.6986e-01 8.7795e-03 ] 9.1607e-02
 1.757e+01 9.0835e-01 9.0835e-01 [ 6.6077e-04 8.4361e-02 3.4130e-01 4.7320e-01 8.8319e-03 ] 9.1648e-02
 1.768e+01 9.0829e-01 9.0829e-01 [ 5.9682e-04 8.2063e-02 3.4041e-01 4.7633e-01 8.8887e-03 ] 9.1711e-02
 1.779e+01 9.0816e-01 9.0816e-01 [ 5.4029e-04 7.9940e-02 3.3949e-01 4.7923e-01 8.9541e-03 ] 9.1839e-02
 1.791e+01 9.0786e-01 9.0786e-01 [ 4.9062e-04 7.7986e-02 3.3852e-01 4.8183e-01 9.0331e-03 ] 9.2138e-02
 1.802e+01 9.0711e-01 9.0711e-01 [ 4.4722e-04 7.6179e-02 3.3739e-01 4.8395e-01 9.1318e-03 ] 9.2893e-02
 1.813e+01 9.0515e-01 9.0515e-01 [ 4.0937e-04 7.4463e-02 3.3584e-01 4.8519e-01 9.2540e-03 ] 9.4847e-02
 1.825e+01 9.0010e-01 9.0010e-01 [ 3.7599e-04 7.2687e-02 3.3316e-01 4.8449e-01 9.3943e-03 ] 9.9899e-02
 1.836e+01 8.8735e-01 8.8735e-01 [ 3.4505e-04 7.0492e-02 3.2766e-01 4.7933e-01 9.5194e-03 ] 1.1265e-01
 1.847e+01 8.5711e-01 8.5711e-01 [ 3.1293e-04 6.7123e-02 3.1575e-01 4.6439e-01 9.5341e-03 ] 1.4289e-01
 1.859e+01 7.9412e-01 7.9412e-01 [ 2.7450e-04 6.1421e-02 2.9185e-01 4.3131e-01 9.2591e-03 ] 2.0588e-01
 1.870e+01 6.8749e-01 6.8749e-01 [ 2.2662e-04 5.2593e-02 2.5204e-01 3.7412e-01 8.5156e-03 ] 3.1251e-01
 1.881e+01 5.4701e-01 5.4701e-01 [ 1.7288e-04 4.1425e-02 1.9999e-01 2.9811e-01 7.3169e-03 ] 4.5300e-01
 1.893e+01 4.0079e-01 4.0079e-01 [ 1.2187e-04 3.0057e-02 1.4606e-01 2.1865e-01 5.9034e-03 ] 5.9921e-01
 1.904e+01 2.7459e-01 2.7459e-01 [ 8.0487e-05 2.0388e-02 9.9673e-02 1.4990e-01 4.5523e-03 ] 7.2541e-01
 1.915e+01 1.7928e-01 1.7928e-01 [ 5.0680e-05 1.3170e-02 6.4752e-02 9.7884e-02 3.4227e-03 ] 8.2072e-01
 1.927e+01 1.1340e-01 1.1340e-01 [ 3.0901e-05 8.2313e-03 4.0695e-02 6.1893e-02 2.5488e-03 ] 8.8660e-01
 1.938e+01 7.0352e-02 7.0352e-02 [ 1.8454e-05 5.0369e-03 2.5038e-02 3.8360e-02 1.8983e-03 ] 9.2965e-01
 1.949e+01 4.3177e-02 4.3177e-02 [ 1.0878e-05 3.0417e-03 1.5201e-02 2.3502e-02 1.4209e-03 ] 9.5682e-01
 1.961e+01 2.6367e-02 2.6367e-02 [ 6.3601e-06 1.8220e-03 9.1538e-03 1.4315e-02 1.0705e-03 ] 9.7363e-01
 1.972e+01 1.6088e-02 1.6088e-02 [ 3.7002e-06 1.0859e-03 5.4848e-03 8.7017e-03 8.1152e-04 ] 9.8391e-01
 1.983e+01 9.8362e-03 9.8362e-03 [ 2.1461e-06 6.4524e-04 3.2764e-03 5.2940e-03 6.1838e-04 ] 9.9016e-01
 1.995e+01 6.0413e-03 6.0413e-03 [ 1.2423e-06 3.8270e-04 1.9536e-03 3.2307e-03 4.7309e-04 ] 9.9396e-01
 2.006e+01 3.7354e-03 3.7354e-03 [ 7.1821e-07 2.2672e-04 1.1636e-03 1.9814e-03 3.6297e-04 ] 9.9626e-01
 2.017e+01 2.3299e-03 2.3299e-03 [ 4.1488e-07 1.3422e-04 6.9253e-04 1.2237e-03 2.7905e-04 ] 9.9767e-01
 2.029e+01 1.4688e-03 1.4688e-03 [ 2.3952e-07 7.9423e-05 4.1200e-04 7.6232e-04 2.1482e-04 ] 9.9853e-01
 2.040e+01 9.3767e-04 9.3767e-04 [ 1.3822e-07 4.6985e-05 2.4504e-04 4.7998e-04 1.6553e-04 ] 9.9906e-01
 2.051e+01 6.0720e-04 6.0720e-04 [ 7.9740e-08 2.7790e-05 1.4571e-04 3.0599e-04 1.2762e-04 ] 9.9939e-01
 2.063e+01 3.9941e-04 3.9941e-04 [ 4.5989e-08 1.6434e-05 8.6640e-05 1.9786e-04 9.8433e-05 ] 9.9960e-01
 2.074e+01 2.6714e-04 2.6714e-04 [ 2.6517e-08 9.7181e-06 5.1511e-05 1.2994e-04 7.5938e-05 ] 9.9973e-01
 2.085e+01 1.8175e-04 1.8175e-04 [ 1.5287e-08 5.7462e-06 3.0624e-05 8.6769e-05 5.8593e-05 ] 9.9982e-01
 2.097e+01 1.2576e-04 1.2576e-04 [ 8.8107e-09 3.3975e-06 1.8205e-05 5.8938e-05 4.5214e-05 ] 9.9987e-01
 2.108e+01 8.8448e-05 8.8448e-05 [ 5.0772e-09 2.0087e-06 1.0823e-05 4.0720e-05 3.4892e-05 ] 9.9991e-01
 2.119e+01 6.3147e-05 6.3147e-05 [ 2.9252e-09 1.1875e-06 6.4336e-06 2.8596e-05 2.6928e-05 ] 9.9994e-01
 2.131e+01 4.5698e-05 4.5698e-05 [ 1.6850e-09 7.0205e-07 3.8244e-06 2.0389e-05 2.0781e-05 ] 9.9995e-01
 2.142e+01 3.3465e-05 3.3465e-05 [ 9.7047e-10 4.1503e-07 2.2734e-06 1.4738e-05 1.6038e-05 ] 9.9997e-01
 2.153e+01 2.4757e-05 2.4757e-05 [ 5.5883e-10 2.4534e-07 1.3513e-06 1.0782e-05 1.2378e-05 ] 9.9998e-01
 2.165e+01 1.8471e-05 1.8471e-05 [ 3.2173e-10 1.4503e-07 8.0326e-07 7.9697e-06 9.5528e-06 ] 9.9998e-01
 2.176e+01 1.3878e-05 1.3878e-05 [ 1.8519e-10 8.5727e-08 4.7747e-07 5.9420e-06 7.3725e-06 ] 9.9999e-01
 2.187e+01 1.0486e-05 1.0486e-05 [ 1.0658e-10 5.0672e-08 2.8381e-07 4.4620e-06 5.6899e-06 ] 9.9999e-01
 2.199e+01 7.9601e-06 7.9601e-06 [ 6.1328e-11 2.9951e-08 1.6869e-07 3.3701e-06 4.3913e-06 ] 9.9999e-01
 2.210e+01 6.0643e-06 6.0643e-06 [ 3.5283e-11 1.7703e-08 1.0027e-07 2.5573e-06 3.3891e-06 ] 9.9999e-01
 2.221e+01 4.6334e-06 4.6334e-06 [ 2.0294e-11 1.0463e-08 5.9598e-08 1.9477e-06 2.6156e-06 ] 1.0000e+00
 2.233e+01 3.5480e-06 3.5480e-06 [ 1.1671e-11 6.1839e-09 3.5424e-08 1.4878e-06 2.0186e-06 ] 1.0000e+00
 2.244e+01 2.7217e-06 2.7217e-06 [ 6.7107e-12 3.6547e-09 2.1055e-08 1.1391e-06 1.5579e-06 ] 1.0000e+00
 2.255e+01 2.0907e-06 2.0907e-06 [ 3.8578e-12 2.1599e-09 1.2514e-08 8.7367e-07 1.2023e-06 ] 1.0000e+00
 2.267e+01 1.6077e-06 1.6077e-06 [ 2.2174e-12 1.2764e-09 7.4379e-09 6.7104e-07 9.2792e-07 ] 1.0000e+00
 2.278e+01 1.2373e-06 1.2373e-06 [ 1.2742e-12 7.5432e-10 4.4207e-09 5.1597e-07 7.1613e-07 ] 1.0000e+00
 2.289e+01 9.5282e-07 9.5282e-07 [ 7.3210e-13 4.4575e-10 2.6274e-09 3.9707e-07 5.5268e-07 ] 1.0000e+00
 2.301e+01 7.3413e-07 7.3413e-07 [ 4.2055e-13 2.6341e-10 1.5616e-09 3.0576e-07 4.2654e-07 ] 1.0000e+00
 2.312e+01 5.6584e-07 5.6584e-07 [ 2.4153e-13 1.5565e-10 9.2809e-10 2.3557e-07 3.2918e-07 ] 1.0000e+00
 2.323e+01 4.3626e-07 4.3626e-07 [ 1.3869e-13 9.1970e-11 5.5159e-10 1.8156e-07 2.5405e-07 ] 1.0000e+00
 2.335e+01 3.3643e-07 3.3643e-07 [ 7.9624e-14 5.4342e-11 3.2782e-10 1.3998e-07 1.9607e-07 ] 1.0000e+00
 2.346e+01 2.5949e-07 2.5949e-07 [ 4.5703e-14 3.2108e-11 1.9483e-10 1.0794e-07 1.5131e-07 ] 1.0000e+00
 2.357e+01 2.0017e-07 2.0017e-07 [ 2.6228e-14 1.8971e-11 1.1579e-10 8.3255e-08 1.1678e-07 ] 1.0000e+00
 2.369e+01 1.5442e-07 1.5442e-07 [ 1.5049e-14 1.1208e-11 6.8812e-11 6.4222e-08 9.0123e-08 ] 1.0000e+00
 2.380e+01 1.1914e-07 1.1914e-07 [ 8.6327e-15 6.6219e-12 4.0894e-11 4.9545e-08 6.9552e-08 ] 1.0000e+00
 2.391e+01 9.1930e-08 9.1930e-08 [ 4.9511e-15 3.9121e-12 2.4303e-11 3.8225e-08 5.3677e-08 ] 1.0000e+00
 2.403e+01 7.0935e-08 7.0935e-08 [ 2.8391e-15 2.3111e-12 1.4443e-11 2.9493e-08 4.1425e-08 ] 1.0000e+00
 2.414e+01 5.4737e-08 5.4737e-08 [ 1.6276e-15 1.3653e-12 8.5829e-12 2.2757e-08 3.1970e-08 ] 1.0000e+00
 2.425e+01 4.2238e-08 4.2238e-08 [ 9.3294e-16 8.0653e-13 5.1006e-12 1.7560e-08 2.4672e-08 ] 1.0000e+00
 2.437e+01 3.2595e-08 3.2595e-08 [ 5.3463e-16 4.7643e-13 3.0311e-12 1.3550e-08 1.9041e-08 ] 1.0000e+00
 2.448e+01 2.5153e-08 2.5153e-08 [ 3.0632e-16 2.8143e-13 1.8012e-12 1.0456e-08 1.4695e-08 ] 1.0000e+00
 2.459e+01 1.9411e-08 1.9411e-08 [ 1.7547e-16 1.6623e-13 1.0704e-12 8.0690e-09 1.1340e-08 ] 1.0000e+00
 2.471e+01 1.4979e-08 1.4979e-08 [ 1.0049e-16 9.8187e-14 6.3605e-13 6.2267e-09 8.7518e-09 ] 1.0000e+00
 2.482e+01 1.1560e-08 1.1560e-08 [ 5.7540e-17 5.7993e-14 3.7796e-13 4.8051e-09 6.7541e-09 ] 1.0000e+00
 2.493e+01 8.9207e-09 8.9207e-09 [ 3.2939e-17 3.4252e-14 2.2460e-13 3.7081e-09 5.2124e-09 ] 1.0000e+00
 2.505e+01 6.8843e-09 6.8843e-09 [ 1.8853e-17 2.0230e-14 1.3346e-13 2.8616e-09 4.0226e-09 ] 1.0000e+00
 2.516e+01 5.3127e-09 5.3127e-09 [ 1.0788e-17 1.1947e-14 7.9304e-14 2.2083e-09 3.1043e-09 ] 1.0000e+00
 2.527e+01 4.0999e-09 4.0999e-09 [ 6.1717e-18 7.0558e-15 4.7123e-14 1.7041e-09 2.3957e-09 ] 1.0000e+00
 2.539e+01 3.1640e-09 3.1640e-09 [ 3.5300e-18 4.1668e-15 2.8000e-14 1.3151e-09 1.8489e-09 ] 1.0000e+00
 2.550e+01 2.4417e-09 2.4417e-09 [ 2.0186e-18 2.4607e-15 1.6638e-14 1.0149e-09 1.4268e-09 ] 1.0000e+00
 2.561e+01 1.8843e-09 1.8843e-09 [ 1.1541e-18 1.4531e-15 9.8858e-15 7.8318e-10 1.1011e-09 ] 1.0000e+00
 2.573e+01 1.4541e-09 1.4541e-09 [ 6.5968e-19 8.5803e-16 5.8740e-15 6.0438e-10 8.4975e-10 ] 1.0000e+00
 2.584e+01 1.1222e-09 1.1222e-09 [ 3.7699e-19 5.0665e-16 3.4901e-15 4.6640e-10 6.5578e-10 ] 1.0000e+00
 2.595e+01 8.6600e-10 8.6600e-10 [ 2.1539e-19 2.9916e-16 2.0737e-15 3.5992e-10 5.0608e-10 ] 1.0000e+00
 2.607e+01 6.6831e-10 6.6831e-10 [ 1.2303e-19 1.7664e-16 1.2321e-15 2.7775e-10 3.9055e-10 ] 1.0000e+00
 2.618e+01 5.1574e-10 5.1574e-10 [ 7.0261e-20 1.0429e-16 7.3207e-16 2.1434e-10 3.0139e-10 ] 1.0000e+00
 2.629e+01 3.9800e-10 3.9800e-10 [ 4.0116e-20 6.1574e-17 4.3496e-16 1.6541e-10 2.3259e-10 ] 1.0000e+00
 2.641e+01 3.0714e-10 3.0714e-10 [ 2.2899e-20 3.6352e-17 2.5842e-16 1.2765e-10 1.7949e-10 ] 1.0000e+00
 2.652e+01 2.3702e-10 2.3702e-10 [ 1.3068e-20 2.1461e-17 1.5354e-16 9.8503e-11 1.3852e-10 ] 1.0000e+00
 2.663e+01 1.8291e-10 1.8291e-10 [ 7.4563e-21 1.2670e-17 9.1220e-17 7.6015e-11 1.0690e-10 ] 1.0000e+00
 2.675e+01 1.4115e-10 1.4115e-10 [ 4.2533e-21 7.4792e-18 5.4196e-17 5.8660e-11 8.2494e-11 ] 1.0000e+00
 2.686e+01 1.0893e-10 1.0893e-10 [ 2.4256e-21 4.4151e-18 3.2198e-17 4.5267e-11 6.3661e-11 ] 1.0000e+00
 2.697e+01 8.4060e-11 8.4060e-11 [ 1.3830e-21 2.6062e-18 1.9129e-17 3.4932e-11 4.9128e-11 ] 1.0000e+00
 2.709e+01 6.4869e-11 6.4869e-11 [ 7.8833e-22 1.5384e-18 1.1365e-17 2.6957e-11 3.7912e-11 ] 1.0000e+00
 2.720e+01 5.0059e-11 5.0059e-11 [ 4.4926e-22 9.0802e-19 6.7515e-18 2.0802e-11 2.9257e-11 ] 1.0000e+00
 2.731e+01 3.8631e-11 3.8631e-11 [ 2.5597e-22 5.3595e-19 4.0110e-18 1.6053e-11 2.2578e-11 ] 1.0000e+00
 2.743e+01 2.9811e-11 2.9811e-11 [ 1.4580e-22 3.1632e-19 2.3828e-18 1.2388e-11 1.7423e-11 ] 1.0000e+00
 2.754e+01 2.3005e-11 2.3005e-11 [ 8.3032e-23 1.8669e-19 1.4156e-18 9.5594e-12 1.3446e-11 ] 1.0000e+00
 2.765e+01 1.7753e-11 1.7753e-11 [ 4.7273e-23 1.1018e-19 8.4092e-19 7.3768e-12 1.0376e-11 ] 1.0000e+00
 2.777e+01 1.3700e-11 1.3700e-11 [ 2.6908e-23 6.5024e-20 4.9955e-19 5.6925e-12 8.0071e-12 ] 1.0000e+00
 2.788e+01 1.0572e-11 1.0572e-11 [ 1.5312e-23 3.8373e-20 2.9676e-19 4.3928e-12 6.1791e-12 ] 1.0000e+00
 2.799e+01 8.1582e-12 8.1582e-12 [ 8.7114e-24 2.2645e-20 1.7629e-19 3.3898e-12 4.7684e-12 ] 1.0000e+00
 2.811e+01 6.2955e-12 6.2955e-12 [ 4.9549e-24 1.3362e-20 1.0472e-19 2.6158e-12 3.6797e-12 ] 1.0000e+00
 2.822e+01 4.8582e-12 4.8582e-12 [ 2.8175e-24 7.8849e-21 6.2206e-20 2.0186e-12 2.8396e-12 ] 1.0000e+00
 2.833e+01 3.7490e-12 3.7490e-12 [ 1.6017e-24 4.6525e-21 3.6951e-20 1.5577e-12 2.1913e-12 ] 1.0000e+00
 2.845e+01 2.8930e-12 2.8930e-12 [ 9.1035e-25 2.7452e-21 2.1949e-20 1.2020e-12 1.6910e-12 ] 1.0000e+00
 2.856e+01 2.2325e-12 2.2325e-12 [ 5.1726e-25 1.6197e-21 1.3038e-20 9.2754e-13 1.3049e-12 ] 1.0000e+00
 2.867e+01 1.7227e-12 1.7227e-12 [ 2.9384e-25 9.5561e-22 7.7445e-21 7.1575e-13 1.0070e-12 ] 1.0000e+00
 2.879e+01 1.3294e-12 1.3294e-12 [ 1.6687e-25 5.6379e-22 4.6002e-21 5.5232e-13 7.7707e-13 ] 1.0000e+00
 2.890e+01 1.0259e-12 1.0259e-12 [ 9.4745e-26 3.3261e-22 2.7324e-21 4.2620e-13 5.9965e-13 ] 1.0000e+00
 2.901e+01 7.9163e-13 7.9163e-13 [ 5.3779e-26 1.9622e-22 1.6230e-21 3.2889e-13 4.6274e-13 ] 1.0000e+00
 2.913e+01 6.1087e-13 6.1087e-13 [ 3.0518e-26 1.1575e-22 9.6399e-22 2.5379e-13 3.5709e-13 ] 1.0000e+00
 2.924e+01 4.7139e-13 4.7139e-13 [ 1.7314e-26 6.8281e-23 5.7257e-22 1.9584e-13 2.7556e-13 ] 1.0000e+00
 2.935e+01 3.6376e-13 3.6376e-13 [ 9.8198e-27 4.0277e-23 3.4008e-22 1.5112e-13 2.1264e-13 ] 1.0000e+00
 2.947e+01 2.8070e-13 2.8070e-13 [ 5.5681e-27 2.3757e-23 2.0199e-22 1.1661e-13 1.6409e-13 ] 1.0000e+00
 2.958e+01 2.1661e-13 2.1661e-13 [ 3.1564e-27 1.4013e-23 1.1997e-22 8.9983e-14 1.2662e-13 ] 1.0000e+00
 2.969e+01 1.6715e-13 1.6715e-13 [ 1.7888e-27 8.2649e-24 7.1252e-23 6.9435e-14 9.7711e-14 ] 1.0000e+00
 2.981e+01 1.2898e-13 1.2898e-13 [ 1.0135e-27 4.8745e-24 4.2318e-23 5.3580e-14 7.5400e-14 ] 1.0000e+00
 2.992e+01 9.9528e-14 9.9528e-14 [ 5.7404e-28 2.8748e-24 2.5133e-23 4.1345e-14 5.8184e-14 ] 1.0000e+00
 3.003e+01 7.6802e-14 7.6802e-14 [ 3.2505e-28 1.6954e-24 1.4927e-23 3.1903e-14 4.4898e-14 ] 1.0000e+00
 3.015e+01 5.9264e-14 5.9264e-14 [ 1.8401e-28 9.9983e-25 8.8649e-24 2.4618e-14 3.4646e-14 ] 1.0000e+00
 3.026e+01 4.5732e-14 4.5732e-14 [ 1.0414e-28 5.8960e-25 5.2648e-24 1.8996e-14 2.6735e-14 ] 1.0000e+00
 3.037e+01 3.5289e-14 3.5289e-14 [ 5.8923e-29 3.4768e-25 3.1267e-24 1.4658e-14 2.0631e-14 ] 1.0000e+00
 3.049e+01 2.7231e-14 2.7231e-14 [ 3.3329e-29 2.0501e-25 1.8568e-24 1.1311e-14 1.5920e-14 ] 1.0000e+00
 3.060e+01 2.1012e-14 2.1012e-14 [ 1.8847e-29 1.2088e-25 1.1027e-24 8.7279e-15 1.2285e-14 ] 1.0000e+00
 3.071e+01 1.6214e-14 1.6214e-14 [ 1.0654e-29 7.1274e-26 6.5486e-25 6.7347e-15 9.4794e-15 ] 1.0000e+00
 3.083e+01 1.2512e-14 1.2512e-14 [ 6.0214e-30 4.2023e-26 3.8889e-25 5.1967e-15 7.3148e-15 ] 1.0000e+00
 3.094e+01 9.6545e-15 9.6545e-15 [ 3.4021e-30 2.4775e-26 2.3094e-25 4.0100e-15 5.6445e-15 ] 1.0000e+00
 3.105e+01 7.4498e-15 7.4498e-15 [ 1.9216e-30 1.4606e-26 1.3714e-25 3.0942e-15 4.3556e-15 ] 1.0000e+00
 3.117e+01 5.7485e-15 5.7485e-15 [ 1.0851e-30 8.6109e-27 8.1437e-26 2.3876e-15 3.3610e-15 ] 1.0000e+00
 3.128e+01 4.4358e-15 4.4358e-15 [ 6.1254e-31 5.0761e-27 4.8359e-26 1.8423e-15 2.5935e-15 ] 1.0000e+00
 3.139e+01 3.4228e-15 3.4228e-15 [ 3.4569e-31 2.9923e-27 2.8716e-26 1.4216e-15 2.0012e-15 ] 1.0000e+00
 3.151e+01 2.6412e-15 2.6412e-15 [ 1.9503e-31 1.7638e-27 1.7052e-26 1.0969e-15 1.5442e-15 ] 1.0000e+00
 3.162e+01 2.0380e-15 2.0380e-15 [ 1.1000e-31 1.0397e-27 1.0125e-26 8.4640e-16 1.1916e-15 ] 1.0000e+00
 3.173e+01 1.5726e-15 1.5726e-15 [ 6.2024e-32 6.1280e-28 6.0122e-27 6.5309e-16 9.1949e-16 ] 1.0000e+00
 3.185e+01 1.2134e-15 1.2134e-15 [ 3.4962e-32 3.6118e-28 3.5699e-27 5.0394e-16 7.0951e-16 ] 1.0000e+00
 3.196e+01 9.3633e-16 9.3633e-16 [ 1.9702e-32 2.1287e-28 2.1197e-27 3.8885e-16 5.4748e-16 ] 1.0000e+00
 3.207e+01 7.2249e-16 7.2249e-16 [ 1.1099e-32 1.2545e-28 1.2586e-27 3.0004e-16 4.2246e-16 ] 1.0000e+00
 3.219e+01 5.5749e-16 5.5749e-16 [ 6.2508e-33 7.3932e-29 7.4730e-28 2.3151e-16 3.2598e-16 ] 1.0000e+00
 3.230e+01 4.3017e-16 4.3017e-16 [ 3.5193e-33 4.3568e-29 4.4371e-28 1.7864e-16 2.5154e-16 ] 1.0000e+00
 3.241e+01 3.3193e-16 3.3193e-16 [ 1.9808e-33 2.5674e-29 2.6345e-28 1.3784e-16 1.9409e-16 ] 1.0000e+00
 3.253e+01 2.5612e-16 2.5612e-16 [ 1.1145e-33 1.5128e-29 1.5642e-28 1.0636e-16 1.4977e-16 ] 1.0000e+00
 3.264e+01 1.9763e-16 1.9763e-16 [ 6.2693e-34 8.9141e-30 9.2868e-29 8.2064e-17 1.1556e-16 ] 1.0000e+00
 3.275e+01 1.5249e-16 1.5249e-16 [ 3.5254e-34 5.2522e-30 5.5137e-29 6.3321e-17 8.9171e-17 ] 1.0000e+00
 3.287e+01 1.1766e-16 1.1766e-16 [ 1.9818e-34 3.0945e-30 3.2735e-29 4.8858e-17 6.8807e-17 ] 1.0000e+00
 3.298e+01 9.0791e-17 9.0791e-17 [ 1.1137e-34 1.8232e-30 1.9435e-29 3.7699e-17 5.3092e-17 ] 1.0000e+00
 3.309e+01 7.0055e-17 7.0055e-17 [ 6.2570e-35 1.0741e-30 1.1538e-29 2.9088e-17 4.0967e-17 ] 1.0000e+00
 3.321e+01 5.4055e-17 5.4055e-17 [ 3.5141e-35 6.3276e-31 6.8501e-30 2.2444e-17 3.1611e-17 ] 1.0000e+00
 3.332e+01 4.1709e-17 4.1709e-17 [ 1.9730e-35 3.7275e-31 4.0667e-30 1.7318e-17 2.4391e-17 ] 1.0000e+00
 3.343e+01 3.2183e-17 3.2183e-17 [ 1.1074e-35 2.1957e-31 2.4143e-30 1.3362e-17 1.8821e-17 ] 1.0000e+00
 3.355e+01 2.4832e-17 2.4832e-17 [ 6.2136e-36 1.2934e-31 1.4332e-30 1.0310e-17 1.4522e-17 ] 1.0000e+00
 3.366e+01 1.9161e-17 1.9161e-17 [ 3.4853e-36 7.6181e-32 8.5084e-31 7.9552e-18 1.1205e-17 ] 1.0000e+00
 3.377e+01 1.4784e-17 1.4784e-17 [ 1.9544e-36 4.4870e-32 5.0509e-31 6.1381e-18 8.6461e-18 ] 1.0000e+00
 3.389e+01 1.1407e-17 1.1407e-17 [ 1.0955e-36 2.6427e-32 2.9984e-31 4.7360e-18 6.6714e-18 ] 1.0000e+00
 3.400e+01 8.8019e-18 8.8019e-18 [ 6.1391e-37 1.5564e-32 1.7799e-31 3.6542e-18 5.1477e-18 ] 1.0000e+00
 3.411e+01 6.7914e-18 6.7914e-18 [ 3.4391e-37 9.1657e-33 1.0566e-31 2.8195e-18 3.9719e-18 ] 1.0000e+00
 3.423e+01 5.2402e-18 5.2402e-18 [ 1.9259e-37 5.3976e-33 6.2719e-32 2.1755e-18 3.0647e-18 ] 1.0000e+00
 3.434e+01 4.0433e-18 4.0433e-18 [ 1.0782e-37 3.1785e-33 3.7230e-32 1.6785e-18 2.3647e-18 ] 1.0000e+00
 3.445e+01 3.1197e-18 3.1197e-18 [ 6.0341e-38 1.8716e-33 2.2099e-32 1.2951e-18 1.8246e-18 ] 1.0000e+00
 3.457e+01 2.4071e-18 2.4071e-18 [ 3.3758e-38 1.1020e-33 1.3118e-32 9.9926e-19 1.4079e-18 ] 1.0000e+00
 3.468e+01 1.8573e-18 1.8573e-18 [ 1.8880e-38 6.4886e-34 7.7863e-33 7.7100e-19 1.0863e-18 ] 1.0000e+00
 3.479e+01 1.4330e-18 1.4330e-18 [ 1.0556e-38 3.8203e-34 4.6217e-33 5.9487e-19 8.3817e-19 ] 1.0000e+00
 3.491e+01 1.1057e-18 1.1057e-18 [ 5.8996e-39 2.2491e-34 2.7432e-33 4.5898e-19 6.4672e-19 ] 1.0000e+00
 3.502e+01 8.5313e-19 8.5313e-19 [ 3.2962e-39 1.3241e-34 1.6282e-33 3.5413e-19 4.9900e-19 ] 1.0000e+00
 3.513e+01 6.5825e-19 6.5825e-19 [ 1.8410e-39 7.7948e-35 9.6643e-34 2.7323e-19 3.8502e-19 ] 1.0000e+00
 3.525e+01 5.0789e-19 5.0789e-19 [ 1.0279e-39 4.5885e-35 5.7361e-34 2.1082e-19 2.9707e-19 ] 1.0000e+00
 3.536e+01 3.9187e-19 3.9187e-19 [ 5.7372e-40 2.7009e-35 3.4045e-34 1.6266e-19 2.2922e-19 ] 1.0000e+00
 3.547e+01 3.0236e-19 3.0236e-19 [ 3.2011e-40 1.5898e-35 2.0207e-34 1.2550e-19 1.7686e-19 ] 1.0000e+00
 3.559e+01 2.3329e-19 2.3329e-19 [ 1.7855e-40 9.3572e-36 1.1993e-34 9.6828e-20 1.3646e-19 ] 1.0000e+00
 3.570e+01 1.8000e-19 1.8000e-19 [ 9.9553e-41 5.5072e-36 7.1181e-35 7.4707e-20 1.0529e-19 ] 1.0000e+00
 3.581e+01 1.3888e-19 1.3888e-19 [ 5.5488e-41 3.2412e-36 4.2247e-35 5.7640e-20 8.1237e-20 ] 1.0000e+00
 3.593e+01 1.0715e-19 1.0715e-19 [ 3.0917e-41 1.9074e-36 2.5074e-35 4.4472e-20 6.2680e-20 ] 1.0000e+00
 3.604e+01 8.2674e-20 8.2674e-20 [ 1.7221e-41 1.1225e-36 1.4882e-35 3.4312e-20 4.8362e-20 ] 1.0000e+00
 3.615e+01 6.3787e-20 6.3787e-20 [ 9.5884e-42 6.6052e-37 8.8325e-36 2.6473e-20 3.7314e-20 ] 1.0000e+00
 3.627e+01 4.9215e-20 4.9215e-20 [ 5.3369e-42 3.8866e-37 5.2424e-36 2.0425e-20 2.8790e-20 ] 1.0000e+00
 3.638e+01 3.7972e-20 3.7972e-20 [ 2.9695e-42 2.2869e-37 3.1116e-36 1.5759e-20 2.2213e-20 ] 1.0000e+00
 3.649e+01 2.9297e-20 2.9297e-20 [ 1.6516e-42 1.3455e-37 1.8469e-36 1.2158e-20 1.7139e-20 ] 1.0000e+00
 3.661e+01 2.2604e-20 2.2604e-20 [ 9.1832e-43 7.9162e-38 1.0963e-36 9.3805e-21 1.3224e-20 ] 1.0000e+00
 3.672e+01 1.7440e-20 1.7440e-20 [ 5.1041e-43 4.6572e-38 6.5082e-37 7.2373e-21 1.0203e-20 ] 1.0000e+00
 3.683e+01 1.3456e-20 1.3456e-20 [ 2.8359e-43 2.7398e-38 3.8639e-37 5.5838e-21 7.8719e-21 ] 1.0000e+00
 3.695e+01 1.0382e-20 1.0382e-20 [ 1.5751e-43 1.6117e-38 2.2943e-37 4.3080e-21 6.0736e-21 ] 1.0000e+00
 3.706e+01 8.0098e-21 8.0098e-21 [ 8.7450e-44 9.4804e-39 1.3626e-37 3.3238e-21 4.6861e-21 ] 1.0000e+00
 3.717e+01 6.1799e-21 6.1799e-21 [ 4.8535e-44 5.5764e-39 8.0939e-38 2.5643e-21 3.6155e-21 ] 1.0000e+00
 3.729e+01 4.7680e-21 4.7680e-21 [ 2.6927e-44 3.2799e-39 4.8094e-38 1.9784e-21 2.7895e-21 ] 1.0000e+00
 3.740e+01 3.6786e-21 3.6786e-21 [ 1.4934e-44 1.9290e-39 2.8589e-38 1.5264e-21 2.1522e-21 ] 1.0000e+00
 3.751e+01 2.8382e-21 2.8382e-21 [ 8.2794e-45 1.1345e-39 1.7004e-38 1.1776e-21 1.6605e-21 ] 1.0000e+00
 3.763e+01 2.1897e-21 2.1897e-21 [ 4.5884e-45 6.6718e-40 1.0120e-38 9.0856e-22 1.2812e-21 ] 1.0000e+00
 3.774e+01 1.6894e-21 1.6894e-21 [ 2.5419e-45 3.9234e-40 6.0282e-39 7.0096e-22 9.8846e-22 ] 1.0000e+00
 3.785e+01 1.3034e-21 1.3034e-21 [ 1.4077e-45 2.3071e-40 3.5950e-39 5.4080e-22 7.6263e-22 ] 1.0000e+00
 3.797e+01 1.0056e-21 1.0056e-21 [ 7.7925e-46 1.3566e-40 2.1471e-39 4.1723e-22 5.8839e-22 ] 1.0000e+00
 3.808e+01 7.7586e-22 7.7586e-22 [ 4.3121e-46 7.9762e-41 1.2847e-39 3.2189e-22 4.5396e-22 ] 1.0000e+00
 3.819e+01 5.9859e-22 5.9859e-22 [ 2.3853e-46 4.6895e-41 7.7058e-40 2.4834e-22 3.5024e-22 ] 1.0000e+00
 3.831e+01 4.6182e-22 4.6182e-22 [ 1.3190e-46 2.7570e-41 4.6361e-40 1.9160e-22 2.7022e-22 ] 1.0000e+00
 3.842e+01 3.5630e-22 3.5630e-22 [ 7.2904e-47 1.6208e-41 2.8000e-40 1.4781e-22 2.0848e-22 ] 1.0000e+00
 3.853e+01 2.7489e-22 2.7489e-22 [ 4.0282e-47 9.5281e-42 1.6993e-40 1.1404e-22 1.6085e-22 ] 1.0000e+00
 3.865e+01 2.1208e-22 2.1208e-22 [ 2.2249e-47 5.6008e-42 1.0374e-40 8.7980e-23 1.2410e-22 ] 1.0000e+00
 3.876e+01 1.6362e-22 1.6362e-22 [ 1.2284e-47 3.2921e-42 6.3802e-41 6.7875e-23 9.5743e-23 ] 1.0000e+00
 3.887e+01 1.2623e-22 1.2623e-22 [ 6.7794e-48 1.9350e-42 3.9587e-41 5.2365e-23 7.3867e-23 ] 1.0000e+00
 3.899e+01 9.7388e-23 9.7388e-23 [ 3.7401e-48 1.1373e-42 2.4820e-41 4.0399e-23 5.6989e-23 ] 1.0000e+00
 3.910e+01 7.5135e-23 7.5135e-23 [ 2.0626e-48 6.6837e-43 1.5752e-41 3.1167e-23 4.3968e-23 ] 1.0000e+00
 3.921e+01 5.7966e-23 5.7966e-23 [ 1.1370e-48 3.9279e-43 1.0135e-41 2.4045e-23 3.3921e-23 ] 1.0000e+00
 3.933e+01 4.4720e-23 4.4720e-23 [ 6.2654e-49 2.3082e-43 6.6206e-42 1.8550e-23 2.6170e-23 ] 1.0000e+00
 3.944e+01 3.4501e-23 3.4501e-23 [ 3.4512e-49 1.3563e-43 4.3952e-42 1.4311e-23 2.0191e-23 ] 1.0000e+00
 3.955e+01 2.6617e-23 2.6617e-23 [ 1.9003e-49 7.9694e-44 2.9671e-42 1.1040e-23 1.5577e-23 ] 1.0000e+00
 3.967e+01 2.0535e-23 2.0535e-23 [ 1.0459e-49 4.6824e-44 2.0367e-42 8.5173e-24 1.2018e-23 ] 1.0000e+00
 3.978e+01 1.5842e-23 1.5842e-23 [ 5.7544e-50 2.7510e-44 1.4209e-42 6.5709e-24 9.2716e-24 ] 1.0000e+00
 3.989e+01 1.2222e-23 1.2222e-23 [ 3.1647e-50 1.6162e-44 1.0065e-42 5.0692e-24 7.1529e-24 ] 1.0000e+00
 4.001e+01 9.4291e-24 9.4291e-24 [ 1.7398e-50 9.4944e-45 7.2277e-43 3.9107e-24 5.5184e-24 ] 1.0000e+00
 4.012e+01 7.2744e-24 7.2744e-24 [ 9.5606e-51 5.5773e-45 5.2539e-43 3.0170e-24 4.2574e-24 ] 1.0000e+00
 4.023e+01 5.6120e-24 5.6120e-24 [ 5.2517e-51 3.2761e-45 3.8595e-43 2.3275e-24 3.2845e-24 ] 1.0000e+00
 4.035e+01 4.3295e-24 4.3295e-24 [ 2.8836e-51 1.9242e-45 2.8603e-43 1.7955e-24 2.5340e-24 ] 1.0000e+00
 4.046e+01 3.3401e-24 3.3401e-24 [ 1.5827e-51 1.1302e-45 2.1353e-43 1.3852e-24 1.9549e-24 ] 1.0000e+00
 4.057e+01 2.5768e-24 2.5768e-24 [ 8.6835e-52 6.6374e-46 1.6036e-43 1.0686e-24 1.5082e-24 ] 1.0000e+00
 4.069e+01 1.9879e-24 1.9879e-24 [ 4.7623e-52 3.8979e-46 1.2101e-43 8.2436e-25 1.1635e-24 ] 1.0000e+00
 4.080e+01 1.5336e-24 1.5336e-24 [ 2.6107e-52 2.2890e-46 9.1665e-44 6.3595e-25 8.9762e-25 ] 1.0000e+00
 4.091e+01 1.1831e-24 1.1831e-24 [ 1.4306e-52 1.3441e-46 6.9642e-44 4.9060e-25 6.9249e-25 ] 1.0000e+00
 4.103e+01 9.1271e-25 9.1271e-25 [ 7.8361e-53 7.8920e-47 5.3032e-44 3.7847e-25 5.3424e-25 ] 1.0000e+00
 4.114e+01 7.0411e-25 7.0411e-25 [ 4.2905e-53 4.6337e-47 4.0456e-44 2.9197e-25 4.1215e-25 ] 1.0000e+00
 4.125e+01 5.4319e-25 5.4319e-25 [ 2.3482e-53 2.7204e-47 3.0905e-44 2.2523e-25 3.1796e-25 ] 1.0000e+00
 4.137e+01 4.1905e-25 4.1905e-25 [ 1.2846e-53 1.5971e-47 2.3632e-44 1.7375e-25 2.4529e-25 ] 1.0000e+00
 4.148e+01 3.2327e-25 3.2327e-25 [ 7.0251e-54 9.3754e-48 1.8084e-44 1.3404e-25 1.8923e-25 ] 1.0000e+00
 4.159e+01 2.4939e-25 2.4939e-25 [ 3.8401e-54 5.5034e-48 1.3846e-44 1.0340e-25 1.4599e-25 ] 1.0000e+00
 4.171e+01 1.9239e-25 1.9239e-25 [ 2.0982e-54 3.2303e-48 1.0605e-44 7.9767e-26 1.1262e-25 ] 1.0000e+00
 4.182e+01 1.4842e-25 1.4842e-25 [ 1.1460e-54 1.8960e-48 8.1242e-45 6.1534e-26 8.6882e-26 ] 1.0000e+00
 4.193e+01 1.1449e-25 1.1449e-25 [ 6.2565e-55 1.1127e-48 6.2247e-45 4.7469e-26 6.7025e-26 ] 1.0000e+00
 4.205e+01 8.8325e-26 8.8325e-26 [ 3.4143e-55 6.5303e-49 4.7695e-45 3.6618e-26 5.1706e-26 ] 1.0000e+00
 4.216e+01 6.8137e-26 6.8137e-26 [ 1.8624e-55 3.8322e-49 3.6543e-45 2.8248e-26 3.9889e-26 ] 1.0000e+00
 4.227e+01 5.2563e-26 5.2563e-26 [ 1.0155e-55 2.2487e-49 2.7997e-45 2.1791e-26 3.0772e-26 ] 1.0000e+00
 4.239e+01 4.0548e-26 4.0548e-26 [ 5.5347e-56 1.3195e-49 2.1447e-45 1.6810e-26 2.3739e-26 ] 1.0000e+00
 4.250e+01 3.1280e-26 3.1280e-26 [ 3.0153e-56 7.7416e-50 1.6426e-45 1.2967e-26 1.8313e-26 ] 1.0000e+00
 4.261e+01 2.4130e-26 2.4130e-26 [ 1.6420e-56 4.5420e-50 1.2578e-45 1.0003e-26 1.4127e-26 ] 1.0000e+00
 4.273e+01 1.8615e-26 1.8615e-26 [ 8.9379e-57 2.6646e-50 9.6295e-46 7.7163e-27 1.0898e-26 ] 1.0000e+00
 4.284e+01 1.4360e-26 1.4360e-26 [ 4.8631e-57 1.5631e-50 7.3702e-46 5.9524e-27 8.4072e-27 ] 1.0000e+00
 4.295e+01 1.1077e-26 1.1077e-26 [ 2.6448e-57 9.1689e-51 5.6395e-46 4.5917e-27 6.4856e-27 ] 1.0000e+00
 4.307e+01 8.5452e-27 8.5452e-27 [ 1.4378e-57 5.3780e-51 4.3139e-46 3.5420e-27 5.0031e-27 ] 1.0000e+00
 4.318e+01 6.5918e-27 6.5918e-27 [ 7.8130e-58 3.1543e-51 3.2988e-46 2.7323e-27 3.8595e-27 ] 1.0000e+00
 4.329e+01 5.0850e-27 5.0850e-27 [ 4.2437e-58 1.8499e-51 2.5218e-46 2.1077e-27 2.9773e-27 ] 1.0000e+00
 4.341e+01 3.9226e-27 3.9226e-27 [ 2.3040e-58 1.0849e-51 1.9271e-46 1.6258e-27 2.2968e-27 ] 1.0000e+00
 4.352e+01 3.0259e-27 3.0259e-27 [ 1.2504e-58 6.3618e-52 1.4721e-46 1.2541e-27 1.7718e-27 ] 1.0000e+00
 4.363e+01 2.3342e-27 2.3342e-27 [ 6.7828e-59 3.7304e-52 1.1241e-46 9.6742e-28 1.3668e-27 ] 1.0000e+00
 4.375e+01 1.8006e-27 1.8006e-27 [ 3.6777e-59 2.1873e-52 8.5802e-47 7.4625e-28 1.0543e-27 ] 1.0000e+00
 4.386e+01 1.3890e-27 1.3890e-27 [ 1.9933e-59 1.2824e-52 6.5464e-47 5.7564e-28 8.1332e-28 ] 1.0000e+00
 4.397e+01 1.0714e-27 1.0714e-27 [ 1.0798e-59 7.5181e-53 4.9925e-47 4.4403e-28 6.2740e-28 ] 1.0000e+00
 4.409e+01 8.2649e-28 8.2649e-28 [ 5.8474e-60 4.4073e-53 3.8056e-47 3.4251e-28 4.8398e-28 ] 1.0000e+00
 4.420e+01 6.3755e-28 6.3755e-28 [ 3.1650e-60 2.5835e-53 2.8995e-47 2.6420e-28 3.7334e-28 ] 1.0000e+00
 4.431e+01 4.9179e-28 4.9179e-28 [ 1.7123e-60 1.5143e-53 2.2081e-47 2.0380e-28 2.8800e-28 ] 1.0000e+00
 4.443e+01 3.7936e-28 3.7936e-28 [ 9.2602e-61 8.8755e-54 1.6806e-47 1.5720e-28 2.2216e-28 ] 1.0000e+00
 4.454e+01 2.9263e-28 2.9263e-28 [ 5.0056e-61 5.2017e-54 1.2785e-47 1.2126e-28 1.7137e-28 ] 1.0000e+00
 4.465e+01 2.2573e-28 2.2573e-28 [ 2.7046e-61 3.0484e-54 9.7197e-48 9.3534e-29 1.3219e-28 ] 1.0000e+00
 4.477e+01 1.7412e-28 1.7412e-28 [ 1.4606e-61 1.7863e-54 7.3852e-48 7.2148e-29 1.0197e-28 ] 1.0000e+00
 4.488e+01 1.3431e-28 1.3431e-28 [ 7.8850e-62 1.0467e-54 5.6079e-48 5.5651e-29 7.8661e-29 ] 1.0000e+00
 4.499e+01 1.0360e-28 1.0360e-28 [ 4.2546e-62 6.1330e-55 4.2555e-48 4.2926e-29 6.0677e-29 ] 1.0000e+00
 4.511e+01 7.9916e-29 7.9916e-29 [ 2.2947e-62 3.5932e-55 3.2271e-48 3.3111e-29 4.6805e-29 ] 1.0000e+00
 4.522e+01 6.1644e-29 6.1644e-29 [ 1.2371e-62 2.1050e-55 2.4455e-48 2.5540e-29 3.6104e-29 ] 1.0000e+00
 4.533e+01 4.7549e-29 4.7549e-29 [ 6.6661e-63 1.2331e-55 1.8518e-48 1.9699e-29 2.7850e-29 ] 1.0000e+00
 4.545e+01 3.6677e-29 3.6677e-29 [ 3.5905e-63 7.2233e-56 1.4011e-48 1.5195e-29 2.1483e-29 ] 1.0000e+00
 4.556e+01 2.8291e-29 2.8291e-29 [ 1.9330e-63 4.2309e-56 1.0593e-48 1.1720e-29 1.6571e-29 ] 1.0000e+00
 4.567e+01 2.1822e-29 2.1822e-29 [ 1.0402e-63 2.4780e-56 8.0014e-49 9.0396e-30 1.2782e-29 ] 1.0000e+00
 4.579e+01 1.6832e-29 1.6832e-29 [ 5.5950e-64 1.4512e-56 6.0386e-49 6.9722e-30 9.8599e-30 ] 1.0000e+00
 4.590e+01 1.2983e-29 1.2983e-29 [ 3.0081e-64 8.4984e-57 4.5529e-49 5.3776e-30 7.6055e-30 ] 1.0000e+00
 4.601e+01 1.0014e-29 1.0014e-29 [ 1.6165e-64 4.9764e-57 3.4294e-49 4.1476e-30 5.8666e-30 ] 1.0000e+00
 4.613e+01 7.7240e-30 7.7240e-30 [ 8.6832e-65 2.9138e-57 2.5804e-49 3.1988e-30 4.5252e-30 ] 1.0000e+00
 4.624e+01 5.9575e-30 5.9575e-30 [ 4.6620e-65 1.7060e-57 1.9395e-49 2.4670e-30 3.4905e-30 ] 1.0000e+00
 4.635e+01 4.5949e-30 4.5949e-30 [ 2.5019e-65 9.9875e-58 1.4560e-49 1.9025e-30 2.6924e-30 ] 1.0000e+00
 4.647e+01 3.5439e-30 3.5439e-30 [ 1.3420e-65 5.8467e-58 1.0917e-49 1.4671e-30 2.0768e-30 ] 1.0000e+00
 4.658e+01 2.7332e-30 2.7332e-30 [ 7.1955e-66 3.4225e-58 8.1750e-50 1.1313e-30 1.6019e-30 ] 1.0000e+00
 4.669e+01 2.1079e-30 2.1079e-30 [ 3.8562e-66 2.0032e-58 6.1131e-50 8.7228e-31 1.2356e-30 ] 1.0000e+00
 4.681e+01 1.6256e-30 1.6256e-30 [ 2.0656e-66 1.1725e-58 4.5644e-50 6.7249e-31 9.5308e-31 ] 1.0000e+00
 4.692e+01 1.2535e-30 1.2535e-30 [ 1.1060e-66 6.8616e-59 3.4027e-50 5.1839e-31 7.3515e-31 ] 1.0000e+00
 4.703e+01 9.6657e-31 9.6657e-31 [ 5.9188e-67 4.0154e-59 2.5324e-50 3.9953e-31 5.6704e-31 ] 1.0000e+00
 4.715e+01 7.4522e-31 7.4522e-31 [ 3.1661e-67 2.3496e-59 1.8812e-50 3.0785e-31 4.3738e-31 ] 1.0000e+00
 4.726e+01 5.7449e-31 5.7449e-31 [ 1.6928e-67 1.3748e-59 1.3948e-50 2.3713e-31 3.3736e-31 ] 1.0000e+00
 4.737e+01 4.4280e-31 4.4280e-31 [ 9.0467e-68 8.0434e-60 1.0319e-50 1.8259e-31 2.6021e-31 ] 1.0000e+00
 4.749e+01 3.4123e-31 3.4123e-31 [ 4.8325e-68 4.7055e-60 7.6170e-51 1.4052e-31 2.0070e-31 ] 1.0000e+00
 4.760e+01 2.6288e-31 2.6288e-31 [ 2.5801e-68 2.7526e-60 5.6084e-51 1.0808e-31 1.5480e-31 ] 1.0000e+00
 4.771e+01 2.0245e-31 2.0245e-31 [ 1.3769e-68 1.6101e-60 4.1181e-51 8.3052e-32 1.1940e-31 ] 1.0000e+00
 4.783e+01 1.5584e-31 1.5584e-31 [ 7.3445e-69 9.4167e-61 3.0147e-51 6.3750e-32 9.2089e-32 ] 1.0000e+00
 4.794e+01 1.1989e-31 1.1989e-31 [ 3.9156e-69 5.5069e-61 2.1996e-51 4.8863e-32 7.1023e-32 ] 1.0000e+00
 4.805e+01 9.2152e-32 9.2152e-32 [ 2.0865e-69 3.2200e-61 1.5988e-51 3.7381e-32 5.4771e-32 ] 1.0000e+00
 4.817e+01 7.0758e-32 7.0758e-32 [ 1.1112e-69 1.8824e-61 1.1573e-51 2.8526e-32 4.2232e-32 ] 1.0000e+00
 4.828e+01 5.4254e-32 5.4254e-32 [ 5.9145e-70 1.1002e-61 8.3364e-52 2.1698e-32 3.2556e-32 ] 1.0000e+00
 4.839e+01 4.1520e-32 4.1520e-32 [ 3.1458e-70 6.4275e-62 5.9719e-52 1.6434e-32 2.5086e-32 ] 1.0000e+00
 4.851e+01 3.1693e-32 3.1693e-32 [ 1.6718e-70 3.7527e-62 4.2503e-52 1.2378e-32 1.9315e-32 ] 1.0000e+00
 4.862e+01 2.4106e-32 2.4106e-32 [ 8.8752e-71 2.1888e-62 3.0017e-52 9.2540e-33 1.4852e-32 ] 1.0000e+00
 4.873e+01 1.8247e-32 1.8247e-32 [ 4.7042e-71 1.2744e-62 2.1000e-52 6.8517e-33 1.1395e-32 ] 1.0000e+00
 4.885e+01 1.3717e-32 1.3717e-32 [ 2.4876e-71 7.3994e-63 1.4520e-52 5.0081e-33 8.7086e-33 ] 1.0000e+00
 4.896e+01 1.0210e-32 1.0210e-32 [ 1.3104e-71 4.2752e-63 9.8870e-53 3.5981e-33 6.6123e-33 ] 1.0000e+00
 4.907e+01 7.4918e-33 7.4918e-33 [ 6.8591e-72 2.4496e-63 6.5968e-53 2.5254e-33 4.9663e-33 ] 1.0000e+00
 4.919e+01 5.3793e-33 5.3793e-33 [ 3.5500e-72 1.3833e-63 4.2780e-53 1.7161e-33 3.6633e-33 ] 1.0000e+00
 4.930e+01 3.7348e-33 3.7348e-33 [ 1.7999e-72 7.6125e-64 2.6610e-53 1.1129e-33 2.6219e-33 ] 1.0000e+00
 4.941e+01 2.4551e-33 2.4551e-33 [ 8.7745e-73 3.9971e-64 1.5508e-53 6.7214e-34 1.7829e-33 ] 1.0000e+00
 4.953e+01 1.4674e-33 1.4674e-33 [ 3.9509e-73 1.9174e-64 8.0914e-54 3.6080e-34 1.1066e-33 ] 1.0000e+00
 4.964e+01 7.2863e-34 7.2863e-34 [ 1.4879e-73 7.5823e-65 3.4033e-54 1.5494e-34 5.7369e-34 ] 1.0000e+00
 4.975e+01 2.2844e-34 2.2844e-34 [ 3.3577e-74 1.7649e-65 8.2265e-55 3.8047e-35 1.9039e-34 ] 1.0000e+00
 4.987e+01 0.0000e+00 0.0000e+00 [ 0.0000e+00 0.0000e+00 0.0000e+00 0.0000e+00 0.0000e+00 ] 1.0000e+00
