 0.000e+00 0.0000e+00 0.0000e+00 [ 0.0000e+00 0.0000e+00 0.0000e+00 0.0000e+00 0.0000e+00 ] 1.0000e+00
 1.133e-01 5.8822e-02 5.8822e-02 [ 5.7508e-02 6.7058e-04 3.1319e-04 3.0867e-04 2.1631e-05 ] 9.4118e-01
 2.267e-01 1.2131e-01 1.2131e-01 [ 1.1596e-01 2.7396e-03 1.2794e-03 1.2601e-03 7.7655e-05 ] 8.7869e-01
 3.400e-01 1.9440e-01 1.9440e-01 [ 1.8205e-01 6.3277e-03 2.9546e-03 2.9061e-03 1.5865e-04 ] 8.0560e-01
 4.533e-01 2.7837e-01 2.7837e-01 [ 2.5594e-01 1.1517e-02 5.3767e-03 5.2790e-03 2.5689e-04 ] 7.2163e-01
 5.667e-01 3.7127e-01 3.7127e-01 [ 3.3583e-01 1.8232e-02 8.5094e-03 8.3365e-03 3.6466e-04 ] 6.2873e-01
 6.800e-01 4.6744e-01 4.6744e-01 [ 4.1672e-01 2.6139e-02 1.2196e-02 1.1917e-02 4.7324e-04 ] 5.3256e-01
 7.933e-01 5.5866e-01 5.5866e-01 [ 4.9155e-01 3.4644e-02 1.6157e-02 1.5741e-02 5.7347e-04 ] 4.4134e-01
 9.067e-01 6.3691e-01 6.3691e-01 [ 5.5365e-01 4.3046e-02 2.0067e-02 1.9485e-02 6.5804e-04 ] 3.6309e-01
 1.020e+00 6.9746e-01 6.9746e-01 [ 5.9940e-01 5.0785e-02 2.3662e-02 2.2890e-02 7.2382e-04 ] 3.0254e-01
 1.133e+00 7.4010e-01 7.4010e-01 [ 6.2907e-01 5.7603e-02 2.6821e-02 2.5841e-02 7.7223e-04 ] 2.5990e-01
 1.247e+00 7.6793e-01 7.6793e-01 [ 6.4567e-01 6.3534e-02 2.9561e-02 2.8354e-02 8.0755e-04 ] 2.3207e-01
 1.360e+00 7.8511e-01 7.8511e-01 [ 6.5302e-01 6.8765e-02 3.1969e-02 3.0517e-02 8.3449e-04 ] 2.1489e-01
 1.473e+00 7.9533e-01 7.9533e-01 [ 6.5439e-01 7.3513e-02 3.4144e-02 3.2428e-02 8.5685e-04 ] 2.0467e-01
 1.587e+00 8.0129e-01 8.0129e-01 [ 6.5212e-01 7.7956e-02 3.6171e-02 3.4168e-02 8.7710e-04 ] 1.9871e-01
 1.700e+00 8.0474e-01 8.0474e-01 [ 6.4772e-01 8.2221e-02 3.8107e-02 3.5796e-02 8.9663e-04 ] 1.9526e-01
 1.813e+00 8.0672e-01 8.0672e-01 [ 6.4207e-01 8.6389e-02 3.9991e-02 3.7350e-02 9.1614e-04 ] 1.9328e-01
 1.927e+00 8.0787e-01 8.0787e-01 [ 6.3572e-01 9.0513e-02 4.1846e-02 3.8852e-02 9.3587e-04 ] 1.9213e-01
 2.040e+00 8.0855e-01 8.0855e-01 [ 6.2896e-01 9.4623e-02 4.3687e-02 4.0318e-02 9.5591e-04 ] 1.9145e-01
 2.153e+00 8.0895e-01 8.0895e-01 [ 6.2196e-01 9.8735e-02 4.5522e-02 4.1755e-02 9.7620e-04 ] 1.9105e-01
 2.267e+00 8.0920e-01 8.0920e-01 [ 6.1482e-01 1.0286e-01 4.7355e-02 4.3170e-02 9.9669e-04 ] 1.9080e-01
 2.380e+00 8.0937e-01 8.0937e-01 [ 6.0759e-01 1.0701e-01 4.9189e-02 4.4564e-02 1.0173e-03 ] 1.9063e-01
 2.493e+00 8.0948e-01 8.0948e-01 [ 6.0030e-01 1.1117e-01 5.1025e-02 4.5941e-02 1.0380e-03 ] 1.9052e-01
 2.607e+00 8.0956e-01 8.0956e-01 [ 5.9297e-01 1.1536e-01 5.2865e-02 4.7301e-02 1.0588e-03 ] 1.9044e-01
 2.720e+00 8.0961e-01 8.0961e-01 [ 5.8561e-01 1.1957e-01 5.4708e-02 4.8647e-02 1.0795e-03 ] 1.9039e-01
 2.833e+00 8.0966e-01 8.0966e-01 [ 5.7822e-01 1.2380e-01 5.6555e-02 4.9978e-02 1.1003e-03 ] 1.9034e-01
 2.947e+00 8.0969e-01 8.0969e-01 [ 5.7081e-01 1.2806e-01 5.8406e-02 5.1295e-02 1.1211e-03 ] 1.9031e-01
 3.060e+00 8.0972e-01 8.0972e-01 [ 5.6338e-01 1.3233e-01 6.0261e-02 5.2600e-02 1.1418e-03 ] 1.9028e-01
 3.173e+00 8.0974e-01 8.0974e-01 [ 5.5593e-01 1.3663e-01 6.2120e-02 5.3893e-02 1.1626e-03 ] 1.9026e-01
 3.287e+00 8.0975e-01 8.0975e-01 [ 5.4847e-01 1.4094e-01 6.3983e-02 5.5174e-02 1.1835e-03 ] 1.9025e-01
 3.400e+00 8.0976e-01 8.0976e-01 [ 5.4098e-01 1.4528e-01 6.5850e-02 5.6446e-02 1.2043e-03 ] 1.9024e-01
 3.513e+00 8.0977e-01 8.0977e-01 [ 5.3349e-01 1.4963e-01 6.7723e-02 5.7707e-02 1.2252e-03 ] 1.9023e-01
 3.627e+00 8.0977e-01 8.0977e-01 [ 5.2597e-01 1.5399e-01 6.9600e-02 5.8960e-02 1.2461e-03 ] 1.9023e-01
 3.740e+00 8.0976e-01 8.0976e-01 [ 5.1844e-01 1.5837e-01 7.1482e-02 6.0205e-02 1.2671e-03 ] 1.9024e-01
 3.853e+00 8.0976e-01 8.0976e-01 [ 5.1090e-01 1.6276e-01 7.3370e-02 6.1443e-02 1.2882e-03 ] 1.9024e-01
 3.967e+00 8.0975e-01 8.0975e-01 [ 5.0334e-01 1.6716e-01 7.5263e-02 6.2674e-02 1.3093e-03 ] 1.9025e-01
 4.080e+00 8.0973e-01 8.0973e-01 [ 4.9577e-01 1.7157e-01 7.7163e-02 6.3901e-02 1.3305e-03 ] 1.9027e-01
 4.193e+00 8.0972e-01 8.0972e-01 [ 4.8819e-01 1.7599e-01 7.9069e-02 6.5122e-02 1.3519e-03 ] 1.9028e-01
 4.307e+00 8.0969e-01 8.0969e-01 [ 4.8059e-01 1.8041e-01 8.0981e-02 6.6340e-02 1.3733e-03 ] 1.9031e-01
 4.420e+00 8.0967e-01 8.0967e-01 [ 4.7298e-01 1.8484e-01 8.2902e-02 6.7555e-02 1.3949e-03 ] 1.9033e-01
 4.533e+00 8.0964e-01 8.0964e-01 [ 4.6537e-01 1.8927e-01 8.4829e-02 6.8767e-02 1.4166e-03 ] 1.9036e-01
 4.647e+00 8.0962e-01 8.0962e-01 [ 4.5774e-01 1.9369e-01 8.6765e-02 6.9979e-02 1.4384e-03 ] 1.9038e-01
 4.760e+00 8.0958e-01 8.0958e-01 [ 4.5010e-01 1.9812e-01 8.8709e-02 7.1190e-02 1.4604e-03 ] 1.9042e-01
 4.873e+00 8.0955e-01 8.0955e-01 [ 4.4246e-01 2.0254e-01 9.0663e-02 7.2401e-02 1.4826e-03 ] 1.9045e-01
 4.987e+00 8.0951e-01 8.0951e-01 [ 4.3481e-01 2.0695e-01 9.2626e-02 7.3613e-02 1.5049e-03 ] 1.9049e-01
 5.100e+00 8.0947e-01 8.0947e-01 [ 4.2716e-01 2.1136e-01 9.4599e-02 7.4827e-02 1.5274e-03 ] 1.9053e-01
 5.213e+00 8.0943e-01 8.0943e-01 [ 4.1951e-01 2.1575e-01 9.6582e-02 7.6044e-02 1.5501e-03 ] 1.9057e-01
 5.327e+00 8.0939e-01 8.0939e-01 [ 4.1185e-01 2.2012e-01 9.8576e-02 7.7264e-02 1.5730e-03 ] 1.9061e-01
 5.440e+00 8.0934e-01 8.0934e-01 [ 4.0420e-01 2.2447e-01 1.0058e-01 7.8488e-02 1.5960e-03 ] 1.9066e-01
 5.553e+00 8.0929e-01 8.0929e-01 [ 3.9655e-01 2.2881e-01 1.0260e-01 7.9716e-02 1.6193e-03 ] 1.9071e-01
 5.667e+00 8.0924e-01 8.0924e-01 [ 3.8891e-01 2.3311e-01 1.0463e-01 8.0950e-02 1.6428e-03 ] 1.9076e-01
 5.780e+00 8.0919e-01 8.0919e-01 [ 3.8127e-01 2.3739e-01 1.0667e-01 8.2190e-02 1.6665e-03 ] 1.9081e-01
 5.893e+00 8.0914e-01 8.0914e-01 [ 3.7365e-01 2.4164e-01 1.0873e-01 8.3437e-02 1.6904e-03 ] 1.9086e-01
 6.007e+00 8.0908e-01 8.0908e-01 [ 3.6603e-01 2.4585e-01 1.1080e-01 8.4691e-02 1.7146e-03 ] 1.9092e-01
 6.120e+00 8.0902e-01 8.0902e-01 [ 3.5843e-01 2.5002e-01 1.1288e-01 8.5953e-02 1.7390e-03 ] 1.9098e-01
 6.233e+00 8.0896e-01 8.0896e-01 [ 3.5085e-01 2.5414e-01 1.1498e-01 8.7223e-02 1.7637e-03 ] 1.9104e-01
 6.347e+00 8.0890e-01 8.0890e-01 [ 3.4329e-01 2.5822e-01 1.1709e-01 8.8503e-02 1.7886e-03 ] 1.9110e-01
 6.460e+00 8.0884e-01 8.0884e-01 [ 3.3576e-01 2.6225e-01 1.1922e-01 8.9792e-02 1.8138e-03 ] 1.9116e-01
 6.573e+00 8.0878e-01 8.0878e-01 [ 3.2825e-01 2.6623e-01 1.2137e-01 9.1092e-02 1.8392e-03 ] 1.9122e-01
 6.687e+00 8.0871e-01 8.0871e-01 [ 3.2077e-01 2.7014e-01 1.2353e-01 9.2402e-02 1.8650e-03 ] 1.9129e-01
 6.800e+00 8.0864e-01 8.0864e-01 [ 3.1333e-01 2.7400e-01 1.2571e-01 9.3724e-02 1.8910e-03 ] 1.9136e-01
 6.913e+00 8.0857e-01 8.0857e-01 [ 3.0592e-01 2.7778e-01 1.2790e-01 9.5057e-02 1.9173e-03 ] 1.9143e-01
 7.027e+00 8.0850e-01 8.0850e-01 [ 2.9855e-01 2.8150e-01 1.3011e-01 9.6403e-02 1.9439e-03 ] 1.9150e-01
 7.140e+00 8.0843e-01 8.0843e-01 [ 2.9122e-01 2.8513e-01 1.3235e-01 9.7762e-02 1.9708e-03 ] 1.9157e-01
 7.253e+00 8.0836e-01 8.0836e-01 [ 2.8394e-01 2.8869e-01 1.3459e-01 9.9134e-02 1.9981e-03 ] 1.9164e-01
 7.367e+00 8.0829e-01 8.0829e-01 [ 2.7671e-01 2.9217e-01 1.3686e-01 1.0052e-01 2.0256e-03 ] 1.9172e-01
 7.480e+00 8.0821e-01 8.0821e-01 [ 2.6953e-01 2.9555e-01 1.3915e-01 1.0192e-01 2.0535e-03 ] 1.9179e-01
 7.593e+00 8.0813e-01 8.0813e-01 [ 2.6241e-01 2.9885e-01 1.4145e-01 1.0334e-01 2.0817e-03 ] 1.9187e-01
 7.707e+00 8.0805e-01 8.0805e-01 [ 2.5535e-01 3.0205e-01 1.4378e-01 1.0477e-01 2.1102e-03 ] 1.9195e-01
 7.820e+00 8.0797e-01 8.0797e-01 [ 2.4835e-01 3.0515e-01 1.4612e-01 1.0621e-01 2.1391e-03 ] 1.9203e-01
 7.933e+00 8.0789e-01 8.0789e-01 [ 2.4142e-01 3.0814e-01 1.4849e-01 1.0767e-01 2.1684e-03 ] 1.9211e-01
 8.047e+00 8.0781e-01 8.0781e-01 [ 2.3456e-01 3.1102e-01 1.5087e-01 1.0915e-01 2.1980e-03 ] 1.9219e-01
 8.160e+00 8.0773e-01 8.0773e-01 [ 2.2778e-01 3.1380e-01 1.5327e-01 1.1065e-01 2.2280e-03 ] 1.9227e-01
 8.273e+00 8.0764e-01 8.0764e-01 [ 2.2107e-01 3.1645e-01 1.5570e-01 1.1216e-01 2.2584e-03 ] 1.9236e-01
 8.387e+00 8.0756e-01 8.0756e-01 [ 2.1444e-01 3.1899e-01 1.5814e-01 1.1370e-01 2.2891e-03 ] 1.9244e-01
 8.500e+00 8.0747e-01 8.0747e-01 [ 2.0789e-01 3.2140e-01 1.6061e-01 1.1525e-01 2.3203e-03 ] 1.9253e-01
 8.613e+00 8.0738e-01 8.0738e-01 [ 2.0143e-01 3.2369e-01 1.6309e-01 1.1682e-01 2.3518e-03 ] 1.9262e-01
 8.727e+00 8.0729e-01 8.0729e-01 [ 1.9506e-01 3.2585e-01 1.6559e-01 1.1840e-01 2.3838e-03 ] 1.9271e-01
 8.840e+00 8.0720e-01 8.0720e-01 [ 1.8879e-01 3.2787e-01 1.6812e-01 1.2001e-01 2.4162e-03 ] 1.9280e-01
 8.953e+00 8.0711e-01 8.0711e-01 [ 1.8260e-01 3.2975e-01 1.7066e-01 1.2164e-01 2.4490e-03 ] 1.9289e-01
 9.067e+00 8.0702e-01 8.0702e-01 [ 1.7652e-01 3.3150e-01 1.7322e-01 1.2329e-01 2.4823e-03 ] 1.9298e-01
 9.180e+00 8.0692e-01 8.0692e-01 [ 1.7054e-01 3.3310e-01 1.7580e-01 1.2496e-01 2.5160e-03 ] 1.9308e-01
 9.293e+00 8.0683e-01 8.0683e-01 [ 1.6466e-01 3.3456e-01 1.7840e-01 1.2666e-01 2.5501e-03 ] 1.9317e-01
 9.407e+00 8.0673e-01 8.0673e-01 [ 1.5888e-01 3.3587e-01 1.8102e-01 1.2837e-01 2.5848e-03 ] 1.9327e-01
 9.520e+00 8.0663e-01 8.0663e-01 [ 1.5321e-01 3.3703e-01 1.8366e-01 1.3011e-01 2.6199e-03 ] 1.9337e-01
 9.633e+00 8.0653e-01 8.0653e-01 [ 1.4765e-01 3.3804e-01 1.8632e-01 1.3187e-01 2.6555e-03 ] 1.9347e-01
 9.747e+00 8.0643e-01 8.0643e-01 [ 1.4220e-01 3.3890e-01 1.8899e-01 1.3366e-01 2.6916e-03 ] 1.9357e-01
 9.860e+00 8.0633e-01 8.0633e-01 [ 1.3687e-01 3.3960e-01 1.9168e-01 1.3546e-01 2.7281e-03 ] 1.9367e-01
 9.973e+00 8.0623e-01 8.0623e-01 [ 1.3165e-01 3.4014e-01 1.9438e-01 1.3730e-01 2.7653e-03 ] 1.9377e-01
 1.009e+01 8.0613e-01 8.0613e-01 [ 1.2654e-01 3.4052e-01 1.9710e-01 1.3916e-01 2.8029e-03 ] 1.9387e-01
 1.020e+01 8.0602e-01 8.0602e-01 [ 1.2156e-01 3.4075e-01 1.9983e-01 1.4104e-01 2.8411e-03 ] 1.9398e-01
 1.031e+01 8.0592e-01 8.0592e-01 [ 1.1669e-01 3.4081e-01 2.0258e-01 1.4295e-01 2.8798e-03 ] 1.9408e-01
 1.043e+01 8.0581e-01 8.0581e-01 [ 1.1194e-01 3.4072e-01 2.0534e-01 1.4489e-01 2.9191e-03 ] 1.9419e-01
 1.054e+01 8.0570e-01 8.0570e-01 [ 1.0731e-01 3.4046e-01 2.0811e-01 1.4686e-01 2.9589e-03 ] 1.9430e-01
 1.065e+01 8.0559e-01 8.0559e-01 [ 1.0280e-01 3.4005e-01 2.1089e-01 1.4885e-01 2.9994e-03 ] 1.9441e-01
 1.077e+01 8.0548e-01 8.0548e-01 [ 9.8411e-02 3.3947e-01 2.1368e-01 1.5088e-01 3.0404e-03 ] 1.9452e-01
 1.088e+01 8.0537e-01 8.0537e-01 [ 9.4143e-02 3.3873e-01 2.1648e-01 1.5293e-01 3.0820e-03 ] 1.9463e-01
 1.099e+01 8.0526e-01 8.0526e-01 [ 8.9996e-02 3.3784e-01 2.1929e-01 1.5501e-01 3.1243e-03 ] 1.9474e-01
 1.111e+01 8.0515e-01 8.0515e-01 [ 8.5969e-02 3.3678e-01 2.2210e-01 1.5713e-01 3.1672e-03 ] 1.9485e-01
 1.122e+01 8.0503e-01 8.0503e-01 [ 8.2064e-02 3.3557e-01 2.2492e-01 1.5927e-01 3.2107e-03 ] 1.9497e-01
 1.133e+01 8.0492e-01 8.0492e-01 [ 7.8278e-02 3.3420e-01 2.2773e-01 1.6145e-01 3.2549e-03 ] 1.9508e-01
 1.145e+01 8.0480e-01 8.0480e-01 [ 7.4612e-02 3.3267e-01 2.3055e-01 1.6366e-01 3.2998e-03 ] 1.9520e-01
 1.156e+01 8.0468e-01 8.0468e-01 [ 7.1064e-02 3.3099e-01 2.3337e-01 1.6591e-01 3.3453e-03 ] 1.9532e-01
 1.167e+01 8.0456e-01 8.0456e-01 [ 6.7635e-02 3.2916e-01 2.3619e-01 1.6819e-01 3.3915e-03 ] 1.9544e-01
 1.179e+01 8.0444e-01 8.0444e-01 [ 6.4321e-02 3.2718e-01 2.3900e-01 1.7050e-01 3.4384e-03 ] 1.9556e-01
 1.190e+01 8.0432e-01 8.0432e-01 [ 6.1124e-02 3.2505e-01 2.4180e-01 1.7285e-01 3.4861e-03 ] 1.9568e-01
 1.201e+01 8.0420e-01 8.0420e-01 [ 5.8040e-02 3.2278e-01 2.4460e-01 1.7524e-01 3.5345e-03 ] 1.9581e-01
 1.213e+01 8.0407e-01 8.0407e-01 [ 5.5069e-02 3.2037e-01 2.4739e-01 1.7766e-01 3.5836e-03 ] 1.9593e-01
 1.224e+01 8.0395e-01 8.0395e-01 [ 5.2209e-02 3.1781e-01 2.5016e-01 1.8013e-01 3.6335e-03 ] 1.9605e-01
 1.235e+01 8.0382e-01 8.0382e-01 [ 4.9458e-02 3.1512e-01 2.5292e-01 1.8263e-01 3.6841e-03 ] 1.9618e-01
 1.247e+01 8.0369e-01 8.0369e-01 [ 4.6815e-02 3.1230e-01 2.5566e-01 1.8517e-01 3.7355e-03 ] 1.9631e-01
 1.258e+01 8.0356e-01 8.0356e-01 [ 4.4277e-02 3.0935e-01 2.5839e-01 1.8776e-01 3.7878e-03 ] 1.9644e-01
 1.269e+01 8.0343e-01 8.0343e-01 [ 4.1842e-02 3.0628e-01 2.6109e-01 1.9038e-01 3.8408e-03 ] 1.9657e-01
 1.281e+01 8.0330e-01 8.0330e-01 [ 3.9509e-02 3.0308e-01 2.6377e-01 1.9305e-01 3.8946e-03 ] 1.9670e-01
 1.292e+01 8.0317e-01 8.0317e-01 [ 3.7276e-02 2.9976e-01 2.6642e-01 1.9576e-01 3.9492e-03 ] 1.9683e-01
 1.303e+01 8.0303e-01 8.0303e-01 [ 3.5139e-02 2.9633e-01 2.6904e-01 1.9852e-01 4.0047e-03 ] 1.9697e-01
 1.315e+01 8.0290e-01 8.0290e-01 [ 3.3097e-02 2.9279e-01 2.7163e-01 2.0132e-01 4.0610e-03 ] 1.9710e-01
 1.326e+01 8.0276e-01 8.0276e-01 [ 3.1147e-02 2.8914e-01 2.7418e-01 2.0417e-01 4.1182e-03 ] 1.9724e-01
 1.337e+01 8.0262e-01 8.0262e-01 [ 2.9287e-02 2.8540e-01 2.7670e-01 2.0707e-01 4.1762e-03 ] 1.9738e-01
 1.349e+01 8.0248e-01 8.0248e-01 [ 2.7514e-02 2.8155e-01 2.7917e-01 2.1001e-01 4.2351e-03 ] 1.9752e-01
 1.360e+01 8.0234e-01 8.0234e-01 [ 2.5826e-02 2.7762e-01 2.8160e-01 2.1300e-01 4.2949e-03 ] 1.9766e-01
 1.371e+01 8.0220e-01 8.0220e-01 [ 2.4221e-02 2.7359e-01 2.8399e-01 2.1604e-01 4.3555e-03 ] 1.9780e-01
 1.383e+01 8.0206e-01 8.0206e-01 [ 2.2695e-02 2.6948e-01 2.8632e-01 2.1914e-01 4.4170e-03 ] 1.9794e-01
 1.394e+01 8.0191e-01 8.0191e-01 [ 2.1246e-02 2.6530e-01 2.8860e-01 2.2228e-01 4.4794e-03 ] 1.9809e-01
 1.405e+01 8.0177e-01 8.0177e-01 [ 1.9872e-02 2.6104e-01 2.9083e-01 2.2548e-01 4.5427e-03 ] 1.9823e-01
 1.417e+01 8.0162e-01 8.0162e-01 [ 1.8570e-02 2.5671e-01 2.9300e-01 2.2873e-01 4.6068e-03 ] 1.9838e-01
 1.428e+01 8.0147e-01 8.0147e-01 [ 1.7338e-02 2.5232e-01 2.9510e-01 2.3203e-01 4.6719e-03 ] 1.9853e-01
 1.439e+01 8.0132e-01 8.0132e-01 [ 1.6172e-02 2.4787e-01 2.9715e-01 2.3539e-01 4.7378e-03 ] 1.9868e-01
 1.451e+01 8.0117e-01 8.0117e-01 [ 1.5071e-02 2.4337e-01 2.9912e-01 2.3880e-01 4.8046e-03 ] 1.9883e-01
 1.462e+01 8.0102e-01 8.0102e-01 [ 1.4032e-02 2.3882e-01 3.0102e-01 2.4227e-01 4.8722e-03 ] 1.9898e-01
 1.473e+01 8.0086e-01 8.0086e-01 [ 1.3052e-02 2.3422e-01 3.0285e-01 2.4580e-01 4.9407e-03 ] 1.9914e-01
 1.485e+01 8.0071e-01 8.0071e-01 [ 1.2129e-02 2.2959e-01 3.0460e-01 2.4938e-01 5.0101e-03 ] 1.9929e-01
 1.496e+01 8.0055e-01 8.0055e-01 [ 1.1260e-02 2.2492e-01 3.0628e-01 2.5302e-01 5.0803e-03 ] 1.9945e-01
 1.507e+01 8.0039e-01 8.0039e-01 [ 1.0444e-02 2.2022e-01 3.0787e-01 2.5671e-01 5.1513e-03 ] 1.9961e-01
 1.519e+01 8.0023e-01 8.0023e-01 [ 9.6773e-03 2.1550e-01 3.0937e-01 2.6046e-01 5.2231e-03 ] 1.9977e-01
 1.530e+01 8.0007e-01 8.0007e-01 [ 8.9581e-03 2.1076e-01 3.1079e-01 2.6427e-01 5.2957e-03 ] 1.9993e-01
 1.541e+01 7.9991e-01 7.9991e-01 [ 8.2842e-03 2.0600e-01 3.1212e-01 2.6814e-01 5.3690e-03 ] 2.0009e-01
 1.553e+01 7.9975e-01 7.9975e-01 [ 7.6533e-03 2.0124e-01 3.1335e-01 2.7206e-01 5.4431e-03 ] 2.0025e-01
 1.564e+01 7.9959e-01 7.9959e-01 [ 7.0633e-03 1.9647e-01 3.1449e-01 2.7605e-01 5.5178e-03 ] 2.0041e-01
 1.575e+01 7.9942e-01 7.9942e-01 [ 6.5122e-03 1.9170e-01 3.1553e-01 2.8008e-01 5.5932e-03 ] 2.0058e-01
 1.587e+01 7.9925e-01 7.9925e-01 [ 5.9980e-03 1.8694e-01 3.1647e-01 2.8418e-01 5.6693e-03 ] 2.0075e-01
 1.598e+01 7.9909e-01 7.9909e-01 [ 5.5187e-03 1.8218e-01 3.1732e-01 2.8833e-01 5.7459e-03 ] 2.0091e-01
 1.609e+01 7.9892e-01 7.9892e-01 [ 5.0724e-03 1.7744e-01 3.1805e-01 2.9253e-01 5.8230e-03 ] 2.0108e-01
 1.621e+01 7.9875e-01 7.9875e-01 [ 4.6573e-03 1.7272e-01 3.1869e-01 2.9678e-01 5.9007e-03 ] 2.0125e-01
 1.632e+01 7.9858e-01 7.9858e-01 [ 4.2716e-03 1.6802e-01 3.1922e-01 3.0109e-01 5.9787e-03 ] 2.0142e-01
 1.643e+01 7.9841e-01 7.9841e-01 [ 3.9137e-03 1.6335e-01 3.1964e-01 3.0545e-01 6.0572e-03 ] 2.0159e-01
 1.655e+01 7.9824e-01 7.9824e-01 [ 3.5819e-03 1.5871e-01 3.1996e-01 3.0985e-01 6.1359e-03 ] 2.0176e-01
 1.666e+01 7.9806e-01 7.9806e-01 [ 3.2746e-03 1.5411e-01 3.2017e-01 3.1430e-01 6.2149e-03 ] 2.0194e-01
 1.677e+01 7.9789e-01 7.9789e-01 [ 2.9905e-03 1.4954e-01 3.2027e-01 3.1880e-01 6.2941e-03 ] 2.0211e-01
 1.689e+01 7.9772e-01 7.9772e-01 [ 2.7279e-03 1.4502e-01 3.2026e-01 3.2333e-01 6.3734e-03 ] 2.0228e-01
 1.700e+01 7.9754e-01 7.9754e-01 [ 2.4857e-03 1.4055e-01 3.2015e-01 3.2790e-01 6.4527e-03 ] 2.0246e-01
 1.711e+01 7.9737e-01 7.9737e-01 [ 2.2624e-03 1.3614e-01 3.1993e-01 3.3251e-01 6.5319e-03 ] 2.0263e-01
 1.723e+01 7.9720e-01 7.9720e-01 [ 2.0568e-03 1.3178e-01 3.1960e-01 3.3715e-01 6.6109e-03 ] 2.0280e-01
 1.734e+01 7.9702e-01 7.9702e-01 [ 1.8677e-03 1.2747e-01 3.1918e-01 3.4181e-01 6.6898e-03 ] 2.0298e-01
 1.745e+01 7.9685e-01 7.9685e-01 [ 1.6941e-03 1.2324e-01 3.1864e-01 3.4650e-01 6.7682e-03 ] 2.0315e-01
 1.757e+01 7.9667e-01 7.9667e-01 [ 1.5348e-03 1.1907e-01 3.1801e-01 3.5121e-01 6.8462e-03 ] 2.0333e-01
 1.768e+01 7.9650e-01 7.9650e-01 [ 1.3888e-03 1.1497e-01 3.1728e-01 3.5593e-01 6.9237e-03 ] 2.0350e-01
 1.779e+01 7.9633e-01 7.9633e-01 [ 1.2553e-03 1.1095e-01 3.1646e-01 3.6066e-01 7.0005e-03 ] 2.0367e-01
 1.791e+01 7.9616e-01 7.9616e-01 [ 1.1332e-03 1.0701e-01 3.1555e-01 3.6539e-01 7.0764e-03 ] 2.0384e-01
 1.802e+01 7.9599e-01 7.9599e-01 [ 1.0218e-03 1.0315e-01 3.1454e-01 3.7012e-01 7.1515e-03 ] 2.0401e-01
 1.813e+01 7.9582e-01 7.9582e-01 [ 9.2017e-04 9.9374e-02 3.1346e-01 3.7484e-01 7.2255e-03 ] 2.0418e-01
 1.825e+01 7.9565e-01 7.9565e-01 [ 8.2766e-04 9.5688e-02 3.1229e-01 3.7955e-01 7.2984e-03 ] 2.0435e-01
 1.836e+01 7.9549e-01 7.9549e-01 [ 7.4355e-04 9.2094e-02 3.1105e-01 3.8423e-01 7.3700e-03 ] 2.0451e-01
 1.847e+01 7.9532e-01 7.9532e-01 [ 6.6717e-04 8.8597e-02 3.0974e-01 3.8888e-01 7.4402e-03 ] 2.0468e-01
 1.859e+01 7.9516e-01 7.9516e-01 [ 5.9790e-04 8.5197e-02 3.0836e-01 3.9350e-01 7.5088e-03 ] 2.0484e-01
 1.870e+01 7.9500e-01 7.9500e-01 [ 5.3517e-04 8.1899e-02 3.0693e-01 3.9806e-01 7.5757e-03 ] 2.0500e-01
 1.881e+01 7.9485e-01 7.9485e-01 [ 4.7845e-04 7.8706e-02 3.0544e-01 4.0258e-01 7.6409e-03 ] 2.0515e-01
 1.893e+01 7.9469e-01 7.9469e-01 [ 4.2724e-04 7.5621e-02 3.0391e-01 4.0704e-01 7.7041e-03 ] 2.0531e-01
 1.904e+01 7.9454e-01 7.9454e-01 [ 3.8107e-04 7.2645e-02 3.0233e-01 4.1142e-01 7.7653e-03 ] 2.0546e-01
 1.915e+01 7.9439e-01 7.9439e-01 [ 3.3952e-04 6.9782e-02 3.0072e-01 4.1572e-01 7.8245e-03 ] 2.0561e-01
 1.927e+01 7.9423e-01 7.9423e-01 [ 3.0218e-04 6.7035e-02 2.9908e-01 4.1993e-01 7.8815e-03 ] 2.0577e-01
 1.938e+01 7.9406e-01 7.9406e-01 [ 2.6869e-04 6.4405e-02 2.9741e-01 4.2404e-01 7.9364e-03 ] 2.0594e-01
 1.949e+01 7.9388e-01 7.9388e-01 [ 2.3871e-04 6.1893e-02 2.9573e-01 4.2803e-01 7.9893e-03 ] 2.0612e-01
 1.961e+01 7.9366e-01 7.9366e-01 [ 2.1193e-04 5.9502e-02 2.9402e-01 4.3189e-01 8.0404e-03 ] 2.0634e-01
 1.972e+01 7.9338e-01 7.9338e-01 [ 1.8806e-04 5.7232e-02 2.9229e-01 4.3558e-01 8.0899e-03 ] 2.0662e-01
 1.983e+01 7.9300e-01 7.9300e-01 [ 1.6683e-04 5.5081e-02 2.9053e-01 4.3908e-01 8.1384e-03 ] 2.0700e-01
 1.995e+01 7.9242e-01 7.9242e-01 [ 1.4799e-04 5.3046e-02 2.8872e-01 4.4232e-01 8.1866e-03 ] 2.0758e-01
 2.006e+01 7.9153e-01 7.9153e-01 [ 1.3131e-04 5.1123e-02 2.8681e-01 4.4523e-01 8.2349e-03 ] 2.0847e-01
 2.017e+01 7.9009e-01 7.9009e-01 [ 1.1658e-04 4.9299e-02 2.8474e-01 4.4766e-01 8.2841e-03 ] 2.0991e-01
 2.029e+01 7.8774e-01 7.8774e-01 [ 1.0358e-04 4.7554e-02 2.8237e-01 4.4938e-01 8.3340e-03 ] 2.1226e-01
 2.040e+01 7.8387e-01 7.8387e-01 [ 9.2099e-05 4.5857e-02 2.7951e-01 4.5003e-01 8.3830e-03 ] 2.1613e-01
 2.051e+01 7.7750e-01 7.7750e-01 [ 8.1917e-05 4.4158e-02 2.7581e-01 4.4902e-01 8.4268e-03 ] 2.2250e-01
 2.063e+01 7.6711e-01 7.6711e-01 [ 7.2799e-05 4.2379e-02 2.7075e-01 4.4545e-01 8.4554e-03 ] 2.3289e-01
 2.074e+01 7.5054e-01 7.5054e-01 [ 6.4493e-05 4.0410e-02 2.6360e-01 4.3802e-01 8.4510e-03 ] 2.4946e-01
 2.085e+01 7.2495e-01 7.2495e-01 [ 5.6735e-05 3.8115e-02 2.5338e-01 4.2502e-01 8.3856e-03 ] 2.7505e-01
 2.097e+01 6.8731e-01 6.8731e-01 [ 4.9290e-05 3.5351e-02 2.3907e-01 4.0462e-01 8.2225e-03 ] 3.1269e-01
 2.108e+01 6.3544e-01 6.3544e-01 [ 4.2011e-05 3.2025e-02 2.1996e-01 3.7549e-01 7.9251e-03 ] 3.6456e-01
 2.119e+01 5.6950e-01 5.6950e-01 [ 3.4901e-05 2.8160e-02 1.9616e-01 3.3768e-01 7.4716e-03 ] 4.3050e-01
 2.131e+01 4.9284e-01 4.9284e-01 [ 2.8128e-05 2.3933e-02 1.6887e-01 2.9313e-01 6.8701e-03 ] 5.0716e-01
 2.142e+01 4.1145e-01 4.1145e-01 [ 2.1950e-05 1.9634e-02 1.4020e-01 2.4543e-01 6.1605e-03 ] 5.8855e-01
 2.153e+01 3.3209e-01 3.3209e-01 [ 1.6603e-05 1.5575e-02 1.1247e-01 1.9863e-01 5.4012e-03 ] 6.6791e-01
 2.165e+01 2.6024e-01 2.6024e-01 [ 1.2214e-05 1.1993e-02 8.7531e-02 1.5605e-01 4.6501e-03 ] 7.3977e-01
 2.176e+01 1.9904e-01 1.9904e-01 [ 8.7765e-06 9.0081e-03 6.6424e-02 1.1965e-01 3.9505e-03 ] 8.0096e-01
 2.187e+01 1.4938e-01 1.4938e-01 [ 6.1883e-06 6.6333e-03 4.9402e-02 9.0014e-02 3.3266e-03 ] 8.5062e-01
 2.199e+01 1.1055e-01 1.1055e-01 [ 4.2996e-06 4.8102e-03 3.6176e-02 6.6774e-02 2.7866e-03 ] 8.8945e-01
 2.210e+01 8.1009e-02 8.1009e-02 [ 2.9540e-06 3.4480e-03 2.6182e-02 4.9048e-02 2.3281e-03 ] 9.1899e-01
 2.221e+01 5.8976e-02 5.8976e-02 [ 2.0126e-06 2.4504e-03 1.8785e-02 3.5795e-02 1.9432e-03 ] 9.4103e-01
 2.233e+01 4.2773e-02 4.2773e-02 [ 1.3626e-06 1.7304e-03 1.3392e-02 2.6027e-02 1.6220e-03 ] 9.5723e-01
 2.244e+01 3.0971e-02 3.0971e-02 [ 9.1832e-07 1.2164e-03 9.5036e-03 1.8896e-02 1.3546e-03 ] 9.6903e-01
 2.255e+01 2.2429e-02 2.2429e-02 [ 6.1675e-07 8.5218e-04 6.7214e-03 1.3723e-02 1.1321e-03 ] 9.7757e-01
 2.267e+01 1.6269e-02 1.6269e-02 [ 4.1315e-07 5.9557e-04 4.7421e-03 9.9837e-03 9.4679e-04 ] 9.8373e-01
 2.278e+01 1.1833e-02 1.1833e-02 [ 2.7622e-07 4.1550e-04 3.3398e-03 7.2854e-03 7.9237e-04 ] 9.8817e-01
 2.289e+01 8.6405e-03 8.6405e-03 [ 1.8439e-07 2.8949e-04 2.3492e-03 5.3381e-03 6.6350e-04 ] 9.9136e-01
 2.301e+01 6.3393e-03 6.3393e-03 [ 1.2294e-07 2.0150e-04 1.6509e-03 3.9310e-03 5.5583e-04 ] 9.9366e-01
 2.312e+01 4.6771e-03 4.6771e-03 [ 8.1896e-08 1.4016e-04 1.1593e-03 2.9118e-03 4.6579e-04 ] 9.9532e-01
 2.323e+01 3.4726e-03 3.4726e-03 [ 5.4510e-08 9.7438e-05 8.1372e-04 2.1709e-03 3.9044e-04 ] 9.9653e-01
 2.335e+01 2.5961e-03 2.5961e-03 [ 3.6257e-08 6.7711e-05 5.7093e-04 1.6301e-03 3.2733e-04 ] 9.9740e-01
 2.346e+01 1.9552e-03 1.9552e-03 [ 2.4102e-08 4.7037e-05 4.0047e-04 1.2332e-03 2.7447e-04 ] 9.9804e-01
 2.357e+01 1.4840e-03 1.4840e-03 [ 1.6014e-08 3.2668e-05 2.8084e-04 9.4034e-04 2.3016e-04 ] 9.9852e-01
 2.369e+01 1.1354e-03 1.1354e-03 [ 1.0634e-08 2.2683e-05 1.9692e-04 7.2275e-04 1.9302e-04 ] 9.9886e-01
 2.380e+01 8.7565e-04 8.7565e-04 [ 7.0589e-09 1.5748e-05 1.3805e-04 5.5997e-04 1.6188e-04 ] 9.9912e-01
 2.391e+01 6.8074e-04 6.8074e-04 [ 4.6835e-09 1.0931e-05 9.6773e-05 4.3727e-04 1.3576e-04 ] 9.9932e-01
 2.403e+01 5.3334e-04 5.3334e-04 [ 3.1062e-09 7.5866e-06 6.7831e-05 3.4405e-04 1.1387e-04 ] 9.9947e-01
 2.414e+01 4.2097e-04 4.2097e-04 [ 2.0593e-09 5.2649e-06 4.7541e-05 2.7267e-04 9.5500e-05 ] 9.9958e-01
 2.425e+01 3.3463e-04 3.3463e-04 [ 1.3646e-09 3.6532e-06 3.3318e-05 2.1756e-04 8.0098e-05 ] 9.9967e-01
 2.437e+01 2.6774e-04 2.6774e-04 [ 9.0397e-10 2.5347e-06 2.3349e-05 1.7467e-04 6.7179e-05 ] 9.9973e-01
 2.448e+01 2.1551e-04 2.1551e-04 [ 5.9859e-10 1.7585e-06 1.6362e-05 1.4104e-04 5.6344e-05 ] 9.9978e-01
 2.459e+01 1.7442e-04 1.7442e-04 [ 3.9621e-10 1.2199e-06 1.1465e-05 1.1447e-04 4.7257e-05 ] 9.9983e-01
 2.471e+01 1.4185e-04 1.4185e-04 [ 2.6216e-10 8.4614e-07 8.0336e-06 9.3335e-05 3.9635e-05 ] 9.9986e-01
 2.482e+01 1.1587e-04 1.1587e-04 [ 1.7340e-10 5.8687e-07 5.6289e-06 7.6407e-05 3.3242e-05 ] 9.9988e-01
 2.493e+01 9.5003e-05 9.5003e-05 [ 1.1464e-10 4.0701e-07 3.9438e-06 6.2772e-05 2.7880e-05 ] 9.9990e-01
 2.505e+01 7.8157e-05 7.8157e-05 [ 7.5767e-11 2.8225e-07 2.7631e-06 5.1728e-05 2.3383e-05 ] 9.9992e-01
 2.516e+01 6.4484e-05 6.4484e-05 [ 5.0056e-11 1.9572e-07 1.9358e-06 4.2742e-05 1.9611e-05 ] 9.9994e-01
 2.527e+01 5.3336e-05 5.3336e-05 [ 3.3057e-11 1.3570e-07 1.3561e-06 3.5397e-05 1.6448e-05 ] 9.9995e-01
 2.539e+01 4.4210e-05 4.4210e-05 [ 2.1823e-11 9.4084e-08 9.5004e-07 2.9371e-05 1.3795e-05 ] 9.9996e-01
 2.550e+01 3.6712e-05 3.6712e-05 [ 1.4401e-11 6.5224e-08 6.6552e-07 2.4412e-05 1.1569e-05 ] 9.9996e-01
 2.561e+01 3.0534e-05 3.0534e-05 [ 9.4991e-12 4.5213e-08 4.6620e-07 2.0319e-05 9.7028e-06 ] 9.9997e-01
 2.573e+01 2.5428e-05 2.5428e-05 [ 6.2636e-12 3.1340e-08 3.2656e-07 1.6933e-05 8.1375e-06 ] 9.9997e-01
 2.584e+01 2.1200e-05 2.1200e-05 [ 4.1285e-12 2.1721e-08 2.2874e-07 1.4125e-05 6.8246e-06 ] 9.9998e-01
 2.595e+01 1.7692e-05 1.7692e-05 [ 2.7201e-12 1.5054e-08 1.6022e-07 1.1793e-05 5.7236e-06 ] 9.9998e-01
 2.607e+01 1.4775e-05 1.4775e-05 [ 1.7915e-12 1.0432e-08 1.1222e-07 9.8527e-06 4.8001e-06 ] 9.9999e-01
 2.618e+01 1.2348e-05 1.2348e-05 [ 1.1794e-12 7.2289e-09 7.8596e-08 8.2367e-06 4.0256e-06 ] 9.9999e-01
 2.629e+01 1.0325e-05 1.0325e-05 [ 7.7619e-13 5.0088e-09 5.5046e-08 6.8892e-06 3.3761e-06 ] 9.9999e-01
 2.641e+01 8.6379e-06 8.6379e-06 [ 5.1060e-13 3.4702e-09 3.8551e-08 5.7646e-06 2.8313e-06 ] 9.9999e-01
 2.652e+01 7.2291e-06 7.2291e-06 [ 3.3576e-13 2.4041e-09 2.6999e-08 4.8253e-06 2.3744e-06 ] 9.9999e-01
 2.663e+01 6.0520e-06 6.0520e-06 [ 2.2069e-13 1.6654e-09 1.8907e-08 4.0402e-06 1.9913e-06 ] 9.9999e-01
 2.675e+01 5.0680e-06 5.0680e-06 [ 1.4501e-13 1.1535e-09 1.3240e-08 3.3836e-06 1.6699e-06 ] 9.9999e-01
 2.686e+01 4.2449e-06 4.2449e-06 [ 9.5237e-14 7.9896e-10 9.2718e-09 2.8344e-06 1.4005e-06 ] 1.0000e+00
 2.697e+01 3.5561e-06 3.5561e-06 [ 6.2525e-14 5.5333e-10 6.4925e-09 2.3747e-06 1.1744e-06 ] 1.0000e+00
 2.709e+01 2.9796e-06 2.9796e-06 [ 4.1032e-14 3.8318e-10 4.5461e-09 1.9898e-06 9.8490e-07 ] 1.0000e+00
 2.720e+01 2.4969e-06 2.4969e-06 [ 2.6916e-14 2.6533e-10 3.1832e-09 1.6675e-06 8.2595e-07 ] 1.0000e+00
 2.731e+01 2.0926e-06 2.0926e-06 [ 1.7649e-14 1.8371e-10 2.2288e-09 1.3975e-06 6.9264e-07 ] 1.0000e+00
 2.743e+01 1.7539e-06 1.7539e-06 [ 1.1568e-14 1.2719e-10 1.5605e-09 1.1714e-06 5.8085e-07 ] 1.0000e+00
 2.754e+01 1.4701e-06 1.4701e-06 [ 7.5790e-15 8.8053e-11 1.0926e-09 9.8186e-07 4.8709e-07 ] 1.0000e+00
 2.765e+01 1.2324e-06 1.2324e-06 [ 4.9635e-15 6.0953e-11 7.6491e-10 8.2306e-07 4.0847e-07 ] 1.0000e+00
 2.777e+01 1.0331e-06 1.0331e-06 [ 3.2493e-15 4.2190e-11 5.3551e-10 6.8997e-07 3.4254e-07 ] 1.0000e+00
 2.788e+01 8.6607e-07 8.6607e-07 [ 2.1262e-15 2.9200e-11 3.7489e-10 5.7843e-07 2.8724e-07 ] 1.0000e+00
 2.799e+01 7.2608e-07 7.2608e-07 [ 1.3907e-15 2.0208e-11 2.6244e-10 4.8493e-07 2.4087e-07 ] 1.0000e+00
 2.811e+01 6.0873e-07 6.0873e-07 [ 9.0924e-16 1.3984e-11 1.8371e-10 4.0655e-07 2.0199e-07 ] 1.0000e+00
 2.822e+01 5.1036e-07 5.1036e-07 [ 5.9422e-16 9.6761e-12 1.2860e-10 3.4084e-07 1.6938e-07 ] 1.0000e+00
 2.833e+01 4.2789e-07 4.2789e-07 [ 3.8817e-16 6.6947e-12 9.0018e-11 2.8576e-07 1.4203e-07 ] 1.0000e+00
 2.845e+01 3.5876e-07 3.5876e-07 [ 2.5347e-16 4.6316e-12 6.3009e-11 2.3959e-07 1.1910e-07 ] 1.0000e+00
 2.856e+01 3.0079e-07 3.0079e-07 [ 1.6544e-16 3.2040e-12 4.4102e-11 2.0087e-07 9.9873e-08 ] 1.0000e+00
 2.867e+01 2.5219e-07 2.5219e-07 [ 1.0793e-16 2.2162e-12 3.0868e-11 1.6841e-07 8.3748e-08 ] 1.0000e+00
 2.879e+01 2.1145e-07 2.1145e-07 [ 7.0388e-17 1.5328e-12 2.1604e-11 1.4120e-07 7.0226e-08 ] 1.0000e+00
 2.890e+01 1.7729e-07 1.7729e-07 [ 4.5883e-17 1.0601e-12 1.5120e-11 1.1839e-07 5.8886e-08 ] 1.0000e+00
 2.901e+01 1.4865e-07 1.4865e-07 [ 2.9896e-17 7.3309e-13 1.0582e-11 9.9257e-08 4.9378e-08 ] 1.0000e+00
 2.913e+01 1.2463e-07 1.2463e-07 [ 1.9471e-17 5.0691e-13 7.4053e-12 8.3219e-08 4.1404e-08 ] 1.0000e+00
 2.924e+01 1.0450e-07 1.0450e-07 [ 1.2676e-17 3.5048e-13 5.1822e-12 6.9772e-08 3.4718e-08 ] 1.0000e+00
 2.935e+01 8.7613e-08 8.7613e-08 [ 8.2482e-18 2.4231e-13 3.6264e-12 5.8498e-08 2.9111e-08 ] 1.0000e+00
 2.947e+01 7.3458e-08 7.3458e-08 [ 5.3649e-18 1.6750e-13 2.5376e-12 4.9045e-08 2.4410e-08 ] 1.0000e+00
 2.958e+01 6.1589e-08 6.1589e-08 [ 3.4880e-18 1.1578e-13 1.7757e-12 4.1120e-08 2.0468e-08 ] 1.0000e+00
 2.969e+01 5.1638e-08 5.1638e-08 [ 2.2667e-18 8.0026e-14 1.2425e-12 3.4475e-08 1.7162e-08 ] 1.0000e+00
 2.981e+01 4.3295e-08 4.3295e-08 [ 1.4724e-18 5.5306e-14 8.6933e-13 2.8904e-08 1.4390e-08 ] 1.0000e+00
 2.992e+01 3.6299e-08 3.6299e-08 [ 9.5598e-19 3.8219e-14 6.0825e-13 2.4233e-08 1.2066e-08 ] 1.0000e+00
 3.003e+01 3.0434e-08 3.0434e-08 [ 6.2042e-19 2.6409e-14 4.2556e-13 2.0316e-08 1.0117e-08 ] 1.0000e+00
 3.015e+01 2.5516e-08 2.5516e-08 [ 4.0246e-19 1.8246e-14 2.9773e-13 1.7033e-08 8.4826e-09 ] 1.0000e+00
 3.026e+01 2.1393e-08 2.1393e-08 [ 2.6096e-19 1.2606e-14 2.0830e-13 1.4280e-08 7.1124e-09 ] 1.0000e+00
 3.037e+01 1.7936e-08 1.7936e-08 [ 1.6913e-19 8.7078e-15 1.4572e-13 1.1972e-08 5.9634e-09 ] 1.0000e+00
 3.049e+01 1.5037e-08 1.5037e-08 [ 1.0957e-19 6.0147e-15 1.0194e-13 1.0037e-08 5.0001e-09 ] 1.0000e+00
 3.060e+01 1.2607e-08 1.2607e-08 [ 7.0947e-20 4.1542e-15 7.1312e-14 8.4145e-09 4.1923e-09 ] 1.0000e+00
 3.071e+01 1.0569e-08 1.0569e-08 [ 4.5919e-20 2.8689e-15 4.9885e-14 7.0543e-09 3.5150e-09 ] 1.0000e+00
 3.083e+01 8.8611e-09 8.8611e-09 [ 2.9706e-20 1.9811e-15 3.4895e-14 5.9140e-09 2.9471e-09 ] 1.0000e+00
 3.094e+01 7.4289e-09 7.4289e-09 [ 1.9209e-20 1.3679e-15 2.4409e-14 4.9580e-09 2.4709e-09 ] 1.0000e+00
 3.105e+01 6.2281e-09 6.2281e-09 [ 1.2415e-20 9.4438e-16 1.7073e-14 4.1564e-09 2.0717e-09 ] 1.0000e+00
 3.117e+01 5.2214e-09 5.2214e-09 [ 8.0209e-21 6.5194e-16 1.1942e-14 3.4845e-09 1.7369e-09 ] 1.0000e+00
 3.128e+01 4.3774e-09 4.3774e-09 [ 5.1794e-21 4.5002e-16 8.3530e-15 2.9211e-09 1.4563e-09 ] 1.0000e+00
 3.139e+01 3.6698e-09 3.6698e-09 [ 3.3430e-21 3.1061e-16 5.8424e-15 2.4488e-09 1.2209e-09 ] 1.0000e+00
 3.151e+01 3.0765e-09 3.0765e-09 [ 2.1567e-21 2.1436e-16 4.0864e-15 2.0529e-09 1.0236e-09 ] 1.0000e+00
 3.162e+01 2.5792e-09 2.5792e-09 [ 1.3907e-21 1.4793e-16 2.8581e-15 1.7209e-09 8.5821e-10 ] 1.0000e+00
 3.173e+01 2.1622e-09 2.1622e-09 [ 8.9635e-22 1.0207e-16 1.9991e-15 1.4427e-09 7.1951e-10 ] 1.0000e+00
 3.185e+01 1.8126e-09 1.8126e-09 [ 5.7745e-22 7.0423e-17 1.3982e-15 1.2094e-09 6.0322e-10 ] 1.0000e+00
 3.196e+01 1.5195e-09 1.5195e-09 [ 3.7183e-22 4.8583e-17 9.7798e-16 1.0138e-09 5.0573e-10 ] 1.0000e+00
 3.207e+01 1.2738e-09 1.2738e-09 [ 2.3932e-22 3.3513e-17 6.8406e-16 8.4985e-10 4.2399e-10 ] 1.0000e+00
 3.219e+01 1.0679e-09 1.0679e-09 [ 1.5396e-22 2.3115e-17 4.7849e-16 7.1241e-10 3.5545e-10 ] 1.0000e+00
 3.230e+01 8.9518e-10 8.9518e-10 [ 9.8996e-23 1.5942e-17 3.3471e-16 5.9719e-10 2.9800e-10 ] 1.0000e+00
 3.241e+01 7.5042e-10 7.5042e-10 [ 6.3625e-23 1.0993e-17 2.3415e-16 5.0060e-10 2.4983e-10 ] 1.0000e+00
 3.253e+01 6.2907e-10 6.2907e-10 [ 4.0872e-23 7.5802e-18 1.6382e-16 4.1963e-10 2.0944e-10 ] 1.0000e+00
 3.264e+01 5.2733e-10 5.2733e-10 [ 2.6243e-23 5.2262e-18 1.1463e-16 3.5175e-10 1.7558e-10 ] 1.0000e+00
 3.275e+01 4.4205e-10 4.4205e-10 [ 1.6842e-23 3.6029e-18 8.0215e-17 2.9485e-10 1.4720e-10 ] 1.0000e+00
 3.287e+01 3.7055e-10 3.7055e-10 [ 1.0804e-23 2.4835e-18 5.6144e-17 2.4715e-10 1.2340e-10 ] 1.0000e+00
 3.298e+01 3.1062e-10 3.1062e-10 [ 6.9268e-24 1.7118e-18 3.9304e-17 2.0717e-10 1.0345e-10 ] 1.0000e+00
 3.309e+01 2.6038e-10 2.6038e-10 [ 4.4390e-24 1.1797e-18 2.7522e-17 1.7365e-10 8.6720e-11 ] 1.0000e+00
 3.321e+01 2.1826e-10 2.1826e-10 [ 2.8433e-24 8.1294e-19 1.9278e-17 1.4556e-10 7.2698e-11 ] 1.0000e+00
 3.332e+01 1.8295e-10 1.8295e-10 [ 1.8203e-24 5.6014e-19 1.3509e-17 1.2201e-10 6.0943e-11 ] 1.0000e+00
 3.343e+01 1.5336e-10 1.5336e-10 [ 1.1648e-24 3.8591e-19 9.4701e-18 1.0227e-10 5.1088e-11 ] 1.0000e+00
 3.355e+01 1.2855e-10 1.2855e-10 [ 7.4502e-25 2.6585e-19 6.6425e-18 8.5720e-11 4.2826e-11 ] 1.0000e+00
 3.366e+01 1.0775e-10 1.0775e-10 [ 4.7627e-25 1.8312e-19 4.6623e-18 7.1849e-11 3.5900e-11 ] 1.0000e+00
 3.377e+01 9.0316e-11 9.0316e-11 [ 3.0432e-25 1.2612e-19 3.2749e-18 6.0222e-11 3.0094e-11 ] 1.0000e+00
 3.389e+01 7.5703e-11 7.5703e-11 [ 1.9435e-25 8.6857e-20 2.3025e-18 5.0476e-11 2.5227e-11 ] 1.0000e+00
 3.400e+01 6.3454e-11 6.3454e-11 [ 1.2406e-25 5.9809e-20 1.6207e-18 4.2307e-11 2.1147e-11 ] 1.0000e+00
 3.411e+01 5.3186e-11 5.3186e-11 [ 7.9152e-26 4.1180e-20 1.1422e-18 3.5460e-11 1.7726e-11 ] 1.0000e+00
 3.423e+01 4.4580e-11 4.4580e-11 [ 5.0474e-26 2.8350e-20 8.0626e-19 2.9721e-11 1.4859e-11 ] 1.0000e+00
 3.434e+01 3.7366e-11 3.7366e-11 [ 3.2171e-26 1.9515e-20 5.7015e-19 2.4910e-11 1.2455e-11 ] 1.0000e+00
 3.445e+01 3.1319e-11 3.1319e-11 [ 2.0495e-26 1.3432e-20 4.0404e-19 2.0878e-11 1.0441e-11 ] 1.0000e+00
 3.457e+01 2.6250e-11 2.6250e-11 [ 1.3050e-26 9.2442e-21 2.8704e-19 1.7498e-11 8.7515e-12 ] 1.0000e+00
 3.468e+01 2.2001e-11 2.2001e-11 [ 8.3051e-27 6.3613e-21 2.0450e-19 1.4666e-11 7.3357e-12 ] 1.0000e+00
 3.479e+01 1.8440e-11 1.8440e-11 [ 5.2828e-27 4.3770e-21 1.4618e-19 1.2292e-11 6.1489e-12 ] 1.0000e+00
 3.491e+01 1.5456e-11 1.5456e-11 [ 3.3587e-27 3.0113e-21 1.0488e-19 1.0302e-11 5.1540e-12 ] 1.0000e+00
 3.502e+01 1.2954e-11 1.2954e-11 [ 2.1343e-27 2.0715e-21 7.5573e-20 8.6337e-12 4.3201e-12 ] 1.0000e+00
 3.513e+01 1.0857e-11 1.0857e-11 [ 1.3555e-27 1.4248e-21 5.4717e-20 7.2358e-12 3.6211e-12 ] 1.0000e+00
 3.525e+01 9.0993e-12 9.0993e-12 [ 8.6050e-28 9.7994e-22 3.9829e-20 6.0642e-12 3.0351e-12 ] 1.0000e+00
 3.536e+01 7.6262e-12 7.6262e-12 [ 5.4597e-28 6.7388e-22 2.9163e-20 5.0823e-12 2.5440e-12 ] 1.0000e+00
 3.547e+01 6.3915e-12 6.3915e-12 [ 3.4623e-28 4.6335e-22 2.1490e-20 4.2593e-12 2.1323e-12 ] 1.0000e+00
 3.559e+01 5.3567e-12 5.3567e-12 [ 2.1946e-28 3.1856e-22 1.5946e-20 3.5695e-12 1.7872e-12 ] 1.0000e+00
 3.570e+01 4.4894e-12 4.4894e-12 [ 1.3903e-28 2.1899e-22 1.1918e-20 2.9914e-12 1.4979e-12 ] 1.0000e+00
 3.581e+01 3.7624e-12 3.7624e-12 [ 8.8029e-29 1.5053e-22 8.9753e-21 2.5069e-12 1.2555e-12 ] 1.0000e+00
 3.593e+01 3.1532e-12 3.1532e-12 [ 5.5710e-29 1.0345e-22 6.8123e-21 2.1009e-12 1.0523e-12 ] 1.0000e+00
 3.604e+01 2.6426e-12 2.6426e-12 [ 3.5238e-29 7.1092e-23 5.2115e-21 1.7606e-12 8.8195e-13 ] 1.0000e+00
 3.615e+01 2.2146e-12 2.2146e-12 [ 2.2278e-29 4.8848e-23 4.0184e-21 1.4754e-12 7.3918e-13 ] 1.0000e+00
 3.627e+01 1.8559e-12 1.8559e-12 [ 1.4077e-29 3.3560e-23 3.1224e-21 1.2364e-12 6.1952e-13 ] 1.0000e+00
 3.638e+01 1.5554e-12 1.5554e-12 [ 8.8902e-30 2.3054e-23 2.4443e-21 1.0361e-12 5.1923e-13 ] 1.0000e+00
 3.649e+01 1.3034e-12 1.3034e-12 [ 5.6117e-30 1.5835e-23 1.9270e-21 8.6827e-13 4.3517e-13 ] 1.0000e+00
 3.661e+01 1.0923e-12 1.0923e-12 [ 3.5403e-30 1.0875e-23 1.5293e-21 7.2760e-13 3.6471e-13 ] 1.0000e+00
 3.672e+01 9.1537e-13 9.1537e-13 [ 2.2324e-30 7.4682e-24 1.2212e-21 6.0971e-13 3.0566e-13 ] 1.0000e+00
 3.683e+01 7.6709e-13 7.6709e-13 [ 1.4069e-30 5.1278e-24 9.8056e-22 5.1092e-13 2.5617e-13 ] 1.0000e+00
 3.695e+01 6.4282e-13 6.4282e-13 [ 8.8623e-31 3.5204e-24 7.9135e-22 4.2813e-13 2.1469e-13 ] 1.0000e+00
 3.706e+01 5.3868e-13 5.3868e-13 [ 5.5794e-31 2.4166e-24 6.4154e-22 3.5876e-13 1.7992e-13 ] 1.0000e+00
 3.717e+01 4.5140e-13 4.5140e-13 [ 3.5108e-31 1.6587e-24 5.2216e-22 3.0062e-13 1.5079e-13 ] 1.0000e+00
 3.729e+01 3.7826e-13 3.7826e-13 [ 2.2080e-31 1.1383e-24 4.2649e-22 2.5190e-13 1.2637e-13 ] 1.0000e+00
 3.740e+01 3.1697e-13 3.1697e-13 [ 1.3879e-31 7.8110e-25 3.4942e-22 2.1107e-13 1.0590e-13 ] 1.0000e+00
 3.751e+01 2.6561e-13 2.6561e-13 [ 8.7192e-32 5.3592e-25 2.8702e-22 1.7686e-13 8.8747e-14 ] 1.0000e+00
 3.763e+01 2.2257e-13 2.2257e-13 [ 5.4748e-32 3.6765e-25 2.3631e-22 1.4820e-13 7.4373e-14 ] 1.0000e+00
 3.774e+01 1.8650e-13 1.8650e-13 [ 3.4359e-32 2.5219e-25 1.9493e-22 1.2417e-13 6.2326e-14 ] 1.0000e+00
 3.785e+01 1.5627e-13 1.5627e-13 [ 2.1551e-32 1.7296e-25 1.6106e-22 1.0404e-13 5.2230e-14 ] 1.0000e+00
 3.797e+01 1.3095e-13 1.3095e-13 [ 1.3511e-32 1.1861e-25 1.3326e-22 8.7178e-14 4.3769e-14 ] 1.0000e+00
 3.808e+01 1.0972e-13 1.0972e-13 [ 8.4655e-33 8.1328e-26 1.1039e-22 7.3044e-14 3.6678e-14 ] 1.0000e+00
 3.819e+01 9.1937e-14 9.1937e-14 [ 5.3014e-33 5.5757e-26 9.1536e-23 6.1202e-14 3.0735e-14 ] 1.0000e+00
 3.831e+01 7.7034e-14 7.7034e-14 [ 3.3182e-33 3.8221e-26 7.5963e-23 5.1278e-14 2.5756e-14 ] 1.0000e+00
 3.842e+01 6.4546e-14 6.4546e-14 [ 2.0758e-33 2.6197e-26 6.3082e-23 4.2964e-14 2.1582e-14 ] 1.0000e+00
 3.853e+01 5.4082e-14 5.4082e-14 [ 1.2978e-33 1.7953e-26 5.2415e-23 3.5997e-14 1.8085e-14 ] 1.0000e+00
 3.865e+01 4.5314e-14 4.5314e-14 [ 8.1101e-34 1.2302e-26 4.3572e-23 3.0159e-14 1.5155e-14 ] 1.0000e+00
 3.876e+01 3.7967e-14 3.7967e-14 [ 5.0653e-34 8.4287e-27 3.6234e-23 2.5268e-14 1.2699e-14 ] 1.0000e+00
 3.887e+01 3.1811e-14 3.1811e-14 [ 3.1619e-34 5.7741e-27 3.0140e-23 2.1170e-14 1.0641e-14 ] 1.0000e+00
 3.899e+01 2.6653e-14 2.6653e-14 [ 1.9727e-34 3.9550e-27 2.5077e-23 1.7737e-14 8.9162e-15 ] 1.0000e+00
 3.910e+01 2.2331e-14 2.2331e-14 [ 1.2300e-34 2.7086e-27 2.0869e-23 1.4860e-14 7.4711e-15 ] 1.0000e+00
 3.921e+01 1.8709e-14 1.8709e-14 [ 7.6658e-35 1.8548e-27 1.7369e-23 1.2449e-14 6.2601e-15 ] 1.0000e+00
 3.933e+01 1.5675e-14 1.5675e-14 [ 4.7748e-35 1.2699e-27 1.4457e-23 1.0430e-14 5.2453e-15 ] 1.0000e+00
 3.944e+01 1.3133e-14 1.3133e-14 [ 2.9725e-35 8.6939e-28 1.2034e-23 8.7378e-15 4.3950e-15 ] 1.0000e+00
 3.955e+01 1.1003e-14 1.1003e-14 [ 1.8495e-35 5.9509e-28 1.0018e-23 7.3202e-15 3.6825e-15 ] 1.0000e+00
 3.967e+01 9.2180e-15 9.2180e-15 [ 1.1501e-35 4.0728e-28 8.3390e-24 6.1325e-15 3.0855e-15 ] 1.0000e+00
 3.978e+01 7.7227e-15 7.7227e-15 [ 7.1482e-36 2.7871e-28 6.9415e-24 5.1375e-15 2.5853e-15 ] 1.0000e+00
 3.989e+01 6.4699e-15 6.4699e-15 [ 4.4403e-36 1.9069e-28 5.7780e-24 4.3038e-15 2.1661e-15 ] 1.0000e+00
 4.001e+01 5.4203e-15 5.4203e-15 [ 2.7567e-36 1.3046e-28 4.8093e-24 3.6054e-15 1.8149e-15 ] 1.0000e+00
 4.012e+01 4.5409e-15 4.5409e-15 [ 1.7106e-36 8.9236e-29 4.0027e-24 3.0203e-15 1.5206e-15 ] 1.0000e+00
 4.023e+01 3.8041e-15 3.8041e-15 [ 1.0608e-36 6.1031e-29 3.3311e-24 2.5301e-15 1.2740e-15 ] 1.0000e+00
 4.035e+01 3.1869e-15 3.1869e-15 [ 6.5752e-37 4.1735e-29 2.7719e-24 2.1195e-15 1.0674e-15 ] 1.0000e+00
 4.046e+01 2.6697e-15 2.6697e-15 [ 4.0732e-37 2.8536e-29 2.3063e-24 1.7755e-15 8.9427e-16 ] 1.0000e+00
 4.057e+01 2.2365e-15 2.2365e-15 [ 2.5219e-37 1.9508e-29 1.9187e-24 1.4873e-15 7.4922e-16 ] 1.0000e+00
 4.069e+01 1.8735e-15 1.8735e-15 [ 1.5605e-37 1.3335e-29 1.5960e-24 1.2458e-15 6.2770e-16 ] 1.0000e+00
 4.080e+01 1.5695e-15 1.5695e-15 [ 9.6512e-38 9.1135e-30 1.3274e-24 1.0436e-15 5.2588e-16 ] 1.0000e+00
 4.091e+01 1.3147e-15 1.3147e-15 [ 5.9655e-38 6.2277e-30 1.1039e-24 8.7416e-16 4.4057e-16 ] 1.0000e+00
 4.103e+01 1.1013e-15 1.1013e-15 [ 3.6853e-38 4.2550e-30 9.1783e-25 7.3223e-16 3.6910e-16 ] 1.0000e+00
 4.114e+01 9.2255e-16 9.2255e-16 [ 2.2754e-38 2.9068e-30 7.6300e-25 6.1334e-16 3.0921e-16 ] 1.0000e+00
 4.125e+01 7.7279e-16 7.7279e-16 [ 1.4042e-38 1.9855e-30 6.3418e-25 5.1374e-16 2.5905e-16 ] 1.0000e+00
 4.137e+01 6.4733e-16 6.4733e-16 [ 8.6601e-39 1.3560e-30 5.2701e-25 4.3032e-16 2.1701e-16 ] 1.0000e+00
 4.148e+01 5.4223e-16 5.4223e-16 [ 5.3381e-39 9.2595e-31 4.3786e-25 3.6043e-16 1.8180e-16 ] 1.0000e+00
 4.159e+01 4.5419e-16 4.5419e-16 [ 3.2886e-39 6.3219e-31 3.6372e-25 3.0189e-16 1.5230e-16 ] 1.0000e+00
 4.171e+01 3.8044e-16 3.8044e-16 [ 2.0249e-39 4.3157e-31 3.0206e-25 2.5286e-16 1.2758e-16 ] 1.0000e+00
 4.182e+01 3.1866e-16 3.1866e-16 [ 1.2461e-39 2.9457e-31 2.5080e-25 2.1179e-16 1.0688e-16 ] 1.0000e+00
 4.193e+01 2.6691e-16 2.6691e-16 [ 7.6637e-40 2.0103e-31 2.0819e-25 1.7738e-16 8.9530e-17 ] 1.0000e+00
 4.205e+01 2.2357e-16 2.2357e-16 [ 4.7108e-40 1.3717e-31 1.7278e-25 1.4857e-16 7.4998e-17 ] 1.0000e+00
 4.216e+01 1.8725e-16 1.8725e-16 [ 2.8941e-40 9.3584e-32 1.4336e-25 1.2443e-16 6.2824e-17 ] 1.0000e+00
 4.227e+01 1.5684e-16 1.5684e-16 [ 1.7770e-40 6.3838e-32 1.1891e-25 1.0421e-16 5.2626e-17 ] 1.0000e+00
 4.239e+01 1.3136e-16 1.3136e-16 [ 1.0905e-40 4.3540e-32 9.8604e-26 8.7281e-17 4.4082e-17 ] 1.0000e+00
 4.250e+01 1.1002e-16 1.1002e-16 [ 6.6879e-41 2.9692e-32 8.1743e-26 7.3098e-17 3.6925e-17 ] 1.0000e+00
 4.261e+01 9.2149e-17 9.2149e-17 [ 4.0995e-41 2.0245e-32 6.7745e-26 6.1219e-17 3.0930e-17 ] 1.0000e+00
 4.273e+01 7.7178e-17 7.7178e-17 [ 2.5115e-41 1.3802e-32 5.6126e-26 5.1270e-17 2.5908e-17 ] 1.0000e+00
 4.284e+01 6.4638e-17 6.4638e-17 [ 1.5377e-41 9.4078e-33 4.6485e-26 4.2937e-17 2.1701e-17 ] 1.0000e+00
 4.295e+01 5.4135e-17 5.4135e-17 [ 9.4101e-42 6.4118e-33 3.8487e-26 3.5958e-17 1.8177e-17 ] 1.0000e+00
 4.307e+01 4.5338e-17 4.5338e-17 [ 5.7552e-42 4.3692e-33 3.1853e-26 3.0113e-17 1.5225e-17 ] 1.0000e+00
 4.318e+01 3.7970e-17 3.7970e-17 [ 3.5179e-42 2.9769e-33 2.6354e-26 2.5218e-17 1.2752e-17 ] 1.0000e+00
 4.329e+01 3.1799e-17 3.1799e-17 [ 2.1491e-42 2.0279e-33 2.1796e-26 2.1118e-17 1.0681e-17 ] 1.0000e+00
 4.341e+01 2.6631e-17 2.6631e-17 [ 1.3122e-42 1.3813e-33 1.8019e-26 1.7685e-17 8.9460e-18 ] 1.0000e+00
 4.352e+01 2.2302e-17 2.2302e-17 [ 8.0070e-43 9.4070e-34 1.4890e-26 1.4809e-17 7.4928e-18 ] 1.0000e+00
 4.363e+01 1.8676e-17 1.8676e-17 [ 4.8833e-43 6.4055e-34 1.2299e-26 1.2401e-17 6.2756e-18 ] 1.0000e+00
 4.375e+01 1.5640e-17 1.5640e-17 [ 2.9765e-43 4.3611e-34 1.0155e-26 1.0384e-17 5.2560e-18 ] 1.0000e+00
 4.386e+01 1.3097e-17 1.3097e-17 [ 1.8132e-43 2.9688e-34 8.3806e-27 8.6953e-18 4.4021e-18 ] 1.0000e+00
 4.397e+01 1.0968e-17 1.0968e-17 [ 1.1040e-43 2.0207e-34 6.9129e-27 7.2810e-18 3.6868e-18 ] 1.0000e+00
 4.409e+01 9.1843e-18 9.1843e-18 [ 6.7177e-44 1.3752e-34 5.6995e-27 6.0966e-18 3.0877e-18 ] 1.0000e+00
 4.420e+01 7.6907e-18 7.6907e-18 [ 4.0854e-44 9.3580e-35 4.6966e-27 5.1048e-18 2.5859e-18 ] 1.0000e+00
 4.431e+01 6.4399e-18 6.4399e-18 [ 2.4831e-44 6.3671e-35 3.8681e-27 4.2742e-18 2.1657e-18 ] 1.0000e+00
 4.443e+01 5.3925e-18 5.3925e-18 [ 1.5084e-44 4.3316e-35 3.1839e-27 3.5787e-18 1.8137e-18 ] 1.0000e+00
 4.454e+01 4.5153e-18 4.5153e-18 [ 9.1577e-45 2.9465e-35 2.6193e-27 2.9964e-18 1.5189e-18 ] 1.0000e+00
 4.465e+01 3.7807e-18 3.7807e-18 [ 5.5566e-45 2.0041e-35 2.1535e-27 2.5087e-18 1.2720e-18 ] 1.0000e+00
 4.477e+01 3.1655e-18 3.1655e-18 [ 3.3697e-45 1.3630e-35 1.7694e-27 2.1003e-18 1.0652e-18 ] 1.0000e+00
 4.488e+01 2.6504e-18 2.6504e-18 [ 2.0423e-45 9.2692e-36 1.4528e-27 1.7584e-18 8.9206e-19 ] 1.0000e+00
 4.499e+01 2.2191e-18 2.2191e-18 [ 1.2371e-45 6.3031e-36 1.1921e-27 1.4721e-18 7.4703e-19 ] 1.0000e+00
 4.511e+01 1.8579e-18 1.8579e-18 [ 7.4893e-46 4.2859e-36 9.7747e-28 1.2323e-18 6.2557e-19 ] 1.0000e+00
 4.522e+01 1.5554e-18 1.5554e-18 [ 4.5314e-46 2.9142e-36 8.0088e-28 1.0316e-18 5.2385e-19 ] 1.0000e+00
 4.533e+01 1.3022e-18 1.3022e-18 [ 2.7401e-46 1.9815e-36 6.5568e-28 8.6350e-19 4.3867e-19 ] 1.0000e+00
 4.545e+01 1.0901e-18 1.0901e-18 [ 1.6560e-46 1.3473e-36 5.3637e-28 7.2277e-19 3.6733e-19 ] 1.0000e+00
 4.556e+01 9.1253e-19 9.1253e-19 [ 1.0003e-46 9.1614e-37 4.3840e-28 6.0494e-19 3.0759e-19 ] 1.0000e+00
 4.567e+01 7.6384e-19 7.6384e-19 [ 6.0383e-47 6.2299e-37 3.5801e-28 5.0628e-19 2.5756e-19 ] 1.0000e+00
 4.579e+01 6.3935e-19 6.3935e-19 [ 3.6430e-47 4.2370e-37 2.9208e-28 4.2368e-19 2.1566e-19 ] 1.0000e+00
 4.590e+01 5.3511e-19 5.3511e-19 [ 2.1967e-47 2.8820e-37 2.3806e-28 3.5453e-19 1.8058e-19 ] 1.0000e+00
 4.601e+01 4.4784e-19 4.4784e-19 [ 1.3238e-47 1.9607e-37 1.9383e-28 2.9663e-19 1.5121e-19 ] 1.0000e+00
 4.613e+01 3.7476e-19 3.7476e-19 [ 7.9730e-48 1.3342e-37 1.5765e-28 2.4816e-19 1.2660e-19 ] 1.0000e+00
 4.624e+01 3.1358e-19 3.1358e-19 [ 4.7993e-48 9.0821e-38 1.2808e-28 2.0757e-19 1.0601e-19 ] 1.0000e+00
 4.635e+01 2.6235e-19 2.6235e-19 [ 2.8872e-48 6.1844e-38 1.0393e-28 1.7360e-19 8.8756e-20 ] 1.0000e+00
 4.647e+01 2.1947e-19 2.1947e-19 [ 1.7359e-48 4.2131e-38 8.4222e-29 1.4515e-19 7.4313e-20 ] 1.0000e+00
 4.658e+01 1.8356e-19 1.8356e-19 [ 1.0431e-48 2.8716e-38 6.8162e-29 1.2134e-19 6.2219e-20 ] 1.0000e+00
 4.669e+01 1.5350e-19 1.5350e-19 [ 6.2646e-49 1.9584e-38 5.5085e-29 1.0140e-19 5.2092e-20 ] 1.0000e+00
 4.681e+01 1.2833e-19 1.2833e-19 [ 3.7601e-49 1.3365e-38 4.4450e-29 8.4715e-20 4.3612e-20 ] 1.0000e+00
 4.692e+01 1.0726e-19 1.0726e-19 [ 2.2555e-49 9.1282e-39 3.5810e-29 7.0744e-20 3.6512e-20 ] 1.0000e+00
 4.703e+01 8.9615e-20 8.9615e-20 [ 1.3522e-49 6.2398e-39 2.8799e-29 5.9048e-20 3.0567e-20 ] 1.0000e+00
 4.715e+01 7.4846e-20 7.4846e-20 [ 8.1018e-50 4.2694e-39 2.3117e-29 4.9257e-20 2.5590e-20 ] 1.0000e+00
 4.726e+01 6.2482e-20 6.2482e-20 [ 4.8513e-50 2.9243e-39 1.8519e-29 4.1060e-20 2.1421e-20 ] 1.0000e+00
 4.737e+01 5.2130e-20 5.2130e-20 [ 2.9031e-50 2.0052e-39 1.4803e-29 3.4198e-20 1.7931e-20 ] 1.0000e+00
 4.749e+01 4.3462e-20 4.3462e-20 [ 1.7362e-50 1.3767e-39 1.1805e-29 2.8453e-20 1.5009e-20 ] 1.0000e+00
 4.760e+01 3.6206e-20 3.6206e-20 [ 1.0376e-50 9.4630e-40 9.3899e-30 2.3644e-20 1.2562e-20 ] 1.0000e+00
 4.771e+01 3.0129e-20 3.0129e-20 [ 6.1973e-51 6.5130e-40 7.4474e-30 1.9617e-20 1.0512e-20 ] 1.0000e+00
 4.783e+01 2.5041e-20 2.5041e-20 [ 3.6986e-51 4.4882e-40 5.8881e-30 1.6246e-20 8.7954e-21 ] 1.0000e+00
 4.794e+01 2.0780e-20 2.0780e-20 [ 2.2056e-51 3.0964e-40 4.6388e-30 1.3423e-20 7.3572e-21 ] 1.0000e+00
 4.805e+01 1.7210e-20 1.7210e-20 [ 1.3140e-51 2.1383e-40 3.6400e-30 1.1058e-20 6.1520e-21 ] 1.0000e+00
 4.817e+01 1.4219e-20 1.4219e-20 [ 7.8208e-52 1.4777e-40 2.8433e-30 9.0777e-21 5.1414e-21 ] 1.0000e+00
 4.828e+01 1.1712e-20 1.1712e-20 [ 4.6489e-52 1.0215e-40 2.2093e-30 7.4187e-21 4.2934e-21 ] 1.0000e+00
 4.839e+01 9.6098e-21 9.6098e-21 [ 2.7592e-52 7.0585e-41 1.7060e-30 6.0288e-21 3.5810e-21 ] 1.0000e+00
 4.851e+01 7.8458e-21 7.8458e-21 [ 1.6344e-52 4.8715e-41 1.3078e-30 4.8645e-21 2.9813e-21 ] 1.0000e+00
 4.862e+01 6.3645e-21 6.3645e-21 [ 9.6561e-53 3.3537e-41 9.9362e-31 3.8893e-21 2.4752e-21 ] 1.0000e+00
 4.873e+01 5.1195e-21 5.1195e-21 [ 5.6847e-53 2.2989e-41 7.4665e-31 3.0734e-21 2.0462e-21 ] 1.0000e+00
 4.885e+01 4.0722e-21 4.0722e-21 [ 3.3299e-53 1.5651e-41 5.5331e-31 2.3918e-21 1.6804e-21 ] 1.0000e+00
 4.896e+01 3.1905e-21 3.1905e-21 [ 1.9364e-53 1.0542e-41 4.0271e-31 1.8244e-21 1.3661e-21 ] 1.0000e+00
 4.907e+01 2.4480e-21 2.4480e-21 [ 1.1137e-53 6.9862e-42 2.8615e-31 1.3547e-21 1.0933e-21 ] 1.0000e+00
 4.919e+01 1.8237e-21 1.8237e-21 [ 6.2954e-54 4.5156e-42 1.9671e-31 9.6971e-22 8.5400e-22 ] 1.0000e+00
 4.930e+01 1.3012e-21 1.3012e-21 [ 3.4594e-54 2.8071e-42 1.2895e-31 6.5898e-22 6.4217e-22 ] 1.0000e+00
 4.941e+01 8.6871e-22 8.6871e-22 [ 1.8101e-54 1.6381e-42 7.8645e-32 4.1444e-22 4.5428e-22 ] 1.0000e+00
 4.953e+01 5.1972e-22 5.1972e-22 [ 8.6425e-55 8.5659e-43 4.2582e-32 2.2999e-22 2.8973e-22 ] 1.0000e+00
 4.964e+01 2.5316e-22 2.5316e-22 [ 3.4018e-55 3.6113e-43 1.8410e-32 1.0124e-22 1.5192e-22 ] 1.0000e+00
 4.975e+01 7.4956e-23 7.4956e-23 [ 7.8913e-56 8.7445e-44 4.5261e-33 2.5191e-23 4.9765e-23 ] 1.0000e+00
 4.987e+01 0.0000e+00 0.0000e+00 [ 0.0000e+00 0.0000e+00 0.0000e+00 0.0000e+00 0.0000e+00 ] 1.0000e+00
