 0.000e+00 0.0000e+00 0.0000e+00 [ 0.0000e+00 0.0000e+00 0.0000e+00 0.0000e+00 0.0000e+00 ] 1.0000e+00
 1.133e-01 5.9186e-02 5.9186e-02 [ 5.7083e-02 1.0712e-03 5.0931e-04 4.9225e-04 3.0122e-05 ] 9.4081e-01
 2.267e-01 1.2937e-01 1.2937e-01 [ 1.2057e-01 4.4896e-03 2.1346e-03 2.0620e-03 1.1065e-04 ] 8.7063e-01
 3.400e-01 2.2193e-01 2.2193e-01 [ 2.0093e-01 1.0736e-02 5.1042e-03 4.9257e-03 2.3399e-04 ] 7.7807e-01
 4.533e-01 3.4122e-01 3.4122e-01 [ 3.0171e-01 2.0228e-02 9.6155e-03 9.2670e-03 3.9359e-04 ] 6.5878e-01
 5.667e-01 4.8206e-01 4.8206e-01 [ 4.1820e-01 3.2745e-02 1.5563e-02 1.4974e-02 5.7584e-04 ] 5.1794e-01
 6.800e-01 6.2539e-01 6.2539e-01 [ 5.3409e-01 4.6879e-02 2.2276e-02 2.1392e-02 7.5484e-04 ] 3.7461e-01
 7.933e-01 7.4474e-01 7.4474e-01 [ 6.2745e-01 6.0298e-02 2.8646e-02 2.7444e-02 8.9996e-04 ] 2.5526e-01
 9.067e-01 8.2380e-01 8.2380e-01 [ 6.8553e-01 7.1174e-02 3.3803e-02 3.2297e-02 9.9525e-04 ] 1.7620e-01
 1.020e+00 8.6624e-01 8.6624e-01 [ 7.1236e-01 7.9308e-02 3.7653e-02 3.5862e-02 1.0485e-03 ] 1.3377e-01
 1.133e+00 8.8585e-01 8.8585e-01 [ 7.2002e-01 8.5585e-02 4.0616e-02 3.8544e-02 1.0782e-03 ] 1.1415e-01
 1.247e+00 8.9420e-01 8.9420e-01 [ 7.1832e-01 9.0903e-02 4.3118e-02 4.0754e-02 1.0985e-03 ] 1.0580e-01
 1.360e+00 8.9762e-01 8.9762e-01 [ 7.1255e-01 9.5800e-02 4.5416e-02 4.2737e-02 1.1168e-03 ] 1.0238e-01
 1.473e+00 8.9902e-01 8.9902e-01 [ 7.0510e-01 1.0054e-01 4.7633e-02 4.4611e-02 1.1360e-03 ] 1.0098e-01
 1.587e+00 8.9959e-01 8.9959e-01 [ 6.9695e-01 1.0523e-01 4.9824e-02 4.6430e-02 1.1567e-03 ] 1.0041e-01
 1.700e+00 8.9983e-01 8.9983e-01 [ 6.8851e-01 1.0992e-01 5.2010e-02 4.8216e-02 1.1790e-03 ] 1.0017e-01
 1.813e+00 8.9995e-01 8.9995e-01 [ 6.7993e-01 1.1464e-01 5.4202e-02 4.9979e-02 1.2025e-03 ] 1.0005e-01
 1.927e+00 9.0000e-01 9.0000e-01 [ 6.7127e-01 1.1938e-01 5.6402e-02 5.1723e-02 1.2269e-03 ] 9.9997e-02
 2.040e+00 9.0004e-01 9.0004e-01 [ 6.6258e-01 1.2415e-01 5.8611e-02 5.3449e-02 1.2519e-03 ] 9.9963e-02
 2.153e+00 9.0006e-01 9.0006e-01 [ 6.5385e-01 1.2894e-01 6.0831e-02 5.5159e-02 1.2773e-03 ] 9.9938e-02
 2.267e+00 9.0008e-01 9.0008e-01 [ 6.4510e-01 1.3377e-01 6.3059e-02 5.6854e-02 1.3029e-03 ] 9.9919e-02
 2.380e+00 9.0010e-01 9.0010e-01 [ 6.3632e-01 1.3861e-01 6.5297e-02 5.8533e-02 1.3287e-03 ] 9.9904e-02
 2.493e+00 9.0011e-01 9.0011e-01 [ 6.2753e-01 1.4348e-01 6.7544e-02 6.0199e-02 1.3546e-03 ] 9.9891e-02
 2.607e+00 9.0012e-01 9.0012e-01 [ 6.1872e-01 1.4837e-01 6.9800e-02 6.1850e-02 1.3805e-03 ] 9.9881e-02
 2.720e+00 9.0013e-01 9.0013e-01 [ 6.0989e-01 1.5328e-01 7.2065e-02 6.3489e-02 1.4066e-03 ] 9.9872e-02
 2.833e+00 9.0013e-01 9.0013e-01 [ 6.0104e-01 1.5821e-01 7.4338e-02 6.5115e-02 1.4327e-03 ] 9.9866e-02
 2.947e+00 9.0014e-01 9.0014e-01 [ 5.9219e-01 1.6315e-01 7.6620e-02 6.6730e-02 1.4588e-03 ] 9.9861e-02
 3.060e+00 9.0014e-01 9.0014e-01 [ 5.8332e-01 1.6810e-01 7.8911e-02 6.8334e-02 1.4851e-03 ] 9.9858e-02
 3.173e+00 9.0014e-01 9.0014e-01 [ 5.7443e-01 1.7306e-01 8.1211e-02 6.9929e-02 1.5114e-03 ] 9.9856e-02
 3.287e+00 9.0014e-01 9.0014e-01 [ 5.6554e-01 1.7803e-01 8.3520e-02 7.1515e-02 1.5379e-03 ] 9.9856e-02
 3.400e+00 9.0014e-01 9.0014e-01 [ 5.5665e-01 1.8300e-01 8.5839e-02 7.3093e-02 1.5645e-03 ] 9.9858e-02
 3.513e+00 9.0014e-01 9.0014e-01 [ 5.4774e-01 1.8798e-01 8.8167e-02 7.4664e-02 1.5912e-03 ] 9.9861e-02
 3.627e+00 9.0014e-01 9.0014e-01 [ 5.3883e-01 1.9296e-01 9.0505e-02 7.6229e-02 1.6180e-03 ] 9.9866e-02
 3.740e+00 9.0013e-01 9.0013e-01 [ 5.2991e-01 1.9793e-01 9.2854e-02 7.7789e-02 1.6450e-03 ] 9.9871e-02
 3.853e+00 9.0012e-01 9.0012e-01 [ 5.2099e-01 2.0290e-01 9.5214e-02 7.9346e-02 1.6722e-03 ] 9.9879e-02
 3.967e+00 9.0011e-01 9.0011e-01 [ 5.1207e-01 2.0786e-01 9.7584e-02 8.0900e-02 1.6996e-03 ] 9.9887e-02
 4.080e+00 9.0010e-01 9.0010e-01 [ 5.0314e-01 2.1281e-01 9.9966e-02 8.2452e-02 1.7272e-03 ] 9.9897e-02
 4.193e+00 9.0009e-01 9.0009e-01 [ 4.9422e-01 2.1775e-01 1.0236e-01 8.4003e-02 1.7550e-03 ] 9.9908e-02
 4.307e+00 9.0008e-01 9.0008e-01 [ 4.8530e-01 2.2267e-01 1.0477e-01 8.5555e-02 1.7831e-03 ] 9.9920e-02
 4.420e+00 9.0007e-01 9.0007e-01 [ 4.7639e-01 2.2757e-01 1.0719e-01 8.7108e-02 1.8114e-03 ] 9.9933e-02
 4.533e+00 9.0005e-01 9.0005e-01 [ 4.6749e-01 2.3245e-01 1.0962e-01 8.8663e-02 1.8399e-03 ] 9.9947e-02
 4.647e+00 9.0004e-01 9.0004e-01 [ 4.5859e-01 2.3729e-01 1.1206e-01 9.0222e-02 1.8687e-03 ] 9.9962e-02
 4.760e+00 9.0002e-01 9.0002e-01 [ 4.4971e-01 2.4211e-01 1.1453e-01 9.1784e-02 1.8978e-03 ] 9.9978e-02
 4.873e+00 9.0001e-01 9.0001e-01 [ 4.4084e-01 2.4689e-01 1.1700e-01 9.3353e-02 1.9272e-03 ] 9.9995e-02
 4.987e+00 8.9999e-01 8.9999e-01 [ 4.3198e-01 2.5163e-01 1.1949e-01 9.4927e-02 1.9568e-03 ] 1.0001e-01
 5.100e+00 8.9997e-01 8.9997e-01 [ 4.2315e-01 2.5633e-01 1.2200e-01 9.6509e-02 1.9868e-03 ] 1.0003e-01
 5.213e+00 8.9995e-01 8.9995e-01 [ 4.1433e-01 2.6098e-01 1.2452e-01 9.8099e-02 2.0172e-03 ] 1.0005e-01
 5.327e+00 8.9993e-01 8.9993e-01 [ 4.0555e-01 2.6558e-01 1.2706e-01 9.9698e-02 2.0478e-03 ] 1.0007e-01
 5.440e+00 8.9991e-01 8.9991e-01 [ 3.9679e-01 2.7012e-01 1.2961e-01 1.0131e-01 2.0789e-03 ] 1.0009e-01
 5.553e+00 8.9988e-01 8.9988e-01 [ 3.8806e-01 2.7460e-01 1.3219e-01 1.0293e-01 2.1102e-03 ] 1.0012e-01
 5.667e+00 8.9986e-01 8.9986e-01 [ 3.7936e-01 2.7902e-01 1.3478e-01 1.0456e-01 2.1420e-03 ] 1.0014e-01
 5.780e+00 8.9984e-01 8.9984e-01 [ 3.7071e-01 2.8337e-01 1.3738e-01 1.0620e-01 2.1741e-03 ] 1.0016e-01
 5.893e+00 8.9981e-01 8.9981e-01 [ 3.6209e-01 2.8764e-01 1.4001e-01 1.0786e-01 2.2067e-03 ] 1.0019e-01
 6.007e+00 8.9979e-01 8.9979e-01 [ 3.5352e-01 2.9184e-01 1.4266e-01 1.0953e-01 2.2396e-03 ] 1.0021e-01
 6.120e+00 8.9976e-01 8.9976e-01 [ 3.4499e-01 2.9595e-01 1.4532e-01 1.1122e-01 2.2730e-03 ] 1.0024e-01
 6.233e+00 8.9974e-01 8.9974e-01 [ 3.3652e-01 2.9998e-01 1.4801e-01 1.1293e-01 2.3068e-03 ] 1.0027e-01
 6.347e+00 8.9971e-01 8.9971e-01 [ 3.2810e-01 3.0391e-01 1.5071e-01 1.1465e-01 2.3410e-03 ] 1.0029e-01
 6.460e+00 8.9968e-01 8.9968e-01 [ 3.1974e-01 3.0774e-01 1.5343e-01 1.1639e-01 2.3757e-03 ] 1.0032e-01
 6.573e+00 8.9965e-01 8.9965e-01 [ 3.1145e-01 3.1147e-01 1.5618e-01 1.1815e-01 2.4109e-03 ] 1.0035e-01
 6.687e+00 8.9962e-01 8.9962e-01 [ 3.0322e-01 3.1509e-01 1.5894e-01 1.1992e-01 2.4465e-03 ] 1.0038e-01
 6.800e+00 8.9959e-01 8.9959e-01 [ 2.9506e-01 3.1861e-01 1.6172e-01 1.2172e-01 2.4826e-03 ] 1.0041e-01
 6.913e+00 8.9956e-01 8.9956e-01 [ 2.8697e-01 3.2200e-01 1.6453e-01 1.2354e-01 2.5193e-03 ] 1.0044e-01
 7.027e+00 8.9953e-01 8.9953e-01 [ 2.7897e-01 3.2528e-01 1.6735e-01 1.2538e-01 2.5564e-03 ] 1.0047e-01
 7.140e+00 8.9950e-01 8.9950e-01 [ 2.7104e-01 3.2843e-01 1.7020e-01 1.2724e-01 2.5941e-03 ] 1.0050e-01
 7.253e+00 8.9947e-01 8.9947e-01 [ 2.6320e-01 3.3144e-01 1.7306e-01 1.2913e-01 2.6323e-03 ] 1.0053e-01
 7.367e+00 8.9943e-01 8.9943e-01 [ 2.5545e-01 3.3433e-01 1.7595e-01 1.3104e-01 2.6710e-03 ] 1.0057e-01
 7.480e+00 8.9940e-01 8.9940e-01 [ 2.4779e-01 3.3708e-01 1.7885e-01 1.3298e-01 2.7103e-03 ] 1.0060e-01
 7.593e+00 8.9937e-01 8.9937e-01 [ 2.4022e-01 3.3968e-01 1.8178e-01 1.3494e-01 2.7502e-03 ] 1.0063e-01
 7.707e+00 8.9933e-01 8.9933e-01 [ 2.3276e-01 3.4214e-01 1.8472e-01 1.3692e-01 2.7907e-03 ] 1.0067e-01
 7.820e+00 8.9930e-01 8.9930e-01 [ 2.2540e-01 3.4444e-01 1.8769e-01 1.3894e-01 2.8317e-03 ] 1.0070e-01
 7.933e+00 8.9926e-01 8.9926e-01 [ 2.1815e-01 3.4660e-01 1.9067e-01 1.4098e-01 2.8734e-03 ] 1.0074e-01
 8.047e+00 8.9923e-01 8.9923e-01 [ 2.1100e-01 3.4859e-01 1.9367e-01 1.4305e-01 2.9157e-03 ] 1.0077e-01
 8.160e+00 8.9919e-01 8.9919e-01 [ 2.0397e-01 3.5042e-01 1.9669e-01 1.4516e-01 2.9586e-03 ] 1.0081e-01
 8.273e+00 8.9915e-01 8.9915e-01 [ 1.9705e-01 3.5209e-01 1.9972e-01 1.4729e-01 3.0022e-03 ] 1.0085e-01
 8.387e+00 8.9912e-01 8.9912e-01 [ 1.9025e-01 3.5360e-01 2.0277e-01 1.4945e-01 3.0465e-03 ] 1.0088e-01
 8.500e+00 8.9908e-01 8.9908e-01 [ 1.8357e-01 3.5493e-01 2.0584e-01 1.5165e-01 3.0914e-03 ] 1.0092e-01
 8.613e+00 8.9904e-01 8.9904e-01 [ 1.7702e-01 3.5609e-01 2.0892e-01 1.5387e-01 3.1370e-03 ] 1.0096e-01
 8.727e+00 8.9900e-01 8.9900e-01 [ 1.7059e-01 3.5708e-01 2.1202e-01 1.5613e-01 3.1833e-03 ] 1.0100e-01
 8.840e+00 8.9896e-01 8.9896e-01 [ 1.6429e-01 3.5789e-01 2.1512e-01 1.5843e-01 3.2303e-03 ] 1.0104e-01
 8.953e+00 8.9892e-01 8.9892e-01 [ 1.5812e-01 3.5852e-01 2.1824e-01 1.6076e-01 3.2781e-03 ] 1.0108e-01
 9.067e+00 8.9888e-01 8.9888e-01 [ 1.5208e-01 3.5897e-01 2.2137e-01 1.6313e-01 3.3265e-03 ] 1.0112e-01
 9.180e+00 8.9884e-01 8.9884e-01 [ 1.4617e-01 3.5925e-01 2.2451e-01 1.6553e-01 3.3758e-03 ] 1.0116e-01
 9.293e+00 8.9880e-01 8.9880e-01 [ 1.4040e-01 3.5934e-01 2.2766e-01 1.6797e-01 3.4258e-03 ] 1.0120e-01
 9.407e+00 8.9876e-01 8.9876e-01 [ 1.3477e-01 3.5924e-01 2.3082e-01 1.7045e-01 3.4766e-03 ] 1.0124e-01
 9.520e+00 8.9872e-01 8.9872e-01 [ 1.2927e-01 3.5897e-01 2.3398e-01 1.7297e-01 3.5281e-03 ] 1.0128e-01
 9.633e+00 8.9867e-01 8.9867e-01 [ 1.2391e-01 3.5851e-01 2.3714e-01 1.7553e-01 3.5805e-03 ] 1.0133e-01
 9.747e+00 8.9863e-01 8.9863e-01 [ 1.1869e-01 3.5786e-01 2.4031e-01 1.7813e-01 3.6337e-03 ] 1.0137e-01
 9.860e+00 8.9859e-01 8.9859e-01 [ 1.1361e-01 3.5704e-01 2.4348e-01 1.8078e-01 3.6877e-03 ] 1.0141e-01
 9.973e+00 8.9854e-01 8.9854e-01 [ 1.0867e-01 3.5603e-01 2.4664e-01 1.8346e-01 3.7426e-03 ] 1.0146e-01
 1.009e+01 8.9850e-01 8.9850e-01 [ 1.0386e-01 3.5484e-01 2.4980e-01 1.8619e-01 3.7983e-03 ] 1.0150e-01
 1.020e+01 8.9845e-01 8.9845e-01 [ 9.9201e-02 3.5347e-01 2.5296e-01 1.8897e-01 3.8548e-03 ] 1.0155e-01
 1.031e+01 8.9841e-01 8.9841e-01 [ 9.4678e-02 3.5192e-01 2.5611e-01 1.9179e-01 3.9123e-03 ] 1.0159e-01
 1.043e+01 8.9836e-01 8.9836e-01 [ 9.0293e-02 3.5020e-01 2.5925e-01 1.9466e-01 3.9706e-03 ] 1.0164e-01
 1.054e+01 8.9832e-01 8.9832e-01 [ 8.6046e-02 3.4830e-01 2.6237e-01 1.9757e-01 4.0298e-03 ] 1.0168e-01
 1.065e+01 8.9827e-01 8.9827e-01 [ 8.1936e-02 3.4622e-01 2.6549e-01 2.0053e-01 4.0900e-03 ] 1.0173e-01
 1.077e+01 8.9822e-01 8.9822e-01 [ 7.7962e-02 3.4398e-01 2.6858e-01 2.0355e-01 4.1510e-03 ] 1.0178e-01
 1.088e+01 8.9818e-01 8.9818e-01 [ 7.4124e-02 3.4157e-01 2.7166e-01 2.0661e-01 4.2130e-03 ] 1.0183e-01
 1.099e+01 8.9813e-01 8.9813e-01 [ 7.0419e-02 3.3899e-01 2.7472e-01 2.0972e-01 4.2759e-03 ] 1.0187e-01
 1.111e+01 8.9808e-01 8.9808e-01 [ 6.6846e-02 3.3626e-01 2.7775e-01 2.1289e-01 4.3397e-03 ] 1.0192e-01
 1.122e+01 8.9803e-01 8.9803e-01 [ 6.3404e-02 3.3336e-01 2.8075e-01 2.1611e-01 4.4044e-03 ] 1.0197e-01
 1.133e+01 8.9798e-01 8.9798e-01 [ 6.0091e-02 3.3031e-01 2.8373e-01 2.1938e-01 4.4701e-03 ] 1.0202e-01
 1.145e+01 8.9793e-01 8.9793e-01 [ 5.6904e-02 3.2712e-01 2.8667e-01 2.2271e-01 4.5368e-03 ] 1.0207e-01
 1.156e+01 8.9788e-01 8.9788e-01 [ 5.3842e-02 3.2377e-01 2.8958e-01 2.2609e-01 4.6044e-03 ] 1.0212e-01
 1.167e+01 8.9783e-01 8.9783e-01 [ 5.0902e-02 3.2028e-01 2.9244e-01 2.2953e-01 4.6729e-03 ] 1.0217e-01
 1.179e+01 8.9778e-01 8.9778e-01 [ 4.8082e-02 3.1666e-01 2.9527e-01 2.3302e-01 4.7424e-03 ] 1.0222e-01
 1.190e+01 8.9772e-01 8.9772e-01 [ 4.5381e-02 3.1290e-01 2.9805e-01 2.3657e-01 4.8128e-03 ] 1.0228e-01
 1.201e+01 8.9767e-01 8.9767e-01 [ 4.2794e-02 3.0902e-01 3.0079e-01 2.4018e-01 4.8842e-03 ] 1.0233e-01
 1.213e+01 8.9762e-01 8.9762e-01 [ 4.0320e-02 3.0501e-01 3.0348e-01 2.4385e-01 4.9565e-03 ] 1.0238e-01
 1.224e+01 8.9757e-01 8.9757e-01 [ 3.7956e-02 3.0089e-01 3.0611e-01 2.4758e-01 5.0297e-03 ] 1.0243e-01
 1.235e+01 8.9751e-01 8.9751e-01 [ 3.5700e-02 2.9665e-01 3.0868e-01 2.5137e-01 5.1039e-03 ] 1.0249e-01
 1.247e+01 8.9746e-01 8.9746e-01 [ 3.3548e-02 2.9231e-01 3.1120e-01 2.5522e-01 5.1789e-03 ] 1.0254e-01
 1.258e+01 8.9740e-01 8.9740e-01 [ 3.1497e-02 2.8787e-01 3.1366e-01 2.5913e-01 5.2548e-03 ] 1.0260e-01
 1.269e+01 8.9735e-01 8.9735e-01 [ 2.9545e-02 2.8333e-01 3.1604e-01 2.6310e-01 5.3316e-03 ] 1.0265e-01
 1.281e+01 8.9729e-01 8.9729e-01 [ 2.7689e-02 2.7870e-01 3.1836e-01 2.6713e-01 5.4093e-03 ] 1.0271e-01
 1.292e+01 8.9724e-01 8.9724e-01 [ 2.5925e-02 2.7399e-01 3.2061e-01 2.7122e-01 5.4878e-03 ] 1.0276e-01
 1.303e+01 8.9718e-01 8.9718e-01 [ 2.4252e-02 2.6920e-01 3.2279e-01 2.7537e-01 5.5670e-03 ] 1.0282e-01
 1.315e+01 8.9712e-01 8.9712e-01 [ 2.2665e-02 2.6434e-01 3.2489e-01 2.7958e-01 5.6471e-03 ] 1.0288e-01
 1.326e+01 8.9707e-01 8.9707e-01 [ 2.1162e-02 2.5942e-01 3.2691e-01 2.8385e-01 5.7279e-03 ] 1.0293e-01
 1.337e+01 8.9701e-01 8.9701e-01 [ 1.9740e-02 2.5443e-01 3.2884e-01 2.8819e-01 5.8094e-03 ] 1.0299e-01
 1.349e+01 8.9695e-01 8.9695e-01 [ 1.8396e-02 2.4939e-01 3.3070e-01 2.9257e-01 5.8915e-03 ] 1.0305e-01
 1.360e+01 8.9689e-01 8.9689e-01 [ 1.7126e-02 2.4431e-01 3.3246e-01 2.9702e-01 5.9743e-03 ] 1.0311e-01
 1.371e+01 8.9683e-01 8.9683e-01 [ 1.5929e-02 2.3919e-01 3.3414e-01 3.0152e-01 6.0577e-03 ] 1.0317e-01
 1.383e+01 8.9678e-01 8.9678e-01 [ 1.4801e-02 2.3403e-01 3.3572e-01 3.0608e-01 6.1416e-03 ] 1.0322e-01
 1.394e+01 8.9672e-01 8.9672e-01 [ 1.3739e-02 2.2884e-01 3.3721e-01 3.1070e-01 6.2259e-03 ] 1.0328e-01
 1.405e+01 8.9666e-01 8.9666e-01 [ 1.2740e-02 2.2364e-01 3.3861e-01 3.1536e-01 6.3107e-03 ] 1.0334e-01
 1.417e+01 8.9660e-01 8.9660e-01 [ 1.1802e-02 2.1842e-01 3.3991e-01 3.2007e-01 6.3959e-03 ] 1.0340e-01
 1.428e+01 8.9654e-01 8.9654e-01 [ 1.0922e-02 2.1319e-01 3.4111e-01 3.2483e-01 6.4813e-03 ] 1.0346e-01
 1.439e+01 8.9648e-01 8.9648e-01 [ 1.0097e-02 2.0796e-01 3.4222e-01 3.2964e-01 6.5669e-03 ] 1.0352e-01
 1.451e+01 8.9642e-01 8.9642e-01 [ 9.3241e-03 2.0273e-01 3.4322e-01 3.3449e-01 6.6527e-03 ] 1.0358e-01
 1.462e+01 8.9636e-01 8.9636e-01 [ 8.6016e-03 1.9752e-01 3.4413e-01 3.3937e-01 6.7385e-03 ] 1.0364e-01
 1.473e+01 8.9630e-01 8.9630e-01 [ 7.9267e-03 1.9232e-01 3.4493e-01 3.4429e-01 6.8243e-03 ] 1.0370e-01
 1.485e+01 8.9624e-01 8.9624e-01 [ 7.2969e-03 1.8715e-01 3.4563e-01 3.4925e-01 6.9100e-03 ] 1.0376e-01
 1.496e+01 8.9618e-01 8.9618e-01 [ 6.7098e-03 1.8201e-01 3.4624e-01 3.5423e-01 6.9955e-03 ] 1.0382e-01
 1.507e+01 8.9612e-01 8.9612e-01 [ 6.1632e-03 1.7690e-01 3.4674e-01 3.5923e-01 7.0806e-03 ] 1.0388e-01
 1.519e+01 8.9606e-01 8.9606e-01 [ 5.6549e-03 1.7184e-01 3.4714e-01 3.6426e-01 7.1654e-03 ] 1.0394e-01
 1.530e+01 8.9600e-01 8.9600e-01 [ 5.1828e-03 1.6682e-01 3.4745e-01 3.6929e-01 7.2496e-03 ] 1.0400e-01
 1.541e+01 8.9594e-01 8.9594e-01 [ 4.7447e-03 1.6187e-01 3.4766e-01 3.7434e-01 7.3332e-03 ] 1.0406e-01
 1.553e+01 8.9588e-01 8.9588e-01 [ 4.3388e-03 1.5697e-01 3.4777e-01 3.7938e-01 7.4161e-03 ] 1.0412e-01
 1.564e+01 8.9582e-01 8.9582e-01 [ 3.9630e-03 1.5214e-01 3.4779e-01 3.8442e-01 7.4981e-03 ] 1.0418e-01
 1.575e+01 8.9576e-01 8.9576e-01 [ 3.6157e-03 1.4739e-01 3.4773e-01 3.8945e-01 7.5791e-03 ] 1.0424e-01
 1.587e+01 8.9570e-01 8.9570e-01 [ 3.2950e-03 1.4271e-01 3.4757e-01 3.9447e-01 7.6590e-03 ] 1.0430e-01
 1.598e+01 8.9565e-01 8.9565e-01 [ 2.9993e-03 1.3812e-01 3.4733e-01 3.9945e-01 7.7377e-03 ] 1.0436e-01
 1.609e+01 8.9559e-01 8.9559e-01 [ 2.7269e-03 1.3363e-01 3.4701e-01 4.0441e-01 7.8150e-03 ] 1.0441e-01
 1.621e+01 8.9553e-01 8.9553e-01 [ 2.4765e-03 1.2923e-01 3.4661e-01 4.0933e-01 7.8908e-03 ] 1.0447e-01
 1.632e+01 8.9548e-01 8.9548e-01 [ 2.2464e-03 1.2493e-01 3.4614e-01 4.1420e-01 7.9649e-03 ] 1.0452e-01
 1.643e+01 8.9543e-01 8.9543e-01 [ 2.0354e-03 1.2075e-01 3.4560e-01 4.1901e-01 8.0373e-03 ] 1.0457e-01
 1.655e+01 8.9537e-01 8.9537e-01 [ 1.8422e-03 1.1667e-01 3.4500e-01 4.2375e-01 8.1077e-03 ] 1.0463e-01
 1.666e+01 8.9532e-01 8.9532e-01 [ 1.6654e-03 1.1272e-01 3.4433e-01 4.2843e-01 8.1762e-03 ] 1.0468e-01
 1.677e+01 8.9527e-01 8.9527e-01 [ 1.5040e-03 1.0890e-01 3.4361e-01 4.3302e-01 8.2424e-03 ] 1.0473e-01
 1.689e+01 8.9522e-01 8.9522e-01 [ 1.3569e-03 1.0520e-01 3.4284e-01 4.3752e-01 8.3064e-03 ] 1.0478e-01
 1.700e+01 8.9518e-01 8.9518e-01 [ 1.2230e-03 1.0165e-01 3.4203e-01 4.4191e-01 8.3680e-03 ] 1.0482e-01
 1.711e+01 8.9513e-01 8.9513e-01 [ 1.1014e-03 9.8231e-02 3.4117e-01 4.4620e-01 8.4271e-03 ] 1.0487e-01
 1.723e+01 8.9509e-01 8.9509e-01 [ 9.9117e-04 9.4960e-02 3.4029e-01 4.5037e-01 8.4839e-03 ] 1.0491e-01
 1.734e+01 8.9505e-01 8.9505e-01 [ 8.9146e-04 9.1840e-02 3.3937e-01 4.5441e-01 8.5383e-03 ] 1.0495e-01
 1.745e+01 8.9501e-01 8.9501e-01 [ 8.0149e-04 8.8875e-02 3.3843e-01 4.5831e-01 8.5908e-03 ] 1.0499e-01
 1.757e+01 8.9497e-01 8.9497e-01 [ 7.2053e-04 8.6069e-02 3.3748e-01 4.6206e-01 8.6417e-03 ] 1.0503e-01
 1.768e+01 8.9492e-01 8.9492e-01 [ 6.4793e-04 8.3425e-02 3.3651e-01 4.6564e-01 8.6921e-03 ] 1.0508e-01
 1.779e+01 8.9487e-01 8.9487e-01 [ 5.8304e-04 8.0948e-02 3.3554e-01 4.6906e-01 8.7435e-03 ] 1.0513e-01
 1.791e+01 8.9478e-01 8.9478e-01 [ 5.2531e-04 7.8638e-02 3.3455e-01 4.7227e-01 8.7982e-03 ] 1.0522e-01
 1.802e+01 8.9461e-01 8.9461e-01 [ 4.7418e-04 7.6495e-02 3.3353e-01 4.7525e-01 8.8594e-03 ] 1.0539e-01
 1.813e+01 8.9425e-01 8.9425e-01 [ 4.2915e-04 7.4512e-02 3.3246e-01 4.7793e-01 8.9315e-03 ] 1.0575e-01
 1.825e+01 8.9342e-01 8.9342e-01 [ 3.8967e-04 7.2671e-02 3.3122e-01 4.8012e-01 9.0191e-03 ] 1.0658e-01
 1.836e+01 8.9143e-01 8.9143e-01 [ 3.5513e-04 7.0919e-02 3.2957e-01 4.8146e-01 9.1255e-03 ] 1.0857e-01
 1.847e+01 8.8671e-01 8.8671e-01 [ 3.2466e-04 6.9139e-02 3.2695e-01 4.8105e-01 9.2469e-03 ] 1.1329e-01
 1.859e+01 8.7570e-01 8.7570e-01 [ 2.9685e-04 6.7064e-02 3.2204e-01 4.7694e-01 9.3596e-03 ] 1.2430e-01
 1.870e+01 8.5117e-01 8.5117e-01 [ 2.6930e-04 6.4159e-02 3.1220e-01 4.6514e-01 9.3974e-03 ] 1.4883e-01
 1.881e+01 8.0154e-01 8.0154e-01 [ 2.3866e-04 5.9582e-02 2.9324e-01 4.3925e-01 9.2308e-03 ] 1.9846e-01
 1.893e+01 7.1584e-01 7.1584e-01 [ 2.0209e-04 5.2560e-02 2.6119e-01 3.9319e-01 8.7024e-03 ] 2.8416e-01
 1.904e+01 5.9558e-01 5.9558e-01 [ 1.6039e-04 4.3242e-02 2.1669e-01 3.2773e-01 7.7543e-03 ] 4.0442e-01
 1.915e+01 4.5939e-01 4.5939e-01 [ 1.1851e-04 3.3001e-02 1.6660e-01 2.5315e-01 6.5157e-03 ] 5.4062e-01
 1.927e+01 3.3128e-01 3.3128e-01 [ 8.2083e-05 2.3548e-02 1.1968e-01 1.8275e-01 5.2187e-03 ] 6.6872e-01
 1.938e+01 2.2676e-01 2.2676e-01 [ 5.4026e-05 1.5941e-02 8.1533e-02 1.2518e-01 4.0500e-03 ] 7.7325e-01
 1.949e+01 1.4961e-01 1.4961e-01 [ 3.4279e-05 1.0392e-02 5.3477e-02 8.2613e-02 3.0924e-03 ] 8.5039e-01
 1.961e+01 9.6364e-02 9.6364e-02 [ 2.1214e-05 6.6046e-03 3.4187e-02 5.3201e-02 2.3490e-03 ] 9.0364e-01
 1.972e+01 6.1166e-02 6.1166e-02 [ 1.2917e-05 4.1281e-03 2.1493e-02 3.3745e-02 1.7867e-03 ] 9.3883e-01
 1.983e+01 3.8514e-02 3.8514e-02 [ 7.7823e-06 2.5530e-03 1.3369e-02 2.1220e-02 1.3650e-03 ] 9.6149e-01
 1.995e+01 2.4170e-02 2.4170e-02 [ 4.6576e-06 1.5683e-03 8.2597e-03 1.3289e-02 1.0482e-03 ] 9.7583e-01
 2.006e+01 1.5168e-02 1.5168e-02 [ 2.7757e-06 9.5932e-04 5.0816e-03 8.3153e-03 8.0880e-04 ] 9.8483e-01
 2.017e+01 9.5431e-03 9.5431e-03 [ 1.6497e-06 5.8527e-04 3.1181e-03 5.2116e-03 6.2654e-04 ] 9.9046e-01
 2.029e+01 6.0326e-03 6.0326e-03 [ 9.7871e-07 3.5647e-04 1.9101e-03 3.2782e-03 4.8683e-04 ] 9.9397e-01
 2.040e+01 3.8388e-03 3.8388e-03 [ 5.7996e-07 2.1689e-04 1.1689e-03 2.0733e-03 3.7910e-04 ] 9.9616e-01
 2.051e+01 2.4634e-03 2.4634e-03 [ 3.4339e-07 1.3188e-04 7.1482e-04 1.3207e-03 2.9568e-04 ] 9.9754e-01
 2.063e+01 1.5969e-03 1.5969e-03 [ 2.0320e-07 8.0149e-05 4.3696e-04 8.4873e-04 2.3086e-04 ] 9.9840e-01
 2.074e+01 1.0474e-03 1.0474e-03 [ 1.2019e-07 4.8697e-05 2.6704e-04 5.5117e-04 1.8038e-04 ] 9.9895e-01
 2.085e+01 6.9608e-04 6.9608e-04 [ 7.1066e-08 2.9582e-05 1.6316e-04 3.6227e-04 1.4100e-04 ] 9.9930e-01
 2.097e+01 4.6926e-04 4.6926e-04 [ 4.2008e-08 1.7967e-05 9.9682e-05 2.4131e-04 1.1026e-04 ] 9.9953e-01
 2.108e+01 3.2115e-04 3.2115e-04 [ 2.4825e-08 1.0912e-05 6.0894e-05 1.6309e-04 8.6232e-05 ] 9.9968e-01
 2.119e+01 2.2319e-04 2.2319e-04 [ 1.4667e-08 6.6264e-06 3.7197e-05 1.1190e-04 6.7451e-05 ] 9.9978e-01
 2.131e+01 1.5749e-04 1.5749e-04 [ 8.6633e-09 4.0237e-06 2.2721e-05 7.7975e-05 5.2765e-05 ] 9.9984e-01
 2.142e+01 1.1277e-04 1.1277e-04 [ 5.1161e-09 2.4432e-06 1.3878e-05 5.5163e-05 4.1278e-05 ] 9.9989e-01
 2.153e+01 8.1850e-05 8.1850e-05 [ 3.0207e-09 1.4834e-06 8.4764e-06 3.9594e-05 3.2293e-05 ] 9.9992e-01
 2.165e+01 6.0147e-05 6.0147e-05 [ 1.7831e-09 9.0066e-07 5.1771e-06 2.8803e-05 2.5265e-05 ] 9.9994e-01
 2.176e+01 4.4684e-05 4.4684e-05 [ 1.0524e-09 5.4681e-07 3.1620e-06 2.1209e-05 1.9766e-05 ] 9.9996e-01
 2.187e+01 3.3512e-05 3.3512e-05 [ 6.2097e-10 3.3197e-07 1.9312e-06 1.5784e-05 1.5464e-05 ] 9.9997e-01
 2.199e+01 2.5335e-05 2.5335e-05 [ 3.6633e-10 2.0153e-07 1.1794e-06 1.1856e-05 1.2099e-05 ] 9.9997e-01
 2.210e+01 1.9283e-05 1.9283e-05 [ 2.1607e-10 1.2234e-07 7.2032e-07 8.9745e-06 9.4655e-06 ] 9.9998e-01
 2.221e+01 1.4758e-05 1.4758e-05 [ 1.2742e-10 7.4265e-08 4.3991e-07 6.8378e-06 7.4054e-06 ] 9.9999e-01
 2.233e+01 1.1345e-05 1.1345e-05 [ 7.5123e-11 4.5080e-08 2.6866e-07 5.2377e-06 5.7937e-06 ] 9.9999e-01
 2.244e+01 8.7538e-06 8.7538e-06 [ 4.4282e-11 2.7363e-08 1.6407e-07 4.0295e-06 4.5328e-06 ] 9.9999e-01
 2.255e+01 6.7740e-06 6.7740e-06 [ 2.6097e-11 1.6609e-08 1.0020e-07 3.1109e-06 3.5463e-06 ] 9.9999e-01
 2.267e+01 5.2542e-06 5.2542e-06 [ 1.5377e-11 1.0081e-08 6.1190e-08 2.4084e-06 2.7745e-06 ] 9.9999e-01
 2.278e+01 4.0829e-06 4.0829e-06 [ 9.0583e-12 6.1184e-09 3.7367e-08 1.8688e-06 2.1706e-06 ] 1.0000e+00
 2.289e+01 3.1773e-06 3.1773e-06 [ 5.3350e-12 3.7133e-09 2.2819e-08 1.4526e-06 1.6982e-06 ] 1.0000e+00
 2.301e+01 2.4755e-06 2.4755e-06 [ 3.1415e-12 2.2536e-09 1.3935e-08 1.1307e-06 1.3286e-06 ] 1.0000e+00
 2.312e+01 1.9304e-06 1.9304e-06 [ 1.8494e-12 1.3677e-09 8.5094e-09 8.8105e-07 1.0394e-06 ] 1.0000e+00
 2.323e+01 1.5064e-06 1.5064e-06 [ 1.0886e-12 8.2997e-10 5.1963e-09 6.8714e-07 8.1321e-07 ] 1.0000e+00
 2.335e+01 1.1762e-06 1.1762e-06 [ 6.4058e-13 5.0366e-10 3.1731e-09 5.3627e-07 6.3621e-07 ] 1.0000e+00
 2.346e+01 9.1873e-07 9.1873e-07 [ 3.7688e-13 3.0563e-10 1.9376e-09 4.1874e-07 4.9774e-07 ] 1.0000e+00
 2.357e+01 7.1789e-07 7.1789e-07 [ 2.2168e-13 1.8545e-10 1.1831e-09 3.2711e-07 3.8941e-07 ] 1.0000e+00
 2.369e+01 5.6110e-07 5.6110e-07 [ 1.3037e-13 1.1253e-10 7.2245e-10 2.5561e-07 3.0465e-07 ] 1.0000e+00
 2.380e+01 4.3864e-07 4.3864e-07 [ 7.6650e-14 6.8278e-11 4.4114e-10 1.9979e-07 2.3834e-07 ] 1.0000e+00
 2.391e+01 3.4297e-07 3.4297e-07 [ 4.5056e-14 4.1427e-11 2.6936e-10 1.5619e-07 1.8647e-07 ] 1.0000e+00
 2.403e+01 2.6820e-07 2.6820e-07 [ 2.6479e-14 2.5134e-11 1.6447e-10 1.2213e-07 1.4588e-07 ] 1.0000e+00
 2.414e+01 2.0974e-07 2.0974e-07 [ 1.5558e-14 1.5249e-11 1.0042e-10 9.5501e-08 1.1413e-07 ] 1.0000e+00
 2.425e+01 1.6404e-07 1.6404e-07 [ 9.1392e-15 9.2511e-12 6.1317e-11 7.4687e-08 8.9286e-08 ] 1.0000e+00
 2.437e+01 1.2831e-07 1.2831e-07 [ 5.3674e-15 5.6122e-12 3.7439e-11 5.8414e-08 6.9852e-08 ] 1.0000e+00
 2.448e+01 1.0036e-07 1.0036e-07 [ 3.1515e-15 3.4046e-12 2.2859e-11 4.5689e-08 5.4647e-08 ] 1.0000e+00
 2.459e+01 7.8506e-08 7.8506e-08 [ 1.8500e-15 2.0653e-12 1.3957e-11 3.5737e-08 4.2752e-08 ] 1.0000e+00
 2.471e+01 6.1411e-08 6.1411e-08 [ 1.0858e-15 1.2528e-12 8.5212e-12 2.7954e-08 3.3447e-08 ] 1.0000e+00
 2.482e+01 4.8039e-08 4.8039e-08 [ 6.3707e-16 7.5990e-13 5.2026e-12 2.1867e-08 2.6166e-08 ] 1.0000e+00
 2.493e+01 3.7579e-08 3.7579e-08 [ 3.7371e-16 4.6092e-13 3.1763e-12 1.7105e-08 2.0471e-08 ] 1.0000e+00
 2.505e+01 2.9398e-08 2.9398e-08 [ 2.1917e-16 2.7956e-13 1.9392e-12 1.3381e-08 1.6015e-08 ] 1.0000e+00
 2.516e+01 2.2997e-08 2.2997e-08 [ 1.2851e-16 1.6956e-13 1.1839e-12 1.0467e-08 1.2529e-08 ] 1.0000e+00
 2.527e+01 1.7991e-08 1.7991e-08 [ 7.5333e-17 1.0283e-13 7.2281e-13 8.1883e-09 9.8015e-09 ] 1.0000e+00
 2.539e+01 1.4074e-08 1.4074e-08 [ 4.4150e-17 6.2365e-14 4.4128e-13 6.4055e-09 7.6679e-09 ] 1.0000e+00
 2.550e+01 1.1010e-08 1.1010e-08 [ 2.5868e-17 3.7821e-14 2.6940e-13 5.0109e-09 5.9987e-09 ] 1.0000e+00
 2.561e+01 8.6131e-09 8.6131e-09 [ 1.5153e-17 2.2936e-14 1.6446e-13 3.9200e-09 4.6929e-09 ] 1.0000e+00
 2.573e+01 6.7380e-09 6.7380e-09 [ 8.8742e-18 1.3908e-14 1.0040e-13 3.0665e-09 3.6713e-09 ] 1.0000e+00
 2.584e+01 5.2711e-09 5.2711e-09 [ 5.1958e-18 8.4338e-15 6.1293e-14 2.3989e-09 2.8721e-09 ] 1.0000e+00
 2.595e+01 4.1236e-09 4.1236e-09 [ 3.0413e-18 5.1139e-15 3.7417e-14 1.8766e-09 2.2469e-09 ] 1.0000e+00
 2.607e+01 3.2259e-09 3.2259e-09 [ 1.7798e-18 3.1008e-15 2.2841e-14 1.4681e-09 1.7578e-09 ] 1.0000e+00
 2.618e+01 2.5236e-09 2.5236e-09 [ 1.0413e-18 1.8800e-15 1.3944e-14 1.1484e-09 1.3751e-09 ] 1.0000e+00
 2.629e+01 1.9742e-09 1.9742e-09 [ 6.0906e-19 1.1399e-15 8.5117e-15 8.9840e-10 1.0758e-09 ] 1.0000e+00
 2.641e+01 1.5444e-09 1.5444e-09 [ 3.5616e-19 6.9107e-16 5.1958e-15 7.0280e-10 8.4158e-10 ] 1.0000e+00
 2.652e+01 1.2082e-09 1.2082e-09 [ 2.0822e-19 4.1896e-16 3.1716e-15 5.4979e-10 6.5837e-10 ] 1.0000e+00
 2.663e+01 9.4513e-10 9.4513e-10 [ 1.2170e-19 2.5399e-16 1.9360e-15 4.3009e-10 5.1505e-10 ] 1.0000e+00
 2.675e+01 7.3937e-10 7.3937e-10 [ 7.1110e-20 1.5397e-16 1.1818e-15 3.3645e-10 4.0292e-10 ] 1.0000e+00
 2.686e+01 5.7840e-10 5.7840e-10 [ 4.1541e-20 9.3333e-17 7.2134e-16 2.6319e-10 3.1520e-10 ] 1.0000e+00
 2.697e+01 4.5247e-10 4.5247e-10 [ 2.4260e-20 5.6575e-17 4.4030e-16 2.0589e-10 2.4658e-10 ] 1.0000e+00
 2.709e+01 3.5396e-10 3.5396e-10 [ 1.4165e-20 3.4292e-17 2.6875e-16 1.6106e-10 1.9290e-10 ] 1.0000e+00
 2.720e+01 2.7690e-10 2.7690e-10 [ 8.2683e-21 2.0785e-17 1.6404e-16 1.2599e-10 1.5090e-10 ] 1.0000e+00
 2.731e+01 2.1661e-10 2.1661e-10 [ 4.8251e-21 1.2598e-17 1.0012e-16 9.8561e-11 1.1805e-10 ] 1.0000e+00
 2.743e+01 1.6945e-10 1.6945e-10 [ 2.8150e-21 7.6352e-18 6.1111e-17 7.7101e-11 9.2350e-11 ] 1.0000e+00
 2.754e+01 1.3256e-10 1.3256e-10 [ 1.6419e-21 4.6273e-18 3.7299e-17 6.0313e-11 7.2244e-11 ] 1.0000e+00
 2.765e+01 1.0370e-10 1.0370e-10 [ 9.5736e-22 2.8043e-18 2.2765e-17 4.7181e-11 5.6515e-11 ] 1.0000e+00
 2.777e+01 8.1119e-11 8.1119e-11 [ 5.5809e-22 1.6994e-18 1.3894e-17 3.6908e-11 4.4211e-11 ] 1.0000e+00
 2.788e+01 6.3457e-11 6.3457e-11 [ 3.2524e-22 1.0298e-18 8.4800e-18 2.8871e-11 3.4585e-11 ] 1.0000e+00
 2.799e+01 4.9640e-11 4.9640e-11 [ 1.8950e-22 6.2401e-19 5.1754e-18 2.2585e-11 2.7056e-11 ] 1.0000e+00
 2.811e+01 3.8832e-11 3.8832e-11 [ 1.1037e-22 3.7811e-19 3.1586e-18 1.7667e-11 2.1165e-11 ] 1.0000e+00
 2.822e+01 3.0377e-11 3.0377e-11 [ 6.4272e-23 2.2910e-19 1.9277e-18 1.3820e-11 1.6557e-11 ] 1.0000e+00
 2.833e+01 2.3763e-11 2.3763e-11 [ 3.7416e-23 1.3881e-19 1.1764e-18 1.0811e-11 1.2952e-11 ] 1.0000e+00
 2.845e+01 1.8589e-11 1.8589e-11 [ 2.1776e-23 8.4100e-20 7.1796e-19 8.4567e-12 1.0132e-11 ] 1.0000e+00
 2.856e+01 1.4541e-11 1.4541e-11 [ 1.2670e-23 5.0951e-20 4.3815e-19 6.6152e-12 7.9259e-12 ] 1.0000e+00
 2.867e+01 1.1375e-11 1.1375e-11 [ 7.3694e-24 3.0867e-20 2.6739e-19 5.1747e-12 6.2002e-12 ] 1.0000e+00
 2.879e+01 8.8981e-12 8.8981e-12 [ 4.2853e-24 1.8699e-20 1.6317e-19 4.0479e-12 4.8502e-12 ] 1.0000e+00
 2.890e+01 6.9606e-12 6.9606e-12 [ 2.4912e-24 1.1327e-20 9.9577e-20 3.1664e-12 3.7941e-12 ] 1.0000e+00
 2.901e+01 5.4449e-12 5.4449e-12 [ 1.4478e-24 6.8614e-21 6.0765e-20 2.4769e-12 2.9680e-12 ] 1.0000e+00
 2.913e+01 4.2593e-12 4.2593e-12 [ 8.4117e-25 4.1561e-21 3.7081e-20 1.9375e-12 2.3218e-12 ] 1.0000e+00
 2.924e+01 3.3318e-12 3.3318e-12 [ 4.8858e-25 2.5173e-21 2.2627e-20 1.5156e-12 1.8162e-12 ] 1.0000e+00
 2.935e+01 2.6063e-12 2.6063e-12 [ 2.8370e-25 1.5247e-21 1.3807e-20 1.1855e-12 1.4207e-12 ] 1.0000e+00
 2.947e+01 2.0388e-12 2.0388e-12 [ 1.6469e-25 9.2340e-22 8.4253e-21 9.2737e-13 1.1114e-12 ] 1.0000e+00
 2.958e+01 1.5948e-12 1.5948e-12 [ 9.5573e-26 5.5923e-22 5.1411e-21 7.2542e-13 8.6938e-13 ] 1.0000e+00
 2.969e+01 1.2475e-12 1.2475e-12 [ 5.5448e-26 3.3867e-22 3.1370e-21 5.6744e-13 6.8007e-13 ] 1.0000e+00
 2.981e+01 9.7585e-13 9.7585e-13 [ 3.2159e-26 2.0509e-22 1.9141e-21 4.4387e-13 5.3199e-13 ] 1.0000e+00
 2.992e+01 7.6335e-13 7.6335e-13 [ 1.8646e-26 1.2419e-22 1.1679e-21 3.4720e-13 4.1614e-13 ] 1.0000e+00
 3.003e+01 5.9711e-13 5.9711e-13 [ 1.0808e-26 7.5201e-23 7.1262e-22 2.7159e-13 3.2553e-13 ] 1.0000e+00
 3.015e+01 4.6708e-13 4.6708e-13 [ 6.2630e-27 4.5534e-23 4.3480e-22 2.1244e-13 2.5464e-13 ] 1.0000e+00
 3.026e+01 3.6537e-13 3.6537e-13 [ 3.6281e-27 2.7569e-23 2.6529e-22 1.6617e-13 1.9919e-13 ] 1.0000e+00
 3.037e+01 2.8580e-13 2.8580e-13 [ 2.1011e-27 1.6692e-23 1.6186e-22 1.2998e-13 1.5581e-13 ] 1.0000e+00
 3.049e+01 2.2356e-13 2.2356e-13 [ 1.2164e-27 1.0106e-23 9.8755e-23 1.0168e-13 1.2188e-13 ] 1.0000e+00
 3.060e+01 1.7487e-13 1.7487e-13 [ 7.0404e-28 6.1179e-24 6.0251e-23 7.9531e-14 9.5342e-14 ] 1.0000e+00
 3.071e+01 1.3679e-13 1.3679e-13 [ 4.0735e-28 3.7036e-24 3.6759e-23 6.2210e-14 7.4579e-14 ] 1.0000e+00
 3.083e+01 1.0700e-13 1.0700e-13 [ 2.3562e-28 2.2419e-24 2.2427e-23 4.8661e-14 5.8338e-14 ] 1.0000e+00
 3.094e+01 8.3696e-14 8.3696e-14 [ 1.3624e-28 1.3571e-24 1.3682e-23 3.8063e-14 4.5634e-14 ] 1.0000e+00
 3.105e+01 6.5469e-14 6.5469e-14 [ 7.8754e-29 8.2143e-25 8.3471e-24 2.9773e-14 3.5696e-14 ] 1.0000e+00
 3.117e+01 5.1210e-14 5.1210e-14 [ 4.5510e-29 4.9718e-25 5.0923e-24 2.3288e-14 2.7922e-14 ] 1.0000e+00
 3.128e+01 4.0057e-14 4.0057e-14 [ 2.6291e-29 3.0091e-25 3.1066e-24 1.8216e-14 2.1841e-14 ] 1.0000e+00
 3.139e+01 3.1333e-14 3.1333e-14 [ 1.5183e-29 1.8212e-25 1.8952e-24 1.4248e-14 1.7085e-14 ] 1.0000e+00
 3.151e+01 2.4509e-14 2.4509e-14 [ 8.7656e-30 1.1021e-25 1.1561e-24 1.1145e-14 1.3364e-14 ] 1.0000e+00
 3.162e+01 1.9171e-14 1.9171e-14 [ 5.0590e-30 6.6698e-26 7.0526e-25 8.7175e-15 1.0454e-14 ] 1.0000e+00
 3.173e+01 1.4996e-14 1.4996e-14 [ 2.9188e-30 4.0361e-26 4.3022e-25 6.8187e-15 8.1769e-15 ] 1.0000e+00
 3.185e+01 1.1730e-14 1.1730e-14 [ 1.6835e-30 2.4423e-26 2.6244e-25 5.3335e-15 6.3960e-15 ] 1.0000e+00
 3.196e+01 9.1748e-15 9.1748e-15 [ 9.7067e-31 1.4778e-26 1.6009e-25 4.1718e-15 5.0030e-15 ] 1.0000e+00
 3.207e+01 7.1765e-15 7.1765e-15 [ 5.5949e-31 8.9412e-27 9.7652e-26 3.2631e-15 3.9134e-15 ] 1.0000e+00
 3.219e+01 5.6134e-15 5.6134e-15 [ 3.2238e-31 5.4097e-27 5.9566e-26 2.5523e-15 3.0611e-15 ] 1.0000e+00
 3.230e+01 4.3908e-15 4.3908e-15 [ 1.8570e-31 3.2728e-27 3.6333e-26 1.9964e-15 2.3944e-15 ] 1.0000e+00
 3.241e+01 3.4344e-15 3.4344e-15 [ 1.0693e-31 1.9800e-27 2.2162e-26 1.5615e-15 1.8729e-15 ] 1.0000e+00
 3.253e+01 2.6863e-15 2.6863e-15 [ 6.1554e-32 1.1978e-27 1.3518e-26 1.2214e-15 1.4650e-15 ] 1.0000e+00
 3.264e+01 2.1012e-15 2.1012e-15 [ 3.5421e-32 7.2455e-28 8.2450e-27 9.5532e-16 1.1459e-15 ] 1.0000e+00
 3.275e+01 1.6435e-15 1.6435e-15 [ 2.0376e-32 4.3827e-28 5.0289e-27 7.4722e-16 8.9632e-16 ] 1.0000e+00
 3.287e+01 1.2855e-15 1.2855e-15 [ 1.1718e-32 2.6509e-28 3.0672e-27 5.8445e-16 7.0109e-16 ] 1.0000e+00
 3.298e+01 1.0055e-15 1.0055e-15 [ 6.7361e-33 1.6033e-28 1.8708e-27 4.5713e-16 5.4839e-16 ] 1.0000e+00
 3.309e+01 7.8649e-16 7.8649e-16 [ 3.8711e-33 9.6971e-29 1.1410e-27 3.5755e-16 4.2894e-16 ] 1.0000e+00
 3.321e+01 6.1517e-16 6.1517e-16 [ 2.2239e-33 5.8646e-29 6.9588e-28 2.7966e-16 3.3551e-16 ] 1.0000e+00
 3.332e+01 4.8117e-16 4.8117e-16 [ 1.2771e-33 3.5466e-29 4.2440e-28 2.1874e-16 2.6243e-16 ] 1.0000e+00
 3.343e+01 3.7636e-16 3.7636e-16 [ 7.3319e-34 2.1447e-29 2.5883e-28 1.7109e-16 2.0527e-16 ] 1.0000e+00
 3.355e+01 2.9437e-16 2.9437e-16 [ 4.2077e-34 1.2969e-29 1.5785e-28 1.3382e-16 1.6056e-16 ] 1.0000e+00
 3.366e+01 2.3025e-16 2.3025e-16 [ 2.4139e-34 7.8416e-30 9.6268e-29 1.0466e-16 1.2558e-16 ] 1.0000e+00
 3.377e+01 1.8009e-16 1.8009e-16 [ 1.3844e-34 4.7412e-30 5.8708e-29 8.1863e-17 9.8228e-17 ] 1.0000e+00
 3.389e+01 1.4086e-16 1.4086e-16 [ 7.9364e-35 2.8666e-30 3.5803e-29 6.4029e-17 7.6832e-17 ] 1.0000e+00
 3.400e+01 1.1018e-16 1.1018e-16 [ 4.5483e-35 1.7330e-30 2.1833e-29 5.0080e-17 6.0095e-17 ] 1.0000e+00
 3.411e+01 8.6174e-17 8.6174e-17 [ 2.6057e-35 1.0477e-30 1.3314e-29 3.9169e-17 4.7005e-17 ] 1.0000e+00
 3.423e+01 6.7401e-17 6.7401e-17 [ 1.4922e-35 6.3335e-31 8.1193e-30 3.0636e-17 3.6765e-17 ] 1.0000e+00
 3.434e+01 5.2718e-17 5.2718e-17 [ 8.5429e-36 3.8285e-31 4.9511e-30 2.3961e-17 2.8756e-17 ] 1.0000e+00
 3.445e+01 4.1233e-17 4.1233e-17 [ 4.8889e-36 2.3141e-31 3.0192e-30 1.8741e-17 2.2492e-17 ] 1.0000e+00
 3.457e+01 3.2250e-17 3.2250e-17 [ 2.7968e-36 1.3987e-31 1.8411e-30 1.4658e-17 1.7592e-17 ] 1.0000e+00
 3.468e+01 2.5224e-17 2.5224e-17 [ 1.5994e-36 8.4538e-32 1.1226e-30 1.1464e-17 1.3760e-17 ] 1.0000e+00
 3.479e+01 1.9729e-17 1.9729e-17 [ 9.1434e-37 5.1091e-32 6.8456e-31 8.9665e-18 1.0762e-17 ] 1.0000e+00
 3.491e+01 1.5431e-17 1.5431e-17 [ 5.2251e-37 3.0876e-32 4.1742e-31 7.0129e-18 8.4179e-18 ] 1.0000e+00
 3.502e+01 1.2069e-17 1.2069e-17 [ 2.9848e-37 1.8659e-32 2.5453e-31 5.4850e-18 6.5840e-18 ] 1.0000e+00
 3.513e+01 9.4396e-18 9.4396e-18 [ 1.7045e-37 1.1275e-32 1.5521e-31 4.2899e-18 5.1497e-18 ] 1.0000e+00
 3.525e+01 7.3830e-18 7.3830e-18 [ 9.7297e-38 6.8127e-33 9.4641e-32 3.3552e-18 4.0278e-18 ] 1.0000e+00
 3.536e+01 5.7744e-18 5.7744e-18 [ 5.5520e-38 4.1163e-33 5.7710e-32 2.6241e-18 3.1503e-18 ] 1.0000e+00
 3.547e+01 4.5163e-18 4.5163e-18 [ 3.1669e-38 2.4870e-33 3.5191e-32 2.0524e-18 2.4640e-18 ] 1.0000e+00
 3.559e+01 3.5323e-18 3.5323e-18 [ 1.8058e-38 1.5025e-33 2.1460e-32 1.6052e-18 1.9272e-18 ] 1.0000e+00
 3.570e+01 2.7627e-18 2.7627e-18 [ 1.0293e-38 9.0769e-34 1.3087e-32 1.2554e-18 1.5073e-18 ] 1.0000e+00
 3.581e+01 2.1608e-18 2.1608e-18 [ 5.8646e-39 5.4832e-34 7.9813e-33 9.8186e-19 1.1789e-18 ] 1.0000e+00
 3.593e+01 1.6900e-18 1.6900e-18 [ 3.3402e-39 3.3122e-34 4.8680e-33 7.6791e-19 9.2206e-19 ] 1.0000e+00
 3.604e+01 1.3218e-18 1.3218e-18 [ 1.9018e-39 2.0006e-34 2.9694e-33 6.0058e-19 7.2117e-19 ] 1.0000e+00
 3.615e+01 1.0338e-18 1.0338e-18 [ 1.0824e-39 1.2083e-34 1.8115e-33 4.6971e-19 5.6404e-19 ] 1.0000e+00
 3.627e+01 8.0851e-19 8.0851e-19 [ 6.1577e-40 7.2979e-35 1.1054e-33 3.6736e-19 4.4115e-19 ] 1.0000e+00
 3.638e+01 6.3234e-19 6.3234e-19 [ 3.5019e-40 4.4074e-35 6.7463e-34 2.8731e-19 3.4503e-19 ] 1.0000e+00
 3.649e+01 4.9456e-19 4.9456e-19 [ 1.9908e-40 2.6616e-35 4.1187e-34 2.2470e-19 2.6986e-19 ] 1.0000e+00
 3.661e+01 3.8679e-19 3.8679e-19 [ 1.1313e-40 1.6072e-35 2.5156e-34 1.7574e-19 2.1106e-19 ] 1.0000e+00
 3.672e+01 3.0251e-19 3.0251e-19 [ 6.4262e-41 9.7049e-36 1.5372e-34 1.3744e-19 1.6507e-19 ] 1.0000e+00
 3.683e+01 2.3659e-19 2.3659e-19 [ 3.6490e-41 5.8598e-36 9.4000e-35 1.0749e-19 1.2910e-19 ] 1.0000e+00
 3.695e+01 1.8504e-19 1.8504e-19 [ 2.0712e-41 3.5379e-36 5.7529e-35 8.4065e-20 1.0097e-19 ] 1.0000e+00
 3.706e+01 1.4472e-19 1.4472e-19 [ 1.1752e-41 2.1359e-36 3.5246e-35 6.5745e-20 7.8972e-20 ] 1.0000e+00
 3.717e+01 1.1318e-19 1.1318e-19 [ 6.6651e-42 1.2894e-36 2.1624e-35 5.1417e-20 6.1764e-20 ] 1.0000e+00
 3.729e+01 8.8518e-20 8.8518e-20 [ 3.7788e-42 7.7839e-37 1.3290e-35 4.0212e-20 4.8306e-20 ] 1.0000e+00
 3.740e+01 6.9228e-20 6.9228e-20 [ 2.1415e-42 4.6986e-37 8.1860e-36 3.1448e-20 3.7780e-20 ] 1.0000e+00
 3.751e+01 5.4142e-20 5.4142e-20 [ 1.2131e-42 2.8360e-37 5.0561e-36 2.4595e-20 2.9547e-20 ] 1.0000e+00
 3.763e+01 4.2343e-20 4.2343e-20 [ 6.8697e-43 1.7117e-37 3.1337e-36 1.9235e-20 2.3109e-20 ] 1.0000e+00
 3.774e+01 3.3116e-20 3.3116e-20 [ 3.8886e-43 1.0331e-37 1.9506e-36 1.5043e-20 1.8073e-20 ] 1.0000e+00
 3.785e+01 2.5899e-20 2.5899e-20 [ 2.2002e-43 6.2345e-38 1.2205e-36 1.1764e-20 1.4135e-20 ] 1.0000e+00
 3.797e+01 2.0255e-20 2.0255e-20 [ 1.2445e-43 3.7622e-38 7.6858e-37 9.2002e-21 1.1055e-20 ] 1.0000e+00
 3.808e+01 1.5841e-20 1.5841e-20 [ 7.0357e-44 2.2702e-38 4.8770e-37 7.1950e-21 8.6456e-21 ] 1.0000e+00
 3.819e+01 1.2388e-20 1.2388e-20 [ 3.9762e-44 1.3698e-38 3.1227e-37 5.6268e-21 6.7616e-21 ] 1.0000e+00
 3.831e+01 9.6885e-21 9.6885e-21 [ 2.2462e-44 8.2649e-39 2.0204e-37 4.4004e-21 5.2881e-21 ] 1.0000e+00
 3.842e+01 7.5770e-21 7.5770e-21 [ 1.2684e-44 4.9864e-39 1.3228e-37 3.4413e-21 4.1357e-21 ] 1.0000e+00
 3.853e+01 5.9256e-21 5.9256e-21 [ 7.1595e-45 3.0082e-39 8.7752e-38 2.6913e-21 3.2344e-21 ] 1.0000e+00
 3.865e+01 4.6342e-21 4.6342e-21 [ 4.0395e-45 1.8147e-39 5.9044e-38 2.1047e-21 2.5295e-21 ] 1.0000e+00
 3.876e+01 3.6242e-21 3.6242e-21 [ 2.2783e-45 1.0946e-39 4.0322e-38 1.6459e-21 1.9782e-21 ] 1.0000e+00
 3.887e+01 2.8343e-21 2.8343e-21 [ 1.2844e-45 6.6026e-40 2.7957e-38 1.2872e-21 1.5471e-21 ] 1.0000e+00
 3.899e+01 2.2165e-21 2.2165e-21 [ 7.2380e-46 3.9823e-40 1.9676e-38 1.0066e-21 1.2099e-21 ] 1.0000e+00
 3.910e+01 1.7334e-21 1.7334e-21 [ 4.0771e-46 2.4017e-40 1.4048e-38 7.8719e-22 9.4624e-22 ] 1.0000e+00
 3.921e+01 1.3556e-21 1.3556e-21 [ 2.2957e-46 1.4484e-40 1.0164e-38 6.1560e-22 7.4002e-22 ] 1.0000e+00
 3.933e+01 1.0601e-21 1.0601e-21 [ 1.2921e-46 8.7344e-41 7.4443e-39 4.8141e-22 5.7873e-22 ] 1.0000e+00
 3.944e+01 8.2907e-22 8.2907e-22 [ 7.2691e-47 5.2668e-41 5.5110e-39 3.7647e-22 4.5260e-22 ] 1.0000e+00
 3.955e+01 6.4836e-22 6.4836e-22 [ 4.0879e-47 3.1756e-41 4.1178e-39 2.9441e-22 3.5395e-22 ] 1.0000e+00
 3.967e+01 5.0704e-22 5.0704e-22 [ 2.2979e-47 1.9147e-41 3.1011e-39 2.3023e-22 2.7681e-22 ] 1.0000e+00
 3.978e+01 3.9652e-22 3.9652e-22 [ 1.2911e-47 1.1543e-41 2.3510e-39 1.8004e-22 2.1647e-22 ] 1.0000e+00
 3.989e+01 3.1009e-22 3.1009e-22 [ 7.2517e-48 6.9588e-42 1.7919e-39 1.4079e-22 1.6929e-22 ] 1.0000e+00
 4.001e+01 2.4249e-22 2.4249e-22 [ 4.0712e-48 4.1948e-42 1.3719e-39 1.1010e-22 1.3239e-22 ] 1.0000e+00
 4.012e+01 1.8963e-22 1.8963e-22 [ 2.2846e-48 2.5285e-42 1.0540e-39 8.6099e-23 1.0354e-22 ] 1.0000e+00
 4.023e+01 1.4830e-22 1.4830e-22 [ 1.2815e-48 1.5240e-42 8.1213e-40 6.7330e-23 8.0968e-23 ] 1.0000e+00
 4.035e+01 1.1597e-22 1.1597e-22 [ 7.1855e-49 9.1852e-43 6.2714e-40 5.2651e-23 6.3319e-23 ] 1.0000e+00
 4.046e+01 9.0690e-23 9.0690e-23 [ 4.0272e-49 5.5356e-43 4.8513e-40 4.1173e-23 4.9517e-23 ] 1.0000e+00
 4.057e+01 7.0921e-23 7.0921e-23 [ 2.2561e-49 3.3358e-43 3.7579e-40 3.2197e-23 3.8724e-23 ] 1.0000e+00
 4.069e+01 5.5460e-23 5.5460e-23 [ 1.2633e-49 2.0101e-43 2.9140e-40 2.5177e-23 3.0283e-23 ] 1.0000e+00
 4.080e+01 4.3370e-23 4.3370e-23 [ 7.0713e-50 1.2112e-43 2.2614e-40 1.9688e-23 2.3682e-23 ] 1.0000e+00
 4.091e+01 3.3915e-23 3.3915e-23 [ 3.9563e-50 7.2974e-44 1.7560e-40 1.5396e-23 1.8519e-23 ] 1.0000e+00
 4.103e+01 2.6522e-23 2.6522e-23 [ 2.2126e-50 4.3964e-44 1.3641e-40 1.2039e-23 1.4482e-23 ] 1.0000e+00
 4.114e+01 2.0740e-23 2.0740e-23 [ 1.2368e-50 2.6485e-44 1.0600e-40 9.4144e-24 1.1325e-23 ] 1.0000e+00
 4.125e+01 1.6218e-23 1.6218e-23 [ 6.9109e-51 1.5954e-44 8.2381e-41 7.3618e-24 8.8565e-24 ] 1.0000e+00
 4.137e+01 1.2682e-23 1.2682e-23 [ 3.8598e-51 9.6100e-45 6.4033e-41 5.7567e-24 6.9258e-24 ] 1.0000e+00
 4.148e+01 9.9175e-24 9.9175e-24 [ 2.1548e-51 5.7881e-45 4.9774e-41 4.5015e-24 5.4160e-24 ] 1.0000e+00
 4.159e+01 7.7553e-24 7.7553e-24 [ 1.2024e-51 3.4860e-45 3.8690e-41 3.5200e-24 4.2353e-24 ] 1.0000e+00
 4.171e+01 6.0645e-24 6.0645e-24 [ 6.7069e-52 2.0994e-45 3.0072e-41 2.7525e-24 3.3120e-24 ] 1.0000e+00
 4.182e+01 4.7423e-24 4.7423e-24 [ 3.7393e-52 1.2642e-45 2.3371e-41 2.1523e-24 2.5899e-24 ] 1.0000e+00
 4.193e+01 3.7083e-24 3.7083e-24 [ 2.0839e-52 7.6124e-46 1.8161e-41 1.6830e-24 2.0253e-24 ] 1.0000e+00
 4.205e+01 2.8998e-24 2.8998e-24 [ 1.1608e-52 4.5834e-46 1.4111e-41 1.3161e-24 1.5838e-24 ] 1.0000e+00
 4.216e+01 2.2676e-24 2.2676e-24 [ 6.4631e-53 2.7595e-46 1.0962e-41 1.0291e-24 1.2385e-24 ] 1.0000e+00
 4.227e+01 1.7731e-24 1.7731e-24 [ 3.5970e-53 1.6613e-46 8.5134e-42 8.0468e-25 9.6846e-25 ] 1.0000e+00
 4.239e+01 1.3865e-24 1.3865e-24 [ 2.0010e-53 1.0001e-46 6.6106e-42 6.2922e-25 7.5731e-25 ] 1.0000e+00
 4.250e+01 1.0842e-24 1.0842e-24 [ 1.1126e-53 6.0198e-47 5.1318e-42 4.9201e-25 5.9220e-25 ] 1.0000e+00
 4.261e+01 8.4780e-25 8.4780e-25 [ 6.1838e-54 3.6233e-47 3.9829e-42 3.8472e-25 4.6308e-25 ] 1.0000e+00
 4.273e+01 6.6294e-25 6.6294e-25 [ 3.4354e-54 2.1807e-47 3.0903e-42 3.0082e-25 3.6211e-25 ] 1.0000e+00
 4.284e+01 5.1838e-25 5.1838e-25 [ 1.9076e-54 1.3124e-47 2.3971e-42 2.3522e-25 2.8316e-25 ] 1.0000e+00
 4.295e+01 4.0535e-25 4.0535e-25 [ 1.0588e-54 7.8975e-48 1.8588e-42 1.8393e-25 2.2142e-25 ] 1.0000e+00
 4.307e+01 3.1696e-25 3.1696e-25 [ 5.8741e-55 4.7522e-48 1.4410e-42 1.4382e-25 1.7314e-25 ] 1.0000e+00
 4.318e+01 2.4784e-25 2.4784e-25 [ 3.2574e-55 2.8593e-48 1.1167e-42 1.1245e-25 1.3539e-25 ] 1.0000e+00
 4.329e+01 1.9380e-25 1.9380e-25 [ 1.8055e-55 1.7203e-48 8.6505e-43 8.7928e-26 1.0587e-25 ] 1.0000e+00
 4.341e+01 1.5154e-25 1.5154e-25 [ 1.0003e-55 1.0349e-48 6.6989e-43 6.8752e-26 8.2784e-26 ] 1.0000e+00
 4.352e+01 1.1849e-25 1.1849e-25 [ 5.5393e-56 6.2256e-49 5.1856e-43 5.3758e-26 6.4732e-26 ] 1.0000e+00
 4.363e+01 9.2651e-26 9.2651e-26 [ 3.0661e-56 3.7448e-49 4.0126e-43 4.2034e-26 5.0617e-26 ] 1.0000e+00
 4.375e+01 7.2446e-26 7.2446e-26 [ 1.6964e-56 2.2524e-49 3.1036e-43 3.2866e-26 3.9580e-26 ] 1.0000e+00
 4.386e+01 5.6647e-26 5.6647e-26 [ 9.3811e-57 1.3546e-49 2.3996e-43 2.5698e-26 3.0949e-26 ] 1.0000e+00
 4.397e+01 4.4293e-26 4.4293e-26 [ 5.1855e-57 8.1466e-50 1.8544e-43 2.0093e-26 2.4200e-26 ] 1.0000e+00
 4.409e+01 3.4633e-26 3.4633e-26 [ 2.8650e-57 4.8988e-50 1.4324e-43 1.5711e-26 1.8923e-26 ] 1.0000e+00
 4.420e+01 2.7080e-26 2.7080e-26 [ 1.5821e-57 2.9456e-50 1.1059e-43 1.2284e-26 1.4796e-26 ] 1.0000e+00
 4.431e+01 2.1174e-26 2.1174e-26 [ 8.7332e-58 1.7711e-50 8.5338e-44 9.6047e-27 1.1569e-26 ] 1.0000e+00
 4.443e+01 1.6556e-26 1.6556e-26 [ 4.8183e-58 1.0648e-50 6.5818e-44 7.5097e-27 9.0464e-27 ] 1.0000e+00
 4.454e+01 1.2945e-26 1.2945e-26 [ 2.6572e-58 6.4009e-51 5.0735e-44 5.8717e-27 7.0736e-27 ] 1.0000e+00
 4.465e+01 1.0122e-26 1.0122e-26 [ 1.4647e-58 3.8477e-51 3.9086e-44 4.5909e-27 5.5309e-27 ] 1.0000e+00
 4.477e+01 7.9142e-27 7.9142e-27 [ 8.0696e-59 2.3127e-51 3.0093e-44 3.5895e-27 4.3247e-27 ] 1.0000e+00
 4.488e+01 6.1880e-27 6.1880e-27 [ 4.4439e-59 1.3900e-51 2.3155e-44 2.8065e-27 3.3815e-27 ] 1.0000e+00
 4.499e+01 4.8383e-27 4.8383e-27 [ 2.4461e-59 8.3534e-52 1.7805e-44 2.1943e-27 2.6440e-27 ] 1.0000e+00
 4.511e+01 3.7830e-27 3.7830e-27 [ 1.3458e-59 5.0198e-52 1.3682e-44 1.7156e-27 2.0674e-27 ] 1.0000e+00
 4.522e+01 2.9578e-27 2.9578e-27 [ 7.4007e-60 3.0163e-52 1.0506e-44 1.3413e-27 1.6165e-27 ] 1.0000e+00
 4.533e+01 2.3126e-27 2.3126e-27 [ 4.0678e-60 1.8123e-52 8.0611e-45 1.0487e-27 1.2639e-27 ] 1.0000e+00
 4.545e+01 1.8082e-27 1.8082e-27 [ 2.2348e-60 1.0888e-52 6.1804e-45 8.1991e-28 9.8825e-28 ] 1.0000e+00
 4.556e+01 1.4137e-27 1.4137e-27 [ 1.2272e-60 6.5409e-53 4.7346e-45 6.4102e-28 7.7270e-28 ] 1.0000e+00
 4.567e+01 1.1053e-27 1.1053e-27 [ 6.7360e-61 3.9291e-53 3.6239e-45 5.0116e-28 6.0416e-28 ] 1.0000e+00
 4.579e+01 8.6419e-28 8.6419e-28 [ 3.6954e-61 2.3600e-53 2.7713e-45 3.9180e-28 4.7239e-28 ] 1.0000e+00
 4.590e+01 6.7565e-28 6.7565e-28 [ 2.0264e-61 1.4174e-53 2.1172e-45 3.0630e-28 3.6935e-28 ] 1.0000e+00
 4.601e+01 5.2824e-28 5.2824e-28 [ 1.1106e-61 8.5123e-54 1.6159e-45 2.3945e-28 2.8879e-28 ] 1.0000e+00
 4.613e+01 4.1298e-28 4.1298e-28 [ 6.0844e-62 5.1116e-54 1.2320e-45 1.8719e-28 2.2579e-28 ] 1.0000e+00
 4.624e+01 3.2286e-28 3.2286e-28 [ 3.3316e-62 3.0693e-54 9.3830e-46 1.4632e-28 1.7654e-28 ] 1.0000e+00
 4.635e+01 2.5241e-28 2.5241e-28 [ 1.8234e-62 1.8428e-54 7.1376e-46 1.1437e-28 1.3803e-28 ] 1.0000e+00
 4.647e+01 1.9732e-28 1.9732e-28 [ 9.9745e-63 1.1064e-54 5.4228e-46 8.9396e-29 1.0792e-28 ] 1.0000e+00
 4.658e+01 1.5425e-28 1.5425e-28 [ 5.4538e-63 6.6415e-55 4.1146e-46 6.9867e-29 8.4379e-29 ] 1.0000e+00
 4.669e+01 1.2057e-28 1.2057e-28 [ 2.9806e-63 3.9866e-55 3.1176e-46 5.4598e-29 6.5973e-29 ] 1.0000e+00
 4.681e+01 9.4242e-29 9.4242e-29 [ 1.6281e-63 2.3928e-55 2.3587e-46 4.2661e-29 5.1581e-29 ] 1.0000e+00
 4.692e+01 7.3656e-29 7.3656e-29 [ 8.8891e-64 1.4361e-55 1.7817e-46 3.3328e-29 4.0328e-29 ] 1.0000e+00
 4.703e+01 5.7562e-29 5.7562e-29 [ 4.8509e-64 8.6179e-56 1.3436e-46 2.6031e-29 3.1530e-29 ] 1.0000e+00
 4.715e+01 4.4978e-29 4.4978e-29 [ 2.6459e-64 5.1712e-56 1.0113e-46 2.0327e-29 2.4652e-29 ] 1.0000e+00
 4.726e+01 3.5140e-29 3.5140e-29 [ 1.4425e-64 3.1027e-56 7.5974e-47 1.5867e-29 1.9274e-29 ] 1.0000e+00
 4.737e+01 2.7448e-29 2.7448e-29 [ 7.8605e-65 1.8615e-56 5.6954e-47 1.2380e-29 1.5069e-29 ] 1.0000e+00
 4.749e+01 2.1435e-29 2.1435e-29 [ 4.2812e-65 1.1167e-56 4.2597e-47 9.6536e-30 1.1781e-29 ] 1.0000e+00
 4.760e+01 1.6733e-29 1.6733e-29 [ 2.3306e-65 6.6983e-57 3.1779e-47 7.5223e-30 9.2105e-30 ] 1.0000e+00
 4.771e+01 1.3057e-29 1.3057e-29 [ 1.2681e-65 4.0175e-57 2.3644e-47 5.8561e-30 7.2007e-30 ] 1.0000e+00
 4.783e+01 1.0183e-29 1.0183e-29 [ 6.8960e-66 2.4093e-57 1.7537e-47 4.5534e-30 5.6292e-30 ] 1.0000e+00
 4.794e+01 7.9354e-30 7.9354e-30 [ 3.7482e-66 1.4446e-57 1.2964e-47 3.5350e-30 4.4004e-30 ] 1.0000e+00
 4.805e+01 6.1784e-30 6.1784e-30 [ 2.0362e-66 8.6608e-58 9.5480e-48 2.7388e-30 3.4396e-30 ] 1.0000e+00
 4.817e+01 4.8044e-30 4.8044e-30 [ 1.1055e-66 5.1910e-58 7.0020e-48 2.1164e-30 2.6880e-30 ] 1.0000e+00
 4.828e+01 3.7300e-30 3.7300e-30 [ 5.9977e-67 3.1102e-58 5.1101e-48 1.6299e-30 2.1001e-30 ] 1.0000e+00
 4.839e+01 2.8896e-30 2.8896e-30 [ 3.2516e-67 1.8626e-58 3.7085e-48 1.2496e-30 1.6399e-30 ] 1.0000e+00
 4.851e+01 2.2321e-30 2.2321e-30 [ 1.7611e-67 1.1145e-58 2.6737e-48 9.5255e-31 1.2795e-30 ] 1.0000e+00
 4.862e+01 1.7174e-30 1.7174e-30 [ 9.5267e-68 6.6609e-59 1.9125e-48 7.2063e-31 9.9682e-31 ] 1.0000e+00
 4.873e+01 1.3144e-30 1.3144e-30 [ 5.1442e-68 3.9727e-59 1.3550e-48 5.3976e-31 7.7464e-31 ] 1.0000e+00
 4.885e+01 9.9845e-31 9.9845e-31 [ 2.7703e-68 2.3615e-59 9.4844e-49 3.9900e-31 5.9945e-31 ] 1.0000e+00
 4.896e+01 7.5044e-31 7.5044e-31 [ 1.4856e-68 1.3960e-59 6.5360e-49 2.8980e-31 4.6063e-31 ] 1.0000e+00
 4.907e+01 5.5542e-31 5.5542e-31 [ 7.9102e-69 8.1757e-60 4.4111e-49 2.0553e-31 3.4989e-31 ] 1.0000e+00
 4.919e+01 4.0178e-31 4.0178e-31 [ 4.1609e-69 4.7127e-60 2.8914e-49 1.4103e-31 2.6075e-31 ] 1.0000e+00
 4.930e+01 2.8059e-31 2.8059e-31 [ 2.1414e-69 2.6428e-60 1.8162e-49 9.2278e-32 1.8831e-31 ] 1.0000e+00
 4.941e+01 1.8516e-31 1.8516e-31 [ 1.0579e-69 1.4108e-60 1.0676e-49 5.6169e-32 1.2899e-31 ] 1.0000e+00
 4.953e+01 1.1081e-31 1.1081e-31 [ 4.8169e-70 6.8606e-61 5.6096e-50 3.0348e-32 8.0466e-32 ] 1.0000e+00
 4.964e+01 5.4900e-32 5.4900e-32 [ 1.8294e-70 2.7409e-61 2.3719e-50 1.3096e-32 4.1803e-32 ] 1.0000e+00
 4.975e+01 1.7063e-32 1.7063e-32 [ 4.1505e-71 6.4208e-62 5.7524e-51 3.2242e-33 1.3839e-32 ] 1.0000e+00
 4.987e+01 0.0000e+00 0.0000e+00 [ 0.0000e+00 0.0000e+00 0.0000e+00 0.0000e+00 0.0000e+00 ] 1.0000e+00
