 0.000e+00 0.0000e+00 0.0000e+00 [ 0.0000e+00 0.0000e+00 0.0000e+00 0.0000e+00 0.0000e+00 ] 1.0000e+00
 1.133e-01 5.8896e-02 5.8896e-02 [ 5.7750e-02 5.8466e-04 2.7217e-04 2.7003e-04 1.9496e-05 ] 9.4111e-01
 2.267e-01 1.2010e-01 1.2010e-01 [ 1.1545e-01 2.3757e-03 1.1058e-03 1.0963e-03 6.9683e-05 ] 8.7991e-01
 3.400e-01 1.8989e-01 1.8989e-01 [ 1.7926e-01 5.4455e-03 2.5343e-03 2.5090e-03 1.4140e-04 ] 8.1013e-01
 4.533e-01 2.6775e-01 2.6775e-01 [ 2.4859e-01 9.8305e-03 4.5740e-03 4.5197e-03 2.2714e-04 ] 7.3228e-01
 5.667e-01 3.5185e-01 3.5185e-01 [ 3.2180e-01 1.5454e-02 7.1883e-03 7.0862e-03 3.2001e-04 ] 6.4818e-01
 6.800e-01 4.3785e-01 4.3785e-01 [ 3.9502e-01 2.2068e-02 1.0261e-02 1.0087e-02 4.1308e-04 ] 5.6217e-01
 7.933e-01 5.1975e-01 5.1975e-01 [ 4.6307e-01 2.9258e-02 1.3599e-02 1.3326e-02 4.9970e-04 ] 4.8025e-01
 9.067e-01 5.9168e-01 5.9168e-01 [ 5.2103e-01 3.6533e-02 1.6971e-02 1.6572e-02 5.7471e-04 ] 4.0829e-01
 1.020e+00 6.4981e-01 6.4981e-01 [ 5.6590e-01 4.3464e-02 2.0179e-02 1.9627e-02 6.3566e-04 ] 3.5013e-01
 1.133e+00 6.9328e-01 6.9328e-01 [ 5.9732e-01 4.9798e-02 2.3104e-02 2.2375e-02 6.8300e-04 ] 3.0664e-01
 1.247e+00 7.2374e-01 7.2374e-01 [ 6.1703e-01 5.5477e-02 2.5719e-02 2.4792e-02 7.1928e-04 ] 2.7617e-01
 1.360e+00 7.4403e-01 7.4403e-01 [ 6.2774e-01 6.0577e-02 2.8058e-02 2.6913e-02 7.4775e-04 ] 2.5589e-01
 1.473e+00 7.5708e-01 7.5708e-01 [ 6.3209e-01 6.5230e-02 3.0182e-02 2.8799e-02 7.7133e-04 ] 2.4285e-01
 1.587e+00 7.6527e-01 7.6527e-01 [ 6.3225e-01 6.9570e-02 3.2155e-02 3.0512e-02 7.9219e-04 ] 2.3466e-01
 1.700e+00 7.7036e-01 7.7036e-01 [ 6.2972e-01 7.3704e-02 3.4024e-02 3.2101e-02 8.1169e-04 ] 2.2958e-01
 1.813e+00 7.7349e-01 7.7349e-01 [ 6.2552e-01 7.7713e-02 3.5827e-02 3.3603e-02 8.3066e-04 ] 2.2645e-01
 1.927e+00 7.7543e-01 7.7543e-01 [ 6.2030e-01 8.1650e-02 3.7589e-02 3.5044e-02 8.4949e-04 ] 2.2452e-01
 2.040e+00 7.7663e-01 7.7663e-01 [ 6.1445e-01 8.5552e-02 3.9327e-02 3.6439e-02 8.6836e-04 ] 2.2332e-01
 2.153e+00 7.7739e-01 7.7739e-01 [ 6.0821e-01 8.9441e-02 4.1051e-02 3.7799e-02 8.8734e-04 ] 2.2256e-01
 2.267e+00 7.7787e-01 7.7787e-01 [ 6.0173e-01 9.3332e-02 4.2766e-02 3.9132e-02 9.0640e-04 ] 2.2208e-01
 2.380e+00 7.7819e-01 7.7819e-01 [ 5.9511e-01 9.7235e-02 4.4479e-02 4.0442e-02 9.2554e-04 ] 2.2176e-01
 2.493e+00 7.7840e-01 7.7840e-01 [ 5.8838e-01 1.0115e-01 4.6190e-02 4.1732e-02 9.4471e-04 ] 2.2155e-01
 2.607e+00 7.7855e-01 7.7855e-01 [ 5.8159e-01 1.0509e-01 4.7902e-02 4.3004e-02 9.6391e-04 ] 2.2140e-01
 2.720e+00 7.7866e-01 7.7866e-01 [ 5.7475e-01 1.0905e-01 4.9615e-02 4.4260e-02 9.8310e-04 ] 2.2129e-01
 2.833e+00 7.7874e-01 7.7874e-01 [ 5.6788e-01 1.1303e-01 5.1330e-02 4.5501e-02 1.0023e-03 ] 2.2121e-01
 2.947e+00 7.7880e-01 7.7880e-01 [ 5.6098e-01 1.1703e-01 5.3047e-02 4.6728e-02 1.0214e-03 ] 2.2115e-01
 3.060e+00 7.7884e-01 7.7884e-01 [ 5.5405e-01 1.2105e-01 5.4767e-02 4.7941e-02 1.0406e-03 ] 2.2110e-01
 3.173e+00 7.7888e-01 7.7888e-01 [ 5.4710e-01 1.2509e-01 5.6488e-02 4.9142e-02 1.0597e-03 ] 2.2107e-01
 3.287e+00 7.7891e-01 7.7891e-01 [ 5.4013e-01 1.2915e-01 5.8213e-02 5.0331e-02 1.0789e-03 ] 2.2104e-01
 3.400e+00 7.7893e-01 7.7893e-01 [ 5.3315e-01 1.3323e-01 5.9940e-02 5.1509e-02 1.0980e-03 ] 2.2102e-01
 3.513e+00 7.7894e-01 7.7894e-01 [ 5.2614e-01 1.3733e-01 6.1671e-02 5.2677e-02 1.1172e-03 ] 2.2101e-01
 3.627e+00 7.7895e-01 7.7895e-01 [ 5.1912e-01 1.4145e-01 6.3404e-02 5.3836e-02 1.1364e-03 ] 2.2100e-01
 3.740e+00 7.7895e-01 7.7895e-01 [ 5.1208e-01 1.4558e-01 6.5141e-02 5.4986e-02 1.1556e-03 ] 2.2100e-01
 3.853e+00 7.7894e-01 7.7894e-01 [ 5.0503e-01 1.4973e-01 6.6882e-02 5.6128e-02 1.1749e-03 ] 2.2101e-01
 3.967e+00 7.7893e-01 7.7893e-01 [ 4.9795e-01 1.5390e-01 6.8627e-02 5.7263e-02 1.1942e-03 ] 2.2101e-01
 4.080e+00 7.7892e-01 7.7892e-01 [ 4.9087e-01 1.5807e-01 7.0376e-02 5.8392e-02 1.2136e-03 ] 2.2103e-01
 4.193e+00 7.7890e-01 7.7890e-01 [ 4.8376e-01 1.6226e-01 7.2129e-02 5.9515e-02 1.2331e-03 ] 2.2104e-01
 4.307e+00 7.7888e-01 7.7888e-01 [ 4.7664e-01 1.6647e-01 7.3888e-02 6.0634e-02 1.2526e-03 ] 2.2107e-01
 4.420e+00 7.7886e-01 7.7886e-01 [ 4.6951e-01 1.7068e-01 7.5652e-02 6.1749e-02 1.2723e-03 ] 2.2109e-01
 4.533e+00 7.7883e-01 7.7883e-01 [ 4.6236e-01 1.7489e-01 7.7422e-02 6.2860e-02 1.2920e-03 ] 2.2112e-01
 4.647e+00 7.7879e-01 7.7879e-01 [ 4.5520e-01 1.7912e-01 7.9198e-02 6.3969e-02 1.3118e-03 ] 2.2115e-01
 4.760e+00 7.7876e-01 7.7876e-01 [ 4.4802e-01 1.8335e-01 8.0981e-02 6.5077e-02 1.3318e-03 ] 2.2119e-01
 4.873e+00 7.7872e-01 7.7872e-01 [ 4.4083e-01 1.8758e-01 8.2771e-02 6.6184e-02 1.3519e-03 ] 2.2123e-01
 4.987e+00 7.7867e-01 7.7867e-01 [ 4.3364e-01 1.9181e-01 8.4568e-02 6.7290e-02 1.3721e-03 ] 2.2127e-01
 5.100e+00 7.7863e-01 7.7863e-01 [ 4.2643e-01 1.9604e-01 8.6373e-02 6.8397e-02 1.3925e-03 ] 2.2132e-01
 5.213e+00 7.7858e-01 7.7858e-01 [ 4.1921e-01 2.0026e-01 8.8186e-02 6.9505e-02 1.4130e-03 ] 2.2137e-01
 5.327e+00 7.7853e-01 7.7853e-01 [ 4.1199e-01 2.0448e-01 9.0008e-02 7.0615e-02 1.4336e-03 ] 2.2142e-01
 5.440e+00 7.7847e-01 7.7847e-01 [ 4.0476e-01 2.0869e-01 9.1840e-02 7.1727e-02 1.4545e-03 ] 2.2148e-01
 5.553e+00 7.7842e-01 7.7842e-01 [ 3.9753e-01 2.1289e-01 9.3681e-02 7.2843e-02 1.4755e-03 ] 2.2153e-01
 5.667e+00 7.7836e-01 7.7836e-01 [ 3.9030e-01 2.1707e-01 9.5532e-02 7.3962e-02 1.4966e-03 ] 2.2159e-01
 5.780e+00 7.7829e-01 7.7829e-01 [ 3.8306e-01 2.2123e-01 9.7394e-02 7.5086e-02 1.5179e-03 ] 2.2166e-01
 5.893e+00 7.7823e-01 7.7823e-01 [ 3.7583e-01 2.2538e-01 9.9267e-02 7.6214e-02 1.5395e-03 ] 2.2172e-01
 6.007e+00 7.7816e-01 7.7816e-01 [ 3.6860e-01 2.2950e-01 1.0115e-01 7.7348e-02 1.5612e-03 ] 2.2179e-01
 6.120e+00 7.7809e-01 7.7809e-01 [ 3.6138e-01 2.3360e-01 1.0305e-01 7.8488e-02 1.5831e-03 ] 2.2186e-01
 6.233e+00 7.7802e-01 7.7802e-01 [ 3.5416e-01 2.3766e-01 1.0496e-01 7.9635e-02 1.6052e-03 ] 2.2193e-01
 6.347e+00 7.7795e-01 7.7795e-01 [ 3.4696e-01 2.4169e-01 1.0688e-01 8.0789e-02 1.6275e-03 ] 2.2200e-01
 6.460e+00 7.7787e-01 7.7787e-01 [ 3.3977e-01 2.4569e-01 1.0881e-01 8.1950e-02 1.6501e-03 ] 2.2208e-01
 6.573e+00 7.7779e-01 7.7779e-01 [ 3.3259e-01 2.4965e-01 1.1076e-01 8.3120e-02 1.6728e-03 ] 2.2216e-01
 6.687e+00 7.7771e-01 7.7771e-01 [ 3.2544e-01 2.5356e-01 1.1273e-01 8.4298e-02 1.6958e-03 ] 2.2224e-01
 6.800e+00 7.7763e-01 7.7763e-01 [ 3.1830e-01 2.5742e-01 1.1470e-01 8.5485e-02 1.7191e-03 ] 2.2232e-01
 6.913e+00 7.7755e-01 7.7755e-01 [ 3.1119e-01 2.6123e-01 1.1670e-01 8.6682e-02 1.7425e-03 ] 2.2240e-01
 7.027e+00 7.7746e-01 7.7746e-01 [ 3.0411e-01 2.6499e-01 1.1871e-01 8.7889e-02 1.7662e-03 ] 2.2249e-01
 7.140e+00 7.7738e-01 7.7738e-01 [ 2.9706e-01 2.6869e-01 1.2073e-01 8.9106e-02 1.7902e-03 ] 2.2257e-01
 7.253e+00 7.7729e-01 7.7729e-01 [ 2.9004e-01 2.7232e-01 1.2277e-01 9.0335e-02 1.8144e-03 ] 2.2266e-01
 7.367e+00 7.7720e-01 7.7720e-01 [ 2.8306e-01 2.7589e-01 1.2483e-01 9.1574e-02 1.8388e-03 ] 2.2275e-01
 7.480e+00 7.7710e-01 7.7710e-01 [ 2.7612e-01 2.7939e-01 1.2690e-01 9.2825e-02 1.8636e-03 ] 2.2284e-01
 7.593e+00 7.7701e-01 7.7701e-01 [ 2.6923e-01 2.8281e-01 1.2899e-01 9.4088e-02 1.8886e-03 ] 2.2294e-01
 7.707e+00 7.7691e-01 7.7691e-01 [ 2.6238e-01 2.8616e-01 1.3110e-01 9.5364e-02 1.9139e-03 ] 2.2303e-01
 7.820e+00 7.7682e-01 7.7682e-01 [ 2.5558e-01 2.8942e-01 1.3323e-01 9.6652e-02 1.9394e-03 ] 2.2313e-01
 7.933e+00 7.7672e-01 7.7672e-01 [ 2.4883e-01 2.9259e-01 1.3538e-01 9.7954e-02 1.9653e-03 ] 2.2323e-01
 8.047e+00 7.7662e-01 7.7662e-01 [ 2.4214e-01 2.9567e-01 1.3754e-01 9.9269e-02 1.9914e-03 ] 2.2333e-01
 8.160e+00 7.7652e-01 7.7652e-01 [ 2.3551e-01 2.9866e-01 1.3972e-01 1.0060e-01 2.0179e-03 ] 2.2343e-01
 8.273e+00 7.7641e-01 7.7641e-01 [ 2.2895e-01 3.0155e-01 1.4192e-01 1.0194e-01 2.0446e-03 ] 2.2354e-01
 8.387e+00 7.7631e-01 7.7631e-01 [ 2.2245e-01 3.0434e-01 1.4414e-01 1.0330e-01 2.0717e-03 ] 2.2364e-01
 8.500e+00 7.7620e-01 7.7620e-01 [ 2.1602e-01 3.0703e-01 1.4638e-01 1.0467e-01 2.0991e-03 ] 2.2375e-01
 8.613e+00 7.7609e-01 7.7609e-01 [ 2.0966e-01 3.0960e-01 1.4864e-01 1.0606e-01 2.1268e-03 ] 2.2386e-01
 8.727e+00 7.7598e-01 7.7598e-01 [ 2.0338e-01 3.1206e-01 1.5092e-01 1.0747e-01 2.1548e-03 ] 2.2396e-01
 8.840e+00 7.7587e-01 7.7587e-01 [ 1.9718e-01 3.1440e-01 1.5322e-01 1.0889e-01 2.1832e-03 ] 2.2408e-01
 8.953e+00 7.7576e-01 7.7576e-01 [ 1.9106e-01 3.1663e-01 1.5553e-01 1.1032e-01 2.2119e-03 ] 2.2419e-01
 9.067e+00 7.7565e-01 7.7565e-01 [ 1.8503e-01 3.1873e-01 1.5787e-01 1.1178e-01 2.2410e-03 ] 2.2430e-01
 9.180e+00 7.7553e-01 7.7553e-01 [ 1.7908e-01 3.2071e-01 1.6023e-01 1.1325e-01 2.2705e-03 ] 2.2442e-01
 9.293e+00 7.7542e-01 7.7542e-01 [ 1.7322e-01 3.2255e-01 1.6260e-01 1.1474e-01 2.3003e-03 ] 2.2453e-01
 9.407e+00 7.7530e-01 7.7530e-01 [ 1.6746e-01 3.2427e-01 1.6500e-01 1.1625e-01 2.3304e-03 ] 2.2465e-01
 9.520e+00 7.7518e-01 7.7518e-01 [ 1.6179e-01 3.2585e-01 1.6741e-01 1.1777e-01 2.3610e-03 ] 2.2477e-01
 9.633e+00 7.7506e-01 7.7506e-01 [ 1.5622e-01 3.2729e-01 1.6985e-01 1.1931e-01 2.3919e-03 ] 2.2489e-01
 9.747e+00 7.7494e-01 7.7494e-01 [ 1.5074e-01 3.2859e-01 1.7230e-01 1.2088e-01 2.4233e-03 ] 2.2501e-01
 9.860e+00 7.7481e-01 7.7481e-01 [ 1.4537e-01 3.2975e-01 1.7477e-01 1.2246e-01 2.4550e-03 ] 2.2514e-01
 9.973e+00 7.7469e-01 7.7469e-01 [ 1.4011e-01 3.3077e-01 1.7726e-01 1.2406e-01 2.4872e-03 ] 2.2526e-01
 1.009e+01 7.7456e-01 7.7456e-01 [ 1.3495e-01 3.3165e-01 1.7976e-01 1.2568e-01 2.5198e-03 ] 2.2539e-01
 1.020e+01 7.7443e-01 7.7443e-01 [ 1.2989e-01 3.3237e-01 1.8229e-01 1.2733e-01 2.5528e-03 ] 2.2552e-01
 1.031e+01 7.7430e-01 7.7430e-01 [ 1.2495e-01 3.3295e-01 1.8483e-01 1.2899e-01 2.5863e-03 ] 2.2565e-01
 1.043e+01 7.7417e-01 7.7417e-01 [ 1.2011e-01 3.3338e-01 1.8738e-01 1.3068e-01 2.6202e-03 ] 2.2578e-01
 1.054e+01 7.7404e-01 7.7404e-01 [ 1.1539e-01 3.3366e-01 1.8995e-01 1.3239e-01 2.6545e-03 ] 2.2591e-01
 1.065e+01 7.7391e-01 7.7391e-01 [ 1.1078e-01 3.3378e-01 1.9254e-01 1.3412e-01 2.6894e-03 ] 2.2604e-01
 1.077e+01 7.7377e-01 7.7377e-01 [ 1.0628e-01 3.3376e-01 1.9514e-01 1.3587e-01 2.7247e-03 ] 2.2618e-01
 1.088e+01 7.7364e-01 7.7364e-01 [ 1.0189e-01 3.3358e-01 1.9776e-01 1.3765e-01 2.7605e-03 ] 2.2631e-01
 1.099e+01 7.7350e-01 7.7350e-01 [ 9.7617e-02 3.3325e-01 2.0038e-01 1.3945e-01 2.7968e-03 ] 2.2645e-01
 1.111e+01 7.7336e-01 7.7336e-01 [ 9.3459e-02 3.3276e-01 2.0302e-01 1.4128e-01 2.8336e-03 ] 2.2659e-01
 1.122e+01 7.7322e-01 7.7322e-01 [ 8.9416e-02 3.3213e-01 2.0567e-01 1.4313e-01 2.8709e-03 ] 2.2673e-01
 1.133e+01 7.7308e-01 7.7308e-01 [ 8.5487e-02 3.3134e-01 2.0833e-01 1.4501e-01 2.9088e-03 ] 2.2687e-01
 1.145e+01 7.7293e-01 7.7293e-01 [ 8.1672e-02 3.3040e-01 2.1100e-01 1.4691e-01 2.9472e-03 ] 2.2702e-01
 1.156e+01 7.7279e-01 7.7279e-01 [ 7.7972e-02 3.2931e-01 2.1367e-01 1.4884e-01 2.9861e-03 ] 2.2716e-01
 1.167e+01 7.7264e-01 7.7264e-01 [ 7.4385e-02 3.2808e-01 2.1635e-01 1.5080e-01 3.0256e-03 ] 2.2731e-01
 1.179e+01 7.7249e-01 7.7249e-01 [ 7.0911e-02 3.2669e-01 2.1904e-01 1.5279e-01 3.0657e-03 ] 2.2746e-01
 1.190e+01 7.7234e-01 7.7234e-01 [ 6.7549e-02 3.2516e-01 2.2173e-01 1.5480e-01 3.1064e-03 ] 2.2760e-01
 1.201e+01 7.7219e-01 7.7219e-01 [ 6.4299e-02 3.2348e-01 2.2442e-01 1.5684e-01 3.1476e-03 ] 2.2776e-01
 1.213e+01 7.7204e-01 7.7204e-01 [ 6.1159e-02 3.2166e-01 2.2711e-01 1.5892e-01 3.1895e-03 ] 2.2791e-01
 1.224e+01 7.7189e-01 7.7189e-01 [ 5.8128e-02 3.1970e-01 2.2980e-01 1.6102e-01 3.2320e-03 ] 2.2806e-01
 1.235e+01 7.7173e-01 7.7173e-01 [ 5.5205e-02 3.1761e-01 2.3249e-01 1.6316e-01 3.2752e-03 ] 2.2822e-01
 1.247e+01 7.7157e-01 7.7157e-01 [ 5.2389e-02 3.1537e-01 2.3517e-01 1.6533e-01 3.3189e-03 ] 2.2837e-01
 1.258e+01 7.7142e-01 7.7142e-01 [ 4.9677e-02 3.1301e-01 2.3784e-01 1.6753e-01 3.3634e-03 ] 2.2853e-01
 1.269e+01 7.7126e-01 7.7126e-01 [ 4.7069e-02 3.1051e-01 2.4051e-01 1.6976e-01 3.4085e-03 ] 2.2869e-01
 1.281e+01 7.7109e-01 7.7109e-01 [ 4.4563e-02 3.0788e-01 2.4317e-01 1.7203e-01 3.4543e-03 ] 2.2885e-01
 1.292e+01 7.7093e-01 7.7093e-01 [ 4.2156e-02 3.0513e-01 2.4581e-01 1.7433e-01 3.5008e-03 ] 2.2902e-01
 1.303e+01 7.7077e-01 7.7077e-01 [ 3.9848e-02 3.0226e-01 2.4844e-01 1.7667e-01 3.5480e-03 ] 2.2918e-01
 1.315e+01 7.7060e-01 7.7060e-01 [ 3.7635e-02 2.9927e-01 2.5105e-01 1.7905e-01 3.5959e-03 ] 2.2935e-01
 1.326e+01 7.7043e-01 7.7043e-01 [ 3.5516e-02 2.9617e-01 2.5364e-01 1.8146e-01 3.6446e-03 ] 2.2952e-01
 1.337e+01 7.7026e-01 7.7026e-01 [ 3.3489e-02 2.9296e-01 2.5621e-01 1.8391e-01 3.6940e-03 ] 2.2969e-01
 1.349e+01 7.7009e-01 7.7009e-01 [ 3.1551e-02 2.8963e-01 2.5876e-01 1.8640e-01 3.7441e-03 ] 2.2986e-01
 1.360e+01 7.6992e-01 7.6992e-01 [ 2.9700e-02 2.8621e-01 2.6128e-01 1.8893e-01 3.7950e-03 ] 2.3003e-01
 1.371e+01 7.6974e-01 7.6974e-01 [ 2.7935e-02 2.8269e-01 2.6377e-01 1.9151e-01 3.8467e-03 ] 2.3021e-01
 1.383e+01 7.6957e-01 7.6957e-01 [ 2.6252e-02 2.7907e-01 2.6622e-01 1.9412e-01 3.8992e-03 ] 2.3038e-01
 1.394e+01 7.6939e-01 7.6939e-01 [ 2.4649e-02 2.7536e-01 2.6865e-01 1.9678e-01 3.9525e-03 ] 2.3056e-01
 1.405e+01 7.6921e-01 7.6921e-01 [ 2.3124e-02 2.7157e-01 2.7103e-01 1.9948e-01 4.0066e-03 ] 2.3074e-01
 1.417e+01 7.6903e-01 7.6903e-01 [ 2.1675e-02 2.6769e-01 2.7338e-01 2.0222e-01 4.0615e-03 ] 2.3092e-01
 1.428e+01 7.6884e-01 7.6884e-01 [ 2.0298e-02 2.6374e-01 2.7568e-01 2.0501e-01 4.1172e-03 ] 2.3110e-01
 1.439e+01 7.6866e-01 7.6866e-01 [ 1.8993e-02 2.5971e-01 2.7794e-01 2.0785e-01 4.1738e-03 ] 2.3129e-01
 1.451e+01 7.6847e-01 7.6847e-01 [ 1.7755e-02 2.5561e-01 2.8015e-01 2.1073e-01 4.2312e-03 ] 2.3148e-01
 1.462e+01 7.6829e-01 7.6829e-01 [ 1.6583e-02 2.5145e-01 2.8230e-01 2.1366e-01 4.2894e-03 ] 2.3166e-01
 1.473e+01 7.6810e-01 7.6810e-01 [ 1.5475e-02 2.4723e-01 2.8440e-01 2.1664e-01 4.3485e-03 ] 2.3185e-01
 1.485e+01 7.6790e-01 7.6790e-01 [ 1.4427e-02 2.4296e-01 2.8645e-01 2.1967e-01 4.4085e-03 ] 2.3205e-01
 1.496e+01 7.6771e-01 7.6771e-01 [ 1.3438e-02 2.3863e-01 2.8843e-01 2.2275e-01 4.4693e-03 ] 2.3224e-01
 1.507e+01 7.6751e-01 7.6751e-01 [ 1.2506e-02 2.3426e-01 2.9035e-01 2.2588e-01 4.5309e-03 ] 2.3243e-01
 1.519e+01 7.6732e-01 7.6732e-01 [ 1.1627e-02 2.2984e-01 2.9220e-01 2.2906e-01 4.5935e-03 ] 2.3263e-01
 1.530e+01 7.6712e-01 7.6712e-01 [ 1.0799e-02 2.2539e-01 2.9398e-01 2.3229e-01 4.6568e-03 ] 2.3283e-01
 1.541e+01 7.6692e-01 7.6692e-01 [ 1.0021e-02 2.2090e-01 2.9569e-01 2.3558e-01 4.7210e-03 ] 2.3303e-01
 1.553e+01 7.6672e-01 7.6672e-01 [ 9.2907e-03 2.1639e-01 2.9733e-01 2.3892e-01 4.7861e-03 ] 2.3323e-01
 1.564e+01 7.6651e-01 7.6651e-01 [ 8.6050e-03 2.1186e-01 2.9888e-01 2.4232e-01 4.8520e-03 ] 2.3344e-01
 1.575e+01 7.6630e-01 7.6630e-01 [ 7.9621e-03 2.0730e-01 3.0036e-01 2.4577e-01 4.9187e-03 ] 2.3364e-01
 1.587e+01 7.6610e-01 7.6610e-01 [ 7.3601e-03 2.0273e-01 3.0175e-01 2.4927e-01 4.9862e-03 ] 2.3385e-01
 1.598e+01 7.6589e-01 7.6589e-01 [ 6.7969e-03 1.9816e-01 3.0305e-01 2.5283e-01 5.0545e-03 ] 2.3406e-01
 1.609e+01 7.6568e-01 7.6568e-01 [ 6.2706e-03 1.9357e-01 3.0426e-01 2.5645e-01 5.1236e-03 ] 2.3427e-01
 1.621e+01 7.6546e-01 7.6546e-01 [ 5.7792e-03 1.8899e-01 3.0539e-01 2.6012e-01 5.1935e-03 ] 2.3449e-01
 1.632e+01 7.6525e-01 7.6525e-01 [ 5.3210e-03 1.8440e-01 3.0641e-01 2.6385e-01 5.2641e-03 ] 2.3470e-01
 1.643e+01 7.6503e-01 7.6503e-01 [ 4.8941e-03 1.7983e-01 3.0735e-01 2.6763e-01 5.3354e-03 ] 2.3492e-01
 1.655e+01 7.6481e-01 7.6481e-01 [ 4.4968e-03 1.7526e-01 3.0818e-01 2.7147e-01 5.4074e-03 ] 2.3514e-01
 1.666e+01 7.6459e-01 7.6459e-01 [ 4.1275e-03 1.7071e-01 3.0891e-01 2.7536e-01 5.4800e-03 ] 2.3536e-01
 1.677e+01 7.6437e-01 7.6437e-01 [ 3.7846e-03 1.6618e-01 3.0954e-01 2.7931e-01 5.5533e-03 ] 2.3558e-01
 1.689e+01 7.6415e-01 7.6415e-01 [ 3.4666e-03 1.6168e-01 3.1007e-01 2.8331e-01 5.6271e-03 ] 2.3580e-01
 1.700e+01 7.6392e-01 7.6392e-01 [ 3.1719e-03 1.5720e-01 3.1049e-01 2.8736e-01 5.7015e-03 ] 2.3602e-01
 1.711e+01 7.6370e-01 7.6370e-01 [ 2.8991e-03 1.5275e-01 3.1080e-01 2.9147e-01 5.7763e-03 ] 2.3625e-01
 1.723e+01 7.6347e-01 7.6347e-01 [ 2.6470e-03 1.4834e-01 3.1101e-01 2.9562e-01 5.8516e-03 ] 2.3648e-01
 1.734e+01 7.6324e-01 7.6324e-01 [ 2.4141e-03 1.4396e-01 3.1111e-01 2.9983e-01 5.9272e-03 ] 2.3671e-01
 1.745e+01 7.6301e-01 7.6301e-01 [ 2.1993e-03 1.3963e-01 3.1110e-01 3.0408e-01 6.0032e-03 ] 2.3693e-01
 1.757e+01 7.6278e-01 7.6278e-01 [ 2.0014e-03 1.3535e-01 3.1098e-01 3.0838e-01 6.0794e-03 ] 2.3717e-01
 1.768e+01 7.6255e-01 7.6255e-01 [ 1.8193e-03 1.3111e-01 3.1075e-01 3.1272e-01 6.1558e-03 ] 2.3740e-01
 1.779e+01 7.6232e-01 7.6232e-01 [ 1.6519e-03 1.2692e-01 3.1041e-01 3.1710e-01 6.2323e-03 ] 2.3763e-01
 1.791e+01 7.6209e-01 7.6209e-01 [ 1.4982e-03 1.2279e-01 3.0997e-01 3.2152e-01 6.3088e-03 ] 2.3786e-01
 1.802e+01 7.6185e-01 7.6185e-01 [ 1.3572e-03 1.1872e-01 3.0942e-01 3.2597e-01 6.3853e-03 ] 2.3809e-01
 1.813e+01 7.6162e-01 7.6162e-01 [ 1.2281e-03 1.1471e-01 3.0876e-01 3.3046e-01 6.4616e-03 ] 2.3833e-01
 1.825e+01 7.6139e-01 7.6139e-01 [ 1.1099e-03 1.1077e-01 3.0800e-01 3.3497e-01 6.5377e-03 ] 2.3856e-01
 1.836e+01 7.6116e-01 7.6116e-01 [ 1.0020e-03 1.0689e-01 3.0714e-01 3.3951e-01 6.6135e-03 ] 2.3879e-01
 1.847e+01 7.6092e-01 7.6092e-01 [ 9.0346e-04 1.0309e-01 3.0618e-01 3.4407e-01 6.6888e-03 ] 2.3903e-01
 1.859e+01 7.6069e-01 7.6069e-01 [ 8.1365e-04 9.9357e-02 3.0512e-01 3.4864e-01 6.7636e-03 ] 2.3926e-01
 1.870e+01 7.6046e-01 7.6046e-01 [ 7.3188e-04 9.5702e-02 3.0397e-01 3.5322e-01 6.8378e-03 ] 2.3949e-01
 1.881e+01 7.6023e-01 7.6023e-01 [ 6.5752e-04 9.2127e-02 3.0273e-01 3.5781e-01 6.9111e-03 ] 2.3972e-01
 1.893e+01 7.6000e-01 7.6000e-01 [ 5.9000e-04 8.8634e-02 3.0140e-01 3.6239e-01 6.9836e-03 ] 2.3995e-01
 1.904e+01 7.5978e-01 7.5978e-01 [ 5.2876e-04 8.5225e-02 3.0000e-01 3.6697e-01 7.0551e-03 ] 2.4018e-01
 1.915e+01 7.5955e-01 7.5955e-01 [ 4.7328e-04 8.1904e-02 2.9852e-01 3.7153e-01 7.1255e-03 ] 2.4040e-01
 1.927e+01 7.5933e-01 7.5933e-01 [ 4.2311e-04 7.8672e-02 2.9696e-01 3.7608e-01 7.1946e-03 ] 2.4062e-01
 1.938e+01 7.5911e-01 7.5911e-01 [ 3.7778e-04 7.5532e-02 2.9534e-01 3.8060e-01 7.2623e-03 ] 2.4085e-01
 1.949e+01 7.5889e-01 7.5889e-01 [ 3.3689e-04 7.2486e-02 2.9366e-01 3.8508e-01 7.3285e-03 ] 2.4107e-01
 1.961e+01 7.5867e-01 7.5867e-01 [ 3.0005e-04 6.9536e-02 2.9192e-01 3.8952e-01 7.3931e-03 ] 2.4128e-01
 1.972e+01 7.5845e-01 7.5845e-01 [ 2.6692e-04 6.6685e-02 2.9014e-01 3.9391e-01 7.4559e-03 ] 2.4150e-01
 1.983e+01 7.5823e-01 7.5823e-01 [ 2.3716e-04 6.3934e-02 2.8831e-01 3.9823e-01 7.5169e-03 ] 2.4172e-01
 1.995e+01 7.5800e-01 7.5800e-01 [ 2.1047e-04 6.1285e-02 2.8644e-01 4.0249e-01 7.5759e-03 ] 2.4195e-01
 2.006e+01 7.5776e-01 7.5776e-01 [ 1.8657e-04 5.8740e-02 2.8454e-01 4.0666e-01 7.6329e-03 ] 2.4218e-01
 2.017e+01 7.5751e-01 7.5751e-01 [ 1.6521e-04 5.6300e-02 2.8261e-01 4.1074e-01 7.6878e-03 ] 2.4243e-01
 2.029e+01 7.5722e-01 7.5722e-01 [ 1.4615e-04 5.3966e-02 2.8066e-01 4.1471e-01 7.7408e-03 ] 2.4272e-01
 2.040e+01 7.5688e-01 7.5688e-01 [ 1.2918e-04 5.1738e-02 2.7868e-01 4.1854e-01 7.7917e-03 ] 2.4305e-01
 2.051e+01 7.5645e-01 7.5645e-01 [ 1.1409e-04 4.9616e-02 2.7667e-01 4.2222e-01 7.8408e-03 ] 2.4347e-01
 2.063e+01 7.5589e-01 7.5589e-01 [ 1.0070e-04 4.7600e-02 2.7461e-01 4.2569e-01 7.8882e-03 ] 2.4403e-01
 2.074e+01 7.5510e-01 7.5510e-01 [ 8.8844e-05 4.5684e-02 2.7250e-01 4.2890e-01 7.9341e-03 ] 2.4481e-01
 2.085e+01 7.5397e-01 7.5397e-01 [ 7.8366e-05 4.3865e-02 2.7028e-01 4.3177e-01 7.9787e-03 ] 2.4595e-01
 2.097e+01 7.5228e-01 7.5228e-01 [ 6.9120e-05 4.2133e-02 2.6790e-01 4.3416e-01 8.0221e-03 ] 2.4763e-01
 2.108e+01 7.4974e-01 7.4974e-01 [ 6.0969e-05 4.0475e-02 2.6525e-01 4.3588e-01 8.0636e-03 ] 2.5019e-01
 2.119e+01 7.4586e-01 7.4586e-01 [ 5.3782e-05 3.8868e-02 2.6219e-01 4.3665e-01 8.1017e-03 ] 2.5408e-01
 2.131e+01 7.3995e-01 7.3995e-01 [ 4.7433e-05 3.7281e-02 2.5847e-01 4.3602e-01 8.1332e-03 ] 2.6001e-01
 2.142e+01 7.3099e-01 7.3099e-01 [ 4.1795e-05 3.5671e-02 2.5376e-01 4.3337e-01 8.1517e-03 ] 2.6900e-01
 2.153e+01 7.1761e-01 7.1761e-01 [ 3.6744e-05 3.3977e-02 2.4761e-01 4.2784e-01 8.1467e-03 ] 2.8243e-01
 2.165e+01 6.9803e-01 6.9803e-01 [ 3.2159e-05 3.2128e-02 2.3942e-01 4.1835e-01 8.1019e-03 ] 3.0205e-01
 2.176e+01 6.7031e-01 6.7031e-01 [ 2.7930e-05 3.0046e-02 2.2856e-01 4.0368e-01 7.9960e-03 ] 3.2980e-01
 2.187e+01 6.3274e-01 6.3274e-01 [ 2.3972e-05 2.7668e-02 2.1448e-01 3.8276e-01 7.8052e-03 ] 3.6736e-01
 2.199e+01 5.8453e-01 5.8453e-01 [ 2.0241e-05 2.4970e-02 1.9697e-01 3.5506e-01 7.5091e-03 ] 4.1552e-01
 2.210e+01 5.2648e-01 5.2648e-01 [ 1.6743e-05 2.1999e-02 1.7634e-01 3.2103e-01 7.0992e-03 ] 4.7349e-01
 2.221e+01 4.6125e-01 4.6125e-01 [ 1.3528e-05 1.8869e-02 1.5352e-01 2.8226e-01 6.5846e-03 ] 5.3864e-01
 2.233e+01 3.9288e-01 3.9288e-01 [ 1.0662e-05 1.5744e-02 1.2990e-01 2.4124e-01 5.9918e-03 ] 6.0693e-01
 2.244e+01 3.2581e-01 3.2581e-01 [ 8.2023e-06 1.2792e-02 1.0695e-01 2.0070e-01 5.3580e-03 ] 6.7396e-01
 2.255e+01 2.6378e-01 2.6378e-01 [ 6.1708e-06 1.0146e-02 8.5900e-02 1.6301e-01 4.7212e-03 ] 7.3598e-01
 2.267e+01 2.0925e-01 2.0925e-01 [ 4.5528e-06 7.8809e-03 6.7542e-02 1.2971e-01 4.1123e-03 ] 7.9052e-01
 2.278e+01 1.6327e-01 1.6327e-01 [ 3.3046e-06 6.0162e-03 5.2175e-02 1.0152e-01 3.5519e-03 ] 8.3654e-01
 2.289e+01 1.2576e-01 1.2576e-01 [ 2.3668e-06 4.5288e-03 3.9734e-02 7.8441e-02 3.0505e-03 ] 8.7408e-01
 2.301e+01 9.5940e-02 9.5940e-02 [ 1.6773e-06 3.3715e-03 2.9921e-02 6.0035e-02 2.6104e-03 ] 9.0393e-01
 2.312e+01 7.2699e-02 7.2699e-02 [ 1.1788e-06 2.4885e-03 2.2337e-02 4.5643e-02 2.2292e-03 ] 9.2720e-01
 2.323e+01 5.4845e-02 5.4845e-02 [ 8.2311e-07 1.8247e-03 1.6564e-02 3.4555e-02 1.9017e-03 ] 9.4508e-01
 2.335e+01 4.1275e-02 4.1275e-02 [ 5.7188e-07 1.3313e-03 1.2221e-02 2.6101e-02 1.6217e-03 ] 9.5867e-01
 2.346e+01 3.1036e-02 3.1036e-02 [ 3.9580e-07 9.6756e-04 8.9821e-03 1.9703e-02 1.3829e-03 ] 9.6892e-01
 2.357e+01 2.3348e-02 2.3348e-02 [ 2.7311e-07 7.0121e-04 6.5827e-03 1.4885e-02 1.1794e-03 ] 9.7662e-01
 2.369e+01 1.7593e-02 1.7593e-02 [ 1.8800e-07 5.0707e-04 4.8138e-03 1.1266e-02 1.0062e-03 ] 9.8238e-01
 2.380e+01 1.3291e-02 1.3291e-02 [ 1.2918e-07 3.6607e-04 3.5146e-03 8.5518e-03 8.5856e-04 ] 9.8669e-01
 2.391e+01 1.0075e-02 1.0075e-02 [ 8.8628e-08 2.6395e-04 2.5628e-03 6.5157e-03 7.3279e-04 ] 9.8991e-01
 2.403e+01 7.6691e-03 7.6691e-03 [ 6.0731e-08 1.9013e-04 1.8670e-03 4.9864e-03 6.2555e-04 ] 9.9232e-01
 2.414e+01 5.8654e-03 5.8654e-03 [ 4.1573e-08 1.3686e-04 1.3592e-03 3.8352e-03 5.3410e-04 ] 9.9413e-01
 2.425e+01 4.5097e-03 4.5097e-03 [ 2.8433e-08 9.8449e-05 9.8894e-04 2.9662e-03 4.5607e-04 ] 9.9548e-01
 2.437e+01 3.4872e-03 3.4872e-03 [ 1.9432e-08 7.0788e-05 7.1924e-04 2.3076e-03 3.8947e-04 ] 9.9651e-01
 2.448e+01 2.7129e-03 2.7129e-03 [ 1.3271e-08 5.0879e-05 5.2292e-04 1.8064e-03 3.3262e-04 ] 9.9728e-01
 2.459e+01 2.1239e-03 2.1239e-03 [ 9.0578e-09 3.6559e-05 3.8009e-04 1.4231e-03 2.8408e-04 ] 9.9787e-01
 2.471e+01 1.6735e-03 1.6735e-03 [ 6.1786e-09 2.6262e-05 2.7621e-04 1.1284e-03 2.4264e-04 ] 9.9832e-01
 2.482e+01 1.3272e-03 1.3272e-03 [ 4.2124e-09 1.8861e-05 2.0069e-04 9.0041e-04 2.0724e-04 ] 9.9867e-01
 2.493e+01 1.0594e-03 1.0594e-03 [ 2.8704e-09 1.3543e-05 1.4579e-04 7.2301e-04 1.7701e-04 ] 9.9894e-01
 2.505e+01 8.5090e-04 8.5090e-04 [ 1.9550e-09 9.7230e-06 1.0590e-04 5.8409e-04 1.5119e-04 ] 9.9915e-01
 2.516e+01 6.8761e-04 6.8761e-04 [ 1.3309e-09 6.9793e-06 7.6919e-05 4.7458e-04 1.2913e-04 ] 9.9931e-01
 2.527e+01 5.5887e-04 5.5887e-04 [ 9.0556e-10 5.0092e-06 5.5862e-05 3.8771e-04 1.1030e-04 ] 9.9944e-01
 2.539e+01 4.5670e-04 4.5670e-04 [ 6.1589e-10 3.5947e-06 4.0566e-05 3.1833e-04 9.4206e-05 ] 9.9954e-01
 2.550e+01 3.7509e-04 3.7509e-04 [ 4.1869e-10 2.5793e-06 2.9457e-05 2.6259e-04 8.0462e-05 ] 9.9962e-01
 2.561e+01 3.0950e-04 3.0950e-04 [ 2.8450e-10 1.8505e-06 2.1388e-05 2.1753e-04 6.8724e-05 ] 9.9969e-01
 2.573e+01 2.5645e-04 2.5645e-04 [ 1.9323e-10 1.3275e-06 1.5529e-05 1.8090e-04 5.8697e-05 ] 9.9974e-01
 2.584e+01 2.1331e-04 2.1331e-04 [ 1.3118e-10 9.5219e-07 1.1274e-05 1.5095e-04 5.0133e-05 ] 9.9979e-01
 2.595e+01 1.7803e-04 1.7803e-04 [ 8.9020e-11 6.8292e-07 8.1848e-06 1.2634e-04 4.2818e-05 ] 9.9982e-01
 2.607e+01 1.4903e-04 1.4903e-04 [ 6.0381e-11 4.8974e-07 5.9416e-06 1.0603e-04 3.6570e-05 ] 9.9985e-01
 2.618e+01 1.2510e-04 1.2510e-04 [ 4.0937e-11 3.5117e-07 4.3130e-06 8.9201e-05 3.1233e-05 ] 9.9987e-01
 2.629e+01 1.0525e-04 1.0525e-04 [ 2.7743e-11 2.5179e-07 3.1307e-06 7.5197e-05 2.6675e-05 ] 9.9989e-01
 2.641e+01 8.8741e-05 8.8741e-05 [ 1.8792e-11 1.8051e-07 2.2724e-06 6.3506e-05 2.2782e-05 ] 9.9991e-01
 2.652e+01 7.4953e-05 7.4953e-05 [ 1.2724e-11 1.2939e-07 1.6493e-06 5.3717e-05 1.9457e-05 ] 9.9993e-01
 2.663e+01 6.3406e-05 6.3406e-05 [ 8.6112e-12 9.2745e-08 1.1970e-06 4.5499e-05 1.6617e-05 ] 9.9994e-01
 2.675e+01 5.3710e-05 5.3710e-05 [ 5.8252e-12 6.6470e-08 8.6871e-07 3.8583e-05 1.4192e-05 ] 9.9995e-01
 2.686e+01 4.5550e-05 4.5550e-05 [ 3.9388e-12 4.7634e-08 6.3043e-07 3.2752e-05 1.2120e-05 ] 9.9995e-01
 2.697e+01 3.8668e-05 3.8668e-05 [ 2.6621e-12 3.4132e-08 4.5749e-07 2.7825e-05 1.0351e-05 ] 9.9996e-01
 2.709e+01 3.2854e-05 3.2854e-05 [ 1.7984e-12 2.4455e-08 3.3198e-07 2.3658e-05 8.8397e-06 ] 9.9997e-01
 2.720e+01 2.7935e-05 2.7935e-05 [ 1.2144e-12 1.7519e-08 2.4089e-07 2.0127e-05 7.5491e-06 ] 9.9997e-01
 2.731e+01 2.3767e-05 2.3767e-05 [ 8.1963e-13 1.2550e-08 1.7479e-07 1.7132e-05 6.4470e-06 ] 9.9998e-01
 2.743e+01 2.0231e-05 2.0231e-05 [ 5.5295e-13 8.9888e-09 1.2682e-07 1.4590e-05 5.5057e-06 ] 9.9998e-01
 2.754e+01 1.7230e-05 1.7230e-05 [ 3.7287e-13 6.4376e-09 9.2011e-08 1.2430e-05 4.7017e-06 ] 9.9998e-01
 2.765e+01 1.4679e-05 1.4679e-05 [ 2.5132e-13 4.6101e-09 6.6754e-08 1.0593e-05 4.0152e-06 ] 9.9999e-01
 2.777e+01 1.2511e-05 1.2511e-05 [ 1.6932e-13 3.3010e-09 4.8429e-08 9.0301e-06 3.4288e-06 ] 9.9999e-01
 2.788e+01 1.0665e-05 1.0665e-05 [ 1.1402e-13 2.3634e-09 3.5132e-08 7.6996e-06 2.9281e-06 ] 9.9999e-01
 2.799e+01 9.0942e-06 9.0942e-06 [ 7.6744e-14 1.6919e-09 2.5485e-08 6.5665e-06 2.5005e-06 ] 9.9999e-01
 2.811e+01 7.7561e-06 7.7561e-06 [ 5.1631e-14 1.2111e-09 1.8487e-08 5.6011e-06 2.1353e-06 ] 9.9999e-01
 2.822e+01 6.6160e-06 6.6160e-06 [ 3.4720e-14 8.6685e-10 1.3409e-08 4.7783e-06 1.8234e-06 ] 9.9999e-01
 2.833e+01 5.6443e-06 5.6443e-06 [ 2.3337e-14 6.2038e-10 9.7262e-09 4.0769e-06 1.5571e-06 ] 9.9999e-01
 2.845e+01 4.8159e-06 4.8159e-06 [ 1.5678e-14 4.4394e-10 7.0544e-09 3.4787e-06 1.3296e-06 ] 1.0000e+00
 2.856e+01 4.1094e-06 4.1094e-06 [ 1.0528e-14 3.1765e-10 5.1164e-09 2.9686e-06 1.1354e-06 ] 1.0000e+00
 2.867e+01 3.5069e-06 3.5069e-06 [ 7.0665e-15 2.2726e-10 3.7106e-09 2.5335e-06 9.6952e-07 ] 1.0000e+00
 2.879e+01 2.9930e-06 2.9930e-06 [ 4.7408e-15 1.6257e-10 2.6910e-09 2.1622e-06 8.2788e-07 ] 1.0000e+00
 2.890e+01 2.5545e-06 2.5545e-06 [ 3.1790e-15 1.1629e-10 1.9514e-09 1.8455e-06 7.0692e-07 ] 1.0000e+00
 2.901e+01 2.1803e-06 2.1803e-06 [ 2.1307e-15 8.3170e-11 1.4151e-09 1.5752e-06 6.0363e-07 ] 1.0000e+00
 2.913e+01 1.8611e-06 1.8611e-06 [ 1.4274e-15 5.9478e-11 1.0261e-09 1.3446e-06 5.1543e-07 ] 1.0000e+00
 2.924e+01 1.5886e-06 1.5886e-06 [ 9.5578e-16 4.2530e-11 7.4404e-10 1.1477e-06 4.4011e-07 ] 1.0000e+00
 2.935e+01 1.3561e-06 1.3561e-06 [ 6.3968e-16 3.0408e-11 5.3948e-10 9.7968e-07 3.7580e-07 ] 1.0000e+00
 2.947e+01 1.1576e-06 1.1576e-06 [ 4.2792e-16 2.1739e-11 3.9115e-10 8.3628e-07 3.2088e-07 ] 1.0000e+00
 2.958e+01 9.8815e-07 9.8815e-07 [ 2.8612e-16 1.5540e-11 2.8359e-10 7.1387e-07 2.7398e-07 ] 1.0000e+00
 2.969e+01 8.4354e-07 8.4354e-07 [ 1.9122e-16 1.1107e-11 2.0560e-10 6.0939e-07 2.3394e-07 ] 1.0000e+00
 2.981e+01 7.2010e-07 7.2010e-07 [ 1.2773e-16 7.9376e-12 1.4905e-10 5.2020e-07 1.9975e-07 ] 1.0000e+00
 2.992e+01 6.1473e-07 6.1473e-07 [ 8.5279e-17 5.6721e-12 1.0805e-10 4.4407e-07 1.7055e-07 ] 1.0000e+00
 3.003e+01 5.2477e-07 5.2477e-07 [ 5.6909e-17 4.0528e-12 7.8330e-11 3.7907e-07 1.4562e-07 ] 1.0000e+00
 3.015e+01 4.4799e-07 4.4799e-07 [ 3.7959e-17 2.8954e-12 5.6781e-11 3.2359e-07 1.2433e-07 ] 1.0000e+00
 3.026e+01 3.8243e-07 3.8243e-07 [ 2.5306e-17 2.0683e-12 4.1159e-11 2.7623e-07 1.0615e-07 ] 1.0000e+00
 3.037e+01 3.2647e-07 3.2647e-07 [ 1.6863e-17 1.4773e-12 2.9834e-11 2.3580e-07 9.0634e-08 ] 1.0000e+00
 3.049e+01 2.7870e-07 2.7870e-07 [ 1.1231e-17 1.0551e-12 2.1625e-11 2.0129e-07 7.7382e-08 ] 1.0000e+00
 3.060e+01 2.3791e-07 2.3791e-07 [ 7.4761e-18 7.5342e-13 1.5674e-11 1.7183e-07 6.6068e-08 ] 1.0000e+00
 3.071e+01 2.0310e-07 2.0310e-07 [ 4.9743e-18 5.3795e-13 1.1361e-11 1.4668e-07 5.6407e-08 ] 1.0000e+00
 3.083e+01 1.7337e-07 1.7337e-07 [ 3.3080e-18 3.8406e-13 8.2340e-12 1.2521e-07 4.8158e-08 ] 1.0000e+00
 3.094e+01 1.4800e-07 1.4800e-07 [ 2.1988e-18 2.7416e-13 5.9679e-12 1.0688e-07 4.1115e-08 ] 1.0000e+00
 3.105e+01 1.2634e-07 1.2634e-07 [ 1.4608e-18 1.9569e-13 4.3254e-12 9.1232e-08 3.5102e-08 ] 1.0000e+00
 3.117e+01 1.0785e-07 1.0785e-07 [ 9.6999e-19 1.3966e-13 3.1350e-12 7.7876e-08 2.9968e-08 ] 1.0000e+00
 3.128e+01 9.2061e-08 9.2061e-08 [ 6.4377e-19 9.9659e-14 2.2722e-12 6.6474e-08 2.5585e-08 ] 1.0000e+00
 3.139e+01 7.8585e-08 7.8585e-08 [ 4.2704e-19 7.1108e-14 1.6469e-12 5.6741e-08 2.1842e-08 ] 1.0000e+00
 3.151e+01 6.7081e-08 6.7081e-08 [ 2.8314e-19 5.0730e-14 1.1937e-12 4.8433e-08 1.8647e-08 ] 1.0000e+00
 3.162e+01 5.7261e-08 5.7261e-08 [ 1.8763e-19 3.6188e-14 8.6528e-13 4.1341e-08 1.5919e-08 ] 1.0000e+00
 3.173e+01 4.8878e-08 4.8878e-08 [ 1.2427e-19 2.5811e-14 6.2724e-13 3.5287e-08 1.3590e-08 ] 1.0000e+00
 3.185e+01 4.1721e-08 4.1721e-08 [ 8.2270e-20 1.8408e-14 4.5472e-13 3.0119e-08 1.1602e-08 ] 1.0000e+00
 3.196e+01 3.5612e-08 3.5612e-08 [ 5.4435e-20 1.3126e-14 3.2968e-13 2.5708e-08 9.9041e-09 ] 1.0000e+00
 3.207e+01 3.0398e-08 3.0398e-08 [ 3.5999e-20 9.3587e-15 2.3905e-13 2.1943e-08 8.4549e-09 ] 1.0000e+00
 3.219e+01 2.5946e-08 2.5946e-08 [ 2.3795e-20 6.6719e-15 1.7337e-13 1.8729e-08 7.2176e-09 ] 1.0000e+00
 3.230e+01 2.2147e-08 2.2147e-08 [ 1.5720e-20 4.7558e-15 1.2575e-13 1.5985e-08 6.1613e-09 ] 1.0000e+00
 3.241e+01 1.8903e-08 1.8903e-08 [ 1.0380e-20 3.3896e-15 9.1233e-14 1.3643e-08 5.2596e-09 ] 1.0000e+00
 3.253e+01 1.6134e-08 1.6134e-08 [ 6.8503e-21 2.4155e-15 6.6207e-14 1.1645e-08 4.4898e-09 ] 1.0000e+00
 3.264e+01 1.3771e-08 1.3771e-08 [ 4.5186e-21 1.7212e-15 4.8061e-14 9.9385e-09 3.8326e-09 ] 1.0000e+00
 3.275e+01 1.1754e-08 1.1754e-08 [ 2.9790e-21 1.2263e-15 3.4902e-14 8.4823e-09 3.2716e-09 ] 1.0000e+00
 3.287e+01 1.0032e-08 1.0032e-08 [ 1.9629e-21 8.7355e-16 2.5357e-14 7.2393e-09 2.7927e-09 ] 1.0000e+00
 3.298e+01 8.5623e-09 8.5623e-09 [ 1.2928e-21 6.2221e-16 1.8432e-14 6.1785e-09 2.3838e-09 ] 1.0000e+00
 3.309e+01 7.3078e-09 7.3078e-09 [ 8.5095e-22 4.4312e-16 1.3407e-14 5.2730e-09 2.0348e-09 ] 1.0000e+00
 3.321e+01 6.2371e-09 6.2371e-09 [ 5.5984e-22 3.1554e-16 9.7585e-15 4.5002e-09 1.7369e-09 ] 1.0000e+00
 3.332e+01 5.3231e-09 5.3231e-09 [ 3.6812e-22 2.2467e-16 7.1091e-15 3.8406e-09 1.4825e-09 ] 1.0000e+00
 3.343e+01 4.5431e-09 4.5431e-09 [ 2.4193e-22 1.5994e-16 5.1842e-15 3.2776e-09 1.2655e-09 ] 1.0000e+00
 3.355e+01 3.8773e-09 3.8773e-09 [ 1.5891e-22 1.1385e-16 3.7849e-15 2.7971e-09 1.0801e-09 ] 1.0000e+00
 3.366e+01 3.3090e-09 3.3090e-09 [ 1.0433e-22 8.1028e-17 2.7670e-15 2.3871e-09 9.2194e-10 ] 1.0000e+00
 3.377e+01 2.8240e-09 2.8240e-09 [ 6.8456e-23 5.7662e-17 2.0260e-15 2.0371e-09 7.8691e-10 ] 1.0000e+00
 3.389e+01 2.4101e-09 2.4101e-09 [ 4.4894e-23 4.1028e-17 1.4861e-15 1.7384e-09 6.7165e-10 ] 1.0000e+00
 3.400e+01 2.0568e-09 2.0568e-09 [ 2.9426e-23 2.9189e-17 1.0923e-15 1.4835e-09 5.7326e-10 ] 1.0000e+00
 3.411e+01 1.7552e-09 1.7552e-09 [ 1.9278e-23 2.0763e-17 8.0476e-16 1.2660e-09 4.8928e-10 ] 1.0000e+00
 3.423e+01 1.4979e-09 1.4979e-09 [ 1.2622e-23 1.4768e-17 5.9448e-16 1.0803e-09 4.1760e-10 ] 1.0000e+00
 3.434e+01 1.2783e-09 1.2783e-09 [ 8.2602e-24 1.0502e-17 4.4047e-16 9.2186e-10 3.5642e-10 ] 1.0000e+00
 3.445e+01 1.0908e-09 1.0908e-09 [ 5.4027e-24 7.4674e-18 3.2746e-16 7.8665e-10 3.0420e-10 ] 1.0000e+00
 3.457e+01 9.3088e-10 9.3088e-10 [ 3.5318e-24 5.3090e-18 2.4435e-16 6.7126e-10 2.5962e-10 ] 1.0000e+00
 3.468e+01 7.9437e-10 7.9437e-10 [ 2.3075e-24 3.7739e-18 1.8310e-16 5.7279e-10 2.2158e-10 ] 1.0000e+00
 3.479e+01 6.7786e-10 6.7786e-10 [ 1.5068e-24 2.6823e-18 1.3782e-16 4.8876e-10 1.8910e-10 ] 1.0000e+00
 3.491e+01 5.7844e-10 5.7844e-10 [ 9.8342e-25 1.9062e-18 1.0425e-16 4.1705e-10 1.6139e-10 ] 1.0000e+00
 3.502e+01 4.9359e-10 4.9359e-10 [ 6.4148e-25 1.3545e-18 7.9278e-17 3.5585e-10 1.3773e-10 ] 1.0000e+00
 3.513e+01 4.2118e-10 4.2118e-10 [ 4.1821e-25 9.6231e-19 6.0626e-17 3.0364e-10 1.1754e-10 ] 1.0000e+00
 3.525e+01 3.5939e-10 3.5939e-10 [ 2.7250e-25 6.8359e-19 4.6636e-17 2.5908e-10 1.0031e-10 ] 1.0000e+00
 3.536e+01 3.0666e-10 3.0666e-10 [ 1.7746e-25 4.8553e-19 3.6096e-17 2.2106e-10 8.5607e-11 ] 1.0000e+00
 3.547e+01 2.6167e-10 2.6167e-10 [ 1.1551e-25 3.4480e-19 2.8113e-17 1.8861e-10 7.3056e-11 ] 1.0000e+00
 3.559e+01 2.2327e-10 2.2327e-10 [ 7.5140e-26 2.4483e-19 2.2036e-17 1.6093e-10 6.2345e-11 ] 1.0000e+00
 3.570e+01 1.9051e-10 1.9051e-10 [ 4.8854e-26 1.7382e-19 1.7382e-17 1.3730e-10 5.3203e-11 ] 1.0000e+00
 3.581e+01 1.6255e-10 1.6255e-10 [ 3.1746e-26 1.2339e-19 1.3798e-17 1.1715e-10 4.5401e-11 ] 1.0000e+00
 3.593e+01 1.3869e-10 1.3869e-10 [ 2.0617e-26 8.7573e-20 1.1020e-17 9.9947e-11 3.8743e-11 ] 1.0000e+00
 3.604e+01 1.1833e-10 1.1833e-10 [ 1.3383e-26 6.2146e-20 8.8526e-18 8.5272e-11 3.3061e-11 ] 1.0000e+00
 3.615e+01 1.0096e-10 1.0096e-10 [ 8.6819e-27 4.4096e-20 7.1516e-18 7.2750e-11 2.8211e-11 ] 1.0000e+00
 3.627e+01 8.6140e-11 8.6140e-11 [ 5.6292e-27 3.1283e-20 5.8078e-18 6.2067e-11 2.4073e-11 ] 1.0000e+00
 3.638e+01 7.3493e-11 7.3493e-11 [ 3.6479e-27 2.2190e-20 4.7396e-18 5.2951e-11 2.0542e-11 ] 1.0000e+00
 3.649e+01 6.2702e-11 6.2702e-11 [ 2.3626e-27 1.5738e-20 3.8853e-18 4.5174e-11 1.7528e-11 ] 1.0000e+00
 3.661e+01 5.3495e-11 5.3495e-11 [ 1.5293e-27 1.1160e-20 3.1981e-18 3.8539e-11 1.4956e-11 ] 1.0000e+00
 3.672e+01 4.5639e-11 4.5639e-11 [ 9.8939e-28 7.9129e-21 2.6422e-18 3.2877e-11 1.2762e-11 ] 1.0000e+00
 3.683e+01 3.8937e-11 3.8937e-11 [ 6.3973e-28 5.6096e-21 2.1901e-18 2.8047e-11 1.0889e-11 ] 1.0000e+00
 3.695e+01 3.3218e-11 3.3218e-11 [ 4.1341e-28 3.9761e-21 1.8208e-18 2.3927e-11 9.2913e-12 ] 1.0000e+00
 3.706e+01 2.8339e-11 2.8339e-11 [ 2.6701e-28 2.8179e-21 1.5177e-18 2.0411e-11 7.9277e-12 ] 1.0000e+00
 3.717e+01 2.4176e-11 2.4176e-11 [ 1.7236e-28 1.9967e-21 1.2680e-18 1.7412e-11 6.7641e-12 ] 1.0000e+00
 3.729e+01 2.0624e-11 2.0624e-11 [ 1.1120e-28 1.4147e-21 1.0615e-18 1.4853e-11 5.7712e-12 ] 1.0000e+00
 3.740e+01 1.7594e-11 1.7594e-11 [ 7.1697e-29 1.0021e-21 8.9023e-19 1.2670e-11 4.9240e-12 ] 1.0000e+00
 3.751e+01 1.5009e-11 1.5009e-11 [ 4.6203e-29 7.0976e-22 7.4770e-19 1.0808e-11 4.2012e-12 ] 1.0000e+00
 3.763e+01 1.2803e-11 1.2803e-11 [ 2.9758e-29 5.0262e-22 6.2880e-19 9.2189e-12 3.5844e-12 ] 1.0000e+00
 3.774e+01 1.0922e-11 1.0922e-11 [ 1.9155e-29 3.5588e-22 5.2941e-19 7.8637e-12 3.0581e-12 ] 1.0000e+00
 3.785e+01 9.3166e-12 9.3166e-12 [ 1.2323e-29 2.5194e-22 4.4616e-19 6.7075e-12 2.6090e-12 ] 1.0000e+00
 3.797e+01 7.9472e-12 7.9472e-12 [ 7.9236e-30 1.7833e-22 3.7630e-19 5.7213e-12 2.2259e-12 ] 1.0000e+00
 3.808e+01 6.7790e-12 6.7790e-12 [ 5.0918e-30 1.2621e-22 3.1760e-19 4.8800e-12 1.8990e-12 ] 1.0000e+00
 3.819e+01 5.7824e-12 5.7824e-12 [ 3.2702e-30 8.9306e-23 2.6821e-19 4.1624e-12 1.6201e-12 ] 1.0000e+00
 3.831e+01 4.9323e-12 4.9323e-12 [ 2.0991e-30 6.3183e-23 2.2661e-19 3.5502e-12 1.3821e-12 ] 1.0000e+00
 3.842e+01 4.2071e-12 4.2071e-12 [ 1.3466e-30 4.4694e-23 1.9154e-19 3.0280e-12 1.1791e-12 ] 1.0000e+00
 3.853e+01 3.5885e-12 3.5885e-12 [ 8.6341e-31 3.1611e-23 1.6195e-19 2.5826e-12 1.0059e-12 ] 1.0000e+00
 3.865e+01 3.0607e-12 3.0607e-12 [ 5.5327e-31 2.2354e-23 1.3697e-19 2.2027e-12 8.5807e-13 ] 1.0000e+00
 3.876e+01 2.6106e-12 2.6106e-12 [ 3.5434e-31 1.5805e-23 1.1587e-19 1.8786e-12 7.3199e-13 ] 1.0000e+00
 3.887e+01 2.2266e-12 2.2266e-12 [ 2.2680e-31 1.1173e-23 9.8029e-20 1.6022e-12 6.2442e-13 ] 1.0000e+00
 3.899e+01 1.8991e-12 1.8991e-12 [ 1.4508e-31 7.8972e-24 8.2949e-20 1.3664e-12 5.3266e-13 ] 1.0000e+00
 3.910e+01 1.6197e-12 1.6197e-12 [ 9.2759e-32 5.5809e-24 7.0194e-20 1.1654e-12 4.5437e-13 ] 1.0000e+00
 3.921e+01 1.3814e-12 1.3814e-12 [ 5.9271e-32 3.9434e-24 5.9405e-20 9.9384e-13 3.8759e-13 ] 1.0000e+00
 3.933e+01 1.1782e-12 1.1782e-12 [ 3.7851e-32 2.7859e-24 5.0275e-20 8.4756e-13 3.3061e-13 ] 1.0000e+00
 3.944e+01 1.0048e-12 1.0048e-12 [ 2.4158e-32 1.9678e-24 4.2548e-20 7.2279e-13 2.8201e-13 ] 1.0000e+00
 3.955e+01 8.5694e-13 8.5694e-13 [ 1.5410e-32 1.3897e-24 3.6009e-20 6.1639e-13 2.4055e-13 ] 1.0000e+00
 3.967e+01 7.3082e-13 7.3082e-13 [ 9.8242e-33 9.8131e-25 3.0473e-20 5.2564e-13 2.0518e-13 ] 1.0000e+00
 3.978e+01 6.2325e-13 6.2325e-13 [ 6.2595e-33 6.9281e-25 2.5787e-20 4.4824e-13 1.7501e-13 ] 1.0000e+00
 3.989e+01 5.3150e-13 5.3150e-13 [ 3.9859e-33 4.8904e-25 2.1820e-20 3.8223e-13 1.4927e-13 ] 1.0000e+00
 4.001e+01 4.5326e-13 4.5326e-13 [ 2.5367e-33 3.4515e-25 1.8462e-20 3.2594e-13 1.2732e-13 ] 1.0000e+00
 4.012e+01 3.8653e-13 3.8653e-13 [ 1.6135e-33 2.4355e-25 1.5619e-20 2.7793e-13 1.0859e-13 ] 1.0000e+00
 4.023e+01 3.2961e-13 3.2961e-13 [ 1.0257e-33 1.7184e-25 1.3213e-20 2.3699e-13 9.2618e-14 ] 1.0000e+00
 4.035e+01 2.8108e-13 2.8108e-13 [ 6.5163e-34 1.2121e-25 1.1176e-20 2.0208e-13 7.8993e-14 ] 1.0000e+00
 4.046e+01 2.3968e-13 2.3968e-13 [ 4.1376e-34 8.5492e-26 9.4515e-21 1.7231e-13 6.7372e-14 ] 1.0000e+00
 4.057e+01 2.0438e-13 2.0438e-13 [ 2.6257e-34 6.0288e-26 7.9922e-21 1.4692e-13 5.7459e-14 ] 1.0000e+00
 4.069e+01 1.7428e-13 1.7428e-13 [ 1.6653e-34 4.2506e-26 6.7572e-21 1.2527e-13 4.9004e-14 ] 1.0000e+00
 4.080e+01 1.4860e-13 1.4860e-13 [ 1.0555e-34 2.9965e-26 5.7121e-21 1.0681e-13 4.1792e-14 ] 1.0000e+00
 4.091e+01 1.2671e-13 1.2671e-13 [ 6.6867e-35 2.1120e-26 4.8279e-21 9.1068e-14 3.5641e-14 ] 1.0000e+00
 4.103e+01 1.0804e-13 1.0804e-13 [ 4.2335e-35 1.4884e-26 4.0798e-21 7.7644e-14 3.0395e-14 ] 1.0000e+00
 4.114e+01 9.2119e-14 9.2119e-14 [ 2.6788e-35 1.0487e-26 3.4470e-21 6.6198e-14 2.5921e-14 ] 1.0000e+00
 4.125e+01 7.8544e-14 7.8544e-14 [ 1.6940e-35 7.3879e-27 2.9118e-21 5.6439e-14 2.2105e-14 ] 1.0000e+00
 4.137e+01 6.6968e-14 6.6968e-14 [ 1.0707e-35 5.2038e-27 2.4591e-21 4.8117e-14 1.8850e-14 ] 1.0000e+00
 4.148e+01 5.7097e-14 5.7097e-14 [ 6.7629e-36 3.6649e-27 2.0764e-21 4.1022e-14 1.6075e-14 ] 1.0000e+00
 4.159e+01 4.8680e-14 4.8680e-14 [ 4.2693e-36 2.5806e-27 1.7529e-21 3.4972e-14 1.3708e-14 ] 1.0000e+00
 4.171e+01 4.1503e-14 4.1503e-14 [ 2.6936e-36 1.8169e-27 1.4794e-21 2.9814e-14 1.1689e-14 ] 1.0000e+00
 4.182e+01 3.5384e-14 3.5384e-14 [ 1.6985e-36 1.2790e-27 1.2483e-21 2.5416e-14 9.9673e-15 ] 1.0000e+00
 4.193e+01 3.0166e-14 3.0166e-14 [ 1.0703e-36 9.0019e-28 1.0531e-21 2.1667e-14 8.4991e-15 ] 1.0000e+00
 4.205e+01 2.5717e-14 2.5717e-14 [ 6.7413e-37 6.3350e-28 8.8810e-22 1.8470e-14 7.2471e-15 ] 1.0000e+00
 4.216e+01 2.1924e-14 2.1924e-14 [ 4.2433e-37 4.4576e-28 7.4878e-22 1.5745e-14 6.1794e-15 ] 1.0000e+00
 4.227e+01 1.8690e-14 1.8690e-14 [ 2.6694e-37 3.1362e-28 6.3114e-22 1.3421e-14 5.2689e-15 ] 1.0000e+00
 4.239e+01 1.5933e-14 1.5933e-14 [ 1.6783e-37 2.2063e-28 5.3182e-22 1.1441e-14 4.4925e-15 ] 1.0000e+00
 4.250e+01 1.3582e-14 1.3582e-14 [ 1.0546e-37 1.5519e-28 4.4799e-22 9.7520e-15 3.8304e-15 ] 1.0000e+00
 4.261e+01 1.1578e-14 1.1578e-14 [ 6.6225e-38 1.0915e-28 3.7726e-22 8.3125e-15 3.2659e-15 ] 1.0000e+00
 4.273e+01 9.8697e-15 9.8697e-15 [ 4.1564e-38 7.6762e-29 3.1759e-22 7.0853e-15 2.7845e-15 ] 1.0000e+00
 4.284e+01 8.4131e-15 8.4131e-15 [ 2.6071e-38 5.3981e-29 2.6727e-22 6.0391e-15 2.3740e-15 ] 1.0000e+00
 4.295e+01 7.1713e-15 7.1713e-15 [ 1.6343e-38 3.7959e-29 2.2484e-22 5.1473e-15 2.0240e-15 ] 1.0000e+00
 4.307e+01 6.1127e-15 6.1127e-15 [ 1.0239e-38 2.6692e-29 1.8908e-22 4.3871e-15 1.7256e-15 ] 1.0000e+00
 4.318e+01 5.2102e-15 5.2102e-15 [ 6.4114e-39 1.8769e-29 1.5894e-22 3.7391e-15 1.4711e-15 ] 1.0000e+00
 4.329e+01 4.4409e-15 4.4409e-15 [ 4.0122e-39 1.3198e-29 1.3356e-22 3.1868e-15 1.2542e-15 ] 1.0000e+00
 4.341e+01 3.7851e-15 3.7851e-15 [ 2.5093e-39 9.2810e-30 1.1218e-22 2.7160e-15 1.0692e-15 ] 1.0000e+00
 4.352e+01 3.2261e-15 3.2261e-15 [ 1.5684e-39 6.5271e-30 9.4182e-23 2.3146e-15 9.1148e-16 ] 1.0000e+00
 4.363e+01 2.7496e-15 2.7496e-15 [ 9.7975e-40 4.5910e-30 7.9039e-23 1.9726e-15 7.7702e-16 ] 1.0000e+00
 4.375e+01 2.3434e-15 2.3434e-15 [ 6.1167e-40 3.2297e-30 6.6299e-23 1.6810e-15 6.6238e-16 ] 1.0000e+00
 4.386e+01 1.9972e-15 1.9972e-15 [ 3.8165e-40 2.2726e-30 5.5587e-23 1.4325e-15 5.6465e-16 ] 1.0000e+00
 4.397e+01 1.7021e-15 1.7021e-15 [ 2.3799e-40 1.5995e-30 4.6582e-23 1.2207e-15 4.8132e-16 ] 1.0000e+00
 4.409e+01 1.4505e-15 1.4505e-15 [ 1.4832e-40 1.1262e-30 3.9016e-23 1.0402e-15 4.1029e-16 ] 1.0000e+00
 4.420e+01 1.2361e-15 1.2361e-15 [ 9.2380e-41 7.9330e-31 3.2661e-23 8.8638e-16 3.4973e-16 ] 1.0000e+00
 4.431e+01 1.0534e-15 1.0534e-15 [ 5.7505e-41 5.5908e-31 2.7326e-23 7.5526e-16 2.9811e-16 ] 1.0000e+00
 4.443e+01 8.9762e-16 8.9762e-16 [ 3.5775e-41 3.9426e-31 2.2850e-23 6.4352e-16 2.5410e-16 ] 1.0000e+00
 4.454e+01 7.6487e-16 7.6487e-16 [ 2.2243e-41 2.7822e-31 1.9095e-23 5.4829e-16 2.1658e-16 ] 1.0000e+00
 4.465e+01 6.5174e-16 6.5174e-16 [ 1.3821e-41 1.9650e-31 1.5947e-23 4.6714e-16 1.8460e-16 ] 1.0000e+00
 4.477e+01 5.5532e-16 5.5532e-16 [ 8.5833e-42 1.3891e-31 1.3310e-23 3.9798e-16 1.5734e-16 ] 1.0000e+00
 4.488e+01 4.7314e-16 4.7314e-16 [ 5.3272e-42 9.8308e-32 1.1101e-23 3.3904e-16 1.3410e-16 ] 1.0000e+00
 4.499e+01 4.0311e-16 4.0311e-16 [ 3.3044e-42 6.9660e-32 9.2525e-24 2.8882e-16 1.1429e-16 ] 1.0000e+00
 4.511e+01 3.4343e-16 3.4343e-16 [ 2.0484e-42 4.9429e-32 7.7060e-24 2.4602e-16 9.7409e-17 ] 1.0000e+00
 4.522e+01 2.9257e-16 2.9257e-16 [ 1.2691e-42 3.5129e-32 6.4131e-24 2.0955e-16 8.3018e-17 ] 1.0000e+00
 4.533e+01 2.4923e-16 2.4923e-16 [ 7.8582e-43 2.5010e-32 5.3329e-24 1.7848e-16 7.0751e-17 ] 1.0000e+00
 4.545e+01 2.1229e-16 2.1229e-16 [ 4.8628e-43 1.7841e-32 4.4309e-24 1.5200e-16 6.0296e-17 ] 1.0000e+00
 4.556e+01 1.8082e-16 1.8082e-16 [ 3.0074e-43 1.2754e-32 3.6783e-24 1.2944e-16 5.1385e-17 ] 1.0000e+00
 4.567e+01 1.5400e-16 1.5400e-16 [ 1.8589e-43 9.1383e-33 3.0508e-24 1.1021e-16 4.3789e-17 ] 1.0000e+00
 4.579e+01 1.3115e-16 1.3115e-16 [ 1.1483e-43 6.5643e-33 2.5279e-24 9.3833e-17 3.7316e-17 ] 1.0000e+00
 4.590e+01 1.1168e-16 1.1168e-16 [ 7.0889e-44 4.7281e-33 2.0926e-24 7.9878e-17 3.1799e-17 ] 1.0000e+00
 4.601e+01 9.5085e-17 9.5085e-17 [ 4.3738e-44 3.4152e-33 1.7304e-24 6.7988e-17 2.7097e-17 ] 1.0000e+00
 4.613e+01 8.0947e-17 8.0947e-17 [ 2.6970e-44 2.4743e-33 1.4293e-24 5.7857e-17 2.3090e-17 ] 1.0000e+00
 4.624e+01 6.8902e-17 6.8902e-17 [ 1.6621e-44 1.7983e-33 1.1792e-24 4.9227e-17 1.9675e-17 ] 1.0000e+00
 4.635e+01 5.8638e-17 5.8638e-17 [ 1.0237e-44 1.3112e-33 9.7174e-25 4.1874e-17 1.6765e-17 ] 1.0000e+00
 4.647e+01 4.9894e-17 4.9894e-17 [ 6.3008e-45 9.5915e-34 7.9972e-25 3.5609e-17 1.4284e-17 ] 1.0000e+00
 4.658e+01 4.2443e-17 4.2443e-17 [ 3.8760e-45 7.0395e-34 6.5726e-25 3.0273e-17 1.2171e-17 ] 1.0000e+00
 4.669e+01 3.6096e-17 3.6096e-17 [ 2.3829e-45 5.1833e-34 5.3939e-25 2.5726e-17 1.0370e-17 ] 1.0000e+00
 4.681e+01 3.0688e-17 3.0688e-17 [ 1.4641e-45 3.8287e-34 4.4197e-25 2.1853e-17 8.8347e-18 ] 1.0000e+00
 4.692e+01 2.6080e-17 2.6080e-17 [ 8.9901e-46 2.8368e-34 3.6155e-25 1.8553e-17 7.5267e-18 ] 1.0000e+00
 4.703e+01 2.2155e-17 2.2155e-17 [ 5.5168e-46 2.1078e-34 2.9525e-25 1.5743e-17 6.4120e-18 ] 1.0000e+00
 4.715e+01 1.8810e-17 1.8810e-17 [ 3.3833e-46 1.5703e-34 2.4064e-25 1.3348e-17 5.4622e-18 ] 1.0000e+00
 4.726e+01 1.5961e-17 1.5961e-17 [ 2.0735e-46 1.1727e-34 1.9574e-25 1.1308e-17 4.6527e-18 ] 1.0000e+00
 4.737e+01 1.3533e-17 1.3533e-17 [ 1.2700e-46 8.7747e-35 1.5886e-25 9.5701e-18 3.9628e-18 ] 1.0000e+00
 4.749e+01 1.1464e-17 1.1464e-17 [ 7.7727e-47 6.5766e-35 1.2862e-25 8.0895e-18 3.3749e-18 ] 1.0000e+00
 4.760e+01 9.7017e-18 9.7017e-18 [ 4.7538e-47 4.9352e-35 1.0386e-25 6.8280e-18 2.8737e-18 ] 1.0000e+00
 4.771e+01 8.1996e-18 8.1996e-18 [ 2.9051e-47 3.7063e-35 8.3621e-26 5.7531e-18 2.4465e-18 ] 1.0000e+00
 4.783e+01 6.9194e-18 6.9194e-18 [ 1.7739e-47 2.7840e-35 6.7109e-26 4.8371e-18 2.0823e-18 ] 1.0000e+00
 4.794e+01 5.8280e-18 5.8280e-18 [ 1.0821e-47 2.0905e-35 5.3662e-26 4.0564e-18 1.7716e-18 ] 1.0000e+00
 4.805e+01 4.8974e-18 4.8974e-18 [ 6.5939e-48 1.5681e-35 4.2734e-26 3.3909e-18 1.5065e-18 ] 1.0000e+00
 4.817e+01 4.1036e-18 4.1036e-18 [ 4.0130e-48 1.1742e-35 3.3870e-26 2.8235e-18 1.2801e-18 ] 1.0000e+00
 4.828e+01 3.4263e-18 3.4263e-18 [ 2.4385e-48 8.7692e-36 2.6699e-26 2.3397e-18 1.0866e-18 ] 1.0000e+00
 4.839e+01 2.8480e-18 2.8480e-18 [ 1.4790e-48 6.5249e-36 2.0912e-26 1.9270e-18 9.2098e-19 ] 1.0000e+00
 4.851e+01 2.3539e-18 2.3539e-18 [ 8.9490e-49 4.8308e-36 1.6254e-26 1.5751e-18 7.7887e-19 ] 1.0000e+00
 4.862e+01 1.9315e-18 1.9315e-18 [ 5.3978e-49 3.5530e-36 1.2516e-26 1.2750e-18 6.5652e-19 ] 1.0000e+00
 4.873e+01 1.5701e-18 1.5701e-18 [ 3.2422e-49 2.5904e-36 9.5284e-27 1.0195e-18 5.5069e-19 ] 1.0000e+00
 4.885e+01 1.2608e-18 1.2608e-18 [ 1.9361e-49 1.8667e-36 7.1493e-27 8.0223e-19 4.5853e-19 ] 1.0000e+00
 4.896e+01 9.9585e-19 9.9585e-19 [ 1.1467e-49 1.3242e-36 5.2647e-27 6.1827e-19 3.7758e-19 ] 1.0000e+00
 4.907e+01 7.6923e-19 7.6923e-19 [ 6.7090e-50 9.1932e-37 3.7817e-27 4.6349e-19 3.0574e-19 ] 1.0000e+00
 4.919e+01 5.7591e-19 5.7591e-19 [ 3.8528e-50 6.1902e-37 2.6254e-27 3.3461e-19 2.4130e-19 ] 1.0000e+00
 4.930e+01 4.1214e-19 4.1214e-19 [ 2.1473e-50 3.9856e-37 1.7361e-27 2.2910e-19 1.8304e-19 ] 1.0000e+00
 4.941e+01 2.7537e-19 2.7537e-19 [ 1.1374e-50 2.3944e-37 1.0667e-27 1.4500e-19 1.3038e-19 ] 1.0000e+00
 4.953e+01 1.6441e-19 1.6441e-19 [ 5.4850e-51 1.2810e-37 5.8101e-28 8.0873e-20 8.3539e-20 ] 1.0000e+00
 4.964e+01 7.9620e-20 7.9620e-20 [ 2.1750e-51 5.4900e-38 2.5229e-28 3.5731e-20 4.3889e-20 ] 1.0000e+00
 4.975e+01 2.3255e-20 2.3255e-20 [ 5.0687e-52 1.3426e-38 6.2190e-29 8.9093e-21 1.4346e-20 ] 1.0000e+00
 4.987e+01 0.0000e+00 0.0000e+00 [ 0.0000e+00 0.0000e+00 0.0000e+00 0.0000e+00 0.0000e+00 ] 1.0000e+00
