 0.000e+00 0.0000e+00 0.0000e+00 [ 0.0000e+00 0.0000e+00 0.0000e+00 0.0000e+00 0.0000e+00 ] 1.0000e+00
 1.133e-01 5.8805e-02 5.8805e-02 [ 5.7764e-02 5.3050e-04 2.4664e-04 2.4581e-04 1.8137e-05 ] 9.4120e-01
 2.267e-01 1.1891e-01 1.1891e-01 [ 1.1470e-01 2.1503e-03 9.9962e-04 9.9548e-04 6.4684e-05 ] 8.8109e-01
 3.400e-01 1.8645e-01 1.8645e-01 [ 1.7685e-01 4.9126e-03 2.2833e-03 2.2705e-03 1.3084e-04 ] 8.1355e-01
 4.533e-01 2.6057e-01 2.6057e-01 [ 2.4334e-01 8.8380e-03 4.1069e-03 4.0756e-03 2.0942e-04 ] 7.3943e-01
 5.667e-01 3.3964e-01 3.3964e-01 [ 3.1268e-01 1.3856e-02 6.4369e-03 6.3723e-03 2.9408e-04 ] 6.6036e-01
 6.800e-01 4.2000e-01 4.2000e-01 [ 3.8162e-01 1.9766e-02 9.1787e-03 9.0601e-03 3.7881e-04 ] 5.8000e-01
 7.933e-01 4.9674e-01 4.9674e-01 [ 4.4589e-01 2.6236e-02 1.2178e-02 1.1981e-02 4.5812e-04 ] 5.0326e-01
 9.067e-01 5.6499e-01 5.6499e-01 [ 5.0140e-01 3.2870e-02 1.5249e-02 1.4947e-02 5.2778e-04 ] 4.3501e-01
 1.020e+00 6.2141e-01 6.2141e-01 [ 5.4550e-01 3.9307e-02 1.8224e-02 1.7790e-02 5.8568e-04 ] 3.7859e-01
 1.133e+00 6.6493e-01 6.6493e-01 [ 5.7760e-01 4.5310e-02 2.0992e-02 2.0402e-02 6.3193e-04 ] 3.3507e-01
 1.247e+00 6.9657e-01 6.9657e-01 [ 5.9886e-01 5.0789e-02 2.3511e-02 2.2741e-02 6.6833e-04 ] 3.0343e-01
 1.360e+00 7.1851e-01 7.1851e-01 [ 6.1143e-01 5.5769e-02 2.5793e-02 2.4821e-02 6.9741e-04 ] 2.8149e-01
 1.473e+00 7.3319e-01 7.3319e-01 [ 6.1757e-01 6.0340e-02 2.7878e-02 2.6684e-02 7.2161e-04 ] 2.6681e-01
 1.587e+00 7.4280e-01 7.4280e-01 [ 6.1926e-01 6.4606e-02 2.9814e-02 2.8378e-02 7.4283e-04 ] 2.5720e-01
 1.700e+00 7.4899e-01 7.4899e-01 [ 6.1798e-01 6.8659e-02 3.1645e-02 2.9946e-02 7.6242e-04 ] 2.5101e-01
 1.813e+00 7.5295e-01 7.5295e-01 [ 6.1477e-01 7.2574e-02 3.3404e-02 3.1422e-02 7.8118e-04 ] 2.4705e-01
 1.927e+00 7.5548e-01 7.5548e-01 [ 6.1033e-01 7.6404e-02 3.5115e-02 3.2829e-02 7.9959e-04 ] 2.4452e-01
 2.040e+00 7.5710e-01 7.5710e-01 [ 6.0511e-01 8.0187e-02 3.6797e-02 3.4187e-02 8.1788e-04 ] 2.4290e-01
 2.153e+00 7.5815e-01 7.5815e-01 [ 5.9940e-01 8.3946e-02 3.8459e-02 3.5506e-02 8.3616e-04 ] 2.4185e-01
 2.267e+00 7.5884e-01 7.5884e-01 [ 5.9338e-01 8.7700e-02 4.0110e-02 3.6795e-02 8.5446e-04 ] 2.4116e-01
 2.380e+00 7.5929e-01 7.5929e-01 [ 5.8715e-01 9.1459e-02 4.1754e-02 3.8059e-02 8.7278e-04 ] 2.4071e-01
 2.493e+00 7.5961e-01 7.5961e-01 [ 5.8079e-01 9.5229e-02 4.3395e-02 3.9301e-02 8.9111e-04 ] 2.4039e-01
 2.607e+00 7.5982e-01 7.5982e-01 [ 5.7434e-01 9.9015e-02 4.5035e-02 4.0524e-02 9.0944e-04 ] 2.4018e-01
 2.720e+00 7.5998e-01 7.5998e-01 [ 5.6783e-01 1.0282e-01 4.6674e-02 4.1730e-02 9.2774e-04 ] 2.4002e-01
 2.833e+00 7.6010e-01 7.6010e-01 [ 5.6127e-01 1.0664e-01 4.8314e-02 4.2920e-02 9.4602e-04 ] 2.3990e-01
 2.947e+00 7.6018e-01 7.6018e-01 [ 5.5468e-01 1.1049e-01 4.9954e-02 4.4095e-02 9.6428e-04 ] 2.3982e-01
 3.060e+00 7.6025e-01 7.6025e-01 [ 5.4806e-01 1.1435e-01 5.1596e-02 4.5257e-02 9.8251e-04 ] 2.3975e-01
 3.173e+00 7.6030e-01 7.6030e-01 [ 5.4142e-01 1.1824e-01 5.3239e-02 4.6406e-02 1.0007e-03 ] 2.3970e-01
 3.287e+00 7.6034e-01 7.6034e-01 [ 5.3475e-01 1.2214e-01 5.4884e-02 4.7542e-02 1.0189e-03 ] 2.3966e-01
 3.400e+00 7.6037e-01 7.6037e-01 [ 5.2807e-01 1.2607e-01 5.6531e-02 4.8668e-02 1.0371e-03 ] 2.3963e-01
 3.513e+00 7.6039e-01 7.6039e-01 [ 5.2136e-01 1.3001e-01 5.8180e-02 4.9783e-02 1.0553e-03 ] 2.3961e-01
 3.627e+00 7.6040e-01 7.6040e-01 [ 5.1464e-01 1.3397e-01 5.9831e-02 5.0888e-02 1.0735e-03 ] 2.3960e-01
 3.740e+00 7.6041e-01 7.6041e-01 [ 5.0790e-01 1.3795e-01 6.1485e-02 5.1984e-02 1.0917e-03 ] 2.3959e-01
 3.853e+00 7.6041e-01 7.6041e-01 [ 5.0114e-01 1.4195e-01 6.3141e-02 5.3072e-02 1.1100e-03 ] 2.3959e-01
 3.967e+00 7.6040e-01 7.6040e-01 [ 4.9436e-01 1.4596e-01 6.4801e-02 5.4152e-02 1.1283e-03 ] 2.3960e-01
 4.080e+00 7.6039e-01 7.6039e-01 [ 4.8756e-01 1.4999e-01 6.6463e-02 5.5226e-02 1.1467e-03 ] 2.3961e-01
 4.193e+00 7.6037e-01 7.6037e-01 [ 4.8075e-01 1.5403e-01 6.8130e-02 5.6294e-02 1.1651e-03 ] 2.3963e-01
 4.307e+00 7.6035e-01 7.6035e-01 [ 4.7392e-01 1.5809e-01 6.9800e-02 5.7356e-02 1.1835e-03 ] 2.3965e-01
 4.420e+00 7.6032e-01 7.6032e-01 [ 4.6708e-01 1.6216e-01 7.1474e-02 5.8414e-02 1.2021e-03 ] 2.3968e-01
 4.533e+00 7.6029e-01 7.6029e-01 [ 4.6022e-01 1.6623e-01 7.3154e-02 5.9469e-02 1.2207e-03 ] 2.3971e-01
 4.647e+00 7.6026e-01 7.6026e-01 [ 4.5334e-01 1.7032e-01 7.4838e-02 6.0520e-02 1.2395e-03 ] 2.3974e-01
 4.760e+00 7.6022e-01 7.6022e-01 [ 4.4645e-01 1.7442e-01 7.6527e-02 6.1569e-02 1.2583e-03 ] 2.3978e-01
 4.873e+00 7.6018e-01 7.6018e-01 [ 4.3954e-01 1.7852e-01 7.8223e-02 6.2617e-02 1.2772e-03 ] 2.3982e-01
 4.987e+00 7.6013e-01 7.6013e-01 [ 4.3262e-01 1.8262e-01 7.9925e-02 6.3663e-02 1.2963e-03 ] 2.3987e-01
 5.100e+00 7.6008e-01 7.6008e-01 [ 4.2569e-01 1.8673e-01 8.1633e-02 6.4710e-02 1.3154e-03 ] 2.3992e-01
 5.213e+00 7.6003e-01 7.6003e-01 [ 4.1874e-01 1.9084e-01 8.3348e-02 6.5757e-02 1.3347e-03 ] 2.3997e-01
 5.327e+00 7.5997e-01 7.5997e-01 [ 4.1179e-01 1.9495e-01 8.5071e-02 6.6805e-02 1.3541e-03 ] 2.4003e-01
 5.440e+00 7.5991e-01 7.5991e-01 [ 4.0483e-01 1.9905e-01 8.6802e-02 6.7854e-02 1.3737e-03 ] 2.4009e-01
 5.553e+00 7.5985e-01 7.5985e-01 [ 3.9786e-01 2.0315e-01 8.8542e-02 6.8906e-02 1.3934e-03 ] 2.4015e-01
 5.667e+00 7.5978e-01 7.5978e-01 [ 3.9088e-01 2.0724e-01 9.0290e-02 6.9961e-02 1.4133e-03 ] 2.4022e-01
 5.780e+00 7.5971e-01 7.5971e-01 [ 3.8390e-01 2.1132e-01 9.2047e-02 7.1019e-02 1.4333e-03 ] 2.4029e-01
 5.893e+00 7.5964e-01 7.5964e-01 [ 3.7691e-01 2.1538e-01 9.3814e-02 7.2081e-02 1.4535e-03 ] 2.4036e-01
 6.007e+00 7.5957e-01 7.5957e-01 [ 3.6993e-01 2.1943e-01 9.5591e-02 7.3148e-02 1.4738e-03 ] 2.4043e-01
 6.120e+00 7.5949e-01 7.5949e-01 [ 3.6294e-01 2.2345e-01 9.7379e-02 7.4219e-02 1.4943e-03 ] 2.4051e-01
 6.233e+00 7.5941e-01 7.5941e-01 [ 3.5596e-01 2.2746e-01 9.9178e-02 7.5297e-02 1.5150e-03 ] 2.4059e-01
 6.347e+00 7.5933e-01 7.5933e-01 [ 3.4898e-01 2.3144e-01 1.0099e-01 7.6380e-02 1.5359e-03 ] 2.4067e-01
 6.460e+00 7.5924e-01 7.5924e-01 [ 3.4202e-01 2.3539e-01 1.0281e-01 7.7470e-02 1.5570e-03 ] 2.4076e-01
 6.573e+00 7.5916e-01 7.5916e-01 [ 3.3506e-01 2.3931e-01 1.0465e-01 7.8567e-02 1.5782e-03 ] 2.4084e-01
 6.687e+00 7.5907e-01 7.5907e-01 [ 3.2811e-01 2.4319e-01 1.0649e-01 7.9671e-02 1.5997e-03 ] 2.4093e-01
 6.800e+00 7.5898e-01 7.5898e-01 [ 3.2118e-01 2.4704e-01 1.0835e-01 8.0783e-02 1.6214e-03 ] 2.4102e-01
 6.913e+00 7.5889e-01 7.5889e-01 [ 3.1427e-01 2.5084e-01 1.1023e-01 8.1903e-02 1.6433e-03 ] 2.4111e-01
 7.027e+00 7.5879e-01 7.5879e-01 [ 3.0738e-01 2.5460e-01 1.1212e-01 8.3033e-02 1.6654e-03 ] 2.4121e-01
 7.140e+00 7.5869e-01 7.5869e-01 [ 3.0051e-01 2.5831e-01 1.1402e-01 8.4171e-02 1.6877e-03 ] 2.4131e-01
 7.253e+00 7.5859e-01 7.5859e-01 [ 2.9367e-01 2.6196e-01 1.1594e-01 8.5319e-02 1.7102e-03 ] 2.4141e-01
 7.367e+00 7.5849e-01 7.5849e-01 [ 2.8685e-01 2.6556e-01 1.1787e-01 8.6476e-02 1.7330e-03 ] 2.4151e-01
 7.480e+00 7.5839e-01 7.5839e-01 [ 2.8007e-01 2.6910e-01 1.1982e-01 8.7644e-02 1.7560e-03 ] 2.4161e-01
 7.593e+00 7.5829e-01 7.5829e-01 [ 2.7333e-01 2.7257e-01 1.2178e-01 8.8823e-02 1.7792e-03 ] 2.4172e-01
 7.707e+00 7.5818e-01 7.5818e-01 [ 2.6663e-01 2.7597e-01 1.2376e-01 9.0012e-02 1.8027e-03 ] 2.4182e-01
 7.820e+00 7.5807e-01 7.5807e-01 [ 2.5996e-01 2.7931e-01 1.2576e-01 9.1213e-02 1.8264e-03 ] 2.4193e-01
 7.933e+00 7.5796e-01 7.5796e-01 [ 2.5335e-01 2.8256e-01 1.2778e-01 9.2425e-02 1.8504e-03 ] 2.4204e-01
 8.047e+00 7.5785e-01 7.5785e-01 [ 2.4678e-01 2.8574e-01 1.2981e-01 9.3649e-02 1.8746e-03 ] 2.4215e-01
 8.160e+00 7.5773e-01 7.5773e-01 [ 2.4026e-01 2.8883e-01 1.3186e-01 9.4886e-02 1.8991e-03 ] 2.4227e-01
 8.273e+00 7.5762e-01 7.5762e-01 [ 2.3380e-01 2.9184e-01 1.3392e-01 9.6135e-02 1.9239e-03 ] 2.4238e-01
 8.387e+00 7.5750e-01 7.5750e-01 [ 2.2740e-01 2.9475e-01 1.3601e-01 9.7397e-02 1.9490e-03 ] 2.4250e-01
 8.500e+00 7.5738e-01 7.5738e-01 [ 2.2105e-01 2.9757e-01 1.3811e-01 9.8673e-02 1.9743e-03 ] 2.4262e-01
 8.613e+00 7.5726e-01 7.5726e-01 [ 2.1478e-01 3.0029e-01 1.4023e-01 9.9961e-02 1.9999e-03 ] 2.4274e-01
 8.727e+00 7.5714e-01 7.5714e-01 [ 2.0857e-01 3.0291e-01 1.4237e-01 1.0126e-01 2.0258e-03 ] 2.4286e-01
 8.840e+00 7.5701e-01 7.5701e-01 [ 2.0243e-01 3.0542e-01 1.4453e-01 1.0258e-01 2.0520e-03 ] 2.4299e-01
 8.953e+00 7.5689e-01 7.5689e-01 [ 1.9636e-01 3.0783e-01 1.4671e-01 1.0391e-01 2.0785e-03 ] 2.4311e-01
 9.067e+00 7.5676e-01 7.5676e-01 [ 1.9037e-01 3.1012e-01 1.4891e-01 1.0526e-01 2.1053e-03 ] 2.4324e-01
 9.180e+00 7.5663e-01 7.5663e-01 [ 1.8446e-01 3.1230e-01 1.5112e-01 1.0662e-01 2.1324e-03 ] 2.4337e-01
 9.293e+00 7.5650e-01 7.5650e-01 [ 1.7863e-01 3.1435e-01 1.5336e-01 1.0800e-01 2.1598e-03 ] 2.4350e-01
 9.407e+00 7.5637e-01 7.5637e-01 [ 1.7289e-01 3.1629e-01 1.5561e-01 1.0939e-01 2.1875e-03 ] 2.4363e-01
 9.520e+00 7.5624e-01 7.5624e-01 [ 1.6724e-01 3.1810e-01 1.5789e-01 1.1080e-01 2.2156e-03 ] 2.4376e-01
 9.633e+00 7.5610e-01 7.5610e-01 [ 1.6167e-01 3.1979e-01 1.6018e-01 1.1222e-01 2.2440e-03 ] 2.4390e-01
 9.747e+00 7.5597e-01 7.5597e-01 [ 1.5620e-01 3.2134e-01 1.6249e-01 1.1366e-01 2.2728e-03 ] 2.4403e-01
 9.860e+00 7.5583e-01 7.5583e-01 [ 1.5082e-01 3.2277e-01 1.6482e-01 1.1512e-01 2.3019e-03 ] 2.4417e-01
 9.973e+00 7.5569e-01 7.5569e-01 [ 1.4554e-01 3.2405e-01 1.6717e-01 1.1660e-01 2.3314e-03 ] 2.4431e-01
 1.009e+01 7.5555e-01 7.5555e-01 [ 1.4035e-01 3.2521e-01 1.6953e-01 1.1809e-01 2.3612e-03 ] 2.4445e-01
 1.020e+01 7.5540e-01 7.5540e-01 [ 1.3527e-01 3.2622e-01 1.7192e-01 1.1960e-01 2.3914e-03 ] 2.4460e-01
 1.031e+01 7.5526e-01 7.5526e-01 [ 1.3029e-01 3.2710e-01 1.7432e-01 1.2113e-01 2.4220e-03 ] 2.4474e-01
 1.043e+01 7.5511e-01 7.5511e-01 [ 1.2541e-01 3.2783e-01 1.7674e-01 1.2268e-01 2.4530e-03 ] 2.4489e-01
 1.054e+01 7.5496e-01 7.5496e-01 [ 1.2064e-01 3.2842e-01 1.7918e-01 1.2425e-01 2.4844e-03 ] 2.4504e-01
 1.065e+01 7.5481e-01 7.5481e-01 [ 1.1597e-01 3.2886e-01 1.8163e-01 1.2584e-01 2.5161e-03 ] 2.4519e-01
 1.077e+01 7.5466e-01 7.5466e-01 [ 1.1141e-01 3.2916e-01 1.8410e-01 1.2744e-01 2.5483e-03 ] 2.4534e-01
 1.088e+01 7.5451e-01 7.5451e-01 [ 1.0696e-01 3.2931e-01 1.8659e-01 1.2907e-01 2.5809e-03 ] 2.4549e-01
 1.099e+01 7.5436e-01 7.5436e-01 [ 1.0262e-01 3.2932e-01 1.8909e-01 1.3072e-01 2.6140e-03 ] 2.4564e-01
 1.111e+01 7.5420e-01 7.5420e-01 [ 9.8382e-02 3.2918e-01 1.9160e-01 1.3239e-01 2.6474e-03 ] 2.4580e-01
 1.122e+01 7.5404e-01 7.5404e-01 [ 9.4260e-02 3.2889e-01 1.9413e-01 1.3408e-01 2.6814e-03 ] 2.4596e-01
 1.133e+01 7.5388e-01 7.5388e-01 [ 9.0248e-02 3.2846e-01 1.9667e-01 1.3580e-01 2.7157e-03 ] 2.4612e-01
 1.145e+01 7.5372e-01 7.5372e-01 [ 8.6346e-02 3.2787e-01 1.9922e-01 1.3753e-01 2.7506e-03 ] 2.4628e-01
 1.156e+01 7.5356e-01 7.5356e-01 [ 8.2555e-02 3.2714e-01 2.0178e-01 1.3929e-01 2.7859e-03 ] 2.4644e-01
 1.167e+01 7.5340e-01 7.5340e-01 [ 7.8875e-02 3.2627e-01 2.0436e-01 1.4107e-01 2.8217e-03 ] 2.4660e-01
 1.179e+01 7.5323e-01 7.5323e-01 [ 7.5304e-02 3.2525e-01 2.0694e-01 1.4288e-01 2.8580e-03 ] 2.4677e-01
 1.190e+01 7.5306e-01 7.5306e-01 [ 7.1844e-02 3.2408e-01 2.0953e-01 1.4471e-01 2.8948e-03 ] 2.4694e-01
 1.201e+01 7.5289e-01 7.5289e-01 [ 6.8492e-02 3.2277e-01 2.1213e-01 1.4657e-01 2.9322e-03 ] 2.4711e-01
 1.213e+01 7.5272e-01 7.5272e-01 [ 6.5249e-02 3.2133e-01 2.1473e-01 1.4845e-01 2.9700e-03 ] 2.4728e-01
 1.224e+01 7.5255e-01 7.5255e-01 [ 6.2113e-02 3.1974e-01 2.1733e-01 1.5036e-01 3.0084e-03 ] 2.4745e-01
 1.235e+01 7.5238e-01 7.5238e-01 [ 5.9084e-02 3.1801e-01 2.1994e-01 1.5230e-01 3.0474e-03 ] 2.4762e-01
 1.247e+01 7.5220e-01 7.5220e-01 [ 5.6160e-02 3.1614e-01 2.2255e-01 1.5426e-01 3.0869e-03 ] 2.4780e-01
 1.258e+01 7.5202e-01 7.5202e-01 [ 5.3340e-02 3.1414e-01 2.2516e-01 1.5625e-01 3.1270e-03 ] 2.4798e-01
 1.269e+01 7.5184e-01 7.5184e-01 [ 5.0622e-02 3.1201e-01 2.2777e-01 1.5827e-01 3.1677e-03 ] 2.4816e-01
 1.281e+01 7.5166e-01 7.5166e-01 [ 4.8006e-02 3.0975e-01 2.3037e-01 1.6032e-01 3.2090e-03 ] 2.4834e-01
 1.292e+01 7.5148e-01 7.5148e-01 [ 4.5490e-02 3.0737e-01 2.3297e-01 1.6240e-01 3.2508e-03 ] 2.4852e-01
 1.303e+01 7.5129e-01 7.5129e-01 [ 4.3072e-02 3.0486e-01 2.3556e-01 1.6451e-01 3.2934e-03 ] 2.4871e-01
 1.315e+01 7.5111e-01 7.5111e-01 [ 4.0750e-02 3.0222e-01 2.3815e-01 1.6665e-01 3.3365e-03 ] 2.4889e-01
 1.326e+01 7.5092e-01 7.5092e-01 [ 3.8522e-02 2.9947e-01 2.4072e-01 1.6883e-01 3.3803e-03 ] 2.4908e-01
 1.337e+01 7.5073e-01 7.5073e-01 [ 3.6387e-02 2.9661e-01 2.4327e-01 1.7103e-01 3.4248e-03 ] 2.4927e-01
 1.349e+01 7.5054e-01 7.5054e-01 [ 3.4342e-02 2.9363e-01 2.4582e-01 1.7328e-01 3.4699e-03 ] 2.4946e-01
 1.360e+01 7.5034e-01 7.5034e-01 [ 3.2386e-02 2.9055e-01 2.4834e-01 1.7555e-01 3.5157e-03 ] 2.4966e-01
 1.371e+01 7.5015e-01 7.5015e-01 [ 3.0516e-02 2.8736e-01 2.5085e-01 1.7786e-01 3.5622e-03 ] 2.4985e-01
 1.383e+01 7.4995e-01 7.4995e-01 [ 2.8730e-02 2.8407e-01 2.5333e-01 1.8021e-01 3.6094e-03 ] 2.5005e-01
 1.394e+01 7.4975e-01 7.4975e-01 [ 2.7026e-02 2.8068e-01 2.5579e-01 1.8259e-01 3.6573e-03 ] 2.5025e-01
 1.405e+01 7.4955e-01 7.4955e-01 [ 2.5402e-02 2.7720e-01 2.5823e-01 1.8502e-01 3.7060e-03 ] 2.5045e-01
 1.417e+01 7.4934e-01 7.4934e-01 [ 2.3854e-02 2.7363e-01 2.6063e-01 1.8748e-01 3.7554e-03 ] 2.5066e-01
 1.428e+01 7.4914e-01 7.4914e-01 [ 2.2382e-02 2.6997e-01 2.6300e-01 1.8998e-01 3.8055e-03 ] 2.5086e-01
 1.439e+01 7.4893e-01 7.4893e-01 [ 2.0983e-02 2.6623e-01 2.6534e-01 1.9252e-01 3.8565e-03 ] 2.5107e-01
 1.451e+01 7.4872e-01 7.4872e-01 [ 1.9654e-02 2.6242e-01 2.6764e-01 1.9510e-01 3.9082e-03 ] 2.5128e-01
 1.462e+01 7.4851e-01 7.4851e-01 [ 1.8393e-02 2.5853e-01 2.6990e-01 1.9772e-01 3.9606e-03 ] 2.5149e-01
 1.473e+01 7.4829e-01 7.4829e-01 [ 1.7198e-02 2.5458e-01 2.7211e-01 2.0039e-01 4.0139e-03 ] 2.5171e-01
 1.485e+01 7.4808e-01 7.4808e-01 [ 1.6066e-02 2.5056e-01 2.7428e-01 2.0310e-01 4.0680e-03 ] 2.5192e-01
 1.496e+01 7.4786e-01 7.4786e-01 [ 1.4996e-02 2.4648e-01 2.7641e-01 2.0586e-01 4.1229e-03 ] 2.5214e-01
 1.507e+01 7.4764e-01 7.4764e-01 [ 1.3984e-02 2.4234e-01 2.7848e-01 2.0866e-01 4.1786e-03 ] 2.5236e-01
 1.519e+01 7.4742e-01 7.4742e-01 [ 1.3028e-02 2.3816e-01 2.8050e-01 2.1150e-01 4.2351e-03 ] 2.5258e-01
 1.530e+01 7.4719e-01 7.4719e-01 [ 1.2127e-02 2.3392e-01 2.8246e-01 2.1440e-01 4.2924e-03 ] 2.5281e-01
 1.541e+01 7.4697e-01 7.4697e-01 [ 1.1277e-02 2.2964e-01 2.8436e-01 2.1734e-01 4.3506e-03 ] 2.5303e-01
 1.553e+01 7.4674e-01 7.4674e-01 [ 1.0477e-02 2.2533e-01 2.8619e-01 2.2033e-01 4.4096e-03 ] 2.5326e-01
 1.564e+01 7.4651e-01 7.4651e-01 [ 9.7254e-03 2.2098e-01 2.8796e-01 2.2337e-01 4.4695e-03 ] 2.5349e-01
 1.575e+01 7.4628e-01 7.4628e-01 [ 9.0187e-03 2.1660e-01 2.8967e-01 2.2646e-01 4.5302e-03 ] 2.5372e-01
 1.587e+01 7.4604e-01 7.4604e-01 [ 8.3555e-03 2.1220e-01 2.9130e-01 2.2960e-01 4.5917e-03 ] 2.5396e-01
 1.598e+01 7.4581e-01 7.4581e-01 [ 7.7336e-03 2.0777e-01 2.9285e-01 2.3280e-01 4.6541e-03 ] 2.5419e-01
 1.609e+01 7.4557e-01 7.4557e-01 [ 7.1511e-03 2.0333e-01 2.9433e-01 2.3604e-01 4.7172e-03 ] 2.5443e-01
 1.621e+01 7.4533e-01 7.4533e-01 [ 6.6061e-03 1.9887e-01 2.9573e-01 2.3934e-01 4.7812e-03 ] 2.5467e-01
 1.632e+01 7.4508e-01 7.4508e-01 [ 6.0966e-03 1.9441e-01 2.9704e-01 2.4269e-01 4.8461e-03 ] 2.5492e-01
 1.643e+01 7.4484e-01 7.4484e-01 [ 5.6209e-03 1.8994e-01 2.9827e-01 2.4609e-01 4.9117e-03 ] 2.5516e-01
 1.655e+01 7.4459e-01 7.4459e-01 [ 5.1771e-03 1.8547e-01 2.9941e-01 2.4955e-01 4.9781e-03 ] 2.5541e-01
 1.666e+01 7.4434e-01 7.4434e-01 [ 4.7635e-03 1.8101e-01 3.0046e-01 2.5307e-01 5.0452e-03 ] 2.5566e-01
 1.677e+01 7.4409e-01 7.4409e-01 [ 4.3786e-03 1.7655e-01 3.0141e-01 2.5663e-01 5.1132e-03 ] 2.5591e-01
 1.689e+01 7.4383e-01 7.4383e-01 [ 4.0207e-03 1.7210e-01 3.0227e-01 2.6026e-01 5.1818e-03 ] 2.5617e-01
 1.700e+01 7.4358e-01 7.4358e-01 [ 3.6882e-03 1.6767e-01 3.0303e-01 2.6393e-01 5.2512e-03 ] 2.5642e-01
 1.711e+01 7.4332e-01 7.4332e-01 [ 3.3798e-03 1.6326e-01 3.0369e-01 2.6766e-01 5.3212e-03 ] 2.5668e-01
 1.723e+01 7.4306e-01 7.4306e-01 [ 3.0939e-03 1.5887e-01 3.0425e-01 2.7145e-01 5.3919e-03 ] 2.5694e-01
 1.734e+01 7.4280e-01 7.4280e-01 [ 2.8292e-03 1.5451e-01 3.0471e-01 2.7528e-01 5.4632e-03 ] 2.5720e-01
 1.745e+01 7.4253e-01 7.4253e-01 [ 2.5844e-03 1.5018e-01 3.0506e-01 2.7917e-01 5.5351e-03 ] 2.5747e-01
 1.757e+01 7.4227e-01 7.4227e-01 [ 2.3582e-03 1.4588e-01 3.0531e-01 2.8312e-01 5.6076e-03 ] 2.5773e-01
 1.768e+01 7.4200e-01 7.4200e-01 [ 2.1496e-03 1.4162e-01 3.0545e-01 2.8711e-01 5.6805e-03 ] 2.5800e-01
 1.779e+01 7.4173e-01 7.4173e-01 [ 1.9572e-03 1.3739e-01 3.0548e-01 2.9115e-01 5.7538e-03 ] 2.5827e-01
 1.791e+01 7.4146e-01 7.4146e-01 [ 1.7801e-03 1.3321e-01 3.0540e-01 2.9524e-01 5.8276e-03 ] 2.5854e-01
 1.802e+01 7.4119e-01 7.4119e-01 [ 1.6173e-03 1.2908e-01 3.0521e-01 2.9938e-01 5.9017e-03 ] 2.5881e-01
 1.813e+01 7.4092e-01 7.4092e-01 [ 1.4677e-03 1.2500e-01 3.0491e-01 3.0356e-01 5.9760e-03 ] 2.5908e-01
 1.825e+01 7.4064e-01 7.4064e-01 [ 1.3304e-03 1.2097e-01 3.0450e-01 3.0779e-01 6.0505e-03 ] 2.5936e-01
 1.836e+01 7.4037e-01 7.4037e-01 [ 1.2046e-03 1.1699e-01 3.0399e-01 3.1206e-01 6.1252e-03 ] 2.5963e-01
 1.847e+01 7.4009e-01 7.4009e-01 [ 1.0895e-03 1.1307e-01 3.0336e-01 3.1636e-01 6.1999e-03 ] 2.5991e-01
 1.859e+01 7.3981e-01 7.3981e-01 [ 9.8420e-04 1.0922e-01 3.0264e-01 3.2070e-01 6.2746e-03 ] 2.6019e-01
 1.870e+01 7.3953e-01 7.3953e-01 [ 8.8805e-04 1.0542e-01 3.0180e-01 3.2507e-01 6.3492e-03 ] 2.6047e-01
 1.881e+01 7.3926e-01 7.3926e-01 [ 8.0036e-04 1.0170e-01 3.0086e-01 3.2947e-01 6.4236e-03 ] 2.6074e-01
 1.893e+01 7.3898e-01 7.3898e-01 [ 7.2047e-04 9.8040e-02 2.9982e-01 3.3390e-01 6.4977e-03 ] 2.6102e-01
 1.904e+01 7.3870e-01 7.3870e-01 [ 6.4777e-04 9.4453e-02 2.9868e-01 3.3834e-01 6.5714e-03 ] 2.6130e-01
 1.915e+01 7.3842e-01 7.3842e-01 [ 5.8171e-04 9.0940e-02 2.9745e-01 3.4281e-01 6.6446e-03 ] 2.6158e-01
 1.927e+01 7.3815e-01 7.3815e-01 [ 5.2175e-04 8.7503e-02 2.9613e-01 3.4728e-01 6.7172e-03 ] 2.6185e-01
 1.938e+01 7.3787e-01 7.3787e-01 [ 4.6740e-04 8.4144e-02 2.9471e-01 3.5176e-01 6.7890e-03 ] 2.6213e-01
 1.949e+01 7.3760e-01 7.3760e-01 [ 4.1819e-04 8.0866e-02 2.9321e-01 3.5624e-01 6.8600e-03 ] 2.6240e-01
 1.961e+01 7.3732e-01 7.3732e-01 [ 3.7369e-04 7.7670e-02 2.9163e-01 3.6072e-01 6.9301e-03 ] 2.6268e-01
 1.972e+01 7.3705e-01 7.3705e-01 [ 3.3352e-04 7.4559e-02 2.8998e-01 3.6518e-01 6.9991e-03 ] 2.6295e-01
 1.983e+01 7.3678e-01 7.3678e-01 [ 2.9729e-04 7.1534e-02 2.8825e-01 3.6963e-01 7.0668e-03 ] 2.6322e-01
 1.995e+01 7.3651e-01 7.3651e-01 [ 2.6466e-04 6.8598e-02 2.8646e-01 3.7405e-01 7.1333e-03 ] 2.6349e-01
 2.006e+01 7.3625e-01 7.3625e-01 [ 2.3532e-04 6.5753e-02 2.8462e-01 3.7844e-01 7.1983e-03 ] 2.6375e-01
 2.017e+01 7.3598e-01 7.3598e-01 [ 2.0897e-04 6.2999e-02 2.8271e-01 3.8280e-01 7.2617e-03 ] 2.6402e-01
 2.029e+01 7.3571e-01 7.3571e-01 [ 1.8534e-04 6.0339e-02 2.8076e-01 3.8710e-01 7.3235e-03 ] 2.6429e-01
 2.040e+01 7.3543e-01 7.3543e-01 [ 1.6419e-04 5.7774e-02 2.7877e-01 3.9134e-01 7.3834e-03 ] 2.6457e-01
 2.051e+01 7.3515e-01 7.3515e-01 [ 1.4527e-04 5.5305e-02 2.7674e-01 3.9552e-01 7.4415e-03 ] 2.6485e-01
 2.063e+01 7.3485e-01 7.3485e-01 [ 1.2839e-04 5.2934e-02 2.7468e-01 3.9961e-01 7.4976e-03 ] 2.6515e-01
 2.074e+01 7.3452e-01 7.3452e-01 [ 1.1334e-04 5.0661e-02 2.7258e-01 4.0361e-01 7.5516e-03 ] 2.6548e-01
 2.085e+01 7.3414e-01 7.3414e-01 [ 9.9952e-05 4.8486e-02 2.7046e-01 4.0749e-01 7.6037e-03 ] 2.6586e-01
 2.097e+01 7.3369e-01 7.3369e-01 [ 8.8062e-05 4.6410e-02 2.6831e-01 4.1123e-01 7.6537e-03 ] 2.6631e-01
 2.108e+01 7.3312e-01 7.3312e-01 [ 7.7522e-05 4.4431e-02 2.6612e-01 4.1479e-01 7.7017e-03 ] 2.6688e-01
 2.119e+01 7.3237e-01 7.3237e-01 [ 6.8194e-05 4.2548e-02 2.6388e-01 4.1813e-01 7.7477e-03 ] 2.6763e-01
 2.131e+01 7.3135e-01 7.3135e-01 [ 5.9954e-05 4.0756e-02 2.6156e-01 4.2119e-01 7.7918e-03 ] 2.6865e-01
 2.142e+01 7.2990e-01 7.2990e-01 [ 5.2687e-05 3.9050e-02 2.5911e-01 4.2385e-01 7.8339e-03 ] 2.7010e-01
 2.153e+01 7.2782e-01 7.2782e-01 [ 4.6286e-05 3.7420e-02 2.5648e-01 4.2600e-01 7.8736e-03 ] 2.7218e-01
 2.165e+01 7.2479e-01 7.2479e-01 [ 4.0652e-05 3.5855e-02 2.5357e-01 4.2742e-01 7.9100e-03 ] 2.7521e-01
 2.176e+01 7.2035e-01 7.2035e-01 [ 3.5691e-05 3.4335e-02 2.5021e-01 4.2783e-01 7.9413e-03 ] 2.7965e-01
 2.187e+01 7.1385e-01 7.1385e-01 [ 3.1316e-05 3.2833e-02 2.4621e-01 4.2681e-01 7.9640e-03 ] 2.8615e-01
 2.199e+01 7.0439e-01 7.0439e-01 [ 2.7441e-05 3.1316e-02 2.4128e-01 4.2380e-01 7.9722e-03 ] 2.9561e-01
 2.210e+01 6.9082e-01 6.9082e-01 [ 2.3986e-05 2.9738e-02 2.3502e-01 4.1808e-01 7.9566e-03 ] 3.0918e-01
 2.221e+01 6.7171e-01 6.7171e-01 [ 2.0874e-05 2.8048e-02 2.2700e-01 4.0874e-01 7.9042e-03 ] 3.2829e-01
 2.233e+01 6.4557e-01 6.4557e-01 [ 1.8040e-05 2.6194e-02 2.1673e-01 3.9483e-01 7.7982e-03 ] 3.5443e-01
 2.244e+01 6.1112e-01 6.1112e-01 [ 1.5431e-05 2.4135e-02 2.0382e-01 3.7554e-01 7.6204e-03 ] 3.8888e-01
 2.255e+01 5.6778e-01 5.6778e-01 [ 1.3017e-05 2.1857e-02 1.8812e-01 3.5044e-01 7.3552e-03 ] 4.3221e-01
 2.267e+01 5.1611e-01 5.1611e-01 [ 1.0793e-05 1.9390e-02 1.6985e-01 3.1987e-01 6.9951e-03 ] 4.8388e-01
 2.278e+01 4.5803e-01 4.5803e-01 [ 8.7721e-06 1.6810e-02 1.4970e-01 2.8497e-01 6.5450e-03 ] 5.4197e-01
 2.289e+01 3.9656e-01 3.9656e-01 [ 6.9791e-06 1.4226e-02 1.2866e-01 2.4764e-01 6.0231e-03 ] 6.0344e-01
 2.301e+01 3.3521e-01 3.3521e-01 [ 5.4352e-06 1.1758e-02 1.0791e-01 2.1007e-01 5.4567e-03 ] 6.6479e-01
 2.312e+01 2.7717e-01 2.7717e-01 [ 4.1484e-06 9.5064e-03 8.8478e-02 1.7430e-01 4.8762e-03 ] 7.2283e-01
 2.323e+01 2.2480e-01 2.2480e-01 [ 3.1093e-06 7.5365e-03 7.1098e-02 1.4186e-01 4.3085e-03 ] 7.7520e-01
 2.335e+01 1.7941e-01 1.7941e-01 [ 2.2942e-06 5.8752e-03 5.6159e-02 1.1360e-01 3.7740e-03 ] 8.2059e-01
 2.346e+01 1.4134e-01 1.4134e-01 [ 1.6707e-06 4.5166e-03 4.3732e-02 8.9801e-02 3.2849e-03 ] 8.5867e-01
 2.357e+01 1.1023e-01 1.1023e-01 [ 1.2036e-06 3.4331e-03 3.3664e-02 7.0285e-02 2.8468e-03 ] 8.8977e-01
 2.369e+01 8.5335e-02 8.5335e-02 [ 8.5962e-07 2.5861e-03 2.5677e-02 5.4611e-02 2.4601e-03 ] 9.1467e-01
 2.380e+01 6.5723e-02 6.5723e-02 [ 6.0972e-07 1.9342e-03 1.9445e-02 4.2221e-02 2.1223e-03 ] 9.3428e-01
 2.391e+01 5.0454e-02 5.0454e-02 [ 4.3012e-07 1.4387e-03 1.4643e-02 3.2542e-02 1.8292e-03 ] 9.4955e-01
 2.403e+01 3.8668e-02 3.8668e-02 [ 3.0211e-07 1.0656e-03 1.0980e-02 2.5047e-02 1.5758e-03 ] 9.6133e-01
 2.414e+01 2.9626e-02 2.9626e-02 [ 2.1148e-07 7.8660e-04 8.2054e-03 1.9276e-02 1.3572e-03 ] 9.7037e-01
 2.425e+01 2.2717e-02 2.2717e-02 [ 1.4764e-07 5.7918e-04 6.1165e-03 1.4852e-02 1.1690e-03 ] 9.7728e-01
 2.437e+01 1.7450e-02 1.7450e-02 [ 1.0285e-07 4.2561e-04 4.5505e-03 1.1467e-02 1.0069e-03 ] 9.8255e-01
 2.448e+01 1.3439e-02 1.3439e-02 [ 7.1518e-08 3.1229e-04 3.3804e-03 8.8787e-03 8.6737e-04 ] 9.8656e-01
 2.459e+01 1.0384e-02 1.0384e-02 [ 4.9661e-08 2.2886e-04 2.5082e-03 6.8996e-03 7.4727e-04 ] 9.8962e-01
 2.471e+01 8.0551e-03 8.0551e-03 [ 3.4442e-08 1.6757e-04 1.8594e-03 5.3842e-03 6.4385e-04 ] 9.9194e-01
 2.482e+01 6.2762e-03 6.2762e-03 [ 2.3862e-08 1.2260e-04 1.3775e-03 4.2213e-03 5.5478e-04 ] 9.9372e-01
 2.493e+01 4.9141e-03 4.9141e-03 [ 1.6517e-08 8.9645e-05 1.0199e-03 3.3264e-03 4.7807e-04 ] 9.9509e-01
 2.505e+01 3.8677e-03 3.8677e-03 [ 1.1424e-08 6.5517e-05 7.5484e-04 2.6353e-03 4.1198e-04 ] 9.9613e-01
 2.516e+01 3.0609e-03 3.0609e-03 [ 7.8958e-09 4.7864e-05 5.5846e-04 2.0995e-03 3.5504e-04 ] 9.9694e-01
 2.527e+01 2.4361e-03 2.4361e-03 [ 5.4536e-09 3.4956e-05 4.1306e-04 1.6821e-03 3.0597e-04 ] 9.9756e-01
 2.539e+01 1.9501e-03 1.9501e-03 [ 3.7645e-09 2.5521e-05 3.0544e-04 1.3554e-03 2.6369e-04 ] 9.9805e-01
 2.550e+01 1.5701e-03 1.5701e-03 [ 2.5970e-09 1.8629e-05 2.2582e-04 1.0984e-03 2.2725e-04 ] 9.9843e-01
 2.561e+01 1.2714e-03 1.2714e-03 [ 1.7906e-09 1.3595e-05 1.6693e-04 8.9499e-04 1.9584e-04 ] 9.9873e-01
 2.573e+01 1.0352e-03 1.0352e-03 [ 1.2340e-09 9.9193e-06 1.2338e-04 7.3314e-04 1.6878e-04 ] 9.9896e-01
 2.584e+01 8.4748e-04 8.4748e-04 [ 8.4992e-10 7.2362e-06 9.1180e-05 6.0361e-04 1.4545e-04 ] 9.9915e-01
 2.595e+01 6.9734e-04 6.9734e-04 [ 5.8510e-10 5.2780e-06 6.7378e-05 4.9933e-04 1.2535e-04 ] 9.9930e-01
 2.607e+01 5.7656e-04 5.7656e-04 [ 4.0259e-10 3.8491e-06 4.9784e-05 4.1490e-04 1.0802e-04 ] 9.9942e-01
 2.618e+01 4.7885e-04 4.7885e-04 [ 2.7687e-10 2.8066e-06 3.6782e-05 3.4617e-04 9.3092e-05 ] 9.9952e-01
 2.629e+01 3.9935e-04 3.9935e-04 [ 1.9032e-10 2.0462e-06 2.7173e-05 2.8990e-04 8.0223e-05 ] 9.9960e-01
 2.641e+01 3.3431e-04 3.3431e-04 [ 1.3076e-10 1.4917e-06 2.0073e-05 2.4361e-04 6.9132e-05 ] 9.9967e-01
 2.652e+01 2.8083e-04 2.8083e-04 [ 8.9798e-11 1.0872e-06 1.4827e-05 2.0534e-04 5.9574e-05 ] 9.9972e-01
 2.663e+01 2.3664e-04 2.3664e-04 [ 6.1637e-11 7.9237e-07 1.0952e-05 1.7356e-04 5.1337e-05 ] 9.9976e-01
 2.675e+01 1.9996e-04 1.9996e-04 [ 4.2288e-11 5.7740e-07 8.0888e-06 1.4706e-04 4.4238e-05 ] 9.9980e-01
 2.686e+01 1.6939e-04 1.6939e-04 [ 2.8998e-11 4.2070e-07 5.9738e-06 1.2487e-04 3.8120e-05 ] 9.9983e-01
 2.697e+01 1.4380e-04 1.4380e-04 [ 1.9876e-11 3.0649e-07 4.4117e-06 1.0623e-04 3.2848e-05 ] 9.9986e-01
 2.709e+01 1.2232e-04 1.2232e-04 [ 1.3617e-11 2.2326e-07 3.2578e-06 9.0531e-05 2.8305e-05 ] 9.9988e-01
 2.720e+01 1.0422e-04 1.0422e-04 [ 9.3239e-12 1.6261e-07 2.4056e-06 7.7263e-05 2.4390e-05 ] 9.9990e-01
 2.731e+01 8.8934e-05 8.8934e-05 [ 6.3815e-12 1.1842e-07 1.7763e-06 6.6023e-05 2.1016e-05 ] 9.9991e-01
 2.743e+01 7.5988e-05 7.5988e-05 [ 4.3656e-12 8.6235e-08 1.3115e-06 5.6482e-05 1.8109e-05 ] 9.9992e-01
 2.754e+01 6.5000e-05 6.5000e-05 [ 2.9850e-12 6.2787e-08 9.6829e-07 4.8366e-05 1.5604e-05 ] 9.9993e-01
 2.765e+01 5.5656e-05 5.5656e-05 [ 2.0401e-12 4.5710e-08 7.1486e-07 4.1450e-05 1.3445e-05 ] 9.9994e-01
 2.777e+01 4.7695e-05 4.7695e-05 [ 1.3936e-12 3.3274e-08 5.2774e-07 3.5549e-05 1.1585e-05 ] 9.9995e-01
 2.788e+01 4.0903e-05 4.0903e-05 [ 9.5150e-13 2.4218e-08 3.8958e-07 3.0508e-05 9.9817e-06 ] 9.9996e-01
 2.799e+01 3.5100e-05 3.5100e-05 [ 6.4935e-13 1.7625e-08 2.8757e-07 2.6195e-05 8.6004e-06 ] 9.9996e-01
 2.811e+01 3.0137e-05 3.0137e-05 [ 4.4292e-13 1.2825e-08 2.1227e-07 2.2502e-05 7.4102e-06 ] 9.9997e-01
 2.822e+01 2.5888e-05 2.5888e-05 [ 3.0197e-13 9.3314e-09 1.5667e-07 1.9337e-05 6.3846e-06 ] 9.9997e-01
 2.833e+01 2.2247e-05 2.2247e-05 [ 2.0578e-13 6.7886e-09 1.1564e-07 1.6623e-05 5.5010e-06 ] 9.9998e-01
 2.845e+01 1.9124e-05 1.9124e-05 [ 1.4016e-13 4.9381e-09 8.5343e-08 1.4294e-05 4.7395e-06 ] 9.9998e-01
 2.856e+01 1.6445e-05 1.6445e-05 [ 9.5415e-14 3.5917e-09 6.2983e-08 1.2295e-05 4.0835e-06 ] 9.9998e-01
 2.867e+01 1.4144e-05 1.4144e-05 [ 6.4924e-14 2.6120e-09 4.6479e-08 1.0577e-05 3.5182e-06 ] 9.9999e-01
 2.879e+01 1.2168e-05 1.2168e-05 [ 4.4154e-14 1.8993e-09 3.4299e-08 9.1010e-06 3.0311e-06 ] 9.9999e-01
 2.890e+01 1.0470e-05 1.0470e-05 [ 3.0014e-14 1.3810e-09 2.5309e-08 7.8321e-06 2.6115e-06 ] 9.9999e-01
 2.901e+01 9.0105e-06 9.0105e-06 [ 2.0392e-14 1.0039e-09 1.8675e-08 6.7409e-06 2.2499e-06 ] 9.9999e-01
 2.913e+01 7.7553e-06 7.7553e-06 [ 1.3848e-14 7.2975e-10 1.3779e-08 5.8024e-06 1.9383e-06 ] 9.9999e-01
 2.924e+01 6.6756e-06 6.6756e-06 [ 9.3994e-15 5.3039e-10 1.0166e-08 4.9950e-06 1.6699e-06 ] 9.9999e-01
 2.935e+01 5.7468e-06 5.7468e-06 [ 6.3766e-15 3.8544e-10 7.5002e-09 4.3003e-06 1.4387e-06 ] 9.9999e-01
 2.947e+01 4.9477e-06 4.9477e-06 [ 4.3237e-15 2.8008e-10 5.5332e-09 3.7025e-06 1.2394e-06 ] 1.0000e+00
 2.958e+01 4.2599e-06 4.2599e-06 [ 2.9303e-15 2.0349e-10 4.0819e-09 3.1879e-06 1.0677e-06 ] 1.0000e+00
 2.969e+01 3.6679e-06 3.6679e-06 [ 1.9849e-15 1.4782e-10 3.0111e-09 2.7449e-06 9.1984e-07 ] 1.0000e+00
 2.981e+01 3.1584e-06 3.1584e-06 [ 1.3438e-15 1.0737e-10 2.2212e-09 2.3636e-06 7.9242e-07 ] 1.0000e+00
 2.992e+01 2.7197e-06 2.7197e-06 [ 9.0936e-16 7.7981e-11 1.6384e-09 2.0353e-06 6.8264e-07 ] 1.0000e+00
 3.003e+01 2.3420e-06 2.3420e-06 [ 6.1504e-16 5.6628e-11 1.2085e-09 1.7527e-06 5.8807e-07 ] 1.0000e+00
 3.015e+01 2.0168e-06 2.0168e-06 [ 4.1577e-16 4.1117e-11 8.9136e-10 1.5093e-06 5.0659e-07 ] 1.0000e+00
 3.026e+01 1.7368e-06 1.7368e-06 [ 2.8091e-16 2.9851e-11 6.5743e-10 1.2998e-06 4.3639e-07 ] 1.0000e+00
 3.037e+01 1.4957e-06 1.4957e-06 [ 1.8970e-16 2.1669e-11 4.8488e-10 1.1193e-06 3.7592e-07 ] 1.0000e+00
 3.049e+01 1.2881e-06 1.2881e-06 [ 1.2804e-16 1.5727e-11 3.5761e-10 9.6390e-07 3.2383e-07 ] 1.0000e+00
 3.060e+01 1.1093e-06 1.1093e-06 [ 8.6378e-17 1.1414e-11 2.6374e-10 8.3009e-07 2.7895e-07 ] 1.0000e+00
 3.071e+01 9.5533e-07 9.5533e-07 [ 5.8241e-17 8.2820e-12 1.9451e-10 7.1485e-07 2.4028e-07 ] 1.0000e+00
 3.083e+01 8.2273e-07 8.2273e-07 [ 3.9249e-17 6.0088e-12 1.4345e-10 6.1561e-07 2.0698e-07 ] 1.0000e+00
 3.094e+01 7.0854e-07 7.0854e-07 [ 2.6437e-17 4.3590e-12 1.0579e-10 5.3014e-07 1.7829e-07 ] 1.0000e+00
 3.105e+01 6.1019e-07 6.1019e-07 [ 1.7797e-17 3.1618e-12 7.8019e-11 4.5654e-07 1.5357e-07 ] 1.0000e+00
 3.117e+01 5.2549e-07 5.2549e-07 [ 1.1975e-17 2.2931e-12 5.7539e-11 3.9315e-07 1.3228e-07 ] 1.0000e+00
 3.128e+01 4.5255e-07 4.5255e-07 [ 8.0533e-18 1.6628e-12 4.2436e-11 3.3856e-07 1.1394e-07 ] 1.0000e+00
 3.139e+01 3.8973e-07 3.8973e-07 [ 5.4131e-18 1.2056e-12 3.1298e-11 2.9155e-07 9.8140e-08 ] 1.0000e+00
 3.151e+01 3.3562e-07 3.3562e-07 [ 3.6365e-18 8.7402e-13 2.3085e-11 2.5107e-07 8.4531e-08 ] 1.0000e+00
 3.162e+01 2.8903e-07 2.8903e-07 [ 2.4417e-18 6.3354e-13 1.7028e-11 2.1620e-07 7.2808e-08 ] 1.0000e+00
 3.173e+01 2.4890e-07 2.4890e-07 [ 1.6386e-18 4.5917e-13 1.2562e-11 1.8618e-07 6.2710e-08 ] 1.0000e+00
 3.185e+01 2.1434e-07 2.1434e-07 [ 1.0991e-18 3.3274e-13 9.2675e-12 1.6032e-07 5.4012e-08 ] 1.0000e+00
 3.196e+01 1.8458e-07 1.8458e-07 [ 7.3679e-19 2.4109e-13 6.8382e-12 1.3805e-07 4.6520e-08 ] 1.0000e+00
 3.207e+01 1.5895e-07 1.5895e-07 [ 4.9366e-19 1.7466e-13 5.0464e-12 1.1888e-07 4.0067e-08 ] 1.0000e+00
 3.219e+01 1.3688e-07 1.3688e-07 [ 3.3059e-19 1.2652e-13 3.7249e-12 1.0236e-07 3.4508e-08 ] 1.0000e+00
 3.230e+01 1.1787e-07 1.1787e-07 [ 2.2126e-19 9.1633e-14 2.7501e-12 8.8143e-08 2.9720e-08 ] 1.0000e+00
 3.241e+01 1.0150e-07 1.0150e-07 [ 1.4801e-19 6.6358e-14 2.0309e-12 7.5897e-08 2.5597e-08 ] 1.0000e+00
 3.253e+01 8.7398e-08 8.7398e-08 [ 9.8961e-20 4.8047e-14 1.5003e-12 6.5351e-08 2.2045e-08 ] 1.0000e+00
 3.264e+01 7.5257e-08 7.5257e-08 [ 6.6129e-20 3.4784e-14 1.1088e-12 5.6270e-08 1.8985e-08 ] 1.0000e+00
 3.275e+01 6.4802e-08 6.4802e-08 [ 4.4165e-20 2.5179e-14 8.1979e-13 4.8451e-08 1.6351e-08 ] 1.0000e+00
 3.287e+01 5.5799e-08 5.5799e-08 [ 2.9481e-20 1.8223e-14 6.0644e-13 4.1717e-08 1.4081e-08 ] 1.0000e+00
 3.298e+01 4.8046e-08 4.8046e-08 [ 1.9668e-20 1.3187e-14 4.4890e-13 3.5919e-08 1.2127e-08 ] 1.0000e+00
 3.309e+01 4.1370e-08 4.1370e-08 [ 1.3114e-20 9.5418e-15 3.3253e-13 3.0926e-08 1.0443e-08 ] 1.0000e+00
 3.321e+01 3.5621e-08 3.5621e-08 [ 8.7398e-21 6.9030e-15 2.4653e-13 2.6627e-08 8.9934e-09 ] 1.0000e+00
 3.332e+01 3.0670e-08 3.0670e-08 [ 5.8212e-21 4.9933e-15 1.8295e-13 2.2925e-08 7.7447e-09 ] 1.0000e+00
 3.343e+01 2.6407e-08 2.6407e-08 [ 3.8752e-21 3.6113e-15 1.3592e-13 1.9738e-08 6.6693e-09 ] 1.0000e+00
 3.355e+01 2.2737e-08 2.2737e-08 [ 2.5783e-21 2.6115e-15 1.0111e-13 1.6993e-08 5.7432e-09 ] 1.0000e+00
 3.366e+01 1.9576e-08 1.9576e-08 [ 1.7145e-21 1.8882e-15 7.5329e-14 1.4630e-08 4.9456e-09 ] 1.0000e+00
 3.377e+01 1.6854e-08 1.6854e-08 [ 1.1395e-21 1.3650e-15 5.6215e-14 1.2595e-08 4.2588e-09 ] 1.0000e+00
 3.389e+01 1.4511e-08 1.4511e-08 [ 7.5689e-22 9.8664e-16 4.2032e-14 1.0844e-08 3.6672e-09 ] 1.0000e+00
 3.400e+01 1.2493e-08 1.2493e-08 [ 5.0248e-22 7.1305e-16 3.1496e-14 9.3353e-09 3.1578e-09 ] 1.0000e+00
 3.411e+01 1.0756e-08 1.0756e-08 [ 3.3340e-22 5.1525e-16 2.3659e-14 8.0366e-09 2.7191e-09 ] 1.0000e+00
 3.423e+01 9.2599e-09 9.2599e-09 [ 2.2109e-22 3.7226e-16 1.7820e-14 6.9185e-09 2.3414e-09 ] 1.0000e+00
 3.434e+01 7.9720e-09 7.9720e-09 [ 1.4654e-22 2.6892e-16 1.3464e-14 5.9559e-09 2.0160e-09 ] 1.0000e+00
 3.445e+01 6.8631e-09 6.8631e-09 [ 9.7068e-23 1.9423e-16 1.0207e-14 5.1272e-09 1.7359e-09 ] 1.0000e+00
 3.457e+01 5.9083e-09 5.9083e-09 [ 6.4264e-23 1.4027e-16 7.7665e-15 4.4137e-09 1.4947e-09 ] 1.0000e+00
 3.468e+01 5.0863e-09 5.0863e-09 [ 4.2522e-23 1.0128e-16 5.9335e-15 3.7994e-09 1.2869e-09 ] 1.0000e+00
 3.479e+01 4.3786e-09 4.3786e-09 [ 2.8120e-23 7.3120e-17 4.5530e-15 3.2706e-09 1.1081e-09 ] 1.0000e+00
 3.491e+01 3.7693e-09 3.7693e-09 [ 1.8586e-23 5.2780e-17 3.5100e-15 2.8153e-09 9.5404e-10 ] 1.0000e+00
 3.502e+01 3.2448e-09 3.2448e-09 [ 1.2277e-23 3.8093e-17 2.7195e-15 2.4234e-09 8.2141e-10 ] 1.0000e+00
 3.513e+01 2.7932e-09 2.7932e-09 [ 8.1055e-24 2.7488e-17 2.1180e-15 2.0860e-09 7.0722e-10 ] 1.0000e+00
 3.525e+01 2.4044e-09 2.4044e-09 [ 5.3483e-24 1.9833e-17 1.6585e-15 1.7955e-09 6.0888e-10 ] 1.0000e+00
 3.536e+01 2.0697e-09 2.0697e-09 [ 3.5270e-24 1.4307e-17 1.3059e-15 1.5455e-09 5.2422e-10 ] 1.0000e+00
 3.547e+01 1.7816e-09 1.7816e-09 [ 2.3246e-24 1.0319e-17 1.0341e-15 1.3302e-09 4.5132e-10 ] 1.0000e+00
 3.559e+01 1.5335e-09 1.5335e-09 [ 1.5313e-24 7.4418e-18 8.2355e-16 1.1450e-09 3.8855e-10 ] 1.0000e+00
 3.570e+01 1.3200e-09 1.3200e-09 [ 1.0081e-24 5.3659e-18 6.5957e-16 9.8547e-10 3.3451e-10 ] 1.0000e+00
 3.581e+01 1.1362e-09 1.1362e-09 [ 6.6332e-25 3.8684e-18 5.3117e-16 8.4819e-10 2.8798e-10 ] 1.0000e+00
 3.593e+01 9.7793e-10 9.7793e-10 [ 4.3621e-25 2.7884e-18 4.3007e-16 7.3002e-10 2.4791e-10 ] 1.0000e+00
 3.604e+01 8.4172e-10 8.4172e-10 [ 2.8669e-25 2.0096e-18 3.5002e-16 6.2830e-10 2.1342e-10 ] 1.0000e+00
 3.615e+01 7.2447e-10 7.2447e-10 [ 1.8832e-25 1.4481e-18 2.8626e-16 5.4074e-10 1.8373e-10 ] 1.0000e+00
 3.627e+01 6.2354e-10 6.2354e-10 [ 1.2363e-25 1.0433e-18 2.3520e-16 4.6538e-10 1.5816e-10 ] 1.0000e+00
 3.638e+01 5.3667e-10 5.3667e-10 [ 8.1116e-26 7.5154e-19 1.9407e-16 4.0052e-10 1.3615e-10 ] 1.0000e+00
 3.649e+01 4.6189e-10 4.6189e-10 [ 5.3191e-26 5.4128e-19 1.6078e-16 3.4469e-10 1.1720e-10 ] 1.0000e+00
 3.661e+01 3.9752e-10 3.9752e-10 [ 3.4860e-26 3.8979e-19 1.3367e-16 2.9664e-10 1.0089e-10 ] 1.0000e+00
 3.672e+01 3.4212e-10 3.4212e-10 [ 2.2833e-26 2.8064e-19 1.1151e-16 2.5528e-10 8.6843e-11 ] 1.0000e+00
 3.683e+01 2.9444e-10 2.9444e-10 [ 1.4947e-26 2.0203e-19 9.3296e-17 2.1968e-10 7.4753e-11 ] 1.0000e+00
 3.695e+01 2.5339e-10 2.5339e-10 [ 9.7793e-27 1.4541e-19 7.8267e-17 1.8905e-10 6.4345e-11 ] 1.0000e+00
 3.706e+01 2.1807e-10 2.1807e-10 [ 6.3945e-27 1.0464e-19 6.5815e-17 1.6268e-10 5.5385e-11 ] 1.0000e+00
 3.717e+01 1.8766e-10 1.8766e-10 [ 4.1788e-27 7.5293e-20 5.5461e-17 1.3999e-10 4.7672e-11 ] 1.0000e+00
 3.729e+01 1.6150e-10 1.6150e-10 [ 2.7293e-27 5.4165e-20 4.6822e-17 1.2046e-10 4.1033e-11 ] 1.0000e+00
 3.740e+01 1.3897e-10 1.3897e-10 [ 1.7816e-27 3.8960e-20 3.9594e-17 1.0366e-10 3.5317e-11 ] 1.0000e+00
 3.751e+01 1.1959e-10 1.1959e-10 [ 1.1623e-27 2.8018e-20 3.3530e-17 8.9194e-11 3.0398e-11 ] 1.0000e+00
 3.763e+01 1.0291e-10 1.0291e-10 [ 7.5779e-28 2.0146e-20 2.8430e-17 7.6747e-11 2.6163e-11 ] 1.0000e+00
 3.774e+01 8.8554e-11 8.8554e-11 [ 4.9380e-28 1.4483e-20 2.4132e-17 6.6037e-11 2.2518e-11 ] 1.0000e+00
 3.785e+01 7.6200e-11 7.6200e-11 [ 3.2159e-28 1.0410e-20 2.0503e-17 5.6820e-11 1.9380e-11 ] 1.0000e+00
 3.797e+01 6.5568e-11 6.5568e-11 [ 2.0931e-28 7.4813e-21 1.7433e-17 4.8889e-11 1.6679e-11 ] 1.0000e+00
 3.808e+01 5.6418e-11 5.6418e-11 [ 1.3616e-28 5.3756e-21 1.4834e-17 4.2064e-11 1.4355e-11 ] 1.0000e+00
 3.819e+01 4.8545e-11 4.8545e-11 [ 8.8519e-29 3.8619e-21 1.2630e-17 3.6191e-11 1.2354e-11 ] 1.0000e+00
 3.831e+01 4.1769e-11 4.1769e-11 [ 5.7515e-29 2.7740e-21 1.0758e-17 3.1137e-11 1.0632e-11 ] 1.0000e+00
 3.842e+01 3.5938e-11 3.5938e-11 [ 3.7349e-29 1.9922e-21 9.1682e-18 2.6789e-11 9.1495e-12 ] 1.0000e+00
 3.853e+01 3.0921e-11 3.0921e-11 [ 2.4239e-29 1.4305e-21 7.8160e-18 2.3047e-11 7.8738e-12 ] 1.0000e+00
 3.865e+01 2.6604e-11 2.6604e-11 [ 1.5722e-29 1.0269e-21 6.6652e-18 1.9828e-11 6.7758e-12 ] 1.0000e+00
 3.876e+01 2.2889e-11 2.2889e-11 [ 1.0191e-29 7.3713e-22 5.6854e-18 1.7058e-11 5.8309e-12 ] 1.0000e+00
 3.887e+01 1.9693e-11 1.9693e-11 [ 6.6026e-30 5.2901e-22 4.8506e-18 1.4675e-11 5.0176e-12 ] 1.0000e+00
 3.899e+01 1.6942e-11 1.6942e-11 [ 4.2751e-30 3.7959e-22 4.1392e-18 1.2624e-11 4.3177e-12 ] 1.0000e+00
 3.910e+01 1.4576e-11 1.4576e-11 [ 2.7665e-30 2.7232e-22 3.5326e-18 1.0860e-11 3.7154e-12 ] 1.0000e+00
 3.921e+01 1.2539e-11 1.2539e-11 [ 1.7891e-30 1.9533e-22 3.0152e-18 9.3423e-12 3.1970e-12 ] 1.0000e+00
 3.933e+01 1.0787e-11 1.0787e-11 [ 1.1564e-30 1.4008e-22 2.5739e-18 8.0365e-12 2.7509e-12 ] 1.0000e+00
 3.944e+01 9.2801e-12 9.2801e-12 [ 7.4701e-31 1.0044e-22 2.1973e-18 6.9130e-12 2.3671e-12 ] 1.0000e+00
 3.955e+01 7.9832e-12 7.9832e-12 [ 4.8227e-31 7.2009e-23 1.8759e-18 5.9465e-12 2.0367e-12 ] 1.0000e+00
 3.967e+01 6.8674e-12 6.8674e-12 [ 3.1117e-31 5.1615e-23 1.6015e-18 5.1150e-12 1.7524e-12 ] 1.0000e+00
 3.978e+01 5.9075e-12 5.9075e-12 [ 2.0065e-31 3.6990e-23 1.3674e-18 4.3997e-12 1.5078e-12 ] 1.0000e+00
 3.989e+01 5.0816e-12 5.0816e-12 [ 1.2931e-31 2.6505e-23 1.1674e-18 3.7843e-12 1.2973e-12 ] 1.0000e+00
 4.001e+01 4.3711e-12 4.3711e-12 [ 8.3289e-32 1.8988e-23 9.9674e-19 3.2550e-12 1.1162e-12 ] 1.0000e+00
 4.012e+01 3.7599e-12 3.7599e-12 [ 5.3613e-32 1.3601e-23 8.5100e-19 2.7996e-12 9.6030e-13 ] 1.0000e+00
 4.023e+01 3.2341e-12 3.2341e-12 [ 3.4491e-32 9.7405e-24 7.2655e-19 2.4079e-12 8.2619e-13 ] 1.0000e+00
 4.035e+01 2.7818e-12 2.7818e-12 [ 2.2176e-32 6.9747e-24 6.2029e-19 2.0710e-12 7.1079e-13 ] 1.0000e+00
 4.046e+01 2.3926e-12 2.3926e-12 [ 1.4250e-32 4.9934e-24 5.2956e-19 1.7811e-12 6.1150e-13 ] 1.0000e+00
 4.057e+01 2.0579e-12 2.0579e-12 [ 9.1509e-33 3.5743e-24 4.5208e-19 1.5318e-12 5.2607e-13 ] 1.0000e+00
 4.069e+01 1.7700e-12 1.7700e-12 [ 5.8732e-33 2.5581e-24 3.8592e-19 1.3174e-12 4.5257e-13 ] 1.0000e+00
 4.080e+01 1.5223e-12 1.5223e-12 [ 3.7673e-33 1.8306e-24 3.2944e-19 1.1330e-12 3.8933e-13 ] 1.0000e+00
 4.091e+01 1.3092e-12 1.3092e-12 [ 2.4150e-33 1.3097e-24 2.8120e-19 9.7432e-13 3.3492e-13 ] 1.0000e+00
 4.103e+01 1.1260e-12 1.1260e-12 [ 1.5472e-33 9.3697e-25 2.4002e-19 8.3788e-13 2.8811e-13 ] 1.0000e+00
 4.114e+01 9.6836e-13 9.6836e-13 [ 9.9070e-34 6.7020e-25 2.0486e-19 7.2053e-13 2.4783e-13 ] 1.0000e+00
 4.125e+01 8.3279e-13 8.3279e-13 [ 6.3397e-34 4.7932e-25 1.7484e-19 6.1960e-13 2.1319e-13 ] 1.0000e+00
 4.137e+01 7.1618e-13 7.1618e-13 [ 4.0545e-34 3.4277e-25 1.4921e-19 5.3280e-13 1.8338e-13 ] 1.0000e+00
 4.148e+01 6.1589e-13 6.1589e-13 [ 2.5915e-34 2.4509e-25 1.2733e-19 4.5815e-13 1.5774e-13 ] 1.0000e+00
 4.159e+01 5.2963e-13 5.2963e-13 [ 1.6554e-34 1.7524e-25 1.0865e-19 3.9395e-13 1.3568e-13 ] 1.0000e+00
 4.171e+01 4.5544e-13 4.5544e-13 [ 1.0568e-34 1.2528e-25 9.2711e-20 3.3874e-13 1.1670e-13 ] 1.0000e+00
 4.182e+01 3.9163e-13 3.9163e-13 [ 6.7427e-35 8.9560e-26 7.9102e-20 2.9126e-13 1.0037e-13 ] 1.0000e+00
 4.193e+01 3.3676e-13 3.3676e-13 [ 4.2995e-35 6.4023e-26 6.7487e-20 2.5043e-13 8.6331e-14 ] 1.0000e+00
 4.205e+01 2.8957e-13 2.8957e-13 [ 2.7399e-35 4.5767e-26 5.7574e-20 2.1532e-13 7.4251e-14 ] 1.0000e+00
 4.216e+01 2.4899e-13 2.4899e-13 [ 1.7450e-35 3.2717e-26 4.9114e-20 1.8512e-13 6.3861e-14 ] 1.0000e+00
 4.227e+01 2.1409e-13 2.1409e-13 [ 1.1107e-35 2.3390e-26 4.1895e-20 1.5916e-13 5.4923e-14 ] 1.0000e+00
 4.239e+01 1.8407e-13 1.8407e-13 [ 7.0658e-36 1.6723e-26 3.5734e-20 1.3684e-13 4.7235e-14 ] 1.0000e+00
 4.250e+01 1.5826e-13 1.5826e-13 [ 4.4921e-36 1.1958e-26 3.0477e-20 1.1764e-13 4.0622e-14 ] 1.0000e+00
 4.261e+01 1.3607e-13 1.3607e-13 [ 2.8542e-36 8.5528e-27 2.5992e-20 1.0114e-13 3.4935e-14 ] 1.0000e+00
 4.273e+01 1.1699e-13 1.1699e-13 [ 1.8124e-36 6.1187e-27 2.2166e-20 8.6946e-14 3.0043e-14 ] 1.0000e+00
 4.284e+01 1.0058e-13 1.0058e-13 [ 1.1502e-36 4.3787e-27 1.8901e-20 7.4744e-14 2.5836e-14 ] 1.0000e+00
 4.295e+01 8.6470e-14 8.6470e-14 [ 7.2951e-37 3.1348e-27 1.6116e-20 6.4253e-14 2.2217e-14 ] 1.0000e+00
 4.307e+01 7.4338e-14 7.4338e-14 [ 4.6241e-37 2.2454e-27 1.3741e-20 5.5233e-14 1.9105e-14 ] 1.0000e+00
 4.318e+01 6.3907e-14 6.3907e-14 [ 2.9293e-37 1.6093e-27 1.1715e-20 4.7478e-14 1.6428e-14 ] 1.0000e+00
 4.329e+01 5.4938e-14 5.4938e-14 [ 1.8546e-37 1.1543e-27 9.9867e-21 4.0811e-14 1.4126e-14 ] 1.0000e+00
 4.341e+01 4.7227e-14 4.7227e-14 [ 1.1735e-37 8.2859e-28 8.5130e-21 3.5080e-14 1.2147e-14 ] 1.0000e+00
 4.352e+01 4.0597e-14 4.0597e-14 [ 7.4204e-38 5.9541e-28 7.2562e-21 3.0153e-14 1.0444e-14 ] 1.0000e+00
 4.363e+01 3.4897e-14 3.4897e-14 [ 4.6895e-38 4.2835e-28 6.1846e-21 2.5917e-14 8.9802e-15 ] 1.0000e+00
 4.375e+01 2.9997e-14 2.9997e-14 [ 2.9619e-38 3.0859e-28 5.2708e-21 2.2275e-14 7.7212e-15 ] 1.0000e+00
 4.386e+01 2.5784e-14 2.5784e-14 [ 1.8696e-38 2.2267e-28 4.4917e-21 1.9145e-14 6.6386e-15 ] 1.0000e+00
 4.397e+01 2.2162e-14 2.2162e-14 [ 1.1794e-38 1.6096e-28 3.8276e-21 1.6455e-14 5.7076e-15 ] 1.0000e+00
 4.409e+01 1.9049e-14 1.9049e-14 [ 7.4360e-39 1.1660e-28 3.2613e-21 1.4142e-14 4.9071e-15 ] 1.0000e+00
 4.420e+01 1.6372e-14 1.6372e-14 [ 4.6854e-39 8.4663e-29 2.7787e-21 1.2154e-14 4.2188e-15 ] 1.0000e+00
 4.431e+01 1.4072e-14 1.4072e-14 [ 2.9505e-39 6.1636e-29 2.3673e-21 1.0445e-14 3.6270e-15 ] 1.0000e+00
 4.443e+01 1.2094e-14 1.2094e-14 [ 1.8568e-39 4.5005e-29 2.0167e-21 8.9760e-15 3.1181e-15 ] 1.0000e+00
 4.454e+01 1.0394e-14 1.0394e-14 [ 1.1679e-39 3.2970e-29 1.7178e-21 7.7135e-15 2.6805e-15 ] 1.0000e+00
 4.465e+01 8.9328e-15 8.9328e-15 [ 7.3411e-40 2.4240e-29 1.4632e-21 6.6285e-15 2.3043e-15 ] 1.0000e+00
 4.477e+01 7.6767e-15 7.6767e-15 [ 4.6118e-40 1.7892e-29 1.2462e-21 5.6959e-15 1.9808e-15 ] 1.0000e+00
 4.488e+01 6.5972e-15 6.5972e-15 [ 2.8954e-40 1.3263e-29 1.0613e-21 4.8944e-15 1.7028e-15 ] 1.0000e+00
 4.499e+01 5.6693e-15 5.6693e-15 [ 1.8168e-40 9.8760e-30 9.0375e-22 4.2056e-15 1.4637e-15 ] 1.0000e+00
 4.511e+01 4.8718e-15 4.8718e-15 [ 1.1393e-40 7.3897e-30 7.6954e-22 3.6136e-15 1.2581e-15 ] 1.0000e+00
 4.522e+01 4.1864e-15 4.1864e-15 [ 7.1398e-41 5.5573e-30 6.5522e-22 3.1049e-15 1.0814e-15 ] 1.0000e+00
 4.533e+01 3.5973e-15 3.5973e-15 [ 4.4719e-41 4.2012e-30 5.5784e-22 2.6678e-15 9.2952e-16 ] 1.0000e+00
 4.545e+01 3.0910e-15 3.0910e-15 [ 2.7992e-41 3.1932e-30 4.7489e-22 2.2921e-15 7.9893e-16 ] 1.0000e+00
 4.556e+01 2.6559e-15 2.6559e-15 [ 1.7511e-41 2.4403e-30 4.0425e-22 1.9693e-15 6.8667e-16 ] 1.0000e+00
 4.567e+01 2.2820e-15 2.2820e-15 [ 1.0948e-41 1.8751e-30 3.4409e-22 1.6918e-15 5.9018e-16 ] 1.0000e+00
 4.579e+01 1.9607e-15 1.9607e-15 [ 6.8407e-42 1.4486e-30 2.9286e-22 1.4535e-15 5.0722e-16 ] 1.0000e+00
 4.590e+01 1.6846e-15 1.6846e-15 [ 4.2718e-42 1.1250e-30 2.4923e-22 1.2487e-15 4.3592e-16 ] 1.0000e+00
 4.601e+01 1.4473e-15 1.4473e-15 [ 2.6659e-42 8.7818e-31 2.1209e-22 1.0727e-15 3.7463e-16 ] 1.0000e+00
 4.613e+01 1.2434e-15 1.2434e-15 [ 1.6628e-42 6.8887e-31 1.8047e-22 9.2148e-16 3.2195e-16 ] 1.0000e+00
 4.624e+01 1.0682e-15 1.0682e-15 [ 1.0365e-42 5.4286e-31 1.5355e-22 7.9157e-16 2.7668e-16 ] 1.0000e+00
 4.635e+01 9.1772e-16 9.1772e-16 [ 6.4568e-43 4.2966e-31 1.3064e-22 6.7996e-16 2.3776e-16 ] 1.0000e+00
 4.647e+01 7.8838e-16 7.8838e-16 [ 4.0199e-43 3.4142e-31 1.1114e-22 5.8406e-16 2.0431e-16 ] 1.0000e+00
 4.658e+01 6.7725e-16 6.7725e-16 [ 2.5013e-43 2.7231e-31 9.4536e-23 5.0168e-16 1.7556e-16 ] 1.0000e+00
 4.669e+01 5.8176e-16 5.8176e-16 [ 1.5554e-43 2.1792e-31 8.0410e-23 4.3091e-16 1.5086e-16 ] 1.0000e+00
 4.681e+01 4.9973e-16 4.9973e-16 [ 9.6663e-44 1.7492e-31 6.8389e-23 3.7011e-16 1.2963e-16 ] 1.0000e+00
 4.692e+01 4.2925e-16 4.2925e-16 [ 6.0037e-44 1.4078e-31 5.8160e-23 3.1788e-16 1.1138e-16 ] 1.0000e+00
 4.703e+01 3.6871e-16 3.6871e-16 [ 3.7266e-44 1.1358e-31 4.9457e-23 2.7301e-16 9.5698e-17 ] 1.0000e+00
 4.715e+01 3.1669e-16 3.1669e-16 [ 2.3118e-44 9.1834e-32 4.2053e-23 2.3447e-16 8.2223e-17 ] 1.0000e+00
 4.726e+01 2.7200e-16 2.7200e-16 [ 1.4333e-44 7.4388e-32 3.5755e-23 2.0136e-16 7.0643e-17 ] 1.0000e+00
 4.737e+01 2.3362e-16 2.3362e-16 [ 8.8809e-45 6.0354e-32 3.0397e-23 1.7293e-16 6.0692e-17 ] 1.0000e+00
 4.749e+01 2.0064e-16 2.0064e-16 [ 5.4994e-45 4.9037e-32 2.5840e-23 1.4850e-16 5.2142e-17 ] 1.0000e+00
 4.760e+01 1.7232e-16 1.7232e-16 [ 3.4034e-45 3.9890e-32 2.1964e-23 1.2752e-16 4.4795e-17 ] 1.0000e+00
 4.771e+01 1.4799e-16 1.4799e-16 [ 2.1050e-45 3.2483e-32 1.8668e-23 1.0950e-16 3.8482e-17 ] 1.0000e+00
 4.783e+01 1.2709e-16 1.2709e-16 [ 1.3012e-45 2.6474e-32 1.5866e-23 9.4029e-17 3.3058e-17 ] 1.0000e+00
 4.794e+01 1.0914e-16 1.0914e-16 [ 8.0380e-46 2.1592e-32 1.3482e-23 8.0738e-17 2.8398e-17 ] 1.0000e+00
 4.805e+01 9.3719e-17 9.3719e-17 [ 4.9626e-46 1.7621e-32 1.1456e-23 6.9325e-17 2.4394e-17 ] 1.0000e+00
 4.817e+01 8.0477e-17 8.0477e-17 [ 3.0620e-46 1.4388e-32 9.7339e-24 5.9522e-17 2.0954e-17 ] 1.0000e+00
 4.828e+01 6.9104e-17 6.9104e-17 [ 1.8882e-46 1.1752e-32 8.2697e-24 5.1105e-17 1.7999e-17 ] 1.0000e+00
 4.839e+01 5.9336e-17 5.9336e-17 [ 1.1637e-46 9.6022e-33 7.0251e-24 4.3876e-17 1.5460e-17 ] 1.0000e+00
 4.851e+01 5.0948e-17 5.0948e-17 [ 7.1672e-47 7.8475e-33 5.9674e-24 3.7669e-17 1.3279e-17 ] 1.0000e+00
 4.862e+01 4.3744e-17 4.3744e-17 [ 4.4117e-47 6.4146e-33 5.0684e-24 3.2339e-17 1.1405e-17 ] 1.0000e+00
 4.873e+01 3.7557e-17 3.7557e-17 [ 2.7140e-47 5.2439e-33 4.3045e-24 2.7762e-17 9.7952e-18 ] 1.0000e+00
 4.885e+01 3.2245e-17 3.2245e-17 [ 1.6686e-47 4.2872e-33 3.6554e-24 2.3832e-17 8.4125e-18 ] 1.0000e+00
 4.896e+01 2.7683e-17 2.7683e-17 [ 1.0253e-47 3.5051e-33 3.1039e-24 2.0458e-17 7.2248e-18 ] 1.0000e+00
 4.907e+01 2.3766e-17 2.3766e-17 [ 6.2960e-48 2.8656e-33 2.6354e-24 1.7561e-17 6.2046e-18 ] 1.0000e+00
 4.919e+01 2.0402e-17 2.0402e-17 [ 3.8639e-48 2.3427e-33 2.2374e-24 1.5074e-17 5.3283e-18 ] 1.0000e+00
 4.930e+01 1.7514e-17 1.7514e-17 [ 2.3699e-48 1.9150e-33 1.8994e-24 1.2939e-17 4.5756e-18 ] 1.0000e+00
 4.941e+01 1.5035e-17 1.5035e-17 [ 1.4527e-48 1.5653e-33 1.6122e-24 1.1106e-17 3.9291e-18 ] 1.0000e+00
 4.953e+01 1.2906e-17 1.2906e-17 [ 8.8998e-49 1.2793e-33 1.3684e-24 9.5319e-18 3.3739e-18 ] 1.0000e+00
 4.964e+01 1.1078e-17 1.1078e-17 [ 5.4490e-49 1.0454e-33 1.1613e-24 8.1808e-18 2.8971e-18 ] 1.0000e+00
 4.975e+01 9.5086e-18 9.5086e-18 [ 3.3342e-49 8.5413e-34 9.8549e-25 7.0211e-18 2.4875e-18 ] 1.0000e+00
 4.987e+01 8.1614e-18 8.1614e-18 [ 2.0390e-49 6.9775e-34 8.3621e-25 6.0256e-18 2.1358e-18 ] 1.0000e+00
 4.998e+01 7.0048e-18 7.0048e-18 [ 1.2462e-49 5.6989e-34 7.0947e-25 5.1710e-18 1.8338e-18 ] 1.0000e+00
 5.009e+01 6.0120e-18 6.0120e-18 [ 7.6120e-50 4.6538e-34 6.0189e-25 4.4375e-18 1.5745e-18 ] 1.0000e+00
 5.021e+01 5.1597e-18 5.1597e-18 [ 4.6468e-50 3.7995e-34 5.1058e-25 3.8079e-18 1.3517e-18 ] 1.0000e+00
 5.032e+01 4.4281e-18 4.4281e-18 [ 2.8351e-50 3.1015e-34 4.3307e-25 3.2676e-18 1.1605e-18 ] 1.0000e+00
 5.043e+01 3.8001e-18 3.8001e-18 [ 1.7287e-50 2.5311e-34 3.6730e-25 2.8038e-18 9.9625e-19 ] 1.0000e+00
 5.055e+01 3.2610e-18 3.2610e-18 [ 1.0535e-50 2.0652e-34 3.1149e-25 2.4058e-18 8.5524e-19 ] 1.0000e+00
 5.066e+01 2.7984e-18 2.7984e-18 [ 6.4160e-51 1.6847e-34 2.6413e-25 2.0642e-18 7.3417e-19 ] 1.0000e+00
 5.077e+01 2.4013e-18 2.4013e-18 [ 3.9054e-51 1.3740e-34 2.2395e-25 1.7710e-18 6.3022e-19 ] 1.0000e+00
 5.089e+01 2.0604e-18 2.0604e-18 [ 2.3759e-51 1.1203e-34 1.8987e-25 1.5195e-18 5.4097e-19 ] 1.0000e+00
 5.100e+01 1.7679e-18 1.7679e-18 [ 1.4446e-51 9.1322e-35 1.6096e-25 1.3036e-18 4.6434e-19 ] 1.0000e+00
 5.111e+01 1.5169e-18 1.5169e-18 [ 8.7781e-52 7.4426e-35 1.3643e-25 1.1183e-18 3.9856e-19 ] 1.0000e+00
 5.123e+01 1.3015e-18 1.3015e-18 [ 5.3313e-52 6.0641e-35 1.1564e-25 9.5940e-19 3.4208e-19 ] 1.0000e+00
 5.134e+01 1.1166e-18 1.1166e-18 [ 3.2361e-52 4.9398e-35 9.8000e-26 8.2301e-19 2.9360e-19 ] 1.0000e+00
 5.145e+01 9.5796e-19 9.5796e-19 [ 1.9633e-52 4.0229e-35 8.3045e-26 7.0598e-19 2.5198e-19 ] 1.0000e+00
 5.157e+01 8.2183e-19 8.2183e-19 [ 1.1904e-52 3.2754e-35 7.0365e-26 6.0558e-19 2.1625e-19 ] 1.0000e+00
 5.168e+01 7.0502e-19 7.0502e-19 [ 7.2145e-53 2.6661e-35 5.9616e-26 5.1943e-19 1.8559e-19 ] 1.0000e+00
 5.179e+01 6.0479e-19 6.0479e-19 [ 4.3701e-53 2.1696e-35 5.0503e-26 4.4553e-19 1.5926e-19 ] 1.0000e+00
 5.191e+01 5.1879e-19 5.1879e-19 [ 2.6458e-53 1.7651e-35 4.2780e-26 3.8212e-19 1.3667e-19 ] 1.0000e+00
 5.202e+01 4.4501e-19 4.4501e-19 [ 1.6011e-53 1.4357e-35 3.6234e-26 3.2773e-19 1.1728e-19 ] 1.0000e+00
 5.213e+01 3.8170e-19 3.8170e-19 [ 9.6845e-54 1.1675e-35 3.0686e-26 2.8107e-19 1.0063e-19 ] 1.0000e+00
 5.225e+01 3.2739e-19 3.2739e-19 [ 5.8554e-54 9.4908e-36 2.5985e-26 2.4105e-19 8.6349e-20 ] 1.0000e+00
 5.236e+01 2.8080e-19 2.8080e-19 [ 3.5387e-54 7.7136e-36 2.2002e-26 2.0671e-19 7.4089e-20 ] 1.0000e+00
 5.247e+01 2.4083e-19 2.4083e-19 [ 2.1379e-54 6.2676e-36 1.8628e-26 1.7726e-19 6.3568e-20 ] 1.0000e+00
 5.259e+01 2.0654e-19 2.0654e-19 [ 1.2911e-54 5.0913e-36 1.5770e-26 1.5200e-19 5.4539e-20 ] 1.0000e+00
 5.270e+01 1.7713e-19 1.7713e-19 [ 7.7947e-55 4.1347e-36 1.3349e-26 1.3034e-19 4.6791e-20 ] 1.0000e+00
 5.281e+01 1.5190e-19 1.5190e-19 [ 4.7047e-55 3.3570e-36 1.1298e-26 1.1176e-19 4.0142e-20 ] 1.0000e+00
 5.293e+01 1.3026e-19 1.3026e-19 [ 2.8390e-55 2.7248e-36 9.5615e-27 9.5822e-20 3.4437e-20 ] 1.0000e+00
 5.304e+01 1.1170e-19 1.1170e-19 [ 1.7129e-55 2.2111e-36 8.0910e-27 8.2156e-20 2.9542e-20 ] 1.0000e+00
 5.315e+01 9.5778e-20 9.5778e-20 [ 1.0334e-55 1.7938e-36 6.8460e-27 7.0436e-20 2.5342e-20 ] 1.0000e+00
 5.327e+01 8.2124e-20 8.2124e-20 [ 6.2340e-56 1.4549e-36 5.7920e-27 6.0386e-20 2.1738e-20 ] 1.0000e+00
 5.338e+01 7.0413e-20 7.0413e-20 [ 3.7611e-56 1.1797e-36 4.8997e-27 5.1768e-20 1.8646e-20 ] 1.0000e+00
 5.349e+01 6.0371e-20 6.0371e-20 [ 2.2695e-56 9.5627e-37 4.1444e-27 4.4378e-20 1.5993e-20 ] 1.0000e+00
 5.361e+01 5.1758e-20 5.1758e-20 [ 1.3699e-56 7.7497e-37 3.5052e-27 3.8041e-20 1.3717e-20 ] 1.0000e+00
 5.372e+01 4.4373e-20 4.4373e-20 [ 8.2717e-57 6.2788e-37 2.9643e-27 3.2608e-20 1.1765e-20 ] 1.0000e+00
 5.383e+01 3.8040e-20 3.8040e-20 [ 4.9975e-57 5.0857e-37 2.5066e-27 2.7950e-20 1.0090e-20 ] 1.0000e+00
 5.395e+01 3.2610e-20 3.2610e-20 [ 3.0214e-57 4.1182e-37 2.1193e-27 2.3957e-20 8.6531e-21 ] 1.0000e+00
 5.406e+01 2.7954e-20 2.7954e-20 [ 1.8283e-57 3.3339e-37 1.7917e-27 2.0533e-20 7.4207e-21 ] 1.0000e+00
 5.417e+01 2.3961e-20 2.3961e-20 [ 1.1076e-57 2.6982e-37 1.5146e-27 1.7598e-20 6.3636e-21 ] 1.0000e+00
 5.429e+01 2.0538e-20 2.0538e-20 [ 6.7180e-58 2.1832e-37 1.2801e-27 1.5082e-20 5.4569e-21 ] 1.0000e+00
 5.440e+01 1.7604e-20 1.7604e-20 [ 4.0811e-58 1.7660e-37 1.0819e-27 1.2925e-20 4.6792e-21 ] 1.0000e+00
 5.451e+01 1.5088e-20 1.5088e-20 [ 2.4837e-58 1.4281e-37 9.1426e-28 1.1076e-20 4.0122e-21 ] 1.0000e+00
 5.463e+01 1.2931e-20 1.2931e-20 [ 1.5147e-58 1.1546e-37 7.7251e-28 9.4911e-21 3.4401e-21 ] 1.0000e+00
 5.474e+01 1.1082e-20 1.1082e-20 [ 9.2587e-59 9.3317e-38 6.5266e-28 8.1327e-21 2.9495e-21 ] 1.0000e+00
 5.485e+01 9.4973e-21 9.4973e-21 [ 5.6746e-59 7.5403e-38 5.5135e-28 6.9685e-21 2.5288e-21 ] 1.0000e+00
 5.497e+01 8.1387e-21 8.1387e-21 [ 3.4883e-59 6.0911e-38 4.6571e-28 5.9707e-21 2.1680e-21 ] 1.0000e+00
 5.508e+01 6.9741e-21 6.9741e-21 [ 2.1514e-59 4.9191e-38 3.9333e-28 5.1155e-21 1.8586e-21 ] 1.0000e+00
 5.519e+01 5.9760e-21 5.9760e-21 [ 1.3316e-59 3.9716e-38 3.3217e-28 4.3827e-21 1.5933e-21 ] 1.0000e+00
 5.531e+01 5.1205e-21 5.1205e-21 [ 8.2743e-60 3.2056e-38 2.8048e-28 3.7547e-21 1.3658e-21 ] 1.0000e+00
 5.542e+01 4.3873e-21 4.3873e-21 [ 5.1628e-60 2.5867e-38 2.3681e-28 3.2165e-21 1.1708e-21 ] 1.0000e+00
 5.553e+01 3.7589e-21 3.7589e-21 [ 3.2356e-60 2.0867e-38 1.9992e-28 2.7554e-21 1.0035e-21 ] 1.0000e+00
 5.565e+01 3.2204e-21 3.2204e-21 [ 2.0371e-60 1.6829e-38 1.6875e-28 2.3603e-21 8.6015e-22 ] 1.0000e+00
 5.576e+01 2.7590e-21 2.7590e-21 [ 1.2887e-60 1.3569e-38 1.4243e-28 2.0217e-21 7.3723e-22 ] 1.0000e+00
 5.587e+01 2.3635e-21 2.3635e-21 [ 8.1922e-61 1.0937e-38 1.2020e-28 1.7317e-21 6.3185e-22 ] 1.0000e+00
 5.599e+01 2.0247e-21 2.0247e-21 [ 5.2333e-61 8.8136e-39 1.0143e-28 1.4832e-21 5.4151e-22 ] 1.0000e+00
 5.610e+01 1.7343e-21 1.7343e-21 [ 3.3596e-61 7.1003e-39 8.5578e-29 1.2703e-21 4.6407e-22 ] 1.0000e+00
 5.621e+01 1.4856e-21 1.4856e-21 [ 2.1671e-61 5.7184e-39 7.2196e-29 1.0879e-21 3.9769e-22 ] 1.0000e+00
 5.633e+01 1.2724e-21 1.2724e-21 [ 1.4045e-61 4.6043e-39 6.0900e-29 9.3165e-22 3.4079e-22 ] 1.0000e+00
 5.644e+01 1.0898e-21 1.0898e-21 [ 9.1436e-62 3.7062e-39 5.1365e-29 7.9781e-22 2.9202e-22 ] 1.0000e+00
 5.655e+01 9.3339e-22 9.3339e-22 [ 5.9783e-62 2.9824e-39 4.3319e-29 6.8318e-22 2.5022e-22 ] 1.0000e+00
 5.667e+01 7.9938e-22 7.9938e-22 [ 3.9245e-62 2.3993e-39 3.6528e-29 5.8498e-22 2.1439e-22 ] 1.0000e+00
 5.678e+01 6.8457e-22 6.8457e-22 [ 2.5859e-62 1.9297e-39 3.0799e-29 5.0088e-22 1.8369e-22 ] 1.0000e+00
 5.689e+01 5.8623e-22 5.8623e-22 [ 1.7097e-62 1.5516e-39 2.5965e-29 4.2886e-22 1.5738e-22 ] 1.0000e+00
 5.701e+01 5.0199e-22 5.0199e-22 [ 1.1340e-62 1.2472e-39 2.1887e-29 3.6717e-22 1.3483e-22 ] 1.0000e+00
 5.712e+01 4.2984e-22 4.2984e-22 [ 7.5424e-63 1.0022e-39 1.8447e-29 3.1434e-22 1.1550e-22 ] 1.0000e+00
 5.723e+01 3.6805e-22 3.6805e-22 [ 5.0292e-63 8.0517e-40 1.5546e-29 2.6910e-22 9.8945e-23 ] 1.0000e+00
 5.735e+01 3.1512e-22 3.1512e-22 [ 3.3609e-63 6.4668e-40 1.3100e-29 2.3036e-22 8.4757e-23 ] 1.0000e+00
 5.746e+01 2.6979e-22 2.6979e-22 [ 2.2503e-63 5.1923e-40 1.1038e-29 1.9719e-22 7.2601e-23 ] 1.0000e+00
 5.757e+01 2.3098e-22 2.3098e-22 [ 1.5092e-63 4.1679e-40 9.2986e-30 1.6879e-22 6.2185e-23 ] 1.0000e+00
 5.769e+01 1.9773e-22 1.9773e-22 [ 1.0136e-63 3.3446e-40 7.8326e-30 1.4447e-22 5.3262e-23 ] 1.0000e+00
 5.780e+01 1.6927e-22 1.6927e-22 [ 6.8161e-64 2.6832e-40 6.5970e-30 1.2365e-22 4.5617e-23 ] 1.0000e+00
 5.791e+01 1.4490e-22 1.4490e-22 [ 4.5879e-64 2.1520e-40 5.5556e-30 1.0583e-22 3.9067e-23 ] 1.0000e+00
 5.803e+01 1.2403e-22 1.2403e-22 [ 3.0906e-64 1.7255e-40 4.6781e-30 9.0569e-23 3.3457e-23 ] 1.0000e+00
 5.814e+01 1.0616e-22 1.0616e-22 [ 2.0833e-64 1.3831e-40 3.9387e-30 7.7506e-23 2.8651e-23 ] 1.0000e+00
 5.825e+01 9.0858e-23 9.0858e-23 [ 1.4050e-64 1.1083e-40 3.3157e-30 6.6324e-23 2.4534e-23 ] 1.0000e+00
 5.837e+01 7.7761e-23 7.7761e-23 [ 9.4783e-65 8.8790e-41 2.7909e-30 5.6753e-23 2.1008e-23 ] 1.0000e+00
 5.848e+01 6.6549e-23 6.6549e-23 [ 6.3960e-65 7.1111e-41 2.3489e-30 4.8561e-23 1.7988e-23 ] 1.0000e+00
 5.859e+01 5.6951e-23 5.6951e-23 [ 4.3165e-65 5.6936e-41 1.9767e-30 4.1549e-23 1.5401e-23 ] 1.0000e+00
 5.871e+01 4.8734e-23 4.8734e-23 [ 2.9133e-65 4.5573e-41 1.6632e-30 3.5548e-23 1.3186e-23 ] 1.0000e+00
 5.882e+01 4.1702e-23 4.1702e-23 [ 1.9662e-65 3.6468e-41 1.3993e-30 3.0412e-23 1.1289e-23 ] 1.0000e+00
 5.893e+01 3.5682e-23 3.5682e-23 [ 1.3268e-65 2.9174e-41 1.1771e-30 2.6017e-23 9.6645e-24 ] 1.0000e+00
 5.905e+01 3.0530e-23 3.0530e-23 [ 8.9521e-66 2.3332e-41 9.9010e-31 2.2257e-23 8.2733e-24 ] 1.0000e+00
 5.916e+01 2.6120e-23 2.6120e-23 [ 6.0387e-66 1.8654e-41 8.3268e-31 1.9038e-23 7.0820e-24 ] 1.0000e+00
 5.927e+01 2.2347e-23 2.2347e-23 [ 4.0724e-66 1.4910e-41 7.0020e-31 1.6285e-23 6.0620e-24 ] 1.0000e+00
 5.939e+01 1.9117e-23 1.9117e-23 [ 2.7455e-66 1.1914e-41 5.8872e-31 1.3929e-23 5.1887e-24 ] 1.0000e+00
 5.950e+01 1.6354e-23 1.6354e-23 [ 1.8503e-66 9.5176e-42 4.9493e-31 1.1913e-23 4.4410e-24 ] 1.0000e+00
 5.961e+01 1.3989e-23 1.3989e-23 [ 1.2465e-66 7.6008e-42 4.1603e-31 1.0188e-23 3.8008e-24 ] 1.0000e+00
 5.973e+01 1.1966e-23 1.1966e-23 [ 8.3944e-67 6.0683e-42 3.4966e-31 8.7130e-24 3.2528e-24 ] 1.0000e+00
 5.984e+01 1.0235e-23 1.0235e-23 [ 5.6506e-67 4.8434e-42 2.9384e-31 7.4510e-24 2.7837e-24 ] 1.0000e+00
 5.995e+01 8.7535e-24 8.7535e-24 [ 3.8020e-67 3.8646e-42 2.4690e-31 6.3714e-24 2.3821e-24 ] 1.0000e+00
 6.007e+01 7.4863e-24 7.4863e-24 [ 2.5570e-67 3.0828e-42 2.0744e-31 5.4480e-24 2.0384e-24 ] 1.0000e+00
 6.018e+01 6.4023e-24 6.4023e-24 [ 1.7189e-67 2.4584e-42 1.7426e-31 4.6581e-24 1.7441e-24 ] 1.0000e+00
 6.029e+01 5.4749e-24 5.4749e-24 [ 1.1549e-67 1.9599e-42 1.4636e-31 3.9826e-24 1.4923e-24 ] 1.0000e+00
 6.041e+01 4.6817e-24 4.6817e-24 [ 7.7561e-68 1.5620e-42 1.2292e-31 3.4049e-24 1.2768e-24 ] 1.0000e+00
 6.052e+01 4.0031e-24 4.0031e-24 [ 5.2062e-68 1.2446e-42 1.0322e-31 2.9108e-24 1.0923e-24 ] 1.0000e+00
 6.063e+01 3.4228e-24 3.4228e-24 [ 3.4928e-68 9.9134e-43 8.6662e-32 2.4883e-24 9.3448e-25 ] 1.0000e+00
 6.075e+01 2.9264e-24 2.9264e-24 [ 2.3421e-68 7.8941e-43 7.2753e-32 2.1270e-24 7.9940e-25 ] 1.0000e+00
 6.086e+01 2.5019e-24 2.5019e-24 [ 1.5697e-68 6.2842e-43 6.1067e-32 1.8181e-24 6.8382e-25 ] 1.0000e+00
 6.097e+01 2.1389e-24 2.1389e-24 [ 1.0514e-68 5.0012e-43 5.1252e-32 1.5539e-24 5.8492e-25 ] 1.0000e+00
 6.109e+01 1.8284e-24 1.8284e-24 [ 7.0392e-69 3.9790e-43 4.3009e-32 1.3281e-24 5.0029e-25 ] 1.0000e+00
 6.120e+01 1.5629e-24 1.5629e-24 [ 4.7102e-69 3.1648e-43 3.6087e-32 1.1350e-24 4.2789e-25 ] 1.0000e+00
 6.131e+01 1.3359e-24 1.3359e-24 [ 3.1501e-69 2.5165e-43 3.0275e-32 9.6998e-25 3.6595e-25 ] 1.0000e+00
 6.143e+01 1.1418e-24 1.1418e-24 [ 2.1056e-69 2.0004e-43 2.5396e-32 8.2889e-25 3.1296e-25 ] 1.0000e+00
 6.154e+01 9.7591e-25 9.7591e-25 [ 1.4066e-69 1.5897e-43 2.1300e-32 7.0827e-25 2.6763e-25 ] 1.0000e+00
 6.165e+01 8.3404e-25 8.3404e-25 [ 9.3919e-70 1.2629e-43 1.7862e-32 6.0518e-25 2.2885e-25 ] 1.0000e+00
 6.177e+01 7.1275e-25 7.1275e-25 [ 6.2675e-70 1.0030e-43 1.4977e-32 5.1707e-25 1.9569e-25 ] 1.0000e+00
 6.188e+01 6.0907e-25 6.0907e-25 [ 4.1802e-70 7.9637e-44 1.2557e-32 4.4176e-25 1.6732e-25 ] 1.0000e+00
 6.199e+01 5.2045e-25 5.2045e-25 [ 2.7865e-70 6.3211e-44 1.0526e-32 3.7739e-25 1.4305e-25 ] 1.0000e+00
 6.211e+01 4.4469e-25 4.4469e-25 [ 1.8565e-70 5.0159e-44 8.8223e-33 3.2239e-25 1.2230e-25 ] 1.0000e+00
 6.222e+01 3.7995e-25 3.7995e-25 [ 1.2362e-70 3.9790e-44 7.3934e-33 2.7539e-25 1.0456e-25 ] 1.0000e+00
 6.233e+01 3.2461e-25 3.2461e-25 [ 8.2271e-71 3.1555e-44 6.1951e-33 2.3523e-25 8.9380e-26 ] 1.0000e+00
 6.245e+01 2.7732e-25 2.7732e-25 [ 5.4722e-71 2.5017e-44 5.1904e-33 2.0091e-25 7.6402e-26 ] 1.0000e+00
 6.256e+01 2.3690e-25 2.3690e-25 [ 3.6379e-71 1.9828e-44 4.3479e-33 1.7159e-25 6.5306e-26 ] 1.0000e+00
 6.267e+01 2.0236e-25 2.0236e-25 [ 2.4171e-71 1.5711e-44 3.6418e-33 1.4654e-25 5.5818e-26 ] 1.0000e+00
 6.279e+01 1.7285e-25 1.7285e-25 [ 1.6051e-71 1.2445e-44 3.0498e-33 1.2515e-25 4.7706e-26 ] 1.0000e+00
 6.290e+01 1.4764e-25 1.4764e-25 [ 1.0653e-71 9.8545e-45 2.5538e-33 1.0687e-25 4.0771e-26 ] 1.0000e+00
 6.301e+01 1.2609e-25 1.2609e-25 [ 7.0664e-72 7.8012e-45 2.1381e-33 9.1250e-26 3.4842e-26 ] 1.0000e+00
 6.313e+01 1.0769e-25 1.0769e-25 [ 4.6848e-72 6.1739e-45 1.7899e-33 7.7912e-26 2.9774e-26 ] 1.0000e+00
 6.324e+01 9.1961e-26 9.1961e-26 [ 3.1042e-72 4.8846e-45 1.4981e-33 6.6519e-26 2.5442e-26 ] 1.0000e+00
 6.335e+01 7.8528e-26 7.8528e-26 [ 2.0558e-72 3.8634e-45 1.2537e-33 5.6790e-26 2.1738e-26 ] 1.0000e+00
 6.347e+01 6.7054e-26 6.7054e-26 [ 1.3607e-72 3.0548e-45 1.0491e-33 4.8480e-26 1.8573e-26 ] 1.0000e+00
 6.358e+01 5.7253e-26 5.7253e-26 [ 9.0013e-73 2.4147e-45 8.7772e-34 4.1384e-26 1.5868e-26 ] 1.0000e+00
 6.369e+01 4.8881e-26 4.8881e-26 [ 5.9514e-73 1.9081e-45 7.3424e-34 3.5325e-26 1.3556e-26 ] 1.0000e+00
 6.381e+01 4.1732e-26 4.1732e-26 [ 3.9327e-73 1.5074e-45 6.1412e-34 3.0151e-26 1.1581e-26 ] 1.0000e+00
 6.392e+01 3.5626e-26 3.5626e-26 [ 2.5974e-73 1.1905e-45 5.1359e-34 2.5734e-26 9.8922e-27 ] 1.0000e+00
 6.403e+01 3.0411e-26 3.0411e-26 [ 1.7145e-73 9.3990e-46 4.2945e-34 2.1962e-26 8.4496e-27 ] 1.0000e+00
 6.415e+01 2.5959e-26 2.5959e-26 [ 1.1311e-73 7.4185e-46 3.5904e-34 1.8742e-26 7.2169e-27 ] 1.0000e+00
 6.426e+01 2.2157e-26 2.2157e-26 [ 7.4584e-74 5.8535e-46 3.0014e-34 1.5993e-26 6.1638e-27 ] 1.0000e+00
 6.437e+01 1.8911e-26 1.8911e-26 [ 4.9153e-74 4.6173e-46 2.5086e-34 1.3647e-26 5.2640e-27 ] 1.0000e+00
 6.449e+01 1.6139e-26 1.6139e-26 [ 3.2375e-74 3.6411e-46 2.0964e-34 1.1644e-26 4.4953e-27 ] 1.0000e+00
 6.460e+01 1.3773e-26 1.3773e-26 [ 2.1313e-74 2.8704e-46 1.7517e-34 9.9341e-27 3.8387e-27 ] 1.0000e+00
 6.471e+01 1.1753e-26 1.1753e-26 [ 1.4023e-74 2.2621e-46 1.4635e-34 8.4751e-27 3.2777e-27 ] 1.0000e+00
 6.483e+01 1.0028e-26 1.0028e-26 [ 9.2217e-75 1.7823e-46 1.2225e-34 7.2299e-27 2.7986e-27 ] 1.0000e+00
 6.494e+01 8.5566e-27 8.5566e-27 [ 6.0609e-75 1.4037e-46 1.0210e-34 6.1672e-27 2.3894e-27 ] 1.0000e+00
 6.505e+01 7.3004e-27 7.3004e-27 [ 3.9814e-75 1.1053e-46 8.5266e-35 5.2605e-27 2.0399e-27 ] 1.0000e+00
 6.517e+01 6.2282e-27 6.2282e-27 [ 2.6140e-75 8.7003e-47 7.1195e-35 4.4868e-27 1.7414e-27 ] 1.0000e+00
 6.528e+01 5.3131e-27 5.3131e-27 [ 1.7153e-75 6.8463e-47 5.9437e-35 3.8266e-27 1.4865e-27 ] 1.0000e+00
 6.539e+01 4.5323e-27 4.5323e-27 [ 1.1250e-75 5.3858e-47 4.9613e-35 3.2634e-27 1.2689e-27 ] 1.0000e+00
 6.551e+01 3.8659e-27 3.8659e-27 [ 7.3740e-76 4.2356e-47 4.1407e-35 2.7829e-27 1.0830e-27 ] 1.0000e+00
 6.562e+01 3.2973e-27 3.2973e-27 [ 4.8310e-76 3.3300e-47 3.4554e-35 2.3730e-27 9.2434e-28 ] 1.0000e+00
 6.573e+01 2.8122e-27 2.8122e-27 [ 3.1633e-76 2.6173e-47 2.8830e-35 2.0233e-27 7.8886e-28 ] 1.0000e+00
 6.585e+01 2.3983e-27 2.3983e-27 [ 2.0702e-76 2.0564e-47 2.4051e-35 1.7251e-27 6.7320e-28 ] 1.0000e+00
 6.596e+01 2.0452e-27 2.0452e-27 [ 1.3541e-76 1.6153e-47 2.0061e-35 1.4707e-27 5.7446e-28 ] 1.0000e+00
 6.607e+01 1.7439e-27 1.7439e-27 [ 8.8527e-77 1.2684e-47 1.6731e-35 1.2538e-27 4.9017e-28 ] 1.0000e+00
 6.619e+01 1.4870e-27 1.4870e-27 [ 5.7844e-77 9.9571e-48 1.3951e-35 1.0688e-27 4.1823e-28 ] 1.0000e+00
 6.630e+01 1.2678e-27 1.2678e-27 [ 3.7775e-77 7.8140e-48 1.1631e-35 9.1100e-28 3.5682e-28 ] 1.0000e+00
 6.641e+01 1.0809e-27 1.0809e-27 [ 2.4657e-77 6.1303e-48 9.6960e-36 7.7647e-28 3.0441e-28 ] 1.0000e+00
 6.653e+01 9.2145e-28 9.2145e-28 [ 1.6085e-77 4.8079e-48 8.0815e-36 6.6176e-28 2.5969e-28 ] 1.0000e+00
 6.664e+01 7.8548e-28 7.8548e-28 [ 1.0488e-77 3.7697e-48 6.7348e-36 5.6396e-28 2.2152e-28 ] 1.0000e+00
 6.675e+01 6.6953e-28 6.6953e-28 [ 6.8348e-78 2.9547e-48 5.6116e-36 4.8059e-28 1.8895e-28 ] 1.0000e+00
 6.687e+01 5.7067e-28 5.7067e-28 [ 4.4517e-78 2.3152e-48 4.6751e-36 4.0951e-28 1.6115e-28 ] 1.0000e+00
 6.698e+01 4.8637e-28 4.8637e-28 [ 2.8981e-78 1.8136e-48 3.8942e-36 3.4892e-28 1.3744e-28 ] 1.0000e+00
 6.709e+01 4.1449e-28 4.1449e-28 [ 1.8856e-78 1.4202e-48 3.2433e-36 2.9728e-28 1.1721e-28 ] 1.0000e+00
 6.721e+01 3.5322e-28 3.5322e-28 [ 1.2263e-78 1.1118e-48 2.7008e-36 2.5327e-28 9.9953e-29 ] 1.0000e+00
 6.732e+01 3.0098e-28 3.0098e-28 [ 7.9703e-79 8.7013e-49 2.2487e-36 2.1575e-28 8.5230e-29 ] 1.0000e+00
 6.743e+01 2.5645e-28 2.5645e-28 [ 5.1778e-79 6.8077e-49 1.8720e-36 1.8378e-28 7.2671e-29 ] 1.0000e+00
 6.755e+01 2.1850e-28 2.1850e-28 [ 3.3619e-79 5.3245e-49 1.5581e-36 1.5654e-28 6.1959e-29 ] 1.0000e+00
 6.766e+01 1.8615e-28 1.8615e-28 [ 2.1817e-79 4.1632e-49 1.2967e-36 1.3333e-28 5.2822e-29 ] 1.0000e+00
 6.777e+01 1.5858e-28 1.5858e-28 [ 1.4151e-79 3.2542e-49 1.0790e-36 1.1355e-28 4.5030e-29 ] 1.0000e+00
 6.789e+01 1.3508e-28 1.3508e-28 [ 9.1739e-80 2.5429e-49 8.9765e-37 9.6696e-29 3.8385e-29 ] 1.0000e+00
 6.800e+01 1.1506e-28 1.1506e-28 [ 5.9442e-80 1.9864e-49 7.4669e-37 8.2341e-29 3.2718e-29 ] 1.0000e+00
 6.811e+01 9.7997e-29 9.7997e-29 [ 3.8495e-80 1.5513e-49 6.2102e-37 7.0111e-29 2.7886e-29 ] 1.0000e+00
 6.823e+01 8.3460e-29 8.3460e-29 [ 2.4917e-80 1.2111e-49 5.1642e-37 5.9694e-29 2.3767e-29 ] 1.0000e+00
 6.834e+01 7.1075e-29 7.1075e-29 [ 1.6119e-80 9.4520e-50 4.2938e-37 5.0821e-29 2.0254e-29 ] 1.0000e+00
 6.845e+01 6.0524e-29 6.0524e-29 [ 1.0423e-80 7.3746e-50 3.5695e-37 4.3264e-29 1.7259e-29 ] 1.0000e+00
 6.857e+01 5.1535e-29 5.1535e-29 [ 6.7360e-81 5.7520e-50 2.9669e-37 3.6828e-29 1.4707e-29 ] 1.0000e+00
 6.868e+01 4.3878e-29 4.3878e-29 [ 4.3510e-81 4.4850e-50 2.4656e-37 3.1348e-29 1.2531e-29 ] 1.0000e+00
 6.879e+01 3.7357e-29 3.7357e-29 [ 2.8090e-81 3.4961e-50 2.0487e-37 2.6681e-29 1.0676e-29 ] 1.0000e+00
 6.891e+01 3.1802e-29 3.1802e-29 [ 1.8126e-81 2.7243e-50 1.7021e-37 2.2707e-29 9.0951e-30 ] 1.0000e+00
 6.902e+01 2.7072e-29 2.7072e-29 [ 1.1690e-81 2.1223e-50 1.4138e-37 1.9324e-29 7.7479e-30 ] 1.0000e+00
 6.913e+01 2.3043e-29 2.3043e-29 [ 7.5356e-82 1.6528e-50 1.1742e-37 1.6443e-29 6.5997e-30 ] 1.0000e+00
 6.925e+01 1.9613e-29 1.9613e-29 [ 4.8551e-82 1.2867e-50 9.7506e-38 1.3991e-29 5.6214e-30 ] 1.0000e+00
 6.936e+01 1.6692e-29 1.6692e-29 [ 3.1264e-82 1.0014e-50 8.0956e-38 1.1904e-29 4.7877e-30 ] 1.0000e+00
 6.947e+01 1.4205e-29 1.4205e-29 [ 2.0122e-82 7.7918e-51 6.7204e-38 1.0128e-29 4.0774e-30 ] 1.0000e+00
 6.959e+01 1.2088e-29 1.2088e-29 [ 1.2945e-82 6.0605e-51 5.5779e-38 8.6155e-30 3.4722e-30 ] 1.0000e+00
 6.970e+01 1.0285e-29 1.0285e-29 [ 8.3230e-83 4.7124e-51 4.6289e-38 7.3287e-30 2.9567e-30 ] 1.0000e+00
 6.981e+01 8.7511e-30 8.7511e-30 [ 5.3487e-83 3.6631e-51 3.8407e-38 6.2336e-30 2.5175e-30 ] 1.0000e+00
 6.993e+01 7.4452e-30 7.4452e-30 [ 3.4356e-83 2.8465e-51 3.1863e-38 5.3018e-30 2.1434e-30 ] 1.0000e+00
 7.004e+01 6.3337e-30 6.3337e-30 [ 2.2056e-83 2.2113e-51 2.6429e-38 4.5089e-30 1.8248e-30 ] 1.0000e+00
 7.015e+01 5.3878e-30 5.3878e-30 [ 1.4152e-83 1.7173e-51 2.1918e-38 3.8343e-30 1.5534e-30 ] 1.0000e+00
 7.027e+01 4.5828e-30 4.5828e-30 [ 9.0766e-84 1.3333e-51 1.8174e-38 3.2604e-30 1.3223e-30 ] 1.0000e+00
 7.038e+01 3.8978e-30 3.8978e-30 [ 5.8182e-84 1.0348e-51 1.5068e-38 2.7722e-30 1.1255e-30 ] 1.0000e+00
 7.049e+01 3.3149e-30 3.3149e-30 [ 3.7277e-84 8.0285e-52 1.2490e-38 2.3570e-30 9.5793e-31 ] 1.0000e+00
 7.061e+01 2.8190e-30 2.8190e-30 [ 2.3871e-84 6.2272e-52 1.0352e-38 2.0037e-30 8.1525e-31 ] 1.0000e+00
 7.072e+01 2.3971e-30 2.3971e-30 [ 1.5279e-84 4.8285e-52 8.5780e-39 1.7033e-30 6.9376e-31 ] 1.0000e+00
 7.083e+01 2.0382e-30 2.0382e-30 [ 9.7742e-85 3.7428e-52 7.1070e-39 1.4479e-30 5.9034e-31 ] 1.0000e+00
 7.095e+01 1.7329e-30 1.7329e-30 [ 6.2497e-85 2.9004e-52 5.8874e-39 1.2306e-30 5.0230e-31 ] 1.0000e+00
 7.106e+01 1.4732e-30 1.4732e-30 [ 3.9941e-85 2.2468e-52 4.8762e-39 1.0459e-30 4.2736e-31 ] 1.0000e+00
 7.117e+01 1.2524e-30 1.2524e-30 [ 2.5513e-85 1.7400e-52 4.0380e-39 8.8880e-31 3.6358e-31 ] 1.0000e+00
 7.129e+01 1.0645e-30 1.0645e-30 [ 1.6289e-85 1.3471e-52 3.3434e-39 7.5526e-31 3.0929e-31 ] 1.0000e+00
 7.140e+01 9.0482e-31 9.0482e-31 [ 1.0394e-85 1.0426e-52 2.7678e-39 6.4173e-31 2.6309e-31 ] 1.0000e+00
 7.151e+01 7.6900e-31 7.6900e-31 [ 6.6296e-86 8.0664e-53 2.2909e-39 5.4523e-31 2.2377e-31 ] 1.0000e+00
 7.163e+01 6.5352e-31 6.5352e-31 [ 4.2264e-86 6.2390e-53 1.8959e-39 4.6321e-31 1.9031e-31 ] 1.0000e+00
 7.174e+01 5.5534e-31 5.5534e-31 [ 2.6930e-86 4.8241e-53 1.5687e-39 3.9349e-31 1.6185e-31 ] 1.0000e+00
 7.185e+01 4.7187e-31 4.7187e-31 [ 1.7150e-86 3.7289e-53 1.2978e-39 3.3424e-31 1.3763e-31 ] 1.0000e+00
 7.197e+01 4.0092e-31 4.0092e-31 [ 1.0917e-86 2.8815e-53 1.0735e-39 2.8389e-31 1.1703e-31 ] 1.0000e+00
 7.208e+01 3.4061e-31 3.4061e-31 [ 6.9458e-87 2.2259e-53 8.8778e-40 2.4111e-31 9.9504e-32 ] 1.0000e+00
 7.219e+01 2.8935e-31 2.8935e-31 [ 4.4170e-87 1.7190e-53 7.3408e-40 2.0476e-31 8.4596e-32 ] 1.0000e+00
 7.231e+01 2.4579e-31 2.4579e-31 [ 2.8075e-87 1.3270e-53 6.0689e-40 1.7387e-31 7.1917e-32 ] 1.0000e+00
 7.242e+01 2.0877e-31 2.0877e-31 [ 1.7836e-87 1.0242e-53 5.0166e-40 1.4763e-31 6.1133e-32 ] 1.0000e+00
 7.253e+01 1.7731e-31 1.7731e-31 [ 1.1325e-87 7.9017e-54 4.1460e-40 1.2534e-31 5.1962e-32 ] 1.0000e+00
 7.265e+01 1.5058e-31 1.5058e-31 [ 7.1878e-88 6.0944e-54 3.4260e-40 1.0641e-31 4.4164e-32 ] 1.0000e+00
 7.276e+01 1.2787e-31 1.2787e-31 [ 4.5597e-88 4.6990e-54 2.8305e-40 9.0332e-32 3.7533e-32 ] 1.0000e+00
 7.287e+01 1.0857e-31 1.0857e-31 [ 2.8911e-88 3.6220e-54 2.3381e-40 7.6676e-32 3.1896e-32 ] 1.0000e+00
 7.299e+01 9.2182e-32 9.2182e-32 [ 1.8322e-88 2.7909e-54 1.9310e-40 6.5079e-32 2.7103e-32 ] 1.0000e+00
 7.310e+01 7.8260e-32 7.8260e-32 [ 1.1606e-88 2.1499e-54 1.5946e-40 5.5232e-32 2.3028e-32 ] 1.0000e+00
 7.321e+01 6.6436e-32 6.6436e-32 [ 7.3477e-89 1.6556e-54 1.3165e-40 4.6871e-32 1.9565e-32 ] 1.0000e+00
 7.333e+01 5.6393e-32 5.6393e-32 [ 4.6497e-89 1.2745e-54 1.0868e-40 3.9772e-32 1.6621e-32 ] 1.0000e+00
 7.344e+01 4.7865e-32 4.7865e-32 [ 2.9410e-89 9.8084e-55 8.9695e-41 3.3746e-32 1.4119e-32 ] 1.0000e+00
 7.355e+01 4.0623e-32 4.0623e-32 [ 1.8593e-89 7.5460e-55 7.4017e-41 2.8631e-32 1.1993e-32 ] 1.0000e+00
 7.367e+01 3.4474e-32 3.4474e-32 [ 1.1749e-89 5.8036e-55 6.1068e-41 2.4289e-32 1.0186e-32 ] 1.0000e+00
 7.378e+01 2.9254e-32 2.9254e-32 [ 7.4203e-90 4.4621e-55 5.0376e-41 2.0603e-32 8.6504e-33 ] 1.0000e+00
 7.389e+01 2.4822e-32 2.4822e-32 [ 4.6843e-90 3.4297e-55 4.1549e-41 1.7476e-32 7.3459e-33 ] 1.0000e+00
 7.401e+01 2.1059e-32 2.1059e-32 [ 2.9557e-90 2.6353e-55 3.4263e-41 1.4822e-32 6.2377e-33 ] 1.0000e+00
 7.412e+01 1.7866e-32 1.7866e-32 [ 1.8641e-90 2.0242e-55 2.8249e-41 1.2570e-32 5.2962e-33 ] 1.0000e+00
 7.423e+01 1.5155e-32 1.5155e-32 [ 1.1750e-90 1.5544e-55 2.3287e-41 1.0659e-32 4.4965e-33 ] 1.0000e+00
 7.435e+01 1.2855e-32 1.2855e-32 [ 7.4036e-91 1.1932e-55 1.9194e-41 9.0380e-33 3.8172e-33 ] 1.0000e+00
 7.446e+01 1.0903e-32 1.0903e-32 [ 4.6625e-91 9.1567e-56 1.5817e-41 7.6629e-33 3.2403e-33 ] 1.0000e+00
 7.457e+01 9.2467e-33 9.2467e-33 [ 2.9349e-91 7.0246e-56 1.3032e-41 6.4964e-33 2.7503e-33 ] 1.0000e+00
 7.469e+01 7.8413e-33 7.8413e-33 [ 1.8465e-91 5.3873e-56 1.0735e-41 5.5070e-33 2.3343e-33 ] 1.0000e+00
 7.480e+01 6.6489e-33 6.6489e-33 [ 1.1612e-91 4.1303e-56 8.8421e-42 4.6679e-33 1.9810e-33 ] 1.0000e+00
 7.491e+01 5.6374e-33 5.6374e-33 [ 7.2988e-92 3.1656e-56 7.2814e-42 3.9564e-33 1.6810e-33 ] 1.0000e+00
 7.503e+01 4.7794e-33 4.7794e-33 [ 4.5855e-92 2.4254e-56 5.9951e-42 3.3530e-33 1.4264e-33 ] 1.0000e+00
 7.514e+01 4.0516e-33 4.0516e-33 [ 2.8795e-92 1.8577e-56 4.9352e-42 2.8414e-33 1.2102e-33 ] 1.0000e+00
 7.525e+01 3.4343e-33 3.4343e-33 [ 1.8074e-92 1.4225e-56 4.0620e-42 2.4076e-33 1.0267e-33 ] 1.0000e+00
 7.537e+01 2.9109e-33 2.9109e-33 [ 1.1339e-92 1.0889e-56 3.3427e-42 2.0399e-33 8.7098e-34 ] 1.0000e+00
 7.548e+01 2.4670e-33 2.4670e-33 [ 7.1103e-93 8.3321e-57 2.7502e-42 1.7282e-33 7.3880e-34 ] 1.0000e+00
 7.559e+01 2.0906e-33 2.0906e-33 [ 4.4565e-93 6.3738e-57 2.2624e-42 1.4640e-33 6.2663e-34 ] 1.0000e+00
 7.571e+01 1.7715e-33 1.7715e-33 [ 2.7919e-93 4.8743e-57 1.8608e-42 1.2401e-33 5.3144e-34 ] 1.0000e+00
 7.582e+01 1.5010e-33 1.5010e-33 [ 1.7482e-93 3.7263e-57 1.5302e-42 1.0503e-33 4.5068e-34 ] 1.0000e+00
 7.593e+01 1.2717e-33 1.2717e-33 [ 1.0942e-93 2.8478e-57 1.2581e-42 8.8952e-34 3.8215e-34 ] 1.0000e+00
 7.605e+01 1.0773e-33 1.0773e-33 [ 6.8451e-94 2.1758e-57 1.0342e-42 7.5327e-34 3.2402e-34 ] 1.0000e+00
 7.616e+01 9.1254e-34 9.1254e-34 [ 4.2802e-94 1.6618e-57 8.5004e-43 6.3783e-34 2.7471e-34 ] 1.0000e+00
 7.627e+01 7.7292e-34 7.7292e-34 [ 2.6751e-94 1.2688e-57 6.9852e-43 5.4004e-34 2.3288e-34 ] 1.0000e+00
 7.639e+01 6.5461e-34 6.5461e-34 [ 1.6712e-94 9.6843e-58 5.7391e-43 4.5720e-34 1.9741e-34 ] 1.0000e+00
 7.650e+01 5.5435e-34 5.5435e-34 [ 1.0435e-94 7.3895e-58 4.7145e-43 3.8703e-34 1.6732e-34 ] 1.0000e+00
 7.661e+01 4.6941e-34 4.6941e-34 [ 6.5128e-95 5.6366e-58 3.8721e-43 3.2761e-34 1.4181e-34 ] 1.0000e+00
 7.673e+01 3.9745e-34 3.9745e-34 [ 4.0629e-95 4.2982e-58 3.1796e-43 2.7728e-34 1.2018e-34 ] 1.0000e+00
 7.684e+01 3.3649e-34 3.3649e-34 [ 2.5334e-95 3.2765e-58 2.6105e-43 2.3466e-34 1.0183e-34 ] 1.0000e+00
 7.695e+01 2.8486e-34 2.8486e-34 [ 1.5789e-95 2.4969e-58 2.1429e-43 1.9857e-34 8.6284e-35 ] 1.0000e+00
 7.707e+01 2.4113e-34 2.4113e-34 [ 9.8362e-96 1.9022e-58 1.7588e-43 1.6802e-34 7.3102e-35 ] 1.0000e+00
 7.718e+01 2.0409e-34 2.0409e-34 [ 6.1247e-96 1.4487e-58 1.4432e-43 1.4216e-34 6.1929e-35 ] 1.0000e+00
 7.729e+01 1.7273e-34 1.7273e-34 [ 3.8119e-96 1.1029e-58 1.1840e-43 1.2027e-34 5.2459e-35 ] 1.0000e+00
 7.741e+01 1.4617e-34 1.4617e-34 [ 2.3714e-96 8.3942e-59 9.7126e-44 1.0174e-34 4.4433e-35 ] 1.0000e+00
 7.752e+01 1.2368e-34 1.2368e-34 [ 1.4745e-96 6.3867e-59 7.9656e-44 8.6052e-35 3.7632e-35 ] 1.0000e+00
 7.763e+01 1.0465e-34 1.0465e-34 [ 9.1644e-97 4.8578e-59 6.5317e-44 7.2780e-35 3.1869e-35 ] 1.0000e+00
 7.775e+01 8.8535e-35 8.8535e-35 [ 5.6932e-97 3.6936e-59 5.3550e-44 6.1549e-35 2.6986e-35 ] 1.0000e+00
 7.786e+01 7.4895e-35 7.4895e-35 [ 3.5351e-97 2.8076e-59 4.3894e-44 5.2046e-35 2.2849e-35 ] 1.0000e+00
 7.797e+01 6.3351e-35 6.3351e-35 [ 2.1941e-97 2.1334e-59 3.5973e-44 4.4006e-35 1.9345e-35 ] 1.0000e+00
 7.809e+01 5.3582e-35 5.3582e-35 [ 1.3612e-97 1.6206e-59 2.9476e-44 3.7205e-35 1.6377e-35 ] 1.0000e+00
 7.820e+01 4.5315e-35 4.5315e-35 [ 8.4403e-98 1.2307e-59 2.4148e-44 3.1452e-35 1.3863e-35 ] 1.0000e+00
 7.831e+01 3.8320e-35 3.8320e-35 [ 5.2313e-98 9.3427e-60 1.9780e-44 2.6586e-35 1.1733e-35 ] 1.0000e+00
 7.843e+01 3.2401e-35 3.2401e-35 [ 3.2409e-98 7.0902e-60 1.6198e-44 2.2471e-35 9.9303e-36 ] 1.0000e+00
 7.854e+01 2.7394e-35 2.7394e-35 [ 2.0069e-98 5.3791e-60 1.3263e-44 1.8991e-35 8.4035e-36 ] 1.0000e+00
 7.865e+01 2.3159e-35 2.3159e-35 [ 1.2421e-98 4.0796e-60 1.0858e-44 1.6048e-35 7.1109e-36 ] 1.0000e+00
 7.877e+01 1.9577e-35 1.9577e-35 [ 7.6847e-99 3.0930e-60 8.8871e-45 1.3560e-35 6.0165e-36 ] 1.0000e+00
 7.888e+01 1.6547e-35 1.6547e-35 [ 4.7520e-99 2.3443e-60 7.2727e-45 1.1457e-35 5.0901e-36 ] 1.0000e+00
 7.899e+01 1.3985e-35 1.3985e-35 [ 2.9372e-99 1.7763e-60 5.9505e-45 9.6791e-36 4.3059e-36 ] 1.0000e+00
 7.911e+01 1.1819e-35 1.1819e-35 [ 1.8147e-99 1.3454e-60 4.8678e-45 8.1763e-36 3.6422e-36 ] 1.0000e+00
 7.922e+01 9.9867e-36 9.9867e-36 [ 1.1206e-99 1.0188e-60 3.9813e-45 6.9061e-36 3.0806e-36 ] 1.0000e+00
 7.933e+01 8.4380e-36 8.4380e-36 [ 6.9170e-100 7.7115e-61 3.2557e-45 5.8327e-36 2.6053e-36 ] 1.0000e+00
 7.945e+01 7.1288e-36 7.1288e-36 [ 4.2676e-100 5.8354e-61 2.6619e-45 4.9257e-36 2.2031e-36 ] 1.0000e+00
 7.956e+01 6.0221e-36 6.0221e-36 [ 2.6318e-100 4.4143e-61 2.1759e-45 4.1593e-36 1.8628e-36 ] 1.0000e+00
 7.967e+01 5.0868e-36 5.0868e-36 [ 1.6223e-100 3.3382e-61 1.7783e-45 3.5118e-36 1.5750e-36 ] 1.0000e+00
 7.979e+01 4.2963e-36 4.2963e-36 [ 9.9952e-101 2.5236e-61 1.4532e-45 2.9648e-36 1.3315e-36 ] 1.0000e+00
 7.990e+01 3.6283e-36 3.6283e-36 [ 6.1555e-101 1.9072e-61 1.1872e-45 2.5028e-36 1.1255e-36 ] 1.0000e+00
 8.001e+01 3.0639e-36 3.0639e-36 [ 3.7892e-101 1.4409e-61 9.6975e-46 2.1125e-36 9.5133e-37 ] 1.0000e+00
 8.013e+01 2.5870e-36 2.5870e-36 [ 2.3314e-101 1.0882e-61 7.9198e-46 1.7830e-36 8.0402e-37 ] 1.0000e+00
 8.024e+01 2.1841e-36 2.1841e-36 [ 1.4339e-101 8.2163e-62 6.4668e-46 1.5047e-36 6.7946e-37 ] 1.0000e+00
 8.035e+01 1.8438e-36 1.8438e-36 [ 8.8144e-102 6.2014e-62 5.2793e-46 1.2697e-36 5.7414e-37 ] 1.0000e+00
 8.047e+01 1.5564e-36 1.5564e-36 [ 5.4160e-102 4.6791e-62 4.3091e-46 1.0713e-36 4.8510e-37 ] 1.0000e+00
 8.058e+01 1.3137e-36 1.3137e-36 [ 3.3264e-102 3.5293e-62 3.5166e-46 9.0383e-37 4.0983e-37 ] 1.0000e+00
 8.069e+01 1.1087e-36 1.1087e-36 [ 2.0421e-102 2.6612e-62 2.8692e-46 7.6245e-37 3.4620e-37 ] 1.0000e+00
 8.081e+01 9.3556e-37 9.3556e-37 [ 1.2531e-102 2.0060e-62 2.3406e-46 6.4313e-37 2.9243e-37 ] 1.0000e+00
 8.092e+01 7.8941e-37 7.8941e-37 [ 7.6855e-103 1.5116e-62 1.9090e-46 5.4242e-37 2.4698e-37 ] 1.0000e+00
 8.103e+01 6.6602e-37 6.6602e-37 [ 4.7117e-103 1.1387e-62 1.5568e-46 4.5744e-37 2.0858e-37 ] 1.0000e+00
 8.115e+01 5.6187e-37 5.6187e-37 [ 2.8873e-103 8.5748e-63 1.2692e-46 3.8574e-37 1.7613e-37 ] 1.0000e+00
 8.126e+01 4.7395e-37 4.7395e-37 [ 1.7685e-103 6.4551e-63 1.0346e-46 3.2524e-37 1.4871e-37 ] 1.0000e+00
 8.137e+01 3.9975e-37 3.9975e-37 [ 1.0827e-103 4.8579e-63 8.4321e-47 2.7420e-37 1.2555e-37 ] 1.0000e+00
 8.149e+01 3.3714e-37 3.3714e-37 [ 6.6258e-104 3.6547e-63 6.8709e-47 2.3115e-37 1.0599e-37 ] 1.0000e+00
 8.160e+01 2.8430e-37 2.8430e-37 [ 4.0529e-104 2.7486e-63 5.5977e-47 1.9484e-37 8.9467e-38 ] 1.0000e+00
 8.171e+01 2.3972e-37 2.3972e-37 [ 2.4780e-104 2.0664e-63 4.5595e-47 1.6421e-37 7.5511e-38 ] 1.0000e+00
 8.183e+01 2.0211e-37 2.0211e-37 [ 1.5144e-104 1.5531e-63 3.7132e-47 1.3839e-37 6.3726e-38 ] 1.0000e+00
 8.194e+01 1.7039e-37 1.7039e-37 [ 9.2505e-105 1.1669e-63 3.0234e-47 1.1661e-37 5.3775e-38 ] 1.0000e+00
 8.205e+01 1.4363e-37 1.4363e-37 [ 5.6481e-105 8.7642e-64 2.4613e-47 9.8252e-38 4.5374e-38 ] 1.0000e+00
 8.217e+01 1.2106e-37 1.2106e-37 [ 3.4471e-105 6.5805e-64 2.0033e-47 8.2775e-38 3.8281e-38 ] 1.0000e+00
 8.228e+01 1.0202e-37 1.0202e-37 [ 2.1028e-105 4.9392e-64 1.6302e-47 6.9728e-38 3.2294e-38 ] 1.0000e+00
 8.239e+01 8.5972e-38 8.5972e-38 [ 1.2822e-105 3.7061e-64 1.3263e-47 5.8732e-38 2.7240e-38 ] 1.0000e+00
 8.251e+01 7.2440e-38 7.2440e-38 [ 7.8146e-106 2.7799e-64 1.0789e-47 4.9465e-38 2.2975e-38 ] 1.0000e+00
 8.262e+01 6.1032e-38 6.1032e-38 [ 4.7606e-106 2.0845e-64 8.7747e-48 4.1656e-38 1.9376e-38 ] 1.0000e+00
 8.273e+01 5.1415e-38 5.1415e-38 [ 2.8988e-106 1.5625e-64 7.1351e-48 3.5076e-38 1.6339e-38 ] 1.0000e+00
 8.285e+01 4.3309e-38 4.3309e-38 [ 1.7644e-106 1.1709e-64 5.8007e-48 2.9532e-38 1.3777e-38 ] 1.0000e+00
 8.296e+01 3.6477e-38 3.6477e-38 [ 1.0734e-106 8.7710e-65 4.7150e-48 2.4862e-38 1.1615e-38 ] 1.0000e+00
 8.307e+01 3.0720e-38 3.0720e-38 [ 6.5273e-107 6.5682e-65 3.8317e-48 2.0928e-38 9.7913e-39 ] 1.0000e+00
 8.319e+01 2.5868e-38 2.5868e-38 [ 3.9674e-107 4.9169e-65 3.1134e-48 1.7615e-38 8.2533e-39 ] 1.0000e+00
 8.330e+01 2.1781e-38 2.1781e-38 [ 2.4104e-107 3.6795e-65 2.5292e-48 1.4825e-38 6.9561e-39 ] 1.0000e+00
 8.341e+01 1.8338e-38 1.8338e-38 [ 1.4637e-107 2.7526e-65 2.0542e-48 1.2475e-38 5.8622e-39 ] 1.0000e+00
 8.353e+01 1.5437e-38 1.5437e-38 [ 8.8849e-108 2.0585e-65 1.6681e-48 1.0497e-38 4.9398e-39 ] 1.0000e+00
 8.364e+01 1.2994e-38 1.2994e-38 [ 5.3906e-108 1.5390e-65 1.3543e-48 8.8314e-39 4.1622e-39 ] 1.0000e+00
 8.375e+01 1.0936e-38 1.0936e-38 [ 3.2691e-108 1.1501e-65 1.0993e-48 7.4294e-39 3.5066e-39 ] 1.0000e+00
 8.387e+01 9.2032e-39 9.2032e-39 [ 1.9816e-108 8.5923e-66 8.9219e-49 6.2493e-39 2.9539e-39 ] 1.0000e+00
 8.398e+01 7.7441e-39 7.7441e-39 [ 1.2006e-108 6.4170e-66 7.2394e-49 5.2560e-39 2.4881e-39 ] 1.0000e+00
 8.409e+01 6.5157e-39 6.5157e-39 [ 7.2711e-109 4.7908e-66 5.8730e-49 4.4202e-39 2.0955e-39 ] 1.0000e+00
 8.421e+01 5.4816e-39 5.4816e-39 [ 4.4015e-109 3.5755e-66 4.7636e-49 3.7168e-39 1.7647e-39 ] 1.0000e+00
 8.432e+01 4.6111e-39 4.6111e-39 [ 2.6631e-109 2.6675e-66 3.8630e-49 3.1251e-39 1.4860e-39 ] 1.0000e+00
 8.443e+01 3.8784e-39 3.8784e-39 [ 1.6106e-109 1.9895e-66 3.1320e-49 2.6273e-39 1.2511e-39 ] 1.0000e+00
 8.455e+01 3.2618e-39 3.2618e-39 [ 9.7362e-110 1.4832e-66 2.5389e-49 2.2085e-39 1.0533e-39 ] 1.0000e+00
 8.466e+01 2.7429e-39 2.7429e-39 [ 5.8829e-110 1.1055e-66 2.0577e-49 1.8563e-39 8.8664e-40 ] 1.0000e+00
 8.477e+01 2.3064e-39 2.3064e-39 [ 3.5529e-110 8.2360e-67 1.6673e-49 1.5601e-39 7.4628e-40 ] 1.0000e+00
 8.489e+01 1.9391e-39 1.9391e-39 [ 2.1448e-110 6.1340e-67 1.3508e-49 1.3110e-39 6.2807e-40 ] 1.0000e+00
 8.500e+01 1.6301e-39 1.6301e-39 [ 1.2942e-110 4.5668e-67 1.0941e-49 1.1016e-39 5.2853e-40 ] 1.0000e+00
 8.511e+01 1.3702e-39 1.3702e-39 [ 7.8052e-111 3.3989e-67 8.8602e-50 9.2548e-40 4.4472e-40 ] 1.0000e+00
 8.523e+01 1.1516e-39 1.1516e-39 [ 4.7052e-111 2.5287e-67 7.1737e-50 7.7746e-40 3.7416e-40 ] 1.0000e+00
 8.534e+01 9.6780e-40 9.6780e-40 [ 2.8351e-111 1.8807e-67 5.8071e-50 6.5304e-40 3.1476e-40 ] 1.0000e+00
 8.545e+01 8.1324e-40 8.1324e-40 [ 1.7075e-111 1.3982e-67 4.6999e-50 5.4848e-40 2.6476e-40 ] 1.0000e+00
 8.557e+01 6.8328e-40 6.8328e-40 [ 1.0279e-111 1.0392e-67 3.8030e-50 4.6060e-40 2.2268e-40 ] 1.0000e+00
 8.568e+01 5.7403e-40 5.7403e-40 [ 6.1850e-112 7.7202e-68 3.0767e-50 3.8676e-40 1.8727e-40 ] 1.0000e+00
 8.579e+01 4.8220e-40 4.8220e-40 [ 3.7199e-112 5.7335e-68 2.4885e-50 3.2473e-40 1.5747e-40 ] 1.0000e+00
 8.591e+01 4.0501e-40 4.0501e-40 [ 2.2362e-112 4.2566e-68 2.0124e-50 2.7261e-40 1.3240e-40 ] 1.0000e+00
 8.602e+01 3.4014e-40 3.4014e-40 [ 1.3436e-112 3.1589e-68 1.6271e-50 2.2883e-40 1.1131e-40 ] 1.0000e+00
 8.613e+01 2.8563e-40 2.8563e-40 [ 8.0697e-113 2.3435e-68 1.3152e-50 1.9206e-40 9.3567e-41 ] 1.0000e+00
 8.625e+01 2.3983e-40 2.3983e-40 [ 4.8442e-113 1.7379e-68 1.0630e-50 1.6118e-40 7.8645e-41 ] 1.0000e+00
 8.636e+01 2.0135e-40 2.0135e-40 [ 2.9066e-113 1.2883e-68 8.5889e-51 1.3525e-40 6.6095e-41 ] 1.0000e+00
 8.647e+01 1.6903e-40 1.6903e-40 [ 1.7432e-113 9.5468e-69 6.9386e-51 1.1348e-40 5.5542e-41 ] 1.0000e+00
 8.659e+01 1.4187e-40 1.4187e-40 [ 1.0449e-113 7.0719e-69 5.6041e-51 9.5206e-41 4.6669e-41 ] 1.0000e+00
 8.670e+01 1.1907e-40 1.1907e-40 [ 6.2607e-114 5.2366e-69 4.5254e-51 7.9863e-41 3.9209e-41 ] 1.0000e+00
 8.681e+01 9.9923e-41 9.9923e-41 [ 3.7494e-114 3.8762e-69 3.6536e-51 6.6985e-41 3.2938e-41 ] 1.0000e+00
 8.693e+01 8.3844e-41 8.3844e-41 [ 2.2443e-114 2.8681e-69 2.9491e-51 5.6178e-41 2.7666e-41 ] 1.0000e+00
 8.704e+01 7.0345e-41 7.0345e-41 [ 1.3428e-114 2.1213e-69 2.3799e-51 4.7108e-41 2.3236e-41 ] 1.0000e+00
 8.715e+01 5.9012e-41 5.9012e-41 [ 8.0297e-115 1.5684e-69 1.9202e-51 3.9499e-41 1.9513e-41 ] 1.0000e+00
 8.727e+01 4.9500e-41 4.9500e-41 [ 4.7995e-115 1.1592e-69 1.5489e-51 3.3115e-41 1.6385e-41 ] 1.0000e+00
 8.738e+01 4.1516e-41 4.1516e-41 [ 2.8673e-115 8.5640e-70 1.2492e-51 2.7759e-41 1.3757e-41 ] 1.0000e+00
 8.749e+01 3.4816e-41 3.4816e-41 [ 1.7122e-115 6.3245e-70 1.0072e-51 2.3267e-41 1.1549e-41 ] 1.0000e+00
 8.761e+01 2.9194e-41 2.9194e-41 [ 1.0219e-115 4.6688e-70 8.1193e-52 1.9500e-41 9.6940e-42 ] 1.0000e+00
 8.772e+01 2.4477e-41 2.4477e-41 [ 6.0961e-116 3.4452e-70 6.5437e-52 1.6341e-41 8.1363e-42 ] 1.0000e+00
 8.783e+01 2.0520e-41 2.0520e-41 [ 3.6348e-116 2.5412e-70 5.2727e-52 1.3692e-41 6.8281e-42 ] 1.0000e+00
 8.795e+01 1.7200e-41 1.7200e-41 [ 2.1662e-116 1.8737e-70 4.2476e-52 1.1471e-41 5.7296e-42 ] 1.0000e+00
 8.806e+01 1.4416e-41 1.4416e-41 [ 1.2903e-116 1.3810e-70 3.4210e-52 9.6090e-42 4.8073e-42 ] 1.0000e+00
 8.817e+01 1.2081e-41 1.2081e-41 [ 7.6821e-117 1.0174e-70 2.7547e-52 8.0485e-42 4.0330e-42 ] 1.0000e+00
 8.829e+01 1.0124e-41 1.0124e-41 [ 4.5714e-117 7.4926e-71 2.2176e-52 6.7407e-42 3.3830e-42 ] 1.0000e+00
 8.840e+01 8.4821e-42 8.4821e-42 [ 2.7189e-117 5.5155e-71 1.7848e-52 5.6447e-42 2.8374e-42 ] 1.0000e+00
 8.851e+01 7.1059e-42 7.1059e-42 [ 1.6163e-117 4.0584e-71 1.4361e-52 4.7263e-42 2.3796e-42 ] 1.0000e+00
 8.863e+01 5.9523e-42 5.9523e-42 [ 9.6035e-118 2.9850e-71 1.1553e-52 3.9569e-42 1.9954e-42 ] 1.0000e+00
 8.874e+01 4.9854e-42 4.9854e-42 [ 5.7031e-118 2.1945e-71 9.2917e-53 3.3124e-42 1.6731e-42 ] 1.0000e+00
 8.885e+01 4.1751e-42 4.1751e-42 [ 3.3851e-118 1.6127e-71 7.4711e-53 2.7725e-42 1.4026e-42 ] 1.0000e+00
 8.897e+01 3.4961e-42 3.4961e-42 [ 2.0082e-118 1.1847e-71 6.0058e-53 2.3204e-42 1.1758e-42 ] 1.0000e+00
 8.908e+01 2.9272e-42 2.9272e-42 [ 1.1908e-118 8.6984e-72 4.8266e-53 1.9417e-42 9.8548e-43 ] 1.0000e+00
 8.919e+01 2.4506e-42 2.4506e-42 [ 7.0570e-119 6.3841e-72 3.8780e-53 1.6247e-42 8.2590e-43 ] 1.0000e+00
 8.931e+01 2.0513e-42 2.0513e-42 [ 4.1801e-119 4.6834e-72 3.1150e-53 1.3592e-42 6.9208e-43 ] 1.0000e+00
 8.942e+01 1.7169e-42 1.7169e-42 [ 2.4747e-119 3.4342e-72 2.5015e-53 1.1370e-42 5.7987e-43 ] 1.0000e+00
 8.953e+01 1.4368e-42 1.4368e-42 [ 1.4643e-119 2.5171e-72 2.0082e-53 9.5102e-43 4.8580e-43 ] 1.0000e+00
 8.965e+01 1.2023e-42 1.2023e-42 [ 8.6596e-120 1.8441e-72 1.6118e-53 7.9536e-43 4.0695e-43 ] 1.0000e+00
 8.976e+01 1.0059e-42 1.0059e-42 [ 5.1184e-120 1.3504e-72 1.2933e-53 6.6510e-43 3.4085e-43 ] 1.0000e+00
 8.987e+01 8.4156e-43 8.4156e-43 [ 3.0238e-120 9.8843e-73 1.0374e-53 5.5610e-43 2.8546e-43 ] 1.0000e+00
 8.999e+01 7.0395e-43 7.0395e-43 [ 1.7853e-120 7.2314e-73 8.3196e-54 4.6491e-43 2.3904e-43 ] 1.0000e+00
 9.010e+01 5.8877e-43 5.8877e-43 [ 1.0536e-120 5.2880e-73 6.6698e-54 3.8863e-43 2.0014e-43 ] 1.0000e+00
 9.021e+01 4.9238e-43 4.9238e-43 [ 6.2138e-121 3.8651e-73 5.3456e-54 3.2482e-43 1.6756e-43 ] 1.0000e+00
 9.033e+01 4.1172e-43 4.1172e-43 [ 3.6629e-121 2.8237e-73 4.2831e-54 2.7146e-43 1.4026e-43 ] 1.0000e+00
 9.044e+01 3.4423e-43 3.4423e-43 [ 2.1580e-121 2.0619e-73 3.4307e-54 2.2684e-43 1.1740e-43 ] 1.0000e+00
 9.055e+01 2.8778e-43 2.8778e-43 [ 1.2706e-121 1.5049e-73 2.7471e-54 1.8953e-43 9.8247e-44 ] 1.0000e+00
 9.067e+01 2.4055e-43 2.4055e-43 [ 7.4775e-122 1.0978e-73 2.1990e-54 1.5834e-43 8.2212e-44 ] 1.0000e+00
 9.078e+01 2.0105e-43 2.0105e-43 [ 4.3979e-122 8.0043e-74 1.7597e-54 1.3226e-43 6.8786e-44 ] 1.0000e+00
 9.089e+01 1.6801e-43 1.6801e-43 [ 2.5851e-122 5.8332e-74 1.4076e-54 1.1047e-43 5.7546e-44 ] 1.0000e+00
 9.101e+01 1.4039e-43 1.4039e-43 [ 1.5187e-122 4.2488e-74 1.1257e-54 9.2251e-44 4.8137e-44 ] 1.0000e+00
 9.112e+01 1.1729e-43 1.1729e-43 [ 8.9169e-123 3.0932e-74 8.9988e-55 7.7031e-44 4.0261e-44 ] 1.0000e+00
 9.123e+01 9.7984e-44 9.7984e-44 [ 5.2324e-123 2.2507e-74 7.1913e-55 6.4314e-44 3.3670e-44 ] 1.0000e+00
 9.135e+01 8.1844e-44 8.1844e-44 [ 3.0686e-123 1.6368e-74 5.7447e-55 5.3690e-44 2.8155e-44 ] 1.0000e+00
 9.146e+01 6.8355e-44 6.8355e-44 [ 1.7985e-123 1.1897e-74 4.5875e-55 4.4815e-44 2.3540e-44 ] 1.0000e+00
 9.157e+01 5.7082e-44 5.7082e-44 [ 1.0535e-123 8.6426e-75 3.6620e-55 3.7403e-44 1.9679e-44 ] 1.0000e+00
 9.169e+01 4.7662e-44 4.7662e-44 [ 6.1670e-124 6.2750e-75 2.9220e-55 3.1212e-44 1.6450e-44 ] 1.0000e+00
 9.180e+01 3.9792e-44 3.9792e-44 [ 3.6079e-124 4.5535e-75 2.3307e-55 2.6044e-44 1.3748e-44 ] 1.0000e+00
 9.191e+01 3.3217e-44 3.3217e-44 [ 2.1095e-124 3.3024e-75 1.8583e-55 2.1728e-44 1.1489e-44 ] 1.0000e+00
 9.203e+01 2.7726e-44 2.7726e-44 [ 1.2326e-124 2.3937e-75 1.4811e-55 1.8125e-44 9.6004e-45 ] 1.0000e+00
 9.214e+01 2.3139e-44 2.3139e-44 [ 7.1979e-125 1.7340e-75 1.1799e-55 1.5118e-44 8.0210e-45 ] 1.0000e+00
 9.225e+01 1.9309e-44 1.9309e-44 [ 4.2006e-125 1.2554e-75 9.3955e-56 1.2608e-44 6.7006e-45 ] 1.0000e+00
 9.237e+01 1.6111e-44 1.6111e-44 [ 2.4498e-125 9.0834e-76 7.4784e-56 1.0514e-44 5.5969e-45 ] 1.0000e+00
 9.248e+01 1.3441e-44 1.3441e-44 [ 1.4278e-125 6.5683e-76 5.9498e-56 8.7661e-45 4.6744e-45 ] 1.0000e+00
 9.259e+01 1.1212e-44 1.1212e-44 [ 8.3164e-126 4.7468e-76 4.7314e-56 7.3081e-45 3.9035e-45 ] 1.0000e+00
 9.271e+01 9.3511e-45 9.3511e-45 [ 4.8406e-126 3.4282e-76 3.7607e-56 6.0918e-45 3.2593e-45 ] 1.0000e+00
 9.282e+01 7.7984e-45 7.7984e-45 [ 2.8157e-126 2.4744e-76 2.9878e-56 5.0773e-45 2.7211e-45 ] 1.0000e+00
 9.293e+01 6.5027e-45 6.5027e-45 [ 1.6367e-126 1.7848e-76 2.3725e-56 4.2312e-45 2.2715e-45 ] 1.0000e+00
 9.305e+01 5.4216e-45 5.4216e-45 [ 9.5071e-127 1.2865e-76 1.8829e-56 3.5256e-45 1.8960e-45 ] 1.0000e+00
 9.316e+01 4.5197e-45 4.5197e-45 [ 5.5186e-127 9.2677e-77 1.4936e-56 2.9374e-45 1.5823e-45 ] 1.0000e+00
 9.327e+01 3.7673e-45 3.7673e-45 [ 3.2011e-127 6.6715e-77 1.1841e-56 2.4470e-45 1.3204e-45 ] 1.0000e+00
 9.339e+01 3.1398e-45 3.1398e-45 [ 1.8555e-127 4.7994e-77 9.3824e-57 2.0382e-45 1.1017e-45 ] 1.0000e+00
 9.350e+01 2.6165e-45 2.6165e-45 [ 1.0748e-127 3.4502e-77 7.4300e-57 1.6974e-45 9.1906e-46 ] 1.0000e+00
 9.361e+01 2.1801e-45 2.1801e-45 [ 6.2207e-128 2.4785e-77 5.8804e-57 1.4135e-45 7.6663e-46 ] 1.0000e+00
 9.373e+01 1.8163e-45 1.8163e-45 [ 3.5978e-128 1.7792e-77 4.6511e-57 1.1769e-45 6.3941e-46 ] 1.0000e+00
 9.384e+01 1.5130e-45 1.5130e-45 [ 2.0792e-128 1.2762e-77 3.6766e-57 9.7978e-46 5.3323e-46 ] 1.0000e+00
 9.395e+01 1.2602e-45 1.2602e-45 [ 1.2007e-128 9.1478e-78 2.9043e-57 8.1557e-46 4.4463e-46 ] 1.0000e+00
 9.407e+01 1.0495e-45 1.0495e-45 [ 6.9282e-129 6.5519e-78 2.2928e-57 6.7879e-46 3.7070e-46 ] 1.0000e+00
 9.418e+01 8.7390e-46 8.7390e-46 [ 3.9944e-129 4.6890e-78 1.8088e-57 5.6488e-46 3.0903e-46 ] 1.0000e+00
 9.429e+01 7.2760e-46 7.2760e-46 [ 2.3011e-129 3.3530e-78 1.4260e-57 4.7002e-46 2.5758e-46 ] 1.0000e+00
 9.441e+01 6.0571e-46 6.0571e-46 [ 1.3245e-129 2.3958e-78 1.1234e-57 3.9104e-46 2.1467e-46 ] 1.0000e+00
 9.452e+01 5.0417e-46 5.0417e-46 [ 7.6171e-130 1.7104e-78 8.8430e-58 3.2529e-46 1.7889e-46 ] 1.0000e+00
 9.463e+01 4.1960e-46 4.1960e-46 [ 4.3768e-130 1.2200e-78 6.9558e-58 2.7055e-46 1.4905e-46 ] 1.0000e+00
 9.475e+01 3.4917e-46 3.4917e-46 [ 2.5126e-130 8.6945e-79 5.4671e-58 2.2500e-46 1.2418e-46 ] 1.0000e+00
 9.486e+01 2.9052e-46 2.9052e-46 [ 1.4411e-130 6.1907e-79 4.2934e-58 1.8709e-46 1.0344e-46 ] 1.0000e+00
 9.497e+01 2.4169e-46 2.4169e-46 [ 8.2579e-131 4.4039e-79 3.3689e-58 1.5554e-46 8.6153e-47 ] 1.0000e+00
 9.509e+01 2.0104e-46 2.0104e-46 [ 4.7274e-131 3.1298e-79 2.6411e-58 1.2930e-46 7.1747e-47 ] 1.0000e+00
 9.520e+01 1.6720e-46 1.6720e-46 [ 2.7036e-131 2.2221e-79 2.0687e-58 1.0746e-46 5.9742e-47 ] 1.0000e+00
 9.531e+01 1.3904e-46 1.3904e-46 [ 1.5446e-131 1.5761e-79 1.6188e-58 8.9303e-47 4.9740e-47 ] 1.0000e+00
 9.543e+01 1.1561e-46 1.1561e-46 [ 8.8153e-132 1.1167e-79 1.2655e-58 7.4200e-47 4.1407e-47 ] 1.0000e+00
 9.554e+01 9.6107e-47 9.6107e-47 [ 5.0256e-132 7.9039e-80 9.8832e-59 6.1641e-47 3.4465e-47 ] 1.0000e+00
 9.565e+01 7.9883e-47 7.9883e-47 [ 2.8619e-132 5.5880e-80 7.7103e-59 5.1199e-47 2.8684e-47 ] 1.0000e+00
 9.577e+01 6.6388e-47 6.6388e-47 [ 1.6279e-132 3.9461e-80 6.0086e-59 4.2519e-47 2.3869e-47 ] 1.0000e+00
 9.588e+01 5.5163e-47 5.5163e-47 [ 9.2486e-133 2.7833e-80 4.6771e-59 3.5303e-47 1.9860e-47 ] 1.0000e+00
 9.599e+01 4.5828e-47 4.5828e-47 [ 5.2479e-133 1.9607e-80 3.6364e-59 2.9306e-47 1.6522e-47 ] 1.0000e+00
 9.611e+01 3.8066e-47 3.8066e-47 [ 2.9740e-133 1.3795e-80 2.8237e-59 2.4322e-47 1.3744e-47 ] 1.0000e+00
 9.622e+01 3.1612e-47 3.1612e-47 [ 1.6831e-133 9.6924e-81 2.1898e-59 2.0181e-47 1.1431e-47 ] 1.0000e+00
 9.633e+01 2.6246e-47 2.6246e-47 [ 9.5118e-134 6.8004e-81 1.6959e-59 1.6741e-47 9.5059e-48 ] 1.0000e+00
 9.645e+01 2.1787e-47 2.1787e-47 [ 5.3677e-134 4.7644e-81 1.3115e-59 1.3883e-47 7.9041e-48 ] 1.0000e+00
 9.656e+01 1.8080e-47 1.8080e-47 [ 3.0245e-134 3.3328e-81 1.0127e-59 1.1509e-47 6.5714e-48 ] 1.0000e+00
 9.667e+01 1.5000e-47 1.5000e-47 [ 1.7014e-134 2.3276e-81 7.8072e-60 9.5377e-48 5.4627e-48 ] 1.0000e+00
 9.679e+01 1.2441e-47 1.2441e-47 [ 9.5549e-135 1.6228e-81 6.0088e-60 7.9008e-48 4.5404e-48 ] 1.0000e+00
 9.690e+01 1.0315e-47 1.0315e-47 [ 5.3563e-135 1.1293e-81 4.6164e-60 6.5417e-48 3.7733e-48 ] 1.0000e+00
 9.701e+01 8.5489e-48 8.5489e-48 [ 2.9970e-135 7.8446e-82 3.5400e-60 5.4135e-48 3.1354e-48 ] 1.0000e+00
 9.713e+01 7.0819e-48 7.0819e-48 [ 1.6735e-135 5.4378e-82 2.7091e-60 4.4770e-48 2.6050e-48 ] 1.0000e+00
 9.724e+01 5.8636e-48 5.8636e-48 [ 9.3243e-136 3.7613e-82 2.0688e-60 3.6997e-48 2.1639e-48 ] 1.0000e+00
 9.735e+01 4.8520e-48 4.8520e-48 [ 5.1833e-136 2.5957e-82 1.5761e-60 3.0547e-48 1.7973e-48 ] 1.0000e+00
 9.747e+01 4.0120e-48 4.0120e-48 [ 2.8742e-136 1.7868e-82 1.1978e-60 2.5195e-48 1.4925e-48 ] 1.0000e+00
 9.758e+01 3.3146e-48 3.3146e-48 [ 1.5895e-136 1.2266e-82 9.0780e-61 2.0754e-48 1.2392e-48 ] 1.0000e+00
 9.769e+01 2.7357e-48 2.7357e-48 [ 8.7648e-137 8.3960e-83 6.8600e-61 1.7070e-48 1.0287e-48 ] 1.0000e+00
 9.781e+01 2.2551e-48 2.2551e-48 [ 4.8176e-137 5.7285e-83 5.1671e-61 1.4014e-48 8.5366e-49 ] 1.0000e+00
 9.792e+01 1.8561e-48 1.8561e-48 [ 2.6387e-137 3.8947e-83 3.8782e-61 1.1479e-48 7.0821e-49 ] 1.0000e+00
 9.803e+01 1.5249e-48 1.5249e-48 [ 1.4397e-137 2.6377e-83 2.8992e-61 9.3762e-49 5.8730e-49 ] 1.0000e+00
 9.815e+01 1.2500e-48 1.2500e-48 [ 7.8209e-138 1.7785e-83 2.1576e-61 7.6321e-49 4.8675e-49 ] 1.0000e+00
 9.826e+01 1.0216e-48 1.0216e-48 [ 4.2280e-138 1.1934e-83 1.5976e-61 6.1854e-49 4.0310e-49 ] 1.0000e+00
 9.837e+01 8.3199e-49 8.3199e-49 [ 2.2730e-138 7.9625e-84 1.1761e-61 4.9856e-49 3.3343e-49 ] 1.0000e+00
 9.849e+01 6.7439e-49 6.7439e-49 [ 1.2143e-138 5.2788e-84 8.5981e-62 3.9907e-49 2.7532e-49 ] 1.0000e+00
 9.860e+01 5.4335e-49 5.4335e-49 [ 6.4390e-139 3.4732e-84 6.2348e-62 3.1661e-49 2.2673e-49 ] 1.0000e+00
 9.871e+01 4.3429e-49 4.3429e-49 [ 3.3848e-139 2.2647e-84 4.4760e-62 2.4833e-49 1.8596e-49 ] 1.0000e+00
 9.883e+01 3.4346e-49 3.4346e-49 [ 1.7607e-139 1.4604e-84 3.1734e-62 1.9189e-49 1.5157e-49 ] 1.0000e+00
 9.894e+01 2.6773e-49 2.6773e-49 [ 9.0416e-140 9.2873e-85 2.2138e-62 1.4539e-49 1.2234e-49 ] 1.0000e+00
 9.905e+01 2.0456e-49 2.0456e-49 [ 4.5677e-140 5.7986e-85 1.5113e-62 1.0730e-49 9.7259e-50 ] 1.0000e+00
 9.917e+01 1.5189e-49 1.5189e-49 [ 2.2581e-140 3.5296e-85 1.0013e-62 7.6374e-50 7.5520e-50 ] 1.0000e+00
 9.928e+01 1.0815e-49 1.0815e-49 [ 1.0830e-140 2.0699e-85 6.3499e-63 5.1644e-50 5.6501e-50 ] 1.0000e+00
 9.939e+01 7.2152e-50 7.2152e-50 [ 4.9568e-141 1.1445e-85 3.7637e-63 3.2343e-50 3.9809e-50 ] 1.0000e+00
 9.951e+01 4.3209e-50 4.3209e-50 [ 2.0906e-141 5.7126e-86 1.9911e-63 1.7888e-50 2.5321e-50 ] 1.0000e+00
 9.962e+01 2.1117e-50 2.1117e-50 [ 7.4201e-142 2.3230e-86 8.4617e-64 7.8543e-51 1.3262e-50 ] 1.0000e+00
 9.973e+01 6.3020e-51 6.3020e-51 [ 1.6052e-142 5.4974e-87 2.0585e-64 1.9515e-51 4.3505e-51 ] 1.0000e+00
 9.985e+01 0.0000e+00 0.0000e+00 [ 0.0000e+00 0.0000e+00 0.0000e+00 0.0000e+00 0.0000e+00 ] 1.0000e+00
