 0.000e+00 0.0000e+00 0.0000e+00 [ 0.0000e+00 0.0000e+00 0.0000e+00 0.0000e+00 0.0000e+00 ] 1.0000e+00
 1.133e-01 5.9074e-02 5.9074e-02 [ 5.7138e-02 9.8672e-04 4.6744e-04 4.5318e-04 2.8494e-05 ] 9.4093e-01
 2.267e-01 1.2748e-01 1.2748e-01 [ 1.1943e-01 4.1115e-03 1.9476e-03 1.8872e-03 1.0410e-04 ] 8.7252e-01
 3.400e-01 2.1539e-01 2.1539e-01 [ 1.9633e-01 9.7552e-03 4.6206e-03 4.4724e-03 2.1835e-04 ] 7.8461e-01
 4.533e-01 3.2619e-01 3.2619e-01 [ 2.9059e-01 1.8244e-02 8.6401e-03 8.3512e-03 3.6413e-04 ] 6.7381e-01
 5.667e-01 4.5585e-01 4.5585e-01 [ 3.9853e-01 2.9420e-02 1.3931e-02 1.3442e-02 5.2957e-04 ] 5.4415e-01
 6.800e-01 5.8954e-01 5.8954e-01 [ 5.0737e-01 4.2237e-02 1.9995e-02 1.9253e-02 6.9414e-04 ] 4.1045e-01
 7.933e-01 7.0581e-01 7.0581e-01 [ 5.9919e-01 5.4871e-02 2.5970e-02 2.4946e-02 8.3325e-04 ] 2.9419e-01
 9.067e-01 7.8898e-01 7.8898e-01 [ 6.6153e-01 6.5678e-02 3.1074e-02 2.9765e-02 9.3155e-04 ] 2.1102e-01
 1.020e+00 8.3834e-01 8.3834e-01 [ 6.9467e-01 7.4138e-02 3.5064e-02 3.3478e-02 9.9144e-04 ] 1.6166e-01
 1.133e+00 8.6372e-01 8.6372e-01 [ 7.0746e-01 8.0750e-02 3.8173e-02 3.6313e-02 1.0265e-03 ] 1.3628e-01
 1.247e+00 8.7566e-01 8.7566e-01 [ 7.0898e-01 8.6262e-02 4.0757e-02 3.8613e-02 1.0497e-03 ] 1.2434e-01
 1.360e+00 8.8103e-01 8.8103e-01 [ 7.0503e-01 9.1224e-02 4.3076e-02 4.0628e-02 1.0689e-03 ] 1.1897e-01
 1.473e+00 8.8340e-01 8.8340e-01 [ 6.9860e-01 9.5941e-02 4.5273e-02 4.2496e-02 1.0880e-03 ] 1.1660e-01
 1.587e+00 8.8445e-01 8.8445e-01 [ 6.9107e-01 1.0057e-01 4.7421e-02 4.4288e-02 1.1081e-03 ] 1.1555e-01
 1.700e+00 8.8492e-01 8.8492e-01 [ 6.8304e-01 1.0517e-01 4.9553e-02 4.6036e-02 1.1295e-03 ] 1.1508e-01
 1.813e+00 8.8514e-01 8.8514e-01 [ 6.7478e-01 1.0978e-01 5.1683e-02 4.7755e-02 1.1521e-03 ] 1.1486e-01
 1.927e+00 8.8526e-01 8.8526e-01 [ 6.6640e-01 1.1441e-01 5.3819e-02 4.9452e-02 1.1755e-03 ] 1.1475e-01
 2.040e+00 8.8532e-01 8.8532e-01 [ 6.5796e-01 1.1907e-01 5.5962e-02 5.1130e-02 1.1995e-03 ] 1.1468e-01
 2.153e+00 8.8536e-01 8.8536e-01 [ 6.4948e-01 1.2375e-01 5.8113e-02 5.2791e-02 1.2240e-03 ] 1.1464e-01
 2.267e+00 8.8539e-01 8.8539e-01 [ 6.4096e-01 1.2846e-01 6.0273e-02 5.4436e-02 1.2487e-03 ] 1.1462e-01
 2.380e+00 8.8541e-01 8.8541e-01 [ 6.3243e-01 1.3320e-01 6.2441e-02 5.6066e-02 1.2736e-03 ] 1.1459e-01
 2.493e+00 8.8542e-01 8.8542e-01 [ 6.2387e-01 1.3796e-01 6.4617e-02 5.7681e-02 1.2986e-03 ] 1.1458e-01
 2.607e+00 8.8544e-01 8.8544e-01 [ 6.1529e-01 1.4274e-01 6.6802e-02 5.9282e-02 1.3236e-03 ] 1.1456e-01
 2.720e+00 8.8545e-01 8.8545e-01 [ 6.0669e-01 1.4755e-01 6.8994e-02 6.0870e-02 1.3487e-03 ] 1.1455e-01
 2.833e+00 8.8546e-01 8.8546e-01 [ 5.9808e-01 1.5237e-01 7.1195e-02 6.2445e-02 1.3739e-03 ] 1.1454e-01
 2.947e+00 8.8547e-01 8.8547e-01 [ 5.8945e-01 1.5720e-01 7.3403e-02 6.4009e-02 1.3991e-03 ] 1.1453e-01
 3.060e+00 8.8547e-01 8.8547e-01 [ 5.8081e-01 1.6205e-01 7.5620e-02 6.5561e-02 1.4244e-03 ] 1.1453e-01
 3.173e+00 8.8548e-01 8.8548e-01 [ 5.7216e-01 1.6692e-01 7.7845e-02 6.7103e-02 1.4498e-03 ] 1.1453e-01
 3.287e+00 8.8548e-01 8.8548e-01 [ 5.6350e-01 1.7179e-01 8.0078e-02 6.8636e-02 1.4752e-03 ] 1.1452e-01
 3.400e+00 8.8548e-01 8.8548e-01 [ 5.5482e-01 1.7667e-01 8.2319e-02 7.0160e-02 1.5008e-03 ] 1.1453e-01
 3.513e+00 8.8547e-01 8.8547e-01 [ 5.4614e-01 1.8156e-01 8.4570e-02 7.1677e-02 1.5264e-03 ] 1.1453e-01
 3.627e+00 8.8547e-01 8.8547e-01 [ 5.3745e-01 1.8645e-01 8.6830e-02 7.3188e-02 1.5522e-03 ] 1.1453e-01
 3.740e+00 8.8546e-01 8.8546e-01 [ 5.2875e-01 1.9134e-01 8.9099e-02 7.4693e-02 1.5782e-03 ] 1.1454e-01
 3.853e+00 8.8545e-01 8.8545e-01 [ 5.2005e-01 1.9623e-01 9.1378e-02 7.6194e-02 1.6043e-03 ] 1.1455e-01
 3.967e+00 8.8544e-01 8.8544e-01 [ 5.1134e-01 2.0112e-01 9.3668e-02 7.7691e-02 1.6306e-03 ] 1.1456e-01
 4.080e+00 8.8543e-01 8.8543e-01 [ 5.0263e-01 2.0600e-01 9.5968e-02 7.9185e-02 1.6570e-03 ] 1.1457e-01
 4.193e+00 8.8542e-01 8.8542e-01 [ 4.9391e-01 2.1087e-01 9.8279e-02 8.0679e-02 1.6837e-03 ] 1.1458e-01
 4.307e+00 8.8541e-01 8.8541e-01 [ 4.8520e-01 2.1572e-01 1.0060e-01 8.2171e-02 1.7105e-03 ] 1.1459e-01
 4.420e+00 8.8539e-01 8.8539e-01 [ 4.7649e-01 2.2056e-01 1.0294e-01 8.3664e-02 1.7376e-03 ] 1.1461e-01
 4.533e+00 8.8538e-01 8.8538e-01 [ 4.6778e-01 2.2538e-01 1.0528e-01 8.5159e-02 1.7649e-03 ] 1.1462e-01
 4.647e+00 8.8536e-01 8.8536e-01 [ 4.5908e-01 2.3018e-01 1.0764e-01 8.6656e-02 1.7925e-03 ] 1.1464e-01
 4.760e+00 8.8534e-01 8.8534e-01 [ 4.5039e-01 2.3496e-01 1.1002e-01 8.8156e-02 1.8203e-03 ] 1.1466e-01
 4.873e+00 8.8532e-01 8.8532e-01 [ 4.4171e-01 2.3970e-01 1.1240e-01 8.9661e-02 1.8484e-03 ] 1.1468e-01
 4.987e+00 8.8530e-01 8.8530e-01 [ 4.3304e-01 2.4441e-01 1.1480e-01 9.1170e-02 1.8767e-03 ] 1.1470e-01
 5.100e+00 8.8528e-01 8.8528e-01 [ 4.2438e-01 2.4908e-01 1.1722e-01 9.2687e-02 1.9053e-03 ] 1.1472e-01
 5.213e+00 8.8525e-01 8.8525e-01 [ 4.1574e-01 2.5371e-01 1.1965e-01 9.4210e-02 1.9343e-03 ] 1.1475e-01
 5.327e+00 8.8523e-01 8.8523e-01 [ 4.0712e-01 2.5830e-01 1.2210e-01 9.5741e-02 1.9635e-03 ] 1.1477e-01
 5.440e+00 8.8520e-01 8.8520e-01 [ 3.9853e-01 2.6284e-01 1.2456e-01 9.7281e-02 1.9931e-03 ] 1.1480e-01
 5.553e+00 8.8518e-01 8.8518e-01 [ 3.8996e-01 2.6732e-01 1.2704e-01 9.8831e-02 2.0230e-03 ] 1.1482e-01
 5.667e+00 8.8515e-01 8.8515e-01 [ 3.8142e-01 2.7175e-01 1.2954e-01 1.0039e-01 2.0533e-03 ] 1.1485e-01
 5.780e+00 8.8512e-01 8.8512e-01 [ 3.7291e-01 2.7611e-01 1.3205e-01 1.0196e-01 2.0839e-03 ] 1.1488e-01
 5.893e+00 8.8509e-01 8.8509e-01 [ 3.6444e-01 2.8041e-01 1.3459e-01 1.0355e-01 2.1149e-03 ] 1.1491e-01
 6.007e+00 8.8506e-01 8.8506e-01 [ 3.5600e-01 2.8463e-01 1.3714e-01 1.0514e-01 2.1462e-03 ] 1.1494e-01
 6.120e+00 8.8503e-01 8.8503e-01 [ 3.4761e-01 2.8878e-01 1.3971e-01 1.0676e-01 2.1779e-03 ] 1.1497e-01
 6.233e+00 8.8500e-01 8.8500e-01 [ 3.3927e-01 2.9285e-01 1.4229e-01 1.0838e-01 2.2101e-03 ] 1.1500e-01
 6.347e+00 8.8497e-01 8.8497e-01 [ 3.3097e-01 2.9684e-01 1.4490e-01 1.1002e-01 2.2426e-03 ] 1.1503e-01
 6.460e+00 8.8494e-01 8.8494e-01 [ 3.2272e-01 3.0073e-01 1.4753e-01 1.1168e-01 2.2756e-03 ] 1.1506e-01
 6.573e+00 8.8490e-01 8.8490e-01 [ 3.1454e-01 3.0453e-01 1.5017e-01 1.1336e-01 2.3089e-03 ] 1.1510e-01
 6.687e+00 8.8487e-01 8.8487e-01 [ 3.0641e-01 3.0823e-01 1.5284e-01 1.1505e-01 2.3428e-03 ] 1.1513e-01
 6.800e+00 8.8483e-01 8.8483e-01 [ 2.9835e-01 3.1183e-01 1.5552e-01 1.1676e-01 2.3770e-03 ] 1.1517e-01
 6.913e+00 8.8480e-01 8.8480e-01 [ 2.9035e-01 3.1532e-01 1.5823e-01 1.1849e-01 2.4118e-03 ] 1.1520e-01
 7.027e+00 8.8476e-01 8.8476e-01 [ 2.8242e-01 3.1869e-01 1.6096e-01 1.2024e-01 2.4470e-03 ] 1.1524e-01
 7.140e+00 8.8472e-01 8.8472e-01 [ 2.7458e-01 3.2195e-01 1.6370e-01 1.2201e-01 2.4827e-03 ] 1.1528e-01
 7.253e+00 8.8468e-01 8.8468e-01 [ 2.6680e-01 3.2509e-01 1.6647e-01 1.2380e-01 2.5189e-03 ] 1.1532e-01
 7.367e+00 8.8465e-01 8.8465e-01 [ 2.5912e-01 3.2810e-01 1.6926e-01 1.2562e-01 2.5556e-03 ] 1.1535e-01
 7.480e+00 8.8461e-01 8.8461e-01 [ 2.5151e-01 3.3098e-01 1.7207e-01 1.2746e-01 2.5928e-03 ] 1.1539e-01
 7.593e+00 8.8457e-01 8.8457e-01 [ 2.4400e-01 3.3372e-01 1.7489e-01 1.2932e-01 2.6306e-03 ] 1.1543e-01
 7.707e+00 8.8453e-01 8.8453e-01 [ 2.3658e-01 3.3633e-01 1.7774e-01 1.3120e-01 2.6688e-03 ] 1.1547e-01
 7.820e+00 8.8448e-01 8.8448e-01 [ 2.2926e-01 3.3879e-01 1.8061e-01 1.3311e-01 2.7077e-03 ] 1.1552e-01
 7.933e+00 8.8444e-01 8.8444e-01 [ 2.2204e-01 3.4111e-01 1.8350e-01 1.3505e-01 2.7471e-03 ] 1.1556e-01
 8.047e+00 8.8440e-01 8.8440e-01 [ 2.1492e-01 3.4327e-01 1.8640e-01 1.3701e-01 2.7871e-03 ] 1.1560e-01
 8.160e+00 8.8436e-01 8.8436e-01 [ 2.0791e-01 3.4529e-01 1.8933e-01 1.3901e-01 2.8276e-03 ] 1.1564e-01
 8.273e+00 8.8431e-01 8.8431e-01 [ 2.0100e-01 3.4714e-01 1.9227e-01 1.4102e-01 2.8688e-03 ] 1.1569e-01
 8.387e+00 8.8427e-01 8.8427e-01 [ 1.9421e-01 3.4884e-01 1.9523e-01 1.4307e-01 2.9106e-03 ] 1.1573e-01
 8.500e+00 8.8422e-01 8.8422e-01 [ 1.8754e-01 3.5037e-01 1.9821e-01 1.4515e-01 2.9530e-03 ] 1.1578e-01
 8.613e+00 8.8418e-01 8.8418e-01 [ 1.8098e-01 3.5174e-01 2.0121e-01 1.4725e-01 2.9960e-03 ] 1.1582e-01
 8.727e+00 8.8413e-01 8.8413e-01 [ 1.7454e-01 3.5294e-01 2.0422e-01 1.4939e-01 3.0397e-03 ] 1.1587e-01
 8.840e+00 8.8409e-01 8.8409e-01 [ 1.6823e-01 3.5397e-01 2.0724e-01 1.5156e-01 3.0841e-03 ] 1.1591e-01
 8.953e+00 8.8404e-01 8.8404e-01 [ 1.6204e-01 3.5483e-01 2.1028e-01 1.5376e-01 3.1291e-03 ] 1.1596e-01
 9.067e+00 8.8399e-01 8.8399e-01 [ 1.5597e-01 3.5551e-01 2.1333e-01 1.5600e-01 3.1749e-03 ] 1.1601e-01
 9.180e+00 8.8394e-01 8.8394e-01 [ 1.5004e-01 3.5602e-01 2.1640e-01 1.5827e-01 3.2213e-03 ] 1.1606e-01
 9.293e+00 8.8389e-01 8.8389e-01 [ 1.4423e-01 3.5635e-01 2.1947e-01 1.6057e-01 3.2684e-03 ] 1.1611e-01
 9.407e+00 8.8384e-01 8.8384e-01 [ 1.3856e-01 3.5650e-01 2.2256e-01 1.6291e-01 3.3163e-03 ] 1.1616e-01
 9.520e+00 8.8379e-01 8.8379e-01 [ 1.3302e-01 3.5647e-01 2.2565e-01 1.6529e-01 3.3649e-03 ] 1.1621e-01
 9.633e+00 8.8374e-01 8.8374e-01 [ 1.2762e-01 3.5626e-01 2.2875e-01 1.6770e-01 3.4143e-03 ] 1.1626e-01
 9.747e+00 8.8369e-01 8.8369e-01 [ 1.2235e-01 3.5588e-01 2.3185e-01 1.7015e-01 3.4644e-03 ] 1.1631e-01
 9.860e+00 8.8364e-01 8.8364e-01 [ 1.1721e-01 3.5531e-01 2.3496e-01 1.7264e-01 3.5153e-03 ] 1.1636e-01
 9.973e+00 8.8359e-01 8.8359e-01 [ 1.1221e-01 3.5456e-01 2.3808e-01 1.7517e-01 3.5670e-03 ] 1.1641e-01
 1.009e+01 8.8353e-01 8.8353e-01 [ 1.0735e-01 3.5364e-01 2.4119e-01 1.7774e-01 3.6195e-03 ] 1.1647e-01
 1.020e+01 8.8348e-01 8.8348e-01 [ 1.0262e-01 3.5253e-01 2.4430e-01 1.8035e-01 3.6728e-03 ] 1.1652e-01
 1.031e+01 8.8343e-01 8.8343e-01 [ 9.8033e-02 3.5125e-01 2.4741e-01 1.8301e-01 3.7270e-03 ] 1.1657e-01
 1.043e+01 8.8337e-01 8.8337e-01 [ 9.3580e-02 3.4980e-01 2.5051e-01 1.8570e-01 3.7820e-03 ] 1.1663e-01
 1.054e+01 8.8332e-01 8.8332e-01 [ 8.9263e-02 3.4816e-01 2.5361e-01 1.8845e-01 3.8378e-03 ] 1.1668e-01
 1.065e+01 8.8326e-01 8.8326e-01 [ 8.5080e-02 3.4636e-01 2.5669e-01 1.9123e-01 3.8945e-03 ] 1.1674e-01
 1.077e+01 8.8321e-01 8.8321e-01 [ 8.1033e-02 3.4439e-01 2.5977e-01 1.9407e-01 3.9521e-03 ] 1.1679e-01
 1.088e+01 8.8315e-01 8.8315e-01 [ 7.7119e-02 3.4224e-01 2.6283e-01 1.9695e-01 4.0105e-03 ] 1.1685e-01
 1.099e+01 8.8309e-01 8.8309e-01 [ 7.3337e-02 3.3994e-01 2.6587e-01 1.9987e-01 4.0699e-03 ] 1.1691e-01
 1.111e+01 8.8303e-01 8.8303e-01 [ 6.9686e-02 3.3747e-01 2.6890e-01 2.0285e-01 4.1301e-03 ] 1.1697e-01
 1.122e+01 8.8297e-01 8.8297e-01 [ 6.6164e-02 3.3484e-01 2.7191e-01 2.0588e-01 4.1913e-03 ] 1.1703e-01
 1.133e+01 8.8292e-01 8.8292e-01 [ 6.2771e-02 3.3205e-01 2.7489e-01 2.0895e-01 4.2533e-03 ] 1.1708e-01
 1.145e+01 8.8286e-01 8.8286e-01 [ 5.9504e-02 3.2911e-01 2.7784e-01 2.1208e-01 4.3163e-03 ] 1.1714e-01
 1.156e+01 8.8280e-01 8.8280e-01 [ 5.6361e-02 3.2603e-01 2.8077e-01 2.1526e-01 4.3802e-03 ] 1.1720e-01
 1.167e+01 8.8273e-01 8.8273e-01 [ 5.3341e-02 3.2279e-01 2.8366e-01 2.1849e-01 4.4451e-03 ] 1.1727e-01
 1.179e+01 8.8267e-01 8.8267e-01 [ 5.0440e-02 3.1942e-01 2.8652e-01 2.2178e-01 4.5109e-03 ] 1.1733e-01
 1.190e+01 8.8261e-01 8.8261e-01 [ 4.7658e-02 3.1591e-01 2.8934e-01 2.2512e-01 4.5776e-03 ] 1.1739e-01
 1.201e+01 8.8255e-01 8.8255e-01 [ 4.4992e-02 3.1227e-01 2.9213e-01 2.2852e-01 4.6453e-03 ] 1.1745e-01
 1.213e+01 8.8249e-01 8.8249e-01 [ 4.2438e-02 3.0850e-01 2.9486e-01 2.3197e-01 4.7138e-03 ] 1.1751e-01
 1.224e+01 8.8242e-01 8.8242e-01 [ 3.9995e-02 3.0461e-01 2.9755e-01 2.3548e-01 4.7834e-03 ] 1.1758e-01
 1.235e+01 8.8236e-01 8.8236e-01 [ 3.7661e-02 3.0060e-01 3.0019e-01 2.3905e-01 4.8538e-03 ] 1.1764e-01
 1.247e+01 8.8229e-01 8.8229e-01 [ 3.5431e-02 2.9648e-01 3.0278e-01 2.4267e-01 4.9252e-03 ] 1.1771e-01
 1.258e+01 8.8223e-01 8.8223e-01 [ 3.3305e-02 2.9225e-01 3.0532e-01 2.4636e-01 4.9975e-03 ] 1.1777e-01
 1.269e+01 8.8216e-01 8.8216e-01 [ 3.1278e-02 2.8792e-01 3.0779e-01 2.5010e-01 5.0708e-03 ] 1.1784e-01
 1.281e+01 8.8210e-01 8.8210e-01 [ 2.9348e-02 2.8350e-01 3.1020e-01 2.5390e-01 5.1449e-03 ] 1.1790e-01
 1.292e+01 8.8203e-01 8.8203e-01 [ 2.7513e-02 2.7898e-01 3.1255e-01 2.5777e-01 5.2198e-03 ] 1.1797e-01
 1.303e+01 8.8196e-01 8.8196e-01 [ 2.5768e-02 2.7438e-01 3.1483e-01 2.6169e-01 5.2957e-03 ] 1.1804e-01
 1.315e+01 8.8189e-01 8.8189e-01 [ 2.4113e-02 2.6970e-01 3.1704e-01 2.6567e-01 5.3724e-03 ] 1.1811e-01
 1.326e+01 8.8182e-01 8.8182e-01 [ 2.2542e-02 2.6494e-01 3.1917e-01 2.6972e-01 5.4499e-03 ] 1.1818e-01
 1.337e+01 8.8176e-01 8.8176e-01 [ 2.1055e-02 2.6012e-01 3.2123e-01 2.7382e-01 5.5282e-03 ] 1.1824e-01
 1.349e+01 8.8169e-01 8.8169e-01 [ 1.9646e-02 2.5524e-01 3.2321e-01 2.7799e-01 5.6073e-03 ] 1.1831e-01
 1.360e+01 8.8162e-01 8.8162e-01 [ 1.8315e-02 2.5030e-01 3.2511e-01 2.8221e-01 5.6871e-03 ] 1.1838e-01
 1.371e+01 8.8155e-01 8.8155e-01 [ 1.7057e-02 2.4531e-01 3.2692e-01 2.8649e-01 5.7677e-03 ] 1.1845e-01
 1.383e+01 8.8147e-01 8.8147e-01 [ 1.5871e-02 2.4028e-01 3.2864e-01 2.9083e-01 5.8489e-03 ] 1.1853e-01
 1.394e+01 8.8140e-01 8.8140e-01 [ 1.4752e-02 2.3521e-01 3.3028e-01 2.9523e-01 5.9307e-03 ] 1.1860e-01
 1.405e+01 8.8133e-01 8.8133e-01 [ 1.3699e-02 2.3011e-01 3.3183e-01 2.9969e-01 6.0131e-03 ] 1.1867e-01
 1.417e+01 8.8126e-01 8.8126e-01 [ 1.2708e-02 2.2498e-01 3.3328e-01 3.0420e-01 6.0960e-03 ] 1.1874e-01
 1.428e+01 8.8119e-01 8.8119e-01 [ 1.1777e-02 2.1984e-01 3.3463e-01 3.0876e-01 6.1794e-03 ] 1.1881e-01
 1.439e+01 8.8111e-01 8.8111e-01 [ 1.0903e-02 2.1468e-01 3.3589e-01 3.1337e-01 6.2632e-03 ] 1.1889e-01
 1.451e+01 8.8104e-01 8.8104e-01 [ 1.0084e-02 2.0952e-01 3.3706e-01 3.1804e-01 6.3473e-03 ] 1.1896e-01
 1.462e+01 8.8097e-01 8.8097e-01 [ 9.3164e-03 2.0435e-01 3.3812e-01 3.2275e-01 6.4318e-03 ] 1.1903e-01
 1.473e+01 8.8089e-01 8.8089e-01 [ 8.5984e-03 1.9919e-01 3.3908e-01 3.2751e-01 6.5164e-03 ] 1.1911e-01
 1.485e+01 8.8082e-01 8.8082e-01 [ 7.9274e-03 1.9404e-01 3.3994e-01 3.3231e-01 6.6012e-03 ] 1.1918e-01
 1.496e+01 8.8075e-01 8.8075e-01 [ 7.3010e-03 1.8891e-01 3.4070e-01 3.3715e-01 6.6861e-03 ] 1.1925e-01
 1.507e+01 8.8067e-01 8.8067e-01 [ 6.7168e-03 1.8381e-01 3.4135e-01 3.4202e-01 6.7710e-03 ] 1.1933e-01
 1.519e+01 8.8060e-01 8.8060e-01 [ 6.1727e-03 1.7873e-01 3.4191e-01 3.4693e-01 6.8557e-03 ] 1.1940e-01
 1.530e+01 8.8052e-01 8.8052e-01 [ 5.6665e-03 1.7369e-01 3.4236e-01 3.5187e-01 6.9402e-03 ] 1.1948e-01
 1.541e+01 8.8045e-01 8.8045e-01 [ 5.1960e-03 1.6869e-01 3.4271e-01 3.5682e-01 7.0244e-03 ] 1.1955e-01
 1.553e+01 8.8038e-01 8.8038e-01 [ 4.7593e-03 1.6374e-01 3.4296e-01 3.6180e-01 7.1083e-03 ] 1.1962e-01
 1.564e+01 8.8030e-01 8.8030e-01 [ 4.3544e-03 1.5884e-01 3.4312e-01 3.6680e-01 7.1916e-03 ] 1.1970e-01
 1.575e+01 8.8023e-01 8.8023e-01 [ 3.9795e-03 1.5400e-01 3.4318e-01 3.7180e-01 7.2742e-03 ] 1.1977e-01
 1.587e+01 8.8016e-01 8.8016e-01 [ 3.6327e-03 1.4923e-01 3.4314e-01 3.7680e-01 7.3562e-03 ] 1.1984e-01
 1.598e+01 8.8008e-01 8.8008e-01 [ 3.3123e-03 1.4453e-01 3.4301e-01 3.8180e-01 7.4373e-03 ] 1.1992e-01
 1.609e+01 8.8001e-01 8.8001e-01 [ 3.0166e-03 1.3990e-01 3.4278e-01 3.8679e-01 7.5174e-03 ] 1.1999e-01
 1.621e+01 8.7994e-01 8.7994e-01 [ 2.7442e-03 1.3536e-01 3.4248e-01 3.9177e-01 7.5964e-03 ] 1.2006e-01
 1.632e+01 8.7987e-01 8.7987e-01 [ 2.4935e-03 1.3090e-01 3.4208e-01 3.9672e-01 7.6742e-03 ] 1.2013e-01
 1.643e+01 8.7980e-01 8.7980e-01 [ 2.2630e-03 1.2654e-01 3.4161e-01 4.0164e-01 7.7505e-03 ] 1.2020e-01
 1.655e+01 8.7973e-01 8.7973e-01 [ 2.0514e-03 1.2227e-01 3.4106e-01 4.0652e-01 7.8254e-03 ] 1.2027e-01
 1.666e+01 8.7967e-01 8.7967e-01 [ 1.8575e-03 1.1811e-01 3.4044e-01 4.1136e-01 7.8987e-03 ] 1.2033e-01
 1.677e+01 8.7960e-01 8.7960e-01 [ 1.6799e-03 1.1406e-01 3.3975e-01 4.1614e-01 7.9702e-03 ] 1.2040e-01
 1.689e+01 8.7954e-01 8.7954e-01 [ 1.5176e-03 1.1012e-01 3.3900e-01 4.2086e-01 8.0398e-03 ] 1.2046e-01
 1.700e+01 8.7947e-01 8.7947e-01 [ 1.3695e-03 1.0630e-01 3.3819e-01 4.2550e-01 8.1073e-03 ] 1.2053e-01
 1.711e+01 8.7941e-01 8.7941e-01 [ 1.2345e-03 1.0260e-01 3.3733e-01 4.3007e-01 8.1727e-03 ] 1.2059e-01
 1.723e+01 8.7935e-01 8.7935e-01 [ 1.1116e-03 9.9039e-02 3.3642e-01 4.3454e-01 8.2359e-03 ] 1.2065e-01
 1.734e+01 8.7930e-01 8.7930e-01 [ 1.0000e-03 9.5607e-02 3.3547e-01 4.3892e-01 8.2967e-03 ] 1.2070e-01
 1.745e+01 8.7924e-01 8.7924e-01 [ 8.9887e-04 9.2313e-02 3.3449e-01 4.4319e-01 8.3551e-03 ] 1.2076e-01
 1.757e+01 8.7919e-01 8.7919e-01 [ 8.0734e-04 8.9162e-02 3.3347e-01 4.4734e-01 8.4111e-03 ] 1.2081e-01
 1.768e+01 8.7913e-01 8.7913e-01 [ 7.2471e-04 8.6157e-02 3.3243e-01 4.5136e-01 8.4650e-03 ] 1.2087e-01
 1.779e+01 8.7908e-01 8.7908e-01 [ 6.5029e-04 8.3303e-02 3.3137e-01 4.5524e-01 8.5169e-03 ] 1.2092e-01
 1.791e+01 8.7902e-01 8.7902e-01 [ 5.8346e-04 8.0604e-02 3.3030e-01 4.5898e-01 8.5676e-03 ] 1.2098e-01
 1.802e+01 8.7896e-01 8.7896e-01 [ 5.2363e-04 7.8061e-02 3.2921e-01 4.6255e-01 8.6179e-03 ] 1.2104e-01
 1.813e+01 8.7886e-01 8.7886e-01 [ 4.7025e-04 7.5678e-02 3.2811e-01 4.6593e-01 8.6695e-03 ] 1.2114e-01
 1.825e+01 8.7870e-01 8.7870e-01 [ 4.2283e-04 7.3454e-02 3.2699e-01 4.6910e-01 8.7246e-03 ] 1.2130e-01
 1.836e+01 8.7838e-01 8.7838e-01 [ 3.8089e-04 7.1385e-02 3.2583e-01 4.7200e-01 8.7862e-03 ] 1.2162e-01
 1.847e+01 8.7772e-01 8.7772e-01 [ 3.4396e-04 6.9460e-02 3.2455e-01 4.7451e-01 8.8579e-03 ] 1.2228e-01
 1.859e+01 8.7629e-01 8.7629e-01 [ 3.1154e-04 6.7648e-02 3.2301e-01 4.7638e-01 8.9430e-03 ] 1.2371e-01
 1.870e+01 8.7315e-01 8.7315e-01 [ 2.8303e-04 6.5884e-02 3.2087e-01 4.7708e-01 9.0417e-03 ] 1.2685e-01
 1.881e+01 8.6633e-01 8.6633e-01 [ 2.5763e-04 6.4025e-02 3.1741e-01 4.7550e-01 9.1452e-03 ] 1.3367e-01
 1.893e+01 8.5184e-01 8.5184e-01 [ 2.3408e-04 6.1790e-02 3.1118e-01 4.6941e-01 9.2235e-03 ] 1.4816e-01
 1.904e+01 8.2262e-01 8.2262e-01 [ 2.1052e-04 5.8689e-02 2.9964e-01 4.5487e-01 9.2080e-03 ] 1.7738e-01
 1.915e+01 7.6907e-01 7.6907e-01 [ 1.8474e-04 5.4067e-02 2.7933e-01 4.2651e-01 8.9856e-03 ] 2.3093e-01
 1.927e+01 6.8410e-01 6.8410e-01 [ 1.5535e-04 4.7463e-02 2.4773e-01 3.8032e-01 8.4408e-03 ] 3.1590e-01
 1.938e+01 5.7133e-01 5.7133e-01 [ 1.2335e-04 3.9161e-02 2.0623e-01 3.1827e-01 7.5480e-03 ] 4.2867e-01
 1.949e+01 4.4663e-01 4.4663e-01 [ 9.2053e-05 3.0261e-02 1.6064e-01 2.4922e-01 6.4195e-03 ] 5.5337e-01
 1.961e+01 3.2909e-01 3.2909e-01 [ 6.4918e-05 2.2042e-02 1.1787e-01 1.8388e-01 5.2382e-03 ] 6.7091e-01
 1.972e+01 2.3138e-01 2.3138e-01 [ 4.3739e-05 1.5313e-02 8.2456e-02 1.2941e-01 4.1549e-03 ] 7.6863e-01
 1.983e+01 1.5723e-01 1.5723e-01 [ 2.8488e-05 1.0273e-02 5.5687e-02 8.8000e-02 3.2443e-03 ] 8.4277e-01
 1.995e+01 1.0442e-01 1.0442e-01 [ 1.8119e-05 6.7260e-03 3.6696e-02 5.8458e-02 2.5175e-03 ] 8.9559e-01
 2.006e+01 6.8336e-02 6.8336e-02 [ 1.1341e-05 4.3318e-03 2.3784e-02 3.8256e-02 1.9529e-03 ] 9.3166e-01
 2.017e+01 4.4349e-02 4.4349e-02 [ 7.0223e-06 2.7597e-03 1.5248e-02 2.4815e-02 1.5191e-03 ] 9.5565e-01
 2.029e+01 2.8666e-02 2.8666e-02 [ 4.3179e-06 1.7458e-03 9.7065e-03 1.6024e-02 1.1861e-03 ] 9.7133e-01
 2.040e+01 1.8516e-02 1.8516e-02 [ 2.6427e-06 1.0993e-03 6.1505e-03 1.0334e-02 9.2966e-04 ] 9.8148e-01
 2.051e+01 1.1981e-02 1.1981e-02 [ 1.6126e-06 6.9017e-04 3.8857e-03 6.6721e-03 7.3107e-04 ] 9.8802e-01
 2.063e+01 7.7813e-03 7.7813e-03 [ 9.8198e-07 4.3248e-04 2.4502e-03 4.3212e-03 5.7641e-04 ] 9.9222e-01
 2.074e+01 5.0820e-03 5.0820e-03 [ 5.9715e-07 2.7067e-04 1.5431e-03 2.8122e-03 4.5537e-04 ] 9.9492e-01
 2.085e+01 3.3429e-03 3.3429e-03 [ 3.6278e-07 1.6926e-04 9.7104e-04 1.8420e-03 3.6026e-04 ] 9.9666e-01
 2.097e+01 2.2181e-03 2.2181e-03 [ 2.2024e-07 1.0579e-04 6.1074e-04 1.2161e-03 2.8530e-04 ] 9.9778e-01
 2.108e+01 1.4867e-03 1.4867e-03 [ 1.3364e-07 6.6092e-05 3.8399e-04 8.1038e-04 2.2610e-04 ] 9.9851e-01
 2.119e+01 1.0078e-03 1.0078e-03 [ 8.1053e-08 4.1281e-05 2.4137e-04 5.4584e-04 1.7926e-04 ] 9.9899e-01
 2.131e+01 6.9175e-04 6.9175e-04 [ 4.9142e-08 2.5780e-05 1.5170e-04 3.7205e-04 1.4218e-04 ] 9.9931e-01
 2.142e+01 4.8110e-04 4.8110e-04 [ 2.9786e-08 1.6097e-05 9.5328e-05 2.5686e-04 1.1278e-04 ] 9.9952e-01
 2.153e+01 3.3918e-04 3.3918e-04 [ 1.8048e-08 1.0050e-05 5.9901e-05 1.7973e-04 8.9481e-05 ] 9.9966e-01
 2.165e+01 2.4242e-04 2.4242e-04 [ 1.0933e-08 6.2744e-06 3.7637e-05 1.2750e-04 7.0999e-05 ] 9.9976e-01
 2.176e+01 1.7559e-04 1.7559e-04 [ 6.6216e-09 3.9168e-06 2.3647e-05 9.1681e-05 5.6337e-05 ] 9.9982e-01
 2.187e+01 1.2881e-04 1.2881e-04 [ 4.0093e-09 2.4450e-06 1.4857e-05 6.6795e-05 4.4705e-05 ] 9.9987e-01
 2.199e+01 9.5604e-05 9.5604e-05 [ 2.4270e-09 1.5261e-06 9.3340e-06 4.9267e-05 3.5475e-05 ] 9.9990e-01
 2.210e+01 7.1719e-05 7.1719e-05 [ 1.4688e-09 9.5254e-07 5.8640e-06 3.6750e-05 2.8151e-05 ] 9.9993e-01
 2.221e+01 5.4310e-05 5.4310e-05 [ 8.8871e-10 5.9451e-07 3.6839e-06 2.7691e-05 2.2340e-05 ] 9.9995e-01
 2.233e+01 4.1465e-05 4.1465e-05 [ 5.3760e-10 3.7103e-07 2.3143e-06 2.1051e-05 1.7728e-05 ] 9.9996e-01
 2.244e+01 3.1879e-05 3.1879e-05 [ 3.2513e-10 2.3155e-07 1.4538e-06 1.6126e-05 1.4068e-05 ] 9.9997e-01
 2.255e+01 2.4655e-05 2.4655e-05 [ 1.9659e-10 1.4450e-07 9.1327e-07 1.2433e-05 1.1164e-05 ] 9.9998e-01
 2.267e+01 1.9162e-05 1.9162e-05 [ 1.1884e-10 9.0173e-08 5.7370e-07 9.6384e-06 8.8592e-06 ] 9.9998e-01
 2.278e+01 1.4953e-05 1.4953e-05 [ 7.1819e-11 5.6268e-08 3.6038e-07 7.5055e-06 7.0303e-06 ] 9.9999e-01
 2.289e+01 1.1707e-05 1.1707e-05 [ 4.3394e-11 3.5110e-08 2.2638e-07 5.8663e-06 5.5790e-06 ] 9.9999e-01
 2.301e+01 9.1903e-06 9.1903e-06 [ 2.6213e-11 2.1907e-08 1.4220e-07 4.5989e-06 4.4272e-06 ] 9.9999e-01
 2.312e+01 7.2304e-06 7.2304e-06 [ 1.5831e-11 1.3669e-08 8.9320e-08 3.6141e-06 3.5132e-06 ] 9.9999e-01
 2.323e+01 5.6984e-06 5.6984e-06 [ 9.5587e-12 8.5280e-09 5.6105e-08 2.8458e-06 2.7880e-06 ] 9.9999e-01
 2.335e+01 4.4973e-06 4.4973e-06 [ 5.7701e-12 5.3205e-09 3.5241e-08 2.2444e-06 2.2124e-06 ] 1.0000e+00
 2.346e+01 3.5534e-06 3.5534e-06 [ 3.4822e-12 3.3193e-09 2.2135e-08 1.7723e-06 1.7556e-06 ] 1.0000e+00
 2.357e+01 2.8100e-06 2.8100e-06 [ 2.1010e-12 2.0707e-09 1.3903e-08 1.4009e-06 1.3932e-06 ] 1.0000e+00
 2.369e+01 2.2238e-06 2.2238e-06 [ 1.2674e-12 1.2917e-09 8.7325e-09 1.1082e-06 1.1056e-06 ] 1.0000e+00
 2.380e+01 1.7608e-06 1.7608e-06 [ 7.6430e-13 8.0576e-10 5.4847e-09 8.7725e-07 8.7730e-07 ] 1.0000e+00
 2.391e+01 1.3949e-06 1.3949e-06 [ 4.6081e-13 5.0261e-10 3.4448e-09 6.9477e-07 6.9618e-07 ] 1.0000e+00
 2.403e+01 1.1054e-06 1.1054e-06 [ 2.7776e-13 3.1350e-10 2.1636e-09 5.5047e-07 5.5245e-07 ] 1.0000e+00
 2.414e+01 8.7622e-07 8.7622e-07 [ 1.6738e-13 1.9554e-10 1.3589e-09 4.3627e-07 4.3839e-07 ] 1.0000e+00
 2.425e+01 6.9471e-07 6.9471e-07 [ 1.0084e-13 1.2195e-10 8.5342e-10 3.4586e-07 3.4788e-07 ] 1.0000e+00
 2.437e+01 5.5090e-07 5.5090e-07 [ 6.0739e-14 7.6059e-11 5.3598e-10 2.7423e-07 2.7605e-07 ] 1.0000e+00
 2.448e+01 4.3692e-07 4.3692e-07 [ 3.6575e-14 4.7434e-11 3.3661e-10 2.1748e-07 2.1906e-07 ] 1.0000e+00
 2.459e+01 3.4655e-07 3.4655e-07 [ 2.2019e-14 2.9581e-11 2.1140e-10 1.7249e-07 1.7383e-07 ] 1.0000e+00
 2.471e+01 2.7491e-07 2.7491e-07 [ 1.3252e-14 1.8447e-11 1.3276e-10 1.3682e-07 1.3794e-07 ] 1.0000e+00
 2.482e+01 2.1808e-07 2.1808e-07 [ 7.9738e-15 1.1503e-11 8.3375e-11 1.0853e-07 1.0946e-07 ] 1.0000e+00
 2.493e+01 1.7302e-07 1.7302e-07 [ 4.7967e-15 7.1726e-12 5.2359e-11 8.6101e-08 8.6856e-08 ] 1.0000e+00
 2.505e+01 1.3727e-07 1.3727e-07 [ 2.8847e-15 4.4723e-12 3.2880e-11 6.8308e-08 6.8922e-08 ] 1.0000e+00
 2.516e+01 1.0891e-07 1.0891e-07 [ 1.7344e-15 2.7885e-12 2.0648e-11 5.4194e-08 5.4691e-08 ] 1.0000e+00
 2.527e+01 8.6411e-08 8.6411e-08 [ 1.0425e-15 1.7385e-12 1.2966e-11 4.2998e-08 4.3399e-08 ] 1.0000e+00
 2.539e+01 6.8562e-08 6.8562e-08 [ 6.2646e-16 1.0839e-12 8.1423e-12 3.4115e-08 3.4437e-08 ] 1.0000e+00
 2.550e+01 5.4400e-08 5.4400e-08 [ 3.7635e-16 6.7573e-13 5.1129e-12 2.7068e-08 2.7327e-08 ] 1.0000e+00
 2.561e+01 4.3164e-08 4.3164e-08 [ 2.2604e-16 4.2125e-13 3.2106e-12 2.1477e-08 2.1684e-08 ] 1.0000e+00
 2.573e+01 3.4249e-08 3.4249e-08 [ 1.3572e-16 2.6259e-13 2.0160e-12 1.7041e-08 1.7206e-08 ] 1.0000e+00
 2.584e+01 2.7176e-08 2.7176e-08 [ 8.1472e-17 1.6369e-13 1.2659e-12 1.3521e-08 1.3653e-08 ] 1.0000e+00
 2.595e+01 2.1563e-08 2.1563e-08 [ 4.8893e-17 1.0203e-13 7.9486e-13 1.0728e-08 1.0834e-08 ] 1.0000e+00
 2.607e+01 1.7110e-08 1.7110e-08 [ 2.9333e-17 6.3595e-14 4.9909e-13 8.5125e-09 8.5969e-09 ] 1.0000e+00
 2.618e+01 1.3576e-08 1.3576e-08 [ 1.7594e-17 3.9637e-14 3.1337e-13 6.7544e-09 6.8216e-09 ] 1.0000e+00
 2.629e+01 1.0773e-08 1.0773e-08 [ 1.0550e-17 2.4704e-14 1.9676e-13 5.3593e-09 5.4130e-09 ] 1.0000e+00
 2.641e+01 8.5477e-09 8.5477e-09 [ 6.3241e-18 1.5396e-14 1.2354e-13 4.2524e-09 4.2952e-09 ] 1.0000e+00
 2.652e+01 6.7824e-09 6.7824e-09 [ 3.7900e-18 9.5946e-15 7.7566e-14 3.3741e-09 3.4082e-09 ] 1.0000e+00
 2.663e+01 5.3817e-09 5.3817e-09 [ 2.2707e-18 5.9791e-15 4.8700e-14 2.6772e-09 2.7044e-09 ] 1.0000e+00
 2.675e+01 4.2702e-09 4.2702e-09 [ 1.3600e-18 3.7258e-15 3.0576e-14 2.1243e-09 2.1459e-09 ] 1.0000e+00
 2.686e+01 3.3883e-09 3.3883e-09 [ 8.1437e-19 2.3216e-15 1.9196e-14 1.6855e-09 1.7027e-09 ] 1.0000e+00
 2.697e+01 2.6885e-09 2.6885e-09 [ 4.8749e-19 1.4466e-15 1.2052e-14 1.3374e-09 1.3511e-09 ] 1.0000e+00
 2.709e+01 2.1333e-09 2.1333e-09 [ 2.9174e-19 9.0130e-16 7.5663e-15 1.0612e-09 1.0721e-09 ] 1.0000e+00
 2.720e+01 1.6927e-09 1.6927e-09 [ 1.7454e-19 5.6154e-16 4.7501e-15 8.4198e-10 8.5068e-10 ] 1.0000e+00
 2.731e+01 1.3431e-09 1.3431e-09 [ 1.0439e-19 3.4985e-16 2.9821e-15 6.6807e-10 6.7499e-10 ] 1.0000e+00
 2.743e+01 1.0657e-09 1.0657e-09 [ 6.2418e-20 2.1795e-16 1.8721e-15 5.3008e-10 5.3559e-10 ] 1.0000e+00
 2.754e+01 8.4557e-10 8.4557e-10 [ 3.7311e-20 1.3577e-16 1.1752e-15 4.2059e-10 4.2498e-10 ] 1.0000e+00
 2.765e+01 6.7093e-10 6.7093e-10 [ 2.2296e-20 8.4576e-17 7.3777e-16 3.3372e-10 3.3721e-10 ] 1.0000e+00
 2.777e+01 5.3235e-10 5.3235e-10 [ 1.3320e-20 5.2683e-17 4.6314e-16 2.6479e-10 2.6757e-10 ] 1.0000e+00
 2.788e+01 4.2240e-10 4.2240e-10 [ 7.9547e-21 3.2815e-17 2.9073e-16 2.1009e-10 2.1231e-10 ] 1.0000e+00
 2.799e+01 3.3515e-10 3.3515e-10 [ 4.7493e-21 2.0438e-17 1.8250e-16 1.6669e-10 1.6846e-10 ] 1.0000e+00
 2.811e+01 2.6593e-10 2.6593e-10 [ 2.8347e-21 1.2729e-17 1.1456e-16 1.3226e-10 1.3366e-10 ] 1.0000e+00
 2.822e+01 2.1100e-10 2.1100e-10 [ 1.6914e-21 7.9277e-18 7.1910e-17 1.0494e-10 1.0606e-10 ] 1.0000e+00
 2.833e+01 1.6742e-10 1.6742e-10 [ 1.0089e-21 4.9371e-18 4.5138e-17 8.3263e-11 8.4153e-11 ] 1.0000e+00
 2.845e+01 1.3283e-10 1.3283e-10 [ 6.0166e-22 3.0745e-18 2.8333e-17 6.6063e-11 6.6772e-11 ] 1.0000e+00
 2.856e+01 1.0540e-10 1.0540e-10 [ 3.5867e-22 1.9145e-18 1.7784e-17 5.2416e-11 5.2980e-11 ] 1.0000e+00
 2.867e+01 8.3626e-11 8.3626e-11 [ 2.1376e-22 1.1921e-18 1.1162e-17 4.1588e-11 4.2037e-11 ] 1.0000e+00
 2.879e+01 6.6352e-11 6.6352e-11 [ 1.2735e-22 7.4227e-19 7.0061e-18 3.2997e-11 3.3354e-11 ] 1.0000e+00
 2.890e+01 5.2646e-11 5.2646e-11 [ 7.5848e-23 4.6216e-19 4.3974e-18 2.6181e-11 2.6465e-11 ] 1.0000e+00
 2.901e+01 4.1771e-11 4.1771e-11 [ 4.5160e-23 2.8773e-19 2.7600e-18 2.0772e-11 2.0999e-11 ] 1.0000e+00
 2.913e+01 3.3142e-11 3.3142e-11 [ 2.6880e-23 1.7913e-19 1.7322e-18 1.6481e-11 1.6661e-11 ] 1.0000e+00
 2.924e+01 2.6296e-11 2.6296e-11 [ 1.5994e-23 1.1152e-19 1.0872e-18 1.3076e-11 1.3220e-11 ] 1.0000e+00
 2.935e+01 2.0864e-11 2.0864e-11 [ 9.5141e-24 6.9420e-20 6.8232e-19 1.0375e-11 1.0489e-11 ] 1.0000e+00
 2.947e+01 1.6554e-11 1.6554e-11 [ 5.6576e-24 4.3212e-20 4.2822e-19 8.2314e-12 8.3224e-12 ] 1.0000e+00
 2.958e+01 1.3134e-11 1.3134e-11 [ 3.3632e-24 2.6897e-20 2.6874e-19 6.5308e-12 6.6032e-12 ] 1.0000e+00
 2.969e+01 1.0421e-11 1.0421e-11 [ 1.9987e-24 1.6741e-20 1.6866e-19 5.1816e-12 5.2392e-12 ] 1.0000e+00
 2.981e+01 8.2680e-12 8.2680e-12 [ 1.1874e-24 1.0420e-20 1.0584e-19 4.1111e-12 4.1569e-12 ] 1.0000e+00
 2.992e+01 6.5599e-12 6.5599e-12 [ 7.0516e-25 6.4847e-21 6.6422e-20 3.2617e-12 3.2982e-12 ] 1.0000e+00
 3.003e+01 5.2047e-12 5.2047e-12 [ 4.1865e-25 4.0356e-21 4.1682e-20 2.5878e-12 2.6169e-12 ] 1.0000e+00
 3.015e+01 4.1295e-12 4.1295e-12 [ 2.4847e-25 2.5114e-21 2.6157e-20 2.0532e-12 2.0763e-12 ] 1.0000e+00
 3.026e+01 3.2763e-12 3.2763e-12 [ 1.4742e-25 1.5627e-21 1.6414e-20 1.6290e-12 1.6474e-12 ] 1.0000e+00
 3.037e+01 2.5994e-12 2.5994e-12 [ 8.7433e-26 9.7240e-22 1.0300e-20 1.2924e-12 1.3071e-12 ] 1.0000e+00
 3.049e+01 2.0624e-12 2.0624e-12 [ 5.1840e-26 6.0503e-22 6.4632e-21 1.0254e-12 1.0370e-12 ] 1.0000e+00
 3.060e+01 1.6363e-12 1.6363e-12 [ 3.0726e-26 3.7644e-22 4.0556e-21 8.1350e-13 8.2280e-13 ] 1.0000e+00
 3.071e+01 1.2982e-12 1.2982e-12 [ 1.8206e-26 2.3420e-22 2.5448e-21 6.4542e-13 6.5282e-13 ] 1.0000e+00
 3.083e+01 1.0300e-12 1.0300e-12 [ 1.0783e-26 1.4570e-22 1.5968e-21 5.1206e-13 5.1795e-13 ] 1.0000e+00
 3.094e+01 8.1720e-13 8.1720e-13 [ 6.3850e-27 9.0637e-23 1.0019e-21 4.0625e-13 4.1094e-13 ] 1.0000e+00
 3.105e+01 6.4835e-13 6.4835e-13 [ 3.7793e-27 5.6381e-23 6.2863e-22 3.2231e-13 3.2604e-13 ] 1.0000e+00
 3.117e+01 5.1439e-13 5.1439e-13 [ 2.2363e-27 3.5070e-23 3.9443e-22 2.5571e-13 2.5868e-13 ] 1.0000e+00
 3.128e+01 4.0811e-13 4.0811e-13 [ 1.3228e-27 2.1814e-23 2.4747e-22 2.0287e-13 2.0524e-13 ] 1.0000e+00
 3.139e+01 3.2379e-13 3.2379e-13 [ 7.8216e-28 1.3567e-23 1.5527e-22 1.6095e-13 1.6284e-13 ] 1.0000e+00
 3.151e+01 2.5689e-13 2.5689e-13 [ 4.6233e-28 8.4378e-24 9.7414e-23 1.2769e-13 1.2919e-13 ] 1.0000e+00
 3.162e+01 2.0381e-13 2.0381e-13 [ 2.7319e-28 5.2474e-24 6.1116e-23 1.0131e-13 1.0250e-13 ] 1.0000e+00
 3.173e+01 1.6169e-13 1.6169e-13 [ 1.6137e-28 3.2632e-24 3.8343e-23 8.0372e-14 8.1322e-14 ] 1.0000e+00
 3.185e+01 1.2828e-13 1.2828e-13 [ 9.5285e-29 2.0292e-24 2.4055e-23 6.3763e-14 6.4520e-14 ] 1.0000e+00
 3.196e+01 1.0178e-13 1.0178e-13 [ 5.6244e-29 1.2617e-24 1.5091e-23 5.0587e-14 5.1189e-14 ] 1.0000e+00
 3.207e+01 8.0745e-14 8.0745e-14 [ 3.3187e-29 7.8450e-25 9.4672e-24 4.0133e-14 4.0612e-14 ] 1.0000e+00
 3.219e+01 6.4060e-14 6.4060e-14 [ 1.9576e-29 4.8775e-25 5.9391e-24 3.1839e-14 3.2221e-14 ] 1.0000e+00
 3.230e+01 5.0822e-14 5.0822e-14 [ 1.1543e-29 3.0324e-25 3.7257e-24 2.5259e-14 2.5563e-14 ] 1.0000e+00
 3.241e+01 4.0320e-14 4.0320e-14 [ 6.8036e-30 1.8851e-25 2.3372e-24 2.0039e-14 2.0281e-14 ] 1.0000e+00
 3.253e+01 3.1988e-14 3.1988e-14 [ 4.0088e-30 1.1719e-25 1.4661e-24 1.5898e-14 1.6090e-14 ] 1.0000e+00
 3.264e+01 2.5378e-14 2.5378e-14 [ 2.3612e-30 7.2843e-26 9.1967e-25 1.2612e-14 1.2766e-14 ] 1.0000e+00
 3.275e+01 2.0133e-14 2.0133e-14 [ 1.3903e-30 4.5277e-26 5.7689e-25 1.0006e-14 1.0128e-14 ] 1.0000e+00
 3.287e+01 1.5973e-14 1.5973e-14 [ 8.1828e-31 2.8141e-26 3.6186e-25 7.9378e-15 8.0350e-15 ] 1.0000e+00
 3.298e+01 1.2672e-14 1.2672e-14 [ 4.8144e-31 1.7490e-26 2.2698e-25 6.2973e-15 6.3746e-15 ] 1.0000e+00
 3.309e+01 1.0053e-14 1.0053e-14 [ 2.8316e-31 1.0869e-26 1.4237e-25 4.9958e-15 5.0573e-15 ] 1.0000e+00
 3.321e+01 7.9755e-15 7.9755e-15 [ 1.6648e-31 6.7547e-27 8.9299e-26 3.9632e-15 4.0122e-15 ] 1.0000e+00
 3.332e+01 6.3272e-15 6.3272e-15 [ 9.7841e-32 4.1974e-27 5.6011e-26 3.1441e-15 3.1831e-15 ] 1.0000e+00
 3.343e+01 5.0196e-15 5.0196e-15 [ 5.7481e-32 2.6081e-27 3.5131e-26 2.4943e-15 2.5253e-15 ] 1.0000e+00
 3.355e+01 3.9822e-15 3.9822e-15 [ 3.3757e-32 1.6205e-27 2.2034e-26 1.9787e-15 2.0034e-15 ] 1.0000e+00
 3.366e+01 3.1592e-15 3.1592e-15 [ 1.9817e-32 1.0068e-27 1.3820e-26 1.5697e-15 1.5894e-15 ] 1.0000e+00
 3.377e+01 2.5062e-15 2.5062e-15 [ 1.1629e-32 6.2549e-28 8.6675e-27 1.2453e-15 1.2610e-15 ] 1.0000e+00
 3.389e+01 1.9883e-15 1.9883e-15 [ 6.8219e-33 3.8857e-28 5.4361e-27 9.8789e-16 1.0004e-15 ] 1.0000e+00
 3.400e+01 1.5773e-15 1.5773e-15 [ 4.0003e-33 2.4138e-28 3.4094e-27 7.8369e-16 7.9362e-16 ] 1.0000e+00
 3.411e+01 1.2513e-15 1.2513e-15 [ 2.3448e-33 1.4993e-28 2.1382e-27 6.2170e-16 6.2960e-16 ] 1.0000e+00
 3.423e+01 9.9268e-16 9.9268e-16 [ 1.3739e-33 9.3128e-29 1.3410e-27 4.9319e-16 4.9948e-16 ] 1.0000e+00
 3.434e+01 7.8750e-16 7.8750e-16 [ 8.0473e-34 5.7840e-29 8.4106e-28 3.9125e-16 3.9625e-16 ] 1.0000e+00
 3.445e+01 6.2473e-16 6.2473e-16 [ 4.7116e-34 3.5922e-29 5.2749e-28 3.1037e-16 3.1436e-16 ] 1.0000e+00
 3.457e+01 4.9560e-16 4.9560e-16 [ 2.7575e-34 2.2308e-29 3.3083e-28 2.4621e-16 2.4938e-16 ] 1.0000e+00
 3.468e+01 3.9316e-16 3.9316e-16 [ 1.6132e-34 1.3853e-29 2.0750e-28 1.9532e-16 1.9784e-16 ] 1.0000e+00
 3.479e+01 3.1189e-16 3.1189e-16 [ 9.4344e-35 8.6018e-30 1.3014e-28 1.5494e-16 1.5695e-16 ] 1.0000e+00
 3.491e+01 2.4742e-16 2.4742e-16 [ 5.5152e-35 5.3409e-30 8.1632e-29 1.2291e-16 1.2451e-16 ] 1.0000e+00
 3.502e+01 1.9628e-16 1.9628e-16 [ 3.2228e-35 3.3160e-30 5.1207e-29 9.7502e-17 9.8775e-17 ] 1.0000e+00
 3.513e+01 1.5570e-16 1.5570e-16 [ 1.8825e-35 2.0587e-30 3.2124e-29 7.7345e-17 7.8359e-17 ] 1.0000e+00
 3.525e+01 1.2352e-16 1.2352e-16 [ 1.0992e-35 1.2780e-30 2.0155e-29 6.1356e-17 6.2163e-17 ] 1.0000e+00
 3.536e+01 9.7985e-17 9.7985e-17 [ 6.4154e-36 7.9334e-31 1.2647e-29 4.8671e-17 4.9314e-17 ] 1.0000e+00
 3.547e+01 7.7729e-17 7.7729e-17 [ 3.7429e-36 4.9244e-31 7.9374e-30 3.8609e-17 3.9120e-17 ] 1.0000e+00
 3.559e+01 6.1661e-17 6.1661e-17 [ 2.1828e-36 3.0565e-31 4.9828e-30 3.0627e-17 3.1034e-17 ] 1.0000e+00
 3.570e+01 4.8914e-17 4.8914e-17 [ 1.2725e-36 1.8970e-31 3.1290e-30 2.4295e-17 2.4619e-17 ] 1.0000e+00
 3.581e+01 3.8802e-17 3.8802e-17 [ 7.4151e-37 1.1773e-31 1.9657e-30 1.9272e-17 1.9530e-17 ] 1.0000e+00
 3.593e+01 3.0780e-17 3.0780e-17 [ 4.3192e-37 7.3060e-32 1.2355e-30 1.5288e-17 1.5493e-17 ] 1.0000e+00
 3.604e+01 2.4417e-17 2.4417e-17 [ 2.5149e-37 4.5336e-32 7.7702e-31 1.2127e-17 1.2290e-17 ] 1.0000e+00
 3.615e+01 1.9369e-17 1.9369e-17 [ 1.4637e-37 2.8131e-32 4.8907e-31 9.6195e-18 9.7496e-18 ] 1.0000e+00
 3.627e+01 1.5365e-17 1.5365e-17 [ 8.5154e-38 1.7454e-32 3.0815e-31 7.6306e-18 7.7341e-18 ] 1.0000e+00
 3.638e+01 1.2188e-17 1.2188e-17 [ 4.9520e-38 1.0829e-32 1.9440e-31 6.0528e-18 6.1353e-18 ] 1.0000e+00
 3.649e+01 9.6683e-18 9.6683e-18 [ 2.8786e-38 6.7178e-33 1.2283e-31 4.8013e-18 4.8669e-18 ] 1.0000e+00
 3.661e+01 7.6693e-18 7.6693e-18 [ 1.6726e-38 4.1673e-33 7.7765e-32 3.8086e-18 3.8608e-18 ] 1.0000e+00
 3.672e+01 6.0837e-18 6.0837e-18 [ 9.7150e-39 2.5850e-33 4.9353e-32 3.0211e-18 3.0626e-18 ] 1.0000e+00
 3.683e+01 4.8258e-18 4.8258e-18 [ 5.6403e-39 1.6034e-33 3.1417e-32 2.3964e-18 2.4295e-18 ] 1.0000e+00
 3.695e+01 3.8280e-18 3.8280e-18 [ 3.2733e-39 9.9444e-34 2.0073e-32 1.9009e-18 1.9272e-18 ] 1.0000e+00
 3.706e+01 3.0365e-18 3.0365e-18 [ 1.8988e-39 6.1673e-34 1.2882e-32 1.5078e-18 1.5288e-18 ] 1.0000e+00
 3.717e+01 2.4087e-18 2.4087e-18 [ 1.1010e-39 3.8246e-34 8.3124e-33 1.1960e-18 1.2127e-18 ] 1.0000e+00
 3.729e+01 1.9107e-18 1.9107e-18 [ 6.3817e-40 2.3716e-34 5.3983e-33 9.4868e-19 9.6197e-19 ] 1.0000e+00
 3.740e+01 1.5156e-18 1.5156e-18 [ 3.6973e-40 1.4705e-34 3.5324e-33 7.5250e-19 7.6308e-19 ] 1.0000e+00
 3.751e+01 1.2022e-18 1.2022e-18 [ 2.1412e-40 9.1176e-35 2.3317e-33 5.9689e-19 6.0531e-19 ] 1.0000e+00
 3.763e+01 9.5361e-19 9.5361e-19 [ 1.2395e-40 5.6527e-35 1.5546e-33 4.7345e-19 4.8015e-19 ] 1.0000e+00
 3.774e+01 7.5642e-19 7.5642e-19 [ 7.1719e-41 3.5043e-35 1.0480e-33 3.7554e-19 3.8088e-19 ] 1.0000e+00
 3.785e+01 6.0000e-19 6.0000e-19 [ 4.1481e-41 2.1723e-35 7.1513e-34 2.9788e-19 3.0212e-19 ] 1.0000e+00
 3.797e+01 4.7593e-19 4.7593e-19 [ 2.3981e-41 1.3465e-35 4.9430e-34 2.3628e-19 2.3965e-19 ] 1.0000e+00
 3.808e+01 3.7751e-19 3.7751e-19 [ 1.3858e-41 8.3459e-36 3.4626e-34 1.8741e-19 1.9010e-19 ] 1.0000e+00
 3.819e+01 2.9944e-19 2.9944e-19 [ 8.0051e-42 5.1725e-36 2.4585e-34 1.4865e-19 1.5079e-19 ] 1.0000e+00
 3.831e+01 2.3752e-19 2.3752e-19 [ 4.6220e-42 3.2056e-36 1.7688e-34 1.1791e-19 1.1961e-19 ] 1.0000e+00
 3.842e+01 1.8840e-19 1.8840e-19 [ 2.6675e-42 1.9864e-36 1.2889e-34 9.3522e-20 9.4878e-20 ] 1.0000e+00
 3.853e+01 1.4944e-19 1.4944e-19 [ 1.5388e-42 1.2309e-36 9.5041e-35 7.4179e-20 7.5259e-20 ] 1.0000e+00
 3.865e+01 1.1853e-19 1.1853e-19 [ 8.8735e-43 7.6265e-37 7.0840e-35 5.8837e-20 5.9696e-20 ] 1.0000e+00
 3.876e+01 9.4019e-20 9.4019e-20 [ 5.1145e-43 4.7251e-37 5.3312e-35 4.6668e-20 4.7351e-20 ] 1.0000e+00
 3.887e+01 7.4575e-20 7.4575e-20 [ 2.9466e-43 2.9273e-37 4.0460e-35 3.7015e-20 3.7559e-20 ] 1.0000e+00
 3.899e+01 5.9151e-20 5.9151e-20 [ 1.6969e-43 1.8134e-37 3.0928e-35 2.9359e-20 2.9792e-20 ] 1.0000e+00
 3.910e+01 4.6918e-20 4.6918e-20 [ 9.7675e-44 1.1232e-37 2.3788e-35 2.3286e-20 2.3631e-20 ] 1.0000e+00
 3.921e+01 3.7214e-20 3.7214e-20 [ 5.6199e-44 6.9572e-38 1.8389e-35 1.8470e-20 1.8744e-20 ] 1.0000e+00
 3.933e+01 2.9517e-20 2.9517e-20 [ 3.2321e-44 4.3089e-38 1.4276e-35 1.4649e-20 1.4868e-20 ] 1.0000e+00
 3.944e+01 2.3412e-20 2.3412e-20 [ 1.8580e-44 2.6685e-38 1.1121e-35 1.1619e-20 1.1793e-20 ] 1.0000e+00
 3.955e+01 1.8570e-20 1.8570e-20 [ 1.0676e-44 1.6524e-38 8.6876e-36 9.2156e-21 9.3540e-21 ] 1.0000e+00
 3.967e+01 1.4729e-20 1.4729e-20 [ 6.1316e-45 1.0232e-38 6.8020e-36 7.3093e-21 7.4194e-21 ] 1.0000e+00
 3.978e+01 1.1682e-20 1.1682e-20 [ 3.5201e-45 6.3353e-39 5.3352e-36 5.7973e-21 5.8849e-21 ] 1.0000e+00
 3.989e+01 9.2658e-21 9.2658e-21 [ 2.0199e-45 3.9223e-39 4.1907e-36 4.5980e-21 4.6678e-21 ] 1.0000e+00
 4.001e+01 7.3492e-21 7.3492e-21 [ 1.1586e-45 2.4282e-39 3.2953e-36 3.6468e-21 3.7023e-21 ] 1.0000e+00
 4.012e+01 5.8290e-21 5.8290e-21 [ 6.6421e-46 1.5031e-39 2.5936e-36 2.8924e-21 2.9366e-21 ] 1.0000e+00
 4.023e+01 4.6232e-21 4.6232e-21 [ 3.8063e-46 9.3040e-40 2.0426e-36 2.2940e-21 2.3292e-21 ] 1.0000e+00
 4.035e+01 3.6669e-21 3.6669e-21 [ 2.1802e-46 5.7586e-40 1.6095e-36 1.8194e-21 1.8474e-21 ] 1.0000e+00
 4.046e+01 2.9083e-21 2.9083e-21 [ 1.2482e-46 3.5639e-40 1.2687e-36 1.4430e-21 1.4653e-21 ] 1.0000e+00
 4.057e+01 2.3067e-21 2.3067e-21 [ 7.1432e-47 2.2055e-40 1.0004e-36 1.1445e-21 1.1622e-21 ] 1.0000e+00
 4.069e+01 1.8295e-21 1.8295e-21 [ 4.0860e-47 1.3648e-40 7.8891e-37 9.0770e-22 9.2181e-22 ] 1.0000e+00
 4.080e+01 1.4510e-21 1.4510e-21 [ 2.3361e-47 8.4444e-41 6.2222e-37 7.1990e-22 7.3114e-22 ] 1.0000e+00
 4.091e+01 1.1509e-21 1.1509e-21 [ 1.3351e-47 5.2246e-41 4.9078e-37 5.7095e-22 5.7990e-22 ] 1.0000e+00
 4.103e+01 9.1276e-22 9.1276e-22 [ 7.6261e-48 3.2322e-41 3.8710e-37 4.5282e-22 4.5994e-22 ] 1.0000e+00
 4.114e+01 7.2393e-22 7.2393e-22 [ 4.3542e-48 1.9995e-41 3.0532e-37 3.5913e-22 3.6480e-22 ] 1.0000e+00
 4.125e+01 5.7416e-22 5.7416e-22 [ 2.4849e-48 1.2368e-41 2.4080e-37 2.8482e-22 2.8933e-22 ] 1.0000e+00
 4.137e+01 4.5537e-22 4.5537e-22 [ 1.4175e-48 7.6498e-42 1.8990e-37 2.2589e-22 2.2948e-22 ] 1.0000e+00
 4.148e+01 3.6116e-22 3.6116e-22 [ 8.0818e-49 4.7311e-42 1.4974e-37 1.7915e-22 1.8201e-22 ] 1.0000e+00
 4.159e+01 2.8643e-22 2.8643e-22 [ 4.6058e-49 2.9258e-42 1.1806e-37 1.4208e-22 1.4435e-22 ] 1.0000e+00
 4.171e+01 2.2717e-22 2.2717e-22 [ 2.6236e-49 1.8092e-42 9.3061e-38 1.1268e-22 1.1449e-22 ] 1.0000e+00
 4.182e+01 1.8017e-22 1.8017e-22 [ 1.4938e-49 1.1187e-42 7.3346e-38 8.9364e-23 9.0803e-23 ] 1.0000e+00
 4.193e+01 1.4289e-22 1.4289e-22 [ 8.5010e-50 6.9165e-43 5.7796e-38 7.0871e-23 7.2017e-23 ] 1.0000e+00
 4.205e+01 1.1332e-22 1.1332e-22 [ 4.8356e-50 4.2759e-43 4.5534e-38 5.6206e-23 5.7118e-23 ] 1.0000e+00
 4.216e+01 8.9875e-23 8.9875e-23 [ 2.7494e-50 2.6432e-43 3.5866e-38 4.4574e-23 4.5300e-23 ] 1.0000e+00
 4.227e+01 7.1278e-23 7.1278e-23 [ 1.5624e-50 1.6338e-43 2.8244e-38 3.5350e-23 3.5928e-23 ] 1.0000e+00
 4.239e+01 5.6529e-23 5.6529e-23 [ 8.8750e-51 1.0098e-43 2.2236e-38 2.8035e-23 2.8494e-23 ] 1.0000e+00
 4.250e+01 4.4831e-23 4.4831e-23 [ 5.0389e-51 6.2410e-44 1.7502e-38 2.2233e-23 2.2599e-23 ] 1.0000e+00
 4.261e+01 3.5554e-23 3.5554e-23 [ 2.8595e-51 3.8568e-44 1.3772e-38 1.7632e-23 1.7923e-23 ] 1.0000e+00
 4.273e+01 2.8197e-23 2.8197e-23 [ 1.6219e-51 2.3832e-44 1.0834e-38 1.3983e-23 1.4214e-23 ] 1.0000e+00
 4.284e+01 2.2362e-23 2.2362e-23 [ 9.1955e-52 1.4725e-44 8.5198e-39 1.1089e-23 1.1273e-23 ] 1.0000e+00
 4.295e+01 1.7734e-23 1.7734e-23 [ 5.2109e-52 9.0973e-45 6.6981e-39 8.7937e-24 8.9405e-24 ] 1.0000e+00
 4.307e+01 1.4064e-23 1.4064e-23 [ 2.9515e-52 5.6200e-45 5.2642e-39 6.9737e-24 7.0905e-24 ] 1.0000e+00
 4.318e+01 1.1154e-23 1.1154e-23 [ 1.6709e-52 3.4716e-45 4.1359e-39 5.5303e-24 5.6233e-24 ] 1.0000e+00
 4.329e+01 8.8453e-24 8.8453e-24 [ 9.4550e-53 2.1443e-45 3.2482e-39 4.3857e-24 4.4597e-24 ] 1.0000e+00
 4.341e+01 7.0147e-24 7.0147e-24 [ 5.3476e-53 1.3243e-45 2.5502e-39 3.4779e-24 3.5368e-24 ] 1.0000e+00
 4.352e+01 5.5629e-24 5.5629e-24 [ 3.0231e-53 8.1785e-46 2.0013e-39 2.7580e-24 2.8049e-24 ] 1.0000e+00
 4.363e+01 4.4116e-24 4.4116e-24 [ 1.7082e-53 5.0503e-46 1.5700e-39 2.1871e-24 2.2244e-24 ] 1.0000e+00
 4.375e+01 3.4985e-24 3.4985e-24 [ 9.6472e-54 3.1183e-46 1.2311e-39 1.7344e-24 1.7641e-24 ] 1.0000e+00
 4.386e+01 2.7744e-24 2.7744e-24 [ 5.4458e-54 1.9253e-46 9.6497e-40 1.3754e-24 1.3990e-24 ] 1.0000e+00
 4.397e+01 2.2002e-24 2.2002e-24 [ 3.0726e-54 1.1886e-46 7.5601e-40 1.0907e-24 1.1095e-24 ] 1.0000e+00
 4.409e+01 1.7448e-24 1.7448e-24 [ 1.7328e-54 7.3369e-47 5.9202e-40 8.6490e-25 8.7987e-25 ] 1.0000e+00
 4.420e+01 1.3836e-24 1.3836e-24 [ 9.7673e-55 4.5286e-47 4.6338e-40 6.8585e-25 6.9777e-25 ] 1.0000e+00
 4.431e+01 1.0972e-24 1.0972e-24 [ 5.5028e-55 2.7950e-47 3.6250e-40 5.4387e-25 5.5336e-25 ] 1.0000e+00
 4.443e+01 8.7011e-25 8.7011e-25 [ 3.0988e-55 1.7249e-47 2.8344e-40 4.3128e-25 4.3883e-25 ] 1.0000e+00
 4.454e+01 6.8999e-25 6.8999e-25 [ 1.7441e-55 1.0644e-47 2.2149e-40 3.4199e-25 3.4800e-25 ] 1.0000e+00
 4.465e+01 5.4716e-25 5.4716e-25 [ 9.8118e-56 6.5675e-48 1.7299e-40 2.7119e-25 2.7597e-25 ] 1.0000e+00
 4.477e+01 4.3389e-25 4.3389e-25 [ 5.5171e-56 4.0520e-48 1.3502e-40 2.1504e-25 2.1885e-25 ] 1.0000e+00
 4.488e+01 3.4407e-25 3.4407e-25 [ 3.1007e-56 2.4997e-48 1.0532e-40 1.7052e-25 1.7355e-25 ] 1.0000e+00
 4.499e+01 2.7284e-25 2.7284e-25 [ 1.7418e-56 1.5420e-48 8.2101e-41 1.3521e-25 1.3763e-25 ] 1.0000e+00
 4.511e+01 2.1636e-25 2.1636e-25 [ 9.7793e-57 9.5108e-49 6.3956e-41 1.0721e-25 1.0914e-25 ] 1.0000e+00
 4.522e+01 1.7156e-25 1.7156e-25 [ 5.4880e-57 5.8657e-49 4.9785e-41 8.5013e-26 8.6549e-26 ] 1.0000e+00
 4.533e+01 1.3604e-25 1.3604e-25 [ 3.0782e-57 3.6173e-49 3.8725e-41 6.7409e-26 6.8633e-26 ] 1.0000e+00
 4.545e+01 1.0787e-25 1.0787e-25 [ 1.7257e-57 2.2306e-49 3.0099e-41 5.3449e-26 5.4426e-26 ] 1.0000e+00
 4.556e+01 8.5539e-26 8.5539e-26 [ 9.6700e-58 1.3753e-49 2.3374e-41 4.2379e-26 4.3159e-26 ] 1.0000e+00
 4.567e+01 6.7826e-26 6.7826e-26 [ 5.4159e-58 8.4790e-50 1.8137e-41 3.3602e-26 3.4225e-26 ] 1.0000e+00
 4.579e+01 5.3781e-26 5.3781e-26 [ 3.0317e-58 5.2270e-50 1.4060e-41 2.6641e-26 2.7140e-26 ] 1.0000e+00
 4.590e+01 4.2643e-26 4.2643e-26 [ 1.6963e-58 3.2219e-50 1.0889e-41 2.1122e-26 2.1521e-26 ] 1.0000e+00
 4.601e+01 3.3812e-26 3.3812e-26 [ 9.4861e-59 1.9858e-50 8.4252e-42 1.6746e-26 1.7066e-26 ] 1.0000e+00
 4.613e+01 2.6808e-26 2.6808e-26 [ 5.3022e-59 1.2238e-50 6.5118e-42 1.3276e-26 1.3533e-26 ] 1.0000e+00
 4.624e+01 2.1255e-26 2.1255e-26 [ 2.9622e-59 7.5416e-51 5.0274e-42 1.0524e-26 1.0731e-26 ] 1.0000e+00
 4.635e+01 1.6851e-26 1.6851e-26 [ 1.6541e-59 4.6469e-51 3.8768e-42 8.3422e-27 8.5091e-27 ] 1.0000e+00
 4.647e+01 1.3360e-26 1.3360e-26 [ 9.2314e-60 2.8630e-51 2.9858e-42 6.6121e-27 6.7474e-27 ] 1.0000e+00
 4.658e+01 1.0591e-26 1.0591e-26 [ 5.1495e-60 1.7637e-51 2.2965e-42 5.2403e-27 5.3504e-27 ] 1.0000e+00
 4.669e+01 8.3951e-27 8.3951e-27 [ 2.8711e-60 1.0864e-51 1.7639e-42 4.1526e-27 4.2426e-27 ] 1.0000e+00
 4.681e+01 6.6542e-27 6.6542e-27 [ 1.5999e-60 6.6917e-52 1.3528e-42 3.2901e-27 3.3641e-27 ] 1.0000e+00
 4.692e+01 5.2738e-27 5.2738e-27 [ 8.9114e-61 4.1212e-52 1.0359e-42 2.6062e-27 2.6675e-27 ] 1.0000e+00
 4.703e+01 4.1792e-27 4.1792e-27 [ 4.9610e-61 2.5379e-52 7.9186e-43 2.0640e-27 2.1152e-27 ] 1.0000e+00
 4.715e+01 3.3112e-27 3.3112e-27 [ 2.7604e-61 1.5627e-52 6.0421e-43 1.6341e-27 1.6772e-27 ] 1.0000e+00
 4.726e+01 2.6230e-27 2.6230e-27 [ 1.5351e-61 9.6212e-53 4.6012e-43 1.2932e-27 1.3299e-27 ] 1.0000e+00
 4.737e+01 2.0773e-27 2.0773e-27 [ 8.5329e-62 5.9229e-53 3.4964e-43 1.0229e-27 1.0545e-27 ] 1.0000e+00
 4.749e+01 1.6446e-27 1.6446e-27 [ 4.7405e-62 3.6459e-53 2.6508e-43 8.0854e-28 8.3609e-28 ] 1.0000e+00
 4.760e+01 1.3015e-27 1.3015e-27 [ 2.6323e-62 2.2439e-53 2.0047e-43 6.3860e-28 6.6292e-28 ] 1.0000e+00
 4.771e+01 1.0295e-27 1.0295e-27 [ 1.4608e-62 1.3809e-53 1.5118e-43 5.0386e-28 5.2560e-28 ] 1.0000e+00
 4.783e+01 8.1373e-28 8.1373e-28 [ 8.1029e-63 8.4966e-54 1.1367e-43 3.9702e-28 4.1671e-28 ] 1.0000e+00
 4.794e+01 6.4266e-28 6.4266e-28 [ 4.4919e-63 5.2270e-54 8.5175e-44 3.1231e-28 3.3035e-28 ] 1.0000e+00
 4.805e+01 5.0700e-28 5.0700e-28 [ 2.4886e-63 3.2149e-54 6.3582e-44 2.4515e-28 2.6185e-28 ] 1.0000e+00
 4.817e+01 3.9941e-28 3.9941e-28 [ 1.3779e-63 1.9767e-54 4.7260e-44 1.9189e-28 2.0752e-28 ] 1.0000e+00
 4.828e+01 3.1406e-28 3.1406e-28 [ 7.6232e-64 1.2148e-54 3.4957e-44 1.4967e-28 1.6440e-28 ] 1.0000e+00
 4.839e+01 2.4636e-28 2.4636e-28 [ 4.2139e-64 7.4614e-55 2.5710e-44 1.1620e-28 1.3016e-28 ] 1.0000e+00
 4.851e+01 1.9262e-28 1.9262e-28 [ 2.3268e-64 4.5782e-55 1.8783e-44 8.9670e-29 1.0295e-28 ] 1.0000e+00
 4.862e+01 1.4995e-28 1.4995e-28 [ 1.2829e-64 2.8048e-55 1.3613e-44 6.8660e-29 8.1292e-29 ] 1.0000e+00
 4.873e+01 1.1605e-28 1.1605e-28 [ 7.0591e-65 1.7141e-55 9.7690e-45 5.2036e-29 6.4012e-29 ] 1.0000e+00
 4.885e+01 8.9079e-29 8.9079e-29 [ 3.8722e-65 1.0435e-55 6.9244e-45 3.8907e-29 5.0172e-29 ] 1.0000e+00
 4.896e+01 6.7598e-29 6.7598e-29 [ 2.1140e-65 6.3126e-56 4.8300e-45 2.8571e-29 3.9028e-29 ] 1.0000e+00
 4.907e+01 5.0461e-29 5.0461e-29 [ 1.1451e-65 3.7792e-56 3.2975e-45 2.0475e-29 2.9985e-29 ] 1.0000e+00
 4.919e+01 3.6767e-29 3.6767e-29 [ 6.1217e-66 2.2237e-56 2.1849e-45 1.4187e-29 2.2580e-29 ] 1.0000e+00
 4.930e+01 2.5819e-29 2.5819e-29 [ 3.1977e-66 1.2705e-56 1.3858e-45 9.3645e-30 1.6455e-29 ] 1.0000e+00
 4.941e+01 1.7098e-29 1.7098e-29 [ 1.6007e-66 6.8938e-57 8.2159e-46 5.7441e-30 1.1353e-29 ] 1.0000e+00
 4.953e+01 1.0242e-29 1.0242e-29 [ 7.3684e-67 3.3978e-57 4.3472e-46 3.1233e-30 7.1184e-30 ] 1.0000e+00
 4.964e+01 5.0602e-30 5.0602e-30 [ 2.8218e-67 1.3712e-57 1.8478e-46 1.3543e-30 3.7059e-30 ] 1.0000e+00
 4.975e+01 1.5581e-30 1.5581e-30 [ 6.4353e-68 3.2322e-58 4.4957e-47 3.3424e-31 1.2238e-30 ] 1.0000e+00
 4.987e+01 0.0000e+00 0.0000e+00 [ 0.0000e+00 0.0000e+00 0.0000e+00 0.0000e+00 0.0000e+00 ] 1.0000e+00
