 0.000e+00 0.0000e+00 0.0000e+00 [ 0.0000e+00 0.0000e+00 0.0000e+00 0.0000e+00 0.0000e+00 ] 1.0000e+00
 1.133e-01 5.2895e-02 5.2895e-02 [ 5.2447e-02 2.2372e-04 1.0605e-04 1.0790e-04 1.0086e-05 ] 9.4710e-01
 2.267e-01 1.0213e-01 1.0213e-01 [ 1.0031e-01 9.1153e-04 4.3207e-04 4.3913e-04 3.6018e-05 ] 8.9787e-01
 3.400e-01 1.5006e-01 1.5006e-01 [ 1.4587e-01 2.1031e-03 9.9669e-04 1.0109e-03 7.2972e-05 ] 8.4994e-01
 4.533e-01 1.9893e-01 1.9893e-01 [ 1.9131e-01 3.8451e-03 1.8219e-03 1.8430e-03 1.1736e-04 ] 8.0107e-01
 5.667e-01 2.4974e-01 2.4974e-01 [ 2.3752e-01 6.1758e-03 2.9252e-03 2.9495e-03 1.6651e-04 ] 7.5026e-01
 6.800e-01 3.0251e-01 3.0251e-01 [ 2.8454e-01 9.1079e-03 4.3124e-03 4.3317e-03 2.1824e-04 ] 6.9749e-01
 7.933e-01 3.5644e-01 3.5644e-01 [ 3.3161e-01 1.2613e-02 5.9695e-03 5.9711e-03 2.7063e-04 ] 6.4356e-01
 9.067e-01 4.0999e-01 4.0999e-01 [ 3.7737e-01 1.6616e-02 7.8596e-03 7.8256e-03 3.2191e-04 ] 5.9001e-01
 1.020e+00 4.6123e-01 4.6123e-01 [ 4.2011e-01 2.0992e-02 9.9236e-03 9.8324e-03 3.7051e-04 ] 5.3877e-01
 1.133e+00 5.0823e-01 5.0823e-01 [ 4.5822e-01 2.5590e-02 1.2089e-02 1.1916e-02 4.1520e-04 ] 4.9177e-01
 1.247e+00 5.4944e-01 5.4944e-01 [ 4.9045e-01 3.0253e-02 1.4281e-02 1.4001e-02 4.5522e-04 ] 4.5056e-01
 1.360e+00 5.8405e-01 5.8405e-01 [ 5.1625e-01 3.4849e-02 1.6436e-02 1.6023e-02 4.9033e-04 ] 4.1595e-01
 1.473e+00 6.1193e-01 6.1193e-01 [ 5.3568e-01 3.9284e-02 1.8510e-02 1.7941e-02 5.2080e-04 ] 3.8807e-01
 1.587e+00 6.3358e-01 6.3358e-01 [ 5.4932e-01 4.3508e-02 2.0478e-02 1.9730e-02 5.4721e-04 ] 3.6642e-01
 1.700e+00 6.4986e-01 6.4986e-01 [ 5.5806e-01 4.7509e-02 2.2335e-02 2.1388e-02 5.7031e-04 ] 3.5014e-01
 1.813e+00 6.6175e-01 6.6175e-01 [ 5.6286e-01 5.1301e-02 2.4086e-02 2.2921e-02 5.9086e-04 ] 3.3825e-01
 1.927e+00 6.7022e-01 6.7022e-01 [ 5.6461e-01 5.4911e-02 2.5744e-02 2.4344e-02 6.0952e-04 ] 3.2978e-01
 2.040e+00 6.7608e-01 6.7608e-01 [ 5.6408e-01 5.8370e-02 2.7324e-02 2.5671e-02 6.2682e-04 ] 3.2392e-01
 2.153e+00 6.8001e-01 6.8001e-01 [ 5.6190e-01 6.1709e-02 2.8839e-02 2.6919e-02 6.4316e-04 ] 3.1999e-01
 2.267e+00 6.8255e-01 6.8255e-01 [ 5.5854e-01 6.4956e-02 3.0302e-02 2.8100e-02 6.5881e-04 ] 3.1745e-01
 2.380e+00 6.8409e-01 6.8409e-01 [ 5.5433e-01 6.8134e-02 3.1725e-02 2.9226e-02 6.7399e-04 ] 3.1591e-01
 2.493e+00 6.8492e-01 6.8492e-01 [ 5.4955e-01 7.1261e-02 3.3114e-02 3.0306e-02 6.8881e-04 ] 3.1508e-01
 2.607e+00 6.8526e-01 6.8526e-01 [ 5.4438e-01 7.4351e-02 3.4478e-02 3.1347e-02 7.0337e-04 ] 3.1474e-01
 2.720e+00 6.8525e-01 6.8525e-01 [ 5.3894e-01 7.7417e-02 3.5821e-02 3.2354e-02 7.1773e-04 ] 3.1475e-01
 2.833e+00 6.8501e-01 6.8501e-01 [ 5.3333e-01 8.0468e-02 3.7147e-02 3.3333e-02 7.3191e-04 ] 3.1499e-01
 2.947e+00 6.8461e-01 6.8461e-01 [ 5.2761e-01 8.3509e-02 3.8459e-02 3.4286e-02 7.4597e-04 ] 3.1539e-01
 3.060e+00 6.8411e-01 6.8411e-01 [ 5.2183e-01 8.6547e-02 3.9760e-02 3.5217e-02 7.5990e-04 ] 3.1589e-01
 3.173e+00 6.8355e-01 6.8355e-01 [ 5.1601e-01 8.9585e-02 4.1051e-02 3.6128e-02 7.7374e-04 ] 3.1645e-01
 3.287e+00 6.8295e-01 6.8295e-01 [ 5.1018e-01 9.2628e-02 4.2335e-02 3.7022e-02 7.8750e-04 ] 3.1705e-01
 3.400e+00 6.8234e-01 6.8234e-01 [ 5.0435e-01 9.5677e-02 4.3611e-02 3.7899e-02 8.0118e-04 ] 3.1766e-01
 3.513e+00 6.8172e-01 6.8172e-01 [ 4.9853e-01 9.8734e-02 4.4881e-02 3.8762e-02 8.1481e-04 ] 3.1828e-01
 3.627e+00 6.8111e-01 6.8111e-01 [ 4.9272e-01 1.0180e-01 4.6147e-02 3.9611e-02 8.2839e-04 ] 3.1889e-01
 3.740e+00 6.8051e-01 6.8051e-01 [ 4.8693e-01 1.0488e-01 4.7408e-02 4.0448e-02 8.4193e-04 ] 3.1949e-01
 3.853e+00 6.7992e-01 6.7992e-01 [ 4.8115e-01 1.0797e-01 4.8666e-02 4.1274e-02 8.5545e-04 ] 3.2008e-01
 3.967e+00 6.7935e-01 6.7935e-01 [ 4.7539e-01 1.1108e-01 4.9920e-02 4.2090e-02 8.6896e-04 ] 3.2065e-01
 4.080e+00 6.7880e-01 6.7880e-01 [ 4.6964e-01 1.1420e-01 5.1172e-02 4.2898e-02 8.8245e-04 ] 3.2120e-01
 4.193e+00 6.7826e-01 6.7826e-01 [ 4.6391e-01 1.1734e-01 5.2422e-02 4.3696e-02 8.9595e-04 ] 3.2174e-01
 4.307e+00 6.7775e-01 6.7775e-01 [ 4.5819e-01 1.2049e-01 5.3670e-02 4.4488e-02 9.0945e-04 ] 3.2225e-01
 4.420e+00 6.7725e-01 6.7725e-01 [ 4.5249e-01 1.2365e-01 5.4917e-02 4.5273e-02 9.2297e-04 ] 3.2275e-01
 4.533e+00 6.7678e-01 6.7678e-01 [ 4.4679e-01 1.2684e-01 5.6164e-02 4.6052e-02 9.3652e-04 ] 3.2322e-01
 4.647e+00 6.7632e-01 6.7632e-01 [ 4.4109e-01 1.3004e-01 5.7410e-02 4.6827e-02 9.5010e-04 ] 3.2368e-01
 4.760e+00 6.7587e-01 6.7587e-01 [ 4.3540e-01 1.3325e-01 5.8657e-02 4.7596e-02 9.6371e-04 ] 3.2413e-01
 4.873e+00 6.7544e-01 6.7544e-01 [ 4.2971e-01 1.3649e-01 5.9904e-02 4.8363e-02 9.7737e-04 ] 3.2456e-01
 4.987e+00 6.7503e-01 6.7503e-01 [ 4.2403e-01 1.3974e-01 6.1152e-02 4.9126e-02 9.9108e-04 ] 3.2497e-01
 5.100e+00 6.7463e-01 6.7463e-01 [ 4.1834e-01 1.4300e-01 6.2402e-02 4.9887e-02 1.0048e-03 ] 3.2537e-01
 5.213e+00 6.7425e-01 6.7425e-01 [ 4.1265e-01 1.4628e-01 6.3653e-02 5.0646e-02 1.0187e-03 ] 3.2575e-01
 5.327e+00 6.7388e-01 6.7388e-01 [ 4.0696e-01 1.4957e-01 6.4907e-02 5.1403e-02 1.0326e-03 ] 3.2612e-01
 5.440e+00 6.7351e-01 6.7351e-01 [ 4.0126e-01 1.5288e-01 6.6163e-02 5.2160e-02 1.0465e-03 ] 3.2649e-01
 5.553e+00 6.7316e-01 6.7316e-01 [ 3.9556e-01 1.5620e-01 6.7421e-02 5.2917e-02 1.0606e-03 ] 3.2684e-01
 5.667e+00 6.7282e-01 6.7282e-01 [ 3.8985e-01 1.5954e-01 6.8684e-02 5.3674e-02 1.0747e-03 ] 3.2718e-01
 5.780e+00 6.7249e-01 6.7249e-01 [ 3.8414e-01 1.6289e-01 6.9949e-02 5.4432e-02 1.0889e-03 ] 3.2751e-01
 5.893e+00 6.7217e-01 6.7217e-01 [ 3.7841e-01 1.6624e-01 7.1219e-02 5.5191e-02 1.1031e-03 ] 3.2783e-01
 6.007e+00 6.7186e-01 6.7186e-01 [ 3.7268e-01 1.6961e-01 7.2493e-02 5.5951e-02 1.1175e-03 ] 3.2814e-01
 6.120e+00 6.7155e-01 6.7155e-01 [ 3.6694e-01 1.7299e-01 7.3772e-02 5.6714e-02 1.1320e-03 ] 3.2845e-01
 6.233e+00 6.7125e-01 6.7125e-01 [ 3.6120e-01 1.7637e-01 7.5056e-02 5.7478e-02 1.1465e-03 ] 3.2875e-01
 6.347e+00 6.7096e-01 6.7096e-01 [ 3.5545e-01 1.7976e-01 7.6345e-02 5.8246e-02 1.1612e-03 ] 3.2904e-01
 6.460e+00 6.7067e-01 6.7067e-01 [ 3.4969e-01 1.8315e-01 7.7640e-02 5.9016e-02 1.1759e-03 ] 3.2933e-01
 6.573e+00 6.7038e-01 6.7038e-01 [ 3.4392e-01 1.8654e-01 7.8940e-02 5.9790e-02 1.1908e-03 ] 3.2962e-01
 6.687e+00 6.7011e-01 6.7011e-01 [ 3.3815e-01 1.8994e-01 8.0248e-02 6.0568e-02 1.2058e-03 ] 3.2989e-01
 6.800e+00 6.6983e-01 6.6983e-01 [ 3.3237e-01 1.9333e-01 8.1561e-02 6.1350e-02 1.2208e-03 ] 3.3017e-01
 6.913e+00 6.6956e-01 6.6956e-01 [ 3.2659e-01 1.9672e-01 8.2882e-02 6.2135e-02 1.2360e-03 ] 3.3044e-01
 7.027e+00 6.6930e-01 6.6930e-01 [ 3.2081e-01 2.0010e-01 8.4210e-02 6.2926e-02 1.2513e-03 ] 3.3070e-01
 7.140e+00 6.6904e-01 6.6904e-01 [ 3.1503e-01 2.0348e-01 8.5546e-02 6.3721e-02 1.2667e-03 ] 3.3096e-01
 7.253e+00 6.6878e-01 6.6878e-01 [ 3.0924e-01 2.0684e-01 8.6889e-02 6.4521e-02 1.2823e-03 ] 3.3122e-01
 7.367e+00 6.6852e-01 6.6852e-01 [ 3.0346e-01 2.1020e-01 8.8241e-02 6.5326e-02 1.2979e-03 ] 3.3148e-01
 7.480e+00 6.6826e-01 6.6826e-01 [ 2.9767e-01 2.1354e-01 8.9601e-02 6.6137e-02 1.3137e-03 ] 3.3174e-01
 7.593e+00 6.6801e-01 6.6801e-01 [ 2.9190e-01 2.1686e-01 9.0970e-02 6.6953e-02 1.3296e-03 ] 3.3199e-01
 7.707e+00 6.6776e-01 6.6776e-01 [ 2.8613e-01 2.2016e-01 9.2348e-02 6.7775e-02 1.3456e-03 ] 3.3224e-01
 7.820e+00 6.6751e-01 6.6751e-01 [ 2.8037e-01 2.2344e-01 9.3736e-02 6.8603e-02 1.3618e-03 ] 3.3249e-01
 7.933e+00 6.6726e-01 6.6726e-01 [ 2.7461e-01 2.2669e-01 9.5133e-02 6.9438e-02 1.3780e-03 ] 3.3274e-01
 8.047e+00 6.6701e-01 6.6701e-01 [ 2.6888e-01 2.2992e-01 9.6540e-02 7.0278e-02 1.3944e-03 ] 3.3299e-01
 8.160e+00 6.6676e-01 6.6676e-01 [ 2.6315e-01 2.3312e-01 9.7957e-02 7.1125e-02 1.4110e-03 ] 3.3324e-01
 8.273e+00 6.6651e-01 6.6651e-01 [ 2.5744e-01 2.3628e-01 9.9385e-02 7.1979e-02 1.4277e-03 ] 3.3349e-01
 8.387e+00 6.6627e-01 6.6627e-01 [ 2.5176e-01 2.3941e-01 1.0082e-01 7.2839e-02 1.4445e-03 ] 3.3373e-01
 8.500e+00 6.6602e-01 6.6602e-01 [ 2.4609e-01 2.4249e-01 1.0227e-01 7.3706e-02 1.4614e-03 ] 3.3398e-01
 8.613e+00 6.6577e-01 6.6577e-01 [ 2.4045e-01 2.4554e-01 1.0373e-01 7.4581e-02 1.4785e-03 ] 3.3423e-01
 8.727e+00 6.6553e-01 6.6553e-01 [ 2.3483e-01 2.4853e-01 1.0521e-01 7.5462e-02 1.4957e-03 ] 3.3447e-01
 8.840e+00 6.6528e-01 6.6528e-01 [ 2.2924e-01 2.5148e-01 1.0669e-01 7.6351e-02 1.5131e-03 ] 3.3472e-01
 8.953e+00 6.6503e-01 6.6503e-01 [ 2.2369e-01 2.5438e-01 1.0819e-01 7.7247e-02 1.5306e-03 ] 3.3497e-01
 9.067e+00 6.6478e-01 6.6478e-01 [ 2.1816e-01 2.5723e-01 1.0969e-01 7.8150e-02 1.5483e-03 ] 3.3522e-01
 9.180e+00 6.6453e-01 6.6453e-01 [ 2.1268e-01 2.6001e-01 1.1122e-01 7.9061e-02 1.5661e-03 ] 3.3547e-01
 9.293e+00 6.6428e-01 6.6428e-01 [ 2.0724e-01 2.6273e-01 1.1275e-01 7.9980e-02 1.5840e-03 ] 3.3572e-01
 9.407e+00 6.6403e-01 6.6403e-01 [ 2.0183e-01 2.6540e-01 1.1430e-01 8.0906e-02 1.6021e-03 ] 3.3597e-01
 9.520e+00 6.6378e-01 6.6378e-01 [ 1.9647e-01 2.6799e-01 1.1586e-01 8.1841e-02 1.6204e-03 ] 3.3622e-01
 9.633e+00 6.6353e-01 6.6353e-01 [ 1.9116e-01 2.7051e-01 1.1743e-01 8.2783e-02 1.6388e-03 ] 3.3647e-01
 9.747e+00 6.6327e-01 6.6327e-01 [ 1.8590e-01 2.7296e-01 1.1902e-01 8.3733e-02 1.6573e-03 ] 3.3673e-01
 9.860e+00 6.6302e-01 6.6302e-01 [ 1.8069e-01 2.7534e-01 1.2062e-01 8.4692e-02 1.6761e-03 ] 3.3698e-01
 9.973e+00 6.6276e-01 6.6276e-01 [ 1.7554e-01 2.7763e-01 1.2223e-01 8.5659e-02 1.6950e-03 ] 3.3724e-01
 1.009e+01 6.6250e-01 6.6250e-01 [ 1.7045e-01 2.7985e-01 1.2386e-01 8.6634e-02 1.7140e-03 ] 3.3750e-01
 1.020e+01 6.6224e-01 6.6224e-01 [ 1.6541e-01 2.8198e-01 1.2550e-01 8.7618e-02 1.7332e-03 ] 3.3776e-01
 1.031e+01 6.6198e-01 6.6198e-01 [ 1.6044e-01 2.8402e-01 1.2716e-01 8.8610e-02 1.7526e-03 ] 3.3802e-01
 1.043e+01 6.6171e-01 6.6171e-01 [ 1.5553e-01 2.8597e-01 1.2883e-01 8.9611e-02 1.7721e-03 ] 3.3829e-01
 1.054e+01 6.6145e-01 6.6145e-01 [ 1.5069e-01 2.8783e-01 1.3052e-01 9.0620e-02 1.7919e-03 ] 3.3855e-01
 1.065e+01 6.6118e-01 6.6118e-01 [ 1.4591e-01 2.8959e-01 1.3222e-01 9.1638e-02 1.8117e-03 ] 3.3882e-01
 1.077e+01 6.6091e-01 6.6091e-01 [ 1.4121e-01 2.9126e-01 1.3394e-01 9.2666e-02 1.8318e-03 ] 3.3909e-01
 1.088e+01 6.6064e-01 6.6064e-01 [ 1.3659e-01 2.9283e-01 1.3567e-01 9.3702e-02 1.8521e-03 ] 3.3936e-01
 1.099e+01 6.6036e-01 6.6036e-01 [ 1.3203e-01 2.9429e-01 1.3741e-01 9.4748e-02 1.8725e-03 ] 3.3964e-01
 1.111e+01 6.6009e-01 6.6009e-01 [ 1.2756e-01 2.9566e-01 1.3918e-01 9.5803e-02 1.8931e-03 ] 3.3991e-01
 1.122e+01 6.5981e-01 6.5981e-01 [ 1.2316e-01 2.9691e-01 1.4095e-01 9.6867e-02 1.9139e-03 ] 3.4019e-01
 1.133e+01 6.5953e-01 6.5953e-01 [ 1.1884e-01 2.9806e-01 1.4275e-01 9.7941e-02 1.9349e-03 ] 3.4047e-01
 1.145e+01 6.5924e-01 6.5924e-01 [ 1.1461e-01 2.9910e-01 1.4455e-01 9.9025e-02 1.9561e-03 ] 3.4076e-01
 1.156e+01 6.5896e-01 6.5896e-01 [ 1.1046e-01 3.0003e-01 1.4638e-01 1.0012e-01 1.9774e-03 ] 3.4104e-01
 1.167e+01 6.5867e-01 6.5867e-01 [ 1.0639e-01 3.0085e-01 1.4821e-01 1.0122e-01 1.9990e-03 ] 3.4133e-01
 1.179e+01 6.5838e-01 6.5838e-01 [ 1.0241e-01 3.0155e-01 1.5007e-01 1.0233e-01 2.0208e-03 ] 3.4162e-01
 1.190e+01 6.5809e-01 6.5809e-01 [ 9.8516e-02 3.0214e-01 1.5193e-01 1.0346e-01 2.0428e-03 ] 3.4191e-01
 1.201e+01 6.5779e-01 6.5779e-01 [ 9.4709e-02 3.0261e-01 1.5382e-01 1.0459e-01 2.0650e-03 ] 3.4221e-01
 1.213e+01 6.5749e-01 6.5749e-01 [ 9.0991e-02 3.0296e-01 1.5571e-01 1.0574e-01 2.0874e-03 ] 3.4251e-01
 1.224e+01 6.5719e-01 6.5719e-01 [ 8.7362e-02 3.0320e-01 1.5763e-01 1.0689e-01 2.1100e-03 ] 3.4281e-01
 1.235e+01 6.5689e-01 6.5689e-01 [ 8.3823e-02 3.0332e-01 1.5955e-01 1.0806e-01 2.1329e-03 ] 3.4311e-01
 1.247e+01 6.5658e-01 6.5658e-01 [ 8.0374e-02 3.0332e-01 1.6149e-01 1.0924e-01 2.1560e-03 ] 3.4342e-01
 1.258e+01 6.5627e-01 6.5627e-01 [ 7.7016e-02 3.0321e-01 1.6345e-01 1.1042e-01 2.1793e-03 ] 3.4373e-01
 1.269e+01 6.5596e-01 6.5596e-01 [ 7.3748e-02 3.0297e-01 1.6542e-01 1.1162e-01 2.2028e-03 ] 3.4404e-01
 1.281e+01 6.5565e-01 6.5565e-01 [ 7.0571e-02 3.0262e-01 1.6740e-01 1.1283e-01 2.2266e-03 ] 3.4435e-01
 1.292e+01 6.5533e-01 6.5533e-01 [ 6.7484e-02 3.0214e-01 1.6939e-01 1.1406e-01 2.2507e-03 ] 3.4467e-01
 1.303e+01 6.5501e-01 6.5501e-01 [ 6.4487e-02 3.0155e-01 1.7140e-01 1.1529e-01 2.2750e-03 ] 3.4499e-01
 1.315e+01 6.5469e-01 6.5469e-01 [ 6.1581e-02 3.0084e-01 1.7342e-01 1.1654e-01 2.2995e-03 ] 3.4531e-01
 1.326e+01 6.5436e-01 6.5436e-01 [ 5.8764e-02 3.0002e-01 1.7545e-01 1.1780e-01 2.3244e-03 ] 3.4564e-01
 1.337e+01 6.5403e-01 6.5403e-01 [ 5.6037e-02 2.9907e-01 1.7750e-01 1.1907e-01 2.3494e-03 ] 3.4597e-01
 1.349e+01 6.5370e-01 6.5370e-01 [ 5.3397e-02 2.9801e-01 1.7955e-01 1.2036e-01 2.3748e-03 ] 3.4630e-01
 1.360e+01 6.5336e-01 6.5336e-01 [ 5.0845e-02 2.9684e-01 1.8162e-01 1.2166e-01 2.4005e-03 ] 3.4664e-01
 1.371e+01 6.5303e-01 6.5303e-01 [ 4.8380e-02 2.9556e-01 1.8369e-01 1.2297e-01 2.4264e-03 ] 3.4697e-01
 1.383e+01 6.5268e-01 6.5268e-01 [ 4.6001e-02 2.9416e-01 1.8577e-01 1.2430e-01 2.4526e-03 ] 3.4732e-01
 1.394e+01 6.5234e-01 6.5234e-01 [ 4.3706e-02 2.9265e-01 1.8787e-01 1.2564e-01 2.4792e-03 ] 3.4766e-01
 1.405e+01 6.5199e-01 6.5199e-01 [ 4.1495e-02 2.9103e-01 1.8996e-01 1.2700e-01 2.5060e-03 ] 3.4801e-01
 1.417e+01 6.5164e-01 6.5164e-01 [ 3.9367e-02 2.8930e-01 1.9207e-01 1.2837e-01 2.5332e-03 ] 3.4836e-01
 1.428e+01 6.5129e-01 6.5129e-01 [ 3.7319e-02 2.8747e-01 1.9418e-01 1.2975e-01 2.5607e-03 ] 3.4871e-01
 1.439e+01 6.5093e-01 6.5093e-01 [ 3.5351e-02 2.8554e-01 1.9630e-01 1.3115e-01 2.5885e-03 ] 3.4907e-01
 1.451e+01 6.5057e-01 6.5057e-01 [ 3.3461e-02 2.8350e-01 1.9842e-01 1.3257e-01 2.6166e-03 ] 3.4943e-01
 1.462e+01 6.5021e-01 6.5021e-01 [ 3.1647e-02 2.8137e-01 2.0054e-01 1.3401e-01 2.6452e-03 ] 3.4979e-01
 1.473e+01 6.4984e-01 6.4984e-01 [ 2.9909e-02 2.7913e-01 2.0267e-01 1.3546e-01 2.6741e-03 ] 3.5016e-01
 1.485e+01 6.4947e-01 6.4947e-01 [ 2.8243e-02 2.7680e-01 2.0480e-01 1.3692e-01 2.7033e-03 ] 3.5053e-01
 1.496e+01 6.4910e-01 6.4910e-01 [ 2.6650e-02 2.7438e-01 2.0692e-01 1.3841e-01 2.7329e-03 ] 3.5090e-01
 1.507e+01 6.4872e-01 6.4872e-01 [ 2.5126e-02 2.7187e-01 2.0905e-01 1.3991e-01 2.7630e-03 ] 3.5128e-01
 1.519e+01 6.4834e-01 6.4834e-01 [ 2.3671e-02 2.6928e-01 2.1117e-01 1.4143e-01 2.7934e-03 ] 3.5166e-01
 1.530e+01 6.4796e-01 6.4796e-01 [ 2.2282e-02 2.6659e-01 2.1329e-01 1.4297e-01 2.8242e-03 ] 3.5204e-01
 1.541e+01 6.4757e-01 6.4757e-01 [ 2.0957e-02 2.6383e-01 2.1540e-01 1.4453e-01 2.8555e-03 ] 3.5243e-01
 1.553e+01 6.4718e-01 6.4718e-01 [ 1.9695e-02 2.6098e-01 2.1751e-01 1.4611e-01 2.8872e-03 ] 3.5282e-01
 1.564e+01 6.4679e-01 6.4679e-01 [ 1.8494e-02 2.5806e-01 2.1960e-01 1.4771e-01 2.9193e-03 ] 3.5321e-01
 1.575e+01 6.4639e-01 6.4639e-01 [ 1.7351e-02 2.5507e-01 2.2169e-01 1.4933e-01 2.9519e-03 ] 3.5361e-01
 1.587e+01 6.4599e-01 6.4599e-01 [ 1.6266e-02 2.5201e-01 2.2377e-01 1.5097e-01 2.9850e-03 ] 3.5401e-01
 1.598e+01 6.4559e-01 6.4559e-01 [ 1.5236e-02 2.4887e-01 2.2583e-01 1.5263e-01 3.0185e-03 ] 3.5441e-01
 1.609e+01 6.4519e-01 6.4519e-01 [ 1.4259e-02 2.4568e-01 2.2788e-01 1.5432e-01 3.0526e-03 ] 3.5481e-01
 1.621e+01 6.4478e-01 6.4478e-01 [ 1.3333e-02 2.4242e-01 2.2991e-01 1.5603e-01 3.0871e-03 ] 3.5522e-01
 1.632e+01 6.4437e-01 6.4437e-01 [ 1.2457e-02 2.3910e-01 2.3192e-01 1.5776e-01 3.1222e-03 ] 3.5563e-01
 1.643e+01 6.4396e-01 6.4396e-01 [ 1.1628e-02 2.3573e-01 2.3391e-01 1.5952e-01 3.1578e-03 ] 3.5604e-01
 1.655e+01 6.4354e-01 6.4354e-01 [ 1.0845e-02 2.3231e-01 2.3588e-01 1.6131e-01 3.1940e-03 ] 3.5646e-01
 1.666e+01 6.4312e-01 6.4312e-01 [ 1.0106e-02 2.2884e-01 2.3783e-01 1.6312e-01 3.2307e-03 ] 3.5688e-01
 1.677e+01 6.4270e-01 6.4270e-01 [ 9.4087e-03 2.2532e-01 2.3975e-01 1.6495e-01 3.2681e-03 ] 3.5730e-01
 1.689e+01 6.4228e-01 6.4228e-01 [ 8.7521e-03 2.2176e-01 2.4164e-01 1.6682e-01 3.3060e-03 ] 3.5772e-01
 1.700e+01 6.4185e-01 6.4185e-01 [ 8.1340e-03 2.1816e-01 2.4350e-01 1.6871e-01 3.3445e-03 ] 3.5815e-01
 1.711e+01 6.4143e-01 6.4143e-01 [ 7.5528e-03 2.1453e-01 2.4533e-01 1.7064e-01 3.3837e-03 ] 3.5857e-01
 1.723e+01 6.4100e-01 6.4100e-01 [ 7.0068e-03 2.1086e-01 2.4712e-01 1.7259e-01 3.4235e-03 ] 3.5900e-01
 1.734e+01 6.4057e-01 6.4057e-01 [ 6.4944e-03 2.0716e-01 2.4887e-01 1.7457e-01 3.4639e-03 ] 3.5943e-01
 1.745e+01 6.4013e-01 6.4013e-01 [ 6.0140e-03 2.0344e-01 2.5059e-01 1.7659e-01 3.5051e-03 ] 3.5987e-01
 1.757e+01 6.3970e-01 6.3970e-01 [ 5.5640e-03 1.9969e-01 2.5226e-01 1.7864e-01 3.5469e-03 ] 3.6030e-01
 1.768e+01 6.3927e-01 6.3927e-01 [ 5.1429e-03 1.9592e-01 2.5389e-01 1.8072e-01 3.5894e-03 ] 3.6073e-01
 1.779e+01 6.3883e-01 6.3883e-01 [ 4.7493e-03 1.9214e-01 2.5548e-01 1.8284e-01 3.6327e-03 ] 3.6117e-01
 1.791e+01 6.3840e-01 6.3840e-01 [ 4.3817e-03 1.8834e-01 2.5701e-01 1.8499e-01 3.6767e-03 ] 3.6160e-01
 1.802e+01 6.3797e-01 6.3797e-01 [ 4.0388e-03 1.8453e-01 2.5850e-01 1.8718e-01 3.7215e-03 ] 3.6203e-01
 1.813e+01 6.3753e-01 6.3753e-01 [ 3.7192e-03 1.8071e-01 2.5993e-01 1.8941e-01 3.7671e-03 ] 3.6247e-01
 1.825e+01 6.3710e-01 6.3710e-01 [ 3.4216e-03 1.7689e-01 2.6130e-01 1.9167e-01 3.8134e-03 ] 3.6290e-01
 1.836e+01 6.3667e-01 6.3667e-01 [ 3.1448e-03 1.7307e-01 2.6262e-01 1.9398e-01 3.8606e-03 ] 3.6333e-01
 1.847e+01 6.3624e-01 6.3624e-01 [ 2.8876e-03 1.6924e-01 2.6387e-01 1.9633e-01 3.9085e-03 ] 3.6376e-01
 1.859e+01 6.3582e-01 6.3582e-01 [ 2.6489e-03 1.6543e-01 2.6507e-01 1.9872e-01 3.9574e-03 ] 3.6418e-01
 1.870e+01 6.3540e-01 6.3540e-01 [ 2.4275e-03 1.6161e-01 2.6619e-01 2.0116e-01 4.0071e-03 ] 3.6460e-01
 1.881e+01 6.3498e-01 6.3498e-01 [ 2.2224e-03 1.5781e-01 2.6725e-01 2.0364e-01 4.0576e-03 ] 3.6502e-01
 1.893e+01 6.3457e-01 6.3457e-01 [ 2.0327e-03 1.5402e-01 2.6824e-01 2.0616e-01 4.1091e-03 ] 3.6543e-01
 1.904e+01 6.3417e-01 6.3417e-01 [ 1.8573e-03 1.5025e-01 2.6916e-01 2.0874e-01 4.1614e-03 ] 3.6583e-01
 1.915e+01 6.3377e-01 6.3377e-01 [ 1.6953e-03 1.4649e-01 2.7001e-01 2.1136e-01 4.2147e-03 ] 3.6623e-01
 1.927e+01 6.3338e-01 6.3338e-01 [ 1.5460e-03 1.4275e-01 2.7078e-01 2.1404e-01 4.2689e-03 ] 3.6662e-01
 1.938e+01 6.3300e-01 6.3300e-01 [ 1.4083e-03 1.3904e-01 2.7147e-01 2.1676e-01 4.3240e-03 ] 3.6700e-01
 1.949e+01 6.3264e-01 6.3264e-01 [ 1.2816e-03 1.3535e-01 2.7208e-01 2.1954e-01 4.3801e-03 ] 3.6736e-01
 1.961e+01 6.3228e-01 6.3228e-01 [ 1.1651e-03 1.3169e-01 2.7261e-01 2.2238e-01 4.4372e-03 ] 3.6772e-01
 1.972e+01 6.3194e-01 6.3194e-01 [ 1.0581e-03 1.2806e-01 2.7306e-01 2.2527e-01 4.4952e-03 ] 3.6806e-01
 1.983e+01 6.3161e-01 6.3161e-01 [ 9.5987e-04 1.2446e-01 2.7342e-01 2.2822e-01 4.5542e-03 ] 3.6839e-01
 1.995e+01 6.3130e-01 6.3130e-01 [ 8.6988e-04 1.2090e-01 2.7370e-01 2.3122e-01 4.6141e-03 ] 3.6870e-01
 2.006e+01 6.3102e-01 6.3102e-01 [ 7.8750e-04 1.1737e-01 2.7389e-01 2.3429e-01 4.6751e-03 ] 3.6898e-01
 2.017e+01 6.3075e-01 6.3075e-01 [ 7.1216e-04 1.1388e-01 2.7400e-01 2.3742e-01 4.7370e-03 ] 3.6925e-01
 2.029e+01 6.3050e-01 6.3050e-01 [ 6.4334e-04 1.1043e-01 2.7401e-01 2.4062e-01 4.7999e-03 ] 3.6950e-01
 2.040e+01 6.3029e-01 6.3029e-01 [ 5.8055e-04 1.0703e-01 2.7394e-01 2.4388e-01 4.8638e-03 ] 3.6971e-01
 2.051e+01 6.3010e-01 6.3010e-01 [ 5.2331e-04 1.0367e-01 2.7377e-01 2.4720e-01 4.9287e-03 ] 3.6990e-01
 2.063e+01 6.2994e-01 6.2994e-01 [ 4.7121e-04 1.0036e-01 2.7352e-01 2.5060e-01 4.9946e-03 ] 3.7006e-01
 2.074e+01 6.2982e-01 6.2982e-01 [ 4.2382e-04 9.7092e-02 2.7318e-01 2.5407e-01 5.0614e-03 ] 3.7018e-01
 2.085e+01 6.2973e-01 6.2973e-01 [ 3.8078e-04 9.3877e-02 2.7274e-01 2.5760e-01 5.1291e-03 ] 3.7027e-01
 2.097e+01 6.2969e-01 6.2969e-01 [ 3.4173e-04 9.0714e-02 2.7222e-01 2.6121e-01 5.1978e-03 ] 3.7031e-01
 2.108e+01 6.2969e-01 6.2969e-01 [ 3.0634e-04 8.7604e-02 2.7161e-01 2.6490e-01 5.2673e-03 ] 3.7031e-01
 2.119e+01 6.2974e-01 6.2974e-01 [ 2.7430e-04 8.4549e-02 2.7092e-01 2.6866e-01 5.3378e-03 ] 3.7026e-01
 2.131e+01 6.2984e-01 6.2984e-01 [ 2.4534e-04 8.1549e-02 2.7013e-01 2.7250e-01 5.4091e-03 ] 3.7016e-01
 2.142e+01 6.2999e-01 6.2999e-01 [ 2.1918e-04 7.8607e-02 2.6927e-01 2.7642e-01 5.4813e-03 ] 3.7001e-01
 2.153e+01 6.3021e-01 6.3021e-01 [ 1.9558e-04 7.5723e-02 2.6832e-01 2.8041e-01 5.5542e-03 ] 3.6979e-01
 2.165e+01 6.3049e-01 6.3049e-01 [ 1.7432e-04 7.2900e-02 2.6729e-01 2.8449e-01 5.6278e-03 ] 3.6951e-01
 2.176e+01 6.3083e-01 6.3083e-01 [ 1.5519e-04 7.0137e-02 2.6619e-01 2.8865e-01 5.7022e-03 ] 3.6917e-01
 2.187e+01 6.3125e-01 6.3125e-01 [ 1.3800e-04 6.7436e-02 2.6501e-01 2.9289e-01 5.7772e-03 ] 3.6875e-01
 2.199e+01 6.3175e-01 6.3175e-01 [ 1.2256e-04 6.4797e-02 2.6376e-01 2.9721e-01 5.8528e-03 ] 3.6825e-01
 2.210e+01 6.3233e-01 6.3233e-01 [ 1.0872e-04 6.2223e-02 2.6245e-01 3.0162e-01 5.9289e-03 ] 3.6767e-01
 2.221e+01 6.3299e-01 6.3299e-01 [ 9.6331e-05 5.9713e-02 2.6107e-01 3.0611e-01 6.0055e-03 ] 3.6701e-01
 2.233e+01 6.3375e-01 6.3375e-01 [ 8.5246e-05 5.7268e-02 2.5963e-01 3.1068e-01 6.0825e-03 ] 3.6625e-01
 2.244e+01 6.3460e-01 6.3460e-01 [ 7.5345e-05 5.4889e-02 2.5814e-01 3.1534e-01 6.1598e-03 ] 3.6540e-01
 2.255e+01 6.3555e-01 6.3555e-01 [ 6.6511e-05 5.2578e-02 2.5659e-01 3.2007e-01 6.2372e-03 ] 3.6445e-01
 2.267e+01 6.3660e-01 6.3660e-01 [ 5.8640e-05 5.0333e-02 2.5500e-01 3.2489e-01 6.3148e-03 ] 3.6340e-01
 2.278e+01 6.3775e-01 6.3775e-01 [ 5.1636e-05 4.8156e-02 2.5337e-01 3.2978e-01 6.3924e-03 ] 3.6225e-01
 2.289e+01 6.3901e-01 6.3901e-01 [ 4.5411e-05 4.6047e-02 2.5171e-01 3.3474e-01 6.4700e-03 ] 3.6099e-01
 2.301e+01 6.4038e-01 6.4038e-01 [ 3.9886e-05 4.4007e-02 2.5001e-01 3.3978e-01 6.5473e-03 ] 3.5962e-01
 2.312e+01 6.4186e-01 6.4186e-01 [ 3.4989e-05 4.2036e-02 2.4829e-01 3.4487e-01 6.6242e-03 ] 3.5814e-01
 2.323e+01 6.4345e-01 6.4345e-01 [ 3.0654e-05 4.0135e-02 2.4655e-01 3.5003e-01 6.7007e-03 ] 3.5655e-01
 2.335e+01 6.4514e-01 6.4514e-01 [ 2.6822e-05 3.8302e-02 2.4479e-01 3.5524e-01 6.7766e-03 ] 3.5486e-01
 2.346e+01 6.4693e-01 6.4693e-01 [ 2.3439e-05 3.6539e-02 2.4303e-01 3.6049e-01 6.8518e-03 ] 3.5307e-01
 2.357e+01 6.4881e-01 6.4881e-01 [ 2.0458e-05 3.4845e-02 2.4125e-01 3.6577e-01 6.9260e-03 ] 3.5119e-01
 2.369e+01 6.5077e-01 6.5077e-01 [ 1.7833e-05 3.3221e-02 2.3947e-01 3.7107e-01 6.9992e-03 ] 3.4923e-01
 2.380e+01 6.5279e-01 6.5279e-01 [ 1.5525e-05 3.1665e-02 2.3768e-01 3.7636e-01 7.0712e-03 ] 3.4721e-01
 2.391e+01 6.5485e-01 6.5485e-01 [ 1.3501e-05 3.0178e-02 2.3589e-01 3.8163e-01 7.1418e-03 ] 3.4515e-01
 2.403e+01 6.5690e-01 6.5690e-01 [ 1.1726e-05 2.8758e-02 2.3408e-01 3.8683e-01 7.2108e-03 ] 3.4310e-01
 2.414e+01 6.5889e-01 6.5889e-01 [ 1.0173e-05 2.7404e-02 2.3225e-01 3.9194e-01 7.2781e-03 ] 3.4111e-01
 2.425e+01 6.6076e-01 6.6076e-01 [ 8.8166e-06 2.6115e-02 2.3039e-01 3.9690e-01 7.3433e-03 ] 3.3924e-01
 2.437e+01 6.6241e-01 6.6241e-01 [ 7.6331e-06 2.4887e-02 2.2847e-01 4.0164e-01 7.4063e-03 ] 3.3759e-01
 2.448e+01 6.6371e-01 6.6371e-01 [ 6.6021e-06 2.3717e-02 2.2645e-01 4.0606e-01 7.4665e-03 ] 3.3629e-01
 2.459e+01 6.6447e-01 6.6447e-01 [ 5.7051e-06 2.2602e-02 2.2429e-01 4.1005e-01 7.5234e-03 ] 3.3553e-01
 2.471e+01 6.6447e-01 6.6447e-01 [ 4.9255e-06 2.1534e-02 2.2192e-01 4.1343e-01 7.5760e-03 ] 3.3553e-01
 2.482e+01 6.6335e-01 6.6335e-01 [ 4.2484e-06 2.0506e-02 2.1924e-01 4.1598e-01 7.6227e-03 ] 3.3665e-01
 2.493e+01 6.6070e-01 6.6070e-01 [ 3.6603e-06 1.9508e-02 2.1613e-01 4.1740e-01 7.6613e-03 ] 3.3930e-01
 2.505e+01 6.5594e-01 6.5594e-01 [ 3.1490e-06 1.8527e-02 2.1241e-01 4.1731e-01 7.6881e-03 ] 3.4406e-01
 2.516e+01 6.4835e-01 6.4835e-01 [ 2.7037e-06 1.7547e-02 2.0788e-01 4.1522e-01 7.6979e-03 ] 3.5165e-01
 2.527e+01 6.3706e-01 6.3706e-01 [ 2.3146e-06 1.6549e-02 2.0229e-01 4.1054e-01 7.6834e-03 ] 3.6294e-01
 2.539e+01 6.2111e-01 6.2111e-01 [ 1.9730e-06 1.5515e-02 1.9535e-01 4.0261e-01 7.6352e-03 ] 3.7889e-01
 2.550e+01 5.9952e-01 5.9952e-01 [ 1.6717e-06 1.4427e-02 1.8679e-01 3.9076e-01 7.5420e-03 ] 4.0048e-01
 2.561e+01 5.7154e-01 5.7154e-01 [ 1.4049e-06 1.3272e-02 1.7642e-01 3.7446e-01 7.3923e-03 ] 4.2846e-01
 2.573e+01 5.3682e-01 5.3682e-01 [ 1.1683e-06 1.2048e-02 1.6417e-01 3.5343e-01 7.1762e-03 ] 4.6318e-01
 2.584e+01 4.9571e-01 4.9571e-01 [ 9.5917e-07 1.0766e-02 1.5018e-01 3.2787e-01 6.8886e-03 ] 5.0429e-01
 2.595e+01 4.4934e-01 4.4934e-01 [ 7.7598e-07 9.4551e-03 1.3484e-01 2.9852e-01 6.5314e-03 ] 5.5066e-01
 2.607e+01 3.9957e-01 3.9957e-01 [ 6.1789e-07 8.1519e-03 1.1872e-01 2.6658e-01 6.1145e-03 ] 6.0043e-01
 2.618e+01 3.4867e-01 3.4867e-01 [ 4.8411e-07 6.9000e-03 1.0253e-01 2.3359e-01 5.6543e-03 ] 6.5133e-01
 2.629e+01 2.9892e-01 2.9892e-01 [ 3.7338e-07 5.7386e-03 8.6937e-02 2.0107e-01 5.1707e-03 ] 7.0108e-01
 2.641e+01 2.5225e-01 2.5225e-01 [ 2.8384e-07 4.6968e-03 7.2503e-02 1.7037e-01 4.6836e-03 ] 7.4775e-01
 2.652e+01 2.1003e-01 2.1003e-01 [ 2.1301e-07 3.7906e-03 5.9598e-02 1.4243e-01 4.2099e-03 ] 7.8997e-01
 2.663e+01 1.7298e-01 1.7298e-01 [ 1.5810e-07 3.0232e-03 4.8398e-02 1.1779e-01 3.7621e-03 ] 8.2702e-01
 2.675e+01 1.4126e-01 1.4126e-01 [ 1.1629e-07 2.3879e-03 3.8916e-02 9.6609e-02 3.3480e-03 ] 8.5874e-01
 2.686e+01 1.1466e-01 1.1466e-01 [ 8.4902e-08 1.8718e-03 3.1049e-02 7.8768e-02 2.9714e-03 ] 8.8534e-01
 2.697e+01 9.2697e-02 9.2697e-02 [ 6.1632e-08 1.4586e-03 2.4626e-02 6.3980e-02 2.6330e-03 ] 9.0730e-01
 2.709e+01 7.4781e-02 7.4781e-02 [ 4.4544e-08 1.1317e-03 1.9447e-02 5.1871e-02 2.3315e-03 ] 9.2522e-01
 2.720e+01 6.0293e-02 6.0293e-02 [ 3.2088e-08 8.7535e-04 1.5310e-02 4.2043e-02 2.0643e-03 ] 9.3971e-01
 2.731e+01 4.8650e-02 4.8650e-02 [ 2.3062e-08 6.7570e-04 1.2031e-02 3.4115e-02 1.8284e-03 ] 9.5135e-01
 2.743e+01 3.9331e-02 3.9331e-02 [ 1.6549e-08 5.2096e-04 9.4432e-03 2.7746e-02 1.6204e-03 ] 9.6067e-01
 2.754e+01 3.1887e-02 3.1887e-02 [ 1.1863e-08 4.0144e-04 7.4093e-03 2.2639e-02 1.4372e-03 ] 9.6811e-01
 2.765e+01 2.5946e-02 2.5946e-02 [ 8.4997e-09 3.0933e-04 5.8144e-03 1.8546e-02 1.2760e-03 ] 9.7405e-01
 2.777e+01 2.1202e-02 2.1202e-02 [ 6.0889e-09 2.3844e-04 4.5653e-03 1.5265e-02 1.1339e-03 ] 9.7880e-01
 2.788e+01 1.7409e-02 1.7409e-02 [ 4.3624e-09 1.8393e-04 3.5876e-03 1.2629e-02 1.0087e-03 ] 9.8259e-01
 2.799e+01 1.4368e-02 1.4368e-02 [ 3.1264e-09 1.4200e-04 2.8225e-03 1.0506e-02 8.9823e-04 ] 9.8563e-01
 2.811e+01 1.1924e-02 1.1924e-02 [ 2.2416e-09 1.0975e-04 2.2235e-03 8.7902e-03 8.0068e-04 ] 9.8808e-01
 2.822e+01 9.9522e-03 9.9522e-03 [ 1.6081e-09 8.4926e-05 1.7540e-03 7.3988e-03 7.1444e-04 ] 9.9005e-01
 2.833e+01 8.3548e-03 8.3548e-03 [ 1.1544e-09 6.5800e-05 1.3859e-03 6.2650e-03 6.3812e-04 ] 9.9165e-01
 2.845e+01 7.0551e-03 7.0551e-03 [ 8.2929e-10 5.1050e-05 1.0967e-03 5.3369e-03 5.7050e-04 ] 9.9294e-01
 2.856e+01 5.9925e-03 5.9925e-03 [ 5.9617e-10 3.9660e-05 8.6929e-04 4.5730e-03 5.1053e-04 ] 9.9401e-01
 2.867e+01 5.1193e-03 5.1193e-03 [ 4.2889e-10 3.0854e-05 6.9019e-04 3.9410e-03 4.5729e-04 ] 9.9488e-01
 2.879e+01 4.3980e-03 4.3980e-03 [ 3.0878e-10 2.4036e-05 5.4891e-04 3.4151e-03 4.0996e-04 ] 9.9560e-01
 2.890e+01 3.7989e-03 3.7989e-03 [ 2.2246e-10 1.8751e-05 4.3729e-04 2.9750e-03 3.6786e-04 ] 9.9620e-01
 2.901e+01 3.2985e-03 3.2985e-03 [ 1.6039e-10 1.4648e-05 3.4895e-04 2.6045e-03 3.3036e-04 ] 9.9670e-01
 2.913e+01 2.8781e-03 2.8781e-03 [ 1.1572e-10 1.1457e-05 2.7893e-04 2.2908e-03 2.9693e-04 ] 9.9712e-01
 2.924e+01 2.5231e-03 2.5231e-03 [ 8.3547e-11 8.9738e-06 2.2334e-04 2.0237e-03 2.6710e-04 ] 9.9748e-01
 2.935e+01 2.2215e-03 2.2215e-03 [ 6.0357e-11 7.0375e-06 1.7913e-04 1.7949e-03 2.4046e-04 ] 9.9778e-01
 2.947e+01 1.9640e-03 1.9640e-03 [ 4.3630e-11 5.5258e-06 1.4391e-04 1.5979e-03 2.1663e-04 ] 9.9804e-01
 2.958e+01 1.7428e-03 1.7428e-03 [ 3.1557e-11 4.3441e-06 1.1581e-04 1.4274e-03 1.9531e-04 ] 9.9826e-01
 2.969e+01 1.5519e-03 1.5519e-03 [ 2.2838e-11 3.4191e-06 9.3349e-05 1.2790e-03 1.7622e-04 ] 9.9845e-01
 2.981e+01 1.3864e-03 1.3864e-03 [ 1.6536e-11 2.6941e-06 7.5374e-05 1.1492e-03 1.5910e-04 ] 9.9861e-01
 2.992e+01 1.2421e-03 1.2421e-03 [ 1.1979e-11 2.1252e-06 6.0963e-05 1.0353e-03 1.4374e-04 ] 9.9876e-01
 3.003e+01 1.1158e-03 1.1158e-03 [ 8.6812e-12 1.6782e-06 4.9392e-05 9.3475e-04 1.2995e-04 ] 9.9888e-01
 3.015e+01 1.0047e-03 1.0047e-03 [ 6.2941e-12 1.3265e-06 4.0087e-05 8.4574e-04 1.1756e-04 ] 9.9900e-01
 3.026e+01 9.0669e-04 9.0669e-04 [ 4.5651e-12 1.0496e-06 3.2593e-05 7.6664e-04 1.0641e-04 ] 9.9909e-01
 3.037e+01 8.1985e-04 8.1985e-04 [ 3.3123e-12 8.3125e-07 2.6549e-05 6.9609e-04 9.6380e-05 ] 9.9918e-01
 3.049e+01 7.4264e-04 7.4264e-04 [ 2.4040e-12 6.5894e-07 2.1665e-05 6.3297e-04 8.7343e-05 ] 9.9926e-01
 3.060e+01 6.7378e-04 6.7378e-04 [ 1.7453e-12 5.2280e-07 1.7715e-05 5.7635e-04 7.9198e-05 ] 9.9933e-01
 3.071e+01 6.1219e-04 6.1219e-04 [ 1.2674e-12 4.1514e-07 1.4514e-05 5.2542e-04 7.1850e-05 ] 9.9939e-01
 3.083e+01 5.5696e-04 5.5696e-04 [ 9.2054e-13 3.2992e-07 1.1916e-05 4.7949e-04 6.5218e-05 ] 9.9944e-01
 3.094e+01 5.0729e-04 5.0729e-04 [ 6.6875e-13 2.6239e-07 9.8045e-06 4.3800e-04 5.9227e-05 ] 9.9949e-01
 3.105e+01 4.6254e-04 4.6254e-04 [ 4.8591e-13 2.0884e-07 8.0859e-06 4.0044e-04 5.3813e-05 ] 9.9954e-01
 3.117e+01 4.2214e-04 4.2214e-04 [ 3.5311e-13 1.6634e-07 6.6846e-06 3.6637e-04 4.8916e-05 ] 9.9958e-01
 3.128e+01 3.8558e-04 3.8558e-04 [ 2.5663e-13 1.3258e-07 5.5402e-06 3.3543e-04 4.4485e-05 ] 9.9961e-01
 3.139e+01 3.5246e-04 3.5246e-04 [ 1.8653e-13 1.0574e-07 4.6041e-06 3.0728e-04 4.0472e-05 ] 9.9965e-01
 3.151e+01 3.2240e-04 3.2240e-04 [ 1.3558e-13 8.4393e-08 3.8369e-06 2.8164e-04 3.6837e-05 ] 9.9968e-01
 3.162e+01 2.9508e-04 2.9508e-04 [ 9.8556e-14 6.7394e-08 3.2070e-06 2.5826e-04 3.3542e-05 ] 9.9970e-01
 3.173e+01 2.7022e-04 2.7022e-04 [ 7.1641e-14 5.3851e-08 2.6889e-06 2.3692e-04 3.0553e-05 ] 9.9973e-01
 3.185e+01 2.4757e-04 2.4757e-04 [ 5.2075e-14 4.3054e-08 2.2619e-06 2.1743e-04 2.7841e-05 ] 9.9975e-01
 3.196e+01 2.2692e-04 2.2692e-04 [ 3.7852e-14 3.4441e-08 1.9092e-06 1.9960e-04 2.5379e-05 ] 9.9977e-01
 3.207e+01 2.0808e-04 2.0808e-04 [ 2.7512e-14 2.7566e-08 1.6172e-06 1.8329e-04 2.3142e-05 ] 9.9979e-01
 3.219e+01 1.9086e-04 1.9086e-04 [ 1.9994e-14 2.2075e-08 1.3749e-06 1.6835e-04 2.1109e-05 ] 9.9981e-01
 3.230e+01 1.7512e-04 1.7512e-04 [ 1.4530e-14 1.7686e-08 1.1733e-06 1.5466e-04 1.9262e-05 ] 9.9982e-01
 3.241e+01 1.6072e-04 1.6072e-04 [ 1.0557e-14 1.4177e-08 1.0051e-06 1.4212e-04 1.7581e-05 ] 9.9984e-01
 3.253e+01 1.4754e-04 1.4754e-04 [ 7.6697e-15 1.1370e-08 8.6449e-07 1.3061e-04 1.6051e-05 ] 9.9985e-01
 3.264e+01 1.3546e-04 1.3546e-04 [ 5.5711e-15 9.1233e-09 7.4648e-07 1.2005e-04 1.4659e-05 ] 9.9986e-01
 3.275e+01 1.2440e-04 1.2440e-04 [ 4.0460e-15 7.3239e-09 6.4715e-07 1.1036e-04 1.3391e-05 ] 9.9988e-01
 3.287e+01 1.1426e-04 1.1426e-04 [ 2.9378e-15 5.8822e-09 5.6328e-07 1.0146e-04 1.2236e-05 ] 9.9989e-01
 3.298e+01 1.0496e-04 1.0496e-04 [ 2.1327e-15 4.7266e-09 4.9221e-07 9.3285e-05 1.1183e-05 ] 9.9990e-01
 3.309e+01 9.6434e-05 9.6434e-05 [ 1.5479e-15 3.7999e-09 4.3176e-07 8.5776e-05 1.0223e-05 ] 9.9990e-01
 3.321e+01 8.8606e-05 8.8606e-05 [ 1.1231e-15 3.0563e-09 3.8016e-07 7.8875e-05 9.3478e-06 ] 9.9991e-01
 3.332e+01 8.1420e-05 8.1420e-05 [ 8.1473e-16 2.4595e-09 3.3594e-07 7.2533e-05 8.5493e-06 ] 9.9992e-01
 3.343e+01 7.4823e-05 7.4823e-05 [ 5.9086e-16 1.9803e-09 2.9790e-07 6.6702e-05 7.8205e-06 ] 9.9993e-01
 3.355e+01 6.8764e-05 6.8764e-05 [ 4.2837e-16 1.5953e-09 2.6503e-07 6.1342e-05 7.1553e-06 ] 9.9993e-01
 3.366e+01 6.3198e-05 6.3198e-05 [ 3.1048e-16 1.2859e-09 2.3653e-07 5.6412e-05 6.5479e-06 ] 9.9994e-01
 3.377e+01 5.8085e-05 5.8085e-05 [ 2.2496e-16 1.0371e-09 2.1171e-07 5.1879e-05 5.9931e-06 ] 9.9994e-01
 3.389e+01 5.3387e-05 5.3387e-05 [ 1.6294e-16 8.3695e-10 1.9001e-07 4.7710e-05 5.4862e-06 ] 9.9995e-01
 3.400e+01 4.9070e-05 4.9070e-05 [ 1.1798e-16 6.7588e-10 1.7096e-07 4.3875e-05 5.0230e-06 ] 9.9995e-01
 3.411e+01 4.5102e-05 4.5102e-05 [ 8.5398e-17 5.4619e-10 1.5417e-07 4.0347e-05 4.5996e-06 ] 9.9995e-01
 3.423e+01 4.1455e-05 4.1455e-05 [ 6.1791e-17 4.4171e-10 1.3933e-07 3.7102e-05 4.2125e-06 ] 9.9996e-01
 3.434e+01 3.8102e-05 3.8102e-05 [ 4.4693e-17 3.5750e-10 1.2615e-07 3.4117e-05 3.8585e-06 ] 9.9996e-01
 3.445e+01 3.5020e-05 3.5020e-05 [ 3.2314e-17 2.8959e-10 1.1441e-07 3.1371e-05 3.5347e-06 ] 9.9996e-01
 3.457e+01 3.2187e-05 3.2187e-05 [ 2.3355e-17 2.3480e-10 1.0392e-07 2.8844e-05 3.2384e-06 ] 9.9997e-01
 3.468e+01 2.9582e-05 2.9582e-05 [ 1.6873e-17 1.9056e-10 9.4514e-08 2.6520e-05 2.9673e-06 ] 9.9997e-01
 3.479e+01 2.7187e-05 2.7187e-05 [ 1.2185e-17 1.5481e-10 8.6062e-08 2.4382e-05 2.7193e-06 ] 9.9997e-01
 3.491e+01 2.4985e-05 2.4985e-05 [ 8.7958e-18 1.2591e-10 7.8445e-08 2.2414e-05 2.4922e-06 ] 9.9998e-01
 3.502e+01 2.2960e-05 2.2960e-05 [ 6.3468e-18 1.0253e-10 7.1564e-08 2.0605e-05 2.2842e-06 ] 9.9998e-01
 3.513e+01 2.1099e-05 2.1099e-05 [ 4.5777e-18 8.3599e-11 6.5335e-08 1.8940e-05 2.0938e-06 ] 9.9998e-01
 3.525e+01 1.9387e-05 1.9387e-05 [ 3.3003e-18 6.8255e-11 5.9685e-08 1.7408e-05 1.9195e-06 ] 9.9998e-01
 3.536e+01 1.7814e-05 1.7814e-05 [ 2.3783e-18 5.5808e-11 5.4551e-08 1.5999e-05 1.7598e-06 ] 9.9998e-01
 3.547e+01 1.6367e-05 1.6367e-05 [ 1.7132e-18 4.5702e-11 4.9879e-08 1.4703e-05 1.6135e-06 ] 9.9998e-01
 3.559e+01 1.5037e-05 1.5037e-05 [ 1.2335e-18 3.7486e-11 4.5622e-08 1.3511e-05 1.4794e-06 ] 9.9998e-01
 3.570e+01 1.3814e-05 1.3814e-05 [ 8.8777e-19 3.0800e-11 4.1738e-08 1.2415e-05 1.3566e-06 ] 9.9999e-01
 3.581e+01 1.2689e-05 1.2689e-05 [ 6.3864e-19 2.5352e-11 3.8190e-08 1.1407e-05 1.2440e-06 ] 9.9999e-01
 3.593e+01 1.1656e-05 1.1656e-05 [ 4.5923e-19 2.0907e-11 3.4947e-08 1.0480e-05 1.1409e-06 ] 9.9999e-01
 3.604e+01 1.0705e-05 1.0705e-05 [ 3.3007e-19 1.7275e-11 3.1980e-08 9.6271e-06 1.0463e-06 ] 9.9999e-01
 3.615e+01 9.8320e-06 9.8320e-06 [ 2.3713e-19 1.4303e-11 2.9265e-08 8.8431e-06 9.5962e-07 ] 9.9999e-01
 3.627e+01 9.0291e-06 9.0291e-06 [ 1.7029e-19 1.1867e-11 2.6779e-08 8.1222e-06 8.8014e-07 ] 9.9999e-01
 3.638e+01 8.2912e-06 8.2912e-06 [ 1.2223e-19 9.8671e-12 2.4501e-08 7.4594e-06 8.0728e-07 ] 9.9999e-01
 3.649e+01 7.6130e-06 7.6130e-06 [ 8.7701e-20 8.2221e-12 2.2413e-08 6.8501e-06 7.4046e-07 ] 9.9999e-01
 3.661e+01 6.9897e-06 6.9897e-06 [ 6.2898e-20 6.8666e-12 2.0500e-08 6.2900e-06 6.7919e-07 ] 9.9999e-01
 3.672e+01 6.4169e-06 6.4169e-06 [ 4.5091e-20 5.7474e-12 1.8746e-08 5.7752e-06 6.2301e-07 ] 9.9999e-01
 3.683e+01 5.8906e-06 5.8906e-06 [ 3.2312e-20 4.8214e-12 1.7138e-08 5.3020e-06 5.7147e-07 ] 9.9999e-01
 3.695e+01 5.4070e-06 5.4070e-06 [ 2.3145e-20 4.0537e-12 1.5664e-08 4.8671e-06 5.2421e-07 ] 9.9999e-01
 3.706e+01 4.9627e-06 4.9627e-06 [ 1.6573e-20 3.4158e-12 1.4313e-08 4.4675e-06 4.8086e-07 ] 1.0000e+00
 3.717e+01 4.5544e-06 4.5544e-06 [ 1.1862e-20 2.8846e-12 1.3075e-08 4.1003e-06 4.4110e-07 ] 1.0000e+00
 3.729e+01 4.1795e-06 4.1795e-06 [ 8.4873e-21 2.4413e-12 1.1940e-08 3.7629e-06 4.0462e-07 ] 1.0000e+00
 3.740e+01 3.8350e-06 3.8350e-06 [ 6.0705e-21 2.0704e-12 1.0900e-08 3.4529e-06 3.7116e-07 ] 1.0000e+00
 3.751e+01 3.5186e-06 3.5186e-06 [ 4.3404e-21 1.7594e-12 9.9471e-09 3.1682e-06 3.4047e-07 ] 1.0000e+00
 3.763e+01 3.2280e-06 3.2280e-06 [ 3.1025e-21 1.4980e-12 9.0747e-09 2.9066e-06 3.1231e-07 ] 1.0000e+00
 3.774e+01 2.9612e-06 2.9612e-06 [ 2.2169e-21 1.2779e-12 8.2759e-09 2.6664e-06 2.8647e-07 ] 1.0000e+00
 3.785e+01 2.7161e-06 2.7161e-06 [ 1.5837e-21 1.0920e-12 7.5447e-09 2.4458e-06 2.6277e-07 ] 1.0000e+00
 3.797e+01 2.4911e-06 2.4911e-06 [ 1.1311e-21 9.3471e-13 6.8757e-09 2.2432e-06 2.4103e-07 ] 1.0000e+00
 3.808e+01 2.2846e-06 2.2846e-06 [ 8.0767e-22 8.0134e-13 6.2637e-09 2.0572e-06 2.2108e-07 ] 1.0000e+00
 3.819e+01 2.0949e-06 2.0949e-06 [ 5.7661e-22 6.8801e-13 5.7041e-09 1.8864e-06 2.0277e-07 ] 1.0000e+00
 3.831e+01 1.9208e-06 1.9208e-06 [ 4.1159e-22 5.9152e-13 5.1926e-09 1.7297e-06 1.8598e-07 ] 1.0000e+00
 3.842e+01 1.7611e-06 1.7611e-06 [ 2.9376e-22 5.0919e-13 4.7252e-09 1.5858e-06 1.7057e-07 ] 1.0000e+00
 3.853e+01 1.6144e-06 1.6144e-06 [ 2.0964e-22 4.3883e-13 4.2982e-09 1.4537e-06 1.5644e-07 ] 1.0000e+00
 3.865e+01 1.4798e-06 1.4798e-06 [ 1.4961e-22 3.7858e-13 3.9084e-09 1.3325e-06 1.4347e-07 ] 1.0000e+00
 3.876e+01 1.3563e-06 1.3563e-06 [ 1.0676e-22 3.2691e-13 3.5526e-09 1.2212e-06 1.3157e-07 ] 1.0000e+00
 3.887e+01 1.2430e-06 1.2430e-06 [ 7.6191e-23 2.8253e-13 3.2280e-09 1.1192e-06 1.2066e-07 ] 1.0000e+00
 3.899e+01 1.1391e-06 1.1391e-06 [ 5.4379e-23 2.4436e-13 2.9320e-09 1.0255e-06 1.1064e-07 ] 1.0000e+00
 3.910e+01 1.0437e-06 1.0437e-06 [ 3.8817e-23 2.1148e-13 2.6622e-09 9.3960e-07 1.0145e-07 ] 1.0000e+00
 3.921e+01 9.5624e-07 9.5624e-07 [ 2.7713e-23 1.8313e-13 2.4162e-09 8.6080e-07 9.3023e-08 ] 1.0000e+00
 3.933e+01 8.7601e-07 8.7601e-07 [ 1.9791e-23 1.5866e-13 2.1922e-09 7.8853e-07 8.5290e-08 ] 1.0000e+00
 3.944e+01 8.0243e-07 8.0243e-07 [ 1.4138e-23 1.3751e-13 1.9883e-09 7.2225e-07 7.8196e-08 ] 1.0000e+00
 3.955e+01 7.3496e-07 7.3496e-07 [ 1.0103e-23 1.1922e-13 1.8026e-09 6.6147e-07 7.1688e-08 ] 1.0000e+00
 3.967e+01 6.7309e-07 6.7309e-07 [ 7.2225e-24 1.0339e-13 1.6337e-09 6.0574e-07 6.5719e-08 ] 1.0000e+00
 3.978e+01 6.1637e-07 6.1637e-07 [ 5.1659e-24 8.9683e-14 1.4801e-09 5.5464e-07 6.0243e-08 ] 1.0000e+00
 3.989e+01 5.6436e-07 5.6436e-07 [ 3.6969e-24 7.7802e-14 1.3405e-09 5.0780e-07 5.5221e-08 ] 1.0000e+00
 4.001e+01 5.1670e-07 5.1670e-07 [ 2.6472e-24 6.7501e-14 1.2136e-09 4.6487e-07 5.0614e-08 ] 1.0000e+00
 4.012e+01 4.7301e-07 4.7301e-07 [ 1.8969e-24 5.8566e-14 1.0983e-09 4.2552e-07 4.6389e-08 ] 1.0000e+00
 4.023e+01 4.3297e-07 4.3297e-07 [ 1.3602e-24 5.0813e-14 9.9367e-10 3.8946e-07 4.2514e-08 ] 1.0000e+00
 4.035e+01 3.9628e-07 3.9628e-07 [ 9.7614e-25 4.4084e-14 8.9867e-10 3.5642e-07 3.8960e-08 ] 1.0000e+00
 4.046e+01 3.6266e-07 3.6266e-07 [ 7.0111e-25 3.8242e-14 8.1248e-10 3.2615e-07 3.5701e-08 ] 1.0000e+00
 4.057e+01 3.3186e-07 3.3186e-07 [ 5.0403e-25 3.3171e-14 7.3430e-10 2.9841e-07 3.2712e-08 ] 1.0000e+00
 4.069e+01 3.0364e-07 3.0364e-07 [ 3.6269e-25 2.8767e-14 6.6342e-10 2.7301e-07 2.9972e-08 ] 1.0000e+00
 4.080e+01 2.7779e-07 2.7779e-07 [ 2.6125e-25 2.4943e-14 5.9919e-10 2.4974e-07 2.7459e-08 ] 1.0000e+00
 4.091e+01 2.5412e-07 2.5412e-07 [ 1.8838e-25 2.1622e-14 5.4099e-10 2.2842e-07 2.5155e-08 ] 1.0000e+00
 4.103e+01 2.3244e-07 2.3244e-07 [ 1.3598e-25 1.8739e-14 4.8829e-10 2.0891e-07 2.3043e-08 ] 1.0000e+00
 4.114e+01 2.1258e-07 2.1258e-07 [ 9.8268e-26 1.6236e-14 4.4058e-10 1.9104e-07 2.1107e-08 ] 1.0000e+00
 4.125e+01 1.9441e-07 1.9441e-07 [ 7.1096e-26 1.4063e-14 3.9740e-10 1.7468e-07 1.9331e-08 ] 1.0000e+00
 4.137e+01 1.7776e-07 1.7776e-07 [ 5.1497e-26 1.2178e-14 3.5834e-10 1.5970e-07 1.7704e-08 ] 1.0000e+00
 4.148e+01 1.6253e-07 1.6253e-07 [ 3.7346e-26 1.0542e-14 3.2302e-10 1.4599e-07 1.6213e-08 ] 1.0000e+00
 4.159e+01 1.4858e-07 1.4858e-07 [ 2.7115e-26 9.1221e-15 2.9109e-10 1.3344e-07 1.4846e-08 ] 1.0000e+00
 4.171e+01 1.3582e-07 1.3582e-07 [ 1.9711e-26 7.8910e-15 2.6223e-10 1.2196e-07 1.3593e-08 ] 1.0000e+00
 4.182e+01 1.2414e-07 1.2414e-07 [ 1.4345e-26 6.8236e-15 2.3616e-10 1.1146e-07 1.2445e-08 ] 1.0000e+00
 4.193e+01 1.1345e-07 1.1345e-07 [ 1.0452e-26 5.8983e-15 2.1262e-10 1.0184e-07 1.1393e-08 ] 1.0000e+00
 4.205e+01 1.0367e-07 1.0367e-07 [ 7.6243e-27 5.0966e-15 1.9137e-10 9.3049e-08 1.0429e-08 ] 1.0000e+00
 4.216e+01 9.4722e-08 9.4722e-08 [ 5.5678e-27 4.4021e-15 1.7219e-10 8.5004e-08 9.5458e-09 ] 1.0000e+00
 4.227e+01 8.6538e-08 8.6538e-08 [ 4.0704e-27 3.8008e-15 1.5489e-10 7.7647e-08 8.7366e-09 ] 1.0000e+00
 4.239e+01 7.9052e-08 7.9052e-08 [ 2.9787e-27 3.2802e-15 1.3928e-10 7.0918e-08 7.9954e-09 ] 1.0000e+00
 4.250e+01 7.2206e-08 7.2206e-08 [ 2.1820e-27 2.8298e-15 1.2521e-10 6.4765e-08 7.3164e-09 ] 1.0000e+00
 4.261e+01 6.5946e-08 6.5946e-08 [ 1.5999e-27 2.4402e-15 1.1253e-10 5.9139e-08 6.6945e-09 ] 1.0000e+00
 4.273e+01 6.0221e-08 6.0221e-08 [ 1.1741e-27 2.1034e-15 1.0110e-10 5.3995e-08 6.1248e-09 ] 1.0000e+00
 4.284e+01 5.4988e-08 5.4988e-08 [ 8.6236e-28 1.8123e-15 9.0811e-11 4.9294e-08 5.6032e-09 ] 1.0000e+00
 4.295e+01 5.0203e-08 5.0203e-08 [ 6.3386e-28 1.5608e-15 8.1544e-11 4.4996e-08 5.1255e-09 ] 1.0000e+00
 4.307e+01 4.5830e-08 4.5830e-08 [ 4.6623e-28 1.3437e-15 7.3203e-11 4.1069e-08 4.6881e-09 ] 1.0000e+00
 4.318e+01 4.1833e-08 4.1833e-08 [ 3.4315e-28 1.1562e-15 6.5696e-11 3.7480e-08 4.2876e-09 ] 1.0000e+00
 4.329e+01 3.8180e-08 3.8180e-08 [ 2.5270e-28 9.9450e-16 5.8942e-11 3.4200e-08 3.9210e-09 ] 1.0000e+00
 4.341e+01 3.4843e-08 3.4843e-08 [ 1.8619e-28 8.5503e-16 5.2869e-11 3.1204e-08 3.5854e-09 ] 1.0000e+00
 4.352e+01 3.1793e-08 3.1793e-08 [ 1.3724e-28 7.3479e-16 4.7408e-11 2.8468e-08 3.2782e-09 ] 1.0000e+00
 4.363e+01 2.9007e-08 2.9007e-08 [ 1.0120e-28 6.3119e-16 4.2500e-11 2.5968e-08 2.9970e-09 ] 1.0000e+00
 4.375e+01 2.6462e-08 2.6462e-08 [ 7.4649e-29 5.4196e-16 3.8090e-11 2.3685e-08 2.7397e-09 ] 1.0000e+00
 4.386e+01 2.4138e-08 2.4138e-08 [ 5.5076e-29 4.6514e-16 3.4128e-11 2.1600e-08 2.5042e-09 ] 1.0000e+00
 4.397e+01 2.2015e-08 2.2015e-08 [ 4.0643e-29 3.9903e-16 3.0571e-11 1.9696e-08 2.2888e-09 ] 1.0000e+00
 4.409e+01 2.0077e-08 2.0077e-08 [ 2.9996e-29 3.4217e-16 2.7377e-11 1.7958e-08 2.0916e-09 ] 1.0000e+00
 4.420e+01 1.8307e-08 1.8307e-08 [ 2.2139e-29 2.9329e-16 2.4510e-11 1.6372e-08 1.9113e-09 ] 1.0000e+00
 4.431e+01 1.6692e-08 1.6692e-08 [ 1.6341e-29 2.5127e-16 2.1938e-11 1.4923e-08 1.7463e-09 ] 1.0000e+00
 4.443e+01 1.5217e-08 1.5217e-08 [ 1.2061e-29 2.1519e-16 1.9630e-11 1.3602e-08 1.5954e-09 ] 1.0000e+00
 4.454e+01 1.3871e-08 1.3871e-08 [ 8.9010e-30 1.8420e-16 1.7561e-11 1.2396e-08 1.4574e-09 ] 1.0000e+00
 4.465e+01 1.2642e-08 1.2642e-08 [ 6.5682e-30 1.5761e-16 1.5706e-11 1.1295e-08 1.3312e-09 ] 1.0000e+00
 4.477e+01 1.1521e-08 1.1521e-08 [ 4.8460e-30 1.3480e-16 1.4044e-11 1.0291e-08 1.2158e-09 ] 1.0000e+00
 4.488e+01 1.0498e-08 1.0498e-08 [ 3.5746e-30 1.1524e-16 1.2554e-11 9.3751e-09 1.1103e-09 ] 1.0000e+00
 4.499e+01 9.5647e-09 9.5647e-09 [ 2.6361e-30 9.8478e-17 1.1219e-11 8.5397e-09 1.0138e-09 ] 1.0000e+00
 4.511e+01 8.7134e-09 8.7134e-09 [ 1.9434e-30 8.4116e-17 1.0024e-11 7.7777e-09 9.2563e-10 ] 1.0000e+00
 4.522e+01 7.9369e-09 7.9369e-09 [ 1.4323e-30 7.1819e-17 8.9538e-12 7.0830e-09 8.4503e-10 ] 1.0000e+00
 4.533e+01 7.2288e-09 7.2288e-09 [ 1.0552e-30 6.1293e-17 7.9959e-12 6.4494e-09 7.7136e-10 ] 1.0000e+00
 4.545e+01 6.5831e-09 6.5831e-09 [ 7.7712e-31 5.2287e-17 7.1388e-12 5.8719e-09 7.0404e-10 ] 1.0000e+00
 4.556e+01 5.9943e-09 5.9943e-09 [ 5.7208e-31 4.4586e-17 6.3720e-12 5.3454e-09 6.4252e-10 ] 1.0000e+00
 4.567e+01 5.4575e-09 5.4575e-09 [ 4.2096e-31 3.8003e-17 5.6861e-12 4.8655e-09 5.8632e-10 ] 1.0000e+00
 4.579e+01 4.9682e-09 4.9682e-09 [ 3.0961e-31 3.2378e-17 5.0729e-12 4.4282e-09 5.3497e-10 ] 1.0000e+00
 4.590e+01 4.5222e-09 4.5222e-09 [ 2.2761e-31 2.7574e-17 4.5247e-12 4.0296e-09 4.8807e-10 ] 1.0000e+00
 4.601e+01 4.1158e-09 4.1158e-09 [ 1.6724e-31 2.3473e-17 4.0348e-12 3.6665e-09 4.4522e-10 ] 1.0000e+00
 4.613e+01 3.7454e-09 3.7454e-09 [ 1.2282e-31 1.9974e-17 3.5970e-12 3.3357e-09 4.0610e-10 ] 1.0000e+00
 4.624e+01 3.4079e-09 3.4079e-09 [ 9.0151e-32 1.6989e-17 3.2060e-12 3.0344e-09 3.7036e-10 ] 1.0000e+00
 4.635e+01 3.1005e-09 3.1005e-09 [ 6.6134e-32 1.4444e-17 2.8568e-12 2.7599e-09 3.3774e-10 ] 1.0000e+00
 4.647e+01 2.8205e-09 2.8205e-09 [ 4.8488e-32 1.2276e-17 2.5450e-12 2.5100e-09 3.0795e-10 ] 1.0000e+00
 4.658e+01 2.5654e-09 2.5654e-09 [ 3.5530e-32 1.0428e-17 2.2667e-12 2.2824e-09 2.8076e-10 ] 1.0000e+00
 4.669e+01 2.3331e-09 2.3331e-09 [ 2.6019e-32 8.8552e-18 2.0184e-12 2.0751e-09 2.5594e-10 ] 1.0000e+00
 4.681e+01 2.1216e-09 2.1216e-09 [ 1.9043e-32 7.5164e-18 1.7969e-12 1.8865e-09 2.3329e-10 ] 1.0000e+00
 4.692e+01 1.9290e-09 1.9290e-09 [ 1.3929e-32 6.3775e-18 1.5993e-12 1.7148e-09 2.1262e-10 ] 1.0000e+00
 4.703e+01 1.7537e-09 1.7537e-09 [ 1.0182e-32 5.4089e-18 1.4231e-12 1.5585e-09 1.9375e-10 ] 1.0000e+00
 4.715e+01 1.5941e-09 1.5941e-09 [ 7.4380e-33 4.5855e-18 1.2660e-12 1.4163e-09 1.7654e-10 ] 1.0000e+00
 4.726e+01 1.4489e-09 1.4489e-09 [ 5.4301e-33 3.8859e-18 1.1260e-12 1.2869e-09 1.6084e-10 ] 1.0000e+00
 4.737e+01 1.3167e-09 1.3167e-09 [ 3.9618e-33 3.2917e-18 1.0012e-12 1.1692e-09 1.4652e-10 ] 1.0000e+00
 4.749e+01 1.1964e-09 1.1964e-09 [ 2.8886e-33 2.7873e-18 8.9008e-13 1.0621e-09 1.3346e-10 ] 1.0000e+00
 4.760e+01 1.0870e-09 1.0870e-09 [ 2.1047e-33 2.3592e-18 7.9110e-13 9.6467e-10 1.2155e-10 ] 1.0000e+00
 4.771e+01 9.8747e-10 9.8747e-10 [ 1.5326e-33 1.9961e-18 7.0296e-13 8.7608e-10 1.1068e-10 ] 1.0000e+00
 4.783e+01 8.9693e-10 8.9693e-10 [ 1.1152e-33 1.6882e-18 6.2450e-13 7.9553e-10 1.0078e-10 ] 1.0000e+00
 4.794e+01 8.1459e-10 8.1459e-10 [ 8.1097e-34 1.4272e-18 5.5466e-13 7.2229e-10 9.1751e-11 ] 1.0000e+00
 4.805e+01 7.3972e-10 7.3972e-10 [ 5.8933e-34 1.2061e-18 4.9253e-13 6.5571e-10 8.3521e-11 ] 1.0000e+00
 4.817e+01 6.7164e-10 6.7164e-10 [ 4.2798e-34 1.0188e-18 4.3725e-13 5.9518e-10 7.6020e-11 ] 1.0000e+00
 4.828e+01 6.0975e-10 6.0975e-10 [ 3.1059e-34 8.6028e-19 3.8809e-13 5.4018e-10 6.9184e-11 ] 1.0000e+00
 4.839e+01 5.5349e-10 5.5349e-10 [ 2.2525e-34 7.2614e-19 3.4438e-13 4.9019e-10 6.2955e-11 ] 1.0000e+00
 4.851e+01 5.0236e-10 5.0236e-10 [ 1.6325e-34 6.1268e-19 3.0552e-13 4.4477e-10 5.7280e-11 ] 1.0000e+00
 4.862e+01 4.5589e-10 4.5589e-10 [ 1.1823e-34 5.1674e-19 2.7099e-13 4.0351e-10 5.2110e-11 ] 1.0000e+00
 4.873e+01 4.1367e-10 4.1367e-10 [ 8.5569e-35 4.3565e-19 2.4030e-13 3.6603e-10 4.7400e-11 ] 1.0000e+00
 4.885e+01 3.7530e-10 3.7530e-10 [ 6.1888e-35 3.6715e-19 2.1304e-13 3.3198e-10 4.3111e-11 ] 1.0000e+00
 4.896e+01 3.4046e-10 3.4046e-10 [ 4.4730e-35 3.0930e-19 1.8883e-13 3.0106e-10 3.9205e-11 ] 1.0000e+00
 4.907e+01 3.0880e-10 3.0880e-10 [ 3.2306e-35 2.6046e-19 1.6734e-13 2.7299e-10 3.5649e-11 ] 1.0000e+00
 4.919e+01 2.8006e-10 2.8006e-10 [ 2.3318e-35 2.1925e-19 1.4825e-13 2.4750e-10 3.2411e-11 ] 1.0000e+00
 4.930e+01 2.5395e-10 2.5395e-10 [ 1.6818e-35 1.8449e-19 1.3132e-13 2.2436e-10 2.9463e-11 ] 1.0000e+00
 4.941e+01 2.3025e-10 2.3025e-10 [ 1.2122e-35 1.5518e-19 1.1629e-13 2.0335e-10 2.6780e-11 ] 1.0000e+00
 4.953e+01 2.0873e-10 2.0873e-10 [ 8.7312e-36 1.3048e-19 1.0296e-13 1.8429e-10 2.4339e-11 ] 1.0000e+00
 4.964e+01 1.8920e-10 1.8920e-10 [ 6.2846e-36 1.0967e-19 9.1136e-14 1.6700e-10 2.2117e-11 ] 1.0000e+00
 4.975e+01 1.7148e-10 1.7148e-10 [ 4.5204e-36 9.2138e-20 8.0652e-14 1.5130e-10 2.0095e-11 ] 1.0000e+00
 4.987e+01 1.5539e-10 1.5539e-10 [ 3.2492e-36 7.7382e-20 7.1359e-14 1.3706e-10 1.8256e-11 ] 1.0000e+00
 4.998e+01 1.4080e-10 1.4080e-10 [ 2.3339e-36 6.4965e-20 6.3122e-14 1.2415e-10 1.6583e-11 ] 1.0000e+00
 5.009e+01 1.2755e-10 1.2755e-10 [ 1.6753e-36 5.4519e-20 5.5823e-14 1.1244e-10 1.5061e-11 ] 1.0000e+00
 5.021e+01 1.1554e-10 1.1554e-10 [ 1.2017e-36 4.5736e-20 4.9357e-14 1.0182e-10 1.3677e-11 ] 1.0000e+00
 5.032e+01 1.0465e-10 1.0465e-10 [ 8.6142e-37 3.8353e-20 4.3630e-14 9.2184e-11 1.2419e-11 ] 1.0000e+00
 5.043e+01 9.4767e-11 9.4767e-11 [ 6.1707e-37 3.2150e-20 3.8560e-14 8.3453e-11 1.1275e-11 ] 1.0000e+00
 5.055e+01 8.5808e-11 8.5808e-11 [ 4.4172e-37 2.6940e-20 3.4070e-14 7.5539e-11 1.0235e-11 ] 1.0000e+00
 5.066e+01 7.7685e-11 7.7685e-11 [ 3.1599e-37 2.2566e-20 3.0097e-14 6.8365e-11 9.2898e-12 ] 1.0000e+00
 5.077e+01 7.0322e-11 7.0322e-11 [ 2.2589e-37 1.8895e-20 2.6581e-14 6.1865e-11 8.4307e-12 ] 1.0000e+00
 5.089e+01 6.3648e-11 6.3648e-11 [ 1.6137e-37 1.5815e-20 2.3471e-14 5.5975e-11 7.6500e-12 ] 1.0000e+00
 5.100e+01 5.7600e-11 5.7600e-11 [ 1.1520e-37 1.3232e-20 2.0720e-14 5.0638e-11 6.9407e-12 ] 1.0000e+00
 5.111e+01 5.2119e-11 5.2119e-11 [ 8.2186e-38 1.1067e-20 1.8287e-14 4.5805e-11 6.2964e-12 ] 1.0000e+00
 5.123e+01 4.7154e-11 4.7154e-11 [ 5.8593e-38 9.2531e-21 1.6137e-14 4.1426e-11 5.7111e-12 ] 1.0000e+00
 5.134e+01 4.2655e-11 4.2655e-11 [ 4.1744e-38 7.7333e-21 1.4236e-14 3.7461e-11 5.1795e-12 ] 1.0000e+00
 5.145e+01 3.8581e-11 3.8581e-11 [ 2.9720e-38 6.4608e-21 1.2556e-14 3.3871e-11 4.6967e-12 ] 1.0000e+00
 5.157e+01 3.4891e-11 3.4891e-11 [ 2.1145e-38 5.3957e-21 1.1072e-14 3.0621e-11 4.2584e-12 ] 1.0000e+00
 5.168e+01 3.1549e-11 3.1549e-11 [ 1.5034e-38 4.5044e-21 9.7611e-15 2.7679e-11 3.8605e-12 ] 1.0000e+00
 5.179e+01 2.8524e-11 2.8524e-11 [ 1.0682e-38 3.7590e-21 8.6035e-15 2.5016e-11 3.4992e-12 ] 1.0000e+00
 5.191e+01 2.5785e-11 2.5785e-11 [ 7.5848e-39 3.1358e-21 7.5815e-15 2.2606e-11 3.1714e-12 ] 1.0000e+00
 5.202e+01 2.3306e-11 2.3306e-11 [ 5.3820e-39 2.6150e-21 6.6795e-15 2.0425e-11 2.8738e-12 ] 1.0000e+00
 5.213e+01 2.1062e-11 2.1062e-11 [ 3.8163e-39 2.1798e-21 5.8834e-15 1.8452e-11 2.6039e-12 ] 1.0000e+00
 5.225e+01 1.9032e-11 1.9032e-11 [ 2.7043e-39 1.8164e-21 5.1811e-15 1.6668e-11 2.3589e-12 ] 1.0000e+00
 5.236e+01 1.7195e-11 1.7195e-11 [ 1.9150e-39 1.5131e-21 4.5616e-15 1.5053e-11 2.1367e-12 ] 1.0000e+00
 5.247e+01 1.5533e-11 1.5533e-11 [ 1.3552e-39 1.2599e-21 4.0152e-15 1.3594e-11 1.9352e-12 ] 1.0000e+00
 5.259e+01 1.4030e-11 1.4030e-11 [ 9.5842e-40 1.0487e-21 3.5336e-15 1.2274e-11 1.7524e-12 ] 1.0000e+00
 5.270e+01 1.2670e-11 1.2670e-11 [ 6.7735e-40 8.7257e-22 3.1090e-15 1.1080e-11 1.5867e-12 ] 1.0000e+00
 5.281e+01 1.1441e-11 1.1441e-11 [ 4.7839e-40 7.2577e-22 2.7348e-15 1.0001e-11 1.4365e-12 ] 1.0000e+00
 5.293e+01 1.0329e-11 1.0329e-11 [ 3.3765e-40 6.0345e-22 2.4051e-15 9.0264e-12 1.3003e-12 ] 1.0000e+00
 5.304e+01 9.3242e-12 9.3242e-12 [ 2.3815e-40 5.0155e-22 2.1147e-15 8.1453e-12 1.1768e-12 ] 1.0000e+00
 5.315e+01 8.4159e-12 8.4159e-12 [ 1.6787e-40 4.1671e-22 1.8589e-15 7.3491e-12 1.0649e-12 ] 1.0000e+00
 5.327e+01 7.5950e-12 7.5950e-12 [ 1.1825e-40 3.4610e-22 1.6337e-15 6.6298e-12 9.6355e-13 ] 1.0000e+00
 5.338e+01 6.8532e-12 6.8532e-12 [ 8.3237e-41 2.8734e-22 1.4355e-15 5.9801e-12 8.7170e-13 ] 1.0000e+00
 5.349e+01 6.1830e-12 6.1830e-12 [ 5.8556e-41 2.3848e-22 1.2610e-15 5.3932e-12 7.8850e-13 ] 1.0000e+00
 5.361e+01 5.5775e-12 5.5775e-12 [ 4.1166e-41 1.9785e-22 1.1075e-15 4.8633e-12 7.1313e-13 ] 1.0000e+00
 5.372e+01 5.0306e-12 5.0306e-12 [ 2.8921e-41 1.6408e-22 9.7246e-16 4.3848e-12 6.4488e-13 ] 1.0000e+00
 5.383e+01 4.5367e-12 4.5367e-12 [ 2.0305e-41 1.3603e-22 8.5370e-16 3.9528e-12 5.8307e-13 ] 1.0000e+00
 5.395e+01 4.0907e-12 4.0907e-12 [ 1.4247e-41 1.1273e-22 7.4927e-16 3.5628e-12 5.2712e-13 ] 1.0000e+00
 5.406e+01 3.6880e-12 3.6880e-12 [ 9.9899e-42 9.3390e-23 6.5747e-16 3.2108e-12 4.7647e-13 ] 1.0000e+00
 5.417e+01 3.3244e-12 3.3244e-12 [ 7.0002e-42 7.7339e-23 5.7679e-16 2.8932e-12 4.3062e-13 ] 1.0000e+00
 5.429e+01 2.9963e-12 2.9963e-12 [ 4.9020e-42 6.4023e-23 5.0589e-16 2.6067e-12 3.8913e-13 ] 1.0000e+00
 5.440e+01 2.7002e-12 2.7002e-12 [ 3.4305e-42 5.2981e-23 4.4361e-16 2.3481e-12 3.5158e-13 ] 1.0000e+00
 5.451e+01 2.4330e-12 2.4330e-12 [ 2.3992e-42 4.3827e-23 3.8891e-16 2.1149e-12 3.1762e-13 ] 1.0000e+00
 5.463e+01 2.1919e-12 2.1919e-12 [ 1.6769e-42 3.6242e-23 3.4088e-16 1.9046e-12 2.8689e-13 ] 1.0000e+00
 5.474e+01 1.9744e-12 1.9744e-12 [ 1.1712e-42 2.9958e-23 2.9871e-16 1.7150e-12 2.5910e-13 ] 1.0000e+00
 5.485e+01 1.7782e-12 1.7782e-12 [ 8.1753e-43 2.4755e-23 2.6170e-16 1.5440e-12 2.3396e-13 ] 1.0000e+00
 5.497e+01 1.6013e-12 1.6013e-12 [ 5.7029e-43 2.0449e-23 2.2923e-16 1.3898e-12 2.1124e-13 ] 1.0000e+00
 5.508e+01 1.4418e-12 1.4418e-12 [ 3.9756e-43 1.6885e-23 2.0073e-16 1.2509e-12 1.9069e-13 ] 1.0000e+00
 5.519e+01 1.2980e-12 1.2980e-12 [ 2.7697e-43 1.3937e-23 1.7575e-16 1.1257e-12 1.7212e-13 ] 1.0000e+00
 5.531e+01 1.1683e-12 1.1683e-12 [ 1.9283e-43 1.1500e-23 1.5383e-16 1.0128e-12 1.5533e-13 ] 1.0000e+00
 5.542e+01 1.0515e-12 1.0515e-12 [ 1.3417e-43 9.4857e-24 1.3462e-16 9.1118e-13 1.4016e-13 ] 1.0000e+00
 5.553e+01 9.4617e-13 9.4617e-13 [ 9.3295e-44 7.8213e-24 1.1778e-16 8.1960e-13 1.2645e-13 ] 1.0000e+00
 5.565e+01 8.5129e-13 8.5129e-13 [ 6.4831e-44 6.4466e-24 1.0303e-16 7.3712e-13 1.1407e-13 ] 1.0000e+00
 5.576e+01 7.6581e-13 7.6581e-13 [ 4.5022e-44 5.3116e-24 9.0100e-17 6.6284e-13 1.0289e-13 ] 1.0000e+00
 5.587e+01 6.8881e-13 6.8881e-13 [ 3.1246e-44 4.3749e-24 7.8777e-17 5.9595e-13 9.2783e-14 ] 1.0000e+00
 5.599e+01 6.1947e-13 6.1947e-13 [ 2.1672e-44 3.6021e-24 6.8861e-17 5.3574e-13 8.3661e-14 ] 1.0000e+00
 5.610e+01 5.5702e-13 5.5702e-13 [ 1.5022e-44 2.9647e-24 6.0180e-17 4.8153e-13 7.5424e-14 ] 1.0000e+00
 5.621e+01 5.0079e-13 5.0079e-13 [ 1.0405e-44 2.4392e-24 5.2582e-17 4.3275e-13 6.7987e-14 ] 1.0000e+00
 5.633e+01 4.5017e-13 4.5017e-13 [ 7.2033e-45 2.0061e-24 4.5932e-17 3.8885e-13 6.1275e-14 ] 1.0000e+00
 5.644e+01 4.0461e-13 4.0461e-13 [ 4.9835e-45 1.6494e-24 4.0114e-17 3.4935e-13 5.5218e-14 ] 1.0000e+00
 5.655e+01 3.6360e-13 3.6360e-13 [ 3.4456e-45 1.3555e-24 3.5026e-17 3.1382e-13 4.9751e-14 ] 1.0000e+00
 5.667e+01 3.2671e-13 3.2671e-13 [ 2.3808e-45 1.1137e-24 3.0575e-17 2.8186e-13 4.4820e-14 ] 1.0000e+00
 5.678e+01 2.9351e-13 2.9351e-13 [ 1.6440e-45 9.1463e-25 2.6685e-17 2.5311e-13 4.0371e-14 ] 1.0000e+00
 5.689e+01 2.6364e-13 2.6364e-13 [ 1.1345e-45 7.5089e-25 2.3284e-17 2.2726e-13 3.6358e-14 ] 1.0000e+00
 5.701e+01 2.3678e-13 2.3678e-13 [ 7.8243e-46 6.1624e-25 2.0312e-17 2.0402e-13 3.2739e-14 ] 1.0000e+00
 5.712e+01 2.1263e-13 2.1263e-13 [ 5.3928e-46 5.0555e-25 1.7715e-17 1.8313e-13 2.9476e-14 ] 1.0000e+00
 5.723e+01 1.9091e-13 1.9091e-13 [ 3.7146e-46 4.1460e-25 1.5447e-17 1.6436e-13 2.6534e-14 ] 1.0000e+00
 5.735e+01 1.7138e-13 1.7138e-13 [ 2.5571e-46 3.3989e-25 1.3466e-17 1.4748e-13 2.3882e-14 ] 1.0000e+00
 5.746e+01 1.5383e-13 1.5383e-13 [ 1.7591e-46 2.7854e-25 1.1736e-17 1.3232e-13 2.1492e-14 ] 1.0000e+00
 5.757e+01 1.3805e-13 1.3805e-13 [ 1.2095e-46 2.2818e-25 1.0226e-17 1.1870e-13 1.9339e-14 ] 1.0000e+00
 5.769e+01 1.2387e-13 1.2387e-13 [ 8.3101e-47 1.8686e-25 8.9089e-18 1.0647e-13 1.7398e-14 ] 1.0000e+00
 5.780e+01 1.1113e-13 1.1113e-13 [ 5.7064e-47 1.5297e-25 7.7593e-18 9.5477e-14 1.5650e-14 ] 1.0000e+00
 5.791e+01 9.9691e-14 9.9691e-14 [ 3.9160e-47 1.2518e-25 6.7566e-18 8.5610e-14 1.4075e-14 ] 1.0000e+00
 5.803e+01 8.9413e-14 8.9413e-14 [ 2.6857e-47 1.0240e-25 5.8821e-18 7.6750e-14 1.2657e-14 ] 1.0000e+00
 5.814e+01 8.0182e-14 8.0182e-14 [ 1.8408e-47 8.3733e-26 5.1196e-18 6.8797e-14 1.1380e-14 ] 1.0000e+00
 5.825e+01 7.1893e-14 7.1893e-14 [ 1.2609e-47 6.8447e-26 4.4549e-18 6.1658e-14 1.0230e-14 ] 1.0000e+00
 5.837e+01 6.4451e-14 6.4451e-14 [ 8.6319e-48 5.5931e-26 3.8757e-18 5.5252e-14 9.1951e-15 ] 1.0000e+00
 5.848e+01 5.7771e-14 5.7771e-14 [ 5.9055e-48 4.5688e-26 3.3710e-18 4.9504e-14 8.2636e-15 ] 1.0000e+00
 5.859e+01 5.1775e-14 5.1775e-14 [ 4.0377e-48 3.7307e-26 2.9313e-18 4.4347e-14 7.4252e-15 ] 1.0000e+00
 5.871e+01 4.6394e-14 4.6394e-14 [ 2.7590e-48 3.0452e-26 2.5484e-18 3.9721e-14 6.6710e-15 ] 1.0000e+00
 5.882e+01 4.1566e-14 4.1566e-14 [ 1.8841e-48 2.4848e-26 2.2150e-18 3.5572e-14 5.9924e-15 ] 1.0000e+00
 5.893e+01 3.7235e-14 3.7235e-14 [ 1.2859e-48 2.0268e-26 1.9248e-18 3.1851e-14 5.3820e-15 ] 1.0000e+00
 5.905e+01 3.3350e-14 3.3350e-14 [ 8.7704e-49 1.6527e-26 1.6723e-18 2.8515e-14 4.8330e-15 ] 1.0000e+00
 5.916e+01 2.9866e-14 2.9866e-14 [ 5.9783e-49 1.3471e-26 1.4525e-18 2.5525e-14 4.3394e-15 ] 1.0000e+00
 5.927e+01 2.6741e-14 2.6741e-14 [ 4.0726e-49 1.0976e-26 1.2613e-18 2.2845e-14 3.8955e-15 ] 1.0000e+00
 5.939e+01 2.3940e-14 2.3940e-14 [ 2.7727e-49 8.9401e-27 1.0951e-18 2.0443e-14 3.4966e-15 ] 1.0000e+00
 5.950e+01 2.1429e-14 2.1429e-14 [ 1.8866e-49 7.2792e-27 9.5051e-19 1.8290e-14 3.1380e-15 ] 1.0000e+00
 5.961e+01 1.9178e-14 1.9178e-14 [ 1.2829e-49 5.9247e-27 8.2484e-19 1.6362e-14 2.8157e-15 ] 1.0000e+00
 5.973e+01 1.7161e-14 1.7161e-14 [ 8.7183e-50 4.8206e-27 7.1562e-19 1.4635e-14 2.5261e-15 ] 1.0000e+00
 5.984e+01 1.5354e-14 1.5354e-14 [ 5.9213e-50 3.9208e-27 6.2072e-19 1.3088e-14 2.2660e-15 ] 1.0000e+00
 5.995e+01 1.3735e-14 1.3735e-14 [ 4.0192e-50 3.1878e-27 5.3829e-19 1.1702e-14 2.0323e-15 ] 1.0000e+00
 6.007e+01 1.2285e-14 1.2285e-14 [ 2.7265e-50 2.5909e-27 4.6669e-19 1.0462e-14 1.8225e-15 ] 1.0000e+00
 6.018e+01 1.0986e-14 1.0986e-14 [ 1.8484e-50 2.1050e-27 4.0452e-19 9.3517e-15 1.6340e-15 ] 1.0000e+00
 6.029e+01 9.8231e-15 9.8231e-15 [ 1.2524e-50 1.7097e-27 3.5056e-19 8.3579e-15 1.4648e-15 ] 1.0000e+00
 6.041e+01 8.7818e-15 8.7818e-15 [ 8.4807e-51 1.3881e-27 3.0372e-19 7.4686e-15 1.3130e-15 ] 1.0000e+00
 6.052e+01 7.8497e-15 7.8497e-15 [ 5.7392e-51 1.1265e-27 2.6308e-19 6.6728e-15 1.1767e-15 ] 1.0000e+00
 6.063e+01 7.0154e-15 7.0154e-15 [ 3.8817e-51 9.1396e-28 2.2783e-19 5.9609e-15 1.0543e-15 ] 1.0000e+00
 6.075e+01 6.2688e-15 6.2688e-15 [ 2.6237e-51 7.4123e-28 1.9725e-19 5.3241e-15 9.4457e-16 ] 1.0000e+00
 6.086e+01 5.6008e-15 5.6008e-15 [ 1.7724e-51 6.0093e-28 1.7074e-19 4.7545e-15 8.4610e-16 ] 1.0000e+00
 6.097e+01 5.0032e-15 5.0032e-15 [ 1.1966e-51 4.8702e-28 1.4776e-19 4.2453e-15 7.5778e-16 ] 1.0000e+00
 6.109e+01 4.4686e-15 4.4686e-15 [ 8.0740e-52 3.9455e-28 1.2784e-19 3.7899e-15 6.7857e-16 ] 1.0000e+00
 6.120e+01 3.9905e-15 3.9905e-15 [ 5.4445e-52 3.1953e-28 1.1058e-19 3.3829e-15 6.0754e-16 ] 1.0000e+00
 6.131e+01 3.5631e-15 3.5631e-15 [ 3.6693e-52 2.5868e-28 9.5631e-20 3.0191e-15 5.4386e-16 ] 1.0000e+00
 6.143e+01 3.1809e-15 3.1809e-15 [ 2.4714e-52 2.0934e-28 8.2682e-20 2.6940e-15 4.8678e-16 ] 1.0000e+00
 6.154e+01 2.8392e-15 2.8392e-15 [ 1.6636e-52 1.6935e-28 7.1470e-20 2.4035e-15 4.3562e-16 ] 1.0000e+00
 6.165e+01 2.5339e-15 2.5339e-15 [ 1.1192e-52 1.3695e-28 6.1765e-20 2.1440e-15 3.8978e-16 ] 1.0000e+00
 6.177e+01 2.2610e-15 2.2610e-15 [ 7.5246e-53 1.1071e-28 5.3365e-20 1.9122e-15 3.4870e-16 ] 1.0000e+00
 6.188e+01 2.0172e-15 2.0172e-15 [ 5.0562e-53 8.9468e-29 4.6096e-20 1.7052e-15 3.1190e-16 ] 1.0000e+00
 6.199e+01 1.7994e-15 1.7994e-15 [ 3.3955e-53 7.2274e-29 3.9809e-20 1.5204e-15 2.7894e-16 ] 1.0000e+00
 6.211e+01 1.6049e-15 1.6049e-15 [ 2.2789e-53 5.8364e-29 3.4371e-20 1.3554e-15 2.4943e-16 ] 1.0000e+00
 6.222e+01 1.4311e-15 1.4311e-15 [ 1.5287e-53 4.7113e-29 2.9669e-20 1.2081e-15 2.2300e-16 ] 1.0000e+00
 6.233e+01 1.2760e-15 1.2760e-15 [ 1.0248e-53 3.8018e-29 2.5604e-20 1.0766e-15 1.9934e-16 ] 1.0000e+00
 6.245e+01 1.1375e-15 1.1375e-15 [ 6.8659e-54 3.0668e-29 2.2091e-20 9.5931e-16 1.7816e-16 ] 1.0000e+00
 6.256e+01 1.0139e-15 1.0139e-15 [ 4.5974e-54 2.4730e-29 1.9056e-20 8.5464e-16 1.5921e-16 ] 1.0000e+00
 6.267e+01 9.0353e-16 9.0353e-16 [ 3.0766e-54 1.9934e-29 1.6434e-20 7.6127e-16 1.4225e-16 ] 1.0000e+00
 6.279e+01 8.0508e-16 8.0508e-16 [ 2.0577e-54 1.6063e-29 1.4169e-20 6.7799e-16 1.2707e-16 ] 1.0000e+00
 6.290e+01 7.1724e-16 7.1724e-16 [ 1.3754e-54 1.2939e-29 1.2214e-20 6.0373e-16 1.1350e-16 ] 1.0000e+00
 6.301e+01 6.3888e-16 6.3888e-16 [ 9.1886e-55 1.0419e-29 1.0526e-20 5.3751e-16 1.0136e-16 ] 1.0000e+00
 6.313e+01 5.6899e-16 5.6899e-16 [ 6.1349e-55 8.3863e-30 9.0691e-21 4.7848e-16 9.0501e-17 ] 1.0000e+00
 6.324e+01 5.0666e-16 5.0666e-16 [ 4.0937e-55 6.7480e-30 7.8121e-21 4.2586e-16 8.0794e-17 ] 1.0000e+00
 6.335e+01 4.5109e-16 4.5109e-16 [ 2.7300e-55 5.4278e-30 6.7277e-21 3.7897e-16 7.2117e-17 ] 1.0000e+00
 6.347e+01 4.0155e-16 4.0155e-16 [ 1.8196e-55 4.3643e-30 5.7925e-21 3.3719e-16 6.4361e-17 ] 1.0000e+00
 6.358e+01 3.5740e-16 3.5740e-16 [ 1.2121e-55 3.5079e-30 4.9862e-21 2.9996e-16 5.7430e-17 ] 1.0000e+00
 6.369e+01 3.1804e-16 3.1804e-16 [ 8.0692e-56 2.8186e-30 4.2911e-21 2.6680e-16 5.1237e-17 ] 1.0000e+00
 6.381e+01 2.8298e-16 2.8298e-16 [ 5.3689e-56 2.2639e-30 3.6920e-21 2.3727e-16 4.5705e-17 ] 1.0000e+00
 6.392e+01 2.5174e-16 2.5174e-16 [ 3.5702e-56 1.8177e-30 3.1759e-21 2.1097e-16 4.0763e-17 ] 1.0000e+00
 6.403e+01 2.2391e-16 2.2391e-16 [ 2.3728e-56 1.4590e-30 2.7312e-21 1.8756e-16 3.6349e-17 ] 1.0000e+00
 6.415e+01 1.9913e-16 1.9913e-16 [ 1.5760e-56 1.1706e-30 2.3483e-21 1.6672e-16 3.2409e-17 ] 1.0000e+00
 6.426e+01 1.7706e-16 1.7706e-16 [ 1.0462e-56 9.3886e-31 2.0186e-21 1.4817e-16 2.8890e-17 ] 1.0000e+00
 6.437e+01 1.5741e-16 1.5741e-16 [ 6.9414e-57 7.5275e-31 1.7348e-21 1.3166e-16 2.5750e-17 ] 1.0000e+00
 6.449e+01 1.3992e-16 1.3992e-16 [ 4.6027e-57 6.0331e-31 1.4905e-21 1.1697e-16 2.2947e-17 ] 1.0000e+00
 6.460e+01 1.2435e-16 1.2435e-16 [ 3.0503e-57 4.8337e-31 1.2803e-21 1.0390e-16 2.0445e-17 ] 1.0000e+00
 6.471e+01 1.1050e-16 1.1050e-16 [ 2.0203e-57 3.8713e-31 1.0995e-21 9.2283e-17 1.8214e-17 ] 1.0000e+00
 6.483e+01 9.8172e-17 9.8172e-17 [ 1.3373e-57 3.0995e-31 9.4404e-22 8.1948e-17 1.6223e-17 ] 1.0000e+00
 6.494e+01 8.7207e-17 8.7207e-17 [ 8.8477e-58 2.4806e-31 8.1035e-22 7.2758e-17 1.4448e-17 ] 1.0000e+00
 6.505e+01 7.7454e-17 7.7454e-17 [ 5.8502e-58 1.9846e-31 6.9544e-22 6.4589e-17 1.2864e-17 ] 1.0000e+00
 6.517e+01 6.8780e-17 6.8780e-17 [ 3.8660e-58 1.5872e-31 5.9668e-22 5.7327e-17 1.1453e-17 ] 1.0000e+00
 6.528e+01 6.1068e-17 6.1068e-17 [ 2.5534e-58 1.2689e-31 5.1182e-22 5.0873e-17 1.0194e-17 ] 1.0000e+00
 6.539e+01 5.4212e-17 5.4212e-17 [ 1.6855e-58 1.0141e-31 4.3893e-22 4.5139e-17 9.0727e-18 ] 1.0000e+00
 6.551e+01 4.8117e-17 4.8117e-17 [ 1.1120e-58 8.1017e-32 3.7633e-22 4.0044e-17 8.0731e-18 ] 1.0000e+00
 6.562e+01 4.2701e-17 4.2701e-17 [ 7.3317e-59 6.4701e-32 3.2259e-22 3.5518e-17 7.1825e-18 ] 1.0000e+00
 6.573e+01 3.7888e-17 3.7888e-17 [ 4.8315e-59 5.1653e-32 2.7645e-22 3.1499e-17 6.3890e-18 ] 1.0000e+00
 6.585e+01 3.3612e-17 3.3612e-17 [ 3.1821e-59 4.1221e-32 2.3686e-22 2.7930e-17 5.6823e-18 ] 1.0000e+00
 6.596e+01 2.9814e-17 2.9814e-17 [ 2.0946e-59 3.2884e-32 2.0289e-22 2.4761e-17 5.0529e-18 ] 1.0000e+00
 6.607e+01 2.6441e-17 2.6441e-17 [ 1.3780e-59 2.6224e-32 1.7375e-22 2.1948e-17 4.4925e-18 ] 1.0000e+00
 6.619e+01 2.3445e-17 2.3445e-17 [ 9.0608e-60 2.0906e-32 1.4876e-22 1.9452e-17 3.9935e-18 ] 1.0000e+00
 6.630e+01 2.0786e-17 2.0786e-17 [ 5.9544e-60 1.6660e-32 1.2734e-22 1.7236e-17 3.5494e-18 ] 1.0000e+00
 6.641e+01 1.8425e-17 1.8425e-17 [ 3.9108e-60 1.3272e-32 1.0897e-22 1.5271e-17 3.1542e-18 ] 1.0000e+00
 6.653e+01 1.6330e-17 1.6330e-17 [ 2.5671e-60 1.0569e-32 9.3233e-23 1.3527e-17 2.8025e-18 ] 1.0000e+00
 6.664e+01 1.4470e-17 1.4470e-17 [ 1.6842e-60 8.4131e-33 7.9749e-23 1.1980e-17 2.4896e-18 ] 1.0000e+00
 6.675e+01 1.2820e-17 1.2820e-17 [ 1.1043e-60 6.6948e-33 6.8199e-23 1.0609e-17 2.2112e-18 ] 1.0000e+00
 6.687e+01 1.1357e-17 1.1357e-17 [ 7.2371e-61 5.3256e-33 5.8309e-23 9.3928e-18 1.9637e-18 ] 1.0000e+00
 6.698e+01 1.0058e-17 1.0058e-17 [ 4.7402e-61 4.2349e-33 4.9840e-23 8.3147e-18 1.7436e-18 ] 1.0000e+00
 6.709e+01 8.9071e-18 8.9071e-18 [ 3.1030e-61 3.3663e-33 4.2592e-23 7.3592e-18 1.5479e-18 ] 1.0000e+00
 6.721e+01 7.8863e-18 7.8863e-18 [ 2.0302e-61 2.6750e-33 3.6389e-23 6.5124e-18 1.3739e-18 ] 1.0000e+00
 6.732e+01 6.9813e-18 6.9813e-18 [ 1.3275e-61 2.1248e-33 3.1083e-23 5.7620e-18 1.2193e-18 ] 1.0000e+00
 6.743e+01 6.1792e-18 6.1792e-18 [ 8.6760e-62 1.6872e-33 2.6544e-23 5.0973e-18 1.0819e-18 ] 1.0000e+00
 6.755e+01 5.4683e-18 5.4683e-18 [ 5.6670e-62 1.3393e-33 2.2662e-23 4.5085e-18 9.5978e-19 ] 1.0000e+00
 6.766e+01 4.8384e-18 4.8384e-18 [ 3.6996e-62 1.0627e-33 1.9344e-23 3.9870e-18 8.5134e-19 ] 1.0000e+00
 6.777e+01 4.2803e-18 4.2803e-18 [ 2.4139e-62 8.4295e-34 1.6507e-23 3.5253e-18 7.5502e-19 ] 1.0000e+00
 6.789e+01 3.7860e-18 3.7860e-18 [ 1.5741e-62 6.6840e-34 1.4083e-23 3.1165e-18 6.6948e-19 ] 1.0000e+00
 6.800e+01 3.3482e-18 3.3482e-18 [ 1.0260e-62 5.2980e-34 1.2012e-23 2.7547e-18 5.9354e-19 ] 1.0000e+00
 6.811e+01 2.9606e-18 2.9606e-18 [ 6.6833e-63 4.1979e-34 1.0244e-23 2.4345e-18 5.2612e-19 ] 1.0000e+00
 6.823e+01 2.6174e-18 2.6174e-18 [ 4.3512e-63 3.3250e-34 8.7334e-24 2.1511e-18 4.6628e-19 ] 1.0000e+00
 6.834e+01 2.3136e-18 2.3136e-18 [ 2.8314e-63 2.6327e-34 7.4439e-24 1.9004e-18 4.1317e-19 ] 1.0000e+00
 6.845e+01 2.0447e-18 2.0447e-18 [ 1.8414e-63 2.0838e-34 6.3434e-24 1.6786e-18 3.6606e-19 ] 1.0000e+00
 6.857e+01 1.8067e-18 1.8067e-18 [ 1.1969e-63 1.6488e-34 5.4043e-24 1.4825e-18 3.2426e-19 ] 1.0000e+00
 6.868e+01 1.5962e-18 1.5962e-18 [ 7.7759e-64 1.3041e-34 4.6031e-24 1.3090e-18 2.8718e-19 ] 1.0000e+00
 6.879e+01 1.4100e-18 1.4100e-18 [ 5.0489e-64 1.0311e-34 3.9198e-24 1.1557e-18 2.5430e-19 ] 1.0000e+00
 6.891e+01 1.2453e-18 1.2453e-18 [ 3.2765e-64 8.1495e-35 3.3371e-24 1.0201e-18 2.2515e-19 ] 1.0000e+00
 6.902e+01 1.0996e-18 1.0996e-18 [ 2.1252e-64 6.4389e-35 2.8404e-24 9.0034e-19 1.9931e-19 ] 1.0000e+00
 6.913e+01 9.7087e-19 9.7087e-19 [ 1.3777e-64 5.0855e-35 2.4170e-24 7.9447e-19 1.7640e-19 ] 1.0000e+00
 6.925e+01 8.5703e-19 8.5703e-19 [ 8.9262e-65 4.0152e-35 2.0563e-24 7.0093e-19 1.5610e-19 ] 1.0000e+00
 6.936e+01 7.5641e-19 7.5641e-19 [ 5.7804e-65 3.1690e-35 1.7490e-24 6.1830e-19 1.3811e-19 ] 1.0000e+00
 6.947e+01 6.6750e-19 6.6750e-19 [ 3.7412e-65 2.5002e-35 1.4872e-24 5.4532e-19 1.2217e-19 ] 1.0000e+00
 6.959e+01 5.8893e-19 5.8893e-19 [ 2.4201e-65 1.9719e-35 1.2643e-24 4.8087e-19 1.0806e-19 ] 1.0000e+00
 6.970e+01 5.1953e-19 5.1953e-19 [ 1.5647e-65 1.5546e-35 1.0746e-24 4.2397e-19 9.5556e-20 ] 1.0000e+00
 6.981e+01 4.5823e-19 4.5823e-19 [ 1.0111e-65 1.2252e-35 9.1315e-25 3.7374e-19 8.4487e-20 ] 1.0000e+00
 6.993e+01 4.0409e-19 4.0409e-19 [ 6.5303e-66 9.6530e-36 7.7576e-25 3.2940e-19 7.4687e-20 ] 1.0000e+00
 7.004e+01 3.5629e-19 3.5629e-19 [ 4.2154e-66 7.6023e-36 6.5888e-25 2.9027e-19 6.6013e-20 ] 1.0000e+00
 7.015e+01 3.1409e-19 3.1409e-19 [ 2.7196e-66 5.9852e-36 5.5948e-25 2.5575e-19 5.8336e-20 ] 1.0000e+00
 7.027e+01 2.7684e-19 2.7684e-19 [ 1.7537e-66 4.7103e-36 4.7496e-25 2.2530e-19 5.1543e-20 ] 1.0000e+00
 7.038e+01 2.4397e-19 2.4397e-19 [ 1.1303e-66 3.7057e-36 4.0312e-25 1.9844e-19 4.5533e-20 ] 1.0000e+00
 7.049e+01 2.1497e-19 2.1497e-19 [ 7.2806e-67 2.9143e-36 3.4206e-25 1.7475e-19 4.0218e-20 ] 1.0000e+00
 7.061e+01 1.8938e-19 1.8938e-19 [ 4.6874e-67 2.2911e-36 2.9018e-25 1.5386e-19 3.5516e-20 ] 1.0000e+00
 7.072e+01 1.6681e-19 1.6681e-19 [ 3.0162e-67 1.8005e-36 2.4611e-25 1.3545e-19 3.1359e-20 ] 1.0000e+00
 7.083e+01 1.4690e-19 1.4690e-19 [ 1.9399e-67 1.4145e-36 2.0868e-25 1.1922e-19 2.7684e-20 ] 1.0000e+00
 7.095e+01 1.2935e-19 1.2935e-19 [ 1.2470e-67 1.1108e-36 1.7691e-25 1.0491e-19 2.4435e-20 ] 1.0000e+00
 7.106e+01 1.1387e-19 1.1387e-19 [ 8.0114e-68 8.7204e-37 1.4993e-25 9.2311e-20 2.1564e-20 ] 1.0000e+00
 7.117e+01 1.0023e-19 1.0023e-19 [ 5.1444e-68 6.8434e-37 1.2704e-25 8.1208e-20 1.9027e-20 ] 1.0000e+00
 7.129e+01 8.8214e-20 8.8214e-20 [ 3.3017e-68 5.3685e-37 1.0762e-25 7.1428e-20 1.6785e-20 ] 1.0000e+00
 7.140e+01 7.7621e-20 7.7621e-20 [ 2.1179e-68 4.2100e-37 9.1145e-26 6.2816e-20 1.4805e-20 ] 1.0000e+00
 7.151e+01 6.8289e-20 6.8289e-20 [ 1.3579e-68 3.3003e-37 7.7174e-26 5.5232e-20 1.3057e-20 ] 1.0000e+00
 7.163e+01 6.0068e-20 6.0068e-20 [ 8.7015e-69 2.5862e-37 6.5329e-26 4.8556e-20 1.1513e-20 ] 1.0000e+00
 7.174e+01 5.2829e-20 5.2829e-20 [ 5.5731e-69 2.0260e-37 5.5289e-26 4.2679e-20 1.0149e-20 ] 1.0000e+00
 7.185e+01 4.6454e-20 4.6454e-20 [ 3.5676e-69 1.5865e-37 4.6781e-26 3.7508e-20 8.9459e-21 ] 1.0000e+00
 7.197e+01 4.0841e-20 4.0841e-20 [ 2.2826e-69 1.2419e-37 3.9573e-26 3.2957e-20 7.8839e-21 ] 1.0000e+00
 7.208e+01 3.5900e-20 3.5900e-20 [ 1.4597e-69 9.7183e-38 3.3467e-26 2.8953e-20 6.9467e-21 ] 1.0000e+00
 7.219e+01 3.1552e-20 3.1552e-20 [ 9.3299e-70 7.6021e-38 2.8297e-26 2.5432e-20 6.1199e-21 ] 1.0000e+00
 7.231e+01 2.7725e-20 2.7725e-20 [ 5.9602e-70 5.9446e-38 2.3920e-26 2.2335e-20 5.3906e-21 ] 1.0000e+00
 7.242e+01 2.4359e-20 2.4359e-20 [ 3.8056e-70 4.6469e-38 2.0215e-26 1.9611e-20 4.7473e-21 ] 1.0000e+00
 7.253e+01 2.1397e-20 2.1397e-20 [ 2.4287e-70 3.6311e-38 1.7080e-26 1.7217e-20 4.1801e-21 ] 1.0000e+00
 7.265e+01 1.8793e-20 1.8793e-20 [ 1.5491e-70 2.8364e-38 1.4427e-26 1.5113e-20 3.6800e-21 ] 1.0000e+00
 7.276e+01 1.6503e-20 1.6503e-20 [ 9.8763e-71 2.2148e-38 1.2184e-26 1.3263e-20 3.2392e-21 ] 1.0000e+00
 7.287e+01 1.4489e-20 1.4489e-20 [ 6.2932e-71 1.7288e-38 1.0287e-26 1.1638e-20 2.8507e-21 ] 1.0000e+00
 7.299e+01 1.2719e-20 1.2719e-20 [ 4.0080e-71 1.3490e-38 8.6833e-27 1.0210e-20 2.5084e-21 ] 1.0000e+00
 7.310e+01 1.1163e-20 1.1163e-20 [ 2.5513e-71 1.0523e-38 7.3279e-27 8.9562e-21 2.2068e-21 ] 1.0000e+00
 7.321e+01 9.7958e-21 9.7958e-21 [ 1.6233e-71 8.2050e-39 6.1825e-27 7.8547e-21 1.9411e-21 ] 1.0000e+00
 7.333e+01 8.5946e-21 8.5946e-21 [ 1.0323e-71 6.3955e-39 5.2150e-27 6.8875e-21 1.7071e-21 ] 1.0000e+00
 7.344e+01 7.5394e-21 7.5394e-21 [ 6.5609e-72 4.9834e-39 4.3978e-27 6.0384e-21 1.5010e-21 ] 1.0000e+00
 7.355e+01 6.6126e-21 6.6126e-21 [ 4.1680e-72 3.8816e-39 3.7078e-27 5.2930e-21 1.3196e-21 ] 1.0000e+00
 7.367e+01 5.7988e-21 5.7988e-21 [ 2.6465e-72 3.0224e-39 3.1253e-27 4.6388e-21 1.1600e-21 ] 1.0000e+00
 7.378e+01 5.0842e-21 5.0842e-21 [ 1.6796e-72 2.3525e-39 2.6336e-27 4.0648e-21 1.0194e-21 ] 1.0000e+00
 7.389e+01 4.4570e-21 4.4570e-21 [ 1.0654e-72 1.8304e-39 2.2188e-27 3.5612e-21 8.9575e-22 ] 1.0000e+00
 7.401e+01 3.9064e-21 3.9064e-21 [ 6.7545e-73 1.4237e-39 1.8689e-27 3.1195e-21 7.8694e-22 ] 1.0000e+00
 7.412e+01 3.4233e-21 3.4233e-21 [ 4.2802e-73 1.1070e-39 1.5738e-27 2.7321e-21 6.9124e-22 ] 1.0000e+00
 7.423e+01 2.9994e-21 2.9994e-21 [ 2.7109e-73 8.6043e-40 1.3250e-27 2.3923e-21 6.0706e-22 ] 1.0000e+00
 7.435e+01 2.6276e-21 2.6276e-21 [ 1.7162e-73 6.6854e-40 1.1152e-27 2.0945e-21 5.3305e-22 ] 1.0000e+00
 7.446e+01 2.3014e-21 2.3014e-21 [ 1.0859e-73 5.1926e-40 9.3843e-28 1.8334e-21 4.6797e-22 ] 1.0000e+00
 7.457e+01 2.0154e-21 2.0154e-21 [ 6.8673e-74 4.0317e-40 7.8949e-28 1.6046e-21 4.1077e-22 ] 1.0000e+00
 7.469e+01 1.7646e-21 1.7646e-21 [ 4.3409e-74 3.1292e-40 6.6403e-28 1.4041e-21 3.6050e-22 ] 1.0000e+00
 7.480e+01 1.5448e-21 1.5448e-21 [ 2.7425e-74 2.4279e-40 5.5837e-28 1.2285e-21 3.1633e-22 ] 1.0000e+00
 7.491e+01 1.3521e-21 1.3521e-21 [ 1.7319e-74 1.8831e-40 4.6941e-28 1.0746e-21 2.7751e-22 ] 1.0000e+00
 7.503e+01 1.1833e-21 1.1833e-21 [ 1.0931e-74 1.4600e-40 3.9454e-28 9.3983e-22 2.4342e-22 ] 1.0000e+00
 7.514e+01 1.0353e-21 1.0353e-21 [ 6.8959e-75 1.1316e-40 3.3152e-28 8.2183e-22 2.1348e-22 ] 1.0000e+00
 7.525e+01 9.0571e-22 9.0571e-22 [ 4.3482e-75 8.7672e-41 2.7850e-28 7.1852e-22 1.8719e-22 ] 1.0000e+00
 7.537e+01 7.9219e-22 7.9219e-22 [ 2.7404e-75 6.7903e-41 2.3391e-28 6.2808e-22 1.6411e-22 ] 1.0000e+00
 7.548e+01 6.9278e-22 6.9278e-22 [ 1.7263e-75 5.2572e-41 1.9641e-28 5.4894e-22 1.4385e-22 ] 1.0000e+00
 7.559e+01 6.0575e-22 6.0575e-22 [ 1.0869e-75 4.0689e-41 1.6488e-28 4.7968e-22 1.2607e-22 ] 1.0000e+00
 7.571e+01 5.2955e-22 5.2955e-22 [ 6.8399e-76 3.1480e-41 1.3838e-28 4.1909e-22 1.1046e-22 ] 1.0000e+00
 7.582e+01 4.6286e-22 4.6286e-22 [ 4.3023e-76 2.4347e-41 1.1611e-28 3.6609e-22 9.6775e-23 ] 1.0000e+00
 7.593e+01 4.0450e-22 4.0450e-22 [ 2.7049e-76 1.8823e-41 9.7404e-29 3.1973e-22 8.4768e-23 ] 1.0000e+00
 7.605e+01 3.5344e-22 3.5344e-22 [ 1.6997e-76 1.4548e-41 8.1691e-29 2.7920e-22 7.4237e-23 ] 1.0000e+00
 7.616e+01 3.0876e-22 3.0876e-22 [ 1.0676e-76 1.1239e-41 6.8495e-29 2.4376e-22 6.5003e-23 ] 1.0000e+00
 7.627e+01 2.6969e-22 2.6969e-22 [ 6.7019e-77 8.6804e-42 5.7418e-29 2.1278e-22 5.6908e-23 ] 1.0000e+00
 7.639e+01 2.3552e-22 2.3552e-22 [ 4.2053e-77 6.7016e-42 4.8120e-29 1.8571e-22 4.9812e-23 ] 1.0000e+00
 7.650e+01 2.0565e-22 2.0565e-22 [ 2.6374e-77 5.1720e-42 4.0319e-29 1.6206e-22 4.3593e-23 ] 1.0000e+00
 7.661e+01 1.7953e-22 1.7953e-22 [ 1.6533e-77 3.9902e-42 3.3774e-29 1.4139e-22 3.8144e-23 ] 1.0000e+00
 7.673e+01 1.5670e-22 1.5670e-22 [ 1.0359e-77 3.0773e-42 2.8285e-29 1.2333e-22 3.3370e-23 ] 1.0000e+00
 7.684e+01 1.3676e-22 1.3676e-22 [ 6.4875e-78 2.3724e-42 2.3682e-29 1.0757e-22 2.9189e-23 ] 1.0000e+00
 7.695e+01 1.1933e-22 1.1933e-22 [ 4.0609e-78 1.8284e-42 1.9823e-29 9.3800e-23 2.5527e-23 ] 1.0000e+00
 7.707e+01 1.0410e-22 1.0410e-22 [ 2.5407e-78 1.4086e-42 1.6589e-29 8.1780e-23 2.2320e-23 ] 1.0000e+00
 7.718e+01 9.0801e-23 9.0801e-23 [ 1.5889e-78 1.0848e-42 1.3880e-29 7.1288e-23 1.9513e-23 ] 1.0000e+00
 7.729e+01 7.9187e-23 7.9187e-23 [ 9.9314e-79 8.3513e-43 1.1610e-29 6.2131e-23 1.7056e-23 ] 1.0000e+00
 7.741e+01 6.9047e-23 6.9047e-23 [ 6.2047e-79 6.4270e-43 9.7091e-30 5.4141e-23 1.4905e-23 ] 1.0000e+00
 7.752e+01 6.0194e-23 6.0194e-23 [ 3.8746e-79 4.9444e-43 8.1174e-30 4.7170e-23 1.3024e-23 ] 1.0000e+00
 7.763e+01 5.2468e-23 5.2468e-23 [ 2.4183e-79 3.8024e-43 6.7851e-30 4.1090e-23 1.1378e-23 ] 1.0000e+00
 7.775e+01 4.5725e-23 4.5725e-23 [ 1.5087e-79 2.9232e-43 5.6701e-30 3.5787e-23 9.9379e-24 ] 1.0000e+00
 7.786e+01 3.9842e-23 3.9842e-23 [ 9.4078e-80 2.2464e-43 4.7371e-30 3.1163e-23 8.6788e-24 ] 1.0000e+00
 7.797e+01 3.4709e-23 3.4709e-23 [ 5.8635e-80 1.7258e-43 3.9567e-30 2.7131e-23 7.5779e-24 ] 1.0000e+00
 7.809e+01 3.0233e-23 3.0233e-23 [ 3.6528e-80 1.3253e-43 3.3041e-30 2.3618e-23 6.6155e-24 ] 1.0000e+00
 7.820e+01 2.6329e-23 2.6329e-23 [ 2.2745e-80 1.0174e-43 2.7585e-30 2.0555e-23 5.7742e-24 ] 1.0000e+00
 7.831e+01 2.2926e-23 2.2926e-23 [ 1.4156e-80 7.8077e-44 2.3024e-30 1.7887e-23 5.0391e-24 ] 1.0000e+00
 7.843e+01 1.9959e-23 1.9959e-23 [ 8.8062e-81 5.9895e-44 1.9213e-30 1.5562e-23 4.3967e-24 ] 1.0000e+00
 7.854e+01 1.7372e-23 1.7372e-23 [ 5.4756e-81 4.5932e-44 1.6028e-30 1.3537e-23 3.8356e-24 ] 1.0000e+00
 7.865e+01 1.5119e-23 1.5119e-23 [ 3.4030e-81 3.5211e-44 1.3369e-30 1.1773e-23 3.3455e-24 ] 1.0000e+00
 7.877e+01 1.3155e-23 1.3155e-23 [ 2.1140e-81 2.6983e-44 1.1148e-30 1.0238e-23 2.9175e-24 ] 1.0000e+00
 7.888e+01 1.1444e-23 1.1444e-23 [ 1.3126e-81 2.0670e-44 9.2933e-31 8.9007e-24 2.5438e-24 ] 1.0000e+00
 7.899e+01 9.9546e-24 9.9546e-24 [ 8.1460e-82 1.5829e-44 7.7456e-31 7.7370e-24 2.2176e-24 ] 1.0000e+00
 7.911e+01 8.6572e-24 8.6572e-24 [ 5.0531e-82 1.2117e-44 6.4541e-31 6.7243e-24 1.9328e-24 ] 1.0000e+00
 7.922e+01 7.5275e-24 7.5275e-24 [ 3.1331e-82 9.2726e-45 5.3767e-31 5.8431e-24 1.6844e-24 ] 1.0000e+00
 7.933e+01 6.5441e-24 6.5441e-24 [ 1.9417e-82 7.0932e-45 4.4780e-31 5.0765e-24 1.4676e-24 ] 1.0000e+00
 7.945e+01 5.6882e-24 5.6882e-24 [ 1.2028e-82 5.4242e-45 3.7287e-31 4.4097e-24 1.2785e-24 ] 1.0000e+00
 7.956e+01 4.9433e-24 4.9433e-24 [ 7.4469e-83 4.1464e-45 3.1040e-31 3.8298e-24 1.1135e-24 ] 1.0000e+00
 7.967e+01 4.2953e-24 4.2953e-24 [ 4.6086e-83 3.1685e-45 2.5833e-31 3.3256e-24 9.6967e-25 ] 1.0000e+00
 7.979e+01 3.7315e-24 3.7315e-24 [ 2.8508e-83 2.4204e-45 2.1495e-31 2.8873e-24 8.4426e-25 ] 1.0000e+00
 7.990e+01 3.2412e-24 3.2412e-24 [ 1.7626e-83 1.8482e-45 1.7880e-31 2.5063e-24 7.3495e-25 ] 1.0000e+00
 8.001e+01 2.8148e-24 2.8148e-24 [ 1.0893e-83 1.4108e-45 1.4870e-31 2.1751e-24 6.3967e-25 ] 1.0000e+00
 8.013e+01 2.4441e-24 2.4441e-24 [ 6.7285e-84 1.0766e-45 1.2364e-31 1.8874e-24 5.5664e-25 ] 1.0000e+00
 8.024e+01 2.1218e-24 2.1218e-24 [ 4.1543e-84 8.2121e-46 1.0278e-31 1.6375e-24 4.8431e-25 ] 1.0000e+00
 8.035e+01 1.8417e-24 1.8417e-24 [ 2.5637e-84 6.2620e-46 8.5414e-32 1.4204e-24 4.2130e-25 ] 1.0000e+00
 8.047e+01 1.5983e-24 1.5983e-24 [ 1.5814e-84 4.7733e-46 7.0967e-32 1.2319e-24 3.6642e-25 ] 1.0000e+00
 8.058e+01 1.3868e-24 1.3868e-24 [ 9.7501e-85 3.6372e-46 5.8950e-32 1.0682e-24 3.1863e-25 ] 1.0000e+00
 8.069e+01 1.2031e-24 1.2031e-24 [ 6.0086e-85 2.7705e-46 4.8955e-32 9.2608e-25 2.7703e-25 ] 1.0000e+00
 8.081e+01 1.0435e-24 1.0435e-24 [ 3.7012e-85 2.1096e-46 4.0646e-32 8.0273e-25 2.4081e-25 ] 1.0000e+00
 8.092e+01 9.0499e-25 9.0499e-25 [ 2.2788e-85 1.6058e-46 3.3738e-32 6.9570e-25 2.0930e-25 ] 1.0000e+00
 8.103e+01 7.8470e-25 7.8470e-25 [ 1.4024e-85 1.2219e-46 2.7998e-32 6.0282e-25 1.8187e-25 ] 1.0000e+00
 8.115e+01 6.8027e-25 6.8027e-25 [ 8.6262e-86 9.2941e-47 2.3229e-32 5.2226e-25 1.5801e-25 ] 1.0000e+00
 8.126e+01 5.8964e-25 5.8964e-25 [ 5.3036e-86 7.0669e-47 1.9267e-32 4.5238e-25 1.3726e-25 ] 1.0000e+00
 8.137e+01 5.1099e-25 5.1099e-25 [ 3.2593e-86 5.3715e-47 1.5978e-32 3.9178e-25 1.1921e-25 ] 1.0000e+00
 8.149e+01 4.4275e-25 4.4275e-25 [ 2.0021e-86 4.0814e-47 1.3246e-32 3.3924e-25 1.0351e-25 ] 1.0000e+00
 8.160e+01 3.8356e-25 3.8356e-25 [ 1.2292e-86 3.1001e-47 1.0979e-32 2.9369e-25 8.9869e-26 ] 1.0000e+00
 8.171e+01 3.3222e-25 3.3222e-25 [ 7.5435e-87 2.3538e-47 9.0982e-33 2.5422e-25 7.8009e-26 ] 1.0000e+00
 8.183e+01 2.8771e-25 2.8771e-25 [ 4.6272e-87 1.7866e-47 7.5375e-33 2.2001e-25 6.7702e-26 ] 1.0000e+00
 8.194e+01 2.4911e-25 2.4911e-25 [ 2.8370e-87 1.3556e-47 6.2430e-33 1.9037e-25 5.8747e-26 ] 1.0000e+00
 8.205e+01 2.1566e-25 2.1566e-25 [ 1.7386e-87 1.0282e-47 5.1696e-33 1.6469e-25 5.0967e-26 ] 1.0000e+00
 8.217e+01 1.8666e-25 1.8666e-25 [ 1.0650e-87 7.7955e-48 4.2797e-33 1.4245e-25 4.4209e-26 ] 1.0000e+00
 8.228e+01 1.6154e-25 1.6154e-25 [ 6.5205e-88 5.9084e-48 3.5422e-33 1.2320e-25 3.8341e-26 ] 1.0000e+00
 8.239e+01 1.3977e-25 1.3977e-25 [ 3.9904e-88 4.4765e-48 2.9310e-33 1.0652e-25 3.3245e-26 ] 1.0000e+00
 8.251e+01 1.2091e-25 1.2091e-25 [ 2.4409e-88 3.3904e-48 2.4247e-33 9.2090e-26 2.8822e-26 ] 1.0000e+00
 8.262e+01 1.0458e-25 1.0458e-25 [ 1.4924e-88 2.5669e-48 2.0054e-33 7.9598e-26 2.4982e-26 ] 1.0000e+00
 8.273e+01 9.0440e-26 9.0440e-26 [ 9.1204e-89 1.9428e-48 1.6582e-33 6.8789e-26 2.1651e-26 ] 1.0000e+00
 8.285e+01 7.8197e-26 7.8197e-26 [ 5.5711e-89 1.4698e-48 1.3708e-33 5.9437e-26 1.8760e-26 ] 1.0000e+00
 8.296e+01 6.7599e-26 6.7599e-26 [ 3.4015e-89 1.1116e-48 1.1329e-33 5.1347e-26 1.6252e-26 ] 1.0000e+00
 8.307e+01 5.8428e-26 5.8428e-26 [ 2.0758e-89 8.4039e-49 9.3607e-34 4.4351e-26 1.4077e-26 ] 1.0000e+00
 8.319e+01 5.0492e-26 5.0492e-26 [ 1.2662e-89 6.3512e-49 7.7326e-34 3.8301e-26 1.2191e-26 ] 1.0000e+00
 8.330e+01 4.3626e-26 4.3626e-26 [ 7.7202e-90 4.7981e-49 6.3861e-34 3.3070e-26 1.0555e-26 ] 1.0000e+00
 8.341e+01 3.7687e-26 3.7687e-26 [ 4.7049e-90 3.6235e-49 5.2727e-34 2.8549e-26 9.1378e-27 ] 1.0000e+00
 8.353e+01 3.2551e-26 3.2551e-26 [ 2.8659e-90 2.7355e-49 4.3525e-34 2.4641e-26 7.9092e-27 ] 1.0000e+00
 8.364e+01 2.8109e-26 2.8109e-26 [ 1.7449e-90 2.0643e-49 3.5920e-34 2.1265e-26 6.8445e-27 ] 1.0000e+00
 8.375e+01 2.4270e-26 2.4270e-26 [ 1.0619e-90 1.5572e-49 2.9636e-34 1.8348e-26 5.9221e-27 ] 1.0000e+00
 8.387e+01 2.0951e-26 2.0951e-26 [ 6.4593e-91 1.1743e-49 2.4446e-34 1.5828e-26 5.1231e-27 ] 1.0000e+00
 8.398e+01 1.8083e-26 1.8083e-26 [ 3.9272e-91 8.8520e-50 2.0160e-34 1.3652e-26 4.4310e-27 ] 1.0000e+00
 8.409e+01 1.5605e-26 1.5605e-26 [ 2.3866e-91 6.6703e-50 1.6621e-34 1.1773e-26 3.8318e-27 ] 1.0000e+00
 8.421e+01 1.3464e-26 1.3464e-26 [ 1.4497e-91 5.0244e-50 1.3700e-34 1.0151e-26 3.3130e-27 ] 1.0000e+00
 8.432e+01 1.1614e-26 1.1614e-26 [ 8.8017e-92 3.7833e-50 1.1290e-34 8.7503e-27 2.8640e-27 ] 1.0000e+00
 8.443e+01 1.0017e-26 1.0017e-26 [ 5.3413e-92 2.8477e-50 9.3012e-35 7.5418e-27 2.4753e-27 ] 1.0000e+00
 8.455e+01 8.6381e-27 8.6381e-27 [ 3.2399e-92 2.1426e-50 7.6611e-35 6.4991e-27 2.1390e-27 ] 1.0000e+00
 8.466e+01 7.4477e-27 7.4477e-27 [ 1.9643e-92 1.6116e-50 6.3086e-35 5.5996e-27 1.8481e-27 ] 1.0000e+00
 8.477e+01 6.4201e-27 6.4201e-27 [ 1.1904e-92 1.2117e-50 5.1936e-35 4.8237e-27 1.5964e-27 ] 1.0000e+00
 8.489e+01 5.5333e-27 5.5333e-27 [ 7.2102e-93 9.1066e-51 4.2747e-35 4.1545e-27 1.3788e-27 ] 1.0000e+00
 8.500e+01 4.7682e-27 4.7682e-27 [ 4.3652e-93 6.8417e-51 3.5175e-35 3.5776e-27 1.1906e-27 ] 1.0000e+00
 8.511e+01 4.1081e-27 4.1081e-27 [ 2.6416e-93 5.1382e-51 2.8937e-35 3.0802e-27 1.0279e-27 ] 1.0000e+00
 8.523e+01 3.5388e-27 3.5388e-27 [ 1.5978e-93 3.8574e-51 2.3799e-35 2.6515e-27 8.8733e-28 ] 1.0000e+00
 8.534e+01 3.0479e-27 3.0479e-27 [ 9.6595e-94 2.8947e-51 1.9569e-35 2.2821e-27 7.6581e-28 ] 1.0000e+00
 8.545e+01 2.6245e-27 2.6245e-27 [ 5.8370e-94 2.1715e-51 1.6087e-35 1.9637e-27 6.6081e-28 ] 1.0000e+00
 8.557e+01 2.2596e-27 2.2596e-27 [ 3.5255e-94 1.6283e-51 1.3221e-35 1.6895e-27 5.7011e-28 ] 1.0000e+00
 8.568e+01 1.9451e-27 1.9451e-27 [ 2.1283e-94 1.2206e-51 1.0863e-35 1.4533e-27 4.9177e-28 ] 1.0000e+00
 8.579e+01 1.6740e-27 1.6740e-27 [ 1.2842e-94 9.1455e-52 8.9234e-36 1.2499e-27 4.2412e-28 ] 1.0000e+00
 8.591e+01 1.4405e-27 1.4405e-27 [ 7.7455e-95 6.8500e-52 7.3283e-36 1.0748e-27 3.6570e-28 ] 1.0000e+00
 8.602e+01 1.2393e-27 1.2393e-27 [ 4.6692e-95 5.1286e-52 6.0168e-36 9.2406e-28 3.1528e-28 ] 1.0000e+00
 8.613e+01 1.0661e-27 1.0661e-27 [ 2.8134e-95 3.8384e-52 4.9388e-36 7.9431e-28 2.7176e-28 ] 1.0000e+00
 8.625e+01 9.1686e-28 9.1686e-28 [ 1.6944e-95 2.8716e-52 4.0529e-36 6.8266e-28 2.3420e-28 ] 1.0000e+00
 8.636e+01 7.8840e-28 7.8840e-28 [ 1.0199e-95 2.1474e-52 3.3251e-36 5.8660e-28 2.0180e-28 ] 1.0000e+00
 8.647e+01 6.7781e-28 6.7781e-28 [ 6.1365e-96 1.6053e-52 2.7273e-36 5.0396e-28 1.7385e-28 ] 1.0000e+00
 8.659e+01 5.8263e-28 5.8263e-28 [ 3.6903e-96 1.1995e-52 2.2364e-36 4.3289e-28 1.4974e-28 ] 1.0000e+00
 8.670e+01 5.0073e-28 5.0073e-28 [ 2.2182e-96 8.9597e-53 1.8334e-36 3.7177e-28 1.2896e-28 ] 1.0000e+00
 8.681e+01 4.3026e-28 4.3026e-28 [ 1.3326e-96 6.6896e-53 1.5026e-36 3.1923e-28 1.1103e-28 ] 1.0000e+00
 8.693e+01 3.6965e-28 3.6965e-28 [ 8.0024e-97 4.9927e-53 1.2312e-36 2.7406e-28 9.5586e-29 ] 1.0000e+00
 8.704e+01 3.1751e-28 3.1751e-28 [ 4.8029e-97 3.7247e-53 1.0086e-36 2.3524e-28 8.2272e-29 ] 1.0000e+00
 8.715e+01 2.7268e-28 2.7268e-28 [ 2.8813e-97 2.7776e-53 8.2601e-37 2.0188e-28 7.0800e-29 ] 1.0000e+00
 8.727e+01 2.3414e-28 2.3414e-28 [ 1.7276e-97 2.0705e-53 6.7630e-37 1.7323e-28 6.0917e-29 ] 1.0000e+00
 8.738e+01 2.0101e-28 2.0101e-28 [ 1.0354e-97 1.5428e-53 5.5358e-37 1.4861e-28 5.2403e-29 ] 1.0000e+00
 8.749e+01 1.7254e-28 1.7254e-28 [ 6.2018e-98 1.1491e-53 4.5301e-37 1.2747e-28 4.5072e-29 ] 1.0000e+00
 8.761e+01 1.4807e-28 1.4807e-28 [ 3.7130e-98 8.5548e-54 3.7061e-37 1.0932e-28 3.8759e-29 ] 1.0000e+00
 8.772e+01 1.2705e-28 1.2705e-28 [ 2.2219e-98 6.3664e-54 3.0312e-37 9.3731e-29 3.3324e-29 ] 1.0000e+00
 8.783e+01 1.0900e-28 1.0900e-28 [ 1.3289e-98 4.7357e-54 2.4786e-37 8.0353e-29 2.8646e-29 ] 1.0000e+00
 8.795e+01 9.3493e-29 9.3493e-29 [ 7.9442e-99 3.5213e-54 2.0261e-37 6.8873e-29 2.4620e-29 ] 1.0000e+00
 8.806e+01 8.0178e-29 8.0178e-29 [ 4.7466e-99 2.6171e-54 1.6558e-37 5.9022e-29 2.1156e-29 ] 1.0000e+00
 8.817e+01 6.8748e-29 6.8748e-29 [ 2.8347e-99 1.9443e-54 1.3528e-37 5.0571e-29 1.8177e-29 ] 1.0000e+00
 8.829e+01 5.8936e-29 5.8936e-29 [ 1.6920e-99 1.4438e-54 1.1050e-37 4.3322e-29 1.5614e-29 ] 1.0000e+00
 8.840e+01 5.0516e-29 5.0516e-29 [ 1.0094e-99 1.0717e-54 9.0230e-38 3.7106e-29 1.3410e-29 ] 1.0000e+00
 8.851e+01 4.3290e-29 4.3290e-29 [ 6.0187e-100 7.9516e-55 7.3658e-38 3.1776e-29 1.1515e-29 ] 1.0000e+00
 8.863e+01 3.7092e-29 3.7092e-29 [ 3.5869e-100 5.8970e-55 6.0114e-38 2.7206e-29 9.8858e-30 ] 1.0000e+00
 8.874e+01 3.1776e-29 3.1776e-29 [ 2.1366e-100 4.3714e-55 4.9045e-38 2.3290e-29 8.4857e-30 ] 1.0000e+00
 8.885e+01 2.7216e-29 2.7216e-29 [ 1.2720e-100 3.2390e-55 4.0004e-38 1.9934e-29 7.2826e-30 ] 1.0000e+00
 8.897e+01 2.3307e-29 2.3307e-29 [ 7.5687e-101 2.3988e-55 3.2620e-38 1.7058e-29 6.2489e-30 ] 1.0000e+00
 8.908e+01 1.9955e-29 1.9955e-29 [ 4.5013e-101 1.7758e-55 2.6591e-38 1.4594e-29 5.3610e-30 ] 1.0000e+00
 8.919e+01 1.7083e-29 1.7083e-29 [ 2.6756e-101 1.3140e-55 2.1670e-38 1.2485e-29 4.5984e-30 ] 1.0000e+00
 8.931e+01 1.4621e-29 1.4621e-29 [ 1.5895e-101 9.7182e-56 1.7654e-38 1.0678e-29 3.9436e-30 ] 1.0000e+00
 8.942e+01 1.2512e-29 1.2512e-29 [ 9.4380e-102 7.1842e-56 1.4378e-38 9.1308e-30 3.3814e-30 ] 1.0000e+00
 8.953e+01 1.0705e-29 1.0705e-29 [ 5.6010e-102 5.3084e-56 1.1707e-38 7.8065e-30 2.8988e-30 ] 1.0000e+00
 8.965e+01 9.1577e-30 9.1577e-30 [ 3.3221e-102 3.9205e-56 9.5284e-39 6.6731e-30 2.4846e-30 ] 1.0000e+00
 8.976e+01 7.8325e-30 7.8325e-30 [ 1.9694e-102 2.8941e-56 7.7531e-39 5.7032e-30 2.1293e-30 ] 1.0000e+00
 8.987e+01 6.6978e-30 6.6978e-30 [ 1.1668e-102 2.1354e-56 6.3066e-39 4.8734e-30 1.8244e-30 ] 1.0000e+00
 8.999e+01 5.7265e-30 5.7265e-30 [ 6.9093e-103 1.5748e-56 5.1283e-39 4.1636e-30 1.5629e-30 ] 1.0000e+00
 9.010e+01 4.8952e-30 4.8952e-30 [ 4.0891e-103 1.1608e-56 4.1687e-39 3.5565e-30 1.3386e-30 ] 1.0000e+00
 9.021e+01 4.1838e-30 4.1838e-30 [ 2.4187e-103 8.5522e-57 3.3876e-39 3.0374e-30 1.1463e-30 ] 1.0000e+00
 9.033e+01 3.5751e-30 3.5751e-30 [ 1.4299e-103 6.2977e-57 2.7519e-39 2.5936e-30 9.8146e-31 ] 1.0000e+00
 9.044e+01 3.0544e-30 3.0544e-30 [ 8.4481e-104 4.6351e-57 2.2347e-39 2.2143e-30 8.4017e-31 ] 1.0000e+00
 9.055e+01 2.6091e-30 2.6091e-30 [ 4.9886e-104 3.4097e-57 1.8141e-39 1.8901e-30 7.1908e-31 ] 1.0000e+00
 9.067e+01 2.2284e-30 2.2284e-30 [ 2.9441e-104 2.5070e-57 1.4722e-39 1.6130e-30 6.1534e-31 ] 1.0000e+00
 9.078e+01 1.9028e-30 1.9028e-30 [ 1.7365e-104 1.8423e-57 1.1942e-39 1.3764e-30 5.2646e-31 ] 1.0000e+00
 9.089e+01 1.6245e-30 1.6245e-30 [ 1.0236e-104 1.3531e-57 9.6840e-40 1.1742e-30 4.5034e-31 ] 1.0000e+00
 9.101e+01 1.3867e-30 1.3867e-30 [ 6.0306e-105 9.9331e-58 7.8499e-40 1.0015e-30 3.8516e-31 ] 1.0000e+00
 9.112e+01 1.1835e-30 1.1835e-30 [ 3.5508e-105 7.2878e-58 6.3607e-40 8.5413e-31 3.2935e-31 ] 1.0000e+00
 9.123e+01 1.0099e-30 1.0099e-30 [ 2.0894e-105 5.3441e-58 5.1520e-40 7.2828e-31 2.8158e-31 ] 1.0000e+00
 9.135e+01 8.6154e-31 8.6154e-31 [ 1.2288e-105 3.9166e-58 4.1714e-40 6.2086e-31 2.4069e-31 ] 1.0000e+00
 9.146e+01 7.3488e-31 7.3488e-31 [ 7.2219e-106 2.8688e-58 3.3760e-40 5.2918e-31 2.0570e-31 ] 1.0000e+00
 9.157e+01 6.2673e-31 6.2673e-31 [ 4.2420e-106 2.1002e-58 2.7312e-40 4.5097e-31 1.7577e-31 ] 1.0000e+00
 9.169e+01 5.3440e-31 5.3440e-31 [ 2.4902e-106 1.5366e-58 2.2086e-40 3.8424e-31 1.5016e-31 ] 1.0000e+00
 9.180e+01 4.5559e-31 4.5559e-31 [ 1.4609e-106 1.1236e-58 1.7852e-40 3.2733e-31 1.2826e-31 ] 1.0000e+00
 9.191e+01 3.8833e-31 3.8833e-31 [ 8.5649e-107 8.2111e-59 1.4424e-40 2.7880e-31 1.0954e-31 ] 1.0000e+00
 9.203e+01 3.3094e-31 3.3094e-31 [ 5.0184e-107 5.9971e-59 1.1648e-40 2.3742e-31 9.3528e-32 ] 1.0000e+00
 9.214e+01 2.8199e-31 2.8199e-31 [ 2.9385e-107 4.3774e-59 9.4029e-41 2.0214e-31 7.9845e-32 ] 1.0000e+00
 9.225e+01 2.4023e-31 2.4023e-31 [ 1.7195e-107 3.1932e-59 7.5867e-41 1.7208e-31 6.8151e-32 ] 1.0000e+00
 9.237e+01 2.0462e-31 2.0462e-31 [ 1.0056e-107 2.3280e-59 6.1183e-41 1.4646e-31 5.8159e-32 ] 1.0000e+00
 9.248e+01 1.7425e-31 1.7425e-31 [ 5.8767e-108 1.6961e-59 4.9318e-41 1.2463e-31 4.9623e-32 ] 1.0000e+00
 9.259e+01 1.4837e-31 1.4837e-31 [ 3.4321e-108 1.2350e-59 3.9733e-41 1.0603e-31 4.2332e-32 ] 1.0000e+00
 9.271e+01 1.2630e-31 1.2630e-31 [ 2.0031e-108 8.9862e-60 3.1995e-41 9.0198e-32 3.6106e-32 ] 1.0000e+00
 9.282e+01 1.0750e-31 1.0750e-31 [ 1.1683e-108 6.5345e-60 2.5751e-41 7.6713e-32 3.0790e-32 ] 1.0000e+00
 9.293e+01 9.1484e-32 9.1484e-32 [ 6.8090e-109 4.7486e-60 2.0714e-41 6.5232e-32 2.6252e-32 ] 1.0000e+00
 9.305e+01 7.7837e-32 7.7837e-32 [ 3.9657e-109 3.4484e-60 1.6653e-41 5.5459e-32 2.2378e-32 ] 1.0000e+00
 9.316e+01 6.6215e-32 6.6215e-32 [ 2.3081e-109 2.5026e-60 1.3380e-41 4.7142e-32 1.9073e-32 ] 1.0000e+00
 9.327e+01 5.6317e-32 5.6317e-32 [ 1.3424e-109 1.8149e-60 1.0745e-41 4.0065e-32 1.6253e-32 ] 1.0000e+00
 9.339e+01 4.7891e-32 4.7891e-32 [ 7.8017e-110 1.3152e-60 8.6235e-42 3.4044e-32 1.3847e-32 ] 1.0000e+00
 9.350e+01 4.0717e-32 4.0717e-32 [ 4.5308e-110 9.5246e-61 6.9166e-42 2.8922e-32 1.1795e-32 ] 1.0000e+00
 9.361e+01 3.4612e-32 3.4612e-32 [ 2.6293e-110 6.8924e-61 5.5442e-42 2.4567e-32 1.0046e-32 ] 1.0000e+00
 9.373e+01 2.9417e-32 2.9417e-32 [ 1.5247e-110 4.9840e-61 4.4412e-42 2.0863e-32 8.5541e-33 ] 1.0000e+00
 9.384e+01 2.4997e-32 2.4997e-32 [ 8.8343e-111 3.6012e-61 3.5553e-42 1.7715e-32 7.2826e-33 ] 1.0000e+00
 9.395e+01 2.1238e-32 2.1238e-32 [ 5.1148e-111 2.6001e-61 2.8442e-42 1.5039e-32 6.1990e-33 ] 1.0000e+00
 9.407e+01 1.8040e-32 1.8040e-32 [ 2.9589e-111 1.8758e-61 2.2738e-42 1.2764e-32 5.2757e-33 ] 1.0000e+00
 9.418e+01 1.5321e-32 1.5321e-32 [ 1.7104e-111 1.3522e-61 1.8165e-42 1.0832e-32 4.4890e-33 ] 1.0000e+00
 9.429e+01 1.3009e-32 1.3009e-32 [ 9.8784e-112 9.7392e-62 1.4500e-42 9.1904e-33 3.8190e-33 ] 1.0000e+00
 9.441e+01 1.1044e-32 1.1044e-32 [ 5.7005e-112 7.0089e-62 1.1567e-42 7.7961e-33 3.2484e-33 ] 1.0000e+00
 9.452e+01 9.3746e-33 9.3746e-33 [ 3.2867e-112 5.0397e-62 9.2193e-43 6.6121e-33 2.7625e-33 ] 1.0000e+00
 9.463e+01 7.9557e-33 7.9557e-33 [ 1.8934e-112 3.6206e-62 7.3424e-43 5.6068e-33 2.3489e-33 ] 1.0000e+00
 9.475e+01 6.7502e-33 6.7502e-33 [ 1.0897e-112 2.5987e-62 5.8428e-43 4.7534e-33 1.9968e-33 ] 1.0000e+00
 9.486e+01 5.7263e-33 5.7263e-33 [ 6.2659e-113 1.8636e-62 4.6455e-43 4.0291e-33 1.6972e-33 ] 1.0000e+00
 9.497e+01 4.8567e-33 4.8567e-33 [ 3.5995e-113 1.3351e-62 3.6903e-43 3.4144e-33 1.4423e-33 ] 1.0000e+00
 9.509e+01 4.1184e-33 4.1184e-33 [ 2.0658e-113 9.5558e-63 2.9289e-43 2.8930e-33 1.2254e-33 ] 1.0000e+00
 9.520e+01 3.4916e-33 3.4916e-33 [ 1.1844e-113 6.8325e-63 2.3223e-43 2.4506e-33 1.0410e-33 ] 1.0000e+00
 9.531e+01 2.9596e-33 2.9596e-33 [ 6.7836e-114 4.8803e-63 1.8396e-43 2.0754e-33 8.8417e-34 ] 1.0000e+00
 9.543e+01 2.5081e-33 2.5081e-33 [ 3.8812e-114 3.4822e-63 1.4558e-43 1.7573e-33 7.5082e-34 ] 1.0000e+00
 9.554e+01 2.1250e-33 2.1250e-33 [ 2.2182e-114 2.4819e-63 1.1508e-43 1.4876e-33 6.3746e-34 ] 1.0000e+00
 9.565e+01 1.8001e-33 1.8001e-33 [ 1.2663e-114 1.7670e-63 9.0877e-44 1.2590e-33 5.4112e-34 ] 1.0000e+00
 9.577e+01 1.5244e-33 1.5244e-33 [ 7.2207e-115 1.2565e-63 7.1681e-44 1.0652e-33 4.5926e-34 ] 1.0000e+00
 9.588e+01 1.2907e-33 1.2907e-33 [ 4.1124e-115 8.9244e-64 5.6474e-44 9.0100e-34 3.8971e-34 ] 1.0000e+00
 9.599e+01 1.0925e-33 1.0925e-33 [ 2.3392e-115 6.3306e-64 4.4439e-44 7.6191e-34 3.3063e-34 ] 1.0000e+00
 9.611e+01 9.2454e-34 9.2454e-34 [ 1.3289e-115 4.4848e-64 3.4923e-44 6.4409e-34 2.8045e-34 ] 1.0000e+00
 9.622e+01 7.8216e-34 7.8216e-34 [ 7.5389e-116 3.1728e-64 2.7409e-44 5.4431e-34 2.3785e-34 ] 1.0000e+00
 9.633e+01 6.6150e-34 6.6150e-34 [ 4.2710e-116 2.2415e-64 2.1482e-44 4.5982e-34 2.0168e-34 ] 1.0000e+00
 9.645e+01 5.5928e-34 5.5928e-34 [ 2.4160e-116 1.5812e-64 1.6812e-44 3.8830e-34 1.7098e-34 ] 1.0000e+00
 9.656e+01 4.7268e-34 4.7268e-34 [ 1.3646e-116 1.1136e-64 1.3136e-44 3.2776e-34 1.4492e-34 ] 1.0000e+00
 9.667e+01 3.9934e-34 3.9934e-34 [ 7.6951e-117 7.8306e-65 1.0248e-44 2.7652e-34 1.2282e-34 ] 1.0000e+00
 9.679e+01 3.3724e-34 3.3724e-34 [ 4.3319e-117 5.4967e-65 7.9811e-45 2.3317e-34 1.0406e-34 ] 1.0000e+00
 9.690e+01 2.8465e-34 2.8465e-34 [ 2.4342e-117 3.8514e-65 6.2044e-45 1.9650e-34 8.8153e-35 ] 1.0000e+00
 9.701e+01 2.4014e-34 2.4014e-34 [ 1.3652e-117 2.6933e-65 4.8139e-45 1.6548e-34 7.4662e-35 ] 1.0000e+00
 9.713e+01 2.0247e-34 2.0247e-34 [ 7.6415e-118 1.8797e-65 3.7274e-45 1.3925e-34 6.3222e-35 ] 1.0000e+00
 9.724e+01 1.7059e-34 1.7059e-34 [ 4.2678e-118 1.3089e-65 2.8798e-45 1.1707e-34 5.3524e-35 ] 1.0000e+00
 9.735e+01 1.4362e-34 1.4362e-34 [ 2.3781e-118 9.0935e-66 2.2198e-45 9.8314e-35 4.5303e-35 ] 1.0000e+00
 9.747e+01 1.2080e-34 1.2080e-34 [ 1.3218e-118 6.3016e-66 1.7066e-45 8.2462e-35 3.8335e-35 ] 1.0000e+00
 9.758e+01 1.0149e-34 1.0149e-34 [ 7.3270e-119 4.3550e-66 1.3085e-45 6.9063e-35 3.2430e-35 ] 1.0000e+00
 9.769e+01 8.5165e-35 8.5165e-35 [ 4.0497e-119 3.0009e-66 1.0003e-45 5.7740e-35 2.7425e-35 ] 1.0000e+00
 9.781e+01 7.1356e-35 7.1356e-35 [ 2.2311e-119 2.0611e-66 7.6219e-46 4.8171e-35 2.3185e-35 ] 1.0000e+00
 9.792e+01 5.9676e-35 5.9676e-35 [ 1.2249e-119 1.4106e-66 5.7865e-46 4.0086e-35 1.9590e-35 ] 1.0000e+00
 9.803e+01 4.9798e-35 4.9798e-35 [ 6.6984e-120 9.6164e-67 4.3754e-46 3.3254e-35 1.6544e-35 ] 1.0000e+00
 9.815e+01 4.1441e-35 4.1441e-35 [ 3.6473e-120 6.5270e-67 3.2935e-46 2.7481e-35 1.3960e-35 ] 1.0000e+00
 9.826e+01 3.4370e-35 3.4370e-35 [ 1.9763e-120 4.4083e-67 2.4663e-46 2.2603e-35 1.1767e-35 ] 1.0000e+00
 9.837e+01 2.8386e-35 2.8386e-35 [ 1.0649e-120 2.9607e-67 1.8359e-46 1.8482e-35 9.9041e-36 ] 1.0000e+00
 9.849e+01 2.3318e-35 2.3318e-35 [ 5.7020e-121 1.9756e-67 1.3571e-46 1.5000e-35 8.3180e-36 ] 1.0000e+00
 9.860e+01 1.9024e-35 1.9024e-35 [ 3.0306e-121 1.3083e-67 9.9484e-47 1.2060e-35 6.9639e-36 ] 1.0000e+00
 9.871e+01 1.5383e-35 1.5383e-35 [ 1.5967e-121 8.5858e-68 7.2185e-47 9.5801e-36 5.8028e-36 ] 1.0000e+00
 9.883e+01 1.2294e-35 1.2294e-35 [ 8.3248e-122 5.5721e-68 5.1709e-47 7.4925e-36 4.8012e-36 ] 1.0000e+00
 9.894e+01 9.6713e-36 9.6713e-36 [ 4.2846e-122 3.5657e-68 3.6432e-47 5.7412e-36 3.9300e-36 ] 1.0000e+00
 9.905e+01 7.4460e-36 7.4460e-36 [ 2.1694e-122 2.2399e-68 2.5107e-47 4.2812e-36 3.1648e-36 ] 1.0000e+00
 9.917e+01 5.5617e-36 5.5617e-36 [ 1.0749e-122 1.3714e-68 1.6780e-47 3.0761e-36 2.4856e-36 ] 1.0000e+00
 9.928e+01 3.9750e-36 3.9750e-36 [ 5.1662e-123 8.0869e-69 1.0725e-47 2.0973e-36 1.8777e-36 ] 1.0000e+00
 9.939e+01 2.6558e-36 2.6558e-36 [ 2.3696e-123 4.4937e-69 6.4007e-48 1.3227e-36 1.3331e-36 ] 1.0000e+00
 9.951e+01 1.5880e-36 1.5880e-36 [ 1.0014e-123 2.2524e-69 3.4050e-48 7.3570e-37 8.5228e-37 ] 1.0000e+00
 9.962e+01 7.7173e-37 7.7173e-37 [ 3.5599e-124 9.1892e-70 1.4531e-48 3.2438e-37 4.4735e-37 ] 1.0000e+00
 9.973e+01 2.2717e-37 2.2717e-37 [ 7.7100e-125 2.1791e-70 3.5439e-49 8.0784e-38 1.4639e-37 ] 1.0000e+00
 9.985e+01 0.0000e+00 0.0000e+00 [ 0.0000e+00 0.0000e+00 0.0000e+00 0.0000e+00 0.0000e+00 ] 1.0000e+00
