 0.000e+00 0.0000e+00 0.0000e+00 [ 0.0000e+00 0.0000e+00 0.0000e+00 0.0000e+00 0.0000e+00 ] 1.0000e+00
 1.133e-01 3.8835e-02 3.8835e-02 [ 3.8582e-02 1.2116e-04 6.2279e-05 6.2760e-05 7.6283e-06 ] 9.6116e-01
 2.267e-01 8.7856e-02 8.7856e-02 [ 8.6813e-02 4.9941e-04 2.5683e-04 2.5886e-04 2.7768e-05 ] 9.1214e-01
 3.400e-01 1.2123e-01 1.2123e-01 [ 1.1879e-01 1.1736e-03 6.0325e-04 6.0677e-04 5.6858e-05 ] 8.7877e-01
 4.533e-01 1.5216e-01 1.5216e-01 [ 1.4761e-01 2.1987e-03 1.1305e-03 1.1332e-03 9.2914e-05 ] 8.4784e-01
 5.667e-01 1.8285e-01 1.8285e-01 [ 1.7533e-01 3.6478e-03 1.8750e-03 1.8717e-03 1.3437e-04 ] 8.1715e-01
 6.800e-01 2.1493e-01 2.1493e-01 [ 2.0342e-01 5.5983e-03 2.8780e-03 2.8596e-03 1.8014e-04 ] 7.8507e-01
 7.933e-01 2.4954e-01 2.4954e-01 [ 2.3286e-01 8.1356e-03 4.1816e-03 4.1341e-03 2.2955e-04 ] 7.5046e-01
 9.067e-01 2.8735e-01 2.8735e-01 [ 2.6419e-01 1.1328e-02 5.8223e-03 5.7259e-03 2.8216e-04 ] 7.1265e-01
 1.020e+00 3.2847e-01 3.2847e-01 [ 2.9744e-01 1.5223e-02 7.8229e-03 7.6513e-03 3.3741e-04 ] 6.7153e-01
 1.133e+00 3.7239e-01 3.7239e-01 [ 3.3210e-01 1.9815e-02 1.0182e-02 9.9032e-03 3.9447e-04 ] 6.2761e-01
 1.247e+00 4.1796e-01 4.1796e-01 [ 3.6715e-01 2.5044e-02 1.2867e-02 1.2444e-02 4.5212e-04 ] 5.8204e-01
 1.360e+00 4.6348e-01 4.6348e-01 [ 4.0119e-01 3.0775e-02 1.5810e-02 1.5204e-02 5.0875e-04 ] 5.3652e-01
 1.473e+00 5.0703e-01 5.0703e-01 [ 4.3265e-01 3.6822e-02 1.8914e-02 1.8085e-02 5.6266e-04 ] 4.9297e-01
 1.587e+00 5.4676e-01 5.4676e-01 [ 4.6013e-01 4.2965e-02 2.2066e-02 2.0980e-02 6.1231e-04 ] 4.5324e-01
 1.700e+00 5.8124e-01 5.8124e-01 [ 4.8264e-01 4.8997e-02 2.5158e-02 2.3786e-02 6.5665e-04 ] 4.1876e-01
 1.813e+00 6.0974e-01 6.0974e-01 [ 4.9976e-01 5.4749e-02 2.8106e-02 2.6424e-02 6.9526e-04 ] 3.9026e-01
 1.927e+00 6.3218e-01 6.3218e-01 [ 5.1164e-01 6.0114e-02 3.0853e-02 2.8843e-02 7.2834e-04 ] 3.6782e-01
 2.040e+00 6.4902e-01 6.4902e-01 [ 5.1882e-01 6.5045e-02 3.3377e-02 3.1026e-02 7.5650e-04 ] 3.5098e-01
 2.153e+00 6.6103e-01 6.6103e-01 [ 5.2206e-01 6.9545e-02 3.5676e-02 3.2976e-02 7.8060e-04 ] 3.3897e-01
 2.267e+00 6.6909e-01 6.6909e-01 [ 5.2216e-01 7.3646e-02 3.7769e-02 3.4712e-02 8.0150e-04 ] 3.3091e-01
 2.380e+00 6.7404e-01 6.7404e-01 [ 5.1989e-01 7.7394e-02 3.9679e-02 3.6261e-02 8.1998e-04 ] 3.2596e-01
 2.493e+00 6.7662e-01 6.7662e-01 [ 5.1586e-01 8.0842e-02 4.1434e-02 3.7650e-02 8.3669e-04 ] 3.2338e-01
 2.607e+00 6.7744e-01 6.7744e-01 [ 5.1059e-01 8.4038e-02 4.3058e-02 3.8904e-02 8.5210e-04 ] 3.2256e-01
 2.720e+00 6.7698e-01 6.7698e-01 [ 5.0447e-01 8.7025e-02 4.4574e-02 4.0047e-02 8.6657e-04 ] 3.2302e-01
 2.833e+00 6.7559e-01 6.7559e-01 [ 4.9778e-01 8.9840e-02 4.6001e-02 4.1097e-02 8.8038e-04 ] 3.2441e-01
 2.947e+00 6.7357e-01 6.7357e-01 [ 4.9074e-01 9.2515e-02 4.7355e-02 4.2071e-02 8.9370e-04 ] 3.2643e-01
 3.060e+00 6.7112e-01 6.7112e-01 [ 4.8351e-01 9.5074e-02 4.8649e-02 4.2982e-02 9.0667e-04 ] 3.2888e-01
 3.173e+00 6.6838e-01 6.6838e-01 [ 4.7619e-01 9.7538e-02 4.9895e-02 4.3841e-02 9.1939e-04 ] 3.3162e-01
 3.287e+00 6.6549e-01 6.6549e-01 [ 4.6887e-01 9.9925e-02 5.1102e-02 4.4659e-02 9.3193e-04 ] 3.3451e-01
 3.400e+00 6.6251e-01 6.6251e-01 [ 4.6160e-01 1.0225e-01 5.2278e-02 4.5442e-02 9.4437e-04 ] 3.3749e-01
 3.513e+00 6.5952e-01 6.5952e-01 [ 4.5442e-01 1.0452e-01 5.3429e-02 4.6197e-02 9.5675e-04 ] 3.4048e-01
 3.627e+00 6.5656e-01 6.5656e-01 [ 4.4735e-01 1.0675e-01 5.4560e-02 4.6929e-02 9.6910e-04 ] 3.4344e-01
 3.740e+00 6.5367e-01 6.5367e-01 [ 4.4042e-01 1.0895e-01 5.5678e-02 4.7645e-02 9.8148e-04 ] 3.4633e-01
 3.853e+00 6.5086e-01 6.5086e-01 [ 4.3362e-01 1.1112e-01 5.6784e-02 4.8347e-02 9.9391e-04 ] 3.4914e-01
 3.967e+00 6.4816e-01 6.4816e-01 [ 4.2696e-01 1.1327e-01 5.7884e-02 4.9039e-02 1.0064e-03 ] 3.5184e-01
 4.080e+00 6.4558e-01 6.4558e-01 [ 4.2046e-01 1.1540e-01 5.8980e-02 4.9725e-02 1.0190e-03 ] 3.5442e-01
 4.193e+00 6.4312e-01 6.4312e-01 [ 4.1409e-01 1.1752e-01 6.0075e-02 5.0407e-02 1.0318e-03 ] 3.5688e-01
 4.307e+00 6.4080e-01 6.4080e-01 [ 4.0786e-01 1.1963e-01 6.1172e-02 5.1088e-02 1.0446e-03 ] 3.5920e-01
 4.420e+00 6.3860e-01 6.3860e-01 [ 4.0177e-01 1.2173e-01 6.2272e-02 5.1770e-02 1.0577e-03 ] 3.6140e-01
 4.533e+00 6.3654e-01 6.3654e-01 [ 3.9581e-01 1.2383e-01 6.3377e-02 5.2455e-02 1.0709e-03 ] 3.6346e-01
 4.647e+00 6.3461e-01 6.3461e-01 [ 3.8997e-01 1.2592e-01 6.4489e-02 5.3143e-02 1.0843e-03 ] 3.6539e-01
 4.760e+00 6.3280e-01 6.3280e-01 [ 3.8425e-01 1.2801e-01 6.5608e-02 5.3838e-02 1.0979e-03 ] 3.6720e-01
 4.873e+00 6.3112e-01 6.3112e-01 [ 3.7864e-01 1.3009e-01 6.6736e-02 5.4539e-02 1.1118e-03 ] 3.6888e-01
 4.987e+00 6.2956e-01 6.2956e-01 [ 3.7313e-01 1.3218e-01 6.7875e-02 5.5248e-02 1.1258e-03 ] 3.7044e-01
 5.100e+00 6.2811e-01 6.2811e-01 [ 3.6772e-01 1.3426e-01 6.9023e-02 5.5966e-02 1.1401e-03 ] 3.7189e-01
 5.213e+00 6.2676e-01 6.2676e-01 [ 3.6240e-01 1.3633e-01 7.0183e-02 5.6694e-02 1.1547e-03 ] 3.7324e-01
 5.327e+00 6.2552e-01 6.2552e-01 [ 3.5717e-01 1.3840e-01 7.1354e-02 5.7432e-02 1.1694e-03 ] 3.7448e-01
 5.440e+00 6.2438e-01 6.2438e-01 [ 3.5201e-01 1.4046e-01 7.2537e-02 5.8180e-02 1.1844e-03 ] 3.7562e-01
 5.553e+00 6.2332e-01 6.2332e-01 [ 3.4693e-01 1.4252e-01 7.3732e-02 5.8940e-02 1.1997e-03 ] 3.7668e-01
 5.667e+00 6.2234e-01 6.2234e-01 [ 3.4191e-01 1.4456e-01 7.4938e-02 5.9712e-02 1.2152e-03 ] 3.7766e-01
 5.780e+00 6.2144e-01 6.2144e-01 [ 3.3696e-01 1.4659e-01 7.6156e-02 6.0495e-02 1.2310e-03 ] 3.7856e-01
 5.893e+00 6.2061e-01 6.2061e-01 [ 3.3207e-01 1.4861e-01 7.7386e-02 6.1291e-02 1.2470e-03 ] 3.7939e-01
 6.007e+00 6.1984e-01 6.1984e-01 [ 3.2724e-01 1.5061e-01 7.8627e-02 6.2098e-02 1.2633e-03 ] 3.8016e-01
 6.120e+00 6.1913e-01 6.1913e-01 [ 3.2246e-01 1.5260e-01 7.9879e-02 6.2918e-02 1.2798e-03 ] 3.8087e-01
 6.233e+00 6.1847e-01 6.1847e-01 [ 3.1772e-01 1.5456e-01 8.1142e-02 6.3751e-02 1.2966e-03 ] 3.8153e-01
 6.347e+00 6.1786e-01 6.1786e-01 [ 3.1304e-01 1.5650e-01 8.2415e-02 6.4597e-02 1.3136e-03 ] 3.8214e-01
 6.460e+00 6.1730e-01 6.1730e-01 [ 3.0839e-01 1.5842e-01 8.3698e-02 6.5455e-02 1.3309e-03 ] 3.8270e-01
 6.573e+00 6.1676e-01 6.1676e-01 [ 3.0379e-01 1.6031e-01 8.4990e-02 6.6325e-02 1.3485e-03 ] 3.8324e-01
 6.687e+00 6.1627e-01 6.1627e-01 [ 2.9924e-01 1.6216e-01 8.6291e-02 6.7209e-02 1.3663e-03 ] 3.8373e-01
 6.800e+00 6.1580e-01 6.1580e-01 [ 2.9472e-01 1.6399e-01 8.7600e-02 6.8105e-02 1.3844e-03 ] 3.8420e-01
 6.913e+00 6.1535e-01 6.1535e-01 [ 2.9024e-01 1.6578e-01 8.8917e-02 6.9014e-02 1.4027e-03 ] 3.8465e-01
 7.027e+00 6.1492e-01 6.1492e-01 [ 2.8579e-01 1.6753e-01 9.0241e-02 6.9936e-02 1.4212e-03 ] 3.8508e-01
 7.140e+00 6.1452e-01 6.1452e-01 [ 2.8139e-01 1.6925e-01 9.1571e-02 7.0870e-02 1.4401e-03 ] 3.8548e-01
 7.253e+00 6.1413e-01 6.1413e-01 [ 2.7702e-01 1.7092e-01 9.2906e-02 7.1817e-02 1.4591e-03 ] 3.8587e-01
 7.367e+00 6.1375e-01 6.1375e-01 [ 2.7269e-01 1.7255e-01 9.4247e-02 7.2777e-02 1.4785e-03 ] 3.8625e-01
 7.480e+00 6.1337e-01 6.1337e-01 [ 2.6839e-01 1.7414e-01 9.5593e-02 7.3750e-02 1.4980e-03 ] 3.8663e-01
 7.593e+00 6.1301e-01 6.1301e-01 [ 2.6413e-01 1.7568e-01 9.6942e-02 7.4736e-02 1.5179e-03 ] 3.8699e-01
 7.707e+00 6.1265e-01 6.1265e-01 [ 2.5991e-01 1.7717e-01 9.8294e-02 7.5735e-02 1.5379e-03 ] 3.8735e-01
 7.820e+00 6.1229e-01 6.1229e-01 [ 2.5573e-01 1.7861e-01 9.9648e-02 7.6747e-02 1.5583e-03 ] 3.8771e-01
 7.933e+00 6.1193e-01 6.1193e-01 [ 2.5158e-01 1.8000e-01 1.0100e-01 7.7771e-02 1.5789e-03 ] 3.8807e-01
 8.047e+00 6.1158e-01 6.1158e-01 [ 2.4747e-01 1.8134e-01 1.0236e-01 7.8809e-02 1.5997e-03 ] 3.8842e-01
 8.160e+00 6.1121e-01 6.1121e-01 [ 2.4340e-01 1.8262e-01 1.0372e-01 7.9860e-02 1.6208e-03 ] 3.8879e-01
 8.273e+00 6.1085e-01 6.1085e-01 [ 2.3937e-01 1.8384e-01 1.0507e-01 8.0924e-02 1.6421e-03 ] 3.8915e-01
 8.387e+00 6.1048e-01 6.1048e-01 [ 2.3537e-01 1.8501e-01 1.0643e-01 8.2001e-02 1.6637e-03 ] 3.8952e-01
 8.500e+00 6.1010e-01 6.1010e-01 [ 2.3142e-01 1.8612e-01 1.0778e-01 8.3092e-02 1.6856e-03 ] 3.8990e-01
 8.613e+00 6.0972e-01 6.0972e-01 [ 2.2751e-01 1.8717e-01 1.0913e-01 8.4196e-02 1.7076e-03 ] 3.9028e-01
 8.727e+00 6.0932e-01 6.0932e-01 [ 2.2364e-01 1.8817e-01 1.1048e-01 8.5313e-02 1.7300e-03 ] 3.9068e-01
 8.840e+00 6.0892e-01 6.0892e-01 [ 2.1981e-01 1.8910e-01 1.1182e-01 8.6445e-02 1.7526e-03 ] 3.9108e-01
 8.953e+00 6.0850e-01 6.0850e-01 [ 2.1602e-01 1.8997e-01 1.1315e-01 8.7589e-02 1.7754e-03 ] 3.9150e-01
 9.067e+00 6.0808e-01 6.0808e-01 [ 2.1227e-01 1.9077e-01 1.1448e-01 8.8748e-02 1.7985e-03 ] 3.9192e-01
 9.180e+00 6.0764e-01 6.0764e-01 [ 2.0857e-01 1.9152e-01 1.1581e-01 8.9921e-02 1.8218e-03 ] 3.9236e-01
 9.293e+00 6.0718e-01 6.0718e-01 [ 2.0491e-01 1.9220e-01 1.1712e-01 9.1107e-02 1.8453e-03 ] 3.9282e-01
 9.407e+00 6.0671e-01 6.0671e-01 [ 2.0129e-01 1.9282e-01 1.1843e-01 9.2308e-02 1.8691e-03 ] 3.9329e-01
 9.520e+00 6.0623e-01 6.0623e-01 [ 1.9771e-01 1.9338e-01 1.1972e-01 9.3524e-02 1.8931e-03 ] 3.9377e-01
 9.633e+00 6.0574e-01 6.0574e-01 [ 1.9418e-01 1.9387e-01 1.2101e-01 9.4753e-02 1.9174e-03 ] 3.9426e-01
 9.747e+00 6.0522e-01 6.0522e-01 [ 1.9069e-01 1.9430e-01 1.2229e-01 9.5998e-02 1.9419e-03 ] 3.9478e-01
 9.860e+00 6.0470e-01 6.0470e-01 [ 1.8725e-01 1.9467e-01 1.2355e-01 9.7258e-02 1.9666e-03 ] 3.9530e-01
 9.973e+00 6.0416e-01 6.0416e-01 [ 1.8385e-01 1.9498e-01 1.2481e-01 9.8533e-02 1.9916e-03 ] 3.9584e-01
 1.009e+01 6.0360e-01 6.0360e-01 [ 1.8049e-01 1.9522e-01 1.2605e-01 9.9824e-02 2.0167e-03 ] 3.9640e-01
 1.020e+01 6.0303e-01 6.0303e-01 [ 1.7718e-01 1.9541e-01 1.2728e-01 1.0113e-01 2.0421e-03 ] 3.9697e-01
 1.031e+01 6.0245e-01 6.0245e-01 [ 1.7391e-01 1.9553e-01 1.2849e-01 1.0245e-01 2.0677e-03 ] 3.9755e-01
 1.043e+01 6.0186e-01 6.0186e-01 [ 1.7068e-01 1.9560e-01 1.2970e-01 1.0380e-01 2.0936e-03 ] 3.9814e-01
 1.054e+01 6.0127e-01 6.0127e-01 [ 1.6750e-01 1.9561e-01 1.3089e-01 1.0515e-01 2.1196e-03 ] 3.9873e-01
 1.065e+01 6.0067e-01 6.0067e-01 [ 1.6436e-01 1.9556e-01 1.3207e-01 1.0653e-01 2.1459e-03 ] 3.9933e-01
 1.077e+01 6.0007e-01 6.0007e-01 [ 1.6127e-01 1.9546e-01 1.3323e-01 1.0793e-01 2.1723e-03 ] 3.9993e-01
 1.088e+01 5.9947e-01 5.9947e-01 [ 1.5822e-01 1.9531e-01 1.3439e-01 1.0935e-01 2.1990e-03 ] 4.0053e-01
 1.099e+01 5.9888e-01 5.9888e-01 [ 1.5521e-01 1.9512e-01 1.3554e-01 1.1079e-01 2.2260e-03 ] 4.0112e-01
 1.111e+01 5.9830e-01 5.9830e-01 [ 1.5225e-01 1.9487e-01 1.3667e-01 1.1226e-01 2.2531e-03 ] 4.0170e-01
 1.122e+01 5.9775e-01 5.9775e-01 [ 1.4933e-01 1.9459e-01 1.3781e-01 1.1375e-01 2.2805e-03 ] 4.0225e-01
 1.133e+01 5.9722e-01 5.9722e-01 [ 1.4645e-01 1.9426e-01 1.3893e-01 1.1527e-01 2.3081e-03 ] 4.0278e-01
 1.145e+01 5.9673e-01 5.9673e-01 [ 1.4362e-01 1.9390e-01 1.4006e-01 1.1682e-01 2.3359e-03 ] 4.0327e-01
 1.156e+01 5.9628e-01 5.9628e-01 [ 1.4083e-01 1.9351e-01 1.4118e-01 1.1840e-01 2.3640e-03 ] 4.0372e-01
 1.167e+01 5.9589e-01 5.9589e-01 [ 1.3809e-01 1.9309e-01 1.4231e-01 1.2001e-01 2.3924e-03 ] 4.0411e-01
 1.179e+01 5.9556e-01 5.9556e-01 [ 1.3539e-01 1.9265e-01 1.4344e-01 1.2166e-01 2.4210e-03 ] 4.0444e-01
 1.190e+01 5.9531e-01 5.9531e-01 [ 1.3274e-01 1.9219e-01 1.4458e-01 1.2336e-01 2.4500e-03 ] 4.0469e-01
 1.201e+01 5.9514e-01 5.9514e-01 [ 1.3013e-01 1.9172e-01 1.4573e-01 1.2509e-01 2.4792e-03 ] 4.0486e-01
 1.213e+01 5.9508e-01 5.9508e-01 [ 1.2756e-01 1.9124e-01 1.4690e-01 1.2687e-01 2.5087e-03 ] 4.0492e-01
 1.224e+01 5.9512e-01 5.9512e-01 [ 1.2504e-01 1.9076e-01 1.4808e-01 1.2870e-01 2.5385e-03 ] 4.0488e-01
 1.235e+01 5.9529e-01 5.9529e-01 [ 1.2257e-01 1.9029e-01 1.4929e-01 1.3058e-01 2.5687e-03 ] 4.0471e-01
 1.247e+01 5.9560e-01 5.9560e-01 [ 1.2014e-01 1.8982e-01 1.5053e-01 1.3251e-01 2.5992e-03 ] 4.0440e-01
 1.258e+01 5.9605e-01 5.9605e-01 [ 1.1775e-01 1.8937e-01 1.5180e-01 1.3450e-01 2.6300e-03 ] 4.0395e-01
 1.269e+01 5.9667e-01 5.9667e-01 [ 1.1541e-01 1.8894e-01 1.5311e-01 1.3655e-01 2.6612e-03 ] 4.0333e-01
 1.281e+01 5.9746e-01 5.9746e-01 [ 1.1312e-01 1.8853e-01 1.5445e-01 1.3866e-01 2.6927e-03 ] 4.0254e-01
 1.292e+01 5.9843e-01 5.9843e-01 [ 1.1086e-01 1.8816e-01 1.5584e-01 1.4084e-01 2.7245e-03 ] 4.0157e-01
 1.303e+01 5.9959e-01 5.9959e-01 [ 1.0866e-01 1.8782e-01 1.5727e-01 1.4309e-01 2.7567e-03 ] 4.0041e-01
 1.315e+01 6.0096e-01 6.0096e-01 [ 1.0649e-01 1.8753e-01 1.5875e-01 1.4540e-01 2.7891e-03 ] 3.9904e-01
 1.326e+01 6.0253e-01 6.0253e-01 [ 1.0437e-01 1.8729e-01 1.6028e-01 1.4777e-01 2.8219e-03 ] 3.9747e-01
 1.337e+01 6.0432e-01 6.0432e-01 [ 1.0229e-01 1.8710e-01 1.6186e-01 1.5021e-01 2.8548e-03 ] 3.9568e-01
 1.349e+01 6.0632e-01 6.0632e-01 [ 1.0025e-01 1.8696e-01 1.6350e-01 1.5272e-01 2.8880e-03 ] 3.9368e-01
 1.360e+01 6.0855e-01 6.0855e-01 [ 9.8256e-02 1.8689e-01 1.6519e-01 1.5529e-01 2.9213e-03 ] 3.9145e-01
 1.371e+01 6.1099e-01 6.1099e-01 [ 9.6302e-02 1.8689e-01 1.6693e-01 1.5792e-01 2.9546e-03 ] 3.8901e-01
 1.383e+01 6.1366e-01 6.1366e-01 [ 9.4390e-02 1.8697e-01 1.6872e-01 1.6059e-01 2.9880e-03 ] 3.8634e-01
 1.394e+01 6.1653e-01 6.1653e-01 [ 9.2519e-02 1.8712e-01 1.7055e-01 1.6332e-01 3.0212e-03 ] 3.8347e-01
 1.405e+01 6.1961e-01 6.1961e-01 [ 9.0689e-02 1.8736e-01 1.7243e-01 1.6608e-01 3.0543e-03 ] 3.8039e-01
 1.417e+01 6.2289e-01 6.2289e-01 [ 8.8901e-02 1.8768e-01 1.7435e-01 1.6886e-01 3.0870e-03 ] 3.7711e-01
 1.428e+01 6.2634e-01 6.2634e-01 [ 8.7156e-02 1.8810e-01 1.7630e-01 1.7167e-01 3.1193e-03 ] 3.7366e-01
 1.439e+01 6.2996e-01 6.2996e-01 [ 8.5455e-02 1.8862e-01 1.7827e-01 1.7447e-01 3.1511e-03 ] 3.7004e-01
 1.451e+01 6.3372e-01 6.3372e-01 [ 8.3799e-02 1.8924e-01 1.8024e-01 1.7725e-01 3.1821e-03 ] 3.6628e-01
 1.462e+01 6.3758e-01 6.3758e-01 [ 8.2190e-02 1.8997e-01 1.8222e-01 1.7999e-01 3.2122e-03 ] 3.6242e-01
 1.473e+01 6.4151e-01 6.4151e-01 [ 8.0630e-02 1.9081e-01 1.8417e-01 1.8267e-01 3.2413e-03 ] 3.5849e-01
 1.485e+01 6.4547e-01 6.4547e-01 [ 7.9121e-02 1.9176e-01 1.8607e-01 1.8525e-01 3.2691e-03 ] 3.5453e-01
 1.496e+01 6.4939e-01 6.4939e-01 [ 7.7667e-02 1.9282e-01 1.8791e-01 1.8770e-01 3.2955e-03 ] 3.5061e-01
 1.507e+01 6.5319e-01 6.5319e-01 [ 7.6269e-02 1.9398e-01 1.8964e-01 1.8998e-01 3.3201e-03 ] 3.4681e-01
 1.519e+01 6.5678e-01 6.5678e-01 [ 7.4931e-02 1.9523e-01 1.9123e-01 1.9204e-01 3.3426e-03 ] 3.4322e-01
 1.530e+01 6.6001e-01 6.6001e-01 [ 7.3652e-02 1.9656e-01 1.9262e-01 1.9381e-01 3.3628e-03 ] 3.3999e-01
 1.541e+01 6.6271e-01 6.6271e-01 [ 7.2433e-02 1.9792e-01 1.9375e-01 1.9522e-01 3.3800e-03 ] 3.3729e-01
 1.553e+01 6.6466e-01 6.6466e-01 [ 7.1269e-02 1.9928e-01 1.9454e-01 1.9618e-01 3.3938e-03 ] 3.3534e-01
 1.564e+01 6.6555e-01 6.6555e-01 [ 7.0153e-02 2.0055e-01 1.9488e-01 1.9656e-01 3.4032e-03 ] 3.3445e-01
 1.575e+01 6.6500e-01 6.6500e-01 [ 6.9069e-02 2.0165e-01 1.9465e-01 1.9623e-01 3.4070e-03 ] 3.3500e-01
 1.587e+01 6.6252e-01 6.6252e-01 [ 6.7995e-02 2.0242e-01 1.9367e-01 1.9502e-01 3.4036e-03 ] 3.3748e-01
 1.598e+01 6.5749e-01 6.5749e-01 [ 6.6893e-02 2.0270e-01 1.9177e-01 1.9273e-01 3.3909e-03 ] 3.4251e-01
 1.609e+01 6.4919e-01 6.4919e-01 [ 6.5717e-02 2.0226e-01 1.8872e-01 1.8913e-01 3.3658e-03 ] 3.5081e-01
 1.621e+01 6.3682e-01 6.3682e-01 [ 6.4405e-02 2.0082e-01 1.8429e-01 1.8399e-01 3.3248e-03 ] 3.6318e-01
 1.632e+01 6.1961e-01 6.1961e-01 [ 6.2889e-02 1.9810e-01 1.7826e-01 1.7710e-01 3.2640e-03 ] 3.8039e-01
 1.643e+01 5.9692e-01 5.9692e-01 [ 6.1100e-02 1.9385e-01 1.7047e-01 1.6833e-01 3.1796e-03 ] 4.0308e-01
 1.655e+01 5.6849e-01 5.6849e-01 [ 5.8987e-02 1.8789e-01 1.6088e-01 1.5767e-01 3.0685e-03 ] 4.3151e-01
 1.666e+01 5.3457e-01 5.3457e-01 [ 5.6533e-02 1.8019e-01 1.4963e-01 1.4529e-01 2.9300e-03 ] 4.6543e-01
 1.677e+01 4.9608e-01 4.9608e-01 [ 5.3765e-02 1.7093e-01 1.3704e-01 1.3158e-01 2.7656e-03 ] 5.0392e-01
 1.689e+01 4.5450e-01 4.5450e-01 [ 5.0759e-02 1.6046e-01 1.2362e-01 1.1708e-01 2.5802e-03 ] 5.4550e-01
 1.700e+01 4.1172e-01 4.1172e-01 [ 4.7625e-02 1.4931e-01 1.0997e-01 1.0243e-01 2.3806e-03 ] 5.8828e-01
 1.711e+01 3.6963e-01 3.6963e-01 [ 4.4492e-02 1.3804e-01 9.6686e-02 8.8241e-02 2.1749e-03 ] 6.3037e-01
 1.723e+01 3.2991e-01 3.2991e-01 [ 4.1476e-02 1.2717e-01 8.4264e-02 7.5035e-02 1.9709e-03 ] 6.7009e-01
 1.734e+01 2.9377e-01 2.9377e-01 [ 3.8671e-02 1.1711e-01 7.3058e-02 6.3156e-02 1.7752e-03 ] 7.0623e-01
 1.745e+01 2.6189e-01 2.6189e-01 [ 3.6136e-02 1.0812e-01 6.3256e-02 5.2782e-02 1.5925e-03 ] 7.3811e-01
 1.757e+01 2.3451e-01 2.3451e-01 [ 3.3895e-02 1.0034e-01 5.4904e-02 4.3941e-02 1.4258e-03 ] 7.6549e-01
 1.768e+01 2.1150e-01 2.1150e-01 [ 3.1948e-02 9.3776e-02 4.7941e-02 3.6557e-02 1.2763e-03 ] 7.8850e-01
 1.779e+01 1.9251e-01 1.9251e-01 [ 3.0274e-02 8.8358e-02 4.2242e-02 3.0489e-02 1.1443e-03 ] 8.0749e-01
 1.791e+01 1.7707e-01 1.7707e-01 [ 2.8845e-02 8.3977e-02 3.7650e-02 2.5567e-02 1.0290e-03 ] 8.2293e-01
 1.802e+01 1.6467e-01 1.6467e-01 [ 2.7624e-02 8.0499e-02 3.4001e-02 2.1620e-02 9.2947e-04 ] 8.3533e-01
 1.813e+01 1.5484e-01 1.5484e-01 [ 2.6579e-02 7.7789e-02 3.1142e-02 1.8485e-02 8.4457e-04 ] 8.4516e-01
 1.825e+01 1.4712e-01 1.4712e-01 [ 2.5676e-02 7.5718e-02 2.8935e-02 1.6021e-02 7.7313e-04 ] 8.5288e-01
 1.836e+01 1.4115e-01 1.4115e-01 [ 2.4888e-02 7.4175e-02 2.7260e-02 1.4107e-02 7.1405e-04 ] 8.5885e-01
 1.847e+01 1.3659e-01 1.3659e-01 [ 2.4191e-02 7.3063e-02 2.6024e-02 1.2647e-02 6.6642e-04 ] 8.6341e-01
 1.859e+01 1.3321e-01 1.3321e-01 [ 2.3565e-02 7.2302e-02 2.5147e-02 1.1563e-02 6.2948e-04 ] 8.6679e-01
 1.870e+01 1.3080e-01 1.3080e-01 [ 2.2996e-02 7.1830e-02 2.4573e-02 1.0797e-02 6.0266e-04 ] 8.6920e-01
 1.881e+01 1.2922e-01 1.2922e-01 [ 2.2470e-02 7.1601e-02 2.4259e-02 1.0308e-02 5.8554e-04 ] 8.7078e-01
 1.893e+01 1.2839e-01 1.2839e-01 [ 2.1980e-02 7.1583e-02 2.4177e-02 1.0069e-02 5.7792e-04 ] 8.7161e-01
 1.904e+01 1.2824e-01 1.2824e-01 [ 2.1520e-02 7.1758e-02 2.4316e-02 1.0068e-02 5.7974e-04 ] 8.7176e-01
 1.915e+01 1.2878e-01 1.2878e-01 [ 2.1086e-02 7.2122e-02 2.4676e-02 1.0307e-02 5.9111e-04 ] 8.7122e-01
 1.927e+01 1.3005e-01 1.3005e-01 [ 2.0677e-02 7.2683e-02 2.5272e-02 1.0801e-02 6.1233e-04 ] 8.6995e-01
 1.938e+01 1.3212e-01 1.3212e-01 [ 2.0294e-02 7.3466e-02 2.6134e-02 1.1580e-02 6.4389e-04 ] 8.6788e-01
 1.949e+01 1.3514e-01 1.3514e-01 [ 1.9939e-02 7.4507e-02 2.7310e-02 1.2693e-02 6.8646e-04 ] 8.6486e-01
 1.961e+01 1.3929e-01 1.3929e-01 [ 1.9616e-02 7.5860e-02 2.8864e-02 1.4205e-02 7.4091e-04 ] 8.6071e-01
 1.972e+01 1.4482e-01 1.4482e-01 [ 1.9329e-02 7.7591e-02 3.0883e-02 1.6208e-02 8.0835e-04 ] 8.5518e-01
 1.983e+01 1.5206e-01 1.5206e-01 [ 1.9085e-02 7.9788e-02 3.3478e-02 1.8817e-02 8.9009e-04 ] 8.4794e-01
 1.995e+01 1.6139e-01 1.6139e-01 [ 1.8890e-02 8.2551e-02 3.6786e-02 2.2178e-02 9.8767e-04 ] 8.3861e-01
 2.006e+01 1.7329e-01 1.7329e-01 [ 1.8751e-02 8.5995e-02 4.0971e-02 2.6468e-02 1.1028e-03 ] 8.2671e-01
 2.017e+01 1.8827e-01 1.8827e-01 [ 1.8673e-02 9.0241e-02 4.6222e-02 3.1898e-02 1.2372e-03 ] 8.1173e-01
 2.029e+01 2.0691e-01 2.0691e-01 [ 1.8659e-02 9.5410e-02 5.2747e-02 3.8702e-02 1.3927e-03 ] 7.9309e-01
 2.040e+01 2.2975e-01 2.2975e-01 [ 1.8708e-02 1.0160e-01 6.0750e-02 4.7124e-02 1.5705e-03 ] 7.7025e-01
 2.051e+01 2.5726e-01 2.5726e-01 [ 1.8813e-02 1.0887e-01 7.0415e-02 5.7393e-02 1.7712e-03 ] 7.4274e-01
 2.063e+01 2.8966e-01 2.8966e-01 [ 1.8959e-02 1.1718e-01 8.1851e-02 6.9677e-02 1.9939e-03 ] 7.1034e-01
 2.074e+01 3.2685e-01 3.2685e-01 [ 1.9121e-02 1.2641e-01 9.5053e-02 8.4029e-02 2.2360e-03 ] 6.7315e-01
 2.085e+01 3.6819e-01 3.6819e-01 [ 1.9262e-02 1.3627e-01 1.0984e-01 1.0032e-01 2.4923e-03 ] 6.3181e-01
 2.097e+01 4.1249e-01 4.1249e-01 [ 1.9342e-02 1.4635e-01 1.2583e-01 1.1822e-01 2.7550e-03 ] 5.8751e-01
 2.108e+01 4.5800e-01 4.5800e-01 [ 1.9317e-02 1.5610e-01 1.4244e-01 1.3713e-01 3.0146e-03 ] 5.4200e-01
 2.119e+01 5.0263e-01 5.0263e-01 [ 1.9151e-02 1.6497e-01 1.5894e-01 1.5632e-01 3.2604e-03 ] 4.9737e-01
 2.131e+01 5.4431e-01 5.4431e-01 [ 1.8824e-02 1.7246e-01 1.7458e-01 1.7497e-01 3.4833e-03 ] 4.5569e-01
 2.142e+01 5.8133e-01 5.8133e-01 [ 1.8338e-02 1.7824e-01 1.8873e-01 1.9234e-01 3.6766e-03 ] 4.1867e-01
 2.153e+01 6.1268e-01 6.1268e-01 [ 1.7712e-02 1.8223e-01 2.0098e-01 2.0793e-01 3.8376e-03 ] 3.8732e-01
 2.165e+01 6.3807e-01 6.3807e-01 [ 1.6982e-02 1.8451e-01 2.1116e-01 2.2146e-01 3.9672e-03 ] 3.6193e-01
 2.176e+01 6.5784e-01 6.5784e-01 [ 1.6185e-02 1.8535e-01 2.1933e-01 2.3291e-01 4.0692e-03 ] 3.4216e-01
 2.187e+01 6.7272e-01 6.7272e-01 [ 1.5361e-02 1.8508e-01 2.2570e-01 2.4242e-01 4.1487e-03 ] 3.2728e-01
 2.199e+01 6.8361e-01 6.8361e-01 [ 1.4538e-02 1.8405e-01 2.3056e-01 2.5025e-01 4.2107e-03 ] 3.1639e-01
 2.210e+01 6.9138e-01 6.9138e-01 [ 1.3740e-02 1.8255e-01 2.3419e-01 2.5664e-01 4.2600e-03 ] 3.0862e-01
 2.221e+01 6.9679e-01 6.9679e-01 [ 1.2981e-02 1.8082e-01 2.3684e-01 2.6184e-01 4.3001e-03 ] 3.0321e-01
 2.233e+01 7.0040e-01 7.0040e-01 [ 1.2269e-02 1.7905e-01 2.3872e-01 2.6603e-01 4.3337e-03 ] 2.9960e-01
 2.244e+01 7.0259e-01 7.0259e-01 [ 1.1607e-02 1.7735e-01 2.3994e-01 2.6932e-01 4.3623e-03 ] 2.9741e-01
 2.255e+01 7.0353e-01 7.0353e-01 [ 1.0995e-02 1.7580e-01 2.4059e-01 2.7176e-01 4.3868e-03 ] 2.9647e-01
 2.267e+01 7.0322e-01 7.0322e-01 [ 1.0430e-02 1.7441e-01 2.4065e-01 2.7332e-01 4.4073e-03 ] 2.9678e-01
 2.278e+01 7.0143e-01 7.0143e-01 [ 9.9091e-03 1.7315e-01 2.4006e-01 2.7390e-01 4.4228e-03 ] 2.9857e-01
 2.289e+01 6.9771e-01 6.9771e-01 [ 9.4257e-03 1.7193e-01 2.3865e-01 2.7328e-01 4.4315e-03 ] 3.0229e-01
 2.301e+01 6.9139e-01 6.9139e-01 [ 8.9724e-03 1.7061e-01 2.3619e-01 2.7119e-01 4.4303e-03 ] 3.0861e-01
 2.312e+01 6.8154e-01 6.8154e-01 [ 8.5400e-03 1.6898e-01 2.3238e-01 2.6723e-01 4.4146e-03 ] 3.1846e-01
 2.323e+01 6.6706e-01 6.6706e-01 [ 8.1175e-03 1.6677e-01 2.2683e-01 2.6097e-01 4.3782e-03 ] 3.3294e-01
 2.335e+01 6.4674e-01 6.4674e-01 [ 7.6930e-03 1.6366e-01 2.1915e-01 2.5193e-01 4.3134e-03 ] 3.5325e-01
 2.346e+01 6.1955e-01 6.1955e-01 [ 7.2549e-03 1.5933e-01 2.0901e-01 2.3974e-01 4.2124e-03 ] 3.8045e-01
 2.357e+01 5.8492e-01 5.8492e-01 [ 6.7951e-03 1.5355e-01 1.9625e-01 2.2426e-01 4.0683e-03 ] 4.1508e-01
 2.369e+01 5.4314e-01 5.4314e-01 [ 6.3109e-03 1.4623e-01 1.8102e-01 2.0569e-01 3.8783e-03 ] 4.5686e-01
 2.380e+01 4.9550e-01 4.9550e-01 [ 5.8078e-03 1.3752e-01 1.6383e-01 1.8470e-01 3.6446e-03 ] 5.0450e-01
 2.391e+01 4.4426e-01 4.4426e-01 [ 5.2982e-03 1.2780e-01 1.4549e-01 1.6229e-01 3.3756e-03 ] 5.5574e-01
 2.403e+01 3.9214e-01 3.9214e-01 [ 4.7990e-03 1.1761e-01 1.2697e-01 1.3967e-01 3.0842e-03 ] 6.0787e-01
 2.414e+01 3.4181e-01 3.4181e-01 [ 4.3267e-03 1.0752e-01 1.0921e-01 1.1797e-01 2.7847e-03 ] 6.5819e-01
 2.425e+01 2.9542e-01 2.9542e-01 [ 3.8945e-03 9.8024e-02 9.2944e-02 9.8071e-02 2.4906e-03 ] 7.0458e-01
 2.437e+01 2.5432e-01 2.5432e-01 [ 3.5102e-03 8.9466e-02 7.8618e-02 8.0518e-02 2.2120e-03 ] 7.4568e-01
 2.448e+01 2.1909e-01 2.1909e-01 [ 3.1758e-03 8.2036e-02 6.6411e-02 6.5510e-02 1.9557e-03 ] 7.8091e-01
 2.459e+01 1.8967e-01 1.8967e-01 [ 2.8895e-03 7.5778e-02 5.6285e-02 5.2997e-02 1.7247e-03 ] 8.1033e-01
 2.471e+01 1.6563e-01 1.6563e-01 [ 2.6463e-03 7.0639e-02 4.8066e-02 4.2761e-02 1.5196e-03 ] 8.3437e-01
 2.482e+01 1.4630e-01 1.4630e-01 [ 2.4403e-03 6.6505e-02 4.1511e-02 3.4506e-02 1.3395e-03 ] 8.5370e-01
 2.493e+01 1.3096e-01 1.3096e-01 [ 2.2654e-03 6.3239e-02 3.6357e-02 2.7918e-02 1.1822e-03 ] 8.6904e-01
 2.505e+01 1.1891e-01 1.1891e-01 [ 2.1156e-03 6.0698e-02 3.2355e-02 2.2694e-02 1.0455e-03 ] 8.8109e-01
 2.516e+01 1.0952e-01 1.0952e-01 [ 1.9859e-03 5.8749e-02 2.9283e-02 1.8572e-02 9.2684e-04 ] 8.9048e-01
 2.527e+01 1.0225e-01 1.0225e-01 [ 1.8722e-03 5.7274e-02 2.6951e-02 1.5325e-02 8.2398e-04 ] 8.9775e-01
 2.539e+01 9.6653e-02 9.6653e-02 [ 1.7710e-03 5.6173e-02 2.5203e-02 1.2771e-02 7.3489e-04 ] 9.0335e-01
 2.550e+01 9.2377e-02 9.2377e-02 [ 1.6795e-03 5.5363e-02 2.3915e-02 1.0762e-02 6.5776e-04 ] 9.0762e-01
 2.561e+01 8.9127e-02 8.9127e-02 [ 1.5957e-03 5.4775e-02 2.2984e-02 9.1807e-03 5.9109e-04 ] 9.1087e-01
 2.573e+01 8.6674e-02 8.6674e-02 [ 1.5180e-03 5.4354e-02 2.2332e-02 7.9358e-03 5.3358e-04 ] 9.1333e-01
 2.584e+01 8.4836e-02 8.4836e-02 [ 1.4451e-03 5.4055e-02 2.1897e-02 6.9558e-03 4.8416e-04 ] 9.1516e-01
 2.595e+01 8.3473e-02 8.3473e-02 [ 1.3762e-03 5.3841e-02 2.1628e-02 6.1856e-03 4.4194e-04 ] 9.1653e-01
 2.607e+01 8.2472e-02 8.2472e-02 [ 1.3105e-03 5.3686e-02 2.1487e-02 5.5824e-03 4.0619e-04 ] 9.1753e-01
 2.618e+01 8.1748e-02 8.1748e-02 [ 1.2477e-03 5.3565e-02 2.1445e-02 5.1136e-03 3.7631e-04 ] 9.1825e-01
 2.629e+01 8.1235e-02 8.1235e-02 [ 1.1872e-03 5.3462e-02 2.1479e-02 4.7544e-03 3.5184e-04 ] 9.1877e-01
 2.641e+01 8.0881e-02 8.0881e-02 [ 1.1290e-03 5.3363e-02 2.1570e-02 4.4860e-03 3.3240e-04 ] 9.1912e-01
 2.652e+01 8.0649e-02 8.0649e-02 [ 1.0728e-03 5.3258e-02 2.1706e-02 4.2949e-03 3.1774e-04 ] 9.1935e-01
 2.663e+01 8.0513e-02 8.0513e-02 [ 1.0186e-03 5.3139e-02 2.1877e-02 4.1714e-03 3.0767e-04 ] 9.1949e-01
 2.675e+01 8.0456e-02 8.0456e-02 [ 9.6626e-04 5.3002e-02 2.2076e-02 4.1095e-03 3.0209e-04 ] 9.1954e-01
 2.686e+01 8.0470e-02 8.0470e-02 [ 9.1577e-04 5.2845e-02 2.2302e-02 4.1064e-03 3.0099e-04 ] 9.1953e-01
 2.697e+01 8.0555e-02 8.0555e-02 [ 8.6713e-04 5.2668e-02 2.2553e-02 4.1624e-03 3.0442e-04 ] 9.1944e-01
 2.709e+01 8.0721e-02 8.0721e-02 [ 8.2034e-04 5.2474e-02 2.2834e-02 4.2806e-03 3.1252e-04 ] 9.1928e-01
 2.720e+01 8.0986e-02 8.0986e-02 [ 7.7542e-04 5.2266e-02 2.3151e-02 4.4680e-03 3.2551e-04 ] 9.1901e-01
 2.731e+01 8.1379e-02 8.1379e-02 [ 7.3239e-04 5.2053e-02 2.3514e-02 4.7354e-03 3.4370e-04 ] 9.1862e-01
 2.743e+01 8.1942e-02 8.1942e-02 [ 6.9126e-04 5.1844e-02 2.3941e-02 5.0984e-03 3.6750e-04 ] 9.1806e-01
 2.754e+01 8.2733e-02 8.2733e-02 [ 6.5205e-04 5.1653e-02 2.4451e-02 5.5790e-03 3.9742e-04 ] 9.1727e-01
 2.765e+01 8.3826e-02 8.3826e-02 [ 6.1479e-04 5.1495e-02 2.5076e-02 6.2065e-03 4.3413e-04 ] 9.1617e-01
 2.777e+01 8.5321e-02 8.5321e-02 [ 5.7948e-04 5.1391e-02 2.5851e-02 7.0207e-03 4.7841e-04 ] 9.1468e-01
 2.788e+01 8.7349e-02 8.7349e-02 [ 5.4616e-04 5.1369e-02 2.6829e-02 8.0741e-03 5.3124e-04 ] 9.1265e-01
 2.799e+01 9.0077e-02 9.0077e-02 [ 5.1482e-04 5.1458e-02 2.8073e-02 9.4363e-03 5.9379e-04 ] 9.0992e-01
 2.811e+01 9.3722e-02 9.3722e-02 [ 4.8550e-04 5.1701e-02 2.9670e-02 1.1199e-02 6.6748e-04 ] 9.0628e-01
 2.822e+01 9.8562e-02 9.8562e-02 [ 4.5821e-04 5.2143e-02 3.1726e-02 1.3480e-02 7.5400e-04 ] 9.0144e-01
 2.833e+01 1.0495e-01 1.0495e-01 [ 4.3295e-04 5.2845e-02 3.4380e-02 1.6436e-02 8.5535e-04 ] 8.9505e-01
 2.845e+01 1.1333e-01 1.1333e-01 [ 4.0974e-04 5.3876e-02 3.7807e-02 2.0263e-02 9.7389e-04 ] 8.8667e-01
 2.856e+01 1.2425e-01 1.2425e-01 [ 3.8858e-04 5.5316e-02 4.2220e-02 2.5212e-02 1.1123e-03 ] 8.7575e-01
 2.867e+01 1.3836e-01 1.3836e-01 [ 3.6943e-04 5.7256e-02 4.7879e-02 3.1586e-02 1.2736e-03 ] 8.6164e-01
 2.879e+01 1.5644e-01 1.5644e-01 [ 3.5224e-04 5.9792e-02 5.5083e-02 3.9750e-02 1.4610e-03 ] 8.4356e-01
 2.890e+01 1.7929e-01 1.7929e-01 [ 3.3688e-04 6.3012e-02 6.4157e-02 5.0112e-02 1.6774e-03 ] 8.2070e-01
 2.901e+01 2.0775e-01 2.0775e-01 [ 3.2314e-04 6.6988e-02 7.5422e-02 6.3091e-02 1.9251e-03 ] 7.9225e-01
 2.913e+01 2.4246e-01 2.4246e-01 [ 3.1069e-04 7.1739e-02 8.9140e-02 7.9063e-02 2.2050e-03 ] 7.5754e-01
 2.924e+01 2.8371e-01 2.8371e-01 [ 2.9905e-04 7.7210e-02 1.0543e-01 9.8258e-02 2.5152e-03 ] 7.1629e-01
 2.935e+01 3.3117e-01 3.3117e-01 [ 2.8763e-04 8.3235e-02 1.2415e-01 1.2064e-01 2.8499e-03 ] 6.6883e-01
 2.947e+01 3.8364e-01 3.8364e-01 [ 2.7573e-04 8.9521e-02 1.4485e-01 1.4579e-01 3.1990e-03 ] 6.1636e-01
 2.958e+01 4.3897e-01 4.3897e-01 [ 2.6272e-04 9.5658e-02 1.6668e-01 1.7282e-01 3.5476e-03 ] 5.6103e-01
 2.969e+01 4.9424e-01 4.9424e-01 [ 2.4814e-04 1.0118e-01 1.8848e-01 2.0045e-01 3.8784e-03 ] 5.0576e-01
 2.981e+01 5.4629e-01 5.4629e-01 [ 2.3186e-04 1.0568e-01 2.0900e-01 2.2721e-01 4.1750e-03 ] 4.5371e-01
 2.992e+01 5.9238e-01 5.9238e-01 [ 2.1415e-04 1.0887e-01 2.2715e-01 2.5172e-01 4.4255e-03 ] 4.0762e-01
 3.003e+01 6.3076e-01 6.3076e-01 [ 1.9561e-04 1.1068e-01 2.4224e-01 2.7302e-01 4.6252e-03 ] 3.6924e-01
 3.015e+01 6.6088e-01 6.6088e-01 [ 1.7696e-04 1.1124e-01 2.5402e-01 2.9067e-01 4.7766e-03 ] 3.3912e-01
 3.026e+01 6.8320e-01 6.8320e-01 [ 1.5890e-04 1.1081e-01 2.6267e-01 3.0468e-01 4.8873e-03 ] 3.1680e-01
 3.037e+01 6.9871e-01 6.9871e-01 [ 1.4196e-04 1.0968e-01 2.6857e-01 3.1536e-01 4.9665e-03 ] 3.0129e-01
 3.049e+01 7.0849e-01 7.0849e-01 [ 1.2644e-04 1.0810e-01 2.7214e-01 3.2310e-01 5.0230e-03 ] 2.9151e-01
 3.060e+01 7.1339e-01 7.1339e-01 [ 1.1248e-04 1.0628e-01 2.7373e-01 3.2820e-01 5.0630e-03 ] 2.8661e-01
 3.071e+01 7.1379e-01 7.1379e-01 [ 1.0003e-04 1.0431e-01 2.7350e-01 3.3079e-01 5.0894e-03 ] 2.8621e-01
 3.083e+01 7.0959e-01 7.0959e-01 [ 8.8969e-05 1.0220e-01 2.7142e-01 3.3077e-01 5.1020e-03 ] 2.9041e-01
 3.094e+01 7.0010e-01 7.0010e-01 [ 7.9126e-05 9.9886e-02 2.6725e-01 3.2779e-01 5.0962e-03 ] 2.9990e-01
 3.105e+01 6.8420e-01 6.8420e-01 [ 7.0288e-05 9.7205e-02 2.6058e-01 3.2128e-01 5.0639e-03 ] 3.1580e-01
 3.117e+01 6.6048e-01 6.6048e-01 [ 6.2248e-05 9.3956e-02 2.5090e-01 3.1056e-01 4.9938e-03 ] 3.3952e-01
 3.128e+01 6.2768e-01 6.2768e-01 [ 5.4824e-05 8.9931e-02 2.3776e-01 2.9506e-01 4.8734e-03 ] 3.7232e-01
 3.139e+01 5.8527e-01 5.8527e-01 [ 4.7898e-05 8.4987e-02 2.2099e-01 2.7456e-01 4.6923e-03 ] 4.1473e-01
 3.151e+01 5.3402e-01 5.3402e-01 [ 4.1425e-05 7.9126e-02 2.0092e-01 2.4949e-01 4.4465e-03 ] 4.6598e-01
 3.162e+01 4.7619e-01 4.7619e-01 [ 3.5438e-05 7.2535e-02 1.7845e-01 2.2103e-01 4.1419e-03 ] 5.2381e-01
 3.173e+01 4.1521e-01 4.1521e-01 [ 3.0015e-05 6.5555e-02 1.5491e-01 1.9092e-01 3.7935e-03 ] 5.8479e-01
 3.185e+01 3.5489e-01 3.5489e-01 [ 2.5234e-05 5.8599e-02 1.3175e-01 1.6109e-01 3.4220e-03 ] 6.4512e-01
 3.196e+01 2.9850e-01 2.9850e-01 [ 2.1136e-05 5.2045e-02 1.1022e-01 1.3316e-01 3.0489e-03 ] 7.0150e-01
 3.207e+01 2.4830e-01 2.4830e-01 [ 1.7712e-05 4.6167e-02 9.1149e-02 1.0828e-01 2.6915e-03 ] 7.5170e-01
 3.219e+01 2.0535e-01 2.0535e-01 [ 1.4907e-05 4.1107e-02 7.4917e-02 8.6953e-02 2.3615e-03 ] 7.9465e-01
 3.230e+01 1.6975e-01 1.6975e-01 [ 1.2640e-05 3.6892e-02 6.1539e-02 6.9241e-02 2.0651e-03 ] 8.3025e-01
 3.241e+01 1.4095e-01 1.4095e-01 [ 1.0819e-05 3.3473e-02 5.0789e-02 5.4869e-02 1.8037e-03 ] 8.5905e-01
 3.253e+01 1.1807e-01 1.1807e-01 [ 9.3563e-06 3.0755e-02 4.2320e-02 4.3405e-02 1.5760e-03 ] 8.8193e-01
 3.264e+01 1.0013e-01 1.0013e-01 [ 8.1740e-06 2.8630e-02 3.5750e-02 3.4367e-02 1.3790e-03 ] 8.9987e-01
 3.275e+01 8.6218e-02 8.6218e-02 [ 7.2088e-06 2.6988e-02 3.0718e-02 2.7296e-02 1.2091e-03 ] 9.1378e-01
 3.287e+01 7.5495e-02 7.5495e-02 [ 6.4101e-06 2.5733e-02 2.6905e-02 2.1787e-02 1.0629e-03 ] 9.2451e-01
 3.298e+01 6.7275e-02 6.7275e-02 [ 5.7392e-06 2.4781e-02 2.4048e-02 1.7502e-02 9.3681e-04 ] 9.3273e-01
 3.309e+01 6.1000e-02 6.1000e-02 [ 5.1668e-06 2.4065e-02 2.1934e-02 1.4168e-02 8.2799e-04 ] 9.3900e-01
 3.321e+01 5.6230e-02 5.6230e-02 [ 4.6711e-06 2.3529e-02 2.0394e-02 1.1568e-02 7.3382e-04 ] 9.4377e-01
 3.332e+01 5.2618e-02 5.2618e-02 [ 4.2361e-06 2.3130e-02 1.9297e-02 9.5340e-03 6.5212e-04 ] 9.4738e-01
 3.343e+01 4.9897e-02 4.9897e-02 [ 3.8499e-06 2.2835e-02 1.8541e-02 7.9364e-03 5.8105e-04 ] 9.5010e-01
 3.355e+01 4.7862e-02 4.7862e-02 [ 3.5036e-06 2.2615e-02 1.8049e-02 6.6753e-03 5.1906e-04 ] 9.5214e-01
 3.366e+01 4.6354e-02 4.6354e-02 [ 3.1907e-06 2.2452e-02 1.7760e-02 5.6745e-03 4.6484e-04 ] 9.5365e-01
 3.377e+01 4.5253e-02 4.5253e-02 [ 2.9064e-06 2.2327e-02 1.7630e-02 4.8757e-03 4.1731e-04 ] 9.5475e-01
 3.389e+01 4.4464e-02 4.4464e-02 [ 2.6470e-06 2.2230e-02 1.7622e-02 4.2343e-03 3.7554e-04 ] 9.5554e-01
 3.400e+01 4.3915e-02 4.3915e-02 [ 2.4095e-06 2.2149e-02 1.7709e-02 3.7162e-03 3.3877e-04 ] 9.5608e-01
 3.411e+01 4.3552e-02 4.3552e-02 [ 2.1916e-06 2.2078e-02 1.7870e-02 3.2952e-03 3.0634e-04 ] 9.5645e-01
 3.423e+01 4.3329e-02 4.3329e-02 [ 1.9916e-06 2.2010e-02 1.8089e-02 2.9511e-03 2.7770e-04 ] 9.5667e-01
 3.434e+01 4.3213e-02 4.3213e-02 [ 1.8078e-06 2.1939e-02 1.8351e-02 2.6684e-03 2.5237e-04 ] 9.5679e-01
 3.445e+01 4.3178e-02 4.3178e-02 [ 1.6391e-06 2.1864e-02 1.8647e-02 2.4350e-03 2.2998e-04 ] 9.5682e-01
 3.457e+01 4.3201e-02 4.3201e-02 [ 1.4842e-06 2.1779e-02 1.8969e-02 2.2415e-03 2.1017e-04 ] 9.5680e-01
 3.468e+01 4.3266e-02 4.3266e-02 [ 1.3421e-06 2.1684e-02 1.9308e-02 2.0806e-03 1.9268e-04 ] 9.5673e-01
 3.479e+01 4.3359e-02 4.3359e-02 [ 1.2120e-06 2.1575e-02 1.9659e-02 1.9467e-03 1.7725e-04 ] 9.5664e-01
 3.491e+01 4.3469e-02 4.3469e-02 [ 1.0930e-06 2.1452e-02 2.0016e-02 1.8351e-03 1.6370e-04 ] 9.5653e-01
 3.502e+01 4.3587e-02 4.3587e-02 [ 9.8433e-07 2.1314e-02 2.0377e-02 1.7425e-03 1.5186e-04 ] 9.5641e-01
 3.513e+01 4.3705e-02 4.3705e-02 [ 8.8520e-07 2.1160e-02 2.0737e-02 1.6660e-03 1.4158e-04 ] 9.5629e-01
 3.525e+01 4.3818e-02 4.3818e-02 [ 7.9494e-07 2.0989e-02 2.1093e-02 1.6035e-03 1.3276e-04 ] 9.5618e-01
 3.536e+01 4.3921e-02 4.3921e-02 [ 7.1290e-07 2.0801e-02 2.1441e-02 1.5532e-03 1.2530e-04 ] 9.5608e-01
 3.547e+01 4.4011e-02 4.4011e-02 [ 6.3846e-07 2.0596e-02 2.1780e-02 1.5141e-03 1.1915e-04 ] 9.5599e-01
 3.559e+01 4.4083e-02 4.4083e-02 [ 5.7104e-07 2.0375e-02 2.2108e-02 1.4849e-03 1.1426e-04 ] 9.5592e-01
 3.570e+01 4.4136e-02 4.4136e-02 [ 5.1007e-07 2.0138e-02 2.2422e-02 1.4651e-03 1.1059e-04 ] 9.5586e-01
 3.581e+01 4.4169e-02 4.4169e-02 [ 4.5504e-07 1.9885e-02 2.2721e-02 1.4543e-03 1.0813e-04 ] 9.5583e-01
 3.593e+01 4.4180e-02 4.4180e-02 [ 4.0545e-07 1.9617e-02 2.3004e-02 1.4522e-03 1.0689e-04 ] 9.5582e-01
 3.604e+01 4.4170e-02 4.4170e-02 [ 3.6085e-07 1.9334e-02 2.3270e-02 1.4589e-03 1.0689e-04 ] 9.5583e-01
 3.615e+01 4.4140e-02 4.4140e-02 [ 3.2078e-07 1.9039e-02 2.3518e-02 1.4746e-03 1.0817e-04 ] 9.5586e-01
 3.627e+01 4.4091e-02 4.4091e-02 [ 2.8486e-07 1.8732e-02 2.3748e-02 1.4999e-03 1.1079e-04 ] 9.5591e-01
 3.638e+01 4.4025e-02 4.4025e-02 [ 2.5271e-07 1.8414e-02 2.3961e-02 1.5354e-03 1.1484e-04 ] 9.5597e-01
 3.649e+01 4.3946e-02 4.3946e-02 [ 2.2396e-07 1.8086e-02 2.4157e-02 1.5825e-03 1.2041e-04 ] 9.5605e-01
 3.661e+01 4.3859e-02 4.3859e-02 [ 1.9831e-07 1.7750e-02 2.4338e-02 1.6427e-03 1.2763e-04 ] 9.5614e-01
 3.672e+01 4.3768e-02 4.3768e-02 [ 1.7544e-07 1.7407e-02 2.4505e-02 1.7182e-03 1.3665e-04 ] 9.5623e-01
 3.683e+01 4.3681e-02 4.3681e-02 [ 1.5509e-07 1.7060e-02 2.4662e-02 1.8117e-03 1.4767e-04 ] 9.5632e-01
 3.695e+01 4.3609e-02 4.3609e-02 [ 1.3700e-07 1.6709e-02 2.4811e-02 1.9272e-03 1.6089e-04 ] 9.5639e-01
 3.706e+01 4.3562e-02 4.3562e-02 [ 1.2094e-07 1.6356e-02 2.4959e-02 2.0695e-03 1.7660e-04 ] 9.5644e-01
 3.717e+01 4.3557e-02 4.3557e-02 [ 1.0671e-07 1.6004e-02 2.5112e-02 2.2452e-03 1.9510e-04 ] 9.5644e-01
 3.729e+01 4.3612e-02 4.3612e-02 [ 9.4096e-08 1.5655e-02 2.5278e-02 2.4629e-03 2.1676e-04 ] 9.5639e-01
 3.740e+01 4.3754e-02 4.3754e-02 [ 8.2940e-08 1.5310e-02 2.5468e-02 2.7340e-03 2.4203e-04 ] 9.5625e-01
 3.751e+01 4.4015e-02 4.4015e-02 [ 7.3081e-08 1.4973e-02 2.5697e-02 3.0735e-03 2.7142e-04 ] 9.5599e-01
 3.763e+01 4.4437e-02 4.4437e-02 [ 6.4377e-08 1.4646e-02 2.5983e-02 3.5013e-03 3.0557e-04 ] 9.5556e-01
 3.774e+01 4.5075e-02 4.5075e-02 [ 5.6701e-08 1.4334e-02 2.6351e-02 4.0440e-03 3.4520e-04 ] 9.5493e-01
 3.785e+01 4.6001e-02 4.6001e-02 [ 4.9937e-08 1.4040e-02 2.6833e-02 4.7370e-03 3.9119e-04 ] 9.5400e-01
 3.797e+01 4.7311e-02 4.7311e-02 [ 4.3983e-08 1.3769e-02 2.7470e-02 5.6275e-03 4.4459e-04 ] 9.5269e-01
 3.808e+01 4.9130e-02 4.9130e-02 [ 3.8747e-08 1.3527e-02 2.8318e-02 6.7787e-03 5.0666e-04 ] 9.5087e-01
 3.819e+01 5.1622e-02 5.1622e-02 [ 3.4147e-08 1.3321e-02 2.9447e-02 8.2751e-03 5.7889e-04 ] 9.4838e-01
 3.831e+01 5.5007e-02 5.5007e-02 [ 3.0110e-08 1.3161e-02 3.0954e-02 1.0230e-02 6.6308e-04 ] 9.4499e-01
 3.842e+01 5.9572e-02 5.9572e-02 [ 2.6572e-08 1.3058e-02 3.2960e-02 1.2792e-02 7.6142e-04 ] 9.4043e-01
 3.853e+01 6.5692e-02 6.5692e-02 [ 2.3474e-08 1.3025e-02 3.5629e-02 1.6162e-02 8.7649e-04 ] 9.3431e-01
 3.865e+01 7.3857e-02 7.3857e-02 [ 2.0766e-08 1.3079e-02 3.9168e-02 2.0599e-02 1.0114e-03 ] 9.2614e-01
 3.876e+01 8.4689e-02 8.4689e-02 [ 1.8402e-08 1.3239e-02 4.3840e-02 2.6441e-02 1.1698e-03 ] 9.1531e-01
 3.887e+01 9.8968e-02 9.8968e-02 [ 1.6340e-08 1.3527e-02 4.9973e-02 3.4113e-02 1.3558e-03 ] 9.0103e-01
 3.899e+01 1.1764e-01 1.1764e-01 [ 1.4543e-08 1.3966e-02 5.7958e-02 4.4138e-02 1.5740e-03 ] 8.8236e-01
 3.910e+01 1.4177e-01 1.4177e-01 [ 1.2976e-08 1.4580e-02 6.8236e-02 5.7121e-02 1.8291e-03 ] 8.5823e-01
 3.921e+01 1.7248e-01 1.7248e-01 [ 1.1605e-08 1.5386e-02 8.1260e-02 7.3713e-02 2.1249e-03 ] 8.2751e-01
 3.933e+01 2.1079e-01 2.1079e-01 [ 1.0396e-08 1.6385e-02 9.7419e-02 9.4520e-02 2.4637e-03 ] 7.8921e-01
 3.944e+01 2.5726e-01 2.5726e-01 [ 9.3170e-09 1.7560e-02 1.1691e-01 1.1994e-01 2.8439e-03 ] 7.4274e-01
 3.955e+01 3.1166e-01 3.1166e-01 [ 8.3358e-09 1.8858e-02 1.3958e-01 1.4997e-01 3.2583e-03 ] 6.8833e-01
 3.967e+01 3.7255e-01 3.7255e-01 [ 7.4233e-09 2.0188e-02 1.6475e-01 1.8393e-01 3.6925e-03 ] 6.2745e-01
 3.978e+01 4.3705e-01 4.3705e-01 [ 6.5575e-09 2.1423e-02 1.9115e-01 2.2035e-01 4.1248e-03 ] 5.6295e-01
 3.989e+01 5.0110e-01 5.0110e-01 [ 5.7269e-09 2.2426e-02 2.1705e-01 2.5710e-01 4.5294e-03 ] 4.9890e-01
 4.001e+01 5.6023e-01 5.6023e-01 [ 4.9322e-09 2.3079e-02 2.4057e-01 2.9170e-01 4.8822e-03 ] 4.3977e-01
 4.012e+01 6.1064e-01 6.1064e-01 [ 4.1849e-09 2.3318e-02 2.6017e-01 3.2199e-01 5.1676e-03 ] 3.8936e-01
 4.023e+01 6.5001e-01 6.5001e-01 [ 3.5006e-09 2.3147e-02 2.7494e-01 3.4654e-01 5.3815e-03 ] 3.4999e-01
 4.035e+01 6.7765e-01 6.7765e-01 [ 2.8923e-09 2.2621e-02 2.8470e-01 3.6480e-01 5.5300e-03 ] 3.2235e-01
 4.046e+01 6.9390e-01 6.9390e-01 [ 2.3663e-09 2.1815e-02 2.8967e-01 3.7679e-01 5.6241e-03 ] 3.0610e-01
 4.057e+01 6.9935e-01 6.9935e-01 [ 1.9210e-09 2.0795e-02 2.9017e-01 3.8271e-01 5.6729e-03 ] 3.0065e-01
 4.069e+01 6.9414e-01 6.9414e-01 [ 1.5491e-09 1.9603e-02 2.8633e-01 3.8253e-01 5.6792e-03 ] 3.0586e-01
 4.080e+01 6.7775e-01 6.7775e-01 [ 1.2405e-09 1.8250e-02 2.7799e-01 3.7586e-01 5.6375e-03 ] 3.2225e-01
 4.091e+01 6.4921e-01 6.4921e-01 [ 9.8483e-10 1.6731e-02 2.6483e-01 3.6211e-01 5.5356e-03 ] 3.5079e-01
 4.103e+01 6.0790e-01 6.0790e-01 [ 7.7280e-10 1.5046e-02 2.4664e-01 3.4085e-01 5.3593e-03 ] 3.9210e-01
 4.114e+01 5.5444e-01 5.5444e-01 [ 5.9754e-10 1.3222e-02 2.2374e-01 3.1237e-01 5.0991e-03 ] 4.4556e-01
 4.125e+01 4.9135e-01 4.9135e-01 [ 4.5424e-10 1.1321e-02 1.9720e-01 2.7807e-01 4.7581e-03 ] 5.0865e-01
 4.137e+01 4.2291e-01 4.2291e-01 [ 3.3934e-10 9.4380e-03 1.6878e-01 2.4034e-01 4.3533e-03 ] 5.7709e-01
 4.148e+01 3.5415e-01 3.5415e-01 [ 2.4958e-10 7.6713e-03 1.4050e-01 2.0207e-01 3.9121e-03 ] 6.4585e-01
 4.159e+01 2.8956e-01 2.8956e-01 [ 1.8142e-10 6.0998e-03 1.1414e-01 1.6585e-01 3.4642e-03 ] 7.1045e-01
 4.171e+01 2.3220e-01 2.3220e-01 [ 1.3102e-10 4.7665e-03 9.0895e-02 1.3350e-01 3.0345e-03 ] 7.6780e-01
 4.182e+01 1.8353e-01 1.8353e-01 [ 9.4572e-11 3.6788e-03 7.1296e-02 1.0591e-01 2.6397e-03 ] 8.1647e-01
 4.193e+01 1.4365e-01 1.4365e-01 [ 6.8625e-11 2.8189e-03 5.5336e-02 8.3208e-02 2.2878e-03 ] 8.5635e-01
 4.205e+01 1.1182e-01 1.1182e-01 [ 5.0326e-11 2.1549e-03 4.2676e-02 6.5012e-02 1.9808e-03 ] 8.8818e-01
 4.216e+01 8.6892e-02 8.6892e-02 [ 3.7457e-11 1.6509e-03 3.2823e-02 5.0703e-02 1.7163e-03 ] 9.1311e-01
 4.227e+01 6.7610e-02 6.7610e-02 [ 2.8375e-11 1.2729e-03 2.5254e-02 3.9594e-02 1.4901e-03 ] 9.3239e-01
 4.239e+01 5.2818e-02 5.2818e-02 [ 2.1907e-11 9.9139e-04 1.9490e-02 3.1039e-02 1.2974e-03 ] 9.4718e-01
 4.250e+01 4.1520e-02 4.1520e-02 [ 1.7237e-11 7.8268e-04 1.5125e-02 2.4479e-02 1.1331e-03 ] 9.5848e-01
 4.261e+01 3.2906e-02 3.2906e-02 [ 1.3804e-11 6.2818e-04 1.1827e-02 1.9458e-02 9.9306e-04 ] 9.6709e-01
 4.273e+01 2.6336e-02 2.6336e-02 [ 1.1230e-11 5.1371e-04 9.3384e-03 1.5611e-02 8.7330e-04 ] 9.7366e-01
 4.284e+01 2.1316e-02 2.1316e-02 [ 9.2580e-12 4.2871e-04 7.4594e-03 1.2657e-02 7.7064e-04 ] 9.7868e-01
 4.295e+01 1.7468e-02 1.7468e-02 [ 7.7150e-12 3.6533e-04 6.0388e-03 1.0381e-02 6.8236e-04 ] 9.8253e-01
 4.307e+01 1.4506e-02 1.4506e-02 [ 6.4837e-12 3.1780e-04 4.9627e-03 8.6195e-03 6.0624e-04 ] 9.8549e-01
 4.318e+01 1.2217e-02 1.2217e-02 [ 5.4836e-12 2.8191e-04 4.1460e-03 7.2490e-03 5.4039e-04 ] 9.8778e-01
 4.329e+01 1.0439e-02 1.0439e-02 [ 4.6591e-12 2.5458e-04 3.5249e-03 6.1768e-03 4.8327e-04 ] 9.8956e-01
 4.341e+01 9.0516e-03 9.0516e-03 [ 3.9710e-12 2.3353e-04 3.0516e-03 5.3329e-03 4.3359e-04 ] 9.9095e-01
 4.352e+01 7.9626e-03 7.9626e-03 [ 3.3912e-12 2.1711e-04 2.6906e-03 4.6647e-03 3.9027e-04 ] 9.9204e-01
 4.363e+01 7.1040e-03 7.1040e-03 [ 2.8991e-12 2.0412e-04 2.4151e-03 4.1323e-03 3.5239e-04 ] 9.9290e-01
 4.375e+01 6.4237e-03 6.4237e-03 [ 2.4794e-12 1.9366e-04 2.2051e-03 3.7057e-03 3.1921e-04 ] 9.9358e-01
 4.386e+01 5.8825e-03 5.8825e-03 [ 2.1199e-12 1.8507e-04 2.0454e-03 3.3620e-03 2.9006e-04 ] 9.9412e-01
 4.397e+01 5.4503e-03 5.4503e-03 [ 1.8114e-12 1.7786e-04 1.9246e-03 3.0835e-03 2.6441e-04 ] 9.9455e-01
 4.409e+01 5.1042e-03 5.1042e-03 [ 1.5463e-12 1.7167e-04 1.8338e-03 2.8569e-03 2.4180e-04 ] 9.9490e-01
 4.420e+01 4.8265e-03 4.8265e-03 [ 1.3184e-12 1.6624e-04 1.7666e-03 2.6719e-03 2.2182e-04 ] 9.9517e-01
 4.431e+01 4.6036e-03 4.6036e-03 [ 1.1226e-12 1.6136e-04 1.7177e-03 2.5204e-03 2.0414e-04 ] 9.9540e-01
 4.443e+01 4.4249e-03 4.4249e-03 [ 9.5429e-13 1.5688e-04 1.6832e-03 2.3963e-03 1.8847e-04 ] 9.9557e-01
 4.454e+01 4.2820e-03 4.2820e-03 [ 8.0990e-13 1.5269e-04 1.6602e-03 2.2946e-03 1.7456e-04 ] 9.9572e-01
 4.465e+01 4.1686e-03 4.1686e-03 [ 6.8615e-13 1.4871e-04 1.6462e-03 2.2115e-03 1.6220e-04 ] 9.9583e-01
 4.477e+01 4.0794e-03 4.0794e-03 [ 5.8026e-13 1.4487e-04 1.6393e-03 2.1440e-03 1.5119e-04 ] 9.9592e-01
 4.488e+01 4.0104e-03 4.0104e-03 [ 4.8979e-13 1.4114e-04 1.6381e-03 2.0897e-03 1.4140e-04 ] 9.9599e-01
 4.499e+01 3.9583e-03 3.9583e-03 [ 4.1264e-13 1.3747e-04 1.6415e-03 2.0467e-03 1.3266e-04 ] 9.9604e-01
 4.511e+01 3.9205e-03 3.9205e-03 [ 3.4698e-13 1.3384e-04 1.6484e-03 2.0134e-03 1.2487e-04 ] 9.9608e-01
 4.522e+01 3.8950e-03 3.8950e-03 [ 2.9120e-13 1.3023e-04 1.6582e-03 1.9887e-03 1.1791e-04 ] 9.9610e-01
 4.533e+01 3.8800e-03 3.8800e-03 [ 2.4390e-13 1.2664e-04 1.6703e-03 1.9714e-03 1.1171e-04 ] 9.9612e-01
 4.545e+01 3.8740e-03 3.8740e-03 [ 2.0389e-13 1.2305e-04 1.6840e-03 1.9608e-03 1.0617e-04 ] 9.9613e-01
 4.556e+01 3.8760e-03 3.8760e-03 [ 1.7011e-13 1.1946e-04 1.6992e-03 1.9561e-03 1.0122e-04 ] 9.9612e-01
 4.567e+01 3.8849e-03 3.8849e-03 [ 1.4164e-13 1.1587e-04 1.7153e-03 1.9569e-03 9.6816e-05 ] 9.9611e-01
 4.579e+01 3.8999e-03 3.8999e-03 [ 1.1771e-13 1.1228e-04 1.7321e-03 1.9627e-03 9.2888e-05 ] 9.9610e-01
 4.590e+01 3.9204e-03 3.9204e-03 [ 9.7625e-14 1.0869e-04 1.7493e-03 1.9731e-03 8.9393e-05 ] 9.9608e-01
 4.601e+01 3.9457e-03 3.9457e-03 [ 8.0811e-14 1.0511e-04 1.7667e-03 1.9876e-03 8.6288e-05 ] 9.9605e-01
 4.613e+01 3.9753e-03 3.9753e-03 [ 6.6762e-14 1.0153e-04 1.7842e-03 2.0061e-03 8.3536e-05 ] 9.9602e-01
 4.624e+01 4.0088e-03 4.0088e-03 [ 5.5048e-14 9.7966e-05 1.8015e-03 2.0283e-03 8.1102e-05 ] 9.9599e-01
 4.635e+01 4.0457e-03 4.0457e-03 [ 4.5301e-14 9.4419e-05 1.8185e-03 2.0538e-03 7.8958e-05 ] 9.9595e-01
 4.647e+01 4.0857e-03 4.0857e-03 [ 3.7209e-14 9.0895e-05 1.8351e-03 2.0827e-03 7.7075e-05 ] 9.9591e-01
 4.658e+01 4.1284e-03 4.1284e-03 [ 3.0503e-14 8.7399e-05 1.8510e-03 2.1145e-03 7.5431e-05 ] 9.9587e-01
 4.669e+01 4.1734e-03 4.1734e-03 [ 2.4958e-14 8.3938e-05 1.8663e-03 2.1492e-03 7.4003e-05 ] 9.9583e-01
 4.681e+01 4.2206e-03 4.2206e-03 [ 2.0382e-14 8.0516e-05 1.8808e-03 2.1865e-03 7.2772e-05 ] 9.9578e-01
 4.692e+01 4.2695e-03 4.2695e-03 [ 1.6614e-14 7.7139e-05 1.8944e-03 2.2263e-03 7.1720e-05 ] 9.9573e-01
 4.703e+01 4.3199e-03 4.3199e-03 [ 1.3517e-14 7.3813e-05 1.9069e-03 2.2684e-03 7.0830e-05 ] 9.9568e-01
 4.715e+01 4.3715e-03 4.3715e-03 [ 1.0977e-14 7.0542e-05 1.9183e-03 2.3126e-03 7.0089e-05 ] 9.9563e-01
 4.726e+01 4.4241e-03 4.4241e-03 [ 8.8977e-15 6.7332e-05 1.9286e-03 2.3587e-03 6.9482e-05 ] 9.9558e-01
 4.737e+01 4.4773e-03 4.4773e-03 [ 7.1990e-15 6.4187e-05 1.9375e-03 2.4066e-03 6.8997e-05 ] 9.9552e-01
 4.749e+01 4.5309e-03 4.5309e-03 [ 5.8139e-15 6.1111e-05 1.9452e-03 2.4560e-03 6.8623e-05 ] 9.9547e-01
 4.760e+01 4.5847e-03 4.5847e-03 [ 4.6868e-15 5.8108e-05 1.9514e-03 2.5069e-03 6.8349e-05 ] 9.9542e-01
 4.771e+01 4.6382e-03 4.6382e-03 [ 3.7714e-15 5.5183e-05 1.9561e-03 2.5588e-03 6.8165e-05 ] 9.9536e-01
 4.783e+01 4.6914e-03 4.6914e-03 [ 3.0293e-15 5.2337e-05 1.9592e-03 2.6117e-03 6.8062e-05 ] 9.9531e-01
 4.794e+01 4.7438e-03 4.7438e-03 [ 2.4290e-15 4.9575e-05 1.9608e-03 2.6654e-03 6.8031e-05 ] 9.9526e-01
 4.805e+01 4.7952e-03 4.7952e-03 [ 1.9441e-15 4.6897e-05 1.9607e-03 2.7196e-03 6.8065e-05 ] 9.9520e-01
 4.817e+01 4.8455e-03 4.8455e-03 [ 1.5533e-15 4.4307e-05 1.9590e-03 2.7740e-03 6.8155e-05 ] 9.9515e-01
 4.828e+01 4.8942e-03 4.8942e-03 [ 1.2390e-15 4.1806e-05 1.9555e-03 2.8286e-03 6.8294e-05 ] 9.9511e-01
 4.839e+01 4.9412e-03 4.9412e-03 [ 9.8648e-16 3.9395e-05 1.9503e-03 2.8830e-03 6.8477e-05 ] 9.9506e-01
 4.851e+01 4.9861e-03 4.9861e-03 [ 7.8411e-16 3.7075e-05 1.9433e-03 2.9370e-03 6.8696e-05 ] 9.9501e-01
 4.862e+01 5.0288e-03 5.0288e-03 [ 6.2220e-16 3.4846e-05 1.9346e-03 2.9904e-03 6.8946e-05 ] 9.9497e-01
 4.873e+01 5.0690e-03 5.0690e-03 [ 4.9288e-16 3.2709e-05 1.9240e-03 3.0430e-03 6.9221e-05 ] 9.9493e-01
 4.885e+01 5.1064e-03 5.1064e-03 [ 3.8979e-16 3.0663e-05 1.9117e-03 3.0945e-03 6.9515e-05 ] 9.9489e-01
 4.896e+01 5.1409e-03 5.1409e-03 [ 3.0775e-16 2.8707e-05 1.8977e-03 3.1447e-03 6.9824e-05 ] 9.9486e-01
 4.907e+01 5.1722e-03 5.1722e-03 [ 2.4257e-16 2.6842e-05 1.8819e-03 3.1933e-03 7.0142e-05 ] 9.9483e-01
 4.919e+01 5.2001e-03 5.2001e-03 [ 1.9088e-16 2.5066e-05 1.8644e-03 3.2402e-03 7.0465e-05 ] 9.9480e-01
 4.930e+01 5.2245e-03 5.2245e-03 [ 1.4997e-16 2.3376e-05 1.8451e-03 3.2852e-03 7.0789e-05 ] 9.9478e-01
 4.941e+01 5.2452e-03 5.2452e-03 [ 1.1763e-16 2.1773e-05 1.8243e-03 3.3280e-03 7.1110e-05 ] 9.9475e-01
 4.953e+01 5.2620e-03 5.2620e-03 [ 9.2120e-17 2.0254e-05 1.8018e-03 3.3685e-03 7.1423e-05 ] 9.9474e-01
 4.964e+01 5.2747e-03 5.2747e-03 [ 7.2027e-17 1.8816e-05 1.7778e-03 3.4064e-03 7.1725e-05 ] 9.9473e-01
 4.975e+01 5.2834e-03 5.2834e-03 [ 5.6228e-17 1.7458e-05 1.7523e-03 3.4416e-03 7.2013e-05 ] 9.9472e-01
 4.987e+01 5.2878e-03 5.2878e-03 [ 4.3826e-17 1.6178e-05 1.7253e-03 3.4740e-03 7.2284e-05 ] 9.9471e-01
 4.998e+01 5.2879e-03 5.2879e-03 [ 3.4107e-17 1.4973e-05 1.6970e-03 3.5033e-03 7.2534e-05 ] 9.9471e-01
 5.009e+01 5.2836e-03 5.2836e-03 [ 2.6502e-17 1.3839e-05 1.6674e-03 3.5295e-03 7.2761e-05 ] 9.9472e-01
 5.021e+01 5.2748e-03 5.2748e-03 [ 2.0562e-17 1.2776e-05 1.6366e-03 3.5525e-03 7.2962e-05 ] 9.9473e-01
 5.032e+01 5.2616e-03 5.2616e-03 [ 1.5929e-17 1.1780e-05 1.6047e-03 3.5720e-03 7.3135e-05 ] 9.9474e-01
 5.043e+01 5.2440e-03 5.2440e-03 [ 1.2321e-17 1.0847e-05 1.5717e-03 3.5882e-03 7.3278e-05 ] 9.9476e-01
 5.055e+01 5.2219e-03 5.2219e-03 [ 9.5167e-18 9.9764e-06 1.5378e-03 3.6008e-03 7.3389e-05 ] 9.9478e-01
 5.066e+01 5.1954e-03 5.1954e-03 [ 7.3397e-18 9.1642e-06 1.5030e-03 3.6098e-03 7.3465e-05 ] 9.9480e-01
 5.077e+01 5.1646e-03 5.1646e-03 [ 5.6525e-18 8.4077e-06 1.4675e-03 3.6152e-03 7.3506e-05 ] 9.9484e-01
 5.089e+01 5.1295e-03 5.1295e-03 [ 4.3468e-18 7.7044e-06 1.4313e-03 3.6170e-03 7.3511e-05 ] 9.9487e-01
 5.100e+01 5.0901e-03 5.0901e-03 [ 3.3379e-18 7.0513e-06 1.3945e-03 3.6151e-03 7.3477e-05 ] 9.9491e-01
 5.111e+01 5.0467e-03 5.0467e-03 [ 2.5596e-18 6.4458e-06 1.3572e-03 3.6096e-03 7.3405e-05 ] 9.9495e-01
 5.123e+01 4.9992e-03 4.9992e-03 [ 1.9600e-18 5.8853e-06 1.3196e-03 3.6005e-03 7.3293e-05 ] 9.9500e-01
 5.134e+01 4.9479e-03 4.9479e-03 [ 1.4988e-18 5.3671e-06 1.2816e-03 3.5878e-03 7.3140e-05 ] 9.9505e-01
 5.145e+01 4.8929e-03 4.8929e-03 [ 1.1445e-18 4.8888e-06 1.2435e-03 3.5716e-03 7.2947e-05 ] 9.9511e-01
 5.157e+01 4.8343e-03 4.8343e-03 [ 8.7278e-19 4.4479e-06 1.2052e-03 3.5520e-03 7.2713e-05 ] 9.9517e-01
 5.168e+01 4.7723e-03 4.7723e-03 [ 6.6467e-19 4.0420e-06 1.1669e-03 3.5290e-03 7.2437e-05 ] 9.9523e-01
 5.179e+01 4.7071e-03 4.7071e-03 [ 5.0550e-19 3.6690e-06 1.1286e-03 3.5027e-03 7.2121e-05 ] 9.9529e-01
 5.191e+01 4.6389e-03 4.6389e-03 [ 3.8393e-19 3.3265e-06 1.0905e-03 3.4732e-03 7.1763e-05 ] 9.9536e-01
 5.202e+01 4.5678e-03 4.5678e-03 [ 2.9122e-19 3.0126e-06 1.0527e-03 3.4407e-03 7.1365e-05 ] 9.9543e-01
 5.213e+01 4.4940e-03 4.4940e-03 [ 2.2061e-19 2.7253e-06 1.0151e-03 3.4053e-03 7.0927e-05 ] 9.9551e-01
 5.225e+01 4.4178e-03 4.4178e-03 [ 1.6690e-19 2.4626e-06 9.7785e-04 3.3671e-03 7.0449e-05 ] 9.9558e-01
 5.236e+01 4.3394e-03 4.3394e-03 [ 1.2611e-19 2.2227e-06 9.4106e-04 3.3261e-03 6.9932e-05 ] 9.9566e-01
 5.247e+01 4.2589e-03 4.2589e-03 [ 9.5164e-20 2.0040e-06 9.0476e-04 3.2827e-03 6.9377e-05 ] 9.9574e-01
 5.259e+01 4.1765e-03 4.1765e-03 [ 7.1723e-20 1.8049e-06 8.6901e-04 3.2369e-03 6.8785e-05 ] 9.9582e-01
 5.270e+01 4.0925e-03 4.0925e-03 [ 5.3989e-20 1.6238e-06 8.3387e-04 3.1888e-03 6.8157e-05 ] 9.9591e-01
 5.281e+01 4.0070e-03 4.0070e-03 [ 4.0589e-20 1.4593e-06 7.9938e-04 3.1387e-03 6.7494e-05 ] 9.9599e-01
 5.293e+01 3.9204e-03 3.9204e-03 [ 3.0478e-20 1.3100e-06 7.6559e-04 3.0867e-03 6.6797e-05 ] 9.9608e-01
 5.304e+01 3.8326e-03 3.8326e-03 [ 2.2858e-20 1.1748e-06 7.3254e-04 3.0329e-03 6.6068e-05 ] 9.9617e-01
 5.315e+01 3.7441e-03 3.7441e-03 [ 1.7123e-20 1.0524e-06 7.0025e-04 2.9775e-03 6.5307e-05 ] 9.9626e-01
 5.327e+01 3.6548e-03 3.6548e-03 [ 1.2811e-20 9.4185e-07 6.6878e-04 2.9206e-03 6.4516e-05 ] 9.9635e-01
 5.338e+01 3.5651e-03 3.5651e-03 [ 9.5739e-21 8.4201e-07 6.3813e-04 2.8625e-03 6.3697e-05 ] 9.9643e-01
 5.349e+01 3.4751e-03 3.4751e-03 [ 7.1463e-21 7.5198e-07 6.0833e-04 2.8032e-03 6.2850e-05 ] 9.9652e-01
 5.361e+01 3.3850e-03 3.3850e-03 [ 5.3281e-21 6.7090e-07 5.7941e-04 2.7429e-03 6.1979e-05 ] 9.9662e-01
 5.372e+01 3.2949e-03 3.2949e-03 [ 3.9679e-21 5.9797e-07 5.5137e-04 2.6818e-03 6.1083e-05 ] 9.9671e-01
 5.383e+01 3.2050e-03 3.2050e-03 [ 2.9516e-21 5.3243e-07 5.2422e-04 2.6200e-03 6.0165e-05 ] 9.9680e-01
 5.395e+01 3.1154e-03 3.1154e-03 [ 2.1932e-21 4.7361e-07 4.9798e-04 2.5577e-03 5.9225e-05 ] 9.9688e-01
 5.406e+01 3.0263e-03 3.0263e-03 [ 1.6278e-21 4.2088e-07 4.7265e-04 2.4950e-03 5.8267e-05 ] 9.9697e-01
 5.417e+01 2.9378e-03 2.9378e-03 [ 1.2068e-21 3.7365e-07 4.4822e-04 2.4320e-03 5.7291e-05 ] 9.9706e-01
 5.429e+01 2.8501e-03 2.8501e-03 [ 8.9370e-22 3.3141e-07 4.2469e-04 2.3688e-03 5.6299e-05 ] 9.9715e-01
 5.440e+01 2.7632e-03 2.7632e-03 [ 6.6112e-22 2.9366e-07 4.0207e-04 2.3056e-03 5.5293e-05 ] 9.9724e-01
 5.451e+01 2.6773e-03 2.6773e-03 [ 4.8854e-22 2.5997e-07 3.8033e-04 2.2425e-03 5.4273e-05 ] 9.9732e-01
 5.463e+01 2.5925e-03 2.5925e-03 [ 3.6062e-22 2.2992e-07 3.5948e-04 2.1795e-03 5.3242e-05 ] 9.9741e-01
 5.474e+01 2.5088e-03 2.5088e-03 [ 2.6591e-22 2.0316e-07 3.3949e-04 2.1169e-03 5.2202e-05 ] 9.9749e-01
 5.485e+01 2.4264e-03 2.4264e-03 [ 1.9587e-22 1.7935e-07 3.2036e-04 2.0547e-03 5.1153e-05 ] 9.9757e-01
 5.497e+01 2.3453e-03 2.3453e-03 [ 1.4413e-22 1.5819e-07 3.0207e-04 1.9929e-03 5.0097e-05 ] 9.9765e-01
 5.508e+01 2.2655e-03 2.2655e-03 [ 1.0594e-22 1.3939e-07 2.8460e-04 1.9318e-03 4.9036e-05 ] 9.9773e-01
 5.519e+01 2.1873e-03 2.1873e-03 [ 7.7792e-23 1.2272e-07 2.6794e-04 1.8712e-03 4.7971e-05 ] 9.9781e-01
 5.531e+01 2.1105e-03 2.1105e-03 [ 5.7064e-23 1.0795e-07 2.5205e-04 1.8115e-03 4.6904e-05 ] 9.9789e-01
 5.542e+01 2.0353e-03 2.0353e-03 [ 4.1817e-23 9.4867e-08 2.3693e-04 1.7525e-03 4.5835e-05 ] 9.9796e-01
 5.553e+01 1.9617e-03 1.9617e-03 [ 3.0612e-23 8.3298e-08 2.2255e-04 1.6943e-03 4.4767e-05 ] 9.9804e-01
 5.565e+01 1.8898e-03 1.8898e-03 [ 2.2388e-23 7.3077e-08 2.0888e-04 1.6371e-03 4.3700e-05 ] 9.9811e-01
 5.576e+01 1.8195e-03 1.8195e-03 [ 1.6356e-23 6.4054e-08 1.9591e-04 1.5809e-03 4.2635e-05 ] 9.9818e-01
 5.587e+01 1.7509e-03 1.7509e-03 [ 1.1938e-23 5.6097e-08 1.8361e-04 1.5257e-03 4.1575e-05 ] 9.9825e-01
 5.599e+01 1.6840e-03 1.6840e-03 [ 8.7046e-24 4.9087e-08 1.7196e-04 1.4715e-03 4.0520e-05 ] 9.9832e-01
 5.610e+01 1.6189e-03 1.6189e-03 [ 6.3408e-24 4.2916e-08 1.6094e-04 1.4184e-03 3.9470e-05 ] 9.9838e-01
 5.621e+01 1.5555e-03 1.5555e-03 [ 4.6145e-24 3.7489e-08 1.5051e-04 1.3665e-03 3.8428e-05 ] 9.9844e-01
 5.633e+01 1.4938e-03 1.4938e-03 [ 3.3549e-24 3.2721e-08 1.4066e-04 1.3157e-03 3.7394e-05 ] 9.9851e-01
 5.644e+01 1.4338e-03 1.4338e-03 [ 2.4368e-24 2.8536e-08 1.3137e-04 1.2661e-03 3.6370e-05 ] 9.9857e-01
 5.655e+01 1.3756e-03 1.3756e-03 [ 1.7683e-24 2.4866e-08 1.2260e-04 1.2176e-03 3.5355e-05 ] 9.9862e-01
 5.667e+01 1.3191e-03 1.3191e-03 [ 1.2819e-24 2.1650e-08 1.1434e-04 1.1704e-03 3.4351e-05 ] 9.9868e-01
 5.678e+01 1.2644e-03 1.2644e-03 [ 9.2848e-25 1.8834e-08 1.0657e-04 1.1244e-03 3.3358e-05 ] 9.9874e-01
 5.689e+01 1.2113e-03 1.2113e-03 [ 6.7185e-25 1.6372e-08 9.9259e-05 1.0797e-03 3.2378e-05 ] 9.9879e-01
 5.701e+01 1.1599e-03 1.1599e-03 [ 4.8570e-25 1.4220e-08 9.2388e-05 1.0361e-03 3.1411e-05 ] 9.9884e-01
 5.712e+01 1.1102e-03 1.1102e-03 [ 3.5081e-25 1.2340e-08 8.5936e-05 9.9382e-04 3.0458e-05 ] 9.9889e-01
 5.723e+01 1.0622e-03 1.0622e-03 [ 2.5315e-25 1.0701e-08 7.9882e-05 9.5275e-04 2.9519e-05 ] 9.9894e-01
 5.735e+01 1.0157e-03 1.0157e-03 [ 1.8251e-25 9.2725e-09 7.4208e-05 9.1291e-04 2.8595e-05 ] 9.9898e-01
 5.746e+01 9.7088e-04 9.7088e-04 [ 1.3146e-25 8.0281e-09 6.8892e-05 8.7429e-04 2.7686e-05 ] 9.9903e-01
 5.757e+01 9.2760e-04 9.2760e-04 [ 9.4603e-26 6.9454e-09 6.3917e-05 8.3689e-04 2.6793e-05 ] 9.9907e-01
 5.769e+01 8.8587e-04 8.8587e-04 [ 6.8019e-26 6.0040e-09 5.9263e-05 8.0068e-04 2.5917e-05 ] 9.9911e-01
 5.780e+01 8.4564e-04 8.4564e-04 [ 4.8862e-26 5.1862e-09 5.4914e-05 7.6567e-04 2.5056e-05 ] 9.9915e-01
 5.791e+01 8.0690e-04 8.0690e-04 [ 3.5070e-26 4.4764e-09 5.0853e-05 7.3183e-04 2.4213e-05 ] 9.9919e-01
 5.803e+01 7.6960e-04 7.6960e-04 [ 2.5148e-26 3.8608e-09 4.7064e-05 6.9915e-04 2.3387e-05 ] 9.9923e-01
 5.814e+01 7.3372e-04 7.3372e-04 [ 1.8018e-26 3.3273e-09 4.3530e-05 6.6760e-04 2.2579e-05 ] 9.9927e-01
 5.825e+01 6.9921e-04 6.9921e-04 [ 1.2898e-26 2.8654e-09 4.0237e-05 6.3718e-04 2.1788e-05 ] 9.9930e-01
 5.837e+01 6.6605e-04 6.6605e-04 [ 9.2247e-27 2.4657e-09 3.7171e-05 6.0786e-04 2.1015e-05 ] 9.9933e-01
 5.848e+01 6.3420e-04 6.3420e-04 [ 6.5920e-27 2.1203e-09 3.4319e-05 5.7962e-04 2.0259e-05 ] 9.9937e-01
 5.859e+01 6.0362e-04 6.0362e-04 [ 4.7066e-27 1.8218e-09 3.1666e-05 5.5243e-04 1.9522e-05 ] 9.9940e-01
 5.871e+01 5.7429e-04 5.7429e-04 [ 3.3576e-27 1.5643e-09 2.9202e-05 5.2628e-04 1.8803e-05 ] 9.9943e-01
 5.882e+01 5.4616e-04 5.4616e-04 [ 2.3932e-27 1.3421e-09 2.6913e-05 5.0114e-04 1.8102e-05 ] 9.9945e-01
 5.893e+01 5.1920e-04 5.1920e-04 [ 1.7044e-27 1.1507e-09 2.4790e-05 4.7699e-04 1.7419e-05 ] 9.9948e-01
 5.905e+01 4.9337e-04 4.9337e-04 [ 1.2128e-27 9.8585e-10 2.2821e-05 4.5379e-04 1.6754e-05 ] 9.9951e-01
 5.916e+01 4.6864e-04 4.6864e-04 [ 8.6228e-28 8.4401e-10 2.0996e-05 4.3153e-04 1.6108e-05 ] 9.9953e-01
 5.927e+01 4.4497e-04 4.4497e-04 [ 6.1255e-28 7.2207e-10 1.9307e-05 4.1019e-04 1.5479e-05 ] 9.9956e-01
 5.939e+01 4.2234e-04 4.2234e-04 [ 4.3479e-28 6.1730e-10 1.7743e-05 3.8973e-04 1.4868e-05 ] 9.9958e-01
 5.950e+01 4.0070e-04 4.0070e-04 [ 3.0836e-28 5.2736e-10 1.6297e-05 3.7013e-04 1.4275e-05 ] 9.9960e-01
 5.961e+01 3.8002e-04 3.8002e-04 [ 2.1852e-28 4.5020e-10 1.4961e-05 3.5136e-04 1.3699e-05 ] 9.9962e-01
 5.973e+01 3.6027e-04 3.6027e-04 [ 1.5473e-28 3.8407e-10 1.3726e-05 3.3340e-04 1.3140e-05 ] 9.9964e-01
 5.984e+01 3.4141e-04 3.4141e-04 [ 1.0947e-28 3.2742e-10 1.2587e-05 3.1623e-04 1.2599e-05 ] 9.9966e-01
 5.995e+01 3.2342e-04 3.2342e-04 [ 7.7385e-29 2.7893e-10 1.1536e-05 2.9981e-04 1.2075e-05 ] 9.9968e-01
 6.007e+01 3.0626e-04 3.0626e-04 [ 5.4661e-29 2.3746e-10 1.0567e-05 2.8413e-04 1.1567e-05 ] 9.9969e-01
 6.018e+01 2.8991e-04 2.8991e-04 [ 3.8580e-29 2.0202e-10 9.6738e-06 2.6916e-04 1.1076e-05 ] 9.9971e-01
 6.029e+01 2.7432e-04 2.7432e-04 [ 2.7208e-29 1.7175e-10 8.8516e-06 2.5486e-04 1.0601e-05 ] 9.9973e-01
 6.041e+01 2.5947e-04 2.5947e-04 [ 1.9173e-29 1.4591e-10 8.0951e-06 2.4123e-04 1.0142e-05 ] 9.9974e-01
 6.052e+01 2.4534e-04 2.4534e-04 [ 1.3500e-29 1.2388e-10 7.3993e-06 2.2824e-04 9.6988e-06 ] 9.9975e-01
 6.063e+01 2.3189e-04 2.3189e-04 [ 9.4983e-30 1.0510e-10 6.7598e-06 2.1586e-04 9.2708e-06 ] 9.9977e-01
 6.075e+01 2.1909e-04 2.1909e-04 [ 6.6776e-30 8.9112e-11 6.1723e-06 2.0406e-04 8.8579e-06 ] 9.9978e-01
 6.086e+01 2.0693e-04 2.0693e-04 [ 4.6909e-30 7.5504e-11 5.6330e-06 1.9284e-04 8.4598e-06 ] 9.9979e-01
 6.097e+01 1.9537e-04 1.9537e-04 [ 3.2928e-30 6.3932e-11 5.1382e-06 1.8216e-04 8.0762e-06 ] 9.9980e-01
 6.109e+01 1.8439e-04 1.8439e-04 [ 2.3096e-30 5.4098e-11 4.6844e-06 1.7200e-04 7.7066e-06 ] 9.9982e-01
 6.120e+01 1.7397e-04 1.7397e-04 [ 1.6188e-30 4.5746e-11 4.2685e-06 1.6235e-04 7.3508e-06 ] 9.9983e-01
 6.131e+01 1.6407e-04 1.6407e-04 [ 1.1337e-30 3.8658e-11 3.8876e-06 1.5317e-04 7.0086e-06 ] 9.9984e-01
 6.143e+01 1.5468e-04 1.5468e-04 [ 7.9339e-31 3.2648e-11 3.5389e-06 1.4446e-04 6.6794e-06 ] 9.9985e-01
 6.154e+01 1.4578e-04 1.4578e-04 [ 5.5482e-31 2.7554e-11 3.2199e-06 1.3620e-04 6.3630e-06 ] 9.9985e-01
 6.165e+01 1.3734e-04 1.3734e-04 [ 3.8769e-31 2.3239e-11 2.9282e-06 1.2835e-04 6.0591e-06 ] 9.9986e-01
 6.177e+01 1.2934e-04 1.2934e-04 [ 2.7071e-31 1.9588e-11 2.6616e-06 1.2091e-04 5.7673e-06 ] 9.9987e-01
 6.188e+01 1.2177e-04 1.2177e-04 [ 1.8889e-31 1.6500e-11 2.4180e-06 1.1386e-04 5.4873e-06 ] 9.9988e-01
 6.199e+01 1.1460e-04 1.1460e-04 [ 1.3170e-31 1.3890e-11 2.1957e-06 1.0718e-04 5.2187e-06 ] 9.9989e-01
 6.211e+01 1.0781e-04 1.0781e-04 [ 9.1759e-32 1.1685e-11 1.9929e-06 1.0086e-04 4.9613e-06 ] 9.9989e-01
 6.222e+01 1.0139e-04 1.0139e-04 [ 6.3884e-32 9.8245e-12 1.8079e-06 9.4868e-05 4.7146e-06 ] 9.9990e-01
 6.233e+01 9.5320e-05 9.5320e-05 [ 4.4446e-32 8.2548e-12 1.6393e-06 8.9203e-05 4.4783e-06 ] 9.9990e-01
 6.245e+01 8.9582e-05 8.9582e-05 [ 3.0900e-32 6.9316e-12 1.4857e-06 8.3844e-05 4.2521e-06 ] 9.9991e-01
 6.256e+01 8.4160e-05 8.4160e-05 [ 2.1467e-32 5.8168e-12 1.3459e-06 7.8779e-05 4.0358e-06 ] 9.9992e-01
 6.267e+01 7.9039e-05 7.9039e-05 [ 1.4903e-32 4.8784e-12 1.2186e-06 7.3992e-05 3.8289e-06 ] 9.9992e-01
 6.279e+01 7.4205e-05 7.4205e-05 [ 1.0339e-32 4.0888e-12 1.1029e-06 6.9471e-05 3.6311e-06 ] 9.9993e-01
 6.290e+01 6.9642e-05 6.9642e-05 [ 7.1674e-33 3.4250e-12 9.9764e-07 6.5202e-05 3.4422e-06 ] 9.9993e-01
 6.301e+01 6.5338e-05 6.5338e-05 [ 4.9653e-33 2.8671e-12 9.0204e-07 6.1174e-05 3.2618e-06 ] 9.9993e-01
 6.313e+01 6.1279e-05 6.1279e-05 [ 3.4374e-33 2.3987e-12 8.1523e-07 5.7374e-05 3.0896e-06 ] 9.9994e-01
 6.324e+01 5.7452e-05 5.7452e-05 [ 2.3781e-33 2.0056e-12 7.3642e-07 5.3790e-05 2.9254e-06 ] 9.9994e-01
 6.335e+01 5.3847e-05 5.3847e-05 [ 1.6440e-33 1.6759e-12 6.6493e-07 5.0413e-05 2.7688e-06 ] 9.9995e-01
 6.347e+01 5.0451e-05 5.0451e-05 [ 1.1358e-33 1.3996e-12 6.0011e-07 4.7231e-05 2.6195e-06 ] 9.9995e-01
 6.358e+01 4.7253e-05 4.7253e-05 [ 7.8414e-34 1.1681e-12 5.4136e-07 4.4234e-05 2.4774e-06 ] 9.9995e-01
 6.369e+01 4.4243e-05 4.4243e-05 [ 5.4100e-34 9.7438e-13 4.8814e-07 4.1413e-05 2.3420e-06 ] 9.9996e-01
 6.381e+01 4.1411e-05 4.1411e-05 [ 3.7300e-34 8.1229e-13 4.3995e-07 3.8758e-05 2.2132e-06 ] 9.9996e-01
 6.392e+01 3.8747e-05 3.8747e-05 [ 2.5699e-34 6.7676e-13 3.9634e-07 3.6261e-05 2.0906e-06 ] 9.9996e-01
 6.403e+01 3.6243e-05 3.6243e-05 [ 1.7695e-34 5.6351e-13 3.5689e-07 3.3912e-05 1.9740e-06 ] 9.9996e-01
 6.415e+01 3.3890e-05 3.3890e-05 [ 1.2176e-34 4.6895e-13 3.2123e-07 3.1705e-05 1.8633e-06 ] 9.9997e-01
 6.426e+01 3.1679e-05 3.1679e-05 [ 8.3723e-35 3.9002e-13 2.8901e-07 2.9632e-05 1.7581e-06 ] 9.9997e-01
 6.437e+01 2.9602e-05 2.9602e-05 [ 5.7532e-35 3.2420e-13 2.5990e-07 2.7684e-05 1.6581e-06 ] 9.9997e-01
 6.449e+01 2.7653e-05 2.7653e-05 [ 3.9509e-35 2.6933e-13 2.3362e-07 2.5856e-05 1.5633e-06 ] 9.9997e-01
 6.460e+01 2.5824e-05 2.5824e-05 [ 2.7115e-35 2.2362e-13 2.0991e-07 2.4140e-05 1.4733e-06 ] 9.9997e-01
 6.471e+01 2.4107e-05 2.4107e-05 [ 1.8596e-35 1.8556e-13 1.8852e-07 2.2531e-05 1.3880e-06 ] 9.9998e-01
 6.483e+01 2.2498e-05 2.2498e-05 [ 1.2746e-35 1.5389e-13 1.6923e-07 2.1022e-05 1.3071e-06 ] 9.9998e-01
 6.494e+01 2.0989e-05 2.0989e-05 [ 8.7305e-36 1.2755e-13 1.5186e-07 1.9607e-05 1.2305e-06 ] 9.9998e-01
 6.505e+01 1.9575e-05 1.9575e-05 [ 5.9763e-36 1.0567e-13 1.3621e-07 1.8281e-05 1.1580e-06 ] 9.9998e-01
 6.517e+01 1.8251e-05 1.8251e-05 [ 4.0883e-36 8.7487e-14 1.2212e-07 1.7040e-05 1.0893e-06 ] 9.9998e-01
 6.528e+01 1.7011e-05 1.7011e-05 [ 2.7951e-36 7.2394e-14 1.0944e-07 1.5877e-05 1.0243e-06 ] 9.9998e-01
 6.539e+01 1.5850e-05 1.5850e-05 [ 1.9097e-36 5.9872e-14 9.8038e-08 1.4789e-05 9.6278e-07 ] 9.9998e-01
 6.551e+01 1.4763e-05 1.4763e-05 [ 1.3040e-36 4.9488e-14 8.7786e-08 1.3771e-05 9.0466e-07 ] 9.9999e-01
 6.562e+01 1.3747e-05 1.3747e-05 [ 8.8981e-37 4.0883e-14 7.8573e-08 1.2818e-05 8.4973e-07 ] 9.9999e-01
 6.573e+01 1.2796e-05 1.2796e-05 [ 6.0683e-37 3.3756e-14 7.0297e-08 1.1928e-05 7.9784e-07 ] 9.9999e-01
 6.585e+01 1.1908e-05 1.1908e-05 [ 4.1359e-37 2.7856e-14 6.2867e-08 1.1096e-05 7.4885e-07 ] 9.9999e-01
 6.596e+01 1.1077e-05 1.1077e-05 [ 2.8171e-37 2.2975e-14 5.6199e-08 1.0319e-05 7.0261e-07 ] 9.9999e-01
 6.607e+01 1.0302e-05 1.0302e-05 [ 1.9177e-37 1.8939e-14 5.0217e-08 9.5926e-06 6.5898e-07 ] 9.9999e-01
 6.619e+01 9.5774e-06 9.5774e-06 [ 1.3046e-37 1.5604e-14 4.4854e-08 8.9147e-06 6.1784e-07 ] 9.9999e-01
 6.630e+01 8.9013e-06 8.9013e-06 [ 8.8703e-38 1.2849e-14 4.0047e-08 8.2822e-06 5.7905e-07 ] 9.9999e-01
 6.641e+01 8.2702e-06 8.2702e-06 [ 6.0274e-38 1.0575e-14 3.5740e-08 7.6920e-06 5.4251e-07 ] 9.9999e-01
 6.653e+01 7.6816e-06 7.6816e-06 [ 4.0932e-38 8.6985e-15 3.1884e-08 7.1416e-06 5.0809e-07 ] 9.9999e-01
 6.664e+01 7.1326e-06 7.1326e-06 [ 2.7781e-38 7.1514e-15 2.8432e-08 6.6285e-06 4.7568e-07 ] 9.9999e-01
 6.675e+01 6.6208e-06 6.6208e-06 [ 1.8844e-38 5.8764e-15 2.5344e-08 6.1503e-06 4.4518e-07 ] 9.9999e-01
 6.687e+01 6.1438e-06 6.1438e-06 [ 1.2774e-38 4.8261e-15 2.2582e-08 5.7048e-06 4.1649e-07 ] 9.9999e-01
 6.698e+01 5.6995e-06 5.6995e-06 [ 8.6547e-39 3.9615e-15 2.0113e-08 5.2899e-06 3.8951e-07 ] 9.9999e-01
 6.709e+01 5.2856e-06 5.2856e-06 [ 5.8603e-39 3.2501e-15 1.7907e-08 4.9036e-06 3.6414e-07 ] 9.9999e-01
 6.721e+01 4.9003e-06 4.9003e-06 [ 3.9658e-39 2.6651e-15 1.5937e-08 4.5441e-06 3.4031e-07 ] 1.0000e+00
 6.732e+01 4.5417e-06 4.5417e-06 [ 2.6823e-39 2.1843e-15 1.4177e-08 4.2096e-06 3.1793e-07 ] 1.0000e+00
 6.743e+01 4.2081e-06 4.2081e-06 [ 1.8131e-39 1.7892e-15 1.2607e-08 3.8986e-06 2.9691e-07 ] 1.0000e+00
 6.755e+01 3.8978e-06 3.8978e-06 [ 1.2249e-39 1.4649e-15 1.1207e-08 3.6094e-06 2.7719e-07 ] 1.0000e+00
 6.766e+01 3.6093e-06 3.6093e-06 [ 8.2704e-40 1.1988e-15 9.9578e-09 3.3406e-06 2.5868e-07 ] 1.0000e+00
 6.777e+01 3.3411e-06 3.3411e-06 [ 5.5810e-40 9.8047e-16 8.8446e-09 3.0909e-06 2.4133e-07 ] 1.0000e+00
 6.789e+01 3.0919e-06 3.0919e-06 [ 3.7641e-40 8.0153e-16 7.8528e-09 2.8590e-06 2.2506e-07 ] 1.0000e+00
 6.800e+01 2.8604e-06 2.8604e-06 [ 2.5372e-40 6.5491e-16 6.9696e-09 2.6436e-06 2.0982e-07 ] 1.0000e+00
 6.811e+01 2.6455e-06 2.6455e-06 [ 1.7093e-40 5.3484e-16 6.1833e-09 2.4437e-06 1.9554e-07 ] 1.0000e+00
 6.823e+01 2.4460e-06 2.4460e-06 [ 1.1509e-40 4.3657e-16 5.4835e-09 2.2583e-06 1.8217e-07 ] 1.0000e+00
 6.834e+01 2.2608e-06 2.2608e-06 [ 7.7453e-41 3.5617e-16 4.8611e-09 2.0863e-06 1.6966e-07 ] 1.0000e+00
 6.845e+01 2.0890e-06 2.0890e-06 [ 5.2094e-41 2.9044e-16 4.3077e-09 1.9268e-06 1.5795e-07 ] 1.0000e+00
 6.857e+01 1.9298e-06 1.9298e-06 [ 3.5019e-41 2.3672e-16 3.8159e-09 1.7789e-06 1.4700e-07 ] 1.0000e+00
 6.868e+01 1.7821e-06 1.7821e-06 [ 2.3528e-41 1.9284e-16 3.3789e-09 1.6419e-06 1.3677e-07 ] 1.0000e+00
 6.879e+01 1.6452e-06 1.6452e-06 [ 1.5799e-41 1.5702e-16 2.9908e-09 1.5150e-06 1.2720e-07 ] 1.0000e+00
 6.891e+01 1.5184e-06 1.5184e-06 [ 1.0604e-41 1.2779e-16 2.6463e-09 1.3975e-06 1.1826e-07 ] 1.0000e+00
 6.902e+01 1.4010e-06 1.4010e-06 [ 7.1128e-42 1.0395e-16 2.3406e-09 1.2887e-06 1.0991e-07 ] 1.0000e+00
 6.913e+01 1.2922e-06 1.2922e-06 [ 4.7687e-42 8.4514e-17 2.0694e-09 1.1880e-06 1.0212e-07 ] 1.0000e+00
 6.925e+01 1.1916e-06 1.1916e-06 [ 3.1954e-42 6.8680e-17 1.8290e-09 1.0949e-06 9.4847e-08 ] 1.0000e+00
 6.936e+01 1.0984e-06 1.0984e-06 [ 2.1401e-42 5.5786e-17 1.6159e-09 1.0088e-06 8.8064e-08 ] 1.0000e+00
 6.947e+01 1.0123e-06 1.0123e-06 [ 1.4325e-42 4.5290e-17 1.4271e-09 9.2912e-07 8.1738e-08 ] 1.0000e+00
 6.959e+01 9.3261e-07 9.3261e-07 [ 9.5842e-43 3.6752e-17 1.2599e-09 8.5551e-07 7.5841e-08 ] 1.0000e+00
 6.970e+01 8.5896e-07 8.5896e-07 [ 6.4089e-43 2.9809e-17 1.1118e-09 7.8750e-07 7.0347e-08 ] 1.0000e+00
 6.981e+01 7.9089e-07 7.9089e-07 [ 4.2834e-43 2.4166e-17 9.8084e-10 7.2469e-07 6.5229e-08 ] 1.0000e+00
 6.993e+01 7.2801e-07 7.2801e-07 [ 2.8613e-43 1.9582e-17 8.6496e-10 6.6668e-07 6.0463e-08 ] 1.0000e+00
 7.004e+01 6.6993e-07 6.6993e-07 [ 1.9104e-43 1.5860e-17 7.6248e-10 6.1314e-07 5.6027e-08 ] 1.0000e+00
 7.015e+01 6.1630e-07 6.1630e-07 [ 1.2749e-43 1.2839e-17 6.7191e-10 5.6373e-07 5.1900e-08 ] 1.0000e+00
 7.027e+01 5.6680e-07 5.6680e-07 [ 8.5035e-44 1.0389e-17 5.9187e-10 5.1815e-07 4.8060e-08 ] 1.0000e+00
 7.038e+01 5.2113e-07 5.2113e-07 [ 5.6689e-44 8.4023e-18 5.2118e-10 4.7612e-07 4.4491e-08 ] 1.0000e+00
 7.049e+01 4.7900e-07 4.7900e-07 [ 3.7774e-44 6.7924e-18 4.5876e-10 4.3737e-07 4.1173e-08 ] 1.0000e+00
 7.061e+01 4.4015e-07 4.4015e-07 [ 2.5157e-44 5.4884e-18 4.0367e-10 4.0165e-07 3.8090e-08 ] 1.0000e+00
 7.072e+01 4.0433e-07 4.0433e-07 [ 1.6746e-44 4.4326e-18 3.5507e-10 3.6875e-07 3.5226e-08 ] 1.0000e+00
 7.083e+01 3.7132e-07 3.7132e-07 [ 1.1142e-44 3.5783e-18 3.1221e-10 3.3844e-07 3.2567e-08 ] 1.0000e+00
 7.095e+01 3.4091e-07 3.4091e-07 [ 7.4096e-45 2.8873e-18 2.7443e-10 3.1053e-07 3.0099e-08 ] 1.0000e+00
 7.106e+01 3.1289e-07 3.1289e-07 [ 4.9251e-45 2.3286e-18 2.4112e-10 2.8484e-07 2.7809e-08 ] 1.0000e+00
 7.117e+01 2.8710e-07 2.8710e-07 [ 3.2721e-45 1.8772e-18 2.1179e-10 2.6120e-07 2.5686e-08 ] 1.0000e+00
 7.129e+01 2.6336e-07 2.6336e-07 [ 2.1728e-45 1.5126e-18 1.8596e-10 2.3946e-07 2.3716e-08 ] 1.0000e+00
 7.140e+01 2.4151e-07 2.4151e-07 [ 1.4421e-45 1.2183e-18 1.6322e-10 2.1946e-07 2.1891e-08 ] 1.0000e+00
 7.151e+01 2.2141e-07 2.2141e-07 [ 9.5673e-46 9.8073e-19 1.4321e-10 2.0107e-07 2.0200e-08 ] 1.0000e+00
 7.163e+01 2.0293e-07 2.0293e-07 [ 6.3440e-46 7.8916e-19 1.2560e-10 1.8417e-07 1.8633e-08 ] 1.0000e+00
 7.174e+01 1.8594e-07 1.8594e-07 [ 4.2046e-46 6.3472e-19 1.1013e-10 1.6865e-07 1.7183e-08 ] 1.0000e+00
 7.185e+01 1.7032e-07 1.7032e-07 [ 2.7854e-46 5.1027e-19 9.6524e-11 1.5438e-07 1.5840e-08 ] 1.0000e+00
 7.197e+01 1.5597e-07 1.5597e-07 [ 1.8444e-46 4.1003e-19 8.4570e-11 1.4129e-07 1.4598e-08 ] 1.0000e+00
 7.208e+01 1.4279e-07 1.4279e-07 [ 1.2207e-46 3.2934e-19 7.4071e-11 1.2926e-07 1.3449e-08 ] 1.0000e+00
 7.219e+01 1.3068e-07 1.3068e-07 [ 8.0751e-47 2.6440e-19 6.4852e-11 1.1823e-07 1.2386e-08 ] 1.0000e+00
 7.231e+01 1.1957e-07 1.1957e-07 [ 5.3394e-47 2.1218e-19 5.6761e-11 1.0811e-07 1.1404e-08 ] 1.0000e+00
 7.242e+01 1.0937e-07 1.0937e-07 [ 3.5289e-47 1.7019e-19 4.9662e-11 9.8826e-08 1.0496e-08 ] 1.0000e+00
 7.253e+01 1.0002e-07 1.0002e-07 [ 2.3312e-47 1.3645e-19 4.3436e-11 9.0314e-08 9.6580e-09 ] 1.0000e+00
 7.265e+01 9.1434e-08 9.1434e-08 [ 1.5393e-47 1.0935e-19 3.7977e-11 8.2512e-08 8.8839e-09 ] 1.0000e+00
 7.276e+01 8.3565e-08 8.3565e-08 [ 1.0160e-47 8.7595e-20 3.3192e-11 7.5362e-08 8.1692e-09 ] 1.0000e+00
 7.287e+01 7.6352e-08 7.6352e-08 [ 6.7023e-48 7.0135e-20 2.9001e-11 6.8813e-08 7.5097e-09 ] 1.0000e+00
 7.299e+01 6.9742e-08 6.9742e-08 [ 4.4196e-48 5.6131e-20 2.5329e-11 6.2815e-08 6.9013e-09 ] 1.0000e+00
 7.310e+01 6.3687e-08 6.3687e-08 [ 2.9130e-48 4.4903e-20 2.2115e-11 5.7324e-08 6.3402e-09 ] 1.0000e+00
 7.321e+01 5.8141e-08 5.8141e-08 [ 1.9191e-48 3.5905e-20 1.9302e-11 5.2298e-08 5.8229e-09 ] 1.0000e+00
 7.333e+01 5.3063e-08 5.3063e-08 [ 1.2637e-48 2.8698e-20 1.6841e-11 4.7700e-08 5.3462e-09 ] 1.0000e+00
 7.344e+01 4.8415e-08 4.8415e-08 [ 8.3182e-49 2.2927e-20 1.4689e-11 4.3494e-08 4.9071e-09 ] 1.0000e+00
 7.355e+01 4.4162e-08 4.4162e-08 [ 5.4727e-49 1.8308e-20 1.2808e-11 3.9647e-08 4.5026e-09 ] 1.0000e+00
 7.367e+01 4.0272e-08 4.0272e-08 [ 3.5991e-49 1.4614e-20 1.1163e-11 3.6131e-08 4.1302e-09 ] 1.0000e+00
 7.378e+01 3.6714e-08 3.6714e-08 [ 2.3658e-49 1.1660e-20 9.7267e-12 3.2917e-08 3.7874e-09 ] 1.0000e+00
 7.389e+01 3.3461e-08 3.3461e-08 [ 1.5545e-49 9.2987e-21 8.4721e-12 2.9981e-08 3.4720e-09 ] 1.0000e+00
 7.401e+01 3.0488e-08 3.0488e-08 [ 1.0209e-49 7.4126e-21 7.3768e-12 2.7299e-08 3.1819e-09 ] 1.0000e+00
 7.412e+01 2.7772e-08 2.7772e-08 [ 6.7022e-50 5.9064e-21 6.4209e-12 2.4850e-08 2.9152e-09 ] 1.0000e+00
 7.423e+01 2.5290e-08 2.5290e-08 [ 4.3979e-50 4.7042e-21 5.5870e-12 2.2615e-08 2.6700e-09 ] 1.0000e+00
 7.435e+01 2.3024e-08 2.3024e-08 [ 2.8846e-50 3.7451e-21 4.8597e-12 2.0575e-08 2.4447e-09 ] 1.0000e+00
 7.446e+01 2.0956e-08 2.0956e-08 [ 1.8912e-50 2.9803e-21 4.2257e-12 1.8714e-08 2.2378e-09 ] 1.0000e+00
 7.457e+01 1.9067e-08 1.9067e-08 [ 1.2394e-50 2.3706e-21 3.6732e-12 1.7016e-08 2.0477e-09 ] 1.0000e+00
 7.469e+01 1.7345e-08 1.7345e-08 [ 8.1189e-51 1.8848e-21 3.1918e-12 1.5468e-08 1.8732e-09 ] 1.0000e+00
 7.480e+01 1.5773e-08 1.5773e-08 [ 5.3161e-51 1.4980e-21 2.7726e-12 1.4057e-08 1.7131e-09 ] 1.0000e+00
 7.491e+01 1.4340e-08 1.4340e-08 [ 3.4794e-51 1.1900e-21 2.4076e-12 1.2772e-08 1.5662e-09 ] 1.0000e+00
 7.503e+01 1.3034e-08 1.3034e-08 [ 2.2763e-51 9.4492e-22 2.0900e-12 1.1600e-08 1.4315e-09 ] 1.0000e+00
 7.514e+01 1.1843e-08 1.1843e-08 [ 1.4886e-51 7.5000e-22 1.8136e-12 1.0534e-08 1.3079e-09 ] 1.0000e+00
 7.525e+01 1.0759e-08 1.0759e-08 [ 9.7307e-52 5.9504e-22 1.5733e-12 9.5625e-09 1.1947e-09 ] 1.0000e+00
 7.537e+01 9.7707e-09 9.7707e-09 [ 6.3580e-52 4.7189e-22 1.3644e-12 8.6784e-09 1.0910e-09 ] 1.0000e+00
 7.548e+01 8.8710e-09 8.8710e-09 [ 4.1526e-52 3.7407e-22 1.1828e-12 7.8739e-09 9.9592e-10 ] 1.0000e+00
 7.559e+01 8.0520e-09 8.0520e-09 [ 2.7110e-52 2.9640e-22 1.0250e-12 7.1420e-09 9.0890e-10 ] 1.0000e+00
 7.571e+01 7.3066e-09 7.3066e-09 [ 1.7692e-52 2.3476e-22 8.8801e-13 6.4765e-09 8.2923e-10 ] 1.0000e+00
 7.582e+01 6.6284e-09 6.6284e-09 [ 1.1540e-52 1.8585e-22 7.6906e-13 5.8713e-09 7.5632e-10 ] 1.0000e+00
 7.593e+01 6.0115e-09 6.0115e-09 [ 7.5249e-53 1.4708e-22 6.6582e-13 5.3212e-09 6.8962e-10 ] 1.0000e+00
 7.605e+01 5.4506e-09 5.4506e-09 [ 4.9045e-53 1.1634e-22 5.7624e-13 4.8214e-09 6.2862e-10 ] 1.0000e+00
 7.616e+01 4.9407e-09 4.9407e-09 [ 3.1953e-53 9.1989e-23 4.9856e-13 4.3673e-09 5.7285e-10 ] 1.0000e+00
 7.627e+01 4.4773e-09 4.4773e-09 [ 2.0809e-53 7.2704e-23 4.3120e-13 3.9550e-09 5.2187e-10 ] 1.0000e+00
 7.639e+01 4.0562e-09 4.0562e-09 [ 1.3546e-53 5.7438e-23 3.7282e-13 3.5806e-09 4.7529e-10 ] 1.0000e+00
 7.650e+01 3.6738e-09 3.6738e-09 [ 8.8147e-54 4.5358e-23 3.2224e-13 3.2407e-09 4.3274e-10 ] 1.0000e+00
 7.661e+01 3.3265e-09 3.3265e-09 [ 5.7335e-54 3.5804e-23 2.7843e-13 2.9324e-09 3.9389e-10 ] 1.0000e+00
 7.673e+01 3.0113e-09 3.0113e-09 [ 3.7278e-54 2.8250e-23 2.4049e-13 2.6526e-09 3.5842e-10 ] 1.0000e+00
 7.684e+01 2.7252e-09 2.7252e-09 [ 2.4228e-54 2.2281e-23 2.0766e-13 2.3989e-09 3.2605e-10 ] 1.0000e+00
 7.695e+01 2.4656e-09 2.4656e-09 [ 1.5740e-54 1.7565e-23 1.7925e-13 2.1689e-09 2.9651e-10 ] 1.0000e+00
 7.707e+01 2.2302e-09 2.2302e-09 [ 1.0221e-54 1.3842e-23 1.5468e-13 1.9604e-09 2.6958e-10 ] 1.0000e+00
 7.718e+01 2.0167e-09 2.0167e-09 [ 6.6352e-55 1.0903e-23 1.3343e-13 1.7715e-09 2.4502e-10 ] 1.0000e+00
 7.729e+01 1.8231e-09 1.8231e-09 [ 4.3054e-55 8.5852e-24 1.1506e-13 1.6004e-09 2.2263e-10 ] 1.0000e+00
 7.741e+01 1.6477e-09 1.6477e-09 [ 2.7926e-55 6.7570e-24 9.9189e-14 1.4454e-09 2.0223e-10 ] 1.0000e+00
 7.752e+01 1.4888e-09 1.4888e-09 [ 1.8106e-55 5.3159e-24 8.5479e-14 1.3051e-09 1.8365e-10 ] 1.0000e+00
 7.763e+01 1.3448e-09 1.3448e-09 [ 1.1735e-55 4.1804e-24 7.3640e-14 1.1780e-09 1.6673e-10 ] 1.0000e+00
 7.775e+01 1.2145e-09 1.2145e-09 [ 7.6025e-56 3.2861e-24 6.3420e-14 1.0631e-09 1.5132e-10 ] 1.0000e+00
 7.786e+01 1.0965e-09 1.0965e-09 [ 4.9234e-56 2.5820e-24 5.4601e-14 9.5912e-10 1.3730e-10 ] 1.0000e+00
 7.797e+01 9.8966e-10 9.8966e-10 [ 3.1872e-56 2.0280e-24 4.6993e-14 8.6508e-10 1.2454e-10 ] 1.0000e+00
 7.809e+01 8.9302e-10 8.9302e-10 [ 2.0624e-56 1.5922e-24 4.0432e-14 7.8005e-10 1.1293e-10 ] 1.0000e+00
 7.820e+01 8.0561e-10 8.0561e-10 [ 1.3340e-56 1.2495e-24 3.4776e-14 7.0319e-10 1.0238e-10 ] 1.0000e+00
 7.831e+01 7.2656e-10 7.2656e-10 [ 8.6258e-57 9.8017e-25 2.9901e-14 6.3374e-10 9.2788e-11 ] 1.0000e+00
 7.843e+01 6.5510e-10 6.5510e-10 [ 5.5752e-57 7.6858e-25 2.5701e-14 5.7100e-10 8.4070e-11 ] 1.0000e+00
 7.854e+01 5.9051e-10 5.9051e-10 [ 3.6021e-57 6.0242e-25 2.2084e-14 5.1433e-10 7.6149e-11 ] 1.0000e+00
 7.865e+01 5.3214e-10 5.3214e-10 [ 2.3264e-57 4.7198e-25 1.8970e-14 4.6317e-10 6.8956e-11 ] 1.0000e+00
 7.877e+01 4.7942e-10 4.7942e-10 [ 1.5019e-57 3.6964e-25 1.6290e-14 4.1698e-10 6.2424e-11 ] 1.0000e+00
 7.888e+01 4.3181e-10 4.3181e-10 [ 9.6924e-58 2.8937e-25 1.3984e-14 3.7531e-10 5.6495e-11 ] 1.0000e+00
 7.899e+01 3.8883e-10 3.8883e-10 [ 6.2525e-58 2.2644e-25 1.2001e-14 3.3770e-10 5.1115e-11 ] 1.0000e+00
 7.911e+01 3.5003e-10 3.5003e-10 [ 4.0320e-58 1.7712e-25 1.0295e-14 3.0379e-10 4.6234e-11 ] 1.0000e+00
 7.922e+01 3.1503e-10 3.1503e-10 [ 2.5990e-58 1.3849e-25 8.8294e-15 2.7321e-10 4.1807e-11 ] 1.0000e+00
 7.933e+01 2.8345e-10 2.8345e-10 [ 1.6747e-58 1.0824e-25 7.5698e-15 2.4565e-10 3.7794e-11 ] 1.0000e+00
 7.945e+01 2.5497e-10 2.5497e-10 [ 1.0787e-58 8.4560e-26 6.4878e-15 2.2080e-10 3.4157e-11 ] 1.0000e+00
 7.956e+01 2.2929e-10 2.2929e-10 [ 6.9454e-59 6.6035e-26 5.5587e-15 1.9842e-10 3.0860e-11 ] 1.0000e+00
 7.967e+01 2.0614e-10 2.0614e-10 [ 4.4702e-59 5.1548e-26 4.7611e-15 1.7826e-10 2.7875e-11 ] 1.0000e+00
 7.979e+01 1.8528e-10 1.8528e-10 [ 2.8761e-59 4.0222e-26 4.0767e-15 1.6011e-10 2.5171e-11 ] 1.0000e+00
 7.990e+01 1.6649e-10 1.6649e-10 [ 1.8497e-59 3.1372e-26 3.4895e-15 1.4377e-10 2.2723e-11 ] 1.0000e+00
 8.001e+01 1.4957e-10 1.4957e-10 [ 1.1892e-59 2.4460e-26 2.9860e-15 1.2906e-10 2.0507e-11 ] 1.0000e+00
 8.013e+01 1.3433e-10 1.3433e-10 [ 7.6423e-60 1.9063e-26 2.5543e-15 1.1583e-10 1.8503e-11 ] 1.0000e+00
 8.024e+01 1.2061e-10 1.2061e-10 [ 4.9095e-60 1.4850e-26 2.1843e-15 1.0392e-10 1.6689e-11 ] 1.0000e+00
 8.035e+01 1.0827e-10 1.0827e-10 [ 3.1528e-60 1.1564e-26 1.8674e-15 9.3218e-11 1.5050e-11 ] 1.0000e+00
 8.047e+01 9.7164e-11 9.7164e-11 [ 2.0239e-60 9.0014e-27 1.5959e-15 8.3595e-11 1.3567e-11 ] 1.0000e+00
 8.058e+01 8.7174e-11 8.7174e-11 [ 1.2987e-60 7.0038e-27 1.3634e-15 7.4946e-11 1.2227e-11 ] 1.0000e+00
 8.069e+01 7.8192e-11 7.8192e-11 [ 8.3306e-61 5.4474e-27 1.1645e-15 6.7174e-11 1.1017e-11 ] 1.0000e+00
 8.081e+01 7.0117e-11 7.0117e-11 [ 5.3417e-61 4.2351e-27 9.9423e-16 6.0193e-11 9.9236e-12 ] 1.0000e+00
 8.092e+01 6.2860e-11 6.2860e-11 [ 3.4239e-61 3.2912e-27 8.4861e-16 5.3923e-11 8.9362e-12 ] 1.0000e+00
 8.103e+01 5.6339e-11 5.6339e-11 [ 2.1938e-61 2.5567e-27 7.2409e-16 4.8294e-11 8.0450e-12 ] 1.0000e+00
 8.115e+01 5.0482e-11 5.0482e-11 [ 1.4051e-61 1.9853e-27 6.1765e-16 4.3241e-11 7.2406e-12 ] 1.0000e+00
 8.126e+01 4.5223e-11 4.5223e-11 [ 8.9966e-62 1.5410e-27 5.2669e-16 3.8707e-11 6.5149e-12 ] 1.0000e+00
 8.137e+01 4.0500e-11 4.0500e-11 [ 5.7581e-62 1.1956e-27 4.4898e-16 3.4640e-11 5.8603e-12 ] 1.0000e+00
 8.149e+01 3.6262e-11 3.6262e-11 [ 3.6840e-62 9.2731e-28 3.8262e-16 3.0992e-11 5.2700e-12 ] 1.0000e+00
 8.160e+01 3.2459e-11 3.2459e-11 [ 2.3561e-62 7.1891e-28 3.2596e-16 2.7721e-11 4.7379e-12 ] 1.0000e+00
 8.171e+01 2.9047e-11 2.9047e-11 [ 1.5063e-62 5.5712e-28 2.7761e-16 2.4789e-11 4.2584e-12 ] 1.0000e+00
 8.183e+01 2.5988e-11 2.5988e-11 [ 9.6264e-63 4.3156e-28 2.3635e-16 2.2161e-11 3.8264e-12 ] 1.0000e+00
 8.194e+01 2.3244e-11 2.3244e-11 [ 6.1498e-63 3.3417e-28 2.0117e-16 1.9807e-11 3.4372e-12 ] 1.0000e+00
 8.205e+01 2.0785e-11 2.0785e-11 [ 3.9273e-63 2.5865e-28 1.7116e-16 1.7698e-11 3.0868e-12 ] 1.0000e+00
 8.217e+01 1.8582e-11 1.8582e-11 [ 2.5071e-63 2.0012e-28 1.4559e-16 1.5810e-11 2.7714e-12 ] 1.0000e+00
 8.228e+01 1.6608e-11 1.6608e-11 [ 1.5999e-63 1.5477e-28 1.2380e-16 1.4120e-11 2.4875e-12 ] 1.0000e+00
 8.239e+01 1.4839e-11 1.4839e-11 [ 1.0206e-63 1.1965e-28 1.0524e-16 1.2607e-11 2.2322e-12 ] 1.0000e+00
 8.251e+01 1.3256e-11 1.3256e-11 [ 6.5078e-64 9.2462e-29 8.9431e-17 1.1253e-11 2.0024e-12 ] 1.0000e+00
 8.262e+01 1.1839e-11 1.1839e-11 [ 4.1483e-64 7.1423e-29 7.5975e-17 1.0043e-11 1.7959e-12 ] 1.0000e+00
 8.273e+01 1.0570e-11 1.0570e-11 [ 2.6433e-64 5.5149e-29 6.4523e-17 8.9598e-12 1.6102e-12 ] 1.0000e+00
 8.285e+01 9.4351e-12 9.4351e-12 [ 1.6837e-64 4.2566e-29 5.4780e-17 7.9917e-12 1.4433e-12 ] 1.0000e+00
 8.296e+01 8.4199e-12 8.4199e-12 [ 1.0721e-64 3.2840e-29 4.6494e-17 7.1264e-12 1.2934e-12 ] 1.0000e+00
 8.307e+01 7.5120e-12 7.5120e-12 [ 6.8237e-65 2.5327e-29 3.9449e-17 6.3532e-12 1.1588e-12 ] 1.0000e+00
 8.319e+01 6.7003e-12 6.7003e-12 [ 4.3417e-65 1.9524e-29 3.3461e-17 5.6624e-12 1.0378e-12 ] 1.0000e+00
 8.330e+01 5.9748e-12 5.9748e-12 [ 2.7614e-65 1.5045e-29 2.8373e-17 5.0455e-12 9.2929e-13 ] 1.0000e+00
 8.341e+01 5.3265e-12 5.3265e-12 [ 1.7557e-65 1.1589e-29 2.4052e-17 4.4946e-12 8.3187e-13 ] 1.0000e+00
 8.353e+01 4.7474e-12 4.7474e-12 [ 1.1159e-65 8.9232e-30 2.0382e-17 4.0029e-12 7.4447e-13 ] 1.0000e+00
 8.364e+01 4.2302e-12 4.2302e-12 [ 7.0894e-66 6.8678e-30 1.7267e-17 3.5641e-12 6.6607e-13 ] 1.0000e+00
 8.375e+01 3.7684e-12 3.7684e-12 [ 4.5024e-66 5.2836e-30 1.4623e-17 3.1726e-12 5.9577e-13 ] 1.0000e+00
 8.387e+01 3.3561e-12 3.3561e-12 [ 2.8584e-66 4.0633e-30 1.2381e-17 2.8233e-12 5.3275e-13 ] 1.0000e+00
 8.398e+01 2.9882e-12 2.9882e-12 [ 1.8140e-66 3.1235e-30 1.0479e-17 2.5119e-12 4.7627e-13 ] 1.0000e+00
 8.409e+01 2.6600e-12 2.6600e-12 [ 1.1508e-66 2.4001e-30 8.8661e-18 2.2343e-12 4.2566e-13 ] 1.0000e+00
 8.421e+01 2.3672e-12 2.3672e-12 [ 7.2978e-67 1.8435e-30 7.4994e-18 1.9869e-12 3.8033e-13 ] 1.0000e+00
 8.432e+01 2.1061e-12 2.1061e-12 [ 4.6262e-67 1.4154e-30 6.3414e-18 1.7664e-12 3.3974e-13 ] 1.0000e+00
 8.443e+01 1.8734e-12 1.8734e-12 [ 2.9316e-67 1.0863e-30 5.3606e-18 1.5700e-12 3.0340e-13 ] 1.0000e+00
 8.455e+01 1.6659e-12 1.6659e-12 [ 1.8570e-67 8.3333e-31 4.5301e-18 1.3950e-12 2.7088e-13 ] 1.0000e+00
 8.466e+01 1.4811e-12 1.4811e-12 [ 1.1759e-67 6.3903e-31 3.8270e-18 1.2393e-12 2.4178e-13 ] 1.0000e+00
 8.477e+01 1.3164e-12 1.3164e-12 [ 7.4432e-68 4.8983e-31 3.2321e-18 1.1007e-12 2.1575e-13 ] 1.0000e+00
 8.489e+01 1.1698e-12 1.1698e-12 [ 4.7096e-68 3.7531e-31 2.7288e-18 9.7731e-13 1.9247e-13 ] 1.0000e+00
 8.500e+01 1.0392e-12 1.0392e-12 [ 2.9789e-68 2.8744e-31 2.3032e-18 8.6756e-13 1.7165e-13 ] 1.0000e+00
 8.511e+01 9.2299e-13 9.2299e-13 [ 1.8835e-68 2.2006e-31 1.9433e-18 7.6994e-13 1.5305e-13 ] 1.0000e+00
 8.523e+01 8.1956e-13 8.1956e-13 [ 1.1904e-68 1.6840e-31 1.6392e-18 6.8313e-13 1.3643e-13 ] 1.0000e+00
 8.534e+01 7.2754e-13 7.2754e-13 [ 7.5211e-69 1.2882e-31 1.3823e-18 6.0596e-13 1.2158e-13 ] 1.0000e+00
 8.545e+01 6.4569e-13 6.4569e-13 [ 4.7500e-69 9.8496e-32 1.1652e-18 5.3737e-13 1.0832e-13 ] 1.0000e+00
 8.557e+01 5.7291e-13 5.7291e-13 [ 2.9988e-69 7.5280e-32 9.8195e-19 4.7643e-13 9.6482e-14 ] 1.0000e+00
 8.568e+01 5.0821e-13 5.0821e-13 [ 1.8925e-69 5.7513e-32 8.2725e-19 4.2229e-13 8.5914e-14 ] 1.0000e+00
 8.579e+01 4.5070e-13 4.5070e-13 [ 1.1939e-69 4.3920e-32 6.9671e-19 3.7421e-13 7.6484e-14 ] 1.0000e+00
 8.591e+01 3.9960e-13 3.9960e-13 [ 7.5287e-70 3.3526e-32 5.8658e-19 3.3153e-13 6.8071e-14 ] 1.0000e+00
 8.602e+01 3.5421e-13 3.5421e-13 [ 4.7458e-70 2.5581e-32 4.9371e-19 2.9364e-13 6.0568e-14 ] 1.0000e+00
 8.613e+01 3.1389e-13 3.1389e-13 [ 2.9905e-70 1.9510e-32 4.1541e-19 2.6001e-13 5.3877e-14 ] 1.0000e+00
 8.625e+01 2.7810e-13 2.7810e-13 [ 1.8837e-70 1.4874e-32 3.4943e-19 2.3018e-13 4.7914e-14 ] 1.0000e+00
 8.636e+01 2.4632e-13 2.4632e-13 [ 1.1860e-70 1.1335e-32 2.9383e-19 2.0373e-13 4.2599e-14 ] 1.0000e+00
 8.647e+01 2.1813e-13 2.1813e-13 [ 7.4650e-71 8.6339e-33 2.4700e-19 1.8026e-13 3.7865e-14 ] 1.0000e+00
 8.659e+01 1.9311e-13 1.9311e-13 [ 4.6967e-71 6.5738e-33 2.0757e-19 1.5946e-13 3.3647e-14 ] 1.0000e+00
 8.670e+01 1.7092e-13 1.7092e-13 [ 2.9538e-71 5.0031e-33 1.7438e-19 1.4103e-13 2.9892e-14 ] 1.0000e+00
 8.681e+01 1.5125e-13 1.5125e-13 [ 1.8570e-71 3.8060e-33 1.4645e-19 1.2470e-13 2.6549e-14 ] 1.0000e+00
 8.693e+01 1.3380e-13 1.3380e-13 [ 1.1670e-71 2.8941e-33 1.2295e-19 1.1023e-13 2.3574e-14 ] 1.0000e+00
 8.704e+01 1.1834e-13 1.1834e-13 [ 7.3308e-72 2.1997e-33 1.0319e-19 9.7413e-14 2.0927e-14 ] 1.0000e+00
 8.715e+01 1.0464e-13 1.0464e-13 [ 4.6033e-72 1.6712e-33 8.6584e-20 8.6067e-14 1.8572e-14 ] 1.0000e+00
 8.727e+01 9.2502e-14 9.2502e-14 [ 2.8894e-72 1.2691e-33 7.2624e-20 7.6024e-14 1.6478e-14 ] 1.0000e+00
 8.738e+01 8.1753e-14 8.1753e-14 [ 1.8129e-72 9.6336e-34 6.0895e-20 6.7136e-14 1.4616e-14 ] 1.0000e+00
 8.749e+01 7.2235e-14 7.2235e-14 [ 1.1371e-72 7.3093e-34 5.1044e-20 5.9273e-14 1.2962e-14 ] 1.0000e+00
 8.761e+01 6.3810e-14 6.3810e-14 [ 7.1288e-73 5.5433e-34 4.2773e-20 5.2318e-14 1.1492e-14 ] 1.0000e+00
 8.772e+01 5.6354e-14 5.6354e-14 [ 4.4675e-73 4.2021e-34 3.5831e-20 4.6168e-14 1.0185e-14 ] 1.0000e+00
 8.783e+01 4.9756e-14 4.9756e-14 [ 2.7987e-73 3.1840e-34 3.0005e-20 4.0731e-14 9.0255e-15 ] 1.0000e+00
 8.795e+01 4.3921e-14 4.3921e-14 [ 1.7525e-73 2.4115e-34 2.5119e-20 3.5925e-14 7.9956e-15 ] 1.0000e+00
 8.806e+01 3.8760e-14 3.8760e-14 [ 1.0969e-73 1.8255e-34 2.1021e-20 3.1679e-14 7.0814e-15 ] 1.0000e+00
 8.817e+01 3.4198e-14 3.4198e-14 [ 6.8633e-74 1.3813e-34 1.7586e-20 2.7928e-14 6.2702e-15 ] 1.0000e+00
 8.829e+01 3.0165e-14 3.0165e-14 [ 4.2925e-74 1.0447e-34 1.4708e-20 2.4615e-14 5.5505e-15 ] 1.0000e+00
 8.840e+01 2.6601e-14 2.6601e-14 [ 2.6835e-74 7.8979e-35 1.2296e-20 2.1689e-14 4.9121e-15 ] 1.0000e+00
 8.851e+01 2.3453e-14 2.3453e-14 [ 1.6770e-74 5.9679e-35 1.0277e-20 1.9107e-14 4.3461e-15 ] 1.0000e+00
 8.863e+01 2.0672e-14 2.0672e-14 [ 1.0475e-74 4.5073e-35 8.5860e-21 1.6828e-14 3.8443e-15 ] 1.0000e+00
 8.874e+01 1.8217e-14 1.8217e-14 [ 6.5405e-75 3.4026e-35 7.1710e-21 1.4817e-14 3.3995e-15 ] 1.0000e+00
 8.885e+01 1.6049e-14 1.6049e-14 [ 4.0821e-75 2.5675e-35 5.9871e-21 1.3043e-14 3.0055e-15 ] 1.0000e+00
 8.897e+01 1.4136e-14 1.4136e-14 [ 2.5467e-75 1.9364e-35 4.9969e-21 1.1479e-14 2.6565e-15 ] 1.0000e+00
 8.908e+01 1.2448e-14 1.2448e-14 [ 1.5881e-75 1.4597e-35 4.1691e-21 1.0100e-14 2.3474e-15 ] 1.0000e+00
 8.919e+01 1.0959e-14 1.0959e-14 [ 9.8992e-76 1.0998e-35 3.4771e-21 8.8848e-15 2.0737e-15 ] 1.0000e+00
 8.931e+01 9.6452e-15 9.6452e-15 [ 6.1679e-76 8.2826e-36 2.8990e-21 7.8137e-15 1.8315e-15 ] 1.0000e+00
 8.942e+01 8.4872e-15 8.4872e-15 [ 3.8413e-76 6.2345e-36 2.4161e-21 6.8700e-15 1.6172e-15 ] 1.0000e+00
 8.953e+01 7.4665e-15 7.4665e-15 [ 2.3913e-76 4.6905e-36 2.0130e-21 6.0389e-15 1.4276e-15 ] 1.0000e+00
 8.965e+01 6.5669e-15 6.5669e-15 [ 1.4880e-76 3.5271e-36 1.6765e-21 5.3070e-15 1.2599e-15 ] 1.0000e+00
 8.976e+01 5.7743e-15 5.7743e-15 [ 9.2550e-77 2.6510e-36 1.3957e-21 4.6627e-15 1.1116e-15 ] 1.0000e+00
 8.987e+01 5.0762e-15 5.0762e-15 [ 5.7538e-77 1.9914e-36 1.1615e-21 4.0956e-15 9.8055e-16 ] 1.0000e+00
 8.999e+01 4.4613e-15 4.4613e-15 [ 3.5756e-77 1.4952e-36 9.6626e-22 3.5966e-15 8.6471e-16 ] 1.0000e+00
 9.010e+01 3.9201e-15 3.9201e-15 [ 2.2209e-77 1.1221e-36 8.0352e-22 3.1577e-15 7.6237e-16 ] 1.0000e+00
 9.021e+01 3.4436e-15 3.4436e-15 [ 1.3789e-77 8.4162e-37 6.6793e-22 2.7716e-15 6.7198e-16 ] 1.0000e+00
 9.033e+01 3.0244e-15 3.0244e-15 [ 8.5571e-78 6.3092e-37 5.5500e-22 2.4322e-15 5.9215e-16 ] 1.0000e+00
 9.044e+01 2.6555e-15 2.6555e-15 [ 5.3079e-78 4.7273e-37 4.6098e-22 2.1338e-15 5.2168e-16 ] 1.0000e+00
 9.055e+01 2.3311e-15 2.3311e-15 [ 3.2909e-78 3.5400e-37 3.8274e-22 1.8716e-15 4.5948e-16 ] 1.0000e+00
 9.067e+01 2.0458e-15 2.0458e-15 [ 2.0394e-78 2.6496e-37 3.1764e-22 1.6412e-15 4.0459e-16 ] 1.0000e+00
 9.078e+01 1.7950e-15 1.7950e-15 [ 1.2633e-78 1.9820e-37 2.6351e-22 1.4388e-15 3.5617e-16 ] 1.0000e+00
 9.089e+01 1.5746e-15 1.5746e-15 [ 7.8212e-79 1.4818e-37 2.1851e-22 1.2611e-15 3.1347e-16 ] 1.0000e+00
 9.101e+01 1.3809e-15 1.3809e-15 [ 4.8400e-79 1.1073e-37 1.8112e-22 1.1051e-15 2.7582e-16 ] 1.0000e+00
 9.112e+01 1.2107e-15 1.2107e-15 [ 2.9936e-79 8.2690e-38 1.5006e-22 9.6811e-16 2.4263e-16 ] 1.0000e+00
 9.123e+01 1.0613e-15 1.0613e-15 [ 1.8507e-79 6.1719e-38 1.2427e-22 8.4791e-16 2.1338e-16 ] 1.0000e+00
 9.135e+01 9.3008e-16 9.3008e-16 [ 1.1436e-79 4.6039e-38 1.0287e-22 7.4247e-16 1.8761e-16 ] 1.0000e+00
 9.146e+01 8.1489e-16 8.1489e-16 [ 7.0631e-80 3.4323e-38 8.5114e-23 6.4998e-16 1.6491e-16 ] 1.0000e+00
 9.157e+01 7.1380e-16 7.1380e-16 [ 4.3600e-80 2.5574e-38 7.0391e-23 5.6887e-16 1.4493e-16 ] 1.0000e+00
 9.169e+01 6.2510e-16 6.2510e-16 [ 2.6901e-80 1.9044e-38 5.8187e-23 4.9777e-16 1.2733e-16 ] 1.0000e+00
 9.180e+01 5.4729e-16 5.4729e-16 [ 1.6589e-80 1.4172e-38 4.8075e-23 4.3545e-16 1.1184e-16 ] 1.0000e+00
 9.191e+01 4.7905e-16 4.7905e-16 [ 1.0224e-80 1.0541e-38 3.9702e-23 3.8084e-16 9.8214e-17 ] 1.0000e+00
 9.203e+01 4.1922e-16 4.1922e-16 [ 6.2984e-81 7.8350e-39 3.2770e-23 3.3300e-16 8.6225e-17 ] 1.0000e+00
 9.214e+01 3.6678e-16 3.6678e-16 [ 3.8779e-81 5.8202e-39 2.7035e-23 2.9110e-16 7.5681e-17 ] 1.0000e+00
 9.225e+01 3.2082e-16 3.2082e-16 [ 2.3863e-81 4.3208e-39 2.2292e-23 2.5441e-16 6.6410e-17 ] 1.0000e+00
 9.237e+01 2.8055e-16 2.8055e-16 [ 1.4676e-81 3.2056e-39 1.8372e-23 2.2229e-16 5.8260e-17 ] 1.0000e+00
 9.248e+01 2.4528e-16 2.4528e-16 [ 9.0212e-82 2.3767e-39 1.5133e-23 1.9418e-16 5.1098e-17 ] 1.0000e+00
 9.259e+01 2.1439e-16 2.1439e-16 [ 5.5421e-82 1.7610e-39 1.2458e-23 1.6958e-16 4.4805e-17 ] 1.0000e+00
 9.271e+01 1.8735e-16 1.8735e-16 [ 3.4028e-82 1.3040e-39 1.0250e-23 1.4807e-16 3.9278e-17 ] 1.0000e+00
 9.282e+01 1.6367e-16 1.6367e-16 [ 2.0881e-82 9.6490e-40 8.4283e-24 1.2925e-16 3.4424e-17 ] 1.0000e+00
 9.293e+01 1.4296e-16 1.4296e-16 [ 1.2806e-82 7.1351e-40 6.9265e-24 1.1280e-16 3.0162e-17 ] 1.0000e+00
 9.305e+01 1.2484e-16 1.2484e-16 [ 7.8486e-83 5.2725e-40 5.6889e-24 9.8416e-17 2.6422e-17 ] 1.0000e+00
 9.316e+01 1.0899e-16 1.0899e-16 [ 4.8076e-83 3.8934e-40 4.6695e-24 8.5847e-17 2.3140e-17 ] 1.0000e+00
 9.327e+01 9.5125e-17 9.5125e-17 [ 2.9431e-83 2.8730e-40 3.8304e-24 7.4865e-17 2.0260e-17 ] 1.0000e+00
 9.339e+01 8.3007e-17 8.3007e-17 [ 1.8005e-83 2.1185e-40 3.1401e-24 6.5272e-17 1.7735e-17 ] 1.0000e+00
 9.350e+01 7.2415e-17 7.2415e-17 [ 1.1008e-83 1.5610e-40 2.5725e-24 5.6894e-17 1.5520e-17 ] 1.0000e+00
 9.361e+01 6.3159e-17 6.3159e-17 [ 6.7261e-84 1.1493e-40 2.1061e-24 4.9580e-17 1.3579e-17 ] 1.0000e+00
 9.373e+01 5.5073e-17 5.5073e-17 [ 4.1070e-84 8.4561e-41 1.7231e-24 4.3195e-17 1.1878e-17 ] 1.0000e+00
 9.384e+01 4.8011e-17 4.8011e-17 [ 2.5060e-84 6.2166e-41 1.4087e-24 3.7624e-17 1.0387e-17 ] 1.0000e+00
 9.395e+01 4.1844e-17 4.1844e-17 [ 1.5281e-84 4.5666e-41 1.1509e-24 3.2763e-17 9.0811e-18 ] 1.0000e+00
 9.407e+01 3.6460e-17 3.6460e-17 [ 9.3116e-85 3.3519e-41 9.3951e-25 2.8523e-17 7.9375e-18 ] 1.0000e+00
 9.418e+01 3.1761e-17 3.1761e-17 [ 5.6700e-85 2.4583e-41 7.6639e-25 2.4825e-17 6.9363e-18 ] 1.0000e+00
 9.429e+01 2.7661e-17 2.7661e-17 [ 3.4500e-85 1.8014e-41 6.2469e-25 2.1601e-17 6.0598e-18 ] 1.0000e+00
 9.441e+01 2.4084e-17 2.4084e-17 [ 2.0977e-85 1.3189e-41 5.0878e-25 1.8791e-17 5.2928e-18 ] 1.0000e+00
 9.452e+01 2.0964e-17 2.0964e-17 [ 1.2745e-85 9.6482e-42 4.1403e-25 1.6343e-17 4.6218e-18 ] 1.0000e+00
 9.463e+01 1.8244e-17 1.8244e-17 [ 7.7371e-86 7.0516e-42 3.3664e-25 1.4209e-17 4.0349e-18 ] 1.0000e+00
 9.475e+01 1.5873e-17 1.5873e-17 [ 4.6933e-86 5.1491e-42 2.7348e-25 1.2351e-17 3.5216e-18 ] 1.0000e+00
 9.486e+01 1.3806e-17 1.3806e-17 [ 2.8446e-86 3.7564e-42 2.2197e-25 1.0733e-17 3.0729e-18 ] 1.0000e+00
 9.497e+01 1.2005e-17 1.2005e-17 [ 1.7226e-86 2.7378e-42 1.8000e-25 9.3245e-18 2.6808e-18 ] 1.0000e+00
 9.509e+01 1.0437e-17 1.0437e-17 [ 1.0423e-86 1.9934e-42 1.4582e-25 8.0985e-18 2.3381e-18 ] 1.0000e+00
 9.520e+01 9.0702e-18 9.0702e-18 [ 6.3010e-87 1.4499e-42 1.1802e-25 7.0315e-18 2.0387e-18 ] 1.0000e+00
 9.531e+01 7.8806e-18 7.8806e-18 [ 3.8055e-87 1.0536e-42 9.5417e-26 6.1034e-18 1.7772e-18 ] 1.0000e+00
 9.543e+01 6.8449e-18 6.8449e-18 [ 2.2962e-87 7.6471e-43 7.7064e-26 5.2961e-18 1.5489e-18 ] 1.0000e+00
 9.554e+01 5.9436e-18 5.9436e-18 [ 1.3841e-87 5.5445e-43 6.2174e-26 4.5941e-18 1.3496e-18 ] 1.0000e+00
 9.565e+01 5.1594e-18 5.1594e-18 [ 8.3349e-88 4.0154e-43 5.0104e-26 3.9838e-18 1.1756e-18 ] 1.0000e+00
 9.577e+01 4.4772e-18 4.4772e-18 [ 5.0138e-88 2.9045e-43 4.0330e-26 3.4533e-18 1.0239e-18 ] 1.0000e+00
 9.588e+01 3.8839e-18 3.8839e-18 [ 3.0127e-88 2.0985e-43 3.2423e-26 2.9924e-18 8.9146e-19 ] 1.0000e+00
 9.599e+01 3.3680e-18 3.3680e-18 [ 1.8082e-88 1.5142e-43 2.6033e-26 2.5920e-18 7.7599e-19 ] 1.0000e+00
 9.611e+01 2.9196e-18 2.9196e-18 [ 1.0839e-88 1.0911e-43 2.0875e-26 2.2442e-18 6.7532e-19 ] 1.0000e+00
 9.622e+01 2.5298e-18 2.5298e-18 [ 6.4898e-89 7.8520e-44 1.6716e-26 1.9422e-18 5.8756e-19 ] 1.0000e+00
 9.633e+01 2.1912e-18 2.1912e-18 [ 3.8806e-89 5.6424e-44 1.3367e-26 1.6801e-18 5.1108e-19 ] 1.0000e+00
 9.645e+01 1.8970e-18 1.8970e-18 [ 2.3172e-89 4.0485e-44 1.0672e-26 1.4525e-18 4.4445e-19 ] 1.0000e+00
 9.656e+01 1.6415e-18 1.6415e-18 [ 1.3817e-89 2.9004e-44 8.5073e-27 1.2551e-18 3.8640e-19 ] 1.0000e+00
 9.667e+01 1.4196e-18 1.4196e-18 [ 8.2259e-90 2.0744e-44 6.7704e-27 1.0838e-18 3.3585e-19 ] 1.0000e+00
 9.679e+01 1.2270e-18 1.2270e-18 [ 4.8895e-90 1.4811e-44 5.3786e-27 9.3520e-19 2.9184e-19 ] 1.0000e+00
 9.690e+01 1.0599e-18 1.0599e-18 [ 2.9014e-90 1.0555e-44 4.2650e-27 8.0636e-19 2.5353e-19 ] 1.0000e+00
 9.701e+01 9.1484e-19 9.1484e-19 [ 1.7186e-90 7.5080e-45 3.3753e-27 6.9466e-19 2.2018e-19 ] 1.0000e+00
 9.713e+01 7.8899e-19 7.8899e-19 [ 1.0160e-90 5.3294e-45 2.6657e-27 5.9783e-19 1.9116e-19 ] 1.0000e+00
 9.724e+01 6.7983e-19 6.7983e-19 [ 5.9941e-91 3.7747e-45 2.1005e-27 5.1391e-19 1.6592e-19 ] 1.0000e+00
 9.735e+01 5.8515e-19 5.8515e-19 [ 3.5285e-91 2.6672e-45 1.6512e-27 4.4119e-19 1.4396e-19 ] 1.0000e+00
 9.747e+01 5.0304e-19 5.0304e-19 [ 2.0721e-91 1.8799e-45 1.2947e-27 3.7819e-19 1.2486e-19 ] 1.0000e+00
 9.758e+01 4.3185e-19 4.3185e-19 [ 1.2137e-91 1.3214e-45 1.0123e-27 3.2361e-19 1.0825e-19 ] 1.0000e+00
 9.769e+01 3.7013e-19 3.7013e-19 [ 7.0888e-92 9.2609e-46 7.8906e-28 2.7633e-19 9.3798e-20 ] 1.0000e+00
 9.781e+01 3.1661e-19 3.1661e-19 [ 4.1275e-92 6.4693e-46 6.1302e-28 2.3538e-19 8.1231e-20 ] 1.0000e+00
 9.792e+01 2.7021e-19 2.7021e-19 [ 2.3951e-92 4.5031e-46 4.7450e-28 1.9992e-19 7.0298e-20 ] 1.0000e+00
 9.803e+01 2.2998e-19 2.2998e-19 [ 1.3846e-92 3.1222e-46 3.6576e-28 1.6920e-19 6.0782e-20 ] 1.0000e+00
 9.815e+01 1.9508e-19 1.9508e-19 [ 7.9700e-93 2.1553e-46 2.8064e-28 1.4259e-19 5.2496e-20 ] 1.0000e+00
 9.826e+01 1.6481e-19 1.6481e-19 [ 4.5659e-93 1.4805e-46 2.1418e-28 1.1954e-19 4.5272e-20 ] 1.0000e+00
 9.837e+01 1.3853e-19 1.3853e-19 [ 2.6016e-93 1.0112e-46 1.6246e-28 9.9569e-20 3.8965e-20 ] 1.0000e+00
 9.849e+01 1.1572e-19 1.1572e-19 [ 1.4731e-93 6.8619e-47 1.2234e-28 8.2276e-20 3.3447e-20 ] 1.0000e+00
 9.860e+01 9.5907e-20 9.5907e-20 [ 8.2802e-94 4.6210e-47 9.1330e-29 6.7304e-20 2.8603e-20 ] 1.0000e+00
 9.871e+01 7.8688e-20 7.8688e-20 [ 4.6143e-94 3.0835e-47 6.7456e-29 5.4357e-20 2.4331e-20 ] 1.0000e+00
 9.883e+01 6.3724e-20 6.3724e-20 [ 2.5447e-94 2.0344e-47 4.9159e-29 4.3184e-20 2.0540e-20 ] 1.0000e+00
 9.894e+01 5.0726e-20 5.0726e-20 [ 1.3854e-94 1.3232e-47 3.5210e-29 3.3579e-20 1.7148e-20 ] 1.0000e+00
 9.905e+01 3.9457e-20 3.9457e-20 [ 7.4191e-95 8.4441e-48 2.4643e-29 2.5377e-20 1.4081e-20 ] 1.0000e+00
 9.917e+01 2.9728e-20 2.9728e-20 [ 3.8867e-95 5.2491e-48 1.6707e-29 1.8451e-20 1.1277e-20 ] 1.0000e+00
 9.928e+01 2.1399e-20 2.1399e-20 [ 1.9733e-95 3.1395e-48 1.0816e-29 1.2709e-20 8.6904e-21 ] 1.0000e+00
 9.939e+01 1.4383e-20 1.4383e-20 [ 9.5400e-96 1.7669e-48 6.5266e-30 8.0827e-21 6.2998e-21 ] 1.0000e+00
 9.951e+01 8.6503e-21 8.6503e-21 [ 4.2308e-96 8.9530e-49 3.5033e-30 4.5278e-21 4.1225e-21 ] 1.0000e+00
 9.962e+01 4.2426e-21 4.2426e-21 [ 1.5657e-96 3.6830e-49 1.5049e-30 2.0100e-21 2.2326e-21 ] 1.0000e+00
 9.973e+01 1.2830e-21 1.2830e-21 [ 3.4845e-97 8.7797e-50 3.6855e-31 5.0391e-22 7.7909e-22 ] 1.0000e+00
 9.985e+01 0.0000e+00 0.0000e+00 [ 0.0000e+00 0.0000e+00 0.0000e+00 0.0000e+00 0.0000e+00 ] 1.0000e+00
