 0.000e+00 0.0000e+00 0.0000e+00 [ 0.0000e+00 0.0000e+00 0.0000e+00 0.0000e+00 0.0000e+00 ] 1.0000e+00
 1.133e-01 4.4219e-02 4.4219e-02 [ 4.3893e-02 1.5289e-04 8.0772e-05 8.2420e-05 1.0316e-05 ] 9.5578e-01
 2.267e-01 8.5736e-02 8.5736e-02 [ 8.4383e-02 6.3649e-04 3.3626e-04 3.4274e-04 3.7374e-05 ] 9.1426e-01
 3.400e-01 1.1813e-01 1.1813e-01 [ 1.1492e-01 1.5183e-03 8.0221e-04 8.1564e-04 7.7036e-05 ] 8.8187e-01
 4.533e-01 1.4941e-01 1.4941e-01 [ 1.4329e-01 2.9038e-03 1.5344e-03 1.5552e-03 1.2690e-04 ] 8.5059e-01
 5.667e-01 1.8261e-01 1.8261e-01 [ 1.7225e-01 4.9333e-03 2.6072e-03 2.6327e-03 1.8588e-04 ] 8.1739e-01
 6.800e-01 2.2017e-01 2.2017e-01 [ 2.0390e-01 7.7755e-03 4.1099e-03 4.1329e-03 2.5364e-04 ] 7.7983e-01
 7.933e-01 2.6395e-01 2.6395e-01 [ 2.3973e-01 1.1609e-02 6.1372e-03 6.1439e-03 3.3011e-04 ] 7.3605e-01
 9.067e-01 3.1498e-01 3.1498e-01 [ 2.8047e-01 1.6585e-02 8.7700e-03 8.7390e-03 4.1482e-04 ] 6.8502e-01
 1.020e+00 3.7306e-01 3.7306e-01 [ 3.2578e-01 2.2777e-02 1.2047e-02 1.1948e-02 5.0633e-04 ] 6.2694e-01
 1.133e+00 4.3642e-01 4.3642e-01 [ 3.7405e-01 3.0112e-02 1.5931e-02 1.5724e-02 6.0175e-04 ] 5.6358e-01
 1.247e+00 5.0164e-01 5.0164e-01 [ 4.2240e-01 3.8329e-02 2.0284e-02 1.9925e-02 6.9665e-04 ] 4.9836e-01
 1.360e+00 5.6421e-01 5.6421e-01 [ 4.6724e-01 4.6995e-02 2.4878e-02 2.4320e-02 7.8584e-04 ] 4.3579e-01
 1.473e+00 6.1977e-01 6.1977e-01 [ 5.0522e-01 5.5599e-02 2.9443e-02 2.8644e-02 8.6469e-04 ] 3.8023e-01
 1.587e+00 6.6529e-01 6.6529e-01 [ 5.3426e-01 6.3693e-02 3.3743e-02 3.2667e-02 9.3051e-04 ] 3.3471e-01
 1.700e+00 6.9982e-01 6.9982e-01 [ 5.5396e-01 7.1001e-02 3.7631e-02 3.6252e-02 9.8314e-04 ] 3.0018e-01
 1.813e+00 7.2421e-01 7.2421e-01 [ 5.6531e-01 7.7442e-02 4.1066e-02 3.9361e-02 1.0245e-03 ] 2.7579e-01
 1.927e+00 7.4030e-01 7.4030e-01 [ 5.7005e-01 8.3081e-02 4.4081e-02 4.2035e-02 1.0572e-03 ] 2.5970e-01
 2.040e+00 7.5021e-01 7.5021e-01 [ 5.6998e-01 8.8052e-02 4.6748e-02 4.4347e-02 1.0842e-03 ] 2.4979e-01
 2.153e+00 7.5575e-01 7.5575e-01 [ 5.6662e-01 9.2502e-02 4.9145e-02 4.6377e-02 1.1076e-03 ] 2.4425e-01
 2.267e+00 7.5836e-01 7.5836e-01 [ 5.6114e-01 9.6560e-02 5.1341e-02 4.8193e-02 1.1289e-03 ] 2.4164e-01
 2.380e+00 7.5906e-01 7.5906e-01 [ 5.5434e-01 1.0033e-01 5.3391e-02 4.9851e-02 1.1492e-03 ] 2.4094e-01
 2.493e+00 7.5855e-01 7.5855e-01 [ 5.4677e-01 1.0388e-01 5.5334e-02 5.1392e-02 1.1690e-03 ] 2.4145e-01
 2.607e+00 7.5728e-01 7.5728e-01 [ 5.3877e-01 1.0727e-01 5.7202e-02 5.2845e-02 1.1887e-03 ] 2.4272e-01
 2.720e+00 7.5558e-01 7.5558e-01 [ 5.3057e-01 1.1055e-01 5.9015e-02 5.4232e-02 1.2084e-03 ] 2.4442e-01
 2.833e+00 7.5363e-01 7.5363e-01 [ 5.2232e-01 1.1373e-01 6.0789e-02 5.5571e-02 1.2283e-03 ] 2.4637e-01
 2.947e+00 7.5158e-01 7.5158e-01 [ 5.1409e-01 1.1683e-01 6.2536e-02 5.6872e-02 1.2482e-03 ] 2.4842e-01
 3.060e+00 7.4951e-01 7.4951e-01 [ 5.0595e-01 1.1988e-01 6.4263e-02 5.8145e-02 1.2684e-03 ] 2.5049e-01
 3.173e+00 7.4746e-01 7.4746e-01 [ 4.9791e-01 1.2289e-01 6.5978e-02 5.9397e-02 1.2887e-03 ] 2.5254e-01
 3.287e+00 7.4549e-01 7.4549e-01 [ 4.9001e-01 1.2585e-01 6.7685e-02 6.0634e-02 1.3092e-03 ] 2.5451e-01
 3.400e+00 7.4359e-01 7.4359e-01 [ 4.8225e-01 1.2877e-01 6.9388e-02 6.1859e-02 1.3299e-03 ] 2.5641e-01
 3.513e+00 7.4180e-01 7.4180e-01 [ 4.7462e-01 1.3167e-01 7.1089e-02 6.3077e-02 1.3508e-03 ] 2.5820e-01
 3.627e+00 7.4011e-01 7.4011e-01 [ 4.6712e-01 1.3453e-01 7.2793e-02 6.4290e-02 1.3720e-03 ] 2.5989e-01
 3.740e+00 7.3853e-01 7.3853e-01 [ 4.5976e-01 1.3737e-01 7.4499e-02 6.5502e-02 1.3934e-03 ] 2.6147e-01
 3.853e+00 7.3705e-01 7.3705e-01 [ 4.5252e-01 1.4019e-01 7.6210e-02 6.6714e-02 1.4150e-03 ] 2.6295e-01
 3.967e+00 7.3567e-01 7.3567e-01 [ 4.4540e-01 1.4297e-01 7.7927e-02 6.7928e-02 1.4369e-03 ] 2.6433e-01
 4.080e+00 7.3439e-01 7.3439e-01 [ 4.3840e-01 1.4573e-01 7.9651e-02 6.9147e-02 1.4591e-03 ] 2.6561e-01
 4.193e+00 7.3320e-01 7.3320e-01 [ 4.3150e-01 1.4847e-01 8.1382e-02 7.0371e-02 1.4815e-03 ] 2.6680e-01
 4.307e+00 7.3210e-01 7.3210e-01 [ 4.2470e-01 1.5117e-01 8.3122e-02 7.1602e-02 1.5043e-03 ] 2.6790e-01
 4.420e+00 7.3109e-01 7.3109e-01 [ 4.1800e-01 1.5385e-01 8.4870e-02 7.2841e-02 1.5273e-03 ] 2.6891e-01
 4.533e+00 7.3015e-01 7.3015e-01 [ 4.1139e-01 1.5649e-01 8.6626e-02 7.4090e-02 1.5506e-03 ] 2.6985e-01
 4.647e+00 7.2928e-01 7.2928e-01 [ 4.0486e-01 1.5910e-01 8.8392e-02 7.5348e-02 1.5743e-03 ] 2.7072e-01
 4.760e+00 7.2848e-01 7.2848e-01 [ 3.9841e-01 1.6168e-01 9.0167e-02 7.6618e-02 1.5982e-03 ] 2.7152e-01
 4.873e+00 7.2774e-01 7.2774e-01 [ 3.9204e-01 1.6422e-01 9.1951e-02 7.7900e-02 1.6225e-03 ] 2.7226e-01
 4.987e+00 7.2705e-01 7.2705e-01 [ 3.8575e-01 1.6672e-01 9.3744e-02 7.9195e-02 1.6471e-03 ] 2.7295e-01
 5.100e+00 7.2642e-01 7.2642e-01 [ 3.7952e-01 1.6918e-01 9.5545e-02 8.0503e-02 1.6721e-03 ] 2.7358e-01
 5.213e+00 7.2584e-01 7.2584e-01 [ 3.7336e-01 1.7160e-01 9.7355e-02 8.1825e-02 1.6973e-03 ] 2.7416e-01
 5.327e+00 7.2529e-01 7.2529e-01 [ 3.6726e-01 1.7397e-01 9.9173e-02 8.3162e-02 1.7229e-03 ] 2.7471e-01
 5.440e+00 7.2479e-01 7.2479e-01 [ 3.6123e-01 1.7629e-01 1.0100e-01 8.4515e-02 1.7488e-03 ] 2.7521e-01
 5.553e+00 7.2432e-01 7.2432e-01 [ 3.5526e-01 1.7856e-01 1.0283e-01 8.5883e-02 1.7751e-03 ] 2.7568e-01
 5.667e+00 7.2388e-01 7.2388e-01 [ 3.4935e-01 1.8078e-01 1.0467e-01 8.7269e-02 1.8017e-03 ] 2.7612e-01
 5.780e+00 7.2347e-01 7.2347e-01 [ 3.4350e-01 1.8295e-01 1.0652e-01 8.8671e-02 1.8286e-03 ] 2.7653e-01
 5.893e+00 7.2309e-01 7.2309e-01 [ 3.3771e-01 1.8506e-01 1.0837e-01 9.0091e-02 1.8559e-03 ] 2.7691e-01
 6.007e+00 7.2273e-01 7.2273e-01 [ 3.3198e-01 1.8710e-01 1.1023e-01 9.1530e-02 1.8835e-03 ] 2.7727e-01
 6.120e+00 7.2239e-01 7.2239e-01 [ 3.2631e-01 1.8909e-01 1.1210e-01 9.2987e-02 1.9114e-03 ] 2.7761e-01
 6.233e+00 7.2207e-01 7.2207e-01 [ 3.2069e-01 1.9101e-01 1.1397e-01 9.4463e-02 1.9397e-03 ] 2.7793e-01
 6.347e+00 7.2177e-01 7.2177e-01 [ 3.1513e-01 1.9287e-01 1.1584e-01 9.5959e-02 1.9683e-03 ] 2.7823e-01
 6.460e+00 7.2148e-01 7.2148e-01 [ 3.0963e-01 1.9466e-01 1.1772e-01 9.7474e-02 1.9972e-03 ] 2.7852e-01
 6.573e+00 7.2120e-01 7.2120e-01 [ 3.0418e-01 1.9638e-01 1.1960e-01 9.9011e-02 2.0264e-03 ] 2.7880e-01
 6.687e+00 7.2094e-01 7.2094e-01 [ 2.9880e-01 1.9804e-01 1.2148e-01 1.0057e-01 2.0560e-03 ] 2.7906e-01
 6.800e+00 7.2069e-01 7.2069e-01 [ 2.9348e-01 1.9962e-01 1.2336e-01 1.0215e-01 2.0859e-03 ] 2.7931e-01
 6.913e+00 7.2044e-01 7.2044e-01 [ 2.8821e-01 2.0112e-01 1.2525e-01 1.0375e-01 2.1161e-03 ] 2.7956e-01
 7.027e+00 7.2021e-01 7.2021e-01 [ 2.8301e-01 2.0256e-01 1.2713e-01 1.0537e-01 2.1466e-03 ] 2.7979e-01
 7.140e+00 7.1998e-01 7.1998e-01 [ 2.7786e-01 2.0391e-01 1.2902e-01 1.0701e-01 2.1774e-03 ] 2.8002e-01
 7.253e+00 7.1977e-01 7.1977e-01 [ 2.7278e-01 2.0520e-01 1.3090e-01 1.0868e-01 2.2084e-03 ] 2.8023e-01
 7.367e+00 7.1955e-01 7.1955e-01 [ 2.6776e-01 2.0640e-01 1.3279e-01 1.1037e-01 2.2398e-03 ] 2.8045e-01
 7.480e+00 7.1935e-01 7.1935e-01 [ 2.6280e-01 2.0753e-01 1.3467e-01 1.1208e-01 2.2715e-03 ] 2.8065e-01
 7.593e+00 7.1915e-01 7.1915e-01 [ 2.5790e-01 2.0858e-01 1.3655e-01 1.1382e-01 2.3034e-03 ] 2.8085e-01
 7.707e+00 7.1896e-01 7.1896e-01 [ 2.5307e-01 2.0955e-01 1.3842e-01 1.1557e-01 2.3356e-03 ] 2.8104e-01
 7.820e+00 7.1877e-01 7.1877e-01 [ 2.4830e-01 2.1045e-01 1.4029e-01 1.1736e-01 2.3680e-03 ] 2.8123e-01
 7.933e+00 7.1859e-01 7.1859e-01 [ 2.4360e-01 2.1127e-01 1.4216e-01 1.1916e-01 2.4007e-03 ] 2.8141e-01
 8.047e+00 7.1842e-01 7.1842e-01 [ 2.3896e-01 2.1201e-01 1.4402e-01 1.2099e-01 2.4336e-03 ] 2.8158e-01
 8.160e+00 7.1825e-01 7.1825e-01 [ 2.3439e-01 2.1267e-01 1.4588e-01 1.2285e-01 2.4667e-03 ] 2.8175e-01
 8.273e+00 7.1809e-01 7.1809e-01 [ 2.2988e-01 2.1326e-01 1.4772e-01 1.2473e-01 2.5000e-03 ] 2.8191e-01
 8.387e+00 7.1794e-01 7.1794e-01 [ 2.2544e-01 2.1377e-01 1.4957e-01 1.2663e-01 2.5335e-03 ] 2.8206e-01
 8.500e+00 7.1780e-01 7.1780e-01 [ 2.2106e-01 2.1421e-01 1.5140e-01 1.2856e-01 2.5672e-03 ] 2.8220e-01
 8.613e+00 7.1767e-01 7.1767e-01 [ 2.1676e-01 2.1458e-01 1.5323e-01 1.3050e-01 2.6010e-03 ] 2.8233e-01
 8.727e+00 7.1755e-01 7.1755e-01 [ 2.1251e-01 2.1488e-01 1.5504e-01 1.3248e-01 2.6349e-03 ] 2.8245e-01
 8.840e+00 7.1744e-01 7.1744e-01 [ 2.0834e-01 2.1510e-01 1.5685e-01 1.3448e-01 2.6690e-03 ] 2.8256e-01
 8.953e+00 7.1734e-01 7.1734e-01 [ 2.0423e-01 2.1527e-01 1.5865e-01 1.3650e-01 2.7031e-03 ] 2.8266e-01
 9.067e+00 7.1727e-01 7.1727e-01 [ 2.0019e-01 2.1536e-01 1.6044e-01 1.3854e-01 2.7374e-03 ] 2.8273e-01
 9.180e+00 7.1721e-01 7.1721e-01 [ 1.9621e-01 2.1540e-01 1.6222e-01 1.4060e-01 2.7717e-03 ] 2.8279e-01
 9.293e+00 7.1717e-01 7.1717e-01 [ 1.9230e-01 2.1538e-01 1.6399e-01 1.4269e-01 2.8060e-03 ] 2.8283e-01
 9.407e+00 7.1715e-01 7.1715e-01 [ 1.8846e-01 2.1530e-01 1.6575e-01 1.4480e-01 2.8403e-03 ] 2.8285e-01
 9.520e+00 7.1716e-01 7.1716e-01 [ 1.8468e-01 2.1517e-01 1.6750e-01 1.4694e-01 2.8746e-03 ] 2.8284e-01
 9.633e+00 7.1720e-01 7.1720e-01 [ 1.8097e-01 2.1499e-01 1.6924e-01 1.4909e-01 2.9089e-03 ] 2.8280e-01
 9.747e+00 7.1727e-01 7.1727e-01 [ 1.7732e-01 2.1476e-01 1.7097e-01 1.5126e-01 2.9431e-03 ] 2.8273e-01
 9.860e+00 7.1737e-01 7.1737e-01 [ 1.7374e-01 2.1450e-01 1.7269e-01 1.5346e-01 2.9772e-03 ] 2.8263e-01
 9.973e+00 7.1752e-01 7.1752e-01 [ 1.7023e-01 2.1420e-01 1.7441e-01 1.5567e-01 3.0112e-03 ] 2.8248e-01
 1.009e+01 7.1771e-01 7.1771e-01 [ 1.6678e-01 2.1387e-01 1.7611e-01 1.5790e-01 3.0451e-03 ] 2.8229e-01
 1.020e+01 7.1794e-01 7.1794e-01 [ 1.6339e-01 2.1352e-01 1.7780e-01 1.6015e-01 3.0788e-03 ] 2.8206e-01
 1.031e+01 7.1824e-01 7.1824e-01 [ 1.6007e-01 2.1315e-01 1.7949e-01 1.6241e-01 3.1122e-03 ] 2.8176e-01
 1.043e+01 7.1859e-01 7.1859e-01 [ 1.5681e-01 2.1276e-01 1.8117e-01 1.6470e-01 3.1455e-03 ] 2.8141e-01
 1.054e+01 7.1900e-01 7.1900e-01 [ 1.5362e-01 2.1237e-01 1.8285e-01 1.6699e-01 3.1784e-03 ] 2.8100e-01
 1.065e+01 7.1949e-01 7.1949e-01 [ 1.5049e-01 2.1197e-01 1.8452e-01 1.6930e-01 3.2111e-03 ] 2.8051e-01
 1.077e+01 7.2006e-01 7.2006e-01 [ 1.4743e-01 2.1159e-01 1.8618e-01 1.7162e-01 3.2434e-03 ] 2.7994e-01
 1.088e+01 7.2071e-01 7.2071e-01 [ 1.4443e-01 2.1122e-01 1.8784e-01 1.7395e-01 3.2753e-03 ] 2.7929e-01
 1.099e+01 7.2145e-01 7.2145e-01 [ 1.4149e-01 2.1087e-01 1.8950e-01 1.7629e-01 3.3069e-03 ] 2.7855e-01
 1.111e+01 7.2229e-01 7.2229e-01 [ 1.3862e-01 2.1055e-01 1.9115e-01 1.7863e-01 3.3379e-03 ] 2.7771e-01
 1.122e+01 7.2324e-01 7.2324e-01 [ 1.3581e-01 2.1027e-01 1.9281e-01 1.8098e-01 3.3685e-03 ] 2.7676e-01
 1.133e+01 7.2430e-01 7.2430e-01 [ 1.3308e-01 2.1004e-01 1.9445e-01 1.8333e-01 3.3985e-03 ] 2.7570e-01
 1.145e+01 7.2548e-01 7.2548e-01 [ 1.3040e-01 2.0988e-01 1.9610e-01 1.8567e-01 3.4279e-03 ] 2.7452e-01
 1.156e+01 7.2678e-01 7.2678e-01 [ 1.2780e-01 2.0978e-01 1.9775e-01 1.8800e-01 3.4567e-03 ] 2.7322e-01
 1.167e+01 7.2822e-01 7.2822e-01 [ 1.2527e-01 2.0976e-01 1.9939e-01 1.9032e-01 3.4848e-03 ] 2.7178e-01
 1.179e+01 7.2980e-01 7.2980e-01 [ 1.2282e-01 2.0983e-01 2.0102e-01 1.9262e-01 3.5121e-03 ] 2.7020e-01
 1.190e+01 7.3152e-01 7.3152e-01 [ 1.2044e-01 2.1000e-01 2.0265e-01 1.9489e-01 3.5386e-03 ] 2.6848e-01
 1.201e+01 7.3338e-01 7.3338e-01 [ 1.1814e-01 2.1029e-01 2.0426e-01 1.9713e-01 3.5643e-03 ] 2.6662e-01
 1.213e+01 7.3540e-01 7.3540e-01 [ 1.1593e-01 2.1071e-01 2.0586e-01 1.9931e-01 3.5889e-03 ] 2.6460e-01
 1.224e+01 7.3755e-01 7.3755e-01 [ 1.1380e-01 2.1126e-01 2.0743e-01 2.0145e-01 3.6126e-03 ] 2.6245e-01
 1.235e+01 7.3985e-01 7.3985e-01 [ 1.1178e-01 2.1196e-01 2.0897e-01 2.0350e-01 3.6351e-03 ] 2.6015e-01
 1.247e+01 7.4226e-01 7.4226e-01 [ 1.0986e-01 2.1281e-01 2.1047e-01 2.0547e-01 3.6565e-03 ] 2.5774e-01
 1.258e+01 7.4478e-01 7.4478e-01 [ 1.0806e-01 2.1383e-01 2.1190e-01 2.0732e-01 3.6767e-03 ] 2.5522e-01
 1.269e+01 7.4737e-01 7.4737e-01 [ 1.0638e-01 2.1503e-01 2.1325e-01 2.0903e-01 3.6956e-03 ] 2.5263e-01
 1.281e+01 7.4997e-01 7.4997e-01 [ 1.0483e-01 2.1639e-01 2.1448e-01 2.1056e-01 3.7132e-03 ] 2.5003e-01
 1.292e+01 7.5250e-01 7.5250e-01 [ 1.0343e-01 2.1791e-01 2.1557e-01 2.1186e-01 3.7295e-03 ] 2.4750e-01
 1.303e+01 7.5483e-01 7.5483e-01 [ 1.0219e-01 2.1957e-01 2.1645e-01 2.1288e-01 3.7443e-03 ] 2.4517e-01
 1.315e+01 7.5675e-01 7.5675e-01 [ 1.0110e-01 2.2133e-01 2.1704e-01 2.1352e-01 3.7574e-03 ] 2.4325e-01
 1.326e+01 7.5797e-01 7.5797e-01 [ 1.0017e-01 2.2310e-01 2.1724e-01 2.1368e-01 3.7684e-03 ] 2.4203e-01
 1.337e+01 7.5801e-01 7.5801e-01 [ 9.9382e-02 2.2477e-01 2.1690e-01 2.1319e-01 3.7764e-03 ] 2.4199e-01
 1.349e+01 7.5619e-01 7.5619e-01 [ 9.8683e-02 2.2612e-01 2.1578e-01 2.1183e-01 3.7796e-03 ] 2.4381e-01
 1.360e+01 7.5148e-01 7.5148e-01 [ 9.7994e-02 2.2686e-01 2.1359e-01 2.0927e-01 3.7747e-03 ] 2.4852e-01
 1.371e+01 7.4244e-01 7.4244e-01 [ 9.7172e-02 2.2652e-01 2.0988e-01 2.0511e-01 3.7563e-03 ] 2.5756e-01
 1.383e+01 7.2715e-01 7.2715e-01 [ 9.6003e-02 2.2449e-01 2.0413e-01 1.9881e-01 3.7162e-03 ] 2.7285e-01
 1.394e+01 7.0343e-01 7.0343e-01 [ 9.4206e-02 2.2002e-01 1.9574e-01 1.8981e-01 3.6437e-03 ] 2.9657e-01
 1.405e+01 6.6922e-01 6.6922e-01 [ 9.1477e-02 2.1238e-01 1.8419e-01 1.7764e-01 3.5267e-03 ] 3.3078e-01
 1.417e+01 6.2350e-01 6.2350e-01 [ 8.7578e-02 2.0110e-01 1.6930e-01 1.6217e-01 3.3561e-03 ] 3.7650e-01
 1.428e+01 5.6719e-01 5.6719e-01 [ 8.2466e-02 1.8629e-01 1.5147e-01 1.4384e-01 3.1298e-03 ] 4.3281e-01
 1.439e+01 5.0341e-01 5.0341e-01 [ 7.6359e-02 1.6876e-01 1.3172e-01 1.2372e-01 2.8565e-03 ] 4.9659e-01
 1.451e+01 4.3691e-01 4.3691e-01 [ 6.9699e-02 1.4990e-01 1.1149e-01 1.0327e-01 2.5537e-03 ] 5.6309e-01
 1.462e+01 3.7265e-01 3.7265e-01 [ 6.3014e-02 1.3125e-01 9.2242e-02 8.3897e-02 2.2430e-03 ] 6.2735e-01
 1.473e+01 3.1451e-01 3.1451e-01 [ 5.6765e-02 1.1408e-01 7.5046e-02 6.6671e-02 1.9437e-03 ] 6.8549e-01
 1.485e+01 2.6471e-01 2.6471e-01 [ 5.1253e-02 9.9179e-02 6.0482e-02 5.2122e-02 1.6696e-03 ] 7.3529e-01
 1.496e+01 2.2387e-01 2.2387e-01 [ 4.6606e-02 8.6845e-02 4.8658e-02 4.0330e-02 1.4276e-03 ] 7.7613e-01
 1.507e+01 1.9149e-01 1.9149e-01 [ 4.2819e-02 7.7011e-02 3.9371e-02 3.1068e-02 1.2197e-03 ] 8.0851e-01
 1.519e+01 1.6647e-01 1.6647e-01 [ 3.9804e-02 6.9400e-02 3.2259e-02 2.3964e-02 1.0444e-03 ] 8.3353e-01
 1.530e+01 1.4752e-01 1.4752e-01 [ 3.7440e-02 6.3652e-02 2.6917e-02 1.8608e-02 8.9866e-04 ] 8.5248e-01
 1.541e+01 1.3338e-01 1.3338e-01 [ 3.5601e-02 5.9403e-02 2.2969e-02 1.4624e-02 7.7880e-04 ] 8.6662e-01
 1.553e+01 1.2296e-01 1.2296e-01 [ 3.4170e-02 5.6327e-02 2.0091e-02 1.1693e-02 6.8141e-04 ] 8.7704e-01
 1.564e+01 1.1539e-01 1.1539e-01 [ 3.3050e-02 5.4152e-02 1.8026e-02 9.5597e-03 6.0348e-04 ] 8.8461e-01
 1.575e+01 1.0997e-01 1.0997e-01 [ 3.2163e-02 5.2665e-02 1.6572e-02 8.0300e-03 5.4254e-04 ] 8.9003e-01
 1.587e+01 1.0619e-01 1.0619e-01 [ 3.1448e-02 5.1699e-02 1.5582e-02 6.9599e-03 4.9670e-04 ] 8.9381e-01
 1.598e+01 1.0365e-01 1.0365e-01 [ 3.0860e-02 5.1135e-02 1.4948e-02 6.2468e-03 4.6453e-04 ] 8.9635e-01
 1.609e+01 1.0212e-01 1.0212e-01 [ 3.0367e-02 5.0886e-02 1.4600e-02 5.8216e-03 4.4509e-04 ] 8.9788e-01
 1.621e+01 1.0142e-01 1.0142e-01 [ 2.9946e-02 5.0902e-02 1.4493e-02 5.6432e-03 4.3782e-04 ] 8.9858e-01
 1.632e+01 1.0149e-01 1.0149e-01 [ 2.9586e-02 5.1155e-02 1.4609e-02 5.6946e-03 4.4258e-04 ] 8.9851e-01
 1.643e+01 1.0232e-01 1.0232e-01 [ 2.9281e-02 5.1646e-02 1.4953e-02 5.9818e-03 4.5960e-04 ] 8.9768e-01
 1.655e+01 1.0401e-01 1.0401e-01 [ 2.9032e-02 5.2404e-02 1.5555e-02 6.5346e-03 4.8948e-04 ] 8.9599e-01
 1.666e+01 1.0674e-01 1.0674e-01 [ 2.8848e-02 5.3481e-02 1.6471e-02 7.4098e-03 5.3326e-04 ] 8.9326e-01
 1.677e+01 1.1079e-01 1.1079e-01 [ 2.8745e-02 5.4965e-02 1.7791e-02 8.6968e-03 5.9245e-04 ] 8.8921e-01
 1.689e+01 1.1657e-01 1.1657e-01 [ 2.8744e-02 5.6982e-02 1.9646e-02 1.0526e-02 6.6908e-04 ] 8.8343e-01
 1.700e+01 1.2463e-01 1.2463e-01 [ 2.8875e-02 5.9699e-02 2.2215e-02 1.3079e-02 7.6581e-04 ] 8.7537e-01
 1.711e+01 1.3574e-01 1.3574e-01 [ 2.9173e-02 6.3336e-02 2.5740e-02 1.6604e-02 8.8595e-04 ] 8.6426e-01
 1.723e+01 1.5084e-01 1.5084e-01 [ 2.9682e-02 6.8167e-02 3.0536e-02 2.1424e-02 1.0335e-03 ] 8.4916e-01
 1.734e+01 1.7111e-01 1.7111e-01 [ 3.0445e-02 7.4512e-02 3.6992e-02 2.7946e-02 1.2130e-03 ] 8.2889e-01
 1.745e+01 1.9787e-01 1.9787e-01 [ 3.1501e-02 8.2718e-02 4.5564e-02 3.6655e-02 1.4292e-03 ] 8.0213e-01
 1.757e+01 2.3247e-01 2.3247e-01 [ 3.2874e-02 9.3109e-02 5.6733e-02 4.8072e-02 1.6859e-03 ] 7.6753e-01
 1.768e+01 2.7600e-01 2.7600e-01 [ 3.4551e-02 1.0588e-01 7.0911e-02 6.2672e-02 1.9849e-03 ] 7.2400e-01
 1.779e+01 3.2880e-01 3.2880e-01 [ 3.6460e-02 1.2099e-01 8.8302e-02 8.0728e-02 2.3234e-03 ] 6.7120e-01
 1.791e+01 3.8991e-01 3.8991e-01 [ 3.8454e-02 1.3796e-01 1.0870e-01 1.0211e-01 2.6917e-03 ] 6.1009e-01
 1.802e+01 4.5664e-01 4.5664e-01 [ 4.0310e-02 1.5582e-01 1.3133e-01 1.2611e-01 3.0719e-03 ] 5.4336e-01
 1.813e+01 5.2456e-01 5.2456e-01 [ 4.1765e-02 1.7317e-01 1.5482e-01 1.5137e-01 3.4396e-03 ] 4.7544e-01
 1.825e+01 5.8843e-01 5.8843e-01 [ 4.2587e-02 1.8848e-01 1.7746e-01 1.7615e-01 3.7687e-03 ] 4.1157e-01
 1.836e+01 6.4362e-01 6.4362e-01 [ 4.2655e-02 2.0053e-01 1.9765e-01 1.9875e-01 4.0399e-03 ] 3.5638e-01
 1.847e+01 6.8747e-01 6.8747e-01 [ 4.1999e-02 2.0881e-01 2.1438e-01 2.1804e-01 4.2457e-03 ] 3.1253e-01
 1.859e+01 7.1974e-01 7.1974e-01 [ 4.0767e-02 2.1352e-01 2.2741e-01 2.3365e-01 4.3913e-03 ] 2.8026e-01
 1.870e+01 7.4195e-01 7.4195e-01 [ 3.9160e-02 2.1535e-01 2.3709e-01 2.4587e-01 4.4893e-03 ] 2.5805e-01
 1.881e+01 7.5643e-01 7.5643e-01 [ 3.7366e-02 2.1513e-01 2.4408e-01 2.5530e-01 4.5544e-03 ] 2.4357e-01
 1.893e+01 7.6546e-01 7.6546e-01 [ 3.5528e-02 2.1364e-01 2.4908e-01 2.6262e-01 4.5990e-03 ] 2.3454e-01
 1.904e+01 7.7090e-01 7.7090e-01 [ 3.3735e-02 2.1146e-01 2.5267e-01 2.6840e-01 4.6320e-03 ] 2.2910e-01
 1.915e+01 7.7411e-01 7.7411e-01 [ 3.2041e-02 2.0902e-01 2.5530e-01 2.7309e-01 4.6590e-03 ] 2.2589e-01
 1.927e+01 7.7601e-01 7.7601e-01 [ 3.0469e-02 2.0659e-01 2.5727e-01 2.7699e-01 4.6834e-03 ] 2.2399e-01
 1.938e+01 7.7720e-01 7.7720e-01 [ 2.9028e-02 2.0436e-01 2.5880e-01 2.8031e-01 4.7069e-03 ] 2.2280e-01
 1.949e+01 7.7804e-01 7.7804e-01 [ 2.7718e-02 2.0243e-01 2.5999e-01 2.8317e-01 4.7304e-03 ] 2.2196e-01
 1.961e+01 7.7869e-01 7.7869e-01 [ 2.6533e-02 2.0087e-01 2.6092e-01 2.8562e-01 4.7543e-03 ] 2.2131e-01
 1.972e+01 7.7918e-01 7.7918e-01 [ 2.5469e-02 1.9969e-01 2.6158e-01 2.8765e-01 4.7786e-03 ] 2.2082e-01
 1.983e+01 7.7936e-01 7.7936e-01 [ 2.4516e-02 1.9889e-01 2.6194e-01 2.8920e-01 4.8034e-03 ] 2.2064e-01
 1.995e+01 7.7893e-01 7.7893e-01 [ 2.3667e-02 1.9842e-01 2.6188e-01 2.9013e-01 4.8279e-03 ] 2.2107e-01
 2.006e+01 7.7732e-01 7.7732e-01 [ 2.2910e-02 1.9817e-01 2.6121e-01 2.9019e-01 4.8508e-03 ] 2.2268e-01
 2.017e+01 7.7364e-01 7.7364e-01 [ 2.2228e-02 1.9793e-01 2.5960e-01 2.8902e-01 4.8690e-03 ] 2.2636e-01
 2.029e+01 7.6648e-01 7.6648e-01 [ 2.1592e-02 1.9738e-01 2.5658e-01 2.8606e-01 4.8770e-03 ] 2.3352e-01
 2.040e+01 7.5385e-01 7.5385e-01 [ 2.0961e-02 1.9601e-01 2.5147e-01 2.8054e-01 4.8647e-03 ] 2.4615e-01
 2.051e+01 7.3311e-01 7.3311e-01 [ 2.0273e-02 1.9313e-01 2.4340e-01 2.7148e-01 4.8171e-03 ] 2.6689e-01
 2.063e+01 7.0133e-01 7.0133e-01 [ 1.9454e-02 1.8790e-01 2.3143e-01 2.5783e-01 4.7145e-03 ] 2.9867e-01
 2.074e+01 6.5623e-01 6.5623e-01 [ 1.8432e-02 1.7956e-01 2.1488e-01 2.3882e-01 4.5371e-03 ] 3.4377e-01
 2.085e+01 5.9751e-01 5.9751e-01 [ 1.7172e-02 1.6779e-01 1.9374e-01 2.1453e-01 4.2730e-03 ] 4.0249e-01
 2.097e+01 5.2787e-01 5.2787e-01 [ 1.5700e-02 1.5300e-01 1.6907e-01 1.8618e-01 3.9268e-03 ] 4.7213e-01
 2.108e+01 4.5274e-01 4.5274e-01 [ 1.4105e-02 1.3635e-01 1.4278e-01 1.5599e-01 3.5209e-03 ] 5.4726e-01
 2.119e+01 3.7852e-01 3.7852e-01 [ 1.2510e-02 1.1937e-01 1.1707e-01 1.2648e-01 3.0887e-03 ] 6.2148e-01
 2.131e+01 3.1064e-01 3.1064e-01 [ 1.1026e-02 1.0345e-01 9.3765e-02 9.9738e-02 2.6633e-03 ] 6.8936e-01
 2.142e+01 2.5237e-01 2.5237e-01 [ 9.7264e-03 8.9530e-02 7.3907e-02 7.6940e-02 2.2693e-03 ] 7.4763e-01
 2.153e+01 2.0478e-01 2.0478e-01 [ 8.6386e-03 7.8001e-02 5.7801e-02 5.8422e-02 1.9200e-03 ] 7.9522e-01
 2.165e+01 1.6736e-01 1.6736e-01 [ 7.7570e-03 6.8851e-02 4.5218e-02 4.3913e-02 1.6194e-03 ] 8.3264e-01
 2.176e+01 1.3873e-01 1.3873e-01 [ 7.0567e-03 6.1822e-02 3.5656e-02 3.2834e-02 1.3654e-03 ] 8.6127e-01
 2.187e+01 1.1728e-01 1.1728e-01 [ 6.5052e-03 5.6559e-02 2.8537e-02 2.4526e-02 1.1530e-03 ] 8.8272e-01
 2.199e+01 1.0143e-01 1.0143e-01 [ 6.0706e-03 5.2704e-02 2.3315e-02 1.8366e-02 9.7618e-04 ] 8.9857e-01
 2.210e+01 8.9849e-02 8.9849e-02 [ 5.7249e-03 4.9933e-02 1.9530e-02 1.3832e-02 8.2919e-04 ] 9.1015e-01
 2.221e+01 8.1451e-02 8.1451e-02 [ 5.4451e-03 4.7981e-02 1.6811e-02 1.0507e-02 7.0688e-04 ] 9.1855e-01
 2.233e+01 7.5403e-02 7.5403e-02 [ 5.2134e-03 4.6637e-02 1.4878e-02 8.0702e-03 6.0498e-04 ] 9.2460e-01
 2.244e+01 7.1075e-02 7.1075e-02 [ 5.0165e-03 4.5738e-02 1.3517e-02 6.2846e-03 5.1997e-04 ] 9.2892e-01
 2.255e+01 6.7999e-02 6.7999e-02 [ 4.8441e-03 4.5160e-02 1.2572e-02 4.9740e-03 4.4904e-04 ] 9.3200e-01
 2.267e+01 6.5829e-02 6.5829e-02 [ 4.6891e-03 4.4810e-02 1.1929e-02 4.0106e-03 3.8992e-04 ] 9.3417e-01
 2.278e+01 6.4314e-02 6.4314e-02 [ 4.5460e-03 4.4621e-02 1.1504e-02 3.3013e-03 3.4081e-04 ] 9.3569e-01
 2.289e+01 6.3268e-02 6.3268e-02 [ 4.4113e-03 4.4540e-02 1.1237e-02 2.7794e-03 3.0029e-04 ] 9.3673e-01
 2.301e+01 6.2559e-02 6.2559e-02 [ 4.2821e-03 4.4530e-02 1.1084e-02 2.3964e-03 2.6722e-04 ] 9.3744e-01
 2.312e+01 6.2089e-02 6.2089e-02 [ 4.1567e-03 4.4562e-02 1.1012e-02 2.1178e-03 2.4073e-04 ] 9.3791e-01
 2.323e+01 6.1789e-02 6.1789e-02 [ 4.0338e-03 4.4615e-02 1.1001e-02 1.9190e-03 2.2012e-04 ] 9.3821e-01
 2.335e+01 6.1610e-02 6.1610e-02 [ 3.9128e-03 4.4676e-02 1.1033e-02 1.7828e-03 2.0490e-04 ] 9.3839e-01
 2.346e+01 6.1518e-02 6.1518e-02 [ 3.7930e-03 4.4734e-02 1.1098e-02 1.6978e-03 1.9472e-04 ] 9.3848e-01
 2.357e+01 6.1494e-02 6.1494e-02 [ 3.6744e-03 4.4783e-02 1.1190e-02 1.6567e-03 1.8936e-04 ] 9.3851e-01
 2.369e+01 6.1527e-02 6.1527e-02 [ 3.5569e-03 4.4820e-02 1.1305e-02 1.6563e-03 1.8875e-04 ] 9.3847e-01
 2.380e+01 6.1618e-02 6.1618e-02 [ 3.4405e-03 4.4844e-02 1.1444e-02 1.6967e-03 1.9292e-04 ] 9.3838e-01
 2.391e+01 6.1778e-02 6.1778e-02 [ 3.3255e-03 4.4858e-02 1.1611e-02 1.7815e-03 2.0206e-04 ] 9.3822e-01
 2.403e+01 6.2030e-02 6.2030e-02 [ 3.2122e-03 4.4870e-02 1.1813e-02 1.9185e-03 2.1648e-04 ] 9.3797e-01
 2.414e+01 6.2410e-02 6.2410e-02 [ 3.1010e-03 4.4888e-02 1.2064e-02 2.1202e-03 2.3664e-04 ] 9.3759e-01
 2.425e+01 6.2973e-02 6.2973e-02 [ 2.9923e-03 4.4929e-02 1.2383e-02 2.4058e-03 2.6317e-04 ] 9.3703e-01
 2.437e+01 6.3796e-02 6.3796e-02 [ 2.8867e-03 4.5012e-02 1.2797e-02 2.8030e-03 2.9691e-04 ] 9.3620e-01
 2.448e+01 6.4989e-02 6.4989e-02 [ 2.7848e-03 4.5167e-02 1.3347e-02 3.3516e-03 3.3891e-04 ] 9.3501e-01
 2.459e+01 6.6704e-02 6.6704e-02 [ 2.6874e-03 4.5432e-02 1.4087e-02 4.1076e-03 3.9056e-04 ] 9.3330e-01
 2.471e+01 6.9155e-02 6.9155e-02 [ 2.5953e-03 4.5859e-02 1.5097e-02 5.1504e-03 4.5355e-04 ] 9.3085e-01
 2.482e+01 7.2634e-02 7.2634e-02 [ 2.5097e-03 4.6520e-02 1.6483e-02 6.5913e-03 5.3005e-04 ] 9.2737e-01
 2.493e+01 7.7546e-02 7.7546e-02 [ 2.4319e-03 4.7507e-02 1.8398e-02 8.5859e-03 6.2278e-04 ] 9.2245e-01
 2.505e+01 8.4441e-02 8.4441e-02 [ 2.3634e-03 4.8945e-02 2.1047e-02 1.1350e-02 7.3515e-04 ] 9.1556e-01
 2.516e+01 9.4064e-02 9.4064e-02 [ 2.3060e-03 5.0995e-02 2.4712e-02 1.5179e-02 8.7140e-04 ] 9.0594e-01
 2.527e+01 1.0740e-01 1.0740e-01 [ 2.2617e-03 5.3861e-02 2.9767e-02 2.0472e-02 1.0367e-03 ] 8.9260e-01
 2.539e+01 1.2571e-01 1.2571e-01 [ 2.2327e-03 5.7793e-02 3.6697e-02 2.7750e-02 1.2373e-03 ] 8.7429e-01
 2.550e+01 1.5054e-01 1.5054e-01 [ 2.2207e-03 6.3077e-02 4.6100e-02 3.7663e-02 1.4800e-03 ] 8.4946e-01
 2.561e+01 1.8364e-01 1.8364e-01 [ 2.2264e-03 7.0008e-02 5.8660e-02 5.0970e-02 1.7715e-03 ] 8.1636e-01
 2.573e+01 2.2669e-01 2.2669e-01 [ 2.2488e-03 7.8820e-02 7.5056e-02 6.8448e-02 2.1169e-03 ] 7.7331e-01
 2.584e+01 2.8087e-01 2.8087e-01 [ 2.2835e-03 8.9581e-02 9.5783e-02 9.0703e-02 2.5166e-03 ] 7.1913e-01
 2.595e+01 3.4606e-01 3.4606e-01 [ 2.3216e-03 1.0204e-01 1.2087e-01 1.1787e-01 2.9626e-03 ] 6.5394e-01
 2.607e+01 4.2006e-01 4.2006e-01 [ 2.3497e-03 1.1551e-01 1.4954e-01 1.4924e-01 3.4350e-03 ] 5.7994e-01
 2.618e+01 4.9817e-01 4.9817e-01 [ 2.3517e-03 1.2881e-01 1.8006e-01 1.8305e-01 3.9015e-03 ] 5.0183e-01
 2.629e+01 5.7380e-01 5.7380e-01 [ 2.3140e-03 1.4056e-01 2.0992e-01 2.1669e-01 4.3238e-03 ] 4.2620e-01
 2.641e+01 6.4038e-01 6.4038e-01 [ 2.2308e-03 1.4955e-01 2.3658e-01 2.4735e-01 4.6693e-03 ] 3.5962e-01
 2.652e+01 6.9356e-01 6.9356e-01 [ 2.1070e-03 1.5522e-01 2.5826e-01 2.7305e-01 4.9231e-03 ] 3.0644e-01
 2.663e+01 7.3238e-01 7.3238e-01 [ 1.9556e-03 1.5778e-01 2.7448e-01 2.9307e-01 5.0911e-03 ] 2.6762e-01
 2.675e+01 7.5861e-01 7.5861e-01 [ 1.7920e-03 1.5792e-01 2.8580e-01 3.0790e-01 5.1930e-03 ] 2.4139e-01
 2.686e+01 7.7528e-01 7.7528e-01 [ 1.6293e-03 1.5650e-01 2.9330e-01 3.1859e-01 5.2521e-03 ] 2.2472e-01
 2.697e+01 7.8533e-01 7.8533e-01 [ 1.4758e-03 1.5425e-01 2.9807e-01 3.2625e-01 5.2880e-03 ] 2.1467e-01
 2.709e+01 7.9102e-01 7.9102e-01 [ 1.3357e-03 1.5169e-01 3.0095e-01 3.3173e-01 5.3139e-03 ] 2.0898e-01
 2.720e+01 7.9373e-01 7.9373e-01 [ 1.2105e-03 1.4914e-01 3.0247e-01 3.3558e-01 5.3379e-03 ] 2.0627e-01
 2.731e+01 7.9408e-01 7.9408e-01 [ 1.0999e-03 1.4673e-01 3.0286e-01 3.3802e-01 5.3633e-03 ] 2.0592e-01
 2.743e+01 7.9194e-01 7.9194e-01 [ 1.0025e-03 1.4447e-01 3.0209e-01 3.3899e-01 5.3900e-03 ] 2.0806e-01
 2.754e+01 7.8642e-01 7.8642e-01 [ 9.1647e-04 1.4223e-01 2.9980e-01 3.3805e-01 5.4135e-03 ] 2.1358e-01
 2.765e+01 7.7573e-01 7.7573e-01 [ 8.3931e-04 1.3971e-01 2.9533e-01 3.3443e-01 5.4242e-03 ] 2.2427e-01
 2.777e+01 7.5713e-01 7.5713e-01 [ 7.6797e-04 1.3642e-01 2.8764e-01 3.2689e-01 5.4051e-03 ] 2.4287e-01
 2.788e+01 7.2707e-01 7.2707e-01 [ 6.9900e-04 1.3172e-01 2.7541e-01 3.1391e-01 5.3309e-03 ] 2.7293e-01
 2.799e+01 6.8220e-01 6.8220e-01 [ 6.2920e-04 1.2495e-01 2.5740e-01 2.9405e-01 5.1725e-03 ] 3.1780e-01
 2.811e+01 6.2107e-01 6.2107e-01 [ 5.5679e-04 1.1571e-01 2.3316e-01 2.6673e-01 4.9068e-03 ] 3.7893e-01
 2.822e+01 5.4588e-01 5.4588e-01 [ 4.8247e-04 1.0419e-01 2.0362e-01 2.3305e-01 4.5309e-03 ] 4.5412e-01
 2.833e+01 4.6267e-01 4.6267e-01 [ 4.0935e-04 9.1235e-02 1.7118e-01 1.9578e-01 4.0687e-03 ] 5.3733e-01
 2.845e+01 3.7934e-01 3.7934e-01 [ 3.4151e-04 7.8073e-02 1.3888e-01 1.5848e-01 3.5628e-03 ] 6.2066e-01
 2.856e+01 3.0284e-01 3.0284e-01 [ 2.8227e-04 6.5839e-02 1.0939e-01 1.2427e-01 3.0583e-03 ] 6.9716e-01
 2.867e+01 2.3740e-01 2.3740e-01 [ 2.3314e-04 5.5270e-02 8.4281e-02 9.5026e-02 2.5897e-03 ] 7.6260e-01
 2.879e+01 1.8442e-01 1.8442e-01 [ 1.9399e-04 4.6648e-02 6.4046e-02 7.1353e-02 2.1757e-03 ] 8.1558e-01
 2.890e+01 1.4323e-01 1.4323e-01 [ 1.6359e-04 3.9914e-02 4.8388e-02 5.2940e-02 1.8220e-03 ] 8.5677e-01
 2.901e+01 1.1212e-01 1.1212e-01 [ 1.4028e-04 3.4820e-02 3.6622e-02 3.9015e-02 1.5258e-03 ] 8.8788e-01
 2.913e+01 8.9103e-02 8.9103e-02 [ 1.2245e-04 3.1058e-02 2.7962e-02 2.8681e-02 1.2802e-03 ] 9.1090e-01
 2.924e+01 7.2299e-02 7.2299e-02 [ 1.0868e-04 2.8331e-02 2.1679e-02 2.1102e-02 1.0774e-03 ] 9.2770e-01
 2.935e+01 6.0141e-02 6.0141e-02 [ 9.7889e-05 2.6385e-02 1.7168e-02 1.5580e-02 9.0995e-04 ] 9.3986e-01
 2.947e+01 5.1397e-02 5.1397e-02 [ 8.9231e-05 2.5015e-02 1.3955e-02 1.1567e-02 7.7123e-04 ] 9.4860e-01
 2.958e+01 4.5136e-02 4.5136e-02 [ 8.2105e-05 2.4066e-02 1.1682e-02 8.6499e-03 6.5589e-04 ] 9.5486e-01
 2.969e+01 4.0668e-02 4.0668e-02 [ 7.6080e-05 2.3421e-02 1.0087e-02 6.5250e-03 5.5958e-04 ] 9.5933e-01
 2.981e+01 3.7492e-02 3.7492e-02 [ 7.0854e-05 2.2994e-02 8.9782e-03 4.9708e-03 4.7882e-04 ] 9.6251e-01
 2.992e+01 3.5247e-02 3.5247e-02 [ 6.6214e-05 2.2722e-02 8.2199e-03 3.8281e-03 4.1083e-04 ] 9.6475e-01
 3.003e+01 3.3671e-02 3.3671e-02 [ 6.2017e-05 2.2559e-02 7.7134e-03 2.9829e-03 3.5337e-04 ] 9.6633e-01
 3.015e+01 3.2577e-02 3.2577e-02 [ 5.8161e-05 2.2473e-02 7.3885e-03 2.3534e-03 3.0467e-04 ] 9.6742e-01
 3.026e+01 3.1832e-02 3.1832e-02 [ 5.4577e-05 2.2438e-02 7.1952e-03 1.8811e-03 2.6328e-04 ] 9.6817e-01
 3.037e+01 3.1339e-02 3.1339e-02 [ 5.1217e-05 2.2438e-02 7.0972e-03 1.5240e-03 2.2801e-04 ] 9.6866e-01
 3.049e+01 3.1026e-02 3.1026e-02 [ 4.8050e-05 2.2460e-02 7.0686e-03 1.2518e-03 1.9789e-04 ] 9.6897e-01
 3.060e+01 3.0843e-02 3.0843e-02 [ 4.5052e-05 2.2493e-02 7.0908e-03 1.0426e-03 1.7215e-04 ] 9.6916e-01
 3.071e+01 3.0753e-02 3.0753e-02 [ 4.2207e-05 2.2531e-02 7.1499e-03 8.8059e-04 1.5012e-04 ] 9.6925e-01
 3.083e+01 3.0729e-02 3.0729e-02 [ 3.9505e-05 2.2568e-02 7.2360e-03 7.5418e-04 1.3126e-04 ] 9.6927e-01
 3.094e+01 3.0750e-02 3.0750e-02 [ 3.6937e-05 2.2601e-02 7.3418e-03 6.5488e-04 1.1512e-04 ] 9.6925e-01
 3.105e+01 3.0800e-02 3.0800e-02 [ 3.4498e-05 2.2626e-02 7.4616e-03 5.7642e-04 1.0133e-04 ] 9.6920e-01
 3.117e+01 3.0869e-02 3.0869e-02 [ 3.2182e-05 2.2642e-02 7.5914e-03 5.1419e-04 8.9594e-05 ] 9.6913e-01
 3.128e+01 3.0948e-02 3.0948e-02 [ 2.9986e-05 2.2645e-02 7.7279e-03 4.6473e-04 7.9643e-05 ] 9.6905e-01
 3.139e+01 3.1030e-02 3.1030e-02 [ 2.7906e-05 2.2636e-02 7.8688e-03 4.2547e-04 7.1274e-05 ] 9.6897e-01
 3.151e+01 3.1110e-02 3.1110e-02 [ 2.5938e-05 2.2614e-02 8.0120e-03 3.9451e-04 6.4316e-05 ] 9.6889e-01
 3.162e+01 3.1186e-02 3.1186e-02 [ 2.4081e-05 2.2576e-02 8.1562e-03 3.7040e-04 5.8633e-05 ] 9.6881e-01
 3.173e+01 3.1252e-02 3.1252e-02 [ 2.2329e-05 2.2524e-02 8.3000e-03 3.5208e-04 5.4120e-05 ] 9.6875e-01
 3.185e+01 3.1309e-02 3.1309e-02 [ 2.0681e-05 2.2456e-02 8.4424e-03 3.3880e-04 5.0697e-05 ] 9.6869e-01
 3.196e+01 3.1353e-02 3.1353e-02 [ 1.9132e-05 2.2373e-02 8.5828e-03 3.3001e-04 4.8311e-05 ] 9.6865e-01
 3.207e+01 3.1385e-02 3.1385e-02 [ 1.7678e-05 2.2274e-02 8.7204e-03 3.2538e-04 4.6930e-05 ] 9.6862e-01
 3.219e+01 3.1403e-02 3.1403e-02 [ 1.6318e-05 2.2161e-02 8.8548e-03 3.2474e-04 4.6546e-05 ] 9.6860e-01
 3.230e+01 3.1408e-02 3.1408e-02 [ 1.5045e-05 2.2032e-02 8.9857e-03 3.2810e-04 4.7174e-05 ] 9.6859e-01
 3.241e+01 3.1400e-02 3.1400e-02 [ 1.3858e-05 2.1889e-02 9.1129e-03 3.3564e-04 4.8851e-05 ] 9.6860e-01
 3.253e+01 3.1380e-02 3.1380e-02 [ 1.2751e-05 2.1732e-02 9.2365e-03 3.4773e-04 5.1640e-05 ] 9.6862e-01
 3.264e+01 3.1350e-02 3.1350e-02 [ 1.1721e-05 2.1561e-02 9.3567e-03 3.6500e-04 5.5630e-05 ] 9.6865e-01
 3.275e+01 3.1313e-02 3.1313e-02 [ 1.0765e-05 2.1379e-02 9.4742e-03 3.8835e-04 6.0941e-05 ] 9.6869e-01
 3.287e+01 3.1271e-02 3.1271e-02 [ 9.8777e-06 2.1185e-02 9.5898e-03 4.1906e-04 6.7724e-05 ] 9.6873e-01
 3.298e+01 3.1230e-02 3.1230e-02 [ 9.0561e-06 2.0981e-02 9.7053e-03 4.5896e-04 7.6173e-05 ] 9.6877e-01
 3.309e+01 3.1196e-02 3.1196e-02 [ 8.2964e-06 2.0768e-02 9.8227e-03 5.1054e-04 8.6525e-05 ] 9.6880e-01
 3.321e+01 3.1178e-02 3.1178e-02 [ 7.5949e-06 2.0549e-02 9.9452e-03 5.7727e-04 9.9070e-05 ] 9.6882e-01
 3.332e+01 3.1187e-02 3.1187e-02 [ 6.9480e-06 2.0325e-02 1.0078e-02 6.6395e-04 1.1416e-04 ] 9.6881e-01
 3.343e+01 3.1241e-02 3.1241e-02 [ 6.3524e-06 2.0100e-02 1.0226e-02 7.7724e-04 1.3223e-04 ] 9.6876e-01
 3.355e+01 3.1362e-02 3.1362e-02 [ 5.8049e-06 1.9876e-02 1.0399e-02 9.2643e-04 1.5381e-04 ] 9.6864e-01
 3.366e+01 3.1579e-02 3.1579e-02 [ 5.3022e-06 1.9659e-02 1.0611e-02 1.1245e-03 1.7952e-04 ] 9.6842e-01
 3.377e+01 3.1937e-02 3.1937e-02 [ 4.8414e-06 1.9455e-02 1.0878e-02 1.3897e-03 2.1015e-04 ] 9.6806e-01
 3.389e+01 3.2495e-02 3.2495e-02 [ 4.4197e-06 1.9271e-02 1.1225e-02 1.7476e-03 2.4665e-04 ] 9.6751e-01
 3.400e+01 3.3335e-02 3.3335e-02 [ 4.0345e-06 1.9118e-02 1.1689e-02 2.2347e-03 2.9016e-04 ] 9.6666e-01
 3.411e+01 3.4576e-02 3.4576e-02 [ 3.6834e-06 1.9009e-02 1.2318e-02 2.9024e-03 3.4212e-04 ] 9.6542e-01
 3.423e+01 3.6381e-02 3.6381e-02 [ 3.3642e-06 1.8964e-02 1.3185e-02 3.8240e-03 4.0431e-04 ] 9.6362e-01
 3.434e+01 3.8981e-02 3.8981e-02 [ 3.0749e-06 1.9008e-02 1.4388e-02 5.1036e-03 4.7892e-04 ] 9.6102e-01
 3.445e+01 4.2705e-02 4.2705e-02 [ 2.8137e-06 1.9175e-02 1.6069e-02 6.8891e-03 5.6874e-04 ] 9.5730e-01
 3.457e+01 4.8008e-02 4.8008e-02 [ 2.5790e-06 1.9512e-02 1.8427e-02 9.3899e-03 6.7724e-04 ] 9.5199e-01
 3.468e+01 5.5531e-02 5.5531e-02 [ 2.3697e-06 2.0081e-02 2.1739e-02 1.2901e-02 8.0883e-04 ] 9.4447e-01
 3.479e+01 6.6153e-02 6.6153e-02 [ 2.1844e-06 2.0963e-02 2.6388e-02 1.7831e-02 9.6902e-04 ] 9.3385e-01
 3.491e+01 8.1062e-02 8.1062e-02 [ 2.0223e-06 2.2264e-02 3.2892e-02 2.4739e-02 1.1647e-03 ] 9.1894e-01
 3.502e+01 1.0181e-01 1.0181e-01 [ 1.8821e-06 2.4114e-02 4.1930e-02 3.4361e-02 1.4039e-03 ] 8.9819e-01
 3.513e+01 1.3032e-01 1.3032e-01 [ 1.7625e-06 2.6660e-02 5.4341e-02 4.7624e-02 1.6959e-03 ] 8.6968e-01
 3.525e+01 1.6878e-01 1.6878e-01 [ 1.6611e-06 3.0050e-02 7.1082e-02 6.5594e-02 2.0495e-03 ] 8.3122e-01
 3.536e+01 2.1925e-01 2.1925e-01 [ 1.5742e-06 3.4391e-02 9.3064e-02 8.9324e-02 2.4707e-03 ] 7.8075e-01
 3.547e+01 2.8301e-01 2.8301e-01 [ 1.4964e-06 3.9679e-02 1.2085e-01 1.1952e-01 2.9581e-03 ] 7.1699e-01
 3.559e+01 3.5942e-01 3.5942e-01 [ 1.4198e-06 4.5711e-02 1.5418e-01 1.5603e-01 3.4973e-03 ] 6.4058e-01
 3.570e+01 4.4487e-01 4.4487e-01 [ 1.3355e-06 5.2019e-02 1.9149e-01 1.9730e-01 4.0561e-03 ] 5.5513e-01
 3.581e+01 5.3248e-01 5.3248e-01 [ 1.2361e-06 5.7901e-02 2.2979e-01 2.4020e-01 4.5869e-03 ] 4.6752e-01
 3.593e+01 6.1358e-01 6.1358e-01 [ 1.1190e-06 6.2612e-02 2.6528e-01 2.8064e-01 5.0394e-03 ] 3.8642e-01
 3.604e+01 6.8074e-01 6.8074e-01 [ 9.8800e-07 6.5645e-02 2.9472e-01 3.1499e-01 5.3803e-03 ] 3.1926e-01
 3.615e+01 7.3048e-01 7.3048e-01 [ 8.5217e-07 6.6922e-02 3.1655e-01 3.4141e-01 5.6062e-03 ] 2.6952e-01
 3.627e+01 7.6358e-01 7.6358e-01 [ 7.2137e-07 6.6736e-02 3.3107e-01 3.6003e-01 5.7400e-03 ] 2.3642e-01
 3.638e+01 7.8318e-01 7.8318e-01 [ 6.0277e-07 6.5527e-02 3.3965e-01 3.7219e-01 5.8143e-03 ] 2.1682e-01
 3.649e+01 7.9249e-01 7.9249e-01 [ 4.9966e-07 6.3677e-02 3.4366e-01 3.7930e-01 5.8569e-03 ] 2.0751e-01
 3.661e+01 7.9340e-01 7.9340e-01 [ 4.1227e-07 6.1408e-02 3.4393e-01 3.8217e-01 5.8831e-03 ] 2.0660e-01
 3.672e+01 7.8588e-01 7.8588e-01 [ 3.3898e-07 5.8768e-02 3.4047e-01 3.8075e-01 5.8934e-03 ] 2.1412e-01
 3.683e+01 7.6794e-01 7.6794e-01 [ 2.7733e-07 5.5649e-02 3.3241e-01 3.7401e-01 5.8727e-03 ] 2.3205e-01
 3.695e+01 7.3604e-01 7.3604e-01 [ 2.2477e-07 5.1833e-02 3.1825e-01 3.6017e-01 5.7913e-03 ] 2.6396e-01
 3.706e+01 6.8644e-01 6.8644e-01 [ 1.7913e-07 4.7099e-02 2.9640e-01 3.3733e-01 5.6109e-03 ] 3.1356e-01
 3.717e+01 6.1776e-01 6.1776e-01 [ 1.3920e-07 4.1389e-02 2.6631e-01 3.0477e-01 5.3015e-03 ] 3.8224e-01
 3.729e+01 5.3333e-01 5.3333e-01 [ 1.0473e-07 3.4950e-02 2.2945e-01 2.6406e-01 4.8609e-03 ] 4.6667e-01
 3.740e+01 4.4107e-01 4.4107e-01 [ 7.6048e-08 2.8304e-02 1.8930e-01 2.1914e-01 4.3228e-03 ] 5.5893e-01
 3.751e+01 3.5057e-01 3.5057e-01 [ 5.3367e-08 2.2043e-02 1.5003e-01 1.7476e-01 3.7429e-03 ] 6.4943e-01
 3.763e+01 2.6955e-01 2.6955e-01 [ 3.6360e-08 1.6608e-02 1.1494e-01 1.3483e-01 3.1762e-03 ] 7.3045e-01
 3.774e+01 2.0205e-01 2.0205e-01 [ 2.4198e-08 1.2194e-02 8.5774e-02 1.0142e-01 2.6607e-03 ] 7.9795e-01
 3.785e+01 1.4876e-01 1.4876e-01 [ 1.5827e-08 8.7877e-03 6.2809e-02 7.4952e-02 2.2142e-03 ] 8.5124e-01
 3.797e+01 1.0829e-01 1.0829e-01 [ 1.0229e-08 6.2537e-03 4.5413e-02 5.4787e-02 1.8393e-03 ] 8.9171e-01
 3.808e+01 7.8355e-02 7.8355e-02 [ 6.5607e-09 4.4162e-03 3.2585e-02 3.9824e-02 1.5298e-03 ] 9.2164e-01
 3.819e+01 5.6582e-02 5.6582e-02 [ 4.1895e-09 3.1061e-03 2.3290e-02 2.8910e-02 1.2764e-03 ] 9.4342e-01
 3.831e+01 4.0907e-02 4.0907e-02 [ 2.6701e-09 2.1818e-03 1.6627e-02 2.1028e-02 1.0692e-03 ] 9.5909e-01
 3.842e+01 2.9679e-02 2.9679e-02 [ 1.7013e-09 1.5334e-03 1.1881e-02 1.5366e-02 8.9949e-04 ] 9.7032e-01
 3.853e+01 2.1650e-02 2.1650e-02 [ 1.0851e-09 1.0798e-03 8.5085e-03 1.1302e-02 7.5989e-04 ] 9.7835e-01
 3.865e+01 1.5902e-02 1.5902e-02 [ 6.9329e-10 7.6262e-04 6.1129e-03 8.3821e-03 6.4452e-04 ] 9.8410e-01
 3.876e+01 1.1774e-02 1.1774e-02 [ 4.4400e-10 5.4047e-04 4.4088e-03 6.2762e-03 5.4870e-04 ] 9.8823e-01
 3.887e+01 8.7964e-03 8.7964e-03 [ 2.8511e-10 3.8454e-04 3.1934e-03 4.7497e-03 4.6874e-04 ] 9.9120e-01
 3.899e+01 6.6364e-03 6.6364e-03 [ 1.8362e-10 2.7473e-04 2.3236e-03 3.6363e-03 4.0173e-04 ] 9.9336e-01
 3.910e+01 5.0594e-03 5.0594e-03 [ 1.1862e-10 1.9713e-04 1.6988e-03 2.8181e-03 3.4533e-04 ] 9.9494e-01
 3.921e+01 3.8998e-03 3.8998e-03 [ 7.6862e-11 1.4207e-04 1.2480e-03 2.2120e-03 2.9769e-04 ] 9.9610e-01
 3.933e+01 3.0405e-03 3.0405e-03 [ 4.9962e-11 1.0284e-04 9.2136e-04 1.7589e-03 2.5732e-04 ] 9.9696e-01
 3.944e+01 2.3984e-03 2.3984e-03 [ 3.2576e-11 7.4773e-05 6.8352e-04 1.4171e-03 2.2300e-04 ] 9.9760e-01
 3.955e+01 1.9144e-03 1.9144e-03 [ 2.1305e-11 5.4601e-05 5.0957e-04 1.1564e-03 1.9374e-04 ] 9.9809e-01
 3.967e+01 1.5462e-03 1.5462e-03 [ 1.3976e-11 4.0043e-05 3.8174e-04 9.5569e-04 1.6873e-04 ] 9.9845e-01
 3.978e+01 1.2635e-03 1.2635e-03 [ 9.1947e-12 2.9490e-05 2.8736e-04 7.9935e-04 1.4729e-04 ] 9.9874e-01
 3.989e+01 1.0443e-03 1.0443e-03 [ 6.0664e-12 2.1808e-05 2.1736e-04 6.7624e-04 1.2886e-04 ] 9.9896e-01
 4.001e+01 8.7259e-04 8.7259e-04 [ 4.0135e-12 1.6193e-05 1.6521e-04 5.7820e-04 1.1299e-04 ] 9.9913e-01
 4.012e+01 7.3678e-04 7.3678e-04 [ 2.6625e-12 1.2071e-05 1.2617e-04 4.9925e-04 9.9293e-05 ] 9.9926e-01
 4.023e+01 6.2825e-04 6.2825e-04 [ 1.7709e-12 9.0337e-06 9.6823e-05 4.3496e-04 8.7438e-05 ] 9.9937e-01
 4.035e+01 5.4065e-04 5.4065e-04 [ 1.1808e-12 6.7863e-06 7.4664e-05 3.8204e-04 7.7157e-05 ] 9.9946e-01
 4.046e+01 4.6923e-04 4.6923e-04 [ 7.8925e-13 5.1170e-06 5.7862e-05 3.3802e-04 6.8222e-05 ] 9.9953e-01
 4.057e+01 4.1043e-04 4.1043e-04 [ 5.2879e-13 3.8725e-06 4.5066e-05 3.0105e-04 6.0441e-05 ] 9.9959e-01
 4.069e+01 3.6157e-04 3.6157e-04 [ 3.5510e-13 2.9411e-06 3.5283e-05 2.6970e-04 5.3651e-05 ] 9.9964e-01
 4.080e+01 3.2061e-04 3.2061e-04 [ 2.3898e-13 2.2417e-06 2.7771e-05 2.4288e-04 4.7713e-05 ] 9.9968e-01
 4.091e+01 2.8596e-04 2.8596e-04 [ 1.6118e-13 1.7146e-06 2.1982e-05 2.1975e-04 4.2511e-05 ] 9.9971e-01
 4.103e+01 2.5641e-04 2.5641e-04 [ 1.0893e-13 1.3159e-06 1.7501e-05 1.9965e-04 3.7944e-05 ] 9.9974e-01
 4.114e+01 2.3102e-04 2.3102e-04 [ 7.3767e-14 1.0135e-06 1.4021e-05 1.8206e-04 3.3927e-05 ] 9.9977e-01
 4.125e+01 2.0905e-04 2.0905e-04 [ 5.0051e-14 7.8318e-07 1.1307e-05 1.6657e-04 3.0388e-05 ] 9.9979e-01
 4.137e+01 1.8991e-04 1.8991e-04 [ 3.4023e-14 6.0730e-07 9.1821e-06 1.5286e-04 2.7264e-05 ] 9.9981e-01
 4.148e+01 1.7313e-04 1.7313e-04 [ 2.3171e-14 4.7256e-07 7.5128e-06 1.4065e-04 2.4501e-05 ] 9.9983e-01
 4.159e+01 1.5834e-04 1.5834e-04 [ 1.5808e-14 3.6901e-07 6.1962e-06 1.2972e-04 2.2054e-05 ] 9.9984e-01
 4.171e+01 1.4524e-04 1.4524e-04 [ 1.0803e-14 2.8918e-07 5.1538e-06 1.1991e-04 1.9882e-05 ] 9.9985e-01
 4.182e+01 1.3357e-04 1.3357e-04 [ 7.3958e-15 2.2746e-07 4.3253e-06 1.1107e-04 1.7951e-05 ] 9.9987e-01
 4.193e+01 1.2314e-04 1.2314e-04 [ 5.0716e-15 1.7960e-07 3.6643e-06 1.0306e-04 1.6233e-05 ] 9.9988e-01
 4.205e+01 1.1377e-04 1.1377e-04 [ 3.4835e-15 1.4237e-07 3.1347e-06 9.5791e-05 1.4700e-05 ] 9.9989e-01
 4.216e+01 1.0532e-04 1.0532e-04 [ 2.3966e-15 1.1334e-07 2.7086e-06 8.9171e-05 1.3331e-05 ] 9.9989e-01
 4.227e+01 9.7688e-05 9.7688e-05 [ 1.6516e-15 9.0615e-08 2.3643e-06 8.3127e-05 1.2106e-05 ] 9.9990e-01
 4.239e+01 9.0760e-05 9.0760e-05 [ 1.1400e-15 7.2784e-08 2.0847e-06 7.7594e-05 1.1009e-05 ] 9.9991e-01
 4.250e+01 8.4458e-05 8.4458e-05 [ 7.8821e-16 5.8748e-08 1.8565e-06 7.2519e-05 1.0024e-05 ] 9.9992e-01
 4.261e+01 7.8709e-05 7.8709e-05 [ 5.4589e-16 4.7663e-08 1.6693e-06 6.7852e-05 9.1394e-06 ] 9.9992e-01
 4.273e+01 7.3451e-05 7.3451e-05 [ 3.7873e-16 3.8881e-08 1.5148e-06 6.3554e-05 8.3432e-06 ] 9.9993e-01
 4.284e+01 6.8631e-05 6.8631e-05 [ 2.6322e-16 3.1900e-08 1.3864e-06 5.9587e-05 7.6258e-06 ] 9.9993e-01
 4.295e+01 6.4203e-05 6.4203e-05 [ 1.8329e-16 2.6330e-08 1.2791e-06 5.5920e-05 6.9783e-06 ] 9.9994e-01
 4.307e+01 6.0128e-05 6.0128e-05 [ 1.2787e-16 2.1870e-08 1.1886e-06 5.2524e-05 6.3933e-06 ] 9.9994e-01
 4.318e+01 5.6369e-05 5.6369e-05 [ 8.9393e-17 1.8283e-08 1.1117e-06 4.9375e-05 5.8639e-06 ] 9.9994e-01
 4.329e+01 5.2896e-05 5.2896e-05 [ 6.2628e-17 1.5387e-08 1.0458e-06 4.6450e-05 5.3843e-06 ] 9.9995e-01
 4.341e+01 4.9682e-05 4.9682e-05 [ 4.3976e-17 1.3037e-08 9.8872e-07 4.3731e-05 4.9493e-06 ] 9.9995e-01
 4.352e+01 4.6702e-05 4.6702e-05 [ 3.0954e-17 1.1122e-08 9.3888e-07 4.1198e-05 4.5542e-06 ] 9.9995e-01
 4.363e+01 4.3937e-05 4.3937e-05 [ 2.1843e-17 9.5526e-09 8.9488e-07 3.8837e-05 4.1948e-06 ] 9.9996e-01
 4.375e+01 4.1365e-05 4.1365e-05 [ 1.5456e-17 8.2593e-09 8.5564e-07 3.6634e-05 3.8677e-06 ] 9.9996e-01
 4.386e+01 3.8972e-05 3.8972e-05 [ 1.0969e-17 7.1873e-09 8.2028e-07 3.4575e-05 3.5694e-06 ] 9.9996e-01
 4.397e+01 3.6741e-05 3.6741e-05 [ 7.8077e-18 6.2931e-09 7.8808e-07 3.2649e-05 3.2973e-06 ] 9.9996e-01
 4.409e+01 3.4658e-05 3.4658e-05 [ 5.5756e-18 5.5425e-09 7.5849e-07 3.0846e-05 3.0486e-06 ] 9.9997e-01
 4.420e+01 3.2713e-05 3.2713e-05 [ 3.9951e-18 4.9082e-09 7.3104e-07 2.9155e-05 2.8212e-06 ] 9.9997e-01
 4.431e+01 3.0893e-05 3.0893e-05 [ 2.8728e-18 4.3683e-09 7.0535e-07 2.7570e-05 2.6130e-06 ] 9.9997e-01
 4.443e+01 2.9188e-05 2.9188e-05 [ 2.0734e-18 3.9057e-09 6.8112e-07 2.6081e-05 2.4222e-06 ] 9.9997e-01
 4.454e+01 2.7591e-05 2.7591e-05 [ 1.5021e-18 3.5066e-09 6.5811e-07 2.4682e-05 2.2471e-06 ] 9.9997e-01
 4.465e+01 2.6092e-05 2.6092e-05 [ 1.0924e-18 3.1598e-09 6.3613e-07 2.3367e-05 2.0863e-06 ] 9.9997e-01
 4.477e+01 2.4685e-05 2.4685e-05 [ 7.9758e-19 2.8565e-09 6.1501e-07 2.2128e-05 1.9384e-06 ] 9.9998e-01
 4.488e+01 2.3361e-05 2.3361e-05 [ 5.8463e-19 2.5895e-09 5.9463e-07 2.0962e-05 1.8024e-06 ] 9.9998e-01
 4.499e+01 2.2117e-05 2.2117e-05 [ 4.3023e-19 2.3530e-09 5.7490e-07 1.9862e-05 1.6771e-06 ] 9.9998e-01
 4.511e+01 2.0945e-05 2.0945e-05 [ 3.1783e-19 2.1424e-09 5.5572e-07 1.8825e-05 1.5616e-06 ] 9.9998e-01
 4.522e+01 1.9841e-05 1.9841e-05 [ 2.3569e-19 1.9539e-09 5.3704e-07 1.7847e-05 1.4550e-06 ] 9.9998e-01
 4.533e+01 1.8799e-05 1.8799e-05 [ 1.7541e-19 1.7844e-09 5.1881e-07 1.6922e-05 1.3565e-06 ] 9.9998e-01
 4.545e+01 1.7817e-05 1.7817e-05 [ 1.3101e-19 1.6312e-09 5.0099e-07 1.6049e-05 1.2655e-06 ] 9.9998e-01
 4.556e+01 1.6890e-05 1.6890e-05 [ 9.8170e-20 1.4924e-09 4.8355e-07 1.5223e-05 1.1813e-06 ] 9.9998e-01
 4.567e+01 1.6013e-05 1.6013e-05 [ 7.3789e-20 1.3661e-09 4.6648e-07 1.4442e-05 1.1033e-06 ] 9.9998e-01
 4.579e+01 1.5185e-05 1.5185e-05 [ 5.5621e-20 1.2510e-09 4.4976e-07 1.3703e-05 1.0311e-06 ] 9.9998e-01
 4.590e+01 1.4402e-05 1.4402e-05 [ 4.2036e-20 1.1457e-09 4.3337e-07 1.3003e-05 9.6412e-07 ] 9.9999e-01
 4.601e+01 1.3660e-05 1.3660e-05 [ 3.1843e-20 1.0494e-09 4.1731e-07 1.2340e-05 9.0195e-07 ] 9.9999e-01
 4.613e+01 1.2958e-05 1.2958e-05 [ 2.4172e-20 9.6095e-10 4.0159e-07 1.1712e-05 8.4422e-07 ] 9.9999e-01
 4.624e+01 1.2294e-05 1.2294e-05 [ 1.8383e-20 8.7976e-10 3.8619e-07 1.1116e-05 7.9055e-07 ] 9.9999e-01
 4.635e+01 1.1664e-05 1.1664e-05 [ 1.4002e-20 8.0514e-10 3.7111e-07 1.0551e-05 7.4064e-07 ] 9.9999e-01
 4.647e+01 1.1067e-05 1.1067e-05 [ 1.0679e-20 7.3651e-10 3.5637e-07 1.0015e-05 6.9419e-07 ] 9.9999e-01
 4.658e+01 1.0500e-05 1.0500e-05 [ 8.1541e-21 6.7337e-10 3.4196e-07 9.5068e-06 6.5093e-07 ] 9.9999e-01
 4.669e+01 9.9633e-06 9.9633e-06 [ 6.2314e-21 6.1527e-10 3.2789e-07 9.0242e-06 6.1062e-07 ] 9.9999e-01
 4.681e+01 9.4536e-06 9.4536e-06 [ 4.7652e-21 5.6180e-10 3.1416e-07 8.5659e-06 5.7302e-07 ] 9.9999e-01
 4.692e+01 8.9699e-06 8.9699e-06 [ 3.6457e-21 5.1262e-10 3.0077e-07 8.1307e-06 5.3795e-07 ] 9.9999e-01
 4.703e+01 8.5107e-06 8.5107e-06 [ 2.7900e-21 4.6738e-10 2.8773e-07 7.7173e-06 5.0520e-07 ] 9.9999e-01
 4.715e+01 8.0746e-06 8.0746e-06 [ 2.1354e-21 4.2579e-10 2.7503e-07 7.3246e-06 4.7461e-07 ] 9.9999e-01
 4.726e+01 7.6605e-06 7.6605e-06 [ 1.6344e-21 3.8758e-10 2.6269e-07 6.9514e-06 4.4601e-07 ] 9.9999e-01
 4.737e+01 7.2671e-06 7.2671e-06 [ 1.2507e-21 3.5250e-10 2.5071e-07 6.5967e-06 4.1927e-07 ] 9.9999e-01
 4.749e+01 6.8933e-06 6.8933e-06 [ 9.5684e-22 3.2030e-10 2.3908e-07 6.2597e-06 3.9425e-07 ] 9.9999e-01
 4.760e+01 6.5382e-06 6.5382e-06 [ 7.3173e-22 2.9079e-10 2.2781e-07 5.9393e-06 3.7083e-07 ] 9.9999e-01
 4.771e+01 6.2007e-06 6.2007e-06 [ 5.5930e-22 2.6375e-10 2.1690e-07 5.6347e-06 3.4890e-07 ] 9.9999e-01
 4.783e+01 5.8800e-06 5.8800e-06 [ 4.2726e-22 2.3900e-10 2.0635e-07 5.3451e-06 3.2834e-07 ] 9.9999e-01
 4.794e+01 5.5753e-06 5.5753e-06 [ 3.2617e-22 2.1636e-10 1.9615e-07 5.0698e-06 3.0907e-07 ] 9.9999e-01
 4.805e+01 5.2856e-06 5.2856e-06 [ 2.4883e-22 1.9569e-10 1.8631e-07 4.8081e-06 2.9100e-07 ] 9.9999e-01
 4.817e+01 5.0103e-06 5.0103e-06 [ 1.8967e-22 1.7682e-10 1.7682e-07 4.5592e-06 2.7404e-07 ] 9.9999e-01
 4.828e+01 4.7486e-06 4.7486e-06 [ 1.4445e-22 1.5961e-10 1.6769e-07 4.3226e-06 2.5812e-07 ] 1.0000e+00
 4.839e+01 4.4999e-06 4.4999e-06 [ 1.0992e-22 1.4394e-10 1.5890e-07 4.0977e-06 2.4318e-07 ] 1.0000e+00
 4.851e+01 4.2635e-06 4.2635e-06 [ 8.3563e-23 1.2968e-10 1.5045e-07 3.8838e-06 2.2914e-07 ] 1.0000e+00
 4.862e+01 4.0389e-06 4.0389e-06 [ 6.3465e-23 1.1672e-10 1.4233e-07 3.6805e-06 2.1594e-07 ] 1.0000e+00
 4.873e+01 3.8254e-06 3.8254e-06 [ 4.8152e-23 1.0495e-10 1.3456e-07 3.4872e-06 2.0354e-07 ] 1.0000e+00
 4.885e+01 3.6226e-06 3.6226e-06 [ 3.6497e-23 9.4277e-11 1.2710e-07 3.3035e-06 1.9188e-07 ] 1.0000e+00
 4.896e+01 3.4298e-06 3.4298e-06 [ 2.7633e-23 8.4606e-11 1.1997e-07 3.1289e-06 1.8091e-07 ] 1.0000e+00
 4.907e+01 3.2467e-06 3.2467e-06 [ 2.0900e-23 7.5853e-11 1.1315e-07 2.9629e-06 1.7058e-07 ] 1.0000e+00
 4.919e+01 3.0728e-06 3.0728e-06 [ 1.5790e-23 6.7940e-11 1.0663e-07 2.8052e-06 1.6087e-07 ] 1.0000e+00
 4.930e+01 2.9076e-06 2.9076e-06 [ 1.1916e-23 6.0793e-11 1.0042e-07 2.6554e-06 1.5172e-07 ] 1.0000e+00
 4.941e+01 2.7508e-06 2.7508e-06 [ 8.9826e-24 5.4345e-11 9.4491e-08 2.5131e-06 1.4311e-07 ] 1.0000e+00
 4.953e+01 2.6018e-06 2.6018e-06 [ 6.7636e-24 4.8535e-11 8.8848e-08 2.3779e-06 1.3499e-07 ] 1.0000e+00
 4.964e+01 2.4604e-06 2.4604e-06 [ 5.0870e-24 4.3304e-11 8.3479e-08 2.2495e-06 1.2735e-07 ] 1.0000e+00
 4.975e+01 2.3262e-06 2.3262e-06 [ 3.8216e-24 3.8600e-11 7.8376e-08 2.1276e-06 1.2014e-07 ] 1.0000e+00
 4.987e+01 2.1988e-06 2.1988e-06 [ 2.8677e-24 3.4374e-11 7.3531e-08 2.0119e-06 1.1335e-07 ] 1.0000e+00
 4.998e+01 2.0779e-06 2.0779e-06 [ 2.1494e-24 3.0582e-11 6.8935e-08 1.9020e-06 1.0695e-07 ] 1.0000e+00
 5.009e+01 1.9632e-06 1.9632e-06 [ 1.6092e-24 2.7183e-11 6.4579e-08 1.7977e-06 1.0091e-07 ] 1.0000e+00
 5.021e+01 1.8545e-06 1.8545e-06 [ 1.2033e-24 2.4139e-11 6.0455e-08 1.6988e-06 9.5216e-08 ] 1.0000e+00
 5.032e+01 1.7514e-06 1.7514e-06 [ 8.9880e-25 2.1416e-11 5.6553e-08 1.6049e-06 8.9845e-08 ] 1.0000e+00
 5.043e+01 1.6536e-06 1.6536e-06 [ 6.7056e-25 1.8983e-11 5.2866e-08 1.5159e-06 8.4778e-08 ] 1.0000e+00
 5.055e+01 1.5609e-06 1.5609e-06 [ 4.9970e-25 1.6810e-11 4.9384e-08 1.4315e-06 7.9996e-08 ] 1.0000e+00
 5.066e+01 1.4731e-06 1.4731e-06 [ 3.7194e-25 1.4873e-11 4.6099e-08 1.3515e-06 7.5485e-08 ] 1.0000e+00
 5.077e+01 1.3898e-06 1.3898e-06 [ 2.7653e-25 1.3147e-11 4.3003e-08 1.2756e-06 7.1227e-08 ] 1.0000e+00
 5.089e+01 1.3110e-06 1.3110e-06 [ 2.0536e-25 1.1611e-11 4.0087e-08 1.2037e-06 6.7207e-08 ] 1.0000e+00
 5.100e+01 1.2364e-06 1.2364e-06 [ 1.5233e-25 1.0245e-11 3.7343e-08 1.1356e-06 6.3413e-08 ] 1.0000e+00
 5.111e+01 1.1657e-06 1.1657e-06 [ 1.1286e-25 9.0318e-12 3.4763e-08 1.0711e-06 5.9832e-08 ] 1.0000e+00
 5.123e+01 1.0988e-06 1.0988e-06 [ 8.3527e-26 7.9552e-12 3.2340e-08 1.0100e-06 5.6450e-08 ] 1.0000e+00
 5.134e+01 1.0355e-06 1.0355e-06 [ 6.1746e-26 7.0008e-12 3.0066e-08 9.5214e-07 5.3257e-08 ] 1.0000e+00
 5.145e+01 9.7557e-07 9.7557e-07 [ 4.5593e-26 6.1556e-12 2.7933e-08 8.9739e-07 5.0242e-08 ] 1.0000e+00
 5.157e+01 9.1892e-07 9.1892e-07 [ 3.3628e-26 5.4077e-12 2.5935e-08 8.4558e-07 4.7395e-08 ] 1.0000e+00
 5.168e+01 8.6534e-07 8.6534e-07 [ 2.4775e-26 4.7466e-12 2.4064e-08 7.9657e-07 4.4707e-08 ] 1.0000e+00
 5.179e+01 8.1470e-07 8.1470e-07 [ 1.8232e-26 4.1628e-12 2.2314e-08 7.5021e-07 4.2168e-08 ] 1.0000e+00
 5.191e+01 7.6683e-07 7.6683e-07 [ 1.3402e-26 3.6477e-12 2.0678e-08 7.0638e-07 3.9770e-08 ] 1.0000e+00
 5.202e+01 7.2160e-07 7.2160e-07 [ 9.8409e-27 3.1936e-12 1.9149e-08 6.6494e-07 3.7506e-08 ] 1.0000e+00
 5.213e+01 6.7887e-07 6.7887e-07 [ 7.2179e-27 2.7937e-12 1.7723e-08 6.2578e-07 3.5367e-08 ] 1.0000e+00
 5.225e+01 6.3852e-07 6.3852e-07 [ 5.2883e-27 2.4419e-12 1.6393e-08 5.8877e-07 3.3348e-08 ] 1.0000e+00
 5.236e+01 6.0042e-07 6.0042e-07 [ 3.8703e-27 2.1326e-12 1.5153e-08 5.5382e-07 3.1441e-08 ] 1.0000e+00
 5.247e+01 5.6445e-07 5.6445e-07 [ 2.8294e-27 1.8610e-12 1.3998e-08 5.2081e-07 2.9640e-08 ] 1.0000e+00
 5.259e+01 5.3052e-07 5.3052e-07 [ 2.0662e-27 1.6226e-12 1.2924e-08 4.8965e-07 2.7939e-08 ] 1.0000e+00
 5.270e+01 4.9850e-07 4.9850e-07 [ 1.5073e-27 1.4137e-12 1.1925e-08 4.6024e-07 2.6333e-08 ] 1.0000e+00
 5.281e+01 4.6830e-07 4.6830e-07 [ 1.0984e-27 1.2307e-12 1.0997e-08 4.3249e-07 2.4816e-08 ] 1.0000e+00
 5.293e+01 4.3983e-07 4.3983e-07 [ 7.9954e-28 1.0705e-12 1.0135e-08 4.0630e-07 2.3384e-08 ] 1.0000e+00
 5.304e+01 4.1298e-07 4.1298e-07 [ 5.8139e-28 9.3040e-13 9.3355e-09 3.8161e-07 2.2032e-08 ] 1.0000e+00
 5.315e+01 3.8768e-07 3.8768e-07 [ 4.2232e-28 8.0802e-13 8.5939e-09 3.5833e-07 2.0755e-08 ] 1.0000e+00
 5.327e+01 3.6385e-07 3.6385e-07 [ 3.0644e-28 7.0120e-13 7.9068e-09 3.3639e-07 1.9550e-08 ] 1.0000e+00
 5.338e+01 3.4139e-07 3.4139e-07 [ 2.2213e-28 6.0803e-13 7.2705e-09 3.1571e-07 1.8413e-08 ] 1.0000e+00
 5.349e+01 3.2025e-07 3.2025e-07 [ 1.6085e-28 5.2684e-13 6.6817e-09 2.9623e-07 1.7339e-08 ] 1.0000e+00
 5.361e+01 3.0034e-07 3.0034e-07 [ 1.1636e-28 4.5614e-13 6.1372e-09 2.7788e-07 1.6325e-08 ] 1.0000e+00
 5.372e+01 2.8160e-07 2.8160e-07 [ 8.4082e-29 3.9463e-13 5.6340e-09 2.6060e-07 1.5369e-08 ] 1.0000e+00
 5.383e+01 2.6397e-07 2.6397e-07 [ 6.0698e-29 3.4116e-13 5.1693e-09 2.4434e-07 1.4466e-08 ] 1.0000e+00
 5.395e+01 2.4739e-07 2.4739e-07 [ 4.3773e-29 2.9472e-13 4.7403e-09 2.2903e-07 1.3615e-08 ] 1.0000e+00
 5.406e+01 2.3179e-07 2.3179e-07 [ 3.1535e-29 2.5441e-13 4.3447e-09 2.1463e-07 1.2811e-08 ] 1.0000e+00
 5.417e+01 2.1712e-07 2.1712e-07 [ 2.2696e-29 2.1945e-13 3.9800e-09 2.0108e-07 1.2053e-08 ] 1.0000e+00
 5.429e+01 2.0333e-07 2.0333e-07 [ 1.6318e-29 1.8916e-13 3.6440e-09 1.8835e-07 1.1338e-08 ] 1.0000e+00
 5.440e+01 1.9037e-07 1.9037e-07 [ 1.1721e-29 1.6293e-13 3.3346e-09 1.7637e-07 1.0664e-08 ] 1.0000e+00
 5.451e+01 1.7820e-07 1.7820e-07 [ 8.4106e-30 1.4024e-13 3.0500e-09 1.6512e-07 1.0028e-08 ] 1.0000e+00
 5.463e+01 1.6676e-07 1.6676e-07 [ 6.0292e-30 1.2062e-13 2.7882e-09 1.5455e-07 9.4284e-09 ] 1.0000e+00
 5.474e+01 1.5603e-07 1.5603e-07 [ 4.3179e-30 1.0368e-13 2.5476e-09 1.4461e-07 8.8632e-09 ] 1.0000e+00
 5.485e+01 1.4594e-07 1.4594e-07 [ 3.0893e-30 8.9050e-14 2.3266e-09 1.3529e-07 8.3304e-09 ] 1.0000e+00
 5.497e+01 1.3648e-07 1.3648e-07 [ 2.2081e-30 7.6433e-14 2.1238e-09 1.2653e-07 7.8283e-09 ] 1.0000e+00
 5.508e+01 1.2760e-07 1.2760e-07 [ 1.5768e-30 6.5558e-14 1.9377e-09 1.1831e-07 7.3550e-09 ] 1.0000e+00
 5.519e+01 1.1927e-07 1.1927e-07 [ 1.1249e-30 5.6192e-14 1.7670e-09 1.1060e-07 6.9092e-09 ] 1.0000e+00
 5.531e+01 1.1146e-07 1.1146e-07 [ 8.0170e-31 4.8131e-14 1.6106e-09 1.0336e-07 6.4891e-09 ] 1.0000e+00
 5.542e+01 1.0414e-07 1.0414e-07 [ 5.7085e-31 4.1198e-14 1.4674e-09 9.6577e-08 6.0935e-09 ] 1.0000e+00
 5.553e+01 9.7272e-08 9.7272e-08 [ 4.0608e-31 3.5240e-14 1.3362e-09 9.0215e-08 5.7209e-09 ] 1.0000e+00
 5.565e+01 9.0838e-08 9.0838e-08 [ 2.8860e-31 3.0124e-14 1.2162e-09 8.4251e-08 5.3701e-09 ] 1.0000e+00
 5.576e+01 8.4809e-08 8.4809e-08 [ 2.0492e-31 2.5734e-14 1.1065e-09 7.8663e-08 5.0398e-09 ] 1.0000e+00
 5.587e+01 7.9162e-08 7.9162e-08 [ 1.4537e-31 2.1969e-14 1.0062e-09 7.3427e-08 4.7289e-09 ] 1.0000e+00
 5.599e+01 7.3873e-08 7.3873e-08 [ 1.0303e-31 1.8742e-14 9.1460e-10 6.8523e-08 4.4363e-09 ] 1.0000e+00
 5.610e+01 6.8922e-08 6.8922e-08 [ 7.2950e-32 1.5979e-14 8.3095e-10 6.3930e-08 4.1610e-09 ] 1.0000e+00
 5.621e+01 6.4288e-08 6.4288e-08 [ 5.1607e-32 1.3615e-14 7.5461e-10 5.9631e-08 3.9020e-09 ] 1.0000e+00
 5.633e+01 5.9951e-08 5.9951e-08 [ 3.6475e-32 1.1593e-14 6.8498e-10 5.5608e-08 3.6583e-09 ] 1.0000e+00
 5.644e+01 5.5894e-08 5.5894e-08 [ 2.5757e-32 9.8646e-15 6.2150e-10 5.1843e-08 3.4292e-09 ] 1.0000e+00
 5.655e+01 5.2099e-08 5.2099e-08 [ 1.8171e-32 8.3889e-15 5.6366e-10 4.8322e-08 3.2138e-09 ] 1.0000e+00
 5.667e+01 4.8551e-08 4.8551e-08 [ 1.2809e-32 7.1294e-15 5.1098e-10 4.5029e-08 3.0113e-09 ] 1.0000e+00
 5.678e+01 4.5234e-08 4.5234e-08 [ 9.0205e-33 6.0553e-15 4.6302e-10 4.1950e-08 2.8210e-09 ] 1.0000e+00
 5.689e+01 4.2133e-08 4.2133e-08 [ 6.3471e-33 5.1398e-15 4.1939e-10 3.9072e-08 2.6421e-09 ] 1.0000e+00
 5.701e+01 3.9236e-08 3.9236e-08 [ 4.4620e-33 4.3600e-15 3.7970e-10 3.6383e-08 2.4740e-09 ] 1.0000e+00
 5.712e+01 3.6530e-08 3.6530e-08 [ 3.1341e-33 3.6963e-15 3.4363e-10 3.3870e-08 2.3162e-09 ] 1.0000e+00
 5.723e+01 3.4003e-08 3.4003e-08 [ 2.1994e-33 3.1317e-15 3.1085e-10 3.1524e-08 2.1679e-09 ] 1.0000e+00
 5.735e+01 3.1643e-08 3.1643e-08 [ 1.5421e-33 2.6517e-15 2.8108e-10 2.9333e-08 2.0287e-09 ] 1.0000e+00
 5.746e+01 2.9440e-08 2.9440e-08 [ 1.0804e-33 2.2440e-15 2.5406e-10 2.7288e-08 1.8981e-09 ] 1.0000e+00
 5.757e+01 2.7384e-08 2.7384e-08 [ 7.5619e-34 1.8978e-15 2.2954e-10 2.5379e-08 1.7754e-09 ] 1.0000e+00
 5.769e+01 2.5466e-08 2.5466e-08 [ 5.2885e-34 1.6041e-15 2.0731e-10 2.3598e-08 1.6604e-09 ] 1.0000e+00
 5.780e+01 2.3676e-08 2.3676e-08 [ 3.6954e-34 1.3550e-15 1.8715e-10 2.1937e-08 1.5524e-09 ] 1.0000e+00
 5.791e+01 2.2007e-08 2.2007e-08 [ 2.5800e-34 1.1439e-15 1.6888e-10 2.0387e-08 1.4511e-09 ] 1.0000e+00
 5.803e+01 2.0452e-08 2.0452e-08 [ 1.7997e-34 9.6518e-16 1.5234e-10 1.8943e-08 1.3562e-09 ] 1.0000e+00
 5.814e+01 1.9001e-08 1.9001e-08 [ 1.2544e-34 8.1389e-16 1.3736e-10 1.7597e-08 1.2672e-09 ] 1.0000e+00
 5.825e+01 1.7650e-08 1.7650e-08 [ 8.7355e-35 6.8592e-16 1.2381e-10 1.6342e-08 1.1837e-09 ] 1.0000e+00
 5.837e+01 1.6391e-08 1.6391e-08 [ 6.0784e-35 5.7774e-16 1.1155e-10 1.5174e-08 1.1055e-09 ] 1.0000e+00
 5.848e+01 1.5218e-08 1.5218e-08 [ 4.2259e-35 4.8634e-16 1.0046e-10 1.4085e-08 1.0322e-09 ] 1.0000e+00
 5.859e+01 1.4126e-08 1.4126e-08 [ 2.9356e-35 4.0918e-16 9.0446e-11 1.3072e-08 9.6360e-10 ] 1.0000e+00
 5.871e+01 1.3109e-08 1.3109e-08 [ 2.0376e-35 3.4406e-16 8.1395e-11 1.2128e-08 8.9933e-10 ] 1.0000e+00
 5.882e+01 1.2162e-08 1.2162e-08 [ 1.4132e-35 2.8914e-16 7.3222e-11 1.1250e-08 8.3915e-10 ] 1.0000e+00
 5.893e+01 1.1282e-08 1.1282e-08 [ 9.7928e-36 2.4285e-16 6.5844e-11 1.0433e-08 7.8282e-10 ] 1.0000e+00
 5.905e+01 1.0462e-08 1.0462e-08 [ 6.7806e-36 2.0386e-16 5.9187e-11 9.6729e-09 7.3010e-10 ] 1.0000e+00
 5.916e+01 9.7001e-09 9.7001e-09 [ 4.6911e-36 1.7104e-16 5.3184e-11 8.9661e-09 6.8078e-10 ] 1.0000e+00
 5.927e+01 8.9914e-09 8.9914e-09 [ 3.2429e-36 1.4342e-16 4.7771e-11 8.3090e-09 6.3464e-10 ] 1.0000e+00
 5.939e+01 8.3325e-09 8.3325e-09 [ 2.2400e-36 1.2020e-16 4.2893e-11 7.6982e-09 5.9149e-10 ] 1.0000e+00
 5.950e+01 7.7202e-09 7.7202e-09 [ 1.5460e-36 1.0068e-16 3.8499e-11 7.1306e-09 5.5114e-10 ] 1.0000e+00
 5.961e+01 7.1512e-09 7.1512e-09 [ 1.0662e-36 8.4286e-17 3.4543e-11 6.6032e-09 5.1343e-10 ] 1.0000e+00
 5.973e+01 6.6226e-09 6.6226e-09 [ 7.3472e-37 7.0523e-17 3.0981e-11 6.1134e-09 4.7818e-10 ] 1.0000e+00
 5.984e+01 6.1317e-09 6.1317e-09 [ 5.0589e-37 5.8977e-17 2.7777e-11 5.6586e-09 4.4525e-10 ] 1.0000e+00
 5.995e+01 5.6758e-09 5.6758e-09 [ 3.4806e-37 4.9294e-17 2.4895e-11 5.2364e-09 4.1449e-10 ] 1.0000e+00
 6.007e+01 5.2526e-09 5.2526e-09 [ 2.3928e-37 4.1180e-17 2.2304e-11 4.8445e-09 3.8577e-10 ] 1.0000e+00
 6.018e+01 4.8599e-09 4.8599e-09 [ 1.6438e-37 3.4383e-17 1.9975e-11 4.4809e-09 3.5895e-10 ] 1.0000e+00
 6.029e+01 4.4954e-09 4.4954e-09 [ 1.1283e-37 2.8693e-17 1.7883e-11 4.1436e-09 3.3391e-10 ] 1.0000e+00
 6.041e+01 4.1574e-09 4.1574e-09 [ 7.7388e-38 2.3932e-17 1.6005e-11 3.8308e-09 3.1055e-10 ] 1.0000e+00
 6.052e+01 3.8438e-09 3.8438e-09 [ 5.3039e-38 1.9951e-17 1.4318e-11 3.5407e-09 2.8875e-10 ] 1.0000e+00
 6.063e+01 3.5531e-09 3.5531e-09 [ 3.6323e-38 1.6623e-17 1.2805e-11 3.2719e-09 2.6842e-10 ] 1.0000e+00
 6.075e+01 3.2836e-09 3.2836e-09 [ 2.4856e-38 1.3843e-17 1.1448e-11 3.0227e-09 2.4946e-10 ] 1.0000e+00
 6.086e+01 3.0339e-09 3.0339e-09 [ 1.6997e-38 1.1523e-17 1.0231e-11 2.7918e-09 2.3179e-10 ] 1.0000e+00
 6.097e+01 2.8025e-09 2.8025e-09 [ 1.1613e-38 9.5860e-18 9.1399e-12 2.5780e-09 2.1531e-10 ] 1.0000e+00
 6.109e+01 2.5881e-09 2.5881e-09 [ 7.9292e-39 7.9709e-18 8.1624e-12 2.3800e-09 1.9996e-10 ] 1.0000e+00
 6.120e+01 2.3896e-09 2.3896e-09 [ 5.4098e-39 6.6245e-18 7.2870e-12 2.1966e-09 1.8566e-10 ] 1.0000e+00
 6.131e+01 2.2058e-09 2.2058e-09 [ 3.6881e-39 5.5028e-18 6.5032e-12 2.0269e-09 1.7234e-10 ] 1.0000e+00
 6.143e+01 2.0357e-09 2.0357e-09 [ 2.5125e-39 4.5687e-18 5.8017e-12 1.8699e-09 1.5993e-10 ] 1.0000e+00
 6.154e+01 1.8782e-09 1.8782e-09 [ 1.7103e-39 3.7913e-18 5.1741e-12 1.7246e-09 1.4839e-10 ] 1.0000e+00
 6.165e+01 1.7325e-09 1.7325e-09 [ 1.1634e-39 3.1446e-18 4.6127e-12 1.5903e-09 1.3764e-10 ] 1.0000e+00
 6.177e+01 1.5978e-09 1.5978e-09 [ 7.9082e-40 2.6069e-18 4.1109e-12 1.4660e-09 1.2764e-10 ] 1.0000e+00
 6.188e+01 1.4732e-09 1.4732e-09 [ 5.3716e-40 2.1601e-18 3.6624e-12 1.3512e-09 1.1834e-10 ] 1.0000e+00
 6.199e+01 1.3580e-09 1.3580e-09 [ 3.6459e-40 1.7890e-18 3.2618e-12 1.2450e-09 1.0969e-10 ] 1.0000e+00
 6.211e+01 1.2515e-09 1.2515e-09 [ 2.4729e-40 1.4810e-18 2.9039e-12 1.1469e-09 1.0165e-10 ] 1.0000e+00
 6.222e+01 1.1531e-09 1.1531e-09 [ 1.6760e-40 1.2253e-18 2.5845e-12 1.0563e-09 9.4171e-11 ] 1.0000e+00
 6.233e+01 1.0622e-09 1.0622e-09 [ 1.1351e-40 1.0133e-18 2.2994e-12 9.7264e-10 8.7224e-11 ] 1.0000e+00
 6.245e+01 9.7819e-10 9.7819e-10 [ 7.6823e-41 8.3761e-19 2.0451e-12 8.9538e-10 8.0769e-11 ] 1.0000e+00
 6.256e+01 9.0065e-10 9.0065e-10 [ 5.1955e-41 6.9203e-19 1.8183e-12 8.2406e-10 7.4774e-11 ] 1.0000e+00
 6.267e+01 8.2906e-10 8.2906e-10 [ 3.5112e-41 5.7147e-19 1.6161e-12 7.5824e-10 6.9207e-11 ] 1.0000e+00
 6.279e+01 7.6298e-10 7.6298e-10 [ 2.3713e-41 4.7169e-19 1.4359e-12 6.9751e-10 6.4039e-11 ] 1.0000e+00
 6.290e+01 7.0201e-10 7.0201e-10 [ 1.6003e-41 3.8915e-19 1.2754e-12 6.4149e-10 5.9242e-11 ] 1.0000e+00
 6.301e+01 6.4576e-10 6.4576e-10 [ 1.0792e-41 3.2089e-19 1.1324e-12 5.8984e-10 5.4791e-11 ] 1.0000e+00
 6.313e+01 5.9388e-10 5.9388e-10 [ 7.2730e-42 2.6449e-19 1.0051e-12 5.4221e-10 5.0662e-11 ] 1.0000e+00
 6.324e+01 5.4604e-10 5.4604e-10 [ 4.8979e-42 2.1789e-19 8.9188e-13 4.9831e-10 4.6832e-11 ] 1.0000e+00
 6.335e+01 5.0193e-10 5.0193e-10 [ 3.2961e-42 1.7942e-19 7.9112e-13 4.5786e-10 4.3282e-11 ] 1.0000e+00
 6.347e+01 4.6129e-10 4.6129e-10 [ 2.2167e-42 1.4767e-19 7.0151e-13 4.2059e-10 3.9991e-11 ] 1.0000e+00
 6.358e+01 4.2383e-10 4.2383e-10 [ 1.4897e-42 1.2149e-19 6.2185e-13 3.8627e-10 3.6941e-11 ] 1.0000e+00
 6.369e+01 3.8933e-10 3.8933e-10 [ 1.0004e-42 9.9895e-20 5.5106e-13 3.5466e-10 3.4115e-11 ] 1.0000e+00
 6.381e+01 3.5755e-10 3.5755e-10 [ 6.7140e-43 8.2104e-20 4.8816e-13 3.2556e-10 3.1498e-11 ] 1.0000e+00
 6.392e+01 3.2829e-10 3.2829e-10 [ 4.5027e-43 6.7449e-20 4.3230e-13 2.9878e-10 2.9074e-11 ] 1.0000e+00
 6.403e+01 3.0135e-10 3.0135e-10 [ 3.0177e-43 5.5385e-20 3.8271e-13 2.7414e-10 2.6830e-11 ] 1.0000e+00
 6.415e+01 2.7656e-10 2.7656e-10 [ 2.0211e-43 4.5458e-20 3.3869e-13 2.5147e-10 2.4753e-11 ] 1.0000e+00
 6.426e+01 2.5375e-10 2.5375e-10 [ 1.3526e-43 3.7292e-20 2.9964e-13 2.3062e-10 2.2832e-11 ] 1.0000e+00
 6.437e+01 2.3276e-10 2.3276e-10 [ 9.0469e-44 3.0580e-20 2.6501e-13 2.1144e-10 2.1054e-11 ] 1.0000e+00
 6.449e+01 2.1347e-10 2.1347e-10 [ 6.0467e-44 2.5064e-20 2.3430e-13 1.9382e-10 1.9410e-11 ] 1.0000e+00
 6.460e+01 1.9572e-10 1.9572e-10 [ 4.0387e-44 2.0533e-20 2.0709e-13 1.7763e-10 1.7890e-11 ] 1.0000e+00
 6.471e+01 1.7941e-10 1.7941e-10 [ 2.6958e-44 1.6814e-20 1.8298e-13 1.6274e-10 1.6485e-11 ] 1.0000e+00
 6.483e+01 1.6442e-10 1.6442e-10 [ 1.7982e-44 1.3762e-20 1.6162e-13 1.4907e-10 1.5186e-11 ] 1.0000e+00
 6.494e+01 1.5065e-10 1.5065e-10 [ 1.1986e-44 1.1259e-20 1.4271e-13 1.3652e-10 1.3987e-11 ] 1.0000e+00
 6.505e+01 1.3800e-10 1.3800e-10 [ 7.9845e-45 9.2075e-21 1.2597e-13 1.2500e-10 1.2879e-11 ] 1.0000e+00
 6.517e+01 1.2638e-10 1.2638e-10 [ 5.3153e-45 7.5261e-21 1.1116e-13 1.1442e-10 1.1856e-11 ] 1.0000e+00
 6.528e+01 1.1572e-10 1.1572e-10 [ 3.5361e-45 6.1490e-21 9.8058e-14 1.0471e-10 1.0911e-11 ] 1.0000e+00
 6.539e+01 1.0592e-10 1.0592e-10 [ 2.3509e-45 5.0215e-21 8.6473e-14 9.5799e-11 1.0039e-11 ] 1.0000e+00
 6.551e+01 9.6939e-11 9.6939e-11 [ 1.5619e-45 4.0990e-21 7.6233e-14 8.7628e-11 9.2346e-12 ] 1.0000e+00
 6.562e+01 8.8695e-11 8.8695e-11 [ 1.0370e-45 3.3444e-21 6.7184e-14 8.0136e-11 8.4926e-12 ] 1.0000e+00
 6.573e+01 8.1134e-11 8.1134e-11 [ 6.8808e-46 2.7276e-21 5.9190e-14 7.3267e-11 7.8082e-12 ] 1.0000e+00
 6.585e+01 7.4200e-11 7.4200e-11 [ 4.5625e-46 2.2235e-21 5.2131e-14 6.6970e-11 7.1772e-12 ] 1.0000e+00
 6.596e+01 6.7842e-11 6.7842e-11 [ 3.0234e-46 1.8117e-21 4.5899e-14 6.1201e-11 6.5955e-12 ] 1.0000e+00
 6.607e+01 6.2015e-11 6.2015e-11 [ 2.0022e-46 1.4756e-21 4.0399e-14 5.5915e-11 6.0595e-12 ] 1.0000e+00
 6.619e+01 5.6676e-11 5.6676e-11 [ 1.3250e-46 1.2013e-21 3.5548e-14 5.1074e-11 5.5657e-12 ] 1.0000e+00
 6.630e+01 5.1783e-11 5.1783e-11 [ 8.7635e-47 9.7753e-22 3.1268e-14 4.6641e-11 5.1109e-12 ] 1.0000e+00
 6.641e+01 4.7303e-11 4.7303e-11 [ 5.7922e-47 7.9510e-22 2.7496e-14 4.2583e-11 4.6921e-12 ] 1.0000e+00
 6.653e+01 4.3200e-11 4.3200e-11 [ 3.8259e-47 6.4643e-22 2.4171e-14 3.8869e-11 4.3065e-12 ] 1.0000e+00
 6.664e+01 3.9443e-11 3.9443e-11 [ 2.5255e-47 5.2533e-22 2.1241e-14 3.5470e-11 3.9516e-12 ] 1.0000e+00
 6.675e+01 3.6005e-11 3.6005e-11 [ 1.6660e-47 4.2673e-22 1.8660e-14 3.2361e-11 3.6251e-12 ] 1.0000e+00
 6.687e+01 3.2859e-11 3.2859e-11 [ 1.0984e-47 3.4648e-22 1.6388e-14 2.9518e-11 3.3248e-12 ] 1.0000e+00
 6.698e+01 2.9981e-11 2.9981e-11 [ 7.2365e-48 2.8120e-22 1.4388e-14 2.6918e-11 3.0485e-12 ] 1.0000e+00
 6.709e+01 2.7348e-11 2.7348e-11 [ 4.7647e-48 2.2812e-22 1.2628e-14 2.4541e-11 2.7946e-12 ] 1.0000e+00
 6.721e+01 2.4941e-11 2.4941e-11 [ 3.1353e-48 1.8498e-22 1.1080e-14 2.2369e-11 2.5611e-12 ] 1.0000e+00
 6.732e+01 2.2741e-11 2.2741e-11 [ 2.0618e-48 1.4993e-22 9.7189e-15 2.0384e-11 2.3466e-12 ] 1.0000e+00
 6.743e+01 2.0730e-11 2.0730e-11 [ 1.3550e-48 1.2147e-22 8.5222e-15 1.8571e-11 2.1495e-12 ] 1.0000e+00
 6.755e+01 1.8892e-11 1.8892e-11 [ 8.8993e-49 9.8367e-23 7.4705e-15 1.6916e-11 1.9685e-12 ] 1.0000e+00
 6.766e+01 1.7213e-11 1.7213e-11 [ 5.8413e-49 7.9625e-23 6.5465e-15 1.5404e-11 1.8023e-12 ] 1.0000e+00
 6.777e+01 1.5680e-11 1.5680e-11 [ 3.8317e-49 6.4426e-23 5.7350e-15 1.4024e-11 1.6497e-12 ] 1.0000e+00
 6.789e+01 1.4280e-11 1.4280e-11 [ 2.5119e-49 5.2105e-23 5.0226e-15 1.2765e-11 1.5097e-12 ] 1.0000e+00
 6.800e+01 1.3002e-11 1.3002e-11 [ 1.6457e-49 4.2123e-23 4.3972e-15 1.1616e-11 1.3812e-12 ] 1.0000e+00
 6.811e+01 1.1835e-11 1.1835e-11 [ 1.0775e-49 3.4038e-23 3.8486e-15 1.0568e-11 1.2633e-12 ] 1.0000e+00
 6.823e+01 1.0771e-11 1.0771e-11 [ 7.0505e-50 2.7493e-23 3.3673e-15 9.6125e-12 1.1552e-12 ] 1.0000e+00
 6.834e+01 9.8003e-12 9.8003e-12 [ 4.6106e-50 2.2197e-23 2.9454e-15 8.7412e-12 1.0561e-12 ] 1.0000e+00
 6.845e+01 8.9149e-12 8.9149e-12 [ 3.0133e-50 1.7914e-23 2.5755e-15 7.9470e-12 9.6526e-13 ] 1.0000e+00
 6.857e+01 8.1076e-12 8.1076e-12 [ 1.9681e-50 1.4451e-23 2.2513e-15 7.2233e-12 8.8201e-13 ] 1.0000e+00
 6.868e+01 7.3717e-12 7.3717e-12 [ 1.2847e-50 1.1652e-23 1.9674e-15 6.5640e-12 8.0575e-13 ] 1.0000e+00
 6.879e+01 6.7010e-12 6.7010e-12 [ 8.3805e-51 9.3912e-24 1.7187e-15 5.9634e-12 7.3590e-13 ] 1.0000e+00
 6.891e+01 6.0900e-12 6.0900e-12 [ 5.4637e-51 7.5659e-24 1.5010e-15 5.4165e-12 6.7194e-13 ] 1.0000e+00
 6.902e+01 5.5333e-12 5.5333e-12 [ 3.5599e-51 6.0928e-24 1.3105e-15 4.9187e-12 6.1339e-13 ] 1.0000e+00
 6.913e+01 5.0264e-12 5.0264e-12 [ 2.3181e-51 4.9044e-24 1.1438e-15 4.4655e-12 5.5980e-13 ] 1.0000e+00
 6.925e+01 4.5649e-12 4.5649e-12 [ 1.5086e-51 3.9461e-24 9.9798e-16 4.0531e-12 5.1077e-13 ] 1.0000e+00
 6.936e+01 4.1448e-12 4.1448e-12 [ 9.8114e-52 3.1737e-24 8.7050e-16 3.6780e-12 4.6592e-13 ] 1.0000e+00
 6.947e+01 3.7625e-12 3.7625e-12 [ 6.3774e-52 2.5514e-24 7.5907e-16 3.3368e-12 4.2490e-13 ] 1.0000e+00
 6.959e+01 3.4146e-12 3.4146e-12 [ 4.1428e-52 2.0503e-24 6.6170e-16 3.0266e-12 3.8740e-13 ] 1.0000e+00
 6.970e+01 3.0982e-12 3.0982e-12 [ 2.6895e-52 1.6469e-24 5.7665e-16 2.7445e-12 3.5312e-13 ] 1.0000e+00
 6.981e+01 2.8105e-12 2.8105e-12 [ 1.7451e-52 1.3223e-24 5.0237e-16 2.4882e-12 3.2180e-13 ] 1.0000e+00
 6.993e+01 2.5489e-12 2.5489e-12 [ 1.1316e-52 1.0612e-24 4.3753e-16 2.2553e-12 2.9318e-13 ] 1.0000e+00
 7.004e+01 2.3111e-12 2.3111e-12 [ 7.3333e-53 8.5130e-25 3.8094e-16 2.0437e-12 2.6704e-13 ] 1.0000e+00
 7.015e+01 2.0950e-12 2.0950e-12 [ 4.7496e-53 6.8264e-25 3.3156e-16 1.8515e-12 2.4317e-13 ] 1.0000e+00
 7.027e+01 1.8987e-12 1.8987e-12 [ 3.0744e-53 5.4717e-25 2.8850e-16 1.6770e-12 2.2139e-13 ] 1.0000e+00
 7.038e+01 1.7203e-12 1.7203e-12 [ 1.9889e-53 4.3839e-25 2.5096e-16 1.5186e-12 2.0150e-13 ] 1.0000e+00
 7.049e+01 1.5584e-12 1.5584e-12 [ 1.2859e-53 3.5109e-25 2.1823e-16 1.3748e-12 1.8336e-13 ] 1.0000e+00
 7.061e+01 1.4114e-12 1.4114e-12 [ 8.3088e-54 2.8106e-25 1.8972e-16 1.2444e-12 1.6680e-13 ] 1.0000e+00
 7.072e+01 1.2779e-12 1.2779e-12 [ 5.3656e-54 2.2490e-25 1.6488e-16 1.1261e-12 1.5171e-13 ] 1.0000e+00
 7.083e+01 1.1568e-12 1.1568e-12 [ 3.4630e-54 1.7989e-25 1.4324e-16 1.0187e-12 1.3795e-13 ] 1.0000e+00
 7.095e+01 1.0470e-12 1.0470e-12 [ 2.2337e-54 1.4382e-25 1.2441e-16 9.2145e-13 1.2540e-13 ] 1.0000e+00
 7.106e+01 9.4733e-13 9.4733e-13 [ 1.4400e-54 1.1494e-25 1.0802e-16 8.3325e-13 1.1397e-13 ] 1.0000e+00
 7.117e+01 8.5697e-13 8.5697e-13 [ 9.2773e-55 9.1819e-26 9.3767e-17 7.5331e-13 1.0356e-13 ] 1.0000e+00
 7.129e+01 7.7504e-13 7.7504e-13 [ 5.9737e-55 7.3319e-26 8.1366e-17 6.8089e-13 9.4073e-14 ] 1.0000e+00
 7.140e+01 7.0079e-13 7.0079e-13 [ 3.8443e-55 5.8522e-26 7.0584e-17 6.1529e-13 8.5435e-14 ] 1.0000e+00
 7.151e+01 6.3351e-13 6.3351e-13 [ 2.4725e-55 4.6691e-26 6.1212e-17 5.5588e-13 7.7571e-14 ] 1.0000e+00
 7.163e+01 5.7255e-13 5.7255e-13 [ 1.5893e-55 3.7237e-26 5.3069e-17 5.0208e-13 7.0414e-14 ] 1.0000e+00
 7.174e+01 5.1734e-13 5.1734e-13 [ 1.0210e-55 2.9684e-26 4.5994e-17 4.5339e-13 6.3902e-14 ] 1.0000e+00
 7.185e+01 4.6735e-13 4.6735e-13 [ 6.5554e-56 2.3654e-26 3.9851e-17 4.0933e-13 5.7978e-14 ] 1.0000e+00
 7.197e+01 4.2208e-13 4.2208e-13 [ 4.2065e-56 1.8841e-26 3.4518e-17 3.6946e-13 5.2590e-14 ] 1.0000e+00
 7.208e+01 3.8112e-13 3.8112e-13 [ 2.6977e-56 1.5001e-26 2.9890e-17 3.3340e-13 4.7692e-14 ] 1.0000e+00
 7.219e+01 3.4405e-13 3.4405e-13 [ 1.7291e-56 1.1938e-26 2.5874e-17 3.0079e-13 4.3239e-14 ] 1.0000e+00
 7.231e+01 3.1052e-13 3.1052e-13 [ 1.1077e-56 9.4971e-27 2.2391e-17 2.7130e-13 3.9192e-14 ] 1.0000e+00
 7.242e+01 2.8019e-13 2.8019e-13 [ 7.0916e-57 7.5520e-27 1.9372e-17 2.4465e-13 3.5516e-14 ] 1.0000e+00
 7.253e+01 2.5276e-13 2.5276e-13 [ 4.5377e-57 6.0028e-27 1.6754e-17 2.2057e-13 3.2176e-14 ] 1.0000e+00
 7.265e+01 2.2797e-13 2.2797e-13 [ 2.9019e-57 4.7694e-27 1.4486e-17 1.9881e-13 2.9144e-14 ] 1.0000e+00
 7.276e+01 2.0556e-13 2.0556e-13 [ 1.8547e-57 3.7878e-27 1.2521e-17 1.7915e-13 2.6391e-14 ] 1.0000e+00
 7.287e+01 1.8531e-13 1.8531e-13 [ 1.1848e-57 3.0071e-27 1.0819e-17 1.6141e-13 2.3892e-14 ] 1.0000e+00
 7.299e+01 1.6702e-13 1.6702e-13 [ 7.5640e-58 2.3862e-27 9.3459e-18 1.4538e-13 2.1624e-14 ] 1.0000e+00
 7.310e+01 1.5049e-13 1.5049e-13 [ 4.8264e-58 1.8928e-27 8.0708e-18 1.3092e-13 1.9567e-14 ] 1.0000e+00
 7.321e+01 1.3558e-13 1.3558e-13 [ 3.0779e-58 1.5008e-27 6.9677e-18 1.1787e-13 1.7702e-14 ] 1.0000e+00
 7.333e+01 1.2211e-13 1.2211e-13 [ 1.9617e-58 1.1895e-27 6.0135e-18 1.0609e-13 1.6010e-14 ] 1.0000e+00
 7.344e+01 1.0995e-13 1.0995e-13 [ 1.2496e-58 9.4233e-28 5.1885e-18 9.5471e-14 1.4477e-14 ] 1.0000e+00
 7.355e+01 9.8985e-14 9.8985e-14 [ 7.9557e-59 7.4624e-28 4.4753e-18 8.5894e-14 1.3087e-14 ] 1.0000e+00
 7.367e+01 8.9091e-14 8.9091e-14 [ 5.0622e-59 5.9071e-28 3.8589e-18 7.7260e-14 1.1828e-14 ] 1.0000e+00
 7.378e+01 8.0168e-14 8.0168e-14 [ 3.2193e-59 4.6740e-28 3.3265e-18 6.9477e-14 1.0687e-14 ] 1.0000e+00
 7.389e+01 7.2121e-14 7.2121e-14 [ 2.0462e-59 3.6968e-28 2.8667e-18 6.2464e-14 9.6542e-15 ] 1.0000e+00
 7.401e+01 6.4868e-14 6.4868e-14 [ 1.2998e-59 2.9227e-28 2.4697e-18 5.6146e-14 8.7190e-15 ] 1.0000e+00
 7.412e+01 5.8330e-14 5.8330e-14 [ 8.2524e-60 2.3098e-28 2.1270e-18 5.0456e-14 7.8724e-15 ] 1.0000e+00
 7.423e+01 5.2440e-14 5.2440e-14 [ 5.2365e-60 1.8246e-28 1.8314e-18 4.5332e-14 7.1064e-15 ] 1.0000e+00
 7.435e+01 4.7133e-14 4.7133e-14 [ 3.3210e-60 1.4408e-28 1.5763e-18 4.0718e-14 6.4134e-15 ] 1.0000e+00
 7.446e+01 4.2354e-14 4.2354e-14 [ 2.1050e-60 1.1372e-28 1.3564e-18 3.6566e-14 5.7865e-15 ] 1.0000e+00
 7.457e+01 3.8051e-14 3.8051e-14 [ 1.3335e-60 8.9725e-29 1.1668e-18 3.2830e-14 5.2197e-15 ] 1.0000e+00
 7.469e+01 3.4177e-14 3.4177e-14 [ 8.4434e-61 7.0763e-29 1.0034e-18 2.9469e-14 4.7072e-15 ] 1.0000e+00
 7.480e+01 3.0690e-14 3.0690e-14 [ 5.3431e-61 5.5785e-29 8.6268e-19 2.6445e-14 4.2441e-15 ] 1.0000e+00
 7.491e+01 2.7553e-14 2.7553e-14 [ 3.3793e-61 4.3960e-29 7.4144e-19 2.3727e-14 3.8256e-15 ] 1.0000e+00
 7.503e+01 2.4731e-14 2.4731e-14 [ 2.1362e-61 3.4627e-29 6.3705e-19 2.1283e-14 3.4475e-15 ] 1.0000e+00
 7.514e+01 2.2193e-14 2.2193e-14 [ 1.3496e-61 2.7264e-29 5.4720e-19 1.9086e-14 3.1061e-15 ] 1.0000e+00
 7.525e+01 1.9911e-14 1.9911e-14 [ 8.5220e-62 2.1459e-29 4.6988e-19 1.7112e-14 2.7978e-15 ] 1.0000e+00
 7.537e+01 1.7859e-14 1.7859e-14 [ 5.3783e-62 1.6882e-29 4.0337e-19 1.5339e-14 2.5195e-15 ] 1.0000e+00
 7.548e+01 1.6015e-14 1.6015e-14 [ 3.3924e-62 1.3276e-29 3.4617e-19 1.3747e-14 2.2683e-15 ] 1.0000e+00
 7.559e+01 1.4358e-14 1.4358e-14 [ 2.1387e-62 1.0436e-29 2.9699e-19 1.2316e-14 2.0417e-15 ] 1.0000e+00
 7.571e+01 1.2870e-14 1.2870e-14 [ 1.3475e-62 8.2006e-30 2.5472e-19 1.1033e-14 1.8373e-15 ] 1.0000e+00
 7.582e+01 1.1533e-14 1.1533e-14 [ 8.4861e-63 6.4412e-30 2.1841e-19 9.8803e-15 1.6529e-15 ] 1.0000e+00
 7.593e+01 1.0333e-14 1.0333e-14 [ 5.3412e-63 5.0572e-30 1.8721e-19 8.8463e-15 1.4867e-15 ] 1.0000e+00
 7.605e+01 9.2558e-15 9.2558e-15 [ 3.3600e-63 3.9690e-30 1.6043e-19 7.9187e-15 1.3369e-15 ] 1.0000e+00
 7.616e+01 8.2889e-15 8.2889e-15 [ 2.1126e-63 3.1136e-30 1.3743e-19 7.0868e-15 1.2019e-15 ] 1.0000e+00
 7.627e+01 7.4212e-15 7.4212e-15 [ 1.3276e-63 2.4416e-30 1.1770e-19 6.3408e-15 1.0803e-15 ] 1.0000e+00
 7.639e+01 6.6429e-15 6.6429e-15 [ 8.3381e-64 1.9139e-30 1.0077e-19 5.6721e-15 9.7075e-16 ] 1.0000e+00
 7.650e+01 5.9449e-15 5.9449e-15 [ 5.2342e-64 1.4996e-30 8.6252e-20 5.0727e-15 8.7210e-16 ] 1.0000e+00
 7.661e+01 5.3190e-15 5.3190e-15 [ 3.2839e-64 1.1745e-30 7.3802e-20 4.5356e-15 7.8329e-16 ] 1.0000e+00
 7.673e+01 4.7579e-15 4.7579e-15 [ 2.0593e-64 9.1956e-31 6.3131e-20 4.0545e-15 7.0336e-16 ] 1.0000e+00
 7.684e+01 4.2550e-15 4.2550e-15 [ 1.2906e-64 7.1964e-31 5.3987e-20 3.6235e-15 6.3143e-16 ] 1.0000e+00
 7.695e+01 3.8044e-15 3.8044e-15 [ 8.0848e-65 5.6295e-31 4.6154e-20 3.2377e-15 5.6672e-16 ] 1.0000e+00
 7.707e+01 3.4008e-15 3.4008e-15 [ 5.0618e-65 4.4021e-31 3.9446e-20 2.8922e-15 5.0852e-16 ] 1.0000e+00
 7.718e+01 3.0393e-15 3.0393e-15 [ 3.1674e-65 3.4408e-31 3.3703e-20 2.5830e-15 4.5620e-16 ] 1.0000e+00
 7.729e+01 2.7156e-15 2.7156e-15 [ 1.9810e-65 2.6884e-31 2.8787e-20 2.3064e-15 4.0915e-16 ] 1.0000e+00
 7.741e+01 2.4258e-15 2.4258e-15 [ 1.2383e-65 2.0997e-31 2.4582e-20 2.0589e-15 3.6688e-16 ] 1.0000e+00
 7.752e+01 2.1665e-15 2.1665e-15 [ 7.7367e-66 1.6392e-31 2.0984e-20 1.8376e-15 3.2889e-16 ] 1.0000e+00
 7.763e+01 1.9344e-15 1.9344e-15 [ 4.8312e-66 1.2792e-31 1.7908e-20 1.6396e-15 2.9477e-16 ] 1.0000e+00
 7.775e+01 1.7268e-15 1.7268e-15 [ 3.0153e-66 9.9787e-32 1.5278e-20 1.4627e-15 2.6412e-16 ] 1.0000e+00
 7.786e+01 1.5412e-15 1.5412e-15 [ 1.8809e-66 7.7809e-32 1.3031e-20 1.3046e-15 2.3660e-16 ] 1.0000e+00
 7.797e+01 1.3752e-15 1.3752e-15 [ 1.1727e-66 6.0648e-32 1.1111e-20 1.1632e-15 2.1190e-16 ] 1.0000e+00
 7.809e+01 1.2267e-15 1.2267e-15 [ 7.3077e-67 4.7252e-32 9.4710e-21 1.0370e-15 1.8974e-16 ] 1.0000e+00
 7.820e+01 1.0941e-15 1.0941e-15 [ 4.5514e-67 3.6800e-32 8.0708e-21 9.2425e-16 1.6985e-16 ] 1.0000e+00
 7.831e+01 9.7559e-16 9.7559e-16 [ 2.8333e-67 2.8649e-32 6.8756e-21 8.2357e-16 1.5201e-16 ] 1.0000e+00
 7.843e+01 8.6972e-16 8.6972e-16 [ 1.7628e-67 2.2294e-32 5.8557e-21 7.3370e-16 1.3601e-16 ] 1.0000e+00
 7.854e+01 7.7516e-16 7.7516e-16 [ 1.0962e-67 1.7342e-32 4.9856e-21 6.5348e-16 1.2167e-16 ] 1.0000e+00
 7.865e+01 6.9072e-16 6.9072e-16 [ 6.8136e-68 1.3485e-32 4.2435e-21 5.8190e-16 1.0882e-16 ] 1.0000e+00
 7.877e+01 6.1534e-16 6.1534e-16 [ 4.2327e-68 1.0481e-32 3.6109e-21 5.1804e-16 9.7295e-17 ] 1.0000e+00
 7.888e+01 5.4807e-16 5.4807e-16 [ 2.6281e-68 8.1430e-33 3.0717e-21 4.6109e-16 8.6974e-17 ] 1.0000e+00
 7.899e+01 4.8804e-16 4.8804e-16 [ 1.6310e-68 6.3240e-33 2.6122e-21 4.1030e-16 7.7729e-17 ] 1.0000e+00
 7.911e+01 4.3448e-16 4.3448e-16 [ 1.0116e-68 4.9094e-33 2.2208e-21 3.6503e-16 6.9450e-17 ] 1.0000e+00
 7.922e+01 3.8672e-16 3.8672e-16 [ 6.2716e-69 3.8097e-33 1.8875e-21 3.2468e-16 6.2039e-17 ] 1.0000e+00
 7.933e+01 3.4413e-16 3.4413e-16 [ 3.8861e-69 2.9552e-33 1.6038e-21 2.8872e-16 5.5406e-17 ] 1.0000e+00
 7.945e+01 3.0616e-16 3.0616e-16 [ 2.4067e-69 2.2914e-33 1.3623e-21 2.5669e-16 4.9470e-17 ] 1.0000e+00
 7.956e+01 2.7232e-16 2.7232e-16 [ 1.4898e-69 1.7760e-33 1.1569e-21 2.2816e-16 4.4159e-17 ] 1.0000e+00
 7.967e+01 2.4216e-16 2.4216e-16 [ 9.2169e-70 1.3760e-33 9.8210e-22 2.0275e-16 3.9410e-17 ] 1.0000e+00
 7.979e+01 2.1530e-16 2.1530e-16 [ 5.6994e-70 1.0656e-33 8.3350e-22 1.8013e-16 3.5163e-17 ] 1.0000e+00
 7.990e+01 1.9137e-16 1.9137e-16 [ 3.5225e-70 8.2493e-34 7.0718e-22 1.6000e-16 3.1366e-17 ] 1.0000e+00
 8.001e+01 1.7006e-16 1.7006e-16 [ 2.1760e-70 6.3835e-34 5.9983e-22 1.4209e-16 2.7973e-17 ] 1.0000e+00
 8.013e+01 1.5110e-16 1.5110e-16 [ 1.3435e-70 4.9378e-34 5.0863e-22 1.2615e-16 2.4941e-17 ] 1.0000e+00
 8.024e+01 1.3421e-16 1.3421e-16 [ 8.2911e-71 3.8179e-34 4.3117e-22 1.1198e-16 2.2232e-17 ] 1.0000e+00
 8.035e+01 1.1919e-16 1.1919e-16 [ 5.1139e-71 2.9509e-34 3.6540e-22 9.9377e-17 1.9813e-17 ] 1.0000e+00
 8.047e+01 1.0583e-16 1.0583e-16 [ 3.1527e-71 2.2798e-34 3.0957e-22 8.8171e-17 1.7653e-17 ] 1.0000e+00
 8.058e+01 9.3937e-17 9.3937e-17 [ 1.9426e-71 1.7607e-34 2.6220e-22 7.8212e-17 1.5725e-17 ] 1.0000e+00
 8.069e+01 8.3366e-17 8.3366e-17 [ 1.1964e-71 1.3592e-34 2.2201e-22 6.9362e-17 1.4004e-17 ] 1.0000e+00
 8.081e+01 7.3968e-17 7.3968e-17 [ 7.3644e-72 1.0488e-34 1.8793e-22 6.1499e-17 1.2469e-17 ] 1.0000e+00
 8.092e+01 6.5615e-17 6.5615e-17 [ 4.5309e-72 8.0901e-35 1.5903e-22 5.4516e-17 1.1099e-17 ] 1.0000e+00
 8.103e+01 5.8192e-17 5.8192e-17 [ 2.7862e-72 6.2378e-35 1.3454e-22 4.8314e-17 9.8776e-18 ] 1.0000e+00
 8.115e+01 5.1597e-17 5.1597e-17 [ 1.7125e-72 4.8077e-35 1.1379e-22 4.2809e-17 8.7884e-18 ] 1.0000e+00
 8.126e+01 4.5740e-17 4.5740e-17 [ 1.0520e-72 3.7040e-35 9.6208e-23 3.7922e-17 7.8176e-18 ] 1.0000e+00
 8.137e+01 4.0538e-17 4.0538e-17 [ 6.4592e-73 2.8525e-35 8.1321e-23 3.3585e-17 6.9523e-18 ] 1.0000e+00
 8.149e+01 3.5920e-17 3.5920e-17 [ 3.9640e-73 2.1959e-35 6.8718e-23 2.9738e-17 6.1814e-18 ] 1.0000e+00
 8.160e+01 3.1820e-17 3.1820e-17 [ 2.4315e-73 1.6897e-35 5.8051e-23 2.6326e-17 5.4947e-18 ] 1.0000e+00
 8.171e+01 2.8183e-17 2.8183e-17 [ 1.4907e-73 1.2997e-35 4.9026e-23 2.3299e-17 4.8831e-18 ] 1.0000e+00
 8.183e+01 2.4955e-17 2.4955e-17 [ 9.1344e-74 9.9935e-36 4.1392e-23 2.0617e-17 4.3386e-18 ] 1.0000e+00
 8.194e+01 2.2092e-17 2.2092e-17 [ 5.5945e-74 7.6807e-36 3.4937e-23 1.8238e-17 3.8539e-18 ] 1.0000e+00
 8.205e+01 1.9554e-17 1.9554e-17 [ 3.4247e-74 5.9008e-36 2.9480e-23 1.6131e-17 3.4226e-18 ] 1.0000e+00
 8.217e+01 1.7303e-17 1.7303e-17 [ 2.0954e-74 4.5316e-36 2.4868e-23 1.4264e-17 3.0388e-18 ] 1.0000e+00
 8.228e+01 1.5308e-17 1.5308e-17 [ 1.2814e-74 3.4787e-36 2.0972e-23 1.2610e-17 2.6975e-18 ] 1.0000e+00
 8.239e+01 1.3539e-17 1.3539e-17 [ 7.8325e-75 2.6693e-36 1.7681e-23 1.1146e-17 2.3939e-18 ] 1.0000e+00
 8.251e+01 1.1973e-17 1.1973e-17 [ 4.7851e-75 2.0475e-36 1.4902e-23 9.8489e-18 2.1240e-18 ] 1.0000e+00
 8.262e+01 1.0585e-17 1.0585e-17 [ 2.9219e-75 1.5698e-36 1.2556e-23 8.7011e-18 1.8841e-18 ] 1.0000e+00
 8.273e+01 9.3563e-18 9.3563e-18 [ 1.7833e-75 1.2031e-36 1.0577e-23 7.6854e-18 1.6709e-18 ] 1.0000e+00
 8.285e+01 8.2682e-18 8.2682e-18 [ 1.0878e-75 9.2172e-37 8.9067e-24 6.7867e-18 1.4815e-18 ] 1.0000e+00
 8.296e+01 7.3050e-18 7.3050e-18 [ 6.6323e-76 7.0585e-37 7.4983e-24 5.9917e-18 1.3132e-18 ] 1.0000e+00
 8.307e+01 6.4526e-18 6.4526e-18 [ 4.0417e-76 5.4032e-37 6.3107e-24 5.2887e-18 1.1638e-18 ] 1.0000e+00
 8.319e+01 5.6983e-18 5.6983e-18 [ 2.4618e-76 4.1344e-37 5.3098e-24 4.6672e-18 1.0312e-18 ] 1.0000e+00
 8.330e+01 5.0312e-18 5.0312e-18 [ 1.4987e-76 3.1622e-37 4.4663e-24 4.1177e-18 9.1343e-19 ] 1.0000e+00
 8.341e+01 4.4411e-18 4.4411e-18 [ 9.1192e-77 2.4177e-37 3.7557e-24 3.6322e-18 8.0894e-19 ] 1.0000e+00
 8.353e+01 3.9194e-18 3.9194e-18 [ 5.5461e-77 1.8477e-37 3.1572e-24 3.2031e-18 7.1625e-19 ] 1.0000e+00
 8.364e+01 3.4582e-18 3.4582e-18 [ 3.3713e-77 1.4115e-37 2.6534e-24 2.8242e-18 6.3402e-19 ] 1.0000e+00
 8.375e+01 3.0506e-18 3.0506e-18 [ 2.0483e-77 1.0779e-37 2.2293e-24 2.4895e-18 5.6111e-19 ] 1.0000e+00
 8.387e+01 2.6904e-18 2.6904e-18 [ 1.2438e-77 8.2273e-38 1.8725e-24 2.1939e-18 4.9647e-19 ] 1.0000e+00
 8.398e+01 2.3722e-18 2.3722e-18 [ 7.5494e-78 6.2774e-38 1.5723e-24 1.9331e-18 4.3917e-19 ] 1.0000e+00
 8.409e+01 2.0912e-18 2.0912e-18 [ 4.5798e-78 4.7877e-38 1.3199e-24 1.7028e-18 3.8840e-19 ] 1.0000e+00
 8.421e+01 1.8431e-18 1.8431e-18 [ 2.7769e-78 3.6500e-38 1.1077e-24 1.4997e-18 3.4342e-19 ] 1.0000e+00
 8.432e+01 1.6241e-18 1.6241e-18 [ 1.6829e-78 2.7815e-38 9.2932e-25 1.3205e-18 3.0358e-19 ] 1.0000e+00
 8.443e+01 1.4307e-18 1.4307e-18 [ 1.0194e-78 2.1188e-38 7.7945e-25 1.1624e-18 2.6829e-19 ] 1.0000e+00
 8.455e+01 1.2601e-18 1.2601e-18 [ 6.1715e-79 1.6133e-38 6.5356e-25 1.0231e-18 2.3706e-19 ] 1.0000e+00
 8.466e+01 1.1096e-18 1.1096e-18 [ 3.7345e-79 1.2279e-38 5.4785e-25 9.0021e-19 2.0941e-19 ] 1.0000e+00
 8.477e+01 9.7688e-19 9.7688e-19 [ 2.2587e-79 9.3417e-39 4.5910e-25 7.9194e-19 1.8495e-19 ] 1.0000e+00
 8.489e+01 8.5983e-19 8.5983e-19 [ 1.3654e-79 7.1042e-39 3.8462e-25 6.9653e-19 1.6330e-19 ] 1.0000e+00
 8.500e+01 7.5663e-19 7.5663e-19 [ 8.2495e-80 5.4003e-39 3.2213e-25 6.1248e-19 1.4416e-19 ] 1.0000e+00
 8.511e+01 6.6568e-19 6.6568e-19 [ 4.9818e-80 4.1034e-39 2.6972e-25 5.3845e-19 1.2723e-19 ] 1.0000e+00
 8.523e+01 5.8552e-19 5.8552e-19 [ 3.0069e-80 3.1166e-39 2.2577e-25 4.7326e-19 1.1226e-19 ] 1.0000e+00
 8.534e+01 5.1491e-19 5.1491e-19 [ 1.8140e-80 2.3662e-39 1.8892e-25 4.1588e-19 9.9031e-20 ] 1.0000e+00
 8.545e+01 4.5271e-19 4.5271e-19 [ 1.0938e-80 1.7956e-39 1.5805e-25 3.6537e-19 8.7341e-20 ] 1.0000e+00
 8.557e+01 3.9793e-19 3.9793e-19 [ 6.5918e-81 1.3621e-39 1.3218e-25 3.2092e-19 7.7013e-20 ] 1.0000e+00
 8.568e+01 3.4971e-19 3.4971e-19 [ 3.9706e-81 1.0328e-39 1.1051e-25 2.8182e-19 6.7891e-20 ] 1.0000e+00
 8.579e+01 3.0726e-19 3.0726e-19 [ 2.3905e-81 7.8279e-40 9.2370e-26 2.4743e-19 5.9836e-20 ] 1.0000e+00
 8.591e+01 2.6991e-19 2.6991e-19 [ 1.4384e-81 5.9304e-40 7.7184e-26 2.1718e-19 5.2725e-20 ] 1.0000e+00
 8.602e+01 2.3704e-19 2.3704e-19 [ 8.6510e-82 4.4910e-40 6.4476e-26 1.9059e-19 4.6448e-20 ] 1.0000e+00
 8.613e+01 2.0813e-19 2.0813e-19 [ 5.2003e-82 3.3994e-40 5.3844e-26 1.6722e-19 4.0909e-20 ] 1.0000e+00
 8.625e+01 1.8271e-19 1.8271e-19 [ 3.1243e-82 2.5721e-40 4.4953e-26 1.4669e-19 3.6022e-20 ] 1.0000e+00
 8.636e+01 1.6035e-19 1.6035e-19 [ 1.8762e-82 1.9452e-40 3.7519e-26 1.2864e-19 3.1712e-20 ] 1.0000e+00
 8.647e+01 1.4070e-19 1.4070e-19 [ 1.1260e-82 1.4705e-40 3.1305e-26 1.1279e-19 2.7911e-20 ] 1.0000e+00
 8.659e+01 1.2343e-19 1.2343e-19 [ 6.7548e-83 1.1112e-40 2.6113e-26 9.8874e-20 2.4560e-20 ] 1.0000e+00
 8.670e+01 1.0826e-19 1.0826e-19 [ 4.0499e-83 8.3928e-41 2.1775e-26 8.6654e-20 2.1607e-20 ] 1.0000e+00
 8.681e+01 9.4932e-20 9.4932e-20 [ 2.4269e-83 6.3363e-41 1.8153e-26 7.5928e-20 1.9004e-20 ] 1.0000e+00
 8.693e+01 8.3225e-20 8.3225e-20 [ 1.4535e-83 4.7816e-41 1.5128e-26 6.6514e-20 1.6711e-20 ] 1.0000e+00
 8.704e+01 7.2946e-20 7.2946e-20 [ 8.7011e-84 3.6068e-41 1.2604e-26 5.8255e-20 1.4691e-20 ] 1.0000e+00
 8.715e+01 6.3923e-20 6.3923e-20 [ 5.2059e-84 2.7194e-41 1.0498e-26 5.1010e-20 1.2913e-20 ] 1.0000e+00
 8.727e+01 5.6003e-20 5.6003e-20 [ 3.1131e-84 2.0494e-41 8.7411e-27 4.4656e-20 1.1347e-20 ] 1.0000e+00
 8.738e+01 4.9054e-20 4.9054e-20 [ 1.8606e-84 1.5438e-41 7.2761e-27 3.9085e-20 9.9689e-21 ] 1.0000e+00
 8.749e+01 4.2958e-20 4.2958e-20 [ 1.1114e-84 1.1624e-41 6.0548e-27 3.4202e-20 8.7561e-21 ] 1.0000e+00
 8.761e+01 3.7611e-20 3.7611e-20 [ 6.6358e-85 8.7480e-42 5.0370e-27 2.9922e-20 7.6892e-21 ] 1.0000e+00
 8.772e+01 3.2922e-20 3.2922e-20 [ 3.9597e-85 6.5808e-42 4.1890e-27 2.6172e-20 6.7507e-21 ] 1.0000e+00
 8.783e+01 2.8812e-20 2.8812e-20 [ 2.3616e-85 4.9481e-42 3.4827e-27 2.2886e-20 5.9254e-21 ] 1.0000e+00
 8.795e+01 2.5209e-20 2.5209e-20 [ 1.4077e-85 3.7188e-42 2.8946e-27 2.0009e-20 5.1998e-21 ] 1.0000e+00
 8.806e+01 2.2052e-20 2.2052e-20 [ 8.3865e-86 2.7936e-42 2.4050e-27 1.7490e-20 4.5621e-21 ] 1.0000e+00
 8.817e+01 1.9286e-20 1.9286e-20 [ 4.9936e-86 2.0976e-42 1.9977e-27 1.5284e-20 4.0016e-21 ] 1.0000e+00
 8.829e+01 1.6863e-20 1.6863e-20 [ 2.9718e-86 1.5743e-42 1.6588e-27 1.3354e-20 3.5092e-21 ] 1.0000e+00
 8.840e+01 1.4742e-20 1.4742e-20 [ 1.7676e-86 1.1809e-42 1.3769e-27 1.1665e-20 3.0767e-21 ] 1.0000e+00
 8.851e+01 1.2884e-20 1.2884e-20 [ 1.0508e-86 8.8547e-43 1.1426e-27 1.0187e-20 2.6969e-21 ] 1.0000e+00
 8.863e+01 1.1258e-20 1.1258e-20 [ 6.2431e-87 6.6360e-43 9.4788e-28 8.8946e-21 2.3635e-21 ] 1.0000e+00
 8.874e+01 9.8352e-21 9.8352e-21 [ 3.7073e-87 4.9708e-43 7.8608e-28 7.7644e-21 2.0708e-21 ] 1.0000e+00
 8.885e+01 8.5903e-21 8.5903e-21 [ 2.2002e-87 3.7217e-43 6.5168e-28 6.7764e-21 1.8139e-21 ] 1.0000e+00
 8.897e+01 7.5013e-21 7.5013e-21 [ 1.3051e-87 2.7851e-43 5.4008e-28 5.9127e-21 1.5886e-21 ] 1.0000e+00
 8.908e+01 6.5489e-21 6.5489e-21 [ 7.7369e-88 2.0831e-43 4.4745e-28 5.1580e-21 1.3909e-21 ] 1.0000e+00
 8.919e+01 5.7162e-21 5.7162e-21 [ 4.5841e-88 1.5574e-43 3.7058e-28 4.4987e-21 1.2175e-21 ] 1.0000e+00
 8.931e+01 4.9883e-21 4.9883e-21 [ 2.7145e-88 1.1637e-43 3.0681e-28 3.9227e-21 1.0656e-21 ] 1.0000e+00
 8.942e+01 4.3521e-21 4.3521e-21 [ 1.6065e-88 8.6910e-44 2.5393e-28 3.4198e-21 9.3234e-22 ] 1.0000e+00
 8.953e+01 3.7963e-21 3.7963e-21 [ 9.5025e-89 6.4875e-44 2.1009e-28 2.9807e-21 8.1559e-22 ] 1.0000e+00
 8.965e+01 3.3107e-21 3.3107e-21 [ 5.6175e-89 4.8403e-44 1.7376e-28 2.5974e-21 7.1330e-22 ] 1.0000e+00
 8.976e+01 2.8866e-21 2.8866e-21 [ 3.3189e-89 3.6094e-44 1.4366e-28 2.2629e-21 6.2370e-22 ] 1.0000e+00
 8.987e+01 2.5162e-21 2.5162e-21 [ 1.9597e-89 2.6901e-44 1.1873e-28 1.9710e-21 5.4523e-22 ] 1.0000e+00
 8.999e+01 2.1929e-21 2.1929e-21 [ 1.1565e-89 2.0039e-44 9.8092e-29 1.7164e-21 4.7652e-22 ] 1.0000e+00
 9.010e+01 1.9108e-21 1.9108e-21 [ 6.8210e-90 1.4920e-44 8.1012e-29 1.4944e-21 4.1638e-22 ] 1.0000e+00
 9.021e+01 1.6645e-21 1.6645e-21 [ 4.0206e-90 1.1102e-44 6.6881e-29 1.3008e-21 3.6375e-22 ] 1.0000e+00
 9.033e+01 1.4497e-21 1.4497e-21 [ 2.3686e-90 8.2570e-45 5.5194e-29 1.1320e-21 3.1770e-22 ] 1.0000e+00
 9.044e+01 1.2623e-21 1.2623e-21 [ 1.3945e-90 6.1376e-45 4.5532e-29 9.8493e-22 2.7742e-22 ] 1.0000e+00
 9.055e+01 1.0990e-21 1.0990e-21 [ 8.2052e-91 4.5598e-45 3.7547e-29 8.5677e-22 2.4219e-22 ] 1.0000e+00
 9.067e+01 9.5650e-22 9.5650e-22 [ 4.8250e-91 3.3857e-45 3.0950e-29 7.4512e-22 2.1139e-22 ] 1.0000e+00
 9.078e+01 8.3234e-22 8.3234e-22 [ 2.8356e-91 2.5125e-45 2.5502e-29 6.4788e-22 1.8446e-22 ] 1.0000e+00
 9.089e+01 7.2413e-22 7.2413e-22 [ 1.6655e-91 1.8634e-45 2.1004e-29 5.6321e-22 1.6093e-22 ] 1.0000e+00
 9.101e+01 6.2986e-22 6.2986e-22 [ 9.7760e-92 1.3813e-45 1.7293e-29 4.8949e-22 1.4037e-22 ] 1.0000e+00
 9.112e+01 5.4774e-22 5.4774e-22 [ 5.7347e-92 1.0233e-45 1.4231e-29 4.2533e-22 1.2240e-22 ] 1.0000e+00
 9.123e+01 4.7622e-22 4.7622e-22 [ 3.3620e-92 7.5764e-46 1.1706e-29 3.6950e-22 1.0672e-22 ] 1.0000e+00
 9.135e+01 4.1395e-22 4.1395e-22 [ 1.9697e-92 5.6062e-46 9.6256e-30 3.2093e-22 9.3018e-23 ] 1.0000e+00
 9.146e+01 3.5974e-22 3.5974e-22 [ 1.1533e-92 4.1459e-46 7.9111e-30 2.7868e-22 8.1060e-23 ] 1.0000e+00
 9.157e+01 3.1257e-22 3.1257e-22 [ 6.7485e-93 3.0642e-46 6.4991e-30 2.4194e-22 7.0624e-23 ] 1.0000e+00
 9.169e+01 2.7152e-22 2.7152e-22 [ 3.9463e-93 2.2633e-46 5.3366e-30 2.1000e-22 6.1518e-23 ] 1.0000e+00
 9.180e+01 2.3581e-22 2.3581e-22 [ 2.3062e-93 1.6707e-46 4.3801e-30 1.8224e-22 5.3573e-23 ] 1.0000e+00
 9.191e+01 2.0475e-22 2.0475e-22 [ 1.3468e-93 1.2325e-46 3.5933e-30 1.5811e-22 4.6645e-23 ] 1.0000e+00
 9.203e+01 1.7775e-22 1.7775e-22 [ 7.8606e-94 9.0870e-47 2.9464e-30 1.3714e-22 4.0603e-23 ] 1.0000e+00
 9.214e+01 1.5427e-22 1.5427e-22 [ 4.5846e-94 6.6952e-47 2.4147e-30 1.1893e-22 3.5336e-23 ] 1.0000e+00
 9.225e+01 1.3387e-22 1.3387e-22 [ 2.6721e-94 4.9298e-47 1.9780e-30 1.0312e-22 3.0745e-23 ] 1.0000e+00
 9.237e+01 1.1613e-22 1.1613e-22 [ 1.5564e-94 3.6276e-47 1.6195e-30 8.9389e-23 2.6745e-23 ] 1.0000e+00
 9.248e+01 1.0073e-22 1.0073e-22 [ 9.0591e-95 2.6675e-47 1.3252e-30 7.7469e-23 2.3260e-23 ] 1.0000e+00
 9.259e+01 8.7349e-23 8.7349e-23 [ 5.2693e-95 1.9603e-47 1.0838e-30 6.7124e-23 2.0225e-23 ] 1.0000e+00
 9.271e+01 7.5729e-23 7.5729e-23 [ 3.0628e-95 1.4396e-47 8.8593e-31 5.8147e-23 1.7582e-23 ] 1.0000e+00
 9.282e+01 6.5641e-23 6.5641e-23 [ 1.7790e-95 1.0564e-47 7.2377e-31 5.0360e-23 1.5281e-23 ] 1.0000e+00
 9.293e+01 5.6884e-23 5.6884e-23 [ 1.0326e-95 7.7475e-48 5.9095e-31 4.3606e-23 1.3278e-23 ] 1.0000e+00
 9.305e+01 4.9285e-23 4.9285e-23 [ 5.9889e-96 5.6776e-48 4.8222e-31 3.7750e-23 1.1535e-23 ] 1.0000e+00
 9.316e+01 4.2692e-23 4.2692e-23 [ 3.4711e-96 4.1578e-48 3.9326e-31 3.2673e-23 1.0019e-23 ] 1.0000e+00
 9.327e+01 3.6972e-23 3.6972e-23 [ 2.0103e-96 3.0426e-48 3.2051e-31 2.8273e-23 8.6995e-24 ] 1.0000e+00
 9.339e+01 3.2012e-23 3.2012e-23 [ 1.1634e-96 2.2248e-48 2.6106e-31 2.4459e-23 7.5525e-24 ] 1.0000e+00
 9.350e+01 2.7711e-23 2.7711e-23 [ 6.7274e-97 1.6257e-48 2.1250e-31 2.1156e-23 6.5553e-24 ] 1.0000e+00
 9.361e+01 2.3983e-23 2.3983e-23 [ 3.8873e-97 1.1869e-48 1.7286e-31 1.8294e-23 5.6885e-24 ] 1.0000e+00
 9.373e+01 2.0752e-23 2.0752e-23 [ 2.2444e-97 8.6594e-49 1.4052e-31 1.5816e-23 4.9352e-24 ] 1.0000e+00
 9.384e+01 1.7952e-23 1.7952e-23 [ 1.2948e-97 6.3126e-49 1.1415e-31 1.3671e-23 4.2807e-24 ] 1.0000e+00
 9.395e+01 1.5526e-23 1.5526e-23 [ 7.4639e-98 4.5981e-49 9.2661e-32 1.1814e-23 3.7122e-24 ] 1.0000e+00
 9.407e+01 1.3425e-23 1.3425e-23 [ 4.2990e-98 3.3465e-49 7.5164e-32 1.0207e-23 3.2185e-24 ] 1.0000e+00
 9.418e+01 1.1606e-23 1.1606e-23 [ 2.4740e-98 2.4335e-49 6.0925e-32 8.8162e-24 2.7898e-24 ] 1.0000e+00
 9.429e+01 1.0031e-23 1.0031e-23 [ 1.4225e-98 1.7681e-49 4.9346e-32 7.6134e-24 2.4177e-24 ] 1.0000e+00
 9.441e+01 8.6679e-24 8.6679e-24 [ 8.1723e-99 1.2835e-49 3.9936e-32 6.5731e-24 2.0947e-24 ] 1.0000e+00
 9.452e+01 7.4882e-24 7.4882e-24 [ 4.6907e-99 9.3095e-50 3.2294e-32 5.6737e-24 1.8145e-24 ] 1.0000e+00
 9.463e+01 6.4676e-24 6.4676e-24 [ 2.6899e-99 6.7459e-50 2.6093e-32 4.8961e-24 1.5715e-24 ] 1.0000e+00
 9.475e+01 5.5847e-24 5.5847e-24 [ 1.5411e-99 4.8837e-50 2.1064e-32 4.2241e-24 1.3607e-24 ] 1.0000e+00
 9.486e+01 4.8213e-24 4.8213e-24 [ 8.8213e-100 3.5322e-50 1.6990e-32 3.6434e-24 1.1779e-24 ] 1.0000e+00
 9.497e+01 4.1612e-24 4.1612e-24 [ 5.0442e-100 2.5522e-50 1.3691e-32 3.1418e-24 1.0194e-24 ] 1.0000e+00
 9.509e+01 3.5906e-24 3.5906e-24 [ 2.8816e-100 1.8423e-50 1.1022e-32 2.7085e-24 8.8206e-25 ] 1.0000e+00
 9.520e+01 3.0974e-24 3.0974e-24 [ 1.6444e-100 1.3284e-50 8.8650e-33 2.3344e-24 7.6306e-25 ] 1.0000e+00
 9.531e+01 2.6713e-24 2.6713e-24 [ 9.3745e-101 9.5691e-51 7.1228e-33 2.0113e-24 6.5997e-25 ] 1.0000e+00
 9.543e+01 2.3032e-24 2.3032e-24 [ 5.3384e-101 6.8853e-51 5.7171e-33 1.7325e-24 5.7068e-25 ] 1.0000e+00
 9.554e+01 1.9853e-24 1.9853e-24 [ 3.0366e-101 4.9486e-51 4.5838e-33 1.4920e-24 4.9336e-25 ] 1.0000e+00
 9.565e+01 1.7108e-24 1.7108e-24 [ 1.7253e-101 3.5526e-51 3.6711e-33 1.2844e-24 4.2642e-25 ] 1.0000e+00
 9.577e+01 1.4738e-24 1.4738e-24 [ 9.7912e-102 2.5473e-51 2.9367e-33 1.1053e-24 3.6848e-25 ] 1.0000e+00
 9.588e+01 1.2693e-24 1.2693e-24 [ 5.5497e-102 1.8242e-51 2.3464e-33 9.5092e-25 3.1835e-25 ] 1.0000e+00
 9.599e+01 1.0928e-24 1.0928e-24 [ 3.1416e-102 1.3047e-51 1.8724e-33 8.1778e-25 2.7497e-25 ] 1.0000e+00
 9.611e+01 9.4047e-25 9.4047e-25 [ 1.7761e-102 9.3190e-52 1.4922e-33 7.0302e-25 2.3745e-25 ] 1.0000e+00
 9.622e+01 8.0912e-25 8.0912e-25 [ 1.0027e-102 6.6469e-52 1.1876e-33 6.0411e-25 2.0501e-25 ] 1.0000e+00
 9.633e+01 6.9584e-25 6.9584e-25 [ 5.6528e-103 4.7341e-52 9.4383e-34 5.1889e-25 1.7695e-25 ] 1.0000e+00
 9.645e+01 5.9818e-25 5.9818e-25 [ 3.1820e-103 3.3666e-52 7.4896e-34 4.4547e-25 1.5271e-25 ] 1.0000e+00
 9.656e+01 5.1399e-25 5.1399e-25 [ 1.7884e-103 2.3904e-52 5.9340e-34 3.8224e-25 1.3175e-25 ] 1.0000e+00
 9.667e+01 4.4144e-25 4.4144e-25 [ 1.0035e-103 1.6944e-52 4.6937e-34 3.2779e-25 1.1365e-25 ] 1.0000e+00
 9.679e+01 3.7892e-25 3.7892e-25 [ 5.6209e-104 1.1989e-52 3.7062e-34 2.8091e-25 9.8005e-26 ] 1.0000e+00
 9.690e+01 3.2506e-25 3.2506e-25 [ 3.1428e-104 8.4678e-53 2.9210e-34 2.4056e-25 8.4496e-26 ] 1.0000e+00
 9.701e+01 2.7867e-25 2.7867e-25 [ 1.7538e-104 5.9689e-53 2.2977e-34 2.0584e-25 7.2831e-26 ] 1.0000e+00
 9.713e+01 2.3872e-25 2.3872e-25 [ 9.7667e-105 4.1987e-53 1.8037e-34 1.7596e-25 6.2760e-26 ] 1.0000e+00
 9.724e+01 2.0432e-25 2.0432e-25 [ 5.4271e-105 2.9469e-53 1.4127e-34 1.5025e-25 5.4066e-26 ] 1.0000e+00
 9.735e+01 1.7471e-25 1.7471e-25 [ 3.0086e-105 2.0635e-53 1.1038e-34 1.2815e-25 4.6563e-26 ] 1.0000e+00
 9.747e+01 1.4922e-25 1.4922e-25 [ 1.6637e-105 1.4412e-53 8.6029e-35 1.0913e-25 4.0087e-26 ] 1.0000e+00
 9.758e+01 1.2728e-25 1.2728e-25 [ 9.1750e-106 1.0038e-53 6.6862e-35 9.2782e-26 3.4500e-26 ] 1.0000e+00
 9.769e+01 1.0840e-25 1.0840e-25 [ 5.0449e-106 6.9704e-54 5.1808e-35 7.8723e-26 2.9678e-26 ] 1.0000e+00
 9.781e+01 9.2154e-26 9.2154e-26 [ 2.7650e-106 4.8246e-54 4.0010e-35 6.6637e-26 2.5518e-26 ] 1.0000e+00
 9.792e+01 7.8172e-26 7.8172e-26 [ 1.5101e-106 3.3274e-54 3.0785e-35 5.6245e-26 2.1927e-26 ] 1.0000e+00
 9.803e+01 6.6138e-26 6.6138e-26 [ 8.2149e-107 2.2858e-54 2.3591e-35 4.7311e-26 1.8827e-26 ] 1.0000e+00
 9.815e+01 5.5778e-26 5.5778e-26 [ 4.4495e-107 1.5633e-54 1.7994e-35 3.9630e-26 1.6148e-26 ] 1.0000e+00
 9.826e+01 4.6858e-26 4.6858e-26 [ 2.3983e-107 1.0639e-54 1.3654e-35 3.3026e-26 1.3832e-26 ] 1.0000e+00
 9.837e+01 3.9175e-26 3.9175e-26 [ 1.2855e-107 7.1996e-55 1.0297e-35 2.7348e-26 1.1827e-26 ] 1.0000e+00
 9.849e+01 3.2554e-26 3.2554e-26 [ 6.8462e-108 4.8403e-55 7.7101e-36 2.2468e-26 1.0086e-26 ] 1.0000e+00
 9.860e+01 2.6845e-26 2.6845e-26 [ 3.6193e-108 3.2294e-55 5.7237e-36 1.8275e-26 8.5700e-27 ] 1.0000e+00
 9.871e+01 2.1921e-26 2.1921e-26 [ 1.8967e-108 2.1350e-55 4.2046e-36 1.4678e-26 7.2430e-27 ] 1.0000e+00
 9.883e+01 1.7671e-26 1.7671e-26 [ 9.8354e-109 1.3957e-55 3.0481e-36 1.1598e-26 6.0736e-27 ] 1.0000e+00
 9.894e+01 1.4006e-26 1.4006e-26 [ 5.0348e-109 8.9958e-56 2.1723e-36 8.9721e-27 5.0340e-27 ] 1.0000e+00
 9.905e+01 1.0849e-26 1.0849e-26 [ 2.5354e-109 5.6903e-56 1.5132e-36 6.7488e-27 4.1000e-27 ] 1.0000e+00
 9.917e+01 8.1392e-27 8.1392e-27 [ 1.2495e-109 3.5073e-56 1.0214e-36 4.8868e-27 3.2523e-27 ] 1.0000e+00
 9.928e+01 5.8320e-27 5.8320e-27 [ 5.9733e-110 2.0811e-56 6.5876e-37 3.3545e-27 2.4775e-27 ] 1.0000e+00
 9.939e+01 3.8980e-27 3.8980e-27 [ 2.7256e-110 1.1629e-56 3.9617e-37 2.1276e-27 1.7705e-27 ] 1.0000e+00
 9.951e+01 2.3256e-27 2.3256e-27 [ 1.1463e-110 5.8567e-57 2.1208e-37 1.1887e-27 1.1369e-27 ] 1.0000e+00
 9.962e+01 1.1236e-27 1.1236e-27 [ 4.0586e-111 2.3981e-57 9.0924e-38 5.2582e-28 5.9778e-28 ] 1.0000e+00
 9.973e+01 3.2637e-28 3.2637e-28 [ 8.7656e-112 5.6999e-58 2.2239e-38 1.3122e-28 1.9515e-28 ] 1.0000e+00
 9.985e+01 0.0000e+00 0.0000e+00 [ 0.0000e+00 0.0000e+00 0.0000e+00 0.0000e+00 0.0000e+00 ] 1.0000e+00
