 0.000e+00 0.0000e+00 [ 0.0000e+00 ] 1.0000e+00
 1.133e-01 4.0754e-02 [ 4.0754e-02 ] 9.5925e-01
 2.267e-01 8.5716e-02 [ 8.5716e-02 ] 9.1428e-01
 3.400e-01 1.2694e-01 [ 1.2694e-01 ] 8.7306e-01
 4.533e-01 1.8002e-01 [ 1.8002e-01 ] 8.1998e-01
 5.667e-01 2.5374e-01 [ 2.5374e-01 ] 7.4626e-01
 6.800e-01 3.5454e-01 [ 3.5454e-01 ] 6.4546e-01
 7.933e-01 4.8132e-01 [ 4.8132e-01 ] 5.1868e-01
 9.067e-01 6.1925e-01 [ 6.1925e-01 ] 3.8075e-01
 1.020e+00 7.4151e-01 [ 7.4151e-01 ] 2.5849e-01
 1.133e+00 8.2617e-01 [ 8.2617e-01 ] 1.7383e-01
 1.247e+00 8.7214e-01 [ 8.7214e-01 ] 1.2786e-01
 1.360e+00 8.9280e-01 [ 8.9280e-01 ] 1.0720e-01
 1.473e+00 9.0092e-01 [ 9.0092e-01 ] 9.9078e-02
 1.587e+00 9.0367e-01 [ 9.0367e-01 ] 9.6328e-02
 1.700e+00 9.0428e-01 [ 9.0428e-01 ] 9.5722e-02
 1.813e+00 9.0407e-01 [ 9.0407e-01 ] 9.5933e-02
 1.927e+00 9.0357e-01 [ 9.0357e-01 ] 9.6433e-02
 2.040e+00 9.0298e-01 [ 9.0298e-01 ] 9.7016e-02
 2.153e+00 9.0240e-01 [ 9.0240e-01 ] 9.7602e-02
 2.267e+00 9.0184e-01 [ 9.0184e-01 ] 9.8161e-02
 2.380e+00 9.0132e-01 [ 9.0132e-01 ] 9.8683e-02
 2.493e+00 9.0083e-01 [ 9.0083e-01 ] 9.9168e-02
 2.607e+00 9.0039e-01 [ 9.0039e-01 ] 9.9614e-02
 2.720e+00 8.9998e-01 [ 8.9998e-01 ] 1.0002e-01
 2.833e+00 8.9960e-01 [ 8.9960e-01 ] 1.0040e-01
 2.947e+00 8.9925e-01 [ 8.9925e-01 ] 1.0075e-01
 3.060e+00 8.9893e-01 [ 8.9893e-01 ] 1.0107e-01
 3.173e+00 8.9864e-01 [ 8.9864e-01 ] 1.0136e-01
 3.287e+00 8.9837e-01 [ 8.9837e-01 ] 1.0163e-01
 3.400e+00 8.9812e-01 [ 8.9812e-01 ] 1.0188e-01
 3.513e+00 8.9789e-01 [ 8.9789e-01 ] 1.0211e-01
 3.627e+00 8.9769e-01 [ 8.9769e-01 ] 1.0231e-01
 3.740e+00 8.9749e-01 [ 8.9749e-01 ] 1.0251e-01
 3.853e+00 8.9731e-01 [ 8.9731e-01 ] 1.0269e-01
 3.967e+00 8.9715e-01 [ 8.9715e-01 ] 1.0285e-01
 4.080e+00 8.9700e-01 [ 8.9700e-01 ] 1.0300e-01
 4.193e+00 8.9686e-01 [ 8.9686e-01 ] 1.0314e-01
 4.307e+00 8.9673e-01 [ 8.9673e-01 ] 1.0327e-01
 4.420e+00 8.9661e-01 [ 8.9661e-01 ] 1.0339e-01
 4.533e+00 8.9650e-01 [ 8.9650e-01 ] 1.0350e-01
 4.647e+00 8.9639e-01 [ 8.9639e-01 ] 1.0361e-01
 4.760e+00 8.9630e-01 [ 8.9630e-01 ] 1.0370e-01
 4.873e+00 8.9620e-01 [ 8.9620e-01 ] 1.0380e-01
 4.987e+00 8.9612e-01 [ 8.9612e-01 ] 1.0388e-01
 5.100e+00 8.9604e-01 [ 8.9604e-01 ] 1.0396e-01
 5.213e+00 8.9596e-01 [ 8.9596e-01 ] 1.0404e-01
 5.327e+00 8.9589e-01 [ 8.9589e-01 ] 1.0411e-01
 5.440e+00 8.9582e-01 [ 8.9582e-01 ] 1.0418e-01
 5.553e+00 8.9576e-01 [ 8.9576e-01 ] 1.0424e-01
 5.667e+00 8.9569e-01 [ 8.9569e-01 ] 1.0431e-01
 5.780e+00 8.9564e-01 [ 8.9564e-01 ] 1.0436e-01
 5.893e+00 8.9558e-01 [ 8.9558e-01 ] 1.0442e-01
 6.007e+00 8.9552e-01 [ 8.9552e-01 ] 1.0448e-01
 6.120e+00 8.9547e-01 [ 8.9547e-01 ] 1.0453e-01
 6.233e+00 8.9542e-01 [ 8.9542e-01 ] 1.0458e-01
 6.347e+00 8.9537e-01 [ 8.9537e-01 ] 1.0463e-01
 6.460e+00 8.9532e-01 [ 8.9532e-01 ] 1.0468e-01
 6.573e+00 8.9527e-01 [ 8.9527e-01 ] 1.0473e-01
 6.687e+00 8.9522e-01 [ 8.9522e-01 ] 1.0478e-01
 6.800e+00 8.9518e-01 [ 8.9518e-01 ] 1.0482e-01
 6.913e+00 8.9513e-01 [ 8.9513e-01 ] 1.0487e-01
 7.027e+00 8.9509e-01 [ 8.9509e-01 ] 1.0491e-01
 7.140e+00 8.9504e-01 [ 8.9504e-01 ] 1.0496e-01
 7.253e+00 8.9500e-01 [ 8.9500e-01 ] 1.0500e-01
 7.367e+00 8.9495e-01 [ 8.9495e-01 ] 1.0505e-01
 7.480e+00 8.9491e-01 [ 8.9491e-01 ] 1.0509e-01
 7.593e+00 8.9487e-01 [ 8.9487e-01 ] 1.0513e-01
 7.707e+00 8.9482e-01 [ 8.9482e-01 ] 1.0518e-01
 7.820e+00 8.9478e-01 [ 8.9478e-01 ] 1.0522e-01
 7.933e+00 8.9474e-01 [ 8.9474e-01 ] 1.0526e-01
 8.047e+00 8.9469e-01 [ 8.9469e-01 ] 1.0531e-01
 8.160e+00 8.9465e-01 [ 8.9465e-01 ] 1.0535e-01
 8.273e+00 8.9461e-01 [ 8.9461e-01 ] 1.0539e-01
 8.387e+00 8.9456e-01 [ 8.9456e-01 ] 1.0544e-01
 8.500e+00 8.9452e-01 [ 8.9452e-01 ] 1.0548e-01
 8.613e+00 8.9447e-01 [ 8.9447e-01 ] 1.0553e-01
 8.727e+00 8.9443e-01 [ 8.9443e-01 ] 1.0557e-01
 8.840e+00 8.9439e-01 [ 8.9439e-01 ] 1.0561e-01
 8.953e+00 8.9434e-01 [ 8.9434e-01 ] 1.0566e-01
 9.067e+00 8.9430e-01 [ 8.9430e-01 ] 1.0570e-01
 9.180e+00 8.9425e-01 [ 8.9425e-01 ] 1.0575e-01
 9.293e+00 8.9421e-01 [ 8.9421e-01 ] 1.0579e-01
 9.407e+00 8.9416e-01 [ 8.9416e-01 ] 1.0584e-01
 9.520e+00 8.9411e-01 [ 8.9411e-01 ] 1.0589e-01
 9.633e+00 8.9407e-01 [ 8.9407e-01 ] 1.0593e-01
 9.747e+00 8.9402e-01 [ 8.9402e-01 ] 1.0598e-01
 9.860e+00 8.9398e-01 [ 8.9398e-01 ] 1.0602e-01
 9.973e+00 8.9393e-01 [ 8.9393e-01 ] 1.0607e-01
 1.009e+01 8.9388e-01 [ 8.9388e-01 ] 1.0612e-01
 1.020e+01 8.9383e-01 [ 8.9383e-01 ] 1.0617e-01
 1.031e+01 8.9379e-01 [ 8.9379e-01 ] 1.0621e-01
 1.043e+01 8.9374e-01 [ 8.9374e-01 ] 1.0626e-01
 1.054e+01 8.9369e-01 [ 8.9369e-01 ] 1.0631e-01
 1.065e+01 8.9364e-01 [ 8.9364e-01 ] 1.0636e-01
 1.077e+01 8.9359e-01 [ 8.9359e-01 ] 1.0641e-01
 1.088e+01 8.9355e-01 [ 8.9355e-01 ] 1.0645e-01
 1.099e+01 8.9350e-01 [ 8.9350e-01 ] 1.0650e-01
 1.111e+01 8.9345e-01 [ 8.9345e-01 ] 1.0655e-01
 1.122e+01 8.9340e-01 [ 8.9340e-01 ] 1.0660e-01
 1.133e+01 8.9335e-01 [ 8.9335e-01 ] 1.0665e-01
 1.145e+01 8.9331e-01 [ 8.9331e-01 ] 1.0669e-01
 1.156e+01 8.9326e-01 [ 8.9326e-01 ] 1.0674e-01
 1.167e+01 8.9321e-01 [ 8.9321e-01 ] 1.0679e-01
 1.179e+01 8.9316e-01 [ 8.9316e-01 ] 1.0684e-01
 1.190e+01 8.9312e-01 [ 8.9312e-01 ] 1.0688e-01
 1.201e+01 8.9307e-01 [ 8.9307e-01 ] 1.0693e-01
 1.213e+01 8.9302e-01 [ 8.9302e-01 ] 1.0698e-01
 1.224e+01 8.9298e-01 [ 8.9298e-01 ] 1.0702e-01
 1.235e+01 8.9294e-01 [ 8.9294e-01 ] 1.0706e-01
 1.247e+01 8.9289e-01 [ 8.9289e-01 ] 1.0711e-01
 1.258e+01 8.9285e-01 [ 8.9285e-01 ] 1.0715e-01
 1.269e+01 8.9281e-01 [ 8.9281e-01 ] 1.0719e-01
 1.281e+01 8.9277e-01 [ 8.9277e-01 ] 1.0723e-01
 1.292e+01 8.9273e-01 [ 8.9273e-01 ] 1.0727e-01
 1.303e+01 8.9270e-01 [ 8.9270e-01 ] 1.0730e-01
 1.315e+01 8.9266e-01 [ 8.9266e-01 ] 1.0734e-01
 1.326e+01 8.9263e-01 [ 8.9263e-01 ] 1.0737e-01
 1.337e+01 8.9261e-01 [ 8.9261e-01 ] 1.0739e-01
 1.349e+01 8.9258e-01 [ 8.9258e-01 ] 1.0742e-01
 1.360e+01 8.9256e-01 [ 8.9256e-01 ] 1.0744e-01
 1.371e+01 8.9254e-01 [ 8.9254e-01 ] 1.0746e-01
 1.383e+01 8.9253e-01 [ 8.9253e-01 ] 1.0747e-01
 1.394e+01 8.9252e-01 [ 8.9252e-01 ] 1.0748e-01
 1.405e+01 8.9252e-01 [ 8.9252e-01 ] 1.0748e-01
 1.417e+01 8.9252e-01 [ 8.9252e-01 ] 1.0748e-01
 1.428e+01 8.9253e-01 [ 8.9253e-01 ] 1.0747e-01
 1.439e+01 8.9255e-01 [ 8.9255e-01 ] 1.0745e-01
 1.451e+01 8.9258e-01 [ 8.9258e-01 ] 1.0742e-01
 1.462e+01 8.9261e-01 [ 8.9261e-01 ] 1.0739e-01
 1.473e+01 8.9266e-01 [ 8.9266e-01 ] 1.0734e-01
 1.485e+01 8.9271e-01 [ 8.9271e-01 ] 1.0729e-01
 1.496e+01 8.9278e-01 [ 8.9278e-01 ] 1.0722e-01
 1.507e+01 8.9286e-01 [ 8.9286e-01 ] 1.0714e-01
 1.519e+01 8.9296e-01 [ 8.9296e-01 ] 1.0704e-01
 1.530e+01 8.9307e-01 [ 8.9307e-01 ] 1.0693e-01
 1.541e+01 8.9320e-01 [ 8.9320e-01 ] 1.0680e-01
 1.553e+01 8.9335e-01 [ 8.9335e-01 ] 1.0665e-01
 1.564e+01 8.9352e-01 [ 8.9352e-01 ] 1.0648e-01
 1.575e+01 8.9371e-01 [ 8.9371e-01 ] 1.0629e-01
 1.587e+01 8.9393e-01 [ 8.9393e-01 ] 1.0607e-01
 1.598e+01 8.9418e-01 [ 8.9418e-01 ] 1.0582e-01
 1.609e+01 8.9446e-01 [ 8.9446e-01 ] 1.0554e-01
 1.621e+01 8.9477e-01 [ 8.9477e-01 ] 1.0523e-01
 1.632e+01 8.9511e-01 [ 8.9511e-01 ] 1.0489e-01
 1.643e+01 8.9550e-01 [ 8.9550e-01 ] 1.0450e-01
 1.655e+01 8.9592e-01 [ 8.9592e-01 ] 1.0408e-01
 1.666e+01 8.9639e-01 [ 8.9639e-01 ] 1.0361e-01
 1.677e+01 8.9691e-01 [ 8.9691e-01 ] 1.0309e-01
 1.689e+01 8.9748e-01 [ 8.9748e-01 ] 1.0252e-01
 1.700e+01 8.9811e-01 [ 8.9811e-01 ] 1.0189e-01
 1.711e+01 8.9879e-01 [ 8.9879e-01 ] 1.0121e-01
 1.723e+01 8.9954e-01 [ 8.9954e-01 ] 1.0046e-01
 1.734e+01 9.0036e-01 [ 9.0036e-01 ] 9.9642e-02
 1.745e+01 9.0125e-01 [ 9.0125e-01 ] 9.8755e-02
 1.757e+01 9.0221e-01 [ 9.0221e-01 ] 9.7793e-02
 1.768e+01 9.0325e-01 [ 9.0325e-01 ] 9.6754e-02
 1.779e+01 9.0437e-01 [ 9.0437e-01 ] 9.5633e-02
 1.791e+01 9.0557e-01 [ 9.0557e-01 ] 9.4429e-02
 1.802e+01 9.0686e-01 [ 9.0686e-01 ] 9.3141e-02
 1.813e+01 9.0822e-01 [ 9.0822e-01 ] 9.1776e-02
 1.825e+01 9.0965e-01 [ 9.0965e-01 ] 9.0353e-02
 1.836e+01 9.1107e-01 [ 9.1107e-01 ] 8.8927e-02
 1.847e+01 9.1235e-01 [ 9.1235e-01 ] 8.7652e-02
 1.859e+01 9.1305e-01 [ 9.1305e-01 ] 8.6952e-02
 1.870e+01 9.1201e-01 [ 9.1201e-01 ] 8.7986e-02
 1.881e+01 9.0612e-01 [ 9.0612e-01 ] 9.3883e-02
 1.893e+01 8.8749e-01 [ 8.8749e-01 ] 1.1251e-01
 1.904e+01 8.4010e-01 [ 8.4010e-01 ] 1.5990e-01
 1.915e+01 7.4489e-01 [ 7.4489e-01 ] 2.5511e-01
 1.927e+01 6.0235e-01 [ 6.0235e-01 ] 3.9765e-01
 1.938e+01 4.4267e-01 [ 4.4267e-01 ] 5.5733e-01
 1.949e+01 3.0076e-01 [ 3.0076e-01 ] 6.9924e-01
 1.961e+01 1.9346e-01 [ 1.9346e-01 ] 8.0654e-01
 1.972e+01 1.2033e-01 [ 1.2033e-01 ] 8.7967e-01
 1.983e+01 7.3483e-02 [ 7.3483e-02 ] 9.2652e-01
 1.995e+01 4.4524e-02 [ 4.4524e-02 ] 9.5548e-01
 2.006e+01 2.6949e-02 [ 2.6949e-02 ] 9.7305e-01
 2.017e+01 1.6369e-02 [ 1.6369e-02 ] 9.8363e-01
 2.029e+01 1.0010e-02 [ 1.0010e-02 ] 9.8999e-01
 2.040e+01 6.1785e-03 [ 6.1785e-03 ] 9.9382e-01
 2.051e+01 3.8573e-03 [ 3.8573e-03 ] 9.9614e-01
 2.063e+01 2.4405e-03 [ 2.4405e-03 ] 9.9756e-01
 2.074e+01 1.5677e-03 [ 1.5677e-03 ] 9.9843e-01
 2.085e+01 1.0240e-03 [ 1.0240e-03 ] 9.9898e-01
 2.097e+01 6.8108e-04 [ 6.8108e-04 ] 9.9932e-01
 2.108e+01 4.6170e-04 [ 4.6170e-04 ] 9.9954e-01
 2.119e+01 3.1915e-04 [ 3.1915e-04 ] 9.9968e-01
 2.131e+01 2.2493e-04 [ 2.2493e-04 ] 9.9978e-01
 2.142e+01 1.6152e-04 [ 1.6152e-04 ] 9.9984e-01
 2.153e+01 1.1805e-04 [ 1.1805e-04 ] 9.9988e-01
 2.165e+01 8.7672e-05 [ 8.7672e-05 ] 9.9991e-01
 2.176e+01 6.6055e-05 [ 6.6055e-05 ] 9.9993e-01
 2.187e+01 5.0396e-05 [ 5.0396e-05 ] 9.9995e-01
 2.199e+01 3.8865e-05 [ 3.8865e-05 ] 9.9996e-01
 2.210e+01 3.0249e-05 [ 3.0249e-05 ] 9.9997e-01
 2.221e+01 2.3724e-05 [ 2.3724e-05 ] 9.9998e-01
 2.233e+01 1.8725e-05 [ 1.8725e-05 ] 9.9998e-01
 2.244e+01 1.4859e-05 [ 1.4859e-05 ] 9.9999e-01
 2.255e+01 1.1843e-05 [ 1.1843e-05 ] 9.9999e-01
 2.267e+01 9.4741e-06 [ 9.4741e-06 ] 9.9999e-01
 2.278e+01 7.6021e-06 [ 7.6021e-06 ] 9.9999e-01
 2.289e+01 6.1157e-06 [ 6.1157e-06 ] 9.9999e-01
 2.301e+01 4.9306e-06 [ 4.9306e-06 ] 1.0000e+00
 2.312e+01 3.9825e-06 [ 3.9825e-06 ] 1.0000e+00
 2.323e+01 3.2217e-06 [ 3.2217e-06 ] 1.0000e+00
 2.335e+01 2.6099e-06 [ 2.6099e-06 ] 1.0000e+00
 2.346e+01 2.1168e-06 [ 2.1168e-06 ] 1.0000e+00
 2.357e+01 1.7187e-06 [ 1.7187e-06 ] 1.0000e+00
 2.369e+01 1.3967e-06 [ 1.3967e-06 ] 1.0000e+00
 2.380e+01 1.1361e-06 [ 1.1361e-06 ] 1.0000e+00
 2.391e+01 9.2474e-07 [ 9.2474e-07 ] 1.0000e+00
 2.403e+01 7.5326e-07 [ 7.5326e-07 ] 1.0000e+00
 2.414e+01 6.1397e-07 [ 6.1397e-07 ] 1.0000e+00
 2.425e+01 5.0074e-07 [ 5.0074e-07 ] 1.0000e+00
 2.437e+01 4.0861e-07 [ 4.0861e-07 ] 1.0000e+00
 2.448e+01 3.3360e-07 [ 3.3360e-07 ] 1.0000e+00
 2.459e+01 2.7250e-07 [ 2.7250e-07 ] 1.0000e+00
 2.471e+01 2.2268e-07 [ 2.2268e-07 ] 1.0000e+00
 2.482e+01 1.8205e-07 [ 1.8205e-07 ] 1.0000e+00
 2.493e+01 1.4889e-07 [ 1.4889e-07 ] 1.0000e+00
 2.505e+01 1.2182e-07 [ 1.2182e-07 ] 1.0000e+00
 2.516e+01 9.9701e-08 [ 9.9701e-08 ] 1.0000e+00
 2.527e+01 8.1628e-08 [ 8.1628e-08 ] 1.0000e+00
 2.539e+01 6.6852e-08 [ 6.6852e-08 ] 1.0000e+00
 2.550e+01 5.4767e-08 [ 5.4767e-08 ] 1.0000e+00
 2.561e+01 4.4879e-08 [ 4.4879e-08 ] 1.0000e+00
 2.573e+01 3.6786e-08 [ 3.6786e-08 ] 1.0000e+00
 2.584e+01 3.0160e-08 [ 3.0160e-08 ] 1.0000e+00
 2.595e+01 2.4733e-08 [ 2.4733e-08 ] 1.0000e+00
 2.607e+01 2.0287e-08 [ 2.0287e-08 ] 1.0000e+00
 2.618e+01 1.6644e-08 [ 1.6644e-08 ] 1.0000e+00
 2.629e+01 1.3658e-08 [ 1.3658e-08 ] 1.0000e+00
 2.641e+01 1.1209e-08 [ 1.1209e-08 ] 1.0000e+00
 2.652e+01 9.2014e-09 [ 9.2013e-09 ] 1.0000e+00
 2.663e+01 7.5544e-09 [ 7.5543e-09 ] 1.0000e+00
 2.675e+01 6.2030e-09 [ 6.2029e-09 ] 1.0000e+00
 2.686e+01 5.0942e-09 [ 5.0940e-09 ] 1.0000e+00
 2.697e+01 4.1840e-09 [ 4.1839e-09 ] 1.0000e+00
 2.709e+01 3.4369e-09 [ 3.4368e-09 ] 1.0000e+00
 2.720e+01 2.8235e-09 [ 2.8233e-09 ] 1.0000e+00
 2.731e+01 2.3199e-09 [ 2.3196e-09 ] 1.0000e+00
 2.743e+01 1.9062e-09 [ 1.9059e-09 ] 1.0000e+00
 2.754e+01 1.5665e-09 [ 1.5661e-09 ] 1.0000e+00
 2.765e+01 1.2875e-09 [ 1.2870e-09 ] 1.0000e+00
 2.777e+01 1.0582e-09 [ 1.0577e-09 ] 1.0000e+00
 2.788e+01 8.6995e-10 [ 8.6924e-10 ] 1.0000e+00
 2.799e+01 7.1527e-10 [ 7.1441e-10 ] 1.0000e+00
 2.811e+01 5.8823e-10 [ 5.8717e-10 ] 1.0000e+00
 2.822e+01 4.8390e-10 [ 4.8260e-10 ] 1.0000e+00
 2.833e+01 3.9824e-10 [ 3.9666e-10 ] 1.0000e+00
 2.845e+01 3.2795e-10 [ 3.2602e-10 ] 1.0000e+00
 2.856e+01 2.7032e-10 [ 2.6796e-10 ] 1.0000e+00
 2.867e+01 2.2311e-10 [ 2.2024e-10 ] 1.0000e+00
 2.879e+01 1.8451e-10 [ 1.8100e-10 ] 1.0000e+00
 2.890e+01 1.5304e-10 [ 1.4876e-10 ] 1.0000e+00
 2.901e+01 1.2747e-10 [ 1.2225e-10 ] 1.0000e+00
 2.913e+01 1.0682e-10 [ 1.0046e-10 ] 1.0000e+00
 2.924e+01 9.0304e-11 [ 8.2547e-11 ] 1.0000e+00
 2.935e+01 7.7278e-11 [ 6.7825e-11 ] 1.0000e+00
 2.947e+01 6.7243e-11 [ 5.5723e-11 ] 1.0000e+00
 2.958e+01 5.9812e-11 [ 4.5777e-11 ] 1.0000e+00
 2.969e+01 5.4700e-11 [ 3.7602e-11 ] 1.0000e+00
 2.981e+01 5.1709e-11 [ 3.0883e-11 ] 1.0000e+00
 2.992e+01 5.0725e-11 [ 2.5362e-11 ] 1.0000e+00
 3.003e+01 5.1709e-11 [ 2.0826e-11 ] 1.0000e+00
 3.015e+01 5.4700e-11 [ 1.7098e-11 ] 1.0000e+00
 3.026e+01 5.9812e-11 [ 1.4036e-11 ] 1.0000e+00
 3.037e+01 6.7243e-11 [ 1.1520e-11 ] 1.0000e+00
 3.049e+01 7.7278e-11 [ 9.4534e-12 ] 1.0000e+00
 3.060e+01 9.0304e-11 [ 7.7562e-12 ] 1.0000e+00
 3.071e+01 1.0682e-10 [ 6.3626e-12 ] 1.0000e+00
 3.083e+01 1.2747e-10 [ 5.2183e-12 ] 1.0000e+00
 3.094e+01 1.5304e-10 [ 4.2789e-12 ] 1.0000e+00
 3.105e+01 1.8451e-10 [ 3.5078e-12 ] 1.0000e+00
 3.117e+01 2.2311e-10 [ 2.8750e-12 ] 1.0000e+00
 3.128e+01 2.7032e-10 [ 2.3558e-12 ] 1.0000e+00
 3.139e+01 3.2795e-10 [ 1.9298e-12 ] 1.0000e+00
 3.151e+01 3.9824e-10 [ 1.5805e-12 ] 1.0000e+00
 3.162e+01 4.8390e-10 [ 1.2940e-12 ] 1.0000e+00
 3.173e+01 5.8823e-10 [ 1.0591e-12 ] 1.0000e+00
 3.185e+01 7.1527e-10 [ 8.6662e-13 ] 1.0000e+00
 3.196e+01 8.6995e-10 [ 7.0888e-13 ] 1.0000e+00
 3.207e+01 1.0582e-09 [ 5.7965e-13 ] 1.0000e+00
 3.219e+01 1.2875e-09 [ 4.7382e-13 ] 1.0000e+00
 3.230e+01 1.5665e-09 [ 3.8716e-13 ] 1.0000e+00
 3.241e+01 1.9062e-09 [ 3.1624e-13 ] 1.0000e+00
 3.253e+01 2.3199e-09 [ 2.5821e-13 ] 1.0000e+00
 3.264e+01 2.8235e-09 [ 2.1074e-13 ] 1.0000e+00
 3.275e+01 3.4369e-09 [ 1.7192e-13 ] 1.0000e+00
 3.287e+01 4.1840e-09 [ 1.4019e-13 ] 1.0000e+00
 3.298e+01 5.0942e-09 [ 1.1426e-13 ] 1.0000e+00
 3.309e+01 6.2030e-09 [ 9.3089e-14 ] 1.0000e+00
 3.321e+01 7.5544e-09 [ 7.5800e-14 ] 1.0000e+00
 3.332e+01 9.2014e-09 [ 6.1690e-14 ] 1.0000e+00
 3.343e+01 1.1209e-08 [ 5.0180e-14 ] 1.0000e+00
 3.355e+01 1.3658e-08 [ 4.0795e-14 ] 1.0000e+00
 3.366e+01 1.6644e-08 [ 3.3147e-14 ] 1.0000e+00
 3.377e+01 2.0287e-08 [ 2.6916e-14 ] 1.0000e+00
 3.389e+01 2.4733e-08 [ 2.1843e-14 ] 1.0000e+00
 3.400e+01 3.0160e-08 [ 1.7715e-14 ] 1.0000e+00
 3.411e+01 3.6786e-08 [ 1.4358e-14 ] 1.0000e+00
 3.423e+01 4.4879e-08 [ 1.1629e-14 ] 1.0000e+00
 3.434e+01 5.4767e-08 [ 9.4120e-15 ] 1.0000e+00
 3.445e+01 6.6852e-08 [ 7.6123e-15 ] 1.0000e+00
 3.457e+01 8.1628e-08 [ 6.1521e-15 ] 1.0000e+00
 3.468e+01 9.9701e-08 [ 4.9681e-15 ] 1.0000e+00
 3.479e+01 1.2182e-07 [ 4.0088e-15 ] 1.0000e+00
 3.491e+01 1.4889e-07 [ 3.2321e-15 ] 1.0000e+00
 3.502e+01 1.8205e-07 [ 2.6036e-15 ] 1.0000e+00
 3.513e+01 2.2268e-07 [ 2.0956e-15 ] 1.0000e+00
 3.525e+01 2.7250e-07 [ 1.6851e-15 ] 1.0000e+00
 3.536e+01 3.3360e-07 [ 1.3539e-15 ] 1.0000e+00
 3.547e+01 4.0861e-07 [ 1.0867e-15 ] 1.0000e+00
 3.559e+01 5.0074e-07 [ 8.7137e-16 ] 1.0000e+00
 3.570e+01 6.1397e-07 [ 6.9805e-16 ] 1.0000e+00
 3.581e+01 7.5326e-07 [ 5.5864e-16 ] 1.0000e+00
 3.593e+01 9.2474e-07 [ 4.4661e-16 ] 1.0000e+00
 3.604e+01 1.1361e-06 [ 3.5669e-16 ] 1.0000e+00
 3.615e+01 1.3967e-06 [ 2.8458e-16 ] 1.0000e+00
 3.627e+01 1.7187e-06 [ 2.2681e-16 ] 1.0000e+00
 3.638e+01 2.1168e-06 [ 1.8059e-16 ] 1.0000e+00
 3.649e+01 2.6099e-06 [ 1.4364e-16 ] 1.0000e+00
 3.661e+01 3.2217e-06 [ 1.1415e-16 ] 1.0000e+00
 3.672e+01 3.9825e-06 [ 9.0631e-17 ] 1.0000e+00
 3.683e+01 4.9306e-06 [ 7.1901e-17 ] 1.0000e+00
 3.695e+01 6.1157e-06 [ 5.7004e-17 ] 9.9999e-01
 3.706e+01 7.6021e-06 [ 4.5172e-17 ] 9.9999e-01
 3.717e+01 9.4741e-06 [ 3.5785e-17 ] 9.9999e-01
 3.729e+01 1.1843e-05 [ 2.8350e-17 ] 9.9999e-01
 3.740e+01 1.4859e-05 [ 2.2468e-17 ] 9.9999e-01
 3.751e+01 1.8725e-05 [ 1.7823e-17 ] 9.9998e-01
 3.763e+01 2.3724e-05 [ 1.4159e-17 ] 9.9998e-01
 3.774e+01 3.0249e-05 [ 1.1274e-17 ] 9.9997e-01
 3.785e+01 3.8865e-05 [ 9.0057e-18 ] 9.9996e-01
 3.797e+01 5.0396e-05 [ 7.2248e-18 ] 9.9995e-01
 3.808e+01 6.6055e-05 [ 5.8289e-18 ] 9.9993e-01
 3.819e+01 8.7672e-05 [ 4.7365e-18 ] 9.9991e-01
 3.831e+01 1.1805e-04 [ 3.8830e-18 ] 9.9988e-01
 3.842e+01 1.6152e-04 [ 3.2173e-18 ] 9.9984e-01
 3.853e+01 2.2493e-04 [ 2.6988e-18 ] 9.9978e-01
 3.865e+01 3.1915e-04 [ 2.2960e-18 ] 9.9968e-01
 3.876e+01 4.6170e-04 [ 1.9838e-18 ] 9.9954e-01
 3.887e+01 6.8108e-04 [ 1.7428e-18 ] 9.9932e-01
 3.899e+01 1.0240e-03 [ 1.5583e-18 ] 9.9898e-01
 3.910e+01 1.5677e-03 [ 1.4191e-18 ] 9.9843e-01
 3.921e+01 2.4405e-03 [ 1.3175e-18 ] 9.9756e-01
 3.933e+01 3.8573e-03 [ 1.2491e-18 ] 9.9614e-01
 3.944e+01 6.1785e-03 [ 1.2128e-18 ] 9.9382e-01
 3.955e+01 1.0010e-02 [ 1.2120e-18 ] 9.8999e-01
 3.967e+01 1.6369e-02 [ 1.2559e-18 ] 9.8363e-01
 3.978e+01 2.6949e-02 [ 1.3626e-18 ] 9.7305e-01
 3.989e+01 4.4524e-02 [ 1.5625e-18 ] 9.5548e-01
 4.001e+01 7.3483e-02 [ 1.9039e-18 ] 9.2652e-01
 4.012e+01 1.2033e-01 [ 2.4557e-18 ] 8.7967e-01
 4.023e+01 1.9346e-01 [ 3.3007e-18 ] 8.0654e-01
 4.035e+01 3.0076e-01 [ 4.5020e-18 ] 6.9924e-01
 4.046e+01 4.4267e-01 [ 6.0219e-18 ] 5.5733e-01
 4.057e+01 6.0235e-01 [ 7.6223e-18 ] 3.9765e-01
 4.069e+01 7.4489e-01 [ 8.8919e-18 ] 2.5511e-01
 4.080e+01 8.4010e-01 [ 9.5312e-18 ] 1.5990e-01
 4.091e+01 8.8749e-01 [ 9.6015e-18 ] 1.1251e-01
 4.103e+01 9.0612e-01 [ 9.3577e-18 ] 9.3883e-02
 4.114e+01 9.1201e-01 [ 8.9908e-18 ] 8.7986e-02
 4.125e+01 9.1305e-01 [ 8.5885e-18 ] 8.6952e-02
 4.137e+01 9.1235e-01 [ 8.1839e-18 ] 8.7652e-02
 4.148e+01 9.1107e-01 [ 7.7885e-18 ] 8.8927e-02
 4.159e+01 9.0965e-01 [ 7.4061e-18 ] 9.0353e-02
 4.171e+01 9.0822e-01 [ 7.0379e-18 ] 9.1776e-02
 4.182e+01 9.0686e-01 [ 6.6840e-18 ] 9.3141e-02
 4.193e+01 9.0557e-01 [ 6.3444e-18 ] 9.4429e-02
 4.205e+01 9.0437e-01 [ 6.0187e-18 ] 9.5633e-02
 4.216e+01 9.0325e-01 [ 5.7066e-18 ] 9.6754e-02
 4.227e+01 9.0221e-01 [ 5.4078e-18 ] 9.7793e-02
 4.239e+01 9.0125e-01 [ 5.1220e-18 ] 9.8755e-02
 4.250e+01 9.0036e-01 [ 4.8487e-18 ] 9.9642e-02
 4.261e+01 8.9954e-01 [ 4.5876e-18 ] 1.0046e-01
 4.273e+01 8.9879e-01 [ 4.3384e-18 ] 1.0121e-01
 4.284e+01 8.9811e-01 [ 4.1007e-18 ] 1.0189e-01
 4.295e+01 8.9748e-01 [ 3.8741e-18 ] 1.0252e-01
 4.307e+01 8.9691e-01 [ 3.6582e-18 ] 1.0309e-01
 4.318e+01 8.9639e-01 [ 3.4527e-18 ] 1.0361e-01
 4.329e+01 8.9592e-01 [ 3.2572e-18 ] 1.0408e-01
 4.341e+01 8.9550e-01 [ 3.0714e-18 ] 1.0450e-01
 4.352e+01 8.9511e-01 [ 2.8949e-18 ] 1.0489e-01
 4.363e+01 8.9477e-01 [ 2.7273e-18 ] 1.0523e-01
 4.375e+01 8.9446e-01 [ 2.5683e-18 ] 1.0554e-01
 4.386e+01 8.9418e-01 [ 2.4175e-18 ] 1.0582e-01
 4.397e+01 8.9393e-01 [ 2.2746e-18 ] 1.0607e-01
 4.409e+01 8.9371e-01 [ 2.1393e-18 ] 1.0629e-01
 4.420e+01 8.9352e-01 [ 2.0112e-18 ] 1.0648e-01
 4.431e+01 8.9335e-01 [ 1.8901e-18 ] 1.0665e-01
 4.443e+01 8.9320e-01 [ 1.7756e-18 ] 1.0680e-01
 4.454e+01 8.9307e-01 [ 1.6674e-18 ] 1.0693e-01
 4.465e+01 8.9296e-01 [ 1.5652e-18 ] 1.0704e-01
 4.477e+01 8.9286e-01 [ 1.4688e-18 ] 1.0714e-01
 4.488e+01 8.9278e-01 [ 1.3778e-18 ] 1.0722e-01
 4.499e+01 8.9271e-01 [ 1.2920e-18 ] 1.0729e-01
 4.511e+01 8.9266e-01 [ 1.2111e-18 ] 1.0734e-01
 4.522e+01 8.9261e-01 [ 1.1350e-18 ] 1.0739e-01
 4.533e+01 8.9258e-01 [ 1.0633e-18 ] 1.0742e-01
 4.545e+01 8.9255e-01 [ 9.9576e-19 ] 1.0745e-01
 4.556e+01 8.9253e-01 [ 9.3226e-19 ] 1.0747e-01
 4.567e+01 8.9252e-01 [ 8.7255e-19 ] 1.0748e-01
 4.579e+01 8.9252e-01 [ 8.1643e-19 ] 1.0748e-01
 4.590e+01 8.9252e-01 [ 7.6369e-19 ] 1.0748e-01
 4.601e+01 8.9253e-01 [ 7.1416e-19 ] 1.0747e-01
 4.613e+01 8.9254e-01 [ 6.6765e-19 ] 1.0746e-01
 4.624e+01 8.9256e-01 [ 6.2400e-19 ] 1.0744e-01
 4.635e+01 8.9258e-01 [ 5.8305e-19 ] 1.0742e-01
 4.647e+01 8.9261e-01 [ 5.4464e-19 ] 1.0739e-01
 4.658e+01 8.9263e-01 [ 5.0863e-19 ] 1.0737e-01
 4.669e+01 8.9266e-01 [ 4.7488e-19 ] 1.0734e-01
 4.681e+01 8.9270e-01 [ 4.4325e-19 ] 1.0730e-01
 4.692e+01 8.9273e-01 [ 4.1363e-19 ] 1.0727e-01
 4.703e+01 8.9277e-01 [ 3.8590e-19 ] 1.0723e-01
 4.715e+01 8.9281e-01 [ 3.5993e-19 ] 1.0719e-01
 4.726e+01 8.9285e-01 [ 3.3563e-19 ] 1.0715e-01
 4.737e+01 8.9289e-01 [ 3.1290e-19 ] 1.0711e-01
 4.749e+01 8.9294e-01 [ 2.9164e-19 ] 1.0706e-01
 4.760e+01 8.9298e-01 [ 2.7175e-19 ] 1.0702e-01
 4.771e+01 8.9302e-01 [ 2.5317e-19 ] 1.0698e-01
 4.783e+01 8.9307e-01 [ 2.3580e-19 ] 1.0693e-01
 4.794e+01 8.9312e-01 [ 2.1958e-19 ] 1.0688e-01
 4.805e+01 8.9316e-01 [ 2.0442e-19 ] 1.0684e-01
 4.817e+01 8.9321e-01 [ 1.9027e-19 ] 1.0679e-01
 4.828e+01 8.9326e-01 [ 1.7706e-19 ] 1.0674e-01
 4.839e+01 8.9331e-01 [ 1.6472e-19 ] 1.0669e-01
 4.851e+01 8.9335e-01 [ 1.5322e-19 ] 1.0665e-01
 4.862e+01 8.9340e-01 [ 1.4248e-19 ] 1.0660e-01
 4.873e+01 8.9345e-01 [ 1.3247e-19 ] 1.0655e-01
 4.885e+01 8.9350e-01 [ 1.2314e-19 ] 1.0650e-01
 4.896e+01 8.9355e-01 [ 1.1444e-19 ] 1.0645e-01
 4.907e+01 8.9359e-01 [ 1.0633e-19 ] 1.0641e-01
 4.919e+01 8.9364e-01 [ 9.8773e-20 ] 1.0636e-01
 4.930e+01 8.9369e-01 [ 9.1735e-20 ] 1.0631e-01
 4.941e+01 8.9374e-01 [ 8.5180e-20 ] 1.0626e-01
 4.953e+01 8.9379e-01 [ 7.9076e-20 ] 1.0621e-01
 4.964e+01 8.9383e-01 [ 7.3395e-20 ] 1.0617e-01
 4.975e+01 8.9388e-01 [ 6.8108e-20 ] 1.0612e-01
 4.987e+01 8.9393e-01 [ 6.3188e-20 ] 1.0607e-01
 4.998e+01 8.9398e-01 [ 5.8611e-20 ] 1.0602e-01
 5.009e+01 8.9402e-01 [ 5.4355e-20 ] 1.0598e-01
 5.021e+01 8.9407e-01 [ 5.0397e-20 ] 1.0593e-01
 5.032e+01 8.9411e-01 [ 4.6718e-20 ] 1.0589e-01
 5.043e+01 8.9416e-01 [ 4.3298e-20 ] 1.0584e-01
 5.055e+01 8.9421e-01 [ 4.0121e-20 ] 1.0579e-01
 5.066e+01 8.9425e-01 [ 3.7169e-20 ] 1.0575e-01
 5.077e+01 8.9430e-01 [ 3.4428e-20 ] 1.0570e-01
 5.089e+01 8.9434e-01 [ 3.1882e-20 ] 1.0566e-01
 5.100e+01 8.9439e-01 [ 2.9518e-20 ] 1.0561e-01
 5.111e+01 8.9443e-01 [ 2.7325e-20 ] 1.0557e-01
 5.123e+01 8.9447e-01 [ 2.5289e-20 ] 1.0553e-01
 5.134e+01 8.9452e-01 [ 2.3400e-20 ] 1.0548e-01
 5.145e+01 8.9456e-01 [ 2.1648e-20 ] 1.0544e-01
 5.157e+01 8.9461e-01 [ 2.0023e-20 ] 1.0539e-01
 5.168e+01 8.9465e-01 [ 1.8517e-20 ] 1.0535e-01
 5.179e+01 8.9469e-01 [ 1.7121e-20 ] 1.0531e-01
 5.191e+01 8.9474e-01 [ 1.5827e-20 ] 1.0526e-01
 5.202e+01 8.9478e-01 [ 1.4627e-20 ] 1.0522e-01
 5.213e+01 8.9482e-01 [ 1.3517e-20 ] 1.0518e-01
 5.225e+01 8.9487e-01 [ 1.2488e-20 ] 1.0513e-01
 5.236e+01 8.9491e-01 [ 1.1535e-20 ] 1.0509e-01
 5.247e+01 8.9495e-01 [ 1.0653e-20 ] 1.0505e-01
 5.259e+01 8.9500e-01 [ 9.8364e-21 ] 1.0500e-01
 5.270e+01 8.9504e-01 [ 9.0809e-21 ] 1.0496e-01
 5.281e+01 8.9509e-01 [ 8.3818e-21 ] 1.0491e-01
 5.293e+01 8.9513e-01 [ 7.7351e-21 ] 1.0487e-01
 5.304e+01 8.9518e-01 [ 7.1371e-21 ] 1.0482e-01
 5.315e+01 8.9522e-01 [ 6.5841e-21 ] 1.0478e-01
 5.327e+01 8.9527e-01 [ 6.0728e-21 ] 1.0473e-01
 5.338e+01 8.9532e-01 [ 5.6003e-21 ] 1.0468e-01
 5.349e+01 8.9537e-01 [ 5.1636e-21 ] 1.0463e-01
 5.361e+01 8.9542e-01 [ 4.7601e-21 ] 1.0458e-01
 5.372e+01 8.9547e-01 [ 4.3874e-21 ] 1.0453e-01
 5.383e+01 8.9552e-01 [ 4.0432e-21 ] 1.0448e-01
 5.395e+01 8.9558e-01 [ 3.7254e-21 ] 1.0442e-01
 5.406e+01 8.9564e-01 [ 3.4320e-21 ] 1.0436e-01
 5.417e+01 8.9569e-01 [ 3.1611e-21 ] 1.0431e-01
 5.429e+01 8.9576e-01 [ 2.9112e-21 ] 1.0424e-01
 5.440e+01 8.9582e-01 [ 2.6806e-21 ] 1.0418e-01
 5.451e+01 8.9589e-01 [ 2.4679e-21 ] 1.0411e-01
 5.463e+01 8.9596e-01 [ 2.2717e-21 ] 1.0404e-01
 5.474e+01 8.9604e-01 [ 2.0907e-21 ] 1.0396e-01
 5.485e+01 8.9612e-01 [ 1.9239e-21 ] 1.0388e-01
 5.497e+01 8.9620e-01 [ 1.7702e-21 ] 1.0380e-01
 5.508e+01 8.9630e-01 [ 1.6285e-21 ] 1.0370e-01
 5.519e+01 8.9639e-01 [ 1.4979e-21 ] 1.0361e-01
 5.531e+01 8.9650e-01 [ 1.3776e-21 ] 1.0350e-01
 5.542e+01 8.9661e-01 [ 1.2668e-21 ] 1.0339e-01
 5.553e+01 8.9673e-01 [ 1.1648e-21 ] 1.0327e-01
 5.565e+01 8.9686e-01 [ 1.0709e-21 ] 1.0314e-01
 5.576e+01 8.9700e-01 [ 9.8449e-22 ] 1.0300e-01
 5.587e+01 8.9715e-01 [ 9.0495e-22 ] 1.0285e-01
 5.599e+01 8.9731e-01 [ 8.3177e-22 ] 1.0269e-01
 5.610e+01 8.9749e-01 [ 7.6447e-22 ] 1.0251e-01
 5.621e+01 8.9769e-01 [ 7.0259e-22 ] 1.0231e-01
 5.633e+01 8.9789e-01 [ 6.4572e-22 ] 1.0211e-01
 5.644e+01 8.9812e-01 [ 5.9346e-22 ] 1.0188e-01
 5.655e+01 8.9837e-01 [ 5.4545e-22 ] 1.0163e-01
 5.667e+01 8.9864e-01 [ 5.0138e-22 ] 1.0136e-01
 5.678e+01 8.9893e-01 [ 4.6094e-22 ] 1.0107e-01
 5.689e+01 8.9925e-01 [ 4.2384e-22 ] 1.0075e-01
 5.701e+01 8.9960e-01 [ 3.8984e-22 ] 1.0040e-01
 5.712e+01 8.9998e-01 [ 3.5868e-22 ] 1.0002e-01
 5.723e+01 9.0039e-01 [ 3.3017e-22 ] 9.9614e-02
 5.735e+01 9.0083e-01 [ 3.0409e-22 ] 9.9168e-02
 5.746e+01 9.0132e-01 [ 2.8026e-22 ] 9.8683e-02
 5.757e+01 9.0184e-01 [ 2.5851e-22 ] 9.8161e-02
 5.769e+01 9.0240e-01 [ 2.3869e-22 ] 9.7602e-02
 5.780e+01 9.0298e-01 [ 2.2065e-22 ] 9.7016e-02
 5.791e+01 9.0357e-01 [ 2.0424e-22 ] 9.6433e-02
 5.803e+01 9.0407e-01 [ 1.8934e-22 ] 9.5933e-02
 5.814e+01 9.0428e-01 [ 1.7580e-22 ] 9.5722e-02
 5.825e+01 9.0367e-01 [ 1.6341e-22 ] 9.6328e-02
 5.837e+01 9.0092e-01 [ 1.5187e-22 ] 9.9078e-02
 5.848e+01 8.9280e-01 [ 1.4062e-22 ] 1.0720e-01
 5.859e+01 8.7214e-01 [ 1.2859e-22 ] 1.2786e-01
 5.871e+01 8.2617e-01 [ 1.1409e-22 ] 1.7383e-01
 5.882e+01 7.4151e-01 [ 9.5684e-23 ] 2.5849e-01
 5.893e+01 6.1925e-01 [ 7.4111e-23 ] 3.8075e-01
 5.905e+01 4.8132e-01 [ 5.2591e-23 ] 5.1868e-01
 5.916e+01 3.5454e-01 [ 3.4392e-23 ] 6.4546e-01
 5.927e+01 2.5374e-01 [ 2.0892e-23 ] 7.4626e-01
 5.939e+01 1.8002e-01 [ 1.1761e-23 ] 8.1998e-01
 5.950e+01 1.2694e-01 [ 5.9707e-24 ] 8.7306e-01
 5.961e+01 8.5716e-02 [ 2.5090e-24 ] 9.1428e-01
 5.973e+01 4.0754e-02 [ 6.5003e-25 ] 9.5925e-01
 5.984e+01 0.0000e+00 [ 0.0000e+00 ] 1.0000e+00
