 0.000e+00 0.0000e+00 0.0000e+00 [ 0.0000e+00 0.0000e+00 0.0000e+00 0.0000e+00 ] 0.0000e+00 [ 0.0000e+00 ] 1.0000e+00
 1.133e-01 1.8074e-03 1.8074e-03 [ 1.6468e-03 1.9293e-05 1.1709e-05 1.2957e-04 ] 0.0000e+00 [ 0.0000e+00 ] 9.9819e-01
 2.267e-01 3.5974e-03 3.5974e-03 [ 2.9573e-03 7.6817e-05 4.6873e-05 5.1644e-04 ] 0.0000e+00 [ 0.0000e+00 ] 9.9640e-01
 3.400e-01 5.4376e-03 5.4376e-03 [ 3.9991e-03 1.7148e-04 1.0557e-04 1.1614e-03 ] 0.0000e+00 [ 0.0000e+00 ] 9.9456e-01
 4.533e-01 7.3887e-03 7.3887e-03 [ 4.8299e-03 3.0142e-04 1.8787e-04 2.0695e-03 ] 0.0000e+00 [ 0.0000e+00 ] 9.9261e-01
 5.667e-01 9.4981e-03 9.4981e-03 [ 5.4912e-03 4.6416e-04 2.9384e-04 3.2489e-03 ] 0.0000e+00 [ 0.0000e+00 ] 9.9050e-01
 6.800e-01 1.1804e-02 1.1804e-02 [ 6.0140e-03 6.5663e-04 4.2347e-04 4.7104e-03 ] 0.0000e+00 [ 0.0000e+00 ] 9.8820e-01
 7.933e-01 1.4340e-02 1.4340e-02 [ 6.4214e-03 8.7542e-04 5.7671e-04 6.4666e-03 ] 0.0000e+00 [ 0.0000e+00 ] 9.8566e-01
 9.067e-01 1.7132e-02 1.7132e-02 [ 6.7312e-03 1.1169e-03 7.5343e-04 8.5308e-03 ] 0.0000e+00 [ 0.0000e+00 ] 9.8287e-01
 1.020e+00 2.0204e-02 2.0204e-02 [ 6.9566e-03 1.3775e-03 9.5341e-04 1.0916e-02 ] 0.0000e+00 [ 0.0000e+00 ] 9.7980e-01
 1.133e+00 2.3571e-02 2.3571e-02 [ 7.1081e-03 1.6536e-03 1.1763e-03 1.3633e-02 ] 0.0000e+00 [ 0.0000e+00 ] 9.7643e-01
 1.247e+00 2.7247e-02 2.7247e-02 [ 7.1938e-03 1.9418e-03 1.4214e-03 1.6690e-02 ] 0.0000e+00 [ 0.0000e+00 ] 9.7275e-01
 1.360e+00 3.1236e-02 3.1236e-02 [ 7.2203e-03 2.2387e-03 1.6881e-03 2.0089e-02 ] 0.0000e+00 [ 0.0000e+00 ] 9.6876e-01
 1.473e+00 3.5533e-02 3.5533e-02 [ 7.1930e-03 2.5415e-03 1.9751e-03 2.3823e-02 ] 0.0000e+00 [ 0.0000e+00 ] 9.6447e-01
 1.587e+00 4.0124e-02 4.0124e-02 [ 7.1164e-03 2.8470e-03 2.2809e-03 2.7879e-02 ] 0.0000e+00 [ 0.0000e+00 ] 9.5988e-01
 1.700e+00 4.4980e-02 4.4980e-02 [ 6.9946e-03 3.1523e-03 2.6034e-03 3.2230e-02 ] 0.0000e+00 [ 0.0000e+00 ] 9.5502e-01
 1.813e+00 5.0059e-02 5.0059e-02 [ 6.8311e-03 3.4543e-03 2.9398e-03 3.6833e-02 ] 0.0000e+00 [ 0.0000e+00 ] 9.4994e-01
 1.927e+00 5.5300e-02 5.5300e-02 [ 6.6294e-03 3.7497e-03 3.2867e-03 4.1635e-02 ] 0.0000e+00 [ 0.0000e+00 ] 9.4470e-01
 2.040e+00 6.0629e-02 6.0629e-02 [ 6.3929e-03 4.0350e-03 3.6399e-03 4.6561e-02 ] 0.0000e+00 [ 0.0000e+00 ] 9.3937e-01
 2.153e+00 6.5951e-02 6.5951e-02 [ 6.1249e-03 4.3063e-03 3.9944e-03 5.1526e-02 ] 0.0000e+00 [ 0.0000e+00 ] 9.3405e-01
 2.267e+00 7.1158e-02 7.1158e-02 [ 5.8292e-03 4.5597e-03 4.3446e-03 5.6425e-02 ] 0.0000e+00 [ 0.0000e+00 ] 9.2884e-01
 2.380e+00 7.6130e-02 7.6130e-02 [ 5.5098e-03 4.7906e-03 4.6841e-03 6.1146e-02 ] 0.0000e+00 [ 0.0000e+00 ] 9.2387e-01
 2.493e+00 8.0739e-02 8.0739e-02 [ 5.1710e-03 4.9949e-03 5.0062e-03 6.5567e-02 ] 0.0000e+00 [ 0.0000e+00 ] 9.1926e-01
 2.607e+00 8.4856e-02 8.4856e-02 [ 4.8176e-03 5.1682e-03 5.3039e-03 6.9566e-02 ] 0.0000e+00 [ 0.0000e+00 ] 9.1514e-01
 2.720e+00 8.8358e-02 8.8358e-02 [ 4.4548e-03 5.3067e-03 5.5706e-03 7.3026e-02 ] 0.0000e+00 [ 0.0000e+00 ] 9.1164e-01
 2.833e+00 9.1135e-02 9.1135e-02 [ 4.0876e-03 5.4073e-03 5.8000e-03 7.5840e-02 ] 0.0000e+00 [ 0.0000e+00 ] 9.0887e-01
 2.947e+00 9.3097e-02 9.3097e-02 [ 3.7217e-03 5.4675e-03 5.9865e-03 7.7921e-02 ] 0.0000e+00 [ 0.0000e+00 ] 9.0690e-01
 3.060e+00 9.4181e-02 9.4181e-02 [ 3.3621e-03 5.4861e-03 6.1258e-03 7.9207e-02 ] 0.0000e+00 [ 0.0000e+00 ] 9.0582e-01
 3.173e+00 9.4355e-02 9.4355e-02 [ 3.0138e-03 5.4629e-03 6.2151e-03 7.9663e-02 ] 0.0000e+00 [ 0.0000e+00 ] 9.0564e-01
 3.287e+00 9.3620e-02 9.3620e-02 [ 2.6811e-03 5.3992e-03 6.2531e-03 7.9286e-02 ] 0.0000e+00 [ 0.0000e+00 ] 9.0638e-01
 3.400e+00 9.2008e-02 9.2008e-02 [ 2.3676e-03 5.2973e-03 6.2399e-03 7.8103e-02 ] 0.0000e+00 [ 0.0000e+00 ] 9.0799e-01
 3.513e+00 8.9584e-02 8.9584e-02 [ 2.0760e-03 5.1606e-03 6.1776e-03 7.6170e-02 ] 0.0000e+00 [ 0.0000e+00 ] 9.1042e-01
 3.627e+00 8.6436e-02 8.6436e-02 [ 1.8083e-03 4.9935e-03 6.0694e-03 7.3565e-02 ] 0.0000e+00 [ 0.0000e+00 ] 9.1356e-01
 3.740e+00 8.2675e-02 8.2675e-02 [ 1.5654e-03 4.8009e-03 5.9201e-03 7.0388e-02 ] 0.0000e+00 [ 0.0000e+00 ] 9.1733e-01
 3.853e+00 7.8420e-02 7.8420e-02 [ 1.3474e-03 4.5882e-03 5.7350e-03 6.6749e-02 ] 0.0000e+00 [ 0.0000e+00 ] 9.2158e-01
 3.967e+00 7.3798e-02 7.3798e-02 [ 1.1539e-03 4.3607e-03 5.5202e-03 6.2764e-02 ] 0.0000e+00 [ 0.0000e+00 ] 9.2620e-01
 4.080e+00 6.8935e-02 6.8935e-02 [ 9.8366e-04 4.1237e-03 5.2820e-03 5.8546e-02 ] 0.0000e+00 [ 0.0000e+00 ] 9.3106e-01
 4.193e+00 6.3949e-02 6.3949e-02 [ 8.3518e-04 3.8819e-03 5.0268e-03 5.4205e-02 ] 0.0000e+00 [ 0.0000e+00 ] 9.3605e-01
 4.307e+00 5.8944e-02 5.8944e-02 [ 7.0663e-04 3.6397e-03 4.7605e-03 4.9837e-02 ] 0.0000e+00 [ 0.0000e+00 ] 9.4106e-01
 4.420e+00 5.4013e-02 5.4013e-02 [ 5.9605e-04 3.4006e-03 4.4884e-03 4.5528e-02 ] 0.0000e+00 [ 0.0000e+00 ] 9.4599e-01
 4.533e+00 4.9232e-02 4.9232e-02 [ 5.0145e-04 3.1676e-03 4.2153e-03 4.1347e-02 ] 0.0000e+00 [ 0.0000e+00 ] 9.5077e-01
 4.647e+00 4.4658e-02 4.4658e-02 [ 4.2089e-04 2.9429e-03 3.9452e-03 3.7349e-02 ] 0.0000e+00 [ 0.0000e+00 ] 9.5534e-01
 4.760e+00 4.0336e-02 4.0336e-02 [ 3.5255e-04 2.7283e-03 3.6815e-03 3.3574e-02 ] 0.0000e+00 [ 0.0000e+00 ] 9.5966e-01
 4.873e+00 3.6294e-02 3.6294e-02 [ 2.9474e-04 2.5248e-03 3.4266e-03 3.0048e-02 ] 0.0000e+00 [ 0.0000e+00 ] 9.6371e-01
 4.987e+00 3.2549e-02 3.2549e-02 [ 2.4596e-04 2.3330e-03 3.1824e-03 2.6788e-02 ] 0.0000e+00 [ 0.0000e+00 ] 9.6745e-01
 5.100e+00 2.9106e-02 2.9106e-02 [ 2.0489e-04 2.1531e-03 2.9502e-03 2.3798e-02 ] 0.0000e+00 [ 0.0000e+00 ] 9.7089e-01
 5.213e+00 2.5963e-02 2.5963e-02 [ 1.7035e-04 1.9850e-03 2.7308e-03 2.1077e-02 ] 0.0000e+00 [ 0.0000e+00 ] 9.7404e-01
 5.327e+00 2.3111e-02 2.3111e-02 [ 1.4135e-04 1.8284e-03 2.5245e-03 1.8617e-02 ] 0.0000e+00 [ 0.0000e+00 ] 9.7689e-01
 5.440e+00 2.0536e-02 2.0536e-02 [ 1.1704e-04 1.6828e-03 2.3313e-03 1.6405e-02 ] 0.0000e+00 [ 0.0000e+00 ] 9.7946e-01
 5.553e+00 1.8223e-02 1.8223e-02 [ 9.6678e-05 1.5477e-03 2.1509e-03 1.4427e-02 ] 0.0000e+00 [ 0.0000e+00 ] 9.8178e-01
 5.667e+00 1.6151e-02 1.6151e-02 [ 7.9650e-05 1.4224e-03 1.9830e-03 1.2666e-02 ] 0.0000e+00 [ 0.0000e+00 ] 9.8385e-01
 5.780e+00 1.4303e-02 1.4303e-02 [ 6.5433e-05 1.3063e-03 1.8269e-03 1.1104e-02 ] 0.0000e+00 [ 0.0000e+00 ] 9.8570e-01
 5.893e+00 1.2657e-02 1.2657e-02 [ 5.3585e-05 1.1986e-03 1.6821e-03 9.7228e-03 ] 0.0000e+00 [ 0.0000e+00 ] 9.8734e-01
 6.007e+00 1.1195e-02 1.1195e-02 [ 4.3732e-05 1.0988e-03 1.5478e-03 8.5051e-03 ] 0.0000e+00 [ 0.0000e+00 ] 9.8880e-01
 6.120e+00 9.8994e-03 9.8994e-03 [ 3.5559e-05 1.0062e-03 1.4233e-03 7.4343e-03 ] 0.0000e+00 [ 0.0000e+00 ] 9.9010e-01
 6.233e+00 8.7517e-03 8.7517e-03 [ 2.8799e-05 9.2038e-04 1.3080e-03 6.4945e-03 ] 0.0000e+00 [ 0.0000e+00 ] 9.9125e-01
 6.347e+00 7.7364e-03 7.7364e-03 [ 2.3226e-05 8.4073e-04 1.2012e-03 5.6712e-03 ] 0.0000e+00 [ 0.0000e+00 ] 9.9226e-01
 6.460e+00 6.8386e-03 6.8386e-03 [ 1.8647e-05 7.6681e-04 1.1022e-03 4.9509e-03 ] 0.0000e+00 [ 0.0000e+00 ] 9.9316e-01
 6.573e+00 6.0451e-03 6.0451e-03 [ 1.4900e-05 6.9821e-04 1.0105e-03 4.3215e-03 ] 0.0000e+00 [ 0.0000e+00 ] 9.9395e-01
 6.687e+00 5.3439e-03 5.3439e-03 [ 1.1847e-05 6.3457e-04 9.2543e-04 3.7721e-03 ] 0.0000e+00 [ 0.0000e+00 ] 9.9466e-01
 6.800e+00 4.7242e-03 4.7242e-03 [ 9.3710e-06 5.7555e-04 8.4659e-04 3.2927e-03 ] 0.0000e+00 [ 0.0000e+00 ] 9.9528e-01
 6.913e+00 4.1765e-03 4.1765e-03 [ 7.3727e-06 5.2085e-04 7.7350e-04 2.8747e-03 ] 0.0000e+00 [ 0.0000e+00 ] 9.9582e-01
 7.027e+00 3.6921e-03 3.6921e-03 [ 5.7683e-06 4.7021e-04 7.0574e-04 2.5104e-03 ] 0.0000e+00 [ 0.0000e+00 ] 9.9631e-01
 7.140e+00 3.2637e-03 3.2637e-03 [ 4.4872e-06 4.2340e-04 6.4293e-04 2.1929e-03 ] 0.0000e+00 [ 0.0000e+00 ] 9.9674e-01
 7.253e+00 2.8846e-03 2.8846e-03 [ 3.4700e-06 3.8019e-04 5.8474e-04 1.9162e-03 ] 0.0000e+00 [ 0.0000e+00 ] 9.9712e-01
 7.367e+00 2.5490e-03 2.5490e-03 [ 2.6673e-06 3.4038e-04 5.3086e-04 1.6751e-03 ] 0.0000e+00 [ 0.0000e+00 ] 9.9745e-01
 7.480e+00 2.2517e-03 2.2517e-03 [ 2.0376e-06 3.0380e-04 4.8101e-04 1.4648e-03 ] 0.0000e+00 [ 0.0000e+00 ] 9.9775e-01
 7.593e+00 1.9883e-03 1.9883e-03 [ 1.5468e-06 2.7026e-04 4.3495e-04 1.2816e-03 ] 0.0000e+00 [ 0.0000e+00 ] 9.9801e-01
 7.707e+00 1.7549e-03 1.7549e-03 [ 1.1667e-06 2.3961e-04 3.9243e-04 1.1217e-03 ] 0.0000e+00 [ 0.0000e+00 ] 9.9825e-01
 7.820e+00 1.5480e-03 1.5480e-03 [ 8.7425e-07 2.1168e-04 3.5325e-04 9.8223e-04 ] 0.0000e+00 [ 0.0000e+00 ] 9.9845e-01
 7.933e+00 1.3646e-03 1.3646e-03 [ 6.5081e-07 1.8631e-04 3.1721e-04 8.6047e-04 ] 0.0000e+00 [ 0.0000e+00 ] 9.9864e-01
 8.047e+00 1.2021e-03 1.2021e-03 [ 4.8126e-07 1.6336e-04 2.8412e-04 7.5413e-04 ] 0.0000e+00 [ 0.0000e+00 ] 9.9880e-01
 8.160e+00 1.0580e-03 1.0580e-03 [ 3.5348e-07 1.4267e-04 2.5380e-04 6.6120e-04 ] 0.0000e+00 [ 0.0000e+00 ] 9.9894e-01
 8.273e+00 9.3043e-04 9.3043e-04 [ 2.5786e-07 1.2410e-04 2.2610e-04 5.7997e-04 ] 0.0000e+00 [ 0.0000e+00 ] 9.9907e-01
 8.387e+00 8.1745e-04 8.1745e-04 [ 1.8683e-07 1.0750e-04 2.0085e-04 5.0891e-04 ] 0.0000e+00 [ 0.0000e+00 ] 9.9918e-01
 8.500e+00 7.1748e-04 7.1748e-04 [ 1.3443e-07 9.2722e-05 1.7790e-04 4.4673e-04 ] 0.0000e+00 [ 0.0000e+00 ] 9.9928e-01
 8.613e+00 6.2911e-04 6.2911e-04 [ 9.6056e-08 7.9634e-05 1.5710e-04 3.9228e-04 ] 0.0000e+00 [ 0.0000e+00 ] 9.9937e-01
 8.727e+00 5.5104e-04 5.5104e-04 [ 6.8160e-08 6.8092e-05 1.3831e-04 3.4458e-04 ] 0.0000e+00 [ 0.0000e+00 ] 9.9945e-01
 8.840e+00 4.8216e-04 4.8216e-04 [ 4.8029e-08 5.7964e-05 1.2138e-04 3.0277e-04 ] 0.0000e+00 [ 0.0000e+00 ] 9.9952e-01
 8.953e+00 4.2145e-04 4.2145e-04 [ 3.3607e-08 4.9120e-05 1.0618e-04 2.6612e-04 ] 0.0000e+00 [ 0.0000e+00 ] 9.9958e-01
 9.067e+00 3.6801e-04 3.6801e-04 [ 2.3351e-08 4.1435e-05 9.2588e-05 2.3396e-04 ] 0.0000e+00 [ 0.0000e+00 ] 9.9963e-01
 9.180e+00 3.2102e-04 3.2102e-04 [ 1.6112e-08 3.4792e-05 8.0470e-05 2.0575e-04 ] 0.0000e+00 [ 0.0000e+00 ] 9.9968e-01
 9.293e+00 2.7977e-04 2.7977e-04 [ 1.1039e-08 2.9078e-05 6.9706e-05 1.8098e-04 ] 0.0000e+00 [ 0.0000e+00 ] 9.9972e-01
 9.407e+00 2.4360e-04 2.4360e-04 [ 7.5104e-09 2.4189e-05 6.0179e-05 1.5923e-04 ] 0.0000e+00 [ 0.0000e+00 ] 9.9976e-01
 9.520e+00 2.1194e-04 2.1194e-04 [ 5.0741e-09 2.0027e-05 5.1779e-05 1.4012e-04 ] 0.0000e+00 [ 0.0000e+00 ] 9.9979e-01
 9.633e+00 1.8425e-04 1.8425e-04 [ 3.4042e-09 1.6503e-05 4.4401e-05 1.2334e-04 ] 0.0000e+00 [ 0.0000e+00 ] 9.9982e-01
 9.747e+00 1.6007e-04 1.6007e-04 [ 2.2680e-09 1.3535e-05 3.7944e-05 1.0859e-04 ] 0.0000e+00 [ 0.0000e+00 ] 9.9984e-01
 9.860e+00 1.3898e-04 1.3898e-04 [ 1.5006e-09 1.1048e-05 3.2315e-05 9.5620e-05 ] 0.0000e+00 [ 0.0000e+00 ] 9.9986e-01
 9.973e+00 1.2062e-04 1.2062e-04 [ 9.8597e-10 8.9753e-06 2.7427e-05 8.4219e-05 ] 0.0000e+00 [ 0.0000e+00 ] 9.9988e-01
 1.009e+01 1.0465e-04 1.0465e-04 [ 6.4339e-10 7.2569e-06 2.3199e-05 7.4194e-05 ] 0.0000e+00 [ 0.0000e+00 ] 9.9990e-01
 1.020e+01 9.0772e-05 9.0772e-05 [ 4.1697e-10 5.8396e-06 1.9555e-05 6.5376e-05 ] 0.0000e+00 [ 0.0000e+00 ] 9.9991e-01
 1.031e+01 7.8725e-05 7.8725e-05 [ 2.6839e-10 4.6770e-06 1.6428e-05 5.7620e-05 ] 0.0000e+00 [ 0.0000e+00 ] 9.9992e-01
 1.043e+01 6.8277e-05 6.8277e-05 [ 1.7158e-10 3.7281e-06 1.3753e-05 5.0796e-05 ] 0.0000e+00 [ 0.0000e+00 ] 9.9993e-01
 1.054e+01 5.9224e-05 5.9224e-05 [ 1.0895e-10 2.9578e-06 1.1475e-05 4.4791e-05 ] 0.0000e+00 [ 0.0000e+00 ] 9.9994e-01
 1.065e+01 5.1384e-05 5.1384e-05 [ 6.8721e-11 2.3356e-06 9.5423e-06 3.9506e-05 ] 0.0000e+00 [ 0.0000e+00 ] 9.9995e-01
 1.077e+01 4.4599e-05 4.4599e-05 [ 4.3057e-11 1.8357e-06 7.9083e-06 3.4854e-05 ] 0.0000e+00 [ 0.0000e+00 ] 9.9996e-01
 1.088e+01 3.8728e-05 3.8728e-05 [ 2.6799e-11 1.4361e-06 6.5323e-06 3.0759e-05 ] 0.0000e+00 [ 0.0000e+00 ] 9.9996e-01
 1.099e+01 3.3650e-05 3.3650e-05 [ 1.6570e-11 1.1183e-06 5.3779e-06 2.7153e-05 ] 0.0000e+00 [ 0.0000e+00 ] 9.9997e-01
 1.111e+01 2.9257e-05 2.9257e-05 [ 1.0178e-11 8.6683e-07 4.4129e-06 2.3978e-05 ] 0.0000e+00 [ 0.0000e+00 ] 9.9997e-01
 1.122e+01 2.5459e-05 2.5459e-05 [ 6.2119e-12 6.6883e-07 3.6094e-06 2.1180e-05 ] 0.0000e+00 [ 0.0000e+00 ] 9.9997e-01
 1.133e+01 2.2172e-05 2.2172e-05 [ 3.7667e-12 5.1371e-07 2.9426e-06 1.8716e-05 ] 0.0000e+00 [ 0.0000e+00 ] 9.9998e-01
 1.145e+01 1.9328e-05 1.9328e-05 [ 2.2695e-12 3.9279e-07 2.3914e-06 1.6544e-05 ] 0.0000e+00 [ 0.0000e+00 ] 9.9998e-01
 1.156e+01 1.6865e-05 1.6865e-05 [ 1.3587e-12 2.9899e-07 1.9373e-06 1.4629e-05 ] 0.0000e+00 [ 0.0000e+00 ] 9.9998e-01
 1.167e+01 1.4732e-05 1.4732e-05 [ 8.0833e-13 2.2657e-07 1.5645e-06 1.2941e-05 ] 0.0000e+00 [ 0.0000e+00 ] 9.9999e-01
 1.179e+01 1.2883e-05 1.2883e-05 [ 4.7790e-13 1.7093e-07 1.2595e-06 1.1452e-05 ] 0.0000e+00 [ 0.0000e+00 ] 9.9999e-01
 1.190e+01 1.1278e-05 1.1278e-05 [ 2.8080e-13 1.2839e-07 1.0109e-06 1.0138e-05 ] 0.0000e+00 [ 0.0000e+00 ] 9.9999e-01
 1.201e+01 9.8841e-06 9.8841e-06 [ 1.6398e-13 9.6021e-08 8.0896e-07 8.9792e-06 ] 0.0000e+00 [ 0.0000e+00 ] 9.9999e-01
 1.213e+01 8.6725e-06 8.6725e-06 [ 9.5177e-14 7.1500e-08 6.4541e-07 7.9556e-06 ] 0.0000e+00 [ 0.0000e+00 ] 9.9999e-01
 1.224e+01 7.6181e-06 7.6181e-06 [ 5.4910e-14 5.3013e-08 5.1341e-07 7.0517e-06 ] 0.0000e+00 [ 0.0000e+00 ] 9.9999e-01
 1.235e+01 6.6994e-06 6.6994e-06 [ 3.1490e-14 3.9138e-08 4.0723e-07 6.2530e-06 ] 0.0000e+00 [ 0.0000e+00 ] 9.9999e-01
 1.247e+01 5.8979e-06 5.8979e-06 [ 1.7952e-14 2.8773e-08 3.2208e-07 5.5471e-06 ] 0.0000e+00 [ 0.0000e+00 ] 9.9999e-01
 1.258e+01 5.1980e-06 5.1980e-06 [ 1.0175e-14 2.1065e-08 2.5401e-07 4.9229e-06 ] 0.0000e+00 [ 0.0000e+00 ] 9.9999e-01
 1.269e+01 4.5859e-06 4.5859e-06 [ 5.7331e-15 1.5357e-08 1.9978e-07 4.3707e-06 ] 0.0000e+00 [ 0.0000e+00 ] 1.0000e+00
 1.281e+01 4.0499e-06 4.0499e-06 [ 3.2118e-15 1.1150e-08 1.5669e-07 3.8821e-06 ] 0.0000e+00 [ 0.0000e+00 ] 1.0000e+00
 1.292e+01 3.5801e-06 3.5801e-06 [ 1.7891e-15 8.0623e-09 1.2256e-07 3.4495e-06 ] 0.0000e+00 [ 0.0000e+00 ] 1.0000e+00
 1.303e+01 3.1677e-06 3.1677e-06 [ 9.9099e-16 5.8061e-09 9.5611e-08 3.0663e-06 ] 0.0000e+00 [ 0.0000e+00 ] 1.0000e+00
 1.315e+01 2.8053e-06 2.8053e-06 [ 5.4584e-16 4.1645e-09 7.4391e-08 2.7267e-06 ] 0.0000e+00 [ 0.0000e+00 ] 1.0000e+00
 1.326e+01 2.4864e-06 2.4864e-06 [ 2.9899e-16 2.9752e-09 5.7730e-08 2.4257e-06 ] 0.0000e+00 [ 0.0000e+00 ] 1.0000e+00
 1.337e+01 2.2055e-06 2.2055e-06 [ 1.6288e-16 2.1171e-09 4.4686e-08 2.1587e-06 ] 0.0000e+00 [ 0.0000e+00 ] 1.0000e+00
 1.349e+01 1.9578e-06 1.9578e-06 [ 8.8250e-17 1.5006e-09 3.4503e-08 1.9218e-06 ] 0.0000e+00 [ 0.0000e+00 ] 1.0000e+00
 1.360e+01 1.7391e-06 1.7391e-06 [ 4.7559e-17 1.0595e-09 2.6574e-08 1.7115e-06 ] 0.0000e+00 [ 0.0000e+00 ] 1.0000e+00
 1.371e+01 1.5459e-06 1.5459e-06 [ 2.5494e-17 7.4518e-10 2.0417e-08 1.5248e-06 ] 0.0000e+00 [ 0.0000e+00 ] 1.0000e+00
 1.383e+01 1.3750e-06 1.3750e-06 [ 1.3594e-17 5.2211e-10 1.5649e-08 1.3588e-06 ] 0.0000e+00 [ 0.0000e+00 ] 1.0000e+00
 1.394e+01 1.2237e-06 1.2237e-06 [ 7.2112e-18 3.6444e-10 1.1966e-08 1.2114e-06 ] 0.0000e+00 [ 0.0000e+00 ] 1.0000e+00
 1.405e+01 1.0896e-06 1.0896e-06 [ 3.8057e-18 2.5343e-10 9.1284e-09 1.0802e-06 ] 0.0000e+00 [ 0.0000e+00 ] 1.0000e+00
 1.417e+01 9.7073e-07 9.7073e-07 [ 1.9982e-18 1.7558e-10 6.9477e-09 9.6360e-07 ] 0.0000e+00 [ 0.0000e+00 ] 1.0000e+00
 1.428e+01 8.6522e-07 8.6522e-07 [ 1.0439e-18 1.2119e-10 5.2760e-09 8.5982e-07 ] 0.0000e+00 [ 0.0000e+00 ] 1.0000e+00
 1.439e+01 7.7151e-07 7.7151e-07 [ 5.4263e-19 8.3350e-11 3.9976e-09 7.6743e-07 ] 0.0000e+00 [ 0.0000e+00 ] 1.0000e+00
 1.451e+01 6.8824e-07 6.8824e-07 [ 2.8068e-19 5.7116e-11 3.0224e-09 6.8516e-07 ] 0.0000e+00 [ 0.0000e+00 ] 1.0000e+00
 1.462e+01 6.1420e-07 6.1420e-07 [ 1.4448e-19 3.8999e-11 2.2801e-09 6.1188e-07 ] 0.0000e+00 [ 0.0000e+00 ] 1.0000e+00
 1.473e+01 5.4832e-07 5.4832e-07 [ 7.4014e-20 2.6534e-11 1.7165e-09 5.4658e-07 ] 0.0000e+00 [ 0.0000e+00 ] 1.0000e+00
 1.485e+01 4.8968e-07 4.8968e-07 [ 3.7735e-20 1.7990e-11 1.2895e-09 4.8837e-07 ] 0.0000e+00 [ 0.0000e+00 ] 1.0000e+00
 1.496e+01 4.3745e-07 4.3745e-07 [ 1.9148e-20 1.2155e-11 9.6676e-10 4.3647e-07 ] 0.0000e+00 [ 0.0000e+00 ] 1.0000e+00
 1.507e+01 3.9092e-07 3.9092e-07 [ 9.6717e-21 8.1840e-12 7.2333e-10 3.9019e-07 ] 0.0000e+00 [ 0.0000e+00 ] 1.0000e+00
 1.519e+01 3.4944e-07 3.4944e-07 [ 4.8626e-21 5.4915e-12 5.4014e-10 3.4889e-07 ] 0.0000e+00 [ 0.0000e+00 ] 1.0000e+00
 1.530e+01 3.1245e-07 3.1245e-07 [ 2.4337e-21 3.6725e-12 4.0256e-10 3.1204e-07 ] 0.0000e+00 [ 0.0000e+00 ] 1.0000e+00
 1.541e+01 2.7945e-07 2.7945e-07 [ 1.2126e-21 2.4477e-12 2.9946e-10 2.7915e-07 ] 0.0000e+00 [ 0.0000e+00 ] 1.0000e+00
 1.553e+01 2.5000e-07 2.5000e-07 [ 6.0152e-22 1.6261e-12 2.2236e-10 2.4978e-07 ] 0.0000e+00 [ 0.0000e+00 ] 1.0000e+00
 1.564e+01 2.2371e-07 2.2371e-07 [ 2.9708e-22 1.0767e-12 1.6481e-10 2.2355e-07 ] 0.0000e+00 [ 0.0000e+00 ] 1.0000e+00
 1.575e+01 2.0024e-07 2.0024e-07 [ 1.4609e-22 7.1060e-13 1.2194e-10 2.0012e-07 ] 0.0000e+00 [ 0.0000e+00 ] 1.0000e+00
 1.587e+01 1.7928e-07 1.7928e-07 [ 7.1535e-23 4.6750e-13 9.0065e-11 1.7918e-07 ] 0.0000e+00 [ 0.0000e+00 ] 1.0000e+00
 1.598e+01 1.6054e-07 1.6054e-07 [ 3.4881e-23 3.0659e-13 6.6414e-11 1.6048e-07 ] 0.0000e+00 [ 0.0000e+00 ] 1.0000e+00
 1.609e+01 1.4380e-07 1.4380e-07 [ 1.6938e-23 2.0044e-13 4.8895e-11 1.4375e-07 ] 0.0000e+00 [ 0.0000e+00 ] 1.0000e+00
 1.621e+01 1.2884e-07 1.2884e-07 [ 8.1910e-24 1.3064e-13 3.5941e-11 1.2880e-07 ] 0.0000e+00 [ 0.0000e+00 ] 1.0000e+00
 1.632e+01 1.1546e-07 1.1546e-07 [ 3.9452e-24 8.4888e-14 2.6380e-11 1.1543e-07 ] 0.0000e+00 [ 0.0000e+00 ] 1.0000e+00
 1.643e+01 1.0350e-07 1.0350e-07 [ 1.8926e-24 5.4994e-14 1.9335e-11 1.0348e-07 ] 0.0000e+00 [ 0.0000e+00 ] 1.0000e+00
 1.655e+01 9.2793e-08 9.2793e-08 [ 9.0441e-25 3.5523e-14 1.4152e-11 9.2779e-08 ] 0.0000e+00 [ 0.0000e+00 ] 1.0000e+00
 1.666e+01 8.3217e-08 8.3217e-08 [ 4.3051e-25 2.2879e-14 1.0345e-11 8.3207e-08 ] 0.0000e+00 [ 0.0000e+00 ] 1.0000e+00
 1.677e+01 7.4648e-08 7.4648e-08 [ 2.0414e-25 1.4694e-14 7.5525e-12 7.4640e-08 ] 0.0000e+00 [ 0.0000e+00 ] 1.0000e+00
 1.689e+01 6.6977e-08 6.6977e-08 [ 9.6442e-26 9.4103e-15 5.5076e-12 6.6972e-08 ] 0.0000e+00 [ 0.0000e+00 ] 1.0000e+00
 1.700e+01 6.0110e-08 6.0110e-08 [ 4.5393e-26 6.0102e-15 4.0122e-12 6.0106e-08 ] 0.0000e+00 [ 0.0000e+00 ] 1.0000e+00
 1.711e+01 5.3961e-08 5.3961e-08 [ 2.1288e-26 3.8283e-15 2.9199e-12 5.3958e-08 ] 0.0000e+00 [ 0.0000e+00 ] 1.0000e+00
 1.723e+01 4.8453e-08 4.8453e-08 [ 9.9480e-27 2.4321e-15 2.1231e-12 4.8451e-08 ] 0.0000e+00 [ 0.0000e+00 ] 1.0000e+00
 1.734e+01 4.3518e-08 4.3518e-08 [ 4.6324e-27 1.5411e-15 1.5425e-12 4.3517e-08 ] 0.0000e+00 [ 0.0000e+00 ] 1.0000e+00
 1.745e+01 3.9097e-08 3.9097e-08 [ 2.1497e-27 9.7413e-16 1.1198e-12 3.9096e-08 ] 0.0000e+00 [ 0.0000e+00 ] 1.0000e+00
 1.757e+01 3.5135e-08 3.5135e-08 [ 9.9424e-28 6.1424e-16 8.1252e-13 3.5134e-08 ] 0.0000e+00 [ 0.0000e+00 ] 1.0000e+00
 1.768e+01 3.1583e-08 3.1583e-08 [ 4.5831e-28 3.8639e-16 5.8924e-13 3.1582e-08 ] 0.0000e+00 [ 0.0000e+00 ] 1.0000e+00
 1.779e+01 2.8398e-08 2.8398e-08 [ 2.1058e-28 2.4251e-16 4.2715e-13 2.8397e-08 ] 0.0000e+00 [ 0.0000e+00 ] 1.0000e+00
 1.791e+01 2.5541e-08 2.5541e-08 [ 9.6447e-29 1.5187e-16 3.0955e-13 2.5541e-08 ] 0.0000e+00 [ 0.0000e+00 ] 1.0000e+00
 1.802e+01 2.2979e-08 2.2979e-08 [ 4.4037e-29 9.4906e-17 2.2429e-13 2.2979e-08 ] 0.0000e+00 [ 0.0000e+00 ] 1.0000e+00
 1.813e+01 2.0680e-08 2.0680e-08 [ 2.0046e-29 5.9188e-17 1.6250e-13 2.0680e-08 ] 0.0000e+00 [ 0.0000e+00 ] 1.0000e+00
 1.825e+01 1.8617e-08 1.8617e-08 [ 9.0981e-30 3.6840e-17 1.1773e-13 1.8617e-08 ] 0.0000e+00 [ 0.0000e+00 ] 1.0000e+00
 1.836e+01 1.6765e-08 1.6765e-08 [ 4.1174e-30 2.2889e-17 8.5307e-14 1.6765e-08 ] 0.0000e+00 [ 0.0000e+00 ] 1.0000e+00
 1.847e+01 1.5101e-08 1.5101e-08 [ 1.8581e-30 1.4196e-17 6.1827e-14 1.5101e-08 ] 0.0000e+00 [ 0.0000e+00 ] 1.0000e+00
 1.859e+01 1.3608e-08 1.3608e-08 [ 8.3629e-31 8.7897e-18 4.4825e-14 1.3608e-08 ] 0.0000e+00 [ 0.0000e+00 ] 1.0000e+00
 1.870e+01 1.2266e-08 1.2266e-08 [ 3.7540e-31 5.4342e-18 3.2511e-14 1.2266e-08 ] 0.0000e+00 [ 0.0000e+00 ] 1.0000e+00
 1.881e+01 1.1060e-08 1.1060e-08 [ 1.6808e-31 3.3548e-18 2.3591e-14 1.1060e-08 ] 0.0000e+00 [ 0.0000e+00 ] 1.0000e+00
 1.893e+01 9.9757e-09 9.9757e-09 [ 7.5073e-32 2.0684e-18 1.7129e-14 9.9757e-09 ] 0.0000e+00 [ 0.0000e+00 ] 1.0000e+00
 1.904e+01 9.0010e-09 9.0010e-09 [ 3.3452e-32 1.2738e-18 1.2444e-14 9.0010e-09 ] 0.0000e+00 [ 0.0000e+00 ] 1.0000e+00
 1.915e+01 8.1243e-09 8.1243e-09 [ 1.4873e-32 7.8355e-19 9.0467e-15 8.1243e-09 ] 0.0000e+00 [ 0.0000e+00 ] 1.0000e+00
 1.927e+01 7.3356e-09 7.3356e-09 [ 6.5981e-33 4.8153e-19 6.5816e-15 7.3356e-09 ] 0.0000e+00 [ 0.0000e+00 ] 1.0000e+00
 1.938e+01 6.6258e-09 6.6258e-09 [ 2.9212e-33 2.9568e-19 4.7917e-15 6.6258e-09 ] 0.0000e+00 [ 0.0000e+00 ] 1.0000e+00
 1.949e+01 5.9868e-09 5.9868e-09 [ 1.2908e-33 1.8143e-19 3.4913e-15 5.9868e-09 ] 0.0000e+00 [ 0.0000e+00 ] 1.0000e+00
 1.961e+01 5.4113e-09 5.4113e-09 [ 5.6933e-34 1.1125e-19 2.5457e-15 5.4113e-09 ] 0.0000e+00 [ 0.0000e+00 ] 1.0000e+00
 1.972e+01 4.8930e-09 4.8930e-09 [ 2.5068e-34 6.8187e-20 1.8575e-15 4.8930e-09 ] 0.0000e+00 [ 0.0000e+00 ] 1.0000e+00
 1.983e+01 4.4259e-09 4.4259e-09 [ 1.1020e-34 4.1775e-20 1.3564e-15 4.4259e-09 ] 0.0000e+00 [ 0.0000e+00 ] 1.0000e+00
 1.995e+01 4.0048e-09 4.0048e-09 [ 4.8376e-35 2.5586e-20 9.9115e-16 4.0048e-09 ] 0.0000e+00 [ 0.0000e+00 ] 1.0000e+00
 2.006e+01 3.6252e-09 3.6252e-09 [ 2.1207e-35 1.5667e-20 7.2470e-16 3.6252e-09 ] 0.0000e+00 [ 0.0000e+00 ] 1.0000e+00
 2.017e+01 3.2827e-09 3.2827e-09 [ 9.2855e-36 9.5919e-21 5.3019e-16 3.2827e-09 ] 0.0000e+00 [ 0.0000e+00 ] 1.0000e+00
 2.029e+01 2.9736e-09 2.9736e-09 [ 4.0612e-36 5.8722e-21 3.8808e-16 2.9736e-09 ] 0.0000e+00 [ 0.0000e+00 ] 1.0000e+00
 2.040e+01 2.6947e-09 2.6947e-09 [ 1.7745e-36 3.5949e-21 2.8418e-16 2.6947e-09 ] 0.0000e+00 [ 0.0000e+00 ] 1.0000e+00
 2.051e+01 2.4428e-09 2.4428e-09 [ 7.7470e-37 2.2009e-21 2.0817e-16 2.4428e-09 ] 0.0000e+00 [ 0.0000e+00 ] 1.0000e+00
 2.063e+01 2.2152e-09 2.2152e-09 [ 3.3797e-37 1.3475e-21 1.5253e-16 2.2152e-09 ] 0.0000e+00 [ 0.0000e+00 ] 1.0000e+00
 2.074e+01 2.0096e-09 2.0096e-09 [ 1.4736e-37 8.2510e-22 1.1178e-16 2.0096e-09 ] 0.0000e+00 [ 0.0000e+00 ] 1.0000e+00
 2.085e+01 1.8237e-09 1.8237e-09 [ 6.4216e-38 5.0527e-22 8.1921e-17 1.8237e-09 ] 0.0000e+00 [ 0.0000e+00 ] 1.0000e+00
 2.097e+01 1.6556e-09 1.6556e-09 [ 2.7975e-38 3.0944e-22 6.0038e-17 1.6556e-09 ] 0.0000e+00 [ 0.0000e+00 ] 1.0000e+00
 2.108e+01 1.5035e-09 1.5035e-09 [ 1.2183e-38 1.8953e-22 4.3995e-17 1.5035e-09 ] 0.0000e+00 [ 0.0000e+00 ] 1.0000e+00
 2.119e+01 1.3659e-09 1.3659e-09 [ 5.3052e-39 1.1609e-22 3.2232e-17 1.3659e-09 ] 0.0000e+00 [ 0.0000e+00 ] 1.0000e+00
 2.131e+01 1.2412e-09 1.2412e-09 [ 2.3100e-39 7.1104e-23 2.3606e-17 1.2412e-09 ] 0.0000e+00 [ 0.0000e+00 ] 1.0000e+00
 2.142e+01 1.1284e-09 1.1284e-09 [ 1.0058e-39 4.3549e-23 1.7282e-17 1.1284e-09 ] 0.0000e+00 [ 0.0000e+00 ] 1.0000e+00
 2.153e+01 1.0261e-09 1.0261e-09 [ 4.3798e-40 2.6670e-23 1.2646e-17 1.0261e-09 ] 0.0000e+00 [ 0.0000e+00 ] 1.0000e+00
 2.165e+01 9.3340e-10 9.3340e-10 [ 1.9075e-40 1.6330e-23 9.2485e-18 9.3340e-10 ] 0.0000e+00 [ 0.0000e+00 ] 1.0000e+00
 2.176e+01 8.4935e-10 8.4935e-10 [ 8.3087e-41 9.9967e-24 6.7592e-18 8.4935e-10 ] 0.0000e+00 [ 0.0000e+00 ] 1.0000e+00
 2.187e+01 7.7311e-10 7.7311e-10 [ 3.6200e-41 6.1175e-24 4.9362e-18 7.7311e-10 ] 0.0000e+00 [ 0.0000e+00 ] 1.0000e+00
 2.199e+01 7.0392e-10 7.0392e-10 [ 1.5776e-41 3.7421e-24 3.6021e-18 7.0392e-10 ] 0.0000e+00 [ 0.0000e+00 ] 1.0000e+00
 2.210e+01 6.4112e-10 6.4112e-10 [ 6.8769e-42 2.2879e-24 2.6262e-18 6.4112e-10 ] 0.0000e+00 [ 0.0000e+00 ] 1.0000e+00
 2.221e+01 5.8409e-10 5.8409e-10 [ 2.9985e-42 1.3980e-24 1.9129e-18 5.8409e-10 ] 0.0000e+00 [ 0.0000e+00 ] 1.0000e+00
 2.233e+01 5.3228e-10 5.3228e-10 [ 1.3077e-42 8.5371e-25 1.3919e-18 5.3228e-10 ] 0.0000e+00 [ 0.0000e+00 ] 1.0000e+00
 2.244e+01 4.8519e-10 4.8519e-10 [ 5.7047e-43 5.2092e-25 1.0117e-18 4.8519e-10 ] 0.0000e+00 [ 0.0000e+00 ] 1.0000e+00
 2.255e+01 4.4239e-10 4.4239e-10 [ 2.4890e-43 3.1759e-25 7.3460e-19 4.4239e-10 ] 0.0000e+00 [ 0.0000e+00 ] 1.0000e+00
 2.267e+01 4.0346e-10 4.0346e-10 [ 1.0861e-43 1.9345e-25 5.3276e-19 4.0346e-10 ] 0.0000e+00 [ 0.0000e+00 ] 1.0000e+00
 2.278e+01 3.6805e-10 3.6805e-10 [ 4.7402e-44 1.1772e-25 3.8590e-19 3.6805e-10 ] 0.0000e+00 [ 0.0000e+00 ] 1.0000e+00
 2.289e+01 3.3583e-10 3.3583e-10 [ 2.0688e-44 7.1558e-26 2.7918e-19 3.3583e-10 ] 0.0000e+00 [ 0.0000e+00 ] 1.0000e+00
 2.301e+01 3.0649e-10 3.0649e-10 [ 9.0292e-45 4.3448e-26 2.0171e-19 3.0649e-10 ] 0.0000e+00 [ 0.0000e+00 ] 1.0000e+00
 2.312e+01 2.7978e-10 2.7978e-10 [ 3.9404e-45 2.6349e-26 1.4555e-19 2.7978e-10 ] 0.0000e+00 [ 0.0000e+00 ] 1.0000e+00
 2.323e+01 2.5544e-10 2.5544e-10 [ 1.7194e-45 1.5959e-26 1.0488e-19 2.5544e-10 ] 0.0000e+00 [ 0.0000e+00 ] 1.0000e+00
 2.335e+01 2.3327e-10 2.3327e-10 [ 7.5007e-46 9.6530e-27 7.5472e-20 2.3327e-10 ] 0.0000e+00 [ 0.0000e+00 ] 1.0000e+00
 2.346e+01 2.1306e-10 2.1306e-10 [ 3.2713e-46 5.8307e-27 5.4232e-20 2.1306e-10 ] 0.0000e+00 [ 0.0000e+00 ] 1.0000e+00
 2.357e+01 1.9463e-10 1.9463e-10 [ 1.4262e-46 3.5169e-27 3.8914e-20 1.9463e-10 ] 0.0000e+00 [ 0.0000e+00 ] 1.0000e+00
 2.369e+01 1.7783e-10 1.7783e-10 [ 6.2153e-47 2.1181e-27 2.7882e-20 1.7783e-10 ] 0.0000e+00 [ 0.0000e+00 ] 1.0000e+00
 2.380e+01 1.6250e-10 1.6250e-10 [ 2.7073e-47 1.2737e-27 1.9948e-20 1.6250e-10 ] 0.0000e+00 [ 0.0000e+00 ] 1.0000e+00
 2.391e+01 1.4851e-10 1.4851e-10 [ 1.1786e-47 7.6474e-28 1.4251e-20 1.4851e-10 ] 0.0000e+00 [ 0.0000e+00 ] 1.0000e+00
 2.403e+01 1.3574e-10 1.3574e-10 [ 5.1278e-48 4.5842e-28 1.0165e-20 1.3574e-10 ] 0.0000e+00 [ 0.0000e+00 ] 1.0000e+00
 2.414e+01 1.2409e-10 1.2409e-10 [ 2.2295e-48 2.7435e-28 7.2397e-21 1.2409e-10 ] 0.0000e+00 [ 0.0000e+00 ] 1.0000e+00
 2.425e+01 1.1345e-10 1.1345e-10 [ 9.6861e-49 1.6391e-28 5.1483e-21 1.1345e-10 ] 0.0000e+00 [ 0.0000e+00 ] 1.0000e+00
 2.437e+01 1.0373e-10 1.0373e-10 [ 4.2049e-49 9.7766e-29 3.6554e-21 1.0373e-10 ] 0.0000e+00 [ 0.0000e+00 ] 1.0000e+00
 2.448e+01 9.4848e-11 9.4848e-11 [ 1.8239e-49 5.8213e-29 2.5913e-21 9.4848e-11 ] 0.0000e+00 [ 0.0000e+00 ] 1.0000e+00
 2.459e+01 8.6736e-11 8.6736e-11 [ 7.9044e-50 3.4601e-29 1.8341e-21 8.6736e-11 ] 0.0000e+00 [ 0.0000e+00 ] 1.0000e+00
 2.471e+01 7.9321e-11 7.9321e-11 [ 3.4224e-50 2.0531e-29 1.2962e-21 7.9321e-11 ] 0.0000e+00 [ 0.0000e+00 ] 1.0000e+00
 2.482e+01 7.2545e-11 7.2545e-11 [ 1.4804e-50 1.2160e-29 9.1453e-22 7.2545e-11 ] 0.0000e+00 [ 0.0000e+00 ] 1.0000e+00
 2.493e+01 6.6350e-11 6.6350e-11 [ 6.3970e-51 7.1898e-30 6.4423e-22 6.6350e-11 ] 0.0000e+00 [ 0.0000e+00 ] 1.0000e+00
 2.505e+01 6.0686e-11 6.0686e-11 [ 2.7614e-51 4.2432e-30 4.5310e-22 6.0686e-11 ] 0.0000e+00 [ 0.0000e+00 ] 1.0000e+00
 2.516e+01 5.5506e-11 5.5506e-11 [ 1.1908e-51 2.4997e-30 3.1816e-22 5.5506e-11 ] 0.0000e+00 [ 0.0000e+00 ] 1.0000e+00
 2.527e+01 5.0770e-11 5.0770e-11 [ 5.1292e-52 1.4699e-30 2.2305e-22 5.0770e-11 ] 0.0000e+00 [ 0.0000e+00 ] 1.0000e+00
 2.539e+01 4.6437e-11 4.6437e-11 [ 2.2069e-52 8.6280e-31 1.5612e-22 4.6437e-11 ] 0.0000e+00 [ 0.0000e+00 ] 1.0000e+00
 2.550e+01 4.2474e-11 4.2474e-11 [ 9.4847e-53 5.0551e-31 1.0910e-22 4.2474e-11 ] 0.0000e+00 [ 0.0000e+00 ] 1.0000e+00
 2.561e+01 3.8848e-11 3.8848e-11 [ 4.0716e-53 2.9563e-31 7.6115e-23 3.8848e-11 ] 0.0000e+00 [ 0.0000e+00 ] 1.0000e+00
 2.573e+01 3.5531e-11 3.5531e-11 [ 1.7458e-53 1.7257e-31 5.3018e-23 3.5531e-11 ] 0.0000e+00 [ 0.0000e+00 ] 1.0000e+00
 2.584e+01 3.2496e-11 3.2496e-11 [ 7.4767e-54 1.0055e-31 3.6870e-23 3.2496e-11 ] 0.0000e+00 [ 0.0000e+00 ] 1.0000e+00
 2.595e+01 2.9719e-11 2.9719e-11 [ 3.1982e-54 5.8476e-32 2.5598e-23 2.9719e-11 ] 0.0000e+00 [ 0.0000e+00 ] 1.0000e+00
 2.607e+01 2.7178e-11 2.7178e-11 [ 1.3664e-54 3.3946e-32 1.7744e-23 2.7178e-11 ] 0.0000e+00 [ 0.0000e+00 ] 1.0000e+00
 2.618e+01 2.4852e-11 2.4852e-11 [ 5.8307e-55 1.9669e-32 1.2280e-23 2.4852e-11 ] 0.0000e+00 [ 0.0000e+00 ] 1.0000e+00
 2.629e+01 2.2724e-11 2.2724e-11 [ 2.4851e-55 1.1376e-32 8.4842e-24 2.2724e-11 ] 0.0000e+00 [ 0.0000e+00 ] 1.0000e+00
 2.641e+01 2.0777e-11 2.0777e-11 [ 1.0578e-55 6.5673e-33 5.8524e-24 2.0777e-11 ] 0.0000e+00 [ 0.0000e+00 ] 1.0000e+00
 2.652e+01 1.8994e-11 1.8994e-11 [ 4.4974e-56 3.7842e-33 4.0304e-24 1.8994e-11 ] 0.0000e+00 [ 0.0000e+00 ] 1.0000e+00
 2.663e+01 1.7363e-11 1.7363e-11 [ 1.9097e-56 2.1766e-33 2.7711e-24 1.7363e-11 ] 0.0000e+00 [ 0.0000e+00 ] 1.0000e+00
 2.675e+01 1.5871e-11 1.5871e-11 [ 8.0991e-57 1.2496e-33 1.9022e-24 1.5871e-11 ] 0.0000e+00 [ 0.0000e+00 ] 1.0000e+00
 2.686e+01 1.4505e-11 1.4505e-11 [ 3.4306e-57 7.1608e-34 1.3037e-24 1.4505e-11 ] 0.0000e+00 [ 0.0000e+00 ] 1.0000e+00
 2.697e+01 1.3255e-11 1.3255e-11 [ 1.4513e-57 4.0960e-34 8.9200e-25 1.3255e-11 ] 0.0000e+00 [ 0.0000e+00 ] 1.0000e+00
 2.709e+01 1.2111e-11 1.2111e-11 [ 6.1324e-58 2.3386e-34 6.0934e-25 1.2111e-11 ] 0.0000e+00 [ 0.0000e+00 ] 1.0000e+00
 2.720e+01 1.1065e-11 1.1065e-11 [ 2.5879e-58 1.3328e-34 4.1557e-25 1.1065e-11 ] 0.0000e+00 [ 0.0000e+00 ] 1.0000e+00
 2.731e+01 1.0107e-11 1.0107e-11 [ 1.0908e-58 7.5821e-35 2.8297e-25 1.0107e-11 ] 0.0000e+00 [ 0.0000e+00 ] 1.0000e+00
 2.743e+01 9.2316e-12 9.2316e-12 [ 4.5920e-59 4.3054e-35 1.9236e-25 9.2316e-12 ] 0.0000e+00 [ 0.0000e+00 ] 1.0000e+00
 2.754e+01 8.4303e-12 8.4303e-12 [ 1.9308e-59 2.4404e-35 1.3056e-25 8.4303e-12 ] 0.0000e+00 [ 0.0000e+00 ] 1.0000e+00
 2.765e+01 7.6974e-12 7.6974e-12 [ 8.1082e-60 1.3807e-35 8.8468e-26 7.6974e-12 ] 0.0000e+00 [ 0.0000e+00 ] 1.0000e+00
 2.777e+01 7.0271e-12 7.0271e-12 [ 3.4009e-60 7.7979e-36 5.9851e-26 7.0271e-12 ] 0.0000e+00 [ 0.0000e+00 ] 1.0000e+00
 2.788e+01 6.4140e-12 6.4140e-12 [ 1.4248e-60 4.3961e-36 4.0425e-26 6.4140e-12 ] 0.0000e+00 [ 0.0000e+00 ] 1.0000e+00
 2.799e+01 5.8535e-12 5.8535e-12 [ 5.9616e-61 2.4739e-36 2.7261e-26 5.8535e-12 ] 0.0000e+00 [ 0.0000e+00 ] 1.0000e+00
 2.811e+01 5.3409e-12 5.3409e-12 [ 2.4915e-61 1.3897e-36 1.8354e-26 5.3409e-12 ] 0.0000e+00 [ 0.0000e+00 ] 1.0000e+00
 2.822e+01 4.8724e-12 4.8724e-12 [ 1.0400e-61 7.7926e-37 1.2337e-26 4.8724e-12 ] 0.0000e+00 [ 0.0000e+00 ] 1.0000e+00
 2.833e+01 4.4441e-12 4.4441e-12 [ 4.3362e-62 4.3619e-37 8.2799e-27 4.4441e-12 ] 0.0000e+00 [ 0.0000e+00 ] 1.0000e+00
 2.845e+01 4.0527e-12 4.0527e-12 [ 1.8058e-62 2.4373e-37 5.5479e-27 4.0527e-12 ] 0.0000e+00 [ 0.0000e+00 ] 1.0000e+00
 2.856e+01 3.6950e-12 3.6950e-12 [ 7.5111e-63 1.3595e-37 3.7114e-27 3.6950e-12 ] 0.0000e+00 [ 0.0000e+00 ] 1.0000e+00
 2.867e+01 3.3681e-12 3.3681e-12 [ 3.1206e-63 7.5694e-38 2.4789e-27 3.3681e-12 ] 0.0000e+00 [ 0.0000e+00 ] 1.0000e+00
 2.879e+01 3.0696e-12 3.0696e-12 [ 1.2950e-63 4.2073e-38 1.6531e-27 3.0696e-12 ] 0.0000e+00 [ 0.0000e+00 ] 1.0000e+00
 2.890e+01 2.7969e-12 2.7969e-12 [ 5.3680e-64 2.3344e-38 1.1006e-27 2.7969e-12 ] 0.0000e+00 [ 0.0000e+00 ] 1.0000e+00
 2.901e+01 2.5479e-12 2.5479e-12 [ 2.2225e-64 1.2930e-38 7.3161e-28 2.5479e-12 ] 0.0000e+00 [ 0.0000e+00 ] 1.0000e+00
 2.913e+01 2.3206e-12 2.3206e-12 [ 9.1914e-65 7.1497e-39 4.8556e-28 2.3206e-12 ] 0.0000e+00 [ 0.0000e+00 ] 1.0000e+00
 2.924e+01 2.1130e-12 2.1130e-12 [ 3.7969e-65 3.9466e-39 3.2175e-28 2.1130e-12 ] 0.0000e+00 [ 0.0000e+00 ] 1.0000e+00
 2.935e+01 1.9236e-12 1.9236e-12 [ 1.5667e-65 2.1747e-39 2.1287e-28 1.9236e-12 ] 0.0000e+00 [ 0.0000e+00 ] 1.0000e+00
 2.947e+01 1.7507e-12 1.7507e-12 [ 6.4575e-66 1.1963e-39 1.4061e-28 1.7507e-12 ] 0.0000e+00 [ 0.0000e+00 ] 1.0000e+00
 2.958e+01 1.5930e-12 1.5930e-12 [ 2.6586e-66 6.5697e-40 9.2738e-29 1.5930e-12 ] 0.0000e+00 [ 0.0000e+00 ] 1.0000e+00
 2.969e+01 1.4492e-12 1.4492e-12 [ 1.0934e-66 3.6017e-40 6.1066e-29 1.4492e-12 ] 0.0000e+00 [ 0.0000e+00 ] 1.0000e+00
 2.981e+01 1.3180e-12 1.3180e-12 [ 4.4916e-67 1.9713e-40 4.0149e-29 1.3180e-12 ] 0.0000e+00 [ 0.0000e+00 ] 1.0000e+00
 2.992e+01 1.1984e-12 1.1984e-12 [ 1.8432e-67 1.0771e-40 2.6355e-29 1.1984e-12 ] 0.0000e+00 [ 0.0000e+00 ] 1.0000e+00
 3.003e+01 1.0894e-12 1.0894e-12 [ 7.5554e-68 5.8752e-41 1.7273e-29 1.0894e-12 ] 0.0000e+00 [ 0.0000e+00 ] 1.0000e+00
 3.015e+01 9.9004e-13 9.9004e-13 [ 3.0938e-68 3.1994e-41 1.1303e-29 9.9004e-13 ] 0.0000e+00 [ 0.0000e+00 ] 1.0000e+00
 3.026e+01 8.9951e-13 8.9951e-13 [ 1.2655e-68 1.7394e-41 7.3853e-30 8.9951e-13 ] 0.0000e+00 [ 0.0000e+00 ] 1.0000e+00
 3.037e+01 8.1705e-13 8.1705e-13 [ 5.1707e-69 9.4407e-42 4.8179e-30 8.1705e-13 ] 0.0000e+00 [ 0.0000e+00 ] 1.0000e+00
 3.049e+01 7.4196e-13 7.4196e-13 [ 2.1106e-69 5.1156e-42 3.1381e-30 7.4196e-13 ] 0.0000e+00 [ 0.0000e+00 ] 1.0000e+00
 3.060e+01 6.7358e-13 6.7358e-13 [ 8.6058e-70 2.7674e-42 2.0409e-30 6.7358e-13 ] 0.0000e+00 [ 0.0000e+00 ] 1.0000e+00
 3.071e+01 6.1134e-13 6.1134e-13 [ 3.5053e-70 1.4947e-42 1.3252e-30 6.1134e-13 ] 0.0000e+00 [ 0.0000e+00 ] 1.0000e+00
 3.083e+01 5.5471e-13 5.5471e-13 [ 1.4263e-70 8.0595e-43 8.5922e-31 5.5471e-13 ] 0.0000e+00 [ 0.0000e+00 ] 1.0000e+00
 3.094e+01 5.0318e-13 5.0318e-13 [ 5.7979e-71 4.3388e-43 5.5622e-31 5.0318e-13 ] 0.0000e+00 [ 0.0000e+00 ] 1.0000e+00
 3.105e+01 4.5631e-13 4.5631e-13 [ 2.3544e-71 2.3320e-43 3.5952e-31 4.5631e-13 ] 0.0000e+00 [ 0.0000e+00 ] 1.0000e+00
 3.117e+01 4.1369e-13 4.1369e-13 [ 9.5508e-72 1.2514e-43 2.3203e-31 4.1369e-13 ] 0.0000e+00 [ 0.0000e+00 ] 1.0000e+00
 3.128e+01 3.7495e-13 3.7495e-13 [ 3.8705e-72 6.7042e-44 1.4952e-31 3.7495e-13 ] 0.0000e+00 [ 0.0000e+00 ] 1.0000e+00
 3.139e+01 3.3974e-13 3.3974e-13 [ 1.5670e-72 3.5861e-44 9.6202e-32 3.3974e-13 ] 0.0000e+00 [ 0.0000e+00 ] 1.0000e+00
 3.151e+01 3.0775e-13 3.0775e-13 [ 6.3378e-73 1.9152e-44 6.1804e-32 3.0775e-13 ] 0.0000e+00 [ 0.0000e+00 ] 1.0000e+00
 3.162e+01 2.7868e-13 2.7868e-13 [ 2.5608e-73 1.0212e-44 3.9645e-32 2.7868e-13 ] 0.0000e+00 [ 0.0000e+00 ] 1.0000e+00
 3.173e+01 2.5230e-13 2.5230e-13 [ 1.0337e-73 5.4364e-45 2.5393e-32 2.5230e-13 ] 0.0000e+00 [ 0.0000e+00 ] 1.0000e+00
 3.185e+01 2.2834e-13 2.2834e-13 [ 4.1686e-74 2.8896e-45 1.6240e-32 2.2834e-13 ] 0.0000e+00 [ 0.0000e+00 ] 1.0000e+00
 3.196e+01 2.0659e-13 2.0659e-13 [ 1.6794e-74 1.5336e-45 1.0370e-32 2.0659e-13 ] 0.0000e+00 [ 0.0000e+00 ] 1.0000e+00
 3.207e+01 1.8687e-13 1.8687e-13 [ 6.7597e-75 8.1260e-46 6.6122e-33 1.8687e-13 ] 0.0000e+00 [ 0.0000e+00 ] 1.0000e+00
 3.219e+01 1.6897e-13 1.6897e-13 [ 2.7181e-75 4.2992e-46 4.2097e-33 1.6897e-13 ] 0.0000e+00 [ 0.0000e+00 ] 1.0000e+00
 3.230e+01 1.5275e-13 1.5275e-13 [ 1.0920e-75 2.2710e-46 2.6762e-33 1.5275e-13 ] 0.0000e+00 [ 0.0000e+00 ] 1.0000e+00
 3.241e+01 1.3803e-13 1.3803e-13 [ 4.3827e-76 1.1978e-46 1.6987e-33 1.3803e-13 ] 0.0000e+00 [ 0.0000e+00 ] 1.0000e+00
 3.253e+01 1.2470e-13 1.2470e-13 [ 1.7574e-76 6.3083e-47 1.0767e-33 1.2470e-13 ] 0.0000e+00 [ 0.0000e+00 ] 1.0000e+00
 3.264e+01 1.1263e-13 1.1263e-13 [ 7.0403e-77 3.3171e-47 6.8142e-34 1.1263e-13 ] 0.0000e+00 [ 0.0000e+00 ] 1.0000e+00
 3.275e+01 1.0169e-13 1.0169e-13 [ 2.8179e-77 1.7416e-47 4.3062e-34 1.0169e-13 ] 0.0000e+00 [ 0.0000e+00 ] 1.0000e+00
 3.287e+01 9.1780e-14 9.1780e-14 [ 1.1268e-77 9.1304e-48 2.7172e-34 9.1780e-14 ] 0.0000e+00 [ 0.0000e+00 ] 1.0000e+00
 3.298e+01 8.2814e-14 8.2814e-14 [ 4.5018e-78 4.7794e-48 1.7121e-34 8.2814e-14 ] 0.0000e+00 [ 0.0000e+00 ] 1.0000e+00
 3.309e+01 7.4700e-14 7.4700e-14 [ 1.7969e-78 2.4981e-48 1.0772e-34 7.4700e-14 ] 0.0000e+00 [ 0.0000e+00 ] 1.0000e+00
 3.321e+01 6.7361e-14 6.7361e-14 [ 7.1661e-79 1.3038e-48 6.7671e-35 6.7361e-14 ] 0.0000e+00 [ 0.0000e+00 ] 1.0000e+00
 3.332e+01 6.0723e-14 6.0723e-14 [ 2.8553e-79 6.7945e-49 4.2451e-35 6.0723e-14 ] 0.0000e+00 [ 0.0000e+00 ] 1.0000e+00
 3.343e+01 5.4722e-14 5.4722e-14 [ 1.1367e-79 3.5356e-49 2.6591e-35 5.4722e-14 ] 0.0000e+00 [ 0.0000e+00 ] 1.0000e+00
 3.355e+01 4.9299e-14 4.9299e-14 [ 4.5211e-80 1.8371e-49 1.6632e-35 4.9299e-14 ] 0.0000e+00 [ 0.0000e+00 ] 1.0000e+00
 3.366e+01 4.4399e-14 4.4399e-14 [ 1.7967e-80 9.5317e-50 1.0388e-35 4.4399e-14 ] 0.0000e+00 [ 0.0000e+00 ] 1.0000e+00
 3.377e+01 3.9973e-14 3.9973e-14 [ 7.1338e-81 4.9383e-50 6.4789e-36 3.9973e-14 ] 0.0000e+00 [ 0.0000e+00 ] 1.0000e+00
 3.389e+01 3.5977e-14 3.5977e-14 [ 2.8301e-81 2.5547e-50 4.0349e-36 3.5977e-14 ] 0.0000e+00 [ 0.0000e+00 ] 1.0000e+00
 3.400e+01 3.2369e-14 3.2369e-14 [ 1.1218e-81 1.3198e-50 2.5092e-36 3.2369e-14 ] 0.0000e+00 [ 0.0000e+00 ] 1.0000e+00
 3.411e+01 2.9115e-14 2.9115e-14 [ 4.4427e-82 6.8080e-51 1.5582e-36 2.9115e-14 ] 0.0000e+00 [ 0.0000e+00 ] 1.0000e+00
 3.423e+01 2.6178e-14 2.6178e-14 [ 1.7580e-82 3.5069e-51 9.6620e-37 2.6178e-14 ] 0.0000e+00 [ 0.0000e+00 ] 1.0000e+00
 3.434e+01 2.3531e-14 2.3531e-14 [ 6.9506e-83 1.8039e-51 5.9827e-37 2.3531e-14 ] 0.0000e+00 [ 0.0000e+00 ] 1.0000e+00
 3.445e+01 2.1144e-14 2.1144e-14 [ 2.7458e-83 9.2658e-52 3.6992e-37 2.1144e-14 ] 0.0000e+00 [ 0.0000e+00 ] 1.0000e+00
 3.457e+01 1.8993e-14 1.8993e-14 [ 1.0838e-83 4.7527e-52 2.2840e-37 1.8993e-14 ] 0.0000e+00 [ 0.0000e+00 ] 1.0000e+00
 3.468e+01 1.7055e-14 1.7055e-14 [ 4.2745e-84 2.4344e-52 1.4082e-37 1.7055e-14 ] 0.0000e+00 [ 0.0000e+00 ] 1.0000e+00
 3.479e+01 1.5310e-14 1.5310e-14 [ 1.6845e-84 1.2452e-52 8.6704e-38 1.5310e-14 ] 0.0000e+00 [ 0.0000e+00 ] 1.0000e+00
 3.491e+01 1.3739e-14 1.3739e-14 [ 6.6327e-85 6.3601e-53 5.3307e-38 1.3739e-14 ] 0.0000e+00 [ 0.0000e+00 ] 1.0000e+00
 3.502e+01 1.2325e-14 1.2325e-14 [ 2.6096e-85 3.2441e-53 3.2728e-38 1.2325e-14 ] 0.0000e+00 [ 0.0000e+00 ] 1.0000e+00
 3.513e+01 1.1053e-14 1.1053e-14 [ 1.0259e-85 1.6525e-53 2.0065e-38 1.1053e-14 ] 0.0000e+00 [ 0.0000e+00 ] 1.0000e+00
 3.525e+01 9.9089e-15 9.9089e-15 [ 4.0297e-86 8.4056e-54 1.2284e-38 9.9089e-15 ] 0.0000e+00 [ 0.0000e+00 ] 1.0000e+00
 3.536e+01 8.8802e-15 8.8802e-15 [ 1.5817e-86 4.2699e-54 7.5101e-39 8.8802e-15 ] 0.0000e+00 [ 0.0000e+00 ] 1.0000e+00
 3.547e+01 7.9557e-15 7.9557e-15 [ 6.2031e-87 2.1660e-54 4.5850e-39 7.9557e-15 ] 0.0000e+00 [ 0.0000e+00 ] 1.0000e+00
 3.559e+01 7.1250e-15 7.1250e-15 [ 2.4309e-87 1.0973e-54 2.7953e-39 7.1250e-15 ] 0.0000e+00 [ 0.0000e+00 ] 1.0000e+00
 3.570e+01 6.3789e-15 6.3789e-15 [ 9.5190e-88 5.5515e-55 1.7018e-39 6.3789e-15 ] 0.0000e+00 [ 0.0000e+00 ] 1.0000e+00
 3.581e+01 5.7089e-15 5.7089e-15 [ 3.7246e-88 2.8048e-55 1.0347e-39 5.7089e-15 ] 0.0000e+00 [ 0.0000e+00 ] 1.0000e+00
 3.593e+01 5.1076e-15 5.1076e-15 [ 1.4562e-88 1.4152e-55 6.2819e-40 5.1076e-15 ] 0.0000e+00 [ 0.0000e+00 ] 1.0000e+00
 3.604e+01 4.5681e-15 4.5681e-15 [ 5.6893e-89 7.1311e-56 3.8087e-40 4.5681e-15 ] 0.0000e+00 [ 0.0000e+00 ] 1.0000e+00
 3.615e+01 4.0842e-15 4.0842e-15 [ 2.2210e-89 3.5885e-56 2.3060e-40 4.0842e-15 ] 0.0000e+00 [ 0.0000e+00 ] 1.0000e+00
 3.627e+01 3.6503e-15 3.6503e-15 [ 8.6641e-90 1.8034e-56 1.3943e-40 3.6503e-15 ] 0.0000e+00 [ 0.0000e+00 ] 1.0000e+00
 3.638e+01 3.2614e-15 3.2614e-15 [ 3.3773e-90 9.0514e-57 8.4187e-41 3.2614e-15 ] 0.0000e+00 [ 0.0000e+00 ] 1.0000e+00
 3.649e+01 2.9129e-15 2.9129e-15 [ 1.3155e-90 4.5370e-57 5.0763e-41 2.9129e-15 ] 0.0000e+00 [ 0.0000e+00 ] 1.0000e+00
 3.661e+01 2.6008e-15 2.6008e-15 [ 5.1203e-91 2.2712e-57 3.0568e-41 2.6008e-15 ] 0.0000e+00 [ 0.0000e+00 ] 1.0000e+00
 3.672e+01 2.3213e-15 2.3213e-15 [ 1.9915e-91 1.1354e-57 1.8382e-41 2.3213e-15 ] 0.0000e+00 [ 0.0000e+00 ] 1.0000e+00
 3.683e+01 2.0711e-15 2.0711e-15 [ 7.7400e-92 5.6692e-58 1.1039e-41 2.0711e-15 ] 0.0000e+00 [ 0.0000e+00 ] 1.0000e+00
 3.695e+01 1.8473e-15 1.8473e-15 [ 3.0060e-92 2.8270e-58 6.6200e-42 1.8473e-15 ] 0.0000e+00 [ 0.0000e+00 ] 1.0000e+00
 3.706e+01 1.6470e-15 1.6470e-15 [ 1.1666e-92 1.4079e-58 3.9648e-42 1.6470e-15 ] 0.0000e+00 [ 0.0000e+00 ] 1.0000e+00
 3.717e+01 1.4680e-15 1.4680e-15 [ 4.5244e-93 7.0027e-59 2.3714e-42 1.4680e-15 ] 0.0000e+00 [ 0.0000e+00 ] 1.0000e+00
 3.729e+01 1.3080e-15 1.3080e-15 [ 1.7534e-93 3.4786e-59 1.4164e-42 1.3080e-15 ] 0.0000e+00 [ 0.0000e+00 ] 1.0000e+00
 3.740e+01 1.1650e-15 1.1650e-15 [ 6.7905e-94 1.7258e-59 8.4490e-43 1.1650e-15 ] 0.0000e+00 [ 0.0000e+00 ] 1.0000e+00
 3.751e+01 1.0373e-15 1.0373e-15 [ 2.6279e-94 8.5516e-60 5.0331e-43 1.0373e-15 ] 0.0000e+00 [ 0.0000e+00 ] 1.0000e+00
 3.763e+01 9.2324e-16 9.2324e-16 [ 1.0163e-94 4.2320e-60 2.9943e-43 9.2324e-16 ] 0.0000e+00 [ 0.0000e+00 ] 1.0000e+00
 3.774e+01 8.2145e-16 8.2145e-16 [ 3.9275e-95 2.0918e-60 1.7790e-43 8.2145e-16 ] 0.0000e+00 [ 0.0000e+00 ] 1.0000e+00
 3.785e+01 7.3063e-16 7.3063e-16 [ 1.5168e-95 1.0326e-60 1.0555e-43 7.3063e-16 ] 0.0000e+00 [ 0.0000e+00 ] 1.0000e+00
 3.797e+01 6.4962e-16 6.4962e-16 [ 5.8536e-96 5.0913e-61 6.2547e-44 6.4962e-16 ] 0.0000e+00 [ 0.0000e+00 ] 1.0000e+00
 3.808e+01 5.7739e-16 5.7739e-16 [ 2.2575e-96 2.5072e-61 3.7014e-44 5.7739e-16 ] 0.0000e+00 [ 0.0000e+00 ] 1.0000e+00
 3.819e+01 5.1301e-16 5.1301e-16 [ 8.7007e-97 1.2331e-61 2.1875e-44 5.1301e-16 ] 0.0000e+00 [ 0.0000e+00 ] 1.0000e+00
 3.831e+01 4.5565e-16 4.5565e-16 [ 3.3510e-97 6.0576e-62 1.2911e-44 4.5565e-16 ] 0.0000e+00 [ 0.0000e+00 ] 1.0000e+00
 3.842e+01 4.0455e-16 4.0455e-16 [ 1.2898e-97 2.9721e-62 7.6107e-45 4.0455e-16 ] 0.0000e+00 [ 0.0000e+00 ] 1.0000e+00
 3.853e+01 3.5907e-16 3.5907e-16 [ 4.9608e-98 1.4565e-62 4.4804e-45 3.5907e-16 ] 0.0000e+00 [ 0.0000e+00 ] 1.0000e+00
 3.865e+01 3.1858e-16 3.1858e-16 [ 1.9068e-98 7.1290e-63 2.6341e-45 3.1858e-16 ] 0.0000e+00 [ 0.0000e+00 ] 1.0000e+00
 3.876e+01 2.8256e-16 2.8256e-16 [ 7.3244e-99 3.4852e-63 1.5467e-45 2.8256e-16 ] 0.0000e+00 [ 0.0000e+00 ] 1.0000e+00
 3.887e+01 2.5052e-16 2.5052e-16 [ 2.8116e-99 1.7018e-63 9.0697e-46 2.5052e-16 ] 0.0000e+00 [ 0.0000e+00 ] 1.0000e+00
 3.899e+01 2.2203e-16 2.2203e-16 [ 1.0786e-99 8.3001e-64 5.3117e-46 2.2203e-16 ] 0.0000e+00 [ 0.0000e+00 ] 1.0000e+00
 3.910e+01 1.9672e-16 1.9672e-16 [ 4.1351e-100 4.0433e-64 3.1068e-46 1.9672e-16 ] 0.0000e+00 [ 0.0000e+00 ] 1.0000e+00
 3.921e+01 1.7423e-16 1.7423e-16 [ 1.5842e-100 1.9674e-64 1.8148e-46 1.7423e-16 ] 0.0000e+00 [ 0.0000e+00 ] 1.0000e+00
 3.933e+01 1.5425e-16 1.5425e-16 [ 6.0658e-101 9.5614e-65 1.0588e-46 1.5425e-16 ] 0.0000e+00 [ 0.0000e+00 ] 1.0000e+00
 3.944e+01 1.3652e-16 1.3652e-16 [ 2.3210e-101 4.6414e-65 6.1690e-47 1.3652e-16 ] 0.0000e+00 [ 0.0000e+00 ] 1.0000e+00
 3.955e+01 1.2078e-16 1.2078e-16 [ 8.8754e-102 2.2505e-65 3.5898e-47 1.2078e-16 ] 0.0000e+00 [ 0.0000e+00 ] 1.0000e+00
 3.967e+01 1.0682e-16 1.0682e-16 [ 3.3918e-102 1.0899e-65 2.0863e-47 1.0682e-16 ] 0.0000e+00 [ 0.0000e+00 ] 1.0000e+00
 3.978e+01 9.4436e-17 9.4436e-17 [ 1.2954e-102 5.2726e-66 1.2110e-47 9.4436e-17 ] 0.0000e+00 [ 0.0000e+00 ] 1.0000e+00
 3.989e+01 8.3460e-17 8.3460e-17 [ 4.9441e-103 2.5477e-66 7.0203e-48 8.3460e-17 ] 0.0000e+00 [ 0.0000e+00 ] 1.0000e+00
 4.001e+01 7.3732e-17 7.3732e-17 [ 1.8859e-103 1.2297e-66 4.0646e-48 7.3732e-17 ] 0.0000e+00 [ 0.0000e+00 ] 1.0000e+00
 4.012e+01 6.5115e-17 6.5115e-17 [ 7.1892e-104 5.9282e-67 2.3504e-48 6.5115e-17 ] 0.0000e+00 [ 0.0000e+00 ] 1.0000e+00
 4.023e+01 5.7485e-17 5.7485e-17 [ 2.7389e-104 2.8548e-67 1.3574e-48 5.7485e-17 ] 0.0000e+00 [ 0.0000e+00 ] 1.0000e+00
 4.035e+01 5.0730e-17 5.0730e-17 [ 1.0428e-104 1.3732e-67 7.8298e-49 5.0730e-17 ] 0.0000e+00 [ 0.0000e+00 ] 1.0000e+00
 4.046e+01 4.4753e-17 4.4753e-17 [ 3.9680e-105 6.5978e-68 4.5107e-49 4.4753e-17 ] 0.0000e+00 [ 0.0000e+00 ] 1.0000e+00
 4.057e+01 3.9466e-17 3.9466e-17 [ 1.5090e-105 3.1666e-68 2.5954e-49 3.9466e-17 ] 0.0000e+00 [ 0.0000e+00 ] 1.0000e+00
 4.069e+01 3.4791e-17 3.4791e-17 [ 5.7349e-106 1.5181e-68 1.4915e-49 3.4791e-17 ] 0.0000e+00 [ 0.0000e+00 ] 1.0000e+00
 4.080e+01 3.0658e-17 3.0658e-17 [ 2.1783e-106 7.2697e-69 8.5604e-50 3.0658e-17 ] 0.0000e+00 [ 0.0000e+00 ] 1.0000e+00
 4.091e+01 2.7007e-17 2.7007e-17 [ 8.2688e-107 3.4774e-69 4.9073e-50 2.7007e-17 ] 0.0000e+00 [ 0.0000e+00 ] 1.0000e+00
 4.103e+01 2.3782e-17 2.3782e-17 [ 3.1370e-107 1.6616e-69 2.8096e-50 2.3782e-17 ] 0.0000e+00 [ 0.0000e+00 ] 1.0000e+00
 4.114e+01 2.0934e-17 2.0934e-17 [ 1.1894e-107 7.9309e-70 1.6067e-50 2.0934e-17 ] 0.0000e+00 [ 0.0000e+00 ] 1.0000e+00
 4.125e+01 1.8421e-17 1.8421e-17 [ 4.5072e-108 3.7813e-70 9.1765e-51 1.8421e-17 ] 0.0000e+00 [ 0.0000e+00 ] 1.0000e+00
 4.137e+01 1.6203e-17 1.6203e-17 [ 1.7069e-108 1.8009e-70 5.2348e-51 1.6203e-17 ] 0.0000e+00 [ 0.0000e+00 ] 1.0000e+00
 4.148e+01 1.4248e-17 1.4248e-17 [ 6.4607e-109 8.5680e-71 2.9825e-51 1.4248e-17 ] 0.0000e+00 [ 0.0000e+00 ] 1.0000e+00
 4.159e+01 1.2523e-17 1.2523e-17 [ 2.4439e-109 4.0719e-71 1.6973e-51 1.2523e-17 ] 0.0000e+00 [ 0.0000e+00 ] 1.0000e+00
 4.171e+01 1.1004e-17 1.1004e-17 [ 9.2396e-110 1.9331e-71 9.6469e-52 1.1004e-17 ] 0.0000e+00 [ 0.0000e+00 ] 1.0000e+00
 4.182e+01 9.6652e-18 9.6652e-18 [ 3.4912e-110 9.1672e-72 5.4765e-52 9.6652e-18 ] 0.0000e+00 [ 0.0000e+00 ] 1.0000e+00
 4.193e+01 8.4863e-18 8.4863e-18 [ 1.3184e-110 4.3427e-72 3.1052e-52 8.4863e-18 ] 0.0000e+00 [ 0.0000e+00 ] 1.0000e+00
 4.205e+01 7.4484e-18 7.4484e-18 [ 4.9758e-111 2.0551e-72 1.7586e-52 7.4484e-18 ] 0.0000e+00 [ 0.0000e+00 ] 1.0000e+00
 4.216e+01 6.5351e-18 6.5351e-18 [ 1.8769e-111 9.7150e-73 9.9475e-53 6.5351e-18 ] 0.0000e+00 [ 0.0000e+00 ] 1.0000e+00
 4.227e+01 5.7316e-18 5.7316e-18 [ 7.0760e-112 4.5877e-73 5.6201e-53 5.7316e-18 ] 0.0000e+00 [ 0.0000e+00 ] 1.0000e+00
 4.239e+01 5.0252e-18 5.0252e-18 [ 2.6662e-112 2.1642e-73 3.1715e-53 5.0252e-18 ] 0.0000e+00 [ 0.0000e+00 ] 1.0000e+00
 4.250e+01 4.4041e-18 4.4041e-18 [ 1.0040e-112 1.0199e-73 1.7876e-53 4.4041e-18 ] 0.0000e+00 [ 0.0000e+00 ] 1.0000e+00
 4.261e+01 3.8584e-18 3.8584e-18 [ 3.7789e-113 4.8013e-74 1.0063e-53 3.8584e-18 ] 0.0000e+00 [ 0.0000e+00 ] 1.0000e+00
 4.273e+01 3.3791e-18 3.3791e-18 [ 1.4215e-113 2.2579e-74 5.6587e-54 3.3791e-18 ] 0.0000e+00 [ 0.0000e+00 ] 1.0000e+00
 4.284e+01 2.9583e-18 2.9583e-18 [ 5.3442e-114 1.0608e-74 3.1782e-54 2.9583e-18 ] 0.0000e+00 [ 0.0000e+00 ] 1.0000e+00
 4.295e+01 2.5889e-18 2.5889e-18 [ 2.0081e-114 4.9783e-75 1.7829e-54 2.5889e-18 ] 0.0000e+00 [ 0.0000e+00 ] 1.0000e+00
 4.307e+01 2.2648e-18 2.2648e-18 [ 7.5415e-115 2.3340e-75 9.9899e-55 2.2648e-18 ] 0.0000e+00 [ 0.0000e+00 ] 1.0000e+00
 4.318e+01 1.9805e-18 1.9805e-18 [ 2.8307e-115 1.0931e-75 5.5911e-55 1.9805e-18 ] 0.0000e+00 [ 0.0000e+00 ] 1.0000e+00
 4.329e+01 1.7313e-18 1.7313e-18 [ 1.0619e-115 5.1147e-76 3.1255e-55 1.7313e-18 ] 0.0000e+00 [ 0.0000e+00 ] 1.0000e+00
 4.341e+01 1.5129e-18 1.5129e-18 [ 3.9817e-116 2.3907e-76 1.7452e-55 1.5129e-18 ] 0.0000e+00 [ 0.0000e+00 ] 1.0000e+00
 4.352e+01 1.3215e-18 1.3215e-18 [ 1.4921e-116 1.1163e-76 9.7331e-56 1.3215e-18 ] 0.0000e+00 [ 0.0000e+00 ] 1.0000e+00
 4.363e+01 1.1540e-18 1.1540e-18 [ 5.5888e-117 5.2073e-77 5.4220e-56 1.1540e-18 ] 0.0000e+00 [ 0.0000e+00 ] 1.0000e+00
 4.375e+01 1.0073e-18 1.0073e-18 [ 2.0922e-117 2.4267e-77 3.0170e-56 1.0073e-18 ] 0.0000e+00 [ 0.0000e+00 ] 1.0000e+00
 4.386e+01 8.7889e-19 8.7889e-19 [ 7.8279e-118 1.1297e-77 1.6768e-56 8.7889e-19 ] 0.0000e+00 [ 0.0000e+00 ] 1.0000e+00
 4.397e+01 7.6660e-19 7.6660e-19 [ 2.9273e-118 5.2543e-78 9.3086e-57 7.6660e-19 ] 0.0000e+00 [ 0.0000e+00 ] 1.0000e+00
 4.409e+01 6.6840e-19 6.6840e-19 [ 1.0941e-118 2.4413e-78 5.1617e-57 6.6840e-19 ] 0.0000e+00 [ 0.0000e+00 ] 1.0000e+00
 4.420e+01 5.8257e-19 5.8257e-19 [ 4.0873e-119 1.1332e-78 2.8589e-57 5.8257e-19 ] 0.0000e+00 [ 0.0000e+00 ] 1.0000e+00
 4.431e+01 5.0757e-19 5.0757e-19 [ 1.5261e-119 5.2549e-79 1.5817e-57 5.0757e-19 ] 0.0000e+00 [ 0.0000e+00 ] 1.0000e+00
 4.443e+01 4.4207e-19 4.4207e-19 [ 5.6950e-120 2.4344e-79 8.7406e-58 4.4207e-19 ] 0.0000e+00 [ 0.0000e+00 ] 1.0000e+00
 4.454e+01 3.8487e-19 3.8487e-19 [ 2.1242e-120 1.1267e-79 4.8247e-58 3.8487e-19 ] 0.0000e+00 [ 0.0000e+00 ] 1.0000e+00
 4.465e+01 3.3495e-19 3.3495e-19 [ 7.9187e-121 5.2094e-80 2.6601e-58 3.3495e-19 ] 0.0000e+00 [ 0.0000e+00 ] 1.0000e+00
 4.477e+01 2.9140e-19 2.9140e-19 [ 2.9505e-121 2.4063e-80 1.4650e-58 2.9140e-19 ] 0.0000e+00 [ 0.0000e+00 ] 1.0000e+00
 4.488e+01 2.5342e-19 2.5342e-19 [ 1.0988e-121 1.1105e-80 8.0591e-59 2.5342e-19 ] 0.0000e+00 [ 0.0000e+00 ] 1.0000e+00
 4.499e+01 2.2030e-19 2.2030e-19 [ 4.0900e-122 5.1197e-81 4.4284e-59 2.2030e-19 ] 0.0000e+00 [ 0.0000e+00 ] 1.0000e+00
 4.511e+01 1.9144e-19 1.9144e-19 [ 1.5216e-122 2.3581e-81 2.4306e-59 1.9144e-19 ] 0.0000e+00 [ 0.0000e+00 ] 1.0000e+00
 4.522e+01 1.6630e-19 1.6630e-19 [ 5.6580e-123 1.0851e-81 1.3326e-59 1.6630e-19 ] 0.0000e+00 [ 0.0000e+00 ] 1.0000e+00
 4.533e+01 1.4441e-19 1.4441e-19 [ 2.1028e-123 4.9883e-82 7.2978e-60 1.4441e-19 ] 0.0000e+00 [ 0.0000e+00 ] 1.0000e+00
 4.545e+01 1.2535e-19 1.2535e-19 [ 7.8113e-124 2.2910e-82 3.9921e-60 1.2535e-19 ] 0.0000e+00 [ 0.0000e+00 ] 1.0000e+00
 4.556e+01 1.0877e-19 1.0877e-19 [ 2.9002e-124 1.0512e-82 2.1813e-60 1.0877e-19 ] 0.0000e+00 [ 0.0000e+00 ] 1.0000e+00
 4.567e+01 9.4347e-20 9.4347e-20 [ 1.0762e-124 4.8189e-83 1.1906e-60 9.4347e-20 ] 0.0000e+00 [ 0.0000e+00 ] 1.0000e+00
 4.579e+01 8.1805e-20 8.1805e-20 [ 3.9918e-125 2.2069e-83 6.4910e-61 8.1805e-20 ] 0.0000e+00 [ 0.0000e+00 ] 1.0000e+00
 4.590e+01 7.0904e-20 7.0904e-20 [ 1.4798e-125 1.0098e-83 3.5350e-61 7.0904e-20 ] 0.0000e+00 [ 0.0000e+00 ] 1.0000e+00
 4.601e+01 6.1433e-20 6.1433e-20 [ 5.4833e-126 4.6159e-84 1.9230e-61 6.1433e-20 ] 0.0000e+00 [ 0.0000e+00 ] 1.0000e+00
 4.613e+01 5.3207e-20 5.3207e-20 [ 2.0307e-126 2.1081e-84 1.0449e-61 5.3207e-20 ] 0.0000e+00 [ 0.0000e+00 ] 1.0000e+00
 4.624e+01 4.6065e-20 4.6065e-20 [ 7.5169e-127 9.6185e-85 5.6716e-62 4.6065e-20 ] 0.0000e+00 [ 0.0000e+00 ] 1.0000e+00
 4.635e+01 3.9867e-20 3.9867e-20 [ 2.7811e-127 4.3845e-85 3.0750e-62 3.9867e-20 ] 0.0000e+00 [ 0.0000e+00 ] 1.0000e+00
 4.647e+01 3.4490e-20 3.4490e-20 [ 1.0284e-127 1.9968e-85 1.6654e-62 3.4490e-20 ] 0.0000e+00 [ 0.0000e+00 ] 1.0000e+00
 4.658e+01 2.9827e-20 2.9827e-20 [ 3.8011e-128 9.0854e-86 9.0094e-63 2.9827e-20 ] 0.0000e+00 [ 0.0000e+00 ] 1.0000e+00
 4.669e+01 2.5785e-20 2.5785e-20 [ 1.4042e-128 4.1300e-86 4.8686e-63 2.5785e-20 ] 0.0000e+00 [ 0.0000e+00 ] 1.0000e+00
 4.681e+01 2.2282e-20 2.2282e-20 [ 5.1849e-129 1.8757e-86 2.6281e-63 2.2282e-20 ] 0.0000e+00 [ 0.0000e+00 ] 1.0000e+00
 4.692e+01 1.9248e-20 1.9248e-20 [ 1.9135e-129 8.5108e-87 1.4171e-63 1.9248e-20 ] 0.0000e+00 [ 0.0000e+00 ] 1.0000e+00
 4.703e+01 1.6621e-20 1.6621e-20 [ 7.0583e-130 3.8582e-87 7.6324e-64 1.6621e-20 ] 0.0000e+00 [ 0.0000e+00 ] 1.0000e+00
 4.715e+01 1.4347e-20 1.4347e-20 [ 2.6023e-130 1.7474e-87 4.1064e-64 1.4347e-20 ] 0.0000e+00 [ 0.0000e+00 ] 1.0000e+00
 4.726e+01 1.2380e-20 1.2380e-20 [ 9.5895e-131 7.9068e-88 2.2069e-64 1.2380e-20 ] 0.0000e+00 [ 0.0000e+00 ] 1.0000e+00
 4.737e+01 1.0678e-20 1.0678e-20 [ 3.5320e-131 3.5745e-88 1.1848e-64 1.0678e-20 ] 0.0000e+00 [ 0.0000e+00 ] 1.0000e+00
 4.749e+01 9.2068e-21 9.2068e-21 [ 1.3002e-131 1.6145e-88 6.3533e-65 9.2068e-21 ] 0.0000e+00 [ 0.0000e+00 ] 1.0000e+00
 4.760e+01 7.9353e-21 7.9353e-21 [ 4.7842e-132 7.2854e-89 3.4032e-65 7.9353e-21 ] 0.0000e+00 [ 0.0000e+00 ] 1.0000e+00
 4.771e+01 6.8369e-21 6.8369e-21 [ 1.7595e-132 3.2846e-89 1.8210e-65 6.8369e-21 ] 0.0000e+00 [ 0.0000e+00 ] 1.0000e+00
 4.783e+01 5.8883e-21 5.8883e-21 [ 6.4675e-133 1.4795e-89 9.7332e-66 5.8883e-21 ] 0.0000e+00 [ 0.0000e+00 ] 1.0000e+00
 4.794e+01 5.0694e-21 5.0694e-21 [ 2.3761e-133 6.6579e-90 5.1967e-66 5.0694e-21 ] 0.0000e+00 [ 0.0000e+00 ] 1.0000e+00
 4.805e+01 4.3627e-21 4.3627e-21 [ 8.7254e-134 2.9935e-90 2.7715e-66 4.3627e-21 ] 0.0000e+00 [ 0.0000e+00 ] 1.0000e+00
 4.817e+01 3.7532e-21 3.7532e-21 [ 3.2024e-134 1.3447e-90 1.4765e-66 3.7532e-21 ] 0.0000e+00 [ 0.0000e+00 ] 1.0000e+00
 4.828e+01 3.2276e-21 3.2276e-21 [ 1.1748e-134 6.0348e-91 7.8576e-67 3.2276e-21 ] 0.0000e+00 [ 0.0000e+00 ] 1.0000e+00
 4.839e+01 2.7745e-21 2.7745e-21 [ 4.3074e-135 2.7059e-91 4.1769e-67 2.7745e-21 ] 0.0000e+00 [ 0.0000e+00 ] 1.0000e+00
 4.851e+01 2.3842e-21 2.3842e-21 [ 1.5785e-135 1.2122e-91 2.2180e-67 2.3842e-21 ] 0.0000e+00 [ 0.0000e+00 ] 1.0000e+00
 4.862e+01 2.0480e-21 2.0480e-21 [ 5.7819e-136 5.4255e-92 1.1765e-67 2.0480e-21 ] 0.0000e+00 [ 0.0000e+00 ] 1.0000e+00
 4.873e+01 1.7585e-21 1.7585e-21 [ 2.1167e-136 2.4261e-92 6.2334e-68 1.7585e-21 ] 0.0000e+00 [ 0.0000e+00 ] 1.0000e+00
 4.885e+01 1.5094e-21 1.5094e-21 [ 7.7453e-137 1.0839e-92 3.2991e-68 1.5094e-21 ] 0.0000e+00 [ 0.0000e+00 ] 1.0000e+00
 4.896e+01 1.2951e-21 1.2951e-21 [ 2.8326e-137 4.8379e-93 1.7442e-68 1.2951e-21 ] 0.0000e+00 [ 0.0000e+00 ] 1.0000e+00
 4.907e+01 1.1108e-21 1.1108e-21 [ 1.0354e-137 2.1574e-93 9.2110e-69 1.1108e-21 ] 0.0000e+00 [ 0.0000e+00 ] 1.0000e+00
 4.919e+01 9.5238e-22 9.5238e-22 [ 3.7828e-138 9.6123e-94 4.8590e-69 9.5238e-22 ] 0.0000e+00 [ 0.0000e+00 ] 1.0000e+00
 4.930e+01 8.1624e-22 8.1624e-22 [ 1.3813e-138 4.2788e-94 2.5604e-69 8.1624e-22 ] 0.0000e+00 [ 0.0000e+00 ] 1.0000e+00
 4.941e+01 6.9930e-22 6.9930e-22 [ 5.0413e-139 1.9029e-94 1.3477e-69 6.9930e-22 ] 0.0000e+00 [ 0.0000e+00 ] 1.0000e+00
 4.953e+01 5.9888e-22 5.9888e-22 [ 1.8389e-139 8.4551e-95 7.0861e-70 5.9888e-22 ] 0.0000e+00 [ 0.0000e+00 ] 1.0000e+00
 4.964e+01 5.1269e-22 5.1269e-22 [ 6.7044e-140 3.7534e-95 3.7217e-70 5.1269e-22 ] 0.0000e+00 [ 0.0000e+00 ] 1.0000e+00
 4.975e+01 4.3874e-22 4.3874e-22 [ 2.4430e-140 1.6647e-95 1.9525e-70 4.3874e-22 ] 0.0000e+00 [ 0.0000e+00 ] 1.0000e+00
 4.987e+01 3.7532e-22 3.7532e-22 [ 8.8973e-141 7.3763e-96 1.0232e-70 3.7532e-22 ] 0.0000e+00 [ 0.0000e+00 ] 1.0000e+00
 4.998e+01 3.2094e-22 3.2094e-22 [ 3.2386e-141 3.2655e-96 5.3561e-71 3.2094e-22 ] 0.0000e+00 [ 0.0000e+00 ] 1.0000e+00
 5.009e+01 2.7434e-22 2.7434e-22 [ 1.1782e-141 1.4443e-96 2.8006e-71 2.7434e-22 ] 0.0000e+00 [ 0.0000e+00 ] 1.0000e+00
 5.021e+01 2.3441e-22 2.3441e-22 [ 4.2842e-142 6.3822e-97 1.4628e-71 2.3441e-22 ] 0.0000e+00 [ 0.0000e+00 ] 1.0000e+00
 5.032e+01 2.0022e-22 2.0022e-22 [ 1.5569e-142 2.8176e-97 7.6317e-72 2.0022e-22 ] 0.0000e+00 [ 0.0000e+00 ] 1.0000e+00
 5.043e+01 1.7096e-22 1.7096e-22 [ 5.6550e-143 1.2428e-97 3.9772e-72 1.7096e-22 ] 0.0000e+00 [ 0.0000e+00 ] 1.0000e+00
 5.055e+01 1.4591e-22 1.4591e-22 [ 2.0528e-143 5.4764e-98 2.0703e-72 1.4591e-22 ] 0.0000e+00 [ 0.0000e+00 ] 1.0000e+00
 5.066e+01 1.2449e-22 1.2449e-22 [ 7.4479e-144 2.4110e-98 1.0765e-72 1.2449e-22 ] 0.0000e+00 [ 0.0000e+00 ] 1.0000e+00
 5.077e+01 1.0617e-22 1.0617e-22 [ 2.7007e-144 1.0605e-98 5.5913e-73 1.0617e-22 ] 0.0000e+00 [ 0.0000e+00 ] 1.0000e+00
 5.089e+01 9.0515e-23 9.0515e-23 [ 9.7876e-145 4.6600e-99 2.9008e-73 9.0515e-23 ] 0.0000e+00 [ 0.0000e+00 ] 1.0000e+00
 5.100e+01 7.7138e-23 7.7138e-23 [ 3.5451e-145 2.0458e-99 1.5032e-73 7.7138e-23 ] 0.0000e+00 [ 0.0000e+00 ] 1.0000e+00
 5.111e+01 6.5713e-23 6.5713e-23 [ 1.2833e-145 8.9731e-100 7.7811e-74 6.5713e-23 ] 0.0000e+00 [ 0.0000e+00 ] 1.0000e+00
 5.123e+01 5.5959e-23 5.5959e-23 [ 4.6429e-146 3.9319e-100 4.0231e-74 5.5959e-23 ] 0.0000e+00 [ 0.0000e+00 ] 1.0000e+00
 5.134e+01 4.7635e-23 4.7635e-23 [ 1.6788e-146 1.7213e-100 2.0777e-74 4.7635e-23 ] 0.0000e+00 [ 0.0000e+00 ] 1.0000e+00
 5.145e+01 4.0534e-23 4.0534e-23 [ 6.0666e-147 7.5283e-101 1.0718e-74 4.0534e-23 ] 0.0000e+00 [ 0.0000e+00 ] 1.0000e+00
 5.157e+01 3.4479e-23 3.4479e-23 [ 2.1910e-147 3.2894e-101 5.5225e-75 3.4479e-23 ] 0.0000e+00 [ 0.0000e+00 ] 1.0000e+00
 5.168e+01 2.9317e-23 2.9317e-23 [ 7.9082e-148 1.4359e-101 2.8422e-75 2.9317e-23 ] 0.0000e+00 [ 0.0000e+00 ] 1.0000e+00
 5.179e+01 2.4918e-23 2.4918e-23 [ 2.8527e-148 6.2619e-102 1.4611e-75 2.4918e-23 ] 0.0000e+00 [ 0.0000e+00 ] 1.0000e+00
 5.191e+01 2.1171e-23 2.1171e-23 [ 1.0284e-148 2.7282e-102 7.5022e-76 2.1171e-23 ] 0.0000e+00 [ 0.0000e+00 ] 1.0000e+00
 5.202e+01 1.7981e-23 1.7981e-23 [ 3.7052e-149 1.1874e-102 3.8476e-76 1.7981e-23 ] 0.0000e+00 [ 0.0000e+00 ] 1.0000e+00
 5.213e+01 1.5266e-23 1.5266e-23 [ 1.3341e-149 5.1633e-103 1.9710e-76 1.5266e-23 ] 0.0000e+00 [ 0.0000e+00 ] 1.0000e+00
 5.225e+01 1.2956e-23 1.2956e-23 [ 4.8007e-150 2.2429e-103 1.0084e-76 1.2956e-23 ] 0.0000e+00 [ 0.0000e+00 ] 1.0000e+00
 5.236e+01 1.0991e-23 1.0991e-23 [ 1.7264e-150 9.7336e-104 5.1536e-77 1.0991e-23 ] 0.0000e+00 [ 0.0000e+00 ] 1.0000e+00
 5.247e+01 9.3208e-24 9.3208e-24 [ 6.2043e-151 4.2198e-104 2.6305e-77 9.3208e-24 ] 0.0000e+00 [ 0.0000e+00 ] 1.0000e+00
 5.259e+01 7.9013e-24 7.9013e-24 [ 2.2283e-151 1.8276e-104 1.3411e-77 7.9013e-24 ] 0.0000e+00 [ 0.0000e+00 ] 1.0000e+00
 5.270e+01 6.6955e-24 6.6955e-24 [ 7.9976e-152 7.9073e-105 6.8287e-78 6.6955e-24 ] 0.0000e+00 [ 0.0000e+00 ] 1.0000e+00
 5.281e+01 5.6716e-24 5.6716e-24 [ 2.8685e-152 3.4177e-105 3.4729e-78 5.6716e-24 ] 0.0000e+00 [ 0.0000e+00 ] 1.0000e+00
 5.293e+01 4.8024e-24 4.8024e-24 [ 1.0282e-152 1.4757e-105 1.7641e-78 4.8024e-24 ] 0.0000e+00 [ 0.0000e+00 ] 1.0000e+00
 5.304e+01 4.0648e-24 4.0648e-24 [ 3.6829e-153 6.3650e-106 8.9496e-79 4.0648e-24 ] 0.0000e+00 [ 0.0000e+00 ] 1.0000e+00
 5.315e+01 3.4393e-24 3.4393e-24 [ 1.3183e-153 2.7426e-106 4.5347e-79 3.4393e-24 ] 0.0000e+00 [ 0.0000e+00 ] 1.0000e+00
 5.327e+01 2.9089e-24 2.9089e-24 [ 4.7154e-154 1.1805e-106 2.2948e-79 2.9089e-24 ] 0.0000e+00 [ 0.0000e+00 ] 1.0000e+00
 5.338e+01 2.4593e-24 2.4593e-24 [ 1.6855e-154 5.0757e-107 1.1598e-79 2.4593e-24 ] 0.0000e+00 [ 0.0000e+00 ] 1.0000e+00
 5.349e+01 2.0785e-24 2.0785e-24 [ 6.0203e-155 2.1801e-107 5.8545e-80 2.0785e-24 ] 0.0000e+00 [ 0.0000e+00 ] 1.0000e+00
 5.361e+01 1.7559e-24 1.7559e-24 [ 2.1488e-155 9.3534e-108 2.9514e-80 1.7559e-24 ] 0.0000e+00 [ 0.0000e+00 ] 1.0000e+00
 5.372e+01 1.4829e-24 1.4829e-24 [ 7.6637e-156 4.0086e-108 1.4859e-80 1.4829e-24 ] 0.0000e+00 [ 0.0000e+00 ] 1.0000e+00
 5.383e+01 1.2518e-24 1.2518e-24 [ 2.7312e-156 1.7161e-108 7.4714e-81 1.2518e-24 ] 0.0000e+00 [ 0.0000e+00 ] 1.0000e+00
 5.395e+01 1.0564e-24 1.0564e-24 [ 9.7263e-157 7.3385e-109 3.7517e-81 1.0564e-24 ] 0.0000e+00 [ 0.0000e+00 ] 1.0000e+00
 5.406e+01 8.9106e-25 8.9106e-25 [ 3.4609e-157 3.1346e-109 1.8814e-81 8.9106e-25 ] 0.0000e+00 [ 0.0000e+00 ] 1.0000e+00
 5.417e+01 7.5135e-25 7.5135e-25 [ 1.2305e-157 1.3374e-109 9.4219e-82 7.5135e-25 ] 0.0000e+00 [ 0.0000e+00 ] 1.0000e+00
 5.429e+01 6.3330e-25 6.3330e-25 [ 4.3715e-158 5.6993e-110 4.7120e-82 6.3330e-25 ] 0.0000e+00 [ 0.0000e+00 ] 1.0000e+00
 5.440e+01 5.3360e-25 5.3360e-25 [ 1.5517e-158 2.4259e-110 2.3533e-82 5.3360e-25 ] 0.0000e+00 [ 0.0000e+00 ] 1.0000e+00
 5.451e+01 4.4942e-25 4.4942e-25 [ 5.5033e-159 1.0314e-110 1.1736e-82 4.4942e-25 ] 0.0000e+00 [ 0.0000e+00 ] 1.0000e+00
 5.463e+01 3.7837e-25 3.7837e-25 [ 1.9501e-159 4.3795e-111 5.8448e-83 3.7837e-25 ] 0.0000e+00 [ 0.0000e+00 ] 1.0000e+00
 5.474e+01 3.1843e-25 3.1843e-25 [ 6.9040e-160 1.8574e-111 2.9066e-83 3.1843e-25 ] 0.0000e+00 [ 0.0000e+00 ] 1.0000e+00
 5.485e+01 2.6788e-25 2.6788e-25 [ 2.4420e-160 7.8676e-112 1.4433e-83 2.6788e-25 ] 0.0000e+00 [ 0.0000e+00 ] 1.0000e+00
 5.497e+01 2.2527e-25 2.2527e-25 [ 8.6296e-161 3.3283e-112 7.1565e-84 2.2527e-25 ] 0.0000e+00 [ 0.0000e+00 ] 1.0000e+00
 5.508e+01 1.8936e-25 1.8936e-25 [ 3.0466e-161 1.4062e-112 3.5431e-84 1.8936e-25 ] 0.0000e+00 [ 0.0000e+00 ] 1.0000e+00
 5.519e+01 1.5912e-25 1.5912e-25 [ 1.0745e-161 5.9331e-113 1.7514e-84 1.5912e-25 ] 0.0000e+00 [ 0.0000e+00 ] 1.0000e+00
 5.531e+01 1.3365e-25 1.3365e-25 [ 3.7859e-162 2.5000e-113 8.6443e-85 1.3365e-25 ] 0.0000e+00 [ 0.0000e+00 ] 1.0000e+00
 5.542e+01 1.1221e-25 1.1221e-25 [ 1.3325e-162 1.0519e-113 4.2597e-85 1.1221e-25 ] 0.0000e+00 [ 0.0000e+00 ] 1.0000e+00
 5.553e+01 9.4175e-26 9.4175e-26 [ 4.6850e-163 4.4201e-114 2.0957e-85 9.4175e-26 ] 0.0000e+00 [ 0.0000e+00 ] 1.0000e+00
 5.565e+01 7.9005e-26 7.9005e-26 [ 1.6454e-163 1.8546e-114 1.0293e-85 7.9005e-26 ] 0.0000e+00 [ 0.0000e+00 ] 1.0000e+00
 5.576e+01 6.6251e-26 6.6251e-26 [ 5.7718e-164 7.7700e-115 5.0469e-86 6.6251e-26 ] 0.0000e+00 [ 0.0000e+00 ] 1.0000e+00
 5.587e+01 5.5533e-26 5.5533e-26 [ 2.0223e-164 3.2503e-115 2.4703e-86 5.5533e-26 ] 0.0000e+00 [ 0.0000e+00 ] 1.0000e+00
 5.599e+01 4.6528e-26 4.6528e-26 [ 7.0768e-165 1.3575e-115 1.2070e-86 4.6528e-26 ] 0.0000e+00 [ 0.0000e+00 ] 1.0000e+00
 5.610e+01 3.8966e-26 3.8966e-26 [ 2.4733e-165 5.6608e-116 5.8868e-87 3.8966e-26 ] 0.0000e+00 [ 0.0000e+00 ] 1.0000e+00
 5.621e+01 3.2619e-26 3.2619e-26 [ 8.6324e-166 2.3566e-116 2.8657e-87 3.2619e-26 ] 0.0000e+00 [ 0.0000e+00 ] 1.0000e+00
 5.633e+01 2.7293e-26 2.7293e-26 [ 3.0087e-166 9.7932e-117 1.3923e-87 2.7293e-26 ] 0.0000e+00 [ 0.0000e+00 ] 1.0000e+00
 5.644e+01 2.2825e-26 2.2825e-26 [ 1.0471e-166 4.0625e-117 6.7509e-88 2.2825e-26 ] 0.0000e+00 [ 0.0000e+00 ] 1.0000e+00
 5.655e+01 1.9079e-26 1.9079e-26 [ 3.6386e-167 1.6821e-117 3.2666e-88 1.9079e-26 ] 0.0000e+00 [ 0.0000e+00 ] 1.0000e+00
 5.667e+01 1.5939e-26 1.5939e-26 [ 1.2624e-167 6.9516e-118 1.5772e-88 1.5939e-26 ] 0.0000e+00 [ 0.0000e+00 ] 1.0000e+00
 5.678e+01 1.3308e-26 1.3308e-26 [ 4.3721e-168 2.8670e-118 7.5985e-89 1.3308e-26 ] 0.0000e+00 [ 0.0000e+00 ] 1.0000e+00
 5.689e+01 1.1105e-26 1.1105e-26 [ 1.5116e-168 1.1799e-118 3.6521e-89 1.1105e-26 ] 0.0000e+00 [ 0.0000e+00 ] 1.0000e+00
 5.701e+01 9.2606e-27 9.2606e-27 [ 5.2159e-169 4.8453e-119 1.7511e-89 9.2606e-27 ] 0.0000e+00 [ 0.0000e+00 ] 1.0000e+00
 5.712e+01 7.7170e-27 7.7170e-27 [ 1.7962e-169 1.9850e-119 8.3743e-90 7.7170e-27 ] 0.0000e+00 [ 0.0000e+00 ] 1.0000e+00
 5.723e+01 6.4256e-27 6.4256e-27 [ 6.1723e-170 8.1119e-120 3.9941e-90 6.4256e-27 ] 0.0000e+00 [ 0.0000e+00 ] 1.0000e+00
 5.735e+01 5.3456e-27 5.3456e-27 [ 2.1161e-170 3.3063e-120 1.8996e-90 5.3456e-27 ] 0.0000e+00 [ 0.0000e+00 ] 1.0000e+00
 5.746e+01 4.4428e-27 4.4428e-27 [ 7.2366e-171 1.3438e-120 9.0072e-91 4.4428e-27 ] 0.0000e+00 [ 0.0000e+00 ] 1.0000e+00
 5.757e+01 3.6883e-27 3.6883e-27 [ 2.4681e-171 5.4455e-121 4.2571e-91 3.6883e-27 ] 0.0000e+00 [ 0.0000e+00 ] 1.0000e+00
 5.769e+01 3.0580e-27 3.0580e-27 [ 8.3933e-172 2.1995e-121 2.0051e-91 3.0580e-27 ] 0.0000e+00 [ 0.0000e+00 ] 1.0000e+00
 5.780e+01 2.5316e-27 2.5316e-27 [ 2.8452e-172 8.8529e-122 9.4092e-92 2.5316e-27 ] 0.0000e+00 [ 0.0000e+00 ] 1.0000e+00
 5.791e+01 2.0921e-27 2.0921e-27 [ 9.6109e-173 3.5497e-122 4.3975e-92 2.0921e-27 ] 0.0000e+00 [ 0.0000e+00 ] 1.0000e+00
 5.803e+01 1.7252e-27 1.7252e-27 [ 3.2339e-173 1.4173e-122 2.0462e-92 1.7252e-27 ] 0.0000e+00 [ 0.0000e+00 ] 1.0000e+00
 5.814e+01 1.4189e-27 1.4189e-27 [ 1.0835e-173 5.6328e-123 9.4747e-93 1.4189e-27 ] 0.0000e+00 [ 0.0000e+00 ] 1.0000e+00
 5.825e+01 1.1633e-27 1.1633e-27 [ 3.6123e-174 2.2270e-123 4.3636e-93 1.1633e-27 ] 0.0000e+00 [ 0.0000e+00 ] 1.0000e+00
 5.837e+01 9.5003e-28 9.5003e-28 [ 1.1977e-174 8.7538e-124 1.9975e-93 9.5003e-28 ] 0.0000e+00 [ 0.0000e+00 ] 1.0000e+00
 5.848e+01 7.7195e-28 7.7195e-28 [ 3.9460e-175 3.4180e-124 9.0814e-94 7.7195e-28 ] 0.0000e+00 [ 0.0000e+00 ] 1.0000e+00
 5.859e+01 6.2324e-28 6.2324e-28 [ 1.2905e-175 1.3243e-124 4.0962e-94 6.2324e-28 ] 0.0000e+00 [ 0.0000e+00 ] 1.0000e+00
 5.871e+01 4.9897e-28 4.9897e-28 [ 4.1838e-176 5.0853e-125 1.8306e-94 4.9897e-28 ] 0.0000e+00 [ 0.0000e+00 ] 1.0000e+00
 5.882e+01 3.9507e-28 3.9507e-28 [ 1.3423e-176 1.9317e-125 8.0916e-95 3.9507e-28 ] 0.0000e+00 [ 0.0000e+00 ] 1.0000e+00
 5.893e+01 3.0814e-28 3.0814e-28 [ 4.2515e-177 7.2422e-126 3.5291e-95 3.0814e-28 ] 0.0000e+00 [ 0.0000e+00 ] 1.0000e+00
 5.905e+01 2.3539e-28 2.3539e-28 [ 1.3250e-177 2.6708e-126 1.5137e-95 2.3539e-28 ] 0.0000e+00 [ 0.0000e+00 ] 1.0000e+00
 5.916e+01 1.7460e-28 1.7460e-28 [ 4.0435e-178 9.6414e-127 6.3536e-96 1.7460e-28 ] 0.0000e+00 [ 0.0000e+00 ] 1.0000e+00
 5.927e+01 1.2400e-28 1.2400e-28 [ 1.1992e-178 3.3810e-127 2.5892e-96 1.2400e-28 ] 0.0000e+00 [ 0.0000e+00 ] 1.0000e+00
 5.939e+01 8.2339e-29 8.2339e-29 [ 3.4119e-179 1.1366e-127 1.0101e-96 8.2339e-29 ] 0.0000e+00 [ 0.0000e+00 ] 1.0000e+00
 5.950e+01 4.8879e-29 4.8879e-29 [ 9.0835e-180 3.5666e-128 3.6624e-97 4.8879e-29 ] 0.0000e+00 [ 0.0000e+00 ] 1.0000e+00
 5.961e+01 2.3465e-29 2.3465e-29 [ 2.1225e-180 9.7300e-129 1.1396e-97 2.3465e-29 ] 0.0000e+00 [ 0.0000e+00 ] 1.0000e+00
 5.973e+01 6.6674e-30 6.6674e-30 [ 3.3484e-181 1.7365e-129 2.2456e-98 6.6674e-30 ] 0.0000e+00 [ 0.0000e+00 ] 1.0000e+00
 5.984e+01 0.0000e+00 0.0000e+00 [ 0.0000e+00 0.0000e+00 0.0000e+00 0.0000e+00 ] 0.0000e+00 [ 0.0000e+00 ] 1.0000e+00
