 0.000e+00 0.0000e+00 0.0000e+00 [ 0.0000e+00 0.0000e+00 0.0000e+00 0.0000e+00 ] 0.0000e+00 [ 0.0000e+00 ] 1.0000e+00
 1.133e-01 1.8678e-03 1.8678e-03 [ 1.6775e-03 3.4069e-05 1.7859e-05 1.3835e-04 ] 0.0000e+00 [ 0.0000e+00 ] 9.9813e-01
 2.267e-01 3.8202e-03 3.8202e-03 [ 3.0615e-03 1.3542e-04 7.1426e-05 5.5187e-04 ] 0.0000e+00 [ 0.0000e+00 ] 9.9618e-01
 3.400e-01 5.8964e-03 5.8964e-03 [ 4.1920e-03 3.0141e-04 1.6063e-04 1.2424e-03 ] 0.0000e+00 [ 0.0000e+00 ] 9.9410e-01
 4.533e-01 8.1475e-03 8.1475e-03 [ 5.1184e-03 5.2769e-04 2.8525e-04 2.2162e-03 ] 0.0000e+00 [ 0.0000e+00 ] 9.9185e-01
 5.667e-01 1.0610e-02 1.0610e-02 [ 5.8739e-03 8.0840e-04 4.4490e-04 3.4833e-03 ] 0.0000e+00 [ 0.0000e+00 ] 9.8939e-01
 6.800e-01 1.3316e-02 1.3316e-02 [ 6.4839e-03 1.1365e-03 6.3900e-04 5.0562e-03 ] 0.0000e+00 [ 0.0000e+00 ] 9.8668e-01
 7.933e-01 1.6288e-02 1.6288e-02 [ 6.9675e-03 1.5043e-03 8.6674e-04 6.9492e-03 ] 0.0000e+00 [ 0.0000e+00 ] 9.8371e-01
 9.067e-01 1.9547e-02 1.9547e-02 [ 7.3397e-03 1.9036e-03 1.1271e-03 9.1766e-03 ] 0.0000e+00 [ 0.0000e+00 ] 9.8045e-01
 1.020e+00 2.3109e-02 2.3109e-02 [ 7.6119e-03 2.3265e-03 1.4186e-03 1.1752e-02 ] 0.0000e+00 [ 0.0000e+00 ] 9.7689e-01
 1.133e+00 2.6983e-02 2.6983e-02 [ 7.7935e-03 2.7653e-03 1.7399e-03 1.4685e-02 ] 0.0000e+00 [ 0.0000e+00 ] 9.7302e-01
 1.247e+00 3.1174e-02 3.1174e-02 [ 7.8921e-03 3.2129e-03 2.0887e-03 1.7980e-02 ] 0.0000e+00 [ 0.0000e+00 ] 9.6883e-01
 1.360e+00 3.5677e-02 3.5677e-02 [ 7.9142e-03 3.6626e-03 2.4627e-03 2.1637e-02 ] 0.0000e+00 [ 0.0000e+00 ] 9.6432e-01
 1.473e+00 4.0476e-02 4.0476e-02 [ 7.8657e-03 4.1087e-03 2.8590e-03 2.5642e-02 ] 0.0000e+00 [ 0.0000e+00 ] 9.5952e-01
 1.587e+00 4.5544e-02 4.5544e-02 [ 7.7519e-03 4.5457e-03 3.2738e-03 2.9973e-02 ] 0.0000e+00 [ 0.0000e+00 ] 9.5446e-01
 1.700e+00 5.0839e-02 5.0839e-02 [ 7.5781e-03 4.9684e-03 3.7027e-03 3.4590e-02 ] 0.0000e+00 [ 0.0000e+00 ] 9.4916e-01
 1.813e+00 5.6302e-02 5.6302e-02 [ 7.3495e-03 5.3719e-03 4.1408e-03 3.9440e-02 ] 0.0000e+00 [ 0.0000e+00 ] 9.4370e-01
 1.927e+00 6.1856e-02 6.1856e-02 [ 7.0714e-03 5.7514e-03 4.5818e-03 4.4451e-02 ] 0.0000e+00 [ 0.0000e+00 ] 9.3814e-01
 2.040e+00 6.7406e-02 6.7406e-02 [ 6.7493e-03 6.1019e-03 5.0189e-03 4.9536e-02 ] 0.0000e+00 [ 0.0000e+00 ] 9.3259e-01
 2.153e+00 7.2841e-02 7.2841e-02 [ 6.3894e-03 6.4184e-03 5.4444e-03 5.4589e-02 ] 0.0000e+00 [ 0.0000e+00 ] 9.2716e-01
 2.267e+00 7.8038e-02 7.8038e-02 [ 5.9977e-03 6.6957e-03 5.8501e-03 5.9495e-02 ] 0.0000e+00 [ 0.0000e+00 ] 9.2196e-01
 2.380e+00 8.2864e-02 8.2864e-02 [ 5.5813e-03 6.9287e-03 6.2272e-03 6.4127e-02 ] 0.0000e+00 [ 0.0000e+00 ] 9.1714e-01
 2.493e+00 8.7184e-02 8.7184e-02 [ 5.1472e-03 7.1126e-03 6.5672e-03 6.8356e-02 ] 0.0000e+00 [ 0.0000e+00 ] 9.1282e-01
 2.607e+00 9.0867e-02 9.0867e-02 [ 4.7030e-03 7.2433e-03 6.8616e-03 7.2059e-02 ] 0.0000e+00 [ 0.0000e+00 ] 9.0913e-01
 2.720e+00 9.3799e-02 9.3799e-02 [ 4.2562e-03 7.3171e-03 7.1030e-03 7.5122e-02 ] 0.0000e+00 [ 0.0000e+00 ] 9.0620e-01
 2.833e+00 9.5881e-02 9.5881e-02 [ 3.8142e-03 7.3318e-03 7.2848e-03 7.7450e-02 ] 0.0000e+00 [ 0.0000e+00 ] 9.0412e-01
 2.947e+00 9.7046e-02 9.7046e-02 [ 3.3840e-03 7.2865e-03 7.4025e-03 7.8973e-02 ] 0.0000e+00 [ 0.0000e+00 ] 9.0295e-01
 3.060e+00 9.7256e-02 9.7256e-02 [ 2.9721e-03 7.1816e-03 7.4530e-03 7.9650e-02 ] 0.0000e+00 [ 0.0000e+00 ] 9.0274e-01
 3.173e+00 9.6511e-02 9.6511e-02 [ 2.5838e-03 7.0193e-03 7.4356e-03 7.9472e-02 ] 0.0000e+00 [ 0.0000e+00 ] 9.0349e-01
 3.287e+00 9.4843e-02 9.4843e-02 [ 2.2233e-03 6.8034e-03 7.3516e-03 7.8465e-02 ] 0.0000e+00 [ 0.0000e+00 ] 9.0516e-01
 3.400e+00 9.2318e-02 9.2318e-02 [ 1.8939e-03 6.5393e-03 7.2044e-03 7.6680e-02 ] 0.0000e+00 [ 0.0000e+00 ] 9.0768e-01
 3.513e+00 8.9029e-02 8.9029e-02 [ 1.5972e-03 6.2333e-03 6.9993e-03 7.4199e-02 ] 0.0000e+00 [ 0.0000e+00 ] 9.1097e-01
 3.627e+00 8.5090e-02 8.5090e-02 [ 1.3339e-03 5.8928e-03 6.7429e-03 7.1121e-02 ] 0.0000e+00 [ 0.0000e+00 ] 9.1491e-01
 3.740e+00 8.0630e-02 8.0630e-02 [ 1.1034e-03 5.5260e-03 6.4431e-03 6.7558e-02 ] 0.0000e+00 [ 0.0000e+00 ] 9.1937e-01
 3.853e+00 7.5783e-02 7.5783e-02 [ 9.0425e-04 5.1408e-03 6.1085e-03 6.3629e-02 ] 0.0000e+00 [ 0.0000e+00 ] 9.2422e-01
 3.967e+00 7.0681e-02 7.0681e-02 [ 7.3445e-04 4.7453e-03 5.7478e-03 5.9453e-02 ] 0.0000e+00 [ 0.0000e+00 ] 9.2932e-01
 4.080e+00 6.5449e-02 6.5449e-02 [ 5.9140e-04 4.3471e-03 5.3698e-03 5.5141e-02 ] 0.0000e+00 [ 0.0000e+00 ] 9.3455e-01
 4.193e+00 6.0201e-02 6.0201e-02 [ 4.7226e-04 3.9529e-03 4.9825e-03 5.0793e-02 ] 0.0000e+00 [ 0.0000e+00 ] 9.3980e-01
 4.307e+00 5.5033e-02 5.5033e-02 [ 3.7411e-04 3.5687e-03 4.5933e-03 4.6497e-02 ] 0.0000e+00 [ 0.0000e+00 ] 9.4497e-01
 4.420e+00 5.0027e-02 5.0027e-02 [ 2.9407e-04 3.1995e-03 4.2086e-03 4.2325e-02 ] 0.0000e+00 [ 0.0000e+00 ] 9.4997e-01
 4.533e+00 4.5244e-02 4.5244e-02 [ 2.2943e-04 2.8490e-03 3.8339e-03 3.8332e-02 ] 0.0000e+00 [ 0.0000e+00 ] 9.5476e-01
 4.647e+00 4.0730e-02 4.0730e-02 [ 1.7771e-04 2.5203e-03 3.4734e-03 3.4559e-02 ] 0.0000e+00 [ 0.0000e+00 ] 9.5927e-01
 4.760e+00 3.6516e-02 3.6516e-02 [ 1.3669e-04 2.2152e-03 3.1307e-03 3.1034e-02 ] 0.0000e+00 [ 0.0000e+00 ] 9.6348e-01
 4.873e+00 3.2619e-02 3.2619e-02 [ 1.0441e-04 1.9350e-03 2.8079e-03 2.7772e-02 ] 0.0000e+00 [ 0.0000e+00 ] 9.6738e-01
 4.987e+00 2.9045e-02 2.9045e-02 [ 7.9217e-05 1.6799e-03 2.5067e-03 2.4779e-02 ] 0.0000e+00 [ 0.0000e+00 ] 9.7096e-01
 5.100e+00 2.5790e-02 2.5790e-02 [ 5.9705e-05 1.4498e-03 2.2280e-03 2.2053e-02 ] 0.0000e+00 [ 0.0000e+00 ] 9.7421e-01
 5.213e+00 2.2846e-02 2.2846e-02 [ 4.4705e-05 1.2440e-03 1.9719e-03 1.9586e-02 ] 0.0000e+00 [ 0.0000e+00 ] 9.7715e-01
 5.327e+00 2.0198e-02 2.0198e-02 [ 3.3255e-05 1.0614e-03 1.7382e-03 1.7365e-02 ] 0.0000e+00 [ 0.0000e+00 ] 9.7980e-01
 5.440e+00 1.7826e-02 1.7826e-02 [ 2.4579e-05 9.0050e-04 1.5263e-03 1.5375e-02 ] 0.0000e+00 [ 0.0000e+00 ] 9.8217e-01
 5.553e+00 1.5712e-02 1.5712e-02 [ 1.8049e-05 7.5985e-04 1.3352e-03 1.3599e-02 ] 0.0000e+00 [ 0.0000e+00 ] 9.8429e-01
 5.667e+00 1.3835e-02 1.3835e-02 [ 1.3169e-05 6.3774e-04 1.1639e-03 1.2020e-02 ] 0.0000e+00 [ 0.0000e+00 ] 9.8617e-01
 5.780e+00 1.2173e-02 1.2173e-02 [ 9.5467e-06 5.3245e-04 1.0110e-03 1.0620e-02 ] 0.0000e+00 [ 0.0000e+00 ] 9.8783e-01
 5.893e+00 1.0705e-02 1.0705e-02 [ 6.8766e-06 4.4225e-04 8.7518e-04 9.3807e-03 ] 0.0000e+00 [ 0.0000e+00 ] 9.8930e-01
 6.007e+00 9.4120e-03 9.4120e-03 [ 4.9215e-06 3.6549e-04 7.5512e-04 8.2865e-03 ] 0.0000e+00 [ 0.0000e+00 ] 9.9059e-01
 6.120e+00 8.2752e-03 8.2752e-03 [ 3.4998e-06 3.0055e-04 6.4943e-04 7.3217e-03 ] 0.0000e+00 [ 0.0000e+00 ] 9.9172e-01
 6.233e+00 7.2772e-03 7.2772e-03 [ 2.4729e-06 2.4595e-04 5.5678e-04 6.4719e-03 ] 0.0000e+00 [ 0.0000e+00 ] 9.9272e-01
 6.347e+00 6.4021e-03 6.4021e-03 [ 1.7361e-06 2.0032e-04 4.7588e-04 5.7242e-03 ] 0.0000e+00 [ 0.0000e+00 ] 9.9360e-01
 6.460e+00 5.6357e-03 5.6357e-03 [ 1.2111e-06 1.6240e-04 4.0551e-04 5.0665e-03 ] 0.0000e+00 [ 0.0000e+00 ] 9.9436e-01
 6.573e+00 4.9647e-03 4.9647e-03 [ 8.3952e-07 1.3105e-04 3.4452e-04 4.4883e-03 ] 0.0000e+00 [ 0.0000e+00 ] 9.9504e-01
 6.687e+00 4.3777e-03 4.3777e-03 [ 5.7825e-07 1.0529e-04 2.9186e-04 3.9800e-03 ] 0.0000e+00 [ 0.0000e+00 ] 9.9562e-01
 6.800e+00 3.8642e-03 3.8642e-03 [ 3.9579e-07 8.4222e-05 2.4655e-04 3.5330e-03 ] 0.0000e+00 [ 0.0000e+00 ] 9.9614e-01
 6.913e+00 3.4150e-03 3.4150e-03 [ 2.6921e-07 6.7084e-05 2.0770e-04 3.1399e-03 ] 0.0000e+00 [ 0.0000e+00 ] 9.9659e-01
 7.027e+00 3.0219e-03 3.0219e-03 [ 1.8197e-07 5.3212e-05 1.7449e-04 2.7940e-03 ] 0.0000e+00 [ 0.0000e+00 ] 9.9698e-01
 7.140e+00 2.6778e-03 2.6778e-03 [ 1.2224e-07 4.2037e-05 1.4619e-04 2.4894e-03 ] 0.0000e+00 [ 0.0000e+00 ] 9.9732e-01
 7.253e+00 2.3764e-03 2.3764e-03 [ 8.1611e-08 3.3078e-05 1.2217e-04 2.2210e-03 ] 0.0000e+00 [ 0.0000e+00 ] 9.9762e-01
 7.367e+00 2.1121e-03 2.1121e-03 [ 5.4155e-08 2.5927e-05 1.0183e-04 1.9843e-03 ] 0.0000e+00 [ 0.0000e+00 ] 9.9789e-01
 7.480e+00 1.8803e-03 1.8803e-03 [ 3.5719e-08 2.0245e-05 8.4659e-05 1.7754e-03 ] 0.0000e+00 [ 0.0000e+00 ] 9.9812e-01
 7.593e+00 1.6767e-03 1.6767e-03 [ 2.3418e-08 1.5750e-05 7.0212e-05 1.5907e-03 ] 0.0000e+00 [ 0.0000e+00 ] 9.9832e-01
 7.707e+00 1.4976e-03 1.4976e-03 [ 1.5263e-08 1.2209e-05 5.8088e-05 1.4273e-03 ] 0.0000e+00 [ 0.0000e+00 ] 9.9850e-01
 7.820e+00 1.3399e-03 1.3399e-03 [ 9.8890e-09 9.4304e-06 4.7944e-05 1.2825e-03 ] 0.0000e+00 [ 0.0000e+00 ] 9.9866e-01
 7.933e+00 1.2009e-03 1.2009e-03 [ 6.3701e-09 7.2590e-06 3.9479e-05 1.1541e-03 ] 0.0000e+00 [ 0.0000e+00 ] 9.9880e-01
 8.047e+00 1.0781e-03 1.0781e-03 [ 4.0798e-09 5.5688e-06 3.2434e-05 1.0401e-03 ] 0.0000e+00 [ 0.0000e+00 ] 9.9892e-01
 8.160e+00 9.6944e-04 9.6944e-04 [ 2.5981e-09 4.2579e-06 2.6587e-05 9.3860e-04 ] 0.0000e+00 [ 0.0000e+00 ] 9.9903e-01
 8.273e+00 8.7320e-04 8.7320e-04 [ 1.6452e-09 3.2451e-06 2.1746e-05 8.4821e-04 ] 0.0000e+00 [ 0.0000e+00 ] 9.9913e-01
 8.387e+00 7.8778e-04 7.8778e-04 [ 1.0360e-09 2.4653e-06 1.7748e-05 7.6757e-04 ] 0.0000e+00 [ 0.0000e+00 ] 9.9921e-01
 8.500e+00 7.1184e-04 7.1184e-04 [ 6.4885e-10 1.8671e-06 1.4455e-05 6.9552e-04 ] 0.0000e+00 [ 0.0000e+00 ] 9.9929e-01
 8.613e+00 6.4420e-04 6.4420e-04 [ 4.0415e-10 1.4097e-06 1.1748e-05 6.3104e-04 ] 0.0000e+00 [ 0.0000e+00 ] 9.9936e-01
 8.727e+00 5.8385e-04 5.8385e-04 [ 2.5039e-10 1.0612e-06 9.5290e-06 5.7326e-04 ] 0.0000e+00 [ 0.0000e+00 ] 9.9942e-01
 8.840e+00 5.2990e-04 5.2990e-04 [ 1.5430e-10 7.9648e-07 7.7136e-06 5.2139e-04 ] 0.0000e+00 [ 0.0000e+00 ] 9.9947e-01
 8.953e+00 4.8160e-04 4.8160e-04 [ 9.4593e-11 5.9607e-07 6.2320e-06 4.7477e-04 ] 0.0000e+00 [ 0.0000e+00 ] 9.9952e-01
 9.067e+00 4.3826e-04 4.3826e-04 [ 5.7689e-11 4.4483e-07 5.0254e-06 4.3279e-04 ] 0.0000e+00 [ 0.0000e+00 ] 9.9956e-01
 9.180e+00 3.9932e-04 3.9932e-04 [ 3.5003e-11 3.3103e-07 4.0448e-06 3.9495e-04 ] 0.0000e+00 [ 0.0000e+00 ] 9.9960e-01
 9.293e+00 3.6427e-04 3.6427e-04 [ 2.1131e-11 2.4567e-07 3.2496e-06 3.6077e-04 ] 0.0000e+00 [ 0.0000e+00 ] 9.9964e-01
 9.407e+00 3.3266e-04 3.3266e-04 [ 1.2693e-11 1.8183e-07 2.6061e-06 3.2987e-04 ] 0.0000e+00 [ 0.0000e+00 ] 9.9967e-01
 9.520e+00 3.0411e-04 3.0411e-04 [ 7.5870e-12 1.3422e-07 2.0863e-06 3.0189e-04 ] 0.0000e+00 [ 0.0000e+00 ] 9.9970e-01
 9.633e+00 2.7829e-04 2.7829e-04 [ 4.5129e-12 9.8821e-08 1.6674e-06 2.7653e-04 ] 0.0000e+00 [ 0.0000e+00 ] 9.9972e-01
 9.747e+00 2.5490e-04 2.5490e-04 [ 2.6715e-12 7.2571e-08 1.3304e-06 2.5349e-04 ] 0.0000e+00 [ 0.0000e+00 ] 9.9975e-01
 9.860e+00 2.3367e-04 2.3367e-04 [ 1.5740e-12 5.3158e-08 1.0597e-06 2.3256e-04 ] 0.0000e+00 [ 0.0000e+00 ] 9.9977e-01
 9.973e+00 2.1439e-04 2.1439e-04 [ 9.2301e-13 3.8842e-08 8.4279e-07 2.1351e-04 ] 0.0000e+00 [ 0.0000e+00 ] 9.9979e-01
 1.009e+01 1.9684e-04 1.9684e-04 [ 5.3876e-13 2.8312e-08 6.6923e-07 1.9614e-04 ] 0.0000e+00 [ 0.0000e+00 ] 9.9980e-01
 1.020e+01 1.8086e-04 1.8086e-04 [ 3.1305e-13 2.0587e-08 5.3061e-07 1.8031e-04 ] 0.0000e+00 [ 0.0000e+00 ] 9.9982e-01
 1.031e+01 1.6628e-04 1.6628e-04 [ 1.8108e-13 1.4935e-08 4.2008e-07 1.6585e-04 ] 0.0000e+00 [ 0.0000e+00 ] 9.9983e-01
 1.043e+01 1.5297e-04 1.5297e-04 [ 1.0427e-13 1.0809e-08 3.3211e-07 1.5263e-04 ] 0.0000e+00 [ 0.0000e+00 ] 9.9985e-01
 1.054e+01 1.4081e-04 1.4081e-04 [ 5.9785e-14 7.8052e-09 2.6219e-07 1.4054e-04 ] 0.0000e+00 [ 0.0000e+00 ] 9.9986e-01
 1.065e+01 1.2967e-04 1.2967e-04 [ 3.4129e-14 5.6235e-09 2.0672e-07 1.2946e-04 ] 0.0000e+00 [ 0.0000e+00 ] 9.9987e-01
 1.077e+01 1.1948e-04 1.1948e-04 [ 1.9400e-14 4.0427e-09 1.6278e-07 1.1931e-04 ] 0.0000e+00 [ 0.0000e+00 ] 9.9988e-01
 1.088e+01 1.1013e-04 1.1013e-04 [ 1.0981e-14 2.8999e-09 1.2801e-07 1.1000e-04 ] 0.0000e+00 [ 0.0000e+00 ] 9.9989e-01
 1.099e+01 1.0156e-04 1.0156e-04 [ 6.1898e-15 2.0758e-09 1.0056e-07 1.0145e-04 ] 0.0000e+00 [ 0.0000e+00 ] 9.9990e-01
 1.111e+01 9.3683e-05 9.3683e-05 [ 3.4749e-15 1.4828e-09 7.8897e-08 9.3602e-05 ] 0.0000e+00 [ 0.0000e+00 ] 9.9991e-01
 1.122e+01 8.6449e-05 8.6449e-05 [ 1.9429e-15 1.0570e-09 6.1835e-08 8.6386e-05 ] 0.0000e+00 [ 0.0000e+00 ] 9.9991e-01
 1.133e+01 7.9798e-05 7.9798e-05 [ 1.0820e-15 7.5203e-10 4.8413e-08 7.9749e-05 ] 0.0000e+00 [ 0.0000e+00 ] 9.9992e-01
 1.145e+01 7.3679e-05 7.3679e-05 [ 6.0022e-16 5.3399e-10 3.7867e-08 7.3640e-05 ] 0.0000e+00 [ 0.0000e+00 ] 9.9993e-01
 1.156e+01 6.8046e-05 6.8046e-05 [ 3.3168e-16 3.7844e-10 2.9590e-08 6.8016e-05 ] 0.0000e+00 [ 0.0000e+00 ] 9.9993e-01
 1.167e+01 6.2858e-05 6.2858e-05 [ 1.8260e-16 2.6771e-10 2.3103e-08 6.2835e-05 ] 0.0000e+00 [ 0.0000e+00 ] 9.9994e-01
 1.179e+01 5.8078e-05 5.8078e-05 [ 1.0015e-16 1.8903e-10 1.8022e-08 5.8060e-05 ] 0.0000e+00 [ 0.0000e+00 ] 9.9994e-01
 1.190e+01 5.3672e-05 5.3672e-05 [ 5.4727e-17 1.3324e-10 1.4048e-08 5.3657e-05 ] 0.0000e+00 [ 0.0000e+00 ] 9.9995e-01
 1.201e+01 4.9607e-05 4.9607e-05 [ 2.9799e-17 9.3758e-11 1.0943e-08 4.9596e-05 ] 0.0000e+00 [ 0.0000e+00 ] 9.9995e-01
 1.213e+01 4.5858e-05 4.5858e-05 [ 1.6168e-17 6.5865e-11 8.5183e-09 4.5849e-05 ] 0.0000e+00 [ 0.0000e+00 ] 9.9995e-01
 1.224e+01 4.2397e-05 4.2397e-05 [ 8.7422e-18 4.6195e-11 6.6269e-09 4.2391e-05 ] 0.0000e+00 [ 0.0000e+00 ] 9.9996e-01
 1.235e+01 3.9203e-05 3.9203e-05 [ 4.7109e-18 3.2349e-11 5.1526e-09 3.9198e-05 ] 0.0000e+00 [ 0.0000e+00 ] 9.9996e-01
 1.247e+01 3.6253e-05 3.6253e-05 [ 2.5302e-18 2.2619e-11 4.0043e-09 3.6249e-05 ] 0.0000e+00 [ 0.0000e+00 ] 9.9996e-01
 1.258e+01 3.3527e-05 3.3527e-05 [ 1.3545e-18 1.5792e-11 3.1105e-09 3.3524e-05 ] 0.0000e+00 [ 0.0000e+00 ] 9.9997e-01
 1.269e+01 3.1010e-05 3.1010e-05 [ 7.2282e-19 1.1011e-11 2.4152e-09 3.1007e-05 ] 0.0000e+00 [ 0.0000e+00 ] 9.9997e-01
 1.281e+01 2.8683e-05 2.8683e-05 [ 3.8453e-19 7.6666e-12 1.8747e-09 2.8681e-05 ] 0.0000e+00 [ 0.0000e+00 ] 9.9997e-01
 1.292e+01 2.6532e-05 2.6532e-05 [ 2.0394e-19 5.3312e-12 1.4547e-09 2.6531e-05 ] 0.0000e+00 [ 0.0000e+00 ] 9.9997e-01
 1.303e+01 2.4544e-05 2.4544e-05 [ 1.0785e-19 3.7026e-12 1.1285e-09 2.4543e-05 ] 0.0000e+00 [ 0.0000e+00 ] 9.9998e-01
 1.315e+01 2.2706e-05 2.2706e-05 [ 5.6864e-20 2.5684e-12 8.7522e-10 2.2705e-05 ] 0.0000e+00 [ 0.0000e+00 ] 9.9998e-01
 1.326e+01 2.1006e-05 2.1006e-05 [ 2.9899e-20 1.7796e-12 6.7865e-10 2.1005e-05 ] 0.0000e+00 [ 0.0000e+00 ] 9.9998e-01
 1.337e+01 1.9434e-05 1.9434e-05 [ 1.5678e-20 1.2318e-12 5.2614e-10 1.9433e-05 ] 0.0000e+00 [ 0.0000e+00 ] 9.9998e-01
 1.349e+01 1.7979e-05 1.7979e-05 [ 8.1988e-21 8.5165e-13 4.0784e-10 1.7979e-05 ] 0.0000e+00 [ 0.0000e+00 ] 9.9998e-01
 1.360e+01 1.6634e-05 1.6634e-05 [ 4.2766e-21 5.8825e-13 3.1610e-10 1.6634e-05 ] 0.0000e+00 [ 0.0000e+00 ] 9.9998e-01
 1.371e+01 1.5390e-05 1.5390e-05 [ 2.2251e-21 4.0592e-13 2.4496e-10 1.5389e-05 ] 0.0000e+00 [ 0.0000e+00 ] 9.9998e-01
 1.383e+01 1.4238e-05 1.4238e-05 [ 1.1549e-21 2.7985e-13 1.8981e-10 1.4238e-05 ] 0.0000e+00 [ 0.0000e+00 ] 9.9999e-01
 1.394e+01 1.3173e-05 1.3173e-05 [ 5.9804e-22 1.9276e-13 1.4706e-10 1.3173e-05 ] 0.0000e+00 [ 0.0000e+00 ] 9.9999e-01
 1.405e+01 1.2187e-05 1.2187e-05 [ 3.0896e-22 1.3266e-13 1.1393e-10 1.2187e-05 ] 0.0000e+00 [ 0.0000e+00 ] 9.9999e-01
 1.417e+01 1.1275e-05 1.1275e-05 [ 1.5926e-22 9.1221e-14 8.8250e-11 1.1274e-05 ] 0.0000e+00 [ 0.0000e+00 ] 9.9999e-01
 1.428e+01 1.0430e-05 1.0430e-05 [ 8.1921e-23 6.2676e-14 6.8349e-11 1.0430e-05 ] 0.0000e+00 [ 0.0000e+00 ] 9.9999e-01
 1.439e+01 9.6491e-06 9.6491e-06 [ 4.2050e-23 4.3029e-14 5.2928e-11 9.6491e-06 ] 0.0000e+00 [ 0.0000e+00 ] 9.9999e-01
 1.451e+01 8.9261e-06 8.9261e-06 [ 2.1541e-23 2.9518e-14 4.0980e-11 8.9261e-06 ] 0.0000e+00 [ 0.0000e+00 ] 9.9999e-01
 1.462e+01 8.2570e-06 8.2570e-06 [ 1.1013e-23 2.0233e-14 3.1722e-11 8.2569e-06 ] 0.0000e+00 [ 0.0000e+00 ] 9.9999e-01
 1.473e+01 7.6377e-06 7.6377e-06 [ 5.6197e-24 1.3858e-14 2.4550e-11 7.6377e-06 ] 0.0000e+00 [ 0.0000e+00 ] 9.9999e-01
 1.485e+01 7.0646e-06 7.0646e-06 [ 2.8624e-24 9.4848e-15 1.8994e-11 7.0646e-06 ] 0.0000e+00 [ 0.0000e+00 ] 9.9999e-01
 1.496e+01 6.5342e-06 6.5342e-06 [ 1.4553e-24 6.4864e-15 1.4692e-11 6.5342e-06 ] 0.0000e+00 [ 0.0000e+00 ] 9.9999e-01
 1.507e+01 6.0433e-06 6.0433e-06 [ 7.3860e-25 4.4324e-15 1.1360e-11 6.0433e-06 ] 0.0000e+00 [ 0.0000e+00 ] 9.9999e-01
 1.519e+01 5.5890e-06 5.5890e-06 [ 3.7422e-25 3.0263e-15 8.7800e-12 5.5890e-06 ] 0.0000e+00 [ 0.0000e+00 ] 9.9999e-01
 1.530e+01 5.1686e-06 5.1686e-06 [ 1.8928e-25 2.0646e-15 6.7832e-12 5.1686e-06 ] 0.0000e+00 [ 0.0000e+00 ] 9.9999e-01
 1.541e+01 4.7795e-06 4.7795e-06 [ 9.5582e-26 1.4073e-15 5.2381e-12 4.7795e-06 ] 0.0000e+00 [ 0.0000e+00 ] 1.0000e+00
 1.553e+01 4.4195e-06 4.4195e-06 [ 4.8187e-26 9.5845e-16 4.0428e-12 4.4195e-06 ] 0.0000e+00 [ 0.0000e+00 ] 1.0000e+00
 1.564e+01 4.0863e-06 4.0863e-06 [ 2.4255e-26 6.5215e-16 3.1185e-12 4.0863e-06 ] 0.0000e+00 [ 0.0000e+00 ] 1.0000e+00
 1.575e+01 3.7779e-06 3.7779e-06 [ 1.2189e-26 4.4332e-16 2.4041e-12 3.7779e-06 ] 0.0000e+00 [ 0.0000e+00 ] 1.0000e+00
 1.587e+01 3.4926e-06 3.4926e-06 [ 6.1158e-27 3.0106e-16 1.8521e-12 3.4926e-06 ] 0.0000e+00 [ 0.0000e+00 ] 1.0000e+00
 1.598e+01 3.2286e-06 3.2286e-06 [ 3.0638e-27 2.0425e-16 1.4258e-12 3.2286e-06 ] 0.0000e+00 [ 0.0000e+00 ] 1.0000e+00
 1.609e+01 2.9843e-06 2.9843e-06 [ 1.5324e-27 1.3842e-16 1.0968e-12 2.9843e-06 ] 0.0000e+00 [ 0.0000e+00 ] 1.0000e+00
 1.621e+01 2.7583e-06 2.7583e-06 [ 7.6528e-28 9.3705e-17 8.4304e-13 2.7583e-06 ] 0.0000e+00 [ 0.0000e+00 ] 1.0000e+00
 1.632e+01 2.5493e-06 2.5493e-06 [ 3.8158e-28 6.3362e-17 6.4744e-13 2.5493e-06 ] 0.0000e+00 [ 0.0000e+00 ] 1.0000e+00
 1.643e+01 2.3558e-06 2.3558e-06 [ 1.8996e-28 4.2794e-17 4.9679e-13 2.3558e-06 ] 0.0000e+00 [ 0.0000e+00 ] 1.0000e+00
 1.655e+01 2.1769e-06 2.1769e-06 [ 9.4414e-29 2.8867e-17 3.8083e-13 2.1769e-06 ] 0.0000e+00 [ 0.0000e+00 ] 1.0000e+00
 1.666e+01 2.0113e-06 2.0113e-06 [ 4.6851e-29 1.9448e-17 2.9166e-13 2.0113e-06 ] 0.0000e+00 [ 0.0000e+00 ] 1.0000e+00
 1.677e+01 1.8582e-06 1.8582e-06 [ 2.3211e-29 1.3085e-17 2.2314e-13 1.8582e-06 ] 0.0000e+00 [ 0.0000e+00 ] 1.0000e+00
 1.689e+01 1.7166e-06 1.7166e-06 [ 1.1481e-29 8.7915e-18 1.7054e-13 1.7166e-06 ] 0.0000e+00 [ 0.0000e+00 ] 1.0000e+00
 1.700e+01 1.5856e-06 1.5856e-06 [ 5.6691e-30 5.8987e-18 1.3019e-13 1.5856e-06 ] 0.0000e+00 [ 0.0000e+00 ] 1.0000e+00
 1.711e+01 1.4645e-06 1.4645e-06 [ 2.7947e-30 3.9521e-18 9.9284e-14 1.4645e-06 ] 0.0000e+00 [ 0.0000e+00 ] 1.0000e+00
 1.723e+01 1.3525e-06 1.3525e-06 [ 1.3753e-30 2.6439e-18 7.5625e-14 1.3525e-06 ] 0.0000e+00 [ 0.0000e+00 ] 1.0000e+00
 1.734e+01 1.2489e-06 1.2489e-06 [ 6.7568e-31 1.7661e-18 5.7536e-14 1.2489e-06 ] 0.0000e+00 [ 0.0000e+00 ] 1.0000e+00
 1.745e+01 1.1531e-06 1.1531e-06 [ 3.3137e-31 1.1779e-18 4.3721e-14 1.1531e-06 ] 0.0000e+00 [ 0.0000e+00 ] 1.0000e+00
 1.757e+01 1.0646e-06 1.0646e-06 [ 1.6222e-31 7.8434e-19 3.3182e-14 1.0646e-06 ] 0.0000e+00 [ 0.0000e+00 ] 1.0000e+00
 1.768e+01 9.8275e-07 9.8275e-07 [ 7.9275e-32 5.2143e-19 2.5152e-14 9.8275e-07 ] 0.0000e+00 [ 0.0000e+00 ] 1.0000e+00
 1.779e+01 9.0709e-07 9.0709e-07 [ 3.8670e-32 3.4607e-19 1.9040e-14 9.0709e-07 ] 0.0000e+00 [ 0.0000e+00 ] 1.0000e+00
 1.791e+01 8.3716e-07 8.3716e-07 [ 1.8829e-32 2.2930e-19 1.4395e-14 8.3716e-07 ] 0.0000e+00 [ 0.0000e+00 ] 1.0000e+00
 1.802e+01 7.7253e-07 7.7253e-07 [ 9.1507e-33 1.5167e-19 1.0869e-14 7.7253e-07 ] 0.0000e+00 [ 0.0000e+00 ] 1.0000e+00
 1.813e+01 7.1280e-07 7.1280e-07 [ 4.4390e-33 1.0014e-19 8.1951e-15 7.1280e-07 ] 0.0000e+00 [ 0.0000e+00 ] 1.0000e+00
 1.825e+01 6.5761e-07 6.5761e-07 [ 2.1492e-33 6.6007e-20 6.1708e-15 6.5761e-07 ] 0.0000e+00 [ 0.0000e+00 ] 1.0000e+00
 1.836e+01 6.0661e-07 6.0661e-07 [ 1.0386e-33 4.3428e-20 4.6401e-15 6.0661e-07 ] 0.0000e+00 [ 0.0000e+00 ] 1.0000e+00
 1.847e+01 5.5950e-07 5.5950e-07 [ 5.0096e-34 2.8521e-20 3.4842e-15 5.5950e-07 ] 0.0000e+00 [ 0.0000e+00 ] 1.0000e+00
 1.859e+01 5.1598e-07 5.1598e-07 [ 2.4116e-34 1.8696e-20 2.6126e-15 5.1598e-07 ] 0.0000e+00 [ 0.0000e+00 ] 1.0000e+00
 1.870e+01 4.7578e-07 4.7578e-07 [ 1.1587e-34 1.2233e-20 1.9562e-15 4.7578e-07 ] 0.0000e+00 [ 0.0000e+00 ] 1.0000e+00
 1.881e+01 4.3865e-07 4.3865e-07 [ 5.5559e-35 7.9894e-21 1.4626e-15 4.3865e-07 ] 0.0000e+00 [ 0.0000e+00 ] 1.0000e+00
 1.893e+01 4.0436e-07 4.0436e-07 [ 2.6589e-35 5.2079e-21 1.0920e-15 4.0436e-07 ] 0.0000e+00 [ 0.0000e+00 ] 1.0000e+00
 1.904e+01 3.7270e-07 3.7270e-07 [ 1.2700e-35 3.3883e-21 8.1412e-16 3.7270e-07 ] 0.0000e+00 [ 0.0000e+00 ] 1.0000e+00
 1.915e+01 3.4347e-07 3.4347e-07 [ 6.0536e-36 2.2002e-21 6.0606e-16 3.4347e-07 ] 0.0000e+00 [ 0.0000e+00 ] 1.0000e+00
 1.927e+01 3.1649e-07 3.1649e-07 [ 2.8799e-36 1.4260e-21 4.5050e-16 3.1649e-07 ] 0.0000e+00 [ 0.0000e+00 ] 1.0000e+00
 1.938e+01 2.9158e-07 2.9158e-07 [ 1.3673e-36 9.2236e-22 3.3438e-16 2.9158e-07 ] 0.0000e+00 [ 0.0000e+00 ] 1.0000e+00
 1.949e+01 2.6859e-07 2.6859e-07 [ 6.4788e-37 5.9545e-22 2.4781e-16 2.6859e-07 ] 0.0000e+00 [ 0.0000e+00 ] 1.0000e+00
 1.961e+01 2.4738e-07 2.4738e-07 [ 3.0637e-37 3.8365e-22 1.8339e-16 2.4738e-07 ] 0.0000e+00 [ 0.0000e+00 ] 1.0000e+00
 1.972e+01 2.2780e-07 2.2780e-07 [ 1.4459e-37 2.4670e-22 1.3551e-16 2.2780e-07 ] 0.0000e+00 [ 0.0000e+00 ] 1.0000e+00
 1.983e+01 2.0975e-07 2.0975e-07 [ 6.8101e-38 1.5832e-22 9.9976e-17 2.0975e-07 ] 0.0000e+00 [ 0.0000e+00 ] 1.0000e+00
 1.995e+01 1.9309e-07 1.9309e-07 [ 3.2011e-38 1.0140e-22 7.3650e-17 1.9309e-07 ] 0.0000e+00 [ 0.0000e+00 ] 1.0000e+00
 2.006e+01 1.7772e-07 1.7772e-07 [ 1.5017e-38 6.4816e-23 5.4174e-17 1.7772e-07 ] 0.0000e+00 [ 0.0000e+00 ] 1.0000e+00
 2.017e+01 1.6355e-07 1.6355e-07 [ 7.0305e-39 4.1347e-23 3.9788e-17 1.6355e-07 ] 0.0000e+00 [ 0.0000e+00 ] 1.0000e+00
 2.029e+01 1.5049e-07 1.5049e-07 [ 3.2850e-39 2.6324e-23 2.9178e-17 1.5049e-07 ] 0.0000e+00 [ 0.0000e+00 ] 1.0000e+00
 2.040e+01 1.3844e-07 1.3844e-07 [ 1.5319e-39 1.6725e-23 2.1364e-17 1.3844e-07 ] 0.0000e+00 [ 0.0000e+00 ] 1.0000e+00
 2.051e+01 1.2734e-07 1.2734e-07 [ 7.1292e-40 1.0605e-23 1.5619e-17 1.2734e-07 ] 0.0000e+00 [ 0.0000e+00 ] 1.0000e+00
 2.063e+01 1.1711e-07 1.1711e-07 [ 3.3114e-40 6.7110e-24 1.1402e-17 1.1711e-07 ] 0.0000e+00 [ 0.0000e+00 ] 1.0000e+00
 2.074e+01 1.0768e-07 1.0768e-07 [ 1.5350e-40 4.2382e-24 8.3103e-18 1.0768e-07 ] 0.0000e+00 [ 0.0000e+00 ] 1.0000e+00
 2.085e+01 9.8988e-08 9.8988e-08 [ 7.1019e-41 2.6712e-24 6.0478e-18 9.8988e-08 ] 0.0000e+00 [ 0.0000e+00 ] 1.0000e+00
 2.097e+01 9.0984e-08 9.0984e-08 [ 3.2793e-41 1.6801e-24 4.3945e-18 9.0984e-08 ] 0.0000e+00 [ 0.0000e+00 ] 1.0000e+00
 2.108e+01 8.3611e-08 8.3611e-08 [ 1.5113e-41 1.0547e-24 3.1882e-18 8.3611e-08 ] 0.0000e+00 [ 0.0000e+00 ] 1.0000e+00
 2.119e+01 7.6821e-08 7.6821e-08 [ 6.9514e-42 6.6069e-25 2.3095e-18 7.6821e-08 ] 0.0000e+00 [ 0.0000e+00 ] 1.0000e+00
 2.131e+01 7.0569e-08 7.0569e-08 [ 3.1912e-42 4.1305e-25 1.6705e-18 7.0569e-08 ] 0.0000e+00 [ 0.0000e+00 ] 1.0000e+00
 2.142e+01 6.4814e-08 6.4814e-08 [ 1.4622e-42 2.5771e-25 1.2064e-18 6.4814e-08 ] 0.0000e+00 [ 0.0000e+00 ] 1.0000e+00
 2.153e+01 5.9516e-08 5.9516e-08 [ 6.6871e-43 1.6047e-25 8.6986e-19 5.9516e-08 ] 0.0000e+00 [ 0.0000e+00 ] 1.0000e+00
 2.165e+01 5.4640e-08 5.4640e-08 [ 3.0524e-43 9.9718e-26 6.2626e-19 5.4640e-08 ] 0.0000e+00 [ 0.0000e+00 ] 1.0000e+00
 2.176e+01 5.0154e-08 5.0154e-08 [ 1.3907e-43 6.1841e-26 4.5018e-19 5.0154e-08 ] 0.0000e+00 [ 0.0000e+00 ] 1.0000e+00
 2.187e+01 4.6027e-08 4.6027e-08 [ 6.3240e-44 3.8274e-26 3.2311e-19 4.6027e-08 ] 0.0000e+00 [ 0.0000e+00 ] 1.0000e+00
 2.199e+01 4.2230e-08 4.2230e-08 [ 2.8705e-44 2.3641e-26 2.3156e-19 4.2230e-08 ] 0.0000e+00 [ 0.0000e+00 ] 1.0000e+00
 2.210e+01 3.8739e-08 3.8739e-08 [ 1.3005e-44 1.4573e-26 1.6569e-19 3.8739e-08 ] 0.0000e+00 [ 0.0000e+00 ] 1.0000e+00
 2.221e+01 3.5529e-08 3.5529e-08 [ 5.8812e-45 8.9652e-27 1.1837e-19 3.5529e-08 ] 0.0000e+00 [ 0.0000e+00 ] 1.0000e+00
 2.233e+01 3.2578e-08 3.2578e-08 [ 2.6548e-45 5.5043e-27 8.4440e-20 3.2578e-08 ] 0.0000e+00 [ 0.0000e+00 ] 1.0000e+00
 2.244e+01 2.9866e-08 2.9866e-08 [ 1.1962e-45 3.3727e-27 6.0142e-20 2.9866e-08 ] 0.0000e+00 [ 0.0000e+00 ] 1.0000e+00
 2.255e+01 2.7373e-08 2.7373e-08 [ 5.3801e-46 2.0624e-27 4.2770e-20 2.7373e-08 ] 0.0000e+00 [ 0.0000e+00 ] 1.0000e+00
 2.267e+01 2.5084e-08 2.5084e-08 [ 2.4155e-46 1.2587e-27 3.0369e-20 2.5084e-08 ] 0.0000e+00 [ 0.0000e+00 ] 1.0000e+00
 2.278e+01 2.2980e-08 2.2980e-08 [ 1.0825e-46 7.6665e-28 2.1531e-20 2.2980e-08 ] 0.0000e+00 [ 0.0000e+00 ] 1.0000e+00
 2.289e+01 2.1048e-08 2.1048e-08 [ 4.8430e-47 4.6602e-28 1.5241e-20 2.1048e-08 ] 0.0000e+00 [ 0.0000e+00 ] 1.0000e+00
 2.301e+01 1.9275e-08 1.9275e-08 [ 2.1628e-47 2.8272e-28 1.0773e-20 1.9275e-08 ] 0.0000e+00 [ 0.0000e+00 ] 1.0000e+00
 2.312e+01 1.7647e-08 1.7647e-08 [ 9.6420e-48 1.7118e-28 7.6025e-21 1.7647e-08 ] 0.0000e+00 [ 0.0000e+00 ] 1.0000e+00
 2.323e+01 1.6152e-08 1.6152e-08 [ 4.2911e-48 1.0344e-28 5.3570e-21 1.6152e-08 ] 0.0000e+00 [ 0.0000e+00 ] 1.0000e+00
 2.335e+01 1.4781e-08 1.4781e-08 [ 1.9064e-48 6.2383e-29 3.7690e-21 1.4781e-08 ] 0.0000e+00 [ 0.0000e+00 ] 1.0000e+00
 2.346e+01 1.3523e-08 1.3523e-08 [ 8.4552e-49 3.7549e-29 2.6477e-21 1.3523e-08 ] 0.0000e+00 [ 0.0000e+00 ] 1.0000e+00
 2.357e+01 1.2369e-08 1.2369e-08 [ 3.7436e-49 2.2556e-29 1.8571e-21 1.2369e-08 ] 0.0000e+00 [ 0.0000e+00 ] 1.0000e+00
 2.369e+01 1.1311e-08 1.1311e-08 [ 1.6548e-49 1.3524e-29 1.3006e-21 1.1311e-08 ] 0.0000e+00 [ 0.0000e+00 ] 1.0000e+00
 2.380e+01 1.0341e-08 1.0341e-08 [ 7.3021e-50 8.0922e-30 9.0950e-22 1.0341e-08 ] 0.0000e+00 [ 0.0000e+00 ] 1.0000e+00
 2.391e+01 9.4519e-09 9.4519e-09 [ 3.2169e-50 4.8328e-30 6.3502e-22 9.4519e-09 ] 0.0000e+00 [ 0.0000e+00 ] 1.0000e+00
 2.403e+01 8.6371e-09 8.6371e-09 [ 1.4149e-50 2.8806e-30 4.4271e-22 8.6371e-09 ] 0.0000e+00 [ 0.0000e+00 ] 1.0000e+00
 2.414e+01 7.8906e-09 7.8906e-09 [ 6.2127e-51 1.7136e-30 3.0816e-22 7.8906e-09 ] 0.0000e+00 [ 0.0000e+00 ] 1.0000e+00
 2.425e+01 7.2068e-09 7.2068e-09 [ 2.7236e-51 1.0175e-30 2.1418e-22 7.2068e-09 ] 0.0000e+00 [ 0.0000e+00 ] 1.0000e+00
 2.437e+01 6.5806e-09 6.5806e-09 [ 1.1921e-51 6.0296e-31 1.4864e-22 6.5806e-09 ] 0.0000e+00 [ 0.0000e+00 ] 1.0000e+00
 2.448e+01 6.0074e-09 6.0074e-09 [ 5.2091e-52 3.5663e-31 1.0299e-22 6.0074e-09 ] 0.0000e+00 [ 0.0000e+00 ] 1.0000e+00
 2.459e+01 5.4827e-09 5.4827e-09 [ 2.2726e-52 2.1053e-31 7.1257e-23 5.4827e-09 ] 0.0000e+00 [ 0.0000e+00 ] 1.0000e+00
 2.471e+01 5.0025e-09 5.0025e-09 [ 9.8996e-53 1.2404e-31 4.9225e-23 5.0025e-09 ] 0.0000e+00 [ 0.0000e+00 ] 1.0000e+00
 2.482e+01 4.5632e-09 4.5632e-09 [ 4.3055e-53 7.2945e-32 3.3954e-23 4.5632e-09 ] 0.0000e+00 [ 0.0000e+00 ] 1.0000e+00
 2.493e+01 4.1615e-09 4.1615e-09 [ 1.8696e-53 4.2815e-32 2.3385e-23 4.1615e-09 ] 0.0000e+00 [ 0.0000e+00 ] 1.0000e+00
 2.505e+01 3.7941e-09 3.7941e-09 [ 8.1060e-54 2.5083e-32 1.6081e-23 3.7941e-09 ] 0.0000e+00 [ 0.0000e+00 ] 1.0000e+00
 2.516e+01 3.4582e-09 3.4582e-09 [ 3.5091e-54 1.4666e-32 1.1042e-23 3.4582e-09 ] 0.0000e+00 [ 0.0000e+00 ] 1.0000e+00
 2.527e+01 3.1512e-09 3.1512e-09 [ 1.5168e-54 8.5596e-33 7.5704e-24 3.1512e-09 ] 0.0000e+00 [ 0.0000e+00 ] 1.0000e+00
 2.539e+01 2.8708e-09 2.8708e-09 [ 6.5461e-55 4.9861e-33 5.1824e-24 2.8708e-09 ] 0.0000e+00 [ 0.0000e+00 ] 1.0000e+00
 2.550e+01 2.6145e-09 2.6145e-09 [ 2.8210e-55 2.8990e-33 3.5423e-24 2.6145e-09 ] 0.0000e+00 [ 0.0000e+00 ] 1.0000e+00
 2.561e+01 2.3806e-09 2.3806e-09 [ 1.2138e-55 1.6824e-33 2.4176e-24 2.3806e-09 ] 0.0000e+00 [ 0.0000e+00 ] 1.0000e+00
 2.573e+01 2.1669e-09 2.1669e-09 [ 5.2153e-56 9.7452e-34 1.6475e-24 2.1669e-09 ] 0.0000e+00 [ 0.0000e+00 ] 1.0000e+00
 2.584e+01 1.9719e-09 1.9719e-09 [ 2.2375e-56 5.6343e-34 1.1210e-24 1.9719e-09 ] 0.0000e+00 [ 0.0000e+00 ] 1.0000e+00
 2.595e+01 1.7940e-09 1.7940e-09 [ 9.5853e-57 3.2514e-34 7.6162e-25 1.7940e-09 ] 0.0000e+00 [ 0.0000e+00 ] 1.0000e+00
 2.607e+01 1.6316e-09 1.6316e-09 [ 4.1003e-57 1.8729e-34 5.1667e-25 1.6316e-09 ] 0.0000e+00 [ 0.0000e+00 ] 1.0000e+00
 2.618e+01 1.4836e-09 1.4836e-09 [ 1.7514e-57 1.0768e-34 3.4997e-25 1.4836e-09 ] 0.0000e+00 [ 0.0000e+00 ] 1.0000e+00
 2.629e+01 1.3486e-09 1.3486e-09 [ 7.4705e-58 6.1795e-35 2.3670e-25 1.3486e-09 ] 0.0000e+00 [ 0.0000e+00 ] 1.0000e+00
 2.641e+01 1.2255e-09 1.2255e-09 [ 3.1819e-58 3.5397e-35 1.5985e-25 1.2255e-09 ] 0.0000e+00 [ 0.0000e+00 ] 1.0000e+00
 2.652e+01 1.1134e-09 1.1134e-09 [ 1.3533e-58 2.0239e-35 1.0778e-25 1.1134e-09 ] 0.0000e+00 [ 0.0000e+00 ] 1.0000e+00
 2.663e+01 1.0112e-09 1.0112e-09 [ 5.7480e-59 1.1551e-35 7.2569e-26 1.0112e-09 ] 0.0000e+00 [ 0.0000e+00 ] 1.0000e+00
 2.675e+01 9.1816e-10 9.1816e-10 [ 2.4379e-59 6.5800e-36 4.8786e-26 9.1816e-10 ] 0.0000e+00 [ 0.0000e+00 ] 1.0000e+00
 2.686e+01 8.3343e-10 8.3343e-10 [ 1.0325e-59 3.7415e-36 3.2747e-26 8.3343e-10 ] 0.0000e+00 [ 0.0000e+00 ] 1.0000e+00
 2.697e+01 7.5631e-10 7.5631e-10 [ 4.3672e-60 2.1236e-36 2.1949e-26 7.5631e-10 ] 0.0000e+00 [ 0.0000e+00 ] 1.0000e+00
 2.709e+01 6.8612e-10 6.8612e-10 [ 1.8446e-60 1.2032e-36 1.4689e-26 6.8612e-10 ] 0.0000e+00 [ 0.0000e+00 ] 1.0000e+00
 2.720e+01 6.2226e-10 6.2226e-10 [ 7.7802e-61 6.8042e-37 9.8153e-27 6.2226e-10 ] 0.0000e+00 [ 0.0000e+00 ] 1.0000e+00
 2.731e+01 5.6418e-10 5.6418e-10 [ 3.2772e-61 3.8409e-37 6.5489e-27 5.6418e-10 ] 0.0000e+00 [ 0.0000e+00 ] 1.0000e+00
 2.743e+01 5.1138e-10 5.1138e-10 [ 1.3785e-61 2.1643e-37 4.3629e-27 5.1138e-10 ] 0.0000e+00 [ 0.0000e+00 ] 1.0000e+00
 2.754e+01 4.6338e-10 4.6338e-10 [ 5.7910e-62 1.2173e-37 2.9022e-27 4.6338e-10 ] 0.0000e+00 [ 0.0000e+00 ] 1.0000e+00
 2.765e+01 4.1976e-10 4.1976e-10 [ 2.4294e-62 6.8347e-38 1.9277e-27 4.1976e-10 ] 0.0000e+00 [ 0.0000e+00 ] 1.0000e+00
 2.777e+01 3.8013e-10 3.8013e-10 [ 1.0178e-62 3.8304e-38 1.2784e-27 3.8013e-10 ] 0.0000e+00 [ 0.0000e+00 ] 1.0000e+00
 2.788e+01 3.4414e-10 3.4414e-10 [ 4.2587e-63 2.1429e-38 8.4657e-28 3.4414e-10 ] 0.0000e+00 [ 0.0000e+00 ] 1.0000e+00
 2.799e+01 3.1147e-10 3.1147e-10 [ 1.7795e-63 1.1966e-38 5.5974e-28 3.1147e-10 ] 0.0000e+00 [ 0.0000e+00 ] 1.0000e+00
 2.811e+01 2.8181e-10 2.8181e-10 [ 7.4260e-64 6.6705e-39 3.6954e-28 2.8181e-10 ] 0.0000e+00 [ 0.0000e+00 ] 1.0000e+00
 2.822e+01 2.5490e-10 2.5490e-10 [ 3.0948e-64 3.7117e-39 2.4360e-28 2.5490e-10 ] 0.0000e+00 [ 0.0000e+00 ] 1.0000e+00
 2.833e+01 2.3049e-10 2.3049e-10 [ 1.2881e-64 2.0617e-39 1.6034e-28 2.3049e-10 ] 0.0000e+00 [ 0.0000e+00 ] 1.0000e+00
 2.845e+01 2.0835e-10 2.0835e-10 [ 5.3545e-65 1.1431e-39 1.0537e-28 2.0835e-10 ] 0.0000e+00 [ 0.0000e+00 ] 1.0000e+00
 2.856e+01 1.8829e-10 1.8829e-10 [ 2.2229e-65 6.3268e-40 6.9147e-29 1.8829e-10 ] 0.0000e+00 [ 0.0000e+00 ] 1.0000e+00
 2.867e+01 1.7010e-10 1.7010e-10 [ 9.2165e-66 3.4955e-40 4.5306e-29 1.7010e-10 ] 0.0000e+00 [ 0.0000e+00 ] 1.0000e+00
 2.879e+01 1.5362e-10 1.5362e-10 [ 3.8164e-66 1.9278e-40 2.9640e-29 1.5362e-10 ] 0.0000e+00 [ 0.0000e+00 ] 1.0000e+00
 2.890e+01 1.3870e-10 1.3870e-10 [ 1.5783e-66 1.0614e-40 1.9362e-29 1.3870e-10 ] 0.0000e+00 [ 0.0000e+00 ] 1.0000e+00
 2.901e+01 1.2518e-10 1.2518e-10 [ 6.5190e-67 5.8330e-41 1.2628e-29 1.2518e-10 ] 0.0000e+00 [ 0.0000e+00 ] 1.0000e+00
 2.913e+01 1.1295e-10 1.1295e-10 [ 2.6892e-67 3.2000e-41 8.2239e-30 1.1295e-10 ] 0.0000e+00 [ 0.0000e+00 ] 1.0000e+00
 2.924e+01 1.0188e-10 1.0188e-10 [ 1.1079e-67 1.7524e-41 5.3475e-30 1.0188e-10 ] 0.0000e+00 [ 0.0000e+00 ] 1.0000e+00
 2.935e+01 9.1870e-11 9.1870e-11 [ 4.5589e-68 9.5802e-42 3.4719e-30 9.1870e-11 ] 0.0000e+00 [ 0.0000e+00 ] 1.0000e+00
 2.947e+01 8.2816e-11 8.2816e-11 [ 1.8736e-68 5.2281e-42 2.2507e-30 8.2816e-11 ] 0.0000e+00 [ 0.0000e+00 ] 1.0000e+00
 2.958e+01 7.4630e-11 7.4630e-11 [ 7.6902e-69 2.8481e-42 1.4568e-30 7.4630e-11 ] 0.0000e+00 [ 0.0000e+00 ] 1.0000e+00
 2.969e+01 6.7232e-11 6.7232e-11 [ 3.1526e-69 1.5488e-42 9.4149e-31 6.7232e-11 ] 0.0000e+00 [ 0.0000e+00 ] 1.0000e+00
 2.981e+01 6.0548e-11 6.0548e-11 [ 1.2908e-69 8.4079e-43 6.0753e-31 6.0548e-11 ] 0.0000e+00 [ 0.0000e+00 ] 1.0000e+00
 2.992e+01 5.4511e-11 5.4511e-11 [ 5.2785e-70 4.5563e-43 3.9142e-31 5.4511e-11 ] 0.0000e+00 [ 0.0000e+00 ] 1.0000e+00
 3.003e+01 4.9060e-11 4.9060e-11 [ 2.1559e-70 2.4648e-43 2.5180e-31 4.9060e-11 ] 0.0000e+00 [ 0.0000e+00 ] 1.0000e+00
 3.015e+01 4.4141e-11 4.4141e-11 [ 8.7947e-71 1.3310e-43 1.6173e-31 4.4141e-11 ] 0.0000e+00 [ 0.0000e+00 ] 1.0000e+00
 3.026e+01 3.9701e-11 3.9701e-11 [ 3.5832e-71 7.1754e-44 1.0372e-31 3.9701e-11 ] 0.0000e+00 [ 0.0000e+00 ] 1.0000e+00
 3.037e+01 3.5697e-11 3.5697e-11 [ 1.4582e-71 3.8614e-44 6.6415e-32 3.5697e-11 ] 0.0000e+00 [ 0.0000e+00 ] 1.0000e+00
 3.049e+01 3.2086e-11 3.2086e-11 [ 5.9265e-72 2.0744e-44 4.2461e-32 3.2086e-11 ] 0.0000e+00 [ 0.0000e+00 ] 1.0000e+00
 3.060e+01 2.8832e-11 2.8832e-11 [ 2.4059e-72 1.1124e-44 2.7104e-32 2.8832e-11 ] 0.0000e+00 [ 0.0000e+00 ] 1.0000e+00
 3.071e+01 2.5898e-11 2.5898e-11 [ 9.7547e-73 5.9552e-45 1.7274e-32 2.5898e-11 ] 0.0000e+00 [ 0.0000e+00 ] 1.0000e+00
 3.083e+01 2.3256e-11 2.3256e-11 [ 3.9503e-73 3.1825e-45 1.0992e-32 2.3256e-11 ] 0.0000e+00 [ 0.0000e+00 ] 1.0000e+00
 3.094e+01 2.0877e-11 2.0877e-11 [ 1.5978e-73 1.6978e-45 6.9840e-33 2.0877e-11 ] 0.0000e+00 [ 0.0000e+00 ] 1.0000e+00
 3.105e+01 1.8734e-11 1.8734e-11 [ 6.4549e-74 9.0415e-46 4.4302e-33 1.8734e-11 ] 0.0000e+00 [ 0.0000e+00 ] 1.0000e+00
 3.117e+01 1.6806e-11 1.6806e-11 [ 2.6045e-74 4.8067e-46 2.8059e-33 1.6806e-11 ] 0.0000e+00 [ 0.0000e+00 ] 1.0000e+00
 3.128e+01 1.5072e-11 1.5072e-11 [ 1.0497e-74 2.5509e-46 1.7743e-33 1.5072e-11 ] 0.0000e+00 [ 0.0000e+00 ] 1.0000e+00
 3.139e+01 1.3512e-11 1.3512e-11 [ 4.2251e-75 1.3514e-46 1.1202e-33 1.3512e-11 ] 0.0000e+00 [ 0.0000e+00 ] 1.0000e+00
 3.151e+01 1.2109e-11 1.2109e-11 [ 1.6987e-75 7.1470e-47 7.0611e-34 1.2109e-11 ] 0.0000e+00 [ 0.0000e+00 ] 1.0000e+00
 3.162e+01 1.0849e-11 1.0849e-11 [ 6.8211e-76 3.7731e-47 4.4438e-34 1.0849e-11 ] 0.0000e+00 [ 0.0000e+00 ] 1.0000e+00
 3.173e+01 9.7162e-12 9.7162e-12 [ 2.7358e-76 1.9885e-47 2.7922e-34 9.7162e-12 ] 0.0000e+00 [ 0.0000e+00 ] 1.0000e+00
 3.185e+01 8.6989e-12 8.6989e-12 [ 1.0959e-76 1.0461e-47 1.7516e-34 8.6989e-12 ] 0.0000e+00 [ 0.0000e+00 ] 1.0000e+00
 3.196e+01 7.7855e-12 7.7855e-12 [ 4.3848e-77 5.4941e-48 1.0971e-34 7.7855e-12 ] 0.0000e+00 [ 0.0000e+00 ] 1.0000e+00
 3.207e+01 6.9657e-12 6.9657e-12 [ 1.7523e-77 2.8803e-48 6.8601e-35 6.9657e-12 ] 0.0000e+00 [ 0.0000e+00 ] 1.0000e+00
 3.219e+01 6.2302e-12 6.2302e-12 [ 6.9940e-78 1.5074e-48 4.2827e-35 6.2302e-12 ] 0.0000e+00 [ 0.0000e+00 ] 1.0000e+00
 3.230e+01 5.5704e-12 5.5704e-12 [ 2.7882e-78 7.8751e-49 2.6693e-35 5.5704e-12 ] 0.0000e+00 [ 0.0000e+00 ] 1.0000e+00
 3.241e+01 4.9788e-12 4.9788e-12 [ 1.1102e-78 4.1070e-49 1.6610e-35 4.9788e-12 ] 0.0000e+00 [ 0.0000e+00 ] 1.0000e+00
 3.253e+01 4.4485e-12 4.4485e-12 [ 4.4150e-79 2.1381e-49 1.0319e-35 4.4485e-12 ] 0.0000e+00 [ 0.0000e+00 ] 1.0000e+00
 3.264e+01 3.9733e-12 3.9733e-12 [ 1.7537e-79 1.1111e-49 6.3998e-36 3.9733e-12 ] 0.0000e+00 [ 0.0000e+00 ] 1.0000e+00
 3.275e+01 3.5477e-12 3.5477e-12 [ 6.9572e-80 5.7640e-50 3.9627e-36 3.5477e-12 ] 0.0000e+00 [ 0.0000e+00 ] 1.0000e+00
 3.287e+01 3.1665e-12 3.1665e-12 [ 2.7567e-80 2.9848e-50 2.4496e-36 3.1665e-12 ] 0.0000e+00 [ 0.0000e+00 ] 1.0000e+00
 3.298e+01 2.8254e-12 2.8254e-12 [ 1.0909e-80 1.5429e-50 1.5117e-36 2.8254e-12 ] 0.0000e+00 [ 0.0000e+00 ] 1.0000e+00
 3.309e+01 2.5201e-12 2.5201e-12 [ 4.3120e-81 7.9617e-51 9.3133e-37 2.5201e-12 ] 0.0000e+00 [ 0.0000e+00 ] 1.0000e+00
 3.321e+01 2.2470e-12 2.2470e-12 [ 1.7023e-81 4.1009e-51 5.7281e-37 2.2470e-12 ] 0.0000e+00 [ 0.0000e+00 ] 1.0000e+00
 3.332e+01 2.0029e-12 2.0029e-12 [ 6.7117e-82 2.1086e-51 3.5170e-37 2.0029e-12 ] 0.0000e+00 [ 0.0000e+00 ] 1.0000e+00
 3.343e+01 1.7846e-12 1.7846e-12 [ 2.6430e-82 1.0822e-51 2.1558e-37 1.7846e-12 ] 0.0000e+00 [ 0.0000e+00 ] 1.0000e+00
 3.355e+01 1.5895e-12 1.5895e-12 [ 1.0395e-82 5.5443e-52 1.3191e-37 1.5895e-12 ] 0.0000e+00 [ 0.0000e+00 ] 1.0000e+00
 3.366e+01 1.4153e-12 1.4153e-12 [ 4.0829e-83 2.8353e-52 8.0575e-38 1.4153e-12 ] 0.0000e+00 [ 0.0000e+00 ] 1.0000e+00
 3.377e+01 1.2597e-12 1.2597e-12 [ 1.6017e-83 1.4473e-52 4.9132e-38 1.2597e-12 ] 0.0000e+00 [ 0.0000e+00 ] 1.0000e+00
 3.389e+01 1.1208e-12 1.1208e-12 [ 6.2754e-84 7.3745e-53 2.9907e-38 1.1208e-12 ] 0.0000e+00 [ 0.0000e+00 ] 1.0000e+00
 3.400e+01 9.9689e-13 9.9689e-13 [ 2.4555e-84 3.7506e-53 1.8172e-38 9.9689e-13 ] 0.0000e+00 [ 0.0000e+00 ] 1.0000e+00
 3.411e+01 8.8634e-13 8.8634e-13 [ 9.5956e-85 1.9040e-53 1.1022e-38 8.8634e-13 ] 0.0000e+00 [ 0.0000e+00 ] 1.0000e+00
 3.423e+01 7.8775e-13 7.8775e-13 [ 3.7449e-85 9.6479e-54 6.6732e-39 7.8775e-13 ] 0.0000e+00 [ 0.0000e+00 ] 1.0000e+00
 3.434e+01 6.9987e-13 6.9987e-13 [ 1.4596e-85 4.8795e-54 4.0330e-39 6.9987e-13 ] 0.0000e+00 [ 0.0000e+00 ] 1.0000e+00
 3.445e+01 6.2157e-13 6.2157e-13 [ 5.6811e-86 2.4633e-54 2.4329e-39 6.2157e-13 ] 0.0000e+00 [ 0.0000e+00 ] 1.0000e+00
 3.457e+01 5.5181e-13 5.5181e-13 [ 2.2083e-86 1.2411e-54 1.4649e-39 5.5181e-13 ] 0.0000e+00 [ 0.0000e+00 ] 1.0000e+00
 3.468e+01 4.8969e-13 4.8969e-13 [ 8.5721e-87 6.2415e-55 8.8042e-40 4.8969e-13 ] 0.0000e+00 [ 0.0000e+00 ] 1.0000e+00
 3.479e+01 4.3440e-13 4.3440e-13 [ 3.3229e-87 3.1328e-55 5.2814e-40 4.3440e-13 ] 0.0000e+00 [ 0.0000e+00 ] 1.0000e+00
 3.491e+01 3.8520e-13 3.8520e-13 [ 1.2863e-87 1.5694e-55 3.1621e-40 3.8520e-13 ] 0.0000e+00 [ 0.0000e+00 ] 1.0000e+00
 3.502e+01 3.4143e-13 3.4143e-13 [ 4.9722e-88 7.8463e-56 1.8896e-40 3.4143e-13 ] 0.0000e+00 [ 0.0000e+00 ] 1.0000e+00
 3.513e+01 3.0251e-13 3.0251e-13 [ 1.9192e-88 3.9151e-56 1.1270e-40 3.0251e-13 ] 0.0000e+00 [ 0.0000e+00 ] 1.0000e+00
 3.525e+01 2.6792e-13 2.6792e-13 [ 7.3973e-89 1.9496e-56 6.7081e-41 2.6792e-13 ] 0.0000e+00 [ 0.0000e+00 ] 1.0000e+00
 3.536e+01 2.3718e-13 2.3718e-13 [ 2.8469e-89 9.6887e-57 3.9849e-41 2.3718e-13 ] 0.0000e+00 [ 0.0000e+00 ] 1.0000e+00
 3.547e+01 2.0987e-13 2.0987e-13 [ 1.0940e-89 4.8050e-57 2.3623e-41 2.0987e-13 ] 0.0000e+00 [ 0.0000e+00 ] 1.0000e+00
 3.559e+01 1.8563e-13 1.8563e-13 [ 4.1976e-90 2.3780e-57 1.3976e-41 1.8563e-13 ] 0.0000e+00 [ 0.0000e+00 ] 1.0000e+00
 3.570e+01 1.6410e-13 1.6410e-13 [ 1.6080e-90 1.1744e-57 8.2506e-42 1.6410e-13 ] 0.0000e+00 [ 0.0000e+00 ] 1.0000e+00
 3.581e+01 1.4501e-13 1.4501e-13 [ 6.1501e-91 5.7874e-58 4.8603e-42 1.4501e-13 ] 0.0000e+00 [ 0.0000e+00 ] 1.0000e+00
 3.593e+01 1.2807e-13 1.2807e-13 [ 2.3484e-91 2.8457e-58 2.8570e-42 1.2807e-13 ] 0.0000e+00 [ 0.0000e+00 ] 1.0000e+00
 3.604e+01 1.1305e-13 1.1305e-13 [ 8.9518e-92 1.3962e-58 1.6756e-42 1.1305e-13 ] 0.0000e+00 [ 0.0000e+00 ] 1.0000e+00
 3.615e+01 9.9733e-14 9.9733e-14 [ 3.4065e-92 6.8344e-59 9.8051e-43 9.9733e-14 ] 0.0000e+00 [ 0.0000e+00 ] 1.0000e+00
 3.627e+01 8.7935e-14 8.7935e-14 [ 1.2940e-92 3.3377e-59 5.7243e-43 8.7935e-14 ] 0.0000e+00 [ 0.0000e+00 ] 1.0000e+00
 3.638e+01 7.7485e-14 7.7485e-14 [ 4.9062e-93 1.6261e-59 3.3339e-43 7.7485e-14 ] 0.0000e+00 [ 0.0000e+00 ] 1.0000e+00
 3.649e+01 6.8232e-14 6.8232e-14 [ 1.8567e-93 7.9033e-60 1.9370e-43 6.8232e-14 ] 0.0000e+00 [ 0.0000e+00 ] 1.0000e+00
 3.661e+01 6.0042e-14 6.0042e-14 [ 7.0127e-94 3.8315e-60 1.1225e-43 6.0042e-14 ] 0.0000e+00 [ 0.0000e+00 ] 1.0000e+00
 3.672e+01 5.2794e-14 5.2794e-14 [ 2.6433e-94 1.8527e-60 6.4886e-44 5.2794e-14 ] 0.0000e+00 [ 0.0000e+00 ] 1.0000e+00
 3.683e+01 4.6383e-14 4.6383e-14 [ 9.9420e-95 8.9350e-61 3.7406e-44 4.6383e-14 ] 0.0000e+00 [ 0.0000e+00 ] 1.0000e+00
 3.695e+01 4.0714e-14 4.0714e-14 [ 3.7312e-95 4.2972e-61 2.1504e-44 4.0714e-14 ] 0.0000e+00 [ 0.0000e+00 ] 1.0000e+00
 3.706e+01 3.5702e-14 3.5702e-14 [ 1.3970e-95 2.0608e-61 1.2327e-44 3.5702e-14 ] 0.0000e+00 [ 0.0000e+00 ] 1.0000e+00
 3.717e+01 3.1272e-14 3.1272e-14 [ 5.2181e-96 9.8533e-62 7.0448e-45 3.1272e-14 ] 0.0000e+00 [ 0.0000e+00 ] 1.0000e+00
 3.729e+01 2.7359e-14 2.7359e-14 [ 1.9440e-96 4.6966e-62 4.0136e-45 2.7359e-14 ] 0.0000e+00 [ 0.0000e+00 ] 1.0000e+00
 3.740e+01 2.3902e-14 2.3902e-14 [ 7.2228e-97 2.2314e-62 2.2791e-45 2.3902e-14 ] 0.0000e+00 [ 0.0000e+00 ] 1.0000e+00
 3.751e+01 2.0849e-14 2.0849e-14 [ 2.6758e-97 1.0565e-62 1.2897e-45 2.0849e-14 ] 0.0000e+00 [ 0.0000e+00 ] 1.0000e+00
 3.763e+01 1.8154e-14 1.8154e-14 [ 9.8823e-98 4.9841e-63 7.2715e-46 1.8154e-14 ] 0.0000e+00 [ 0.0000e+00 ] 1.0000e+00
 3.774e+01 1.5774e-14 1.5774e-14 [ 3.6376e-98 2.3422e-63 4.0838e-46 1.5774e-14 ] 0.0000e+00 [ 0.0000e+00 ] 1.0000e+00
 3.785e+01 1.3673e-14 1.3673e-14 [ 1.3342e-98 1.0962e-63 2.2840e-46 1.3673e-14 ] 0.0000e+00 [ 0.0000e+00 ] 1.0000e+00
 3.797e+01 1.1819e-14 1.1819e-14 [ 4.8744e-99 5.1074e-64 1.2717e-46 1.1819e-14 ] 0.0000e+00 [ 0.0000e+00 ] 1.0000e+00
 3.808e+01 1.0182e-14 1.0182e-14 [ 1.7732e-99 2.3683e-64 7.0461e-47 1.0182e-14 ] 0.0000e+00 [ 0.0000e+00 ] 1.0000e+00
 3.819e+01 8.7364e-15 8.7364e-15 [ 6.4204e-100 1.0924e-64 3.8835e-47 8.7364e-15 ] 0.0000e+00 [ 0.0000e+00 ] 1.0000e+00
 3.831e+01 7.4603e-15 7.4603e-15 [ 2.3124e-100 5.0099e-65 2.1279e-47 7.4603e-15 ] 0.0000e+00 [ 0.0000e+00 ] 1.0000e+00
 3.842e+01 6.3333e-15 6.3333e-15 [ 8.2797e-101 2.2828e-65 1.1584e-47 6.3333e-15 ] 0.0000e+00 [ 0.0000e+00 ] 1.0000e+00
 3.853e+01 5.3379e-15 5.3379e-15 [ 2.9446e-101 1.0327e-65 6.2604e-48 5.3379e-15 ] 0.0000e+00 [ 0.0000e+00 ] 1.0000e+00
 3.865e+01 4.4586e-15 4.4586e-15 [ 1.0391e-101 4.6328e-66 3.3551e-48 4.4586e-15 ] 0.0000e+00 [ 0.0000e+00 ] 1.0000e+00
 3.876e+01 3.6821e-15 3.6821e-15 [ 3.6339e-102 2.0585e-66 1.7808e-48 3.6821e-15 ] 0.0000e+00 [ 0.0000e+00 ] 1.0000e+00
 3.887e+01 2.9970e-15 2.9970e-15 [ 1.2571e-102 9.0433e-67 9.3440e-49 2.9970e-15 ] 0.0000e+00 [ 0.0000e+00 ] 1.0000e+00
 3.899e+01 2.3935e-15 2.3935e-15 [ 4.2916e-103 3.9187e-67 4.8355e-49 2.3935e-15 ] 0.0000e+00 [ 0.0000e+00 ] 1.0000e+00
 3.910e+01 1.8638e-15 1.8638e-15 [ 1.4411e-103 1.6693e-67 2.4594e-49 1.8638e-15 ] 0.0000e+00 [ 0.0000e+00 ] 1.0000e+00
 3.921e+01 1.4021e-15 1.4021e-15 [ 4.7368e-104 6.9562e-68 1.2229e-49 1.4021e-15 ] 0.0000e+00 [ 0.0000e+00 ] 1.0000e+00
 3.933e+01 1.0041e-15 1.0041e-15 [ 1.5124e-104 2.8134e-68 5.8936e-50 1.0041e-15 ] 0.0000e+00 [ 0.0000e+00 ] 1.0000e+00
 3.944e+01 6.6795e-16 6.6795e-16 [ 4.6308e-105 1.0891e-68 2.7081e-50 6.6795e-16 ] 0.0000e+00 [ 0.0000e+00 ] 1.0000e+00
 3.955e+01 3.9425e-16 3.9425e-16 [ 1.3252e-105 3.9179e-69 1.1456e-50 3.9425e-16 ] 0.0000e+00 [ 0.0000e+00 ] 1.0000e+00
 3.967e+01 1.8639e-16 1.8639e-16 [ 3.3162e-106 1.2104e-69 4.0747e-51 1.8639e-16 ] 0.0000e+00 [ 0.0000e+00 ] 1.0000e+00
 3.978e+01 5.1254e-17 5.1254e-17 [ 5.5290e-107 2.3721e-70 8.8258e-52 5.1254e-17 ] 0.0000e+00 [ 0.0000e+00 ] 1.0000e+00
 3.989e+01 0.0000e+00 0.0000e+00 [ 0.0000e+00 0.0000e+00 0.0000e+00 0.0000e+00 ] 0.0000e+00 [ 0.0000e+00 ] 1.0000e+00
