 0.000e+00 0.0000e+00 0.0000e+00 [ 0.0000e+00 0.0000e+00 0.0000e+00 0.0000e+00 ] 0.0000e+00 [ 0.0000e+00 ] 1.0000e+00
 1.133e-01 1.8556e-03 1.8556e-03 [ 1.6701e-03 3.1663e-05 1.6460e-05 1.3736e-04 ] 0.0000e+00 [ 0.0000e+00 ] 9.9814e-01
 2.267e-01 3.7726e-03 3.7726e-03 [ 3.0331e-03 1.2573e-04 6.5806e-05 5.4791e-04 ] 0.0000e+00 [ 0.0000e+00 ] 9.9623e-01
 3.400e-01 5.7983e-03 5.7983e-03 [ 4.1376e-03 2.7939e-04 1.4789e-04 1.2334e-03 ] 0.0000e+00 [ 0.0000e+00 ] 9.9420e-01
 4.533e-01 7.9864e-03 7.9864e-03 [ 5.0356e-03 4.8804e-04 2.6242e-04 2.2004e-03 ] 0.0000e+00 [ 0.0000e+00 ] 9.9201e-01
 5.667e-01 1.0376e-02 1.0376e-02 [ 5.7631e-03 7.4560e-04 4.0889e-04 3.4588e-03 ] 0.0000e+00 [ 0.0000e+00 ] 9.8962e-01
 6.800e-01 1.3000e-02 1.3000e-02 [ 6.3470e-03 1.0449e-03 5.8661e-04 5.0216e-03 ] 0.0000e+00 [ 0.0000e+00 ] 9.8700e-01
 7.933e-01 1.5884e-02 1.5884e-02 [ 6.8077e-03 1.3782e-03 7.9471e-04 6.9035e-03 ] 0.0000e+00 [ 0.0000e+00 ] 9.8412e-01
 9.067e-01 1.9050e-02 1.9050e-02 [ 7.1610e-03 1.7375e-03 1.0321e-03 9.1195e-03 ] 0.0000e+00 [ 0.0000e+00 ] 9.8095e-01
 1.020e+00 2.2515e-02 2.2515e-02 [ 7.4187e-03 2.1155e-03 1.2976e-03 1.1684e-02 ] 0.0000e+00 [ 0.0000e+00 ] 9.7748e-01
 1.133e+00 2.6292e-02 2.6292e-02 [ 7.5906e-03 2.5050e-03 1.5897e-03 1.4607e-02 ] 0.0000e+00 [ 0.0000e+00 ] 9.7371e-01
 1.247e+00 3.0387e-02 3.0387e-02 [ 7.6845e-03 2.8999e-03 1.9066e-03 1.7896e-02 ] 0.0000e+00 [ 0.0000e+00 ] 9.6961e-01
 1.360e+00 3.4799e-02 3.4799e-02 [ 7.7071e-03 3.2949e-03 2.2463e-03 2.1550e-02 ] 0.0000e+00 [ 0.0000e+00 ] 9.6520e-01
 1.473e+00 3.9515e-02 3.9515e-02 [ 7.6641e-03 3.6853e-03 2.6064e-03 2.5559e-02 ] 0.0000e+00 [ 0.0000e+00 ] 9.6048e-01
 1.587e+00 4.4513e-02 4.4513e-02 [ 7.5610e-03 4.0673e-03 2.9840e-03 2.9900e-02 ] 0.0000e+00 [ 0.0000e+00 ] 9.5549e-01
 1.700e+00 4.9753e-02 4.9753e-02 [ 7.4027e-03 4.4372e-03 3.3754e-03 3.4538e-02 ] 0.0000e+00 [ 0.0000e+00 ] 9.5025e-01
 1.813e+00 5.5182e-02 5.5182e-02 [ 7.1941e-03 4.7917e-03 3.7766e-03 3.9420e-02 ] 0.0000e+00 [ 0.0000e+00 ] 9.4482e-01
 1.927e+00 6.0725e-02 6.0725e-02 [ 6.9401e-03 5.1275e-03 4.1826e-03 4.4475e-02 ] 0.0000e+00 [ 0.0000e+00 ] 9.3927e-01
 2.040e+00 6.6292e-02 6.6292e-02 [ 6.6454e-03 5.4412e-03 4.5875e-03 4.9618e-02 ] 0.0000e+00 [ 0.0000e+00 ] 9.3371e-01
 2.153e+00 7.1772e-02 7.1772e-02 [ 6.3155e-03 5.7288e-03 4.9850e-03 5.4743e-02 ] 0.0000e+00 [ 0.0000e+00 ] 9.2823e-01
 2.267e+00 7.7044e-02 7.7044e-02 [ 5.9555e-03 5.9867e-03 5.3680e-03 5.9734e-02 ] 0.0000e+00 [ 0.0000e+00 ] 9.2296e-01
 2.380e+00 8.1973e-02 8.1973e-02 [ 5.5715e-03 6.2105e-03 5.7288e-03 6.4463e-02 ] 0.0000e+00 [ 0.0000e+00 ] 9.1803e-01
 2.493e+00 8.6424e-02 8.6424e-02 [ 5.1694e-03 6.3963e-03 6.0597e-03 6.8798e-02 ] 0.0000e+00 [ 0.0000e+00 ] 9.1358e-01
 2.607e+00 9.0261e-02 9.0261e-02 [ 4.7558e-03 6.5402e-03 6.3532e-03 7.2612e-02 ] 0.0000e+00 [ 0.0000e+00 ] 9.0974e-01
 2.720e+00 9.3365e-02 9.3365e-02 [ 4.3371e-03 6.6387e-03 6.6021e-03 7.5787e-02 ] 0.0000e+00 [ 0.0000e+00 ] 9.0664e-01
 2.833e+00 9.5631e-02 9.5631e-02 [ 3.9201e-03 6.6894e-03 6.8003e-03 7.8221e-02 ] 0.0000e+00 [ 0.0000e+00 ] 9.0437e-01
 2.947e+00 9.6985e-02 9.6985e-02 [ 3.5111e-03 6.6907e-03 6.9430e-03 7.9840e-02 ] 0.0000e+00 [ 0.0000e+00 ] 9.0301e-01
 3.060e+00 9.7383e-02 9.7383e-02 [ 3.1160e-03 6.6421e-03 7.0268e-03 8.0598e-02 ] 0.0000e+00 [ 0.0000e+00 ] 9.0262e-01
 3.173e+00 9.6816e-02 9.6816e-02 [ 2.7400e-03 6.5447e-03 7.0502e-03 8.0481e-02 ] 0.0000e+00 [ 0.0000e+00 ] 9.0318e-01
 3.287e+00 9.5311e-02 9.5311e-02 [ 2.3873e-03 6.4007e-03 7.0135e-03 7.9510e-02 ] 0.0000e+00 [ 0.0000e+00 ] 9.0469e-01
 3.400e+00 9.2930e-02 9.2930e-02 [ 2.0613e-03 6.2138e-03 6.9191e-03 7.7736e-02 ] 0.0000e+00 [ 0.0000e+00 ] 9.0707e-01
 3.513e+00 8.9761e-02 8.9761e-02 [ 1.7641e-03 5.9886e-03 6.7707e-03 7.5238e-02 ] 0.0000e+00 [ 0.0000e+00 ] 9.1024e-01
 3.627e+00 8.5918e-02 8.5918e-02 [ 1.4968e-03 5.7306e-03 6.5738e-03 7.2117e-02 ] 0.0000e+00 [ 0.0000e+00 ] 9.1408e-01
 3.740e+00 8.1528e-02 8.1528e-02 [ 1.2595e-03 5.4460e-03 6.3347e-03 6.8488e-02 ] 0.0000e+00 [ 0.0000e+00 ] 9.1847e-01
 3.853e+00 7.6726e-02 7.6726e-02 [ 1.0514e-03 5.1411e-03 6.0605e-03 6.4473e-02 ] 0.0000e+00 [ 0.0000e+00 ] 9.2327e-01
 3.967e+00 7.1645e-02 7.1645e-02 [ 8.7107e-04 4.8223e-03 5.7589e-03 6.0193e-02 ] 0.0000e+00 [ 0.0000e+00 ] 9.2836e-01
 4.080e+00 6.6415e-02 6.6415e-02 [ 7.1643e-04 4.4956e-03 5.4372e-03 5.5766e-02 ] 0.0000e+00 [ 0.0000e+00 ] 9.3359e-01
 4.193e+00 6.1150e-02 6.1150e-02 [ 5.8518e-04 4.1665e-03 5.1025e-03 5.1296e-02 ] 0.0000e+00 [ 0.0000e+00 ] 9.3885e-01
 4.307e+00 5.5951e-02 5.5951e-02 [ 4.7484e-04 3.8399e-03 4.7616e-03 4.6875e-02 ] 0.0000e+00 [ 0.0000e+00 ] 9.4405e-01
 4.420e+00 5.0902e-02 5.0902e-02 [ 3.8289e-04 3.5201e-03 4.4200e-03 4.2579e-02 ] 0.0000e+00 [ 0.0000e+00 ] 9.4910e-01
 4.533e+00 4.6067e-02 4.6067e-02 [ 3.0689e-04 3.2105e-03 4.0829e-03 3.8467e-02 ] 0.0000e+00 [ 0.0000e+00 ] 9.5393e-01
 4.647e+00 4.1496e-02 4.1496e-02 [ 2.4455e-04 2.9138e-03 3.7542e-03 3.4583e-02 ] 0.0000e+00 [ 0.0000e+00 ] 9.5850e-01
 4.760e+00 3.7220e-02 3.7220e-02 [ 1.9377e-04 2.6320e-03 3.4374e-03 3.0957e-02 ] 0.0000e+00 [ 0.0000e+00 ] 9.6278e-01
 4.873e+00 3.3259e-02 3.3259e-02 [ 1.5268e-04 2.3665e-03 3.1347e-03 2.7605e-02 ] 0.0000e+00 [ 0.0000e+00 ] 9.6674e-01
 4.987e+00 2.9619e-02 2.9619e-02 [ 1.1965e-04 2.1182e-03 2.8479e-03 2.4533e-02 ] 0.0000e+00 [ 0.0000e+00 ] 9.7038e-01
 5.100e+00 2.6299e-02 2.6299e-02 [ 9.3249e-05 1.8876e-03 2.5782e-03 2.1740e-02 ] 0.0000e+00 [ 0.0000e+00 ] 9.7370e-01
 5.213e+00 2.3291e-02 2.3291e-02 [ 7.2278e-05 1.6747e-03 2.3262e-03 1.9218e-02 ] 0.0000e+00 [ 0.0000e+00 ] 9.7671e-01
 5.327e+00 2.0580e-02 2.0580e-02 [ 5.5713e-05 1.4793e-03 2.0919e-03 1.6953e-02 ] 0.0000e+00 [ 0.0000e+00 ] 9.7942e-01
 5.440e+00 1.8149e-02 1.8149e-02 [ 4.2706e-05 1.3010e-03 1.8754e-03 1.4929e-02 ] 0.0000e+00 [ 0.0000e+00 ] 9.8185e-01
 5.553e+00 1.5977e-02 1.5977e-02 [ 3.2549e-05 1.1391e-03 1.6762e-03 1.3129e-02 ] 0.0000e+00 [ 0.0000e+00 ] 9.8402e-01
 5.667e+00 1.4045e-02 1.4045e-02 [ 2.4665e-05 9.9290e-04 1.4936e-03 1.1534e-02 ] 0.0000e+00 [ 0.0000e+00 ] 9.8595e-01
 5.780e+00 1.2332e-02 1.2332e-02 [ 1.8581e-05 8.6159e-04 1.3270e-03 1.0125e-02 ] 0.0000e+00 [ 0.0000e+00 ] 9.8767e-01
 5.893e+00 1.0817e-02 1.0817e-02 [ 1.3914e-05 7.4424e-04 1.1755e-03 8.8831e-03 ] 0.0000e+00 [ 0.0000e+00 ] 9.8918e-01
 6.007e+00 9.4799e-03 9.4799e-03 [ 1.0355e-05 6.3991e-04 1.0382e-03 7.7914e-03 ] 0.0000e+00 [ 0.0000e+00 ] 9.9052e-01
 6.120e+00 8.3031e-03 8.3031e-03 [ 7.6593e-06 5.4764e-04 9.1429e-04 6.8335e-03 ] 0.0000e+00 [ 0.0000e+00 ] 9.9170e-01
 6.233e+00 7.2690e-03 7.2690e-03 [ 5.6293e-06 4.6646e-04 8.0280e-04 5.9941e-03 ] 0.0000e+00 [ 0.0000e+00 ] 9.9273e-01
 6.347e+00 6.3618e-03 6.3618e-03 [ 4.1108e-06 3.9542e-04 7.0281e-04 5.2595e-03 ] 0.0000e+00 [ 0.0000e+00 ] 9.9364e-01
 6.460e+00 5.5670e-03 5.5670e-03 [ 2.9825e-06 3.3359e-04 6.1346e-04 4.6170e-03 ] 0.0000e+00 [ 0.0000e+00 ] 9.9443e-01
 6.573e+00 4.8716e-03 4.8716e-03 [ 2.1496e-06 2.8007e-04 5.3385e-04 4.0555e-03 ] 0.0000e+00 [ 0.0000e+00 ] 9.9513e-01
 6.687e+00 4.2636e-03 4.2636e-03 [ 1.5390e-06 2.3399e-04 4.6318e-04 3.5649e-03 ] 0.0000e+00 [ 0.0000e+00 ] 9.9574e-01
 6.800e+00 3.7326e-03 3.7326e-03 [ 1.0945e-06 1.9454e-04 4.0065e-04 3.1363e-03 ] 0.0000e+00 [ 0.0000e+00 ] 9.9627e-01
 6.913e+00 3.2691e-03 3.2691e-03 [ 7.7313e-07 1.6095e-04 3.4551e-04 2.7618e-03 ] 0.0000e+00 [ 0.0000e+00 ] 9.9673e-01
 7.027e+00 2.8647e-03 2.8647e-03 [ 5.4241e-07 1.3251e-04 2.9704e-04 2.4346e-03 ] 0.0000e+00 [ 0.0000e+00 ] 9.9714e-01
 7.140e+00 2.5121e-03 2.5121e-03 [ 3.7796e-07 1.0857e-04 2.5460e-04 2.1485e-03 ] 0.0000e+00 [ 0.0000e+00 ] 9.9749e-01
 7.253e+00 2.2046e-03 2.2046e-03 [ 2.6156e-07 8.8518e-05 2.1755e-04 1.8983e-03 ] 0.0000e+00 [ 0.0000e+00 ] 9.9780e-01
 7.367e+00 1.9366e-03 1.9366e-03 [ 1.7978e-07 7.1824e-05 1.8532e-04 1.6793e-03 ] 0.0000e+00 [ 0.0000e+00 ] 9.9806e-01
 7.480e+00 1.7029e-03 1.7029e-03 [ 1.2272e-07 5.8001e-05 1.5739e-04 1.4874e-03 ] 0.0000e+00 [ 0.0000e+00 ] 9.9830e-01
 7.593e+00 1.4992e-03 1.4992e-03 [ 8.3202e-08 4.6616e-05 1.3326e-04 1.3192e-03 ] 0.0000e+00 [ 0.0000e+00 ] 9.9850e-01
 7.707e+00 1.3214e-03 1.3214e-03 [ 5.6024e-08 3.7291e-05 1.1249e-04 1.1716e-03 ] 0.0000e+00 [ 0.0000e+00 ] 9.9868e-01
 7.820e+00 1.1663e-03 1.1663e-03 [ 3.7469e-08 2.9693e-05 9.4669e-05 1.0419e-03 ] 0.0000e+00 [ 0.0000e+00 ] 9.9883e-01
 7.933e+00 1.0308e-03 1.0308e-03 [ 2.4890e-08 2.3535e-05 7.9436e-05 9.2780e-04 ] 0.0000e+00 [ 0.0000e+00 ] 9.9897e-01
 8.047e+00 9.1239e-04 9.1239e-04 [ 1.6423e-08 1.8569e-05 6.6458e-05 8.2735e-04 ] 0.0000e+00 [ 0.0000e+00 ] 9.9909e-01
 8.160e+00 8.0881e-04 8.0881e-04 [ 1.0764e-08 1.4587e-05 5.5438e-05 7.3877e-04 ] 0.0000e+00 [ 0.0000e+00 ] 9.9919e-01
 8.273e+00 7.1810e-04 7.1810e-04 [ 7.0078e-09 1.1408e-05 4.6113e-05 6.6057e-04 ] 0.0000e+00 [ 0.0000e+00 ] 9.9928e-01
 8.387e+00 6.3858e-04 6.3858e-04 [ 4.5326e-09 8.8831e-06 3.8247e-05 5.9145e-04 ] 0.0000e+00 [ 0.0000e+00 ] 9.9936e-01
 8.500e+00 5.6878e-04 5.6878e-04 [ 2.9125e-09 6.8878e-06 3.1633e-05 5.3026e-04 ] 0.0000e+00 [ 0.0000e+00 ] 9.9943e-01
 8.613e+00 5.0743e-04 5.0743e-04 [ 1.8594e-09 5.3184e-06 2.6092e-05 4.7602e-04 ] 0.0000e+00 [ 0.0000e+00 ] 9.9949e-01
 8.727e+00 4.5343e-04 4.5343e-04 [ 1.1794e-09 4.0897e-06 2.1462e-05 4.2787e-04 ] 0.0000e+00 [ 0.0000e+00 ] 9.9955e-01
 8.840e+00 4.0582e-04 4.0582e-04 [ 7.4339e-10 3.1322e-06 1.7607e-05 3.8508e-04 ] 0.0000e+00 [ 0.0000e+00 ] 9.9959e-01
 8.953e+00 3.6378e-04 3.6378e-04 [ 4.6561e-10 2.3893e-06 1.4406e-05 3.4698e-04 ] 0.0000e+00 [ 0.0000e+00 ] 9.9964e-01
 9.067e+00 3.2660e-04 3.2660e-04 [ 2.8982e-10 1.8155e-06 1.1757e-05 3.1302e-04 ] 0.0000e+00 [ 0.0000e+00 ] 9.9967e-01
 9.180e+00 2.9366e-04 2.9366e-04 [ 1.7929e-10 1.3742e-06 9.5707e-06 2.8271e-04 ] 0.0000e+00 [ 0.0000e+00 ] 9.9971e-01
 9.293e+00 2.6442e-04 2.6442e-04 [ 1.1024e-10 1.0363e-06 7.7716e-06 2.5562e-04 ] 0.0000e+00 [ 0.0000e+00 ] 9.9974e-01
 9.407e+00 2.3844e-04 2.3844e-04 [ 6.7373e-11 7.7854e-07 6.2953e-06 2.3136e-04 ] 0.0000e+00 [ 0.0000e+00 ] 9.9976e-01
 9.520e+00 2.1530e-04 2.1530e-04 [ 4.0931e-11 5.8279e-07 5.0873e-06 2.0963e-04 ] 0.0000e+00 [ 0.0000e+00 ] 9.9978e-01
 9.633e+00 1.9465e-04 1.9465e-04 [ 2.4721e-11 4.3469e-07 4.1015e-06 1.9012e-04 ] 0.0000e+00 [ 0.0000e+00 ] 9.9981e-01
 9.747e+00 1.7621e-04 1.7621e-04 [ 1.4845e-11 3.2309e-07 3.2991e-06 1.7259e-04 ] 0.0000e+00 [ 0.0000e+00 ] 9.9982e-01
 9.860e+00 1.5970e-04 1.5970e-04 [ 8.8629e-12 2.3932e-07 2.6478e-06 1.5681e-04 ] 0.0000e+00 [ 0.0000e+00 ] 9.9984e-01
 9.973e+00 1.4490e-04 1.4490e-04 [ 5.2616e-12 1.7666e-07 2.1204e-06 1.4260e-04 ] 0.0000e+00 [ 0.0000e+00 ] 9.9986e-01
 1.009e+01 1.3161e-04 1.3161e-04 [ 3.1063e-12 1.2998e-07 1.6944e-06 1.2978e-04 ] 0.0000e+00 [ 0.0000e+00 ] 9.9987e-01
 1.020e+01 1.1966e-04 1.1966e-04 [ 1.8237e-12 9.5318e-08 1.3511e-06 1.1821e-04 ] 0.0000e+00 [ 0.0000e+00 ] 9.9988e-01
 1.031e+01 1.0889e-04 1.0889e-04 [ 1.0649e-12 6.9676e-08 1.0752e-06 1.0775e-04 ] 0.0000e+00 [ 0.0000e+00 ] 9.9989e-01
 1.043e+01 9.9183e-05 9.9183e-05 [ 6.1852e-13 5.0770e-08 8.5393e-07 9.8278e-05 ] 0.0000e+00 [ 0.0000e+00 ] 9.9990e-01
 1.054e+01 9.0414e-05 9.0414e-05 [ 3.5734e-13 3.6880e-08 6.7686e-07 8.9700e-05 ] 0.0000e+00 [ 0.0000e+00 ] 9.9991e-01
 1.065e+01 8.2484e-05 8.2484e-05 [ 2.0538e-13 2.6708e-08 5.3548e-07 8.1922e-05 ] 0.0000e+00 [ 0.0000e+00 ] 9.9992e-01
 1.077e+01 7.5303e-05 7.5303e-05 [ 1.1743e-13 1.9284e-08 4.2285e-07 7.4861e-05 ] 0.0000e+00 [ 0.0000e+00 ] 9.9992e-01
 1.088e+01 6.8794e-05 6.8794e-05 [ 6.6804e-14 1.3883e-08 3.3331e-07 6.8446e-05 ] 0.0000e+00 [ 0.0000e+00 ] 9.9993e-01
 1.099e+01 6.2886e-05 6.2886e-05 [ 3.7815e-14 9.9652e-09 2.6226e-07 6.2614e-05 ] 0.0000e+00 [ 0.0000e+00 ] 9.9994e-01
 1.111e+01 5.7519e-05 5.7519e-05 [ 2.1300e-14 7.1329e-09 2.0601e-07 5.7306e-05 ] 0.0000e+00 [ 0.0000e+00 ] 9.9994e-01
 1.122e+01 5.2639e-05 5.2639e-05 [ 1.1939e-14 5.0914e-09 1.6155e-07 5.2472e-05 ] 0.0000e+00 [ 0.0000e+00 ] 9.9995e-01
 1.133e+01 4.8196e-05 4.8196e-05 [ 6.6606e-15 3.6242e-09 1.2649e-07 4.8066e-05 ] 0.0000e+00 [ 0.0000e+00 ] 9.9995e-01
 1.145e+01 4.4149e-05 4.4149e-05 [ 3.6983e-15 2.5729e-09 9.8880e-08 4.4048e-05 ] 0.0000e+00 [ 0.0000e+00 ] 9.9996e-01
 1.156e+01 4.0460e-05 4.0460e-05 [ 2.0440e-15 1.8218e-09 7.7181e-08 4.0381e-05 ] 0.0000e+00 [ 0.0000e+00 ] 9.9996e-01
 1.167e+01 3.7093e-05 3.7093e-05 [ 1.1245e-15 1.2866e-09 6.0157e-08 3.7032e-05 ] 0.0000e+00 [ 0.0000e+00 ] 9.9996e-01
 1.179e+01 3.4019e-05 3.4019e-05 [ 6.1590e-16 9.0631e-10 4.6823e-08 3.3971e-05 ] 0.0000e+00 [ 0.0000e+00 ] 9.9997e-01
 1.190e+01 3.1211e-05 3.1211e-05 [ 3.3584e-16 6.3686e-10 3.6397e-08 3.1174e-05 ] 0.0000e+00 [ 0.0000e+00 ] 9.9997e-01
 1.201e+01 2.8643e-05 2.8643e-05 [ 1.8234e-16 4.4644e-10 2.8256e-08 2.8615e-05 ] 0.0000e+00 [ 0.0000e+00 ] 9.9997e-01
 1.213e+01 2.6295e-05 2.6295e-05 [ 9.8575e-17 3.1221e-10 2.1909e-08 2.6272e-05 ] 0.0000e+00 [ 0.0000e+00 ] 9.9997e-01
 1.224e+01 2.4145e-05 2.4145e-05 [ 5.3068e-17 2.1783e-10 1.6968e-08 2.4128e-05 ] 0.0000e+00 [ 0.0000e+00 ] 9.9998e-01
 1.235e+01 2.2177e-05 2.2177e-05 [ 2.8452e-17 1.5164e-10 1.3128e-08 2.2164e-05 ] 0.0000e+00 [ 0.0000e+00 ] 9.9998e-01
 1.247e+01 2.0374e-05 2.0374e-05 [ 1.5192e-17 1.0533e-10 1.0146e-08 2.0364e-05 ] 0.0000e+00 [ 0.0000e+00 ] 9.9998e-01
 1.258e+01 1.8722e-05 1.8722e-05 [ 8.0802e-18 7.3010e-11 7.8340e-09 1.8714e-05 ] 0.0000e+00 [ 0.0000e+00 ] 9.9998e-01
 1.269e+01 1.7208e-05 1.7208e-05 [ 4.2809e-18 5.0500e-11 6.0435e-09 1.7201e-05 ] 0.0000e+00 [ 0.0000e+00 ] 9.9998e-01
 1.281e+01 1.5818e-05 1.5818e-05 [ 2.2593e-18 3.4860e-11 4.6584e-09 1.5814e-05 ] 0.0000e+00 [ 0.0000e+00 ] 9.9998e-01
 1.292e+01 1.4544e-05 1.4544e-05 [ 1.1880e-18 2.4016e-11 3.5881e-09 1.4540e-05 ] 0.0000e+00 [ 0.0000e+00 ] 9.9999e-01
 1.303e+01 1.3374e-05 1.3374e-05 [ 6.2237e-19 1.6515e-11 2.7618e-09 1.3372e-05 ] 0.0000e+00 [ 0.0000e+00 ] 9.9999e-01
 1.315e+01 1.2301e-05 1.2301e-05 [ 3.2489e-19 1.1335e-11 2.1245e-09 1.2299e-05 ] 0.0000e+00 [ 0.0000e+00 ] 9.9999e-01
 1.326e+01 1.1315e-05 1.1315e-05 [ 1.6901e-19 7.7668e-12 1.6334e-09 1.1313e-05 ] 0.0000e+00 [ 0.0000e+00 ] 9.9999e-01
 1.337e+01 1.0409e-05 1.0409e-05 [ 8.7617e-20 5.3127e-12 1.2552e-09 1.0408e-05 ] 0.0000e+00 [ 0.0000e+00 ] 9.9999e-01
 1.349e+01 9.5776e-06 9.5776e-06 [ 4.5272e-20 3.6282e-12 9.6422e-10 9.5766e-06 ] 0.0000e+00 [ 0.0000e+00 ] 9.9999e-01
 1.360e+01 8.8133e-06 8.8133e-06 [ 2.3316e-20 2.4739e-12 7.4043e-10 8.8126e-06 ] 0.0000e+00 [ 0.0000e+00 ] 9.9999e-01
 1.371e+01 8.1110e-06 8.1110e-06 [ 1.1971e-20 1.6844e-12 5.6841e-10 8.1104e-06 ] 0.0000e+00 [ 0.0000e+00 ] 9.9999e-01
 1.383e+01 7.4653e-06 7.4653e-06 [ 6.1271e-21 1.1452e-12 4.3627e-10 7.4649e-06 ] 0.0000e+00 [ 0.0000e+00 ] 9.9999e-01
 1.394e+01 6.8717e-06 6.8717e-06 [ 3.1267e-21 7.7760e-13 3.3479e-10 6.8714e-06 ] 0.0000e+00 [ 0.0000e+00 ] 9.9999e-01
 1.405e+01 6.3259e-06 6.3259e-06 [ 1.5910e-21 5.2732e-13 2.5689e-10 6.3257e-06 ] 0.0000e+00 [ 0.0000e+00 ] 9.9999e-01
 1.417e+01 5.8240e-06 5.8240e-06 [ 8.0731e-22 3.5717e-13 1.9710e-10 5.8238e-06 ] 0.0000e+00 [ 0.0000e+00 ] 9.9999e-01
 1.428e+01 5.3623e-06 5.3623e-06 [ 4.0854e-22 2.4165e-13 1.5122e-10 5.3622e-06 ] 0.0000e+00 [ 0.0000e+00 ] 9.9999e-01
 1.439e+01 4.9376e-06 4.9376e-06 [ 2.0620e-22 1.6332e-13 1.1602e-10 4.9375e-06 ] 0.0000e+00 [ 0.0000e+00 ] 1.0000e+00
 1.451e+01 4.5469e-06 4.5469e-06 [ 1.0381e-22 1.1028e-13 8.9021e-11 4.5468e-06 ] 0.0000e+00 [ 0.0000e+00 ] 1.0000e+00
 1.462e+01 4.1874e-06 4.1874e-06 [ 5.2141e-23 7.4390e-14 6.8307e-11 4.1873e-06 ] 0.0000e+00 [ 0.0000e+00 ] 1.0000e+00
 1.473e+01 3.8566e-06 3.8566e-06 [ 2.6126e-23 5.0138e-14 5.2417e-11 3.8565e-06 ] 0.0000e+00 [ 0.0000e+00 ] 1.0000e+00
 1.485e+01 3.5521e-06 3.5521e-06 [ 1.3062e-23 3.3765e-14 4.0227e-11 3.5521e-06 ] 0.0000e+00 [ 0.0000e+00 ] 1.0000e+00
 1.496e+01 3.2719e-06 3.2719e-06 [ 6.5167e-24 2.2722e-14 3.0874e-11 3.2718e-06 ] 0.0000e+00 [ 0.0000e+00 ] 1.0000e+00
 1.507e+01 3.0139e-06 3.0139e-06 [ 3.2445e-24 1.5279e-14 2.3697e-11 3.0139e-06 ] 0.0000e+00 [ 0.0000e+00 ] 1.0000e+00
 1.519e+01 2.7764e-06 2.7764e-06 [ 1.6122e-24 1.0268e-14 1.8190e-11 2.7764e-06 ] 0.0000e+00 [ 0.0000e+00 ] 1.0000e+00
 1.530e+01 2.5578e-06 2.5578e-06 [ 7.9961e-25 6.8956e-15 1.3963e-11 2.5578e-06 ] 0.0000e+00 [ 0.0000e+00 ] 1.0000e+00
 1.541e+01 2.3565e-06 2.3565e-06 [ 3.9588e-25 4.6281e-15 1.0719e-11 2.3564e-06 ] 0.0000e+00 [ 0.0000e+00 ] 1.0000e+00
 1.553e+01 2.1711e-06 2.1711e-06 [ 1.9567e-25 3.1044e-15 8.2277e-12 2.1711e-06 ] 0.0000e+00 [ 0.0000e+00 ] 1.0000e+00
 1.564e+01 2.0004e-06 2.0004e-06 [ 9.6554e-26 2.0812e-15 6.3153e-12 2.0004e-06 ] 0.0000e+00 [ 0.0000e+00 ] 1.0000e+00
 1.575e+01 1.8432e-06 1.8432e-06 [ 4.7573e-26 1.3944e-15 4.8469e-12 1.8432e-06 ] 0.0000e+00 [ 0.0000e+00 ] 1.0000e+00
 1.587e+01 1.6984e-06 1.6984e-06 [ 2.3405e-26 9.3374e-16 3.7194e-12 1.6984e-06 ] 0.0000e+00 [ 0.0000e+00 ] 1.0000e+00
 1.598e+01 1.5650e-06 1.5650e-06 [ 1.1499e-26 6.2491e-16 2.8536e-12 1.5650e-06 ] 0.0000e+00 [ 0.0000e+00 ] 1.0000e+00
 1.609e+01 1.4422e-06 1.4422e-06 [ 5.6416e-27 4.1799e-16 2.1887e-12 1.4422e-06 ] 0.0000e+00 [ 0.0000e+00 ] 1.0000e+00
 1.621e+01 1.3290e-06 1.3290e-06 [ 2.7644e-27 2.7941e-16 1.6783e-12 1.3290e-06 ] 0.0000e+00 [ 0.0000e+00 ] 1.0000e+00
 1.632e+01 1.2248e-06 1.2248e-06 [ 1.3529e-27 1.8666e-16 1.2864e-12 1.2247e-06 ] 0.0000e+00 [ 0.0000e+00 ] 1.0000e+00
 1.643e+01 1.1287e-06 1.1287e-06 [ 6.6132e-28 1.2462e-16 9.8556e-13 1.1287e-06 ] 0.0000e+00 [ 0.0000e+00 ] 1.0000e+00
 1.655e+01 1.0402e-06 1.0402e-06 [ 3.2289e-28 8.3142e-17 7.5472e-13 1.0402e-06 ] 0.0000e+00 [ 0.0000e+00 ] 1.0000e+00
 1.666e+01 9.5868e-07 9.5868e-07 [ 1.5747e-28 5.5430e-17 5.7762e-13 9.5868e-07 ] 0.0000e+00 [ 0.0000e+00 ] 1.0000e+00
 1.677e+01 8.8355e-07 8.8355e-07 [ 7.6714e-29 3.6926e-17 4.4181e-13 8.8355e-07 ] 0.0000e+00 [ 0.0000e+00 ] 1.0000e+00
 1.689e+01 8.1432e-07 8.1432e-07 [ 3.7331e-29 2.4579e-17 3.3771e-13 8.1432e-07 ] 0.0000e+00 [ 0.0000e+00 ] 1.0000e+00
 1.700e+01 7.5052e-07 7.5052e-07 [ 1.8146e-29 1.6346e-17 2.5794e-13 7.5052e-07 ] 0.0000e+00 [ 0.0000e+00 ] 1.0000e+00
 1.711e+01 6.9173e-07 6.9173e-07 [ 8.8111e-30 1.0861e-17 1.9686e-13 6.9173e-07 ] 0.0000e+00 [ 0.0000e+00 ] 1.0000e+00
 1.723e+01 6.3754e-07 6.3754e-07 [ 4.2737e-30 7.2100e-18 1.5012e-13 6.3754e-07 ] 0.0000e+00 [ 0.0000e+00 ] 1.0000e+00
 1.734e+01 5.8761e-07 5.8761e-07 [ 2.0706e-30 4.7812e-18 1.1437e-13 5.8761e-07 ] 0.0000e+00 [ 0.0000e+00 ] 1.0000e+00
 1.745e+01 5.4158e-07 5.4158e-07 [ 1.0021e-30 3.1672e-18 8.7055e-14 5.4158e-07 ] 0.0000e+00 [ 0.0000e+00 ] 1.0000e+00
 1.757e+01 4.9916e-07 4.9916e-07 [ 4.8443e-31 2.0957e-18 6.6196e-14 4.9916e-07 ] 0.0000e+00 [ 0.0000e+00 ] 1.0000e+00
 1.768e+01 4.6006e-07 4.6006e-07 [ 2.3391e-31 1.3851e-18 5.0283e-14 4.6006e-07 ] 0.0000e+00 [ 0.0000e+00 ] 1.0000e+00
 1.779e+01 4.2402e-07 4.2402e-07 [ 1.1281e-31 9.1427e-19 3.8154e-14 4.2402e-07 ] 0.0000e+00 [ 0.0000e+00 ] 1.0000e+00
 1.791e+01 3.9080e-07 3.9080e-07 [ 5.4340e-32 6.0273e-19 2.8918e-14 3.9080e-07 ] 0.0000e+00 [ 0.0000e+00 ] 1.0000e+00
 1.802e+01 3.6018e-07 3.6018e-07 [ 2.6143e-32 3.9682e-19 2.1892e-14 3.6018e-07 ] 0.0000e+00 [ 0.0000e+00 ] 1.0000e+00
 1.813e+01 3.3195e-07 3.3195e-07 [ 1.2561e-32 2.6089e-19 1.6553e-14 3.3195e-07 ] 0.0000e+00 [ 0.0000e+00 ] 1.0000e+00
 1.825e+01 3.0592e-07 3.0592e-07 [ 6.0274e-33 1.7128e-19 1.2501e-14 3.0592e-07 ] 0.0000e+00 [ 0.0000e+00 ] 1.0000e+00
 1.836e+01 2.8193e-07 2.8193e-07 [ 2.8883e-33 1.1228e-19 9.4284e-15 2.8193e-07 ] 0.0000e+00 [ 0.0000e+00 ] 1.0000e+00
 1.847e+01 2.5982e-07 2.5982e-07 [ 1.3822e-33 7.3495e-20 7.1020e-15 2.5982e-07 ] 0.0000e+00 [ 0.0000e+00 ] 1.0000e+00
 1.859e+01 2.3943e-07 2.3943e-07 [ 6.6049e-34 4.8032e-20 5.3425e-15 2.3943e-07 ] 0.0000e+00 [ 0.0000e+00 ] 1.0000e+00
 1.870e+01 2.2064e-07 2.2064e-07 [ 3.1516e-34 3.1341e-20 4.0134e-15 2.2064e-07 ] 0.0000e+00 [ 0.0000e+00 ] 1.0000e+00
 1.881e+01 2.0331e-07 2.0331e-07 [ 1.5016e-34 2.0416e-20 3.0109e-15 2.0331e-07 ] 0.0000e+00 [ 0.0000e+00 ] 1.0000e+00
 1.893e+01 1.8734e-07 1.8734e-07 [ 7.1433e-35 1.3278e-20 2.2556e-15 1.8734e-07 ] 0.0000e+00 [ 0.0000e+00 ] 1.0000e+00
 1.904e+01 1.7261e-07 1.7261e-07 [ 3.3930e-35 8.6204e-21 1.6874e-15 1.7261e-07 ] 0.0000e+00 [ 0.0000e+00 ] 1.0000e+00
 1.915e+01 1.5903e-07 1.5903e-07 [ 1.6090e-35 5.5870e-21 1.2605e-15 1.5903e-07 ] 0.0000e+00 [ 0.0000e+00 ] 1.0000e+00
 1.927e+01 1.4652e-07 1.4652e-07 [ 7.6182e-36 3.6147e-21 9.4024e-16 1.4652e-07 ] 0.0000e+00 [ 0.0000e+00 ] 1.0000e+00
 1.938e+01 1.3498e-07 1.3498e-07 [ 3.6010e-36 2.3345e-21 7.0031e-16 1.3498e-07 ] 0.0000e+00 [ 0.0000e+00 ] 1.0000e+00
 1.949e+01 1.2434e-07 1.2434e-07 [ 1.6993e-36 1.5049e-21 5.2084e-16 1.2434e-07 ] 0.0000e+00 [ 0.0000e+00 ] 1.0000e+00
 1.961e+01 1.1454e-07 1.1454e-07 [ 8.0055e-37 9.6840e-22 3.8678e-16 1.1454e-07 ] 0.0000e+00 [ 0.0000e+00 ] 1.0000e+00
 1.972e+01 1.0550e-07 1.0550e-07 [ 3.7650e-37 6.2200e-22 2.8679e-16 1.0550e-07 ] 0.0000e+00 [ 0.0000e+00 ] 1.0000e+00
 1.983e+01 9.7169e-08 9.7169e-08 [ 1.7676e-37 3.9876e-22 2.1233e-16 9.7169e-08 ] 0.0000e+00 [ 0.0000e+00 ] 1.0000e+00
 1.995e+01 8.9489e-08 8.9489e-08 [ 8.2839e-38 2.5516e-22 1.5696e-16 8.9489e-08 ] 0.0000e+00 [ 0.0000e+00 ] 1.0000e+00
 2.006e+01 8.2409e-08 8.2409e-08 [ 3.8755e-38 1.6297e-22 1.1585e-16 8.2409e-08 ] 0.0000e+00 [ 0.0000e+00 ] 1.0000e+00
 2.017e+01 7.5884e-08 7.5884e-08 [ 1.8098e-38 1.0388e-22 8.5376e-17 7.5884e-08 ] 0.0000e+00 [ 0.0000e+00 ] 1.0000e+00
 2.029e+01 6.9869e-08 6.9869e-08 [ 8.4369e-39 6.6093e-23 6.2821e-17 6.9869e-08 ] 0.0000e+00 [ 0.0000e+00 ] 1.0000e+00
 2.040e+01 6.4326e-08 6.4326e-08 [ 3.9259e-39 4.1968e-23 4.6152e-17 6.4326e-08 ] 0.0000e+00 [ 0.0000e+00 ] 1.0000e+00
 2.051e+01 5.9217e-08 5.9217e-08 [ 1.8235e-39 2.6598e-23 3.3853e-17 5.9217e-08 ] 0.0000e+00 [ 0.0000e+00 ] 1.0000e+00
 2.063e+01 5.4508e-08 5.4508e-08 [ 8.4547e-40 1.6824e-23 2.4793e-17 5.4508e-08 ] 0.0000e+00 [ 0.0000e+00 ] 1.0000e+00
 2.074e+01 5.0170e-08 5.0170e-08 [ 3.9128e-40 1.0620e-23 1.8129e-17 5.0170e-08 ] 0.0000e+00 [ 0.0000e+00 ] 1.0000e+00
 2.085e+01 4.6171e-08 4.6171e-08 [ 1.8075e-40 6.6913e-24 1.3235e-17 4.6171e-08 ] 0.0000e+00 [ 0.0000e+00 ] 1.0000e+00
 2.097e+01 4.2487e-08 4.2487e-08 [ 8.3348e-41 4.2074e-24 9.6471e-18 4.2487e-08 ] 0.0000e+00 [ 0.0000e+00 ] 1.0000e+00
 2.108e+01 3.9093e-08 3.9093e-08 [ 3.8362e-41 2.6404e-24 7.0207e-18 3.9093e-08 ] 0.0000e+00 [ 0.0000e+00 ] 1.0000e+00
 2.119e+01 3.5966e-08 3.5966e-08 [ 1.7625e-41 1.6537e-24 5.1013e-18 3.5966e-08 ] 0.0000e+00 [ 0.0000e+00 ] 1.0000e+00
 2.131e+01 3.3085e-08 3.3085e-08 [ 8.0824e-42 1.0337e-24 3.7007e-18 3.3085e-08 ] 0.0000e+00 [ 0.0000e+00 ] 1.0000e+00
 2.142e+01 3.0431e-08 3.0431e-08 [ 3.6997e-42 6.4481e-25 2.6804e-18 3.0431e-08 ] 0.0000e+00 [ 0.0000e+00 ] 1.0000e+00
 2.153e+01 2.7986e-08 2.7986e-08 [ 1.6905e-42 4.0145e-25 1.9383e-18 2.7986e-08 ] 0.0000e+00 [ 0.0000e+00 ] 1.0000e+00
 2.165e+01 2.5735e-08 2.5735e-08 [ 7.7100e-43 2.4943e-25 1.3995e-18 2.5735e-08 ] 0.0000e+00 [ 0.0000e+00 ] 1.0000e+00
 2.176e+01 2.3662e-08 2.3662e-08 [ 3.5100e-43 1.5467e-25 1.0088e-18 2.3662e-08 ] 0.0000e+00 [ 0.0000e+00 ] 1.0000e+00
 2.187e+01 2.1752e-08 2.1752e-08 [ 1.5951e-43 9.5722e-26 7.2607e-19 2.1752e-08 ] 0.0000e+00 [ 0.0000e+00 ] 1.0000e+00
 2.199e+01 1.9994e-08 1.9994e-08 [ 7.2355e-44 5.9121e-26 5.2173e-19 1.9994e-08 ] 0.0000e+00 [ 0.0000e+00 ] 1.0000e+00
 2.210e+01 1.8376e-08 1.8376e-08 [ 3.2762e-44 3.6442e-26 3.7430e-19 1.8376e-08 ] 0.0000e+00 [ 0.0000e+00 ] 1.0000e+00
 2.221e+01 1.6886e-08 1.6886e-08 [ 1.4808e-44 2.2418e-26 2.6811e-19 1.6886e-08 ] 0.0000e+00 [ 0.0000e+00 ] 1.0000e+00
 2.233e+01 1.5514e-08 1.5514e-08 [ 6.6812e-45 1.3763e-26 1.9174e-19 1.5514e-08 ] 0.0000e+00 [ 0.0000e+00 ] 1.0000e+00
 2.244e+01 1.4252e-08 1.4252e-08 [ 3.0091e-45 8.4333e-27 1.3690e-19 1.4252e-08 ] 0.0000e+00 [ 0.0000e+00 ] 1.0000e+00
 2.255e+01 1.3090e-08 1.3090e-08 [ 1.3529e-45 5.1570e-27 9.7596e-20 1.3090e-08 ] 0.0000e+00 [ 0.0000e+00 ] 1.0000e+00
 2.267e+01 1.2021e-08 1.2021e-08 [ 6.0716e-46 3.1473e-27 6.9464e-20 1.2021e-08 ] 0.0000e+00 [ 0.0000e+00 ] 1.0000e+00
 2.278e+01 1.1038e-08 1.1038e-08 [ 2.7202e-46 1.9170e-27 4.9363e-20 1.1038e-08 ] 0.0000e+00 [ 0.0000e+00 ] 1.0000e+00
 2.289e+01 1.0133e-08 1.0133e-08 [ 1.2166e-46 1.1653e-27 3.5023e-20 1.0133e-08 ] 0.0000e+00 [ 0.0000e+00 ] 1.0000e+00
 2.301e+01 9.3007e-09 9.3007e-09 [ 5.4315e-47 7.0697e-28 2.4810e-20 9.3007e-09 ] 0.0000e+00 [ 0.0000e+00 ] 1.0000e+00
 2.312e+01 8.5353e-09 8.5353e-09 [ 2.4208e-47 4.2806e-28 1.7547e-20 8.5353e-09 ] 0.0000e+00 [ 0.0000e+00 ] 1.0000e+00
 2.323e+01 7.8316e-09 7.8316e-09 [ 1.0771e-47 2.5867e-28 1.2391e-20 7.8316e-09 ] 0.0000e+00 [ 0.0000e+00 ] 1.0000e+00
 2.335e+01 7.1846e-09 7.1846e-09 [ 4.7842e-48 1.5601e-28 8.7360e-21 7.1846e-09 ] 0.0000e+00 [ 0.0000e+00 ] 1.0000e+00
 2.346e+01 6.5898e-09 6.5898e-09 [ 2.1214e-48 9.3905e-29 6.1495e-21 6.5898e-09 ] 0.0000e+00 [ 0.0000e+00 ] 1.0000e+00
 2.357e+01 6.0430e-09 6.0430e-09 [ 9.3912e-49 5.6413e-29 4.3220e-21 6.0430e-09 ] 0.0000e+00 [ 0.0000e+00 ] 1.0000e+00
 2.369e+01 5.5406e-09 5.5406e-09 [ 4.1504e-49 3.3823e-29 3.0328e-21 5.5406e-09 ] 0.0000e+00 [ 0.0000e+00 ] 1.0000e+00
 2.380e+01 5.0790e-09 5.0790e-09 [ 1.8312e-49 2.0240e-29 2.1248e-21 5.0790e-09 ] 0.0000e+00 [ 0.0000e+00 ] 1.0000e+00
 2.391e+01 4.6549e-09 4.6549e-09 [ 8.0663e-50 1.2088e-29 1.4863e-21 4.6549e-09 ] 0.0000e+00 [ 0.0000e+00 ] 1.0000e+00
 2.403e+01 4.2653e-09 4.2653e-09 [ 3.5473e-50 7.2054e-30 1.0381e-21 4.2653e-09 ] 0.0000e+00 [ 0.0000e+00 ] 1.0000e+00
 2.414e+01 3.9076e-09 3.9076e-09 [ 1.5574e-50 4.2866e-30 7.2387e-22 3.9076e-09 ] 0.0000e+00 [ 0.0000e+00 ] 1.0000e+00
 2.425e+01 3.5791e-09 3.5791e-09 [ 6.8269e-51 2.5453e-30 5.0398e-22 3.5791e-09 ] 0.0000e+00 [ 0.0000e+00 ] 1.0000e+00
 2.437e+01 3.2775e-09 3.2775e-09 [ 2.9877e-51 1.5084e-30 3.5034e-22 3.2775e-09 ] 0.0000e+00 [ 0.0000e+00 ] 1.0000e+00
 2.448e+01 3.0007e-09 3.0007e-09 [ 1.3055e-51 8.9220e-31 2.4316e-22 3.0007e-09 ] 0.0000e+00 [ 0.0000e+00 ] 1.0000e+00
 2.459e+01 2.7467e-09 2.7467e-09 [ 5.6951e-52 5.2671e-31 1.6850e-22 2.7467e-09 ] 0.0000e+00 [ 0.0000e+00 ] 1.0000e+00
 2.471e+01 2.5136e-09 2.5136e-09 [ 2.4806e-52 3.1035e-31 1.1659e-22 2.5136e-09 ] 0.0000e+00 [ 0.0000e+00 ] 1.0000e+00
 2.482e+01 2.2998e-09 2.2998e-09 [ 1.0788e-52 1.8251e-31 8.0542e-23 2.2998e-09 ] 0.0000e+00 [ 0.0000e+00 ] 1.0000e+00
 2.493e+01 2.1037e-09 2.1037e-09 [ 4.6842e-53 1.0713e-31 5.5554e-23 2.1037e-09 ] 0.0000e+00 [ 0.0000e+00 ] 1.0000e+00
 2.505e+01 1.9239e-09 1.9239e-09 [ 2.0308e-53 6.2763e-32 3.8259e-23 1.9239e-09 ] 0.0000e+00 [ 0.0000e+00 ] 1.0000e+00
 2.516e+01 1.7590e-09 1.7590e-09 [ 8.7909e-54 3.6701e-32 2.6307e-23 1.7590e-09 ] 0.0000e+00 [ 0.0000e+00 ] 1.0000e+00
 2.527e+01 1.6079e-09 1.6079e-09 [ 3.7996e-54 2.1420e-32 1.8061e-23 1.6079e-09 ] 0.0000e+00 [ 0.0000e+00 ] 1.0000e+00
 2.539e+01 1.4694e-09 1.4694e-09 [ 1.6398e-54 1.2478e-32 1.2381e-23 1.4694e-09 ] 0.0000e+00 [ 0.0000e+00 ] 1.0000e+00
 2.550e+01 1.3426e-09 1.3426e-09 [ 7.0661e-55 7.2552e-33 8.4738e-24 1.3426e-09 ] 0.0000e+00 [ 0.0000e+00 ] 1.0000e+00
 2.561e+01 1.2264e-09 1.2264e-09 [ 3.0404e-55 4.2105e-33 5.7907e-24 1.2264e-09 ] 0.0000e+00 [ 0.0000e+00 ] 1.0000e+00
 2.573e+01 1.1199e-09 1.1199e-09 [ 1.3063e-55 2.4390e-33 3.9511e-24 1.1199e-09 ] 0.0000e+00 [ 0.0000e+00 ] 1.0000e+00
 2.584e+01 1.0225e-09 1.0225e-09 [ 5.6041e-56 1.4102e-33 2.6917e-24 1.0225e-09 ] 0.0000e+00 [ 0.0000e+00 ] 1.0000e+00
 2.595e+01 9.3327e-10 9.3327e-10 [ 2.4007e-56 8.1381e-34 1.8309e-24 9.3327e-10 ] 0.0000e+00 [ 0.0000e+00 ] 1.0000e+00
 2.607e+01 8.5164e-10 8.5164e-10 [ 1.0269e-56 4.6878e-34 1.2435e-24 8.5164e-10 ] 0.0000e+00 [ 0.0000e+00 ] 1.0000e+00
 2.618e+01 7.7694e-10 7.7694e-10 [ 4.3864e-57 2.6953e-34 8.4325e-25 7.7694e-10 ] 0.0000e+00 [ 0.0000e+00 ] 1.0000e+00
 2.629e+01 7.0862e-10 7.0862e-10 [ 1.8709e-57 1.5468e-34 5.7095e-25 7.0862e-10 ] 0.0000e+00 [ 0.0000e+00 ] 1.0000e+00
 2.641e+01 6.4613e-10 6.4613e-10 [ 7.9686e-58 8.8606e-35 3.8598e-25 6.4613e-10 ] 0.0000e+00 [ 0.0000e+00 ] 1.0000e+00
 2.652e+01 5.8901e-10 5.8901e-10 [ 3.3892e-58 5.0663e-35 2.6054e-25 5.8901e-10 ] 0.0000e+00 [ 0.0000e+00 ] 1.0000e+00
 2.663e+01 5.3679e-10 5.3679e-10 [ 1.4394e-58 2.8915e-35 1.7559e-25 5.3679e-10 ] 0.0000e+00 [ 0.0000e+00 ] 1.0000e+00
 2.675e+01 4.8906e-10 4.8906e-10 [ 6.1050e-59 1.6472e-35 1.1816e-25 4.8906e-10 ] 0.0000e+00 [ 0.0000e+00 ] 1.0000e+00
 2.686e+01 4.4547e-10 4.4547e-10 [ 2.5857e-59 9.3667e-36 7.9392e-26 4.4547e-10 ] 0.0000e+00 [ 0.0000e+00 ] 1.0000e+00
 2.697e+01 4.0564e-10 4.0564e-10 [ 1.0936e-59 5.3165e-36 5.3261e-26 4.0564e-10 ] 0.0000e+00 [ 0.0000e+00 ] 1.0000e+00
 2.709e+01 3.6928e-10 3.6928e-10 [ 4.6190e-60 3.0122e-36 3.5677e-26 3.6928e-10 ] 0.0000e+00 [ 0.0000e+00 ] 1.0000e+00
 2.720e+01 3.3609e-10 3.3609e-10 [ 1.9482e-60 1.7035e-36 2.3861e-26 3.3609e-10 ] 0.0000e+00 [ 0.0000e+00 ] 1.0000e+00
 2.731e+01 3.0579e-10 3.0579e-10 [ 8.2062e-61 9.6163e-37 1.5934e-26 3.0579e-10 ] 0.0000e+00 [ 0.0000e+00 ] 1.0000e+00
 2.743e+01 2.7815e-10 2.7815e-10 [ 3.4519e-61 5.4187e-37 1.0624e-26 2.7815e-10 ] 0.0000e+00 [ 0.0000e+00 ] 1.0000e+00
 2.754e+01 2.5293e-10 2.5293e-10 [ 1.4501e-61 3.0479e-37 7.0730e-27 2.5293e-10 ] 0.0000e+00 [ 0.0000e+00 ] 1.0000e+00
 2.765e+01 2.2994e-10 2.2994e-10 [ 6.0833e-62 1.7112e-37 4.7016e-27 2.2994e-10 ] 0.0000e+00 [ 0.0000e+00 ] 1.0000e+00
 2.777e+01 2.0897e-10 2.0897e-10 [ 2.5486e-62 9.5906e-38 3.1205e-27 2.0897e-10 ] 0.0000e+00 [ 0.0000e+00 ] 1.0000e+00
 2.788e+01 1.8986e-10 1.8986e-10 [ 1.0664e-62 5.3654e-38 2.0679e-27 1.8986e-10 ] 0.0000e+00 [ 0.0000e+00 ] 1.0000e+00
 2.799e+01 1.7245e-10 1.7245e-10 [ 4.4558e-63 2.9962e-38 1.3683e-27 1.7245e-10 ] 0.0000e+00 [ 0.0000e+00 ] 1.0000e+00
 2.811e+01 1.5660e-10 1.5660e-10 [ 1.8594e-63 1.6702e-38 9.0398e-28 1.5660e-10 ] 0.0000e+00 [ 0.0000e+00 ] 1.0000e+00
 2.822e+01 1.4215e-10 1.4215e-10 [ 7.7493e-64 9.2939e-39 5.9631e-28 1.4215e-10 ] 0.0000e+00 [ 0.0000e+00 ] 1.0000e+00
 2.833e+01 1.2901e-10 1.2901e-10 [ 3.2254e-64 5.1623e-39 3.9276e-28 1.2901e-10 ] 0.0000e+00 [ 0.0000e+00 ] 1.0000e+00
 2.845e+01 1.1704e-10 1.1704e-10 [ 1.3407e-64 2.8623e-39 2.5829e-28 1.1704e-10 ] 0.0000e+00 [ 0.0000e+00 ] 1.0000e+00
 2.856e+01 1.0615e-10 1.0615e-10 [ 5.5659e-65 1.5843e-39 1.6960e-28 1.0615e-10 ] 0.0000e+00 [ 0.0000e+00 ] 1.0000e+00
 2.867e+01 9.6246e-11 9.6246e-11 [ 2.3077e-65 8.7530e-40 1.1119e-28 9.6246e-11 ] 0.0000e+00 [ 0.0000e+00 ] 1.0000e+00
 2.879e+01 8.7240e-11 8.7240e-11 [ 9.5558e-66 4.8275e-40 7.2786e-29 8.7240e-11 ] 0.0000e+00 [ 0.0000e+00 ] 1.0000e+00
 2.890e+01 7.9052e-11 7.9052e-11 [ 3.9519e-66 2.6578e-40 4.7573e-29 7.9052e-11 ] 0.0000e+00 [ 0.0000e+00 ] 1.0000e+00
 2.901e+01 7.1611e-11 7.1611e-11 [ 1.6323e-66 1.4606e-40 3.1046e-29 7.1611e-11 ] 0.0000e+00 [ 0.0000e+00 ] 1.0000e+00
 2.913e+01 6.4851e-11 6.4851e-11 [ 6.7333e-67 8.0133e-41 2.0229e-29 6.4851e-11 ] 0.0000e+00 [ 0.0000e+00 ] 1.0000e+00
 2.924e+01 5.8711e-11 5.8711e-11 [ 2.7741e-67 4.3884e-41 1.3161e-29 5.8711e-11 ] 0.0000e+00 [ 0.0000e+00 ] 1.0000e+00
 2.935e+01 5.3136e-11 5.3136e-11 [ 1.1415e-67 2.3991e-41 8.5493e-30 5.3136e-11 ] 0.0000e+00 [ 0.0000e+00 ] 1.0000e+00
 2.947e+01 4.8075e-11 4.8075e-11 [ 4.6911e-68 1.3092e-41 5.5449e-30 4.8075e-11 ] 0.0000e+00 [ 0.0000e+00 ] 1.0000e+00
 2.958e+01 4.3483e-11 4.3483e-11 [ 1.9255e-68 7.1322e-42 3.5908e-30 4.3483e-11 ] 0.0000e+00 [ 0.0000e+00 ] 1.0000e+00
 2.969e+01 3.9317e-11 3.9317e-11 [ 7.8934e-69 3.8786e-42 2.3217e-30 3.9317e-11 ] 0.0000e+00 [ 0.0000e+00 ] 1.0000e+00
 2.981e+01 3.5539e-11 3.5539e-11 [ 3.2319e-69 2.1055e-42 1.4989e-30 3.5539e-11 ] 0.0000e+00 [ 0.0000e+00 ] 1.0000e+00
 2.992e+01 3.2114e-11 3.2114e-11 [ 1.3216e-69 1.1410e-42 9.6614e-31 3.2114e-11 ] 0.0000e+00 [ 0.0000e+00 ] 1.0000e+00
 3.003e+01 2.9010e-11 2.9010e-11 [ 5.3980e-70 6.1726e-43 6.2179e-31 2.9010e-11 ] 0.0000e+00 [ 0.0000e+00 ] 1.0000e+00
 3.015e+01 2.6197e-11 2.6197e-11 [ 2.2020e-70 3.3333e-43 3.9955e-31 2.6197e-11 ] 0.0000e+00 [ 0.0000e+00 ] 1.0000e+00
 3.026e+01 2.3650e-11 2.3650e-11 [ 8.9717e-71 1.7969e-43 2.5634e-31 2.3650e-11 ] 0.0000e+00 [ 0.0000e+00 ] 1.0000e+00
 3.037e+01 2.1343e-11 2.1343e-11 [ 3.6509e-71 9.6701e-44 1.6420e-31 2.1343e-11 ] 0.0000e+00 [ 0.0000e+00 ] 1.0000e+00
 3.049e+01 1.9256e-11 1.9256e-11 [ 1.4839e-71 5.1948e-44 1.0502e-31 1.9256e-11 ] 0.0000e+00 [ 0.0000e+00 ] 1.0000e+00
 3.060e+01 1.7367e-11 1.7367e-11 [ 6.0238e-72 2.7858e-44 6.7063e-32 1.7367e-11 ] 0.0000e+00 [ 0.0000e+00 ] 1.0000e+00
 3.071e+01 1.5658e-11 1.5658e-11 [ 2.4424e-72 1.4914e-44 4.2757e-32 1.5658e-11 ] 0.0000e+00 [ 0.0000e+00 ] 1.0000e+00
 3.083e+01 1.4112e-11 1.4112e-11 [ 9.8907e-73 7.9700e-45 2.7218e-32 1.4112e-11 ] 0.0000e+00 [ 0.0000e+00 ] 1.0000e+00
 3.094e+01 1.2715e-11 1.2715e-11 [ 4.0005e-73 4.2518e-45 1.7299e-32 1.2715e-11 ] 0.0000e+00 [ 0.0000e+00 ] 1.0000e+00
 3.105e+01 1.1453e-11 1.1453e-11 [ 1.6161e-73 2.2643e-45 1.0977e-32 1.1453e-11 ] 0.0000e+00 [ 0.0000e+00 ] 1.0000e+00
 3.117e+01 1.0312e-11 1.0312e-11 [ 6.5211e-74 1.2038e-45 6.9545e-33 1.0312e-11 ] 0.0000e+00 [ 0.0000e+00 ] 1.0000e+00
 3.128e+01 9.2824e-12 9.2824e-12 [ 2.6281e-74 6.3884e-46 4.3991e-33 9.2824e-12 ] 0.0000e+00 [ 0.0000e+00 ] 1.0000e+00
 3.139e+01 8.3525e-12 8.3525e-12 [ 1.0579e-74 3.3844e-46 2.7782e-33 8.3525e-12 ] 0.0000e+00 [ 0.0000e+00 ] 1.0000e+00
 3.151e+01 7.5133e-12 7.5133e-12 [ 4.2531e-75 1.7899e-46 1.7517e-33 7.5133e-12 ] 0.0000e+00 [ 0.0000e+00 ] 1.0000e+00
 3.162e+01 6.7561e-12 6.7561e-12 [ 1.7078e-75 9.4494e-47 1.1028e-33 6.7561e-12 ] 0.0000e+00 [ 0.0000e+00 ] 1.0000e+00
 3.173e+01 6.0732e-12 6.0732e-12 [ 6.8496e-76 4.9800e-47 6.9309e-34 6.0732e-12 ] 0.0000e+00 [ 0.0000e+00 ] 1.0000e+00
 3.185e+01 5.4575e-12 5.4575e-12 [ 2.7439e-76 2.6200e-47 4.3492e-34 5.4575e-12 ] 0.0000e+00 [ 0.0000e+00 ] 1.0000e+00
 3.196e+01 4.9026e-12 4.9026e-12 [ 1.0978e-76 1.3759e-47 2.7247e-34 4.9026e-12 ] 0.0000e+00 [ 0.0000e+00 ] 1.0000e+00
 3.207e+01 4.4026e-12 4.4026e-12 [ 4.3872e-77 7.2135e-48 1.7042e-34 4.4026e-12 ] 0.0000e+00 [ 0.0000e+00 ] 1.0000e+00
 3.219e+01 3.9522e-12 3.9522e-12 [ 1.7511e-77 3.7752e-48 1.0642e-34 3.9522e-12 ] 0.0000e+00 [ 0.0000e+00 ] 1.0000e+00
 3.230e+01 3.5467e-12 3.5467e-12 [ 6.9809e-78 1.9722e-48 6.6344e-35 3.5467e-12 ] 0.0000e+00 [ 0.0000e+00 ] 1.0000e+00
 3.241e+01 3.1817e-12 3.1817e-12 [ 2.7796e-78 1.0285e-48 4.1293e-35 3.1817e-12 ] 0.0000e+00 [ 0.0000e+00 ] 1.0000e+00
 3.253e+01 2.8533e-12 2.8533e-12 [ 1.1054e-78 5.3546e-49 2.5658e-35 2.8533e-12 ] 0.0000e+00 [ 0.0000e+00 ] 1.0000e+00
 3.264e+01 2.5579e-12 2.5579e-12 [ 4.3907e-79 2.7827e-49 1.5917e-35 2.5579e-12 ] 0.0000e+00 [ 0.0000e+00 ] 1.0000e+00
 3.275e+01 2.2923e-12 2.2923e-12 [ 1.7419e-79 1.4435e-49 9.8578e-36 2.2923e-12 ] 0.0000e+00 [ 0.0000e+00 ] 1.0000e+00
 3.287e+01 2.0536e-12 2.0536e-12 [ 6.9019e-80 7.4752e-50 6.0949e-36 2.0536e-12 ] 0.0000e+00 [ 0.0000e+00 ] 1.0000e+00
 3.298e+01 1.8391e-12 1.8391e-12 [ 2.7314e-80 3.8641e-50 3.7621e-36 1.8391e-12 ] 0.0000e+00 [ 0.0000e+00 ] 1.0000e+00
 3.309e+01 1.6464e-12 1.6464e-12 [ 1.0796e-80 1.9939e-50 2.3182e-36 1.6464e-12 ] 0.0000e+00 [ 0.0000e+00 ] 1.0000e+00
 3.321e+01 1.4734e-12 1.4734e-12 [ 4.2620e-81 1.0270e-50 1.4261e-36 1.4734e-12 ] 0.0000e+00 [ 0.0000e+00 ] 1.0000e+00
 3.332e+01 1.3181e-12 1.3181e-12 [ 1.6804e-81 5.2807e-51 8.7576e-37 1.3181e-12 ] 0.0000e+00 [ 0.0000e+00 ] 1.0000e+00
 3.343e+01 1.1787e-12 1.1787e-12 [ 6.6172e-82 2.7103e-51 5.3689e-37 1.1787e-12 ] 0.0000e+00 [ 0.0000e+00 ] 1.0000e+00
 3.355e+01 1.0537e-12 1.0537e-12 [ 2.6025e-82 1.3885e-51 3.2858e-37 1.0537e-12 ] 0.0000e+00 [ 0.0000e+00 ] 1.0000e+00
 3.366e+01 9.4164e-13 9.4164e-13 [ 1.0222e-82 7.1008e-52 2.0074e-37 9.4164e-13 ] 0.0000e+00 [ 0.0000e+00 ] 1.0000e+00
 3.377e+01 8.4117e-13 8.4117e-13 [ 4.0102e-83 3.6247e-52 1.2243e-37 8.4117e-13 ] 0.0000e+00 [ 0.0000e+00 ] 1.0000e+00
 3.389e+01 7.5115e-13 7.5115e-13 [ 1.5712e-83 1.8469e-52 7.4532e-38 7.5115e-13 ] 0.0000e+00 [ 0.0000e+00 ] 1.0000e+00
 3.400e+01 6.7052e-13 6.7052e-13 [ 6.1478e-84 9.3930e-53 4.5294e-38 6.7052e-13 ] 0.0000e+00 [ 0.0000e+00 ] 1.0000e+00
 3.411e+01 5.9832e-13 5.9832e-13 [ 2.4024e-84 4.7684e-53 2.7477e-38 5.9832e-13 ] 0.0000e+00 [ 0.0000e+00 ] 1.0000e+00
 3.423e+01 5.3369e-13 5.3369e-13 [ 9.3760e-85 2.4162e-53 1.6638e-38 5.3369e-13 ] 0.0000e+00 [ 0.0000e+00 ] 1.0000e+00
 3.434e+01 4.7586e-13 4.7586e-13 [ 3.6543e-85 1.2220e-53 1.0057e-38 4.7586e-13 ] 0.0000e+00 [ 0.0000e+00 ] 1.0000e+00
 3.445e+01 4.2414e-13 4.2414e-13 [ 1.4224e-85 6.1690e-54 6.0675e-39 4.2414e-13 ] 0.0000e+00 [ 0.0000e+00 ] 1.0000e+00
 3.457e+01 3.7789e-13 3.7789e-13 [ 5.5289e-86 3.1083e-54 3.6539e-39 3.7789e-13 ] 0.0000e+00 [ 0.0000e+00 ] 1.0000e+00
 3.468e+01 3.3656e-13 3.3656e-13 [ 2.1462e-86 1.5631e-54 2.1963e-39 3.3656e-13 ] 0.0000e+00 [ 0.0000e+00 ] 1.0000e+00
 3.479e+01 2.9962e-13 2.9962e-13 [ 8.3195e-87 7.8457e-55 1.3177e-39 2.9962e-13 ] 0.0000e+00 [ 0.0000e+00 ] 1.0000e+00
 3.491e+01 2.6663e-13 2.6663e-13 [ 3.2205e-87 3.9303e-55 7.8902e-40 2.6663e-13 ] 0.0000e+00 [ 0.0000e+00 ] 1.0000e+00
 3.502e+01 2.3718e-13 2.3718e-13 [ 1.2449e-87 1.9650e-55 4.7155e-40 2.3718e-13 ] 0.0000e+00 [ 0.0000e+00 ] 1.0000e+00
 3.513e+01 2.1088e-13 2.1088e-13 [ 4.8052e-88 9.8048e-56 2.8127e-40 2.1088e-13 ] 0.0000e+00 [ 0.0000e+00 ] 1.0000e+00
 3.525e+01 1.8743e-13 1.8743e-13 [ 1.8521e-88 4.8825e-56 1.6744e-40 1.8743e-13 ] 0.0000e+00 [ 0.0000e+00 ] 1.0000e+00
 3.536e+01 1.6651e-13 1.6651e-13 [ 7.1278e-89 2.4264e-56 9.9475e-41 1.6651e-13 ] 0.0000e+00 [ 0.0000e+00 ] 1.0000e+00
 3.547e+01 1.4785e-13 1.4785e-13 [ 2.7391e-89 1.2034e-56 5.8978e-41 1.4785e-13 ] 0.0000e+00 [ 0.0000e+00 ] 1.0000e+00
 3.559e+01 1.3123e-13 1.3123e-13 [ 1.0509e-89 5.9554e-57 3.4895e-41 1.3123e-13 ] 0.0000e+00 [ 0.0000e+00 ] 1.0000e+00
 3.570e+01 1.1642e-13 1.1642e-13 [ 4.0260e-90 2.9411e-57 2.0602e-41 1.1642e-13 ] 0.0000e+00 [ 0.0000e+00 ] 1.0000e+00
 3.581e+01 1.0322e-13 1.0322e-13 [ 1.5398e-90 1.4494e-57 1.2138e-41 1.0322e-13 ] 0.0000e+00 [ 0.0000e+00 ] 1.0000e+00
 3.593e+01 9.1480e-14 9.1480e-14 [ 5.8795e-91 7.1268e-58 7.1353e-42 9.1480e-14 ] 0.0000e+00 [ 0.0000e+00 ] 1.0000e+00
 3.604e+01 8.1027e-14 8.1027e-14 [ 2.2412e-91 3.4965e-58 4.1853e-42 8.1027e-14 ] 0.0000e+00 [ 0.0000e+00 ] 1.0000e+00
 3.615e+01 7.1727e-14 7.1727e-14 [ 8.5286e-92 1.7116e-58 2.4493e-42 7.1727e-14 ] 0.0000e+00 [ 0.0000e+00 ] 1.0000e+00
 3.627e+01 6.3457e-14 6.3457e-14 [ 3.2397e-92 8.3587e-59 1.4300e-42 6.3457e-14 ] 0.0000e+00 [ 0.0000e+00 ] 1.0000e+00
 3.638e+01 5.6104e-14 5.6104e-14 [ 1.2283e-92 4.0724e-59 8.3294e-43 5.6104e-14 ] 0.0000e+00 [ 0.0000e+00 ] 1.0000e+00
 3.649e+01 4.9569e-14 4.9569e-14 [ 4.6485e-93 1.9793e-59 4.8397e-43 4.9569e-14 ] 0.0000e+00 [ 0.0000e+00 ] 1.0000e+00
 3.661e+01 4.3763e-14 4.3763e-14 [ 1.7557e-93 9.5954e-60 2.8050e-43 4.3763e-14 ] 0.0000e+00 [ 0.0000e+00 ] 1.0000e+00
 3.672e+01 3.8606e-14 3.8606e-14 [ 6.6178e-94 4.6399e-60 1.6215e-43 3.8606e-14 ] 0.0000e+00 [ 0.0000e+00 ] 1.0000e+00
 3.683e+01 3.4028e-14 3.4028e-14 [ 2.4891e-94 2.2376e-60 9.3482e-44 3.4028e-14 ] 0.0000e+00 [ 0.0000e+00 ] 1.0000e+00
 3.695e+01 2.9965e-14 2.9965e-14 [ 9.3416e-95 1.0762e-60 5.3745e-44 2.9965e-14 ] 0.0000e+00 [ 0.0000e+00 ] 1.0000e+00
 3.706e+01 2.6360e-14 2.6360e-14 [ 3.4977e-95 5.1608e-61 3.0810e-44 2.6360e-14 ] 0.0000e+00 [ 0.0000e+00 ] 1.0000e+00
 3.717e+01 2.3162e-14 2.3162e-14 [ 1.3064e-95 2.4676e-61 1.7609e-44 2.3162e-14 ] 0.0000e+00 [ 0.0000e+00 ] 1.0000e+00
 3.729e+01 2.0325e-14 2.0325e-14 [ 4.8672e-96 1.1762e-61 1.0033e-44 2.0325e-14 ] 0.0000e+00 [ 0.0000e+00 ] 1.0000e+00
 3.740e+01 1.7811e-14 1.7811e-14 [ 1.8083e-96 5.5880e-62 5.6976e-45 1.7811e-14 ] 0.0000e+00 [ 0.0000e+00 ] 1.0000e+00
 3.751e+01 1.5582e-14 1.5582e-14 [ 6.6993e-97 2.6458e-62 3.2243e-45 1.5582e-14 ] 0.0000e+00 [ 0.0000e+00 ] 1.0000e+00
 3.763e+01 1.3607e-14 1.3607e-14 [ 2.4742e-97 1.2482e-62 1.8180e-45 1.3607e-14 ] 0.0000e+00 [ 0.0000e+00 ] 1.0000e+00
 3.774e+01 1.1857e-14 1.1857e-14 [ 9.1073e-98 5.8656e-63 1.0211e-45 1.1857e-14 ] 0.0000e+00 [ 0.0000e+00 ] 1.0000e+00
 3.785e+01 1.0306e-14 1.0306e-14 [ 3.3403e-98 2.7451e-63 5.7111e-46 1.0306e-14 ] 0.0000e+00 [ 0.0000e+00 ] 1.0000e+00
 3.797e+01 8.9319e-15 8.9319e-15 [ 1.2204e-98 1.2790e-63 3.1800e-46 8.9319e-15 ] 0.0000e+00 [ 0.0000e+00 ] 1.0000e+00
 3.808e+01 7.7144e-15 7.7144e-15 [ 4.4395e-99 5.9309e-64 1.7621e-46 7.7144e-15 ] 0.0000e+00 [ 0.0000e+00 ] 1.0000e+00
 3.819e+01 6.6355e-15 6.6355e-15 [ 1.6074e-99 2.7357e-64 9.7121e-47 6.6355e-15 ] 0.0000e+00 [ 0.0000e+00 ] 1.0000e+00
 3.831e+01 5.6793e-15 5.6793e-15 [ 5.7895e-100 1.2546e-64 5.3219e-47 5.6793e-15 ] 0.0000e+00 [ 0.0000e+00 ] 1.0000e+00
 3.842e+01 4.8318e-15 4.8318e-15 [ 2.0729e-100 5.7168e-65 2.8974e-47 4.8318e-15 ] 0.0000e+00 [ 0.0000e+00 ] 1.0000e+00
 3.853e+01 4.0804e-15 4.0804e-15 [ 7.3723e-101 2.5861e-65 1.5659e-47 4.0804e-15 ] 0.0000e+00 [ 0.0000e+00 ] 1.0000e+00
 3.865e+01 3.4144e-15 3.4144e-15 [ 2.6016e-101 1.1602e-65 8.3922e-48 3.4144e-15 ] 0.0000e+00 [ 0.0000e+00 ] 1.0000e+00
 3.876e+01 2.8243e-15 2.8243e-15 [ 9.0980e-102 5.1551e-66 4.4545e-48 2.8243e-15 ] 0.0000e+00 [ 0.0000e+00 ] 1.0000e+00
 3.887e+01 2.3018e-15 2.3018e-15 [ 3.1473e-102 2.2647e-66 2.3374e-48 2.3018e-15 ] 0.0000e+00 [ 0.0000e+00 ] 1.0000e+00
 3.899e+01 1.8404e-15 1.8404e-15 [ 1.0745e-102 9.8134e-67 1.2097e-48 1.8404e-15 ] 0.0000e+00 [ 0.0000e+00 ] 1.0000e+00
 3.910e+01 1.4343e-15 1.4343e-15 [ 3.6080e-103 4.1804e-67 6.1527e-49 1.4343e-15 ] 0.0000e+00 [ 0.0000e+00 ] 1.0000e+00
 3.921e+01 1.0795e-15 1.0795e-15 [ 1.1859e-103 1.7420e-67 3.0596e-49 1.0795e-15 ] 0.0000e+00 [ 0.0000e+00 ] 1.0000e+00
 3.933e+01 7.7317e-16 7.7317e-16 [ 3.7865e-104 7.0455e-68 1.4745e-49 7.7317e-16 ] 0.0000e+00 [ 0.0000e+00 ] 1.0000e+00
 3.944e+01 5.1424e-16 5.1424e-16 [ 1.1594e-104 2.7273e-68 6.7756e-50 5.1424e-16 ] 0.0000e+00 [ 0.0000e+00 ] 1.0000e+00
 3.955e+01 3.0333e-16 3.0333e-16 [ 3.3179e-105 9.8114e-69 2.8664e-50 3.0333e-16 ] 0.0000e+00 [ 0.0000e+00 ] 1.0000e+00
 3.967e+01 1.4323e-16 1.4323e-16 [ 8.3025e-106 3.0311e-69 1.0195e-50 1.4323e-16 ] 0.0000e+00 [ 0.0000e+00 ] 1.0000e+00
 3.978e+01 3.9297e-17 3.9297e-17 [ 1.3842e-106 5.9404e-70 2.2084e-51 3.9297e-17 ] 0.0000e+00 [ 0.0000e+00 ] 1.0000e+00
 3.989e+01 0.0000e+00 0.0000e+00 [ 0.0000e+00 0.0000e+00 0.0000e+00 0.0000e+00 ] 0.0000e+00 [ 0.0000e+00 ] 1.0000e+00
