 0.000e+00 0.0000e+00 0.0000e+00 [ 0.0000e+00 0.0000e+00 0.0000e+00 0.0000e+00 ] 0.0000e+00 [ 0.0000e+00 ] 1.0000e+00
 1.133e-01 1.8372e-03 1.8372e-03 [ 1.6616e-03 2.6808e-05 1.4497e-05 1.3431e-04 ] 0.0000e+00 [ 0.0000e+00 ] 9.9816e-01
 2.267e-01 3.7026e-03 3.7026e-03 [ 3.0026e-03 1.0652e-04 5.7976e-05 5.3558e-04 ] 0.0000e+00 [ 0.0000e+00 ] 9.9630e-01
 3.400e-01 5.6526e-03 5.6526e-03 [ 4.0800e-03 2.3694e-04 1.3036e-04 1.2053e-03 ] 0.0000e+00 [ 0.0000e+00 ] 9.9435e-01
 4.533e-01 7.7442e-03 7.7442e-03 [ 4.9488e-03 4.1451e-04 2.3148e-04 2.1494e-03 ] 0.0000e+00 [ 0.0000e+00 ] 9.9226e-01
 5.667e-01 1.0020e-02 1.0020e-02 [ 5.6473e-03 6.3446e-04 3.6102e-04 3.3774e-03 ] 0.0000e+00 [ 0.0000e+00 ] 9.8998e-01
 6.800e-01 1.2516e-02 1.2516e-02 [ 6.2043e-03 8.9113e-04 5.1853e-04 4.9017e-03 ] 0.0000e+00 [ 0.0000e+00 ] 9.8748e-01
 7.933e-01 1.5260e-02 1.5260e-02 [ 6.6415e-03 1.1784e-03 7.0342e-04 6.7364e-03 ] 0.0000e+00 [ 0.0000e+00 ] 9.8474e-01
 9.067e-01 1.8276e-02 1.8276e-02 [ 6.9754e-03 1.4900e-03 9.1497e-04 8.8961e-03 ] 0.0000e+00 [ 0.0000e+00 ] 9.8172e-01
 1.020e+00 2.1586e-02 2.1586e-02 [ 7.2187e-03 1.8198e-03 1.1523e-03 1.1395e-02 ] 0.0000e+00 [ 0.0000e+00 ] 9.7841e-01
 1.133e+00 2.5202e-02 2.5202e-02 [ 7.3814e-03 2.1622e-03 1.4144e-03 1.4244e-02 ] 0.0000e+00 [ 0.0000e+00 ] 9.7480e-01
 1.247e+00 2.9135e-02 2.9135e-02 [ 7.4714e-03 2.5121e-03 1.6999e-03 1.7451e-02 ] 0.0000e+00 [ 0.0000e+00 ] 9.7087e-01
 1.360e+00 3.3385e-02 3.3385e-02 [ 7.4955e-03 2.8650e-03 2.0074e-03 2.1017e-02 ] 0.0000e+00 [ 0.0000e+00 ] 9.6662e-01
 1.473e+00 3.7944e-02 3.7944e-02 [ 7.4593e-03 3.2170e-03 2.3349e-03 2.4933e-02 ] 0.0000e+00 [ 0.0000e+00 ] 9.6206e-01
 1.587e+00 4.2794e-02 4.2794e-02 [ 7.3679e-03 3.5646e-03 2.6801e-03 2.9181e-02 ] 0.0000e+00 [ 0.0000e+00 ] 9.5721e-01
 1.700e+00 4.7899e-02 4.7899e-02 [ 7.2259e-03 3.9047e-03 3.0402e-03 3.3728e-02 ] 0.0000e+00 [ 0.0000e+00 ] 9.5210e-01
 1.813e+00 5.3210e-02 5.3210e-02 [ 7.0376e-03 4.2342e-03 3.4116e-03 3.8527e-02 ] 0.0000e+00 [ 0.0000e+00 ] 9.4679e-01
 1.927e+00 5.8659e-02 5.8659e-02 [ 6.8072e-03 4.5500e-03 3.7901e-03 4.3512e-02 ] 0.0000e+00 [ 0.0000e+00 ] 9.4134e-01
 2.040e+00 6.4160e-02 6.4160e-02 [ 6.5391e-03 4.8488e-03 4.1707e-03 4.8602e-02 ] 0.0000e+00 [ 0.0000e+00 ] 9.3584e-01
 2.153e+00 6.9610e-02 6.9610e-02 [ 6.2376e-03 5.1270e-03 4.5477e-03 5.3698e-02 ] 0.0000e+00 [ 0.0000e+00 ] 9.3039e-01
 2.267e+00 7.4891e-02 7.4891e-02 [ 5.9073e-03 5.3808e-03 4.9147e-03 5.8689e-02 ] 0.0000e+00 [ 0.0000e+00 ] 9.2511e-01
 2.380e+00 7.9874e-02 7.9874e-02 [ 5.5531e-03 5.6062e-03 5.2648e-03 6.3450e-02 ] 0.0000e+00 [ 0.0000e+00 ] 9.2013e-01
 2.493e+00 8.4423e-02 8.4423e-02 [ 5.1804e-03 5.7993e-03 5.5907e-03 6.7852e-02 ] 0.0000e+00 [ 0.0000e+00 ] 9.1558e-01
 2.607e+00 8.8405e-02 8.8405e-02 [ 4.7947e-03 5.9560e-03 5.8854e-03 7.1769e-02 ] 0.0000e+00 [ 0.0000e+00 ] 9.1160e-01
 2.720e+00 9.1696e-02 9.1696e-02 [ 4.4020e-03 6.0729e-03 6.1419e-03 7.5079e-02 ] 0.0000e+00 [ 0.0000e+00 ] 9.0830e-01
 2.833e+00 9.4190e-02 9.4190e-02 [ 4.0081e-03 6.1474e-03 6.3542e-03 7.7680e-02 ] 0.0000e+00 [ 0.0000e+00 ] 9.0581e-01
 2.947e+00 9.5803e-02 9.5803e-02 [ 3.6189e-03 6.1774e-03 6.5171e-03 7.9489e-02 ] 0.0000e+00 [ 0.0000e+00 ] 9.0420e-01
 3.060e+00 9.6483e-02 9.6483e-02 [ 3.2399e-03 6.1624e-03 6.6270e-03 8.0454e-02 ] 0.0000e+00 [ 0.0000e+00 ] 9.0352e-01
 3.173e+00 9.6212e-02 9.6212e-02 [ 2.8763e-03 6.1026e-03 6.6818e-03 8.0551e-02 ] 0.0000e+00 [ 0.0000e+00 ] 9.0379e-01
 3.287e+00 9.5006e-02 9.5006e-02 [ 2.5322e-03 6.0000e-03 6.6810e-03 7.9793e-02 ] 0.0000e+00 [ 0.0000e+00 ] 9.0499e-01
 3.400e+00 9.2916e-02 9.2916e-02 [ 2.2112e-03 5.8574e-03 6.6262e-03 7.8221e-02 ] 0.0000e+00 [ 0.0000e+00 ] 9.0708e-01
 3.513e+00 9.0022e-02 9.0022e-02 [ 1.9156e-03 5.6789e-03 6.5202e-03 7.5907e-02 ] 0.0000e+00 [ 0.0000e+00 ] 9.0998e-01
 3.627e+00 8.6429e-02 8.6429e-02 [ 1.6470e-03 5.4693e-03 6.3674e-03 7.2945e-02 ] 0.0000e+00 [ 0.0000e+00 ] 9.1357e-01
 3.740e+00 8.2258e-02 8.2258e-02 [ 1.4059e-03 5.2341e-03 6.1735e-03 6.9445e-02 ] 0.0000e+00 [ 0.0000e+00 ] 9.1774e-01
 3.853e+00 7.7641e-02 7.7641e-02 [ 1.1919e-03 4.9790e-03 5.9446e-03 6.5526e-02 ] 0.0000e+00 [ 0.0000e+00 ] 9.2236e-01
 3.967e+00 7.2710e-02 7.2710e-02 [ 1.0040e-03 4.7095e-03 5.6876e-03 6.1309e-02 ] 0.0000e+00 [ 0.0000e+00 ] 9.2729e-01
 4.080e+00 6.7594e-02 6.7594e-02 [ 8.4079e-04 4.4313e-03 5.4091e-03 5.6913e-02 ] 0.0000e+00 [ 0.0000e+00 ] 9.3241e-01
 4.193e+00 6.2409e-02 6.2409e-02 [ 7.0020e-04 4.1491e-03 5.1160e-03 5.2444e-02 ] 0.0000e+00 [ 0.0000e+00 ] 9.3759e-01
 4.307e+00 5.7260e-02 5.7260e-02 [ 5.8013e-04 3.8676e-03 4.8141e-03 4.7999e-02 ] 0.0000e+00 [ 0.0000e+00 ] 9.4274e-01
 4.420e+00 5.2234e-02 5.2234e-02 [ 4.7836e-04 3.5902e-03 4.5090e-03 4.3657e-02 ] 0.0000e+00 [ 0.0000e+00 ] 9.4777e-01
 4.533e+00 4.7400e-02 4.7400e-02 [ 3.9267e-04 3.3202e-03 4.2055e-03 3.9482e-02 ] 0.0000e+00 [ 0.0000e+00 ] 9.5260e-01
 4.647e+00 4.2810e-02 4.2810e-02 [ 3.2096e-04 3.0597e-03 3.9074e-03 3.5522e-02 ] 0.0000e+00 [ 0.0000e+00 ] 9.5719e-01
 4.760e+00 3.8502e-02 3.8502e-02 [ 2.6128e-04 2.8106e-03 3.6178e-03 3.1812e-02 ] 0.0000e+00 [ 0.0000e+00 ] 9.6150e-01
 4.873e+00 3.4497e-02 3.4497e-02 [ 2.1185e-04 2.5740e-03 3.3392e-03 2.8371e-02 ] 0.0000e+00 [ 0.0000e+00 ] 9.6550e-01
 4.987e+00 3.0805e-02 3.0805e-02 [ 1.7110e-04 2.3506e-03 3.0733e-03 2.5210e-02 ] 0.0000e+00 [ 0.0000e+00 ] 9.6919e-01
 5.100e+00 2.7429e-02 2.7429e-02 [ 1.3764e-04 2.1408e-03 2.8212e-03 2.2329e-02 ] 0.0000e+00 [ 0.0000e+00 ] 9.7257e-01
 5.213e+00 2.4360e-02 2.4360e-02 [ 1.1028e-04 1.9444e-03 2.5835e-03 1.9722e-02 ] 0.0000e+00 [ 0.0000e+00 ] 9.7564e-01
 5.327e+00 2.1587e-02 2.1587e-02 [ 8.8003e-05 1.7615e-03 2.3606e-03 1.7377e-02 ] 0.0000e+00 [ 0.0000e+00 ] 9.7841e-01
 5.440e+00 1.9092e-02 1.9092e-02 [ 6.9926e-05 1.5915e-03 2.1523e-03 1.5279e-02 ] 0.0000e+00 [ 0.0000e+00 ] 9.8091e-01
 5.553e+00 1.6858e-02 1.6858e-02 [ 5.5319e-05 1.4341e-03 1.9584e-03 1.3411e-02 ] 0.0000e+00 [ 0.0000e+00 ] 9.8314e-01
 5.667e+00 1.4865e-02 1.4865e-02 [ 4.3563e-05 1.2887e-03 1.7785e-03 1.1754e-02 ] 0.0000e+00 [ 0.0000e+00 ] 9.8514e-01
 5.780e+00 1.3091e-02 1.3091e-02 [ 3.4141e-05 1.1547e-03 1.6119e-03 1.0290e-02 ] 0.0000e+00 [ 0.0000e+00 ] 9.8691e-01
 5.893e+00 1.1517e-02 1.1517e-02 [ 2.6625e-05 1.0316e-03 1.4580e-03 9.0008e-03 ] 0.0000e+00 [ 0.0000e+00 ] 9.8848e-01
 6.007e+00 1.0123e-02 1.0123e-02 [ 2.0656e-05 9.1877e-04 1.3162e-03 7.8675e-03 ] 0.0000e+00 [ 0.0000e+00 ] 9.8988e-01
 6.120e+00 8.8912e-03 8.8912e-03 [ 1.5939e-05 8.1561e-04 1.1858e-03 6.8738e-03 ] 0.0000e+00 [ 0.0000e+00 ] 9.9111e-01
 6.233e+00 7.8039e-03 7.8039e-03 [ 1.2231e-05 7.2157e-04 1.0661e-03 6.0040e-03 ] 0.0000e+00 [ 0.0000e+00 ] 9.9220e-01
 6.347e+00 6.8456e-03 6.8456e-03 [ 9.3313e-06 6.3612e-04 9.5632e-04 5.2438e-03 ] 0.0000e+00 [ 0.0000e+00 ] 9.9315e-01
 6.460e+00 6.0019e-03 6.0019e-03 [ 7.0770e-06 5.5871e-04 8.5596e-04 4.5801e-03 ] 0.0000e+00 [ 0.0000e+00 ] 9.9400e-01
 6.573e+00 5.2598e-03 5.2598e-03 [ 5.3345e-06 4.8884e-04 7.6434e-04 4.0013e-03 ] 0.0000e+00 [ 0.0000e+00 ] 9.9474e-01
 6.687e+00 4.6076e-03 4.6076e-03 [ 3.9960e-06 4.2600e-04 6.8086e-04 3.4968e-03 ] 0.0000e+00 [ 0.0000e+00 ] 9.9539e-01
 6.800e+00 4.0349e-03 4.0349e-03 [ 2.9742e-06 3.6971e-04 6.0498e-04 3.0572e-03 ] 0.0000e+00 [ 0.0000e+00 ] 9.9597e-01
 6.913e+00 3.5322e-03 3.5322e-03 [ 2.1992e-06 3.1949e-04 5.3615e-04 2.6744e-03 ] 0.0000e+00 [ 0.0000e+00 ] 9.9647e-01
 7.027e+00 3.0914e-03 3.0914e-03 [ 1.6154e-06 2.7490e-04 4.7387e-04 2.3410e-03 ] 0.0000e+00 [ 0.0000e+00 ] 9.9691e-01
 7.140e+00 2.7049e-03 2.7049e-03 [ 1.1786e-06 2.3547e-04 4.1766e-04 2.0506e-03 ] 0.0000e+00 [ 0.0000e+00 ] 9.9730e-01
 7.253e+00 2.3663e-03 2.3663e-03 [ 8.5400e-07 2.0077e-04 3.6706e-04 1.7976e-03 ] 0.0000e+00 [ 0.0000e+00 ] 9.9763e-01
 7.367e+00 2.0698e-03 2.0698e-03 [ 6.1455e-07 1.7040e-04 3.2165e-04 1.5771e-03 ] 0.0000e+00 [ 0.0000e+00 ] 9.9793e-01
 7.480e+00 1.8103e-03 1.8103e-03 [ 4.3915e-07 1.4393e-04 2.8101e-04 1.3849e-03 ] 0.0000e+00 [ 0.0000e+00 ] 9.9819e-01
 7.593e+00 1.5833e-03 1.5833e-03 [ 3.1161e-07 1.2100e-04 2.4475e-04 1.2172e-03 ] 0.0000e+00 [ 0.0000e+00 ] 9.9842e-01
 7.707e+00 1.3848e-03 1.3848e-03 [ 2.1955e-07 1.0123e-04 2.1251e-04 1.0709e-03 ] 0.0000e+00 [ 0.0000e+00 ] 9.9862e-01
 7.820e+00 1.2114e-03 1.2114e-03 [ 1.5359e-07 8.4272e-05 1.8393e-04 9.4304e-04 ] 0.0000e+00 [ 0.0000e+00 ] 9.9879e-01
 7.933e+00 1.0599e-03 1.0599e-03 [ 1.0668e-07 6.9815e-05 1.5868e-04 8.3128e-04 ] 0.0000e+00 [ 0.0000e+00 ] 9.9894e-01
 8.047e+00 9.2760e-04 9.2760e-04 [ 7.3572e-08 5.7553e-05 1.3646e-04 7.3351e-04 ] 0.0000e+00 [ 0.0000e+00 ] 9.9907e-01
 8.160e+00 8.1213e-04 8.1213e-04 [ 5.0375e-08 4.7211e-05 1.1697e-04 6.4790e-04 ] 0.0000e+00 [ 0.0000e+00 ] 9.9919e-01
 8.273e+00 7.1137e-04 7.1137e-04 [ 3.4246e-08 3.8536e-05 9.9932e-05 5.7286e-04 ] 0.0000e+00 [ 0.0000e+00 ] 9.9929e-01
 8.387e+00 6.2346e-04 6.2346e-04 [ 2.3115e-08 3.1300e-05 8.5098e-05 5.0704e-04 ] 0.0000e+00 [ 0.0000e+00 ] 9.9938e-01
 8.500e+00 5.4678e-04 5.4678e-04 [ 1.5491e-08 2.5298e-05 7.2227e-05 4.4924e-04 ] 0.0000e+00 [ 0.0000e+00 ] 9.9945e-01
 8.613e+00 4.7989e-04 4.7989e-04 [ 1.0308e-08 2.0347e-05 6.1102e-05 3.9843e-04 ] 0.0000e+00 [ 0.0000e+00 ] 9.9952e-01
 8.727e+00 4.2154e-04 4.2154e-04 [ 6.8108e-09 1.6285e-05 5.1520e-05 3.5372e-04 ] 0.0000e+00 [ 0.0000e+00 ] 9.9958e-01
 8.840e+00 3.7063e-04 3.7063e-04 [ 4.4684e-09 1.2971e-05 4.3300e-05 3.1435e-04 ] 0.0000e+00 [ 0.0000e+00 ] 9.9963e-01
 8.953e+00 3.2619e-04 3.2619e-04 [ 2.9110e-09 1.0282e-05 3.6273e-05 2.7964e-04 ] 0.0000e+00 [ 0.0000e+00 ] 9.9967e-01
 9.067e+00 2.8740e-04 2.8740e-04 [ 1.8833e-09 8.1113e-06 3.0288e-05 2.4900e-04 ] 0.0000e+00 [ 0.0000e+00 ] 9.9971e-01
 9.180e+00 2.5351e-04 2.5351e-04 [ 1.2099e-09 6.3687e-06 2.5210e-05 2.2193e-04 ] 0.0000e+00 [ 0.0000e+00 ] 9.9975e-01
 9.293e+00 2.2389e-04 2.2389e-04 [ 7.7200e-10 4.9771e-06 2.0917e-05 1.9800e-04 ] 0.0000e+00 [ 0.0000e+00 ] 9.9978e-01
 9.407e+00 1.9798e-04 1.9798e-04 [ 4.8922e-10 3.8715e-06 1.7301e-05 1.7681e-04 ] 0.0000e+00 [ 0.0000e+00 ] 9.9980e-01
 9.520e+00 1.7529e-04 1.7529e-04 [ 3.0793e-10 2.9977e-06 1.4265e-05 1.5803e-04 ] 0.0000e+00 [ 0.0000e+00 ] 9.9982e-01
 9.633e+00 1.5541e-04 1.5541e-04 [ 1.9251e-10 2.3106e-06 1.1726e-05 1.4137e-04 ] 0.0000e+00 [ 0.0000e+00 ] 9.9984e-01
 9.747e+00 1.3797e-04 1.3797e-04 [ 1.1956e-10 1.7730e-06 9.6098e-06 1.2658e-04 ] 0.0000e+00 [ 0.0000e+00 ] 9.9986e-01
 9.860e+00 1.2264e-04 1.2264e-04 [ 7.3761e-11 1.3545e-06 7.8521e-06 1.1344e-04 ] 0.0000e+00 [ 0.0000e+00 ] 9.9988e-01
 9.973e+00 1.0917e-04 1.0917e-04 [ 4.5209e-11 1.0302e-06 6.3970e-06 1.0174e-04 ] 0.0000e+00 [ 0.0000e+00 ] 9.9989e-01
 1.009e+01 9.7305e-05 9.7305e-05 [ 2.7530e-11 7.8023e-07 5.1965e-06 9.1328e-05 ] 0.0000e+00 [ 0.0000e+00 ] 9.9990e-01
 1.020e+01 8.6843e-05 8.6843e-05 [ 1.6657e-11 5.8837e-07 4.2093e-06 8.2045e-05 ] 0.0000e+00 [ 0.0000e+00 ] 9.9991e-01
 1.031e+01 7.7604e-05 7.7604e-05 [ 1.0015e-11 4.4183e-07 3.4000e-06 7.3762e-05 ] 0.0000e+00 [ 0.0000e+00 ] 9.9992e-01
 1.043e+01 6.9434e-05 6.9434e-05 [ 5.9831e-12 3.3040e-07 2.7389e-06 6.6365e-05 ] 0.0000e+00 [ 0.0000e+00 ] 9.9993e-01
 1.054e+01 6.2200e-05 6.2200e-05 [ 3.5524e-12 2.4607e-07 2.2003e-06 5.9753e-05 ] 0.0000e+00 [ 0.0000e+00 ] 9.9994e-01
 1.065e+01 5.5784e-05 5.5784e-05 [ 2.0963e-12 1.8252e-07 1.7629e-06 5.3838e-05 ] 0.0000e+00 [ 0.0000e+00 ] 9.9994e-01
 1.077e+01 5.0085e-05 5.0085e-05 [ 1.2295e-12 1.3485e-07 1.4088e-06 4.8542e-05 ] 0.0000e+00 [ 0.0000e+00 ] 9.9995e-01
 1.088e+01 4.5017e-05 4.5017e-05 [ 7.1679e-13 9.9232e-08 1.1230e-06 4.3795e-05 ] 0.0000e+00 [ 0.0000e+00 ] 9.9995e-01
 1.099e+01 4.0503e-05 4.0503e-05 [ 4.1541e-13 7.2741e-08 8.9287e-07 3.9537e-05 ] 0.0000e+00 [ 0.0000e+00 ] 9.9996e-01
 1.111e+01 3.6477e-05 3.6477e-05 [ 2.3933e-13 5.3119e-08 7.0818e-07 3.5715e-05 ] 0.0000e+00 [ 0.0000e+00 ] 9.9996e-01
 1.122e+01 3.2881e-05 3.2881e-05 [ 1.3709e-13 3.8643e-08 5.6034e-07 3.2282e-05 ] 0.0000e+00 [ 0.0000e+00 ] 9.9997e-01
 1.133e+01 2.9665e-05 2.9665e-05 [ 7.8078e-14 2.8008e-08 4.4232e-07 2.9195e-05 ] 0.0000e+00 [ 0.0000e+00 ] 9.9997e-01
 1.145e+01 2.6786e-05 2.6786e-05 [ 4.4217e-14 2.0226e-08 3.4835e-07 2.6417e-05 ] 0.0000e+00 [ 0.0000e+00 ] 9.9997e-01
 1.156e+01 2.4205e-05 2.4205e-05 [ 2.4901e-14 1.4553e-08 2.7372e-07 2.3916e-05 ] 0.0000e+00 [ 0.0000e+00 ] 9.9998e-01
 1.167e+01 2.1888e-05 2.1888e-05 [ 1.3946e-14 1.0434e-08 2.1460e-07 2.1663e-05 ] 0.0000e+00 [ 0.0000e+00 ] 9.9998e-01
 1.179e+01 1.9807e-05 1.9807e-05 [ 7.7679e-15 7.4548e-09 1.6789e-07 1.9631e-05 ] 0.0000e+00 [ 0.0000e+00 ] 9.9998e-01
 1.190e+01 1.7934e-05 1.7934e-05 [ 4.3036e-15 5.3078e-09 1.3107e-07 1.7798e-05 ] 0.0000e+00 [ 0.0000e+00 ] 9.9998e-01
 1.201e+01 1.6249e-05 1.6249e-05 [ 2.3716e-15 3.7662e-09 1.0211e-07 1.6143e-05 ] 0.0000e+00 [ 0.0000e+00 ] 9.9998e-01
 1.213e+01 1.4730e-05 1.4730e-05 [ 1.3002e-15 2.6634e-09 7.9392e-08 1.4648e-05 ] 0.0000e+00 [ 0.0000e+00 ] 9.9999e-01
 1.224e+01 1.3360e-05 1.3360e-05 [ 7.0908e-16 1.8773e-09 6.1606e-08 1.3297e-05 ] 0.0000e+00 [ 0.0000e+00 ] 9.9999e-01
 1.235e+01 1.2124e-05 1.2124e-05 [ 3.8476e-16 1.3189e-09 4.7713e-08 1.2075e-05 ] 0.0000e+00 [ 0.0000e+00 ] 9.9999e-01
 1.247e+01 1.1007e-05 1.1007e-05 [ 2.0773e-16 9.2366e-10 3.6884e-08 1.0969e-05 ] 0.0000e+00 [ 0.0000e+00 ] 9.9999e-01
 1.258e+01 9.9971e-06 9.9971e-06 [ 1.1160e-16 6.4480e-10 2.8462e-08 9.9680e-06 ] 0.0000e+00 [ 0.0000e+00 ] 9.9999e-01
 1.269e+01 9.0837e-06 9.0837e-06 [ 5.9661e-17 4.4874e-10 2.1924e-08 9.0613e-06 ] 0.0000e+00 [ 0.0000e+00 ] 9.9999e-01
 1.281e+01 8.2569e-06 8.2569e-06 [ 3.1742e-17 3.1134e-10 1.6859e-08 8.2397e-06 ] 0.0000e+00 [ 0.0000e+00 ] 9.9999e-01
 1.292e+01 7.5080e-06 7.5080e-06 [ 1.6809e-17 2.1536e-10 1.2943e-08 7.4948e-06 ] 0.0000e+00 [ 0.0000e+00 ] 9.9999e-01
 1.303e+01 6.8294e-06 6.8294e-06 [ 8.8593e-18 1.4853e-10 9.9207e-09 6.8193e-06 ] 0.0000e+00 [ 0.0000e+00 ] 9.9999e-01
 1.315e+01 6.2141e-06 6.2141e-06 [ 4.6481e-18 1.0215e-10 7.5926e-09 6.2064e-06 ] 0.0000e+00 [ 0.0000e+00 ] 9.9999e-01
 1.326e+01 5.6559e-06 5.6559e-06 [ 2.4276e-18 7.0045e-11 5.8023e-09 5.6500e-06 ] 0.0000e+00 [ 0.0000e+00 ] 9.9999e-01
 1.337e+01 5.1494e-06 5.1494e-06 [ 1.2623e-18 4.7899e-11 4.4280e-09 5.1449e-06 ] 0.0000e+00 [ 0.0000e+00 ] 9.9999e-01
 1.349e+01 4.6895e-06 4.6895e-06 [ 6.5350e-19 3.2665e-11 3.3747e-09 4.6861e-06 ] 0.0000e+00 [ 0.0000e+00 ] 1.0000e+00
 1.360e+01 4.2718e-06 4.2718e-06 [ 3.3687e-19 2.2217e-11 2.5686e-09 4.2692e-06 ] 0.0000e+00 [ 0.0000e+00 ] 1.0000e+00
 1.371e+01 3.8923e-06 3.8923e-06 [ 1.7292e-19 1.5071e-11 1.9528e-09 3.8903e-06 ] 0.0000e+00 [ 0.0000e+00 ] 1.0000e+00
 1.383e+01 3.5473e-06 3.5473e-06 [ 8.8393e-20 1.0198e-11 1.4830e-09 3.5459e-06 ] 0.0000e+00 [ 0.0000e+00 ] 1.0000e+00
 1.394e+01 3.2337e-06 3.2337e-06 [ 4.5002e-20 6.8830e-12 1.1250e-09 3.2326e-06 ] 0.0000e+00 [ 0.0000e+00 ] 1.0000e+00
 1.405e+01 2.9485e-06 2.9485e-06 [ 2.2819e-20 4.6344e-12 8.5261e-10 2.9476e-06 ] 0.0000e+00 [ 0.0000e+00 ] 1.0000e+00
 1.417e+01 2.6890e-06 2.6890e-06 [ 1.1526e-20 3.1131e-12 6.4560e-10 2.6883e-06 ] 0.0000e+00 [ 0.0000e+00 ] 1.0000e+00
 1.428e+01 2.4528e-06 2.4528e-06 [ 5.7994e-21 2.0864e-12 4.8847e-10 2.4523e-06 ] 0.0000e+00 [ 0.0000e+00 ] 1.0000e+00
 1.439e+01 2.2379e-06 2.2379e-06 [ 2.9071e-21 1.3952e-12 3.6931e-10 2.2375e-06 ] 0.0000e+00 [ 0.0000e+00 ] 1.0000e+00
 1.451e+01 2.0422e-06 2.0422e-06 [ 1.4519e-21 9.3096e-13 2.7904e-10 2.0419e-06 ] 0.0000e+00 [ 0.0000e+00 ] 1.0000e+00
 1.462e+01 1.8639e-06 1.8639e-06 [ 7.2251e-22 6.1993e-13 2.1073e-10 1.8637e-06 ] 0.0000e+00 [ 0.0000e+00 ] 1.0000e+00
 1.473e+01 1.7016e-06 1.7016e-06 [ 3.5829e-22 4.1200e-13 1.5906e-10 1.7014e-06 ] 0.0000e+00 [ 0.0000e+00 ] 1.0000e+00
 1.485e+01 1.5536e-06 1.5536e-06 [ 1.7707e-22 2.7328e-13 1.2002e-10 1.5535e-06 ] 0.0000e+00 [ 0.0000e+00 ] 1.0000e+00
 1.496e+01 1.4188e-06 1.4188e-06 [ 8.7216e-23 1.8094e-13 9.0537e-11 1.4187e-06 ] 0.0000e+00 [ 0.0000e+00 ] 1.0000e+00
 1.507e+01 1.2960e-06 1.2960e-06 [ 4.2820e-23 1.1960e-13 6.8282e-11 1.2959e-06 ] 0.0000e+00 [ 0.0000e+00 ] 1.0000e+00
 1.519e+01 1.1840e-06 1.1840e-06 [ 2.0956e-23 7.8921e-14 5.1491e-11 1.1839e-06 ] 0.0000e+00 [ 0.0000e+00 ] 1.0000e+00
 1.530e+01 1.0818e-06 1.0818e-06 [ 1.0225e-23 5.1997e-14 3.8828e-11 1.0818e-06 ] 0.0000e+00 [ 0.0000e+00 ] 1.0000e+00
 1.541e+01 9.8865e-07 9.8865e-07 [ 4.9742e-24 3.4209e-14 2.9280e-11 9.8862e-07 ] 0.0000e+00 [ 0.0000e+00 ] 1.0000e+00
 1.553e+01 9.0368e-07 9.0368e-07 [ 2.4129e-24 2.2475e-14 2.2083e-11 9.0365e-07 ] 0.0000e+00 [ 0.0000e+00 ] 1.0000e+00
 1.564e+01 8.2615e-07 8.2615e-07 [ 1.1672e-24 1.4747e-14 1.6657e-11 8.2613e-07 ] 0.0000e+00 [ 0.0000e+00 ] 1.0000e+00
 1.575e+01 7.5540e-07 7.5540e-07 [ 5.6313e-25 9.6651e-15 1.2567e-11 7.5539e-07 ] 0.0000e+00 [ 0.0000e+00 ] 1.0000e+00
 1.587e+01 6.9083e-07 6.9083e-07 [ 2.7099e-25 6.3275e-15 9.4841e-12 6.9082e-07 ] 0.0000e+00 [ 0.0000e+00 ] 1.0000e+00
 1.598e+01 6.3188e-07 6.3188e-07 [ 1.3009e-25 4.1383e-15 7.1595e-12 6.3188e-07 ] 0.0000e+00 [ 0.0000e+00 ] 1.0000e+00
 1.609e+01 5.7807e-07 5.7807e-07 [ 6.2303e-26 2.7041e-15 5.4066e-12 5.7806e-07 ] 0.0000e+00 [ 0.0000e+00 ] 1.0000e+00
 1.621e+01 5.2892e-07 5.2892e-07 [ 2.9772e-26 1.7655e-15 4.0843e-12 5.2892e-07 ] 0.0000e+00 [ 0.0000e+00 ] 1.0000e+00
 1.632e+01 4.8404e-07 4.8404e-07 [ 1.4197e-26 1.1518e-15 3.0865e-12 4.8404e-07 ] 0.0000e+00 [ 0.0000e+00 ] 1.0000e+00
 1.643e+01 4.4304e-07 4.4304e-07 [ 6.7560e-27 7.5094e-16 2.3334e-12 4.4303e-07 ] 0.0000e+00 [ 0.0000e+00 ] 1.0000e+00
 1.655e+01 4.0558e-07 4.0558e-07 [ 3.2090e-27 4.8931e-16 1.7646e-12 4.0558e-07 ] 0.0000e+00 [ 0.0000e+00 ] 1.0000e+00
 1.666e+01 3.7135e-07 3.7135e-07 [ 1.5215e-27 3.1866e-16 1.3349e-12 3.7134e-07 ] 0.0000e+00 [ 0.0000e+00 ] 1.0000e+00
 1.677e+01 3.4006e-07 3.4006e-07 [ 7.2022e-28 2.0743e-16 1.0102e-12 3.4006e-07 ] 0.0000e+00 [ 0.0000e+00 ] 1.0000e+00
 1.689e+01 3.1146e-07 3.1146e-07 [ 3.4039e-28 1.3497e-16 7.6468e-13 3.1146e-07 ] 0.0000e+00 [ 0.0000e+00 ] 1.0000e+00
 1.700e+01 2.8531e-07 2.8531e-07 [ 1.6064e-28 8.7787e-17 5.7895e-13 2.8531e-07 ] 0.0000e+00 [ 0.0000e+00 ] 1.0000e+00
 1.711e+01 2.6140e-07 2.6140e-07 [ 7.5712e-29 5.7080e-17 4.3841e-13 2.6140e-07 ] 0.0000e+00 [ 0.0000e+00 ] 1.0000e+00
 1.723e+01 2.3954e-07 2.3954e-07 [ 3.5640e-29 3.7102e-17 3.3203e-13 2.3954e-07 ] 0.0000e+00 [ 0.0000e+00 ] 1.0000e+00
 1.734e+01 2.1953e-07 2.1953e-07 [ 1.6758e-29 2.4108e-17 2.5147e-13 2.1953e-07 ] 0.0000e+00 [ 0.0000e+00 ] 1.0000e+00
 1.745e+01 2.0123e-07 2.0123e-07 [ 7.8711e-30 1.5661e-17 1.9045e-13 2.0123e-07 ] 0.0000e+00 [ 0.0000e+00 ] 1.0000e+00
 1.757e+01 1.8449e-07 1.8449e-07 [ 3.6936e-30 1.0170e-17 1.4423e-13 1.8448e-07 ] 0.0000e+00 [ 0.0000e+00 ] 1.0000e+00
 1.768e+01 1.6916e-07 1.6916e-07 [ 1.7318e-30 6.6024e-18 1.0921e-13 1.6916e-07 ] 0.0000e+00 [ 0.0000e+00 ] 1.0000e+00
 1.779e+01 1.5513e-07 1.5513e-07 [ 8.1130e-31 4.2848e-18 8.2667e-14 1.5513e-07 ] 0.0000e+00 [ 0.0000e+00 ] 1.0000e+00
 1.791e+01 1.4228e-07 1.4228e-07 [ 3.7981e-31 2.7796e-18 6.2558e-14 1.4228e-07 ] 0.0000e+00 [ 0.0000e+00 ] 1.0000e+00
 1.802e+01 1.3052e-07 1.3052e-07 [ 1.7769e-31 1.8025e-18 4.7321e-14 1.3052e-07 ] 0.0000e+00 [ 0.0000e+00 ] 1.0000e+00
 1.813e+01 1.1975e-07 1.1975e-07 [ 8.3078e-32 1.1683e-18 3.5778e-14 1.1975e-07 ] 0.0000e+00 [ 0.0000e+00 ] 1.0000e+00
 1.825e+01 1.0988e-07 1.0988e-07 [ 3.8821e-32 7.5685e-19 2.7036e-14 1.0988e-07 ] 0.0000e+00 [ 0.0000e+00 ] 1.0000e+00
 1.836e+01 1.0084e-07 1.0084e-07 [ 1.8130e-32 4.9003e-19 2.0417e-14 1.0084e-07 ] 0.0000e+00 [ 0.0000e+00 ] 1.0000e+00
 1.847e+01 9.2559e-08 9.2559e-08 [ 8.4630e-33 3.1708e-19 1.5408e-14 9.2559e-08 ] 0.0000e+00 [ 0.0000e+00 ] 1.0000e+00
 1.859e+01 8.4967e-08 8.4967e-08 [ 3.9484e-33 2.0502e-19 1.1619e-14 8.4967e-08 ] 0.0000e+00 [ 0.0000e+00 ] 1.0000e+00
 1.870e+01 7.8009e-08 7.8009e-08 [ 1.8412e-33 1.3247e-19 8.7540e-15 7.8009e-08 ] 0.0000e+00 [ 0.0000e+00 ] 1.0000e+00
 1.881e+01 7.1629e-08 7.1629e-08 [ 8.5814e-34 8.5520e-20 6.5897e-15 7.1629e-08 ] 0.0000e+00 [ 0.0000e+00 ] 1.0000e+00
 1.893e+01 6.5779e-08 6.5779e-08 [ 3.9975e-34 5.5161e-20 4.9558e-15 6.5779e-08 ] 0.0000e+00 [ 0.0000e+00 ] 1.0000e+00
 1.904e+01 6.0414e-08 6.0414e-08 [ 1.8612e-34 3.5546e-20 3.7231e-15 6.0414e-08 ] 0.0000e+00 [ 0.0000e+00 ] 1.0000e+00
 1.915e+01 5.5493e-08 5.5493e-08 [ 8.6603e-35 2.2882e-20 2.7941e-15 5.5493e-08 ] 0.0000e+00 [ 0.0000e+00 ] 1.0000e+00
 1.927e+01 5.0979e-08 5.0979e-08 [ 4.0274e-35 1.4714e-20 2.0945e-15 5.0979e-08 ] 0.0000e+00 [ 0.0000e+00 ] 1.0000e+00
 1.938e+01 4.6837e-08 4.6837e-08 [ 1.8717e-35 9.4502e-21 1.5683e-15 4.6837e-08 ] 0.0000e+00 [ 0.0000e+00 ] 1.0000e+00
 1.949e+01 4.3035e-08 4.3035e-08 [ 8.6924e-36 6.0623e-21 1.1728e-15 4.3035e-08 ] 0.0000e+00 [ 0.0000e+00 ] 1.0000e+00
 1.961e+01 3.9547e-08 3.9547e-08 [ 4.0340e-36 3.8840e-21 8.7598e-16 3.9547e-08 ] 0.0000e+00 [ 0.0000e+00 ] 1.0000e+00
 1.972e+01 3.6344e-08 3.6344e-08 [ 1.8706e-36 2.4850e-21 6.5342e-16 3.6344e-08 ] 0.0000e+00 [ 0.0000e+00 ] 1.0000e+00
 1.983e+01 3.3404e-08 3.3404e-08 [ 8.6672e-37 1.5878e-21 4.8676e-16 3.3404e-08 ] 0.0000e+00 [ 0.0000e+00 ] 1.0000e+00
 1.995e+01 3.0704e-08 3.0704e-08 [ 4.0123e-37 1.0130e-21 3.6211e-16 3.0704e-08 ] 0.0000e+00 [ 0.0000e+00 ] 1.0000e+00
 2.006e+01 2.8225e-08 2.8225e-08 [ 1.8557e-37 6.4532e-22 2.6901e-16 2.8225e-08 ] 0.0000e+00 [ 0.0000e+00 ] 1.0000e+00
 2.017e+01 2.5947e-08 2.5947e-08 [ 8.5738e-38 4.1047e-22 1.9956e-16 2.5947e-08 ] 0.0000e+00 [ 0.0000e+00 ] 1.0000e+00
 2.029e+01 2.3855e-08 2.3855e-08 [ 3.9573e-38 2.6067e-22 1.4783e-16 2.3855e-08 ] 0.0000e+00 [ 0.0000e+00 ] 1.0000e+00
 2.040e+01 2.1933e-08 2.1933e-08 [ 1.8245e-38 1.6527e-22 1.0934e-16 2.1933e-08 ] 0.0000e+00 [ 0.0000e+00 ] 1.0000e+00
 2.051e+01 2.0167e-08 2.0167e-08 [ 8.4026e-39 1.0461e-22 8.0757e-17 2.0167e-08 ] 0.0000e+00 [ 0.0000e+00 ] 1.0000e+00
 2.063e+01 1.8544e-08 1.8544e-08 [ 3.8651e-39 6.6106e-23 5.9555e-17 1.8544e-08 ] 0.0000e+00 [ 0.0000e+00 ] 1.0000e+00
 2.074e+01 1.7053e-08 1.7053e-08 [ 1.7757e-39 4.1701e-23 4.3852e-17 1.7053e-08 ] 0.0000e+00 [ 0.0000e+00 ] 1.0000e+00
 2.085e+01 1.5682e-08 1.5682e-08 [ 8.1479e-40 2.6259e-23 3.2240e-17 1.5682e-08 ] 0.0000e+00 [ 0.0000e+00 ] 1.0000e+00
 2.097e+01 1.4422e-08 1.4422e-08 [ 3.7337e-40 1.6506e-23 2.3666e-17 1.4422e-08 ] 0.0000e+00 [ 0.0000e+00 ] 1.0000e+00
 2.108e+01 1.3263e-08 1.3263e-08 [ 1.7087e-40 1.0357e-23 1.7345e-17 1.3263e-08 ] 0.0000e+00 [ 0.0000e+00 ] 1.0000e+00
 2.119e+01 1.2198e-08 1.2198e-08 [ 7.8086e-41 6.4864e-24 1.2692e-17 1.2198e-08 ] 0.0000e+00 [ 0.0000e+00 ] 1.0000e+00
 2.131e+01 1.1218e-08 1.1218e-08 [ 3.5635e-41 4.0549e-24 9.2727e-18 1.1218e-08 ] 0.0000e+00 [ 0.0000e+00 ] 1.0000e+00
 2.142e+01 1.0317e-08 1.0317e-08 [ 1.6239e-41 2.5302e-24 6.7637e-18 1.0317e-08 ] 0.0000e+00 [ 0.0000e+00 ] 1.0000e+00
 2.153e+01 9.4888e-09 9.4888e-09 [ 7.3893e-42 1.5758e-24 4.9256e-18 9.4888e-09 ] 0.0000e+00 [ 0.0000e+00 ] 1.0000e+00
 2.165e+01 8.7269e-09 8.7269e-09 [ 3.3574e-42 9.7955e-25 3.5813e-18 8.7269e-09 ] 0.0000e+00 [ 0.0000e+00 ] 1.0000e+00
 2.176e+01 8.0260e-09 8.0260e-09 [ 1.5232e-42 6.0775e-25 2.5997e-18 8.0260e-09 ] 0.0000e+00 [ 0.0000e+00 ] 1.0000e+00
 2.187e+01 7.3812e-09 7.3812e-09 [ 6.8996e-43 3.7635e-25 1.8840e-18 7.3812e-09 ] 0.0000e+00 [ 0.0000e+00 ] 1.0000e+00
 2.199e+01 6.7882e-09 6.7882e-09 [ 3.1206e-43 2.3260e-25 1.3632e-18 6.7882e-09 ] 0.0000e+00 [ 0.0000e+00 ] 1.0000e+00
 2.210e+01 6.2425e-09 6.2425e-09 [ 1.4092e-43 1.4348e-25 9.8469e-19 6.2425e-09 ] 0.0000e+00 [ 0.0000e+00 ] 1.0000e+00
 2.221e+01 5.7406e-09 5.7406e-09 [ 6.3537e-44 8.8337e-26 7.1013e-19 5.7406e-09 ] 0.0000e+00 [ 0.0000e+00 ] 1.0000e+00
 2.233e+01 5.2787e-09 5.2787e-09 [ 2.8602e-44 5.4280e-26 5.1129e-19 5.2787e-09 ] 0.0000e+00 [ 0.0000e+00 ] 1.0000e+00
 2.244e+01 4.8538e-09 4.8538e-09 [ 1.2855e-44 3.3288e-26 3.6752e-19 4.8538e-09 ] 0.0000e+00 [ 0.0000e+00 ] 1.0000e+00
 2.255e+01 4.4629e-09 4.4629e-09 [ 5.7683e-45 2.0374e-26 2.6375e-19 4.4629e-09 ] 0.0000e+00 [ 0.0000e+00 ] 1.0000e+00
 2.267e+01 4.1032e-09 4.1032e-09 [ 2.5843e-45 1.2446e-26 1.8896e-19 4.1032e-09 ] 0.0000e+00 [ 0.0000e+00 ] 1.0000e+00
 2.278e+01 3.7722e-09 3.7722e-09 [ 1.1559e-45 7.5877e-27 1.3516e-19 3.7722e-09 ] 0.0000e+00 [ 0.0000e+00 ] 1.0000e+00
 2.289e+01 3.4677e-09 3.4677e-09 [ 5.1621e-46 4.6169e-27 9.6517e-20 3.4677e-09 ] 0.0000e+00 [ 0.0000e+00 ] 1.0000e+00
 2.301e+01 3.1875e-09 3.1875e-09 [ 2.3016e-46 2.8037e-27 6.8809e-20 3.1875e-09 ] 0.0000e+00 [ 0.0000e+00 ] 1.0000e+00
 2.312e+01 2.9297e-09 2.9297e-09 [ 1.0245e-46 1.6992e-27 4.8975e-20 2.9297e-09 ] 0.0000e+00 [ 0.0000e+00 ] 1.0000e+00
 2.323e+01 2.6925e-09 2.6925e-09 [ 4.5532e-47 1.0278e-27 3.4800e-20 2.6925e-09 ] 0.0000e+00 [ 0.0000e+00 ] 1.0000e+00
 2.335e+01 2.4742e-09 2.4742e-09 [ 2.0203e-47 6.2051e-28 2.4688e-20 2.4742e-09 ] 0.0000e+00 [ 0.0000e+00 ] 1.0000e+00
 2.346e+01 2.2735e-09 2.2735e-09 [ 8.9499e-48 3.7387e-28 1.7485e-20 2.2735e-09 ] 0.0000e+00 [ 0.0000e+00 ] 1.0000e+00
 2.357e+01 2.0887e-09 2.0887e-09 [ 3.9585e-48 2.2482e-28 1.2363e-20 2.0887e-09 ] 0.0000e+00 [ 0.0000e+00 ] 1.0000e+00
 2.369e+01 1.9188e-09 1.9188e-09 [ 1.7480e-48 1.3492e-28 8.7274e-21 1.9188e-09 ] 0.0000e+00 [ 0.0000e+00 ] 1.0000e+00
 2.380e+01 1.7625e-09 1.7625e-09 [ 7.7066e-49 8.0817e-29 6.1507e-21 1.7625e-09 ] 0.0000e+00 [ 0.0000e+00 ] 1.0000e+00
 2.391e+01 1.6187e-09 1.6187e-09 [ 3.3923e-49 4.8313e-29 4.3276e-21 1.6187e-09 ] 0.0000e+00 [ 0.0000e+00 ] 1.0000e+00
 2.403e+01 1.4865e-09 1.4865e-09 [ 1.4909e-49 2.8826e-29 3.0399e-21 1.4865e-09 ] 0.0000e+00 [ 0.0000e+00 ] 1.0000e+00
 2.414e+01 1.3649e-09 1.3649e-09 [ 6.5419e-50 1.7165e-29 2.1319e-21 1.3649e-09 ] 0.0000e+00 [ 0.0000e+00 ] 1.0000e+00
 2.425e+01 1.2530e-09 1.2530e-09 [ 2.8661e-50 1.0202e-29 1.4927e-21 1.2530e-09 ] 0.0000e+00 [ 0.0000e+00 ] 1.0000e+00
 2.437e+01 1.1502e-09 1.1502e-09 [ 1.2537e-50 6.0513e-30 1.0434e-21 1.1502e-09 ] 0.0000e+00 [ 0.0000e+00 ] 1.0000e+00
 2.448e+01 1.0556e-09 1.0556e-09 [ 5.4754e-51 3.5825e-30 7.2814e-22 1.0556e-09 ] 0.0000e+00 [ 0.0000e+00 ] 1.0000e+00
 2.459e+01 9.6863e-10 9.6863e-10 [ 2.3876e-51 2.1168e-30 5.0732e-22 9.6863e-10 ] 0.0000e+00 [ 0.0000e+00 ] 1.0000e+00
 2.471e+01 8.8870e-10 8.8870e-10 [ 1.0396e-51 1.2483e-30 3.5289e-22 8.8870e-10 ] 0.0000e+00 [ 0.0000e+00 ] 1.0000e+00
 2.482e+01 8.1523e-10 8.1523e-10 [ 4.5193e-52 7.3477e-31 2.4507e-22 8.1523e-10 ] 0.0000e+00 [ 0.0000e+00 ] 1.0000e+00
 2.493e+01 7.4771e-10 7.4771e-10 [ 1.9617e-52 4.3166e-31 1.6991e-22 7.4771e-10 ] 0.0000e+00 [ 0.0000e+00 ] 1.0000e+00
 2.505e+01 6.8566e-10 6.8566e-10 [ 8.5021e-53 2.5310e-31 1.1761e-22 6.8566e-10 ] 0.0000e+00 [ 0.0000e+00 ] 1.0000e+00
 2.516e+01 6.2864e-10 6.2864e-10 [ 3.6793e-53 1.4812e-31 8.1282e-23 6.2864e-10 ] 0.0000e+00 [ 0.0000e+00 ] 1.0000e+00
 2.527e+01 5.7626e-10 5.7626e-10 [ 1.5899e-53 8.6517e-32 5.6082e-23 5.7626e-10 ] 0.0000e+00 [ 0.0000e+00 ] 1.0000e+00
 2.539e+01 5.2814e-10 5.2814e-10 [ 6.8596e-54 5.0439e-32 3.8632e-23 5.2814e-10 ] 0.0000e+00 [ 0.0000e+00 ] 1.0000e+00
 2.550e+01 4.8395e-10 4.8395e-10 [ 2.9553e-54 2.9350e-32 2.6569e-23 4.8395e-10 ] 0.0000e+00 [ 0.0000e+00 ] 1.0000e+00
 2.561e+01 4.4336e-10 4.4336e-10 [ 1.2713e-54 1.7046e-32 1.8243e-23 4.4336e-10 ] 0.0000e+00 [ 0.0000e+00 ] 1.0000e+00
 2.573e+01 4.0610e-10 4.0610e-10 [ 5.4611e-55 9.8812e-33 1.2506e-23 4.0610e-10 ] 0.0000e+00 [ 0.0000e+00 ] 1.0000e+00
 2.584e+01 3.7189e-10 3.7189e-10 [ 2.3424e-55 5.7172e-33 8.5591e-24 3.7189e-10 ] 0.0000e+00 [ 0.0000e+00 ] 1.0000e+00
 2.595e+01 3.4049e-10 3.4049e-10 [ 1.0033e-55 3.3017e-33 5.8485e-24 3.4049e-10 ] 0.0000e+00 [ 0.0000e+00 ] 1.0000e+00
 2.607e+01 3.1168e-10 3.1168e-10 [ 4.2910e-56 1.9032e-33 3.9900e-24 3.1168e-10 ] 0.0000e+00 [ 0.0000e+00 ] 1.0000e+00
 2.618e+01 2.8524e-10 2.8524e-10 [ 1.8326e-56 1.0950e-33 2.7176e-24 2.8524e-10 ] 0.0000e+00 [ 0.0000e+00 ] 1.0000e+00
 2.629e+01 2.6099e-10 2.6099e-10 [ 7.8154e-57 6.2882e-34 1.8481e-24 2.6099e-10 ] 0.0000e+00 [ 0.0000e+00 ] 1.0000e+00
 2.641e+01 2.3874e-10 2.3874e-10 [ 3.3283e-57 3.6044e-34 1.2547e-24 2.3874e-10 ] 0.0000e+00 [ 0.0000e+00 ] 1.0000e+00
 2.652e+01 2.1834e-10 2.1834e-10 [ 1.4154e-57 2.0622e-34 8.5052e-25 2.1834e-10 ] 0.0000e+00 [ 0.0000e+00 ] 1.0000e+00
 2.663e+01 1.9964e-10 1.9964e-10 [ 6.0109e-58 1.1777e-34 5.7561e-25 1.9964e-10 ] 0.0000e+00 [ 0.0000e+00 ] 1.0000e+00
 2.675e+01 1.8250e-10 1.8250e-10 [ 2.5491e-58 6.7130e-35 3.8893e-25 1.8250e-10 ] 0.0000e+00 [ 0.0000e+00 ] 1.0000e+00
 2.686e+01 1.6678e-10 1.6678e-10 [ 1.0795e-58 3.8195e-35 2.6238e-25 1.6678e-10 ] 0.0000e+00 [ 0.0000e+00 ] 1.0000e+00
 2.697e+01 1.5239e-10 1.5239e-10 [ 4.5654e-59 2.1692e-35 1.7672e-25 1.5239e-10 ] 0.0000e+00 [ 0.0000e+00 ] 1.0000e+00
 2.709e+01 1.3920e-10 1.3920e-10 [ 1.9281e-59 1.2297e-35 1.1884e-25 1.3920e-10 ] 0.0000e+00 [ 0.0000e+00 ] 1.0000e+00
 2.720e+01 1.2712e-10 1.2712e-10 [ 8.1319e-60 6.9580e-36 7.9785e-26 1.2712e-10 ] 0.0000e+00 [ 0.0000e+00 ] 1.0000e+00
 2.731e+01 1.1606e-10 1.1606e-10 [ 3.4250e-60 3.9300e-36 5.3481e-26 1.1606e-10 ] 0.0000e+00 [ 0.0000e+00 ] 1.0000e+00
 2.743e+01 1.0594e-10 1.0594e-10 [ 1.4406e-60 2.2156e-36 3.5792e-26 1.0594e-10 ] 0.0000e+00 [ 0.0000e+00 ] 1.0000e+00
 2.754e+01 9.6669e-11 9.6669e-11 [ 6.0513e-61 1.2469e-36 2.3916e-26 9.6669e-11 ] 0.0000e+00 [ 0.0000e+00 ] 1.0000e+00
 2.765e+01 8.8190e-11 8.8190e-11 [ 2.5385e-61 7.0040e-37 1.5955e-26 8.8190e-11 ] 0.0000e+00 [ 0.0000e+00 ] 1.0000e+00
 2.777e+01 8.0433e-11 8.0433e-11 [ 1.0634e-61 3.9273e-37 1.0627e-26 8.0433e-11 ] 0.0000e+00 [ 0.0000e+00 ] 1.0000e+00
 2.788e+01 7.3339e-11 7.3339e-11 [ 4.4492e-62 2.1981e-37 7.0672e-27 7.3339e-11 ] 0.0000e+00 [ 0.0000e+00 ] 1.0000e+00
 2.799e+01 6.6852e-11 6.6852e-11 [ 1.8590e-62 1.2281e-37 4.6923e-27 6.6852e-11 ] 0.0000e+00 [ 0.0000e+00 ] 1.0000e+00
 2.811e+01 6.0923e-11 6.0923e-11 [ 7.7574e-63 6.8488e-38 3.1105e-27 6.0923e-11 ] 0.0000e+00 [ 0.0000e+00 ] 1.0000e+00
 2.822e+01 5.5504e-11 5.5504e-11 [ 3.2328e-63 3.8126e-38 2.0587e-27 5.5504e-11 ] 0.0000e+00 [ 0.0000e+00 ] 1.0000e+00
 2.833e+01 5.0553e-11 5.0553e-11 [ 1.3455e-63 2.1186e-38 1.3604e-27 5.0553e-11 ] 0.0000e+00 [ 0.0000e+00 ] 1.0000e+00
 2.845e+01 4.6031e-11 4.6031e-11 [ 5.5927e-64 1.1752e-38 8.9751e-28 4.6031e-11 ] 0.0000e+00 [ 0.0000e+00 ] 1.0000e+00
 2.856e+01 4.1902e-11 4.1902e-11 [ 2.3217e-64 6.5071e-39 5.9119e-28 4.1902e-11 ] 0.0000e+00 [ 0.0000e+00 ] 1.0000e+00
 2.867e+01 3.8132e-11 3.8132e-11 [ 9.6258e-65 3.5966e-39 3.8880e-28 3.8132e-11 ] 0.0000e+00 [ 0.0000e+00 ] 1.0000e+00
 2.879e+01 3.4691e-11 3.4691e-11 [ 3.9857e-65 1.9844e-39 2.5530e-28 3.4691e-11 ] 0.0000e+00 [ 0.0000e+00 ] 1.0000e+00
 2.890e+01 3.1552e-11 3.1552e-11 [ 1.6483e-65 1.0929e-39 1.6737e-28 3.1552e-11 ] 0.0000e+00 [ 0.0000e+00 ] 1.0000e+00
 2.901e+01 2.8688e-11 2.8688e-11 [ 6.8077e-66 6.0085e-40 1.0955e-28 2.8688e-11 ] 0.0000e+00 [ 0.0000e+00 ] 1.0000e+00
 2.913e+01 2.6076e-11 2.6076e-11 [ 2.8082e-66 3.2975e-40 7.1588e-29 2.6076e-11 ] 0.0000e+00 [ 0.0000e+00 ] 1.0000e+00
 2.924e+01 2.3696e-11 2.3696e-11 [ 1.1569e-66 1.8065e-40 4.6708e-29 2.3696e-11 ] 0.0000e+00 [ 0.0000e+00 ] 1.0000e+00
 2.935e+01 2.1526e-11 2.1526e-11 [ 4.7604e-67 9.8790e-41 3.0427e-29 2.1526e-11 ] 0.0000e+00 [ 0.0000e+00 ] 1.0000e+00
 2.947e+01 1.9549e-11 1.9549e-11 [ 1.9563e-67 5.3930e-41 1.9789e-29 1.9549e-11 ] 0.0000e+00 [ 0.0000e+00 ] 1.0000e+00
 2.958e+01 1.7748e-11 1.7748e-11 [ 8.0296e-68 2.9388e-41 1.2850e-29 1.7748e-11 ] 0.0000e+00 [ 0.0000e+00 ] 1.0000e+00
 2.969e+01 1.6108e-11 1.6108e-11 [ 3.2916e-68 1.5987e-41 8.3309e-30 1.6108e-11 ] 0.0000e+00 [ 0.0000e+00 ] 1.0000e+00
 2.981e+01 1.4616e-11 1.4616e-11 [ 1.3477e-68 8.6812e-42 5.3924e-30 1.4616e-11 ] 0.0000e+00 [ 0.0000e+00 ] 1.0000e+00
 2.992e+01 1.3257e-11 1.3257e-11 [ 5.5111e-69 4.7059e-42 3.4849e-30 1.3257e-11 ] 0.0000e+00 [ 0.0000e+00 ] 1.0000e+00
 3.003e+01 1.2021e-11 1.2021e-11 [ 2.2509e-69 2.5464e-42 2.2485e-30 1.2021e-11 ] 0.0000e+00 [ 0.0000e+00 ] 1.0000e+00
 3.015e+01 1.0897e-11 1.0897e-11 [ 9.1819e-70 1.3755e-42 1.4485e-30 1.0897e-11 ] 0.0000e+00 [ 0.0000e+00 ] 1.0000e+00
 3.026e+01 9.8750e-12 9.8750e-12 [ 3.7409e-70 7.4172e-43 9.3159e-31 9.8750e-12 ] 0.0000e+00 [ 0.0000e+00 ] 1.0000e+00
 3.037e+01 8.9460e-12 8.9460e-12 [ 1.5223e-70 3.9926e-43 5.9820e-31 8.9460e-12 ] 0.0000e+00 [ 0.0000e+00 ] 1.0000e+00
 3.049e+01 8.1018e-12 8.1018e-12 [ 6.1871e-71 2.1454e-43 3.8350e-31 8.1018e-12 ] 0.0000e+00 [ 0.0000e+00 ] 1.0000e+00
 3.060e+01 7.3349e-12 7.3349e-12 [ 2.5116e-71 1.1508e-43 2.4547e-31 7.3349e-12 ] 0.0000e+00 [ 0.0000e+00 ] 1.0000e+00
 3.071e+01 6.6385e-12 6.6385e-12 [ 1.0183e-71 6.1622e-44 1.5686e-31 6.6385e-12 ] 0.0000e+00 [ 0.0000e+00 ] 1.0000e+00
 3.083e+01 6.0063e-12 6.0063e-12 [ 4.1238e-72 3.2939e-44 1.0008e-31 6.0063e-12 ] 0.0000e+00 [ 0.0000e+00 ] 1.0000e+00
 3.094e+01 5.4325e-12 5.4325e-12 [ 1.6680e-72 1.7577e-44 6.3748e-32 5.4325e-12 ] 0.0000e+00 [ 0.0000e+00 ] 1.0000e+00
 3.105e+01 4.9120e-12 4.9120e-12 [ 6.7382e-73 9.3625e-45 4.0540e-32 4.9120e-12 ] 0.0000e+00 [ 0.0000e+00 ] 1.0000e+00
 3.117e+01 4.4399e-12 4.4399e-12 [ 2.7188e-73 4.9785e-45 2.5739e-32 4.4399e-12 ] 0.0000e+00 [ 0.0000e+00 ] 1.0000e+00
 3.128e+01 4.0119e-12 4.0119e-12 [ 1.0957e-73 2.6426e-45 1.6316e-32 4.0119e-12 ] 0.0000e+00 [ 0.0000e+00 ] 1.0000e+00
 3.139e+01 3.6239e-12 3.6239e-12 [ 4.4104e-74 1.4003e-45 1.0325e-32 3.6239e-12 ] 0.0000e+00 [ 0.0000e+00 ] 1.0000e+00
 3.151e+01 3.2724e-12 3.2724e-12 [ 1.7731e-74 7.4071e-46 6.5238e-33 3.2724e-12 ] 0.0000e+00 [ 0.0000e+00 ] 1.0000e+00
 3.162e+01 2.9540e-12 2.9540e-12 [ 7.1201e-75 3.9112e-46 4.1151e-33 2.9540e-12 ] 0.0000e+00 [ 0.0000e+00 ] 1.0000e+00
 3.173e+01 2.6657e-12 2.6657e-12 [ 2.8556e-75 2.0617e-46 2.5915e-33 2.6657e-12 ] 0.0000e+00 [ 0.0000e+00 ] 1.0000e+00
 3.185e+01 2.4047e-12 2.4047e-12 [ 1.1439e-75 1.0848e-46 1.6293e-33 2.4047e-12 ] 0.0000e+00 [ 0.0000e+00 ] 1.0000e+00
 3.196e+01 2.1685e-12 2.1685e-12 [ 4.5768e-76 5.6984e-47 1.0227e-33 2.1685e-12 ] 0.0000e+00 [ 0.0000e+00 ] 1.0000e+00
 3.207e+01 1.9549e-12 1.9549e-12 [ 1.8290e-76 2.9880e-47 6.4083e-34 1.9549e-12 ] 0.0000e+00 [ 0.0000e+00 ] 1.0000e+00
 3.219e+01 1.7617e-12 1.7617e-12 [ 7.3002e-77 1.5640e-47 4.0090e-34 1.7617e-12 ] 0.0000e+00 [ 0.0000e+00 ] 1.0000e+00
 3.230e+01 1.5871e-12 1.5871e-12 [ 2.9102e-77 8.1723e-48 2.5038e-34 1.5871e-12 ] 0.0000e+00 [ 0.0000e+00 ] 1.0000e+00
 3.241e+01 1.4293e-12 1.4293e-12 [ 1.1588e-77 4.2626e-48 1.5611e-34 1.4293e-12 ] 0.0000e+00 [ 0.0000e+00 ] 1.0000e+00
 3.253e+01 1.2867e-12 1.2867e-12 [ 4.6082e-78 2.2195e-48 9.7175e-35 1.2867e-12 ] 0.0000e+00 [ 0.0000e+00 ] 1.0000e+00
 3.264e+01 1.1580e-12 1.1580e-12 [ 1.8304e-78 1.1536e-48 6.0386e-35 1.1580e-12 ] 0.0000e+00 [ 0.0000e+00 ] 1.0000e+00
 3.275e+01 1.0418e-12 1.0418e-12 [ 7.2615e-79 5.9853e-49 3.7461e-35 1.0418e-12 ] 0.0000e+00 [ 0.0000e+00 ] 1.0000e+00
 3.287e+01 9.3691e-13 9.3691e-13 [ 2.8772e-79 3.0999e-49 2.3200e-35 9.3691e-13 ] 0.0000e+00 [ 0.0000e+00 ] 1.0000e+00
 3.298e+01 8.4229e-13 8.4229e-13 [ 1.1386e-79 1.6026e-49 1.4343e-35 8.4229e-13 ] 0.0000e+00 [ 0.0000e+00 ] 1.0000e+00
 3.309e+01 7.5696e-13 7.5696e-13 [ 4.5006e-80 8.2709e-50 8.8523e-36 7.5696e-13 ] 0.0000e+00 [ 0.0000e+00 ] 1.0000e+00
 3.321e+01 6.8004e-13 6.8004e-13 [ 1.7767e-80 4.2608e-50 5.4541e-36 6.8004e-13 ] 0.0000e+00 [ 0.0000e+00 ] 1.0000e+00
 3.332e+01 6.1071e-13 6.1071e-13 [ 7.0050e-81 2.1911e-50 3.3546e-36 6.1071e-13 ] 0.0000e+00 [ 0.0000e+00 ] 1.0000e+00
 3.343e+01 5.4826e-13 5.4826e-13 [ 2.7585e-81 1.1247e-50 2.0597e-36 5.4826e-13 ] 0.0000e+00 [ 0.0000e+00 ] 1.0000e+00
 3.355e+01 4.9202e-13 4.9202e-13 [ 1.0849e-81 5.7627e-51 1.2624e-36 4.9202e-13 ] 0.0000e+00 [ 0.0000e+00 ] 1.0000e+00
 3.366e+01 4.4138e-13 4.4138e-13 [ 4.2613e-82 2.9473e-51 7.7236e-37 4.4138e-13 ] 0.0000e+00 [ 0.0000e+00 ] 1.0000e+00
 3.377e+01 3.9581e-13 3.9581e-13 [ 1.6717e-82 1.5047e-51 4.7171e-37 3.9581e-13 ] 0.0000e+00 [ 0.0000e+00 ] 1.0000e+00
 3.389e+01 3.5482e-13 3.5482e-13 [ 6.5495e-83 7.6677e-52 2.8758e-37 3.5482e-13 ] 0.0000e+00 [ 0.0000e+00 ] 1.0000e+00
 3.400e+01 3.1795e-13 3.1795e-13 [ 2.5627e-83 3.9002e-52 1.7501e-37 3.1795e-13 ] 0.0000e+00 [ 0.0000e+00 ] 1.0000e+00
 3.411e+01 2.8481e-13 2.8481e-13 [ 1.0015e-83 1.9802e-52 1.0631e-37 2.8481e-13 ] 0.0000e+00 [ 0.0000e+00 ] 1.0000e+00
 3.423e+01 2.5502e-13 2.5502e-13 [ 3.9083e-84 1.0035e-52 6.4459e-38 2.5502e-13 ] 0.0000e+00 [ 0.0000e+00 ] 1.0000e+00
 3.434e+01 2.2827e-13 2.2827e-13 [ 1.5233e-84 5.0757e-53 3.9012e-38 2.2827e-13 ] 0.0000e+00 [ 0.0000e+00 ] 1.0000e+00
 3.445e+01 2.0424e-13 2.0424e-13 [ 5.9291e-85 2.5626e-53 2.3567e-38 2.0424e-13 ] 0.0000e+00 [ 0.0000e+00 ] 1.0000e+00
 3.457e+01 1.8266e-13 1.8266e-13 [ 2.3047e-85 1.2913e-53 1.4210e-38 1.8266e-13 ] 0.0000e+00 [ 0.0000e+00 ] 1.0000e+00
 3.468e+01 1.6331e-13 1.6331e-13 [ 8.9461e-86 6.4944e-54 8.5523e-39 1.6331e-13 ] 0.0000e+00 [ 0.0000e+00 ] 1.0000e+00
 3.479e+01 1.4594e-13 1.4594e-13 [ 3.4679e-86 3.2600e-54 5.1372e-39 1.4594e-13 ] 0.0000e+00 [ 0.0000e+00 ] 1.0000e+00
 3.491e+01 1.3037e-13 1.3037e-13 [ 1.3424e-86 1.6332e-54 3.0798e-39 1.3037e-13 ] 0.0000e+00 [ 0.0000e+00 ] 1.0000e+00
 3.502e+01 1.1641e-13 1.1641e-13 [ 5.1891e-87 8.1664e-55 1.8428e-39 1.1641e-13 ] 0.0000e+00 [ 0.0000e+00 ] 1.0000e+00
 3.513e+01 1.0390e-13 1.0390e-13 [ 2.0030e-87 4.0751e-55 1.1005e-39 1.0390e-13 ] 0.0000e+00 [ 0.0000e+00 ] 1.0000e+00
 3.525e+01 9.2689e-14 9.2689e-14 [ 7.7200e-88 2.0295e-55 6.5584e-40 9.2689e-14 ] 0.0000e+00 [ 0.0000e+00 ] 1.0000e+00
 3.536e+01 8.2654e-14 8.2654e-14 [ 2.9711e-88 1.0087e-55 3.9007e-40 8.2654e-14 ] 0.0000e+00 [ 0.0000e+00 ] 1.0000e+00
 3.547e+01 7.3671e-14 7.3671e-14 [ 1.1417e-88 5.0027e-56 2.3152e-40 7.3671e-14 ] 0.0000e+00 [ 0.0000e+00 ] 1.0000e+00
 3.559e+01 6.5633e-14 6.5633e-14 [ 4.3806e-89 2.4760e-56 1.3713e-40 6.5633e-14 ] 0.0000e+00 [ 0.0000e+00 ] 1.0000e+00
 3.570e+01 5.8443e-14 5.8443e-14 [ 1.6781e-89 1.2229e-56 8.1047e-41 5.8443e-14 ] 0.0000e+00 [ 0.0000e+00 ] 1.0000e+00
 3.581e+01 5.2014e-14 5.2014e-14 [ 6.4183e-90 6.0268e-57 4.7798e-41 5.2014e-14 ] 0.0000e+00 [ 0.0000e+00 ] 1.0000e+00
 3.593e+01 4.6267e-14 4.6267e-14 [ 2.4507e-90 2.9637e-57 2.8127e-41 4.6267e-14 ] 0.0000e+00 [ 0.0000e+00 ] 1.0000e+00
 3.604e+01 4.1132e-14 4.1132e-14 [ 9.3420e-91 1.4541e-57 1.6515e-41 4.1132e-14 ] 0.0000e+00 [ 0.0000e+00 ] 1.0000e+00
 3.615e+01 3.6545e-14 3.6545e-14 [ 3.5549e-91 7.1186e-58 9.6742e-42 3.6545e-14 ] 0.0000e+00 [ 0.0000e+00 ] 1.0000e+00
 3.627e+01 3.2449e-14 3.2449e-14 [ 1.3504e-91 3.4767e-58 5.6538e-42 3.2449e-14 ] 0.0000e+00 [ 0.0000e+00 ] 1.0000e+00
 3.638e+01 2.8793e-14 2.8793e-14 [ 5.1200e-92 1.6940e-58 3.2962e-42 2.8793e-14 ] 0.0000e+00 [ 0.0000e+00 ] 1.0000e+00
 3.649e+01 2.5531e-14 2.5531e-14 [ 1.9376e-92 8.2335e-59 1.9170e-42 2.5531e-14 ] 0.0000e+00 [ 0.0000e+00 ] 1.0000e+00
 3.661e+01 2.2622e-14 2.2622e-14 [ 7.3183e-93 3.9919e-59 1.1121e-42 2.2622e-14 ] 0.0000e+00 [ 0.0000e+00 ] 1.0000e+00
 3.672e+01 2.0027e-14 2.0027e-14 [ 2.7584e-93 1.9304e-59 6.4343e-43 2.0027e-14 ] 0.0000e+00 [ 0.0000e+00 ] 1.0000e+00
 3.683e+01 1.7714e-14 1.7714e-14 [ 1.0375e-93 9.3100e-60 3.7128e-43 1.7714e-14 ] 0.0000e+00 [ 0.0000e+00 ] 1.0000e+00
 3.695e+01 1.5653e-14 1.5653e-14 [ 3.8937e-94 4.4778e-60 2.1364e-43 1.5653e-14 ] 0.0000e+00 [ 0.0000e+00 ] 1.0000e+00
 3.706e+01 1.3817e-14 1.3817e-14 [ 1.4579e-94 2.1475e-60 1.2258e-43 1.3817e-14 ] 0.0000e+00 [ 0.0000e+00 ] 1.0000e+00
 3.717e+01 1.2182e-14 1.2182e-14 [ 5.4454e-95 1.0268e-60 7.0117e-44 1.2182e-14 ] 0.0000e+00 [ 0.0000e+00 ] 1.0000e+00
 3.729e+01 1.0726e-14 1.0726e-14 [ 2.0287e-95 4.8947e-61 3.9982e-44 1.0726e-14 ] 0.0000e+00 [ 0.0000e+00 ] 1.0000e+00
 3.740e+01 9.4301e-15 9.4301e-15 [ 7.5374e-96 2.3256e-61 2.2723e-44 9.4301e-15 ] 0.0000e+00 [ 0.0000e+00 ] 1.0000e+00
 3.751e+01 8.2766e-15 8.2766e-15 [ 2.7923e-96 1.1012e-61 1.2870e-44 8.2766e-15 ] 0.0000e+00 [ 0.0000e+00 ] 1.0000e+00
 3.763e+01 7.2502e-15 7.2502e-15 [ 1.0313e-96 5.1951e-62 7.2621e-45 7.2502e-15 ] 0.0000e+00 [ 0.0000e+00 ] 1.0000e+00
 3.774e+01 6.3370e-15 6.3370e-15 [ 3.7960e-97 2.4415e-62 4.0819e-45 6.3370e-15 ] 0.0000e+00 [ 0.0000e+00 ] 1.0000e+00
 3.785e+01 5.5245e-15 5.5245e-15 [ 1.3923e-97 1.1427e-62 2.2847e-45 5.5245e-15 ] 0.0000e+00 [ 0.0000e+00 ] 1.0000e+00
 3.797e+01 4.8017e-15 4.8017e-15 [ 5.0866e-98 5.3243e-63 1.2731e-45 4.8017e-15 ] 0.0000e+00 [ 0.0000e+00 ] 1.0000e+00
 3.808e+01 4.1586e-15 4.1586e-15 [ 1.8504e-98 2.4690e-63 7.0595e-46 4.1586e-15 ] 0.0000e+00 [ 0.0000e+00 ] 1.0000e+00
 3.819e+01 3.5864e-15 3.5864e-15 [ 6.6999e-99 1.1389e-63 3.8938e-46 3.5864e-15 ] 0.0000e+00 [ 0.0000e+00 ] 1.0000e+00
 3.831e+01 3.0772e-15 3.0772e-15 [ 2.4131e-99 5.2233e-64 2.1352e-46 3.0772e-15 ] 0.0000e+00 [ 0.0000e+00 ] 1.0000e+00
 3.842e+01 2.6240e-15 2.6240e-15 [ 8.6401e-100 2.3801e-64 1.1632e-46 2.6240e-15 ] 0.0000e+00 [ 0.0000e+00 ] 1.0000e+00
 3.853e+01 2.2207e-15 2.2207e-15 [ 3.0728e-100 1.0767e-64 6.2908e-47 2.2207e-15 ] 0.0000e+00 [ 0.0000e+00 ] 1.0000e+00
 3.865e+01 1.8618e-15 1.8618e-15 [ 1.0844e-100 4.8307e-65 3.3738e-47 1.8618e-15 ] 0.0000e+00 [ 0.0000e+00 ] 1.0000e+00
 3.876e+01 1.5426e-15 1.5426e-15 [ 3.7921e-101 2.1465e-65 1.7919e-47 1.5426e-15 ] 0.0000e+00 [ 0.0000e+00 ] 1.0000e+00
 3.887e+01 1.2590e-15 1.2590e-15 [ 1.3118e-101 9.4303e-66 9.4087e-48 1.2590e-15 ] 0.0000e+00 [ 0.0000e+00 ] 1.0000e+00
 3.899e+01 1.0077e-15 1.0077e-15 [ 4.4784e-102 4.0865e-66 4.8722e-48 1.0077e-15 ] 0.0000e+00 [ 0.0000e+00 ] 1.0000e+00
 3.910e+01 7.8603e-16 7.8603e-16 [ 1.5038e-102 1.7408e-66 2.4797e-48 7.8603e-16 ] 0.0000e+00 [ 0.0000e+00 ] 1.0000e+00
 3.921e+01 5.9187e-16 5.9187e-16 [ 4.9429e-103 7.2545e-67 1.2338e-48 5.9187e-16 ] 0.0000e+00 [ 0.0000e+00 ] 1.0000e+00
 3.933e+01 4.2398e-16 4.2398e-16 [ 1.5782e-103 2.9342e-67 5.9496e-49 4.2398e-16 ] 0.0000e+00 [ 0.0000e+00 ] 1.0000e+00
 3.944e+01 2.8191e-16 2.8191e-16 [ 4.8323e-104 1.1359e-67 2.7354e-49 2.8191e-16 ] 0.0000e+00 [ 0.0000e+00 ] 1.0000e+00
 3.955e+01 1.6616e-16 1.6616e-16 [ 1.3829e-104 4.0863e-68 1.1578e-49 1.6616e-16 ] 0.0000e+00 [ 0.0000e+00 ] 1.0000e+00
 3.967e+01 7.8353e-17 7.8353e-17 [ 3.4605e-105 1.2624e-68 4.1198e-50 7.8353e-17 ] 0.0000e+00 [ 0.0000e+00 ] 1.0000e+00
 3.978e+01 2.1442e-17 2.1442e-17 [ 5.7695e-106 2.4742e-69 8.9263e-51 2.1442e-17 ] 0.0000e+00 [ 0.0000e+00 ] 1.0000e+00
 3.989e+01 0.0000e+00 0.0000e+00 [ 0.0000e+00 0.0000e+00 0.0000e+00 0.0000e+00 ] 0.0000e+00 [ 0.0000e+00 ] 1.0000e+00
