 0.000e+00 0.0000e+00 0.0000e+00 [ 0.0000e+00 0.0000e+00 0.0000e+00 0.0000e+00 0.0000e+00 ] 1.0000e+00
 1.133e-01 6.8001e-02 6.8001e-02 [ 4.6490e-02 3.1253e-03 2.8817e-03 1.1503e-02 4.0008e-03 ] 9.3200e-01
 2.267e-01 1.6584e-01 1.6584e-01 [ 1.1941e-01 1.1066e-02 1.0018e-02 2.6821e-02 -1.4786e-03 ] 8.3416e-01
 3.400e-01 2.4293e-01 2.4293e-01 [ 1.7345e-01 2.1060e-02 1.8342e-02 2.9686e-02 3.8291e-04 ] 7.5707e-01
 4.533e-01 3.1851e-01 3.1851e-01 [ 2.3400e-01 3.0627e-02 2.5242e-02 2.8413e-02 2.2630e-04 ] 6.8149e-01
 5.667e-01 4.0290e-01 4.0290e-01 [ 3.0714e-01 3.9266e-02 2.9790e-02 2.6258e-02 4.5309e-04 ] 5.9709e-01
 6.800e-01 4.9966e-01 4.9966e-01 [ 3.9453e-01 4.7294e-02 3.2498e-02 2.4868e-02 4.7338e-04 ] 5.0034e-01
 7.933e-01 6.0515e-01 6.0515e-01 [ 4.8900e-01 5.5737e-02 3.4532e-02 2.5265e-02 6.1531e-04 ] 3.9484e-01
 9.067e-01 7.0649e-01 7.0649e-01 [ 5.7657e-01 6.4337e-02 3.6495e-02 2.8097e-02 9.8639e-04 ] 2.9351e-01
 1.020e+00 7.8529e-01 7.8529e-01 [ 6.4281e-01 7.2262e-02 3.8422e-02 3.1060e-02 7.3488e-04 ] 2.1471e-01
 1.133e+00 8.3706e-01 8.3706e-01 [ 6.8270e-01 7.8850e-02 4.0075e-02 3.4304e-02 1.1373e-03 ] 1.6294e-01
 1.247e+00 8.6477e-01 8.6477e-01 [ 7.0123e-01 8.4144e-02 4.1544e-02 3.6921e-02 9.4004e-04 ] 1.3523e-01
 1.360e+00 8.7840e-01 8.7840e-01 [ 7.0628e-01 8.8779e-02 4.3006e-02 3.9208e-02 1.1200e-03 ] 1.2160e-01
 1.473e+00 8.8425e-01 8.8425e-01 [ 7.0421e-01 9.3114e-02 4.4610e-02 4.1280e-02 1.0343e-03 ] 1.1575e-01
 1.587e+00 8.8657e-01 8.8657e-01 [ 6.9850e-01 9.7443e-02 4.6381e-02 4.3120e-02 1.1325e-03 ] 1.1343e-01
 1.700e+00 8.8718e-01 8.8718e-01 [ 6.9106e-01 1.0180e-01 4.8283e-02 4.4947e-02 1.0903e-03 ] 1.1282e-01
 1.813e+00 8.8704e-01 8.8704e-01 [ 6.8277e-01 1.0621e-01 5.0273e-02 4.6635e-02 1.1545e-03 ] 1.1296e-01
 1.927e+00 8.8657e-01 8.8657e-01 [ 6.7410e-01 1.1067e-01 5.2312e-02 4.8337e-02 1.1471e-03 ] 1.1343e-01
 2.040e+00 8.8597e-01 8.8597e-01 [ 6.6526e-01 1.1516e-01 5.4377e-02 4.9975e-02 1.1857e-03 ] 1.1403e-01
 2.153e+00 8.8533e-01 8.8533e-01 [ 6.5637e-01 1.1969e-01 5.6460e-02 5.1607e-02 1.2011e-03 ] 1.1467e-01
 2.267e+00 8.8470e-01 8.8470e-01 [ 6.4747e-01 1.2424e-01 5.8552e-02 5.3215e-02 1.2264e-03 ] 1.1530e-01
 2.380e+00 8.8410e-01 8.8410e-01 [ 6.3858e-01 1.2882e-01 6.0656e-02 5.4806e-02 1.2516e-03 ] 1.1590e-01
 2.493e+00 8.8355e-01 8.8355e-01 [ 6.2971e-01 1.3342e-01 6.2765e-02 5.6387e-02 1.2727e-03 ] 1.1645e-01
 2.607e+00 8.8304e-01 8.8304e-01 [ 6.2086e-01 1.3804e-01 6.4886e-02 5.7948e-02 1.3004e-03 ] 1.1696e-01
 2.720e+00 8.8257e-01 8.8257e-01 [ 6.1204e-01 1.4269e-01 6.7014e-02 5.9502e-02 1.3213e-03 ] 1.1743e-01
 2.833e+00 8.8214e-01 8.8214e-01 [ 6.0323e-01 1.4737e-01 6.9151e-02 6.1039e-02 1.3488e-03 ] 1.1786e-01
 2.947e+00 8.8174e-01 8.8174e-01 [ 5.9445e-01 1.5206e-01 7.1296e-02 6.2569e-02 1.3707e-03 ] 1.1826e-01
 3.060e+00 8.8139e-01 8.8139e-01 [ 5.8569e-01 1.5677e-01 7.3451e-02 6.4085e-02 1.3974e-03 ] 1.1861e-01
 3.173e+00 8.8106e-01 8.8106e-01 [ 5.7694e-01 1.6149e-01 7.5613e-02 6.5594e-02 1.4204e-03 ] 1.1894e-01
 3.287e+00 8.8076e-01 8.8076e-01 [ 5.6820e-01 1.6623e-01 7.7785e-02 6.7092e-02 1.4464e-03 ] 1.1924e-01
 3.400e+00 8.8049e-01 8.8049e-01 [ 5.5948e-01 1.7099e-01 7.9966e-02 6.8584e-02 1.4704e-03 ] 1.1951e-01
 3.513e+00 8.8024e-01 8.8024e-01 [ 5.5077e-01 1.7575e-01 8.2157e-02 7.0067e-02 1.4960e-03 ] 1.1976e-01
 3.627e+00 8.8001e-01 8.8001e-01 [ 5.4207e-01 1.8052e-01 8.4356e-02 7.1545e-02 1.5207e-03 ] 1.1999e-01
 3.740e+00 8.7980e-01 8.7980e-01 [ 5.3338e-01 1.8530e-01 8.6566e-02 7.3017e-02 1.5463e-03 ] 1.2020e-01
 3.853e+00 8.7961e-01 8.7961e-01 [ 5.2469e-01 1.9008e-01 8.8786e-02 7.4485e-02 1.5715e-03 ] 1.2039e-01
 3.967e+00 8.7944e-01 8.7944e-01 [ 5.1601e-01 1.9486e-01 9.1016e-02 7.5950e-02 1.5972e-03 ] 1.2056e-01
 4.080e+00 8.7927e-01 8.7927e-01 [ 5.0735e-01 1.9964e-01 9.3257e-02 7.7412e-02 1.6229e-03 ] 1.2073e-01
 4.193e+00 8.7913e-01 8.7913e-01 [ 4.9868e-01 2.0441e-01 9.5509e-02 7.8872e-02 1.6489e-03 ] 1.2087e-01
 4.307e+00 8.7899e-01 8.7899e-01 [ 4.9003e-01 2.0918e-01 9.7773e-02 8.0332e-02 1.6750e-03 ] 1.2101e-01
 4.420e+00 8.7886e-01 8.7886e-01 [ 4.8138e-01 2.1393e-01 1.0005e-01 8.1792e-02 1.7014e-03 ] 1.2114e-01
 4.533e+00 8.7874e-01 8.7874e-01 [ 4.7275e-01 2.1868e-01 1.0234e-01 8.3254e-02 1.7280e-03 ] 1.2126e-01
 4.647e+00 8.7863e-01 8.7863e-01 [ 4.6412e-01 2.2340e-01 1.0464e-01 8.4717e-02 1.7549e-03 ] 1.2137e-01
 4.760e+00 8.7853e-01 8.7853e-01 [ 4.5551e-01 2.2811e-01 1.0695e-01 8.6184e-02 1.7820e-03 ] 1.2147e-01
 4.873e+00 8.7843e-01 8.7843e-01 [ 4.4690e-01 2.3279e-01 1.0928e-01 8.7654e-02 1.8093e-03 ] 1.2157e-01
 4.987e+00 8.7834e-01 8.7834e-01 [ 4.3832e-01 2.3744e-01 1.1162e-01 8.9129e-02 1.8369e-03 ] 1.2166e-01
 5.100e+00 8.7826e-01 8.7826e-01 [ 4.2974e-01 2.4206e-01 1.1398e-01 9.0610e-02 1.8648e-03 ] 1.2174e-01
 5.213e+00 8.7818e-01 8.7818e-01 [ 4.2119e-01 2.4665e-01 1.1635e-01 9.2098e-02 1.8930e-03 ] 1.2182e-01
 5.327e+00 8.7810e-01 8.7810e-01 [ 4.1265e-01 2.5120e-01 1.1873e-01 9.3593e-02 1.9215e-03 ] 1.2190e-01
 5.440e+00 8.7803e-01 8.7803e-01 [ 4.0414e-01 2.5571e-01 1.2114e-01 9.5096e-02 1.9503e-03 ] 1.2197e-01
 5.553e+00 8.7796e-01 8.7796e-01 [ 3.9565e-01 2.6017e-01 1.2355e-01 9.6609e-02 1.9794e-03 ] 1.2204e-01
 5.667e+00 8.7790e-01 8.7790e-01 [ 3.8719e-01 2.6458e-01 1.2599e-01 9.8132e-02 2.0089e-03 ] 1.2210e-01
 5.780e+00 8.7783e-01 8.7783e-01 [ 3.7875e-01 2.6893e-01 1.2844e-01 9.9665e-02 2.0387e-03 ] 1.2217e-01
 5.893e+00 8.7777e-01 8.7777e-01 [ 3.7035e-01 2.7323e-01 1.3091e-01 1.0121e-01 2.0689e-03 ] 1.2223e-01
 6.007e+00 8.7771e-01 8.7771e-01 [ 3.6199e-01 2.7746e-01 1.3340e-01 1.0277e-01 2.0994e-03 ] 1.2229e-01
 6.120e+00 8.7765e-01 8.7765e-01 [ 3.5366e-01 2.8162e-01 1.3590e-01 1.0434e-01 2.1303e-03 ] 1.2235e-01
 6.233e+00 8.7759e-01 8.7759e-01 [ 3.4538e-01 2.8571e-01 1.3842e-01 1.0592e-01 2.1616e-03 ] 1.2241e-01
 6.347e+00 8.7754e-01 8.7754e-01 [ 3.3714e-01 2.8972e-01 1.4097e-01 1.0752e-01 2.1932e-03 ] 1.2246e-01
 6.460e+00 8.7748e-01 8.7748e-01 [ 3.2895e-01 2.9365e-01 1.4353e-01 1.0914e-01 2.2253e-03 ] 1.2252e-01
 6.573e+00 8.7743e-01 8.7743e-01 [ 3.2081e-01 2.9749e-01 1.4611e-01 1.1077e-01 2.2578e-03 ] 1.2257e-01
 6.687e+00 8.7738e-01 8.7738e-01 [ 3.1273e-01 3.0124e-01 1.4870e-01 1.1242e-01 2.2907e-03 ] 1.2262e-01
 6.800e+00 8.7732e-01 8.7732e-01 [ 3.0470e-01 3.0489e-01 1.5132e-01 1.1408e-01 2.3241e-03 ] 1.2268e-01
 6.913e+00 8.7727e-01 8.7727e-01 [ 2.9674e-01 3.0845e-01 1.5396e-01 1.1577e-01 2.3579e-03 ] 1.2273e-01
 7.027e+00 8.7722e-01 8.7722e-01 [ 2.8884e-01 3.1190e-01 1.5662e-01 1.1747e-01 2.3922e-03 ] 1.2278e-01
 7.140e+00 8.7717e-01 8.7717e-01 [ 2.8102e-01 3.1524e-01 1.5930e-01 1.1919e-01 2.4269e-03 ] 1.2283e-01
 7.253e+00 8.7712e-01 8.7712e-01 [ 2.7326e-01 3.1846e-01 1.6199e-01 1.2094e-01 2.4621e-03 ] 1.2288e-01
 7.367e+00 8.7707e-01 8.7707e-01 [ 2.6559e-01 3.2157e-01 1.6471e-01 1.2270e-01 2.4979e-03 ] 1.2293e-01
 7.480e+00 8.7702e-01 8.7702e-01 [ 2.5799e-01 3.2456e-01 1.6745e-01 1.2449e-01 2.5341e-03 ] 1.2298e-01
 7.593e+00 8.7696e-01 8.7696e-01 [ 2.5048e-01 3.2741e-01 1.7021e-01 1.2630e-01 2.5708e-03 ] 1.2304e-01
 7.707e+00 8.7691e-01 8.7691e-01 [ 2.4305e-01 3.3014e-01 1.7298e-01 1.2813e-01 2.6081e-03 ] 1.2309e-01
 7.820e+00 8.7686e-01 8.7686e-01 [ 2.3572e-01 3.3273e-01 1.7578e-01 1.2999e-01 2.6459e-03 ] 1.2314e-01
 7.933e+00 8.7681e-01 8.7681e-01 [ 2.2848e-01 3.3519e-01 1.7860e-01 1.3187e-01 2.6842e-03 ] 1.2319e-01
 8.047e+00 8.7676e-01 8.7676e-01 [ 2.2133e-01 3.3750e-01 1.8143e-01 1.3377e-01 2.7231e-03 ] 1.2324e-01
 8.160e+00 8.7670e-01 8.7670e-01 [ 2.1429e-01 3.3966e-01 1.8428e-01 1.3571e-01 2.7626e-03 ] 1.2330e-01
 8.273e+00 8.7665e-01 8.7665e-01 [ 2.0735e-01 3.4168e-01 1.8716e-01 1.3767e-01 2.8027e-03 ] 1.2335e-01
 8.387e+00 8.7660e-01 8.7660e-01 [ 2.0052e-01 3.4354e-01 1.9004e-01 1.3966e-01 2.8433e-03 ] 1.2340e-01
 8.500e+00 8.7655e-01 8.7655e-01 [ 1.9380e-01 3.4524e-01 1.9295e-01 1.4167e-01 2.8846e-03 ] 1.2345e-01
 8.613e+00 8.7649e-01 8.7649e-01 [ 1.8719e-01 3.4679e-01 1.9587e-01 1.4372e-01 2.9265e-03 ] 1.2351e-01
 8.727e+00 8.7644e-01 8.7644e-01 [ 1.8069e-01 3.4818e-01 1.9881e-01 1.4579e-01 2.9690e-03 ] 1.2356e-01
 8.840e+00 8.7638e-01 8.7638e-01 [ 1.7431e-01 3.4940e-01 2.0177e-01 1.4789e-01 3.0122e-03 ] 1.2362e-01
 8.953e+00 8.7633e-01 8.7633e-01 [ 1.6806e-01 3.5045e-01 2.0474e-01 1.5003e-01 3.0560e-03 ] 1.2367e-01
 9.067e+00 8.7627e-01 8.7627e-01 [ 1.6192e-01 3.5134e-01 2.0772e-01 1.5220e-01 3.1006e-03 ] 1.2373e-01
 9.180e+00 8.7622e-01 8.7622e-01 [ 1.5591e-01 3.5205e-01 2.1071e-01 1.5440e-01 3.1458e-03 ] 1.2378e-01
 9.293e+00 8.7616e-01 8.7616e-01 [ 1.5002e-01 3.5260e-01 2.1372e-01 1.5663e-01 3.1917e-03 ] 1.2384e-01
 9.407e+00 8.7611e-01 8.7611e-01 [ 1.4426e-01 3.5297e-01 2.1674e-01 1.5890e-01 3.2383e-03 ] 1.2389e-01
 9.520e+00 8.7605e-01 8.7605e-01 [ 1.3863e-01 3.5316e-01 2.1976e-01 1.6120e-01 3.2856e-03 ] 1.2395e-01
 9.633e+00 8.7599e-01 8.7599e-01 [ 1.3313e-01 3.5318e-01 2.2280e-01 1.6354e-01 3.3337e-03 ] 1.2401e-01
 9.747e+00 8.7593e-01 8.7593e-01 [ 1.2776e-01 3.5303e-01 2.2584e-01 1.6592e-01 3.3825e-03 ] 1.2407e-01
 9.860e+00 8.7587e-01 8.7587e-01 [ 1.2253e-01 3.5269e-01 2.2889e-01 1.6833e-01 3.4321e-03 ] 1.2413e-01
 9.973e+00 8.7582e-01 8.7582e-01 [ 1.1742e-01 3.5218e-01 2.3194e-01 1.7078e-01 3.4825e-03 ] 1.2418e-01
 1.009e+01 8.7576e-01 8.7576e-01 [ 1.1246e-01 3.5150e-01 2.3499e-01 1.7327e-01 3.5337e-03 ] 1.2424e-01
 1.020e+01 8.7570e-01 8.7570e-01 [ 1.0762e-01 3.5064e-01 2.3805e-01 1.7580e-01 3.5856e-03 ] 1.2430e-01
 1.031e+01 8.7564e-01 8.7564e-01 [ 1.0292e-01 3.4960e-01 2.4110e-01 1.7838e-01 3.6384e-03 ] 1.2436e-01
 1.043e+01 8.7558e-01 8.7558e-01 [ 9.8351e-02 3.4839e-01 2.4415e-01 1.8099e-01 3.6921e-03 ] 1.2442e-01
 1.054e+01 8.7552e-01 8.7552e-01 [ 9.3918e-02 3.4701e-01 2.4720e-01 1.8364e-01 3.7465e-03 ] 1.2448e-01
 1.065e+01 8.7545e-01 8.7545e-01 [ 8.9618e-02 3.4546e-01 2.5024e-01 1.8634e-01 3.8018e-03 ] 1.2455e-01
 1.077e+01 8.7539e-01 8.7539e-01 [ 8.5452e-02 3.4373e-01 2.5327e-01 1.8909e-01 3.8580e-03 ] 1.2461e-01
 1.088e+01 8.7533e-01 8.7533e-01 [ 8.1418e-02 3.4184e-01 2.5629e-01 1.9187e-01 3.9151e-03 ] 1.2467e-01
 1.099e+01 8.7527e-01 8.7527e-01 [ 7.7515e-02 3.3978e-01 2.5929e-01 1.9471e-01 3.9730e-03 ] 1.2473e-01
 1.111e+01 8.7521e-01 8.7521e-01 [ 7.3742e-02 3.3756e-01 2.6228e-01 1.9759e-01 4.0319e-03 ] 1.2479e-01
 1.122e+01 8.7514e-01 8.7514e-01 [ 7.0099e-02 3.3518e-01 2.6526e-01 2.0052e-01 4.0917e-03 ] 1.2486e-01
 1.133e+01 8.7508e-01 8.7508e-01 [ 6.6584e-02 3.3264e-01 2.6821e-01 2.0350e-01 4.1523e-03 ] 1.2492e-01
 1.145e+01 8.7502e-01 8.7502e-01 [ 6.3195e-02 3.2994e-01 2.7114e-01 2.0653e-01 4.2139e-03 ] 1.2498e-01
 1.156e+01 8.7496e-01 8.7496e-01 [ 5.9931e-02 3.2710e-01 2.7405e-01 2.0960e-01 4.2765e-03 ] 1.2504e-01
 1.167e+01 8.7489e-01 8.7489e-01 [ 5.6789e-02 3.2410e-01 2.7693e-01 2.1273e-01 4.3399e-03 ] 1.2511e-01
 1.179e+01 8.7483e-01 8.7483e-01 [ 5.3769e-02 3.2097e-01 2.7977e-01 2.1592e-01 4.4044e-03 ] 1.2517e-01
 1.190e+01 8.7477e-01 8.7477e-01 [ 5.0867e-02 3.1769e-01 2.8259e-01 2.1915e-01 4.4697e-03 ] 1.2523e-01
 1.201e+01 8.7471e-01 8.7471e-01 [ 4.8082e-02 3.1428e-01 2.8537e-01 2.2244e-01 4.5361e-03 ] 1.2529e-01
 1.213e+01 8.7464e-01 8.7464e-01 [ 4.5412e-02 3.1073e-01 2.8811e-01 2.2579e-01 4.6033e-03 ] 1.2536e-01
 1.224e+01 8.7458e-01 8.7458e-01 [ 4.2854e-02 3.0706e-01 2.9081e-01 2.2919e-01 4.6716e-03 ] 1.2542e-01
 1.235e+01 8.7452e-01 8.7452e-01 [ 4.0405e-02 3.0327e-01 2.9346e-01 2.3264e-01 4.7408e-03 ] 1.2548e-01
 1.247e+01 8.7446e-01 8.7446e-01 [ 3.8064e-02 2.9936e-01 2.9607e-01 2.3616e-01 4.8109e-03 ] 1.2554e-01
 1.258e+01 8.7440e-01 8.7440e-01 [ 3.5827e-02 2.9534e-01 2.9863e-01 2.3973e-01 4.8820e-03 ] 1.2560e-01
 1.269e+01 8.7434e-01 8.7434e-01 [ 3.3692e-02 2.9121e-01 3.0113e-01 2.4336e-01 4.9541e-03 ] 1.2566e-01
 1.281e+01 8.7429e-01 8.7429e-01 [ 3.1657e-02 2.8698e-01 3.0358e-01 2.4705e-01 5.0271e-03 ] 1.2571e-01
 1.292e+01 8.7423e-01 8.7423e-01 [ 2.9718e-02 2.8265e-01 3.0597e-01 2.5079e-01 5.1010e-03 ] 1.2577e-01
 1.303e+01 8.7418e-01 8.7418e-01 [ 2.7873e-02 2.7823e-01 3.0830e-01 2.5460e-01 5.1758e-03 ] 1.2582e-01
 1.315e+01 8.7412e-01 8.7412e-01 [ 2.6119e-02 2.7372e-01 3.1057e-01 2.5847e-01 5.2515e-03 ] 1.2588e-01
 1.326e+01 8.7407e-01 8.7407e-01 [ 2.4452e-02 2.6913e-01 3.1276e-01 2.6240e-01 5.3281e-03 ] 1.2593e-01
 1.337e+01 8.7403e-01 8.7403e-01 [ 2.2871e-02 2.6447e-01 3.1489e-01 2.6639e-01 5.4056e-03 ] 1.2597e-01
 1.349e+01 8.7398e-01 8.7398e-01 [ 2.1372e-02 2.5974e-01 3.1695e-01 2.7043e-01 5.4840e-03 ] 1.2602e-01
 1.360e+01 8.7394e-01 8.7394e-01 [ 1.9953e-02 2.5495e-01 3.1893e-01 2.7454e-01 5.5631e-03 ] 1.2606e-01
 1.371e+01 8.7390e-01 8.7390e-01 [ 1.8611e-02 2.5010e-01 3.2083e-01 2.7871e-01 5.6430e-03 ] 1.2610e-01
 1.383e+01 8.7387e-01 8.7387e-01 [ 1.7342e-02 2.4520e-01 3.2266e-01 2.8295e-01 5.7237e-03 ] 1.2613e-01
 1.394e+01 8.7384e-01 8.7384e-01 [ 1.6144e-02 2.4025e-01 3.2440e-01 2.8724e-01 5.8052e-03 ] 1.2616e-01
 1.405e+01 8.7382e-01 8.7382e-01 [ 1.5014e-02 2.3527e-01 3.2606e-01 2.9158e-01 5.8873e-03 ] 1.2618e-01
 1.417e+01 8.7380e-01 8.7380e-01 [ 1.3949e-02 2.3025e-01 3.2764e-01 2.9599e-01 5.9700e-03 ] 1.2620e-01
 1.428e+01 8.7379e-01 8.7379e-01 [ 1.2947e-02 2.2521e-01 3.2913e-01 3.0046e-01 6.0534e-03 ] 1.2621e-01
 1.439e+01 8.7379e-01 8.7379e-01 [ 1.2005e-02 2.2014e-01 3.3053e-01 3.0498e-01 6.1373e-03 ] 1.2621e-01
 1.451e+01 8.7379e-01 8.7379e-01 [ 1.1121e-02 2.1506e-01 3.3184e-01 3.0955e-01 6.2218e-03 ] 1.2621e-01
 1.462e+01 8.7381e-01 8.7381e-01 [ 1.0291e-02 2.0997e-01 3.3306e-01 3.1418e-01 6.3066e-03 ] 1.2619e-01
 1.473e+01 8.7383e-01 8.7383e-01 [ 9.5130e-03 2.0488e-01 3.3418e-01 3.1887e-01 6.3919e-03 ] 1.2617e-01
 1.485e+01 8.7387e-01 8.7387e-01 [ 8.7848e-03 1.9979e-01 3.3522e-01 3.2360e-01 6.4775e-03 ] 1.2613e-01
 1.496e+01 8.7392e-01 8.7392e-01 [ 8.1039e-03 1.9471e-01 3.3616e-01 3.2838e-01 6.5633e-03 ] 1.2608e-01
 1.507e+01 8.7398e-01 8.7398e-01 [ 7.4679e-03 1.8964e-01 3.3702e-01 3.3321e-01 6.6494e-03 ] 1.2602e-01
 1.519e+01 8.7406e-01 8.7406e-01 [ 6.8744e-03 1.8460e-01 3.3778e-01 3.3807e-01 6.7355e-03 ] 1.2594e-01
 1.530e+01 8.7416e-01 8.7416e-01 [ 6.3213e-03 1.7959e-01 3.3845e-01 3.4298e-01 6.8217e-03 ] 1.2584e-01
 1.541e+01 8.7428e-01 8.7428e-01 [ 5.8064e-03 1.7461e-01 3.3903e-01 3.4793e-01 6.9078e-03 ] 1.2572e-01
 1.553e+01 8.7442e-01 8.7442e-01 [ 5.3276e-03 1.6967e-01 3.3952e-01 3.5291e-01 6.9937e-03 ] 1.2558e-01
 1.564e+01 8.7458e-01 8.7458e-01 [ 4.8829e-03 1.6477e-01 3.3992e-01 3.5793e-01 7.0795e-03 ] 1.2542e-01
 1.575e+01 8.7477e-01 8.7477e-01 [ 4.4703e-03 1.5993e-01 3.4024e-01 3.6296e-01 7.1649e-03 ] 1.2523e-01
 1.587e+01 8.7499e-01 8.7499e-01 [ 4.0880e-03 1.5515e-01 3.4048e-01 3.6803e-01 7.2499e-03 ] 1.2501e-01
 1.598e+01 8.7524e-01 8.7524e-01 [ 3.7342e-03 1.5043e-01 3.4064e-01 3.7311e-01 7.3343e-03 ] 1.2476e-01
 1.609e+01 8.7553e-01 8.7553e-01 [ 3.4071e-03 1.4578e-01 3.4073e-01 3.7820e-01 7.4181e-03 ] 1.2447e-01
 1.621e+01 8.7586e-01 8.7586e-01 [ 3.1051e-03 1.4120e-01 3.4074e-01 3.8331e-01 7.5012e-03 ] 1.2414e-01
 1.632e+01 8.7622e-01 8.7622e-01 [ 2.8266e-03 1.3671e-01 3.4068e-01 3.8842e-01 7.5834e-03 ] 1.2378e-01
 1.643e+01 8.7664e-01 8.7664e-01 [ 2.5702e-03 1.3231e-01 3.4056e-01 3.9353e-01 7.6647e-03 ] 1.2336e-01
 1.655e+01 8.7710e-01 8.7710e-01 [ 2.3343e-03 1.2800e-01 3.4038e-01 3.9864e-01 7.7449e-03 ] 1.2290e-01
 1.666e+01 8.7762e-01 8.7762e-01 [ 2.1177e-03 1.2379e-01 3.4015e-01 4.0374e-01 7.8239e-03 ] 1.2238e-01
 1.677e+01 8.7820e-01 8.7820e-01 [ 1.9189e-03 1.1968e-01 3.3987e-01 4.0882e-01 7.9016e-03 ] 1.2180e-01
 1.689e+01 8.7884e-01 8.7884e-01 [ 1.7369e-03 1.1568e-01 3.3955e-01 4.1389e-01 7.9779e-03 ] 1.2116e-01
 1.700e+01 8.7955e-01 8.7955e-01 [ 1.5704e-03 1.1181e-01 3.3920e-01 4.1892e-01 8.0526e-03 ] 1.2045e-01
 1.711e+01 8.8034e-01 8.8034e-01 [ 1.4183e-03 1.0805e-01 3.3882e-01 4.2393e-01 8.1258e-03 ] 1.1966e-01
 1.723e+01 8.8120e-01 8.8120e-01 [ 1.2796e-03 1.0442e-01 3.3841e-01 4.2889e-01 8.1972e-03 ] 1.1880e-01
 1.734e+01 8.8215e-01 8.8215e-01 [ 1.1533e-03 1.0092e-01 3.3799e-01 4.3382e-01 8.2667e-03 ] 1.1785e-01
 1.745e+01 8.8319e-01 8.8319e-01 [ 1.0385e-03 9.7561e-02 3.3756e-01 4.3869e-01 8.3344e-03 ] 1.1681e-01
 1.757e+01 8.8433e-01 8.8433e-01 [ 9.3441e-04 9.4344e-02 3.3714e-01 4.4351e-01 8.4001e-03 ] 1.1567e-01
 1.768e+01 8.8557e-01 8.8557e-01 [ 8.4015e-04 9.1274e-02 3.3672e-01 4.4827e-01 8.4640e-03 ] 1.1443e-01
 1.779e+01 8.8691e-01 8.8691e-01 [ 7.5501e-04 8.8356e-02 3.3631e-01 4.5296e-01 8.5260e-03 ] 1.1309e-01
 1.791e+01 8.8837e-01 8.8837e-01 [ 6.7829e-04 8.5595e-02 3.3592e-01 4.5758e-01 8.5866e-03 ] 1.1163e-01
 1.802e+01 8.8994e-01 8.8994e-01 [ 6.0935e-04 8.2995e-02 3.3557e-01 4.6212e-01 8.6462e-03 ] 1.1007e-01
 1.813e+01 8.9162e-01 8.9162e-01 [ 5.4761e-04 8.0559e-02 3.3525e-01 4.6656e-01 8.7058e-03 ] 1.0838e-01
 1.825e+01 8.9342e-01 8.9342e-01 [ 4.9253e-04 7.8292e-02 3.3496e-01 4.7091e-01 8.7669e-03 ] 1.0658e-01
 1.836e+01 8.9532e-01 8.9532e-01 [ 4.4360e-04 7.6196e-02 3.3471e-01 4.7513e-01 8.8321e-03 ] 1.0468e-01
 1.847e+01 8.9729e-01 8.9729e-01 [ 4.0037e-04 7.4272e-02 3.3450e-01 4.7921e-01 8.9050e-03 ] 1.0271e-01
 1.859e+01 8.9925e-01 8.9925e-01 [ 3.6240e-04 7.2515e-02 3.3430e-01 4.8309e-01 8.9906e-03 ] 1.0075e-01
 1.870e+01 9.0100e-01 9.0100e-01 [ 3.2927e-04 7.0915e-02 3.3403e-01 4.8664e-01 9.0955e-03 ] 9.8998e-02
 1.881e+01 9.0202e-01 9.0202e-01 [ 3.0049e-04 6.9434e-02 3.3350e-01 4.8955e-01 9.2255e-03 ] 9.7982e-02
 1.893e+01 9.0098e-01 9.0098e-01 [ 2.7541e-04 6.7977e-02 3.3225e-01 4.9110e-01 9.3814e-03 ] 9.9016e-02
 1.904e+01 8.9461e-01 8.9461e-01 [ 2.5291e-04 6.6305e-02 3.2906e-01 4.8944e-01 9.5445e-03 ] 1.0539e-01
 1.915e+01 8.7525e-01 8.7525e-01 [ 2.3088e-04 6.3869e-02 3.2115e-01 4.8036e-01 9.6465e-03 ] 1.2475e-01
 1.927e+01 8.2846e-01 8.2846e-01 [ 2.0577e-04 5.9646e-02 3.0324e-01 4.5584e-01 9.5277e-03 ] 1.7154e-01
 1.938e+01 7.3801e-01 7.3801e-01 [ 1.7402e-04 5.2514e-02 2.6945e-01 4.0690e-01 8.9658e-03 ] 2.6199e-01
 1.949e+01 6.0425e-01 6.0425e-01 [ 1.3614e-04 4.2543e-02 2.2002e-01 3.3367e-01 7.8726e-03 ] 3.9575e-01
 1.961e+01 4.5276e-01 4.5276e-01 [ 9.7888e-05 3.1558e-02 1.6435e-01 2.5031e-01 6.4435e-03 ] 5.4724e-01
 1.972e+01 3.1491e-01 3.1491e-01 [ 6.5486e-05 2.1729e-02 1.1388e-01 1.7423e-01 5.0010e-03 ] 6.8509e-01
 1.983e+01 2.0771e-01 2.0771e-01 [ 4.1576e-05 1.4179e-02 7.4761e-02 1.1496e-01 3.7666e-03 ] 7.9229e-01
 1.995e+01 1.3251e-01 1.3251e-01 [ 2.5519e-05 8.9379e-03 4.7404e-02 7.3332e-02 2.8072e-03 ] 8.6749e-01
 2.006e+01 8.2999e-02 8.2999e-02 [ 1.5356e-05 5.5223e-03 2.9458e-02 4.5906e-02 2.0967e-03 ] 9.1700e-01
 2.017e+01 5.1580e-02 5.1580e-02 [ 9.1455e-06 3.3771e-03 1.8118e-02 2.8496e-02 1.5797e-03 ] 9.4842e-01
 2.029e+01 3.2027e-02 3.2027e-02 [ 5.4240e-06 2.0568e-03 1.1099e-02 1.7662e-02 1.2030e-03 ] 9.6797e-01
 2.040e+01 1.9962e-02 1.9962e-02 [ 3.2153e-06 1.2525e-03 6.7980e-03 1.0982e-02 9.2575e-04 ] 9.8004e-01
 2.051e+01 1.2531e-02 1.2531e-02 [ 1.9093e-06 7.6425e-04 4.1727e-03 6.8731e-03 7.1896e-04 ] 9.8747e-01
 2.063e+01 7.9424e-03 7.9424e-03 [ 1.1373e-06 4.6796e-04 2.5703e-03 4.3404e-03 5.6260e-04 ] 9.9206e-01
 2.074e+01 5.0931e-03 5.0931e-03 [ 6.7999e-07 2.8774e-04 1.5900e-03 2.7717e-03 4.4297e-04 ] 9.9491e-01
 2.085e+01 3.3102e-03 3.3102e-03 [ 4.0828e-07 1.7775e-04 9.8825e-04 1.7933e-03 3.5053e-04 ] 9.9669e-01
 2.097e+01 2.1840e-03 2.1840e-03 [ 2.4621e-07 1.1033e-04 6.1723e-04 1.1777e-03 2.7853e-04 ] 9.9782e-01
 2.108e+01 1.4648e-03 1.4648e-03 [ 1.4913e-07 6.8813e-05 3.8741e-04 7.8631e-04 2.2210e-04 ] 9.9854e-01
 2.119e+01 9.9981e-04 9.9981e-04 [ 9.0720e-08 4.3127e-05 2.4436e-04 5.3460e-04 1.7764e-04 ] 9.9900e-01
 2.131e+01 6.9508e-04 6.9508e-04 [ 5.5427e-08 2.7158e-05 1.5488e-04 3.7053e-04 1.4246e-04 ] 9.9930e-01
 2.142e+01 4.9239e-04 4.9239e-04 [ 3.4007e-08 1.7182e-05 9.8632e-05 2.6200e-04 1.1454e-04 ] 9.9951e-01
 2.153e+01 3.5539e-04 3.5539e-04 [ 2.0950e-08 1.0920e-05 6.3104e-05 1.8904e-04 9.2302e-05 ] 9.9964e-01
 2.165e+01 2.6122e-04 2.6122e-04 [ 1.2958e-08 6.9709e-06 4.0557e-05 1.3913e-04 7.4544e-05 ] 9.9974e-01
 2.176e+01 1.9534e-04 1.9534e-04 [ 8.0453e-09 4.4692e-06 2.6180e-05 1.0436e-04 6.0327e-05 ] 9.9980e-01
 2.187e+01 1.4843e-04 1.4843e-04 [ 5.0137e-09 2.8773e-06 1.6972e-05 7.9659e-05 4.8919e-05 ] 9.9985e-01
 2.199e+01 1.1443e-04 1.1443e-04 [ 3.1357e-09 1.8599e-06 1.1048e-05 6.1779e-05 3.9743e-05 ] 9.9989e-01
 2.210e+01 8.9369e-05 8.9369e-05 [ 1.9680e-09 1.2070e-06 7.2213e-06 4.8590e-05 3.2349e-05 ] 9.9991e-01
 2.221e+01 7.0588e-05 7.0588e-05 [ 1.2392e-09 7.8631e-07 4.7382e-06 3.8685e-05 2.6377e-05 ] 9.9993e-01
 2.233e+01 5.6302e-05 5.6302e-05 [ 7.8287e-10 5.1413e-07 3.1208e-06 3.1121e-05 2.1545e-05 ] 9.9994e-01
 2.244e+01 4.5286e-05 4.5286e-05 [ 4.9611e-10 3.3737e-07 2.0630e-06 2.5258e-05 1.7627e-05 ] 9.9995e-01
 2.255e+01 3.6687e-05 3.6687e-05 [ 3.1532e-10 2.2215e-07 1.3686e-06 2.0651e-05 1.4445e-05 ] 9.9996e-01
 2.267e+01 2.9902e-05 2.9902e-05 [ 2.0100e-10 1.4677e-07 9.1111e-07 1.6988e-05 1.1857e-05 ] 9.9997e-01
 2.278e+01 2.4499e-05 2.4499e-05 [ 1.2848e-10 9.7289e-08 6.0856e-07 1.4046e-05 9.7465e-06 ] 9.9998e-01
 2.289e+01 2.0160e-05 2.0160e-05 [ 8.2346e-11 6.4690e-08 4.0779e-07 1.1664e-05 8.0238e-06 ] 9.9998e-01
 2.301e+01 1.6652e-05 1.6652e-05 [ 5.2914e-11 4.3146e-08 2.7412e-07 9.7195e-06 6.6150e-06 ] 9.9998e-01
 2.312e+01 1.3799e-05 1.3799e-05 [ 3.4085e-11 2.8862e-08 1.8482e-07 8.1236e-06 5.4612e-06 ] 9.9999e-01
 2.323e+01 1.1466e-05 1.1466e-05 [ 2.2009e-11 1.9362e-08 1.2498e-07 6.8068e-06 4.5147e-06 ] 9.9999e-01
 2.335e+01 9.5505e-06 9.5505e-06 [ 1.4244e-11 1.3024e-08 8.4756e-08 5.7155e-06 3.7371e-06 ] 9.9999e-01
 2.346e+01 7.9718e-06 7.9718e-06 [ 9.2386e-12 8.7850e-09 5.7637e-08 4.8080e-06 3.0974e-06 ] 9.9999e-01
 2.357e+01 6.6665e-06 6.6665e-06 [ 6.0049e-12 5.9408e-09 3.9300e-08 4.0510e-06 2.5703e-06 ] 9.9999e-01
 2.369e+01 5.5842e-06 5.5842e-06 [ 3.9110e-12 4.0274e-09 2.6866e-08 3.4178e-06 2.1355e-06 ] 9.9999e-01
 2.380e+01 4.6845e-06 4.6845e-06 [ 2.5522e-12 2.7370e-09 1.8412e-08 2.8871e-06 1.7762e-06 ] 1.0000e+00
 2.391e+01 3.9350e-06 3.9350e-06 [ 1.6686e-12 1.8643e-09 1.2649e-08 2.4414e-06 1.4791e-06 ] 1.0000e+00
 2.403e+01 3.3095e-06 3.3095e-06 [ 1.0928e-12 1.2728e-09 8.7099e-09 2.0666e-06 1.2330e-06 ] 1.0000e+00
 2.414e+01 2.7865e-06 2.7865e-06 [ 7.1699e-13 8.7084e-10 6.0113e-09 1.7508e-06 1.0289e-06 ] 1.0000e+00
 2.425e+01 2.3486e-06 2.3486e-06 [ 4.7117e-13 5.9709e-10 4.1579e-09 1.4844e-06 8.5945e-07 ] 1.0000e+00
 2.437e+01 1.9814e-06 1.9814e-06 [ 3.1012e-13 4.1022e-10 2.8821e-09 1.2595e-06 7.1862e-07 ] 1.0000e+00
 2.448e+01 1.6731e-06 1.6731e-06 [ 2.0442e-13 2.8240e-10 2.0018e-09 1.0693e-06 6.0144e-07 ] 1.0000e+00
 2.459e+01 1.4139e-06 1.4139e-06 [ 1.3494e-13 1.9477e-10 1.3932e-09 9.0848e-07 5.0383e-07 ] 1.0000e+00
 2.471e+01 1.1958e-06 1.1958e-06 [ 8.9200e-14 1.3458e-10 9.7146e-10 7.7226e-07 4.2244e-07 ] 1.0000e+00
 2.482e+01 1.0121e-06 1.0121e-06 [ 5.9040e-14 9.3161e-11 6.7865e-10 6.5683e-07 3.5450e-07 ] 1.0000e+00
 2.493e+01 8.5721e-07 8.5721e-07 [ 3.9126e-14 6.4597e-11 4.7495e-10 5.5893e-07 2.9774e-07 ] 1.0000e+00
 2.505e+01 7.2649e-07 7.2649e-07 [ 2.5960e-14 4.4865e-11 3.3297e-10 4.7585e-07 2.5026e-07 ] 1.0000e+00
 2.516e+01 6.1609e-07 6.1609e-07 [ 1.7244e-14 3.1211e-11 2.3383e-10 4.0530e-07 2.1053e-07 ] 1.0000e+00
 2.527e+01 5.2278e-07 5.2278e-07 [ 1.1466e-14 2.1745e-11 1.6447e-10 3.4536e-07 1.7723e-07 ] 1.0000e+00
 2.539e+01 4.4385e-07 4.4385e-07 [ 7.6325e-15 1.5173e-11 1.1587e-10 2.9441e-07 1.4931e-07 ] 1.0000e+00
 2.550e+01 3.7703e-07 3.7703e-07 [ 5.0854e-15 1.0602e-11 8.1751e-11 2.5106e-07 1.2588e-07 ] 1.0000e+00
 2.561e+01 3.2044e-07 3.2044e-07 [ 3.3914e-15 7.4187e-12 5.7764e-11 2.1418e-07 1.0619e-07 ] 1.0000e+00
 2.573e+01 2.7247e-07 2.7247e-07 [ 2.2636e-15 5.1980e-12 4.0873e-11 1.8278e-07 8.9646e-08 ] 1.0000e+00
 2.584e+01 2.3179e-07 2.3179e-07 [ 1.5121e-15 3.6467e-12 2.8961e-11 1.5603e-07 7.5726e-08 ] 1.0000e+00
 2.595e+01 1.9727e-07 1.9727e-07 [ 1.0109e-15 2.5615e-12 2.0547e-11 1.3324e-07 6.4007e-08 ] 1.0000e+00
 2.607e+01 1.6796e-07 1.6796e-07 [ 6.7631e-16 1.8014e-12 1.4597e-11 1.1381e-07 5.4134e-08 ] 1.0000e+00
 2.618e+01 1.4307e-07 1.4307e-07 [ 4.5277e-16 1.2683e-12 1.0382e-11 9.7247e-08 4.5810e-08 ] 1.0000e+00
 2.629e+01 1.2191e-07 1.2191e-07 [ 3.0331e-16 8.9399e-13 7.3936e-12 8.3114e-08 3.8787e-08 ] 1.0000e+00
 2.641e+01 1.0392e-07 1.0392e-07 [ 2.0331e-16 6.3080e-13 5.2713e-12 7.1053e-08 3.2859e-08 ] 1.0000e+00
 2.652e+01 8.8613e-08 8.8613e-08 [ 1.3636e-16 4.4555e-13 3.7624e-12 6.0757e-08 2.7851e-08 ] 1.0000e+00
 2.663e+01 7.5587e-08 7.5587e-08 [ 9.1501e-17 3.1502e-13 2.6883e-12 5.1966e-08 2.3619e-08 ] 1.0000e+00
 2.675e+01 6.4497e-08 6.4497e-08 [ 6.1430e-17 2.2294e-13 1.9229e-12 4.4456e-08 2.0039e-08 ] 1.0000e+00
 2.686e+01 5.5051e-08 5.5051e-08 [ 4.1261e-17 1.5791e-13 1.3768e-12 3.8040e-08 1.7010e-08 ] 1.0000e+00
 2.697e+01 4.7003e-08 4.7003e-08 [ 2.7725e-17 1.1196e-13 9.8679e-13 3.2557e-08 1.4445e-08 ] 1.0000e+00
 2.709e+01 4.0142e-08 4.0142e-08 [ 1.8637e-17 7.9439e-14 7.0794e-13 2.7869e-08 1.2272e-08 ] 1.0000e+00
 2.720e+01 3.4292e-08 3.4292e-08 [ 1.2532e-17 5.6412e-14 5.0837e-13 2.3861e-08 1.0431e-08 ] 1.0000e+00
 2.731e+01 2.9302e-08 2.9302e-08 [ 8.4296e-18 4.0092e-14 3.6541e-13 2.0433e-08 8.8689e-09 ] 1.0000e+00
 2.743e+01 2.5045e-08 2.5045e-08 [ 5.6718e-18 2.8514e-14 2.6289e-13 1.7500e-08 7.5441e-09 ] 1.0000e+00
 2.754e+01 2.1411e-08 2.1411e-08 [ 3.8172e-18 2.0294e-14 1.8930e-13 1.4991e-08 6.4196e-09 ] 1.0000e+00
 2.765e+01 1.8308e-08 1.8308e-08 [ 2.5697e-18 1.4454e-14 1.3644e-13 1.2843e-08 5.4647e-09 ] 1.0000e+00
 2.777e+01 1.5659e-08 1.5659e-08 [ 1.7302e-18 1.0301e-14 9.8429e-14 1.1005e-08 4.6534e-09 ] 1.0000e+00
 2.788e+01 1.3395e-08 1.3395e-08 [ 1.1651e-18 7.3464e-15 7.1074e-14 9.4313e-09 3.9640e-09 ] 1.0000e+00
 2.799e+01 1.1461e-08 1.1461e-08 [ 7.8476e-19 5.2423e-15 5.1370e-14 8.0836e-09 3.3778e-09 ] 1.0000e+00
 2.811e+01 9.8085e-09 9.8085e-09 [ 5.2862e-19 3.7430e-15 3.7166e-14 6.9293e-09 2.8792e-09 ] 1.0000e+00
 2.822e+01 8.3955e-09 8.3955e-09 [ 3.5612e-19 2.6740e-15 2.6917e-14 5.9406e-09 2.4549e-09 ] 1.0000e+00
 2.833e+01 7.1874e-09 7.1874e-09 [ 2.3993e-19 1.9113e-15 1.9516e-14 5.0935e-09 2.0938e-09 ] 1.0000e+00
 2.845e+01 6.1541e-09 6.1541e-09 [ 1.6166e-19 1.3669e-15 1.4166e-14 4.3678e-09 1.7863e-09 ] 1.0000e+00
 2.856e+01 5.2702e-09 5.2702e-09 [ 1.0892e-19 9.7798e-16 1.0296e-14 3.7458e-09 1.5244e-09 ] 1.0000e+00
 2.867e+01 4.5139e-09 4.5139e-09 [ 7.3392e-20 7.0007e-16 7.4943e-15 3.2127e-09 1.3012e-09 ] 1.0000e+00
 2.879e+01 3.8667e-09 3.8667e-09 [ 4.9451e-20 5.0136e-16 5.4633e-15 2.7557e-09 1.1110e-09 ] 1.0000e+00
 2.890e+01 3.3128e-09 3.3128e-09 [ 3.3319e-20 3.5920e-16 3.9897e-15 2.3640e-09 9.4880e-10 ] 1.0000e+00
 2.901e+01 2.8386e-09 2.8386e-09 [ 2.2448e-20 2.5746e-16 2.9193e-15 2.0281e-09 8.1048e-10 ] 1.0000e+00
 2.913e+01 2.4325e-09 2.4325e-09 [ 1.5123e-20 1.8461e-16 2.1409e-15 1.7400e-09 6.9249e-10 ] 1.0000e+00
 2.924e+01 2.0849e-09 2.0849e-09 [ 1.0187e-20 1.3242e-16 1.5741e-15 1.4930e-09 5.9180e-10 ] 1.0000e+00
 2.935e+01 1.7871e-09 1.7871e-09 [ 6.8618e-21 9.5016e-17 1.1607e-15 1.2812e-09 5.0586e-10 ] 1.0000e+00
 2.947e+01 1.5320e-09 1.5320e-09 [ 4.6213e-21 6.8202e-17 8.5873e-16 1.0995e-09 4.3249e-10 ] 1.0000e+00
 2.958e+01 1.3134e-09 1.3134e-09 [ 3.1120e-21 4.8971e-17 6.3772e-16 9.4361e-10 3.6983e-10 ] 1.0000e+00
 2.969e+01 1.1262e-09 1.1262e-09 [ 2.0952e-21 3.5173e-17 4.7563e-16 8.0989e-10 3.1631e-10 ] 1.0000e+00
 2.981e+01 9.6574e-10 9.6574e-10 [ 1.4105e-21 2.5270e-17 3.5645e-16 6.9515e-10 2.7059e-10 ] 1.0000e+00
 2.992e+01 8.2822e-10 8.2822e-10 [ 9.4932e-22 1.8160e-17 2.6859e-16 5.9671e-10 2.3151e-10 ] 1.0000e+00
 3.003e+01 7.1034e-10 7.1034e-10 [ 6.3881e-22 1.3054e-17 2.0360e-16 5.1223e-10 1.9811e-10 ] 1.0000e+00
 3.015e+01 6.0929e-10 6.0929e-10 [ 4.2978e-22 9.3864e-18 1.5535e-16 4.3974e-10 1.6956e-10 ] 1.0000e+00
 3.026e+01 5.2266e-10 5.2266e-10 [ 2.8908e-22 6.7505e-18 1.1939e-16 3.7752e-10 1.4514e-10 ] 1.0000e+00
 3.037e+01 4.4838e-10 4.4838e-10 [ 1.9440e-22 4.8560e-18 9.2459e-17 3.2412e-10 1.2426e-10 ] 1.0000e+00
 3.049e+01 3.8469e-10 3.8469e-10 [ 1.3069e-22 3.4938e-18 7.2182e-17 2.7829e-10 1.0640e-10 ] 1.0000e+00
 3.060e+01 3.3006e-10 3.3006e-10 [ 8.7843e-23 2.5143e-18 5.6825e-17 2.3894e-10 9.1116e-11 ] 1.0000e+00
 3.071e+01 2.8321e-10 2.8321e-10 [ 5.9025e-23 1.8097e-18 4.5119e-17 2.0517e-10 7.8040e-11 ] 1.0000e+00
 3.083e+01 2.4303e-10 2.4303e-10 [ 3.9650e-23 1.3028e-18 3.6134e-17 1.7618e-10 6.6849e-11 ] 1.0000e+00
 3.094e+01 2.0856e-10 2.0856e-10 [ 2.6627e-23 9.3802e-19 2.9183e-17 1.5129e-10 5.7270e-11 ] 1.0000e+00
 3.105e+01 1.7899e-10 1.7899e-10 [ 1.7876e-23 6.7549e-19 2.3764e-17 1.2992e-10 4.9069e-11 ] 1.0000e+00
 3.117e+01 1.5362e-10 1.5362e-10 [ 1.1997e-23 4.8650e-19 1.9502e-17 1.1157e-10 4.2047e-11 ] 1.0000e+00
 3.128e+01 1.3185e-10 1.3185e-10 [ 8.0489e-24 3.5044e-19 1.6123e-17 9.5818e-11 3.6034e-11 ] 1.0000e+00
 3.139e+01 1.1318e-10 1.1318e-10 [ 5.3983e-24 2.5246e-19 1.3419e-17 8.2291e-11 3.0885e-11 ] 1.0000e+00
 3.151e+01 9.7148e-11 9.7148e-11 [ 3.6193e-24 1.8189e-19 1.1237e-17 7.0675e-11 2.6474e-11 ] 1.0000e+00
 3.162e+01 8.3395e-11 8.3395e-11 [ 2.4257e-24 1.3106e-19 9.4624e-18 6.0700e-11 2.2695e-11 ] 1.0000e+00
 3.173e+01 7.1592e-11 7.1592e-11 [ 1.6252e-24 9.4449e-20 8.0067e-18 5.2135e-11 1.9457e-11 ] 1.0000e+00
 3.185e+01 6.1462e-11 6.1462e-11 [ 1.0884e-24 6.8068e-20 6.8038e-18 4.4779e-11 1.6683e-11 ] 1.0000e+00
 3.196e+01 5.2767e-11 5.2767e-11 [ 7.2865e-25 4.9060e-20 5.8029e-18 3.8462e-11 1.4305e-11 ] 1.0000e+00
 3.207e+01 4.5304e-11 4.5304e-11 [ 4.8762e-25 3.5363e-20 4.9649e-18 3.3036e-11 1.2268e-11 ] 1.0000e+00
 3.219e+01 3.8898e-11 3.8898e-11 [ 3.2619e-25 2.5491e-20 4.2591e-18 2.8377e-11 1.0521e-11 ] 1.0000e+00
 3.230e+01 3.3398e-11 3.3398e-11 [ 2.1811e-25 1.8376e-20 3.6619e-18 2.4375e-11 9.0237e-12 ] 1.0000e+00
 3.241e+01 2.8678e-11 2.8678e-11 [ 1.4579e-25 1.3248e-20 3.1542e-18 2.0937e-11 7.7401e-12 ] 1.0000e+00
 3.253e+01 2.4625e-11 2.4625e-11 [ 9.7402e-26 9.5512e-21 2.7210e-18 1.7985e-11 6.6396e-12 ] 1.0000e+00
 3.264e+01 2.1145e-11 2.1145e-11 [ 6.5048e-26 6.8862e-21 2.3502e-18 1.5449e-11 5.6959e-12 ] 1.0000e+00
 3.275e+01 1.8158e-11 1.8158e-11 [ 4.3423e-26 4.9650e-21 2.0318e-18 1.3271e-11 4.8867e-12 ] 1.0000e+00
 3.287e+01 1.5593e-11 1.5593e-11 [ 2.8974e-26 3.5799e-21 1.7580e-18 1.1400e-11 4.1927e-12 ] 1.0000e+00
 3.298e+01 1.3391e-11 1.3391e-11 [ 1.9324e-26 2.5812e-21 1.5219e-18 9.7932e-12 3.5975e-12 ] 1.0000e+00
 3.309e+01 1.1500e-11 1.1500e-11 [ 1.2883e-26 1.8611e-21 1.3181e-18 8.4128e-12 3.0869e-12 ] 1.0000e+00
 3.321e+01 9.8759e-12 9.8759e-12 [ 8.5844e-27 1.3420e-21 1.1419e-18 7.2270e-12 2.6490e-12 ] 1.0000e+00
 3.332e+01 8.4816e-12 8.4816e-12 [ 5.7176e-27 9.6762e-22 9.8942e-19 6.2084e-12 2.2733e-12 ] 1.0000e+00
 3.343e+01 7.2843e-12 7.2843e-12 [ 3.8064e-27 6.9770e-22 8.5740e-19 5.3334e-12 1.9509e-12 ] 1.0000e+00
 3.355e+01 6.2561e-12 6.2561e-12 [ 2.5329e-27 5.0307e-22 7.4302e-19 4.5817e-12 1.6744e-12 ] 1.0000e+00
 3.366e+01 5.3732e-12 5.3732e-12 [ 1.6846e-27 3.6272e-22 6.4387e-19 3.9360e-12 1.4371e-12 ] 1.0000e+00
 3.377e+01 4.6149e-12 4.6149e-12 [ 1.1199e-27 2.6153e-22 5.5790e-19 3.3814e-12 1.2335e-12 ] 1.0000e+00
 3.389e+01 3.9637e-12 3.9637e-12 [ 7.4412e-28 1.8856e-22 4.8334e-19 2.9049e-12 1.0588e-12 ] 1.0000e+00
 3.400e+01 3.4044e-12 3.4044e-12 [ 4.9419e-28 1.3595e-22 4.1868e-19 2.4955e-12 9.0888e-13 ] 1.0000e+00
 3.411e+01 2.9241e-12 2.9241e-12 [ 3.2805e-28 9.8012e-23 3.6260e-19 2.1439e-12 7.8021e-13 ] 1.0000e+00
 3.423e+01 2.5115e-12 2.5115e-12 [ 2.1765e-28 7.0659e-23 3.1396e-19 1.8418e-12 6.6978e-13 ] 1.0000e+00
 3.434e+01 2.1572e-12 2.1572e-12 [ 1.4433e-28 5.0938e-23 2.7179e-19 1.5822e-12 5.7500e-13 ] 1.0000e+00
 3.445e+01 1.8529e-12 1.8529e-12 [ 9.5662e-29 3.6720e-23 2.3522e-19 1.3593e-12 4.9365e-13 ] 1.0000e+00
 3.457e+01 1.5916e-12 1.5916e-12 [ 6.3372e-29 2.6469e-23 2.0351e-19 1.1677e-12 4.2382e-13 ] 1.0000e+00
 3.468e+01 1.3671e-12 1.3671e-12 [ 4.1959e-29 1.9079e-23 1.7604e-19 1.0032e-12 3.6388e-13 ] 1.0000e+00
 3.479e+01 1.1743e-12 1.1743e-12 [ 2.7768e-29 1.3751e-23 1.5223e-19 8.6184e-13 3.1243e-13 ] 1.0000e+00
 3.491e+01 1.0087e-12 1.0087e-12 [ 1.8366e-29 9.9110e-24 1.3161e-19 7.4040e-13 2.6825e-13 ] 1.0000e+00
 3.502e+01 8.6640e-13 8.6640e-13 [ 1.2141e-29 7.1427e-24 1.1374e-19 6.3607e-13 2.3033e-13 ] 1.0000e+00
 3.513e+01 7.4422e-13 7.4422e-13 [ 8.0221e-30 5.1473e-24 9.8279e-20 5.4644e-13 1.9778e-13 ] 1.0000e+00
 3.525e+01 6.3926e-13 6.3926e-13 [ 5.2975e-30 3.7092e-24 8.4893e-20 4.6944e-13 1.6983e-13 ] 1.0000e+00
 3.536e+01 5.4912e-13 5.4912e-13 [ 3.4965e-30 2.6727e-24 7.3310e-20 4.0328e-13 1.4583e-13 ] 1.0000e+00
 3.547e+01 4.7168e-13 4.7168e-13 [ 2.3065e-30 1.9257e-24 6.3290e-20 3.4645e-13 1.2523e-13 ] 1.0000e+00
 3.559e+01 4.0517e-13 4.0517e-13 [ 1.5206e-30 1.3874e-24 5.4625e-20 2.9763e-13 1.0754e-13 ] 1.0000e+00
 3.570e+01 3.4803e-13 3.4803e-13 [ 1.0020e-30 9.9954e-25 4.7133e-20 2.5569e-13 9.2346e-14 ] 1.0000e+00
 3.581e+01 2.9896e-13 2.9896e-13 [ 6.5990e-31 7.2005e-25 4.0658e-20 2.1965e-13 7.9303e-14 ] 1.0000e+00
 3.593e+01 2.5680e-13 2.5680e-13 [ 4.3436e-31 5.1869e-25 3.5063e-20 1.8870e-13 6.8103e-14 ] 1.0000e+00
 3.604e+01 2.2059e-13 2.2059e-13 [ 2.8574e-31 3.7362e-25 3.0230e-20 1.6210e-13 5.8486e-14 ] 1.0000e+00
 3.615e+01 1.8948e-13 1.8948e-13 [ 1.8787e-31 2.6911e-25 2.6057e-20 1.3926e-13 5.0228e-14 ] 1.0000e+00
 3.627e+01 1.6276e-13 1.6276e-13 [ 1.2345e-31 1.9383e-25 2.2454e-20 1.1963e-13 4.3136e-14 ] 1.0000e+00
 3.638e+01 1.3981e-13 1.3981e-13 [ 8.1076e-32 1.3960e-25 1.9344e-20 1.0277e-13 3.7046e-14 ] 1.0000e+00
 3.649e+01 1.2010e-13 1.2010e-13 [ 5.3216e-32 1.0054e-25 1.6662e-20 8.8281e-14 3.1816e-14 ] 1.0000e+00
 3.661e+01 1.0316e-13 1.0316e-13 [ 3.4910e-32 7.2408e-26 1.4347e-20 7.5837e-14 2.7325e-14 ] 1.0000e+00
 3.672e+01 8.8614e-14 8.8614e-14 [ 2.2888e-32 5.2148e-26 1.2352e-20 6.5146e-14 2.3468e-14 ] 1.0000e+00
 3.683e+01 7.6118e-14 7.6118e-14 [ 1.4997e-32 3.7558e-26 1.0631e-20 5.5962e-14 2.0155e-14 ] 1.0000e+00
 3.695e+01 6.5383e-14 6.5383e-14 [ 9.8213e-33 2.7051e-26 9.1481e-21 4.8073e-14 1.7311e-14 ] 1.0000e+00
 3.706e+01 5.6163e-14 5.6163e-14 [ 6.4280e-33 1.9484e-26 7.8702e-21 4.1295e-14 1.4867e-14 ] 1.0000e+00
 3.717e+01 4.8242e-14 4.8242e-14 [ 4.2047e-33 1.4036e-26 6.7694e-21 3.5473e-14 1.2769e-14 ] 1.0000e+00
 3.729e+01 4.1439e-14 4.1439e-14 [ 2.7488e-33 1.0112e-26 5.8213e-21 3.0471e-14 1.0967e-14 ] 1.0000e+00
 3.740e+01 3.5594e-14 3.5594e-14 [ 1.7960e-33 7.2862e-27 5.0050e-21 2.6175e-14 9.4194e-15 ] 1.0000e+00
 3.751e+01 3.0574e-14 3.0574e-14 [ 1.1727e-33 5.2512e-27 4.3023e-21 2.2484e-14 8.0902e-15 ] 1.0000e+00
 3.763e+01 2.6262e-14 2.6262e-14 [ 7.6532e-34 3.7856e-27 3.6974e-21 1.9313e-14 6.9485e-15 ] 1.0000e+00
 3.774e+01 2.2557e-14 2.2557e-14 [ 4.9915e-34 2.7300e-27 3.1770e-21 1.6589e-14 5.9680e-15 ] 1.0000e+00
 3.785e+01 1.9376e-14 1.9376e-14 [ 3.2536e-34 1.9695e-27 2.7293e-21 1.4250e-14 5.1259e-15 ] 1.0000e+00
 3.797e+01 1.6643e-14 1.6643e-14 [ 2.1196e-34 1.4216e-27 2.3443e-21 1.2240e-14 4.4026e-15 ] 1.0000e+00
 3.808e+01 1.4295e-14 1.4295e-14 [ 1.3800e-34 1.0267e-27 2.0132e-21 1.0514e-14 3.7813e-15 ] 1.0000e+00
 3.819e+01 1.2278e-14 1.2278e-14 [ 8.9791e-35 7.4203e-28 1.7285e-21 9.0305e-15 3.2477e-15 ] 1.0000e+00
 3.831e+01 1.0546e-14 1.0546e-14 [ 5.8390e-35 5.3675e-28 1.4839e-21 7.7566e-15 2.7895e-15 ] 1.0000e+00
 3.842e+01 9.0582e-15 9.0582e-15 [ 3.7948e-35 3.8864e-28 1.2736e-21 6.6623e-15 2.3959e-15 ] 1.0000e+00
 3.853e+01 7.7802e-15 7.7802e-15 [ 2.4648e-35 2.8173e-28 1.0930e-21 5.7224e-15 2.0578e-15 ] 1.0000e+00
 3.865e+01 6.6824e-15 6.6824e-15 [ 1.5999e-35 2.0451e-28 9.3780e-22 4.9150e-15 1.7674e-15 ] 1.0000e+00
 3.876e+01 5.7395e-15 5.7395e-15 [ 1.0379e-35 1.4869e-28 8.0452e-22 4.2215e-15 1.5180e-15 ] 1.0000e+00
 3.887e+01 4.9296e-15 4.9296e-15 [ 6.7294e-36 1.0831e-28 6.9007e-22 3.6258e-15 1.3038e-15 ] 1.0000e+00
 3.899e+01 4.2339e-15 4.2339e-15 [ 4.3604e-36 7.9058e-29 5.9180e-22 3.1141e-15 1.1198e-15 ] 1.0000e+00
 3.910e+01 3.6364e-15 3.6364e-15 [ 2.8236e-36 5.7847e-29 5.0746e-22 2.6746e-15 9.6179e-16 ] 1.0000e+00
 3.921e+01 3.1232e-15 3.1232e-15 [ 1.8274e-36 4.2443e-29 4.3506e-22 2.2971e-15 8.2607e-16 ] 1.0000e+00
 3.933e+01 2.6824e-15 2.6824e-15 [ 1.1819e-36 3.1238e-29 3.7294e-22 1.9729e-15 7.0949e-16 ] 1.0000e+00
 3.944e+01 2.3038e-15 2.3038e-15 [ 7.6397e-37 2.3070e-29 3.1965e-22 1.6944e-15 6.0936e-16 ] 1.0000e+00
 3.955e+01 1.9786e-15 1.9786e-15 [ 4.9352e-37 1.7103e-29 2.7393e-22 1.4552e-15 5.2336e-16 ] 1.0000e+00
 3.967e+01 1.6993e-15 1.6993e-15 [ 3.1862e-37 1.2733e-29 2.3471e-22 1.2498e-15 4.4950e-16 ] 1.0000e+00
 3.978e+01 1.4594e-15 1.4594e-15 [ 2.0558e-37 9.5236e-30 2.0109e-22 1.0733e-15 3.8606e-16 ] 1.0000e+00
 3.989e+01 1.2533e-15 1.2533e-15 [ 1.3256e-37 7.1584e-30 1.7225e-22 9.2175e-16 3.3157e-16 ] 1.0000e+00
 4.001e+01 1.0764e-15 1.0764e-15 [ 8.5423e-38 5.4091e-30 1.4754e-22 7.9159e-16 2.8477e-16 ] 1.0000e+00
 4.012e+01 9.2437e-16 9.2437e-16 [ 5.5015e-38 4.1102e-30 1.2635e-22 6.7980e-16 2.4457e-16 ] 1.0000e+00
 4.023e+01 7.9384e-16 7.9384e-16 [ 3.5409e-38 3.1414e-30 1.0819e-22 5.8379e-16 2.1005e-16 ] 1.0000e+00
 4.035e+01 6.8173e-16 6.8173e-16 [ 2.2777e-38 2.4154e-30 9.2630e-23 5.0134e-16 1.8040e-16 ] 1.0000e+00
 4.046e+01 5.8545e-16 5.8545e-16 [ 1.4642e-38 1.8685e-30 7.9298e-23 4.3052e-16 1.5493e-16 ] 1.0000e+00
 4.057e+01 5.0276e-16 5.0276e-16 [ 9.4065e-39 1.4543e-30 6.7876e-23 3.6970e-16 1.3306e-16 ] 1.0000e+00
 4.069e+01 4.3175e-16 4.3175e-16 [ 6.0394e-39 1.1387e-30 5.8093e-23 3.1747e-16 1.1427e-16 ] 1.0000e+00
 4.080e+01 3.7076e-16 3.7076e-16 [ 3.8752e-39 8.9696e-31 4.9713e-23 2.7262e-16 9.8137e-17 ] 1.0000e+00
 4.091e+01 3.1838e-16 3.1838e-16 [ 2.4850e-39 7.1054e-31 4.2538e-23 2.3410e-16 8.4280e-17 ] 1.0000e+00
 4.103e+01 2.7340e-16 2.7340e-16 [ 1.5926e-39 5.6594e-31 3.6394e-23 2.0102e-16 7.2379e-17 ] 1.0000e+00
 4.114e+01 2.3477e-16 2.3477e-16 [ 1.0200e-39 4.5308e-31 3.1134e-23 1.7261e-16 6.2158e-17 ] 1.0000e+00
 4.125e+01 2.0160e-16 2.0160e-16 [ 6.5285e-40 3.6445e-31 2.6631e-23 1.4821e-16 5.3380e-17 ] 1.0000e+00
 4.137e+01 1.7311e-16 1.7311e-16 [ 4.1761e-40 2.9445e-31 2.2778e-23 1.2727e-16 4.5841e-17 ] 1.0000e+00
 4.148e+01 1.4864e-16 1.4864e-16 [ 2.6697e-40 2.3885e-31 1.9479e-23 1.0928e-16 3.9367e-17 ] 1.0000e+00
 4.159e+01 1.2763e-16 1.2763e-16 [ 1.7056e-40 1.9445e-31 1.6657e-23 9.3827e-17 3.3806e-17 ] 1.0000e+00
 4.171e+01 1.0959e-16 1.0959e-16 [ 1.0890e-40 1.5881e-31 1.4242e-23 8.0562e-17 2.9031e-17 ] 1.0000e+00
 4.182e+01 9.4101e-17 9.4101e-17 [ 6.9487e-41 1.3008e-31 1.2176e-23 6.9171e-17 2.4930e-17 ] 1.0000e+00
 4.193e+01 8.0798e-17 8.0798e-17 [ 4.4311e-41 1.0682e-31 1.0408e-23 5.9390e-17 2.1408e-17 ] 1.0000e+00
 4.205e+01 6.9375e-17 6.9375e-17 [ 2.8239e-41 8.7905e-32 8.8966e-24 5.0991e-17 1.8384e-17 ] 1.0000e+00
 4.216e+01 5.9565e-17 5.9565e-17 [ 1.7985e-41 7.2480e-32 7.6037e-24 4.3779e-17 1.5786e-17 ] 1.0000e+00
 4.227e+01 5.1142e-17 5.1142e-17 [ 1.1448e-41 5.9860e-32 6.4980e-24 3.7587e-17 1.3556e-17 ] 1.0000e+00
 4.239e+01 4.3910e-17 4.3910e-17 [ 7.2819e-42 4.9507e-32 5.5526e-24 3.2270e-17 1.1640e-17 ] 1.0000e+00
 4.250e+01 3.7700e-17 3.7700e-17 [ 4.6291e-42 4.0993e-32 4.7443e-24 2.7705e-17 9.9950e-18 ] 1.0000e+00
 4.261e+01 3.2367e-17 3.2367e-17 [ 2.9409e-42 3.3977e-32 4.0533e-24 2.3785e-17 8.5824e-18 ] 1.0000e+00
 4.273e+01 2.7789e-17 2.7789e-17 [ 1.8672e-42 2.8185e-32 3.4626e-24 2.0420e-17 7.3694e-18 ] 1.0000e+00
 4.284e+01 2.3858e-17 2.3858e-17 [ 1.1848e-42 2.3396e-32 2.9577e-24 1.7530e-17 6.3277e-18 ] 1.0000e+00
 4.295e+01 2.0482e-17 2.0482e-17 [ 7.5129e-43 1.9432e-32 2.5262e-24 1.5049e-17 5.4332e-18 ] 1.0000e+00
 4.307e+01 1.7584e-17 1.7584e-17 [ 4.7611e-43 1.6146e-32 2.1575e-24 1.2919e-17 4.6651e-18 ] 1.0000e+00
 4.318e+01 1.5096e-17 1.5096e-17 [ 3.0153e-43 1.3420e-32 1.8424e-24 1.1090e-17 4.0056e-18 ] 1.0000e+00
 4.329e+01 1.2960e-17 1.2960e-17 [ 1.9085e-43 1.1158e-32 1.5732e-24 9.5204e-18 3.4392e-18 ] 1.0000e+00
 4.341e+01 1.1125e-17 1.1125e-17 [ 1.2072e-43 9.2783e-33 1.3432e-24 8.1726e-18 2.9529e-18 ] 1.0000e+00
 4.352e+01 9.5507e-18 9.5507e-18 [ 7.6312e-44 7.7163e-33 1.1468e-24 7.0154e-18 2.5353e-18 ] 1.0000e+00
 4.363e+01 8.1987e-18 8.1987e-18 [ 4.8209e-44 6.4176e-33 9.7895e-25 6.0220e-18 2.1767e-18 ] 1.0000e+00
 4.375e+01 7.0380e-18 7.0380e-18 [ 3.0437e-44 5.3376e-33 8.3563e-25 5.1692e-18 1.8689e-18 ] 1.0000e+00
 4.386e+01 6.0415e-18 6.0415e-18 [ 1.9204e-44 4.4392e-33 7.1322e-25 4.4370e-18 1.6045e-18 ] 1.0000e+00
 4.397e+01 5.1861e-18 5.1861e-18 [ 1.2110e-44 3.6919e-33 6.0870e-25 3.8085e-18 1.3775e-18 ] 1.0000e+00
 4.409e+01 4.4517e-18 4.4517e-18 [ 7.6309e-45 3.0700e-33 5.1945e-25 3.2690e-18 1.1826e-18 ] 1.0000e+00
 4.420e+01 3.8212e-18 3.8212e-18 [ 4.8059e-45 2.5526e-33 4.4325e-25 2.8059e-18 1.0153e-18 ] 1.0000e+00
 4.431e+01 3.2800e-18 3.2800e-18 [ 3.0247e-45 2.1222e-33 3.7820e-25 2.4083e-18 8.7165e-19 ] 1.0000e+00
 4.443e+01 2.8153e-18 2.8153e-18 [ 1.9025e-45 1.7640e-33 3.2267e-25 2.0670e-18 7.4830e-19 ] 1.0000e+00
 4.454e+01 2.4165e-18 2.4165e-18 [ 1.1959e-45 1.4660e-33 2.7527e-25 1.7741e-18 6.4240e-19 ] 1.0000e+00
 4.465e+01 2.0741e-18 2.0741e-18 [ 7.5124e-46 1.2182e-33 2.3481e-25 1.5226e-18 5.5148e-19 ] 1.0000e+00
 4.477e+01 1.7802e-18 1.7802e-18 [ 4.7170e-46 1.0120e-33 2.0029e-25 1.3068e-18 4.7342e-19 ] 1.0000e+00
 4.488e+01 1.5280e-18 1.5280e-18 [ 2.9590e-46 8.4062e-34 1.7082e-25 1.1216e-18 4.0640e-19 ] 1.0000e+00
 4.499e+01 1.3114e-18 1.3114e-18 [ 1.8559e-46 6.9807e-34 1.4568e-25 9.6254e-19 3.4886e-19 ] 1.0000e+00
 4.511e+01 1.1255e-18 1.1255e-18 [ 1.1626e-46 5.7958e-34 1.2423e-25 8.2606e-19 2.9947e-19 ] 1.0000e+00
 4.522e+01 9.6598e-19 9.6598e-19 [ 7.2845e-47 4.8108e-34 1.0593e-25 7.0891e-19 2.5706e-19 ] 1.0000e+00
 4.533e+01 8.2903e-19 8.2903e-19 [ 4.5562e-47 3.9924e-34 9.0321e-26 6.0837e-19 2.2066e-19 ] 1.0000e+00
 4.545e+01 7.1149e-19 7.1149e-19 [ 2.8523e-47 3.3124e-34 7.7004e-26 5.2208e-19 1.8941e-19 ] 1.0000e+00
 4.556e+01 6.1060e-19 6.1060e-19 [ 1.7811e-47 2.7476e-34 6.5646e-26 4.4802e-19 1.6258e-19 ] 1.0000e+00
 4.567e+01 5.2401e-19 5.2401e-19 [ 1.1142e-47 2.2785e-34 5.5958e-26 3.8446e-19 1.3955e-19 ] 1.0000e+00
 4.579e+01 4.4969e-19 4.4969e-19 [ 6.9454e-48 1.8891e-34 4.7697e-26 3.2991e-19 1.1978e-19 ] 1.0000e+00
 4.590e+01 3.8590e-19 3.8590e-19 [ 4.3419e-48 1.5658e-34 4.0652e-26 2.8309e-19 1.0281e-19 ] 1.0000e+00
 4.601e+01 3.3116e-19 3.3116e-19 [ 2.7017e-48 1.2975e-34 3.4645e-26 2.4291e-19 8.8241e-20 ] 1.0000e+00
 4.613e+01 2.8417e-19 2.8417e-19 [ 1.6881e-48 1.0750e-34 2.9523e-26 2.0844e-19 7.5736e-20 ] 1.0000e+00
 4.624e+01 2.4385e-19 2.4385e-19 [ 1.0485e-48 8.9034e-35 2.5157e-26 1.7885e-19 6.5002e-20 ] 1.0000e+00
 4.635e+01 2.0925e-19 2.0925e-19 [ 6.5472e-49 7.3725e-35 2.1434e-26 1.5346e-19 5.5789e-20 ] 1.0000e+00
 4.647e+01 1.7955e-19 1.7955e-19 [ 4.0596e-49 6.1033e-35 1.8261e-26 1.3167e-19 4.7881e-20 ] 1.0000e+00
 4.658e+01 1.5406e-19 1.5406e-19 [ 2.5331e-49 5.0513e-35 1.5557e-26 1.1297e-19 4.1093e-20 ] 1.0000e+00
 4.669e+01 1.3219e-19 1.3219e-19 [ 1.5687e-49 4.1795e-35 1.3252e-26 9.6927e-20 3.5266e-20 ] 1.0000e+00
 4.681e+01 1.1343e-19 1.1343e-19 [ 9.7759e-50 3.4574e-35 1.1288e-26 8.3160e-20 3.0266e-20 ] 1.0000e+00
 4.692e+01 9.7320e-20 9.7320e-20 [ 6.0509e-50 2.8592e-35 9.6138e-27 7.1347e-20 2.5974e-20 ] 1.0000e+00
 4.703e+01 8.3500e-20 8.3500e-20 [ 3.7630e-50 2.3640e-35 8.1875e-27 6.1211e-20 2.2290e-20 ] 1.0000e+00
 4.715e+01 7.1641e-20 7.1641e-20 [ 2.3304e-50 1.9540e-35 6.9723e-27 5.2513e-20 1.9128e-20 ] 1.0000e+00
 4.726e+01 6.1466e-20 6.1466e-20 [ 1.4449e-50 1.6148e-35 5.9370e-27 4.5051e-20 1.6415e-20 ] 1.0000e+00
 4.737e+01 5.2734e-20 5.2734e-20 [ 8.9623e-51 1.3340e-35 5.0551e-27 3.8648e-20 1.4086e-20 ] 1.0000e+00
 4.749e+01 4.5242e-20 4.5242e-20 [ 5.5350e-51 1.1018e-35 4.3038e-27 3.3155e-20 1.2087e-20 ] 1.0000e+00
 4.760e+01 3.8814e-20 3.8814e-20 [ 3.4421e-51 9.0983e-36 3.6639e-27 2.8442e-20 1.0372e-20 ] 1.0000e+00
 4.771e+01 3.3298e-20 3.3298e-20 [ 2.1166e-51 7.5109e-36 3.1189e-27 2.4398e-20 8.8999e-21 ] 1.0000e+00
 4.783e+01 2.8565e-20 2.8565e-20 [ 1.3202e-51 6.1988e-36 2.6548e-27 2.0929e-20 7.6366e-21 ] 1.0000e+00
 4.794e+01 2.4505e-20 2.4505e-20 [ 8.0847e-52 5.1146e-36 2.2595e-27 1.7953e-20 6.5526e-21 ] 1.0000e+00
 4.805e+01 2.1022e-20 2.1022e-20 [ 5.0563e-52 4.2190e-36 1.9230e-27 1.5399e-20 5.6223e-21 ] 1.0000e+00
 4.817e+01 1.8033e-20 1.8033e-20 [ 3.0867e-52 3.4793e-36 1.6365e-27 1.3209e-20 4.8240e-21 ] 1.0000e+00
 4.828e+01 1.5469e-20 1.5469e-20 [ 1.9348e-52 2.8686e-36 1.3925e-27 1.1330e-20 4.1390e-21 ] 1.0000e+00
 4.839e+01 1.3269e-20 1.3269e-20 [ 1.1784e-52 2.3644e-36 1.1848e-27 9.7176e-21 3.5512e-21 ] 1.0000e+00
 4.851e+01 1.1382e-20 1.1382e-20 [ 7.4052e-53 1.9484e-36 1.0080e-27 8.3348e-21 3.0468e-21 ] 1.0000e+00
 4.862e+01 9.7626e-21 9.7626e-21 [ 4.4966e-53 1.6051e-36 8.5757e-28 7.1486e-21 2.6140e-21 ] 1.0000e+00
 4.873e+01 8.3737e-21 8.3737e-21 [ 2.8416e-53 1.3220e-36 7.2950e-28 6.1311e-21 2.2426e-21 ] 1.0000e+00
 4.885e+01 7.1823e-21 7.1823e-21 [ 1.7134e-53 1.0885e-36 6.2051e-28 5.2583e-21 1.9240e-21 ] 1.0000e+00
 4.896e+01 6.1602e-21 6.1602e-21 [ 1.0969e-53 8.9606e-37 5.2776e-28 4.5096e-21 1.6506e-21 ] 1.0000e+00
 4.907e+01 5.2835e-21 5.2835e-21 [ 6.5092e-54 7.3744e-37 4.4884e-28 3.8675e-21 1.4160e-21 ] 1.0000e+00
 4.919e+01 4.5314e-21 4.5314e-21 [ 4.2760e-54 6.0673e-37 3.8169e-28 3.3167e-21 1.2147e-21 ] 1.0000e+00
 4.930e+01 3.8864e-21 3.8864e-21 [ 2.4627e-54 4.9907e-37 3.2456e-28 2.8443e-21 1.0420e-21 ] 1.0000e+00
 4.941e+01 3.3330e-21 3.3330e-21 [ 1.6886e-54 4.1040e-37 2.7596e-28 2.4391e-21 8.9389e-22 ] 1.0000e+00
 4.953e+01 2.8584e-21 2.8584e-21 [ 9.2825e-55 3.3740e-37 2.3462e-28 2.0916e-21 7.6679e-22 ] 1.0000e+00
 4.964e+01 2.4513e-21 2.4513e-21 [ 6.7633e-55 2.7731e-37 1.9946e-28 1.7936e-21 6.5775e-22 ] 1.0000e+00
 4.975e+01 2.1022e-21 2.1022e-21 [ 3.4979e-55 2.2786e-37 1.6955e-28 1.5380e-21 5.6420e-22 ] 1.0000e+00
 4.987e+01 1.8027e-21 1.8027e-21 [ 2.7431e-55 1.8719e-37 1.4412e-28 1.3188e-21 4.8395e-22 ] 1.0000e+00
 4.998e+01 1.5459e-21 1.5459e-21 [ 1.3287e-55 1.5373e-37 1.2249e-28 1.1308e-21 4.1510e-22 ] 1.0000e+00
 5.009e+01 1.3256e-21 1.3256e-21 [ 1.1216e-55 1.2622e-37 1.0410e-28 9.6957e-22 3.5604e-22 ] 1.0000e+00
 5.021e+01 1.1367e-21 1.1367e-21 [ 5.1598e-56 1.0361e-37 8.8460e-29 8.3132e-22 3.0538e-22 ] 1.0000e+00
 5.032e+01 9.7468e-22 9.7468e-22 [ 4.5915e-56 8.5021e-38 7.5166e-29 7.1277e-22 2.6192e-22 ] 1.0000e+00
 5.043e+01 8.3574e-22 8.3574e-22 [ 2.0879e-56 6.9751e-38 6.3865e-29 6.1111e-22 2.2464e-22 ] 1.0000e+00
 5.055e+01 7.1659e-22 7.1659e-22 [ 1.8655e-56 5.7209e-38 5.4258e-29 5.2393e-22 1.9266e-22 ] 1.0000e+00
 5.066e+01 6.1441e-22 6.1441e-22 [ 8.9703e-57 4.6910e-38 4.6093e-29 4.4918e-22 1.6523e-22 ] 1.0000e+00
 5.077e+01 5.2679e-22 5.2679e-22 [ 7.4445e-57 3.8455e-38 3.9153e-29 3.8509e-22 1.4170e-22 ] 1.0000e+00
 5.089e+01 4.5165e-22 4.5165e-22 [ 4.1282e-57 3.1515e-38 3.3255e-29 3.3013e-22 1.2152e-22 ] 1.0000e+00
 5.100e+01 3.8723e-22 3.8723e-22 [ 2.8834e-57 2.5821e-38 2.8244e-29 2.8301e-22 1.0421e-22 ] 1.0000e+00
 5.111e+01 3.3198e-22 3.3198e-22 [ 2.0189e-57 2.1150e-38 2.3985e-29 2.4261e-22 8.9369e-23 ] 1.0000e+00
 5.123e+01 2.8461e-22 2.8461e-22 [ 1.0701e-57 1.7320e-38 2.0367e-29 2.0797e-22 7.6637e-23 ] 1.0000e+00
 5.134e+01 2.4399e-22 2.4399e-22 [ 1.0262e-57 1.4179e-38 1.7294e-29 1.7827e-22 6.5717e-23 ] 1.0000e+00
 5.145e+01 2.0917e-22 2.0917e-22 [ 3.7614e-58 1.1605e-38 1.4682e-29 1.5281e-22 5.6352e-23 ] 1.0000e+00
 5.157e+01 1.7931e-22 1.7931e-22 [ 5.2819e-58 9.4957e-39 1.2465e-29 1.3099e-22 4.8320e-23 ] 1.0000e+00
 5.168e+01 1.5371e-22 1.5371e-22 [ 1.2485e-58 7.7677e-39 1.0581e-29 1.1227e-22 4.1433e-23 ] 1.0000e+00
 5.179e+01 1.3176e-22 1.3176e-22 [ 2.6926e-58 6.3524e-39 8.9810e-30 9.6231e-23 3.5526e-23 ] 1.0000e+00
 5.191e+01 1.1294e-22 1.1294e-22 [ 4.0229e-59 5.1936e-39 7.6224e-30 8.2479e-23 3.0460e-23 ] 1.0000e+00
 5.202e+01 9.6807e-23 9.6807e-23 [ 1.3397e-58 4.2451e-39 6.4687e-30 7.0691e-23 2.6116e-23 ] 1.0000e+00
 5.213e+01 8.2977e-23 8.2977e-23 [ 1.3980e-59 3.4688e-39 5.4892e-30 6.0586e-23 2.2392e-23 ] 1.0000e+00
 5.225e+01 7.1121e-23 7.1121e-23 [ 6.4539e-59 2.8338e-39 4.6576e-30 5.1924e-23 1.9198e-23 ] 1.0000e+00
 5.236e+01 6.0958e-23 6.0958e-23 [ 6.2277e-60 2.3143e-39 3.9517e-30 4.4499e-23 1.6459e-23 ] 1.0000e+00
 5.247e+01 5.2245e-23 5.2245e-23 [ 3.0040e-59 1.8896e-39 3.3524e-30 3.8135e-23 1.4110e-23 ] 1.0000e+00
 5.259e+01 4.4777e-23 4.4777e-23 [ 3.6458e-60 1.5424e-39 2.8438e-30 3.2680e-23 1.2097e-23 ] 1.0000e+00
 5.270e+01 3.8375e-23 3.8375e-23 [ 1.3543e-59 1.2587e-39 2.4122e-30 2.8005e-23 1.0370e-23 ] 1.0000e+00
 5.281e+01 3.2887e-23 3.2887e-23 [ 2.3763e-60 1.0269e-39 2.0458e-30 2.3998e-23 8.8897e-24 ] 1.0000e+00
 5.293e+01 2.8184e-23 2.8184e-23 [ 5.9527e-60 8.3750e-40 1.7350e-30 2.0564e-23 7.6205e-24 ] 1.0000e+00
 5.304e+01 2.4153e-23 2.4153e-23 [ 1.5194e-60 6.8287e-40 1.4712e-30 1.7620e-23 6.5324e-24 ] 1.0000e+00
 5.315e+01 2.0697e-23 2.0697e-23 [ 2.5774e-60 5.5664e-40 1.2475e-30 1.5098e-23 5.5995e-24 ] 1.0000e+00
 5.327e+01 1.7736e-23 1.7736e-23 [ 9.1440e-61 4.5362e-40 1.0576e-30 1.2936e-23 4.7997e-24 ] 1.0000e+00
 5.338e+01 1.5198e-23 1.5198e-23 [ 1.1145e-60 3.6957e-40 8.9662e-31 1.1084e-23 4.1140e-24 ] 1.0000e+00
 5.349e+01 1.3022e-23 1.3022e-23 [ 5.1524e-61 3.0101e-40 7.6004e-31 9.4962e-24 3.5262e-24 ] 1.0000e+00
 5.361e+01 1.1158e-23 1.1158e-23 [ 4.8957e-61 2.4510e-40 6.4421e-31 8.1359e-24 3.0223e-24 ] 1.0000e+00
 5.372e+01 9.5606e-24 9.5606e-24 [ 2.7259e-61 1.9952e-40 5.4598e-31 6.9703e-24 2.5904e-24 ] 1.0000e+00
 5.383e+01 8.1915e-24 8.1915e-24 [ 2.2264e-61 1.6237e-40 4.6269e-31 5.9715e-24 2.2201e-24 ] 1.0000e+00
 5.395e+01 7.0183e-24 7.0183e-24 [ 1.3547e-61 1.3210e-40 3.9207e-31 5.1156e-24 1.9027e-24 ] 1.0000e+00
 5.406e+01 6.0129e-24 6.0129e-24 [ 1.0660e-61 1.0744e-40 3.3219e-31 4.3823e-24 1.6306e-24 ] 1.0000e+00
 5.417e+01 5.1515e-24 5.1515e-24 [ 6.2927e-62 8.7365e-41 2.8144e-31 3.7540e-24 1.3974e-24 ] 1.0000e+00
 5.429e+01 4.4133e-24 4.4133e-24 [ 5.4079e-62 7.1019e-41 2.3841e-31 3.2157e-24 1.1975e-24 ] 1.0000e+00
 5.440e+01 3.7808e-24 3.7808e-24 [ 2.6991e-62 5.7715e-41 2.0195e-31 2.7545e-24 1.0262e-24 ] 1.0000e+00
 5.451e+01 3.2388e-24 3.2388e-24 [ 2.8773e-62 4.6890e-41 1.7104e-31 2.3594e-24 8.7939e-25 ] 1.0000e+00
 5.463e+01 2.7745e-24 2.7745e-24 [ 1.0475e-62 3.8085e-41 1.4485e-31 2.0209e-24 7.5355e-25 ] 1.0000e+00
 5.474e+01 2.3766e-24 2.3766e-24 [ 1.5671e-62 3.0925e-41 1.2266e-31 1.7309e-24 6.4570e-25 ] 1.0000e+00
 5.485e+01 2.0358e-24 2.0358e-24 [ 3.5644e-63 2.5103e-41 1.0386e-31 1.4825e-24 5.5327e-25 ] 1.0000e+00
 5.497e+01 1.7437e-24 1.7437e-24 [ 8.4940e-63 2.0372e-41 8.7935e-32 1.2697e-24 4.7405e-25 ] 1.0000e+00
 5.508e+01 1.4936e-24 1.4936e-24 [ 1.0130e-63 1.6528e-41 7.4442e-32 1.0874e-24 4.0617e-25 ] 1.0000e+00
 5.519e+01 1.2793e-24 1.2793e-24 [ 4.4769e-63 1.3405e-41 6.3014e-32 9.3125e-25 3.4800e-25 ] 1.0000e+00
 5.531e+01 1.0957e-24 1.0957e-24 [ 2.2748e-64 1.0870e-41 5.3335e-32 7.9750e-25 2.9815e-25 ] 1.0000e+00
 5.542e+01 9.3838e-25 9.3838e-25 [ 2.2608e-63 8.8109e-42 4.5138e-32 6.8294e-25 2.5543e-25 ] 1.0000e+00
 5.553e+01 8.0365e-25 8.0365e-25 [ 4.8988e-65 7.1401e-42 3.8197e-32 5.8482e-25 2.1883e-25 ] 1.0000e+00
 5.565e+01 6.8825e-25 6.8825e-25 [ 1.0876e-63 5.7845e-42 3.2321e-32 5.0078e-25 1.8747e-25 ] 1.0000e+00
 5.576e+01 5.8940e-25 5.8940e-25 [ 2.8786e-65 4.6849e-42 2.7345e-32 4.2881e-25 1.6060e-25 ] 1.0000e+00
 5.587e+01 5.0474e-25 5.0474e-25 [ 5.0050e-64 3.7933e-42 2.3134e-32 3.6716e-25 1.3757e-25 ] 1.0000e+00
 5.599e+01 4.3222e-25 4.3222e-25 [ 2.8407e-65 3.0704e-42 1.9569e-32 3.1437e-25 1.1785e-25 ] 1.0000e+00
 5.610e+01 3.7011e-25 3.7011e-25 [ 2.2395e-64 2.4846e-42 1.6551e-32 2.6916e-25 1.0095e-25 ] 1.0000e+00
 5.621e+01 3.1691e-25 3.1691e-25 [ 2.1950e-65 2.0100e-42 1.3998e-32 2.3045e-25 8.6467e-26 ] 1.0000e+00
 5.633e+01 2.7136e-25 2.7136e-25 [ 1.0039e-64 1.6255e-42 1.1837e-32 1.9729e-25 7.4062e-26 ] 1.0000e+00
 5.644e+01 2.3234e-25 2.3234e-25 [ 1.2590e-65 1.3142e-42 1.0009e-32 1.6891e-25 6.3435e-26 ] 1.0000e+00
 5.655e+01 1.9893e-25 1.9893e-25 [ 4.6810e-65 1.0622e-42 8.4621e-33 1.4460e-25 5.4331e-26 ] 1.0000e+00
 5.667e+01 1.7031e-25 1.7031e-25 [ 5.1076e-66 8.5832e-43 7.1537e-33 1.2378e-25 4.6532e-26 ] 1.0000e+00
 5.678e+01 1.4581e-25 1.4581e-25 [ 2.3295e-65 6.9334e-43 6.0470e-33 1.0596e-25 3.9852e-26 ] 1.0000e+00
 5.689e+01 1.2483e-25 1.2483e-25 [ 8.7555e-67 5.5990e-43 5.1109e-33 9.0702e-26 3.4129e-26 ] 1.0000e+00
 5.701e+01 1.0687e-25 1.0687e-25 [ 1.2327e-65 4.5201e-43 4.3193e-33 7.7639e-26 2.9228e-26 ] 1.0000e+00
 5.712e+01 9.1483e-26 9.1483e-26 [ -8.2787e-67 3.6480e-43 3.6499e-33 6.6454e-26 2.5029e-26 ] 1.0000e+00
 5.723e+01 7.8312e-26 7.8312e-26 [ 6.7505e-66 2.9433e-43 3.0840e-33 5.6879e-26 2.1433e-26 ] 1.0000e+00
 5.735e+01 6.7035e-26 6.7035e-26 [ -1.1571e-66 2.3740e-43 2.6055e-33 4.8682e-26 1.8353e-26 ] 1.0000e+00
 5.746e+01 5.7380e-26 5.7380e-26 [ 3.7148e-66 1.9143e-43 2.2010e-33 4.1665e-26 1.5716e-26 ] 1.0000e+00
 5.757e+01 4.9114e-26 4.9114e-26 [ -9.5093e-67 1.5431e-43 1.8591e-33 3.5658e-26 1.3456e-26 ] 1.0000e+00
 5.769e+01 4.2037e-26 4.2037e-26 [ 2.0147e-66 1.2435e-43 1.5702e-33 3.0516e-26 1.1522e-26 ] 1.0000e+00
 5.780e+01 3.5979e-26 3.5979e-26 [ -6.3952e-67 1.0018e-43 1.3260e-33 2.6114e-26 9.8648e-27 ] 1.0000e+00
 5.791e+01 3.0793e-26 3.0793e-26 [ 1.0659e-66 8.0678e-44 1.1196e-33 2.2347e-26 8.4459e-27 ] 1.0000e+00
 5.803e+01 2.6353e-26 2.6353e-26 [ -3.8228e-67 6.4955e-44 9.4531e-34 1.9123e-26 7.2309e-27 ] 1.0000e+00
 5.814e+01 2.2553e-26 2.2553e-26 [ 5.4711e-67 5.2280e-44 7.9804e-34 1.6363e-26 6.1905e-27 ] 1.0000e+00
 5.825e+01 1.9300e-26 1.9300e-26 [ -2.0948e-67 4.2066e-44 6.7364e-34 1.4001e-26 5.2996e-27 ] 1.0000e+00
 5.837e+01 1.6516e-26 1.6516e-26 [ 2.7111e-67 3.3836e-44 5.6857e-34 1.1979e-26 4.5367e-27 ] 1.0000e+00
 5.848e+01 1.4133e-26 1.4133e-26 [ -1.0629e-67 2.7208e-44 4.7983e-34 1.0249e-26 3.8836e-27 ] 1.0000e+00
 5.859e+01 1.2093e-26 1.2093e-26 [ 1.2896e-67 2.1872e-44 4.0490e-34 8.7689e-27 3.3244e-27 ] 1.0000e+00
 5.871e+01 1.0348e-26 1.0348e-26 [ -4.9853e-68 1.7577e-44 3.4163e-34 7.5020e-27 2.8456e-27 ] 1.0000e+00
 5.882e+01 8.8536e-27 8.8536e-27 [ 5.8471e-68 1.4120e-44 2.8821e-34 6.4180e-27 2.4356e-27 ] 1.0000e+00
 5.893e+01 7.5750e-27 7.5750e-27 [ -2.1360e-68 1.1340e-44 2.4312e-34 5.4903e-27 2.0847e-27 ] 1.0000e+00
 5.905e+01 6.4809e-27 6.4809e-27 [ 2.5054e-68 9.1046e-45 2.0506e-34 4.6966e-27 1.7843e-27 ] 1.0000e+00
 5.916e+01 5.5446e-27 5.5446e-27 [ -8.1315e-69 7.3074e-45 1.7294e-34 4.0175e-27 1.5271e-27 ] 1.0000e+00
 5.927e+01 4.7434e-27 4.7434e-27 [ 1.0028e-68 5.8630e-45 1.4583e-34 3.4365e-27 1.3069e-27 ] 1.0000e+00
 5.939e+01 4.0578e-27 4.0578e-27 [ -2.5592e-69 4.7026e-45 1.2296e-34 2.9393e-27 1.1185e-27 ] 1.0000e+00
 5.950e+01 3.4712e-27 3.4712e-27 [ 3.6754e-69 3.7707e-45 1.0366e-34 2.5140e-27 9.5715e-28 ] 1.0000e+00
 5.961e+01 2.9693e-27 2.9693e-27 [ -4.9437e-70 3.0225e-45 8.7384e-35 2.1502e-27 8.1907e-28 ] 1.0000e+00
 5.973e+01 2.5398e-27 2.5398e-27 [ 1.1823e-69 2.4219e-45 7.3653e-35 1.8389e-27 7.0089e-28 ] 1.0000e+00
 5.984e+01 2.1724e-27 2.1724e-27 [ 1.2266e-70 1.9401e-45 6.2072e-35 1.5727e-27 5.9974e-28 ] 1.0000e+00
 5.995e+01 1.8581e-27 1.8581e-27 [ 2.9511e-70 1.5536e-45 5.2305e-35 1.3449e-27 5.1317e-28 ] 1.0000e+00
 6.007e+01 1.5892e-27 1.5892e-27 [ 2.1931e-70 1.2436e-45 4.4070e-35 1.1501e-27 4.3908e-28 ] 1.0000e+00
 6.018e+01 1.3591e-27 1.3591e-27 [ 2.4871e-71 9.9522e-46 3.7127e-35 9.8346e-28 3.7567e-28 ] 1.0000e+00
 6.029e+01 1.1623e-27 1.1623e-27 [ 1.6934e-70 7.9615e-46 3.1274e-35 8.4094e-28 3.2141e-28 ] 1.0000e+00
 6.041e+01 9.9402e-28 9.9402e-28 [ -3.2780e-71 6.3669e-46 2.6341e-35 7.1904e-28 2.7498e-28 ] 1.0000e+00
 6.052e+01 8.5003e-28 8.5003e-28 [ 1.0285e-70 5.0900e-46 2.2183e-35 6.1479e-28 2.3524e-28 ] 1.0000e+00
 6.063e+01 7.2687e-28 7.2687e-28 [ -2.9884e-71 4.0677e-46 1.8679e-35 5.2563e-28 2.0124e-28 ] 1.0000e+00
 6.075e+01 6.2154e-28 6.2154e-28 [ 5.4216e-71 3.2497e-46 1.5726e-35 4.4939e-28 1.7215e-28 ] 1.0000e+00
 6.086e+01 5.3144e-28 5.3144e-28 [ -1.7054e-71 2.5953e-46 1.3239e-35 3.8419e-28 1.4726e-28 ] 1.0000e+00
 6.097e+01 4.5439e-28 4.5439e-28 [ 2.5490e-71 2.0719e-46 1.1143e-35 3.2843e-28 1.2596e-28 ] 1.0000e+00
 6.109e+01 3.8850e-28 3.8850e-28 [ -7.5181e-72 1.6535e-46 9.3785e-36 2.8076e-28 1.0774e-28 ] 1.0000e+00
 6.120e+01 3.3214e-28 3.3214e-28 [ 1.0712e-71 1.3191e-46 7.8920e-36 2.3999e-28 9.2150e-29 ] 1.0000e+00
 6.131e+01 2.8395e-28 2.8395e-28 [ -2.4971e-72 1.0520e-46 6.6403e-36 2.0514e-28 7.8814e-29 ] 1.0000e+00
 6.143e+01 2.4275e-28 2.4275e-28 [ 3.9631e-72 8.3869e-47 5.5863e-36 1.7534e-28 6.7405e-29 ] 1.0000e+00
 6.154e+01 2.0751e-28 2.0751e-28 [ -4.2730e-73 6.6838e-47 4.6990e-36 1.4986e-28 5.7646e-29 ] 1.0000e+00
 6.165e+01 1.7738e-28 1.7738e-28 [ 1.2359e-72 5.3247e-47 3.9521e-36 1.2808e-28 4.9297e-29 ] 1.0000e+00
 6.177e+01 1.5162e-28 1.5162e-28 [ 1.9453e-73 4.2403e-47 3.3235e-36 1.0946e-28 4.2156e-29 ] 1.0000e+00
 6.188e+01 1.2960e-28 1.2960e-28 [ 2.8375e-73 3.3756e-47 2.7945e-36 9.3548e-29 3.6049e-29 ] 1.0000e+00
 6.199e+01 1.1077e-28 1.1077e-28 [ 2.6140e-73 2.6862e-47 2.3493e-36 7.9943e-29 3.0824e-29 ] 1.0000e+00
 6.211e+01 9.4669e-29 9.4669e-29 [ 1.5425e-74 2.1368e-47 1.9748e-36 6.8313e-29 2.6356e-29 ] 1.0000e+00
 6.222e+01 8.0908e-29 8.0908e-29 [ 1.8224e-73 1.6992e-47 1.6597e-36 5.8373e-29 2.2535e-29 ] 1.0000e+00
 6.233e+01 6.9144e-29 6.9144e-29 [ -3.1245e-74 1.3507e-47 1.3948e-36 4.9877e-29 1.9267e-29 ] 1.0000e+00
 6.245e+01 5.9088e-29 5.9088e-29 [ 1.0103e-73 1.0732e-47 1.1719e-36 4.2615e-29 1.6472e-29 ] 1.0000e+00
 6.256e+01 5.0492e-29 5.0492e-29 [ -2.3991e-74 8.5244e-48 9.8451e-37 3.6410e-29 1.4082e-29 ] 1.0000e+00
 6.267e+01 4.3145e-29 4.3145e-29 [ 4.8989e-74 6.7682e-48 8.2695e-37 3.1106e-29 1.2039e-29 ] 1.0000e+00
 6.279e+01 3.6865e-29 3.6865e-29 [ -1.2050e-74 5.3718e-48 6.9451e-37 2.6574e-29 1.0291e-29 ] 1.0000e+00
 6.290e+01 3.1498e-29 3.1498e-29 [ 2.1623e-74 4.2618e-48 5.8318e-37 2.2701e-29 8.7970e-30 ] 1.0000e+00
 6.301e+01 2.6912e-29 2.6912e-29 [ -4.8173e-75 3.3798e-48 4.8962e-37 1.9392e-29 7.5195e-30 ] 1.0000e+00
 6.313e+01 2.2992e-29 2.2992e-29 [ 8.8657e-75 2.6793e-48 4.1101e-37 1.6565e-29 6.4272e-30 ] 1.0000e+00
 6.324e+01 1.9642e-29 1.9642e-29 [ -1.5317e-75 2.1231e-48 3.4496e-37 1.4149e-29 5.4933e-30 ] 1.0000e+00
 6.335e+01 1.6780e-29 1.6780e-29 [ 3.4009e-75 1.6817e-48 2.8948e-37 1.2085e-29 4.6950e-30 ] 1.0000e+00
 6.347e+01 1.4334e-29 1.4334e-29 [ -2.9949e-76 1.3316e-48 2.4288e-37 1.0321e-29 4.0125e-30 ] 1.0000e+00
 6.358e+01 1.2244e-29 1.2244e-29 [ 1.2078e-75 1.0539e-48 2.0375e-37 8.8147e-30 3.4290e-30 ] 1.0000e+00
 6.369e+01 1.0458e-29 1.0458e-29 [ 7.1733e-77 8.3374e-49 1.7089e-37 7.5277e-30 2.9303e-30 ] 1.0000e+00
 6.381e+01 8.9324e-30 8.9324e-30 [ 3.7942e-76 6.5932e-49 1.4331e-37 6.4284e-30 2.5040e-30 ] 1.0000e+00
 6.392e+01 7.6290e-30 7.6290e-30 [ 1.3616e-76 5.2117e-49 1.2015e-37 5.4893e-30 2.1397e-30 ] 1.0000e+00
 6.403e+01 6.5155e-30 6.5155e-30 [ 9.0079e-77 4.1179e-49 1.0072e-37 4.6872e-30 1.8282e-30 ] 1.0000e+00
 6.415e+01 5.5642e-30 5.5642e-30 [ 1.1158e-76 3.2523e-49 8.4417e-38 4.0021e-30 1.5621e-30 ] 1.0000e+00
 6.426e+01 4.7516e-30 4.7516e-30 [ 2.5900e-78 2.5675e-49 7.0738e-38 3.4170e-30 1.3346e-30 ] 1.0000e+00
 6.437e+01 4.0575e-30 4.0575e-30 [ 7.3028e-77 2.0260e-49 5.9264e-38 2.9173e-30 1.1402e-30 ] 1.0000e+00
 6.449e+01 3.4647e-30 3.4647e-30 [ -1.5293e-77 1.5981e-49 4.9641e-38 2.4906e-30 9.7408e-31 ] 1.0000e+00
 6.460e+01 2.9583e-30 2.9583e-30 [ 4.2035e-77 1.2599e-49 4.1573e-38 2.1262e-30 8.3212e-31 ] 1.0000e+00
 6.471e+01 2.5258e-30 2.5258e-30 [ -1.3061e-77 9.9287e-50 3.4808e-38 1.8150e-30 7.1082e-31 ] 1.0000e+00
 6.483e+01 2.1564e-30 2.1564e-30 [ 2.1845e-77 7.8208e-50 2.9138e-38 1.5493e-30 6.0718e-31 ] 1.0000e+00
 6.494e+01 1.8410e-30 1.8410e-30 [ -7.6148e-78 6.1575e-50 2.4386e-38 1.3224e-30 5.1862e-31 ] 1.0000e+00
 6.505e+01 1.5716e-30 1.5716e-30 [ 1.0296e-77 4.8457e-50 2.0405e-38 1.1287e-30 4.4296e-31 ] 1.0000e+00
 6.517e+01 1.3416e-30 1.3416e-30 [ -3.5554e-78 3.8116e-50 1.7069e-38 9.6330e-31 3.7832e-31 ] 1.0000e+00
 6.528e+01 1.1452e-30 1.1452e-30 [ 4.3663e-78 2.9968e-50 1.4276e-38 8.2211e-31 3.2310e-31 ] 1.0000e+00
 6.539e+01 9.7751e-31 9.7751e-31 [ -1.3282e-78 2.3550e-50 1.1937e-38 7.0158e-31 2.7593e-31 ] 1.0000e+00
 6.551e+01 8.3432e-31 8.3432e-31 [ 1.6272e-78 1.8498e-50 9.9784e-39 5.9869e-31 2.3563e-31 ] 1.0000e+00
 6.562e+01 7.1208e-31 7.1208e-31 [ -3.3914e-79 1.4522e-50 8.3392e-39 5.1087e-31 2.0121e-31 ] 1.0000e+00
 6.573e+01 6.0771e-31 6.0771e-31 [ 4.9983e-79 1.1396e-50 6.9675e-39 4.3591e-31 1.7181e-31 ] 1.0000e+00
 6.585e+01 5.1862e-31 5.1862e-31 [ 8.1332e-81 8.9376e-51 5.8199e-39 3.7192e-31 1.4670e-31 ] 1.0000e+00
 6.596e+01 4.4257e-31 4.4257e-31 [ 9.8268e-80 7.0062e-51 4.8600e-39 3.1732e-31 1.2525e-31 ] 1.0000e+00
 6.607e+01 3.7765e-31 3.7765e-31 [ 8.5360e-80 5.4894e-51 4.0573e-39 2.7071e-31 1.0693e-31 ] 1.0000e+00
 6.619e+01 3.2223e-31 3.2223e-31 [ -1.5307e-80 4.2987e-51 3.3862e-39 2.3094e-31 9.1290e-32 ] 1.0000e+00
 6.630e+01 2.7494e-31 2.7494e-31 [ 7.4586e-80 3.3646e-51 2.8252e-39 1.9701e-31 7.7933e-32 ] 1.0000e+00
 6.641e+01 2.3457e-31 2.3457e-31 [ -3.1865e-80 2.6320e-51 2.3565e-39 1.6805e-31 6.6526e-32 ] 1.0000e+00
 6.653e+01 2.0012e-31 2.0012e-31 [ 4.7882e-80 2.0578e-51 1.9649e-39 1.4334e-31 5.6786e-32 ] 1.0000e+00
 6.664e+01 1.7072e-31 1.7072e-31 [ -2.3846e-80 1.6080e-51 1.6379e-39 1.2225e-31 4.8470e-32 ] 1.0000e+00
 6.675e+01 1.4564e-31 1.4564e-31 [ 2.6650e-80 1.2559e-51 1.3648e-39 1.0427e-31 4.1370e-32 ] 1.0000e+00
 6.687e+01 1.2423e-31 1.2423e-31 [ -1.4021e-80 9.8027e-52 1.1369e-39 8.8921e-32 3.5308e-32 ] 1.0000e+00
 6.698e+01 1.0596e-31 1.0596e-31 [ 1.3606e-80 7.6472e-52 9.4676e-40 7.5830e-32 3.0133e-32 ] 1.0000e+00
 6.709e+01 9.0378e-32 9.0378e-32 [ -7.3227e-81 5.9623e-52 7.8811e-40 6.4663e-32 2.5715e-32 ] 1.0000e+00
 6.721e+01 7.7081e-32 7.7081e-32 [ 6.5429e-81 4.6459e-52 6.5580e-40 5.5137e-32 2.1944e-32 ] 1.0000e+00
 6.732e+01 6.5737e-32 6.5737e-32 [ -3.5501e-81 3.6180e-52 5.4550e-40 4.7012e-32 1.8725e-32 ] 1.0000e+00
 6.743e+01 5.6060e-32 5.6060e-32 [ 3.0059e-81 2.8158e-52 4.5358e-40 4.0082e-32 1.5977e-32 ] 1.0000e+00
 6.755e+01 4.7804e-32 4.7804e-32 [ -1.6301e-81 2.1902e-52 3.7699e-40 3.4172e-32 1.3632e-32 ] 1.0000e+00
 6.766e+01 4.0762e-32 4.0762e-32 [ 1.3296e-81 1.7025e-52 3.1321e-40 2.9132e-32 1.1630e-32 ] 1.0000e+00
 6.777e+01 3.4756e-32 3.4756e-32 [ -7.1631e-82 1.3226e-52 2.6011e-40 2.4834e-32 9.9222e-33 ] 1.0000e+00
 6.789e+01 2.9633e-32 2.9633e-32 [ 5.6889e-82 1.0268e-52 2.1592e-40 2.1168e-32 8.4645e-33 ] 1.0000e+00
 6.800e+01 2.5263e-32 2.5263e-32 [ -3.0296e-82 7.9665e-53 1.7915e-40 1.8043e-32 7.2206e-33 ] 1.0000e+00
 6.811e+01 2.1537e-32 2.1537e-32 [ 2.3617e-82 6.1768e-53 1.4858e-40 1.5378e-32 6.1591e-33 ] 1.0000e+00
 6.823e+01 1.8360e-32 1.8360e-32 [ -1.2379e-82 4.7859e-53 1.2317e-40 1.3106e-32 5.2535e-33 ] 1.0000e+00
 6.834e+01 1.5650e-32 1.5650e-32 [ 9.5352e-83 3.7058e-53 1.0205e-40 1.1169e-32 4.4807e-33 ] 1.0000e+00
 6.845e+01 1.3339e-32 1.3339e-32 [ -4.8963e-83 2.8674e-53 8.4509e-41 9.5179e-33 3.8214e-33 ] 1.0000e+00
 6.857e+01 1.1369e-32 1.1369e-32 [ 3.7464e-83 2.2171e-53 6.9948e-41 8.1103e-33 3.2590e-33 ] 1.0000e+00
 6.868e+01 9.6896e-33 9.6896e-33 [ -1.8762e-83 1.7131e-53 5.7865e-41 6.9104e-33 2.7792e-33 ] 1.0000e+00
 6.879e+01 8.2576e-33 8.2576e-33 [ 1.4515e-83 1.3227e-53 4.7842e-41 5.8877e-33 2.3699e-33 ] 1.0000e+00
 6.891e+01 7.0368e-33 7.0368e-33 [ -7.4988e-84 1.0205e-53 3.9533e-41 5.0160e-33 2.0208e-33 ] 1.0000e+00
 6.902e+01 5.9961e-33 5.9961e-33 [ 6.3722e-84 7.8675e-54 3.2648e-41 4.2731e-33 1.7230e-33 ] 1.0000e+00
 6.913e+01 5.1090e-33 5.1090e-33 [ -3.2037e-84 6.0607e-54 2.6946e-41 3.6400e-33 1.4690e-33 ] 1.0000e+00
 6.925e+01 4.3529e-33 4.3529e-33 [ -5.6424e-85 4.6652e-54 2.2225e-41 3.1005e-33 1.2524e-33 ] 1.0000e+00
 6.936e+01 3.7084e-33 3.7084e-33 [ 1.1180e-83 3.5881e-54 1.8320e-41 2.6407e-33 1.0677e-33 ] 1.0000e+00
 6.947e+01 3.1592e-33 3.1592e-33 [ -2.9155e-83 2.7574e-54 1.5091e-41 2.2490e-33 9.1013e-34 ] 1.0000e+00
 6.959e+01 2.6911e-33 2.6911e-33 [ 4.7381e-83 2.1172e-54 1.2422e-41 1.9153e-33 7.7580e-34 ] 1.0000e+00
 6.970e+01 2.2922e-33 2.2922e-33 [ -2.5850e-83 1.6243e-54 1.0218e-41 1.6309e-33 6.6126e-34 ] 1.0000e+00
 6.981e+01 1.9523e-33 1.9523e-33 [ -1.4607e-82 1.2450e-54 8.3991e-42 1.3887e-33 5.6359e-34 ] 1.0000e+00
 6.993e+01 1.6626e-33 1.6626e-33 [ 7.1958e-82 9.5339e-55 6.8985e-42 1.1823e-33 4.8033e-34 ] 1.0000e+00
 7.004e+01 1.4159e-33 1.4159e-33 [ -2.1864e-81 7.2941e-55 5.6615e-42 1.0065e-33 4.0934e-34 ] 1.0000e+00
 7.015e+01 1.2056e-33 1.2056e-33 [ 5.4121e-81 5.5752e-55 4.6425e-42 8.5679e-34 3.4883e-34 ] 1.0000e+00
 7.027e+01 1.0265e-33 1.0265e-33 [ -1.1787e-80 4.2572e-55 3.8036e-42 7.2926e-34 2.9724e-34 ] 1.0000e+00
 7.038e+01 8.7392e-34 8.7392e-34 [ 2.3371e-80 3.2473e-55 3.1135e-42 6.2065e-34 2.5327e-34 ] 1.0000e+00
 7.049e+01 7.4395e-34 7.4395e-34 [ -4.2986e-80 2.4745e-55 2.5463e-42 5.2815e-34 2.1579e-34 ] 1.0000e+00
 7.061e+01 6.3323e-34 6.3323e-34 [ 7.4207e-80 1.8841e-55 2.0804e-42 4.4939e-34 1.8385e-34 ] 1.0000e+00
 7.072e+01 5.3894e-34 5.3894e-34 [ -1.2121e-79 1.4306e-55 1.6981e-42 3.8231e-34 1.5662e-34 ] 1.0000e+00
 7.083e+01 4.5863e-34 4.5863e-34 [ 1.8840e-79 1.0890e-55 1.3846e-42 3.2520e-34 1.3342e-34 ] 1.0000e+00
 7.095e+01 3.9023e-34 3.9023e-34 [ -2.7992e-79 8.2969e-56 1.1277e-42 2.7658e-34 1.1365e-34 ] 1.0000e+00
 7.106e+01 3.3199e-34 3.3199e-34 [ 3.9889e-79 5.9877e-56 9.1747e-43 2.3518e-34 9.6805e-35 ] 1.0000e+00
 7.117e+01 2.8239e-34 2.8239e-34 [ -5.4670e-79 5.4149e-56 7.4552e-43 1.9994e-34 8.2450e-35 ] 1.0000e+00
 7.129e+01 2.4016e-34 2.4016e-34 [ 7.2227e-79 2.6142e-56 6.0505e-43 1.6994e-34 7.0220e-35 ] 1.0000e+00
 7.140e+01 2.0420e-34 2.0420e-34 [ -9.2154e-79 1.9676e-56 4.9039e-43 1.4440e-34 5.9800e-35 ] 1.0000e+00
 7.151e+01 1.7359e-34 1.7359e-34 [ 1.1373e-78 1.1938e-55 3.9692e-43 1.2266e-34 5.0923e-35 ] 1.0000e+00
 7.163e+01 1.4753e-34 1.4753e-34 [ -1.3595e-78 -3.8523e-55 3.2079e-43 1.0416e-34 4.3361e-35 ] 1.0000e+00
 7.174e+01 1.2534e-34 1.2534e-34 [ 1.5758e-78 1.2050e-54 2.5887e-43 8.8420e-35 3.6919e-35 ] 1.0000e+00
 7.185e+01 1.0645e-34 1.0645e-34 [ -1.7728e-78 -2.9931e-54 2.0856e-43 7.5021e-35 3.1432e-35 ] 1.0000e+00
 7.197e+01 9.0376e-35 9.0376e-35 [ 1.9376e-78 6.7084e-54 1.6774e-43 6.3618e-35 2.6758e-35 ] 1.0000e+00
 7.208e+01 7.6693e-35 7.6693e-35 [ -2.0588e-78 -1.3625e-53 1.3465e-43 5.3915e-35 2.2778e-35 ] 1.0000e+00
 7.219e+01 6.5046e-35 6.5046e-35 [ 2.1279e-78 2.5639e-53 1.0788e-43 4.5659e-35 1.9388e-35 ] 1.0000e+00
 7.231e+01 5.5134e-35 5.5134e-35 [ -2.1407e-78 -4.5041e-53 8.6251e-44 3.8634e-35 1.6500e-35 ] 1.0000e+00
 7.242e+01 4.6697e-35 4.6697e-35 [ 2.0970e-78 7.4465e-53 6.8800e-44 3.2656e-35 1.4041e-35 ] 1.0000e+00
 7.253e+01 3.9517e-35 3.9517e-35 [ -2.0009e-78 -1.1642e-52 5.4743e-44 2.7571e-35 1.1947e-35 ] 1.0000e+00
 7.265e+01 3.3406e-35 3.3406e-35 [ 1.8604e-78 1.7281e-52 4.3443e-44 2.3243e-35 1.0163e-35 ] 1.0000e+00
 7.276e+01 2.8204e-35 2.8204e-35 [ -1.6857e-78 -2.4431e-52 3.4374e-44 1.9561e-35 8.6434e-36 ] 1.0000e+00
 7.287e+01 2.3777e-35 2.3777e-35 [ 1.4888e-78 3.2973e-52 2.7094e-44 1.6428e-35 7.3489e-36 ] 1.0000e+00
 7.299e+01 2.0007e-35 2.0007e-35 [ -1.2817e-78 -4.2566e-52 2.1328e-44 1.3761e-35 6.2459e-36 ] 1.0000e+00
 7.310e+01 1.6797e-35 1.6797e-35 [ 1.0755e-78 5.2634e-52 1.6631e-44 1.1492e-35 5.3056e-36 ] 1.0000e+00
 7.321e+01 1.4063e-35 1.4063e-35 [ -8.7960e-79 -6.2411e-52 1.2983e-44 9.5596e-36 4.5036e-36 ] 1.0000e+00
 7.333e+01 1.1734e-35 1.1734e-35 [ 7.0088e-79 7.1017e-52 1.0230e-44 7.9146e-36 3.8189e-36 ] 1.0000e+00
 7.344e+01 9.7474e-36 9.7474e-36 [ -5.4390e-79 -7.7581e-52 7.1555e-45 6.5137e-36 3.2337e-36 ] 1.0000e+00
 7.355e+01 8.0532e-36 8.0532e-36 [ 4.1083e-79 8.1367e-52 7.3191e-45 5.3207e-36 2.7325e-36 ] 1.0000e+00
 7.367e+01 6.6070e-36 6.6070e-36 [ -3.0179e-79 -8.1898e-52 1.7995e-45 4.3049e-36 2.3020e-36 ] 1.0000e+00
 7.378e+01 5.3714e-36 5.3714e-36 [ 2.1535e-79 7.9033e-52 7.7964e-45 3.4407e-36 1.9308e-36 ] 1.0000e+00
 7.389e+01 4.3152e-36 4.3152e-36 [ -1.4902e-79 -7.2996e-52 -3.9813e-45 2.7065e-36 1.6087e-36 ] 1.0000e+00
 7.401e+01 3.4119e-36 3.4119e-36 [ 9.9771e-80 6.4340e-52 1.0221e-44 2.0850e-36 1.3269e-36 ] 1.0000e+00
 7.412e+01 2.6399e-36 2.6399e-36 [ -6.4394e-80 -5.3865e-52 -8.5636e-45 1.5620e-36 1.0778e-36 ] 1.0000e+00
 7.423e+01 1.9817e-36 1.9817e-36 [ 3.9839e-80 4.2503e-52 1.1184e-44 1.1267e-36 8.5506e-37 ] 1.0000e+00
 7.435e+01 1.4240e-36 1.4240e-36 [ -2.3396e-80 -3.1202e-52 -9.0124e-45 7.7043e-37 6.5359e-37 ] 1.0000e+00
 7.446e+01 9.5765e-37 9.5765e-37 [ 1.2804e-80 2.0821e-52 8.0978e-45 4.8706e-37 4.7060e-37 ] 1.0000e+00
 7.457e+01 5.7803e-37 5.7803e-37 [ -6.2805e-81 -1.2068e-52 -5.0223e-45 2.7168e-37 3.0635e-37 ] 1.0000e+00
 7.469e+01 2.8580e-37 2.8580e-37 [ 2.5059e-81 5.4720e-53 2.7081e-45 1.2035e-37 1.6544e-37 ] 1.0000e+00
 7.480e+01 8.8035e-38 8.8035e-38 [ -5.8444e-82 -1.3837e-53 -6.8771e-46 3.0133e-38 5.7902e-38 ] 1.0000e+00
 7.491e+01 0.0000e+00 0.0000e+00 [ 0.0000e+00 0.0000e+00 0.0000e+00 0.0000e+00 0.0000e+00 ] 1.0000e+00
