 0.000e+00 0.0000e+00 0.0000e+00 [ 0.0000e+00 0.0000e+00 0.0000e+00 0.0000e+00 0.0000e+00 ] 1.0000e+00
 1.133e-01 4.2419e-02 4.2419e-02 [ 4.2114e-02 1.5277e-04 7.2078e-05 7.1880e-05 8.6781e-06 ] 9.5758e-01
 2.267e-01 8.2895e-02 8.2895e-02 [ 8.1605e-02 6.4766e-04 3.0554e-04 3.0442e-04 3.1708e-05 ] 9.1711e-01
 3.400e-01 1.1496e-01 1.1496e-01 [ 1.1181e-01 1.5886e-03 7.4935e-04 7.4502e-04 6.6437e-05 ] 8.8504e-01
 4.533e-01 1.4878e-01 1.4878e-01 [ 1.4256e-01 3.1492e-03 1.4852e-03 1.4727e-03 1.1212e-04 ] 8.5122e-01
 5.667e-01 1.8911e-01 1.8911e-01 [ 1.7814e-01 5.5771e-03 2.6296e-03 2.5994e-03 1.6941e-04 ] 8.1089e-01
 6.800e-01 2.4021e-01 2.4021e-01 [ 2.2219e-01 9.1843e-03 4.3292e-03 4.2649e-03 2.3965e-04 ] 7.5979e-01
 7.933e-01 3.0536e-01 3.0536e-01 [ 2.7738e-01 1.4298e-02 6.7377e-03 6.6136e-03 3.2387e-04 ] 6.9464e-01
 9.067e-01 3.8556e-01 3.8556e-01 [ 3.4429e-01 2.1145e-02 9.9607e-03 9.7406e-03 4.2122e-04 ] 6.1444e-01
 1.020e+00 4.7771e-01 4.7771e-01 [ 4.1994e-01 2.9666e-02 1.3969e-02 1.3608e-02 5.2728e-04 ] 5.2229e-01
 1.133e+00 5.7360e-01 5.7360e-01 [ 4.9711e-01 3.9353e-02 1.8523e-02 1.7973e-02 6.3326e-04 ] 4.2640e-01
 1.247e+00 6.6164e-01 6.6164e-01 [ 5.6603e-01 4.9292e-02 2.3189e-02 2.2410e-02 7.2810e-04 ] 3.3836e-01
 1.360e+00 7.3191e-01 7.3191e-01 [ 6.1861e-01 5.8512e-02 2.7512e-02 2.6474e-02 8.0330e-04 ] 2.6809e-01
 1.473e+00 7.8065e-01 7.8065e-01 [ 6.5223e-01 6.6439e-02 3.1219e-02 2.9906e-02 8.5700e-04 ] 2.1935e-01
 1.587e+00 8.1051e-01 8.1051e-01 [ 6.6959e-01 7.3038e-02 3.4294e-02 3.2696e-02 8.9343e-04 ] 1.8949e-01
 1.700e+00 8.2698e-01 8.2698e-01 [ 6.7561e-01 7.8602e-02 3.6875e-02 3.4980e-02 9.1897e-04 ] 1.7302e-01
 1.813e+00 8.3518e-01 8.3518e-01 [ 6.7471e-01 8.3483e-02 3.9128e-02 3.6922e-02 9.3899e-04 ] 1.6482e-01
 1.927e+00 8.3869e-01 8.3869e-01 [ 6.6994e-01 8.7957e-02 4.1182e-02 3.8647e-02 9.5686e-04 ] 1.6131e-01
 2.040e+00 8.3966e-01 8.3966e-01 [ 6.6312e-01 9.2207e-02 4.3122e-02 4.0238e-02 9.7433e-04 ] 1.6034e-01
 2.153e+00 8.3934e-01 8.3934e-01 [ 6.5526e-01 9.6340e-02 4.5000e-02 4.1746e-02 9.9216e-04 ] 1.6066e-01
 2.267e+00 8.3837e-01 8.3837e-01 [ 6.4689e-01 1.0042e-01 4.6844e-02 4.3199e-02 1.0106e-03 ] 1.6163e-01
 2.380e+00 8.3711e-01 8.3711e-01 [ 6.3831e-01 1.0448e-01 4.8671e-02 4.4614e-02 1.0295e-03 ] 1.6289e-01
 2.493e+00 8.3575e-01 8.3575e-01 [ 6.2966e-01 1.0854e-01 5.0491e-02 4.6000e-02 1.0490e-03 ] 1.6425e-01
 2.607e+00 8.3438e-01 8.3438e-01 [ 6.2103e-01 1.1262e-01 5.2308e-02 4.7364e-02 1.0688e-03 ] 1.6562e-01
 2.720e+00 8.3307e-01 8.3307e-01 [ 6.1243e-01 1.1671e-01 5.4126e-02 4.8709e-02 1.0888e-03 ] 1.6693e-01
 2.833e+00 8.3182e-01 8.3182e-01 [ 6.0390e-01 1.2082e-01 5.5946e-02 5.0038e-02 1.1090e-03 ] 1.6818e-01
 2.947e+00 8.3065e-01 8.3065e-01 [ 5.9544e-01 1.2496e-01 5.7770e-02 5.1352e-02 1.1293e-03 ] 1.6935e-01
 3.060e+00 8.2957e-01 8.2957e-01 [ 5.8705e-01 1.2912e-01 5.9599e-02 5.2653e-02 1.1498e-03 ] 1.7043e-01
 3.173e+00 8.2857e-01 8.2857e-01 [ 5.7872e-01 1.3331e-01 6.1432e-02 5.3942e-02 1.1702e-03 ] 1.7143e-01
 3.287e+00 8.2765e-01 8.2765e-01 [ 5.7045e-01 1.3752e-01 6.3271e-02 5.5220e-02 1.1908e-03 ] 1.7235e-01
 3.400e+00 8.2680e-01 8.2680e-01 [ 5.6224e-01 1.4175e-01 6.5115e-02 5.6488e-02 1.2114e-03 ] 1.7320e-01
 3.513e+00 8.2602e-01 8.2602e-01 [ 5.5408e-01 1.4600e-01 6.6966e-02 5.7746e-02 1.2321e-03 ] 1.7398e-01
 3.627e+00 8.2531e-01 8.2531e-01 [ 5.4596e-01 1.5028e-01 6.8822e-02 5.8997e-02 1.2528e-03 ] 1.7469e-01
 3.740e+00 8.2466e-01 8.2466e-01 [ 5.3789e-01 1.5457e-01 7.0686e-02 6.0240e-02 1.2736e-03 ] 1.7534e-01
 3.853e+00 8.2406e-01 8.2406e-01 [ 5.2985e-01 1.5889e-01 7.2556e-02 6.1476e-02 1.2945e-03 ] 1.7594e-01
 3.967e+00 8.2351e-01 8.2351e-01 [ 5.2184e-01 1.6322e-01 7.4433e-02 6.2707e-02 1.3155e-03 ] 1.7649e-01
 4.080e+00 8.2301e-01 8.2301e-01 [ 5.1385e-01 1.6756e-01 7.6318e-02 6.3933e-02 1.3367e-03 ] 1.7699e-01
 4.193e+00 8.2254e-01 8.2254e-01 [ 5.0590e-01 1.7193e-01 7.8211e-02 6.5155e-02 1.3579e-03 ] 1.7746e-01
 4.307e+00 8.2212e-01 8.2212e-01 [ 4.9796e-01 1.7630e-01 8.0113e-02 6.6374e-02 1.3793e-03 ] 1.7788e-01
 4.420e+00 8.2173e-01 8.2173e-01 [ 4.9004e-01 1.8068e-01 8.2022e-02 6.7590e-02 1.4008e-03 ] 1.7827e-01
 4.533e+00 8.2138e-01 8.2138e-01 [ 4.8213e-01 1.8508e-01 8.3941e-02 6.8805e-02 1.4224e-03 ] 1.7863e-01
 4.647e+00 8.2105e-01 8.2105e-01 [ 4.7424e-01 1.8948e-01 8.5870e-02 7.0019e-02 1.4442e-03 ] 1.7895e-01
 4.760e+00 8.2074e-01 8.2074e-01 [ 4.6636e-01 1.9388e-01 8.7808e-02 7.1233e-02 1.4662e-03 ] 1.7926e-01
 4.873e+00 8.2046e-01 8.2046e-01 [ 4.5849e-01 1.9828e-01 8.9756e-02 7.2447e-02 1.4883e-03 ] 1.7954e-01
 4.987e+00 8.2020e-01 8.2020e-01 [ 4.5063e-01 2.0269e-01 9.1715e-02 7.3663e-02 1.5106e-03 ] 1.7980e-01
 5.100e+00 8.1996e-01 8.1996e-01 [ 4.4278e-01 2.0709e-01 9.3685e-02 7.4882e-02 1.5331e-03 ] 1.8004e-01
 5.213e+00 8.1974e-01 8.1974e-01 [ 4.3493e-01 2.1148e-01 9.5666e-02 7.6103e-02 1.5558e-03 ] 1.8026e-01
 5.327e+00 8.1953e-01 8.1953e-01 [ 4.2710e-01 2.1586e-01 9.7659e-02 7.7328e-02 1.5787e-03 ] 1.8047e-01
 5.440e+00 8.1934e-01 8.1934e-01 [ 4.1928e-01 2.2024e-01 9.9664e-02 7.8557e-02 1.6018e-03 ] 1.8067e-01
 5.553e+00 8.1915e-01 8.1915e-01 [ 4.1146e-01 2.2459e-01 1.0168e-01 7.9791e-02 1.6252e-03 ] 1.8085e-01
 5.667e+00 8.1898e-01 8.1898e-01 [ 4.0366e-01 2.2893e-01 1.0371e-01 8.1031e-02 1.6487e-03 ] 1.8102e-01
 5.780e+00 8.1882e-01 8.1882e-01 [ 3.9587e-01 2.3324e-01 1.0576e-01 8.2277e-02 1.6725e-03 ] 1.8118e-01
 5.893e+00 8.1866e-01 8.1866e-01 [ 3.8809e-01 2.3753e-01 1.0782e-01 8.3530e-02 1.6965e-03 ] 1.8134e-01
 6.007e+00 8.1852e-01 8.1852e-01 [ 3.8033e-01 2.4179e-01 1.0989e-01 8.4791e-02 1.7208e-03 ] 1.8148e-01
 6.120e+00 8.1838e-01 8.1838e-01 [ 3.7259e-01 2.4601e-01 1.1198e-01 8.6060e-02 1.7453e-03 ] 1.8162e-01
 6.233e+00 8.1825e-01 8.1825e-01 [ 3.6486e-01 2.5020e-01 1.1408e-01 8.7337e-02 1.7701e-03 ] 1.8175e-01
 6.347e+00 8.1812e-01 8.1812e-01 [ 3.5716e-01 2.5434e-01 1.1620e-01 8.8624e-02 1.7952e-03 ] 1.8188e-01
 6.460e+00 8.1799e-01 8.1799e-01 [ 3.4948e-01 2.5845e-01 1.1833e-01 8.9921e-02 1.8205e-03 ] 1.8201e-01
 6.573e+00 8.1788e-01 8.1788e-01 [ 3.4182e-01 2.6250e-01 1.2048e-01 9.1229e-02 1.8461e-03 ] 1.8212e-01
 6.687e+00 8.1776e-01 8.1776e-01 [ 3.3420e-01 2.6650e-01 1.2265e-01 9.2547e-02 1.8720e-03 ] 1.8224e-01
 6.800e+00 8.1765e-01 8.1765e-01 [ 3.2660e-01 2.7044e-01 1.2483e-01 9.3877e-02 1.8982e-03 ] 1.8235e-01
 6.913e+00 8.1754e-01 8.1754e-01 [ 3.1904e-01 2.7432e-01 1.2703e-01 9.5219e-02 1.9247e-03 ] 1.8246e-01
 7.027e+00 8.1743e-01 8.1743e-01 [ 3.1152e-01 2.7813e-01 1.2925e-01 9.6574e-02 1.9515e-03 ] 1.8257e-01
 7.140e+00 8.1732e-01 8.1732e-01 [ 3.0404e-01 2.8187e-01 1.3149e-01 9.7942e-02 1.9786e-03 ] 1.8268e-01
 7.253e+00 8.1722e-01 8.1722e-01 [ 2.9660e-01 2.8554e-01 1.3375e-01 9.9324e-02 2.0061e-03 ] 1.8278e-01
 7.367e+00 8.1712e-01 8.1712e-01 [ 2.8921e-01 2.8913e-01 1.3602e-01 1.0072e-01 2.0339e-03 ] 1.8288e-01
 7.480e+00 8.1701e-01 8.1701e-01 [ 2.8187e-01 2.9264e-01 1.3831e-01 1.0213e-01 2.0620e-03 ] 1.8299e-01
 7.593e+00 8.1691e-01 8.1691e-01 [ 2.7458e-01 2.9606e-01 1.4062e-01 1.0356e-01 2.0904e-03 ] 1.8309e-01
 7.707e+00 8.1681e-01 8.1681e-01 [ 2.6735e-01 2.9939e-01 1.4296e-01 1.0500e-01 2.1193e-03 ] 1.8319e-01
 7.820e+00 8.1671e-01 8.1671e-01 [ 2.6018e-01 3.0262e-01 1.4531e-01 1.0645e-01 2.1484e-03 ] 1.8329e-01
 7.933e+00 8.1661e-01 8.1661e-01 [ 2.5308e-01 3.0575e-01 1.4768e-01 1.0793e-01 2.1780e-03 ] 1.8339e-01
 8.047e+00 8.1651e-01 8.1651e-01 [ 2.4604e-01 3.0878e-01 1.5007e-01 1.0942e-01 2.2079e-03 ] 1.8349e-01
 8.160e+00 8.1642e-01 8.1642e-01 [ 2.3907e-01 3.1170e-01 1.5248e-01 1.1093e-01 2.2383e-03 ] 1.8358e-01
 8.273e+00 8.1632e-01 8.1632e-01 [ 2.3218e-01 3.1451e-01 1.5491e-01 1.1245e-01 2.2690e-03 ] 1.8368e-01
 8.387e+00 8.1622e-01 8.1622e-01 [ 2.2536e-01 3.1720e-01 1.5736e-01 1.1400e-01 2.3001e-03 ] 1.8378e-01
 8.500e+00 8.1612e-01 8.1612e-01 [ 2.1863e-01 3.1977e-01 1.5983e-01 1.1556e-01 2.3316e-03 ] 1.8388e-01
 8.613e+00 8.1602e-01 8.1602e-01 [ 2.1198e-01 3.2221e-01 1.6232e-01 1.1714e-01 2.3636e-03 ] 1.8398e-01
 8.727e+00 8.1592e-01 8.1592e-01 [ 2.0541e-01 3.2453e-01 1.6483e-01 1.1875e-01 2.3960e-03 ] 1.8408e-01
 8.840e+00 8.1581e-01 8.1581e-01 [ 1.9894e-01 3.2672e-01 1.6736e-01 1.2037e-01 2.4288e-03 ] 1.8419e-01
 8.953e+00 8.1571e-01 8.1571e-01 [ 1.9256e-01 3.2877e-01 1.6991e-01 1.2201e-01 2.4620e-03 ] 1.8429e-01
 9.067e+00 8.1561e-01 8.1561e-01 [ 1.8627e-01 3.3069e-01 1.7247e-01 1.2368e-01 2.4958e-03 ] 1.8439e-01
 9.180e+00 8.1551e-01 8.1551e-01 [ 1.8008e-01 3.3247e-01 1.7506e-01 1.2537e-01 2.5300e-03 ] 1.8449e-01
 9.293e+00 8.1540e-01 8.1540e-01 [ 1.7400e-01 3.3410e-01 1.7767e-01 1.2708e-01 2.5646e-03 ] 1.8460e-01
 9.407e+00 8.1530e-01 8.1530e-01 [ 1.6801e-01 3.3558e-01 1.8029e-01 1.2881e-01 2.5998e-03 ] 1.8470e-01
 9.520e+00 8.1519e-01 8.1519e-01 [ 1.6214e-01 3.3692e-01 1.8294e-01 1.3056e-01 2.6354e-03 ] 1.8481e-01
 9.633e+00 8.1509e-01 8.1509e-01 [ 1.5637e-01 3.3811e-01 1.8560e-01 1.3234e-01 2.6716e-03 ] 1.8491e-01
 9.747e+00 8.1498e-01 8.1498e-01 [ 1.5071e-01 3.3914e-01 1.8827e-01 1.3415e-01 2.7083e-03 ] 1.8502e-01
 9.860e+00 8.1487e-01 8.1487e-01 [ 1.4517e-01 3.4002e-01 1.9097e-01 1.3597e-01 2.7455e-03 ] 1.8513e-01
 9.973e+00 8.1476e-01 8.1476e-01 [ 1.3973e-01 3.4074e-01 1.9368e-01 1.3783e-01 2.7832e-03 ] 1.8524e-01
 1.009e+01 8.1465e-01 8.1465e-01 [ 1.3442e-01 3.4131e-01 1.9640e-01 1.3971e-01 2.8216e-03 ] 1.8535e-01
 1.020e+01 8.1454e-01 8.1454e-01 [ 1.2922e-01 3.4171e-01 1.9914e-01 1.4161e-01 2.8604e-03 ] 1.8546e-01
 1.031e+01 8.1443e-01 8.1443e-01 [ 1.2414e-01 3.4195e-01 2.0189e-01 1.4355e-01 2.8999e-03 ] 1.8557e-01
 1.043e+01 8.1432e-01 8.1432e-01 [ 1.1918e-01 3.4204e-01 2.0466e-01 1.4551e-01 2.9399e-03 ] 1.8568e-01
 1.054e+01 8.1420e-01 8.1420e-01 [ 1.1434e-01 3.4196e-01 2.0743e-01 1.4750e-01 2.9806e-03 ] 1.8580e-01
 1.065e+01 8.1409e-01 8.1409e-01 [ 1.0962e-01 3.4171e-01 2.1022e-01 1.4952e-01 3.0218e-03 ] 1.8591e-01
 1.077e+01 8.1397e-01 8.1397e-01 [ 1.0502e-01 3.4131e-01 2.1301e-01 1.5156e-01 3.0637e-03 ] 1.8603e-01
 1.088e+01 8.1386e-01 8.1386e-01 [ 1.0055e-01 3.4074e-01 2.1582e-01 1.5364e-01 3.1062e-03 ] 1.8614e-01
 1.099e+01 8.1374e-01 8.1374e-01 [ 9.6197e-02 3.4001e-01 2.1863e-01 1.5575e-01 3.1494e-03 ] 1.8626e-01
 1.111e+01 8.1362e-01 8.1362e-01 [ 9.1968e-02 3.3912e-01 2.2145e-01 1.5789e-01 3.1933e-03 ] 1.8638e-01
 1.122e+01 8.1350e-01 8.1350e-01 [ 8.7861e-02 3.3807e-01 2.2427e-01 1.6006e-01 3.2378e-03 ] 1.8650e-01
 1.133e+01 8.1338e-01 8.1338e-01 [ 8.3877e-02 3.3686e-01 2.2709e-01 1.6227e-01 3.2830e-03 ] 1.8662e-01
 1.145e+01 8.1326e-01 8.1326e-01 [ 8.0014e-02 3.3549e-01 2.2992e-01 1.6451e-01 3.3289e-03 ] 1.8674e-01
 1.156e+01 8.1313e-01 8.1313e-01 [ 7.6273e-02 3.3396e-01 2.3274e-01 1.6679e-01 3.3756e-03 ] 1.8687e-01
 1.167e+01 8.1301e-01 8.1301e-01 [ 7.2652e-02 3.3228e-01 2.3556e-01 1.6910e-01 3.4230e-03 ] 1.8699e-01
 1.179e+01 8.1289e-01 8.1289e-01 [ 6.9151e-02 3.3044e-01 2.3838e-01 1.7144e-01 3.4711e-03 ] 1.8711e-01
 1.190e+01 8.1276e-01 8.1276e-01 [ 6.5768e-02 3.2845e-01 2.4119e-01 1.7383e-01 3.5200e-03 ] 1.8724e-01
 1.201e+01 8.1263e-01 8.1263e-01 [ 6.2503e-02 3.2632e-01 2.4400e-01 1.7625e-01 3.5697e-03 ] 1.8737e-01
 1.213e+01 8.1251e-01 8.1251e-01 [ 5.9354e-02 3.2403e-01 2.4679e-01 1.7871e-01 3.6202e-03 ] 1.8749e-01
 1.224e+01 8.1238e-01 8.1238e-01 [ 5.6319e-02 3.2161e-01 2.4957e-01 1.8121e-01 3.6715e-03 ] 1.8762e-01
 1.235e+01 8.1225e-01 8.1225e-01 [ 5.3397e-02 3.1904e-01 2.5234e-01 1.8375e-01 3.7236e-03 ] 1.8775e-01
 1.247e+01 8.1212e-01 8.1212e-01 [ 5.0587e-02 3.1634e-01 2.5509e-01 1.8633e-01 3.7765e-03 ] 1.8788e-01
 1.258e+01 8.1199e-01 8.1199e-01 [ 4.7886e-02 3.1350e-01 2.5782e-01 1.8895e-01 3.8303e-03 ] 1.8801e-01
 1.269e+01 8.1185e-01 8.1185e-01 [ 4.5292e-02 3.1053e-01 2.6053e-01 1.9162e-01 3.8849e-03 ] 1.8815e-01
 1.281e+01 8.1172e-01 8.1172e-01 [ 4.2804e-02 3.0743e-01 2.6322e-01 1.9433e-01 3.9405e-03 ] 1.8828e-01
 1.292e+01 8.1159e-01 8.1159e-01 [ 4.0419e-02 3.0421e-01 2.6588e-01 1.9708e-01 3.9968e-03 ] 1.8841e-01
 1.303e+01 8.1146e-01 8.1146e-01 [ 3.8135e-02 3.0087e-01 2.6852e-01 1.9988e-01 4.0541e-03 ] 1.8854e-01
 1.315e+01 8.1132e-01 8.1132e-01 [ 3.5951e-02 2.9741e-01 2.7112e-01 2.0273e-01 4.1123e-03 ] 1.8868e-01
 1.326e+01 8.1119e-01 8.1119e-01 [ 3.3862e-02 2.9384e-01 2.7368e-01 2.0563e-01 4.1715e-03 ] 1.8881e-01
 1.337e+01 8.1105e-01 8.1105e-01 [ 3.1868e-02 2.9017e-01 2.7621e-01 2.0857e-01 4.2315e-03 ] 1.8895e-01
 1.349e+01 8.1092e-01 8.1092e-01 [ 2.9966e-02 2.8639e-01 2.7870e-01 2.1157e-01 4.2925e-03 ] 1.8908e-01
 1.360e+01 8.1079e-01 8.1079e-01 [ 2.8152e-02 2.8251e-01 2.8115e-01 2.1461e-01 4.3544e-03 ] 1.8921e-01
 1.371e+01 8.1065e-01 8.1065e-01 [ 2.6426e-02 2.7854e-01 2.8356e-01 2.1771e-01 4.4173e-03 ] 1.8935e-01
 1.383e+01 8.1052e-01 8.1052e-01 [ 2.4783e-02 2.7449e-01 2.8591e-01 2.2086e-01 4.4812e-03 ] 1.8948e-01
 1.394e+01 8.1039e-01 8.1039e-01 [ 2.3222e-02 2.7034e-01 2.8821e-01 2.2406e-01 4.5460e-03 ] 1.8961e-01
 1.405e+01 8.1026e-01 8.1026e-01 [ 2.1739e-02 2.6612e-01 2.9046e-01 2.2732e-01 4.6117e-03 ] 1.8974e-01
 1.417e+01 8.1013e-01 8.1013e-01 [ 2.0333e-02 2.6183e-01 2.9266e-01 2.3063e-01 4.6785e-03 ] 1.8987e-01
 1.428e+01 8.1000e-01 8.1000e-01 [ 1.9001e-02 2.5746e-01 2.9479e-01 2.3400e-01 4.7462e-03 ] 1.9000e-01
 1.439e+01 8.0987e-01 8.0987e-01 [ 1.7739e-02 2.5303e-01 2.9686e-01 2.3743e-01 4.8149e-03 ] 1.9013e-01
 1.451e+01 8.0975e-01 8.0975e-01 [ 1.6546e-02 2.4854e-01 2.9887e-01 2.4091e-01 4.8845e-03 ] 1.9025e-01
 1.462e+01 8.0963e-01 8.0963e-01 [ 1.5419e-02 2.4400e-01 3.0080e-01 2.4445e-01 4.9552e-03 ] 1.9038e-01
 1.473e+01 8.0951e-01 8.0951e-01 [ 1.4355e-02 2.3940e-01 3.0267e-01 2.4805e-01 5.0267e-03 ] 1.9049e-01
 1.485e+01 8.0939e-01 8.0939e-01 [ 1.3352e-02 2.3476e-01 3.0446e-01 2.5171e-01 5.0993e-03 ] 1.9061e-01
 1.496e+01 8.0928e-01 8.0928e-01 [ 1.2407e-02 2.3009e-01 3.0618e-01 2.5543e-01 5.1727e-03 ] 1.9072e-01
 1.507e+01 8.0918e-01 8.0918e-01 [ 1.1518e-02 2.2538e-01 3.0782e-01 2.5922e-01 5.2471e-03 ] 1.9082e-01
 1.519e+01 8.0908e-01 8.0908e-01 [ 1.0682e-02 2.2063e-01 3.0938e-01 2.6306e-01 5.3224e-03 ] 1.9092e-01
 1.530e+01 8.0899e-01 8.0899e-01 [ 9.8972e-03 2.1587e-01 3.1085e-01 2.6696e-01 5.3986e-03 ] 1.9101e-01
 1.541e+01 8.0890e-01 8.0890e-01 [ 9.1609e-03 2.1109e-01 3.1224e-01 2.7093e-01 5.4756e-03 ] 1.9110e-01
 1.553e+01 8.0882e-01 8.0882e-01 [ 8.4709e-03 2.0629e-01 3.1355e-01 2.7496e-01 5.5535e-03 ] 1.9118e-01
 1.564e+01 8.0876e-01 8.0876e-01 [ 7.8250e-03 2.0148e-01 3.1476e-01 2.7905e-01 5.6322e-03 ] 1.9124e-01
 1.575e+01 8.0870e-01 8.0870e-01 [ 7.2211e-03 1.9668e-01 3.1589e-01 2.8321e-01 5.7117e-03 ] 1.9130e-01
 1.587e+01 8.0866e-01 8.0866e-01 [ 6.6569e-03 1.9187e-01 3.1692e-01 2.8743e-01 5.7920e-03 ] 1.9134e-01
 1.598e+01 8.0863e-01 8.0863e-01 [ 6.1304e-03 1.8706e-01 3.1786e-01 2.9171e-01 5.8730e-03 ] 1.9137e-01
 1.609e+01 8.0862e-01 8.0862e-01 [ 5.6398e-03 1.8227e-01 3.1871e-01 2.9605e-01 5.9546e-03 ] 1.9138e-01
 1.621e+01 8.0863e-01 8.0863e-01 [ 5.1829e-03 1.7750e-01 3.1946e-01 3.0045e-01 6.0369e-03 ] 1.9137e-01
 1.632e+01 8.0865e-01 8.0865e-01 [ 4.7580e-03 1.7274e-01 3.2012e-01 3.0491e-01 6.1198e-03 ] 1.9135e-01
 1.643e+01 8.0870e-01 8.0870e-01 [ 4.3633e-03 1.6801e-01 3.2068e-01 3.0944e-01 6.2032e-03 ] 1.9130e-01
 1.655e+01 8.0877e-01 8.0877e-01 [ 3.9970e-03 1.6332e-01 3.2115e-01 3.1402e-01 6.2870e-03 ] 1.9123e-01
 1.666e+01 8.0887e-01 8.0887e-01 [ 3.6575e-03 1.5865e-01 3.2153e-01 3.1866e-01 6.3713e-03 ] 1.9113e-01
 1.677e+01 8.0901e-01 8.0901e-01 [ 3.3432e-03 1.5403e-01 3.2182e-01 3.2336e-01 6.4560e-03 ] 1.9099e-01
 1.689e+01 8.0917e-01 8.0917e-01 [ 3.0525e-03 1.4945e-01 3.2201e-01 3.2812e-01 6.5409e-03 ] 1.9083e-01
 1.700e+01 8.0938e-01 8.0938e-01 [ 2.7840e-03 1.4492e-01 3.2212e-01 3.3293e-01 6.6261e-03 ] 1.9062e-01
 1.711e+01 8.0962e-01 8.0962e-01 [ 2.5362e-03 1.4044e-01 3.2214e-01 3.3779e-01 6.7114e-03 ] 1.9038e-01
 1.723e+01 8.0992e-01 8.0992e-01 [ 2.3079e-03 1.3602e-01 3.2208e-01 3.4270e-01 6.7968e-03 ] 1.9008e-01
 1.734e+01 8.1026e-01 8.1026e-01 [ 2.0978e-03 1.3167e-01 3.2194e-01 3.4767e-01 6.8821e-03 ] 1.8974e-01
 1.745e+01 8.1066e-01 8.1066e-01 [ 1.9046e-03 1.2738e-01 3.2173e-01 3.5268e-01 6.9674e-03 ] 1.8934e-01
 1.757e+01 8.1112e-01 8.1112e-01 [ 1.7271e-03 1.2316e-01 3.2144e-01 3.5774e-01 7.0525e-03 ] 1.8888e-01
 1.768e+01 8.1165e-01 8.1165e-01 [ 1.5644e-03 1.1902e-01 3.2109e-01 3.6284e-01 7.1373e-03 ] 1.8835e-01
 1.779e+01 8.1225e-01 8.1225e-01 [ 1.4154e-03 1.1496e-01 3.2067e-01 3.6798e-01 7.2217e-03 ] 1.8775e-01
 1.791e+01 8.1293e-01 8.1293e-01 [ 1.2790e-03 1.1098e-01 3.2020e-01 3.7316e-01 7.3057e-03 ] 1.8707e-01
 1.802e+01 8.1370e-01 8.1370e-01 [ 1.1545e-03 1.0710e-01 3.1968e-01 3.7838e-01 7.3891e-03 ] 1.8630e-01
 1.813e+01 8.1456e-01 8.1456e-01 [ 1.0408e-03 1.0330e-01 3.1911e-01 3.8363e-01 7.4718e-03 ] 1.8544e-01
 1.825e+01 8.1552e-01 8.1552e-01 [ 9.3721e-04 9.9606e-02 3.1851e-01 3.8891e-01 7.5538e-03 ] 1.8448e-01
 1.836e+01 8.1658e-01 8.1658e-01 [ 8.4293e-04 9.6009e-02 3.1788e-01 3.9422e-01 7.6349e-03 ] 1.8342e-01
 1.847e+01 8.1777e-01 8.1777e-01 [ 7.5725e-04 9.2518e-02 3.1723e-01 3.9955e-01 7.7150e-03 ] 1.8224e-01
 1.859e+01 8.1907e-01 8.1907e-01 [ 6.7949e-04 8.9136e-02 3.1656e-01 4.0490e-01 7.7941e-03 ] 1.8093e-01
 1.870e+01 8.2050e-01 8.2050e-01 [ 6.0902e-04 8.5867e-02 3.1589e-01 4.1026e-01 7.8719e-03 ] 1.7950e-01
 1.881e+01 8.2207e-01 8.2207e-01 [ 5.4525e-04 8.2714e-02 3.1522e-01 4.1564e-01 7.9485e-03 ] 1.7793e-01
 1.893e+01 8.2378e-01 8.2378e-01 [ 4.8763e-04 7.9682e-02 3.1456e-01 4.2103e-01 8.0237e-03 ] 1.7622e-01
 1.904e+01 8.2565e-01 8.2565e-01 [ 4.3566e-04 7.6773e-02 3.1393e-01 4.2641e-01 8.0974e-03 ] 1.7435e-01
 1.915e+01 8.2766e-01 8.2766e-01 [ 3.8886e-04 7.3991e-02 3.1331e-01 4.3180e-01 8.1697e-03 ] 1.7234e-01
 1.927e+01 8.2984e-01 8.2984e-01 [ 3.4679e-04 7.1340e-02 3.1274e-01 4.3718e-01 8.2405e-03 ] 1.7016e-01
 1.938e+01 8.3218e-01 8.3218e-01 [ 3.0906e-04 6.8822e-02 3.1220e-01 4.4254e-01 8.3100e-03 ] 1.6782e-01
 1.949e+01 8.3468e-01 8.3468e-01 [ 2.7530e-04 6.6441e-02 3.1172e-01 4.4787e-01 8.3784e-03 ] 1.6532e-01
 1.961e+01 8.3735e-01 8.3735e-01 [ 2.4515e-04 6.4199e-02 3.1129e-01 4.5317e-01 8.4461e-03 ] 1.6265e-01
 1.972e+01 8.4016e-01 8.4016e-01 [ 2.1831e-04 6.2097e-02 3.1091e-01 4.5842e-01 8.5140e-03 ] 1.5984e-01
 1.983e+01 8.4309e-01 8.4309e-01 [ 1.9450e-04 6.0137e-02 3.1059e-01 4.6359e-01 8.5834e-03 ] 1.5691e-01
 1.995e+01 8.4610e-01 8.4610e-01 [ 1.7344e-04 5.8319e-02 3.1031e-01 4.6864e-01 8.6560e-03 ] 1.5390e-01
 2.006e+01 8.4908e-01 8.4908e-01 [ 1.5488e-04 5.6638e-02 3.1004e-01 4.7351e-01 8.7344e-03 ] 1.5092e-01
 2.017e+01 8.5184e-01 8.5184e-01 [ 1.3861e-04 5.5085e-02 3.0971e-01 4.7808e-01 8.8217e-03 ] 1.4816e-01
 2.029e+01 8.5399e-01 8.5399e-01 [ 1.2438e-04 5.3639e-02 3.0920e-01 4.8211e-01 8.9209e-03 ] 1.4601e-01
 2.040e+01 8.5476e-01 8.5476e-01 [ 1.1195e-04 5.2257e-02 3.0823e-01 4.8512e-01 9.0328e-03 ] 1.4524e-01
 2.051e+01 8.5255e-01 8.5255e-01 [ 1.0100e-04 5.0849e-02 3.0624e-01 4.8621e-01 9.1522e-03 ] 1.4745e-01
 2.063e+01 8.4432e-01 8.4432e-01 [ 9.1131e-05 4.9244e-02 3.0215e-01 4.8358e-01 9.2585e-03 ] 1.5568e-01
 2.074e+01 8.2453e-01 8.2453e-01 [ 8.1742e-05 4.7137e-02 2.9399e-01 4.7402e-01 9.3014e-03 ] 1.7547e-01
 2.085e+01 7.8485e-01 7.8485e-01 [ 7.2079e-05 4.4076e-02 2.7885e-01 4.5266e-01 9.1884e-03 ] 2.1515e-01
 2.097e+01 7.1683e-01 7.1683e-01 [ 6.1482e-05 3.9620e-02 2.5377e-01 4.1457e-01 8.8017e-03 ] 2.8317e-01
 2.108e+01 6.1894e-01 6.1894e-01 [ 4.9921e-05 3.3717e-02 2.1831e-01 3.5879e-01 8.0708e-03 ] 3.8106e-01
 2.119e+01 5.0172e-01 5.0172e-01 [ 3.8252e-05 2.6960e-02 1.7626e-01 2.9142e-01 7.0490e-03 ] 4.9828e-01
 2.131e+01 3.8320e-01 3.8320e-01 [ 2.7710e-05 2.0317e-02 1.3401e-01 2.2295e-01 5.8956e-03 ] 6.1680e-01
 2.142e+01 2.7882e-01 2.7882e-01 [ 1.9157e-05 1.4582e-02 9.6984e-02 1.6246e-01 4.7792e-03 ] 7.2118e-01
 2.153e+01 1.9588e-01 1.9588e-01 [ 1.2792e-05 1.0097e-02 6.7694e-02 1.1427e-01 3.8057e-03 ] 8.0412e-01
 2.165e+01 1.3453e-01 1.3453e-01 [ 8.3446e-06 6.8255e-03 4.6121e-02 7.8566e-02 3.0099e-03 ] 8.6547e-01
 2.176e+01 9.1227e-02 9.1227e-02 [ 5.3654e-06 4.5470e-03 3.0965e-02 5.3327e-02 2.3823e-03 ] 9.0877e-01
 2.187e+01 6.1538e-02 6.1538e-02 [ 3.4228e-06 3.0058e-03 2.0630e-02 3.6004e-02 1.8948e-03 ] 9.3846e-01
 2.199e+01 4.1516e-02 4.1516e-02 [ 2.1764e-06 1.9810e-03 1.3704e-02 2.4312e-02 1.5174e-03 ] 9.5848e-01
 2.210e+01 2.8122e-02 2.8122e-02 [ 1.3835e-06 1.3059e-03 9.1055e-03 1.6486e-02 1.2238e-03 ] 9.7188e-01
 2.221e+01 1.9181e-02 1.9181e-02 [ 8.8104e-07 8.6280e-04 6.0647e-03 1.1259e-02 9.9370e-04 ] 9.8082e-01
 2.233e+01 1.3202e-02 1.3202e-02 [ 5.6274e-07 5.7211e-04 4.0545e-03 7.7632e-03 8.1177e-04 ] 9.8680e-01
 2.244e+01 9.1854e-03 9.1854e-03 [ 3.6081e-07 3.8104e-04 2.7231e-03 5.4143e-03 6.6669e-04 ] 9.9081e-01
 2.255e+01 6.4692e-03 6.4692e-03 [ 2.3232e-07 2.5504e-04 1.8382e-03 3.8256e-03 5.5011e-04 ] 9.9353e-01
 2.267e+01 4.6174e-03 4.6174e-03 [ 1.5027e-07 1.7160e-04 1.2475e-03 2.7423e-03 4.5579e-04 ] 9.9538e-01
 2.278e+01 3.3430e-03 3.3430e-03 [ 9.7650e-08 1.1608e-04 8.5135e-04 1.9965e-03 3.7904e-04 ] 9.9666e-01
 2.289e+01 2.4569e-03 2.4569e-03 [ 6.3753e-08 7.8947e-05 5.8424e-04 1.4774e-03 3.1627e-04 ] 9.9754e-01
 2.301e+01 1.8338e-03 1.8338e-03 [ 4.1817e-08 5.3982e-05 4.0317e-04 1.1118e-03 2.6473e-04 ] 9.9817e-01
 2.312e+01 1.3902e-03 1.3902e-03 [ 2.7554e-08 3.7109e-05 2.7975e-04 8.5108e-04 2.2223e-04 ] 9.9861e-01
 2.323e+01 1.0704e-03 1.0704e-03 [ 1.8238e-08 2.5644e-05 1.9517e-04 6.6249e-04 1.8707e-04 ] 9.9893e-01
 2.335e+01 8.3673e-04 8.3673e-04 [ 1.2124e-08 1.7813e-05 1.3689e-04 5.2413e-04 1.5789e-04 ] 9.9916e-01
 2.346e+01 6.6364e-04 6.6364e-04 [ 8.0947e-09 1.2435e-05 9.6512e-05 4.2109e-04 1.3360e-04 ] 9.9934e-01
 2.357e+01 5.3362e-04 5.3362e-04 [ 5.4269e-09 8.7242e-06 6.8395e-05 3.4317e-04 1.1332e-04 ] 9.9947e-01
 2.369e+01 4.3456e-04 4.3456e-04 [ 3.6530e-09 6.1500e-06 4.8713e-05 2.8334e-04 9.6354e-05 ] 9.9957e-01
 2.380e+01 3.5804e-04 3.5804e-04 [ 2.4685e-09 4.3557e-06 3.4864e-05 2.3671e-04 8.2115e-05 ] 9.9964e-01
 2.391e+01 2.9813e-04 2.9813e-04 [ 1.6745e-09 3.0990e-06 2.5072e-05 1.9982e-04 7.0138e-05 ] 9.9970e-01
 2.403e+01 2.5061e-04 2.5061e-04 [ 1.1400e-09 2.2147e-06 1.8115e-05 1.7024e-04 6.0039e-05 ] 9.9975e-01
 2.414e+01 2.1245e-04 2.1245e-04 [ 7.7886e-10 1.5896e-06 1.3148e-05 1.4621e-04 5.1503e-05 ] 9.9979e-01
 2.425e+01 1.8146e-04 1.8146e-04 [ 5.3396e-10 1.1457e-06 9.5855e-06 1.2645e-04 4.4273e-05 ] 9.9982e-01
 2.437e+01 1.5601e-04 1.5601e-04 [ 3.6728e-10 8.2918e-07 7.0189e-06 1.1003e-04 3.8135e-05 ] 9.9984e-01
 2.448e+01 1.3492e-04 1.3492e-04 [ 2.5343e-10 6.0249e-07 5.1616e-06 9.6244e-05 3.2913e-05 ] 9.9987e-01
 2.459e+01 1.1728e-04 1.1728e-04 [ 1.7542e-10 4.3947e-07 3.8118e-06 8.4572e-05 2.8460e-05 ] 9.9988e-01
 2.471e+01 1.0242e-04 1.0242e-04 [ 1.2178e-10 3.2177e-07 2.8266e-06 7.4611e-05 2.4657e-05 ] 9.9990e-01
 2.482e+01 8.9794e-05 8.9794e-05 [ 8.4785e-11 2.3645e-07 2.1046e-06 6.6052e-05 2.1400e-05 ] 9.9991e-01
 2.493e+01 7.9009e-05 7.9009e-05 [ 5.9192e-11 1.7437e-07 1.5734e-06 5.8655e-05 1.8607e-05 ] 9.9992e-01
 2.505e+01 6.9742e-05 6.9742e-05 [ 4.1435e-11 1.2904e-07 1.1810e-06 5.2226e-05 1.6206e-05 ] 9.9993e-01
 2.516e+01 6.1739e-05 6.1739e-05 [ 2.9079e-11 9.5807e-08 8.8998e-07 4.6614e-05 1.4139e-05 ] 9.9994e-01
 2.527e+01 5.4795e-05 5.4795e-05 [ 2.0458e-11 7.1367e-08 6.7341e-07 4.1695e-05 1.2356e-05 ] 9.9995e-01
 2.539e+01 4.8746e-05 4.8746e-05 [ 1.4427e-11 5.3329e-08 5.1162e-07 3.7366e-05 1.0815e-05 ] 9.9995e-01
 2.550e+01 4.3458e-05 4.3458e-05 [ 1.0197e-11 3.9973e-08 3.9032e-07 3.3546e-05 9.4811e-06 ] 9.9996e-01
 2.561e+01 3.8818e-05 3.8818e-05 [ 7.2234e-12 3.0051e-08 2.9906e-07 3.0164e-05 8.3244e-06 ] 9.9996e-01
 2.573e+01 3.4736e-05 3.4736e-05 [ 5.1276e-12 2.2657e-08 2.3016e-07 2.7163e-05 7.3195e-06 ] 9.9997e-01
 2.584e+01 3.1134e-05 3.1134e-05 [ 3.6472e-12 1.7130e-08 1.7796e-07 2.4494e-05 6.4453e-06 ] 9.9997e-01
 2.595e+01 2.7948e-05 2.7948e-05 [ 2.5993e-12 1.2987e-08 1.3827e-07 2.2114e-05 5.6834e-06 ] 9.9997e-01
 2.607e+01 2.5125e-05 2.5125e-05 [ 1.8559e-12 9.8716e-09 1.0801e-07 1.9988e-05 5.0183e-06 ] 9.9997e-01
 2.618e+01 2.2616e-05 2.2616e-05 [ 1.3274e-12 7.5229e-09 8.4837e-08 1.8087e-05 4.4370e-06 ] 9.9998e-01
 2.629e+01 2.0383e-05 2.0383e-05 [ 9.5108e-13 5.7474e-09 6.7044e-08 1.6382e-05 3.9281e-06 ] 9.9998e-01
 2.641e+01 1.8392e-05 1.8392e-05 [ 6.8255e-13 4.4015e-09 5.3330e-08 1.4852e-05 3.4819e-06 ] 9.9998e-01
 2.652e+01 1.6614e-05 1.6614e-05 [ 4.9059e-13 3.3788e-09 4.2723e-08 1.3478e-05 3.0901e-06 ] 9.9998e-01
 2.663e+01 1.5023e-05 1.5023e-05 [ 3.5314e-13 2.5997e-09 3.4489e-08 1.2240e-05 2.7457e-06 ] 9.9998e-01
 2.675e+01 1.3598e-05 1.3598e-05 [ 2.5456e-13 2.0047e-09 2.8071e-08 1.1125e-05 2.4424e-06 ] 9.9999e-01
 2.686e+01 1.2319e-05 1.2319e-05 [ 1.8375e-13 1.5493e-09 2.3049e-08 1.0119e-05 2.1751e-06 ] 9.9999e-01
 2.697e+01 1.1170e-05 1.1170e-05 [ 1.3281e-13 1.1999e-09 1.9102e-08 9.2106e-06 1.9391e-06 ] 9.9999e-01
 2.709e+01 1.0137e-05 1.0137e-05 [ 9.6103e-14 9.3123e-10 1.5985e-08 8.3892e-06 1.7306e-06 ] 9.9999e-01
 2.720e+01 9.2062e-06 9.2062e-06 [ 6.9624e-14 7.2423e-10 1.3511e-08 7.6459e-06 1.5460e-06 ] 9.9999e-01
 2.731e+01 8.3672e-06 8.3672e-06 [ 5.0496e-14 5.6439e-10 1.1538e-08 6.9726e-06 1.3825e-06 ] 9.9999e-01
 2.743e+01 7.6101e-06 7.6101e-06 [ 3.6662e-14 4.4072e-10 9.9527e-09 6.3622e-06 1.2375e-06 ] 9.9999e-01
 2.754e+01 6.9261e-06 6.9261e-06 [ 2.6644e-14 3.4484e-10 8.6720e-09 5.8084e-06 1.1087e-06 ] 9.9999e-01
 2.765e+01 6.3075e-06 6.3075e-06 [ 1.9381e-14 2.7037e-10 7.6295e-09 5.3054e-06 9.9421e-07 ] 9.9999e-01
 2.777e+01 5.7477e-06 5.7477e-06 [ 1.4111e-14 2.1241e-10 6.7744e-09 4.8484e-06 8.9232e-07 ] 9.9999e-01
 2.788e+01 5.2405e-06 5.2405e-06 [ 1.0282e-14 1.6722e-10 6.0669e-09 4.4327e-06 8.0156e-07 ] 9.9999e-01
 2.799e+01 4.7806e-06 4.7806e-06 [ 7.4982e-15 1.3192e-10 5.4764e-09 4.0544e-06 7.2062e-07 ] 1.0000e+00
 2.811e+01 4.3633e-06 4.3633e-06 [ 5.4720e-15 1.0429e-10 4.9788e-09 3.7099e-06 6.4837e-07 ] 1.0000e+00
 2.822e+01 3.9844e-06 3.9844e-06 [ 3.9961e-15 8.2635e-11 4.5554e-09 3.3959e-06 5.8381e-07 ] 1.0000e+00
 2.833e+01 3.6400e-06 3.6400e-06 [ 2.9201e-15 6.5628e-11 4.1913e-09 3.1097e-06 5.2607e-07 ] 1.0000e+00
 2.845e+01 3.3269e-06 3.3269e-06 [ 2.1352e-15 5.2247e-11 3.8752e-09 2.8486e-06 4.7438e-07 ] 1.0000e+00
 2.856e+01 3.0419e-06 3.0419e-06 [ 1.5621e-15 4.1700e-11 3.5979e-09 2.6102e-06 4.2807e-07 ] 1.0000e+00
 2.867e+01 2.7824e-06 2.7824e-06 [ 1.1434e-15 3.3373e-11 3.3523e-09 2.3925e-06 3.8654e-07 ] 1.0000e+00
 2.879e+01 2.5460e-06 2.5460e-06 [ 8.3740e-16 2.6785e-11 3.1327e-09 2.1936e-06 3.4927e-07 ] 1.0000e+00
 2.890e+01 2.3305e-06 2.3305e-06 [ 6.1355e-16 2.1563e-11 2.9347e-09 2.0117e-06 3.1579e-07 ] 1.0000e+00
 2.901e+01 2.1339e-06 2.1339e-06 [ 4.4973e-16 1.7416e-11 2.7546e-09 1.8454e-06 2.8569e-07 ] 1.0000e+00
 2.913e+01 1.9545e-06 1.9545e-06 [ 3.2978e-16 1.4116e-11 2.5897e-09 1.6933e-06 2.5862e-07 ] 1.0000e+00
 2.924e+01 1.7907e-06 1.7907e-06 [ 2.4191e-16 1.1484e-11 2.4377e-09 1.5540e-06 2.3424e-07 ] 1.0000e+00
 2.935e+01 1.6411e-06 1.6411e-06 [ 1.7751e-16 9.3801e-12 2.2968e-09 1.4265e-06 2.1228e-07 ] 1.0000e+00
 2.947e+01 1.5043e-06 1.5043e-06 [ 1.3030e-16 7.6940e-12 2.1656e-09 1.3097e-06 1.9248e-07 ] 1.0000e+00
 2.958e+01 1.3793e-06 1.3793e-06 [ 9.5674e-17 6.3393e-12 2.0429e-09 1.2026e-06 1.7461e-07 ] 1.0000e+00
 2.969e+01 1.2650e-06 1.2650e-06 [ 7.0269e-17 5.2478e-12 1.9276e-09 1.1045e-06 1.5849e-07 ] 1.0000e+00
 2.981e+01 1.1603e-06 1.1603e-06 [ 5.1623e-17 4.3656e-12 1.8192e-09 1.0146e-06 1.4392e-07 ] 1.0000e+00
 2.992e+01 1.0646e-06 1.0646e-06 [ 3.7934e-17 3.6504e-12 1.7169e-09 9.3210e-07 1.3075e-07 ] 1.0000e+00
 3.003e+01 9.7688e-07 9.7688e-07 [ 2.7882e-17 3.0684e-12 1.6201e-09 8.5642e-07 1.1883e-07 ] 1.0000e+00
 3.015e+01 8.9656e-07 8.9656e-07 [ 2.0499e-17 2.5931e-12 1.5286e-09 7.8698e-07 1.0805e-07 ] 1.0000e+00
 3.026e+01 8.2298e-07 8.2298e-07 [ 1.5074e-17 2.2033e-12 1.4418e-09 7.2325e-07 9.8290e-08 ] 1.0000e+00
 3.037e+01 7.5555e-07 7.5555e-07 [ 1.1087e-17 1.8822e-12 1.3594e-09 6.6474e-07 8.9445e-08 ] 1.0000e+00
 3.049e+01 6.9373e-07 6.9373e-07 [ 8.1571e-18 1.6166e-12 1.2813e-09 6.1102e-07 8.1427e-08 ] 1.0000e+00
 3.060e+01 6.3705e-07 6.3705e-07 [ 6.0028e-18 1.3957e-12 1.2072e-09 5.6168e-07 7.4155e-08 ] 1.0000e+00
 3.071e+01 5.8506e-07 5.8506e-07 [ 4.4187e-18 1.2111e-12 1.1368e-09 5.1637e-07 6.7557e-08 ] 1.0000e+00
 3.083e+01 5.3737e-07 5.3737e-07 [ 3.2536e-18 1.0560e-12 1.0699e-09 4.7473e-07 6.1566e-08 ] 1.0000e+00
 3.094e+01 4.9361e-07 4.9361e-07 [ 2.3964e-18 9.2507e-13 1.0065e-09 4.3648e-07 5.6125e-08 ] 1.0000e+00
 3.105e+01 4.5346e-07 4.5346e-07 [ 1.7657e-18 8.1383e-13 9.4625e-10 4.0133e-07 5.1181e-08 ] 1.0000e+00
 3.117e+01 4.1660e-07 4.1660e-07 [ 1.3015e-18 7.1882e-13 8.8913e-10 3.6902e-07 4.6687e-08 ] 1.0000e+00
 3.128e+01 3.8276e-07 3.8276e-07 [ 9.5977e-19 6.3722e-13 8.3497e-10 3.3933e-07 4.2599e-08 ] 1.0000e+00
 3.139e+01 3.5169e-07 3.5169e-07 [ 7.0810e-19 5.6676e-13 7.8364e-10 3.1203e-07 3.8881e-08 ] 1.0000e+00
 3.151e+01 3.2316e-07 3.2316e-07 [ 5.2272e-19 5.0560e-13 7.3502e-10 2.8693e-07 3.5496e-08 ] 1.0000e+00
 3.162e+01 2.9696e-07 2.9696e-07 [ 3.8610e-19 4.5223e-13 6.8899e-10 2.6386e-07 3.2414e-08 ] 1.0000e+00
 3.173e+01 2.7289e-07 2.7289e-07 [ 2.8539e-19 4.0544e-13 6.4544e-10 2.4264e-07 2.9608e-08 ] 1.0000e+00
 3.185e+01 2.5078e-07 2.5078e-07 [ 2.1112e-19 3.6422e-13 6.0427e-10 2.2313e-07 2.7050e-08 ] 1.0000e+00
 3.196e+01 2.3047e-07 2.3047e-07 [ 1.5631e-19 3.2777e-13 5.6537e-10 2.0519e-07 2.4719e-08 ] 1.0000e+00
 3.207e+01 2.1181e-07 2.1181e-07 [ 1.1584e-19 2.9540e-13 5.2865e-10 1.8868e-07 2.2594e-08 ] 1.0000e+00
 3.219e+01 1.9466e-07 1.9466e-07 [ 8.5937e-20 2.6656e-13 4.9400e-10 1.7351e-07 2.0656e-08 ] 1.0000e+00
 3.230e+01 1.7890e-07 1.7890e-07 [ 6.3830e-20 2.4077e-13 4.6133e-10 1.5955e-07 1.8888e-08 ] 1.0000e+00
 3.241e+01 1.6442e-07 1.6442e-07 [ 4.7472e-20 2.1766e-13 4.3055e-10 1.4671e-07 1.7274e-08 ] 1.0000e+00
 3.253e+01 1.5110e-07 1.5110e-07 [ 3.5355e-20 1.9689e-13 4.0158e-10 1.3490e-07 1.5801e-08 ] 1.0000e+00
 3.264e+01 1.3887e-07 1.3887e-07 [ 2.6372e-20 1.7818e-13 3.7433e-10 1.2404e-07 1.4456e-08 ] 1.0000e+00
 3.275e+01 1.2763e-07 1.2763e-07 [ 1.9704e-20 1.6130e-13 3.4871e-10 1.1405e-07 1.3228e-08 ] 1.0000e+00
 3.287e+01 1.1729e-07 1.1729e-07 [ 1.4748e-20 1.4605e-13 3.2464e-10 1.0486e-07 1.2106e-08 ] 1.0000e+00
 3.298e+01 1.0779e-07 1.0779e-07 [ 1.1060e-20 1.3225e-13 3.0205e-10 9.6406e-08 1.1081e-08 ] 1.0000e+00
 3.309e+01 9.9056e-08 9.9056e-08 [ 8.3108e-21 1.1975e-13 2.8086e-10 8.8630e-08 1.0144e-08 ] 1.0000e+00
 3.321e+01 9.1028e-08 9.1028e-08 [ 6.2583e-21 1.0842e-13 2.6101e-10 8.1479e-08 9.2878e-09 ] 1.0000e+00
 3.332e+01 8.3648e-08 8.3648e-08 [ 4.7232e-21 9.8145e-14 2.4241e-10 7.4900e-08 8.5048e-09 ] 1.0000e+00
 3.343e+01 7.6864e-08 7.6864e-08 [ 3.5729e-21 8.8818e-14 2.2500e-10 6.8850e-08 7.7887e-09 ] 1.0000e+00
 3.355e+01 7.0628e-08 7.0628e-08 [ 2.7092e-21 8.0352e-14 2.0872e-10 6.3285e-08 7.1337e-09 ] 1.0000e+00
 3.366e+01 6.4895e-08 6.4895e-08 [ 2.0593e-21 7.2666e-14 1.9351e-10 5.8167e-08 6.5346e-09 ] 1.0000e+00
 3.377e+01 5.9625e-08 5.9625e-08 [ 1.5692e-21 6.5687e-14 1.7930e-10 5.3460e-08 5.9863e-09 ] 1.0000e+00
 3.389e+01 5.4781e-08 5.4781e-08 [ 1.1987e-21 5.9351e-14 1.6604e-10 4.9130e-08 5.4846e-09 ] 1.0000e+00
 3.400e+01 5.0328e-08 5.0328e-08 [ 9.1792e-22 5.3600e-14 1.5368e-10 4.5149e-08 5.0254e-09 ] 1.0000e+00
 3.411e+01 4.6235e-08 4.6235e-08 [ 7.0466e-22 4.8381e-14 1.4215e-10 4.1488e-08 4.6051e-09 ] 1.0000e+00
 3.423e+01 4.2473e-08 4.2473e-08 [ 5.4226e-22 4.3646e-14 1.3142e-10 3.8122e-08 4.2202e-09 ] 1.0000e+00
 3.434e+01 3.9015e-08 3.9015e-08 [ 4.1826e-22 3.9352e-14 1.2143e-10 3.5026e-08 3.8678e-09 ] 1.0000e+00
 3.445e+01 3.5837e-08 3.5837e-08 [ 3.2335e-22 3.5460e-14 1.1214e-10 3.2179e-08 3.5451e-09 ] 1.0000e+00
 3.457e+01 3.2915e-08 3.2915e-08 [ 2.5052e-22 3.1934e-14 1.0350e-10 2.9562e-08 3.2495e-09 ] 1.0000e+00
 3.468e+01 3.0231e-08 3.0231e-08 [ 1.9449e-22 2.8740e-14 9.5482e-11 2.7156e-08 2.9787e-09 ] 1.0000e+00
 3.479e+01 2.7763e-08 2.7763e-08 [ 1.5128e-22 2.5850e-14 8.8036e-11 2.4944e-08 2.7307e-09 ] 1.0000e+00
 3.491e+01 2.5496e-08 2.5496e-08 [ 1.1789e-22 2.3235e-14 8.1128e-11 2.2911e-08 2.5034e-09 ] 1.0000e+00
 3.502e+01 2.3412e-08 2.3412e-08 [ 9.2012e-23 2.0872e-14 7.4724e-11 2.1042e-08 2.2952e-09 ] 1.0000e+00
 3.513e+01 2.1497e-08 2.1497e-08 [ 7.1925e-23 1.8737e-14 6.8790e-11 1.9324e-08 2.1044e-09 ] 1.0000e+00
 3.525e+01 1.9738e-08 1.9738e-08 [ 5.6300e-23 1.6809e-14 6.3296e-11 1.7745e-08 1.9295e-09 ] 1.0000e+00
 3.536e+01 1.8121e-08 1.8121e-08 [ 4.4121e-23 1.5070e-14 5.8212e-11 1.6294e-08 1.7692e-09 ] 1.0000e+00
 3.547e+01 1.6636e-08 1.6636e-08 [ 3.4614e-23 1.3501e-14 5.3510e-11 1.4960e-08 1.6223e-09 ] 1.0000e+00
 3.559e+01 1.5271e-08 1.5271e-08 [ 2.7179e-23 1.2088e-14 4.9164e-11 1.3734e-08 1.4876e-09 ] 1.0000e+00
 3.570e+01 1.4018e-08 1.4018e-08 [ 2.1358e-23 1.0816e-14 4.5149e-11 1.2608e-08 1.3642e-09 ] 1.0000e+00
 3.581e+01 1.2866e-08 1.2866e-08 [ 1.6794e-23 9.6712e-15 4.1442e-11 1.1574e-08 1.2510e-09 ] 1.0000e+00
 3.593e+01 1.1808e-08 1.1808e-08 [ 1.3212e-23 8.6419e-15 3.8022e-11 1.0623e-08 1.1472e-09 ] 1.0000e+00
 3.604e+01 1.0837e-08 1.0837e-08 [ 1.0397e-23 7.7170e-15 3.4868e-11 9.7499e-09 1.0520e-09 ] 1.0000e+00
 3.615e+01 9.9445e-09 9.9445e-09 [ 8.1846e-24 6.8865e-15 3.1961e-11 8.9477e-09 9.6480e-10 ] 1.0000e+00
 3.627e+01 9.1250e-09 9.1250e-09 [ 6.4437e-24 6.1414e-15 2.9283e-11 8.2109e-09 8.8480e-10 ] 1.0000e+00
 3.638e+01 8.3724e-09 8.3724e-09 [ 5.0733e-24 5.4734e-15 2.6817e-11 7.5341e-09 8.1143e-10 ] 1.0000e+00
 3.649e+01 7.6813e-09 7.6813e-09 [ 3.9942e-24 4.8748e-15 2.4549e-11 6.9126e-09 7.4415e-10 ] 1.0000e+00
 3.661e+01 7.0468e-09 7.0468e-09 [ 3.1442e-24 4.3388e-15 2.2462e-11 6.3418e-09 6.8245e-10 ] 1.0000e+00
 3.672e+01 6.4642e-09 6.4642e-09 [ 2.4745e-24 3.8593e-15 2.0544e-11 5.8177e-09 6.2587e-10 ] 1.0000e+00
 3.683e+01 5.9293e-09 5.9293e-09 [ 1.9469e-24 3.4306e-15 1.8782e-11 5.3365e-09 5.7397e-10 ] 1.0000e+00
 3.695e+01 5.4382e-09 5.4382e-09 [ 1.5312e-24 3.0475e-15 1.7163e-11 4.8947e-09 5.2637e-10 ] 1.0000e+00
 3.706e+01 4.9875e-09 4.9875e-09 [ 1.2038e-24 2.7055e-15 1.5678e-11 4.4891e-09 4.8272e-10 ] 1.0000e+00
 3.717e+01 4.5737e-09 4.5737e-09 [ 9.4595e-25 2.4003e-15 1.4315e-11 4.1167e-09 4.4268e-10 ] 1.0000e+00
 3.729e+01 4.1940e-09 4.1940e-09 [ 7.4294e-25 2.1283e-15 1.3066e-11 3.7749e-09 4.0596e-10 ] 1.0000e+00
 3.740e+01 3.8454e-09 3.8454e-09 [ 5.8316e-25 1.8858e-15 1.1920e-11 3.4613e-09 3.7227e-10 ] 1.0000e+00
 3.751e+01 3.5256e-09 3.5256e-09 [ 4.5746e-25 1.6700e-15 1.0871e-11 3.1734e-09 3.4138e-10 ] 1.0000e+00
 3.763e+01 3.2321e-09 3.2321e-09 [ 3.5863e-25 1.4779e-15 9.9105e-12 2.9092e-09 3.1304e-10 ] 1.0000e+00
 3.774e+01 2.9628e-09 2.9628e-09 [ 2.8096e-25 1.3072e-15 9.0312e-12 2.6668e-09 2.8704e-10 ] 1.0000e+00
 3.785e+01 2.7158e-09 2.7158e-09 [ 2.1995e-25 1.1554e-15 8.2268e-12 2.4443e-09 2.6320e-10 ] 1.0000e+00
 3.797e+01 2.4891e-09 2.4891e-09 [ 1.7206e-25 1.0207e-15 7.4912e-12 2.2403e-09 2.4134e-10 ] 1.0000e+00
 3.808e+01 2.2812e-09 2.2812e-09 [ 1.3450e-25 9.0107e-16 6.8189e-12 2.0531e-09 2.2128e-10 ] 1.0000e+00
 3.819e+01 2.0904e-09 2.0904e-09 [ 1.0506e-25 7.9502e-16 6.2046e-12 1.8813e-09 2.0288e-10 ] 1.0000e+00
 3.831e+01 1.9155e-09 1.9155e-09 [ 8.1993e-26 7.0104e-16 5.6436e-12 1.7238e-09 1.8601e-10 ] 1.0000e+00
 3.842e+01 1.7550e-09 1.7550e-09 [ 6.3940e-26 6.1780e-16 5.1315e-12 1.5794e-09 1.7053e-10 ] 1.0000e+00
 3.853e+01 1.6079e-09 1.6079e-09 [ 4.9821e-26 5.4412e-16 4.6642e-12 1.4469e-09 1.5634e-10 ] 1.0000e+00
 3.865e+01 1.4730e-09 1.4730e-09 [ 3.8787e-26 4.7895e-16 4.2380e-12 1.3254e-09 1.4332e-10 ] 1.0000e+00
 3.876e+01 1.3493e-09 1.3493e-09 [ 3.0171e-26 4.2134e-16 3.8494e-12 1.2140e-09 1.3138e-10 ] 1.0000e+00
 3.887e+01 1.2358e-09 1.2358e-09 [ 2.3448e-26 3.7045e-16 3.4952e-12 1.1119e-09 1.2043e-10 ] 1.0000e+00
 3.899e+01 1.1318e-09 1.1318e-09 [ 1.8208e-26 3.2551e-16 3.1725e-12 1.0183e-09 1.1039e-10 ] 1.0000e+00
 3.910e+01 1.0365e-09 1.0365e-09 [ 1.4126e-26 2.8587e-16 2.8787e-12 9.3246e-10 1.0118e-10 ] 1.0000e+00
 3.921e+01 9.4914e-10 9.4914e-10 [ 1.0950e-26 2.5091e-16 2.6112e-12 8.5379e-10 9.2739e-11 ] 1.0000e+00
 3.933e+01 8.6906e-10 8.6906e-10 [ 8.4804e-27 2.2010e-16 2.3678e-12 7.8170e-10 8.4995e-11 ] 1.0000e+00
 3.944e+01 7.9566e-10 7.9566e-10 [ 6.5619e-27 1.9297e-16 2.1464e-12 7.1562e-10 7.7894e-11 ] 1.0000e+00
 3.955e+01 7.2840e-10 7.2840e-10 [ 5.0728e-27 1.6909e-16 1.9450e-12 6.5508e-10 7.1382e-11 ] 1.0000e+00
 3.967e+01 6.6677e-10 6.6677e-10 [ 3.9182e-27 1.4808e-16 1.7620e-12 5.9960e-10 6.5412e-11 ] 1.0000e+00
 3.978e+01 6.1030e-10 6.1030e-10 [ 3.0236e-27 1.2962e-16 1.5958e-12 5.4877e-10 5.9937e-11 ] 1.0000e+00
 3.989e+01 5.5857e-10 5.5857e-10 [ 2.3312e-27 1.1339e-16 1.4447e-12 5.0220e-10 5.4918e-11 ] 1.0000e+00
 4.001e+01 5.1117e-10 5.1117e-10 [ 1.7957e-27 9.9140e-17 1.3076e-12 4.5955e-10 5.0317e-11 ] 1.0000e+00
 4.012e+01 4.6776e-10 4.6776e-10 [ 1.3820e-27 8.6636e-17 1.1831e-12 4.2048e-10 4.6098e-11 ] 1.0000e+00
 4.023e+01 4.2799e-10 4.2799e-10 [ 1.0626e-27 7.5669e-17 1.0701e-12 3.8469e-10 4.2231e-11 ] 1.0000e+00
 4.035e+01 3.9157e-10 3.9157e-10 [ 8.1631e-28 6.6055e-17 9.6767e-13 3.5192e-10 3.8685e-11 ] 1.0000e+00
 4.046e+01 3.5822e-10 3.5822e-10 [ 6.2653e-28 5.7632e-17 8.7476e-13 3.2191e-10 3.5436e-11 ] 1.0000e+00
 4.057e+01 3.2768e-10 3.2768e-10 [ 4.8044e-28 5.0257e-17 7.9055e-13 2.9443e-10 3.2457e-11 ] 1.0000e+00
 4.069e+01 2.9972e-10 2.9972e-10 [ 3.6808e-28 4.3803e-17 7.1423e-13 2.6928e-10 2.9727e-11 ] 1.0000e+00
 4.080e+01 2.7412e-10 2.7412e-10 [ 2.8175e-28 3.8158e-17 6.4510e-13 2.4625e-10 2.7225e-11 ] 1.0000e+00
 4.091e+01 2.5068e-10 2.5068e-10 [ 2.1547e-28 3.3224e-17 5.8249e-13 2.2516e-10 2.4931e-11 ] 1.0000e+00
 4.103e+01 2.2922e-10 2.2922e-10 [ 1.6463e-28 2.8913e-17 5.2581e-13 2.0587e-10 2.2830e-11 ] 1.0000e+00
 4.114e+01 2.0959e-10 2.0959e-10 [ 1.2568e-28 2.5149e-17 4.7452e-13 1.8821e-10 2.0904e-11 ] 1.0000e+00
 4.125e+01 1.9161e-10 1.9161e-10 [ 9.5858e-29 2.1864e-17 4.2811e-13 1.7205e-10 1.9139e-11 ] 1.0000e+00
 4.137e+01 1.7517e-10 1.7517e-10 [ 7.3046e-29 1.8998e-17 3.8613e-13 1.5726e-10 1.7522e-11 ] 1.0000e+00
 4.148e+01 1.6012e-10 1.6012e-10 [ 5.5614e-29 1.6500e-17 3.4818e-13 1.4373e-10 1.6041e-11 ] 1.0000e+00
 4.159e+01 1.4634e-10 1.4634e-10 [ 4.2304e-29 1.4323e-17 3.1387e-13 1.3135e-10 1.4684e-11 ] 1.0000e+00
 4.171e+01 1.3375e-10 1.3375e-10 [ 3.2151e-29 1.2428e-17 2.8287e-13 1.2002e-10 1.3441e-11 ] 1.0000e+00
 4.182e+01 1.2222e-10 1.2222e-10 [ 2.4414e-29 1.0778e-17 2.5486e-13 1.0966e-10 1.2302e-11 ] 1.0000e+00
 4.193e+01 1.1168e-10 1.1168e-10 [ 1.8522e-29 9.3422e-18 2.2956e-13 1.0019e-10 1.1258e-11 ] 1.0000e+00
 4.205e+01 1.0203e-10 1.0203e-10 [ 1.4040e-29 8.0941e-18 2.0673e-13 9.1525e-11 1.0303e-11 ] 1.0000e+00
 4.216e+01 9.3215e-11 9.3215e-11 [ 1.0633e-29 7.0093e-18 1.8611e-13 8.3601e-11 9.4277e-12 ] 1.0000e+00
 4.227e+01 8.5150e-11 8.5150e-11 [ 8.0455e-30 6.0671e-18 1.6751e-13 7.6356e-11 8.6262e-12 ] 1.0000e+00
 4.239e+01 7.7775e-11 7.7775e-11 [ 6.0826e-30 5.2490e-18 1.5073e-13 6.9732e-11 7.8923e-12 ] 1.0000e+00
 4.250e+01 7.1032e-11 7.1032e-11 [ 4.5946e-30 4.5391e-18 1.3559e-13 6.3677e-11 7.2203e-12 ] 1.0000e+00
 4.261e+01 6.4868e-11 6.4868e-11 [ 3.4676e-30 3.9234e-18 1.2195e-13 5.8141e-11 6.6049e-12 ] 1.0000e+00
 4.273e+01 5.9233e-11 5.9233e-11 [ 2.6148e-30 3.3896e-18 1.0965e-13 5.3082e-11 6.0415e-12 ] 1.0000e+00
 4.284e+01 5.4082e-11 5.4082e-11 [ 1.9700e-30 2.9271e-18 9.8566e-14 4.8457e-11 5.5258e-12 ] 1.0000e+00
 4.295e+01 4.9374e-11 4.9374e-11 [ 1.4830e-30 2.5265e-18 8.8581e-14 4.4232e-11 5.0536e-12 ] 1.0000e+00
 4.307e+01 4.5072e-11 4.5072e-11 [ 1.1154e-30 2.1798e-18 7.9588e-14 4.0371e-11 4.6214e-12 ] 1.0000e+00
 4.318e+01 4.1140e-11 4.1140e-11 [ 8.3819e-31 1.8798e-18 7.1490e-14 3.6843e-11 4.2259e-12 ] 1.0000e+00
 4.329e+01 3.7548e-11 3.7548e-11 [ 6.2936e-31 1.6203e-18 6.4201e-14 3.3620e-11 3.8638e-12 ] 1.0000e+00
 4.341e+01 3.4266e-11 3.4266e-11 [ 4.7215e-31 1.3961e-18 5.7642e-14 3.0676e-11 3.5325e-12 ] 1.0000e+00
 4.352e+01 3.1267e-11 3.1267e-11 [ 3.5392e-31 1.2023e-18 5.1740e-14 2.7986e-11 3.2294e-12 ] 1.0000e+00
 4.363e+01 2.8529e-11 2.8529e-11 [ 2.6507e-31 1.0349e-18 4.6431e-14 2.5530e-11 2.9519e-12 ] 1.0000e+00
 4.375e+01 2.6027e-11 2.6027e-11 [ 1.9836e-31 8.9051e-19 4.1657e-14 2.3287e-11 2.6981e-12 ] 1.0000e+00
 4.386e+01 2.3743e-11 2.3743e-11 [ 1.4831e-31 7.6589e-19 3.7365e-14 2.1239e-11 2.4659e-12 ] 1.0000e+00
 4.397e+01 2.1657e-11 2.1657e-11 [ 1.1080e-31 6.5842e-19 3.3507e-14 1.9369e-11 2.2535e-12 ] 1.0000e+00
 4.409e+01 1.9752e-11 1.9752e-11 [ 8.2708e-32 5.6578e-19 3.0041e-14 1.7662e-11 2.0592e-12 ] 1.0000e+00
 4.420e+01 1.8012e-11 1.8012e-11 [ 6.1687e-32 4.8597e-19 2.6927e-14 1.6104e-11 1.8815e-12 ] 1.0000e+00
 4.431e+01 1.6425e-11 1.6425e-11 [ 4.5971e-32 4.1723e-19 2.4130e-14 1.4682e-11 1.7190e-12 ] 1.0000e+00
 4.443e+01 1.4975e-11 1.4975e-11 [ 3.4231e-32 3.5806e-19 2.1619e-14 1.3383e-11 1.5703e-12 ] 1.0000e+00
 4.454e+01 1.3653e-11 1.3653e-11 [ 2.5468e-32 3.0715e-19 1.9364e-14 1.2199e-11 1.4344e-12 ] 1.0000e+00
 4.465e+01 1.2445e-11 1.2445e-11 [ 1.8933e-32 2.6337e-19 1.7341e-14 1.1118e-11 1.3102e-12 ] 1.0000e+00
 4.477e+01 1.1344e-11 1.1344e-11 [ 1.4063e-32 2.2573e-19 1.5526e-14 1.0132e-11 1.1965e-12 ] 1.0000e+00
 4.488e+01 1.0338e-11 1.0338e-11 [ 1.0437e-32 1.9339e-19 1.3897e-14 9.2318e-12 1.0927e-12 ] 1.0000e+00
 4.499e+01 9.4212e-12 9.4212e-12 [ 7.7402e-33 1.6561e-19 1.2437e-14 8.4110e-12 9.9774e-13 ] 1.0000e+00
 4.511e+01 8.5845e-12 8.5845e-12 [ 5.7354e-33 1.4176e-19 1.1127e-14 7.6624e-12 9.1096e-13 ] 1.0000e+00
 4.522e+01 7.8213e-12 7.8213e-12 [ 4.2464e-33 1.2130e-19 9.9531e-15 6.9797e-12 8.3165e-13 ] 1.0000e+00
 4.533e+01 7.1252e-12 7.1252e-12 [ 3.1415e-33 1.0375e-19 8.9010e-15 6.3571e-12 7.5918e-13 ] 1.0000e+00
 4.545e+01 6.4903e-12 6.4903e-12 [ 2.3222e-33 8.8696e-20 7.9584e-15 5.7894e-12 6.9295e-13 ] 1.0000e+00
 4.556e+01 5.9114e-12 5.9114e-12 [ 1.7152e-33 7.5798e-20 7.1140e-15 5.2719e-12 6.3244e-13 ] 1.0000e+00
 4.567e+01 5.3836e-12 5.3836e-12 [ 1.2659e-33 6.4748e-20 6.3577e-15 4.8000e-12 5.7716e-13 ] 1.0000e+00
 4.579e+01 4.9023e-12 4.9023e-12 [ 9.3350e-34 5.5287e-20 5.6806e-15 4.3700e-12 5.2665e-13 ] 1.0000e+00
 4.590e+01 4.4636e-12 4.4636e-12 [ 6.8786e-34 4.7189e-20 5.0745e-15 3.9780e-12 4.8052e-13 ] 1.0000e+00
 4.601e+01 4.0637e-12 4.0637e-12 [ 5.0645e-34 4.0260e-20 4.5321e-15 3.6208e-12 4.3839e-13 ] 1.0000e+00
 4.613e+01 3.6992e-12 3.6992e-12 [ 3.7259e-34 3.4335e-20 4.0467e-15 3.2953e-12 3.9991e-13 ] 1.0000e+00
 4.624e+01 3.3671e-12 3.3671e-12 [ 2.7390e-34 2.9270e-20 3.6125e-15 2.9987e-12 3.6477e-13 ] 1.0000e+00
 4.635e+01 3.0644e-12 3.0644e-12 [ 2.0119e-34 2.4942e-20 3.2242e-15 2.7285e-12 3.3269e-13 ] 1.0000e+00
 4.647e+01 2.7886e-12 2.7886e-12 [ 1.4767e-34 2.1246e-20 2.8770e-15 2.4824e-12 3.0339e-13 ] 1.0000e+00
 4.658e+01 2.5374e-12 2.5374e-12 [ 1.0830e-34 1.8090e-20 2.5666e-15 2.2582e-12 2.7665e-13 ] 1.0000e+00
 4.669e+01 2.3086e-12 2.3086e-12 [ 7.9365e-35 1.5396e-20 2.2893e-15 2.0540e-12 2.5224e-13 ] 1.0000e+00
 4.681e+01 2.1001e-12 2.1001e-12 [ 5.8116e-35 1.3099e-20 2.0414e-15 1.8681e-12 2.2996e-13 ] 1.0000e+00
 4.692e+01 1.9103e-12 1.9103e-12 [ 4.2523e-35 1.1140e-20 1.8200e-15 1.6988e-12 2.0963e-13 ] 1.0000e+00
 4.703e+01 1.7374e-12 1.7374e-12 [ 3.1090e-35 9.4698e-21 1.6222e-15 1.5447e-12 1.9107e-13 ] 1.0000e+00
 4.715e+01 1.5800e-12 1.5800e-12 [ 2.2713e-35 8.0470e-21 1.4456e-15 1.4044e-12 1.7414e-13 ] 1.0000e+00
 4.726e+01 1.4367e-12 1.4367e-12 [ 1.6581e-35 6.8353e-21 1.2880e-15 1.2767e-12 1.5869e-13 ] 1.0000e+00
 4.737e+01 1.3062e-12 1.3062e-12 [ 1.2095e-35 5.8038e-21 1.1473e-15 1.1605e-12 1.4460e-13 ] 1.0000e+00
 4.749e+01 1.1875e-12 1.1875e-12 [ 8.8159e-36 4.9260e-21 1.0217e-15 1.0547e-12 1.3174e-13 ] 1.0000e+00
 4.760e+01 1.0794e-12 1.0794e-12 [ 6.4209e-36 4.1793e-21 9.0971e-16 9.5848e-13 1.2002e-13 ] 1.0000e+00
 4.771e+01 9.8105e-13 9.8105e-13 [ 4.6730e-36 3.5444e-21 8.0980e-16 8.7092e-13 1.0932e-13 ] 1.0000e+00
 4.783e+01 8.9156e-13 8.9156e-13 [ 3.3984e-36 3.0048e-21 7.2071e-16 7.9126e-13 9.9572e-14 ] 1.0000e+00
 4.794e+01 8.1013e-13 8.1013e-13 [ 2.4696e-36 2.5464e-21 6.4128e-16 7.1881e-13 9.0681e-14 ] 1.0000e+00
 4.805e+01 7.3606e-13 7.3606e-13 [ 1.7932e-36 2.1570e-21 5.7048e-16 6.5292e-13 8.2574e-14 ] 1.0000e+00
 4.817e+01 6.6868e-13 6.6868e-13 [ 1.3012e-36 1.8265e-21 5.0739e-16 5.9299e-13 7.5184e-14 ] 1.0000e+00
 4.828e+01 6.0740e-13 6.0740e-13 [ 9.4339e-37 1.5460e-21 4.5118e-16 5.3850e-13 6.8448e-14 ] 1.0000e+00
 4.839e+01 5.5167e-13 5.5167e-13 [ 6.8349e-37 1.3081e-21 4.0111e-16 4.8896e-13 6.2308e-14 ] 1.0000e+00
 4.851e+01 5.0100e-13 5.0100e-13 [ 4.9482e-37 1.1064e-21 3.5651e-16 4.4393e-13 5.6713e-14 ] 1.0000e+00
 4.862e+01 4.5492e-13 4.5492e-13 [ 3.5796e-37 9.3542e-22 3.1681e-16 4.0299e-13 5.1614e-14 ] 1.0000e+00
 4.873e+01 4.1304e-13 4.1304e-13 [ 2.5877e-37 7.9056e-22 2.8147e-16 3.6579e-13 4.6969e-14 ] 1.0000e+00
 4.885e+01 3.7496e-13 3.7496e-13 [ 1.8692e-37 6.6787e-22 2.5001e-16 3.3198e-13 4.2737e-14 ] 1.0000e+00
 4.896e+01 3.4036e-13 3.4036e-13 [ 1.3492e-37 5.6401e-22 2.2203e-16 3.0126e-13 3.8882e-14 ] 1.0000e+00
 4.907e+01 3.0891e-13 3.0891e-13 [ 9.7314e-38 4.7612e-22 1.9713e-16 2.7334e-13 3.5370e-14 ] 1.0000e+00
 4.919e+01 2.8034e-13 2.8034e-13 [ 7.0139e-38 4.0178e-22 1.7499e-16 2.4799e-13 3.2172e-14 ] 1.0000e+00
 4.930e+01 2.5437e-13 2.5437e-13 [ 5.0515e-38 3.3891e-22 1.5530e-16 2.2496e-13 2.9260e-14 ] 1.0000e+00
 4.941e+01 2.3079e-13 2.3079e-13 [ 3.6355e-38 2.8577e-22 1.3780e-16 2.0404e-13 2.6608e-14 ] 1.0000e+00
 4.953e+01 2.0936e-13 2.0936e-13 [ 2.6145e-38 2.4087e-22 1.2224e-16 1.8505e-13 2.4194e-14 ] 1.0000e+00
 4.964e+01 1.8990e-13 1.8990e-13 [ 1.8788e-38 2.0295e-22 1.0841e-16 1.6780e-13 2.1996e-14 ] 1.0000e+00
 4.975e+01 1.7223e-13 1.7223e-13 [ 1.3492e-38 1.7093e-22 9.6133e-17 1.5214e-13 1.9996e-14 ] 1.0000e+00
 4.987e+01 1.5619e-13 1.5619e-13 [ 9.6817e-39 1.4391e-22 8.5224e-17 1.3792e-13 1.8175e-14 ] 1.0000e+00
 4.998e+01 1.4162e-13 1.4162e-13 [ 6.9423e-39 1.2112e-22 7.5537e-17 1.2502e-13 1.6519e-14 ] 1.0000e+00
 5.009e+01 1.2839e-13 1.2839e-13 [ 4.9745e-39 1.0190e-22 6.6936e-17 1.1331e-13 1.5011e-14 ] 1.0000e+00
 5.021e+01 1.1639e-13 1.1639e-13 [ 3.5618e-39 8.5692e-23 5.9302e-17 1.0269e-13 1.3640e-14 ] 1.0000e+00
 5.032e+01 1.0549e-13 1.0549e-13 [ 2.5485e-39 7.2038e-23 5.2527e-17 9.3048e-14 1.2392e-14 ] 1.0000e+00
 5.043e+01 9.5605e-14 9.5605e-14 [ 1.8221e-39 6.0537e-23 4.6516e-17 8.4301e-14 1.1257e-14 ] 1.0000e+00
 5.055e+01 8.6633e-14 8.6633e-14 [ 1.3019e-39 5.0852e-23 4.1184e-17 7.6367e-14 1.0225e-14 ] 1.0000e+00
 5.066e+01 7.8494e-14 7.8494e-14 [ 9.2946e-40 4.2701e-23 3.6456e-17 6.9172e-14 9.2861e-15 ] 1.0000e+00
 5.077e+01 7.1111e-14 7.1111e-14 [ 6.6312e-40 3.5843e-23 3.2263e-17 6.2646e-14 8.4326e-15 ] 1.0000e+00
 5.089e+01 6.4414e-14 6.4414e-14 [ 4.7276e-40 3.0075e-23 2.8546e-17 5.6729e-14 7.6566e-15 ] 1.0000e+00
 5.100e+01 5.8340e-14 5.8340e-14 [ 3.3680e-40 2.5226e-23 2.5252e-17 5.1364e-14 6.9512e-15 ] 1.0000e+00
 5.111e+01 5.2832e-14 5.2832e-14 [ 2.3977e-40 2.1151e-23 2.2333e-17 4.6500e-14 6.3100e-15 ] 1.0000e+00
 5.123e+01 4.7839e-14 4.7839e-14 [ 1.7057e-40 1.7728e-23 1.9747e-17 4.2092e-14 5.7272e-15 ] 1.0000e+00
 5.134e+01 4.3311e-14 4.3311e-14 [ 1.2126e-40 1.4853e-23 1.7457e-17 3.8096e-14 5.1977e-15 ] 1.0000e+00
 5.145e+01 3.9207e-14 3.9207e-14 [ 8.6141e-41 1.2439e-23 1.5429e-17 3.4476e-14 4.7165e-15 ] 1.0000e+00
 5.157e+01 3.5488e-14 3.5488e-14 [ 6.1150e-41 1.0414e-23 1.3634e-17 3.1195e-14 4.2793e-15 ] 1.0000e+00
 5.168e+01 3.2117e-14 3.2117e-14 [ 4.3379e-41 8.7157e-24 1.2045e-17 2.8223e-14 3.8822e-15 ] 1.0000e+00
 5.179e+01 2.9063e-14 2.9063e-14 [ 3.0750e-41 7.2913e-24 1.0639e-17 2.5531e-14 3.5214e-15 ] 1.0000e+00
 5.191e+01 2.6296e-14 2.6296e-14 [ 2.1783e-41 6.0975e-24 9.3948e-18 2.3092e-14 3.1938e-15 ] 1.0000e+00
 5.202e+01 2.3789e-14 2.3789e-14 [ 1.5419e-41 5.0973e-24 8.2944e-18 2.0884e-14 2.8964e-15 ] 1.0000e+00
 5.213e+01 2.1518e-14 2.1518e-14 [ 1.0907e-41 4.2595e-24 7.3213e-18 1.8885e-14 2.6262e-15 ] 1.0000e+00
 5.225e+01 1.9462e-14 1.9462e-14 [ 7.7102e-42 3.5581e-24 6.4610e-18 1.7074e-14 2.3810e-15 ] 1.0000e+00
 5.236e+01 1.7600e-14 1.7600e-14 [ 5.4463e-42 2.9711e-24 5.7005e-18 1.5435e-14 2.1584e-15 ] 1.0000e+00
 5.247e+01 1.5913e-14 1.5913e-14 [ 3.8445e-42 2.4801e-24 5.0284e-18 1.3952e-14 1.9564e-15 ] 1.0000e+00
 5.259e+01 1.4387e-14 1.4387e-14 [ 2.7118e-42 2.0694e-24 4.4346e-18 1.2609e-14 1.7730e-15 ] 1.0000e+00
 5.270e+01 1.3005e-14 1.3005e-14 [ 1.9116e-42 1.7261e-24 3.9100e-18 1.1395e-14 1.6067e-15 ] 1.0000e+00
 5.281e+01 1.1755e-14 1.1755e-14 [ 1.3465e-42 1.4392e-24 3.4468e-18 1.0295e-14 1.4557e-15 ] 1.0000e+00
 5.293e+01 1.0623e-14 1.0623e-14 [ 9.4782e-43 1.1995e-24 3.0377e-18 9.3011e-15 1.3188e-15 ] 1.0000e+00
 5.304e+01 9.5989e-15 9.5989e-15 [ 6.6671e-43 9.9940e-25 2.6766e-18 8.4016e-15 1.1946e-15 ] 1.0000e+00
 5.315e+01 8.6724e-15 8.6724e-15 [ 4.6865e-43 8.3236e-25 2.3580e-18 7.5881e-15 1.0819e-15 ] 1.0000e+00
 5.327e+01 7.8343e-15 7.8343e-15 [ 3.2920e-43 6.9298e-25 2.0768e-18 6.8525e-15 9.7977e-16 ] 1.0000e+00
 5.338e+01 7.0763e-15 7.0763e-15 [ 2.3108e-43 5.7673e-25 1.8287e-18 6.1873e-15 8.8715e-16 ] 1.0000e+00
 5.349e+01 6.3907e-15 6.3907e-15 [ 1.6209e-43 4.7980e-25 1.6099e-18 5.5860e-15 8.0317e-16 ] 1.0000e+00
 5.361e+01 5.7708e-15 5.7708e-15 [ 1.1362e-43 3.9902e-25 1.4170e-18 5.0424e-15 7.2705e-16 ] 1.0000e+00
 5.372e+01 5.2104e-15 5.2104e-15 [ 7.9592e-44 3.3171e-25 1.2469e-18 4.5510e-15 6.5806e-16 ] 1.0000e+00
 5.383e+01 4.7037e-15 4.7037e-15 [ 5.5715e-44 2.7566e-25 1.0970e-18 4.1070e-15 5.9554e-16 ] 1.0000e+00
 5.395e+01 4.2457e-15 4.2457e-15 [ 3.8974e-44 2.2899e-25 9.6489e-19 3.7059e-15 5.3888e-16 ] 1.0000e+00
 5.406e+01 3.8318e-15 3.8318e-15 [ 2.7244e-44 1.9015e-25 8.4851e-19 3.3434e-15 4.8755e-16 ] 1.0000e+00
 5.417e+01 3.4578e-15 3.4578e-15 [ 1.9031e-44 1.5784e-25 7.4601e-19 3.0160e-15 4.4105e-16 ] 1.0000e+00
 5.429e+01 3.1198e-15 3.1198e-15 [ 1.3285e-44 1.3098e-25 6.5574e-19 2.7203e-15 3.9893e-16 ] 1.0000e+00
 5.440e+01 2.8145e-15 2.8145e-15 [ 9.2677e-45 1.0864e-25 5.7626e-19 2.4532e-15 3.6079e-16 ] 1.0000e+00
 5.451e+01 2.5388e-15 2.5388e-15 [ 6.4606e-45 9.0081e-26 5.0631e-19 2.2120e-15 3.2625e-16 ] 1.0000e+00
 5.463e+01 2.2897e-15 2.2897e-15 [ 4.5007e-45 7.4665e-26 4.4475e-19 1.9943e-15 2.9498e-16 ] 1.0000e+00
 5.474e+01 2.0648e-15 2.0648e-15 [ 3.1331e-45 6.1864e-26 3.9058e-19 1.7978e-15 2.6666e-16 ] 1.0000e+00
 5.485e+01 1.8617e-15 1.8617e-15 [ 2.1796e-45 5.1238e-26 3.4294e-19 1.6204e-15 2.4104e-16 ] 1.0000e+00
 5.497e+01 1.6784e-15 1.6784e-15 [ 1.5153e-45 4.2422e-26 3.0104e-19 1.4603e-15 2.1784e-16 ] 1.0000e+00
 5.508e+01 1.5129e-15 1.5129e-15 [ 1.0527e-45 3.5110e-26 2.6420e-19 1.3158e-15 1.9685e-16 ] 1.0000e+00
 5.519e+01 1.3636e-15 1.3636e-15 [ 7.3082e-46 2.9047e-26 2.3182e-19 1.1855e-15 1.7786e-16 ] 1.0000e+00
 5.531e+01 1.2288e-15 1.2288e-15 [ 5.0702e-46 2.4023e-26 2.0336e-19 1.0679e-15 1.6068e-16 ] 1.0000e+00
 5.542e+01 1.1071e-15 1.1071e-15 [ 3.5151e-46 1.9860e-26 1.7836e-19 9.6183e-16 1.4514e-16 ] 1.0000e+00
 5.553e+01 9.9743e-16 9.9743e-16 [ 2.4354e-46 1.6412e-26 1.5639e-19 8.6619e-16 1.3109e-16 ] 1.0000e+00
 5.565e+01 8.9846e-16 8.9846e-16 [ 1.6861e-46 1.3558e-26 1.3710e-19 7.7995e-16 1.1837e-16 ] 1.0000e+00
 5.576e+01 8.0920e-16 8.0920e-16 [ 1.1666e-46 1.1196e-26 1.2016e-19 7.0220e-16 1.0688e-16 ] 1.0000e+00
 5.587e+01 7.2870e-16 7.2870e-16 [ 8.0656e-47 9.2421e-27 1.0529e-19 6.3210e-16 9.6490e-17 ] 1.0000e+00
 5.599e+01 6.5612e-16 6.5612e-16 [ 5.5728e-47 7.6264e-27 9.2243e-20 5.6893e-16 8.7098e-17 ] 1.0000e+00
 5.610e+01 5.9068e-16 5.9068e-16 [ 3.8478e-47 6.2907e-27 8.0792e-20 5.1199e-16 7.8608e-17 ] 1.0000e+00
 5.621e+01 5.3170e-16 5.3170e-16 [ 2.6549e-47 5.1871e-27 7.0747e-20 4.6069e-16 7.0937e-17 ] 1.0000e+00
 5.633e+01 4.7854e-16 4.7854e-16 [ 1.8306e-47 4.2754e-27 6.1937e-20 4.1447e-16 6.4005e-17 ] 1.0000e+00
 5.644e+01 4.3063e-16 4.3063e-16 [ 1.2614e-47 3.5227e-27 5.4212e-20 3.7283e-16 5.7742e-17 ] 1.0000e+00
 5.655e+01 3.8746e-16 3.8746e-16 [ 8.6854e-48 2.9014e-27 4.7439e-20 3.3533e-16 5.2085e-17 ] 1.0000e+00
 5.667e+01 3.4857e-16 3.4857e-16 [ 5.9765e-48 2.3888e-27 4.1504e-20 3.0155e-16 4.6975e-17 ] 1.0000e+00
 5.678e+01 3.1354e-16 3.1354e-16 [ 4.1096e-48 1.9661e-27 3.6302e-20 2.7114e-16 4.2361e-17 ] 1.0000e+00
 5.689e+01 2.8199e-16 2.8199e-16 [ 2.8240e-48 1.6175e-27 3.1746e-20 2.4376e-16 3.8194e-17 ] 1.0000e+00
 5.701e+01 2.5358e-16 2.5358e-16 [ 1.9393e-48 1.3302e-27 2.7755e-20 2.1912e-16 3.4433e-17 ] 1.0000e+00
 5.712e+01 2.2800e-16 2.2800e-16 [ 1.3308e-48 1.0936e-27 2.4260e-20 1.9693e-16 3.1037e-17 ] 1.0000e+00
 5.723e+01 2.0497e-16 2.0497e-16 [ 9.1261e-49 8.9867e-28 2.1201e-20 1.7697e-16 2.7973e-17 ] 1.0000e+00
 5.735e+01 1.8424e-16 1.8424e-16 [ 6.2541e-49 7.3824e-28 1.8523e-20 1.5901e-16 2.5207e-17 ] 1.0000e+00
 5.746e+01 1.6558e-16 1.6558e-16 [ 4.2830e-49 6.0621e-28 1.6180e-20 1.4285e-16 2.2712e-17 ] 1.0000e+00
 5.757e+01 1.4879e-16 1.4879e-16 [ 2.9312e-49 4.9761e-28 1.4130e-20 1.2831e-16 2.0460e-17 ] 1.0000e+00
 5.769e+01 1.3368e-16 1.3368e-16 [ 2.0046e-49 4.0831e-28 1.2337e-20 1.1524e-16 1.8429e-17 ] 1.0000e+00
 5.780e+01 1.2009e-16 1.2009e-16 [ 1.3701e-49 3.3491e-28 1.0769e-20 1.0348e-16 1.6598e-17 ] 1.0000e+00
 5.791e+01 1.0787e-16 1.0787e-16 [ 9.3571e-50 2.7460e-28 9.3977e-21 9.2910e-17 1.4946e-17 ] 1.0000e+00
 5.803e+01 9.6872e-17 9.6872e-17 [ 6.3863e-50 2.2506e-28 8.1994e-21 8.3407e-17 1.3457e-17 ] 1.0000e+00
 5.814e+01 8.6985e-17 8.6985e-17 [ 4.3557e-50 1.8439e-28 7.1524e-21 7.4864e-17 1.2114e-17 ] 1.0000e+00
 5.825e+01 7.8097e-17 7.8097e-17 [ 2.9688e-50 1.5102e-28 6.2376e-21 6.7187e-17 1.0904e-17 ] 1.0000e+00
 5.837e+01 7.0106e-17 7.0106e-17 [ 2.0221e-50 1.2363e-28 5.4386e-21 6.0288e-17 9.8128e-18 ] 1.0000e+00
 5.848e+01 6.2924e-17 6.2924e-17 [ 1.3763e-50 1.0118e-28 4.7408e-21 5.4089e-17 8.8298e-18 ] 1.0000e+00
 5.859e+01 5.6469e-17 5.6469e-17 [ 9.3616e-51 8.2766e-29 4.1316e-21 4.8520e-17 7.9442e-18 ] 1.0000e+00
 5.871e+01 5.0669e-17 5.0669e-17 [ 6.3633e-51 6.7680e-29 3.5999e-21 4.3519e-17 7.1463e-18 ] 1.0000e+00
 5.882e+01 4.5458e-17 4.5458e-17 [ 4.3223e-51 5.5322e-29 3.1359e-21 3.9027e-17 6.4276e-18 ] 1.0000e+00
 5.893e+01 4.0776e-17 4.0776e-17 [ 2.9340e-51 4.5204e-29 2.7310e-21 3.4993e-17 5.7803e-18 ] 1.0000e+00
 5.905e+01 3.6572e-17 3.6572e-17 [ 1.9902e-51 3.6922e-29 2.3779e-21 3.1372e-17 5.1975e-18 ] 1.0000e+00
 5.916e+01 3.2796e-17 3.2796e-17 [ 1.3491e-51 3.0145e-29 2.0700e-21 2.8121e-17 4.6727e-18 ] 1.0000e+00
 5.927e+01 2.9406e-17 2.9406e-17 [ 9.1390e-52 2.4603e-29 1.8015e-21 2.5204e-17 4.2003e-18 ] 1.0000e+00
 5.939e+01 2.6362e-17 2.6362e-17 [ 6.1866e-52 2.0072e-29 1.5675e-21 2.2585e-17 3.7751e-18 ] 1.0000e+00
 5.950e+01 2.3630e-17 2.3630e-17 [ 4.1851e-52 1.6369e-29 1.3635e-21 2.0236e-17 3.3924e-18 ] 1.0000e+00
 5.961e+01 2.1177e-17 2.1177e-17 [ 2.8292e-52 1.3344e-29 1.1858e-21 1.8128e-17 3.0481e-18 ] 1.0000e+00
 5.973e+01 1.8977e-17 1.8977e-17 [ 1.9113e-52 1.0873e-29 1.0311e-21 1.6237e-17 2.7383e-18 ] 1.0000e+00
 5.984e+01 1.7002e-17 1.7002e-17 [ 1.2903e-52 8.8568e-30 8.9631e-22 1.4542e-17 2.4596e-18 ] 1.0000e+00
 5.995e+01 1.5231e-17 1.5231e-17 [ 8.7046e-53 7.2115e-30 7.7897e-22 1.3021e-17 2.2090e-18 ] 1.0000e+00
 6.007e+01 1.3642e-17 1.3642e-17 [ 5.8683e-53 5.8694e-30 6.7683e-22 1.1658e-17 1.9836e-18 ] 1.0000e+00
 6.018e+01 1.2217e-17 1.2217e-17 [ 3.9535e-53 4.7752e-30 5.8795e-22 1.0436e-17 1.7809e-18 ] 1.0000e+00
 6.029e+01 1.0940e-17 1.0940e-17 [ 2.6616e-53 3.8835e-30 5.1061e-22 9.3403e-18 1.5987e-18 ] 1.0000e+00
 6.041e+01 9.7939e-18 9.7939e-18 [ 1.7907e-53 3.1570e-30 4.4335e-22 8.3585e-18 1.4350e-18 ] 1.0000e+00
 6.052e+01 8.7670e-18 8.7670e-18 [ 1.2039e-53 2.5654e-30 3.8486e-22 7.4788e-18 1.2878e-18 ] 1.0000e+00
 6.063e+01 7.8465e-18 7.8465e-18 [ 8.0882e-54 2.0838e-30 3.3400e-22 6.6907e-18 1.1555e-18 ] 1.0000e+00
 6.075e+01 7.0216e-18 7.0216e-18 [ 5.4302e-54 1.6919e-30 2.8979e-22 5.9847e-18 1.0366e-18 ] 1.0000e+00
 6.086e+01 6.2825e-18 6.2825e-18 [ 3.6432e-54 1.3732e-30 2.5138e-22 5.3524e-18 9.2988e-19 ] 1.0000e+00
 6.097e+01 5.6204e-18 5.6204e-18 [ 2.4426e-54 1.1140e-30 2.1801e-22 4.7862e-18 8.3399e-19 ] 1.0000e+00
 6.109e+01 5.0272e-18 5.0272e-18 [ 1.6365e-54 9.0341e-31 1.8902e-22 4.2792e-18 7.4787e-19 ] 1.0000e+00
 6.120e+01 4.4960e-18 4.4960e-18 [ 1.0957e-54 7.3231e-31 1.6384e-22 3.8253e-18 6.7054e-19 ] 1.0000e+00
 6.131e+01 4.0203e-18 4.0203e-18 [ 7.3305e-55 5.9338e-31 1.4199e-22 3.4190e-18 6.0112e-19 ] 1.0000e+00
 6.143e+01 3.5943e-18 3.5943e-18 [ 4.9011e-55 4.8060e-31 1.2302e-22 3.0554e-18 5.3880e-19 ] 1.0000e+00
 6.154e+01 3.2130e-18 3.2130e-18 [ 3.2745e-55 3.8909e-31 1.0656e-22 2.7301e-18 4.8287e-19 ] 1.0000e+00
 6.165e+01 2.8718e-18 2.8718e-18 [ 2.1862e-55 3.1488e-31 9.2277e-23 2.4390e-18 4.3267e-19 ] 1.0000e+00
 6.177e+01 2.5663e-18 2.5663e-18 [ 1.4586e-55 2.5471e-31 7.9891e-23 2.1786e-18 3.8764e-19 ] 1.0000e+00
 6.188e+01 2.2930e-18 2.2930e-18 [ 9.7246e-56 2.0595e-31 6.9150e-23 1.9457e-18 3.4724e-19 ] 1.0000e+00
 6.199e+01 2.0485e-18 2.0485e-18 [ 6.4790e-56 1.6646e-31 5.9838e-23 1.7375e-18 3.1100e-19 ] 1.0000e+00
 6.211e+01 1.8298e-18 1.8298e-18 [ 4.3135e-56 1.3448e-31 5.1767e-23 1.5512e-18 2.7850e-19 ] 1.0000e+00
 6.222e+01 1.6342e-18 1.6342e-18 [ 2.8698e-56 1.0860e-31 4.4774e-23 1.3848e-18 2.4936e-19 ] 1.0000e+00
 6.233e+01 1.4592e-18 1.4592e-18 [ 1.9079e-56 8.7657e-32 3.8715e-23 1.2360e-18 2.2323e-19 ] 1.0000e+00
 6.245e+01 1.3028e-18 1.3028e-18 [ 1.2676e-56 7.0725e-32 3.3468e-23 1.1030e-18 1.9981e-19 ] 1.0000e+00
 6.256e+01 1.1630e-18 1.1630e-18 [ 8.4152e-57 5.7039e-32 2.8925e-23 9.8417e-19 1.7882e-19 ] 1.0000e+00
 6.267e+01 1.0380e-18 1.0380e-18 [ 5.5828e-57 4.5980e-32 2.4992e-23 8.7800e-19 1.6001e-19 ] 1.0000e+00
 6.279e+01 9.2634e-19 9.2634e-19 [ 3.7011e-57 3.7049e-32 2.1588e-23 7.8317e-19 1.4315e-19 ] 1.0000e+00
 6.290e+01 8.2654e-19 8.2654e-19 [ 2.4518e-57 2.9840e-32 1.8643e-23 6.9847e-19 1.2805e-19 ] 1.0000e+00
 6.301e+01 7.3737e-19 7.3737e-19 [ 1.6231e-57 2.4023e-32 1.6095e-23 6.2283e-19 1.1453e-19 ] 1.0000e+00
 6.313e+01 6.5772e-19 6.5772e-19 [ 1.0737e-57 1.9331e-32 1.3892e-23 5.5529e-19 1.0242e-19 ] 1.0000e+00
 6.324e+01 5.8658e-19 5.8658e-19 [ 7.0977e-58 1.5548e-32 1.1988e-23 4.9500e-19 9.1571e-20 ] 1.0000e+00
 6.335e+01 5.2306e-19 5.2306e-19 [ 4.6885e-58 1.2500e-32 1.0341e-23 4.4119e-19 8.1861e-20 ] 1.0000e+00
 6.347e+01 4.6634e-19 4.6634e-19 [ 3.0948e-58 1.0045e-32 8.9186e-24 3.9316e-19 7.3169e-20 ] 1.0000e+00
 6.358e+01 4.1571e-19 4.1571e-19 [ 2.0413e-58 8.0678e-33 7.6896e-24 3.5031e-19 6.5390e-20 ] 1.0000e+00
 6.369e+01 3.7051e-19 3.7051e-19 [ 1.3455e-58 6.4771e-33 6.6281e-24 3.1208e-19 5.8428e-20 ] 1.0000e+00
 6.381e+01 3.3018e-19 3.3018e-19 [ 8.8620e-59 5.1976e-33 5.7115e-24 2.7797e-19 5.2200e-20 ] 1.0000e+00
 6.392e+01 2.9419e-19 2.9419e-19 [ 5.8326e-59 4.1688e-33 4.9203e-24 2.4756e-19 4.6628e-20 ] 1.0000e+00
 6.403e+01 2.6208e-19 2.6208e-19 [ 3.8360e-59 3.3421e-33 4.2375e-24 2.2043e-19 4.1644e-20 ] 1.0000e+00
 6.415e+01 2.3344e-19 2.3344e-19 [ 2.5210e-59 2.6780e-33 3.6484e-24 1.9625e-19 3.7187e-20 ] 1.0000e+00
 6.426e+01 2.0790e-19 2.0790e-19 [ 1.6555e-59 2.1449e-33 3.1402e-24 1.7469e-19 3.3201e-20 ] 1.0000e+00
 6.437e+01 1.8512e-19 1.8512e-19 [ 1.0864e-59 1.7170e-33 2.7021e-24 1.5548e-19 2.9638e-20 ] 1.0000e+00
 6.449e+01 1.6481e-19 1.6481e-19 [ 7.1237e-60 1.3738e-33 2.3244e-24 1.3836e-19 2.6454e-20 ] 1.0000e+00
 6.460e+01 1.4671e-19 1.4671e-19 [ 4.6677e-60 1.0987e-33 1.9988e-24 1.2310e-19 2.3607e-20 ] 1.0000e+00
 6.471e+01 1.3057e-19 1.3057e-19 [ 3.0562e-60 8.7823e-34 1.7184e-24 1.0951e-19 2.1064e-20 ] 1.0000e+00
 6.483e+01 1.1619e-19 1.1619e-19 [ 1.9995e-60 7.0164e-34 1.4768e-24 9.7399e-20 1.8791e-20 ] 1.0000e+00
 6.494e+01 1.0338e-19 1.0338e-19 [ 1.3072e-60 5.6027e-34 1.2688e-24 8.6617e-20 1.6761e-20 ] 1.0000e+00
 6.505e+01 9.1965e-20 9.1965e-20 [ 8.5393e-61 4.4716e-34 1.0897e-24 7.7016e-20 1.4948e-20 ] 1.0000e+00
 6.517e+01 8.1798e-20 8.1798e-20 [ 5.5742e-61 3.5670e-34 9.3562e-25 6.8468e-20 1.3329e-20 ] 1.0000e+00
 6.528e+01 7.2743e-20 7.2743e-20 [ 3.6358e-61 2.8439e-34 8.0305e-25 6.0859e-20 1.1884e-20 ] 1.0000e+00
 6.539e+01 6.4680e-20 6.4680e-20 [ 2.3697e-61 2.2661e-34 6.8903e-25 5.4086e-20 1.0593e-20 ] 1.0000e+00
 6.551e+01 5.7502e-20 5.7502e-20 [ 1.5433e-61 1.8048e-34 5.9100e-25 4.8060e-20 9.4411e-21 ] 1.0000e+00
 6.562e+01 5.1112e-20 5.1112e-20 [ 1.0043e-61 1.4366e-34 5.0674e-25 4.2698e-20 8.4131e-21 ] 1.0000e+00
 6.573e+01 4.5425e-20 4.5425e-20 [ 6.5303e-62 1.1430e-34 4.3433e-25 3.7928e-20 7.4958e-21 ] 1.0000e+00
 6.585e+01 4.0364e-20 4.0364e-20 [ 4.2430e-62 9.0880e-35 3.7214e-25 3.3686e-20 6.6774e-21 ] 1.0000e+00
 6.596e+01 3.5861e-20 3.5861e-20 [ 2.7546e-62 7.2222e-35 3.1874e-25 2.9913e-20 5.9474e-21 ] 1.0000e+00
 6.607e+01 3.1855e-20 3.1855e-20 [ 1.7870e-62 5.7362e-35 2.7290e-25 2.6559e-20 5.2964e-21 ] 1.0000e+00
 6.619e+01 2.8292e-20 2.8292e-20 [ 1.1583e-62 4.5534e-35 2.3356e-25 2.3576e-20 4.7158e-21 ] 1.0000e+00
 6.630e+01 2.5124e-20 2.5124e-20 [ 7.5020e-63 3.6124e-35 1.9982e-25 2.0926e-20 4.1982e-21 ] 1.0000e+00
 6.641e+01 2.2307e-20 2.2307e-20 [ 4.8549e-63 2.8642e-35 1.7088e-25 1.8570e-20 3.7368e-21 ] 1.0000e+00
 6.653e+01 1.9802e-20 1.9802e-20 [ 3.1393e-63 2.2697e-35 1.4608e-25 1.6476e-20 3.3256e-21 ] 1.0000e+00
 6.664e+01 1.7576e-20 1.7576e-20 [ 2.0283e-63 1.7975e-35 1.2482e-25 1.4617e-20 2.9592e-21 ] 1.0000e+00
 6.675e+01 1.5598e-20 1.5598e-20 [ 1.3094e-63 1.4227e-35 1.0661e-25 1.2965e-20 2.6326e-21 ] 1.0000e+00
 6.687e+01 1.3839e-20 1.3839e-20 [ 8.4463e-64 1.1253e-35 9.1022e-26 1.1498e-20 2.3418e-21 ] 1.0000e+00
 6.698e+01 1.2278e-20 1.2278e-20 [ 5.4437e-64 8.8958e-36 7.7677e-26 1.0195e-20 2.0827e-21 ] 1.0000e+00
 6.709e+01 1.0890e-20 1.0890e-20 [ 3.5055e-64 7.0279e-36 6.6259e-26 9.0381e-21 1.8520e-21 ] 1.0000e+00
 6.721e+01 9.6579e-21 9.6579e-21 [ 2.2555e-64 5.5487e-36 5.6494e-26 8.0113e-21 1.6466e-21 ] 1.0000e+00
 6.732e+01 8.5637e-21 8.5637e-21 [ 1.4500e-64 4.3781e-36 4.8146e-26 7.0999e-21 1.4637e-21 ] 1.0000e+00
 6.743e+01 7.5922e-21 7.5922e-21 [ 9.3138e-65 3.4522e-36 4.1011e-26 6.2912e-21 1.3009e-21 ] 1.0000e+00
 6.755e+01 6.7297e-21 6.7297e-21 [ 5.9773e-65 2.7204e-36 3.4917e-26 5.5737e-21 1.1560e-21 ] 1.0000e+00
 6.766e+01 5.9643e-21 5.9643e-21 [ 3.8327e-65 2.1423e-36 2.9713e-26 4.9371e-21 1.0271e-21 ] 1.0000e+00
 6.777e+01 5.2850e-21 5.2850e-21 [ 2.4554e-65 1.6859e-36 2.5272e-26 4.3725e-21 9.1245e-22 ] 1.0000e+00
 6.789e+01 4.6823e-21 4.6823e-21 [ 1.5717e-65 1.3258e-36 2.1484e-26 3.8718e-21 8.1044e-22 ] 1.0000e+00
 6.800e+01 4.1476e-21 4.1476e-21 [ 1.0051e-65 1.0419e-36 1.8254e-26 3.4279e-21 7.1971e-22 ] 1.0000e+00
 6.811e+01 3.6734e-21 3.6734e-21 [ 6.4220e-66 8.1825e-37 1.5500e-26 3.0343e-21 6.3903e-22 ] 1.0000e+00
 6.823e+01 3.2528e-21 3.2528e-21 [ 4.0995e-66 6.4214e-37 1.3155e-26 2.6855e-21 5.6731e-22 ] 1.0000e+00
 6.834e+01 2.8799e-21 2.8799e-21 [ 2.6145e-66 5.0356e-37 1.1158e-26 2.3763e-21 5.0355e-22 ] 1.0000e+00
 6.845e+01 2.5492e-21 2.5492e-21 [ 1.6659e-66 3.9461e-37 9.4589e-27 2.1024e-21 4.4688e-22 ] 1.0000e+00
 6.857e+01 2.2562e-21 2.2562e-21 [ 1.0605e-66 3.0899e-37 8.0135e-27 1.8597e-21 3.9652e-22 ] 1.0000e+00
 6.868e+01 1.9965e-21 1.9965e-21 [ 6.7441e-67 2.4177e-37 6.7848e-27 1.6447e-21 3.5178e-22 ] 1.0000e+00
 6.879e+01 1.7663e-21 1.7663e-21 [ 4.2849e-67 1.8903e-37 5.7408e-27 1.4543e-21 3.1204e-22 ] 1.0000e+00
 6.891e+01 1.5624e-21 1.5624e-21 [ 2.7198e-67 1.4767e-37 4.8542e-27 1.2857e-21 2.7674e-22 ] 1.0000e+00
 6.902e+01 1.3818e-21 1.3818e-21 [ 1.7246e-67 1.1528e-37 4.1018e-27 1.1364e-21 2.4539e-22 ] 1.0000e+00
 6.913e+01 1.2219e-21 1.2219e-21 [ 1.0925e-67 8.9911e-38 3.4637e-27 1.0043e-21 2.1755e-22 ] 1.0000e+00
 6.925e+01 1.0802e-21 1.0802e-21 [ 6.9135e-68 7.0069e-38 2.9227e-27 8.8738e-22 1.9285e-22 ] 1.0000e+00
 6.936e+01 9.5482e-22 9.5482e-22 [ 4.3705e-68 5.4559e-38 2.4644e-27 7.8390e-22 1.7091e-22 ] 1.0000e+00
 6.947e+01 8.4381e-22 8.4381e-22 [ 2.7600e-68 4.2446e-38 2.0764e-27 6.9235e-22 1.5145e-22 ] 1.0000e+00
 6.959e+01 7.4555e-22 7.4555e-22 [ 1.7411e-68 3.2993e-38 1.7482e-27 6.1137e-22 1.3418e-22 ] 1.0000e+00
 6.970e+01 6.5860e-22 6.5860e-22 [ 1.0972e-68 2.5622e-38 1.4706e-27 5.3974e-22 1.1886e-22 ] 1.0000e+00
 6.981e+01 5.8167e-22 5.8167e-22 [ 6.9061e-69 1.9879e-38 1.2361e-27 4.7640e-22 1.0528e-22 ] 1.0000e+00
 6.993e+01 5.1362e-22 5.1362e-22 [ 4.3421e-69 1.5409e-38 1.0381e-27 4.2039e-22 9.3225e-23 ] 1.0000e+00
 7.004e+01 4.5342e-22 4.5342e-22 [ 2.7270e-69 1.1932e-38 8.7110e-28 3.7088e-22 8.2539e-23 ] 1.0000e+00
 7.015e+01 4.0019e-22 4.0019e-22 [ 1.7106e-69 9.2304e-39 7.3027e-28 3.2712e-22 7.3066e-23 ] 1.0000e+00
 7.027e+01 3.5312e-22 3.5312e-22 [ 1.0717e-69 7.1333e-39 6.1164e-28 2.8845e-22 6.4670e-23 ] 1.0000e+00
 7.038e+01 3.1151e-22 3.1151e-22 [ 6.7065e-70 5.5067e-39 5.1178e-28 2.5429e-22 5.7228e-23 ] 1.0000e+00
 7.049e+01 2.7474e-22 2.7474e-22 [ 4.1914e-70 4.2464e-39 4.2780e-28 2.2410e-22 5.0634e-23 ] 1.0000e+00
 7.061e+01 2.4223e-22 2.4223e-22 [ 2.6162e-70 3.2709e-39 3.5722e-28 1.9744e-22 4.4792e-23 ] 1.0000e+00
 7.072e+01 2.1351e-22 2.1351e-22 [ 1.6308e-70 2.5166e-39 2.9797e-28 1.7390e-22 3.9617e-23 ] 1.0000e+00
 7.083e+01 1.8814e-22 1.8814e-22 [ 1.0152e-70 1.9339e-39 2.4826e-28 1.5311e-22 3.5034e-23 ] 1.0000e+00
 7.095e+01 1.6573e-22 1.6573e-22 [ 6.3105e-71 1.4842e-39 2.0661e-28 1.3475e-22 3.0976e-23 ] 1.0000e+00
 7.106e+01 1.4594e-22 1.4594e-22 [ 3.9171e-71 1.1377e-39 1.7173e-28 1.1855e-22 2.7383e-23 ] 1.0000e+00
 7.117e+01 1.2846e-22 1.2846e-22 [ 2.4278e-71 8.7089e-40 1.4256e-28 1.0426e-22 2.4202e-23 ] 1.0000e+00
 7.129e+01 1.1303e-22 1.1303e-22 [ 1.5024e-71 6.6573e-40 1.1819e-28 9.1640e-23 2.1387e-23 ] 1.0000e+00
 7.140e+01 9.9405e-23 9.9405e-23 [ 9.2827e-72 5.0816e-40 9.7848e-29 8.0509e-23 1.8896e-23 ] 1.0000e+00
 7.151e+01 8.7382e-23 8.7382e-23 [ 5.7257e-72 3.8730e-40 8.0889e-29 7.0690e-23 1.6692e-23 ] 1.0000e+00
 7.163e+01 7.6772e-23 7.6772e-23 [ 3.5256e-72 2.9471e-40 6.6766e-29 6.2030e-23 1.4742e-23 ] 1.0000e+00
 7.174e+01 6.7409e-23 6.7409e-23 [ 2.1669e-72 2.2389e-40 5.5020e-29 5.4393e-23 1.3017e-23 ] 1.0000e+00
 7.185e+01 5.9150e-23 5.9150e-23 [ 1.3293e-72 1.6978e-40 4.5262e-29 4.7659e-23 1.1491e-23 ] 1.0000e+00
 7.197e+01 5.1864e-23 5.1864e-23 [ 8.1383e-73 1.2852e-40 3.7168e-29 4.1722e-23 1.0142e-23 ] 1.0000e+00
 7.208e+01 4.5437e-23 4.5437e-23 [ 4.9720e-73 9.7089e-41 3.0462e-29 3.6488e-23 8.9489e-24 ] 1.0000e+00
 7.219e+01 3.9769e-23 3.9769e-23 [ 3.0308e-73 7.3194e-41 2.4914e-29 3.1875e-23 7.8940e-24 ] 1.0000e+00
 7.231e+01 3.4770e-23 3.4770e-23 [ 1.8432e-73 5.5057e-41 2.0332e-29 2.7808e-23 6.9613e-24 ] 1.0000e+00
 7.242e+01 3.0362e-23 3.0362e-23 [ 1.1181e-73 4.1316e-41 1.6553e-29 2.4225e-23 6.1367e-24 ] 1.0000e+00
 7.253e+01 2.6474e-23 2.6474e-23 [ 6.7642e-74 3.0925e-41 1.3441e-29 2.1067e-23 5.4076e-24 ] 1.0000e+00
 7.265e+01 2.3046e-23 2.3046e-23 [ 4.0803e-74 2.3084e-41 1.0884e-29 1.8284e-23 4.7628e-24 ] 1.0000e+00
 7.276e+01 2.0023e-23 2.0023e-23 [ 2.4537e-74 1.7179e-41 8.7864e-30 1.5831e-23 4.1926e-24 ] 1.0000e+00
 7.287e+01 1.7357e-23 1.7357e-23 [ 1.4705e-74 1.2743e-41 7.0688e-30 1.3669e-23 3.6881e-24 ] 1.0000e+00
 7.299e+01 1.5005e-23 1.5005e-23 [ 8.7802e-75 9.4185e-42 5.6654e-30 1.1763e-23 3.2415e-24 ] 1.0000e+00
 7.310e+01 1.2929e-23 1.2929e-23 [ 5.2211e-75 6.9334e-42 4.5212e-30 1.0083e-23 2.8460e-24 ] 1.0000e+00
 7.321e+01 1.1098e-23 1.1098e-23 [ 3.0907e-75 5.0812e-42 3.5905e-30 8.6023e-24 2.4953e-24 ] 1.0000e+00
 7.333e+01 9.4804e-24 9.4804e-24 [ 1.8203e-75 3.7050e-42 2.8355e-30 7.2965e-24 2.1839e-24 ] 1.0000e+00
 7.344e+01 8.0521e-24 8.0521e-24 [ 1.0659e-75 2.6858e-42 2.2245e-30 6.1453e-24 1.9068e-24 ] 1.0000e+00
 7.355e+01 6.7903e-24 6.7903e-24 [ 6.2011e-76 1.9338e-42 1.7316e-30 5.1308e-24 1.6595e-24 ] 1.0000e+00
 7.367e+01 5.6754e-24 5.6754e-24 [ 3.5802e-76 1.3812e-42 1.3352e-30 4.2376e-24 1.4378e-24 ] 1.0000e+00
 7.378e+01 4.6904e-24 4.6904e-24 [ 2.0486e-76 9.7688e-43 1.0177e-30 3.4525e-24 1.2379e-24 ] 1.0000e+00
 7.389e+01 3.8208e-24 3.8208e-24 [ 1.1597e-76 6.8254e-43 7.6441e-31 2.7645e-24 1.0563e-24 ] 1.0000e+00
 7.401e+01 3.0544e-24 3.0544e-24 [ 6.4787e-77 4.6945e-43 5.6343e-31 2.1648e-24 8.8966e-25 ] 1.0000e+00
 7.412e+01 2.3815e-24 2.3815e-24 [ 3.5587e-77 3.1620e-43 4.0504e-31 1.6463e-24 7.3517e-25 ] 1.0000e+00
 7.423e+01 1.7943e-24 1.7943e-24 [ 1.9111e-77 2.0686e-43 2.8139e-31 1.2037e-24 5.9061e-25 ] 1.0000e+00
 7.435e+01 1.2879e-24 1.2879e-24 [ 9.9382e-78 1.2968e-43 1.8618e-31 8.3321e-25 4.5469e-25 ] 1.0000e+00
 7.446e+01 8.5974e-25 8.5974e-25 [ 4.9144e-78 7.6099e-44 1.1444e-31 5.3214e-25 3.2759e-25 ] 1.0000e+00
 7.457e+01 5.1045e-25 5.1045e-25 [ 2.2239e-78 3.9927e-44 6.2355e-32 2.9894e-25 2.1151e-25 ] 1.0000e+00
 7.469e+01 2.4422e-25 2.4422e-25 [ 8.3664e-79 1.6863e-44 2.7082e-32 1.3277e-25 1.1145e-25 ] 1.0000e+00
 7.480e+01 6.9490e-26 6.9490e-26 [ 1.8824e-79 4.0868e-45 6.6768e-33 3.3207e-26 3.6283e-26 ] 1.0000e+00
 7.491e+01 0.0000e+00 0.0000e+00 [ 0.0000e+00 0.0000e+00 0.0000e+00 0.0000e+00 0.0000e+00 ] 1.0000e+00
