 0.000e+00 0.0000e+00 0.0000e+00 [ 0.0000e+00 0.0000e+00 0.0000e+00 0.0000e+00 0.0000e+00 ] 1.0000e+00
 1.133e-01 4.1875e-02 4.1875e-02 [ 4.1525e-02 1.7567e-04 8.3040e-05 8.2240e-05 9.4646e-06 ] 9.5812e-01
 2.267e-01 8.2106e-02 8.2106e-02 [ 8.0616e-02 7.4993e-04 3.5447e-04 3.5078e-04 3.4721e-05 ] 9.1789e-01
 3.400e-01 1.1467e-01 1.1467e-01 [ 1.1100e-01 1.8590e-03 8.7860e-04 8.6780e-04 7.3297e-05 ] 8.8533e-01
 4.533e-01 1.5069e-01 1.5069e-01 [ 1.4333e-01 3.7346e-03 1.7648e-03 1.7389e-03 1.2504e-04 ] 8.4931e-01
 5.667e-01 1.9584e-01 1.9584e-01 [ 1.8265e-01 6.7119e-03 3.1710e-03 3.1160e-03 1.9149e-04 ] 8.0416e-01
 6.800e-01 2.5535e-01 2.5535e-01 [ 2.3338e-01 1.1212e-02 5.2957e-03 5.1881e-03 2.7492e-04 ] 7.4465e-01
 7.933e-01 3.3299e-01 3.3299e-01 [ 2.9849e-01 1.7651e-02 8.3350e-03 8.1395e-03 3.7669e-04 ] 6.6701e-01
 9.067e-01 4.2880e-01 4.2880e-01 [ 3.7762e-01 2.6237e-02 1.2386e-02 1.2055e-02 4.9465e-04 ] 5.7120e-01
 1.020e+00 5.3627e-01 5.3627e-01 [ 4.6489e-01 3.6665e-02 1.7303e-02 1.6783e-02 6.2042e-04 ] 4.6373e-01
 1.133e+00 6.4188e-01 6.4188e-01 [ 5.4871e-01 4.7950e-02 2.2620e-02 2.1862e-02 7.3946e-04 ] 3.5812e-01
 1.247e+00 7.3019e-01 7.3019e-01 [ 6.1630e-01 5.8715e-02 2.7686e-02 2.6657e-02 8.3677e-04 ] 2.6981e-01
 1.360e+00 7.9232e-01 7.9232e-01 [ 6.6079e-01 6.7919e-02 3.2009e-02 3.0696e-02 9.0533e-04 ] 2.0768e-01
 1.473e+00 8.2959e-01 8.2959e-01 [ 6.8393e-01 7.5342e-02 3.5486e-02 3.3883e-02 9.4895e-04 ] 1.7041e-01
 1.587e+00 8.4923e-01 8.4923e-01 [ 6.9218e-01 8.1370e-02 3.8299e-02 3.6399e-02 9.7678e-04 ] 1.5077e-01
 1.700e+00 8.5847e-01 8.5847e-01 [ 6.9177e-01 8.6522e-02 4.0693e-02 3.8482e-02 9.9701e-04 ] 1.4153e-01
 1.813e+00 8.6222e-01 8.6222e-01 [ 6.8685e-01 9.1191e-02 4.2852e-02 4.0312e-02 1.0146e-03 ] 1.3778e-01
 1.927e+00 8.6324e-01 8.6324e-01 [ 6.7970e-01 9.5618e-02 4.4889e-02 4.1999e-02 1.0321e-03 ] 1.3676e-01
 2.040e+00 8.6297e-01 8.6297e-01 [ 6.7152e-01 9.9933e-02 4.6867e-02 4.3603e-02 1.0504e-03 ] 1.3703e-01
 2.153e+00 8.6213e-01 8.6213e-01 [ 6.6288e-01 1.0421e-01 4.8818e-02 4.5155e-02 1.0696e-03 ] 1.3787e-01
 2.267e+00 8.6105e-01 8.6105e-01 [ 6.5406e-01 1.0847e-01 5.0757e-02 4.6673e-02 1.0897e-03 ] 1.3895e-01
 2.380e+00 8.5990e-01 8.5990e-01 [ 6.4519e-01 1.1274e-01 5.2694e-02 4.8166e-02 1.1105e-03 ] 1.4010e-01
 2.493e+00 8.5877e-01 8.5877e-01 [ 6.3633e-01 1.1704e-01 5.4634e-02 4.9638e-02 1.1318e-03 ] 1.4123e-01
 2.607e+00 8.5770e-01 8.5770e-01 [ 6.2752e-01 1.2135e-01 5.6577e-02 5.1093e-02 1.1534e-03 ] 1.4230e-01
 2.720e+00 8.5669e-01 8.5669e-01 [ 6.1876e-01 1.2570e-01 5.8526e-02 5.2532e-02 1.1753e-03 ] 1.4331e-01
 2.833e+00 8.5576e-01 8.5576e-01 [ 6.1006e-01 1.3006e-01 6.0481e-02 5.3957e-02 1.1973e-03 ] 1.4424e-01
 2.947e+00 8.5489e-01 8.5489e-01 [ 6.0141e-01 1.3445e-01 6.2443e-02 5.5369e-02 1.2194e-03 ] 1.4511e-01
 3.060e+00 8.5410e-01 8.5410e-01 [ 5.9281e-01 1.3887e-01 6.4411e-02 5.6769e-02 1.2416e-03 ] 1.4590e-01
 3.173e+00 8.5337e-01 8.5337e-01 [ 5.8426e-01 1.4331e-01 6.6386e-02 5.8158e-02 1.2638e-03 ] 1.4663e-01
 3.287e+00 8.5270e-01 8.5270e-01 [ 5.7575e-01 1.4777e-01 6.8368e-02 5.9536e-02 1.2862e-03 ] 1.4730e-01
 3.400e+00 8.5209e-01 8.5209e-01 [ 5.6727e-01 1.5225e-01 7.0357e-02 6.0904e-02 1.3086e-03 ] 1.4791e-01
 3.513e+00 8.5153e-01 8.5153e-01 [ 5.5883e-01 1.5675e-01 7.2354e-02 6.2264e-02 1.3311e-03 ] 1.4847e-01
 3.627e+00 8.5102e-01 8.5102e-01 [ 5.5042e-01 1.6126e-01 7.4358e-02 6.3616e-02 1.3536e-03 ] 1.4898e-01
 3.740e+00 8.5055e-01 8.5055e-01 [ 5.4204e-01 1.6580e-01 7.6371e-02 6.4961e-02 1.3763e-03 ] 1.4945e-01
 3.853e+00 8.5012e-01 8.5012e-01 [ 5.3368e-01 1.7034e-01 7.8391e-02 6.6300e-02 1.3991e-03 ] 1.4988e-01
 3.967e+00 8.4972e-01 8.4972e-01 [ 5.2534e-01 1.7491e-01 8.0421e-02 6.7633e-02 1.4220e-03 ] 1.5027e-01
 4.080e+00 8.4936e-01 8.4936e-01 [ 5.1702e-01 1.7948e-01 8.2459e-02 6.8963e-02 1.4451e-03 ] 1.5063e-01
 4.193e+00 8.4903e-01 8.4903e-01 [ 5.0872e-01 1.8405e-01 8.4506e-02 7.0289e-02 1.4682e-03 ] 1.5096e-01
 4.307e+00 8.4873e-01 8.4873e-01 [ 5.0043e-01 1.8864e-01 8.6563e-02 7.1612e-02 1.4916e-03 ] 1.5127e-01
 4.420e+00 8.4845e-01 8.4845e-01 [ 4.9215e-01 1.9323e-01 8.8630e-02 7.2933e-02 1.5151e-03 ] 1.5155e-01
 4.533e+00 8.4820e-01 8.4820e-01 [ 4.8388e-01 1.9782e-01 9.0708e-02 7.4254e-02 1.5387e-03 ] 1.5180e-01
 4.647e+00 8.4796e-01 8.4796e-01 [ 4.7562e-01 2.0241e-01 9.2796e-02 7.5574e-02 1.5626e-03 ] 1.5204e-01
 4.760e+00 8.4774e-01 8.4774e-01 [ 4.6738e-01 2.0699e-01 9.4895e-02 7.6896e-02 1.5867e-03 ] 1.5226e-01
 4.873e+00 8.4754e-01 8.4754e-01 [ 4.5914e-01 2.1157e-01 9.7006e-02 7.8219e-02 1.6109e-03 ] 1.5246e-01
 4.987e+00 8.4736e-01 8.4736e-01 [ 4.5091e-01 2.1613e-01 9.9129e-02 7.9544e-02 1.6354e-03 ] 1.5264e-01
 5.100e+00 8.4718e-01 8.4718e-01 [ 4.4270e-01 2.2069e-01 1.0126e-01 8.0872e-02 1.6600e-03 ] 1.5282e-01
 5.213e+00 8.4702e-01 8.4702e-01 [ 4.3449e-01 2.2523e-01 1.0341e-01 8.2205e-02 1.6850e-03 ] 1.5298e-01
 5.327e+00 8.4687e-01 8.4687e-01 [ 4.2630e-01 2.2974e-01 1.0557e-01 8.3542e-02 1.7101e-03 ] 1.5313e-01
 5.440e+00 8.4673e-01 8.4673e-01 [ 4.1812e-01 2.3424e-01 1.0775e-01 8.4885e-02 1.7355e-03 ] 1.5327e-01
 5.553e+00 8.4659e-01 8.4659e-01 [ 4.0995e-01 2.3870e-01 1.0994e-01 8.6235e-02 1.7612e-03 ] 1.5341e-01
 5.667e+00 8.4647e-01 8.4647e-01 [ 4.0181e-01 2.4314e-01 1.1214e-01 8.7591e-02 1.7871e-03 ] 1.5353e-01
 5.780e+00 8.4635e-01 8.4635e-01 [ 3.9367e-01 2.4754e-01 1.1436e-01 8.8955e-02 1.8133e-03 ] 1.5365e-01
 5.893e+00 8.4624e-01 8.4624e-01 [ 3.8556e-01 2.5191e-01 1.1660e-01 9.0328e-02 1.8397e-03 ] 1.5376e-01
 6.007e+00 8.4613e-01 8.4613e-01 [ 3.7748e-01 2.5623e-01 1.1885e-01 9.1709e-02 1.8665e-03 ] 1.5387e-01
 6.120e+00 8.4603e-01 8.4603e-01 [ 3.6941e-01 2.6050e-01 1.2111e-01 9.3101e-02 1.8936e-03 ] 1.5397e-01
 6.233e+00 8.4593e-01 8.4593e-01 [ 3.6138e-01 2.6473e-01 1.2340e-01 9.4503e-02 1.9209e-03 ] 1.5407e-01
 6.347e+00 8.4583e-01 8.4583e-01 [ 3.5337e-01 2.6890e-01 1.2570e-01 9.5917e-02 1.9486e-03 ] 1.5417e-01
 6.460e+00 8.4574e-01 8.4574e-01 [ 3.4540e-01 2.7301e-01 1.2801e-01 9.7342e-02 1.9766e-03 ] 1.5426e-01
 6.573e+00 8.4565e-01 8.4565e-01 [ 3.3746e-01 2.7706e-01 1.3035e-01 9.8780e-02 2.0050e-03 ] 1.5435e-01
 6.687e+00 8.4556e-01 8.4556e-01 [ 3.2956e-01 2.8104e-01 1.3270e-01 1.0023e-01 2.0337e-03 ] 1.5444e-01
 6.800e+00 8.4548e-01 8.4548e-01 [ 3.2170e-01 2.8494e-01 1.3508e-01 1.0170e-01 2.0627e-03 ] 1.5452e-01
 6.913e+00 8.4539e-01 8.4539e-01 [ 3.1389e-01 2.8877e-01 1.3747e-01 1.0318e-01 2.0921e-03 ] 1.5461e-01
 7.027e+00 8.4531e-01 8.4531e-01 [ 3.0612e-01 2.9252e-01 1.3988e-01 1.0467e-01 2.1219e-03 ] 1.5469e-01
 7.140e+00 8.4523e-01 8.4523e-01 [ 2.9841e-01 2.9619e-01 1.4230e-01 1.0618e-01 2.1520e-03 ] 1.5477e-01
 7.253e+00 8.4515e-01 8.4515e-01 [ 2.9075e-01 2.9976e-01 1.4475e-01 1.0771e-01 2.1825e-03 ] 1.5485e-01
 7.367e+00 8.4507e-01 8.4507e-01 [ 2.8315e-01 3.0324e-01 1.4722e-01 1.0925e-01 2.2134e-03 ] 1.5493e-01
 7.480e+00 8.4500e-01 8.4500e-01 [ 2.7562e-01 3.0662e-01 1.4971e-01 1.1081e-01 2.2448e-03 ] 1.5500e-01
 7.593e+00 8.4492e-01 8.4492e-01 [ 2.6814e-01 3.0989e-01 1.5222e-01 1.1239e-01 2.2765e-03 ] 1.5508e-01
 7.707e+00 8.4484e-01 8.4484e-01 [ 2.6074e-01 3.1306e-01 1.5475e-01 1.1398e-01 2.3087e-03 ] 1.5516e-01
 7.820e+00 8.4477e-01 8.4477e-01 [ 2.5341e-01 3.1612e-01 1.5729e-01 1.1560e-01 2.3412e-03 ] 1.5523e-01
 7.933e+00 8.4469e-01 8.4469e-01 [ 2.4616e-01 3.1906e-01 1.5986e-01 1.1724e-01 2.3743e-03 ] 1.5531e-01
 8.047e+00 8.4461e-01 8.4461e-01 [ 2.3899e-01 3.2188e-01 1.6245e-01 1.1889e-01 2.4077e-03 ] 1.5539e-01
 8.160e+00 8.4454e-01 8.4454e-01 [ 2.3190e-01 3.2457e-01 1.6506e-01 1.2057e-01 2.4417e-03 ] 1.5546e-01
 8.273e+00 8.4446e-01 8.4446e-01 [ 2.2489e-01 3.2714e-01 1.6769e-01 1.2227e-01 2.4761e-03 ] 1.5554e-01
 8.387e+00 8.4438e-01 8.4438e-01 [ 2.1798e-01 3.2957e-01 1.7034e-01 1.2399e-01 2.5110e-03 ] 1.5562e-01
 8.500e+00 8.4431e-01 8.4431e-01 [ 2.1116e-01 3.3187e-01 1.7301e-01 1.2573e-01 2.5464e-03 ] 1.5569e-01
 8.613e+00 8.4423e-01 8.4423e-01 [ 2.0443e-01 3.3403e-01 1.7569e-01 1.2749e-01 2.5822e-03 ] 1.5577e-01
 8.727e+00 8.4415e-01 8.4415e-01 [ 1.9780e-01 3.3604e-01 1.7840e-01 1.2928e-01 2.6186e-03 ] 1.5585e-01
 8.840e+00 8.4407e-01 8.4407e-01 [ 1.9128e-01 3.3791e-01 1.8113e-01 1.3110e-01 2.6556e-03 ] 1.5593e-01
 8.953e+00 8.4399e-01 8.4399e-01 [ 1.8486e-01 3.3964e-01 1.8387e-01 1.3293e-01 2.6930e-03 ] 1.5601e-01
 9.067e+00 8.4392e-01 8.4392e-01 [ 1.7855e-01 3.4120e-01 1.8664e-01 1.3480e-01 2.7310e-03 ] 1.5608e-01
 9.180e+00 8.4384e-01 8.4384e-01 [ 1.7234e-01 3.4262e-01 1.8942e-01 1.3669e-01 2.7696e-03 ] 1.5616e-01
 9.293e+00 8.4376e-01 8.4376e-01 [ 1.6625e-01 3.4388e-01 1.9222e-01 1.3860e-01 2.8087e-03 ] 1.5624e-01
 9.407e+00 8.4368e-01 8.4368e-01 [ 1.6028e-01 3.4497e-01 1.9503e-01 1.4054e-01 2.8484e-03 ] 1.5632e-01
 9.520e+00 8.4359e-01 8.4359e-01 [ 1.5442e-01 3.4591e-01 1.9786e-01 1.4252e-01 2.8887e-03 ] 1.5641e-01
 9.633e+00 8.4351e-01 8.4351e-01 [ 1.4868e-01 3.4668e-01 2.0071e-01 1.4452e-01 2.9296e-03 ] 1.5649e-01
 9.747e+00 8.4343e-01 8.4343e-01 [ 1.4306e-01 3.4729e-01 2.0356e-01 1.4654e-01 2.9711e-03 ] 1.5657e-01
 9.860e+00 8.4335e-01 8.4335e-01 [ 1.3756e-01 3.4773e-01 2.0644e-01 1.4860e-01 3.0133e-03 ] 1.5665e-01
 9.973e+00 8.4326e-01 8.4326e-01 [ 1.3218e-01 3.4801e-01 2.0932e-01 1.5069e-01 3.0561e-03 ] 1.5674e-01
 1.009e+01 8.4318e-01 8.4318e-01 [ 1.2693e-01 3.4811e-01 2.1222e-01 1.5281e-01 3.0995e-03 ] 1.5682e-01
 1.020e+01 8.4309e-01 8.4309e-01 [ 1.2181e-01 3.4805e-01 2.1512e-01 1.5496e-01 3.1436e-03 ] 1.5691e-01
 1.031e+01 8.4301e-01 8.4301e-01 [ 1.1681e-01 3.4782e-01 2.1804e-01 1.5715e-01 3.1884e-03 ] 1.5699e-01
 1.043e+01 8.4292e-01 8.4292e-01 [ 1.1194e-01 3.4742e-01 2.2096e-01 1.5937e-01 3.2339e-03 ] 1.5708e-01
 1.054e+01 8.4283e-01 8.4283e-01 [ 1.0720e-01 3.4684e-01 2.2389e-01 1.6162e-01 3.2801e-03 ] 1.5717e-01
 1.065e+01 8.4274e-01 8.4274e-01 [ 1.0259e-01 3.4610e-01 2.2683e-01 1.6390e-01 3.3271e-03 ] 1.5726e-01
 1.077e+01 8.4265e-01 8.4265e-01 [ 9.8100e-02 3.4519e-01 2.2976e-01 1.6623e-01 3.3747e-03 ] 1.5734e-01
 1.088e+01 8.4257e-01 8.4257e-01 [ 9.3742e-02 3.4411e-01 2.3270e-01 1.6859e-01 3.4232e-03 ] 1.5743e-01
 1.099e+01 8.4248e-01 8.4248e-01 [ 8.9513e-02 3.4287e-01 2.3564e-01 1.7098e-01 3.4724e-03 ] 1.5752e-01
 1.111e+01 8.4238e-01 8.4238e-01 [ 8.5412e-02 3.4145e-01 2.3858e-01 1.7342e-01 3.5223e-03 ] 1.5762e-01
 1.122e+01 8.4229e-01 8.4229e-01 [ 8.1438e-02 3.3988e-01 2.4151e-01 1.7589e-01 3.5731e-03 ] 1.5771e-01
 1.133e+01 8.4220e-01 8.4220e-01 [ 7.7591e-02 3.3814e-01 2.4444e-01 1.7840e-01 3.6246e-03 ] 1.5780e-01
 1.145e+01 8.4211e-01 8.4211e-01 [ 7.3869e-02 3.3624e-01 2.4737e-01 1.8095e-01 3.6770e-03 ] 1.5789e-01
 1.156e+01 8.4202e-01 8.4202e-01 [ 7.0272e-02 3.3419e-01 2.5028e-01 1.8355e-01 3.7302e-03 ] 1.5798e-01
 1.167e+01 8.4192e-01 8.4192e-01 [ 6.6799e-02 3.3197e-01 2.5318e-01 1.8618e-01 3.7843e-03 ] 1.5808e-01
 1.179e+01 8.4183e-01 8.4183e-01 [ 6.3448e-02 3.2961e-01 2.5607e-01 1.8887e-01 3.8392e-03 ] 1.5817e-01
 1.190e+01 8.4173e-01 8.4173e-01 [ 6.0217e-02 3.2709e-01 2.5894e-01 1.9159e-01 3.8950e-03 ] 1.5827e-01
 1.201e+01 8.4164e-01 8.4164e-01 [ 5.7106e-02 3.2443e-01 2.6179e-01 1.9436e-01 3.9516e-03 ] 1.5836e-01
 1.213e+01 8.4154e-01 8.4154e-01 [ 5.4112e-02 3.2162e-01 2.6462e-01 1.9717e-01 4.0092e-03 ] 1.5846e-01
 1.224e+01 8.4145e-01 8.4145e-01 [ 5.1234e-02 3.1867e-01 2.6743e-01 2.0004e-01 4.0677e-03 ] 1.5855e-01
 1.235e+01 8.4135e-01 8.4135e-01 [ 4.8469e-02 3.1559e-01 2.7022e-01 2.0295e-01 4.1270e-03 ] 1.5865e-01
 1.247e+01 8.4125e-01 8.4125e-01 [ 4.5816e-02 3.1237e-01 2.7297e-01 2.0590e-01 4.1873e-03 ] 1.5875e-01
 1.258e+01 8.4116e-01 8.4116e-01 [ 4.3272e-02 3.0903e-01 2.7570e-01 2.0891e-01 4.2486e-03 ] 1.5884e-01
 1.269e+01 8.4106e-01 8.4106e-01 [ 4.0836e-02 3.0556e-01 2.7839e-01 2.1197e-01 4.3108e-03 ] 1.5894e-01
 1.281e+01 8.4096e-01 8.4096e-01 [ 3.8503e-02 3.0197e-01 2.8104e-01 2.1508e-01 4.3739e-03 ] 1.5904e-01
 1.292e+01 8.4087e-01 8.4087e-01 [ 3.6274e-02 2.9826e-01 2.8365e-01 2.1824e-01 4.4380e-03 ] 1.5913e-01
 1.303e+01 8.4077e-01 8.4077e-01 [ 3.4144e-02 2.9444e-01 2.8622e-01 2.2146e-01 4.5030e-03 ] 1.5923e-01
 1.315e+01 8.4068e-01 8.4068e-01 [ 3.2111e-02 2.9051e-01 2.8875e-01 2.2473e-01 4.5690e-03 ] 1.5932e-01
 1.326e+01 8.4058e-01 8.4058e-01 [ 3.0173e-02 2.8649e-01 2.9123e-01 2.2806e-01 4.6360e-03 ] 1.5942e-01
 1.337e+01 8.4049e-01 8.4049e-01 [ 2.8327e-02 2.8236e-01 2.9366e-01 2.3144e-01 4.7039e-03 ] 1.5951e-01
 1.349e+01 8.4039e-01 8.4039e-01 [ 2.6570e-02 2.7815e-01 2.9603e-01 2.3488e-01 4.7729e-03 ] 1.5960e-01
 1.360e+01 8.4030e-01 8.4030e-01 [ 2.4900e-02 2.7384e-01 2.9834e-01 2.3837e-01 4.8427e-03 ] 1.5970e-01
 1.371e+01 8.4021e-01 8.4021e-01 [ 2.3314e-02 2.6946e-01 3.0060e-01 2.4192e-01 4.9136e-03 ] 1.5979e-01
 1.383e+01 8.4013e-01 8.4013e-01 [ 2.1809e-02 2.6500e-01 3.0280e-01 2.4554e-01 4.9854e-03 ] 1.5987e-01
 1.394e+01 8.4004e-01 8.4004e-01 [ 2.0382e-02 2.6047e-01 3.0492e-01 2.4921e-01 5.0581e-03 ] 1.5996e-01
 1.405e+01 8.3996e-01 8.3996e-01 [ 1.9031e-02 2.5587e-01 3.0698e-01 2.5294e-01 5.1318e-03 ] 1.6004e-01
 1.417e+01 8.3988e-01 8.3988e-01 [ 1.7753e-02 2.5121e-01 3.0897e-01 2.5673e-01 5.2065e-03 ] 1.6012e-01
 1.428e+01 8.3980e-01 8.3980e-01 [ 1.6546e-02 2.4650e-01 3.1089e-01 2.6059e-01 5.2820e-03 ] 1.6020e-01
 1.439e+01 8.3973e-01 8.3973e-01 [ 1.5405e-02 2.4173e-01 3.1273e-01 2.6450e-01 5.3584e-03 ] 1.6027e-01
 1.451e+01 8.3966e-01 8.3966e-01 [ 1.4330e-02 2.3693e-01 3.1449e-01 2.6848e-01 5.4357e-03 ] 1.6034e-01
 1.462e+01 8.3960e-01 8.3960e-01 [ 1.3317e-02 2.3208e-01 3.1617e-01 2.7251e-01 5.5139e-03 ] 1.6040e-01
 1.473e+01 8.3954e-01 8.3954e-01 [ 1.2363e-02 2.2720e-01 3.1777e-01 2.7661e-01 5.5929e-03 ] 1.6046e-01
 1.485e+01 8.3949e-01 8.3949e-01 [ 1.1466e-02 2.2230e-01 3.1928e-01 2.8077e-01 5.6727e-03 ] 1.6051e-01
 1.496e+01 8.3945e-01 8.3945e-01 [ 1.0624e-02 2.1737e-01 3.2070e-01 2.8499e-01 5.7533e-03 ] 1.6055e-01
 1.507e+01 8.3941e-01 8.3941e-01 [ 9.8337e-03 2.1242e-01 3.2204e-01 2.8928e-01 5.8346e-03 ] 1.6059e-01
 1.519e+01 8.3939e-01 8.3939e-01 [ 9.0931e-03 2.0747e-01 3.2328e-01 2.9362e-01 5.9166e-03 ] 1.6061e-01
 1.530e+01 8.3937e-01 8.3937e-01 [ 8.3997e-03 2.0251e-01 3.2444e-01 2.9802e-01 5.9992e-03 ] 1.6063e-01
 1.541e+01 8.3937e-01 8.3937e-01 [ 7.7512e-03 1.9755e-01 3.2550e-01 3.0249e-01 6.0825e-03 ] 1.6063e-01
 1.553e+01 8.3938e-01 8.3938e-01 [ 7.1453e-03 1.9259e-01 3.2647e-01 3.0701e-01 6.1663e-03 ] 1.6062e-01
 1.564e+01 8.3940e-01 8.3940e-01 [ 6.5799e-03 1.8765e-01 3.2734e-01 3.1159e-01 6.2506e-03 ] 1.6060e-01
 1.575e+01 8.3945e-01 8.3945e-01 [ 6.0528e-03 1.8272e-01 3.2812e-01 3.1622e-01 6.3354e-03 ] 1.6055e-01
 1.587e+01 8.3951e-01 8.3951e-01 [ 5.5621e-03 1.7781e-01 3.2880e-01 3.2091e-01 6.4205e-03 ] 1.6049e-01
 1.598e+01 8.3959e-01 8.3959e-01 [ 5.1056e-03 1.7293e-01 3.2939e-01 3.2565e-01 6.5060e-03 ] 1.6041e-01
 1.609e+01 8.3969e-01 8.3969e-01 [ 4.6815e-03 1.6808e-01 3.2989e-01 3.3044e-01 6.5917e-03 ] 1.6031e-01
 1.621e+01 8.3982e-01 8.3982e-01 [ 4.2879e-03 1.6327e-01 3.3030e-01 3.3529e-01 6.6776e-03 ] 1.6018e-01
 1.632e+01 8.3998e-01 8.3998e-01 [ 3.9231e-03 1.5851e-01 3.3061e-01 3.4018e-01 6.7636e-03 ] 1.6002e-01
 1.643e+01 8.4017e-01 8.4017e-01 [ 3.5854e-03 1.5379e-01 3.3084e-01 3.4511e-01 6.8496e-03 ] 1.5983e-01
 1.655e+01 8.4039e-01 8.4039e-01 [ 3.2730e-03 1.4912e-01 3.3098e-01 3.5008e-01 6.9355e-03 ] 1.5961e-01
 1.666e+01 8.4065e-01 8.4065e-01 [ 2.9845e-03 1.4451e-01 3.3103e-01 3.5510e-01 7.0213e-03 ] 1.5935e-01
 1.677e+01 8.4095e-01 8.4095e-01 [ 2.7183e-03 1.3997e-01 3.3101e-01 3.6015e-01 7.1069e-03 ] 1.5905e-01
 1.689e+01 8.4130e-01 8.4130e-01 [ 2.4730e-03 1.3550e-01 3.3091e-01 3.6523e-01 7.1921e-03 ] 1.5870e-01
 1.700e+01 8.4170e-01 8.4170e-01 [ 2.2473e-03 1.3110e-01 3.3074e-01 3.7035e-01 7.2768e-03 ] 1.5830e-01
 1.711e+01 8.4215e-01 8.4215e-01 [ 2.0398e-03 1.2677e-01 3.3049e-01 3.7549e-01 7.3610e-03 ] 1.5785e-01
 1.723e+01 8.4266e-01 8.4266e-01 [ 1.8492e-03 1.2254e-01 3.3019e-01 3.8065e-01 7.4446e-03 ] 1.5734e-01
 1.734e+01 8.4324e-01 8.4324e-01 [ 1.6746e-03 1.1839e-01 3.2983e-01 3.8583e-01 7.5274e-03 ] 1.5676e-01
 1.745e+01 8.4389e-01 8.4389e-01 [ 1.5146e-03 1.1433e-01 3.2941e-01 3.9103e-01 7.6093e-03 ] 1.5611e-01
 1.757e+01 8.4461e-01 8.4461e-01 [ 1.3683e-03 1.1037e-01 3.2895e-01 3.9623e-01 7.6903e-03 ] 1.5539e-01
 1.768e+01 8.4542e-01 8.4542e-01 [ 1.2347e-03 1.0652e-01 3.2845e-01 4.0145e-01 7.7702e-03 ] 1.5458e-01
 1.779e+01 8.4631e-01 8.4631e-01 [ 1.1129e-03 1.0277e-01 3.2792e-01 4.0666e-01 7.8489e-03 ] 1.5369e-01
 1.791e+01 8.4730e-01 8.4730e-01 [ 1.0019e-03 9.9140e-02 3.2736e-01 4.1188e-01 7.9263e-03 ] 1.5270e-01
 1.802e+01 8.4839e-01 8.4839e-01 [ 9.0097e-04 9.5625e-02 3.2678e-01 4.1708e-01 8.0022e-03 ] 1.5161e-01
 1.813e+01 8.4959e-01 8.4959e-01 [ 8.0933e-04 9.2231e-02 3.2620e-01 4.2228e-01 8.0767e-03 ] 1.5041e-01
 1.825e+01 8.5091e-01 8.5091e-01 [ 7.2624e-04 8.8963e-02 3.2561e-01 4.2745e-01 8.1496e-03 ] 1.4909e-01
 1.836e+01 8.5234e-01 8.5234e-01 [ 6.5105e-04 8.5826e-02 3.2503e-01 4.3261e-01 8.2208e-03 ] 1.4766e-01
 1.847e+01 8.5390e-01 8.5390e-01 [ 5.8311e-04 8.2823e-02 3.2447e-01 4.3774e-01 8.2903e-03 ] 1.4610e-01
 1.859e+01 8.5559e-01 8.5559e-01 [ 5.2184e-04 7.9959e-02 3.2392e-01 4.4283e-01 8.3581e-03 ] 1.4440e-01
 1.870e+01 8.5743e-01 8.5743e-01 [ 4.6671e-04 7.7237e-02 3.2341e-01 4.4789e-01 8.4243e-03 ] 1.4257e-01
 1.881e+01 8.5940e-01 8.5940e-01 [ 4.1722e-04 7.4661e-02 3.2293e-01 4.5290e-01 8.4891e-03 ] 1.4060e-01
 1.893e+01 8.6151e-01 8.6151e-01 [ 3.7290e-04 7.2235e-02 3.2250e-01 4.5785e-01 8.5532e-03 ] 1.3849e-01
 1.904e+01 8.6376e-01 8.6376e-01 [ 3.3333e-04 6.9961e-02 3.2212e-01 4.6274e-01 8.6172e-03 ] 1.3624e-01
 1.915e+01 8.6614e-01 8.6614e-01 [ 2.9812e-04 6.7841e-02 3.2178e-01 4.6754e-01 8.6827e-03 ] 1.3386e-01
 1.927e+01 8.6862e-01 8.6862e-01 [ 2.6693e-04 6.5878e-02 3.2149e-01 4.7223e-01 8.7517e-03 ] 1.3138e-01
 1.938e+01 8.7114e-01 8.7114e-01 [ 2.3940e-04 6.4068e-02 3.2124e-01 4.7677e-01 8.8272e-03 ] 1.2886e-01
 1.949e+01 8.7357e-01 8.7357e-01 [ 2.1523e-04 6.2407e-02 3.2096e-01 4.8107e-01 8.9131e-03 ] 1.2643e-01
 1.961e+01 8.7562e-01 8.7562e-01 [ 1.9411e-04 6.0877e-02 3.2058e-01 4.8496e-01 9.0138e-03 ] 1.2438e-01
 1.972e+01 8.7665e-01 8.7665e-01 [ 1.7571e-04 5.9438e-02 3.1985e-01 4.8805e-01 9.1324e-03 ] 1.2335e-01
 1.983e+01 8.7525e-01 8.7525e-01 [ 1.5958e-04 5.8002e-02 3.1828e-01 4.8954e-01 9.2666e-03 ] 1.2475e-01
 1.995e+01 8.6838e-01 8.6838e-01 [ 1.4510e-04 5.6377e-02 3.1477e-01 4.8769e-01 9.3978e-03 ] 1.3162e-01
 2.006e+01 8.4990e-01 8.4990e-01 [ 1.3126e-04 5.4183e-02 3.0712e-01 4.7900e-01 9.4720e-03 ] 1.5010e-01
 2.017e+01 8.0947e-01 8.0947e-01 [ 1.1657e-04 5.0786e-02 2.9162e-01 4.5758e-01 9.3762e-03 ] 1.9053e-01
 2.029e+01 7.3557e-01 7.3557e-01 [ 9.9596e-05 4.5501e-02 2.6418e-01 4.1684e-01 8.9551e-03 ] 2.6443e-01
 2.040e+01 6.2578e-01 6.2578e-01 [ 8.0219e-05 3.8217e-02 2.2402e-01 3.5534e-01 8.1161e-03 ] 3.7422e-01
 2.051e+01 4.9457e-01 4.9457e-01 [ 6.0326e-05 2.9843e-02 1.7643e-01 2.8130e-01 6.9433e-03 ] 5.0543e-01
 2.063e+01 3.6543e-01 3.6543e-01 [ 4.2543e-05 2.1790e-02 1.2982e-01 2.0812e-01 5.6551e-03 ] 6.3457e-01
 2.074e+01 2.5618e-01 2.5618e-01 [ 2.8508e-05 1.5090e-02 9.0558e-02 1.4605e-01 4.4565e-03 ] 7.4381e-01
 2.085e+01 1.7322e-01 1.7322e-01 [ 1.8426e-05 1.0069e-02 6.0854e-02 9.8826e-02 3.4541e-03 ] 8.2678e-01
 2.097e+01 1.1456e-01 1.1456e-01 [ 1.1638e-05 6.5625e-03 3.9934e-02 6.5390e-02 2.6660e-03 ] 8.8544e-01
 2.108e+01 7.4905e-02 7.4905e-02 [ 7.2524e-06 4.2194e-03 2.5852e-02 4.2761e-02 2.0649e-03 ] 9.2509e-01
 2.119e+01 4.8785e-02 4.8785e-02 [ 4.4892e-06 2.6951e-03 1.6627e-02 2.7848e-02 1.6110e-03 ] 9.5122e-01
 2.131e+01 3.1818e-02 3.1818e-02 [ 2.7724e-06 1.7180e-03 1.0672e-02 1.8157e-02 1.2675e-03 ] 9.6818e-01
 2.142e+01 2.0859e-02 2.0859e-02 [ 1.7130e-06 1.0962e-03 6.8570e-03 1.1899e-02 1.0054e-03 ] 9.7914e-01
 2.153e+01 1.3783e-02 1.3783e-02 [ 1.0609e-06 7.0132e-04 4.4183e-03 7.8592e-03 8.0329e-04 ] 9.8622e-01
 2.165e+01 9.1992e-03 9.1992e-03 [ 6.5924e-07 4.5045e-04 2.8583e-03 5.2440e-03 6.4586e-04 ] 9.9080e-01
 2.176e+01 6.2122e-03 6.2122e-03 [ 4.1129e-07 2.9063e-04 1.8577e-03 3.5414e-03 5.2206e-04 ] 9.9379e-01
 2.187e+01 4.2506e-03 4.2506e-03 [ 2.5771e-07 1.8843e-04 1.2134e-03 2.4246e-03 4.2390e-04 ] 9.9575e-01
 2.199e+01 2.9506e-03 2.9506e-03 [ 1.6221e-07 1.2280e-04 7.9676e-04 1.6853e-03 3.4555e-04 ] 9.9705e-01
 2.210e+01 2.0800e-03 2.0800e-03 [ 1.0256e-07 8.0437e-05 5.2592e-04 1.1909e-03 2.8266e-04 ] 9.9792e-01
 2.221e+01 1.4901e-03 1.4901e-03 [ 6.5146e-08 5.2960e-05 3.4898e-04 8.5619e-04 2.3193e-04 ] 9.9851e-01
 2.233e+01 1.0854e-03 1.0854e-03 [ 4.1565e-08 3.5047e-05 2.3278e-04 6.2673e-04 1.9085e-04 ] 9.9891e-01
 2.244e+01 8.0402e-04 8.0402e-04 [ 2.6636e-08 2.3309e-05 1.5607e-04 4.6716e-04 1.5746e-04 ] 9.9920e-01
 2.255e+01 6.0550e-04 6.0550e-04 [ 1.7142e-08 1.5578e-05 1.0516e-04 3.5450e-04 1.3024e-04 ] 9.9939e-01
 2.267e+01 4.6335e-04 4.6335e-04 [ 1.1078e-08 1.0461e-05 7.1209e-05 2.7369e-04 1.0798e-04 ] 9.9954e-01
 2.278e+01 3.6000e-04 3.6000e-04 [ 7.1878e-09 7.0575e-06 4.8449e-05 2.1475e-04 8.9734e-05 ] 9.9964e-01
 2.289e+01 2.8368e-04 2.8368e-04 [ 4.6821e-09 4.7830e-06 3.3118e-05 1.7104e-04 7.4733e-05 ] 9.9972e-01
 2.301e+01 2.2645e-04 2.2645e-04 [ 3.0614e-09 3.2559e-06 2.2741e-05 1.3808e-04 6.2373e-05 ] 9.9977e-01
 2.312e+01 1.8289e-04 1.8289e-04 [ 2.0091e-09 2.2258e-06 1.5685e-05 1.1281e-04 5.2164e-05 ] 9.9982e-01
 2.323e+01 1.4925e-04 1.4925e-04 [ 1.3231e-09 1.5280e-06 1.0865e-05 9.3140e-05 4.3714e-05 ] 9.9985e-01
 2.335e+01 1.2291e-04 1.2291e-04 [ 8.7437e-10 1.0532e-06 7.5575e-06 7.7600e-05 3.6703e-05 ] 9.9988e-01
 2.346e+01 1.0204e-04 1.0204e-04 [ 5.7972e-10 7.2880e-07 5.2783e-06 6.5160e-05 3.0875e-05 ] 9.9990e-01
 2.357e+01 8.5309e-05 8.5309e-05 [ 3.8558e-10 5.0624e-07 3.7010e-06 5.5081e-05 2.6021e-05 ] 9.9991e-01
 2.369e+01 7.1753e-05 7.1753e-05 [ 2.5724e-10 3.5294e-07 2.6050e-06 4.6827e-05 2.1968e-05 ] 9.9993e-01
 2.380e+01 6.0670e-05 6.0670e-05 [ 1.7213e-10 2.4695e-07 1.8405e-06 4.0004e-05 1.8579e-05 ] 9.9994e-01
 2.391e+01 5.1534e-05 5.1534e-05 [ 1.1551e-10 1.7339e-07 1.3050e-06 3.4317e-05 1.5739e-05 ] 9.9995e-01
 2.403e+01 4.3949e-05 4.3949e-05 [ 7.7722e-11 1.2216e-07 9.2858e-07 2.9543e-05 1.3355e-05 ] 9.9996e-01
 2.414e+01 3.7611e-05 3.7611e-05 [ 5.2436e-11 8.6342e-08 6.6299e-07 2.5511e-05 1.1351e-05 ] 9.9996e-01
 2.425e+01 3.2286e-05 3.2286e-05 [ 3.5466e-11 6.1222e-08 4.7494e-07 2.2088e-05 9.6617e-06 ] 9.9997e-01
 2.437e+01 2.7789e-05 2.7789e-05 [ 2.4047e-11 4.3543e-08 3.4132e-07 1.9168e-05 8.2364e-06 ] 9.9997e-01
 2.448e+01 2.3977e-05 2.3977e-05 [ 1.6342e-11 3.1062e-08 2.4606e-07 1.6668e-05 7.0316e-06 ] 9.9998e-01
 2.459e+01 2.0731e-05 2.0731e-05 [ 1.1132e-11 2.2222e-08 1.7793e-07 1.4520e-05 6.0116e-06 ] 9.9998e-01
 2.471e+01 1.7960e-05 1.7960e-05 [ 7.5987e-12 1.5943e-08 1.2904e-07 1.2668e-05 5.1466e-06 ] 9.9998e-01
 2.482e+01 1.5586e-05 1.5586e-05 [ 5.1978e-12 1.1469e-08 9.3855e-08 1.1069e-05 4.4120e-06 ] 9.9998e-01
 2.493e+01 1.3548e-05 1.3548e-05 [ 3.5626e-12 8.2718e-09 6.8453e-08 9.6837e-06 3.7871e-06 ] 9.9999e-01
 2.505e+01 1.1793e-05 1.1793e-05 [ 2.4465e-12 5.9812e-09 5.0061e-08 8.4818e-06 3.2548e-06 ] 9.9999e-01
 2.516e+01 1.0279e-05 1.0279e-05 [ 1.6831e-12 4.3355e-09 3.6707e-08 7.4370e-06 2.8008e-06 ] 9.9999e-01
 2.527e+01 8.9703e-06 8.9703e-06 [ 1.1599e-12 3.1501e-09 2.6985e-08 6.5272e-06 2.4129e-06 ] 9.9999e-01
 2.539e+01 7.8374e-06 7.8374e-06 [ 8.0074e-13 2.2940e-09 1.9887e-08 5.7340e-06 2.0812e-06 ] 9.9999e-01
 2.550e+01 6.8548e-06 6.8548e-06 [ 5.5365e-13 1.6743e-09 1.4692e-08 5.0414e-06 1.7971e-06 ] 9.9999e-01
 2.561e+01 6.0014e-06 6.0014e-06 [ 3.8340e-13 1.2247e-09 1.0881e-08 4.4359e-06 1.5534e-06 ] 9.9999e-01
 2.573e+01 5.2591e-06 5.2591e-06 [ 2.6589e-13 8.9761e-10 8.0766e-09 3.9059e-06 1.3442e-06 ] 9.9999e-01
 2.584e+01 4.6127e-06 4.6127e-06 [ 1.8465e-13 6.5922e-10 6.0092e-09 3.4417e-06 1.1643e-06 ] 1.0000e+00
 2.595e+01 4.0490e-06 4.0490e-06 [ 1.2840e-13 4.8508e-10 4.4812e-09 3.0345e-06 1.0095e-06 ] 1.0000e+00
 2.607e+01 3.5571e-06 3.5571e-06 [ 8.9400e-14 3.5761e-10 3.3493e-09 2.6772e-06 8.7615e-07 ] 1.0000e+00
 2.618e+01 3.1272e-06 3.1272e-06 [ 6.2320e-14 2.6411e-10 2.5091e-09 2.3633e-06 7.6110e-07 ] 1.0000e+00
 2.629e+01 2.7511e-06 2.7511e-06 [ 4.3492e-14 1.9540e-10 1.8839e-09 2.0873e-06 6.6175e-07 ] 1.0000e+00
 2.641e+01 2.4219e-06 2.4219e-06 [ 3.0385e-14 1.4481e-10 1.4178e-09 1.8445e-06 5.7586e-07 ] 1.0000e+00
 2.652e+01 2.1334e-06 2.1334e-06 [ 2.1250e-14 1.0749e-10 1.0696e-09 1.6307e-06 5.0155e-07 ] 1.0000e+00
 2.663e+01 1.8804e-06 1.8804e-06 [ 1.4876e-14 7.9912e-11 8.0882e-10 1.4424e-06 4.3718e-07 ] 1.0000e+00
 2.675e+01 1.6584e-06 1.6584e-06 [ 1.0423e-14 5.9500e-11 6.1321e-10 1.2763e-06 3.8137e-07 ] 1.0000e+00
 2.686e+01 1.4633e-06 1.4633e-06 [ 7.3091e-15 4.4366e-11 4.6616e-10 1.1299e-06 3.3294e-07 ] 1.0000e+00
 2.697e+01 1.2919e-06 1.2919e-06 [ 5.1298e-15 3.3128e-11 3.5538e-10 1.0006e-06 2.9088e-07 ] 1.0000e+00
 2.709e+01 1.1411e-06 1.1411e-06 [ 3.6030e-15 2.4770e-11 2.7176e-10 8.8648e-07 2.5431e-07 ] 1.0000e+00
 2.720e+01 1.0084e-06 1.0084e-06 [ 2.5324e-15 1.8545e-11 2.0850e-10 7.8564e-07 2.2249e-07 ] 1.0000e+00
 2.731e+01 8.9145e-07 8.9145e-07 [ 1.7812e-15 1.3901e-11 1.6054e-10 6.9649e-07 1.9478e-07 ] 1.0000e+00
 2.743e+01 7.8843e-07 7.8843e-07 [ 1.2535e-15 1.0433e-11 1.2411e-10 6.1766e-07 1.7064e-07 ] 1.0000e+00
 2.754e+01 6.9760e-07 6.9760e-07 [ 8.8272e-16 7.8392e-12 9.6354e-11 5.4792e-07 1.4958e-07 ] 1.0000e+00
 2.765e+01 6.1746e-07 6.1746e-07 [ 6.2193e-16 5.8968e-12 7.5165e-11 4.8619e-07 1.3120e-07 ] 1.0000e+00
 2.777e+01 5.4673e-07 5.4673e-07 [ 4.3841e-16 4.4404e-12 5.8942e-11 4.3153e-07 1.1514e-07 ] 1.0000e+00
 2.788e+01 4.8427e-07 4.8427e-07 [ 3.0918e-16 3.3472e-12 4.6487e-11 3.8311e-07 1.0111e-07 ] 1.0000e+00
 2.799e+01 4.2908e-07 4.2908e-07 [ 2.1813e-16 2.5256e-12 3.6893e-11 3.4021e-07 8.8833e-08 ] 1.0000e+00
 2.811e+01 3.8030e-07 3.8030e-07 [ 1.5396e-16 1.9075e-12 2.9477e-11 3.0218e-07 7.8089e-08 ] 1.0000e+00
 2.822e+01 3.3717e-07 3.3717e-07 [ 1.0870e-16 1.4420e-12 2.3723e-11 2.6846e-07 6.8680e-08 ] 1.0000e+00
 2.833e+01 2.9901e-07 2.9901e-07 [ 7.6772e-17 1.0910e-12 1.9240e-11 2.3856e-07 6.0434e-08 ] 1.0000e+00
 2.845e+01 2.6524e-07 2.6524e-07 [ 5.4236e-17 8.2616e-13 1.5731e-11 2.1202e-07 5.3204e-08 ] 1.0000e+00
 2.856e+01 2.3535e-07 2.3535e-07 [ 3.8325e-17 6.2611e-13 1.2969e-11 1.8848e-07 4.6860e-08 ] 1.0000e+00
 2.867e+01 2.0887e-07 2.0887e-07 [ 2.7087e-17 4.7487e-13 1.0783e-11 1.6757e-07 4.1291e-08 ] 1.0000e+00
 2.879e+01 1.8542e-07 1.8542e-07 [ 1.9148e-17 3.6043e-13 9.0424e-12 1.4901e-07 3.6399e-08 ] 1.0000e+00
 2.890e+01 1.6463e-07 1.6463e-07 [ 1.3538e-17 2.7376e-13 7.6468e-12 1.3253e-07 3.2100e-08 ] 1.0000e+00
 2.901e+01 1.4621e-07 1.4621e-07 [ 9.5729e-18 2.0807e-13 6.5196e-12 1.1788e-07 2.8320e-08 ] 1.0000e+00
 2.913e+01 1.2987e-07 1.2987e-07 [ 6.7698e-18 1.5825e-13 5.6021e-12 1.0487e-07 2.4994e-08 ] 1.0000e+00
 2.924e+01 1.1538e-07 1.1538e-07 [ 4.7878e-18 1.2043e-13 4.8493e-12 9.3309e-08 2.2068e-08 ] 1.0000e+00
 2.935e+01 1.0253e-07 1.0253e-07 [ 3.3862e-18 9.1708e-14 4.2262e-12 8.3031e-08 1.9490e-08 ] 1.0000e+00
 2.947e+01 9.1117e-08 9.1117e-08 [ 2.3950e-18 6.9875e-14 3.7062e-12 7.3893e-08 1.7220e-08 ] 1.0000e+00
 2.958e+01 8.0991e-08 8.0991e-08 [ 1.6939e-18 5.3269e-14 3.2683e-12 6.5768e-08 1.5220e-08 ] 1.0000e+00
 2.969e+01 7.2001e-08 7.2001e-08 [ 1.1980e-18 4.0631e-14 2.8966e-12 5.8543e-08 1.3456e-08 ] 1.0000e+00
 2.981e+01 6.4018e-08 6.4018e-08 [ 8.4725e-19 3.1007e-14 2.5784e-12 5.2116e-08 1.1900e-08 ] 1.0000e+00
 2.992e+01 5.6928e-08 5.6928e-08 [ 5.9914e-19 2.3674e-14 2.3038e-12 4.6399e-08 1.0527e-08 ] 1.0000e+00
 3.003e+01 5.0629e-08 5.0629e-08 [ 4.2365e-19 1.8084e-14 2.0651e-12 4.1312e-08 9.3150e-09 ] 1.0000e+00
 3.015e+01 4.5033e-08 4.5033e-08 [ 2.9953e-19 1.3820e-14 1.8563e-12 3.6786e-08 8.2450e-09 ] 1.0000e+00
 3.026e+01 4.0059e-08 4.0059e-08 [ 2.1175e-19 1.0566e-14 1.6724e-12 3.2758e-08 7.2998e-09 ] 1.0000e+00
 3.037e+01 3.5639e-08 3.5639e-08 [ 1.4967e-19 8.0822e-15 1.5095e-12 2.9173e-08 6.4646e-09 ] 1.0000e+00
 3.049e+01 3.1709e-08 3.1709e-08 [ 1.0577e-19 6.1847e-15 1.3647e-12 2.5982e-08 5.7264e-09 ] 1.0000e+00
 3.060e+01 2.8216e-08 2.8216e-08 [ 7.4733e-20 4.7346e-15 1.2352e-12 2.3141e-08 5.0736e-09 ] 1.0000e+00
 3.071e+01 2.5109e-08 2.5109e-08 [ 5.2793e-20 3.6260e-15 1.1191e-12 2.0612e-08 4.4963e-09 ] 1.0000e+00
 3.083e+01 2.2347e-08 2.2347e-08 [ 3.7285e-20 2.7781e-15 1.0147e-12 1.8360e-08 3.9856e-09 ] 1.0000e+00
 3.094e+01 1.9890e-08 1.9890e-08 [ 2.6327e-20 2.1294e-15 9.2049e-13 1.6355e-08 3.5336e-09 ] 1.0000e+00
 3.105e+01 1.7704e-08 1.7704e-08 [ 1.8585e-20 1.6328e-15 8.3534e-13 1.4570e-08 3.1335e-09 ] 1.0000e+00
 3.117e+01 1.5760e-08 1.5760e-08 [ 1.3116e-20 1.2526e-15 7.5823e-13 1.2980e-08 2.7793e-09 ] 1.0000e+00
 3.128e+01 1.4030e-08 1.4030e-08 [ 9.2535e-21 9.6131e-16 6.8830e-13 1.1563e-08 2.4655e-09 ] 1.0000e+00
 3.139e+01 1.2490e-08 1.2490e-08 [ 6.5266e-21 7.3811e-16 6.2482e-13 1.0302e-08 2.1876e-09 ] 1.0000e+00
 3.151e+01 1.1121e-08 1.1121e-08 [ 4.6019e-21 5.6701e-16 5.6714e-13 9.1787e-09 1.9413e-09 ] 1.0000e+00
 3.162e+01 9.9015e-09 9.9015e-09 [ 3.2438e-21 4.3580e-16 5.1469e-13 8.1779e-09 1.7231e-09 ] 1.0000e+00
 3.173e+01 8.8165e-09 8.8165e-09 [ 2.2857e-21 3.3513e-16 4.6699e-13 7.2864e-09 1.5296e-09 ] 1.0000e+00
 3.185e+01 7.8507e-09 7.8507e-09 [ 1.6100e-21 2.5787e-16 4.2359e-13 6.4922e-09 1.3580e-09 ] 1.0000e+00
 3.196e+01 6.9910e-09 6.9910e-09 [ 1.1336e-21 1.9855e-16 3.8411e-13 5.7847e-09 1.2059e-09 ] 1.0000e+00
 3.207e+01 6.2257e-09 6.2257e-09 [ 7.9794e-22 1.5299e-16 3.4817e-13 5.1544e-09 1.0710e-09 ] 1.0000e+00
 3.219e+01 5.5443e-09 5.5443e-09 [ 5.6144e-22 1.1797e-16 3.1548e-13 4.5928e-09 9.5126e-10 ] 1.0000e+00
 3.230e+01 4.9377e-09 4.9377e-09 [ 3.9487e-22 9.1052e-17 2.8574e-13 4.0924e-09 8.4504e-10 ] 1.0000e+00
 3.241e+01 4.3976e-09 4.3976e-09 [ 2.7761e-22 7.0342e-17 2.5870e-13 3.6466e-09 7.5077e-10 ] 1.0000e+00
 3.253e+01 3.9167e-09 3.9167e-09 [ 1.9509e-22 5.4402e-17 2.3411e-13 3.2493e-09 6.6710e-10 ] 1.0000e+00
 3.264e+01 3.4884e-09 3.4884e-09 [ 1.3704e-22 4.2124e-17 2.1176e-13 2.8954e-09 5.9282e-10 ] 1.0000e+00
 3.275e+01 3.1071e-09 3.1071e-09 [ 9.6226e-23 3.2662e-17 1.9146e-13 2.5800e-09 5.2687e-10 ] 1.0000e+00
 3.287e+01 2.7674e-09 2.7674e-09 [ 6.7536e-23 2.5363e-17 1.7302e-13 2.2990e-09 4.6831e-10 ] 1.0000e+00
 3.298e+01 2.4650e-09 2.4650e-09 [ 4.7378e-23 1.9728e-17 1.5629e-13 2.0485e-09 4.1629e-10 ] 1.0000e+00
 3.309e+01 2.1956e-09 2.1956e-09 [ 3.3222e-23 1.5374e-17 1.4111e-13 1.8254e-09 3.7009e-10 ] 1.0000e+00
 3.321e+01 1.9557e-09 1.9557e-09 [ 2.3285e-23 1.2006e-17 1.2734e-13 1.6265e-09 3.2904e-10 ] 1.0000e+00
 3.332e+01 1.7420e-09 1.7420e-09 [ 1.6312e-23 9.3967e-18 1.1486e-13 1.4494e-09 2.9258e-10 ] 1.0000e+00
 3.343e+01 1.5517e-09 1.5517e-09 [ 1.1422e-23 7.3732e-18 1.0356e-13 1.2915e-09 2.6017e-10 ] 1.0000e+00
 3.355e+01 1.3822e-09 1.3822e-09 [ 7.9940e-24 5.8013e-18 9.3319e-14 1.1508e-09 2.3138e-10 ] 1.0000e+00
 3.366e+01 1.2312e-09 1.2312e-09 [ 5.5920e-24 4.5783e-18 8.4056e-14 1.0254e-09 2.0578e-10 ] 1.0000e+00
 3.377e+01 1.0968e-09 1.0968e-09 [ 3.9098e-24 3.6248e-18 7.5676e-14 9.1365e-10 1.8303e-10 ] 1.0000e+00
 3.389e+01 9.7696e-10 9.7696e-10 [ 2.7323e-24 2.8799e-18 6.8101e-14 8.1409e-10 1.6281e-10 ] 1.0000e+00
 3.400e+01 8.7025e-10 8.7025e-10 [ 1.9084e-24 2.2966e-18 6.1256e-14 7.2536e-10 1.4483e-10 ] 1.0000e+00
 3.411e+01 7.7520e-10 7.7520e-10 [ 1.3322e-24 1.8386e-18 5.5074e-14 6.4630e-10 1.2884e-10 ] 1.0000e+00
 3.423e+01 6.9053e-10 6.9053e-10 [ 9.2956e-25 1.4780e-18 4.9494e-14 5.7585e-10 1.1463e-10 ] 1.0000e+00
 3.434e+01 6.1510e-10 6.1510e-10 [ 6.4824e-25 1.1933e-18 4.4460e-14 5.1307e-10 1.0199e-10 ] 1.0000e+00
 3.445e+01 5.4791e-10 5.4791e-10 [ 4.5182e-25 9.6766e-19 3.9920e-14 4.5713e-10 9.0743e-11 ] 1.0000e+00
 3.457e+01 4.8806e-10 4.8806e-10 [ 3.1475e-25 7.8823e-19 3.5828e-14 4.0728e-10 8.0744e-11 ] 1.0000e+00
 3.468e+01 4.3475e-10 4.3475e-10 [ 2.1914e-25 6.4499e-19 3.2143e-14 3.6287e-10 7.1850e-11 ] 1.0000e+00
 3.479e+01 3.8725e-10 3.8725e-10 [ 1.5249e-25 5.3019e-19 2.8824e-14 3.2329e-10 6.3939e-11 ] 1.0000e+00
 3.491e+01 3.4494e-10 3.4494e-10 [ 1.0605e-25 4.3778e-19 2.5837e-14 2.8802e-10 5.6901e-11 ] 1.0000e+00
 3.502e+01 3.0726e-10 3.0726e-10 [ 7.3718e-26 3.6307e-19 2.3150e-14 2.5659e-10 5.0640e-11 ] 1.0000e+00
 3.513e+01 2.7368e-10 2.7368e-10 [ 5.1212e-26 3.0240e-19 2.0735e-14 2.2859e-10 4.5069e-11 ] 1.0000e+00
 3.525e+01 2.4377e-10 2.4377e-10 [ 3.5557e-26 2.5291e-19 1.8564e-14 2.0364e-10 4.0113e-11 ] 1.0000e+00
 3.536e+01 2.1713e-10 2.1713e-10 [ 2.4674e-26 2.1233e-19 1.6613e-14 1.8141e-10 3.5703e-11 ] 1.0000e+00
 3.547e+01 1.9340e-10 1.9340e-10 [ 1.7112e-26 1.7893e-19 1.4862e-14 1.6161e-10 3.1778e-11 ] 1.0000e+00
 3.559e+01 1.7226e-10 1.7226e-10 [ 1.1861e-26 1.5129e-19 1.3291e-14 1.4396e-10 2.8286e-11 ] 1.0000e+00
 3.570e+01 1.5343e-10 1.5343e-10 [ 8.2166e-27 1.2833e-19 1.1881e-14 1.2824e-10 2.5178e-11 ] 1.0000e+00
 3.581e+01 1.3665e-10 1.3665e-10 [ 5.6887e-27 1.0916e-19 1.0617e-14 1.1423e-10 2.2412e-11 ] 1.0000e+00
 3.593e+01 1.2171e-10 1.2171e-10 [ 3.9363e-27 9.3105e-20 9.4839e-15 1.0175e-10 1.9951e-11 ] 1.0000e+00
 3.604e+01 1.0840e-10 1.0840e-10 [ 2.7222e-27 7.9597e-20 8.4688e-15 9.0629e-11 1.7760e-11 ] 1.0000e+00
 3.615e+01 9.6541e-11 9.6541e-11 [ 1.8815e-27 6.8192e-20 7.5597e-15 8.0723e-11 1.5810e-11 ] 1.0000e+00
 3.627e+01 8.5980e-11 8.5980e-11 [ 1.2996e-27 5.8531e-20 6.7458e-15 7.1899e-11 1.4074e-11 ] 1.0000e+00
 3.638e+01 7.6573e-11 7.6573e-11 [ 8.9723e-28 5.0321e-20 6.0175e-15 6.4037e-11 1.2530e-11 ] 1.0000e+00
 3.649e+01 6.8193e-11 6.8193e-11 [ 6.1907e-28 4.3323e-20 5.3661e-15 5.7034e-11 1.1154e-11 ] 1.0000e+00
 3.661e+01 6.0730e-11 6.0730e-11 [ 4.2691e-28 3.7345e-20 4.7836e-15 5.0795e-11 9.9302e-12 ] 1.0000e+00
 3.672e+01 5.4082e-11 5.4082e-11 [ 2.9423e-28 3.2224e-20 4.2629e-15 4.5237e-11 8.8405e-12 ] 1.0000e+00
 3.683e+01 4.8161e-11 4.8161e-11 [ 2.0267e-28 2.7830e-20 3.7977e-15 4.0287e-11 7.8705e-12 ] 1.0000e+00
 3.695e+01 4.2888e-11 4.2888e-11 [ 1.3953e-28 2.4053e-20 3.3823e-15 3.5877e-11 7.0069e-12 ] 1.0000e+00
 3.706e+01 3.8191e-11 3.8191e-11 [ 9.6004e-29 2.0800e-20 3.0113e-15 3.1949e-11 6.2382e-12 ] 1.0000e+00
 3.717e+01 3.4007e-11 3.4007e-11 [ 6.6023e-29 1.7996e-20 2.6802e-15 2.8451e-11 5.5538e-12 ] 1.0000e+00
 3.729e+01 3.0281e-11 3.0281e-11 [ 4.5380e-29 1.5575e-20 2.3848e-15 2.5335e-11 4.9445e-12 ] 1.0000e+00
 3.740e+01 2.6963e-11 2.6963e-11 [ 3.1176e-29 1.3483e-20 2.1214e-15 2.2559e-11 4.4021e-12 ] 1.0000e+00
 3.751e+01 2.4008e-11 2.4008e-11 [ 2.1407e-29 1.1674e-20 1.8865e-15 2.0087e-11 3.9191e-12 ] 1.0000e+00
 3.763e+01 2.1376e-11 2.1376e-11 [ 1.4692e-29 1.0109e-20 1.6771e-15 1.7885e-11 3.4892e-12 ] 1.0000e+00
 3.774e+01 1.9033e-11 1.9033e-11 [ 1.0079e-29 8.7536e-21 1.4905e-15 1.5925e-11 3.1064e-12 ] 1.0000e+00
 3.785e+01 1.6945e-11 1.6945e-11 [ 6.9108e-30 7.5797e-21 1.3244e-15 1.4178e-11 2.7656e-12 ] 1.0000e+00
 3.797e+01 1.5087e-11 1.5087e-11 [ 4.7366e-30 6.5626e-21 1.1764e-15 1.2623e-11 2.4622e-12 ] 1.0000e+00
 3.808e+01 1.3432e-11 1.3432e-11 [ 3.2452e-30 5.6813e-21 1.0447e-15 1.1238e-11 2.1921e-12 ] 1.0000e+00
 3.819e+01 1.1958e-11 1.1958e-11 [ 2.2225e-30 4.9174e-21 9.2752e-16 1.0005e-11 1.9515e-12 ] 1.0000e+00
 3.831e+01 1.0645e-11 1.0645e-11 [ 1.5217e-30 4.2554e-21 8.2325e-16 8.9070e-12 1.7374e-12 ] 1.0000e+00
 3.842e+01 9.4766e-12 9.4766e-12 [ 1.0415e-30 3.6816e-21 7.3051e-16 7.9291e-12 1.5468e-12 ] 1.0000e+00
 3.853e+01 8.4360e-12 8.4360e-12 [ 7.1265e-31 3.1843e-21 6.4806e-16 7.0584e-12 1.3770e-12 ] 1.0000e+00
 3.865e+01 7.5095e-12 7.5095e-12 [ 4.8753e-31 2.7533e-21 5.7478e-16 6.2831e-12 1.2259e-12 ] 1.0000e+00
 3.876e+01 6.6846e-12 6.6846e-12 [ 3.3348e-31 2.3800e-21 5.0965e-16 5.5927e-12 1.0913e-12 ] 1.0000e+00
 3.887e+01 5.9501e-12 5.9501e-12 [ 2.2808e-31 2.0566e-21 4.5180e-16 4.9781e-12 9.7155e-13 ] 1.0000e+00
 3.899e+01 5.2961e-12 5.2961e-12 [ 1.5599e-31 1.7765e-21 4.0042e-16 4.4308e-12 8.6489e-13 ] 1.0000e+00
 3.910e+01 4.7139e-12 4.7139e-12 [ 1.0668e-31 1.5341e-21 3.5480e-16 3.9436e-12 7.6994e-13 ] 1.0000e+00
 3.921e+01 4.1956e-12 4.1956e-12 [ 7.2973e-32 1.3242e-21 3.1431e-16 3.5099e-12 6.8540e-13 ] 1.0000e+00
 3.933e+01 3.7342e-12 3.7342e-12 [ 4.9924e-32 1.1426e-21 2.7837e-16 3.1238e-12 6.1013e-13 ] 1.0000e+00
 3.944e+01 3.3234e-12 3.3234e-12 [ 3.4165e-32 9.8556e-22 2.4649e-16 2.7800e-12 5.4312e-13 ] 1.0000e+00
 3.955e+01 2.9577e-12 2.9577e-12 [ 2.3390e-32 8.4977e-22 2.1821e-16 2.4740e-12 4.8347e-13 ] 1.0000e+00
 3.967e+01 2.6321e-12 2.6321e-12 [ 1.6021e-32 7.3239e-22 1.9313e-16 2.2016e-12 4.3035e-13 ] 1.0000e+00
 3.978e+01 2.3424e-12 2.3424e-12 [ 1.0980e-32 6.3098e-22 1.7090e-16 1.9591e-12 3.8307e-13 ] 1.0000e+00
 3.989e+01 2.0844e-12 2.0844e-12 [ 7.5312e-33 5.4339e-22 1.5120e-16 1.7433e-12 3.4097e-13 ] 1.0000e+00
 4.001e+01 1.8548e-12 1.8548e-12 [ 5.1701e-33 4.6777e-22 1.3374e-16 1.5512e-12 3.0350e-13 ] 1.0000e+00
 4.012e+01 1.6505e-12 1.6505e-12 [ 3.5529e-33 4.0251e-22 1.1827e-16 1.3802e-12 2.7014e-13 ] 1.0000e+00
 4.023e+01 1.4686e-12 1.4686e-12 [ 2.4444e-33 3.4622e-22 1.0457e-16 1.2280e-12 2.4044e-13 ] 1.0000e+00
 4.035e+01 1.3067e-12 1.3067e-12 [ 1.6840e-33 2.9767e-22 9.2438e-17 1.0926e-12 2.1400e-13 ] 1.0000e+00
 4.046e+01 1.1626e-12 1.1626e-12 [ 1.1619e-33 2.5583e-22 8.1698e-17 9.7207e-13 1.9047e-13 ] 1.0000e+00
 4.057e+01 1.0344e-12 1.0344e-12 [ 8.0297e-34 2.1978e-22 7.2191e-17 8.6480e-13 1.6952e-13 ] 1.0000e+00
 4.069e+01 9.2027e-13 9.2027e-13 [ 5.5593e-34 1.8873e-22 6.3778e-17 7.6934e-13 1.5087e-13 ] 1.0000e+00
 4.080e+01 8.1871e-13 8.1871e-13 [ 3.8566e-34 1.6201e-22 5.6335e-17 6.8439e-13 1.3427e-13 ] 1.0000e+00
 4.091e+01 7.2834e-13 7.2834e-13 [ 2.6811e-34 1.3901e-22 4.9751e-17 6.0880e-13 1.1949e-13 ] 1.0000e+00
 4.103e+01 6.4792e-13 6.4792e-13 [ 1.8682e-34 1.1923e-22 4.3928e-17 5.4154e-13 1.0634e-13 ] 1.0000e+00
 4.114e+01 5.7636e-13 5.7636e-13 [ 1.3049e-34 1.0222e-22 3.8780e-17 4.8169e-13 9.4628e-14 ] 1.0000e+00
 4.125e+01 5.1269e-13 5.1269e-13 [ 9.1374e-35 8.7600e-23 3.4229e-17 4.2844e-13 8.4207e-14 ] 1.0000e+00
 4.137e+01 4.5603e-13 4.5603e-13 [ 6.4155e-35 7.5042e-23 3.0206e-17 3.8107e-13 7.4932e-14 ] 1.0000e+00
 4.148e+01 4.0562e-13 4.0562e-13 [ 4.5167e-35 6.4259e-23 2.6652e-17 3.3892e-13 6.6677e-14 ] 1.0000e+00
 4.159e+01 3.6077e-13 3.6077e-13 [ 3.1888e-35 5.5003e-23 2.3511e-17 3.0142e-13 5.9330e-14 ] 1.0000e+00
 4.171e+01 3.2087e-13 3.2087e-13 [ 2.2577e-35 4.7062e-23 2.0737e-17 2.6805e-13 5.2790e-14 ] 1.0000e+00
 4.182e+01 2.8537e-13 2.8537e-13 [ 1.6030e-35 4.0252e-23 1.8287e-17 2.3838e-13 4.6971e-14 ] 1.0000e+00
 4.193e+01 2.5378e-13 2.5378e-13 [ 1.1414e-35 3.4413e-23 1.6124e-17 2.1198e-13 4.1791e-14 ] 1.0000e+00
 4.205e+01 2.2569e-13 2.2569e-13 [ 8.1501e-36 2.9410e-23 1.4214e-17 1.8849e-13 3.7182e-14 ] 1.0000e+00
 4.216e+01 2.0070e-13 2.0070e-13 [ 5.8355e-36 2.5124e-23 1.2528e-17 1.6760e-13 3.3080e-14 ] 1.0000e+00
 4.227e+01 1.7847e-13 1.7847e-13 [ 4.1894e-36 2.1454e-23 1.1041e-17 1.4902e-13 2.9430e-14 ] 1.0000e+00
 4.239e+01 1.5869e-13 1.5869e-13 [ 3.0153e-36 1.8314e-23 9.7281e-18 1.3250e-13 2.6182e-14 ] 1.0000e+00
 4.250e+01 1.4110e-13 1.4110e-13 [ 2.1755e-36 1.5627e-23 8.5701e-18 1.1780e-13 2.3291e-14 ] 1.0000e+00
 4.261e+01 1.2546e-13 1.2546e-13 [ 1.5733e-36 1.3329e-23 7.5488e-18 1.0473e-13 2.0719e-14 ] 1.0000e+00
 4.273e+01 1.1154e-13 1.1154e-13 [ 1.1402e-36 1.1364e-23 6.6480e-18 9.3105e-14 1.8431e-14 ] 1.0000e+00
 4.284e+01 9.9167e-14 9.9167e-14 [ 8.2794e-37 9.6859e-24 5.8538e-18 8.2767e-14 1.6395e-14 ] 1.0000e+00
 4.295e+01 8.8162e-14 8.8162e-14 [ 6.0231e-37 8.2521e-24 5.1537e-18 7.3574e-14 1.4583e-14 ] 1.0000e+00
 4.307e+01 7.8374e-14 7.8374e-14 [ 4.3890e-37 7.0280e-24 4.5365e-18 6.5399e-14 1.2971e-14 ] 1.0000e+00
 4.318e+01 6.9671e-14 6.9671e-14 [ 3.2031e-37 5.9831e-24 3.9927e-18 5.8130e-14 1.1537e-14 ] 1.0000e+00
 4.329e+01 6.1931e-14 6.1931e-14 [ 2.3407e-37 5.0917e-24 3.5134e-18 5.1667e-14 1.0261e-14 ] 1.0000e+00
 4.341e+01 5.5049e-14 5.5049e-14 [ 1.7125e-37 4.3315e-24 3.0913e-18 4.5921e-14 9.1255e-15 ] 1.0000e+00
 4.352e+01 4.8930e-14 4.8930e-14 [ 1.2542e-37 3.6834e-24 2.7194e-18 4.0811e-14 8.1157e-15 ] 1.0000e+00
 4.363e+01 4.3489e-14 4.3489e-14 [ 9.1931e-38 3.1311e-24 2.3919e-18 3.6269e-14 7.2174e-15 ] 1.0000e+00
 4.375e+01 3.8651e-14 3.8651e-14 [ 6.7435e-38 2.6607e-24 2.1035e-18 3.2231e-14 6.4182e-15 ] 1.0000e+00
 4.386e+01 3.4351e-14 3.4351e-14 [ 4.9496e-38 2.2601e-24 1.8496e-18 2.8641e-14 5.7074e-15 ] 1.0000e+00
 4.397e+01 3.0527e-14 3.0527e-14 [ 3.6346e-38 1.9191e-24 1.6261e-18 2.5450e-14 5.0751e-15 ] 1.0000e+00
 4.409e+01 2.7128e-14 2.7128e-14 [ 2.6699e-38 1.6289e-24 1.4294e-18 2.2614e-14 4.5127e-15 ] 1.0000e+00
 4.420e+01 2.4106e-14 2.4106e-14 [ 1.9618e-38 1.3822e-24 1.2563e-18 2.0093e-14 4.0125e-15 ] 1.0000e+00
 4.431e+01 2.1420e-14 2.1420e-14 [ 1.4417e-38 1.1724e-24 1.1039e-18 1.7852e-14 3.5675e-15 ] 1.0000e+00
 4.443e+01 1.9033e-14 1.9033e-14 [ 1.0595e-38 9.9404e-25 9.6996e-19 1.5860e-14 3.1719e-15 ] 1.0000e+00
 4.454e+01 1.6910e-14 1.6910e-14 [ 7.7868e-39 8.4254e-25 8.5210e-19 1.4090e-14 2.8199e-15 ] 1.0000e+00
 4.465e+01 1.5024e-14 1.5024e-14 [ 5.7221e-39 7.1387e-25 7.4846e-19 1.2517e-14 2.5070e-15 ] 1.0000e+00
 4.477e+01 1.3348e-14 1.3348e-14 [ 4.2042e-39 6.0463e-25 6.5732e-19 1.1118e-14 2.2287e-15 ] 1.0000e+00
 4.488e+01 1.1858e-14 1.1858e-14 [ 3.0883e-39 5.1193e-25 5.7719e-19 9.8762e-15 1.9812e-15 ] 1.0000e+00
 4.499e+01 1.0534e-14 1.0534e-14 [ 2.2679e-39 4.3329e-25 5.0676e-19 8.7722e-15 1.7611e-15 ] 1.0000e+00
 4.511e+01 9.3572e-15 9.3572e-15 [ 1.6649e-39 3.6660e-25 4.4486e-19 7.7913e-15 1.5654e-15 ] 1.0000e+00
 4.522e+01 8.3116e-15 8.3116e-15 [ 1.2218e-39 3.1006e-25 3.9046e-19 6.9198e-15 1.3914e-15 ] 1.0000e+00
 4.533e+01 7.3825e-15 7.3825e-15 [ 8.9625e-40 2.6216e-25 3.4266e-19 6.1455e-15 1.2367e-15 ] 1.0000e+00
 4.545e+01 6.5569e-15 6.5569e-15 [ 6.5715e-40 2.2157e-25 3.0067e-19 5.4575e-15 1.0991e-15 ] 1.0000e+00
 4.556e+01 5.8234e-15 5.8234e-15 [ 4.8160e-40 1.8720e-25 2.6379e-19 4.8464e-15 9.7681e-16 ] 1.0000e+00
 4.567e+01 5.1717e-15 5.1717e-15 [ 3.5277e-40 1.5811e-25 2.3139e-19 4.3034e-15 8.6809e-16 ] 1.0000e+00
 4.579e+01 4.5928e-15 4.5928e-15 [ 2.5826e-40 1.3350e-25 2.0295e-19 3.8211e-15 7.7144e-16 ] 1.0000e+00
 4.590e+01 4.0784e-15 4.0784e-15 [ 1.8897e-40 1.1267e-25 1.7797e-19 3.3927e-15 6.8552e-16 ] 1.0000e+00
 4.601e+01 3.6215e-15 3.6215e-15 [ 1.3819e-40 9.5064e-26 1.5605e-19 3.0122e-15 6.0914e-16 ] 1.0000e+00
 4.613e+01 3.2156e-15 3.2156e-15 [ 1.0099e-40 8.0180e-26 1.3681e-19 2.6742e-15 5.4125e-16 ] 1.0000e+00
 4.624e+01 2.8551e-15 2.8551e-15 [ 7.3763e-41 6.7603e-26 1.1992e-19 2.3740e-15 4.8091e-16 ] 1.0000e+00
 4.635e+01 2.5348e-15 2.5348e-15 [ 5.3842e-41 5.6979e-26 1.0510e-19 2.1074e-15 4.2727e-16 ] 1.0000e+00
 4.647e+01 2.2504e-15 2.2504e-15 [ 3.9276e-41 4.8009e-26 9.2101e-20 1.8707e-15 3.7960e-16 ] 1.0000e+00
 4.658e+01 1.9978e-15 1.9978e-15 [ 2.8632e-41 4.0436e-26 8.0696e-20 1.6605e-15 3.3723e-16 ] 1.0000e+00
 4.669e+01 1.7734e-15 1.7734e-15 [ 2.0859e-41 3.4047e-26 7.0694e-20 1.4738e-15 2.9958e-16 ] 1.0000e+00
 4.681e+01 1.5742e-15 1.5742e-15 [ 1.5186e-41 2.8657e-26 6.1922e-20 1.3080e-15 2.6612e-16 ] 1.0000e+00
 4.692e+01 1.3973e-15 1.3973e-15 [ 1.1048e-41 2.4113e-26 5.4231e-20 1.1608e-15 2.3639e-16 ] 1.0000e+00
 4.703e+01 1.2402e-15 1.2402e-15 [ 8.0328e-42 2.0282e-26 4.7489e-20 1.0302e-15 2.0997e-16 ] 1.0000e+00
 4.715e+01 1.1007e-15 1.1007e-15 [ 5.8362e-42 1.7054e-26 4.1578e-20 9.1416e-16 1.8649e-16 ] 1.0000e+00
 4.726e+01 9.7684e-16 9.7684e-16 [ 4.2374e-42 1.4335e-26 3.6398e-20 8.1117e-16 1.6563e-16 ] 1.0000e+00
 4.737e+01 8.6688e-16 8.6688e-16 [ 3.0744e-42 1.2045e-26 3.1859e-20 7.1975e-16 1.4710e-16 ] 1.0000e+00
 4.749e+01 7.6926e-16 7.6926e-16 [ 2.2291e-42 1.0118e-26 2.7881e-20 6.3860e-16 1.3064e-16 ] 1.0000e+00
 4.760e+01 6.8259e-16 6.8259e-16 [ 1.6151e-42 8.4960e-27 2.4397e-20 5.6656e-16 1.1601e-16 ] 1.0000e+00
 4.771e+01 6.0566e-16 6.0566e-16 [ 1.1694e-42 7.1318e-27 2.1345e-20 5.0263e-16 1.0301e-16 ] 1.0000e+00
 4.783e+01 5.3737e-16 5.3737e-16 [ 8.4606e-43 5.9846e-27 1.8672e-20 4.4588e-16 9.1469e-17 ] 1.0000e+00
 4.794e+01 4.7675e-16 4.7675e-16 [ 6.1171e-43 5.0203e-27 1.6331e-20 3.9552e-16 8.1215e-17 ] 1.0000e+00
 4.805e+01 4.2295e-16 4.2295e-16 [ 4.4196e-43 4.2099e-27 1.4282e-20 3.5083e-16 7.2107e-17 ] 1.0000e+00
 4.817e+01 3.7520e-16 3.7520e-16 [ 3.1909e-43 3.5292e-27 1.2488e-20 3.1117e-16 6.4018e-17 ] 1.0000e+00
 4.828e+01 3.3282e-16 3.3282e-16 [ 2.3022e-43 2.9575e-27 1.0918e-20 2.7598e-16 5.6833e-17 ] 1.0000e+00
 4.839e+01 2.9522e-16 2.9522e-16 [ 1.6598e-43 2.4776e-27 9.5437e-21 2.4476e-16 5.0452e-17 ] 1.0000e+00
 4.851e+01 2.6184e-16 2.6184e-16 [ 1.1958e-43 2.0749e-27 8.3412e-21 2.1705e-16 4.4785e-17 ] 1.0000e+00
 4.862e+01 2.3223e-16 2.3223e-16 [ 8.6091e-44 1.7371e-27 7.2892e-21 1.9247e-16 3.9753e-17 ] 1.0000e+00
 4.873e+01 2.0596e-16 2.0596e-16 [ 6.1937e-44 1.4538e-27 6.3689e-21 1.7067e-16 3.5284e-17 ] 1.0000e+00
 4.885e+01 1.8264e-16 1.8264e-16 [ 4.4528e-44 1.2163e-27 5.5640e-21 1.5132e-16 3.1316e-17 ] 1.0000e+00
 4.896e+01 1.6196e-16 1.6196e-16 [ 3.1989e-44 1.0172e-27 4.8601e-21 1.3416e-16 2.7793e-17 ] 1.0000e+00
 4.907e+01 1.4361e-16 1.4361e-16 [ 2.2965e-44 8.5048e-28 4.2446e-21 1.1894e-16 2.4665e-17 ] 1.0000e+00
 4.919e+01 1.2734e-16 1.2734e-16 [ 1.6475e-44 7.1082e-28 3.7065e-21 1.0544e-16 2.1888e-17 ] 1.0000e+00
 4.930e+01 1.1290e-16 1.1290e-16 [ 1.1811e-44 5.9390e-28 3.2361e-21 9.3471e-17 1.9422e-17 ] 1.0000e+00
 4.941e+01 1.0009e-16 1.0009e-16 [ 8.4610e-45 4.9605e-28 2.8250e-21 8.2853e-17 1.7234e-17 ] 1.0000e+00
 4.953e+01 8.8730e-17 8.8730e-17 [ 6.0570e-45 4.1418e-28 2.4658e-21 7.3436e-17 1.5291e-17 ] 1.0000e+00
 4.964e+01 7.8655e-17 7.8655e-17 [ 4.3330e-45 3.4571e-28 2.1519e-21 6.5086e-17 1.3566e-17 ] 1.0000e+00
 4.975e+01 6.9720e-17 6.9720e-17 [ 3.0975e-45 2.8846e-28 1.8777e-21 5.7682e-17 1.2036e-17 ] 1.0000e+00
 4.987e+01 6.1796e-17 6.1796e-17 [ 2.2127e-45 2.4062e-28 1.6382e-21 5.1117e-17 1.0677e-17 ] 1.0000e+00
 4.998e+01 5.4770e-17 5.4770e-17 [ 1.5796e-45 2.0064e-28 1.4290e-21 4.5297e-17 9.4715e-18 ] 1.0000e+00
 5.009e+01 4.8539e-17 4.8539e-17 [ 1.1268e-45 1.6725e-28 1.2464e-21 4.0137e-17 8.4015e-18 ] 1.0000e+00
 5.021e+01 4.3015e-17 4.3015e-17 [ 8.0323e-46 1.3937e-28 1.0869e-21 3.5562e-17 7.4519e-18 ] 1.0000e+00
 5.032e+01 3.8117e-17 3.8117e-17 [ 5.7219e-46 1.1610e-28 9.4767e-22 3.1507e-17 6.6093e-18 ] 1.0000e+00
 5.043e+01 3.3775e-17 3.3775e-17 [ 4.0731e-46 9.6682e-29 8.2617e-22 2.7913e-17 5.8617e-18 ] 1.0000e+00
 5.055e+01 2.9926e-17 2.9926e-17 [ 2.8974e-46 8.0486e-29 7.2013e-22 2.4727e-17 5.1983e-18 ] 1.0000e+00
 5.066e+01 2.6513e-17 2.6513e-17 [ 2.0597e-46 6.6980e-29 6.2760e-22 2.1903e-17 4.6097e-18 ] 1.0000e+00
 5.077e+01 2.3489e-17 2.3489e-17 [ 1.4631e-46 5.5723e-29 5.4688e-22 1.9401e-17 4.0876e-18 ] 1.0000e+00
 5.089e+01 2.0808e-17 2.0808e-17 [ 1.0386e-46 4.6342e-29 4.7647e-22 1.7183e-17 3.6244e-18 ] 1.0000e+00
 5.100e+01 1.8432e-17 1.8432e-17 [ 7.3675e-47 3.8528e-29 4.1506e-22 1.5218e-17 3.2135e-18 ] 1.0000e+00
 5.111e+01 1.6326e-17 1.6326e-17 [ 5.2226e-47 3.2021e-29 3.6151e-22 1.3477e-17 2.8490e-18 ] 1.0000e+00
 5.123e+01 1.4460e-17 1.4460e-17 [ 3.6996e-47 2.6604e-29 3.1482e-22 1.1934e-17 2.5257e-18 ] 1.0000e+00
 5.134e+01 1.2806e-17 1.2806e-17 [ 2.6189e-47 2.2096e-29 2.7412e-22 1.0567e-17 2.2389e-18 ] 1.0000e+00
 5.145e+01 1.1341e-17 1.1341e-17 [ 1.8526e-47 1.8346e-29 2.3864e-22 9.3562e-18 1.9846e-18 ] 1.0000e+00
 5.157e+01 1.0043e-17 1.0043e-17 [ 1.3096e-47 1.5227e-29 2.0773e-22 8.2836e-18 1.7591e-18 ] 1.0000e+00
 5.168e+01 8.8927e-18 8.8927e-18 [ 9.2515e-48 1.2634e-29 1.8079e-22 7.3334e-18 1.5591e-18 ] 1.0000e+00
 5.179e+01 7.8737e-18 7.8737e-18 [ 6.5309e-48 1.0480e-29 1.5731e-22 6.4918e-18 1.3818e-18 ] 1.0000e+00
 5.191e+01 6.9711e-18 6.9711e-18 [ 4.6072e-48 8.6894e-30 1.3687e-22 5.7464e-18 1.2246e-18 ] 1.0000e+00
 5.202e+01 6.1715e-18 6.1715e-18 [ 3.2479e-48 7.2027e-30 1.1906e-22 5.0862e-18 1.0852e-18 ] 1.0000e+00
 5.213e+01 5.4632e-18 5.4632e-18 [ 2.2880e-48 5.9684e-30 1.0355e-22 4.5016e-18 9.6155e-19 ] 1.0000e+00
 5.225e+01 4.8360e-18 4.8360e-18 [ 1.6107e-48 4.9439e-30 9.0054e-23 3.9839e-18 8.5198e-19 ] 1.0000e+00
 5.236e+01 4.2804e-18 4.2804e-18 [ 1.1332e-48 4.0940e-30 7.8300e-23 3.5255e-18 7.5484e-19 ] 1.0000e+00
 5.247e+01 3.7884e-18 3.7884e-18 [ 7.9663e-49 3.3890e-30 6.8070e-23 3.1196e-18 6.6874e-19 ] 1.0000e+00
 5.259e+01 3.3528e-18 3.3528e-18 [ 5.5966e-49 2.8045e-30 5.9167e-23 2.7603e-18 5.9243e-19 ] 1.0000e+00
 5.270e+01 2.9670e-18 2.9670e-18 [ 3.9291e-49 2.3201e-30 5.1420e-23 2.4422e-18 5.2478e-19 ] 1.0000e+00
 5.281e+01 2.6255e-18 2.6255e-18 [ 2.7565e-49 1.9187e-30 4.4681e-23 2.1606e-18 4.6484e-19 ] 1.0000e+00
 5.293e+01 2.3231e-18 2.3231e-18 [ 1.9326e-49 1.5862e-30 3.8818e-23 1.9113e-18 4.1171e-19 ] 1.0000e+00
 5.304e+01 2.0554e-18 2.0554e-18 [ 1.3540e-49 1.3109e-30 3.3720e-23 1.6907e-18 3.6463e-19 ] 1.0000e+00
 5.315e+01 1.8184e-18 1.8184e-18 [ 9.4798e-50 1.0830e-30 2.9286e-23 1.4954e-18 3.2292e-19 ] 1.0000e+00
 5.327e+01 1.6086e-18 1.6086e-18 [ 6.6326e-50 8.9442e-31 2.5431e-23 1.3226e-18 2.8596e-19 ] 1.0000e+00
 5.338e+01 1.4230e-18 1.4230e-18 [ 4.6374e-50 7.3844e-31 2.2080e-23 1.1697e-18 2.5321e-19 ] 1.0000e+00
 5.349e+01 1.2586e-18 1.2586e-18 [ 3.2402e-50 6.0946e-31 1.9168e-23 1.0344e-18 2.2420e-19 ] 1.0000e+00
 5.361e+01 1.1132e-18 1.1132e-18 [ 2.2624e-50 5.0284e-31 1.6636e-23 9.1468e-19 1.9850e-19 ] 1.0000e+00
 5.372e+01 9.8450e-19 9.8450e-19 [ 1.5786e-50 4.1474e-31 1.4437e-23 8.0876e-19 1.7573e-19 ] 1.0000e+00
 5.383e+01 8.7063e-19 8.7063e-19 [ 1.1007e-50 3.4195e-31 1.2527e-23 7.1505e-19 1.5557e-19 ] 1.0000e+00
 5.395e+01 7.6986e-19 7.6986e-19 [ 7.6698e-51 2.8185e-31 1.0867e-23 6.3215e-19 1.3771e-19 ] 1.0000e+00
 5.406e+01 6.8072e-19 6.8072e-19 [ 5.3408e-51 2.3223e-31 9.4260e-24 5.5882e-19 1.2189e-19 ] 1.0000e+00
 5.417e+01 6.0185e-19 6.0185e-19 [ 3.7164e-51 1.9129e-31 8.1746e-24 4.9396e-19 1.0788e-19 ] 1.0000e+00
 5.429e+01 5.3208e-19 5.3208e-19 [ 2.5844e-51 1.5751e-31 7.0881e-24 4.3659e-19 9.5475e-20 ] 1.0000e+00
 5.440e+01 4.7036e-19 4.7036e-19 [ 1.7959e-51 1.2965e-31 6.1451e-24 3.8586e-19 8.4491e-20 ] 1.0000e+00
 5.451e+01 4.1577e-19 4.1577e-19 [ 1.2472e-51 1.0668e-31 5.3266e-24 3.4100e-19 7.4765e-20 ] 1.0000e+00
 5.463e+01 3.6749e-19 3.6749e-19 [ 8.6551e-52 8.7753e-32 4.6163e-24 3.0133e-19 6.6154e-20 ] 1.0000e+00
 5.474e+01 3.2480e-19 3.2480e-19 [ 6.0024e-52 7.2159e-32 4.0001e-24 2.6626e-19 5.8531e-20 ] 1.0000e+00
 5.485e+01 2.8704e-19 2.8704e-19 [ 4.1599e-52 5.9317e-32 3.4656e-24 2.3525e-19 5.1783e-20 ] 1.0000e+00
 5.497e+01 2.5365e-19 2.5365e-19 [ 2.8810e-52 4.8743e-32 3.0020e-24 2.0784e-19 4.5809e-20 ] 1.0000e+00
 5.508e+01 2.2413e-19 2.2413e-19 [ 1.9940e-52 4.0041e-32 2.6000e-24 1.8360e-19 4.0522e-20 ] 1.0000e+00
 5.519e+01 1.9803e-19 1.9803e-19 [ 1.3791e-52 3.2882e-32 2.2514e-24 1.6218e-19 3.5842e-20 ] 1.0000e+00
 5.531e+01 1.7495e-19 1.7495e-19 [ 9.5321e-53 2.6993e-32 1.9493e-24 1.4325e-19 3.1701e-20 ] 1.0000e+00
 5.542e+01 1.5456e-19 1.5456e-19 [ 6.5839e-53 2.2151e-32 1.6874e-24 1.2652e-19 2.8036e-20 ] 1.0000e+00
 5.553e+01 1.3653e-19 1.3653e-19 [ 4.5445e-53 1.8172e-32 1.4604e-24 1.1173e-19 2.4793e-20 ] 1.0000e+00
 5.565e+01 1.2059e-19 1.2059e-19 [ 3.1347e-53 1.4903e-32 1.2638e-24 9.8667e-20 2.1924e-20 ] 1.0000e+00
 5.576e+01 1.0651e-19 1.0651e-19 [ 2.1608e-53 1.2217e-32 1.0934e-24 8.7122e-20 1.9385e-20 ] 1.0000e+00
 5.587e+01 9.4062e-20 9.4062e-20 [ 1.4885e-53 1.0012e-32 9.4586e-25 7.6922e-20 1.7139e-20 ] 1.0000e+00
 5.599e+01 8.3063e-20 8.3063e-20 [ 1.0246e-53 8.2025e-33 8.1808e-25 6.7911e-20 1.5152e-20 ] 1.0000e+00
 5.610e+01 7.3345e-20 7.3345e-20 [ 7.0487e-54 6.7176e-33 7.0744e-25 5.9950e-20 1.3394e-20 ] 1.0000e+00
 5.621e+01 6.4759e-20 6.4759e-20 [ 4.8457e-54 5.4996e-33 6.1166e-25 5.2919e-20 1.1840e-20 ] 1.0000e+00
 5.633e+01 5.7173e-20 5.7173e-20 [ 3.3290e-54 4.5009e-33 5.2875e-25 4.6708e-20 1.0465e-20 ] 1.0000e+00
 5.644e+01 5.0472e-20 5.0472e-20 [ 2.2855e-54 3.6823e-33 4.5701e-25 4.1223e-20 9.2489e-21 ] 1.0000e+00
 5.655e+01 4.4553e-20 4.4553e-20 [ 1.5680e-54 3.0116e-33 3.9493e-25 3.6379e-20 8.1736e-21 ] 1.0000e+00
 5.667e+01 3.9325e-20 3.9325e-20 [ 1.0751e-54 2.4621e-33 3.4122e-25 3.2102e-20 7.2228e-21 ] 1.0000e+00
 5.678e+01 3.4707e-20 3.4707e-20 [ 7.3658e-55 2.0123e-33 2.9476e-25 2.8325e-20 6.3821e-21 ] 1.0000e+00
 5.689e+01 3.0630e-20 3.0630e-20 [ 5.0434e-55 1.6440e-33 2.5459e-25 2.4990e-20 5.6388e-21 ] 1.0000e+00
 5.701e+01 2.7029e-20 2.7029e-20 [ 3.4508e-55 1.3427e-33 2.1985e-25 2.2047e-20 4.9817e-21 ] 1.0000e+00
 5.712e+01 2.3849e-20 2.3849e-20 [ 2.3596e-55 1.0962e-33 1.8982e-25 1.9448e-20 4.4009e-21 ] 1.0000e+00
 5.723e+01 2.1042e-20 2.1042e-20 [ 1.6124e-55 8.9470e-34 1.6386e-25 1.7154e-20 3.8874e-21 ] 1.0000e+00
 5.735e+01 1.8564e-20 1.8564e-20 [ 1.1010e-55 7.2996e-34 1.4143e-25 1.5130e-20 3.4336e-21 ] 1.0000e+00
 5.746e+01 1.6376e-20 1.6376e-20 [ 7.5133e-56 5.9535e-34 1.2205e-25 1.3343e-20 3.0326e-21 ] 1.0000e+00
 5.757e+01 1.4445e-20 1.4445e-20 [ 5.1236e-56 4.8539e-34 1.0530e-25 1.1767e-20 2.6781e-21 ] 1.0000e+00
 5.769e+01 1.2740e-20 1.2740e-20 [ 3.4917e-56 3.9560e-34 9.0838e-26 1.0375e-20 2.3649e-21 ] 1.0000e+00
 5.780e+01 1.1236e-20 1.1236e-20 [ 2.3779e-56 3.2231e-34 7.8346e-26 9.1477e-21 2.0882e-21 ] 1.0000e+00
 5.791e+01 9.9085e-21 9.9085e-21 [ 1.6183e-56 2.6250e-34 6.7561e-26 8.0647e-21 1.8437e-21 ] 1.0000e+00
 5.803e+01 8.7371e-21 8.7371e-21 [ 1.1006e-56 2.1372e-34 5.8249e-26 7.1093e-21 1.6277e-21 ] 1.0000e+00
 5.814e+01 7.7035e-21 7.7035e-21 [ 7.4805e-57 1.7394e-34 5.0212e-26 6.2665e-21 1.4369e-21 ] 1.0000e+00
 5.825e+01 6.7916e-21 6.7916e-21 [ 5.0807e-57 1.4152e-34 4.3276e-26 5.5232e-21 1.2683e-21 ] 1.0000e+00
 5.837e+01 5.9871e-21 5.9871e-21 [ 3.4484e-57 1.1509e-34 3.7292e-26 4.8676e-21 1.1195e-21 ] 1.0000e+00
 5.848e+01 5.2775e-21 5.2775e-21 [ 2.3390e-57 9.3573e-35 3.2129e-26 4.2895e-21 9.8800e-22 ] 1.0000e+00
 5.859e+01 4.6516e-21 4.6516e-21 [ 1.5854e-57 7.6048e-35 2.7676e-26 3.7797e-21 8.7189e-22 ] 1.0000e+00
 5.871e+01 4.0996e-21 4.0996e-21 [ 1.0739e-57 6.1784e-35 2.3836e-26 3.3302e-21 7.6937e-22 ] 1.0000e+00
 5.882e+01 3.6127e-21 3.6127e-21 [ 7.2694e-58 5.0177e-35 2.0525e-26 2.9339e-21 6.7884e-22 ] 1.0000e+00
 5.893e+01 3.1834e-21 3.1834e-21 [ 4.9174e-58 4.0736e-35 1.7670e-26 2.5845e-21 5.9892e-22 ] 1.0000e+00
 5.905e+01 2.8049e-21 2.8049e-21 [ 3.3241e-58 3.3060e-35 1.5210e-26 2.2765e-21 5.2836e-22 ] 1.0000e+00
 5.916e+01 2.4711e-21 2.4711e-21 [ 2.2456e-58 2.6820e-35 1.3090e-26 2.0051e-21 4.6608e-22 ] 1.0000e+00
 5.927e+01 2.1769e-21 2.1769e-21 [ 1.5159e-58 2.1750e-35 1.1263e-26 1.7658e-21 4.1110e-22 ] 1.0000e+00
 5.939e+01 1.9175e-21 1.9175e-21 [ 1.0227e-58 1.7632e-35 9.6897e-27 1.5550e-21 3.6258e-22 ] 1.0000e+00
 5.950e+01 1.6889e-21 1.6889e-21 [ 6.8946e-59 1.4289e-35 8.3344e-27 1.3692e-21 3.1975e-22 ] 1.0000e+00
 5.961e+01 1.4874e-21 1.4874e-21 [ 4.6450e-59 1.1575e-35 7.1674e-27 1.2055e-21 2.8196e-22 ] 1.0000e+00
 5.973e+01 1.3099e-21 1.3099e-21 [ 3.1272e-59 9.3732e-36 6.1626e-27 1.0612e-21 2.4862e-22 ] 1.0000e+00
 5.984e+01 1.1534e-21 1.1534e-21 [ 2.1040e-59 7.5875e-36 5.2977e-27 9.3419e-22 2.1920e-22 ] 1.0000e+00
 5.995e+01 1.0155e-21 1.0155e-21 [ 1.4146e-59 6.1397e-36 4.5533e-27 8.2227e-22 1.9324e-22 ] 1.0000e+00
 6.007e+01 8.9404e-22 8.9404e-22 [ 9.5042e-60 4.9663e-36 3.9128e-27 7.2369e-22 1.7034e-22 ] 1.0000e+00
 6.018e+01 7.8702e-22 7.8702e-22 [ 6.3813e-60 4.0156e-36 3.3617e-27 6.3687e-22 1.5015e-22 ] 1.0000e+00
 6.029e+01 6.9275e-22 6.9275e-22 [ 4.2816e-60 3.2457e-36 2.8877e-27 5.6041e-22 1.3233e-22 ] 1.0000e+00
 6.041e+01 6.0972e-22 6.0972e-22 [ 2.8709e-60 2.6225e-36 2.4801e-27 4.9309e-22 1.1662e-22 ] 1.0000e+00
 6.052e+01 5.3658e-22 5.3658e-22 [ 1.9236e-60 2.1181e-36 2.1296e-27 4.3381e-22 1.0277e-22 ] 1.0000e+00
 6.063e+01 4.7218e-22 4.7218e-22 [ 1.2880e-60 1.7101e-36 1.8283e-27 3.8163e-22 9.0551e-23 ] 1.0000e+00
 6.075e+01 4.1547e-22 4.1547e-22 [ 8.6185e-61 1.3801e-36 1.5693e-27 3.3569e-22 7.9779e-23 ] 1.0000e+00
 6.086e+01 3.6553e-22 3.6553e-22 [ 5.7629e-61 1.1134e-36 1.3467e-27 2.9525e-22 7.0283e-23 ] 1.0000e+00
 6.097e+01 3.2157e-22 3.2157e-22 [ 3.8508e-61 8.9789e-37 1.1555e-27 2.5965e-22 6.1911e-23 ] 1.0000e+00
 6.109e+01 2.8286e-22 2.8286e-22 [ 2.5714e-61 7.2381e-37 9.9122e-28 2.2833e-22 5.4532e-23 ] 1.0000e+00
 6.120e+01 2.4880e-22 2.4880e-22 [ 1.7158e-61 5.8325e-37 8.5014e-28 2.0077e-22 4.8027e-23 ] 1.0000e+00
 6.131e+01 2.1881e-22 2.1881e-22 [ 1.1442e-61 4.6981e-37 7.2899e-28 1.7651e-22 4.2295e-23 ] 1.0000e+00
 6.143e+01 1.9242e-22 1.9242e-22 [ 7.6243e-62 3.7828e-37 6.2499e-28 1.5517e-22 3.7243e-23 ] 1.0000e+00
 6.154e+01 1.6920e-22 1.6920e-22 [ 5.0770e-62 3.0446e-37 5.3571e-28 1.3640e-22 3.2792e-23 ] 1.0000e+00
 6.165e+01 1.4876e-22 1.4876e-22 [ 3.3784e-62 2.4495e-37 4.5909e-28 1.1989e-22 2.8870e-23 ] 1.0000e+00
 6.177e+01 1.3078e-22 1.3078e-22 [ 2.2466e-62 1.9700e-37 3.9335e-28 1.0537e-22 2.5415e-23 ] 1.0000e+00
 6.188e+01 1.1496e-22 1.1496e-22 [ 1.4929e-62 1.5837e-37 3.3696e-28 9.2591e-23 2.2371e-23 ] 1.0000e+00
 6.199e+01 1.0105e-22 1.0105e-22 [ 9.9135e-63 1.2726e-37 2.8859e-28 8.1358e-23 1.9690e-23 ] 1.0000e+00
 6.211e+01 8.8810e-23 8.8810e-23 [ 6.5784e-63 1.0222e-37 2.4712e-28 7.1481e-23 1.7329e-23 ] 1.0000e+00
 6.222e+01 7.8045e-23 7.8045e-23 [ 4.3623e-63 8.2075e-38 2.1156e-28 6.2796e-23 1.5249e-23 ] 1.0000e+00
 6.233e+01 6.8579e-23 6.8579e-23 [ 2.8907e-63 6.5873e-38 1.8107e-28 5.5161e-23 1.3418e-23 ] 1.0000e+00
 6.245e+01 6.0255e-23 6.0255e-23 [ 1.9142e-63 5.2847e-38 1.5495e-28 4.8450e-23 1.1805e-23 ] 1.0000e+00
 6.256e+01 5.2936e-23 5.2936e-23 [ 1.2666e-63 4.2379e-38 1.3257e-28 4.2550e-23 1.0386e-23 ] 1.0000e+00
 6.267e+01 4.6502e-23 4.6502e-23 [ 8.3756e-64 3.3971e-38 1.1340e-28 3.7366e-23 9.1357e-24 ] 1.0000e+00
 6.279e+01 4.0845e-23 4.0845e-23 [ 5.5344e-64 2.7219e-38 9.6975e-29 3.2809e-23 8.0355e-24 ] 1.0000e+00
 6.290e+01 3.5873e-23 3.5873e-23 [ 3.6545e-64 2.1800e-38 8.2913e-29 2.8806e-23 7.0671e-24 ] 1.0000e+00
 6.301e+01 3.1503e-23 3.1503e-23 [ 2.4114e-64 1.7453e-38 7.0875e-29 2.5288e-23 6.2148e-24 ] 1.0000e+00
 6.313e+01 2.7663e-23 2.7663e-23 [ 1.5900e-64 1.3966e-38 6.0571e-29 2.2198e-23 5.4648e-24 ] 1.0000e+00
 6.324e+01 2.4288e-23 2.4288e-23 [ 1.0476e-64 1.1171e-38 5.1753e-29 1.9483e-23 4.8048e-24 ] 1.0000e+00
 6.335e+01 2.1323e-23 2.1323e-23 [ 6.8978e-65 8.9316e-39 4.4208e-29 1.7099e-23 4.2241e-24 ] 1.0000e+00
 6.347e+01 1.8718e-23 1.8718e-23 [ 4.5384e-65 7.1379e-39 3.7755e-29 1.5004e-23 3.7132e-24 ] 1.0000e+00
 6.358e+01 1.6429e-23 1.6429e-23 [ 2.9839e-65 5.7020e-39 3.2236e-29 1.3165e-23 3.2638e-24 ] 1.0000e+00
 6.369e+01 1.4419e-23 1.4419e-23 [ 1.9604e-65 4.5528e-39 2.7518e-29 1.1550e-23 2.8685e-24 ] 1.0000e+00
 6.381e+01 1.2653e-23 1.2653e-23 [ 1.2870e-65 3.6336e-39 2.3484e-29 1.0133e-23 2.5208e-24 ] 1.0000e+00
 6.392e+01 1.1103e-23 1.1103e-23 [ 8.4436e-66 2.8987e-39 2.0037e-29 8.8879e-24 2.2150e-24 ] 1.0000e+00
 6.403e+01 9.7414e-24 9.7414e-24 [ 5.5353e-66 2.3114e-39 1.7091e-29 7.7953e-24 1.9462e-24 ] 1.0000e+00
 6.415e+01 8.5460e-24 8.5460e-24 [ 3.6260e-66 1.8422e-39 1.4575e-29 6.8362e-24 1.7098e-24 ] 1.0000e+00
 6.426e+01 7.4965e-24 7.4965e-24 [ 2.3736e-66 1.4676e-39 1.2427e-29 5.9945e-24 1.5019e-24 ] 1.0000e+00
 6.437e+01 6.5751e-24 6.5751e-24 [ 1.5526e-66 1.1686e-39 1.0592e-29 5.2559e-24 1.3192e-24 ] 1.0000e+00
 6.449e+01 5.7664e-24 5.7664e-24 [ 1.0148e-66 9.3007e-40 9.0255e-30 4.6078e-24 1.1586e-24 ] 1.0000e+00
 6.460e+01 5.0567e-24 5.0567e-24 [ 6.6283e-67 7.3989e-40 7.6888e-30 4.0392e-24 1.0175e-24 ] 1.0000e+00
 6.471e+01 4.4338e-24 4.4338e-24 [ 4.3260e-67 5.8831e-40 6.5483e-30 3.5404e-24 8.9343e-25 ] 1.0000e+00
 6.483e+01 3.8872e-24 3.8872e-24 [ 2.8213e-67 4.6755e-40 5.5755e-30 3.1028e-24 7.8442e-25 ] 1.0000e+00
 6.494e+01 3.4077e-24 3.4077e-24 [ 1.8385e-67 3.7140e-40 4.7458e-30 2.7190e-24 6.8864e-25 ] 1.0000e+00
 6.505e+01 2.9870e-24 2.9870e-24 [ 1.1972e-67 2.9488e-40 4.0385e-30 2.3825e-24 6.0450e-25 ] 1.0000e+00
 6.517e+01 2.6179e-24 2.6179e-24 [ 7.7902e-68 2.3401e-40 3.4356e-30 2.0873e-24 5.3058e-25 ] 1.0000e+00
 6.528e+01 2.2942e-24 2.2942e-24 [ 5.0651e-68 1.8561e-40 2.9218e-30 1.8286e-24 4.6565e-25 ] 1.0000e+00
 6.539e+01 2.0103e-24 2.0103e-24 [ 3.2908e-68 1.4714e-40 2.4841e-30 1.6017e-24 4.0863e-25 ] 1.0000e+00
 6.551e+01 1.7614e-24 1.7614e-24 [ 2.1363e-68 1.1659e-40 2.1114e-30 1.4028e-24 3.5855e-25 ] 1.0000e+00
 6.562e+01 1.5431e-24 1.5431e-24 [ 1.3858e-68 9.2331e-41 1.7940e-30 1.2285e-24 3.1457e-25 ] 1.0000e+00
 6.573e+01 1.3517e-24 1.3517e-24 [ 8.9828e-69 7.3082e-41 1.5238e-30 1.0757e-24 2.7596e-25 ] 1.0000e+00
 6.585e+01 1.1839e-24 1.1839e-24 [ 5.8180e-69 5.7816e-41 1.2939e-30 9.4186e-25 2.4206e-25 ] 1.0000e+00
 6.596e+01 1.0369e-24 1.0369e-24 [ 3.7653e-69 4.5714e-41 1.0984e-30 8.2455e-25 2.1231e-25 ] 1.0000e+00
 6.607e+01 9.0796e-25 9.0796e-25 [ 2.4349e-69 3.6126e-41 9.3203e-31 7.2177e-25 1.8619e-25 ] 1.0000e+00
 6.619e+01 7.9500e-25 7.9500e-25 [ 1.5733e-69 2.8533e-41 7.9062e-31 6.3173e-25 1.6327e-25 ] 1.0000e+00
 6.630e+01 6.9601e-25 6.9601e-25 [ 1.0158e-69 2.2523e-41 6.7042e-31 5.5286e-25 1.4315e-25 ] 1.0000e+00
 6.641e+01 6.0928e-25 6.0928e-25 [ 6.5529e-70 1.7770e-41 5.6829e-31 4.8378e-25 1.2550e-25 ] 1.0000e+00
 6.653e+01 5.3330e-25 5.3330e-25 [ 4.2240e-70 1.4011e-41 4.8155e-31 4.2329e-25 1.1001e-25 ] 1.0000e+00
 6.664e+01 4.6675e-25 4.6675e-25 [ 2.7205e-70 1.1041e-41 4.0789e-31 3.7032e-25 9.6427e-26 ] 1.0000e+00
 6.675e+01 4.0845e-25 4.0845e-25 [ 1.7508e-70 8.6961e-42 3.4536e-31 3.2394e-25 8.4510e-26 ] 1.0000e+00
 6.687e+01 3.5739e-25 3.5739e-25 [ 1.1258e-70 6.8449e-42 2.9230e-31 2.8333e-25 7.4057e-26 ] 1.0000e+00
 6.698e+01 3.1268e-25 3.1268e-25 [ 7.2331e-71 5.3846e-42 2.4730e-31 2.4779e-25 6.4890e-26 ] 1.0000e+00
 6.709e+01 2.7353e-25 2.7353e-25 [ 4.6433e-71 4.2333e-42 2.0914e-31 2.1668e-25 5.6852e-26 ] 1.0000e+00
 6.721e+01 2.3926e-25 2.3926e-25 [ 2.9782e-71 3.3261e-42 1.7679e-31 1.8946e-25 4.9804e-26 ] 1.0000e+00
 6.732e+01 2.0926e-25 2.0926e-25 [ 1.9087e-71 2.6117e-42 1.4938e-31 1.6563e-25 4.3624e-26 ] 1.0000e+00
 6.743e+01 1.8299e-25 1.8299e-25 [ 1.2221e-71 2.0495e-42 1.2616e-31 1.4479e-25 3.8208e-26 ] 1.0000e+00
 6.755e+01 1.6001e-25 1.6001e-25 [ 7.8189e-72 1.6072e-42 1.0651e-31 1.2655e-25 3.3460e-26 ] 1.0000e+00
 6.766e+01 1.3990e-25 1.3990e-25 [ 4.9980e-72 1.2596e-42 8.9870e-32 1.1060e-25 2.9298e-26 ] 1.0000e+00
 6.777e+01 1.2230e-25 1.2230e-25 [ 3.1920e-72 9.8655e-43 7.5797e-32 9.6643e-26 2.5652e-26 ] 1.0000e+00
 6.789e+01 1.0690e-25 1.0690e-25 [ 2.0368e-72 7.7216e-43 6.3896e-32 8.4440e-26 2.2457e-26 ] 1.0000e+00
 6.800e+01 9.3426e-26 9.3426e-26 [ 1.2985e-72 6.0395e-43 5.3836e-32 7.3769e-26 1.9657e-26 ] 1.0000e+00
 6.811e+01 8.1644e-26 8.1644e-26 [ 8.2708e-73 4.7207e-43 4.5337e-32 6.4439e-26 1.7205e-26 ] 1.0000e+00
 6.823e+01 7.1338e-26 7.1338e-26 [ 5.2633e-73 3.6872e-43 3.8159e-32 5.6281e-26 1.5057e-26 ] 1.0000e+00
 6.834e+01 6.2326e-26 6.2326e-26 [ 3.3463e-73 2.8780e-43 3.2100e-32 4.9151e-26 1.3175e-26 ] 1.0000e+00
 6.845e+01 5.4446e-26 5.4446e-26 [ 2.1256e-73 2.2448e-43 2.6988e-32 4.2918e-26 1.1528e-26 ] 1.0000e+00
 6.857e+01 4.7556e-26 4.7556e-26 [ 1.3489e-73 1.7496e-43 2.2677e-32 3.7471e-26 1.0085e-26 ] 1.0000e+00
 6.868e+01 4.1532e-26 4.1532e-26 [ 8.5519e-74 1.3626e-43 1.9044e-32 3.2711e-26 8.8216e-27 ] 1.0000e+00
 6.879e+01 3.6268e-26 3.6268e-26 [ 5.4167e-74 1.0604e-43 1.5983e-32 2.8552e-26 7.7158e-27 ] 1.0000e+00
 6.891e+01 3.1666e-26 3.1666e-26 [ 3.4275e-74 8.2463e-44 1.3405e-32 2.4918e-26 6.7478e-27 ] 1.0000e+00
 6.902e+01 2.7645e-26 2.7645e-26 [ 2.1667e-74 6.4076e-44 1.1236e-32 2.1744e-26 5.9005e-27 ] 1.0000e+00
 6.913e+01 2.4131e-26 2.4131e-26 [ 1.3683e-74 4.9749e-44 9.4121e-33 1.8972e-26 5.1590e-27 ] 1.0000e+00
 6.925e+01 2.1061e-26 2.1061e-26 [ 8.6321e-75 3.8594e-44 7.8786e-33 1.6551e-26 4.5102e-27 ] 1.0000e+00
 6.936e+01 1.8379e-26 1.8379e-26 [ 5.4402e-75 2.9915e-44 6.5903e-33 1.4436e-26 3.9425e-27 ] 1.0000e+00
 6.947e+01 1.6036e-26 1.6036e-26 [ 3.4249e-75 2.3168e-44 5.5087e-33 1.2590e-26 3.4459e-27 ] 1.0000e+00
 6.959e+01 1.3990e-26 1.3990e-26 [ 2.1539e-75 1.7927e-44 4.6012e-33 1.0979e-26 3.0115e-27 ] 1.0000e+00
 6.970e+01 1.2204e-26 1.2204e-26 [ 1.3531e-75 1.3859e-44 3.8402e-33 9.5720e-27 2.6315e-27 ] 1.0000e+00
 6.981e+01 1.0643e-26 1.0643e-26 [ 8.4909e-76 1.0705e-44 3.2026e-33 8.3442e-27 2.2992e-27 ] 1.0000e+00
 6.993e+01 9.2812e-27 9.2812e-27 [ 5.3222e-76 8.2605e-45 2.6686e-33 7.2726e-27 2.0086e-27 ] 1.0000e+00
 7.004e+01 8.0920e-27 8.0920e-27 [ 3.3322e-76 6.3682e-45 2.2218e-33 6.3375e-27 1.7546e-27 ] 1.0000e+00
 7.015e+01 7.0541e-27 7.0541e-27 [ 2.0838e-76 4.9046e-45 1.8482e-33 5.5216e-27 1.5324e-27 ] 1.0000e+00
 7.027e+01 6.1482e-27 6.1482e-27 [ 1.3016e-76 3.7735e-45 1.5360e-33 4.8099e-27 1.3383e-27 ] 1.0000e+00
 7.038e+01 5.3576e-27 5.3576e-27 [ 8.1198e-77 2.9003e-45 1.2753e-33 4.1890e-27 1.1686e-27 ] 1.0000e+00
 7.049e+01 4.6678e-27 4.6678e-27 [ 5.0591e-77 2.2267e-45 1.0578e-33 3.6476e-27 1.0203e-27 ] 1.0000e+00
 7.061e+01 4.0660e-27 4.0660e-27 [ 3.1481e-77 1.7077e-45 8.7658e-34 3.1753e-27 8.9071e-28 ] 1.0000e+00
 7.072e+01 3.5410e-27 3.5410e-27 [ 1.9564e-77 1.3081e-45 7.2561e-34 2.7636e-27 7.7748e-28 ] 1.0000e+00
 7.083e+01 3.0831e-27 3.0831e-27 [ 1.2141e-77 1.0009e-45 5.9998e-34 2.4046e-27 6.7856e-28 ] 1.0000e+00
 7.095e+01 2.6838e-27 2.6838e-27 [ 7.5241e-78 7.6484e-46 4.9554e-34 2.0916e-27 5.9216e-28 ] 1.0000e+00
 7.106e+01 2.3355e-27 2.3355e-27 [ 4.6561e-78 5.8373e-46 4.0879e-34 1.8188e-27 5.1669e-28 ] 1.0000e+00
 7.117e+01 2.0318e-27 2.0318e-27 [ 2.8770e-78 4.4492e-46 3.3680e-34 1.5811e-27 4.5078e-28 ] 1.0000e+00
 7.129e+01 1.7671e-27 1.7671e-27 [ 1.7750e-78 3.3865e-46 2.7714e-34 1.3739e-27 3.9323e-28 ] 1.0000e+00
 7.140e+01 1.5363e-27 1.5363e-27 [ 1.0933e-78 2.5739e-46 2.2773e-34 1.1933e-27 3.4298e-28 ] 1.0000e+00
 7.151e+01 1.3352e-27 1.3352e-27 [ 6.7232e-79 1.9534e-46 1.8686e-34 1.0360e-27 2.9911e-28 ] 1.0000e+00
 7.163e+01 1.1598e-27 1.1598e-27 [ 4.1271e-79 1.4801e-46 1.5309e-34 8.9902e-28 2.6082e-28 ] 1.0000e+00
 7.174e+01 1.0071e-27 1.0071e-27 [ 2.5289e-79 1.1197e-46 1.2523e-34 7.7967e-28 2.2739e-28 ] 1.0000e+00
 7.185e+01 8.7394e-28 8.7394e-28 [ 1.5466e-79 8.4550e-47 1.0227e-34 6.7571e-28 1.9822e-28 ] 1.0000e+00
 7.197e+01 7.5795e-28 7.5795e-28 [ 9.4401e-80 6.3731e-47 8.3363e-35 5.8518e-28 1.7276e-28 ] 1.0000e+00
 7.208e+01 6.5690e-28 6.5690e-28 [ 5.7498e-80 4.7944e-47 6.7825e-35 5.0635e-28 1.5055e-28 ] 1.0000e+00
 7.219e+01 5.6887e-28 5.6887e-28 [ 3.4943e-80 3.5994e-47 5.5071e-35 4.3771e-28 1.3116e-28 ] 1.0000e+00
 7.231e+01 4.9219e-28 4.9219e-28 [ 2.1185e-80 2.6962e-47 4.4618e-35 3.7794e-28 1.1425e-28 ] 1.0000e+00
 7.242e+01 4.2540e-28 4.2540e-28 [ 1.2812e-80 2.0149e-47 3.6064e-35 3.2591e-28 9.9494e-29 ] 1.0000e+00
 7.253e+01 3.6722e-28 3.6722e-28 [ 7.7275e-81 1.5020e-47 2.9076e-35 2.8061e-28 8.6618e-29 ] 1.0000e+00
 7.265e+01 3.1655e-28 3.1655e-28 [ 4.6473e-81 1.1165e-47 2.3377e-35 2.4117e-28 7.5382e-29 ] 1.0000e+00
 7.276e+01 2.7240e-28 2.7240e-28 [ 2.7861e-81 8.2751e-48 1.8738e-35 2.0683e-28 6.5576e-29 ] 1.0000e+00
 7.287e+01 2.3394e-28 2.3394e-28 [ 1.6647e-81 6.1131e-48 1.4970e-35 1.7693e-28 5.7015e-29 ] 1.0000e+00
 7.299e+01 2.0043e-28 2.0043e-28 [ 9.9093e-82 4.4998e-48 1.1914e-35 1.5089e-28 4.9540e-29 ] 1.0000e+00
 7.310e+01 1.7122e-28 1.7122e-28 [ 5.8747e-82 3.2991e-48 9.4429e-36 1.2821e-28 4.3008e-29 ] 1.0000e+00
 7.321e+01 1.4576e-28 1.4576e-28 [ 3.4670e-82 2.4080e-48 7.4484e-36 1.0846e-28 3.7295e-29 ] 1.0000e+00
 7.333e+01 1.2355e-28 1.2355e-28 [ 2.0357e-82 1.7488e-48 5.8428e-36 9.1255e-29 3.2293e-29 ] 1.0000e+00
 7.344e+01 1.0417e-28 1.0417e-28 [ 1.1885e-82 1.2627e-48 4.5539e-36 7.6266e-29 2.7905e-29 ] 1.0000e+00
 7.355e+01 8.7255e-29 8.7255e-29 [ 6.8931e-83 9.0555e-49 3.5222e-36 6.3210e-29 2.4045e-29 ] 1.0000e+00
 7.367e+01 7.2482e-29 7.2482e-29 [ 3.9677e-83 6.4425e-49 2.6992e-36 5.1847e-29 2.0635e-29 ] 1.0000e+00
 7.378e+01 5.9577e-29 5.9577e-29 [ 2.2635e-83 4.5392e-49 2.0450e-36 4.1969e-29 1.7608e-29 ] 1.0000e+00
 7.389e+01 4.8305e-29 4.8305e-29 [ 1.2775e-83 3.1596e-49 1.5273e-36 3.3406e-29 1.4899e-29 ] 1.0000e+00
 7.401e+01 3.8470e-29 3.8470e-29 [ 7.1150e-84 2.1653e-49 1.1198e-36 2.6017e-29 1.2452e-29 ] 1.0000e+00
 7.412e+01 2.9908e-29 2.9908e-29 [ 3.8965e-84 1.4534e-49 8.0100e-37 1.9689e-29 1.0219e-29 ] 1.0000e+00
 7.423e+01 2.2494e-29 2.2494e-29 [ 2.0864e-84 9.4775e-50 5.5398e-37 1.4334e-29 8.1602e-30 ] 1.0000e+00
 7.435e+01 1.6136e-29 1.6136e-29 [ 1.0818e-84 5.9242e-50 3.6509e-37 9.8849e-30 6.2506e-30 ] 1.0000e+00
 7.446e+01 1.0779e-29 1.0779e-29 [ 5.3349e-85 3.4674e-50 2.2367e-37 6.2937e-30 4.4858e-30 ] 1.0000e+00
 7.457e+01 6.4155e-30 6.4155e-30 [ 2.4083e-85 1.8154e-50 1.2154e-37 3.5269e-30 2.8886e-30 ] 1.0000e+00
 7.469e+01 3.0840e-30 3.0840e-30 [ 9.0419e-86 7.6552e-51 5.2684e-38 1.5636e-30 1.5204e-30 ] 1.0000e+00
 7.480e+01 8.8625e-31 8.8625e-31 [ 2.0316e-86 1.8534e-51 1.2973e-38 3.9073e-31 4.9552e-31 ] 1.0000e+00
 7.491e+01 0.0000e+00 0.0000e+00 [ 0.0000e+00 0.0000e+00 0.0000e+00 0.0000e+00 0.0000e+00 ] 1.0000e+00
