 0.000e+00 0.0000e+00 0.0000e+00 [ 0.0000e+00 0.0000e+00 0.0000e+00 0.0000e+00 0.0000e+00 ] 1.0000e+00
 1.133e-01 4.1631e-02 4.1631e-02 [ 4.1257e-02 1.8753e-04 8.8769e-05 8.7646e-05 9.8420e-06 ] 9.5837e-01
 2.267e-01 8.1791e-02 8.1791e-02 [ 8.0196e-02 8.0337e-04 3.8025e-04 3.7517e-04 3.6183e-05 ] 9.1821e-01
 3.400e-01 1.1472e-01 1.1472e-01 [ 1.1076e-01 2.0020e-03 9.4749e-04 9.3313e-04 7.6683e-05 ] 8.8528e-01
 4.533e-01 1.5203e-01 1.5203e-01 [ 1.4405e-01 4.0484e-03 1.9157e-03 1.8824e-03 1.3155e-04 ] 8.4797e-01
 5.667e-01 1.9992e-01 1.9992e-01 [ 1.8552e-01 7.3278e-03 3.4669e-03 3.3978e-03 2.0285e-04 ] 8.0008e-01
 6.800e-01 2.6412e-01 2.6412e-01 [ 2.3998e-01 1.2322e-02 5.8283e-03 5.6958e-03 2.9339e-04 ] 7.3588e-01
 7.933e-01 3.4857e-01 3.4857e-01 [ 3.1048e-01 1.9489e-02 9.2162e-03 8.9796e-03 4.0459e-04 ] 6.5143e-01
 9.067e-01 4.5247e-01 4.5247e-01 [ 3.9592e-01 2.8997e-02 1.3709e-02 1.3315e-02 5.3321e-04 ] 5.4753e-01
 1.020e+00 5.6697e-01 5.6697e-01 [ 4.8841e-01 4.0356e-02 1.9073e-02 1.8464e-02 6.6817e-04 ] 4.3303e-01
 1.133e+00 6.7549e-01 6.7549e-01 [ 5.7389e-01 5.2279e-02 2.4699e-02 2.3829e-02 7.9155e-04 ] 3.2451e-01
 1.247e+00 7.6132e-01 7.6132e-01 [ 6.3871e-01 6.3195e-02 2.9844e-02 2.8687e-02 8.8708e-04 ] 2.3868e-01
 1.360e+00 8.1758e-01 8.1758e-01 [ 6.7780e-01 7.2161e-02 3.4061e-02 3.2612e-02 9.5017e-04 ] 1.8241e-01
 1.473e+00 8.4885e-01 8.4885e-01 [ 6.9563e-01 7.9227e-02 3.7375e-02 3.5631e-02 9.8826e-04 ] 1.5115e-01
 1.587e+00 8.6410e-01 8.6410e-01 [ 7.0004e-01 8.4973e-02 4.0060e-02 3.8014e-02 1.0124e-03 ] 1.3590e-01
 1.700e+00 8.7069e-01 8.7069e-01 [ 6.9728e-01 8.9967e-02 4.2383e-02 4.0020e-02 1.0309e-03 ] 1.2931e-01
 1.813e+00 8.7300e-01 8.7300e-01 [ 6.9104e-01 9.4581e-02 4.4519e-02 4.1819e-02 1.0480e-03 ] 1.2700e-01
 1.927e+00 8.7333e-01 8.7333e-01 [ 6.8318e-01 9.9018e-02 4.6566e-02 4.3504e-02 1.0658e-03 ] 1.2667e-01
 2.040e+00 8.7278e-01 8.7278e-01 [ 6.7461e-01 1.0339e-01 4.8573e-02 4.5125e-02 1.0847e-03 ] 1.2722e-01
 2.153e+00 8.7186e-01 8.7186e-01 [ 6.6576e-01 1.0773e-01 5.0564e-02 4.6705e-02 1.1047e-03 ] 1.2814e-01
 2.267e+00 8.7083e-01 8.7083e-01 [ 6.5681e-01 1.1209e-01 5.2552e-02 4.8257e-02 1.1257e-03 ] 1.2917e-01
 2.380e+00 8.6978e-01 8.6978e-01 [ 6.4785e-01 1.1646e-01 5.4541e-02 4.9787e-02 1.1473e-03 ] 1.3022e-01
 2.493e+00 8.6877e-01 8.6877e-01 [ 6.3891e-01 1.2086e-01 5.6536e-02 5.1299e-02 1.1694e-03 ] 1.3123e-01
 2.607e+00 8.6783e-01 8.6783e-01 [ 6.3003e-01 1.2528e-01 5.8536e-02 5.2794e-02 1.1918e-03 ] 1.3217e-01
 2.720e+00 8.6695e-01 8.6695e-01 [ 6.2119e-01 1.2972e-01 6.0543e-02 5.4275e-02 1.2144e-03 ] 1.3305e-01
 2.833e+00 8.6614e-01 8.6614e-01 [ 6.1240e-01 1.3419e-01 6.2557e-02 5.5743e-02 1.2372e-03 ] 1.3386e-01
 2.947e+00 8.6539e-01 8.6539e-01 [ 6.0366e-01 1.3869e-01 6.4579e-02 5.7197e-02 1.2601e-03 ] 1.3461e-01
 3.060e+00 8.6470e-01 8.6470e-01 [ 5.9496e-01 1.4321e-01 6.6607e-02 5.8640e-02 1.2831e-03 ] 1.3530e-01
 3.173e+00 8.6408e-01 8.6408e-01 [ 5.8630e-01 1.4775e-01 6.8644e-02 6.0071e-02 1.3061e-03 ] 1.3592e-01
 3.287e+00 8.6350e-01 8.6350e-01 [ 5.7768e-01 1.5231e-01 7.0688e-02 6.1493e-02 1.3292e-03 ] 1.3650e-01
 3.400e+00 8.6298e-01 8.6298e-01 [ 5.6908e-01 1.5689e-01 7.2740e-02 6.2905e-02 1.3524e-03 ] 1.3702e-01
 3.513e+00 8.6249e-01 8.6249e-01 [ 5.6052e-01 1.6149e-01 7.4800e-02 6.4308e-02 1.3757e-03 ] 1.3751e-01
 3.627e+00 8.6206e-01 8.6206e-01 [ 5.5198e-01 1.6611e-01 7.6868e-02 6.5704e-02 1.3991e-03 ] 1.3794e-01
 3.740e+00 8.6165e-01 8.6165e-01 [ 5.4346e-01 1.7074e-01 7.8945e-02 6.7093e-02 1.4226e-03 ] 1.3835e-01
 3.853e+00 8.6129e-01 8.6129e-01 [ 5.3496e-01 1.7538e-01 8.1030e-02 6.8476e-02 1.4462e-03 ] 1.3871e-01
 3.967e+00 8.6095e-01 8.6095e-01 [ 5.2647e-01 1.8003e-01 8.3125e-02 6.9855e-02 1.4699e-03 ] 1.3905e-01
 4.080e+00 8.6064e-01 8.6064e-01 [ 5.1800e-01 1.8468e-01 8.5230e-02 7.1229e-02 1.4938e-03 ] 1.3936e-01
 4.193e+00 8.6036e-01 8.6036e-01 [ 5.0955e-01 1.8935e-01 8.7344e-02 7.2600e-02 1.5179e-03 ] 1.3964e-01
 4.307e+00 8.6010e-01 8.6010e-01 [ 5.0110e-01 1.9401e-01 8.9468e-02 7.3969e-02 1.5421e-03 ] 1.3990e-01
 4.420e+00 8.5986e-01 8.5986e-01 [ 4.9267e-01 1.9868e-01 9.1603e-02 7.5336e-02 1.5665e-03 ] 1.4014e-01
 4.533e+00 8.5964e-01 8.5964e-01 [ 4.8425e-01 2.0335e-01 9.3749e-02 7.6703e-02 1.5910e-03 ] 1.4036e-01
 4.647e+00 8.5944e-01 8.5944e-01 [ 4.7584e-01 2.0801e-01 9.5906e-02 7.8070e-02 1.6158e-03 ] 1.4056e-01
 4.760e+00 8.5925e-01 8.5925e-01 [ 4.6744e-01 2.1266e-01 9.8075e-02 7.9438e-02 1.6408e-03 ] 1.4075e-01
 4.873e+00 8.5908e-01 8.5908e-01 [ 4.5905e-01 2.1730e-01 1.0026e-01 8.0809e-02 1.6660e-03 ] 1.4092e-01
 4.987e+00 8.5892e-01 8.5892e-01 [ 4.5067e-01 2.2192e-01 1.0245e-01 8.2182e-02 1.6914e-03 ] 1.4108e-01
 5.100e+00 8.5877e-01 8.5877e-01 [ 4.4230e-01 2.2653e-01 1.0466e-01 8.3559e-02 1.7171e-03 ] 1.4123e-01
 5.213e+00 8.5863e-01 8.5863e-01 [ 4.3395e-01 2.3112e-01 1.0688e-01 8.4941e-02 1.7430e-03 ] 1.4137e-01
 5.327e+00 8.5850e-01 8.5850e-01 [ 4.2561e-01 2.3568e-01 1.0911e-01 8.6328e-02 1.7691e-03 ] 1.4150e-01
 5.440e+00 8.5838e-01 8.5838e-01 [ 4.1728e-01 2.4022e-01 1.1136e-01 8.7721e-02 1.7955e-03 ] 1.4162e-01
 5.553e+00 8.5826e-01 8.5826e-01 [ 4.0897e-01 2.4472e-01 1.1362e-01 8.9122e-02 1.8222e-03 ] 1.4174e-01
 5.667e+00 8.5815e-01 8.5815e-01 [ 4.0068e-01 2.4919e-01 1.1590e-01 9.0530e-02 1.8492e-03 ] 1.4185e-01
 5.780e+00 8.5805e-01 8.5805e-01 [ 3.9241e-01 2.5362e-01 1.1820e-01 9.1946e-02 1.8765e-03 ] 1.4195e-01
 5.893e+00 8.5795e-01 8.5795e-01 [ 3.8417e-01 2.5800e-01 1.2051e-01 9.3372e-02 1.9041e-03 ] 1.4205e-01
 6.007e+00 8.5786e-01 8.5786e-01 [ 3.7595e-01 2.6233e-01 1.2283e-01 9.4808e-02 1.9320e-03 ] 1.4214e-01
 6.120e+00 8.5777e-01 8.5777e-01 [ 3.6776e-01 2.6662e-01 1.2518e-01 9.6254e-02 1.9602e-03 ] 1.4223e-01
 6.233e+00 8.5768e-01 8.5768e-01 [ 3.5960e-01 2.7084e-01 1.2754e-01 9.7712e-02 1.9887e-03 ] 1.4232e-01
 6.347e+00 8.5760e-01 8.5760e-01 [ 3.5147e-01 2.7501e-01 1.2992e-01 9.9183e-02 2.0176e-03 ] 1.4240e-01
 6.460e+00 8.5752e-01 8.5752e-01 [ 3.4338e-01 2.7911e-01 1.3231e-01 1.0067e-01 2.0468e-03 ] 1.4248e-01
 6.573e+00 8.5744e-01 8.5744e-01 [ 3.3533e-01 2.8314e-01 1.3473e-01 1.0216e-01 2.0764e-03 ] 1.4256e-01
 6.687e+00 8.5736e-01 8.5736e-01 [ 3.2732e-01 2.8710e-01 1.3716e-01 1.0367e-01 2.1063e-03 ] 1.4264e-01
 6.800e+00 8.5729e-01 8.5729e-01 [ 3.1936e-01 2.9098e-01 1.3961e-01 1.0520e-01 2.1366e-03 ] 1.4271e-01
 6.913e+00 8.5721e-01 8.5721e-01 [ 3.1145e-01 2.9477e-01 1.4208e-01 1.0674e-01 2.1673e-03 ] 1.4279e-01
 7.027e+00 8.5714e-01 8.5714e-01 [ 3.0359e-01 2.9848e-01 1.4458e-01 1.0830e-01 2.1984e-03 ] 1.4286e-01
 7.140e+00 8.5707e-01 8.5707e-01 [ 2.9579e-01 3.0209e-01 1.4709e-01 1.0987e-01 2.2299e-03 ] 1.4293e-01
 7.253e+00 8.5700e-01 8.5700e-01 [ 2.8805e-01 3.0561e-01 1.4962e-01 1.1146e-01 2.2619e-03 ] 1.4300e-01
 7.367e+00 8.5693e-01 8.5693e-01 [ 2.8037e-01 3.0903e-01 1.5217e-01 1.1307e-01 2.2942e-03 ] 1.4307e-01
 7.480e+00 8.5686e-01 8.5686e-01 [ 2.7276e-01 3.1234e-01 1.5474e-01 1.1470e-01 2.3270e-03 ] 1.4314e-01
 7.593e+00 8.5680e-01 8.5680e-01 [ 2.6523e-01 3.1554e-01 1.5733e-01 1.1635e-01 2.3602e-03 ] 1.4320e-01
 7.707e+00 8.5673e-01 8.5673e-01 [ 2.5776e-01 3.1862e-01 1.5994e-01 1.1801e-01 2.3938e-03 ] 1.4327e-01
 7.820e+00 8.5666e-01 8.5666e-01 [ 2.5037e-01 3.2159e-01 1.6257e-01 1.1970e-01 2.4280e-03 ] 1.4334e-01
 7.933e+00 8.5659e-01 8.5659e-01 [ 2.4307e-01 3.2443e-01 1.6522e-01 1.2141e-01 2.4626e-03 ] 1.4341e-01
 8.047e+00 8.5652e-01 8.5652e-01 [ 2.3585e-01 3.2715e-01 1.6789e-01 1.2314e-01 2.4977e-03 ] 1.4348e-01
 8.160e+00 8.5646e-01 8.5646e-01 [ 2.2872e-01 3.2973e-01 1.7058e-01 1.2489e-01 2.5332e-03 ] 1.4354e-01
 8.273e+00 8.5639e-01 8.5639e-01 [ 2.2168e-01 3.3218e-01 1.7330e-01 1.2667e-01 2.5693e-03 ] 1.4361e-01
 8.387e+00 8.5632e-01 8.5632e-01 [ 2.1473e-01 3.3449e-01 1.7603e-01 1.2847e-01 2.6059e-03 ] 1.4368e-01
 8.500e+00 8.5625e-01 8.5625e-01 [ 2.0788e-01 3.3666e-01 1.7878e-01 1.3029e-01 2.6430e-03 ] 1.4375e-01
 8.613e+00 8.5618e-01 8.5618e-01 [ 2.0114e-01 3.3868e-01 1.8155e-01 1.3214e-01 2.6807e-03 ] 1.4382e-01
 8.727e+00 8.5611e-01 8.5611e-01 [ 1.9449e-01 3.4056e-01 1.8434e-01 1.3401e-01 2.7189e-03 ] 1.4389e-01
 8.840e+00 8.5605e-01 8.5605e-01 [ 1.8796e-01 3.4228e-01 1.8714e-01 1.3591e-01 2.7577e-03 ] 1.4395e-01
 8.953e+00 8.5598e-01 8.5598e-01 [ 1.8153e-01 3.4384e-01 1.8997e-01 1.3784e-01 2.7970e-03 ] 1.4402e-01
 9.067e+00 8.5591e-01 8.5591e-01 [ 1.7522e-01 3.4525e-01 1.9281e-01 1.3979e-01 2.8370e-03 ] 1.4409e-01
 9.180e+00 8.5583e-01 8.5583e-01 [ 1.6902e-01 3.4650e-01 1.9567e-01 1.4177e-01 2.8775e-03 ] 1.4416e-01
 9.293e+00 8.5576e-01 8.5576e-01 [ 1.6294e-01 3.4759e-01 1.9854e-01 1.4378e-01 2.9186e-03 ] 1.4424e-01
 9.407e+00 8.5569e-01 8.5569e-01 [ 1.5697e-01 3.4851e-01 2.0143e-01 1.4582e-01 2.9604e-03 ] 1.4431e-01
 9.520e+00 8.5562e-01 8.5562e-01 [ 1.5113e-01 3.4926e-01 2.0433e-01 1.4789e-01 3.0028e-03 ] 1.4438e-01
 9.633e+00 8.5555e-01 8.5555e-01 [ 1.4541e-01 3.4985e-01 2.0725e-01 1.4999e-01 3.0458e-03 ] 1.4445e-01
 9.747e+00 8.5547e-01 8.5547e-01 [ 1.3981e-01 3.5027e-01 2.1018e-01 1.5212e-01 3.0895e-03 ] 1.4453e-01
 9.860e+00 8.5540e-01 8.5540e-01 [ 1.3434e-01 3.5052e-01 2.1312e-01 1.5428e-01 3.1339e-03 ] 1.4460e-01
 9.973e+00 8.5533e-01 8.5533e-01 [ 1.2900e-01 3.5059e-01 2.1608e-01 1.5648e-01 3.1790e-03 ] 1.4467e-01
 1.009e+01 8.5525e-01 8.5525e-01 [ 1.2379e-01 3.5050e-01 2.1904e-01 1.5871e-01 3.2247e-03 ] 1.4475e-01
 1.020e+01 8.5518e-01 8.5518e-01 [ 1.1870e-01 3.5023e-01 2.2201e-01 1.6097e-01 3.2712e-03 ] 1.4482e-01
 1.031e+01 8.5510e-01 8.5510e-01 [ 1.1374e-01 3.4978e-01 2.2498e-01 1.6327e-01 3.3184e-03 ] 1.4490e-01
 1.043e+01 8.5502e-01 8.5502e-01 [ 1.0892e-01 3.4917e-01 2.2796e-01 1.6561e-01 3.3664e-03 ] 1.4498e-01
 1.054e+01 8.5495e-01 8.5495e-01 [ 1.0422e-01 3.4838e-01 2.3095e-01 1.6798e-01 3.4151e-03 ] 1.4505e-01
 1.065e+01 8.5487e-01 8.5487e-01 [ 9.9660e-02 3.4742e-01 2.3393e-01 1.7039e-01 3.4645e-03 ] 1.4513e-01
 1.077e+01 8.5479e-01 8.5479e-01 [ 9.5227e-02 3.4629e-01 2.3692e-01 1.7283e-01 3.5148e-03 ] 1.4521e-01
 1.088e+01 8.5471e-01 8.5471e-01 [ 9.0925e-02 3.4499e-01 2.3991e-01 1.7532e-01 3.5658e-03 ] 1.4529e-01
 1.099e+01 8.5463e-01 8.5463e-01 [ 8.6753e-02 3.4353e-01 2.4289e-01 1.7785e-01 3.6177e-03 ] 1.4537e-01
 1.111e+01 8.5455e-01 8.5455e-01 [ 8.2710e-02 3.4189e-01 2.4587e-01 1.8041e-01 3.6703e-03 ] 1.4545e-01
 1.122e+01 8.5447e-01 8.5447e-01 [ 7.8797e-02 3.4009e-01 2.4884e-01 1.8302e-01 3.7238e-03 ] 1.4553e-01
 1.133e+01 8.5439e-01 8.5439e-01 [ 7.5011e-02 3.3813e-01 2.5180e-01 1.8567e-01 3.7782e-03 ] 1.4561e-01
 1.145e+01 8.5431e-01 8.5431e-01 [ 7.1353e-02 3.3601e-01 2.5475e-01 1.8837e-01 3.8334e-03 ] 1.4569e-01
 1.156e+01 8.5423e-01 8.5423e-01 [ 6.7820e-02 3.3373e-01 2.5768e-01 1.9111e-01 3.8895e-03 ] 1.4577e-01
 1.167e+01 8.5414e-01 8.5414e-01 [ 6.4413e-02 3.3129e-01 2.6060e-01 1.9389e-01 3.9465e-03 ] 1.4586e-01
 1.179e+01 8.5406e-01 8.5406e-01 [ 6.1128e-02 3.2870e-01 2.6350e-01 1.9672e-01 4.0043e-03 ] 1.4594e-01
 1.190e+01 8.5398e-01 8.5398e-01 [ 5.7964e-02 3.2597e-01 2.6639e-01 1.9960e-01 4.0631e-03 ] 1.4602e-01
 1.201e+01 8.5389e-01 8.5389e-01 [ 5.4920e-02 3.2308e-01 2.6924e-01 2.0252e-01 4.1228e-03 ] 1.4611e-01
 1.213e+01 8.5381e-01 8.5381e-01 [ 5.1993e-02 3.2006e-01 2.7208e-01 2.0550e-01 4.1834e-03 ] 1.4619e-01
 1.224e+01 8.5373e-01 8.5373e-01 [ 4.9183e-02 3.1690e-01 2.7488e-01 2.0852e-01 4.2450e-03 ] 1.4627e-01
 1.235e+01 8.5364e-01 8.5364e-01 [ 4.6486e-02 3.1360e-01 2.7765e-01 2.1160e-01 4.3075e-03 ] 1.4636e-01
 1.247e+01 8.5356e-01 8.5356e-01 [ 4.3900e-02 3.1017e-01 2.8039e-01 2.1472e-01 4.3709e-03 ] 1.4644e-01
 1.258e+01 8.5348e-01 8.5348e-01 [ 4.1423e-02 3.0662e-01 2.8310e-01 2.1790e-01 4.4353e-03 ] 1.4652e-01
 1.269e+01 8.5339e-01 8.5339e-01 [ 3.9053e-02 3.0295e-01 2.8576e-01 2.2114e-01 4.5007e-03 ] 1.4661e-01
 1.281e+01 8.5331e-01 8.5331e-01 [ 3.6787e-02 2.9915e-01 2.8838e-01 2.2442e-01 4.5670e-03 ] 1.4669e-01
 1.292e+01 8.5323e-01 8.5323e-01 [ 3.4622e-02 2.9525e-01 2.9095e-01 2.2777e-01 4.6343e-03 ] 1.4677e-01
 1.303e+01 8.5315e-01 8.5315e-01 [ 3.2557e-02 2.9124e-01 2.9348e-01 2.3117e-01 4.7025e-03 ] 1.4685e-01
 1.315e+01 8.5307e-01 8.5307e-01 [ 3.0588e-02 2.8713e-01 2.9596e-01 2.3462e-01 4.7718e-03 ] 1.4693e-01
 1.326e+01 8.5299e-01 8.5299e-01 [ 2.8712e-02 2.8292e-01 2.9838e-01 2.3813e-01 4.8420e-03 ] 1.4701e-01
 1.337e+01 8.5291e-01 8.5291e-01 [ 2.6928e-02 2.7862e-01 3.0075e-01 2.4171e-01 4.9131e-03 ] 1.4709e-01
 1.349e+01 8.5283e-01 8.5283e-01 [ 2.5232e-02 2.7423e-01 3.0305e-01 2.4534e-01 4.9853e-03 ] 1.4717e-01
 1.360e+01 8.5276e-01 8.5276e-01 [ 2.3621e-02 2.6976e-01 3.0530e-01 2.4902e-01 5.0583e-03 ] 1.4724e-01
 1.371e+01 8.5269e-01 8.5269e-01 [ 2.2092e-02 2.6521e-01 3.0747e-01 2.5277e-01 5.1324e-03 ] 1.4731e-01
 1.383e+01 8.5262e-01 8.5262e-01 [ 2.0644e-02 2.6060e-01 3.0958e-01 2.5658e-01 5.2073e-03 ] 1.4738e-01
 1.394e+01 8.5255e-01 8.5255e-01 [ 1.9272e-02 2.5592e-01 3.1162e-01 2.6046e-01 5.2832e-03 ] 1.4745e-01
 1.405e+01 8.5249e-01 8.5249e-01 [ 1.7975e-02 2.5118e-01 3.1359e-01 2.6439e-01 5.3599e-03 ] 1.4751e-01
 1.417e+01 8.5243e-01 8.5243e-01 [ 1.6749e-02 2.4638e-01 3.1548e-01 2.6838e-01 5.4375e-03 ] 1.4757e-01
 1.428e+01 8.5237e-01 8.5237e-01 [ 1.5592e-02 2.4154e-01 3.1729e-01 2.7244e-01 5.5160e-03 ] 1.4763e-01
 1.439e+01 8.5232e-01 8.5232e-01 [ 1.4501e-02 2.3666e-01 3.1902e-01 2.7655e-01 5.5953e-03 ] 1.4768e-01
 1.451e+01 8.5227e-01 8.5227e-01 [ 1.3473e-02 2.3173e-01 3.2066e-01 2.8073e-01 5.6755e-03 ] 1.4773e-01
 1.462e+01 8.5223e-01 8.5223e-01 [ 1.2505e-02 2.2678e-01 3.2222e-01 2.8497e-01 5.7564e-03 ] 1.4777e-01
 1.473e+01 8.5220e-01 8.5220e-01 [ 1.1596e-02 2.2180e-01 3.2370e-01 2.8927e-01 5.8380e-03 ] 1.4780e-01
 1.485e+01 8.5217e-01 8.5217e-01 [ 1.0742e-02 2.1681e-01 3.2508e-01 2.9363e-01 5.9203e-03 ] 1.4782e-01
 1.496e+01 8.5216e-01 8.5216e-01 [ 9.9404e-03 2.1179e-01 3.2637e-01 2.9805e-01 6.0033e-03 ] 1.4784e-01
 1.507e+01 8.5215e-01 8.5215e-01 [ 9.1896e-03 2.0677e-01 3.2758e-01 3.0252e-01 6.0869e-03 ] 1.4785e-01
 1.519e+01 8.5216e-01 8.5216e-01 [ 8.4867e-03 2.0175e-01 3.2869e-01 3.0706e-01 6.1710e-03 ] 1.4784e-01
 1.530e+01 8.5217e-01 8.5217e-01 [ 7.8295e-03 1.9673e-01 3.2970e-01 3.1165e-01 6.2556e-03 ] 1.4783e-01
 1.541e+01 8.5220e-01 8.5220e-01 [ 7.2157e-03 1.9172e-01 3.3063e-01 3.1630e-01 6.3407e-03 ] 1.4780e-01
 1.553e+01 8.5225e-01 8.5225e-01 [ 6.6429e-03 1.8673e-01 3.3145e-01 3.2100e-01 6.4262e-03 ] 1.4775e-01
 1.564e+01 8.5231e-01 8.5231e-01 [ 6.1092e-03 1.8175e-01 3.3219e-01 3.2575e-01 6.5120e-03 ] 1.4769e-01
 1.575e+01 8.5239e-01 8.5239e-01 [ 5.6122e-03 1.7680e-01 3.3283e-01 3.3055e-01 6.5981e-03 ] 1.4761e-01
 1.587e+01 8.5250e-01 8.5250e-01 [ 5.1501e-03 1.7188e-01 3.3338e-01 3.3540e-01 6.6843e-03 ] 1.4750e-01
 1.598e+01 8.5262e-01 8.5262e-01 [ 4.7209e-03 1.6700e-01 3.3383e-01 3.4030e-01 6.7706e-03 ] 1.4738e-01
 1.609e+01 8.5277e-01 8.5277e-01 [ 4.3227e-03 1.6216e-01 3.3419e-01 3.4524e-01 6.8569e-03 ] 1.4723e-01
 1.621e+01 8.5295e-01 8.5295e-01 [ 3.9537e-03 1.5737e-01 3.3447e-01 3.5022e-01 6.9432e-03 ] 1.4705e-01
 1.632e+01 8.5316e-01 8.5316e-01 [ 3.6121e-03 1.5263e-01 3.3466e-01 3.5523e-01 7.0293e-03 ] 1.4684e-01
 1.643e+01 8.5341e-01 8.5341e-01 [ 3.2963e-03 1.4795e-01 3.3477e-01 3.6028e-01 7.1152e-03 ] 1.4659e-01
 1.655e+01 8.5369e-01 8.5369e-01 [ 3.0047e-03 1.4334e-01 3.3479e-01 3.6536e-01 7.2007e-03 ] 1.4631e-01
 1.666e+01 8.5402e-01 8.5402e-01 [ 2.7358e-03 1.3879e-01 3.3474e-01 3.7047e-01 7.2858e-03 ] 1.4598e-01
 1.677e+01 8.5439e-01 8.5439e-01 [ 2.4880e-03 1.3432e-01 3.3461e-01 3.7560e-01 7.3703e-03 ] 1.4561e-01
 1.689e+01 8.5481e-01 8.5481e-01 [ 2.2601e-03 1.2993e-01 3.3442e-01 3.8075e-01 7.4541e-03 ] 1.4519e-01
 1.700e+01 8.5529e-01 8.5529e-01 [ 2.0507e-03 1.2562e-01 3.3416e-01 3.8591e-01 7.5372e-03 ] 1.4471e-01
 1.711e+01 8.5582e-01 8.5582e-01 [ 1.8584e-03 1.2141e-01 3.3385e-01 3.9108e-01 7.6195e-03 ] 1.4418e-01
 1.723e+01 8.5642e-01 8.5642e-01 [ 1.6823e-03 1.1729e-01 3.3348e-01 3.9626e-01 7.7007e-03 ] 1.4358e-01
 1.734e+01 8.5709e-01 8.5709e-01 [ 1.5211e-03 1.1328e-01 3.3306e-01 4.0145e-01 7.7809e-03 ] 1.4291e-01
 1.745e+01 8.5783e-01 8.5783e-01 [ 1.3737e-03 1.0937e-01 3.3261e-01 4.0662e-01 7.8598e-03 ] 1.4217e-01
 1.757e+01 8.5866e-01 8.5866e-01 [ 1.2392e-03 1.0557e-01 3.3212e-01 4.1180e-01 7.9374e-03 ] 1.4134e-01
 1.768e+01 8.5957e-01 8.5957e-01 [ 1.1165e-03 1.0188e-01 3.3160e-01 4.1695e-01 8.0136e-03 ] 1.4043e-01
 1.779e+01 8.6058e-01 8.6058e-01 [ 1.0050e-03 9.8321e-02 3.3107e-01 4.2209e-01 8.0883e-03 ] 1.3942e-01
 1.791e+01 8.6168e-01 8.6168e-01 [ 9.0356e-04 9.4885e-02 3.3052e-01 4.2721e-01 8.1613e-03 ] 1.3832e-01
 1.802e+01 8.6289e-01 8.6289e-01 [ 8.1156e-04 9.1579e-02 3.2997e-01 4.3230e-01 8.2325e-03 ] 1.3711e-01
 1.813e+01 8.6421e-01 8.6421e-01 [ 7.2825e-04 8.8408e-02 3.2943e-01 4.3735e-01 8.3020e-03 ] 1.3578e-01
 1.825e+01 8.6565e-01 8.6565e-01 [ 6.5294e-04 8.5376e-02 3.2890e-01 4.4236e-01 8.3697e-03 ] 1.3434e-01
 1.836e+01 8.6722e-01 8.6722e-01 [ 5.8500e-04 8.2487e-02 3.2838e-01 4.4733e-01 8.4356e-03 ] 1.3278e-01
 1.847e+01 8.6891e-01 8.6891e-01 [ 5.2385e-04 7.9747e-02 3.2790e-01 4.5224e-01 8.4999e-03 ] 1.3109e-01
 1.859e+01 8.7073e-01 8.7073e-01 [ 4.6894e-04 7.7157e-02 3.2745e-01 4.5709e-01 8.5630e-03 ] 1.2927e-01
 1.870e+01 8.7268e-01 8.7268e-01 [ 4.1977e-04 7.4723e-02 3.2704e-01 4.6188e-01 8.6255e-03 ] 1.2732e-01
 1.881e+01 8.7477e-01 8.7477e-01 [ 3.7589e-04 7.2447e-02 3.2667e-01 4.6658e-01 8.6884e-03 ] 1.2523e-01
 1.893e+01 8.7697e-01 8.7697e-01 [ 3.3687e-04 7.0331e-02 3.2635e-01 4.7119e-01 8.7536e-03 ] 1.2303e-01
 1.904e+01 8.7926e-01 8.7926e-01 [ 3.0233e-04 6.8377e-02 3.2608e-01 4.7568e-01 8.8236e-03 ] 1.2074e-01
 1.915e+01 8.8158e-01 8.8158e-01 [ 2.7190e-04 6.6583e-02 3.2583e-01 4.7999e-01 8.9020e-03 ] 1.1842e-01
 1.927e+01 8.8376e-01 8.8376e-01 [ 2.4524e-04 6.4940e-02 3.2555e-01 4.8404e-01 8.9935e-03 ] 1.1624e-01
 1.938e+01 8.8547e-01 8.8547e-01 [ 2.2200e-04 6.3427e-02 3.2512e-01 4.8760e-01 9.1030e-03 ] 1.1453e-01
 1.949e+01 8.8587e-01 8.8587e-01 [ 2.0176e-04 6.1990e-02 3.2424e-01 4.9021e-01 9.2333e-03 ] 1.1413e-01
 1.961e+01 8.8310e-01 8.8310e-01 [ 1.8396e-04 6.0505e-02 3.2224e-01 4.9080e-01 9.3784e-03 ] 1.1690e-01
 1.972e+01 8.7296e-01 8.7296e-01 [ 1.6767e-04 5.8697e-02 3.1760e-01 4.8699e-01 9.5083e-03 ] 1.2704e-01
 1.983e+01 8.4703e-01 8.4703e-01 [ 1.5133e-04 5.6022e-02 3.0728e-01 4.7403e-01 9.5414e-03 ] 1.5298e-01
 1.995e+01 7.9224e-01 7.9224e-01 [ 1.3284e-04 5.1648e-02 2.8659e-01 4.4455e-01 9.3248e-03 ] 2.0776e-01
 2.006e+01 6.9797e-01 6.9797e-01 [ 1.1070e-04 4.4924e-02 2.5175e-01 3.9250e-01 8.6920e-03 ] 3.0203e-01
 2.017e+01 5.6965e-01 5.6965e-01 [ 8.5980e-05 3.6237e-02 2.0482e-01 3.2089e-01 7.6200e-03 ] 4.3035e-01
 2.029e+01 4.3039e-01 4.3039e-01 [ 6.2071e-05 2.7072e-02 1.5419e-01 2.4277e-01 6.2952e-03 ] 5.6960e-01
 2.040e+01 3.0493e-01 3.0493e-01 [ 4.2112e-05 1.8963e-02 1.0877e-01 1.7217e-01 4.9753e-03 ] 6.9507e-01
 2.051e+01 2.0626e-01 2.0626e-01 [ 2.7296e-05 1.2673e-02 7.3183e-02 1.1654e-01 3.8334e-03 ] 7.9374e-01
 2.063e+01 1.3545e-01 1.3545e-01 [ 1.7168e-05 8.2122e-03 4.7735e-02 7.6556e-02 2.9259e-03 ] 8.6455e-01
 2.074e+01 8.7488e-02 8.7488e-02 [ 1.0604e-05 5.2249e-03 3.0568e-02 4.9449e-02 2.2358e-03 ] 9.1251e-01
 2.085e+01 5.6107e-02 5.6107e-02 [ 6.4872e-06 3.2925e-03 1.9387e-02 3.1700e-02 1.7201e-03 ] 9.4389e-01
 2.097e+01 3.5956e-02 3.5956e-02 [ 3.9525e-06 2.0668e-03 1.2249e-02 2.0301e-02 1.3352e-03 ] 9.6404e-01
 2.108e+01 2.3129e-02 2.3129e-02 [ 2.4069e-06 1.2971e-03 7.7384e-03 1.3045e-02 1.0459e-03 ] 9.7687e-01
 2.119e+01 1.4982e-02 1.4982e-02 [ 1.4682e-06 8.1577e-04 4.8992e-03 8.4394e-03 8.2592e-04 ] 9.8502e-01
 2.131e+01 9.7954e-03 9.7954e-03 [ 8.9827e-07 5.1482e-04 3.1127e-03 5.5102e-03 6.5679e-04 ] 9.9020e-01
 2.142e+01 6.4770e-03 6.4770e-03 [ 5.5166e-07 3.2628e-04 1.9863e-03 3.6385e-03 5.2536e-04 ] 9.9352e-01
 2.153e+01 4.3383e-03 4.3383e-03 [ 3.4022e-07 2.0777e-04 1.2737e-03 2.4343e-03 4.2229e-04 ] 9.9566e-01
 2.165e+01 2.9476e-03 2.9476e-03 [ 2.1075e-07 1.3296e-04 8.2081e-04 1.6528e-03 3.4086e-04 ] 9.9705e-01
 2.176e+01 2.0339e-03 2.0339e-03 [ 1.3114e-07 8.5513e-05 5.3170e-04 1.1405e-03 2.7612e-04 ] 9.9797e-01
 2.187e+01 1.4267e-03 1.4267e-03 [ 8.1967e-08 5.5276e-05 3.4620e-04 8.0078e-04 2.2438e-04 ] 9.9857e-01
 2.199e+01 1.0180e-03 1.0180e-03 [ 5.1460e-08 3.5909e-05 2.2657e-04 5.7262e-04 1.8287e-04 ] 9.9898e-01
 2.210e+01 7.3913e-04 7.3913e-04 [ 3.2448e-08 2.3442e-05 1.4902e-04 4.1721e-04 1.4942e-04 ] 9.9926e-01
 2.221e+01 5.4603e-04 5.4603e-04 [ 2.0547e-08 1.5377e-05 9.8498e-05 3.0973e-04 1.2240e-04 ] 9.9945e-01
 2.233e+01 4.1024e-04 4.1024e-04 [ 1.3065e-08 1.0134e-05 6.5417e-05 2.3418e-04 1.0050e-04 ] 9.9959e-01
 2.244e+01 3.1322e-04 3.1322e-04 [ 8.3405e-09 6.7090e-06 4.3650e-05 1.8016e-04 8.2701e-05 ] 9.9969e-01
 2.255e+01 2.4277e-04 2.4277e-04 [ 5.3451e-09 4.4614e-06 2.9258e-05 1.4085e-04 6.8201e-05 ] 9.9976e-01
 2.267e+01 1.9078e-04 1.9078e-04 [ 3.4383e-09 2.9796e-06 1.9699e-05 1.1174e-04 5.6359e-05 ] 9.9981e-01
 2.278e+01 1.5179e-04 1.5179e-04 [ 2.2198e-09 1.9983e-06 1.3320e-05 8.9804e-05 4.6667e-05 ] 9.9985e-01
 2.289e+01 1.2211e-04 1.2211e-04 [ 1.4381e-09 1.3456e-06 9.0443e-06 7.3005e-05 3.8717e-05 ] 9.9988e-01
 2.301e+01 9.9194e-05 9.9194e-05 [ 9.3485e-10 9.0971e-07 6.1661e-06 5.9937e-05 3.2181e-05 ] 9.9990e-01
 2.312e+01 8.1261e-05 8.1261e-05 [ 6.0968e-10 6.1737e-07 4.2205e-06 4.9625e-05 2.6797e-05 ] 9.9992e-01
 2.323e+01 6.7058e-05 6.7058e-05 [ 3.9887e-10 4.2053e-07 2.8999e-06 4.1384e-05 2.2354e-05 ] 9.9993e-01
 2.335e+01 5.5688e-05 5.5688e-05 [ 2.6174e-10 2.8749e-07 1.9999e-06 3.4722e-05 1.8679e-05 ] 9.9994e-01
 2.346e+01 4.6498e-05 4.6498e-05 [ 1.7225e-10 1.9722e-07 1.3842e-06 2.9282e-05 1.5634e-05 ] 9.9995e-01
 2.357e+01 3.9007e-05 3.9007e-05 [ 1.1368e-10 1.3575e-07 9.6143e-07 2.4803e-05 1.3107e-05 ] 9.9996e-01
 2.369e+01 3.2856e-05 3.2856e-05 [ 7.5231e-11 9.3750e-08 6.7005e-07 2.1086e-05 1.1006e-05 ] 9.9997e-01
 2.380e+01 2.7772e-05 2.7772e-05 [ 4.9915e-11 6.4950e-08 4.6852e-07 1.7983e-05 9.2554e-06 ] 9.9997e-01
 2.391e+01 2.3546e-05 2.3546e-05 [ 3.3201e-11 4.5135e-08 3.2865e-07 1.5377e-05 7.7949e-06 ] 9.9998e-01
 2.403e+01 2.0017e-05 2.0017e-05 [ 2.2137e-11 3.1459e-08 2.3125e-07 1.3180e-05 6.5744e-06 ] 9.9998e-01
 2.414e+01 1.7058e-05 1.7058e-05 [ 1.4794e-11 2.1991e-08 1.6321e-07 1.1320e-05 5.5527e-06 ] 9.9998e-01
 2.425e+01 1.4566e-05 1.4566e-05 [ 9.9086e-12 1.5415e-08 1.1552e-07 9.7390e-06 4.6961e-06 ] 9.9999e-01
 2.437e+01 1.2462e-05 1.2462e-05 [ 6.6508e-12 1.0835e-08 8.2000e-08 8.3921e-06 3.9769e-06 ] 9.9999e-01
 2.448e+01 1.0680e-05 1.0680e-05 [ 4.4732e-12 7.6353e-09 5.8365e-08 7.2414e-06 3.3722e-06 ] 9.9999e-01
 2.459e+01 9.1663e-06 9.1663e-06 [ 3.0145e-12 5.3944e-09 4.1652e-08 6.2563e-06 2.8629e-06 ] 9.9999e-01
 2.471e+01 7.8783e-06 7.8783e-06 [ 2.0354e-12 3.8205e-09 2.9802e-08 5.4112e-06 2.4335e-06 ] 9.9999e-01
 2.482e+01 6.7800e-06 6.7800e-06 [ 1.3767e-12 2.7122e-09 2.1376e-08 4.6851e-06 2.0709e-06 ] 9.9999e-01
 2.493e+01 5.8417e-06 5.8417e-06 [ 9.3281e-13 1.9299e-09 1.5370e-08 4.0601e-06 1.7643e-06 ] 9.9999e-01
 2.505e+01 5.0387e-06 5.0387e-06 [ 6.3309e-13 1.3762e-09 1.1077e-08 3.5215e-06 1.5047e-06 ] 9.9999e-01
 2.516e+01 4.3505e-06 4.3505e-06 [ 4.3035e-13 9.8354e-10 8.0013e-09 3.0568e-06 1.2847e-06 ] 1.0000e+00
 2.527e+01 3.7599e-06 3.7599e-06 [ 2.9297e-13 7.0435e-10 5.7924e-09 2.6554e-06 1.0980e-06 ] 1.0000e+00
 2.539e+01 3.2523e-06 3.2523e-06 [ 1.9974e-13 5.0542e-10 4.2022e-09 2.3082e-06 9.3936e-07 ] 1.0000e+00
 2.550e+01 2.8156e-06 2.8156e-06 [ 1.3636e-13 3.6337e-10 3.0549e-09 2.0078e-06 8.0441e-07 ] 1.0000e+00
 2.561e+01 2.4394e-06 2.4394e-06 [ 9.3215e-14 2.6174e-10 2.2253e-09 1.7474e-06 6.8949e-07 ] 1.0000e+00
 2.573e+01 2.1151e-06 2.1151e-06 [ 6.3800e-14 1.8887e-10 1.6242e-09 1.5217e-06 5.9153e-07 ] 1.0000e+00
 2.584e+01 1.8351e-06 1.8351e-06 [ 4.3719e-14 1.3653e-10 1.1877e-09 1.3259e-06 5.0792e-07 ] 1.0000e+00
 2.595e+01 1.5933e-06 1.5933e-06 [ 2.9992e-14 9.8856e-11 8.7015e-10 1.1558e-06 4.3651e-07 ] 1.0000e+00
 2.607e+01 1.3842e-06 1.3842e-06 [ 2.0597e-14 7.1695e-11 6.3864e-10 1.0081e-06 3.7544e-07 ] 1.0000e+00
 2.618e+01 1.2033e-06 1.2033e-06 [ 1.4160e-14 5.2078e-11 4.6956e-10 8.7959e-07 3.2317e-07 ] 1.0000e+00
 2.629e+01 1.0466e-06 1.0466e-06 [ 9.7434e-15 3.7886e-11 3.4585e-10 7.6781e-07 2.7840e-07 ] 1.0000e+00
 2.641e+01 9.1079e-07 9.1079e-07 [ 6.7106e-15 2.7601e-11 2.5517e-10 6.7051e-07 2.4000e-07 ] 1.0000e+00
 2.652e+01 7.9302e-07 7.9302e-07 [ 4.6258e-15 2.0136e-11 1.8858e-10 5.8577e-07 2.0705e-07 ] 1.0000e+00
 2.663e+01 6.9082e-07 6.9082e-07 [ 3.1912e-15 1.4711e-11 1.3961e-10 5.1192e-07 1.7875e-07 ] 1.0000e+00
 2.675e+01 6.0207e-07 6.0207e-07 [ 2.2032e-15 1.0761e-11 1.0353e-10 4.4754e-07 1.5442e-07 ] 1.0000e+00
 2.686e+01 5.2495e-07 5.2495e-07 [ 1.5221e-15 7.8812e-12 7.6905e-11 3.9138e-07 1.3349e-07 ] 1.0000e+00
 2.697e+01 4.5791e-07 4.5791e-07 [ 1.0523e-15 5.7792e-12 5.7227e-11 3.4238e-07 1.1547e-07 ] 1.0000e+00
 2.709e+01 3.9959e-07 3.9959e-07 [ 7.2798e-16 4.2428e-12 4.2661e-11 2.9960e-07 9.9937e-08 ] 1.0000e+00
 2.720e+01 3.4883e-07 3.4883e-07 [ 5.0389e-16 3.1183e-12 3.1862e-11 2.6224e-07 8.6549e-08 ] 1.0000e+00
 2.731e+01 3.0463e-07 3.0463e-07 [ 3.4897e-16 2.2943e-12 2.3842e-11 2.2960e-07 7.4996e-08 ] 1.0000e+00
 2.743e+01 2.6612e-07 2.6612e-07 [ 2.4180e-16 1.6898e-12 1.7878e-11 2.0108e-07 6.5021e-08 ] 1.0000e+00
 2.754e+01 2.3256e-07 2.3256e-07 [ 1.6762e-16 1.2458e-12 1.3436e-11 1.7614e-07 5.6403e-08 ] 1.0000e+00
 2.765e+01 2.0330e-07 2.0330e-07 [ 1.1624e-16 9.1934e-13 1.0122e-11 1.5433e-07 4.8952e-08 ] 1.0000e+00
 2.777e+01 1.7777e-07 1.7777e-07 [ 8.0647e-17 6.7905e-13 7.6448e-12 1.3525e-07 4.2507e-08 ] 1.0000e+00
 2.788e+01 1.5549e-07 1.5549e-07 [ 5.5970e-17 5.0200e-13 5.7906e-12 1.1856e-07 3.6928e-08 ] 1.0000e+00
 2.799e+01 1.3604e-07 1.3604e-07 [ 3.8857e-17 3.7143e-13 4.4001e-12 1.0394e-07 3.2095e-08 ] 1.0000e+00
 2.811e+01 1.1906e-07 1.1906e-07 [ 2.6984e-17 2.7505e-13 3.3553e-12 9.1146e-08 2.7908e-08 ] 1.0000e+00
 2.822e+01 1.0422e-07 1.0422e-07 [ 1.8743e-17 2.0383e-13 2.5687e-12 7.9940e-08 2.4277e-08 ] 1.0000e+00
 2.833e+01 9.1253e-08 9.1253e-08 [ 1.3022e-17 1.5117e-13 1.9750e-12 7.0123e-08 2.1128e-08 ] 1.0000e+00
 2.845e+01 7.9918e-08 7.9918e-08 [ 9.0492e-18 1.1219e-13 1.5259e-12 6.1522e-08 1.8394e-08 ] 1.0000e+00
 2.856e+01 7.0006e-08 7.0006e-08 [ 6.2894e-18 8.3321e-14 1.1853e-12 5.3984e-08 1.6020e-08 ] 1.0000e+00
 2.867e+01 6.1335e-08 6.1335e-08 [ 4.3718e-18 6.1920e-14 9.2610e-13 4.7376e-08 1.3958e-08 ] 1.0000e+00
 2.879e+01 5.3750e-08 5.3750e-08 [ 3.0393e-18 4.6045e-14 7.2824e-13 4.1583e-08 1.2166e-08 ] 1.0000e+00
 2.890e+01 4.7111e-08 4.7111e-08 [ 2.1130e-18 3.4261e-14 5.7662e-13 3.6503e-08 1.0607e-08 ] 1.0000e+00
 2.901e+01 4.1299e-08 4.1299e-08 [ 1.4692e-18 2.5507e-14 4.5995e-13 3.2047e-08 9.2516e-09 ] 1.0000e+00
 2.913e+01 3.6211e-08 3.6211e-08 [ 1.0215e-18 1.9000e-14 3.6976e-13 2.8139e-08 8.0717e-09 ] 1.0000e+00
 2.924e+01 3.1754e-08 3.1754e-08 [ 7.1031e-19 1.4161e-14 2.9966e-13 2.4710e-08 7.0444e-09 ] 1.0000e+00
 2.935e+01 2.7851e-08 2.7851e-08 [ 4.9389e-19 1.0559e-14 2.4486e-13 2.1701e-08 6.1498e-09 ] 1.0000e+00
 2.947e+01 2.4430e-08 2.4430e-08 [ 3.4340e-19 7.8772e-15 2.0177e-13 1.9060e-08 5.3703e-09 ] 1.0000e+00
 2.958e+01 2.1433e-08 2.1433e-08 [ 2.3875e-19 5.8792e-15 1.6763e-13 1.6742e-08 4.6909e-09 ] 1.0000e+00
 2.969e+01 1.8806e-08 1.8806e-08 [ 1.6598e-19 4.3899e-15 1.4040e-13 1.4707e-08 4.0986e-09 ] 1.0000e+00
 2.981e+01 1.6503e-08 1.6503e-08 [ 1.1538e-19 3.2792e-15 1.1851e-13 1.2921e-08 3.5820e-09 ] 1.0000e+00
 2.992e+01 1.4484e-08 1.4484e-08 [ 8.0193e-20 2.4504e-15 1.0076e-13 1.1352e-08 3.1312e-09 ] 1.0000e+00
 3.003e+01 1.2713e-08 1.2713e-08 [ 5.5732e-20 1.8318e-15 8.6256e-14 9.9750e-09 2.7379e-09 ] 1.0000e+00
 3.015e+01 1.1160e-08 1.1160e-08 [ 3.8726e-20 1.3699e-15 7.4299e-14 8.7653e-09 2.3945e-09 ] 1.0000e+00
 3.026e+01 9.7975e-09 9.7975e-09 [ 2.6904e-20 1.0248e-15 6.4361e-14 7.7028e-09 2.0947e-09 ] 1.0000e+00
 3.037e+01 8.6023e-09 8.6023e-09 [ 1.8688e-20 7.6683e-16 5.6033e-14 6.7695e-09 1.8328e-09 ] 1.0000e+00
 3.049e+01 7.5536e-09 7.5536e-09 [ 1.2978e-20 5.7400e-16 4.8997e-14 5.9496e-09 1.6039e-09 ] 1.0000e+00
 3.060e+01 6.6333e-09 6.6333e-09 [ 9.0112e-21 4.2977e-16 4.3010e-14 5.2293e-09 1.4039e-09 ] 1.0000e+00
 3.071e+01 5.8256e-09 5.8256e-09 [ 6.2552e-21 3.2188e-16 3.7880e-14 4.5964e-09 1.2291e-09 ] 1.0000e+00
 3.083e+01 5.1166e-09 5.1166e-09 [ 4.3411e-21 2.4113e-16 3.3455e-14 4.0403e-09 1.0763e-09 ] 1.0000e+00
 3.094e+01 4.4943e-09 4.4943e-09 [ 3.0119e-21 1.8068e-16 2.9617e-14 3.5516e-09 9.4260e-10 ] 1.0000e+00
 3.105e+01 3.9479e-09 3.9479e-09 [ 2.0891e-21 1.3542e-16 2.6270e-14 3.1222e-09 8.2567e-10 ] 1.0000e+00
 3.117e+01 3.4682e-09 3.4682e-09 [ 1.4486e-21 1.0152e-16 2.3340e-14 2.7448e-09 7.2336e-10 ] 1.0000e+00
 3.128e+01 3.0469e-09 3.0469e-09 [ 1.0042e-21 7.6116e-17 2.0763e-14 2.4131e-09 6.3383e-10 ] 1.0000e+00
 3.139e+01 2.6770e-09 2.6770e-09 [ 6.9590e-22 5.7083e-17 1.8489e-14 2.1215e-09 5.5546e-10 ] 1.0000e+00
 3.151e+01 2.3521e-09 2.3521e-09 [ 4.8210e-22 4.2817e-17 1.6478e-14 1.8652e-09 4.8685e-10 ] 1.0000e+00
 3.162e+01 2.0667e-09 2.0667e-09 [ 3.3387e-22 3.2121e-17 1.4694e-14 1.6399e-09 4.2678e-10 ] 1.0000e+00
 3.173e+01 1.8161e-09 1.8161e-09 [ 2.3113e-22 2.4102e-17 1.3108e-14 1.4419e-09 3.7417e-10 ] 1.0000e+00
 3.185e+01 1.5959e-09 1.5959e-09 [ 1.5996e-22 1.8087e-17 1.1697e-14 1.2678e-09 3.2808e-10 ] 1.0000e+00
 3.196e+01 1.4025e-09 1.4025e-09 [ 1.1066e-22 1.3575e-17 1.0440e-14 1.1148e-09 2.8771e-10 ] 1.0000e+00
 3.207e+01 1.2326e-09 1.2326e-09 [ 7.6521e-23 1.0191e-17 9.3182e-15 9.8022e-10 2.5234e-10 ] 1.0000e+00
 3.219e+01 1.0833e-09 1.0833e-09 [ 5.2896e-23 7.6509e-18 8.3167e-15 8.6193e-10 2.2134e-10 ] 1.0000e+00
 3.230e+01 9.5209e-10 9.5209e-10 [ 3.6550e-23 5.7449e-18 7.4220e-15 7.5791e-10 1.9416e-10 ] 1.0000e+00
 3.241e+01 8.3682e-10 8.3682e-10 [ 2.5245e-23 4.3143e-18 6.6225e-15 6.6646e-10 1.7035e-10 ] 1.0000e+00
 3.253e+01 7.3553e-10 7.3553e-10 [ 1.7430e-23 3.2404e-18 5.9078e-15 5.8605e-10 1.4947e-10 ] 1.0000e+00
 3.264e+01 6.4651e-10 6.4651e-10 [ 1.2028e-23 2.4342e-18 5.2689e-15 5.1535e-10 1.3116e-10 ] 1.0000e+00
 3.275e+01 5.6829e-10 5.6829e-10 [ 8.2974e-24 1.8288e-18 4.6978e-15 4.5318e-10 1.1510e-10 ] 1.0000e+00
 3.287e+01 4.9954e-10 4.9954e-10 [ 5.7212e-24 1.3742e-18 4.1872e-15 3.9852e-10 1.0102e-10 ] 1.0000e+00
 3.298e+01 4.3912e-10 4.3912e-10 [ 3.9431e-24 1.0328e-18 3.7308e-15 3.5045e-10 8.8669e-11 ] 1.0000e+00
 3.309e+01 3.8602e-10 3.8602e-10 [ 2.7164e-24 7.7634e-19 3.3230e-15 3.0818e-10 7.7834e-11 ] 1.0000e+00
 3.321e+01 3.3934e-10 3.3934e-10 [ 1.8704e-24 5.8368e-19 2.9587e-15 2.7101e-10 6.8329e-11 ] 1.0000e+00
 3.332e+01 2.9831e-10 2.9831e-10 [ 1.2873e-24 4.3893e-19 2.6333e-15 2.3832e-10 5.9988e-11 ] 1.0000e+00
 3.343e+01 2.6225e-10 2.6225e-10 [ 8.8556e-25 3.3016e-19 2.3427e-15 2.0958e-10 5.2670e-11 ] 1.0000e+00
 3.355e+01 2.3055e-10 2.3055e-10 [ 6.0890e-25 2.4841e-19 2.0834e-15 1.8430e-10 4.6247e-11 ] 1.0000e+00
 3.366e+01 2.0268e-10 2.0268e-10 [ 4.1847e-25 1.8696e-19 1.8521e-15 1.6207e-10 4.0610e-11 ] 1.0000e+00
 3.377e+01 1.7819e-10 1.7819e-10 [ 2.8745e-25 1.4077e-19 1.6458e-15 1.4253e-10 3.5663e-11 ] 1.0000e+00
 3.389e+01 1.5666e-10 1.5666e-10 [ 1.9735e-25 1.0603e-19 1.4619e-15 1.2533e-10 3.1320e-11 ] 1.0000e+00
 3.400e+01 1.3773e-10 1.3773e-10 [ 1.3543e-25 7.9901e-20 1.2980e-15 1.1022e-10 2.7507e-11 ] 1.0000e+00
 3.411e+01 1.2108e-10 1.2108e-10 [ 9.2883e-26 6.0246e-20 1.1520e-15 9.6924e-11 2.4160e-11 ] 1.0000e+00
 3.423e+01 1.0645e-10 1.0645e-10 [ 6.3672e-26 4.5454e-20 1.0220e-15 8.5233e-11 2.1221e-11 ] 1.0000e+00
 3.434e+01 9.3593e-11 9.3593e-11 [ 4.3625e-26 3.4319e-20 9.0635e-16 7.4951e-11 1.8641e-11 ] 1.0000e+00
 3.445e+01 8.2285e-11 8.2285e-11 [ 2.9874e-26 2.5934e-20 8.0346e-16 6.5910e-11 1.6375e-11 ] 1.0000e+00
 3.457e+01 7.2344e-11 7.2344e-11 [ 2.0446e-26 1.9616e-20 7.1198e-16 5.7959e-11 1.4385e-11 ] 1.0000e+00
 3.468e+01 6.3604e-11 6.3604e-11 [ 1.3986e-26 1.4854e-20 6.3067e-16 5.0966e-11 1.2637e-11 ] 1.0000e+00
 3.479e+01 5.5920e-11 5.5920e-11 [ 9.5620e-27 1.1261e-20 5.5843e-16 4.4817e-11 1.1102e-11 ] 1.0000e+00
 3.491e+01 4.9165e-11 4.9165e-11 [ 6.5338e-27 8.5501e-21 4.9428e-16 3.9410e-11 9.7543e-12 ] 1.0000e+00
 3.502e+01 4.3225e-11 4.3225e-11 [ 4.4621e-27 6.5021e-21 4.3734e-16 3.4654e-11 8.5702e-12 ] 1.0000e+00
 3.513e+01 3.8003e-11 3.8003e-11 [ 3.0456e-27 4.9536e-21 3.8682e-16 3.0472e-11 7.5301e-12 ] 1.0000e+00
 3.525e+01 3.3412e-11 3.3412e-11 [ 2.0776e-27 3.7816e-21 3.4201e-16 2.6795e-11 6.6164e-12 ] 1.0000e+00
 3.536e+01 2.9375e-11 2.9375e-11 [ 1.4165e-27 2.8935e-21 3.0228e-16 2.3561e-11 5.8138e-12 ] 1.0000e+00
 3.547e+01 2.5826e-11 2.5826e-11 [ 9.6520e-28 2.2196e-21 2.6708e-16 2.0717e-11 5.1087e-12 ] 1.0000e+00
 3.559e+01 2.2706e-11 2.2706e-11 [ 6.5731e-28 1.7074e-21 2.3589e-16 1.8216e-11 4.4892e-12 ] 1.0000e+00
 3.570e+01 1.9962e-11 1.9962e-11 [ 4.4738e-28 1.3175e-21 2.0828e-16 1.6017e-11 3.9449e-12 ] 1.0000e+00
 3.581e+01 1.7550e-11 1.7550e-11 [ 3.0432e-28 1.0200e-21 1.8383e-16 1.4083e-11 3.4667e-12 ] 1.0000e+00
 3.593e+01 1.5430e-11 1.5430e-11 [ 2.0688e-28 7.9261e-22 1.6221e-16 1.2383e-11 3.0465e-12 ] 1.0000e+00
 3.604e+01 1.3565e-11 1.3565e-11 [ 1.4056e-28 6.1831e-22 1.4308e-16 1.0888e-11 2.6773e-12 ] 1.0000e+00
 3.615e+01 1.1926e-11 1.1926e-11 [ 9.5448e-29 4.8434e-22 1.2616e-16 9.5727e-12 2.3529e-12 ] 1.0000e+00
 3.627e+01 1.0484e-11 1.0484e-11 [ 6.4775e-29 3.8106e-22 1.1122e-16 8.4165e-12 2.0678e-12 ] 1.0000e+00
 3.638e+01 9.2172e-12 9.2172e-12 [ 4.3933e-29 3.0118e-22 9.8009e-17 7.3998e-12 1.8173e-12 ] 1.0000e+00
 3.649e+01 8.1031e-12 8.1031e-12 [ 2.9779e-29 2.3917e-22 8.6345e-17 6.5059e-12 1.5971e-12 ] 1.0000e+00
 3.661e+01 7.1236e-12 7.1236e-12 [ 2.0173e-29 1.9085e-22 7.6046e-17 5.7198e-12 1.4037e-12 ] 1.0000e+00
 3.672e+01 6.2624e-12 6.2624e-12 [ 1.3658e-29 1.5304e-22 6.6956e-17 5.0287e-12 1.2337e-12 ] 1.0000e+00
 3.683e+01 5.5053e-12 5.5053e-12 [ 9.2408e-30 1.2332e-22 5.8936e-17 4.4210e-12 1.0843e-12 ] 1.0000e+00
 3.695e+01 4.8396e-12 4.8396e-12 [ 6.2487e-30 9.9856e-23 5.1862e-17 3.8866e-12 9.5298e-13 ] 1.0000e+00
 3.706e+01 4.2544e-12 4.2544e-12 [ 4.2228e-30 8.1242e-23 4.5625e-17 3.4168e-12 8.3758e-13 ] 1.0000e+00
 3.717e+01 3.7399e-12 3.7399e-12 [ 2.8520e-30 6.6402e-23 4.0127e-17 3.0037e-12 7.3616e-13 ] 1.0000e+00
 3.729e+01 3.2876e-12 3.2876e-12 [ 1.9250e-30 5.4513e-23 3.5282e-17 2.6406e-12 6.4703e-13 ] 1.0000e+00
 3.740e+01 2.8900e-12 2.8900e-12 [ 1.2985e-30 4.4940e-23 3.1014e-17 2.3213e-12 5.6869e-13 ] 1.0000e+00
 3.751e+01 2.5404e-12 2.5404e-12 [ 8.7540e-31 3.7194e-23 2.7255e-17 2.0405e-12 4.9983e-13 ] 1.0000e+00
 3.763e+01 2.2331e-12 2.2331e-12 [ 5.8978e-31 3.0897e-23 2.3946e-17 1.7937e-12 4.3932e-13 ] 1.0000e+00
 3.774e+01 1.9629e-12 1.9629e-12 [ 3.9711e-31 2.5752e-23 2.1034e-17 1.5767e-12 3.8613e-13 ] 1.0000e+00
 3.785e+01 1.7254e-12 1.7254e-12 [ 2.6721e-31 2.1530e-23 1.8471e-17 1.3860e-12 3.3938e-13 ] 1.0000e+00
 3.797e+01 1.5166e-12 1.5166e-12 [ 1.7969e-31 1.8051e-23 1.6217e-17 1.2183e-12 2.9829e-13 ] 1.0000e+00
 3.808e+01 1.3330e-12 1.3330e-12 [ 1.2076e-31 1.5172e-23 1.4234e-17 1.0708e-12 2.6218e-13 ] 1.0000e+00
 3.819e+01 1.1717e-12 1.1717e-12 [ 8.1111e-32 1.2781e-23 1.2491e-17 9.4121e-13 2.3044e-13 ] 1.0000e+00
 3.831e+01 1.0298e-12 1.0298e-12 [ 5.4443e-32 1.0788e-23 1.0959e-17 8.2727e-13 2.0254e-13 ] 1.0000e+00
 3.842e+01 9.0513e-13 9.0513e-13 [ 3.6521e-32 9.1216e-24 9.6125e-18 7.2711e-13 1.7801e-13 ] 1.0000e+00
 3.853e+01 7.9553e-13 7.9553e-13 [ 2.4483e-32 7.7242e-24 8.4298e-18 6.3906e-13 1.5646e-13 ] 1.0000e+00
 3.865e+01 6.9919e-13 6.9919e-13 [ 1.6403e-32 6.5493e-24 7.3909e-18 5.6166e-13 1.3751e-13 ] 1.0000e+00
 3.876e+01 6.1450e-13 6.1450e-13 [ 1.0982e-32 5.5594e-24 6.4788e-18 4.9363e-13 1.2086e-13 ] 1.0000e+00
 3.887e+01 5.4006e-13 5.4006e-13 [ 7.3486e-33 4.7234e-24 5.6780e-18 4.3383e-13 1.0623e-13 ] 1.0000e+00
 3.899e+01 4.7463e-13 4.7463e-13 [ 4.9141e-33 4.0163e-24 4.9752e-18 3.8126e-13 9.3362e-14 ] 1.0000e+00
 3.910e+01 4.1712e-13 4.1712e-13 [ 3.2841e-33 3.4173e-24 4.3585e-18 3.3506e-13 8.2055e-14 ] 1.0000e+00
 3.921e+01 3.6657e-13 3.6657e-13 [ 2.1933e-33 2.9091e-24 3.8175e-18 2.9445e-13 7.2117e-14 ] 1.0000e+00
 3.933e+01 3.2214e-13 3.2214e-13 [ 1.4640e-33 2.4775e-24 3.3430e-18 2.5876e-13 6.3382e-14 ] 1.0000e+00
 3.944e+01 2.8309e-13 2.8309e-13 [ 9.7654e-34 2.1105e-24 2.9269e-18 2.2738e-13 5.5705e-14 ] 1.0000e+00
 3.955e+01 2.4877e-13 2.4877e-13 [ 6.5099e-34 1.7984e-24 2.5621e-18 1.9981e-13 4.8957e-14 ] 1.0000e+00
 3.967e+01 2.1861e-13 2.1861e-13 [ 4.3371e-34 1.5326e-24 2.2424e-18 1.7558e-13 4.3026e-14 ] 1.0000e+00
 3.978e+01 1.9209e-13 1.9209e-13 [ 2.8877e-34 1.3062e-24 1.9622e-18 1.5428e-13 3.7813e-14 ] 1.0000e+00
 3.989e+01 1.6879e-13 1.6879e-13 [ 1.9215e-34 1.1132e-24 1.7167e-18 1.3556e-13 3.3231e-14 ] 1.0000e+00
 4.001e+01 1.4832e-13 1.4832e-13 [ 1.2778e-34 9.4877e-25 1.5017e-18 1.1911e-13 2.9204e-14 ] 1.0000e+00
 4.012e+01 1.3032e-13 1.3032e-13 [ 8.4924e-35 8.0854e-25 1.3133e-18 1.0466e-13 2.5665e-14 ] 1.0000e+00
 4.023e+01 1.1451e-13 1.1451e-13 [ 5.6407e-35 6.8897e-25 1.1484e-18 9.1953e-14 2.2554e-14 ] 1.0000e+00
 4.035e+01 1.0061e-13 1.0061e-13 [ 3.7444e-35 5.8699e-25 1.0041e-18 8.0790e-14 1.9820e-14 ] 1.0000e+00
 4.046e+01 8.8398e-14 8.8398e-14 [ 2.4842e-35 5.0001e-25 8.7768e-19 7.0980e-14 1.7418e-14 ] 1.0000e+00
 4.057e+01 7.7666e-14 7.7666e-14 [ 1.6472e-35 4.2584e-25 7.6709e-19 6.2359e-14 1.5306e-14 ] 1.0000e+00
 4.069e+01 6.8235e-14 6.8235e-14 [ 1.0916e-35 3.6259e-25 6.7032e-19 5.4785e-14 1.3450e-14 ] 1.0000e+00
 4.080e+01 5.9948e-14 5.9948e-14 [ 7.2299e-36 3.0866e-25 5.8567e-19 4.8129e-14 1.1819e-14 ] 1.0000e+00
 4.091e+01 5.2667e-14 5.2667e-14 [ 4.7860e-36 2.6269e-25 5.1162e-19 4.2281e-14 1.0386e-14 ] 1.0000e+00
 4.103e+01 4.6268e-14 4.6268e-14 [ 3.1666e-36 2.2350e-25 4.4687e-19 3.7142e-14 9.1259e-15 ] 1.0000e+00
 4.114e+01 4.0646e-14 4.0646e-14 [ 2.0941e-36 1.9010e-25 3.9025e-19 3.2627e-14 8.0188e-15 ] 1.0000e+00
 4.125e+01 3.5707e-14 3.5707e-14 [ 1.3842e-36 1.6165e-25 3.4076e-19 2.8660e-14 7.0459e-15 ] 1.0000e+00
 4.137e+01 3.1366e-14 3.1366e-14 [ 9.1455e-37 1.3741e-25 2.9749e-19 2.5175e-14 6.1910e-15 ] 1.0000e+00
 4.148e+01 2.7553e-14 2.7553e-14 [ 6.0399e-37 1.1678e-25 2.5969e-19 2.2113e-14 5.4397e-15 ] 1.0000e+00
 4.159e+01 2.4203e-14 2.4203e-14 [ 3.9874e-37 9.9206e-26 2.2665e-19 1.9423e-14 4.7795e-15 ] 1.0000e+00
 4.171e+01 2.1259e-14 2.1259e-14 [ 2.6314e-37 8.4254e-26 1.9779e-19 1.7060e-14 4.1993e-15 ] 1.0000e+00
 4.182e+01 1.8673e-14 1.8673e-14 [ 1.7360e-37 7.1531e-26 1.7257e-19 1.4984e-14 3.6895e-15 ] 1.0000e+00
 4.193e+01 1.6402e-14 1.6402e-14 [ 1.1450e-37 6.0710e-26 1.5055e-19 1.3160e-14 3.2415e-15 ] 1.0000e+00
 4.205e+01 1.4406e-14 1.4406e-14 [ 7.5501e-38 5.1510e-26 1.3132e-19 1.1558e-14 2.8479e-15 ] 1.0000e+00
 4.216e+01 1.2653e-14 1.2653e-14 [ 4.9779e-38 4.3689e-26 1.1454e-19 1.0151e-14 2.5020e-15 ] 1.0000e+00
 4.227e+01 1.1112e-14 1.1112e-14 [ 3.2816e-38 3.7043e-26 9.9879e-20 8.9143e-15 2.1980e-15 ] 1.0000e+00
 4.239e+01 9.7595e-15 9.7595e-15 [ 2.1634e-38 3.1398e-26 8.7086e-20 7.8284e-15 1.9310e-15 ] 1.0000e+00
 4.250e+01 8.5710e-15 8.5710e-15 [ 1.4263e-38 2.6604e-26 7.5922e-20 6.8746e-15 1.6964e-15 ] 1.0000e+00
 4.261e+01 7.5271e-15 7.5271e-15 [ 9.4045e-39 2.2534e-26 6.6179e-20 6.0368e-15 1.4902e-15 ] 1.0000e+00
 4.273e+01 6.6101e-15 6.6101e-15 [ 6.2027e-39 1.9081e-26 5.7680e-20 5.3010e-15 1.3091e-15 ] 1.0000e+00
 4.284e+01 5.8047e-15 5.8047e-15 [ 4.0925e-39 1.6151e-26 5.0265e-20 4.6547e-15 1.1499e-15 ] 1.0000e+00
 4.295e+01 5.0973e-15 5.0973e-15 [ 2.7015e-39 1.3667e-26 4.3798e-20 4.0871e-15 1.0101e-15 ] 1.0000e+00
 4.307e+01 4.4760e-15 4.4760e-15 [ 1.7844e-39 1.1561e-26 3.8157e-20 3.5887e-15 8.8728e-16 ] 1.0000e+00
 4.318e+01 3.9303e-15 3.9303e-15 [ 1.1796e-39 9.7760e-27 3.3239e-20 3.1509e-15 7.7936e-16 ] 1.0000e+00
 4.329e+01 3.4510e-15 3.4510e-15 [ 7.8045e-40 8.2640e-27 2.8951e-20 2.7664e-15 6.8455e-16 ] 1.0000e+00
 4.341e+01 3.0301e-15 3.0301e-15 [ 5.1694e-40 6.9835e-27 2.5213e-20 2.4288e-15 6.0126e-16 ] 1.0000e+00
 4.352e+01 2.6604e-15 2.6604e-15 [ 3.4284e-40 5.8994e-27 2.1955e-20 2.1323e-15 5.2809e-16 ] 1.0000e+00
 4.363e+01 2.3358e-15 2.3358e-15 [ 2.2771e-40 4.9820e-27 1.9116e-20 1.8720e-15 4.6382e-16 ] 1.0000e+00
 4.375e+01 2.0507e-15 2.0507e-15 [ 1.5149e-40 4.2058e-27 1.6641e-20 1.6434e-15 4.0736e-16 ] 1.0000e+00
 4.386e+01 1.8004e-15 1.8004e-15 [ 1.0098e-40 3.5494e-27 1.4485e-20 1.4426e-15 3.5776e-16 ] 1.0000e+00
 4.397e+01 1.5806e-15 1.5806e-15 [ 6.7444e-41 2.9945e-27 1.2607e-20 1.2664e-15 3.1419e-16 ] 1.0000e+00
 4.409e+01 1.3876e-15 1.3876e-15 [ 4.5150e-41 2.5254e-27 1.0971e-20 1.1116e-15 2.7592e-16 ] 1.0000e+00
 4.420e+01 1.2181e-15 1.2181e-15 [ 3.0300e-41 2.1292e-27 9.5462e-21 9.7576e-16 2.4231e-16 ] 1.0000e+00
 4.431e+01 1.0693e-15 1.0693e-15 [ 2.0390e-41 1.7945e-27 8.3054e-21 8.5647e-16 2.1279e-16 ] 1.0000e+00
 4.443e+01 9.3860e-16 9.3860e-16 [ 1.3760e-41 1.5120e-27 7.2250e-21 7.5174e-16 1.8685e-16 ] 1.0000e+00
 4.454e+01 8.2388e-16 8.2388e-16 [ 9.3144e-42 1.2735e-27 6.2843e-21 6.5979e-16 1.6408e-16 ] 1.0000e+00
 4.465e+01 7.2315e-16 7.2315e-16 [ 6.3252e-42 1.0723e-27 5.4655e-21 5.7907e-16 1.4408e-16 ] 1.0000e+00
 4.477e+01 6.3473e-16 6.3473e-16 [ 4.3096e-42 9.0255e-28 4.7528e-21 5.0821e-16 1.2651e-16 ] 1.0000e+00
 4.488e+01 5.5709e-16 5.5709e-16 [ 2.9463e-42 7.5945e-28 4.1325e-21 4.4601e-16 1.1108e-16 ] 1.0000e+00
 4.499e+01 4.8894e-16 4.8894e-16 [ 2.0213e-42 6.3883e-28 3.5928e-21 3.9141e-16 9.7528e-17 ] 1.0000e+00
 4.511e+01 4.2911e-16 4.2911e-16 [ 1.3916e-42 5.3720e-28 3.1232e-21 3.4348e-16 8.5629e-17 ] 1.0000e+00
 4.522e+01 3.7659e-16 3.7659e-16 [ 9.6143e-43 4.5159e-28 2.7146e-21 3.0141e-16 7.5179e-17 ] 1.0000e+00
 4.533e+01 3.3049e-16 3.3049e-16 [ 6.6653e-43 3.7950e-28 2.3592e-21 2.6448e-16 6.6003e-17 ] 1.0000e+00
 4.545e+01 2.9002e-16 2.9002e-16 [ 4.6365e-43 3.1882e-28 2.0501e-21 2.3207e-16 5.7945e-17 ] 1.0000e+00
 4.556e+01 2.5450e-16 2.5450e-16 [ 3.2359e-43 2.6776e-28 1.7813e-21 2.0363e-16 5.0869e-17 ] 1.0000e+00
 4.567e+01 2.2332e-16 2.2332e-16 [ 2.2654e-43 2.2480e-28 1.5475e-21 1.7866e-16 4.4656e-17 ] 1.0000e+00
 4.579e+01 1.9596e-16 1.9596e-16 [ 1.5908e-43 1.8867e-28 1.3443e-21 1.5675e-16 3.9201e-17 ] 1.0000e+00
 4.590e+01 1.7194e-16 1.7194e-16 [ 1.1202e-43 1.5830e-28 1.1676e-21 1.3753e-16 3.4411e-17 ] 1.0000e+00
 4.601e+01 1.5086e-16 1.5086e-16 [ 7.9087e-44 1.3278e-28 1.0140e-21 1.2065e-16 3.0206e-17 ] 1.0000e+00
 4.613e+01 1.3236e-16 1.3236e-16 [ 5.5972e-44 1.1134e-28 8.8053e-22 1.0585e-16 2.6513e-17 ] 1.0000e+00
 4.624e+01 1.1613e-16 1.1613e-16 [ 3.9700e-44 9.3328e-29 7.6452e-22 9.2855e-17 2.3272e-17 ] 1.0000e+00
 4.635e+01 1.0188e-16 1.0188e-16 [ 2.8215e-44 7.8207e-29 6.6373e-22 8.1454e-17 2.0426e-17 ] 1.0000e+00
 4.647e+01 8.9378e-17 8.9378e-17 [ 2.0088e-44 6.5515e-29 5.7615e-22 7.1450e-17 1.7927e-17 ] 1.0000e+00
 4.658e+01 7.8407e-17 7.8407e-17 [ 1.4325e-44 5.4866e-29 5.0007e-22 6.2673e-17 1.5734e-17 ] 1.0000e+00
 4.669e+01 6.8781e-17 6.8781e-17 [ 1.0229e-44 4.5933e-29 4.3399e-22 5.4972e-17 1.3809e-17 ] 1.0000e+00
 4.681e+01 6.0334e-17 6.0334e-17 [ 7.3135e-45 3.8443e-29 3.7660e-22 4.8216e-17 1.2118e-17 ] 1.0000e+00
 4.692e+01 5.2923e-17 5.2923e-17 [ 5.2341e-45 3.2164e-29 3.2675e-22 4.2288e-17 1.0635e-17 ] 1.0000e+00
 4.703e+01 4.6421e-17 4.6421e-17 [ 3.7491e-45 2.6902e-29 2.8347e-22 3.7088e-17 9.3324e-18 ] 1.0000e+00
 4.715e+01 4.0715e-17 4.0715e-17 [ 2.6873e-45 2.2494e-29 2.4590e-22 3.2526e-17 8.1893e-18 ] 1.0000e+00
 4.726e+01 3.5710e-17 3.5710e-17 [ 1.9273e-45 1.8803e-29 2.1328e-22 2.8524e-17 7.1860e-18 ] 1.0000e+00
 4.737e+01 3.1319e-17 3.1319e-17 [ 1.3828e-45 1.5712e-29 1.8496e-22 2.5014e-17 6.3054e-18 ] 1.0000e+00
 4.749e+01 2.7467e-17 2.7467e-17 [ 9.9247e-46 1.3125e-29 1.6039e-22 2.1935e-17 5.5325e-18 ] 1.0000e+00
 4.760e+01 2.4088e-17 2.4088e-17 [ 7.1244e-46 1.0961e-29 1.3906e-22 1.9234e-17 4.8542e-18 ] 1.0000e+00
 4.771e+01 2.1124e-17 2.1124e-17 [ 5.1148e-46 9.1510e-30 1.2056e-22 1.6865e-17 4.2589e-18 ] 1.0000e+00
 4.783e+01 1.8524e-17 1.8524e-17 [ 3.6720e-46 7.6374e-30 1.0450e-22 1.4787e-17 3.7365e-18 ] 1.0000e+00
 4.794e+01 1.6243e-17 1.6243e-17 [ 2.6361e-46 6.3722e-30 9.0576e-23 1.2965e-17 3.2781e-18 ] 1.0000e+00
 4.805e+01 1.4242e-17 1.4242e-17 [ 1.8921e-46 5.3149e-30 7.8495e-23 1.1367e-17 2.8758e-18 ] 1.0000e+00
 4.817e+01 1.2488e-17 1.2488e-17 [ 1.3578e-46 4.4317e-30 6.8018e-23 9.9650e-18 2.5228e-18 ] 1.0000e+00
 4.828e+01 1.0949e-17 1.0949e-17 [ 9.7414e-47 3.6941e-30 5.8932e-23 8.7360e-18 2.2130e-18 ] 1.0000e+00
 4.839e+01 9.5995e-18 9.5995e-18 [ 6.9866e-47 3.0783e-30 5.1054e-23 7.6582e-18 1.9412e-18 ] 1.0000e+00
 4.851e+01 8.4160e-18 8.4160e-18 [ 5.0090e-47 2.5644e-30 4.4224e-23 6.7131e-18 1.7028e-18 ] 1.0000e+00
 4.862e+01 7.3780e-18 7.3780e-18 [ 3.5898e-47 2.1356e-30 3.8302e-23 5.8845e-18 1.4935e-18 ] 1.0000e+00
 4.873e+01 6.4679e-18 6.4679e-18 [ 2.5716e-47 1.7780e-30 3.3170e-23 5.1579e-18 1.3100e-18 ] 1.0000e+00
 4.885e+01 5.6698e-18 5.6698e-18 [ 1.8413e-47 1.4798e-30 2.8722e-23 4.5208e-18 1.1489e-18 ] 1.0000e+00
 4.896e+01 4.9700e-18 4.9700e-18 [ 1.3178e-47 1.2312e-30 2.4867e-23 3.9623e-18 1.0076e-18 ] 1.0000e+00
 4.907e+01 4.3563e-18 4.3563e-18 [ 9.4259e-48 1.0241e-30 2.1528e-23 3.4726e-18 8.8371e-19 ] 1.0000e+00
 4.919e+01 3.8183e-18 3.8183e-18 [ 6.7387e-48 8.5158e-31 1.8634e-23 3.0433e-18 7.7498e-19 ] 1.0000e+00
 4.930e+01 3.3466e-18 3.3466e-18 [ 4.8149e-48 7.0788e-31 1.6127e-23 2.6670e-18 6.7961e-19 ] 1.0000e+00
 4.941e+01 2.9331e-18 2.9331e-18 [ 3.4383e-48 5.8826e-31 1.3956e-23 2.3371e-18 5.9595e-19 ] 1.0000e+00
 4.953e+01 2.5705e-18 2.5705e-18 [ 2.4539e-48 4.8870e-31 1.2076e-23 2.0480e-18 5.2257e-19 ] 1.0000e+00
 4.964e+01 2.2527e-18 2.2527e-18 [ 1.7503e-48 4.0586e-31 1.0448e-23 1.7945e-18 4.5821e-19 ] 1.0000e+00
 4.975e+01 1.9741e-18 1.9741e-18 [ 1.2476e-48 3.3696e-31 9.0380e-24 1.5723e-18 4.0176e-19 ] 1.0000e+00
 4.987e+01 1.7299e-18 1.7299e-18 [ 8.8878e-49 2.7967e-31 7.8175e-24 1.3776e-18 3.5225e-19 ] 1.0000e+00
 4.998e+01 1.5158e-18 1.5158e-18 [ 6.3275e-49 2.3206e-31 6.7609e-24 1.2070e-18 3.0883e-19 ] 1.0000e+00
 5.009e+01 1.3281e-18 1.3281e-18 [ 4.5019e-49 1.9248e-31 5.8465e-24 1.0574e-18 2.7075e-19 ] 1.0000e+00
 5.021e+01 1.1637e-18 1.1637e-18 [ 3.2009e-49 1.5961e-31 5.0550e-24 9.2633e-19 2.3736e-19 ] 1.0000e+00
 5.032e+01 1.0195e-18 1.0195e-18 [ 2.2744e-49 1.3231e-31 4.3702e-24 8.1147e-19 2.0807e-19 ] 1.0000e+00
 5.043e+01 8.9322e-19 8.9322e-19 [ 1.6151e-49 1.0965e-31 3.7777e-24 7.1082e-19 1.8240e-19 ] 1.0000e+00
 5.055e+01 7.8252e-19 7.8252e-19 [ 1.1461e-49 9.0840e-32 3.2651e-24 6.2263e-19 1.5988e-19 ] 1.0000e+00
 5.066e+01 6.8550e-19 6.8550e-19 [ 8.1277e-50 7.5234e-32 2.8217e-24 5.4536e-19 1.4014e-19 ] 1.0000e+00
 5.077e+01 6.0049e-19 6.0049e-19 [ 5.7601e-50 6.2290e-32 2.4382e-24 4.7765e-19 1.2283e-19 ] 1.0000e+00
 5.089e+01 5.2600e-19 5.2600e-19 [ 4.0794e-50 5.1557e-32 2.1066e-24 4.1834e-19 1.0766e-19 ] 1.0000e+00
 5.100e+01 4.6072e-19 4.6072e-19 [ 2.8872e-50 4.2660e-32 1.8199e-24 3.6637e-19 9.4353e-20 ] 1.0000e+00
 5.111e+01 4.0353e-19 4.0353e-19 [ 2.0420e-50 3.5288e-32 1.5719e-24 3.2084e-19 8.2690e-20 ] 1.0000e+00
 5.123e+01 3.5342e-19 3.5342e-19 [ 1.4433e-50 2.9180e-32 1.3576e-24 2.8096e-19 7.2465e-20 ] 1.0000e+00
 5.134e+01 3.0953e-19 3.0953e-19 [ 1.0194e-50 2.4123e-32 1.1724e-24 2.4602e-19 6.3502e-20 ] 1.0000e+00
 5.145e+01 2.7107e-19 2.7107e-19 [ 7.1956e-51 1.9935e-32 1.0123e-24 2.1542e-19 5.5645e-20 ] 1.0000e+00
 5.157e+01 2.3738e-19 2.3738e-19 [ 5.0756e-51 1.6470e-32 8.7391e-25 1.8862e-19 4.8758e-20 ] 1.0000e+00
 5.168e+01 2.0786e-19 2.0786e-19 [ 3.5778e-51 1.3602e-32 7.5437e-25 1.6514e-19 4.2722e-20 ] 1.0000e+00
 5.179e+01 1.8201e-19 1.8201e-19 [ 2.5203e-51 1.1231e-32 6.5110e-25 1.4458e-19 3.7432e-20 ] 1.0000e+00
 5.191e+01 1.5937e-19 1.5937e-19 [ 1.7741e-51 9.2699e-33 5.6190e-25 1.2657e-19 3.2795e-20 ] 1.0000e+00
 5.202e+01 1.3953e-19 1.3953e-19 [ 1.2480e-51 7.6490e-33 4.8485e-25 1.1080e-19 2.8731e-20 ] 1.0000e+00
 5.213e+01 1.2216e-19 1.2216e-19 [ 8.7736e-52 6.3095e-33 4.1831e-25 9.6991e-20 2.5170e-20 ] 1.0000e+00
 5.225e+01 1.0695e-19 1.0695e-19 [ 6.1636e-52 5.2030e-33 3.6086e-25 8.4899e-20 2.2049e-20 ] 1.0000e+00
 5.236e+01 9.3625e-20 9.3625e-20 [ 4.3271e-52 4.2892e-33 3.1126e-25 7.4310e-20 1.9314e-20 ] 1.0000e+00
 5.247e+01 8.1957e-20 8.1957e-20 [ 3.0358e-52 3.5348e-33 2.6844e-25 6.5039e-20 1.6918e-20 ] 1.0000e+00
 5.259e+01 7.1740e-20 7.1740e-20 [ 2.1284e-52 2.9122e-33 2.3148e-25 5.6922e-20 1.4819e-20 ] 1.0000e+00
 5.270e+01 6.2794e-20 6.2794e-20 [ 1.4912e-52 2.3985e-33 1.9958e-25 4.9815e-20 1.2979e-20 ] 1.0000e+00
 5.281e+01 5.4961e-20 5.4961e-20 [ 1.0440e-52 1.9748e-33 1.7205e-25 4.3594e-20 1.1367e-20 ] 1.0000e+00
 5.293e+01 4.8102e-20 4.8102e-20 [ 7.3050e-53 1.6254e-33 1.4830e-25 3.8147e-20 9.9551e-21 ] 1.0000e+00
 5.304e+01 4.2098e-20 4.2098e-20 [ 5.1077e-53 1.3374e-33 1.2782e-25 3.3380e-20 8.7180e-21 ] 1.0000e+00
 5.315e+01 3.6841e-20 3.6841e-20 [ 3.5689e-53 1.1001e-33 1.1015e-25 2.9206e-20 7.6344e-21 ] 1.0000e+00
 5.327e+01 3.2239e-20 3.2239e-20 [ 2.4920e-53 9.0466e-34 9.4904e-26 2.5554e-20 6.6851e-21 ] 1.0000e+00
 5.338e+01 2.8210e-20 2.8210e-20 [ 1.7389e-53 7.4368e-34 8.1760e-26 2.2356e-20 5.8536e-21 ] 1.0000e+00
 5.349e+01 2.4684e-20 2.4684e-20 [ 1.2126e-53 6.1116e-34 7.0427e-26 1.9558e-20 5.1252e-21 ] 1.0000e+00
 5.361e+01 2.1597e-20 2.1597e-20 [ 8.4499e-54 5.0209e-34 6.0657e-26 1.7110e-20 4.4873e-21 ] 1.0000e+00
 5.372e+01 1.8895e-20 1.8895e-20 [ 5.8843e-54 4.1236e-34 5.2235e-26 1.4967e-20 3.9286e-21 ] 1.0000e+00
 5.383e+01 1.6531e-20 1.6531e-20 [ 4.0950e-54 3.3856e-34 4.4976e-26 1.3091e-20 3.4393e-21 ] 1.0000e+00
 5.395e+01 1.4461e-20 1.4461e-20 [ 2.8479e-54 2.7788e-34 3.8721e-26 1.1451e-20 3.0108e-21 ] 1.0000e+00
 5.406e+01 1.2650e-20 1.2650e-20 [ 1.9792e-54 2.2800e-34 3.3331e-26 1.0015e-20 2.6355e-21 ] 1.0000e+00
 5.417e+01 1.1066e-20 1.1066e-20 [ 1.3746e-54 1.8702e-34 2.8687e-26 8.7586e-21 2.3070e-21 ] 1.0000e+00
 5.429e+01 9.6788e-21 9.6788e-21 [ 9.5403e-55 1.5335e-34 2.4687e-26 7.6596e-21 2.0192e-21 ] 1.0000e+00
 5.440e+01 8.4654e-21 8.4654e-21 [ 6.6170e-55 1.2571e-34 2.1242e-26 6.6981e-21 1.7673e-21 ] 1.0000e+00
 5.451e+01 7.4038e-21 7.4038e-21 [ 4.5863e-55 1.0301e-34 1.8275e-26 5.8570e-21 1.5467e-21 ] 1.0000e+00
 5.463e+01 6.4749e-21 6.4749e-21 [ 3.1767e-55 8.4390e-35 1.5720e-26 5.1212e-21 1.3536e-21 ] 1.0000e+00
 5.474e+01 5.6622e-21 5.6622e-21 [ 2.1989e-55 6.9111e-35 1.3521e-26 4.4776e-21 1.1846e-21 ] 1.0000e+00
 5.485e+01 4.9513e-21 4.9513e-21 [ 1.5210e-55 5.6580e-35 1.1627e-26 3.9147e-21 1.0366e-21 ] 1.0000e+00
 5.497e+01 4.3294e-21 4.3294e-21 [ 1.0514e-55 4.6307e-35 9.9974e-27 3.4224e-21 9.0703e-22 ] 1.0000e+00
 5.508e+01 3.7854e-21 3.7854e-21 [ 7.2634e-56 3.7887e-35 8.5950e-27 2.9918e-21 7.9363e-22 ] 1.0000e+00
 5.519e+01 3.3096e-21 3.3096e-21 [ 5.0142e-56 3.0988e-35 7.3882e-27 2.6153e-21 6.9437e-22 ] 1.0000e+00
 5.531e+01 2.8935e-21 2.8935e-21 [ 3.4592e-56 2.5337e-35 6.3499e-27 2.2860e-21 6.0749e-22 ] 1.0000e+00
 5.542e+01 2.5295e-21 2.5295e-21 [ 2.3848e-56 2.0710e-35 5.4568e-27 1.9980e-21 5.3146e-22 ] 1.0000e+00
 5.553e+01 2.2112e-21 2.2112e-21 [ 1.6430e-56 1.6923e-35 4.6886e-27 1.7463e-21 4.6492e-22 ] 1.0000e+00
 5.565e+01 1.9328e-21 1.9328e-21 [ 1.1312e-56 1.3823e-35 4.0280e-27 1.5261e-21 4.0669e-22 ] 1.0000e+00
 5.576e+01 1.6894e-21 1.6894e-21 [ 7.7832e-57 1.1288e-35 3.4599e-27 1.3337e-21 3.5573e-22 ] 1.0000e+00
 5.587e+01 1.4766e-21 1.4766e-21 [ 5.3515e-57 9.2148e-36 2.9716e-27 1.1654e-21 3.1114e-22 ] 1.0000e+00
 5.599e+01 1.2905e-21 1.2905e-21 [ 3.6771e-57 7.5199e-36 2.5517e-27 1.0183e-21 2.7213e-22 ] 1.0000e+00
 5.610e+01 1.1277e-21 1.1277e-21 [ 2.5249e-57 6.1347e-36 2.1909e-27 8.8974e-22 2.3800e-22 ] 1.0000e+00
 5.621e+01 9.8549e-22 9.8549e-22 [ 1.7326e-57 5.0031e-36 1.8809e-27 7.7736e-22 2.0813e-22 ] 1.0000e+00
 5.633e+01 8.6113e-22 8.6113e-22 [ 1.1881e-57 4.0789e-36 1.6144e-27 6.7913e-22 1.8200e-22 ] 1.0000e+00
 5.644e+01 7.5242e-22 7.5242e-22 [ 8.1421e-58 3.3243e-36 1.3855e-27 5.9327e-22 1.5915e-22 ] 1.0000e+00
 5.655e+01 6.5740e-22 6.5740e-22 [ 5.5759e-58 2.7085e-36 1.1889e-27 5.1824e-22 1.3916e-22 ] 1.0000e+00
 5.667e+01 5.7434e-22 5.7434e-22 [ 3.8160e-58 2.2060e-36 1.0201e-27 4.5268e-22 1.2167e-22 ] 1.0000e+00
 5.678e+01 5.0175e-22 5.0175e-22 [ 2.6098e-58 1.7961e-36 8.7504e-28 3.9538e-22 1.0637e-22 ] 1.0000e+00
 5.689e+01 4.3831e-22 4.3831e-22 [ 1.7837e-58 1.4619e-36 7.5053e-28 3.4531e-22 9.2993e-23 ] 1.0000e+00
 5.701e+01 3.8286e-22 3.8286e-22 [ 1.2183e-58 1.1895e-36 6.4364e-28 3.0157e-22 8.1293e-23 ] 1.0000e+00
 5.712e+01 3.3441e-22 3.3441e-22 [ 8.3154e-59 9.6758e-37 5.5190e-28 2.6335e-22 7.1061e-23 ] 1.0000e+00
 5.723e+01 2.9208e-22 2.9208e-22 [ 5.6719e-59 7.8677e-37 4.7315e-28 2.2996e-22 6.2113e-23 ] 1.0000e+00
 5.735e+01 2.5508e-22 2.5508e-22 [ 3.8662e-59 6.3954e-37 4.0558e-28 2.0079e-22 5.4289e-23 ] 1.0000e+00
 5.746e+01 2.2276e-22 2.2276e-22 [ 2.6336e-59 5.1969e-37 3.4761e-28 1.7531e-22 4.7448e-23 ] 1.0000e+00
 5.757e+01 1.9452e-22 1.9452e-22 [ 1.7927e-59 4.2216e-37 2.9788e-28 1.5306e-22 4.1466e-23 ] 1.0000e+00
 5.769e+01 1.6986e-22 1.6986e-22 [ 1.2196e-59 3.4281e-37 2.5522e-28 1.3362e-22 3.6236e-23 ] 1.0000e+00
 5.780e+01 1.4831e-22 1.4831e-22 [ 8.2908e-60 2.7829e-37 2.1864e-28 1.1664e-22 3.1665e-23 ] 1.0000e+00
 5.791e+01 1.2948e-22 1.2948e-22 [ 5.6324e-60 2.2584e-37 1.8728e-28 1.0182e-22 2.7668e-23 ] 1.0000e+00
 5.803e+01 1.1304e-22 1.1304e-22 [ 3.8239e-60 1.8321e-37 1.6038e-28 8.8868e-23 2.4174e-23 ] 1.0000e+00
 5.814e+01 9.8682e-23 9.8682e-23 [ 2.5944e-60 1.4858e-37 1.3733e-28 7.7562e-23 2.1121e-23 ] 1.0000e+00
 5.825e+01 8.6141e-23 8.6141e-23 [ 1.7590e-60 1.2045e-37 1.1758e-28 6.7690e-23 1.8451e-23 ] 1.0000e+00
 5.837e+01 7.5189e-23 7.5189e-23 [ 1.1918e-60 9.7614e-38 1.0065e-28 5.9070e-23 1.6119e-23 ] 1.0000e+00
 5.848e+01 6.5625e-23 6.5625e-23 [ 8.0696e-61 7.9081e-38 8.6141e-29 5.1545e-23 1.4080e-23 ] 1.0000e+00
 5.859e+01 5.7274e-23 5.7274e-23 [ 5.4602e-61 6.4045e-38 7.3714e-29 4.4976e-23 1.2299e-23 ] 1.0000e+00
 5.871e+01 4.9983e-23 4.9983e-23 [ 3.6921e-61 5.1850e-38 6.3070e-29 3.9241e-23 1.0742e-23 ] 1.0000e+00
 5.882e+01 4.3617e-23 4.3617e-23 [ 2.4949e-61 4.1963e-38 5.3954e-29 3.4235e-23 9.3814e-24 ] 1.0000e+00
 5.893e+01 3.8059e-23 3.8059e-23 [ 1.6848e-61 3.3949e-38 4.6149e-29 2.9866e-23 8.1929e-24 ] 1.0000e+00
 5.905e+01 3.3207e-23 3.3207e-23 [ 1.1369e-61 2.7456e-38 3.9467e-29 2.6053e-23 7.1545e-24 ] 1.0000e+00
 5.916e+01 2.8972e-23 2.8972e-23 [ 7.6671e-62 2.2198e-38 3.3746e-29 2.2725e-23 6.2473e-24 ] 1.0000e+00
 5.927e+01 2.5276e-23 2.5276e-23 [ 5.1670e-62 1.7940e-38 2.8850e-29 1.9821e-23 5.4548e-24 ] 1.0000e+00
 5.939e+01 2.2049e-23 2.2049e-23 [ 3.4798e-62 1.4494e-38 2.4661e-29 1.7286e-23 4.7626e-24 ] 1.0000e+00
 5.950e+01 1.9233e-23 1.9233e-23 [ 2.3419e-62 1.1706e-38 2.1076e-29 1.5075e-23 4.1579e-24 ] 1.0000e+00
 5.961e+01 1.6776e-23 1.6776e-23 [ 1.5751e-62 9.4503e-39 1.8010e-29 1.3146e-23 3.6298e-24 ] 1.0000e+00
 5.973e+01 1.4631e-23 1.4631e-23 [ 1.0586e-62 7.6269e-39 1.5387e-29 1.1463e-23 3.1686e-24 ] 1.0000e+00
 5.984e+01 1.2760e-23 1.2760e-23 [ 7.1101e-63 6.1532e-39 1.3144e-29 9.9945e-24 2.7657e-24 ] 1.0000e+00
 5.995e+01 1.1128e-23 1.1128e-23 [ 4.7723e-63 4.9624e-39 1.1226e-29 8.7137e-24 2.4140e-24 ] 1.0000e+00
 6.007e+01 9.7033e-24 9.7033e-24 [ 3.2010e-63 4.0007e-39 9.5866e-30 7.5965e-24 2.1068e-24 ] 1.0000e+00
 6.018e+01 8.4607e-24 8.4607e-24 [ 2.1455e-63 3.2242e-39 8.1851e-30 6.6220e-24 1.8386e-24 ] 1.0000e+00
 6.029e+01 7.3767e-24 7.3767e-24 [ 1.4371e-63 2.5974e-39 6.9873e-30 5.7722e-24 1.6045e-24 ] 1.0000e+00
 6.041e+01 6.4311e-24 6.4311e-24 [ 9.6199e-64 2.0918e-39 5.9638e-30 5.0310e-24 1.4001e-24 ] 1.0000e+00
 6.052e+01 5.6063e-24 5.6063e-24 [ 6.4349e-64 1.6839e-39 5.0894e-30 4.3847e-24 1.2216e-24 ] 1.0000e+00
 6.063e+01 4.8870e-24 4.8870e-24 [ 4.3015e-64 1.3551e-39 4.3424e-30 3.8212e-24 1.0658e-24 ] 1.0000e+00
 6.075e+01 4.2597e-24 4.2597e-24 [ 2.8734e-64 1.0901e-39 3.7044e-30 3.3298e-24 9.2983e-25 ] 1.0000e+00
 6.086e+01 3.7126e-24 3.7126e-24 [ 1.9181e-64 8.7659e-40 3.1597e-30 2.9015e-24 8.1115e-25 ] 1.0000e+00
 6.097e+01 3.2356e-24 3.2356e-24 [ 1.2796e-64 7.0464e-40 2.6945e-30 2.5280e-24 7.0756e-25 ] 1.0000e+00
 6.109e+01 2.8197e-24 2.8197e-24 [ 8.5300e-65 5.6621e-40 2.2975e-30 2.2025e-24 6.1717e-25 ] 1.0000e+00
 6.120e+01 2.4570e-24 2.4570e-24 [ 5.6824e-65 4.5480e-40 1.9586e-30 1.9187e-24 5.3828e-25 ] 1.0000e+00
 6.131e+01 2.1408e-24 2.1408e-24 [ 3.7829e-65 3.6517e-40 1.6694e-30 1.6714e-24 4.6945e-25 ] 1.0000e+00
 6.143e+01 1.8652e-24 1.8652e-24 [ 2.5166e-65 2.9310e-40 1.4227e-30 1.4558e-24 4.0939e-25 ] 1.0000e+00
 6.154e+01 1.6250e-24 1.6250e-24 [ 1.6730e-65 2.3516e-40 1.2122e-30 1.2680e-24 3.5699e-25 ] 1.0000e+00
 6.165e+01 1.4156e-24 1.4156e-24 [ 1.1115e-65 1.8860e-40 1.0326e-30 1.1043e-24 3.1127e-25 ] 1.0000e+00
 6.177e+01 1.2331e-24 1.2331e-24 [ 7.3787e-66 1.5120e-40 8.7953e-31 9.6168e-25 2.7139e-25 ] 1.0000e+00
 6.188e+01 1.0740e-24 1.0740e-24 [ 4.8951e-66 1.2117e-40 7.4899e-31 8.3741e-25 2.3661e-25 ] 1.0000e+00
 6.199e+01 9.3540e-25 9.3540e-25 [ 3.2453e-66 9.7071e-41 6.3771e-31 7.2914e-25 2.0626e-25 ] 1.0000e+00
 6.211e+01 8.1462e-25 8.1462e-25 [ 2.1500e-66 7.7731e-41 5.4286e-31 6.3482e-25 1.7980e-25 ] 1.0000e+00
 6.222e+01 7.0938e-25 7.0938e-25 [ 1.4233e-66 6.2220e-41 4.6204e-31 5.5266e-25 1.5672e-25 ] 1.0000e+00
 6.233e+01 6.1769e-25 6.1769e-25 [ 9.4163e-67 4.9784e-41 3.9317e-31 4.8110e-25 1.3659e-25 ] 1.0000e+00
 6.245e+01 5.3782e-25 5.3782e-25 [ 6.2251e-67 3.9818e-41 3.3450e-31 4.1877e-25 1.1904e-25 ] 1.0000e+00
 6.256e+01 4.6823e-25 4.6823e-25 [ 4.1125e-67 3.1834e-41 2.8454e-31 3.6449e-25 1.0374e-25 ] 1.0000e+00
 6.267e+01 4.0762e-25 4.0762e-25 [ 2.7150e-67 2.5441e-41 2.4199e-31 3.1722e-25 9.0398e-26 ] 1.0000e+00
 6.279e+01 3.5483e-25 3.5483e-25 [ 1.7911e-67 2.0323e-41 2.0576e-31 2.7606e-25 7.8766e-26 ] 1.0000e+00
 6.290e+01 3.0885e-25 3.0885e-25 [ 1.1807e-67 1.6228e-41 1.7492e-31 2.4022e-25 6.8625e-26 ] 1.0000e+00
 6.301e+01 2.6880e-25 2.6880e-25 [ 7.7783e-68 1.2953e-41 1.4868e-31 2.0902e-25 5.9786e-26 ] 1.0000e+00
 6.313e+01 2.3394e-25 2.3394e-25 [ 5.1205e-68 1.0334e-41 1.2634e-31 1.8185e-25 5.2082e-26 ] 1.0000e+00
 6.324e+01 2.0357e-25 2.0357e-25 [ 3.3684e-68 8.2416e-42 1.0734e-31 1.5821e-25 4.5367e-26 ] 1.0000e+00
 6.335e+01 1.7714e-25 1.7714e-25 [ 2.2142e-68 6.5699e-42 9.1179e-32 1.3763e-25 3.9515e-26 ] 1.0000e+00
 6.347e+01 1.5413e-25 1.5413e-25 [ 1.4545e-68 5.2351e-42 7.7434e-32 1.1971e-25 3.4415e-26 ] 1.0000e+00
 6.358e+01 1.3409e-25 1.3409e-25 [ 9.5475e-69 4.1696e-42 6.5747e-32 1.0412e-25 2.9971e-26 ] 1.0000e+00
 6.369e+01 1.1665e-25 1.1665e-25 [ 6.2626e-69 3.3196e-42 5.5812e-32 9.0553e-26 2.6099e-26 ] 1.0000e+00
 6.381e+01 1.0147e-25 1.0147e-25 [ 4.1049e-69 2.6417e-42 4.7368e-32 7.8747e-26 2.2725e-26 ] 1.0000e+00
 6.392e+01 8.8261e-26 8.8261e-26 [ 2.6886e-69 2.1013e-42 4.0192e-32 6.8475e-26 1.9787e-26 ] 1.0000e+00
 6.403e+01 7.6764e-26 7.6764e-26 [ 1.7597e-69 1.6707e-42 3.4096e-32 5.9538e-26 1.7226e-26 ] 1.0000e+00
 6.415e+01 6.6759e-26 6.6759e-26 [ 1.1509e-69 1.3277e-42 2.8918e-32 5.1763e-26 1.4996e-26 ] 1.0000e+00
 6.426e+01 5.8053e-26 5.8053e-26 [ 7.5218e-70 1.0547e-42 2.4520e-32 4.4999e-26 1.3054e-26 ] 1.0000e+00
 6.437e+01 5.0479e-26 5.0479e-26 [ 4.9123e-70 8.3742e-43 2.0787e-32 3.9116e-26 1.1362e-26 ] 1.0000e+00
 6.449e+01 4.3889e-26 4.3889e-26 [ 3.2057e-70 6.6460e-43 1.7617e-32 3.4000e-26 9.8890e-27 ] 1.0000e+00
 6.460e+01 3.8156e-26 3.8156e-26 [ 2.0904e-70 5.2720e-43 1.4927e-32 2.9550e-26 8.6061e-27 ] 1.0000e+00
 6.471e+01 3.3170e-26 3.3170e-26 [ 1.3621e-70 4.1801e-43 1.2645e-32 2.5681e-26 7.4891e-27 ] 1.0000e+00
 6.483e+01 2.8832e-26 2.8832e-26 [ 8.8693e-71 3.3128e-43 1.0709e-32 2.2316e-26 6.5165e-27 ] 1.0000e+00
 6.494e+01 2.5060e-26 2.5060e-26 [ 5.7707e-71 2.6242e-43 9.0669e-33 1.9390e-26 5.6698e-27 ] 1.0000e+00
 6.505e+01 2.1780e-26 2.1780e-26 [ 3.7518e-71 2.0777e-43 7.6747e-33 1.6847e-26 4.9327e-27 ] 1.0000e+00
 6.517e+01 1.8927e-26 1.8927e-26 [ 2.4374e-71 1.6442e-43 6.4945e-33 1.4636e-26 4.2911e-27 ] 1.0000e+00
 6.528e+01 1.6447e-26 1.6447e-26 [ 1.5822e-71 1.3005e-43 5.4943e-33 1.2714e-26 3.7327e-27 ] 1.0000e+00
 6.539e+01 1.4290e-26 1.4290e-26 [ 1.0263e-71 1.0282e-43 4.6468e-33 1.1044e-26 3.2466e-27 ] 1.0000e+00
 6.551e+01 1.2415e-26 1.2415e-26 [ 6.6525e-72 8.1243e-44 3.9289e-33 9.5918e-27 2.8237e-27 ] 1.0000e+00
 6.562e+01 1.0786e-26 1.0786e-26 [ 4.3086e-72 6.4164e-44 3.3209e-33 8.3301e-27 2.4556e-27 ] 1.0000e+00
 6.573e+01 9.3690e-27 9.3690e-27 [ 2.7884e-72 5.0649e-44 2.8062e-33 7.2337e-27 2.1353e-27 ] 1.0000e+00
 6.585e+01 8.1378e-27 8.1378e-27 [ 1.8031e-72 3.9960e-44 2.3706e-33 6.2811e-27 1.8567e-27 ] 1.0000e+00
 6.596e+01 7.0677e-27 7.0677e-27 [ 1.1651e-72 3.1510e-44 2.0019e-33 5.4535e-27 1.6143e-27 ] 1.0000e+00
 6.607e+01 6.1378e-27 6.1378e-27 [ 7.5224e-73 2.4834e-44 1.6901e-33 4.7345e-27 1.4034e-27 ] 1.0000e+00
 6.619e+01 5.3298e-27 5.3298e-27 [ 4.8530e-73 1.9562e-44 1.4263e-33 4.1099e-27 1.2199e-27 ] 1.0000e+00
 6.630e+01 4.6278e-27 4.6278e-27 [ 3.1283e-73 1.5401e-44 1.2033e-33 3.5674e-27 1.0604e-27 ] 1.0000e+00
 6.641e+01 4.0179e-27 4.0179e-27 [ 2.0150e-73 1.2118e-44 1.0149e-33 3.0963e-27 9.2164e-28 ] 1.0000e+00
 6.653e+01 3.4881e-27 3.4881e-27 [ 1.2968e-73 9.5294e-45 8.5563e-34 2.6871e-27 8.0097e-28 ] 1.0000e+00
 6.664e+01 3.0278e-27 3.0278e-27 [ 8.3393e-74 7.4898e-45 7.2111e-34 2.3318e-27 6.9604e-28 ] 1.0000e+00
 6.675e+01 2.6281e-27 2.6281e-27 [ 5.3583e-74 5.8833e-45 6.0751e-34 2.0233e-27 6.0481e-28 ] 1.0000e+00
 6.687e+01 2.2809e-27 2.2809e-27 [ 3.4401e-74 4.6187e-45 5.1162e-34 1.7554e-27 5.2549e-28 ] 1.0000e+00
 6.698e+01 1.9794e-27 1.9794e-27 [ 2.2068e-74 3.6238e-45 4.3070e-34 1.5229e-27 4.5653e-28 ] 1.0000e+00
 6.709e+01 1.7176e-27 1.7176e-27 [ 1.4144e-74 2.8416e-45 3.6243e-34 1.3210e-27 3.9659e-28 ] 1.0000e+00
 6.721e+01 1.4903e-27 1.4903e-27 [ 9.0581e-75 2.2268e-45 3.0486e-34 1.1458e-27 3.4449e-28 ] 1.0000e+00
 6.732e+01 1.2930e-27 1.2930e-27 [ 5.7960e-75 1.7440e-45 2.5633e-34 9.9378e-28 2.9921e-28 ] 1.0000e+00
 6.743e+01 1.1217e-27 1.1217e-27 [ 3.7055e-75 1.3651e-45 2.1544e-34 8.6182e-28 2.5985e-28 ] 1.0000e+00
 6.755e+01 9.7297e-28 9.7297e-28 [ 2.3670e-75 1.0678e-45 1.8099e-34 7.4731e-28 2.2566e-28 ] 1.0000e+00
 6.766e+01 8.4390e-28 8.4390e-28 [ 1.5107e-75 8.3469e-46 1.5198e-34 6.4796e-28 1.9595e-28 ] 1.0000e+00
 6.777e+01 7.3189e-28 7.3189e-28 [ 9.6330e-76 6.5207e-46 1.2756e-34 5.6176e-28 1.7013e-28 ] 1.0000e+00
 6.789e+01 6.3469e-28 6.3469e-28 [ 6.1372e-76 5.0908e-46 1.0701e-34 4.8698e-28 1.4770e-28 ] 1.0000e+00
 6.800e+01 5.5034e-28 5.5034e-28 [ 3.9066e-76 3.9717e-46 8.9731e-35 4.2212e-28 1.2822e-28 ] 1.0000e+00
 6.811e+01 4.7716e-28 4.7716e-28 [ 2.4844e-76 3.0966e-46 7.5204e-35 3.6586e-28 1.1130e-28 ] 1.0000e+00
 6.823e+01 4.1366e-28 4.1366e-28 [ 1.5786e-76 2.4126e-46 6.2996e-35 3.1707e-28 9.6599e-29 ] 1.0000e+00
 6.834e+01 3.5859e-28 3.5859e-28 [ 1.0021e-76 1.8784e-46 5.2742e-35 2.7475e-28 8.3835e-29 ] 1.0000e+00
 6.845e+01 3.1081e-28 3.1081e-28 [ 6.3554e-77 1.4615e-46 4.4134e-35 2.3806e-28 7.2751e-29 ] 1.0000e+00
 6.857e+01 2.6938e-28 2.6938e-28 [ 4.0269e-77 1.1362e-46 3.6909e-35 2.0625e-28 6.3126e-29 ] 1.0000e+00
 6.868e+01 2.3344e-28 2.3344e-28 [ 2.5491e-77 8.8275e-47 3.0850e-35 1.7867e-28 5.4770e-29 ] 1.0000e+00
 6.879e+01 2.0228e-28 2.0228e-28 [ 1.6121e-77 6.8529e-47 2.5770e-35 1.5476e-28 4.7516e-29 ] 1.0000e+00
 6.891e+01 1.7526e-28 1.7526e-28 [ 1.0185e-77 5.3160e-47 2.1514e-35 1.3404e-28 4.1218e-29 ] 1.0000e+00
 6.902e+01 1.5183e-28 1.5183e-28 [ 6.4285e-78 4.1206e-47 1.7949e-35 1.1608e-28 3.5753e-29 ] 1.0000e+00
 6.913e+01 1.3152e-28 1.3152e-28 [ 4.0534e-78 3.1914e-47 1.4966e-35 1.0052e-28 3.1009e-29 ] 1.0000e+00
 6.925e+01 1.1392e-28 1.1392e-28 [ 2.5533e-78 2.4698e-47 1.2470e-35 8.7028e-29 2.6892e-29 ] 1.0000e+00
 6.936e+01 9.8661e-29 9.8661e-29 [ 1.6067e-78 1.9098e-47 1.0383e-35 7.5342e-29 2.3319e-29 ] 1.0000e+00
 6.947e+01 8.5436e-29 8.5436e-29 [ 1.0099e-78 1.4755e-47 8.6392e-36 6.5217e-29 2.0219e-29 ] 1.0000e+00
 6.959e+01 7.3975e-29 7.3975e-29 [ 6.3417e-79 1.1389e-47 7.1832e-36 5.6446e-29 1.7530e-29 ] 1.0000e+00
 6.970e+01 6.4045e-29 6.4045e-29 [ 3.9778e-79 8.7841e-48 5.9680e-36 4.8848e-29 1.5197e-29 ] 1.0000e+00
 6.981e+01 5.5440e-29 5.5440e-29 [ 2.4923e-79 6.7685e-48 4.9545e-36 4.2267e-29 1.3173e-29 ] 1.0000e+00
 6.993e+01 4.7986e-29 4.7986e-29 [ 1.5598e-79 5.2106e-48 4.1099e-36 3.6568e-29 1.1418e-29 ] 1.0000e+00
 7.004e+01 4.1528e-29 4.1528e-29 [ 9.7509e-80 4.0075e-48 3.4064e-36 3.1633e-29 9.8951e-30 ] 1.0000e+00
 7.015e+01 3.5935e-29 3.5935e-29 [ 6.0885e-80 3.0792e-48 2.8209e-36 2.7360e-29 8.5749e-30 ] 1.0000e+00
 7.027e+01 3.1091e-29 3.1091e-29 [ 3.7971e-80 2.3635e-48 2.3339e-36 2.3660e-29 7.4301e-30 ] 1.0000e+00
 7.038e+01 2.6895e-29 2.6895e-29 [ 2.3652e-80 1.8123e-48 1.9293e-36 2.0458e-29 6.4375e-30 ] 1.0000e+00
 7.049e+01 2.3262e-29 2.3262e-29 [ 1.4714e-80 1.3881e-48 1.5932e-36 1.7685e-29 5.5770e-30 ] 1.0000e+00
 7.061e+01 2.0117e-29 2.0117e-29 [ 9.1421e-81 1.0621e-48 1.3144e-36 1.5286e-29 4.8310e-30 ] 1.0000e+00
 7.072e+01 1.7393e-29 1.7393e-29 [ 5.6726e-81 8.1170e-49 1.0833e-36 1.3209e-29 4.1844e-30 ] 1.0000e+00
 7.083e+01 1.5036e-29 1.5036e-29 [ 3.5150e-81 6.1961e-49 8.9180e-37 1.1412e-29 3.6240e-30 ] 1.0000e+00
 7.095e+01 1.2995e-29 1.2995e-29 [ 2.1750e-81 4.7240e-49 7.3335e-37 9.8567e-30 3.1384e-30 ] 1.0000e+00
 7.106e+01 1.1229e-29 1.1229e-29 [ 1.3439e-81 3.5972e-49 6.0235e-37 8.5113e-30 2.7175e-30 ] 1.0000e+00
 7.117e+01 9.7002e-30 9.7002e-30 [ 8.2915e-82 2.7355e-49 4.9414e-37 7.3474e-30 2.3528e-30 ] 1.0000e+00
 7.129e+01 8.3775e-30 8.3775e-30 [ 5.1076e-82 2.0774e-49 4.0485e-37 6.3406e-30 2.0369e-30 ] 1.0000e+00
 7.140e+01 7.2329e-30 7.2329e-30 [ 3.1413e-82 1.5753e-49 3.3124e-37 5.4697e-30 1.7632e-30 ] 1.0000e+00
 7.151e+01 6.2427e-30 6.2427e-30 [ 1.9288e-82 1.1928e-49 2.7064e-37 4.7166e-30 1.5261e-30 ] 1.0000e+00
 7.163e+01 5.3860e-30 5.3860e-30 [ 1.1822e-82 9.0179e-50 2.2079e-37 4.0653e-30 1.3207e-30 ] 1.0000e+00
 7.174e+01 4.6450e-30 4.6450e-30 [ 7.2330e-83 6.8064e-50 1.7984e-37 3.5021e-30 1.1429e-30 ] 1.0000e+00
 7.185e+01 4.0040e-30 4.0040e-30 [ 4.4169e-83 5.1283e-50 1.4624e-37 3.0152e-30 9.8886e-31 ] 1.0000e+00
 7.197e+01 3.4496e-30 3.4496e-30 [ 2.6918e-83 3.8569e-50 1.1871e-37 2.5942e-30 8.5548e-31 ] 1.0000e+00
 7.208e+01 2.9702e-30 2.9702e-30 [ 1.6370e-83 2.8951e-50 9.6177e-38 2.2302e-30 7.3999e-31 ] 1.0000e+00
 7.219e+01 2.5556e-30 2.5556e-30 [ 9.9336e-84 2.1686e-50 7.7766e-38 1.9156e-30 6.3998e-31 ] 1.0000e+00
 7.231e+01 2.1970e-30 2.1970e-30 [ 6.0135e-84 1.6209e-50 6.2743e-38 1.6437e-30 5.5340e-31 ] 1.0000e+00
 7.242e+01 1.8870e-30 1.8870e-30 [ 3.6312e-84 1.2086e-50 5.0505e-38 1.4086e-30 4.7843e-31 ] 1.0000e+00
 7.253e+01 1.6189e-30 1.6189e-30 [ 2.1868e-84 8.9897e-51 4.0551e-38 1.2054e-30 4.1352e-31 ] 1.0000e+00
 7.265e+01 1.3871e-30 1.3871e-30 [ 1.3132e-84 6.6680e-51 3.2470e-38 1.0298e-30 3.5731e-31 ] 1.0000e+00
 7.276e+01 1.1866e-30 1.1866e-30 [ 7.8607e-85 4.9313e-51 2.5921e-38 8.7800e-31 3.0864e-31 ] 1.0000e+00
 7.287e+01 1.0133e-30 1.0133e-30 [ 4.6896e-85 3.6350e-51 2.0624e-38 7.4678e-31 2.6648e-31 ] 1.0000e+00
 7.299e+01 8.6328e-31 8.6328e-31 [ 2.7873e-85 2.6699e-51 1.6349e-38 6.3334e-31 2.2995e-31 ] 1.0000e+00
 7.310e+01 7.3352e-31 7.3352e-31 [ 1.6500e-85 1.9533e-51 1.2907e-38 5.3525e-31 1.9828e-31 ] 1.0000e+00
 7.321e+01 6.2122e-31 6.2122e-31 [ 9.7227e-86 1.4227e-51 1.0141e-38 4.5042e-31 1.7080e-31 ] 1.0000e+00
 7.333e+01 5.2399e-31 5.2399e-31 [ 5.7003e-86 1.0310e-51 7.9240e-39 3.7705e-31 1.4694e-31 ] 1.0000e+00
 7.344e+01 4.3977e-31 4.3977e-31 [ 3.3229e-86 7.4282e-52 6.1526e-39 3.1360e-31 1.2617e-31 ] 1.0000e+00
 7.355e+01 3.6677e-31 3.6677e-31 [ 1.9243e-86 5.3162e-52 4.7412e-39 2.5872e-31 1.0806e-31 ] 1.0000e+00
 7.367e+01 3.0347e-31 3.0347e-31 [ 1.1060e-86 3.7744e-52 3.6203e-39 2.1128e-31 9.2195e-32 ] 1.0000e+00
 7.378e+01 2.4856e-31 2.4856e-31 [ 6.2999e-87 2.6539e-52 2.7334e-39 1.7033e-31 7.8234e-32 ] 1.0000e+00
 7.389e+01 2.0091e-31 2.0091e-31 [ 3.5502e-87 1.8436e-52 2.0347e-39 1.3506e-31 6.5856e-32 ] 1.0000e+00
 7.401e+01 1.5960e-31 1.5960e-31 [ 1.9744e-87 1.2610e-52 1.4871e-39 1.0482e-31 5.4780e-32 ] 1.0000e+00
 7.412e+01 1.2383e-31 1.2383e-31 [ 1.0796e-87 8.4488e-53 1.0607e-39 7.9071e-32 4.4762e-32 ] 1.0000e+00
 7.423e+01 9.3012e-32 9.3012e-32 [ 5.7724e-88 5.4998e-53 7.3165e-40 5.7403e-32 3.5609e-32 ] 1.0000e+00
 7.435e+01 6.6680e-32 6.6680e-32 [ 2.9888e-88 3.4325e-53 4.8107e-40 3.9490e-32 2.7190e-32 ] 1.0000e+00
 7.446e+01 4.4556e-32 4.4556e-32 [ 1.4719e-88 2.0062e-53 2.9414e-40 2.5092e-32 1.9465e-32 ] 1.0000e+00
 7.457e+01 2.6552e-32 2.6552e-32 [ 6.6363e-89 1.0492e-53 1.5958e-40 1.4038e-32 1.2514e-32 ] 1.0000e+00
 7.469e+01 1.2798e-32 1.2798e-32 [ 2.4891e-89 4.4205e-54 6.9095e-41 6.2164e-33 6.5817e-33 ] 1.0000e+00
 7.480e+01 3.6992e-33 3.6992e-33 [ 5.5891e-90 1.0697e-54 1.7002e-41 1.5525e-33 2.1467e-33 ] 1.0000e+00
 7.491e+01 0.0000e+00 0.0000e+00 [ 0.0000e+00 0.0000e+00 0.0000e+00 0.0000e+00 0.0000e+00 ] 1.0000e+00
