 0.000e+00 0.0000e+00 0.0000e+00 [ 0.0000e+00 0.0000e+00 0.0000e+00 0.0000e+00 ] 0.0000e+00 [ 0.0000e+00 ] 9.9998e-01
 1.133e-01 6.9686e-03 6.9686e-03 [ 6.6592e-03 2.1421e-04 9.5147e-05 7.7455e-08 ] 0.0000e+00 [ 0.0000e+00 ] 9.9301e-01
 2.267e-01 1.3675e-02 1.3675e-02 [ 1.2453e-02 8.4207e-04 3.7915e-04 3.0602e-07 ] 0.0000e+00 [ 0.0000e+00 ] 9.8631e-01
 3.400e-01 2.0068e-02 2.0068e-02 [ 1.7382e-02 1.8384e-03 8.4642e-04 6.8162e-07 ] 0.0000e+00 [ 0.0000e+00 ] 9.7991e-01
 4.533e-01 2.6278e-02 2.6278e-02 [ 2.1661e-02 3.1304e-03 1.4857e-03 1.2006e-06 ] 0.0000e+00 [ 0.0000e+00 ] 9.7371e-01
 5.667e-01 3.2264e-02 3.2264e-02 [ 2.5358e-02 4.6248e-03 2.2797e-03 1.8586e-06 ] 0.0000e+00 [ 0.0000e+00 ] 9.6772e-01
 6.800e-01 3.7921e-02 3.7921e-02 [ 2.8495e-02 6.2190e-03 3.2047e-03 2.6495e-06 ] 0.0000e+00 [ 0.0000e+00 ] 9.6206e-01
 7.933e-01 4.3114e-02 4.3114e-02 [ 3.1067e-02 7.8119e-03 4.2323e-03 3.5652e-06 ] 0.0000e+00 [ 0.0000e+00 ] 9.5687e-01
 9.067e-01 4.7706e-02 4.7706e-02 [ 3.3057e-02 9.3145e-03 5.3304e-03 4.5953e-06 ] 0.0000e+00 [ 0.0000e+00 ] 9.5228e-01
 1.020e+00 5.1578e-02 5.1578e-02 [ 3.4450e-02 1.0657e-02 6.4657e-03 5.7277e-06 ] 0.0000e+00 [ 0.0000e+00 ] 9.4841e-01
 1.133e+00 5.4647e-02 5.4647e-02 [ 3.5243e-02 1.1791e-02 7.6055e-03 6.9488e-06 ] 0.0000e+00 [ 0.0000e+00 ] 9.4534e-01
 1.247e+00 5.6878e-02 5.6878e-02 [ 3.5455e-02 1.2694e-02 8.7203e-03 8.2448e-06 ] 0.0000e+00 [ 0.0000e+00 ] 9.4310e-01
 1.360e+00 5.8282e-02 5.8282e-02 [ 3.5125e-02 1.3362e-02 9.7853e-03 9.6028e-06 ] 0.0000e+00 [ 0.0000e+00 ] 9.4170e-01
 1.473e+00 5.8915e-02 5.8915e-02 [ 3.4314e-02 1.3808e-02 1.0782e-02 1.1012e-05 ] 0.0000e+00 [ 0.0000e+00 ] 9.4106e-01
 1.587e+00 5.8865e-02 5.8865e-02 [ 3.3099e-02 1.4057e-02 1.1697e-02 1.2463e-05 ] 0.0000e+00 [ 0.0000e+00 ] 9.4111e-01
 1.700e+00 5.8245e-02 5.8245e-02 [ 3.1567e-02 1.4139e-02 1.2525e-02 1.3952e-05 ] 0.0000e+00 [ 0.0000e+00 ] 9.4172e-01
 1.813e+00 5.7179e-02 5.7179e-02 [ 2.9809e-02 1.4089e-02 1.3265e-02 1.5477e-05 ] 0.0000e+00 [ 0.0000e+00 ] 9.4279e-01
 1.927e+00 5.5788e-02 5.5788e-02 [ 2.7909e-02 1.3940e-02 1.3922e-02 1.7041e-05 ] 0.0000e+00 [ 0.0000e+00 ] 9.4417e-01
 2.040e+00 5.4188e-02 5.4188e-02 [ 2.5944e-02 1.3722e-02 1.4503e-02 1.8652e-05 ] 0.0000e+00 [ 0.0000e+00 ] 9.4577e-01
 2.153e+00 5.2476e-02 5.2476e-02 [ 2.3979e-02 1.3459e-02 1.5018e-02 2.0318e-05 ] 0.0000e+00 [ 0.0000e+00 ] 9.4748e-01
 2.267e+00 5.0735e-02 5.0735e-02 [ 2.2062e-02 1.3174e-02 1.5477e-02 2.2053e-05 ] 0.0000e+00 [ 0.0000e+00 ] 9.4922e-01
 2.380e+00 4.9029e-02 4.9029e-02 [ 2.0231e-02 1.2881e-02 1.5893e-02 2.3874e-05 ] 0.0000e+00 [ 0.0000e+00 ] 9.5093e-01
 2.493e+00 4.7402e-02 4.7402e-02 [ 1.8509e-02 1.2593e-02 1.6275e-02 2.5799e-05 ] 0.0000e+00 [ 0.0000e+00 ] 9.5255e-01
 2.607e+00 4.5886e-02 4.5886e-02 [ 1.6908e-02 1.2318e-02 1.6632e-02 2.7849e-05 ] 0.0000e+00 [ 0.0000e+00 ] 9.5407e-01
 2.720e+00 4.4499e-02 4.4499e-02 [ 1.5433e-02 1.2061e-02 1.6975e-02 3.0045e-05 ] 0.0000e+00 [ 0.0000e+00 ] 9.5545e-01
 2.833e+00 4.3248e-02 4.3248e-02 [ 1.4083e-02 1.1823e-02 1.7309e-02 3.2412e-05 ] 0.0000e+00 [ 0.0000e+00 ] 9.5670e-01
 2.947e+00 4.2135e-02 4.2135e-02 [ 1.2852e-02 1.1607e-02 1.7641e-02 3.4977e-05 ] 0.0000e+00 [ 0.0000e+00 ] 9.5782e-01
 3.060e+00 4.1155e-02 4.1155e-02 [ 1.1731e-02 1.1410e-02 1.7976e-02 3.7768e-05 ] 0.0000e+00 [ 0.0000e+00 ] 9.5880e-01
 3.173e+00 4.0300e-02 4.0300e-02 [ 1.0710e-02 1.1232e-02 1.8317e-02 4.0816e-05 ] 0.0000e+00 [ 0.0000e+00 ] 9.5965e-01
 3.287e+00 3.9563e-02 3.9563e-02 [ 9.7792e-03 1.1071e-02 1.8668e-02 4.4153e-05 ] 0.0000e+00 [ 0.0000e+00 ] 9.6039e-01
 3.400e+00 3.8931e-02 3.8931e-02 [ 8.9294e-03 1.0923e-02 1.9031e-02 4.7817e-05 ] 0.0000e+00 [ 0.0000e+00 ] 9.6102e-01
 3.513e+00 3.8397e-02 3.8397e-02 [ 8.1512e-03 1.0787e-02 1.9407e-02 5.1846e-05 ] 0.0000e+00 [ 0.0000e+00 ] 9.6156e-01
 3.627e+00 3.7950e-02 3.7950e-02 [ 7.4367e-03 1.0660e-02 1.9797e-02 5.6283e-05 ] 0.0000e+00 [ 0.0000e+00 ] 9.6201e-01
 3.740e+00 3.7581e-02 3.7581e-02 [ 6.7789e-03 1.0538e-02 2.0202e-02 6.1176e-05 ] 0.0000e+00 [ 0.0000e+00 ] 9.6238e-01
 3.853e+00 3.7282e-02 3.7282e-02 [ 6.1718e-03 1.0421e-02 2.0623e-02 6.6578e-05 ] 0.0000e+00 [ 0.0000e+00 ] 9.6268e-01
 3.967e+00 3.7047e-02 3.7047e-02 [ 5.6104e-03 1.0305e-02 2.1060e-02 7.2545e-05 ] 0.0000e+00 [ 0.0000e+00 ] 9.6291e-01
 4.080e+00 3.6870e-02 3.6870e-02 [ 5.0904e-03 1.0188e-02 2.1512e-02 7.9143e-05 ] 0.0000e+00 [ 0.0000e+00 ] 9.6309e-01
 4.193e+00 3.6745e-02 3.6745e-02 [ 4.6084e-03 1.0070e-02 2.1980e-02 8.6442e-05 ] 0.0000e+00 [ 0.0000e+00 ] 9.6322e-01
 4.307e+00 3.6667e-02 3.6667e-02 [ 4.1615e-03 9.9483e-03 2.2463e-02 9.4522e-05 ] 0.0000e+00 [ 0.0000e+00 ] 9.6330e-01
 4.420e+00 3.6634e-02 3.6634e-02 [ 3.7473e-03 9.8216e-03 2.2961e-02 1.0347e-04 ] 0.0000e+00 [ 0.0000e+00 ] 9.6333e-01
 4.533e+00 3.6640e-02 3.6640e-02 [ 3.3638e-03 9.6889e-03 2.3474e-02 1.1338e-04 ] 0.0000e+00 [ 0.0000e+00 ] 9.6333e-01
 4.647e+00 3.6684e-02 3.6684e-02 [ 3.0092e-03 9.5492e-03 2.4002e-02 1.2437e-04 ] 0.0000e+00 [ 0.0000e+00 ] 9.6329e-01
 4.760e+00 3.6763e-02 3.6763e-02 [ 2.6822e-03 9.4018e-03 2.4543e-02 1.3655e-04 ] 0.0000e+00 [ 0.0000e+00 ] 9.6321e-01
 4.873e+00 3.6874e-02 3.6874e-02 [ 2.3812e-03 9.2461e-03 2.5097e-02 1.5006e-04 ] 0.0000e+00 [ 0.0000e+00 ] 9.6310e-01
 4.987e+00 3.7015e-02 3.7015e-02 [ 2.1052e-03 9.0817e-03 2.5663e-02 1.6505e-04 ] 0.0000e+00 [ 0.0000e+00 ] 9.6296e-01
 5.100e+00 3.7184e-02 3.7184e-02 [ 1.8529e-03 8.9082e-03 2.6241e-02 1.8168e-04 ] 0.0000e+00 [ 0.0000e+00 ] 9.6280e-01
 5.213e+00 3.7378e-02 3.7378e-02 [ 1.6232e-03 8.7256e-03 2.6829e-02 2.0013e-04 ] 0.0000e+00 [ 0.0000e+00 ] 9.6260e-01
 5.327e+00 3.7595e-02 3.7595e-02 [ 1.4150e-03 8.5337e-03 2.7426e-02 2.2062e-04 ] 0.0000e+00 [ 0.0000e+00 ] 9.6239e-01
 5.440e+00 3.7833e-02 3.7833e-02 [ 1.2271e-03 8.3327e-03 2.8030e-02 2.4337e-04 ] 0.0000e+00 [ 0.0000e+00 ] 9.6215e-01
 5.553e+00 3.8090e-02 3.8090e-02 [ 1.0584e-03 8.1227e-03 2.8640e-02 2.6864e-04 ] 0.0000e+00 [ 0.0000e+00 ] 9.6190e-01
 5.667e+00 3.8363e-02 3.8363e-02 [ 9.0775e-04 7.9042e-03 2.9254e-02 2.9671e-04 ] 0.0000e+00 [ 0.0000e+00 ] 9.6163e-01
 5.780e+00 3.8649e-02 3.8649e-02 [ 7.7401e-04 7.6773e-03 2.9870e-02 3.2790e-04 ] 0.0000e+00 [ 0.0000e+00 ] 9.6134e-01
 5.893e+00 3.8946e-02 3.8946e-02 [ 6.5596e-04 7.4427e-03 3.0484e-02 3.6257e-04 ] 0.0000e+00 [ 0.0000e+00 ] 9.6105e-01
 6.007e+00 3.9250e-02 3.9250e-02 [ 5.5242e-04 7.2009e-03 3.1095e-02 4.0113e-04 ] 0.0000e+00 [ 0.0000e+00 ] 9.6074e-01
 6.120e+00 3.9558e-02 3.9558e-02 [ 4.6220e-04 6.9525e-03 3.1699e-02 4.4402e-04 ] 0.0000e+00 [ 0.0000e+00 ] 9.6044e-01
 6.233e+00 3.9867e-02 3.9867e-02 [ 3.8412e-04 6.6983e-03 3.2292e-02 4.9178e-04 ] 0.0000e+00 [ 0.0000e+00 ] 9.6013e-01
 6.347e+00 4.0173e-02 4.0173e-02 [ 3.1703e-04 6.4389e-03 3.2872e-02 5.4498e-04 ] 0.0000e+00 [ 0.0000e+00 ] 9.5982e-01
 6.460e+00 4.0473e-02 4.0473e-02 [ 2.5981e-04 6.1751e-03 3.3434e-02 6.0430e-04 ] 0.0000e+00 [ 0.0000e+00 ] 9.5952e-01
 6.573e+00 4.0764e-02 4.0764e-02 [ 2.1138e-04 5.9078e-03 3.3975e-02 6.7052e-04 ] 0.0000e+00 [ 0.0000e+00 ] 9.5923e-01
 6.687e+00 4.1043e-02 4.1043e-02 [ 1.7071e-04 5.6379e-03 3.4489e-02 7.4455e-04 ] 0.0000e+00 [ 0.0000e+00 ] 9.5895e-01
 6.800e+00 4.1305e-02 4.1305e-02 [ 1.3683e-04 5.3663e-03 3.4975e-02 8.2744e-04 ] 0.0000e+00 [ 0.0000e+00 ] 9.5869e-01
 6.913e+00 4.1549e-02 4.1549e-02 [ 1.0885e-04 5.0937e-03 3.5426e-02 9.2042e-04 ] 0.0000e+00 [ 0.0000e+00 ] 9.5845e-01
 7.027e+00 4.1773e-02 4.1773e-02 [ 8.5937e-05 4.8213e-03 3.5840e-02 1.0249e-03 ] 0.0000e+00 [ 0.0000e+00 ] 9.5822e-01
 7.140e+00 4.1974e-02 4.1974e-02 [ 6.7337e-05 4.5498e-03 3.6214e-02 1.1428e-03 ] 0.0000e+00 [ 0.0000e+00 ] 9.5802e-01
 7.253e+00 4.2152e-02 4.2152e-02 [ 5.2375e-05 4.2803e-03 3.6543e-02 1.2760e-03 ] 0.0000e+00 [ 0.0000e+00 ] 9.5784e-01
 7.367e+00 4.2308e-02 4.2308e-02 [ 4.0448e-05 4.0138e-03 3.6827e-02 1.4270e-03 ] 0.0000e+00 [ 0.0000e+00 ] 9.5768e-01
 7.480e+00 4.2443e-02 4.2443e-02 [ 3.1029e-05 3.7511e-03 3.7062e-02 1.5990e-03 ] 0.0000e+00 [ 0.0000e+00 ] 9.5754e-01
 7.593e+00 4.2561e-02 4.2561e-02 [ 2.3661e-05 3.4932e-03 3.7249e-02 1.7955e-03 ] 0.0000e+00 [ 0.0000e+00 ] 9.5742e-01
 7.707e+00 4.2667e-02 4.2667e-02 [ 1.7952e-05 3.2411e-03 3.7387e-02 2.0211e-03 ] 0.0000e+00 [ 0.0000e+00 ] 9.5730e-01
 7.820e+00 4.2768e-02 4.2768e-02 [ 1.3569e-05 2.9956e-03 3.7477e-02 2.2813e-03 ] 0.0000e+00 [ 0.0000e+00 ] 9.5720e-01
 7.933e+00 4.2873e-02 4.2873e-02 [ 1.0237e-05 2.7577e-03 3.7522e-02 2.5828e-03 ] 0.0000e+00 [ 0.0000e+00 ] 9.5708e-01
 8.047e+00 4.2996e-02 4.2996e-02 [ 7.7261e-06 2.5281e-03 3.7526e-02 2.9339e-03 ] 0.0000e+00 [ 0.0000e+00 ] 9.5695e-01
 8.160e+00 4.3153e-02 4.3153e-02 [ 5.8517e-06 2.3077e-03 3.7495e-02 3.3451e-03 ] 0.0000e+00 [ 0.0000e+00 ] 9.5679e-01
 8.273e+00 4.3365e-02 4.3365e-02 [ 4.4641e-06 2.0971e-03 3.7434e-02 3.8291e-03 ] 0.0000e+00 [ 0.0000e+00 ] 9.5657e-01
 8.387e+00 4.3656e-02 4.3656e-02 [ 3.4448e-06 1.8970e-03 3.7354e-02 4.4018e-03 ] 0.0000e+00 [ 0.0000e+00 ] 9.5626e-01
 8.500e+00 4.4057e-02 4.4057e-02 [ 2.7012e-06 1.7080e-03 3.7263e-02 5.0830e-03 ] 0.0000e+00 [ 0.0000e+00 ] 9.5585e-01
 8.613e+00 4.4606e-02 4.4606e-02 [ 2.1616e-06 1.5303e-03 3.7176e-02 5.8974e-03 ] 0.0000e+00 [ 0.0000e+00 ] 9.5529e-01
 8.727e+00 4.5349e-02 4.5349e-02 [ 1.7715e-06 1.3643e-03 3.7107e-02 6.8757e-03 ] 0.0000e+00 [ 0.0000e+00 ] 9.5454e-01
 8.840e+00 4.6341e-02 4.6341e-02 [ 1.4898e-06 1.2103e-03 3.7074e-02 8.0561e-03 ] 0.0000e+00 [ 0.0000e+00 ] 9.5353e-01
 8.953e+00 4.7650e-02 4.7650e-02 [ 1.2858e-06 1.0682e-03 3.7095e-02 9.4859e-03 ] 0.0000e+00 [ 0.0000e+00 ] 9.5221e-01
 9.067e+00 4.9358e-02 4.9358e-02 [ 1.1372e-06 9.3796e-04 3.7195e-02 1.1224e-02 ] 0.0000e+00 [ 0.0000e+00 ] 9.5049e-01
 9.180e+00 5.1563e-02 5.1563e-02 [ 1.0278e-06 8.1939e-04 3.7399e-02 1.3343e-02 ] 0.0000e+00 [ 0.0000e+00 ] 9.4828e-01
 9.293e+00 5.4384e-02 5.4384e-02 [ 9.4600e-07 7.1215e-04 3.7738e-02 1.5933e-02 ] 0.0000e+00 [ 0.0000e+00 ] 9.4545e-01
 9.407e+00 5.7963e-02 5.7963e-02 [ 8.8352e-07 6.1581e-04 3.8246e-02 1.9100e-02 ] 0.0000e+00 [ 0.0000e+00 ] 9.4186e-01
 9.520e+00 6.2468e-02 6.2468e-02 [ 8.3465e-07 5.2984e-04 3.8960e-02 2.2977e-02 ] 0.0000e+00 [ 0.0000e+00 ] 9.3735e-01
 9.633e+00 6.8093e-02 6.8093e-02 [ 7.9540e-07 4.5362e-04 3.9923e-02 2.7716e-02 ] 0.0000e+00 [ 0.0000e+00 ] 9.3172e-01
 9.747e+00 7.5063e-02 7.5063e-02 [ 7.6303e-07 3.8648e-04 4.1179e-02 3.3496e-02 ] 0.0000e+00 [ 0.0000e+00 ] 9.2475e-01
 9.860e+00 8.3622e-02 8.3622e-02 [ 7.3566e-07 3.2772e-04 4.2777e-02 4.0517e-02 ] 0.0000e+00 [ 0.0000e+00 ] 9.1620e-01
 9.973e+00 9.4030e-02 9.4030e-02 [ 7.1197e-07 2.7661e-04 4.4761e-02 4.8992e-02 ] 0.0000e+00 [ 0.0000e+00 ] 9.0580e-01
 1.009e+01 1.0654e-01 1.0654e-01 [ 6.9107e-07 2.3239e-04 4.7172e-02 5.9136e-02 ] 0.0000e+00 [ 0.0000e+00 ] 8.9329e-01
 1.020e+01 1.2137e-01 1.2137e-01 [ 6.7227e-07 1.9436e-04 5.0038e-02 7.1141e-02 ] 0.0000e+00 [ 0.0000e+00 ] 8.7846e-01
 1.031e+01 1.3867e-01 1.3867e-01 [ 6.5504e-07 1.6182e-04 5.3365e-02 8.5146e-02 ] 0.0000e+00 [ 0.0000e+00 ] 8.6116e-01
 1.043e+01 1.5846e-01 1.5846e-01 [ 6.3888e-07 1.3412e-04 5.7132e-02 1.0120e-01 ] 0.0000e+00 [ 0.0000e+00 ] 8.4136e-01
 1.054e+01 1.8059e-01 1.8059e-01 [ 6.2336e-07 1.1066e-04 6.1276e-02 1.1920e-01 ] 0.0000e+00 [ 0.0000e+00 ] 8.1922e-01
 1.065e+01 2.0467e-01 2.0467e-01 [ 6.0799e-07 9.0884e-05 6.5691e-02 1.3888e-01 ] 0.0000e+00 [ 0.0000e+00 ] 7.9511e-01
 1.077e+01 2.3010e-01 2.3010e-01 [ 5.9233e-07 7.4319e-05 7.0225e-02 1.5980e-01 ] 0.0000e+00 [ 0.0000e+00 ] 7.6962e-01
 1.088e+01 2.5607e-01 2.5607e-01 [ 5.7593e-07 6.0532e-05 7.4698e-02 1.8131e-01 ] 0.0000e+00 [ 0.0000e+00 ] 7.4358e-01
 1.099e+01 2.8164e-01 2.8164e-01 [ 5.5842e-07 4.9139e-05 7.8914e-02 2.0267e-01 ] 0.0000e+00 [ 0.0000e+00 ] 7.1794e-01
 1.111e+01 3.0582e-01 3.0582e-01 [ 5.3952e-07 3.9800e-05 8.2690e-02 2.2309e-01 ] 0.0000e+00 [ 0.0000e+00 ] 6.9367e-01
 1.122e+01 3.2776e-01 3.2776e-01 [ 5.1911e-07 3.2210e-05 8.5884e-02 2.4184e-01 ] 0.0000e+00 [ 0.0000e+00 ] 6.7165e-01
 1.133e+01 3.4677e-01 3.4677e-01 [ 4.9717e-07 2.6091e-05 8.8404e-02 2.5834e-01 ] 0.0000e+00 [ 0.0000e+00 ] 6.5257e-01
 1.145e+01 3.6240e-01 3.6240e-01 [ 4.7378e-07 2.1197e-05 9.0215e-02 2.7216e-01 ] 0.0000e+00 [ 0.0000e+00 ] 6.3687e-01
 1.156e+01 3.7444e-01 3.7444e-01 [ 4.4914e-07 1.7306e-05 9.1331e-02 2.8309e-01 ] 0.0000e+00 [ 0.0000e+00 ] 6.2478e-01
 1.167e+01 3.8282e-01 3.8282e-01 [ 4.2344e-07 1.4227e-05 9.1790e-02 2.9102e-01 ] 0.0000e+00 [ 0.0000e+00 ] 6.1636e-01
 1.179e+01 3.8760e-01 3.8760e-01 [ 3.9691e-07 1.1799e-05 9.1645e-02 2.9594e-01 ] 0.0000e+00 [ 0.0000e+00 ] 6.1157e-01
 1.190e+01 3.8881e-01 3.8881e-01 [ 3.6975e-07 9.8840e-06 9.0935e-02 2.9787e-01 ] 0.0000e+00 [ 0.0000e+00 ] 6.1036e-01
 1.201e+01 3.8650e-01 3.8650e-01 [ 3.4219e-07 8.3733e-06 8.9683e-02 2.9681e-01 ] 0.0000e+00 [ 0.0000e+00 ] 6.1268e-01
 1.213e+01 3.8066e-01 3.8066e-01 [ 3.1442e-07 7.1782e-06 8.7888e-02 2.9276e-01 ] 0.0000e+00 [ 0.0000e+00 ] 6.1855e-01
 1.224e+01 3.7123e-01 3.7123e-01 [ 2.8666e-07 6.2288e-06 8.5532e-02 2.8569e-01 ] 0.0000e+00 [ 0.0000e+00 ] 6.2803e-01
 1.235e+01 3.5820e-01 3.5820e-01 [ 2.5914e-07 5.4707e-06 8.2593e-02 2.7560e-01 ] 0.0000e+00 [ 0.0000e+00 ] 6.4111e-01
 1.247e+01 3.4164e-01 3.4164e-01 [ 2.3213e-07 4.8615e-06 7.9059e-02 2.6258e-01 ] 0.0000e+00 [ 0.0000e+00 ] 6.5774e-01
 1.258e+01 3.2179e-01 3.2179e-01 [ 2.0592e-07 4.3682e-06 7.4952e-02 2.4684e-01 ] 0.0000e+00 [ 0.0000e+00 ] 6.7768e-01
 1.269e+01 2.9911e-01 2.9911e-01 [ 1.8083e-07 3.9657e-06 7.0334e-02 2.2877e-01 ] 0.0000e+00 [ 0.0000e+00 ] 7.0045e-01
 1.281e+01 2.7428e-01 2.7428e-01 [ 1.5717e-07 3.6348e-06 6.5317e-02 2.0895e-01 ] 0.0000e+00 [ 0.0000e+00 ] 7.2537e-01
 1.292e+01 2.4815e-01 2.4815e-01 [ 1.3520e-07 3.3607e-06 6.0056e-02 1.8809e-01 ] 0.0000e+00 [ 0.0000e+00 ] 7.5157e-01
 1.303e+01 2.2170e-01 2.2170e-01 [ 1.1513e-07 3.1323e-06 5.4728e-02 1.6697e-01 ] 0.0000e+00 [ 0.0000e+00 ] 7.7809e-01
 1.315e+01 1.9584e-01 1.9584e-01 [ 9.7108e-08 2.9412e-06 4.9510e-02 1.4633e-01 ] 0.0000e+00 [ 0.0000e+00 ] 8.0400e-01
 1.326e+01 1.7137e-01 1.7137e-01 [ 8.1158e-08 2.7805e-06 4.4557e-02 1.2681e-01 ] 0.0000e+00 [ 0.0000e+00 ] 8.2850e-01
 1.337e+01 1.4887e-01 1.4887e-01 [ 6.7243e-08 2.6452e-06 3.9987e-02 1.0888e-01 ] 0.0000e+00 [ 0.0000e+00 ] 8.5102e-01
 1.349e+01 1.2870e-01 1.2870e-01 [ 5.5256e-08 2.5309e-06 3.5872e-02 9.2822e-02 ] 0.0000e+00 [ 0.0000e+00 ] 8.7120e-01
 1.360e+01 1.1099e-01 1.1099e-01 [ 4.5048e-08 2.4340e-06 3.2246e-02 7.8739e-02 ] 0.0000e+00 [ 0.0000e+00 ] 8.8891e-01
 1.371e+01 9.5714e-02 9.5714e-02 [ 3.6443e-08 2.3516e-06 2.9106e-02 6.6606e-02 ] 0.0000e+00 [ 0.0000e+00 ] 9.0417e-01
 1.383e+01 8.2728e-02 8.2728e-02 [ 2.9260e-08 2.2810e-06 2.6427e-02 5.6299e-02 ] 0.0000e+00 [ 0.0000e+00 ] 9.1715e-01
 1.394e+01 7.1811e-02 7.1811e-02 [ 2.3316e-08 2.2201e-06 2.4170e-02 4.7639e-02 ] 0.0000e+00 [ 0.0000e+00 ] 9.2806e-01
 1.405e+01 6.2710e-02 6.2710e-02 [ 1.8439e-08 2.1669e-06 2.2287e-02 4.0421e-02 ] 0.0000e+00 [ 0.0000e+00 ] 9.3716e-01
 1.417e+01 5.5173e-02 5.5173e-02 [ 1.4473e-08 2.1198e-06 2.0731e-02 3.4440e-02 ] 0.0000e+00 [ 0.0000e+00 ] 9.4470e-01
 1.428e+01 4.8958e-02 4.8958e-02 [ 1.1274e-08 2.0775e-06 1.9454e-02 2.9502e-02 ] 0.0000e+00 [ 0.0000e+00 ] 9.5092e-01
 1.439e+01 4.3850e-02 4.3850e-02 [ 8.7149e-09 2.0387e-06 1.8415e-02 2.5433e-02 ] 0.0000e+00 [ 0.0000e+00 ] 9.5603e-01
 1.451e+01 3.9659e-02 3.9659e-02 [ 6.6857e-09 2.0026e-06 1.7576e-02 2.2081e-02 ] 0.0000e+00 [ 0.0000e+00 ] 9.6023e-01
 1.462e+01 3.6225e-02 3.6225e-02 [ 5.0901e-09 1.9682e-06 1.6905e-02 1.9318e-02 ] 0.0000e+00 [ 0.0000e+00 ] 9.6368e-01
 1.473e+01 3.3412e-02 3.3412e-02 [ 3.8460e-09 1.9350e-06 1.6374e-02 1.7035e-02 ] 0.0000e+00 [ 0.0000e+00 ] 9.6651e-01
 1.485e+01 3.1106e-02 3.1106e-02 [ 2.8842e-09 1.9022e-06 1.5960e-02 1.5145e-02 ] 0.0000e+00 [ 0.0000e+00 ] 9.6883e-01
 1.496e+01 2.9216e-02 2.9216e-02 [ 2.1468e-09 1.8694e-06 1.5641e-02 1.3573e-02 ] 0.0000e+00 [ 0.0000e+00 ] 9.7074e-01
 1.507e+01 2.7665e-02 2.7665e-02 [ 1.5862e-09 1.8361e-06 1.5402e-02 1.2261e-02 ] 0.0000e+00 [ 0.0000e+00 ] 9.7231e-01
 1.519e+01 2.6389e-02 2.6389e-02 [ 1.1635e-09 1.8020e-06 1.5227e-02 1.1160e-02 ] 0.0000e+00 [ 0.0000e+00 ] 9.7361e-01
 1.530e+01 2.5337e-02 2.5337e-02 [ 8.4737e-10 1.7668e-06 1.5104e-02 1.0231e-02 ] 0.0000e+00 [ 0.0000e+00 ] 9.7468e-01
 1.541e+01 2.4467e-02 2.4467e-02 [ 6.1279e-10 1.7301e-06 1.5023e-02 9.4422e-03 ] 0.0000e+00 [ 0.0000e+00 ] 9.7557e-01
 1.553e+01 2.3745e-02 2.3745e-02 [ 4.4009e-10 1.6919e-06 1.4975e-02 8.7686e-03 ] 0.0000e+00 [ 0.0000e+00 ] 9.7631e-01
 1.564e+01 2.3141e-02 2.3141e-02 [ 3.1392e-10 1.6518e-06 1.4950e-02 8.1893e-03 ] 0.0000e+00 [ 0.0000e+00 ] 9.7693e-01
 1.575e+01 2.2632e-02 2.2632e-02 [ 2.2243e-10 1.6098e-06 1.4943e-02 7.6876e-03 ] 0.0000e+00 [ 0.0000e+00 ] 9.7745e-01
 1.587e+01 2.2199e-02 2.2199e-02 [ 1.5658e-10 1.5658e-06 1.4947e-02 7.2502e-03 ] 0.0000e+00 [ 0.0000e+00 ] 9.7791e-01
 1.598e+01 2.1824e-02 2.1824e-02 [ 1.0951e-10 1.5198e-06 1.4956e-02 6.8660e-03 ] 0.0000e+00 [ 0.0000e+00 ] 9.7830e-01
 1.609e+01 2.1494e-02 2.1494e-02 [ 7.6115e-11 1.4716e-06 1.4966e-02 6.5263e-03 ] 0.0000e+00 [ 0.0000e+00 ] 9.7864e-01
 1.621e+01 2.1198e-02 2.1198e-02 [ 5.2576e-11 1.4215e-06 1.4973e-02 6.2238e-03 ] 0.0000e+00 [ 0.0000e+00 ] 9.7895e-01
 1.632e+01 2.0926e-02 2.0926e-02 [ 3.6097e-11 1.3694e-06 1.4972e-02 5.9528e-03 ] 0.0000e+00 [ 0.0000e+00 ] 9.7924e-01
 1.643e+01 2.0670e-02 2.0670e-02 [ 2.4635e-11 1.3156e-06 1.4961e-02 5.7084e-03 ] 0.0000e+00 [ 0.0000e+00 ] 9.7951e-01
 1.655e+01 2.0424e-02 2.0424e-02 [ 1.6715e-11 1.2602e-06 1.4936e-02 5.4869e-03 ] 0.0000e+00 [ 0.0000e+00 ] 9.7977e-01
 1.666e+01 2.0183e-02 2.0183e-02 [ 1.1276e-11 1.2034e-06 1.4896e-02 5.2851e-03 ] 0.0000e+00 [ 0.0000e+00 ] 9.8002e-01
 1.677e+01 1.9941e-02 1.9941e-02 [ 7.5640e-12 1.1455e-06 1.4839e-02 5.1005e-03 ] 0.0000e+00 [ 0.0000e+00 ] 9.8027e-01
 1.689e+01 1.9696e-02 1.9696e-02 [ 5.0457e-12 1.0867e-06 1.4764e-02 4.9309e-03 ] 0.0000e+00 [ 0.0000e+00 ] 9.8053e-01
 1.700e+01 1.9444e-02 1.9444e-02 [ 3.3474e-12 1.0273e-06 1.4668e-02 4.7747e-03 ] 0.0000e+00 [ 0.0000e+00 ] 9.8079e-01
 1.711e+01 1.9184e-02 1.9184e-02 [ 2.2088e-12 9.6778e-07 1.4552e-02 4.6306e-03 ] 0.0000e+00 [ 0.0000e+00 ] 9.8106e-01
 1.723e+01 1.8914e-02 1.8914e-02 [ 1.4497e-12 9.0833e-07 1.4416e-02 4.4974e-03 ] 0.0000e+00 [ 0.0000e+00 ] 9.8134e-01
 1.734e+01 1.8634e-02 1.8634e-02 [ 9.4649e-13 8.4931e-07 1.4259e-02 4.3743e-03 ] 0.0000e+00 [ 0.0000e+00 ] 9.8163e-01
 1.745e+01 1.8344e-02 1.8344e-02 [ 6.1474e-13 7.9106e-07 1.4082e-02 4.2604e-03 ] 0.0000e+00 [ 0.0000e+00 ] 9.8193e-01
 1.757e+01 1.8042e-02 1.8042e-02 [ 3.9723e-13 7.3390e-07 1.3886e-02 4.1552e-03 ] 0.0000e+00 [ 0.0000e+00 ] 9.8224e-01
 1.768e+01 1.7730e-02 1.7730e-02 [ 2.5537e-13 6.7812e-07 1.3671e-02 4.0581e-03 ] 0.0000e+00 [ 0.0000e+00 ] 9.8256e-01
 1.779e+01 1.7409e-02 1.7409e-02 [ 1.6335e-13 6.2401e-07 1.3439e-02 3.9689e-03 ] 0.0000e+00 [ 0.0000e+00 ] 9.8289e-01
 1.791e+01 1.7079e-02 1.7079e-02 [ 1.0397e-13 5.7183e-07 1.3191e-02 3.8870e-03 ] 0.0000e+00 [ 0.0000e+00 ] 9.8323e-01
 1.802e+01 1.6742e-02 1.6742e-02 [ 6.5845e-14 5.2179e-07 1.2929e-02 3.8124e-03 ] 0.0000e+00 [ 0.0000e+00 ] 9.8358e-01
 1.813e+01 1.6398e-02 1.6398e-02 [ 4.1498e-14 4.7409e-07 1.2653e-02 3.7446e-03 ] 0.0000e+00 [ 0.0000e+00 ] 9.8393e-01
 1.825e+01 1.6050e-02 1.6050e-02 [ 2.6026e-14 4.2887e-07 1.2366e-02 3.6835e-03 ] 0.0000e+00 [ 0.0000e+00 ] 9.8428e-01
 1.836e+01 1.5699e-02 1.5699e-02 [ 1.6244e-14 3.8626e-07 1.2070e-02 3.6289e-03 ] 0.0000e+00 [ 0.0000e+00 ] 9.8464e-01
 1.847e+01 1.5347e-02 1.5347e-02 [ 1.0091e-14 3.4633e-07 1.1766e-02 3.5807e-03 ] 0.0000e+00 [ 0.0000e+00 ] 9.8500e-01
 1.859e+01 1.4995e-02 1.4995e-02 [ 6.2382e-15 3.0914e-07 1.1456e-02 3.5386e-03 ] 0.0000e+00 [ 0.0000e+00 ] 9.8536e-01
 1.870e+01 1.4644e-02 1.4644e-02 [ 3.8384e-15 2.7469e-07 1.1141e-02 3.5025e-03 ] 0.0000e+00 [ 0.0000e+00 ] 9.8572e-01
 1.881e+01 1.4297e-02 1.4297e-02 [ 2.3508e-15 2.4296e-07 1.0824e-02 3.4722e-03 ] 0.0000e+00 [ 0.0000e+00 ] 9.8608e-01
 1.893e+01 1.3954e-02 1.3954e-02 [ 1.4330e-15 2.1391e-07 1.0506e-02 3.4477e-03 ] 0.0000e+00 [ 0.0000e+00 ] 9.8643e-01
 1.904e+01 1.3617e-02 1.3617e-02 [ 8.6947e-16 1.8746e-07 1.0188e-02 3.4286e-03 ] 0.0000e+00 [ 0.0000e+00 ] 9.8677e-01
 1.915e+01 1.3288e-02 1.3288e-02 [ 5.2515e-16 1.6351e-07 9.8724e-03 3.4150e-03 ] 0.0000e+00 [ 0.0000e+00 ] 9.8711e-01
 1.927e+01 1.2966e-02 1.2966e-02 [ 3.1573e-16 1.4195e-07 9.5594e-03 3.4066e-03 ] 0.0000e+00 [ 0.0000e+00 ] 9.8744e-01
 1.938e+01 1.2654e-02 1.2654e-02 [ 1.8897e-16 1.2265e-07 9.2507e-03 3.4032e-03 ] 0.0000e+00 [ 0.0000e+00 ] 9.8776e-01
 1.949e+01 1.2352e-02 1.2352e-02 [ 1.1259e-16 1.0547e-07 8.9472e-03 3.4048e-03 ] 0.0000e+00 [ 0.0000e+00 ] 9.8807e-01
 1.961e+01 1.2061e-02 1.2061e-02 [ 6.6785e-17 9.0272e-08 8.6497e-03 3.4110e-03 ] 0.0000e+00 [ 0.0000e+00 ] 9.8836e-01
 1.972e+01 1.1781e-02 1.1781e-02 [ 3.9439e-17 7.6891e-08 8.3592e-03 3.4218e-03 ] 0.0000e+00 [ 0.0000e+00 ] 9.8865e-01
 1.983e+01 1.1513e-02 1.1513e-02 [ 2.3188e-17 6.5180e-08 8.0762e-03 3.4370e-03 ] 0.0000e+00 [ 0.0000e+00 ] 9.8892e-01
 1.995e+01 1.1258e-02 1.1258e-02 [ 1.3574e-17 5.4988e-08 7.8013e-03 3.4563e-03 ] 0.0000e+00 [ 0.0000e+00 ] 9.8918e-01
 2.006e+01 1.1014e-02 1.1014e-02 [ 7.9115e-18 4.6166e-08 7.5348e-03 3.4796e-03 ] 0.0000e+00 [ 0.0000e+00 ] 9.8943e-01
 2.017e+01 1.0784e-02 1.0784e-02 [ 4.5915e-18 3.8573e-08 7.2770e-03 3.5067e-03 ] 0.0000e+00 [ 0.0000e+00 ] 9.8967e-01
 2.029e+01 1.0566e-02 1.0566e-02 [ 2.6534e-18 3.2074e-08 7.0282e-03 3.5374e-03 ] 0.0000e+00 [ 0.0000e+00 ] 9.8989e-01
 2.040e+01 1.0360e-02 1.0360e-02 [ 1.5269e-18 2.6541e-08 6.7885e-03 3.5715e-03 ] 0.0000e+00 [ 0.0000e+00 ] 9.9010e-01
 2.051e+01 1.0167e-02 1.0167e-02 [ 8.7504e-19 2.1857e-08 6.5578e-03 3.6089e-03 ] 0.0000e+00 [ 0.0000e+00 ] 9.9030e-01
 2.063e+01 9.9852e-03 9.9852e-03 [ 4.9939e-19 1.7913e-08 6.3361e-03 3.6492e-03 ] 0.0000e+00 [ 0.0000e+00 ] 9.9048e-01
 2.074e+01 9.8155e-03 9.8155e-03 [ 2.8384e-19 1.4610e-08 6.1232e-03 3.6923e-03 ] 0.0000e+00 [ 0.0000e+00 ] 9.9066e-01
 2.085e+01 9.6570e-03 9.6570e-03 [ 1.6068e-19 1.1859e-08 5.9190e-03 3.7380e-03 ] 0.0000e+00 [ 0.0000e+00 ] 9.9082e-01
 2.097e+01 9.5092e-03 9.5092e-03 [ 9.0594e-20 9.5797e-09 5.7231e-03 3.7861e-03 ] 0.0000e+00 [ 0.0000e+00 ] 9.9097e-01
 2.108e+01 9.3718e-03 9.3718e-03 [ 5.0877e-20 7.7016e-09 5.5354e-03 3.8364e-03 ] 0.0000e+00 [ 0.0000e+00 ] 9.9111e-01
 2.119e+01 9.2442e-03 9.2442e-03 [ 2.8461e-20 6.1622e-09 5.3555e-03 3.8886e-03 ] 0.0000e+00 [ 0.0000e+00 ] 9.9124e-01
 2.131e+01 9.1257e-03 9.1257e-03 [ 1.5860e-20 4.9071e-09 5.1831e-03 3.9427e-03 ] 0.0000e+00 [ 0.0000e+00 ] 9.9136e-01
 2.142e+01 9.0160e-03 9.0160e-03 [ 8.8043e-21 3.8892e-09 5.0177e-03 3.9983e-03 ] 0.0000e+00 [ 0.0000e+00 ] 9.9147e-01
 2.153e+01 8.9143e-03 8.9143e-03 [ 4.8692e-21 3.0679e-09 4.8589e-03 4.0554e-03 ] 0.0000e+00 [ 0.0000e+00 ] 9.9157e-01
 2.165e+01 8.8201e-03 8.8201e-03 [ 2.6828e-21 2.4087e-09 4.7065e-03 4.1136e-03 ] 0.0000e+00 [ 0.0000e+00 ] 9.9167e-01
 2.176e+01 8.7328e-03 8.7328e-03 [ 1.4728e-21 1.8823e-09 4.5600e-03 4.1728e-03 ] 0.0000e+00 [ 0.0000e+00 ] 9.9176e-01
 2.187e+01 8.6519e-03 8.6519e-03 [ 8.0560e-22 1.4642e-09 4.4190e-03 4.2329e-03 ] 0.0000e+00 [ 0.0000e+00 ] 9.9184e-01
 2.199e+01 8.5767e-03 8.5767e-03 [ 4.3908e-22 1.1337e-09 4.2832e-03 4.2935e-03 ] 0.0000e+00 [ 0.0000e+00 ] 9.9191e-01
 2.210e+01 8.5068e-03 8.5068e-03 [ 2.3848e-22 8.7373e-10 4.1521e-03 4.3546e-03 ] 0.0000e+00 [ 0.0000e+00 ] 9.9198e-01
 2.221e+01 8.4415e-03 8.4415e-03 [ 1.2907e-22 6.7033e-10 4.0255e-03 4.4160e-03 ] 0.0000e+00 [ 0.0000e+00 ] 9.9205e-01
 2.233e+01 8.3805e-03 8.3805e-03 [ 6.9620e-23 5.1195e-10 3.9030e-03 4.4775e-03 ] 0.0000e+00 [ 0.0000e+00 ] 9.9210e-01
 2.244e+01 8.3231e-03 8.3231e-03 [ 3.7426e-23 3.8923e-10 3.7843e-03 4.5388e-03 ] 0.0000e+00 [ 0.0000e+00 ] 9.9216e-01
 2.255e+01 8.2690e-03 8.2690e-03 [ 2.0052e-23 2.9461e-10 3.6691e-03 4.5999e-03 ] 0.0000e+00 [ 0.0000e+00 ] 9.9221e-01
 2.267e+01 8.2177e-03 8.2177e-03 [ 1.0709e-23 2.2200e-10 3.5571e-03 4.6607e-03 ] 0.0000e+00 [ 0.0000e+00 ] 9.9226e-01
 2.278e+01 8.1689e-03 8.1689e-03 [ 5.7003e-24 1.6655e-10 3.4481e-03 4.7208e-03 ] 0.0000e+00 [ 0.0000e+00 ] 9.9231e-01
 2.289e+01 8.1221e-03 8.1221e-03 [ 3.0247e-24 1.2441e-10 3.3418e-03 4.7802e-03 ] 0.0000e+00 [ 0.0000e+00 ] 9.9235e-01
 2.301e+01 8.0769e-03 8.0769e-03 [ 1.6000e-24 9.2526e-11 3.2381e-03 4.8388e-03 ] 0.0000e+00 [ 0.0000e+00 ] 9.9240e-01
 2.312e+01 8.0331e-03 8.0331e-03 [ 8.4373e-25 6.8517e-11 3.1368e-03 4.8963e-03 ] 0.0000e+00 [ 0.0000e+00 ] 9.9244e-01
 2.323e+01 7.9904e-03 7.9904e-03 [ 4.4358e-25 5.0523e-11 3.0377e-03 4.9527e-03 ] 0.0000e+00 [ 0.0000e+00 ] 9.9248e-01
 2.335e+01 7.9485e-03 7.9485e-03 [ 2.3251e-25 3.7096e-11 2.9407e-03 5.0078e-03 ] 0.0000e+00 [ 0.0000e+00 ] 9.9252e-01
 2.346e+01 7.9072e-03 7.9072e-03 [ 1.2151e-25 2.7124e-11 2.8457e-03 5.0615e-03 ] 0.0000e+00 [ 0.0000e+00 ] 9.9255e-01
 2.357e+01 7.8661e-03 7.8661e-03 [ 6.3322e-26 1.9749e-11 2.7525e-03 5.1136e-03 ] 0.0000e+00 [ 0.0000e+00 ] 9.9259e-01
 2.369e+01 7.8252e-03 7.8252e-03 [ 3.2903e-26 1.4321e-11 2.6611e-03 5.1641e-03 ] 0.0000e+00 [ 0.0000e+00 ] 9.9263e-01
 2.380e+01 7.7842e-03 7.7842e-03 [ 1.7049e-26 1.0342e-11 2.5714e-03 5.2128e-03 ] 0.0000e+00 [ 0.0000e+00 ] 9.9267e-01
 2.391e+01 7.7429e-03 7.7429e-03 [ 8.8098e-27 7.4382e-12 2.4833e-03 5.2596e-03 ] 0.0000e+00 [ 0.0000e+00 ] 9.9270e-01
 2.403e+01 7.7013e-03 7.7013e-03 [ 4.5398e-27 5.3283e-12 2.3969e-03 5.3044e-03 ] 0.0000e+00 [ 0.0000e+00 ] 9.9274e-01
 2.414e+01 7.6591e-03 7.6591e-03 [ 2.3332e-27 3.8017e-12 2.3120e-03 5.3471e-03 ] 0.0000e+00 [ 0.0000e+00 ] 9.9278e-01
 2.425e+01 7.6163e-03 7.6163e-03 [ 1.1959e-27 2.7018e-12 2.2287e-03 5.3876e-03 ] 0.0000e+00 [ 0.0000e+00 ] 9.9282e-01
 2.437e+01 7.5728e-03 7.5728e-03 [ 6.1140e-28 1.9125e-12 2.1470e-03 5.4258e-03 ] 0.0000e+00 [ 0.0000e+00 ] 9.9286e-01
 2.448e+01 7.5283e-03 7.5283e-03 [ 3.1177e-28 1.3486e-12 2.0668e-03 5.4615e-03 ] 0.0000e+00 [ 0.0000e+00 ] 9.9290e-01
 2.459e+01 7.4829e-03 7.4829e-03 [ 1.5858e-28 9.4729e-13 1.9882e-03 5.4947e-03 ] 0.0000e+00 [ 0.0000e+00 ] 9.9294e-01
 2.471e+01 7.4365e-03 7.4365e-03 [ 8.0457e-29 6.6287e-13 1.9111e-03 5.5254e-03 ] 0.0000e+00 [ 0.0000e+00 ] 9.9298e-01
 2.482e+01 7.3889e-03 7.3889e-03 [ 4.0721e-29 4.6208e-13 1.8356e-03 5.5534e-03 ] 0.0000e+00 [ 0.0000e+00 ] 9.9302e-01
 2.493e+01 7.3402e-03 7.3402e-03 [ 2.0560e-29 3.2091e-13 1.7616e-03 5.5786e-03 ] 0.0000e+00 [ 0.0000e+00 ] 9.9307e-01
 2.505e+01 7.2902e-03 7.2902e-03 [ 1.0356e-29 2.2204e-13 1.6893e-03 5.6009e-03 ] 0.0000e+00 [ 0.0000e+00 ] 9.9311e-01
 2.516e+01 7.2389e-03 7.2389e-03 [ 5.2039e-30 1.5307e-13 1.6186e-03 5.6203e-03 ] 0.0000e+00 [ 0.0000e+00 ] 9.9316e-01
 2.527e+01 7.1862e-03 7.1862e-03 [ 2.6090e-30 1.0513e-13 1.5495e-03 5.6368e-03 ] 0.0000e+00 [ 0.0000e+00 ] 9.9321e-01
 2.539e+01 7.1322e-03 7.1322e-03 [ 1.3050e-30 7.1948e-14 1.4820e-03 5.6501e-03 ] 0.0000e+00 [ 0.0000e+00 ] 9.9326e-01
 2.550e+01 7.0766e-03 7.0766e-03 [ 6.5129e-31 4.9061e-14 1.4163e-03 5.6603e-03 ] 0.0000e+00 [ 0.0000e+00 ] 9.9331e-01
 2.561e+01 7.0196e-03 7.0196e-03 [ 3.2432e-31 3.3335e-14 1.3522e-03 5.6674e-03 ] 0.0000e+00 [ 0.0000e+00 ] 9.9336e-01
 2.573e+01 6.9610e-03 6.9610e-03 [ 1.6115e-31 2.2571e-14 1.2899e-03 5.6711e-03 ] 0.0000e+00 [ 0.0000e+00 ] 9.9342e-01
 2.584e+01 6.9009e-03 6.9009e-03 [ 7.9897e-32 1.5228e-14 1.2292e-03 5.6716e-03 ] 0.0000e+00 [ 0.0000e+00 ] 9.9347e-01
 2.595e+01 6.8391e-03 6.8391e-03 [ 3.9529e-32 1.0239e-14 1.1703e-03 5.6687e-03 ] 0.0000e+00 [ 0.0000e+00 ] 9.9353e-01
 2.607e+01 6.7757e-03 6.7757e-03 [ 1.9516e-32 6.8607e-15 1.1132e-03 5.6625e-03 ] 0.0000e+00 [ 0.0000e+00 ] 9.9359e-01
 2.618e+01 6.7106e-03 6.7106e-03 [ 9.6150e-33 4.5813e-15 1.0578e-03 5.6528e-03 ] 0.0000e+00 [ 0.0000e+00 ] 9.9365e-01
 2.629e+01 6.6438e-03 6.6438e-03 [ 4.7275e-33 3.0489e-15 1.0042e-03 5.6396e-03 ] 0.0000e+00 [ 0.0000e+00 ] 9.9371e-01
 2.641e+01 6.5752e-03 6.5752e-03 [ 2.3197e-33 2.0223e-15 9.5230e-04 5.6229e-03 ] 0.0000e+00 [ 0.0000e+00 ] 9.9377e-01
 2.652e+01 6.5050e-03 6.5050e-03 [ 1.1360e-33 1.3369e-15 9.0219e-04 5.6028e-03 ] 0.0000e+00 [ 0.0000e+00 ] 9.9384e-01
 2.663e+01 6.4330e-03 6.4330e-03 [ 5.5520e-34 8.8086e-16 8.5384e-04 5.5792e-03 ] 0.0000e+00 [ 0.0000e+00 ] 9.9391e-01
 2.675e+01 6.3593e-03 6.3593e-03 [ 2.7082e-34 5.7850e-16 8.0724e-04 5.5520e-03 ] 0.0000e+00 [ 0.0000e+00 ] 9.9398e-01
 2.686e+01 6.2838e-03 6.2838e-03 [ 1.3185e-34 3.7869e-16 7.6238e-04 5.5214e-03 ] 0.0000e+00 [ 0.0000e+00 ] 9.9405e-01
 2.697e+01 6.2065e-03 6.2065e-03 [ 6.4074e-35 2.4710e-16 7.1925e-04 5.4873e-03 ] 0.0000e+00 [ 0.0000e+00 ] 9.9412e-01
 2.709e+01 6.1275e-03 6.1275e-03 [ 3.1078e-35 1.6072e-16 6.7783e-04 5.4497e-03 ] 0.0000e+00 [ 0.0000e+00 ] 9.9419e-01
 2.720e+01 6.0468e-03 6.0468e-03 [ 1.5046e-35 1.0421e-16 6.3811e-04 5.4087e-03 ] 0.0000e+00 [ 0.0000e+00 ] 9.9427e-01
 2.731e+01 5.9644e-03 5.9644e-03 [ 7.2712e-36 6.7355e-17 6.0006e-04 5.3643e-03 ] 0.0000e+00 [ 0.0000e+00 ] 9.9435e-01
 2.743e+01 5.8802e-03 5.8802e-03 [ 3.5076e-36 4.3399e-17 5.6366e-04 5.3166e-03 ] 0.0000e+00 [ 0.0000e+00 ] 9.9443e-01
 2.754e+01 5.7945e-03 5.7945e-03 [ 1.6890e-36 2.7878e-17 5.2888e-04 5.2656e-03 ] 0.0000e+00 [ 0.0000e+00 ] 9.9451e-01
 2.765e+01 5.7071e-03 5.7071e-03 [ 8.1191e-37 1.7853e-17 4.9569e-04 5.2115e-03 ] 0.0000e+00 [ 0.0000e+00 ] 9.9459e-01
 2.777e+01 5.6182e-03 5.6182e-03 [ 3.8960e-37 1.1398e-17 4.6406e-04 5.1542e-03 ] 0.0000e+00 [ 0.0000e+00 ] 9.9467e-01
 2.788e+01 5.5278e-03 5.5278e-03 [ 1.8664e-37 7.2555e-18 4.3396e-04 5.0939e-03 ] 0.0000e+00 [ 0.0000e+00 ] 9.9476e-01
 2.799e+01 5.4360e-03 5.4360e-03 [ 8.9255e-38 4.6048e-18 4.0535e-04 5.0306e-03 ] 0.0000e+00 [ 0.0000e+00 ] 9.9484e-01
 2.811e+01 5.3427e-03 5.3427e-03 [ 4.2614e-38 2.9138e-18 3.7819e-04 4.9646e-03 ] 0.0000e+00 [ 0.0000e+00 ] 9.9493e-01
 2.822e+01 5.2482e-03 5.2482e-03 [ 2.0312e-38 1.8384e-18 3.5244e-04 4.8958e-03 ] 0.0000e+00 [ 0.0000e+00 ] 9.9502e-01
 2.833e+01 5.1525e-03 5.1525e-03 [ 9.6656e-39 1.1566e-18 3.2807e-04 4.8244e-03 ] 0.0000e+00 [ 0.0000e+00 ] 9.9511e-01
 2.845e+01 5.0556e-03 5.0556e-03 [ 4.5922e-39 7.2552e-19 3.0503e-04 4.7506e-03 ] 0.0000e+00 [ 0.0000e+00 ] 9.9521e-01
 2.856e+01 4.9577e-03 4.9577e-03 [ 2.1783e-39 4.5383e-19 2.8328e-04 4.6744e-03 ] 0.0000e+00 [ 0.0000e+00 ] 9.9530e-01
 2.867e+01 4.8588e-03 4.8588e-03 [ 1.0316e-39 2.8308e-19 2.6277e-04 4.5960e-03 ] 0.0000e+00 [ 0.0000e+00 ] 9.9539e-01
 2.879e+01 4.7591e-03 4.7591e-03 [ 4.8782e-40 1.7608e-19 2.4346e-04 4.5156e-03 ] 0.0000e+00 [ 0.0000e+00 ] 9.9549e-01
 2.890e+01 4.6587e-03 4.6587e-03 [ 2.3032e-40 1.0922e-19 2.2531e-04 4.4333e-03 ] 0.0000e+00 [ 0.0000e+00 ] 9.9558e-01
 2.901e+01 4.5576e-03 4.5576e-03 [ 1.0857e-40 6.7564e-20 2.0826e-04 4.3493e-03 ] 0.0000e+00 [ 0.0000e+00 ] 9.9568e-01
 2.913e+01 4.4560e-03 4.4560e-03 [ 5.1107e-41 4.1682e-20 1.9228e-04 4.2637e-03 ] 0.0000e+00 [ 0.0000e+00 ] 9.9577e-01
 2.924e+01 4.3540e-03 4.3540e-03 [ 2.4021e-41 2.5645e-20 1.7732e-04 4.1767e-03 ] 0.0000e+00 [ 0.0000e+00 ] 9.9587e-01
 2.935e+01 4.2517e-03 4.2517e-03 [ 1.1273e-41 1.5736e-20 1.6332e-04 4.0884e-03 ] 0.0000e+00 [ 0.0000e+00 ] 9.9597e-01
 2.947e+01 4.1492e-03 4.1492e-03 [ 5.2830e-42 9.6305e-21 1.5026e-04 3.9990e-03 ] 0.0000e+00 [ 0.0000e+00 ] 9.9607e-01
 2.958e+01 4.0467e-03 4.0467e-03 [ 2.4722e-42 5.8785e-21 1.3807e-04 3.9087e-03 ] 0.0000e+00 [ 0.0000e+00 ] 9.9616e-01
 2.969e+01 3.9443e-03 3.9443e-03 [ 1.1553e-42 3.5789e-21 1.2673e-04 3.8176e-03 ] 0.0000e+00 [ 0.0000e+00 ] 9.9626e-01
 2.981e+01 3.8421e-03 3.8421e-03 [ 5.3908e-43 2.1733e-21 1.1618e-04 3.7259e-03 ] 0.0000e+00 [ 0.0000e+00 ] 9.9636e-01
 2.992e+01 3.7401e-03 3.7401e-03 [ 2.5120e-43 1.3164e-21 1.0638e-04 3.6337e-03 ] 0.0000e+00 [ 0.0000e+00 ] 9.9646e-01
 3.003e+01 3.6386e-03 3.6386e-03 [ 1.1689e-43 7.9535e-22 9.7296e-05 3.5413e-03 ] 0.0000e+00 [ 0.0000e+00 ] 9.9655e-01
 3.015e+01 3.5376e-03 3.5376e-03 [ 5.4321e-44 4.7934e-22 8.8883e-05 3.4487e-03 ] 0.0000e+00 [ 0.0000e+00 ] 9.9665e-01
 3.026e+01 3.4373e-03 3.4373e-03 [ 2.5209e-44 2.8817e-22 8.1103e-05 3.3562e-03 ] 0.0000e+00 [ 0.0000e+00 ] 9.9674e-01
 3.037e+01 3.3377e-03 3.3377e-03 [ 1.1683e-44 1.7282e-22 7.3918e-05 3.2638e-03 ] 0.0000e+00 [ 0.0000e+00 ] 9.9684e-01
 3.049e+01 3.2390e-03 3.2390e-03 [ 5.4076e-45 1.0339e-22 6.7291e-05 3.1717e-03 ] 0.0000e+00 [ 0.0000e+00 ] 9.9693e-01
 3.060e+01 3.1413e-03 3.1413e-03 [ 2.4996e-45 6.1709e-23 6.1187e-05 3.0801e-03 ] 0.0000e+00 [ 0.0000e+00 ] 9.9703e-01
 3.071e+01 3.0446e-03 3.0446e-03 [ 1.1539e-45 3.6742e-23 5.5573e-05 2.9891e-03 ] 0.0000e+00 [ 0.0000e+00 ] 9.9712e-01
 3.083e+01 2.9491e-03 2.9491e-03 [ 5.3199e-46 2.1825e-23 5.0416e-05 2.8987e-03 ] 0.0000e+00 [ 0.0000e+00 ] 9.9721e-01
 3.094e+01 2.8549e-03 2.8549e-03 [ 2.4495e-46 1.2934e-23 4.5685e-05 2.8092e-03 ] 0.0000e+00 [ 0.0000e+00 ] 9.9730e-01
 3.105e+01 2.7619e-03 2.7619e-03 [ 1.1265e-46 7.6475e-24 4.1352e-05 2.7206e-03 ] 0.0000e+00 [ 0.0000e+00 ] 9.9739e-01
 3.117e+01 2.6704e-03 2.6704e-03 [ 5.1739e-47 4.5113e-24 3.7387e-05 2.6330e-03 ] 0.0000e+00 [ 0.0000e+00 ] 9.9748e-01
 3.128e+01 2.5803e-03 2.5803e-03 [ 2.3734e-47 2.6552e-24 3.3764e-05 2.5466e-03 ] 0.0000e+00 [ 0.0000e+00 ] 9.9756e-01
 3.139e+01 2.4918e-03 2.4918e-03 [ 1.0874e-47 1.5593e-24 3.0458e-05 2.4614e-03 ] 0.0000e+00 [ 0.0000e+00 ] 9.9765e-01
 3.151e+01 2.4049e-03 2.4049e-03 [ 4.9761e-48 9.1364e-25 2.7445e-05 2.3775e-03 ] 0.0000e+00 [ 0.0000e+00 ] 9.9773e-01
 3.162e+01 2.3197e-03 2.3197e-03 [ 2.2744e-48 5.3417e-25 2.4702e-05 2.2950e-03 ] 0.0000e+00 [ 0.0000e+00 ] 9.9781e-01
 3.173e+01 2.2362e-03 2.2362e-03 [ 1.0383e-48 3.1162e-25 2.2210e-05 2.2140e-03 ] 0.0000e+00 [ 0.0000e+00 ] 9.9789e-01
 3.185e+01 2.1544e-03 2.1544e-03 [ 4.7343e-49 1.8140e-25 1.9947e-05 2.1345e-03 ] 0.0000e+00 [ 0.0000e+00 ] 9.9797e-01
 3.196e+01 2.0745e-03 2.0745e-03 [ 2.1562e-49 1.0537e-25 1.7895e-05 2.0566e-03 ] 0.0000e+00 [ 0.0000e+00 ] 9.9804e-01
 3.207e+01 1.9963e-03 1.9963e-03 [ 9.8088e-50 6.1078e-26 1.6036e-05 1.9803e-03 ] 0.0000e+00 [ 0.0000e+00 ] 9.9812e-01
 3.219e+01 1.9201e-03 1.9201e-03 [ 4.4570e-50 3.5329e-26 1.4356e-05 1.9057e-03 ] 0.0000e+00 [ 0.0000e+00 ] 9.9819e-01
 3.230e+01 1.8457e-03 1.8457e-03 [ 2.0229e-50 2.0393e-26 1.2837e-05 1.8329e-03 ] 0.0000e+00 [ 0.0000e+00 ] 9.9826e-01
 3.241e+01 1.7732e-03 1.7732e-03 [ 9.1710e-51 1.1747e-26 1.1468e-05 1.7617e-03 ] 0.0000e+00 [ 0.0000e+00 ] 9.9833e-01
 3.253e+01 1.7026e-03 1.7026e-03 [ 4.1531e-51 6.7529e-27 1.0233e-05 1.6924e-03 ] 0.0000e+00 [ 0.0000e+00 ] 9.9840e-01
 3.264e+01 1.6340e-03 1.6340e-03 [ 1.8786e-51 3.8741e-27 9.1220e-06 1.6249e-03 ] 0.0000e+00 [ 0.0000e+00 ] 9.9846e-01
 3.275e+01 1.5673e-03 1.5673e-03 [ 8.4885e-52 2.2181e-27 8.1230e-06 1.5591e-03 ] 0.0000e+00 [ 0.0000e+00 ] 9.9853e-01
 3.287e+01 1.5025e-03 1.5025e-03 [ 3.8313e-52 1.2675e-27 7.2261e-06 1.4952e-03 ] 0.0000e+00 [ 0.0000e+00 ] 9.9859e-01
 3.298e+01 1.4396e-03 1.4396e-03 [ 1.7274e-52 7.2281e-28 6.4216e-06 1.4332e-03 ] 0.0000e+00 [ 0.0000e+00 ] 9.9865e-01
 3.309e+01 1.3786e-03 1.3786e-03 [ 7.7799e-53 4.1141e-28 5.7008e-06 1.3729e-03 ] 0.0000e+00 [ 0.0000e+00 ] 9.9870e-01
 3.321e+01 1.3196e-03 1.3196e-03 [ 3.5002e-53 2.3371e-28 5.0559e-06 1.3145e-03 ] 0.0000e+00 [ 0.0000e+00 ] 9.9876e-01
 3.332e+01 1.2624e-03 1.2624e-03 [ 1.5731e-53 1.3251e-28 4.4795e-06 1.2579e-03 ] 0.0000e+00 [ 0.0000e+00 ] 9.9882e-01
 3.343e+01 1.2071e-03 1.2071e-03 [ 7.0625e-54 7.4990e-29 3.9648e-06 1.2031e-03 ] 0.0000e+00 [ 0.0000e+00 ] 9.9887e-01
 3.355e+01 1.1536e-03 1.1536e-03 [ 3.1675e-54 4.2358e-29 3.5058e-06 1.1501e-03 ] 0.0000e+00 [ 0.0000e+00 ] 9.9892e-01
 3.366e+01 1.1020e-03 1.1020e-03 [ 1.4191e-54 2.3881e-29 3.0970e-06 1.0989e-03 ] 0.0000e+00 [ 0.0000e+00 ] 9.9897e-01
 3.377e+01 1.0521e-03 1.0521e-03 [ 6.3517e-55 1.3439e-29 2.7331e-06 1.0494e-03 ] 0.0000e+00 [ 0.0000e+00 ] 9.9902e-01
 3.389e+01 1.0040e-03 1.0040e-03 [ 2.8400e-55 7.5493e-30 2.4097e-06 1.0016e-03 ] 0.0000e+00 [ 0.0000e+00 ] 9.9906e-01
 3.400e+01 9.5768e-04 9.5768e-04 [ 1.2686e-55 4.2330e-30 2.1226e-06 9.5556e-04 ] 0.0000e+00 [ 0.0000e+00 ] 9.9910e-01
 3.411e+01 9.1304e-04 9.1304e-04 [ 5.6608e-56 2.3692e-30 1.8679e-06 9.1117e-04 ] 0.0000e+00 [ 0.0000e+00 ] 9.9915e-01
 3.423e+01 8.7007e-04 8.7007e-04 [ 2.5236e-56 1.3237e-30 1.6422e-06 8.6842e-04 ] 0.0000e+00 [ 0.0000e+00 ] 9.9919e-01
 3.434e+01 8.2873e-04 8.2873e-04 [ 1.1239e-56 7.3824e-31 1.4425e-06 8.2729e-04 ] 0.0000e+00 [ 0.0000e+00 ] 9.9923e-01
 3.445e+01 7.8899e-04 7.8899e-04 [ 5.0005e-57 4.1101e-31 1.2659e-06 7.8772e-04 ] 0.0000e+00 [ 0.0000e+00 ] 9.9926e-01
 3.457e+01 7.5081e-04 7.5081e-04 [ 2.2227e-57 2.2843e-31 1.1099e-06 7.4970e-04 ] 0.0000e+00 [ 0.0000e+00 ] 9.9930e-01
 3.468e+01 7.1415e-04 7.1415e-04 [ 9.8708e-58 1.2674e-31 9.7220e-07 7.1318e-04 ] 0.0000e+00 [ 0.0000e+00 ] 9.9934e-01
 3.479e+01 6.7897e-04 6.7897e-04 [ 4.3793e-58 7.0195e-32 8.5086e-07 6.7812e-04 ] 0.0000e+00 [ 0.0000e+00 ] 9.9937e-01
 3.491e+01 6.4524e-04 6.4524e-04 [ 1.9411e-58 3.8813e-32 7.4400e-07 6.4450e-04 ] 0.0000e+00 [ 0.0000e+00 ] 9.9940e-01
 3.502e+01 6.1291e-04 6.1291e-04 [ 8.5961e-59 2.1425e-32 6.5000e-07 6.1226e-04 ] 0.0000e+00 [ 0.0000e+00 ] 9.9943e-01
 3.513e+01 5.8194e-04 5.8194e-04 [ 3.8032e-59 1.1807e-32 5.6738e-07 5.8138e-04 ] 0.0000e+00 [ 0.0000e+00 ] 9.9946e-01
 3.525e+01 5.5230e-04 5.5230e-04 [ 1.6811e-59 6.4961e-33 4.9483e-07 5.5180e-04 ] 0.0000e+00 [ 0.0000e+00 ] 9.9949e-01
 3.536e+01 5.2394e-04 5.2394e-04 [ 7.4244e-60 3.5682e-33 4.3119e-07 5.2351e-04 ] 0.0000e+00 [ 0.0000e+00 ] 9.9951e-01
 3.547e+01 4.9682e-04 4.9682e-04 [ 3.2759e-60 1.9568e-33 3.7542e-07 4.9644e-04 ] 0.0000e+00 [ 0.0000e+00 ] 9.9954e-01
 3.559e+01 4.7090e-04 4.7090e-04 [ 1.4442e-60 1.0714e-33 3.2659e-07 4.7057e-04 ] 0.0000e+00 [ 0.0000e+00 ] 9.9956e-01
 3.570e+01 4.4614e-04 4.4614e-04 [ 6.3612e-61 5.8565e-34 2.8388e-07 4.4586e-04 ] 0.0000e+00 [ 0.0000e+00 ] 9.9959e-01
 3.581e+01 4.2251e-04 4.2251e-04 [ 2.7994e-61 3.1963e-34 2.4655e-07 4.2226e-04 ] 0.0000e+00 [ 0.0000e+00 ] 9.9961e-01
 3.593e+01 3.9996e-04 3.9996e-04 [ 1.2309e-61 1.7418e-34 2.1395e-07 3.9974e-04 ] 0.0000e+00 [ 0.0000e+00 ] 9.9963e-01
 3.604e+01 3.7845e-04 3.7845e-04 [ 5.4078e-62 9.4764e-35 1.8552e-07 3.7827e-04 ] 0.0000e+00 [ 0.0000e+00 ] 9.9965e-01
 3.615e+01 3.5796e-04 3.5796e-04 [ 2.3738e-62 5.1480e-35 1.6074e-07 3.5780e-04 ] 0.0000e+00 [ 0.0000e+00 ] 9.9967e-01
 3.627e+01 3.3843e-04 3.3843e-04 [ 1.0411e-62 2.7923e-35 1.3916e-07 3.3829e-04 ] 0.0000e+00 [ 0.0000e+00 ] 9.9969e-01
 3.638e+01 3.1984e-04 3.1984e-04 [ 4.5624e-63 1.5123e-35 1.2038e-07 3.1972e-04 ] 0.0000e+00 [ 0.0000e+00 ] 9.9971e-01
 3.649e+01 3.0214e-04 3.0214e-04 [ 1.9977e-63 8.1780e-36 1.0406e-07 3.0204e-04 ] 0.0000e+00 [ 0.0000e+00 ] 9.9972e-01
 3.661e+01 2.8531e-04 2.8531e-04 [ 8.7402e-64 4.4159e-36 8.9877e-08 2.8522e-04 ] 0.0000e+00 [ 0.0000e+00 ] 9.9974e-01
 3.672e+01 2.6931e-04 2.6931e-04 [ 3.8208e-64 2.3809e-36 7.7573e-08 2.6923e-04 ] 0.0000e+00 [ 0.0000e+00 ] 9.9975e-01
 3.683e+01 2.5410e-04 2.5410e-04 [ 1.6690e-64 1.2818e-36 6.6904e-08 2.5404e-04 ] 0.0000e+00 [ 0.0000e+00 ] 9.9977e-01
 3.695e+01 2.3966e-04 2.3966e-04 [ 7.2844e-65 6.8912e-37 5.7659e-08 2.3960e-04 ] 0.0000e+00 [ 0.0000e+00 ] 9.9978e-01
 3.706e+01 2.2594e-04 2.2594e-04 [ 3.1769e-65 3.6994e-37 4.9657e-08 2.2589e-04 ] 0.0000e+00 [ 0.0000e+00 ] 9.9979e-01
 3.717e+01 2.1293e-04 2.1293e-04 [ 1.3844e-65 1.9831e-37 4.2734e-08 2.1289e-04 ] 0.0000e+00 [ 0.0000e+00 ] 9.9981e-01
 3.729e+01 2.0059e-04 2.0059e-04 [ 6.0284e-66 1.0615e-37 3.6751e-08 2.0055e-04 ] 0.0000e+00 [ 0.0000e+00 ] 9.9982e-01
 3.740e+01 1.8889e-04 1.8889e-04 [ 2.6231e-66 5.6745e-38 3.1583e-08 1.8886e-04 ] 0.0000e+00 [ 0.0000e+00 ] 9.9983e-01
 3.751e+01 1.7780e-04 1.7780e-04 [ 1.1405e-66 3.0290e-38 2.7123e-08 1.7777e-04 ] 0.0000e+00 [ 0.0000e+00 ] 9.9984e-01
 3.763e+01 1.6730e-04 1.6730e-04 [ 4.9549e-67 1.6147e-38 2.3278e-08 1.6727e-04 ] 0.0000e+00 [ 0.0000e+00 ] 9.9985e-01
 3.774e+01 1.5735e-04 1.5735e-04 [ 2.1511e-67 8.5955e-39 1.9964e-08 1.5733e-04 ] 0.0000e+00 [ 0.0000e+00 ] 9.9986e-01
 3.785e+01 1.4794e-04 1.4794e-04 [ 9.3320e-68 4.5695e-39 1.7111e-08 1.4792e-04 ] 0.0000e+00 [ 0.0000e+00 ] 9.9987e-01
 3.797e+01 1.3904e-04 1.3904e-04 [ 4.0455e-68 2.4259e-39 1.4655e-08 1.3903e-04 ] 0.0000e+00 [ 0.0000e+00 ] 9.9988e-01
 3.808e+01 1.3062e-04 1.3062e-04 [ 1.7525e-68 1.2862e-39 1.2545e-08 1.3061e-04 ] 0.0000e+00 [ 0.0000e+00 ] 9.9988e-01
 3.819e+01 1.2267e-04 1.2267e-04 [ 7.5862e-69 6.8101e-40 1.0731e-08 1.2266e-04 ] 0.0000e+00 [ 0.0000e+00 ] 9.9989e-01
 3.831e+01 1.1516e-04 1.1516e-04 [ 3.2817e-69 3.6011e-40 9.1740e-09 1.1515e-04 ] 0.0000e+00 [ 0.0000e+00 ] 9.9990e-01
 3.842e+01 1.0806e-04 1.0806e-04 [ 1.4186e-69 1.9017e-40 7.8380e-09 1.0806e-04 ] 0.0000e+00 [ 0.0000e+00 ] 9.9990e-01
 3.853e+01 1.0137e-04 1.0137e-04 [ 6.1280e-70 1.0030e-40 6.6925e-09 1.0136e-04 ] 0.0000e+00 [ 0.0000e+00 ] 9.9991e-01
 3.865e+01 9.5051e-05 9.5051e-05 [ 2.6453e-70 5.2831e-41 5.7111e-09 9.5045e-05 ] 0.0000e+00 [ 0.0000e+00 ] 9.9992e-01
 3.876e+01 8.9094e-05 8.9094e-05 [ 1.1412e-70 2.7793e-41 4.8707e-09 8.9089e-05 ] 0.0000e+00 [ 0.0000e+00 ] 9.9992e-01
 3.887e+01 8.3479e-05 8.3479e-05 [ 4.9196e-71 1.4602e-41 4.1516e-09 8.3475e-05 ] 0.0000e+00 [ 0.0000e+00 ] 9.9993e-01
 3.899e+01 7.8188e-05 7.8188e-05 [ 2.1194e-71 7.6625e-42 3.5367e-09 7.8185e-05 ] 0.0000e+00 [ 0.0000e+00 ] 9.9993e-01
 3.910e+01 7.3205e-05 7.3205e-05 [ 9.1246e-72 4.0158e-42 3.0112e-09 7.3202e-05 ] 0.0000e+00 [ 0.0000e+00 ] 9.9994e-01
 3.921e+01 6.8514e-05 6.8514e-05 [ 3.9258e-72 2.1021e-42 2.5623e-09 6.8512e-05 ] 0.0000e+00 [ 0.0000e+00 ] 9.9994e-01
 3.933e+01 6.4100e-05 6.4100e-05 [ 1.6880e-72 1.0990e-42 2.1792e-09 6.4098e-05 ] 0.0000e+00 [ 0.0000e+00 ] 9.9994e-01
 3.944e+01 5.9948e-05 5.9948e-05 [ 7.2530e-73 5.7385e-43 1.8524e-09 5.9946e-05 ] 0.0000e+00 [ 0.0000e+00 ] 9.9995e-01
 3.955e+01 5.6044e-05 5.6044e-05 [ 3.1146e-73 2.9929e-43 1.5738e-09 5.6042e-05 ] 0.0000e+00 [ 0.0000e+00 ] 9.9995e-01
 3.967e+01 5.2374e-05 5.2374e-05 [ 1.3366e-73 1.5591e-43 1.3364e-09 5.2373e-05 ] 0.0000e+00 [ 0.0000e+00 ] 9.9995e-01
 3.978e+01 4.8927e-05 4.8927e-05 [ 5.7325e-74 8.1118e-44 1.1343e-09 4.8926e-05 ] 0.0000e+00 [ 0.0000e+00 ] 9.9996e-01
 3.989e+01 4.5690e-05 4.5690e-05 [ 2.4570e-74 4.2156e-44 9.6226e-10 4.5689e-05 ] 0.0000e+00 [ 0.0000e+00 ] 9.9996e-01
 4.001e+01 4.2651e-05 4.2651e-05 [ 1.0525e-74 2.1883e-44 8.1593e-10 4.2650e-05 ] 0.0000e+00 [ 0.0000e+00 ] 9.9996e-01
 4.012e+01 3.9800e-05 3.9800e-05 [ 4.5055e-75 1.1346e-44 6.9152e-10 3.9799e-05 ] 0.0000e+00 [ 0.0000e+00 ] 9.9997e-01
 4.023e+01 3.7125e-05 3.7125e-05 [ 1.9276e-75 5.8760e-45 5.8581e-10 3.7125e-05 ] 0.0000e+00 [ 0.0000e+00 ] 9.9997e-01
 4.035e+01 3.4618e-05 3.4618e-05 [ 8.2421e-76 3.0397e-45 4.9604e-10 3.4617e-05 ] 0.0000e+00 [ 0.0000e+00 ] 9.9997e-01
 4.046e+01 3.2268e-05 3.2268e-05 [ 3.5221e-76 1.5707e-45 4.1984e-10 3.2268e-05 ] 0.0000e+00 [ 0.0000e+00 ] 9.9997e-01
 4.057e+01 3.0067e-05 3.0067e-05 [ 1.5042e-76 8.1068e-46 3.5519e-10 3.0066e-05 ] 0.0000e+00 [ 0.0000e+00 ] 9.9997e-01
 4.069e+01 2.8005e-05 2.8005e-05 [ 6.4205e-77 4.1796e-46 3.0037e-10 2.8005e-05 ] 0.0000e+00 [ 0.0000e+00 ] 9.9998e-01
 4.080e+01 2.6075e-05 2.6075e-05 [ 2.7389e-77 2.1525e-46 2.5390e-10 2.6075e-05 ] 0.0000e+00 [ 0.0000e+00 ] 9.9998e-01
 4.091e+01 2.4270e-05 2.4270e-05 [ 1.1677e-77 1.1073e-46 2.1454e-10 2.4270e-05 ] 0.0000e+00 [ 0.0000e+00 ] 9.9998e-01
 4.103e+01 2.2581e-05 2.2581e-05 [ 4.9757e-78 5.6902e-47 1.8121e-10 2.2581e-05 ] 0.0000e+00 [ 0.0000e+00 ] 9.9998e-01
 4.114e+01 2.1002e-05 2.1002e-05 [ 2.1190e-78 2.9209e-47 1.5299e-10 2.1002e-05 ] 0.0000e+00 [ 0.0000e+00 ] 9.9998e-01
 4.125e+01 1.9527e-05 1.9527e-05 [ 9.0190e-79 1.4978e-47 1.2912e-10 1.9527e-05 ] 0.0000e+00 [ 0.0000e+00 ] 9.9998e-01
 4.137e+01 1.8148e-05 1.8148e-05 [ 3.8367e-79 7.6720e-48 1.0894e-10 1.8148e-05 ] 0.0000e+00 [ 0.0000e+00 ] 9.9999e-01
 4.148e+01 1.6861e-05 1.6861e-05 [ 1.6312e-79 3.9257e-48 9.1872e-11 1.6861e-05 ] 0.0000e+00 [ 0.0000e+00 ] 9.9999e-01
 4.159e+01 1.5659e-05 1.5659e-05 [ 6.9317e-80 2.0066e-48 7.7453e-11 1.5659e-05 ] 0.0000e+00 [ 0.0000e+00 ] 9.9999e-01
 4.171e+01 1.4538e-05 1.4538e-05 [ 2.9439e-80 1.0246e-48 6.5274e-11 1.4538e-05 ] 0.0000e+00 [ 0.0000e+00 ] 9.9999e-01
 4.182e+01 1.3492e-05 1.3492e-05 [ 1.2497e-80 5.2267e-49 5.4992e-11 1.3492e-05 ] 0.0000e+00 [ 0.0000e+00 ] 9.9999e-01
 4.193e+01 1.2517e-05 1.2517e-05 [ 5.3019e-81 2.6634e-49 4.6314e-11 1.2517e-05 ] 0.0000e+00 [ 0.0000e+00 ] 9.9999e-01
 4.205e+01 1.1609e-05 1.1609e-05 [ 2.2482e-81 1.3559e-49 3.8992e-11 1.1609e-05 ] 0.0000e+00 [ 0.0000e+00 ] 9.9999e-01
 4.216e+01 1.0762e-05 1.0762e-05 [ 9.5285e-82 6.8952e-50 3.2817e-11 1.0762e-05 ] 0.0000e+00 [ 0.0000e+00 ] 9.9999e-01
 4.227e+01 9.9733e-06 9.9733e-06 [ 4.0364e-82 3.5031e-50 2.7612e-11 9.9733e-06 ] 0.0000e+00 [ 0.0000e+00 ] 9.9999e-01
 4.239e+01 9.2393e-06 9.2393e-06 [ 1.7090e-82 1.7780e-50 2.3225e-11 9.2393e-06 ] 0.0000e+00 [ 0.0000e+00 ] 9.9999e-01
 4.250e+01 8.5562e-06 8.5562e-06 [ 7.2321e-83 9.0150e-51 1.9529e-11 8.5562e-06 ] 0.0000e+00 [ 0.0000e+00 ] 9.9999e-01
 4.261e+01 7.9208e-06 7.9208e-06 [ 3.0589e-83 4.5665e-51 1.6416e-11 7.9208e-06 ] 0.0000e+00 [ 0.0000e+00 ] 9.9999e-01
 4.273e+01 7.3299e-06 7.3299e-06 [ 1.2932e-83 2.3109e-51 1.3796e-11 7.3299e-06 ] 0.0000e+00 [ 0.0000e+00 ] 9.9999e-01
 4.284e+01 6.7807e-06 6.7807e-06 [ 5.4645e-84 1.1683e-51 1.1590e-11 6.7807e-06 ] 0.0000e+00 [ 0.0000e+00 ] 1.0000e+00
 4.295e+01 6.2704e-06 6.2704e-06 [ 2.3079e-84 5.9011e-52 9.7341e-12 6.2704e-06 ] 0.0000e+00 [ 0.0000e+00 ] 1.0000e+00
 4.307e+01 5.7965e-06 5.7965e-06 [ 9.7428e-85 2.9778e-52 8.1732e-12 5.7965e-06 ] 0.0000e+00 [ 0.0000e+00 ] 1.0000e+00
 4.318e+01 5.3565e-06 5.3565e-06 [ 4.1109e-85 1.5012e-52 6.8607e-12 5.3564e-06 ] 0.0000e+00 [ 0.0000e+00 ] 1.0000e+00
 4.329e+01 4.9481e-06 4.9481e-06 [ 1.7338e-85 7.5609e-53 5.7574e-12 4.9481e-06 ] 0.0000e+00 [ 0.0000e+00 ] 1.0000e+00
 4.341e+01 4.5692e-06 4.5692e-06 [ 7.3086e-86 3.8046e-53 4.8302e-12 4.5692e-06 ] 0.0000e+00 [ 0.0000e+00 ] 1.0000e+00
 4.352e+01 4.2178e-06 4.2178e-06 [ 3.0795e-86 1.9127e-53 4.0512e-12 4.2178e-06 ] 0.0000e+00 [ 0.0000e+00 ] 1.0000e+00
 4.363e+01 3.8921e-06 3.8921e-06 [ 1.2969e-86 9.6070e-54 3.3970e-12 3.8921e-06 ] 0.0000e+00 [ 0.0000e+00 ] 1.0000e+00
 4.375e+01 3.5903e-06 3.5903e-06 [ 5.4597e-87 4.8210e-54 2.8476e-12 3.5903e-06 ] 0.0000e+00 [ 0.0000e+00 ] 1.0000e+00
 4.386e+01 3.3107e-06 3.3107e-06 [ 2.2973e-87 2.4171e-54 2.3865e-12 3.3106e-06 ] 0.0000e+00 [ 0.0000e+00 ] 1.0000e+00
 4.397e+01 3.0517e-06 3.0517e-06 [ 9.6619e-88 1.2108e-54 1.9995e-12 3.0517e-06 ] 0.0000e+00 [ 0.0000e+00 ] 1.0000e+00
 4.409e+01 2.8121e-06 2.8121e-06 [ 4.0618e-88 6.0595e-55 1.6748e-12 2.8121e-06 ] 0.0000e+00 [ 0.0000e+00 ] 1.0000e+00
 4.420e+01 2.5903e-06 2.5903e-06 [ 1.7068e-88 3.0299e-55 1.4025e-12 2.5903e-06 ] 0.0000e+00 [ 0.0000e+00 ] 1.0000e+00
 4.431e+01 2.3852e-06 2.3852e-06 [ 7.1688e-89 1.5137e-55 1.1741e-12 2.3852e-06 ] 0.0000e+00 [ 0.0000e+00 ] 1.0000e+00
 4.443e+01 2.1956e-06 2.1956e-06 [ 3.0097e-89 7.5559e-56 9.8271e-13 2.1956e-06 ] 0.0000e+00 [ 0.0000e+00 ] 1.0000e+00
 4.454e+01 2.0203e-06 2.0203e-06 [ 1.2631e-89 3.7683e-56 8.2227e-13 2.0203e-06 ] 0.0000e+00 [ 0.0000e+00 ] 1.0000e+00
 4.465e+01 1.8584e-06 1.8584e-06 [ 5.2982e-90 1.8777e-56 6.8785e-13 1.8584e-06 ] 0.0000e+00 [ 0.0000e+00 ] 1.0000e+00
 4.477e+01 1.7088e-06 1.7088e-06 [ 2.2215e-90 9.3488e-57 5.7525e-13 1.7088e-06 ] 0.0000e+00 [ 0.0000e+00 ] 1.0000e+00
 4.488e+01 1.5708e-06 1.5708e-06 [ 9.3106e-91 4.6506e-57 4.8095e-13 1.5708e-06 ] 0.0000e+00 [ 0.0000e+00 ] 1.0000e+00
 4.499e+01 1.4433e-06 1.4433e-06 [ 3.9006e-91 2.3115e-57 4.0200e-13 1.4433e-06 ] 0.0000e+00 [ 0.0000e+00 ] 1.0000e+00
 4.511e+01 1.3258e-06 1.3258e-06 [ 1.6334e-91 1.1479e-57 3.3592e-13 1.3258e-06 ] 0.0000e+00 [ 0.0000e+00 ] 1.0000e+00
 4.522e+01 1.2174e-06 1.2174e-06 [ 6.8374e-92 5.6961e-58 2.8062e-13 1.2174e-06 ] 0.0000e+00 [ 0.0000e+00 ] 1.0000e+00
 4.533e+01 1.1175e-06 1.1175e-06 [ 2.8609e-92 2.8241e-58 2.3437e-13 1.1175e-06 ] 0.0000e+00 [ 0.0000e+00 ] 1.0000e+00
 4.545e+01 1.0254e-06 1.0254e-06 [ 1.1965e-92 1.3990e-58 1.9568e-13 1.0254e-06 ] 0.0000e+00 [ 0.0000e+00 ] 1.0000e+00
 4.556e+01 9.4055e-07 9.4055e-07 [ 5.0025e-93 6.9251e-59 1.6333e-13 9.4055e-07 ] 0.0000e+00 [ 0.0000e+00 ] 1.0000e+00
 4.567e+01 8.6244e-07 8.6244e-07 [ 2.0906e-93 3.4251e-59 1.3629e-13 8.6244e-07 ] 0.0000e+00 [ 0.0000e+00 ] 1.0000e+00
 4.579e+01 7.9054e-07 7.9054e-07 [ 8.7331e-94 1.6926e-59 1.1369e-13 7.9054e-07 ] 0.0000e+00 [ 0.0000e+00 ] 1.0000e+00
 4.590e+01 7.2439e-07 7.2439e-07 [ 3.6467e-94 8.3582e-60 9.4815e-14 7.2439e-07 ] 0.0000e+00 [ 0.0000e+00 ] 1.0000e+00
 4.601e+01 6.6353e-07 6.6353e-07 [ 1.5222e-94 4.1240e-60 7.9047e-14 6.6353e-07 ] 0.0000e+00 [ 0.0000e+00 ] 1.0000e+00
 4.613e+01 6.0758e-07 6.0758e-07 [ 6.3512e-95 2.0332e-60 6.5882e-14 6.0758e-07 ] 0.0000e+00 [ 0.0000e+00 ] 1.0000e+00
 4.624e+01 5.5616e-07 5.5616e-07 [ 2.6490e-95 1.0016e-60 5.4892e-14 5.5616e-07 ] 0.0000e+00 [ 0.0000e+00 ] 1.0000e+00
 4.635e+01 5.0890e-07 5.0890e-07 [ 1.1044e-95 4.9305e-61 4.5721e-14 5.0890e-07 ] 0.0000e+00 [ 0.0000e+00 ] 1.0000e+00
 4.647e+01 4.6551e-07 4.6551e-07 [ 4.6027e-96 2.4252e-61 3.8070e-14 4.6551e-07 ] 0.0000e+00 [ 0.0000e+00 ] 1.0000e+00
 4.658e+01 4.2566e-07 4.2566e-07 [ 1.9175e-96 1.1919e-61 3.1689e-14 4.2566e-07 ] 0.0000e+00 [ 0.0000e+00 ] 1.0000e+00
 4.669e+01 3.8909e-07 3.8909e-07 [ 7.9852e-97 5.8539e-62 2.6369e-14 3.8909e-07 ] 0.0000e+00 [ 0.0000e+00 ] 1.0000e+00
 4.681e+01 3.5554e-07 3.5554e-07 [ 3.3241e-97 2.8728e-62 2.1935e-14 3.5554e-07 ] 0.0000e+00 [ 0.0000e+00 ] 1.0000e+00
 4.692e+01 3.2477e-07 3.2477e-07 [ 1.3833e-97 1.4087e-62 1.8240e-14 3.2477e-07 ] 0.0000e+00 [ 0.0000e+00 ] 1.0000e+00
 4.703e+01 2.9656e-07 2.9656e-07 [ 5.7540e-98 6.9029e-63 1.5162e-14 2.9656e-07 ] 0.0000e+00 [ 0.0000e+00 ] 1.0000e+00
 4.715e+01 2.7071e-07 2.7071e-07 [ 2.3926e-98 3.3800e-63 1.2599e-14 2.7071e-07 ] 0.0000e+00 [ 0.0000e+00 ] 1.0000e+00
 4.726e+01 2.4703e-07 2.4703e-07 [ 9.9453e-99 1.6538e-63 1.0466e-14 2.4703e-07 ] 0.0000e+00 [ 0.0000e+00 ] 1.0000e+00
 4.737e+01 2.2534e-07 2.2534e-07 [ 4.1324e-99 8.0857e-64 8.6907e-15 2.2534e-07 ] 0.0000e+00 [ 0.0000e+00 ] 1.0000e+00
 4.749e+01 2.0548e-07 2.0548e-07 [ 1.7165e-99 3.9504e-64 7.2138e-15 2.0548e-07 ] 0.0000e+00 [ 0.0000e+00 ] 1.0000e+00
 4.760e+01 1.8731e-07 1.8731e-07 [ 7.1270e-100 1.9286e-64 5.9857e-15 1.8731e-07 ] 0.0000e+00 [ 0.0000e+00 ] 1.0000e+00
 4.771e+01 1.7069e-07 1.7069e-07 [ 2.9582e-100 9.4090e-65 4.9648e-15 1.7069e-07 ] 0.0000e+00 [ 0.0000e+00 ] 1.0000e+00
 4.783e+01 1.5549e-07 1.5549e-07 [ 1.2274e-100 4.5870e-65 4.1165e-15 1.5549e-07 ] 0.0000e+00 [ 0.0000e+00 ] 1.0000e+00
 4.794e+01 1.4159e-07 1.4159e-07 [ 5.0909e-101 2.2346e-65 3.4117e-15 1.4159e-07 ] 0.0000e+00 [ 0.0000e+00 ] 1.0000e+00
 4.805e+01 1.2889e-07 1.2889e-07 [ 2.1108e-101 1.0878e-65 2.8265e-15 1.2889e-07 ] 0.0000e+00 [ 0.0000e+00 ] 1.0000e+00
 4.817e+01 1.1729e-07 1.1729e-07 [ 8.7488e-102 5.2920e-66 2.3407e-15 1.1729e-07 ] 0.0000e+00 [ 0.0000e+00 ] 1.0000e+00
 4.828e+01 1.0670e-07 1.0670e-07 [ 3.6249e-102 2.5726e-66 1.9377e-15 1.0670e-07 ] 0.0000e+00 [ 0.0000e+00 ] 1.0000e+00
 4.839e+01 9.7030e-08 9.7030e-08 [ 1.5014e-102 1.2498e-66 1.6033e-15 9.7030e-08 ] 0.0000e+00 [ 0.0000e+00 ] 1.0000e+00
 4.851e+01 8.8207e-08 8.8207e-08 [ 6.2166e-103 6.0671e-67 1.3262e-15 8.8207e-08 ] 0.0000e+00 [ 0.0000e+00 ] 1.0000e+00
 4.862e+01 8.0159e-08 8.0159e-08 [ 2.5731e-103 2.9433e-67 1.0964e-15 8.0159e-08 ] 0.0000e+00 [ 0.0000e+00 ] 1.0000e+00
 4.873e+01 7.2820e-08 7.2820e-08 [ 1.0647e-103 1.4269e-67 9.0609e-16 7.2820e-08 ] 0.0000e+00 [ 0.0000e+00 ] 1.0000e+00
 4.885e+01 6.6130e-08 6.6130e-08 [ 4.4037e-104 6.9127e-68 7.4848e-16 6.6130e-08 ] 0.0000e+00 [ 0.0000e+00 ] 1.0000e+00
 4.896e+01 6.0035e-08 6.0035e-08 [ 1.8209e-104 3.3467e-68 6.1801e-16 6.0035e-08 ] 0.0000e+00 [ 0.0000e+00 ] 1.0000e+00
 4.907e+01 5.4483e-08 5.4483e-08 [ 7.5266e-105 1.6192e-68 5.1006e-16 5.4483e-08 ] 0.0000e+00 [ 0.0000e+00 ] 1.0000e+00
 4.919e+01 4.9427e-08 4.9427e-08 [ 3.1101e-105 7.8284e-69 4.2078e-16 4.9427e-08 ] 0.0000e+00 [ 0.0000e+00 ] 1.0000e+00
 4.930e+01 4.4826e-08 4.4826e-08 [ 1.2847e-105 3.7824e-69 3.4697e-16 4.4826e-08 ] 0.0000e+00 [ 0.0000e+00 ] 1.0000e+00
 4.941e+01 4.0639e-08 4.0639e-08 [ 5.3050e-106 1.8263e-69 2.8597e-16 4.0639e-08 ] 0.0000e+00 [ 0.0000e+00 ] 1.0000e+00
 4.953e+01 3.6830e-08 3.6830e-08 [ 2.1899e-106 8.8124e-70 2.3559e-16 3.6830e-08 ] 0.0000e+00 [ 0.0000e+00 ] 1.0000e+00
 4.964e+01 3.3367e-08 3.3367e-08 [ 9.0372e-107 4.2494e-70 1.9400e-16 3.3367e-08 ] 0.0000e+00 [ 0.0000e+00 ] 1.0000e+00
 4.975e+01 3.0220e-08 3.0220e-08 [ 3.7282e-107 2.0478e-70 1.5967e-16 3.0220e-08 ] 0.0000e+00 [ 0.0000e+00 ] 1.0000e+00
 4.987e+01 2.7360e-08 2.7360e-08 [ 1.5375e-107 9.8619e-71 1.3135e-16 2.7360e-08 ] 0.0000e+00 [ 0.0000e+00 ] 1.0000e+00
 4.998e+01 2.4762e-08 2.4762e-08 [ 6.3387e-108 4.7463e-71 1.0801e-16 2.4762e-08 ] 0.0000e+00 [ 0.0000e+00 ] 1.0000e+00
 5.009e+01 2.2404e-08 2.2404e-08 [ 2.6124e-108 2.2828e-71 8.8770e-17 2.2404e-08 ] 0.0000e+00 [ 0.0000e+00 ] 1.0000e+00
 5.021e+01 2.0263e-08 2.0263e-08 [ 1.0764e-108 1.0973e-71 7.2922e-17 2.0263e-08 ] 0.0000e+00 [ 0.0000e+00 ] 1.0000e+00
 5.032e+01 1.8320e-08 1.8320e-08 [ 4.4333e-109 5.2707e-72 5.9874e-17 1.8320e-08 ] 0.0000e+00 [ 0.0000e+00 ] 1.0000e+00
 5.043e+01 1.6559e-08 1.6559e-08 [ 1.8254e-109 2.5302e-72 4.9137e-17 1.6559e-08 ] 0.0000e+00 [ 0.0000e+00 ] 1.0000e+00
 5.055e+01 1.4961e-08 1.4961e-08 [ 7.5138e-110 1.2139e-72 4.0305e-17 1.4961e-08 ] 0.0000e+00 [ 0.0000e+00 ] 1.0000e+00
 5.066e+01 1.3513e-08 1.3513e-08 [ 3.0919e-110 5.8200e-73 3.3044e-17 1.3513e-08 ] 0.0000e+00 [ 0.0000e+00 ] 1.0000e+00
 5.077e+01 1.2201e-08 1.2201e-08 [ 1.2719e-110 2.7887e-73 2.7077e-17 1.2201e-08 ] 0.0000e+00 [ 0.0000e+00 ] 1.0000e+00
 5.089e+01 1.1013e-08 1.1013e-08 [ 5.2307e-111 1.3354e-73 2.2177e-17 1.1013e-08 ] 0.0000e+00 [ 0.0000e+00 ] 1.0000e+00
 5.100e+01 9.9374e-09 9.9374e-09 [ 2.1504e-111 6.3908e-74 1.8154e-17 9.9374e-09 ] 0.0000e+00 [ 0.0000e+00 ] 1.0000e+00
 5.111e+01 8.9636e-09 8.9636e-09 [ 8.8381e-112 3.0566e-74 1.4853e-17 8.9636e-09 ] 0.0000e+00 [ 0.0000e+00 ] 1.0000e+00
 5.123e+01 8.0825e-09 8.0825e-09 [ 3.6313e-112 1.4610e-74 1.2146e-17 8.0825e-09 ] 0.0000e+00 [ 0.0000e+00 ] 1.0000e+00
 5.134e+01 7.2856e-09 7.2856e-09 [ 1.4915e-112 6.9792e-75 9.9273e-18 7.2856e-09 ] 0.0000e+00 [ 0.0000e+00 ] 1.0000e+00
 5.145e+01 6.5651e-09 6.5651e-09 [ 6.1246e-113 3.3319e-75 8.1096e-18 6.5651e-09 ] 0.0000e+00 [ 0.0000e+00 ] 1.0000e+00
 5.157e+01 5.9138e-09 5.9138e-09 [ 2.5141e-113 1.5897e-75 6.6213e-18 5.9138e-09 ] 0.0000e+00 [ 0.0000e+00 ] 1.0000e+00
 5.168e+01 5.3254e-09 5.3254e-09 [ 1.0317e-113 7.5805e-76 5.4033e-18 5.3254e-09 ] 0.0000e+00 [ 0.0000e+00 ] 1.0000e+00
 5.179e+01 4.7939e-09 4.7939e-09 [ 4.2328e-114 3.6126e-76 4.4069e-18 4.7939e-09 ] 0.0000e+00 [ 0.0000e+00 ] 1.0000e+00
 5.191e+01 4.3140e-09 4.3140e-09 [ 1.7360e-114 1.7206e-76 3.5924e-18 4.3140e-09 ] 0.0000e+00 [ 0.0000e+00 ] 1.0000e+00
 5.202e+01 3.8809e-09 3.8809e-09 [ 7.1180e-115 8.1900e-77 2.9269e-18 3.8809e-09 ] 0.0000e+00 [ 0.0000e+00 ] 1.0000e+00
 5.213e+01 3.4900e-09 3.4900e-09 [ 2.9177e-115 3.8962e-77 2.3834e-18 3.4900e-09 ] 0.0000e+00 [ 0.0000e+00 ] 1.0000e+00
 5.225e+01 3.1375e-09 3.1375e-09 [ 1.1956e-115 1.8524e-77 1.9397e-18 3.1375e-09 ] 0.0000e+00 [ 0.0000e+00 ] 1.0000e+00
 5.236e+01 2.8197e-09 2.8197e-09 [ 4.8979e-116 8.8021e-78 1.5778e-18 2.8197e-09 ] 0.0000e+00 [ 0.0000e+00 ] 1.0000e+00
 5.247e+01 2.5332e-09 2.5332e-09 [ 2.0059e-116 4.1801e-78 1.2827e-18 2.5332e-09 ] 0.0000e+00 [ 0.0000e+00 ] 1.0000e+00
 5.259e+01 2.2751e-09 2.2751e-09 [ 8.2127e-117 1.9840e-78 1.0423e-18 2.2751e-09 ] 0.0000e+00 [ 0.0000e+00 ] 1.0000e+00
 5.270e+01 2.0426e-09 2.0426e-09 [ 3.3616e-117 9.4112e-79 8.4640e-19 2.0426e-09 ] 0.0000e+00 [ 0.0000e+00 ] 1.0000e+00
 5.281e+01 1.8332e-09 1.8332e-09 [ 1.3755e-117 4.4618e-79 6.8698e-19 1.8332e-09 ] 0.0000e+00 [ 0.0000e+00 ] 1.0000e+00
 5.293e+01 1.6448e-09 1.6448e-09 [ 5.6271e-118 2.1141e-79 5.5727e-19 1.6448e-09 ] 0.0000e+00 [ 0.0000e+00 ] 1.0000e+00
 5.304e+01 1.4752e-09 1.4752e-09 [ 2.3013e-118 1.0011e-79 4.5181e-19 1.4752e-09 ] 0.0000e+00 [ 0.0000e+00 ] 1.0000e+00
 5.315e+01 1.3227e-09 1.3227e-09 [ 9.4089e-119 4.7383e-80 3.6610e-19 1.3227e-09 ] 0.0000e+00 [ 0.0000e+00 ] 1.0000e+00
 5.327e+01 1.1855e-09 1.1855e-09 [ 3.8458e-119 2.2413e-80 2.9648e-19 1.1855e-09 ] 0.0000e+00 [ 0.0000e+00 ] 1.0000e+00
 5.338e+01 1.0623e-09 1.0623e-09 [ 1.5715e-119 1.0596e-80 2.3997e-19 1.0623e-09 ] 0.0000e+00 [ 0.0000e+00 ] 1.0000e+00
 5.349e+01 9.5148e-10 9.5148e-10 [ 6.4197e-120 5.0069e-81 1.9412e-19 9.5148e-10 ] 0.0000e+00 [ 0.0000e+00 ] 1.0000e+00
 5.361e+01 8.5198e-10 8.5198e-10 [ 2.6218e-120 2.3645e-81 1.5695e-19 8.5198e-10 ] 0.0000e+00 [ 0.0000e+00 ] 1.0000e+00
 5.372e+01 7.6263e-10 7.6263e-10 [ 1.0705e-120 1.1160e-81 1.2682e-19 7.6263e-10 ] 0.0000e+00 [ 0.0000e+00 ] 1.0000e+00
 5.383e+01 6.8243e-10 6.8243e-10 [ 4.3695e-121 5.2647e-82 1.0242e-19 6.8243e-10 ] 0.0000e+00 [ 0.0000e+00 ] 1.0000e+00
 5.395e+01 6.1046e-10 6.1046e-10 [ 1.7830e-121 2.4822e-82 8.2664e-20 6.1046e-10 ] 0.0000e+00 [ 0.0000e+00 ] 1.0000e+00
 5.406e+01 5.4590e-10 5.4590e-10 [ 7.2741e-122 1.1697e-82 6.6682e-20 5.4590e-10 ] 0.0000e+00 [ 0.0000e+00 ] 1.0000e+00
 5.417e+01 4.8801e-10 4.8801e-10 [ 2.9668e-122 5.5089e-83 5.3760e-20 4.8801e-10 ] 0.0000e+00 [ 0.0000e+00 ] 1.0000e+00
 5.429e+01 4.3612e-10 4.3612e-10 [ 1.2097e-122 2.5932e-83 4.3318e-20 4.3612e-10 ] 0.0000e+00 [ 0.0000e+00 ] 1.0000e+00
 5.440e+01 3.8961e-10 3.8961e-10 [ 4.9311e-123 1.2200e-83 3.4884e-20 3.8961e-10 ] 0.0000e+00 [ 0.0000e+00 ] 1.0000e+00
 5.451e+01 3.4795e-10 3.4795e-10 [ 2.0096e-123 5.7370e-84 2.8076e-20 3.4795e-10 ] 0.0000e+00 [ 0.0000e+00 ] 1.0000e+00
 5.463e+01 3.1064e-10 3.1064e-10 [ 8.1873e-124 2.6963e-84 2.2584e-20 3.1064e-10 ] 0.0000e+00 [ 0.0000e+00 ] 1.0000e+00
 5.474e+01 2.7725e-10 2.7725e-10 [ 3.3348e-124 1.2665e-84 1.8156e-20 2.7725e-10 ] 0.0000e+00 [ 0.0000e+00 ] 1.0000e+00
 5.485e+01 2.4736e-10 2.4736e-10 [ 1.3580e-124 5.9463e-85 1.4588e-20 2.4736e-10 ] 0.0000e+00 [ 0.0000e+00 ] 1.0000e+00
 5.497e+01 2.2062e-10 2.2062e-10 [ 5.5283e-125 2.7903e-85 1.1714e-20 2.2062e-10 ] 0.0000e+00 [ 0.0000e+00 ] 1.0000e+00
 5.508e+01 1.9671e-10 1.9671e-10 [ 2.2500e-125 1.3087e-85 9.4009e-21 1.9671e-10 ] 0.0000e+00 [ 0.0000e+00 ] 1.0000e+00
 5.519e+01 1.7533e-10 1.7533e-10 [ 9.1550e-126 6.1346e-86 7.5403e-21 1.7533e-10 ] 0.0000e+00 [ 0.0000e+00 ] 1.0000e+00
 5.531e+01 1.5622e-10 1.5622e-10 [ 3.7242e-126 2.8742e-86 6.0445e-21 1.5622e-10 ] 0.0000e+00 [ 0.0000e+00 ] 1.0000e+00
 5.542e+01 1.3915e-10 1.3915e-10 [ 1.5146e-126 1.3460e-86 4.8427e-21 1.3915e-10 ] 0.0000e+00 [ 0.0000e+00 ] 1.0000e+00
 5.553e+01 1.2391e-10 1.2391e-10 [ 6.1579e-127 6.2997e-87 3.8775e-21 1.2391e-10 ] 0.0000e+00 [ 0.0000e+00 ] 1.0000e+00
 5.565e+01 1.1030e-10 1.1030e-10 [ 2.5030e-127 2.9471e-87 3.1030e-21 1.1030e-10 ] 0.0000e+00 [ 0.0000e+00 ] 1.0000e+00
 5.576e+01 9.8154e-11 9.8154e-11 [ 1.0172e-127 1.3780e-87 2.4817e-21 9.8154e-11 ] 0.0000e+00 [ 0.0000e+00 ] 1.0000e+00
 5.587e+01 8.7316e-11 8.7316e-11 [ 4.1325e-128 6.4400e-88 1.9837e-21 8.7316e-11 ] 0.0000e+00 [ 0.0000e+00 ] 1.0000e+00
 5.599e+01 7.7650e-11 7.7650e-11 [ 1.6785e-128 3.0082e-88 1.5847e-21 7.7650e-11 ] 0.0000e+00 [ 0.0000e+00 ] 1.0000e+00
 5.610e+01 6.9031e-11 6.9031e-11 [ 6.8159e-129 1.4045e-88 1.2652e-21 6.9031e-11 ] 0.0000e+00 [ 0.0000e+00 ] 1.0000e+00
 5.621e+01 6.1349e-11 6.1349e-11 [ 2.7670e-129 6.5540e-89 1.0095e-21 6.1349e-11 ] 0.0000e+00 [ 0.0000e+00 ] 1.0000e+00
 5.633e+01 5.4505e-11 5.4505e-11 [ 1.1231e-129 3.0569e-89 8.0509e-22 5.4505e-11 ] 0.0000e+00 [ 0.0000e+00 ] 1.0000e+00
 5.644e+01 4.8408e-11 4.8408e-11 [ 4.5570e-130 1.4251e-89 6.4166e-22 4.8408e-11 ] 0.0000e+00 [ 0.0000e+00 ] 1.0000e+00
 5.655e+01 4.2980e-11 4.2980e-11 [ 1.8486e-130 6.6406e-90 5.1112e-22 4.2980e-11 ] 0.0000e+00 [ 0.0000e+00 ] 1.0000e+00
 5.667e+01 3.8148e-11 3.8148e-11 [ 7.4976e-131 3.0928e-90 4.0690e-22 3.8148e-11 ] 0.0000e+00 [ 0.0000e+00 ] 1.0000e+00
 5.678e+01 3.3848e-11 3.3848e-11 [ 3.0400e-131 1.4397e-90 3.2374e-22 3.3848e-11 ] 0.0000e+00 [ 0.0000e+00 ] 1.0000e+00
 5.689e+01 3.0023e-11 3.0023e-11 [ 1.2324e-131 6.6989e-91 2.5742e-22 3.0023e-11 ] 0.0000e+00 [ 0.0000e+00 ] 1.0000e+00
 5.701e+01 2.6622e-11 2.6622e-11 [ 4.9944e-132 3.1154e-91 2.0458e-22 2.6622e-11 ] 0.0000e+00 [ 0.0000e+00 ] 1.0000e+00
 5.712e+01 2.3599e-11 2.3599e-11 [ 2.0236e-132 1.4482e-91 1.6248e-22 2.3599e-11 ] 0.0000e+00 [ 0.0000e+00 ] 1.0000e+00
 5.723e+01 2.0912e-11 2.0912e-11 [ 8.1973e-133 6.7287e-92 1.2898e-22 2.0912e-11 ] 0.0000e+00 [ 0.0000e+00 ] 1.0000e+00
 5.735e+01 1.8525e-11 1.8525e-11 [ 3.3198e-133 3.1248e-92 1.0232e-22 1.8525e-11 ] 0.0000e+00 [ 0.0000e+00 ] 1.0000e+00
 5.746e+01 1.6406e-11 1.6406e-11 [ 1.3441e-133 1.4505e-92 8.1125e-23 1.6406e-11 ] 0.0000e+00 [ 0.0000e+00 ] 1.0000e+00
 5.757e+01 1.4524e-11 1.4524e-11 [ 5.4410e-134 6.7298e-93 6.4283e-23 1.4524e-11 ] 0.0000e+00 [ 0.0000e+00 ] 1.0000e+00
 5.769e+01 1.2854e-11 1.2854e-11 [ 2.2019e-134 3.1209e-93 5.0908e-23 1.2854e-11 ] 0.0000e+00 [ 0.0000e+00 ] 1.0000e+00
 5.780e+01 1.1372e-11 1.1372e-11 [ 8.9090e-135 1.4466e-93 4.0293e-23 1.1372e-11 ] 0.0000e+00 [ 0.0000e+00 ] 1.0000e+00
 5.791e+01 1.0058e-11 1.0058e-11 [ 3.6037e-135 6.7025e-94 3.1872e-23 1.0058e-11 ] 0.0000e+00 [ 0.0000e+00 ] 1.0000e+00
 5.803e+01 8.8930e-12 8.8930e-12 [ 1.4574e-135 3.1040e-94 2.5197e-23 8.8930e-12 ] 0.0000e+00 [ 0.0000e+00 ] 1.0000e+00
 5.814e+01 7.8604e-12 7.8604e-12 [ 5.8924e-136 1.4368e-94 1.9908e-23 7.8604e-12 ] 0.0000e+00 [ 0.0000e+00 ] 1.0000e+00
 5.825e+01 6.9455e-12 6.9455e-12 [ 2.3819e-136 6.6477e-95 1.5720e-23 6.9455e-12 ] 0.0000e+00 [ 0.0000e+00 ] 1.0000e+00
 5.837e+01 6.1351e-12 6.1351e-12 [ 9.6257e-137 3.0743e-95 1.2406e-23 6.1351e-12 ] 0.0000e+00 [ 0.0000e+00 ] 1.0000e+00
 5.848e+01 5.4176e-12 5.4176e-12 [ 3.8891e-137 1.4211e-95 9.7848e-24 5.4176e-12 ] 0.0000e+00 [ 0.0000e+00 ] 1.0000e+00
 5.859e+01 4.7824e-12 4.7824e-12 [ 1.5710e-137 6.5661e-96 7.7129e-24 4.7824e-12 ] 0.0000e+00 [ 0.0000e+00 ] 1.0000e+00
 5.871e+01 4.2204e-12 4.2204e-12 [ 6.3444e-138 3.0325e-96 6.0762e-24 4.2204e-12 ] 0.0000e+00 [ 0.0000e+00 ] 1.0000e+00
 5.882e+01 3.7233e-12 3.7233e-12 [ 2.5616e-138 1.3999e-96 4.7841e-24 3.7233e-12 ] 0.0000e+00 [ 0.0000e+00 ] 1.0000e+00
 5.893e+01 3.2837e-12 3.2837e-12 [ 1.0340e-138 6.4592e-97 3.7645e-24 3.2837e-12 ] 0.0000e+00 [ 0.0000e+00 ] 1.0000e+00
 5.905e+01 2.8950e-12 2.8950e-12 [ 4.1730e-139 2.9791e-97 2.9605e-24 2.8950e-12 ] 0.0000e+00 [ 0.0000e+00 ] 1.0000e+00
 5.916e+01 2.5516e-12 2.5516e-12 [ 1.6837e-139 1.3734e-97 2.3269e-24 2.5516e-12 ] 0.0000e+00 [ 0.0000e+00 ] 1.0000e+00
 5.927e+01 2.2482e-12 2.2482e-12 [ 6.7920e-140 6.3285e-98 1.8278e-24 2.2482e-12 ] 0.0000e+00 [ 0.0000e+00 ] 1.0000e+00
 5.939e+01 1.9802e-12 1.9802e-12 [ 2.7392e-140 2.9149e-98 1.4349e-24 1.9802e-12 ] 0.0000e+00 [ 0.0000e+00 ] 1.0000e+00
 5.950e+01 1.7437e-12 1.7437e-12 [ 1.1045e-140 1.3420e-98 1.1258e-24 1.7437e-12 ] 0.0000e+00 [ 0.0000e+00 ] 1.0000e+00
 5.961e+01 1.5349e-12 1.5349e-12 [ 4.4522e-141 6.1757e-99 8.8279e-25 1.5349e-12 ] 0.0000e+00 [ 0.0000e+00 ] 1.0000e+00
 5.973e+01 1.3507e-12 1.3507e-12 [ 1.7944e-141 2.8408e-99 6.9183e-25 1.3507e-12 ] 0.0000e+00 [ 0.0000e+00 ] 1.0000e+00
 5.984e+01 1.1882e-12 1.1882e-12 [ 7.2301e-142 1.3061e-99 5.4186e-25 1.1882e-12 ] 0.0000e+00 [ 0.0000e+00 ] 1.0000e+00
 5.995e+01 1.0450e-12 1.0450e-12 [ 2.9126e-142 6.0029e-100 4.2415e-25 1.0450e-12 ] 0.0000e+00 [ 0.0000e+00 ] 1.0000e+00
 6.007e+01 9.1868e-13 9.1868e-13 [ 1.1731e-142 2.7576e-100 3.3182e-25 9.1868e-13 ] 0.0000e+00 [ 0.0000e+00 ] 1.0000e+00
 6.018e+01 8.0741e-13 8.0741e-13 [ 4.7236e-143 1.2663e-100 2.5943e-25 8.0741e-13 ] 0.0000e+00 [ 0.0000e+00 ] 1.0000e+00
 6.029e+01 7.0940e-13 7.0940e-13 [ 1.9016e-143 5.8121e-101 2.0272e-25 7.0940e-13 ] 0.0000e+00 [ 0.0000e+00 ] 1.0000e+00
 6.041e+01 6.2310e-13 6.2310e-13 [ 7.6538e-144 2.6665e-101 1.5832e-25 6.2310e-13 ] 0.0000e+00 [ 0.0000e+00 ] 1.0000e+00
 6.052e+01 5.4712e-13 5.4712e-13 [ 3.0799e-144 1.2229e-101 1.2356e-25 5.4712e-13 ] 0.0000e+00 [ 0.0000e+00 ] 1.0000e+00
 6.063e+01 4.8026e-13 4.8026e-13 [ 1.2391e-144 5.6056e-102 9.6386e-26 4.8026e-13 ] 0.0000e+00 [ 0.0000e+00 ] 1.0000e+00
 6.075e+01 4.2143e-13 4.2143e-13 [ 4.9838e-145 2.5685e-102 7.5141e-26 4.2143e-13 ] 0.0000e+00 [ 0.0000e+00 ] 1.0000e+00
 6.086e+01 3.6970e-13 3.6970e-13 [ 2.0041e-145 1.1764e-102 5.8545e-26 3.6970e-13 ] 0.0000e+00 [ 0.0000e+00 ] 1.0000e+00
 6.097e+01 3.2422e-13 3.2422e-13 [ 8.0576e-146 5.3857e-103 4.5588e-26 3.2422e-13 ] 0.0000e+00 [ 0.0000e+00 ] 1.0000e+00
 6.109e+01 2.8424e-13 2.8424e-13 [ 3.2388e-146 2.4646e-103 3.5478e-26 2.8424e-13 ] 0.0000e+00 [ 0.0000e+00 ] 1.0000e+00
 6.120e+01 2.4912e-13 2.4912e-13 [ 1.3016e-146 1.1274e-103 2.7594e-26 2.4912e-13 ] 0.0000e+00 [ 0.0000e+00 ] 1.0000e+00
 6.131e+01 2.1827e-13 2.1827e-13 [ 5.2295e-147 5.1547e-104 2.1449e-26 2.1827e-13 ] 0.0000e+00 [ 0.0000e+00 ] 1.0000e+00
 6.143e+01 1.9118e-13 1.9118e-13 [ 2.1006e-147 2.3559e-104 1.6663e-26 1.9118e-13 ] 0.0000e+00 [ 0.0000e+00 ] 1.0000e+00
 6.154e+01 1.6740e-13 1.6740e-13 [ 8.4363e-148 1.0763e-104 1.2938e-26 1.6740e-13 ] 0.0000e+00 [ 0.0000e+00 ] 1.0000e+00
 6.165e+01 1.4654e-13 1.4654e-13 [ 3.3873e-148 4.9151e-105 1.0039e-26 1.4654e-13 ] 0.0000e+00 [ 0.0000e+00 ] 1.0000e+00
 6.177e+01 1.2823e-13 1.2823e-13 [ 1.3598e-148 2.2436e-105 7.7856e-27 1.2823e-13 ] 0.0000e+00 [ 0.0000e+00 ] 1.0000e+00
 6.188e+01 1.1218e-13 1.1218e-13 [ 5.4574e-149 1.0237e-105 6.0344e-27 1.1218e-13 ] 0.0000e+00 [ 0.0000e+00 ] 1.0000e+00
 6.199e+01 9.8107e-14 9.8107e-14 [ 2.1898e-149 4.6690e-106 4.6743e-27 9.8107e-14 ] 0.0000e+00 [ 0.0000e+00 ] 1.0000e+00
 6.211e+01 8.5773e-14 8.5773e-14 [ 8.7848e-150 2.1286e-106 3.6187e-27 8.5773e-14 ] 0.0000e+00 [ 0.0000e+00 ] 1.0000e+00
 6.222e+01 7.4967e-14 7.4967e-14 [ 3.5234e-150 9.7003e-107 2.7999e-27 7.4967e-14 ] 0.0000e+00 [ 0.0000e+00 ] 1.0000e+00
 6.233e+01 6.5503e-14 6.5503e-14 [ 1.4129e-150 4.4187e-107 2.1651e-27 6.5503e-14 ] 0.0000e+00 [ 0.0000e+00 ] 1.0000e+00
 6.245e+01 5.7215e-14 5.7215e-14 [ 5.6643e-151 2.0120e-107 1.6732e-27 5.7215e-14 ] 0.0000e+00 [ 0.0000e+00 ] 1.0000e+00
 6.256e+01 4.9962e-14 4.9962e-14 [ 2.2704e-151 9.1577e-108 1.2923e-27 4.9962e-14 ] 0.0000e+00 [ 0.0000e+00 ] 1.0000e+00
 6.267e+01 4.3614e-14 4.3614e-14 [ 9.0982e-152 4.1664e-108 9.9757e-28 4.3614e-14 ] 0.0000e+00 [ 0.0000e+00 ] 1.0000e+00
 6.279e+01 3.8061e-14 3.8061e-14 [ 3.6452e-152 1.8948e-108 7.6960e-28 3.8061e-14 ] 0.0000e+00 [ 0.0000e+00 ] 1.0000e+00
 6.290e+01 3.3206e-14 3.3206e-14 [ 1.4601e-152 8.6135e-109 5.9338e-28 3.3206e-14 ] 0.0000e+00 [ 0.0000e+00 ] 1.0000e+00
 6.301e+01 2.8961e-14 2.8961e-14 [ 5.8473e-153 3.9140e-109 4.5725e-28 2.8961e-14 ] 0.0000e+00 [ 0.0000e+00 ] 1.0000e+00
 6.313e+01 2.5251e-14 2.5251e-14 [ 2.3412e-153 1.7778e-109 3.5214e-28 2.5251e-14 ] 0.0000e+00 [ 0.0000e+00 ] 1.0000e+00
 6.324e+01 2.2009e-14 2.2009e-14 [ 9.3716e-154 8.0720e-110 2.7104e-28 2.2009e-14 ] 0.0000e+00 [ 0.0000e+00 ] 1.0000e+00
 6.335e+01 1.9178e-14 1.9178e-14 [ 3.7506e-154 3.6635e-110 2.0849e-28 1.9178e-14 ] 0.0000e+00 [ 0.0000e+00 ] 1.0000e+00
 6.347e+01 1.6706e-14 1.6706e-14 [ 1.5007e-154 1.6620e-110 1.6028e-28 1.6706e-14 ] 0.0000e+00 [ 0.0000e+00 ] 1.0000e+00
 6.358e+01 1.4549e-14 1.4549e-14 [ 6.0033e-155 7.5369e-111 1.2315e-28 1.4549e-14 ] 0.0000e+00 [ 0.0000e+00 ] 1.0000e+00
 6.369e+01 1.2666e-14 1.2666e-14 [ 2.4010e-155 3.4165e-111 9.4568e-29 1.2666e-14 ] 0.0000e+00 [ 0.0000e+00 ] 1.0000e+00
 6.381e+01 1.1024e-14 1.1024e-14 [ 9.6007e-156 1.5481e-111 7.2576e-29 1.1024e-14 ] 0.0000e+00 [ 0.0000e+00 ] 1.0000e+00
 6.392e+01 9.5912e-15 9.5912e-15 [ 3.8381e-156 7.0116e-112 5.5666e-29 9.5912e-15 ] 0.0000e+00 [ 0.0000e+00 ] 1.0000e+00
 6.403e+01 8.3425e-15 8.3425e-15 [ 1.5340e-156 3.1745e-112 4.2671e-29 8.3425e-15 ] 0.0000e+00 [ 0.0000e+00 ] 1.0000e+00
 6.415e+01 7.2542e-15 7.2542e-15 [ 6.1299e-157 1.4367e-112 3.2691e-29 7.2542e-15 ] 0.0000e+00 [ 0.0000e+00 ] 1.0000e+00
 6.426e+01 6.3060e-15 6.3060e-15 [ 2.4489e-157 6.4993e-113 2.5030e-29 6.3060e-15 ] 0.0000e+00 [ 0.0000e+00 ] 1.0000e+00
 6.437e+01 5.4801e-15 5.4801e-15 [ 9.7814e-158 2.9390e-113 1.9153e-29 5.4801e-15 ] 0.0000e+00 [ 0.0000e+00 ] 1.0000e+00
 6.449e+01 4.7610e-15 4.7610e-15 [ 3.9060e-158 1.3285e-113 1.4648e-29 4.7610e-15 ] 0.0000e+00 [ 0.0000e+00 ] 1.0000e+00
 6.460e+01 4.1350e-15 4.1350e-15 [ 1.5594e-158 6.0025e-114 1.1196e-29 4.1350e-15 ] 0.0000e+00 [ 0.0000e+00 ] 1.0000e+00
 6.471e+01 3.5903e-15 3.5903e-15 [ 6.2245e-159 2.7110e-114 8.5521e-30 3.5903e-15 ] 0.0000e+00 [ 0.0000e+00 ] 1.0000e+00
 6.483e+01 3.1164e-15 3.1164e-15 [ 2.4839e-159 1.2240e-114 6.5290e-30 3.1164e-15 ] 0.0000e+00 [ 0.0000e+00 ] 1.0000e+00
 6.494e+01 2.7042e-15 2.7042e-15 [ 9.9102e-160 5.5236e-115 4.9815e-30 2.7042e-15 ] 0.0000e+00 [ 0.0000e+00 ] 1.0000e+00
 6.505e+01 2.3459e-15 2.3459e-15 [ 3.9530e-160 2.4917e-115 3.7986e-30 2.3459e-15 ] 0.0000e+00 [ 0.0000e+00 ] 1.0000e+00
 6.517e+01 2.0345e-15 2.0345e-15 [ 1.5764e-160 1.1236e-115 2.8949e-30 2.0345e-15 ] 0.0000e+00 [ 0.0000e+00 ] 1.0000e+00
 6.528e+01 1.7638e-15 1.7638e-15 [ 6.2852e-161 5.0644e-116 2.2048e-30 1.7638e-15 ] 0.0000e+00 [ 0.0000e+00 ] 1.0000e+00
 6.539e+01 1.5288e-15 1.5288e-15 [ 2.5053e-161 2.2818e-116 1.6783e-30 1.5288e-15 ] 0.0000e+00 [ 0.0000e+00 ] 1.0000e+00
 6.551e+01 1.3247e-15 1.3247e-15 [ 9.9842e-162 1.0277e-116 1.2768e-30 1.3247e-15 ] 0.0000e+00 [ 0.0000e+00 ] 1.0000e+00
 6.562e+01 1.1475e-15 1.1475e-15 [ 3.9779e-162 4.6266e-117 9.7074e-31 1.1475e-15 ] 0.0000e+00 [ 0.0000e+00 ] 1.0000e+00
 6.573e+01 9.9367e-16 9.9367e-16 [ 1.5845e-162 2.0820e-117 7.3762e-31 9.9367e-16 ] 0.0000e+00 [ 0.0000e+00 ] 1.0000e+00
 6.585e+01 8.6024e-16 8.6024e-16 [ 6.3103e-163 9.3656e-118 5.6015e-31 8.6024e-16 ] 0.0000e+00 [ 0.0000e+00 ] 1.0000e+00
 6.596e+01 7.4451e-16 7.4451e-16 [ 2.5124e-163 4.2112e-118 4.2513e-31 7.4451e-16 ] 0.0000e+00 [ 0.0000e+00 ] 1.0000e+00
 6.607e+01 6.4417e-16 6.4417e-16 [ 1.0001e-163 1.8928e-118 3.2247e-31 6.4417e-16 ] 0.0000e+00 [ 0.0000e+00 ] 1.0000e+00
 6.619e+01 5.5719e-16 5.5719e-16 [ 3.9799e-164 8.5039e-119 2.4445e-31 5.5719e-16 ] 0.0000e+00 [ 0.0000e+00 ] 1.0000e+00
 6.630e+01 4.8181e-16 4.8181e-16 [ 1.5835e-164 3.8191e-119 1.8520e-31 4.8181e-16 ] 0.0000e+00 [ 0.0000e+00 ] 1.0000e+00
 6.641e+01 4.1652e-16 4.1652e-16 [ 6.2986e-165 1.7144e-119 1.4022e-31 4.1652e-16 ] 0.0000e+00 [ 0.0000e+00 ] 1.0000e+00
 6.653e+01 3.5996e-16 3.5996e-16 [ 2.5048e-165 7.6932e-120 1.0611e-31 3.5996e-16 ] 0.0000e+00 [ 0.0000e+00 ] 1.0000e+00
 6.664e+01 3.1100e-16 3.1100e-16 [ 9.9585e-166 3.4508e-120 8.0244e-32 3.1100e-16 ] 0.0000e+00 [ 0.0000e+00 ] 1.0000e+00
 6.675e+01 2.6862e-16 2.6862e-16 [ 3.9583e-166 1.5472e-120 6.0648e-32 2.6862e-16 ] 0.0000e+00 [ 0.0000e+00 ] 1.0000e+00
 6.687e+01 2.3195e-16 2.3195e-16 [ 1.5730e-166 6.9342e-121 4.5811e-32 2.3195e-16 ] 0.0000e+00 [ 0.0000e+00 ] 1.0000e+00
 6.698e+01 2.0023e-16 2.0023e-16 [ 6.2492e-167 3.1064e-121 3.4582e-32 2.0023e-16 ] 0.0000e+00 [ 0.0000e+00 ] 1.0000e+00
 6.709e+01 1.7280e-16 1.7280e-16 [ 2.4821e-167 1.3911e-121 2.6090e-32 1.7280e-16 ] 0.0000e+00 [ 0.0000e+00 ] 1.0000e+00
 6.721e+01 1.4908e-16 1.4908e-16 [ 9.8563e-168 6.2268e-122 1.9671e-32 1.4908e-16 ] 0.0000e+00 [ 0.0000e+00 ] 1.0000e+00
 6.732e+01 1.2858e-16 1.2858e-16 [ 3.9128e-168 2.7861e-122 1.4823e-32 1.2858e-16 ] 0.0000e+00 [ 0.0000e+00 ] 1.0000e+00
 6.743e+01 1.1087e-16 1.1087e-16 [ 1.5530e-168 1.2461e-122 1.1163e-32 1.1087e-16 ] 0.0000e+00 [ 0.0000e+00 ] 1.0000e+00
 6.755e+01 9.5574e-17 9.5574e-17 [ 6.1620e-169 5.5706e-123 8.4011e-33 9.5574e-17 ] 0.0000e+00 [ 0.0000e+00 ] 1.0000e+00
 6.766e+01 8.2363e-17 8.2363e-17 [ 2.4444e-169 2.4893e-123 6.3189e-33 8.2363e-17 ] 0.0000e+00 [ 0.0000e+00 ] 1.0000e+00
 6.777e+01 7.0959e-17 7.0959e-17 [ 9.6941e-170 1.1119e-123 4.7498e-33 7.0959e-17 ] 0.0000e+00 [ 0.0000e+00 ] 1.0000e+00
 6.789e+01 6.1116e-17 6.1116e-17 [ 3.8435e-170 4.9647e-124 3.5681e-33 6.1116e-17 ] 0.0000e+00 [ 0.0000e+00 ] 1.0000e+00
 6.800e+01 5.2624e-17 5.2624e-17 [ 1.5235e-170 2.2158e-124 2.6788e-33 5.2624e-17 ] 0.0000e+00 [ 0.0000e+00 ] 1.0000e+00
 6.811e+01 4.5300e-17 4.5300e-17 [ 6.0371e-171 9.8849e-125 2.0099e-33 4.5300e-17 ] 0.0000e+00 [ 0.0000e+00 ] 1.0000e+00
 6.823e+01 3.8984e-17 3.8984e-17 [ 2.3917e-171 4.4079e-125 1.5071e-33 3.8984e-17 ] 0.0000e+00 [ 0.0000e+00 ] 1.0000e+00
 6.834e+01 3.3539e-17 3.3539e-17 [ 9.4726e-172 1.9647e-125 1.1293e-33 3.3539e-17 ] 0.0000e+00 [ 0.0000e+00 ] 1.0000e+00
 6.845e+01 2.8847e-17 2.8847e-17 [ 3.7507e-172 8.7535e-126 8.4573e-34 2.8847e-17 ] 0.0000e+00 [ 0.0000e+00 ] 1.0000e+00
 6.857e+01 2.4804e-17 2.4804e-17 [ 1.4847e-172 3.8983e-126 6.3295e-34 2.4804e-17 ] 0.0000e+00 [ 0.0000e+00 ] 1.0000e+00
 6.868e+01 2.1322e-17 2.1322e-17 [ 5.8754e-173 1.7353e-126 4.7340e-34 2.1322e-17 ] 0.0000e+00 [ 0.0000e+00 ] 1.0000e+00
 6.879e+01 1.8324e-17 1.8324e-17 [ 2.3244e-173 7.7215e-127 3.5385e-34 1.8324e-17 ] 0.0000e+00 [ 0.0000e+00 ] 1.0000e+00
 6.891e+01 1.5743e-17 1.5743e-17 [ 9.1934e-174 3.4342e-127 2.6432e-34 1.5743e-17 ] 0.0000e+00 [ 0.0000e+00 ] 1.0000e+00
 6.902e+01 1.3522e-17 1.3522e-17 [ 3.6351e-174 1.5267e-127 1.9731e-34 1.3522e-17 ] 0.0000e+00 [ 0.0000e+00 ] 1.0000e+00
 6.913e+01 1.1611e-17 1.1611e-17 [ 1.4369e-174 6.7842e-128 1.4720e-34 1.1611e-17 ] 0.0000e+00 [ 0.0000e+00 ] 1.0000e+00
 6.925e+01 9.9674e-18 9.9674e-18 [ 5.6782e-175 3.0133e-128 1.0974e-34 9.9674e-18 ] 0.0000e+00 [ 0.0000e+00 ] 1.0000e+00
 6.936e+01 8.5542e-18 8.5542e-18 [ 2.2432e-175 1.3378e-128 8.1762e-35 8.5542e-18 ] 0.0000e+00 [ 0.0000e+00 ] 1.0000e+00
 6.947e+01 7.3393e-18 7.3393e-18 [ 8.8592e-176 5.9367e-129 6.0876e-35 7.3393e-18 ] 0.0000e+00 [ 0.0000e+00 ] 1.0000e+00
 6.959e+01 6.2953e-18 6.2953e-18 [ 3.4978e-176 2.6333e-129 4.5295e-35 6.2953e-18 ] 0.0000e+00 [ 0.0000e+00 ] 1.0000e+00
 6.970e+01 5.3983e-18 5.3983e-18 [ 1.3806e-176 1.1675e-129 3.3680e-35 5.3983e-18 ] 0.0000e+00 [ 0.0000e+00 ] 1.0000e+00
 6.981e+01 4.6279e-18 4.6279e-18 [ 5.4475e-177 5.1738e-130 2.5026e-35 4.6279e-18 ] 0.0000e+00 [ 0.0000e+00 ] 1.0000e+00
 6.993e+01 3.9663e-18 3.9663e-18 [ 2.1488e-177 2.2917e-130 1.8583e-35 3.9663e-18 ] 0.0000e+00 [ 0.0000e+00 ] 1.0000e+00
 7.004e+01 3.3985e-18 3.3985e-18 [ 8.4735e-178 1.0147e-130 1.3790e-35 3.3985e-18 ] 0.0000e+00 [ 0.0000e+00 ] 1.0000e+00
 7.015e+01 2.9111e-18 2.9111e-18 [ 3.3403e-178 4.4902e-131 1.0226e-35 2.9111e-18 ] 0.0000e+00 [ 0.0000e+00 ] 1.0000e+00
 7.027e+01 2.4930e-18 2.4930e-18 [ 1.3164e-178 1.9861e-131 7.5778e-36 2.4930e-18 ] 0.0000e+00 [ 0.0000e+00 ] 1.0000e+00
 7.038e+01 2.1344e-18 2.1344e-18 [ 5.1859e-179 8.7809e-132 5.6115e-36 2.1344e-18 ] 0.0000e+00 [ 0.0000e+00 ] 1.0000e+00
 7.049e+01 1.8268e-18 1.8268e-18 [ 2.0423e-179 3.8803e-132 4.1526e-36 1.8268e-18 ] 0.0000e+00 [ 0.0000e+00 ] 1.0000e+00
 7.061e+01 1.5632e-18 1.5632e-18 [ 8.0406e-180 1.7139e-132 3.0708e-36 1.5632e-18 ] 0.0000e+00 [ 0.0000e+00 ] 1.0000e+00
 7.072e+01 1.3372e-18 1.3372e-18 [ 3.1645e-180 7.5664e-133 2.2692e-36 1.3372e-18 ] 0.0000e+00 [ 0.0000e+00 ] 1.0000e+00
 7.083e+01 1.1437e-18 1.1437e-18 [ 1.2450e-180 3.3387e-133 1.6756e-36 1.1437e-18 ] 0.0000e+00 [ 0.0000e+00 ] 1.0000e+00
 7.095e+01 9.7785e-19 9.7785e-19 [ 4.8965e-181 1.4725e-133 1.2364e-36 9.7785e-19 ] 0.0000e+00 [ 0.0000e+00 ] 1.0000e+00
 7.106e+01 8.3585e-19 8.3585e-19 [ 1.9251e-181 6.4909e-134 9.1169e-37 8.3585e-19 ] 0.0000e+00 [ 0.0000e+00 ] 1.0000e+00
 7.117e+01 7.1429e-19 7.1429e-19 [ 7.5659e-182 2.8599e-134 6.7175e-37 7.1429e-19 ] 0.0000e+00 [ 0.0000e+00 ] 1.0000e+00
 7.129e+01 6.1025e-19 6.1025e-19 [ 2.9724e-182 1.2594e-134 4.9459e-37 6.1025e-19 ] 0.0000e+00 [ 0.0000e+00 ] 1.0000e+00
 7.140e+01 5.2123e-19 5.2123e-19 [ 1.1674e-182 5.5431e-135 3.6388e-37 5.2123e-19 ] 0.0000e+00 [ 0.0000e+00 ] 1.0000e+00
 7.151e+01 4.4508e-19 4.4508e-19 [ 4.5829e-183 2.4385e-135 2.6751e-37 4.4508e-19 ] 0.0000e+00 [ 0.0000e+00 ] 1.0000e+00
 7.163e+01 3.7996e-19 3.7996e-19 [ 1.7985e-183 1.0722e-135 1.9652e-37 3.7996e-19 ] 0.0000e+00 [ 0.0000e+00 ] 1.0000e+00
 7.174e+01 3.2428e-19 3.2428e-19 [ 7.0553e-184 4.7116e-136 1.4425e-37 3.2428e-19 ] 0.0000e+00 [ 0.0000e+00 ] 1.0000e+00
 7.185e+01 2.7669e-19 2.7669e-19 [ 2.7666e-184 2.0694e-136 1.0580e-37 2.7669e-19 ] 0.0000e+00 [ 0.0000e+00 ] 1.0000e+00
 7.197e+01 2.3602e-19 2.3602e-19 [ 1.0845e-184 9.0842e-137 7.7542e-38 2.3602e-19 ] 0.0000e+00 [ 0.0000e+00 ] 1.0000e+00
 7.208e+01 2.0128e-19 2.0128e-19 [ 4.2492e-185 3.9855e-137 5.6785e-38 2.0128e-19 ] 0.0000e+00 [ 0.0000e+00 ] 1.0000e+00
 7.219e+01 1.7161e-19 1.7161e-19 [ 1.6642e-185 1.7476e-137 4.1551e-38 1.7161e-19 ] 0.0000e+00 [ 0.0000e+00 ] 1.0000e+00
 7.231e+01 1.4627e-19 1.4627e-19 [ 6.5156e-186 7.6590e-138 3.0379e-38 1.4627e-19 ] 0.0000e+00 [ 0.0000e+00 ] 1.0000e+00
 7.242e+01 1.2465e-19 1.2465e-19 [ 2.5498e-186 3.3546e-138 2.2193e-38 1.2465e-19 ] 0.0000e+00 [ 0.0000e+00 ] 1.0000e+00
 7.253e+01 1.0619e-19 1.0619e-19 [ 9.9740e-187 1.4685e-138 1.6199e-38 1.0619e-19 ] 0.0000e+00 [ 0.0000e+00 ] 1.0000e+00
 7.265e+01 9.0447e-20 9.0447e-20 [ 3.8998e-187 6.4245e-139 1.1814e-38 9.0447e-20 ] 0.0000e+00 [ 0.0000e+00 ] 1.0000e+00
 7.276e+01 7.7017e-20 7.7017e-20 [ 1.5241e-187 2.8090e-139 8.6088e-39 7.7017e-20 ] 0.0000e+00 [ 0.0000e+00 ] 1.0000e+00
 7.287e+01 6.5564e-20 6.5564e-20 [ 5.9540e-188 1.2275e-139 6.2678e-39 6.5564e-20 ] 0.0000e+00 [ 0.0000e+00 ] 1.0000e+00
 7.299e+01 5.5801e-20 5.5801e-20 [ 2.3249e-188 5.3604e-140 4.5594e-39 5.5801e-20 ] 0.0000e+00 [ 0.0000e+00 ] 1.0000e+00
 7.310e+01 4.7479e-20 4.7479e-20 [ 9.0735e-189 2.3395e-140 3.3137e-39 4.7479e-20 ] 0.0000e+00 [ 0.0000e+00 ] 1.0000e+00
 7.321e+01 4.0389e-20 4.0389e-20 [ 3.5395e-189 1.0204e-140 2.4062e-39 4.0389e-20 ] 0.0000e+00 [ 0.0000e+00 ] 1.0000e+00
 7.333e+01 3.4349e-20 3.4349e-20 [ 1.3801e-189 4.4479e-141 1.7457e-39 3.4349e-20 ] 0.0000e+00 [ 0.0000e+00 ] 1.0000e+00
 7.344e+01 2.9205e-20 2.9205e-20 [ 5.3783e-190 1.9375e-141 1.2653e-39 2.9205e-20 ] 0.0000e+00 [ 0.0000e+00 ] 1.0000e+00
 7.355e+01 2.4825e-20 2.4825e-20 [ 2.0949e-190 8.4345e-142 9.1624e-40 2.4825e-20 ] 0.0000e+00 [ 0.0000e+00 ] 1.0000e+00
 7.367e+01 2.1096e-20 2.1096e-20 [ 8.1555e-191 3.6693e-142 6.6286e-40 2.1096e-20 ] 0.0000e+00 [ 0.0000e+00 ] 1.0000e+00
 7.378e+01 1.7924e-20 1.7924e-20 [ 3.1733e-191 1.5952e-142 4.7909e-40 1.7924e-20 ] 0.0000e+00 [ 0.0000e+00 ] 1.0000e+00
 7.389e+01 1.5224e-20 1.5224e-20 [ 1.2340e-191 6.9301e-143 3.4593e-40 1.5224e-20 ] 0.0000e+00 [ 0.0000e+00 ] 1.0000e+00
 7.401e+01 1.2928e-20 1.2928e-20 [ 4.7962e-192 3.0086e-143 2.4953e-40 1.2928e-20 ] 0.0000e+00 [ 0.0000e+00 ] 1.0000e+00
 7.412e+01 1.0976e-20 1.0976e-20 [ 1.8630e-192 1.3052e-143 1.7981e-40 1.0976e-20 ] 0.0000e+00 [ 0.0000e+00 ] 1.0000e+00
 7.423e+01 9.3160e-21 9.3160e-21 [ 7.2324e-193 5.6579e-144 1.2944e-40 9.3160e-21 ] 0.0000e+00 [ 0.0000e+00 ] 1.0000e+00
 7.435e+01 7.9052e-21 7.9052e-21 [ 2.8059e-193 2.4509e-144 9.3086e-41 7.9052e-21 ] 0.0000e+00 [ 0.0000e+00 ] 1.0000e+00
 7.446e+01 6.7064e-21 6.7064e-21 [ 1.0879e-193 1.0608e-144 6.6869e-41 6.7064e-21 ] 0.0000e+00 [ 0.0000e+00 ] 1.0000e+00
 7.457e+01 5.6880e-21 5.6880e-21 [ 4.2155e-194 4.5882e-145 4.7984e-41 5.6880e-21 ] 0.0000e+00 [ 0.0000e+00 ] 1.0000e+00
 7.469e+01 4.8230e-21 4.8230e-21 [ 1.6323e-194 1.9828e-145 3.4394e-41 4.8230e-21 ] 0.0000e+00 [ 0.0000e+00 ] 1.0000e+00
 7.480e+01 4.0886e-21 4.0886e-21 [ 6.3164e-195 8.5619e-146 2.4626e-41 4.0886e-21 ] 0.0000e+00 [ 0.0000e+00 ] 1.0000e+00
 7.491e+01 3.4651e-21 3.4651e-21 [ 2.4425e-195 3.6939e-146 1.7611e-41 3.4651e-21 ] 0.0000e+00 [ 0.0000e+00 ] 1.0000e+00
 7.503e+01 2.9360e-21 2.9360e-21 [ 9.4377e-196 1.5923e-146 1.2580e-41 2.9360e-21 ] 0.0000e+00 [ 0.0000e+00 ] 1.0000e+00
 7.514e+01 2.4870e-21 2.4870e-21 [ 3.6440e-196 6.8578e-147 8.9753e-42 2.4870e-21 ] 0.0000e+00 [ 0.0000e+00 ] 1.0000e+00
 7.525e+01 2.1062e-21 2.1062e-21 [ 1.4059e-196 2.9508e-147 6.3956e-42 2.1062e-21 ] 0.0000e+00 [ 0.0000e+00 ] 1.0000e+00
 7.537e+01 1.7832e-21 1.7832e-21 [ 5.4196e-197 1.2685e-147 4.5516e-42 1.7832e-21 ] 0.0000e+00 [ 0.0000e+00 ] 1.0000e+00
 7.548e+01 1.5093e-21 1.5093e-21 [ 2.0875e-197 5.4475e-148 3.2351e-42 1.5093e-21 ] 0.0000e+00 [ 0.0000e+00 ] 1.0000e+00
 7.559e+01 1.2772e-21 1.2772e-21 [ 8.0334e-198 2.3371e-148 2.2963e-42 1.2772e-21 ] 0.0000e+00 [ 0.0000e+00 ] 1.0000e+00
 7.571e+01 1.0804e-21 1.0804e-21 [ 3.0887e-198 1.0016e-148 1.6277e-42 1.0804e-21 ] 0.0000e+00 [ 0.0000e+00 ] 1.0000e+00
 7.582e+01 9.1374e-22 9.1374e-22 [ 1.1865e-198 4.2881e-149 1.1522e-42 9.1374e-22 ] 0.0000e+00 [ 0.0000e+00 ] 1.0000e+00
 7.593e+01 7.7255e-22 7.7255e-22 [ 4.5530e-199 1.8337e-149 8.1440e-43 7.7255e-22 ] 0.0000e+00 [ 0.0000e+00 ] 1.0000e+00
 7.605e+01 6.5298e-22 6.5298e-22 [ 1.7454e-199 7.8324e-150 5.7478e-43 6.5298e-22 ] 0.0000e+00 [ 0.0000e+00 ] 1.0000e+00
 7.616e+01 5.5174e-22 5.5174e-22 [ 6.6837e-200 3.3414e-150 4.0503e-43 5.5174e-22 ] 0.0000e+00 [ 0.0000e+00 ] 1.0000e+00
 7.627e+01 4.6605e-22 4.6605e-22 [ 2.5565e-200 1.4237e-150 2.8496e-43 4.6605e-22 ] 0.0000e+00 [ 0.0000e+00 ] 1.0000e+00
 7.639e+01 3.9352e-22 3.9352e-22 [ 9.7669e-201 6.0577e-151 2.0015e-43 3.9352e-22 ] 0.0000e+00 [ 0.0000e+00 ] 1.0000e+00
 7.650e+01 3.3217e-22 3.3217e-22 [ 3.7267e-201 2.5740e-151 1.4034e-43 3.3217e-22 ] 0.0000e+00 [ 0.0000e+00 ] 1.0000e+00
 7.661e+01 2.8026e-22 2.8026e-22 [ 1.4201e-201 1.0921e-151 9.8222e-44 2.8026e-22 ] 0.0000e+00 [ 0.0000e+00 ] 1.0000e+00
 7.673e+01 2.3637e-22 2.3637e-22 [ 5.4037e-202 4.6266e-152 6.8616e-44 2.3637e-22 ] 0.0000e+00 [ 0.0000e+00 ] 1.0000e+00
 7.684e+01 1.9926e-22 1.9926e-22 [ 2.0531e-202 1.9568e-152 4.7840e-44 1.9926e-22 ] 0.0000e+00 [ 0.0000e+00 ] 1.0000e+00
 7.695e+01 1.6789e-22 1.6789e-22 [ 7.7885e-203 8.2621e-153 3.3285e-44 1.6789e-22 ] 0.0000e+00 [ 0.0000e+00 ] 1.0000e+00
 7.707e+01 1.4138e-22 1.4138e-22 [ 2.9495e-203 3.4820e-153 2.3109e-44 1.4138e-22 ] 0.0000e+00 [ 0.0000e+00 ] 1.0000e+00
 7.718e+01 1.1898e-22 1.1898e-22 [ 1.1150e-203 1.4646e-153 1.6006e-44 1.1898e-22 ] 0.0000e+00 [ 0.0000e+00 ] 1.0000e+00
 7.729e+01 1.0006e-22 1.0006e-22 [ 4.2065e-204 6.1477e-154 1.1060e-44 1.0006e-22 ] 0.0000e+00 [ 0.0000e+00 ] 1.0000e+00
 7.741e+01 8.4075e-23 8.4075e-23 [ 1.5837e-204 2.5747e-154 7.6224e-45 8.4075e-23 ] 0.0000e+00 [ 0.0000e+00 ] 1.0000e+00
 7.752e+01 7.0579e-23 7.0579e-23 [ 5.9485e-205 1.0757e-154 5.2387e-45 7.0579e-23 ] 0.0000e+00 [ 0.0000e+00 ] 1.0000e+00
 7.763e+01 5.9184e-23 5.9184e-23 [ 2.2288e-205 4.4824e-155 3.5897e-45 5.9184e-23 ] 0.0000e+00 [ 0.0000e+00 ] 1.0000e+00
 7.775e+01 4.9565e-23 4.9565e-23 [ 8.3284e-206 1.8625e-155 2.4519e-45 4.9565e-23 ] 0.0000e+00 [ 0.0000e+00 ] 1.0000e+00
 7.786e+01 4.1446e-23 4.1446e-23 [ 3.1028e-206 7.7149e-156 1.6689e-45 4.1446e-23 ] 0.0000e+00 [ 0.0000e+00 ] 1.0000e+00
 7.797e+01 3.4593e-23 3.4593e-23 [ 1.1521e-206 3.1847e-156 1.1317e-45 3.4593e-23 ] 0.0000e+00 [ 0.0000e+00 ] 1.0000e+00
 7.809e+01 2.8809e-23 2.8809e-23 [ 4.2623e-207 1.3096e-156 7.6416e-46 2.8809e-23 ] 0.0000e+00 [ 0.0000e+00 ] 1.0000e+00
 7.820e+01 2.3926e-23 2.3926e-23 [ 1.5703e-207 5.3625e-157 5.1362e-46 2.3926e-23 ] 0.0000e+00 [ 0.0000e+00 ] 1.0000e+00
 7.831e+01 1.9805e-23 1.9805e-23 [ 5.7586e-208 2.1853e-157 3.4344e-46 1.9805e-23 ] 0.0000e+00 [ 0.0000e+00 ] 1.0000e+00
 7.843e+01 1.6324e-23 1.6324e-23 [ 2.1005e-208 8.8567e-158 2.2830e-46 1.6324e-23 ] 0.0000e+00 [ 0.0000e+00 ] 1.0000e+00
 7.854e+01 1.3383e-23 1.3383e-23 [ 7.6147e-209 3.5671e-158 1.5075e-46 1.3383e-23 ] 0.0000e+00 [ 0.0000e+00 ] 1.0000e+00
 7.865e+01 1.0898e-23 1.0898e-23 [ 2.7407e-209 1.4262e-158 9.8765e-47 1.0898e-23 ] 0.0000e+00 [ 0.0000e+00 ] 1.0000e+00
 7.877e+01 8.7951e-24 8.7951e-24 [ 9.7807e-210 5.6530e-159 6.4111e-47 8.7951e-24 ] 0.0000e+00 [ 0.0000e+00 ] 1.0000e+00
 7.888e+01 7.0155e-24 7.0155e-24 [ 3.4548e-210 2.2175e-159 4.1149e-47 7.0155e-24 ] 0.0000e+00 [ 0.0000e+00 ] 1.0000e+00
 7.899e+01 5.5085e-24 5.5085e-24 [ 1.2050e-210 8.5884e-160 2.6041e-47 5.5085e-24 ] 0.0000e+00 [ 0.0000e+00 ] 1.0000e+00
 7.911e+01 4.2328e-24 4.2328e-24 [ 4.1363e-211 3.2732e-160 1.6177e-47 4.2328e-24 ] 0.0000e+00 [ 0.0000e+00 ] 1.0000e+00
 7.922e+01 3.1551e-24 3.1551e-24 [ 1.3905e-211 1.2215e-160 9.7979e-48 3.1551e-24 ] 0.0000e+00 [ 0.0000e+00 ] 1.0000e+00
 7.933e+01 2.2496e-24 2.2496e-24 [ 4.5436e-212 4.4298e-161 5.7179e-48 2.2496e-24 ] 0.0000e+00 [ 0.0000e+00 ] 1.0000e+00
 7.945e+01 1.4984e-24 1.4984e-24 [ 1.4244e-212 1.5404e-161 3.1471e-48 1.4984e-24 ] 0.0000e+00 [ 0.0000e+00 ] 1.0000e+00
 7.956e+01 8.9173e-25 8.9173e-25 [ 4.1744e-213 4.9976e-162 1.5645e-48 8.9173e-25 ] 0.0000e+00 [ 0.0000e+00 ] 1.0000e+00
 7.967e+01 4.2956e-25 4.2956e-25 [ 1.0687e-213 1.4065e-162 6.3422e-49 4.2956e-25 ] 0.0000e+00 [ 0.0000e+00 ] 1.0000e+00
 7.979e+01 1.2342e-25 1.2342e-25 [ 1.8152e-214 2.5715e-163 1.4978e-49 1.2342e-25 ] 0.0000e+00 [ 0.0000e+00 ] 1.0000e+00
 7.990e+01 0.0000e+00 0.0000e+00 [ 0.0000e+00 0.0000e+00 0.0000e+00 0.0000e+00 ] 0.0000e+00 [ 0.0000e+00 ] 1.0000e+00
