 0.000e+00 0.0000e+00 0.0000e+00 [ 0.0000e+00 0.0000e+00 0.0000e+00 0.0000e+00 0.0000e+00 ] 1.0000e+00
 1.133e-01 4.2791e-02 4.2791e-02 [ 4.2404e-02 1.8616e-04 9.4949e-05 9.4966e-05 1.1298e-05 ] 9.5721e-01
 2.267e-01 8.3316e-02 8.3316e-02 [ 8.1687e-02 7.8594e-04 4.0087e-04 4.0058e-04 4.1214e-05 ] 9.1668e-01
 3.400e-01 1.1544e-01 1.1544e-01 [ 1.1149e-01 1.9156e-03 9.7712e-04 9.7437e-04 8.6065e-05 ] 8.8456e-01
 4.533e-01 1.4888e-01 1.4888e-01 [ 1.4114e-01 3.7664e-03 1.9213e-03 1.9109e-03 1.4452e-04 ] 8.5112e-01
 5.667e-01 1.8808e-01 1.8808e-01 [ 1.7455e-01 6.6069e-03 3.3706e-03 3.3421e-03 2.1692e-04 ] 8.1192e-01
 6.800e-01 2.3692e-01 2.3692e-01 [ 2.1492e-01 1.0770e-02 5.4951e-03 5.4302e-03 3.0453e-04 ] 7.6308e-01
 7.933e-01 2.9838e-01 2.9838e-01 [ 2.6456e-01 1.6601e-02 8.4714e-03 8.3413e-03 4.0827e-04 ] 7.0162e-01
 9.067e-01 3.7350e-01 3.7350e-01 [ 3.2402e-01 2.4341e-02 1.2423e-02 1.2187e-02 5.2712e-04 ] 6.2650e-01
 1.020e+00 4.5986e-01 4.5986e-01 [ 3.9100e-01 3.3943e-02 1.7326e-02 1.6932e-02 6.5628e-04 ] 5.4014e-01
 1.133e+00 5.5073e-01 5.5073e-01 [ 4.5979e-01 4.4906e-02 2.2926e-02 2.2319e-02 7.8629e-04 ] 4.4927e-01
 1.247e+00 6.3621e-01 6.3621e-01 [ 5.2240e-01 5.6290e-02 2.8743e-02 2.7872e-02 9.0484e-04 ] 3.6379e-01
 1.360e+00 7.0702e-01 7.0702e-01 [ 5.7170e-01 6.7026e-02 3.4233e-02 3.3060e-02 1.0016e-03 ] 2.9298e-01
 1.473e+00 7.5858e-01 7.5858e-01 [ 6.0458e-01 7.6382e-02 3.9022e-02 3.7523e-02 1.0730e-03 ] 2.4142e-01
 1.587e+00 7.9194e-01 7.9194e-01 [ 6.2244e-01 8.4176e-02 4.3016e-02 4.1180e-02 1.1224e-03 ] 2.0806e-01
 1.700e+00 8.1147e-01 8.1147e-01 [ 6.2918e-01 9.0644e-02 4.6338e-02 4.4152e-02 1.1567e-03 ] 1.8853e-01
 1.813e+00 8.2189e-01 8.2189e-01 [ 6.2875e-01 9.6156e-02 4.9176e-02 4.6627e-02 1.1826e-03 ] 1.7811e-01
 1.927e+00 8.2685e-01 8.2685e-01 [ 6.2413e-01 1.0104e-01 5.1699e-02 4.8771e-02 1.2046e-03 ] 1.7315e-01
 2.040e+00 8.2871e-01 8.2871e-01 [ 6.1722e-01 1.0554e-01 5.4028e-02 5.0703e-02 1.2254e-03 ] 1.7129e-01
 2.153e+00 8.2888e-01 8.2888e-01 [ 6.0911e-01 1.0979e-01 5.6240e-02 5.2498e-02 1.2463e-03 ] 1.7112e-01
 2.267e+00 8.2817e-01 8.2817e-01 [ 6.0042e-01 1.1390e-01 5.8382e-02 5.4204e-02 1.2677e-03 ] 1.7183e-01
 2.380e+00 8.2701e-01 8.2701e-01 [ 5.9148e-01 1.1791e-01 6.0484e-02 5.5849e-02 1.2898e-03 ] 1.7299e-01
 2.493e+00 8.2566e-01 8.2566e-01 [ 5.8249e-01 1.2185e-01 6.2562e-02 5.7451e-02 1.3125e-03 ] 1.7434e-01
 2.607e+00 8.2426e-01 8.2426e-01 [ 5.7352e-01 1.2576e-01 6.4627e-02 5.9022e-02 1.3357e-03 ] 1.7574e-01
 2.720e+00 8.2286e-01 8.2286e-01 [ 5.6462e-01 1.2963e-01 6.6686e-02 6.0569e-02 1.3595e-03 ] 1.7714e-01
 2.833e+00 8.2152e-01 8.2152e-01 [ 5.5582e-01 1.3347e-01 6.8744e-02 6.2098e-02 1.3835e-03 ] 1.7848e-01
 2.947e+00 8.2025e-01 8.2025e-01 [ 5.4713e-01 1.3729e-01 7.0804e-02 6.3612e-02 1.4079e-03 ] 1.7975e-01
 3.060e+00 8.1905e-01 8.1905e-01 [ 5.3854e-01 1.4110e-01 7.2868e-02 6.5115e-02 1.4325e-03 ] 1.8095e-01
 3.173e+00 8.1794e-01 8.1794e-01 [ 5.3006e-01 1.4488e-01 7.4937e-02 6.6609e-02 1.4574e-03 ] 1.8206e-01
 3.287e+00 8.1691e-01 8.1691e-01 [ 5.2167e-01 1.4865e-01 7.7013e-02 6.8097e-02 1.4825e-03 ] 1.8309e-01
 3.400e+00 8.1596e-01 8.1596e-01 [ 5.1338e-01 1.5240e-01 7.9098e-02 6.9579e-02 1.5079e-03 ] 1.8404e-01
 3.513e+00 8.1508e-01 8.1508e-01 [ 5.0518e-01 1.5612e-01 8.1190e-02 7.1059e-02 1.5334e-03 ] 1.8492e-01
 3.627e+00 8.1427e-01 8.1427e-01 [ 4.9706e-01 1.5983e-01 8.3292e-02 7.2536e-02 1.5593e-03 ] 1.8573e-01
 3.740e+00 8.1352e-01 8.1352e-01 [ 4.8902e-01 1.6351e-01 8.5404e-02 7.4014e-02 1.5854e-03 ] 1.8648e-01
 3.853e+00 8.1284e-01 8.1284e-01 [ 4.8105e-01 1.6716e-01 8.7526e-02 7.5492e-02 1.6118e-03 ] 1.8716e-01
 3.967e+00 8.1221e-01 8.1221e-01 [ 4.7315e-01 1.7078e-01 8.9658e-02 7.6973e-02 1.6385e-03 ] 1.8779e-01
 4.080e+00 8.1163e-01 8.1163e-01 [ 4.6532e-01 1.7438e-01 9.1802e-02 7.8457e-02 1.6654e-03 ] 1.8837e-01
 4.193e+00 8.1109e-01 8.1109e-01 [ 4.5756e-01 1.7794e-01 9.3956e-02 7.9946e-02 1.6927e-03 ] 1.8891e-01
 4.307e+00 8.1060e-01 8.1060e-01 [ 4.4986e-01 1.8146e-01 9.6122e-02 8.1440e-02 1.7204e-03 ] 1.8940e-01
 4.420e+00 8.1015e-01 8.1015e-01 [ 4.4221e-01 1.8495e-01 9.8299e-02 8.2941e-02 1.7483e-03 ] 1.8985e-01
 4.533e+00 8.0973e-01 8.0973e-01 [ 4.3463e-01 1.8839e-01 1.0049e-01 8.4451e-02 1.7766e-03 ] 1.9027e-01
 4.647e+00 8.0935e-01 8.0935e-01 [ 4.2710e-01 1.9179e-01 1.0269e-01 8.5969e-02 1.8052e-03 ] 1.9065e-01
 4.760e+00 8.0900e-01 8.0900e-01 [ 4.1963e-01 1.9514e-01 1.0490e-01 8.7496e-02 1.8343e-03 ] 1.9100e-01
 4.873e+00 8.0867e-01 8.0867e-01 [ 4.1221e-01 1.9844e-01 1.0712e-01 8.9035e-02 1.8637e-03 ] 1.9133e-01
 4.987e+00 8.0836e-01 8.0836e-01 [ 4.0485e-01 2.0168e-01 1.0935e-01 9.0586e-02 1.8934e-03 ] 1.9164e-01
 5.100e+00 8.0808e-01 8.0808e-01 [ 3.9754e-01 2.0487e-01 1.1160e-01 9.2149e-02 1.9236e-03 ] 1.9192e-01
 5.213e+00 8.0782e-01 8.0782e-01 [ 3.9029e-01 2.0799e-01 1.1385e-01 9.3726e-02 1.9542e-03 ] 1.9218e-01
 5.327e+00 8.0758e-01 8.0758e-01 [ 3.8310e-01 2.1105e-01 1.1612e-01 9.5317e-02 1.9852e-03 ] 1.9242e-01
 5.440e+00 8.0735e-01 8.0735e-01 [ 3.7596e-01 2.1404e-01 1.1840e-01 9.6924e-02 2.0166e-03 ] 1.9265e-01
 5.553e+00 8.0713e-01 8.0713e-01 [ 3.6889e-01 2.1696e-01 1.2068e-01 9.8548e-02 2.0485e-03 ] 1.9287e-01
 5.667e+00 8.0693e-01 8.0693e-01 [ 3.6187e-01 2.1981e-01 1.2298e-01 1.0019e-01 2.0808e-03 ] 1.9307e-01
 5.780e+00 8.0674e-01 8.0674e-01 [ 3.5491e-01 2.2258e-01 1.2529e-01 1.0185e-01 2.1135e-03 ] 1.9326e-01
 5.893e+00 8.0656e-01 8.0656e-01 [ 3.4802e-01 2.2527e-01 1.2761e-01 1.0353e-01 2.1467e-03 ] 1.9344e-01
 6.007e+00 8.0639e-01 8.0639e-01 [ 3.4118e-01 2.2787e-01 1.2993e-01 1.0522e-01 2.1804e-03 ] 1.9361e-01
 6.120e+00 8.0623e-01 8.0623e-01 [ 3.3441e-01 2.3039e-01 1.3227e-01 1.0694e-01 2.2145e-03 ] 1.9377e-01
 6.233e+00 8.0607e-01 8.0607e-01 [ 3.2771e-01 2.3282e-01 1.3461e-01 1.0868e-01 2.2492e-03 ] 1.9393e-01
 6.347e+00 8.0592e-01 8.0592e-01 [ 3.2108e-01 2.3515e-01 1.3696e-01 1.1045e-01 2.2843e-03 ] 1.9408e-01
 6.460e+00 8.0578e-01 8.0578e-01 [ 3.1452e-01 2.3739e-01 1.3932e-01 1.1223e-01 2.3199e-03 ] 1.9422e-01
 6.573e+00 8.0564e-01 8.0564e-01 [ 3.0802e-01 2.3954e-01 1.4168e-01 1.1404e-01 2.3560e-03 ] 1.9436e-01
 6.687e+00 8.0551e-01 8.0551e-01 [ 3.0161e-01 2.4158e-01 1.4405e-01 1.1588e-01 2.3926e-03 ] 1.9449e-01
 6.800e+00 8.0538e-01 8.0538e-01 [ 2.9526e-01 2.4352e-01 1.4643e-01 1.1774e-01 2.4297e-03 ] 1.9462e-01
 6.913e+00 8.0525e-01 8.0525e-01 [ 2.8899e-01 2.4536e-01 1.4881e-01 1.1963e-01 2.4673e-03 ] 1.9475e-01
 7.027e+00 8.0513e-01 8.0513e-01 [ 2.8280e-01 2.4709e-01 1.5119e-01 1.2154e-01 2.5054e-03 ] 1.9487e-01
 7.140e+00 8.0501e-01 8.0501e-01 [ 2.7669e-01 2.4871e-01 1.5358e-01 1.2348e-01 2.5441e-03 ] 1.9499e-01
 7.253e+00 8.0489e-01 8.0489e-01 [ 2.7066e-01 2.5022e-01 1.5597e-01 1.2545e-01 2.5833e-03 ] 1.9511e-01
 7.367e+00 8.0477e-01 8.0477e-01 [ 2.6471e-01 2.5162e-01 1.5836e-01 1.2745e-01 2.6230e-03 ] 1.9523e-01
 7.480e+00 8.0466e-01 8.0466e-01 [ 2.5885e-01 2.5291e-01 1.6075e-01 1.2948e-01 2.6632e-03 ] 1.9534e-01
 7.593e+00 8.0455e-01 8.0455e-01 [ 2.5307e-01 2.5408e-01 1.6315e-01 1.3155e-01 2.7040e-03 ] 1.9545e-01
 7.707e+00 8.0444e-01 8.0444e-01 [ 2.4738e-01 2.5514e-01 1.6554e-01 1.3364e-01 2.7453e-03 ] 1.9556e-01
 7.820e+00 8.0433e-01 8.0433e-01 [ 2.4178e-01 2.5608e-01 1.6792e-01 1.3576e-01 2.7872e-03 ] 1.9567e-01
 7.933e+00 8.0422e-01 8.0422e-01 [ 2.3626e-01 2.5690e-01 1.7031e-01 1.3792e-01 2.8295e-03 ] 1.9578e-01
 8.047e+00 8.0411e-01 8.0411e-01 [ 2.3083e-01 2.5761e-01 1.7269e-01 1.4011e-01 2.8724e-03 ] 1.9589e-01
 8.160e+00 8.0401e-01 8.0401e-01 [ 2.2550e-01 2.5820e-01 1.7506e-01 1.4234e-01 2.9159e-03 ] 1.9599e-01
 8.273e+00 8.0390e-01 8.0390e-01 [ 2.2025e-01 2.5867e-01 1.7742e-01 1.4460e-01 2.9598e-03 ] 1.9610e-01
 8.387e+00 8.0380e-01 8.0380e-01 [ 2.1510e-01 2.5902e-01 1.7978e-01 1.4689e-01 3.0043e-03 ] 1.9620e-01
 8.500e+00 8.0370e-01 8.0370e-01 [ 2.1004e-01 2.5926e-01 1.8213e-01 1.4922e-01 3.0493e-03 ] 1.9630e-01
 8.613e+00 8.0360e-01 8.0360e-01 [ 2.0507e-01 2.5938e-01 1.8447e-01 1.5158e-01 3.0948e-03 ] 1.9640e-01
 8.727e+00 8.0350e-01 8.0350e-01 [ 2.0019e-01 2.5939e-01 1.8679e-01 1.5398e-01 3.1408e-03 ] 1.9650e-01
 8.840e+00 8.0340e-01 8.0340e-01 [ 1.9541e-01 2.5928e-01 1.8910e-01 1.5642e-01 3.1872e-03 ] 1.9660e-01
 8.953e+00 8.0330e-01 8.0330e-01 [ 1.9072e-01 2.5906e-01 1.9140e-01 1.5890e-01 3.2342e-03 ] 1.9670e-01
 9.067e+00 8.0321e-01 8.0321e-01 [ 1.8612e-01 2.5873e-01 1.9368e-01 1.6141e-01 3.2816e-03 ] 1.9679e-01
 9.180e+00 8.0312e-01 8.0312e-01 [ 1.8161e-01 2.5828e-01 1.9594e-01 1.6396e-01 3.3295e-03 ] 1.9688e-01
 9.293e+00 8.0303e-01 8.0303e-01 [ 1.7720e-01 2.5773e-01 1.9818e-01 1.6654e-01 3.3778e-03 ] 1.9697e-01
 9.407e+00 8.0294e-01 8.0294e-01 [ 1.7288e-01 2.5707e-01 2.0040e-01 1.6916e-01 3.4266e-03 ] 1.9706e-01
 9.520e+00 8.0286e-01 8.0286e-01 [ 1.6865e-01 2.5631e-01 2.0260e-01 1.7182e-01 3.4758e-03 ] 1.9714e-01
 9.633e+00 8.0278e-01 8.0278e-01 [ 1.6451e-01 2.5544e-01 2.0478e-01 1.7452e-01 3.5253e-03 ] 1.9722e-01
 9.747e+00 8.0271e-01 8.0271e-01 [ 1.6047e-01 2.5448e-01 2.0693e-01 1.7726e-01 3.5752e-03 ] 1.9729e-01
 9.860e+00 8.0264e-01 8.0264e-01 [ 1.5651e-01 2.5342e-01 2.0906e-01 1.8003e-01 3.6255e-03 ] 1.9736e-01
 9.973e+00 8.0258e-01 8.0258e-01 [ 1.5264e-01 2.5227e-01 2.1115e-01 1.8284e-01 3.6761e-03 ] 1.9742e-01
 1.009e+01 8.0252e-01 8.0252e-01 [ 1.4885e-01 2.5103e-01 2.1322e-01 1.8568e-01 3.7270e-03 ] 1.9748e-01
 1.020e+01 8.0247e-01 8.0247e-01 [ 1.4516e-01 2.4971e-01 2.1526e-01 1.8856e-01 3.7782e-03 ] 1.9753e-01
 1.031e+01 8.0243e-01 8.0243e-01 [ 1.4155e-01 2.4830e-01 2.1727e-01 1.9148e-01 3.8296e-03 ] 1.9757e-01
 1.043e+01 8.0240e-01 8.0240e-01 [ 1.3802e-01 2.4682e-01 2.1925e-01 1.9443e-01 3.8812e-03 ] 1.9760e-01
 1.054e+01 8.0237e-01 8.0237e-01 [ 1.3457e-01 2.4526e-01 2.2119e-01 1.9741e-01 3.9330e-03 ] 1.9763e-01
 1.065e+01 8.0236e-01 8.0236e-01 [ 1.3121e-01 2.4364e-01 2.2310e-01 2.0043e-01 3.9850e-03 ] 1.9764e-01
 1.077e+01 8.0236e-01 8.0236e-01 [ 1.2793e-01 2.4194e-01 2.2497e-01 2.0348e-01 4.0370e-03 ] 1.9764e-01
 1.088e+01 8.0238e-01 8.0238e-01 [ 1.2473e-01 2.4019e-01 2.2681e-01 2.0656e-01 4.0891e-03 ] 1.9762e-01
 1.099e+01 8.0241e-01 8.0241e-01 [ 1.2160e-01 2.3839e-01 2.2861e-01 2.0967e-01 4.1413e-03 ] 1.9759e-01
 1.111e+01 8.0246e-01 8.0246e-01 [ 1.1855e-01 2.3654e-01 2.3038e-01 2.1281e-01 4.1934e-03 ] 1.9754e-01
 1.122e+01 8.0253e-01 8.0253e-01 [ 1.1557e-01 2.3464e-01 2.3210e-01 2.1597e-01 4.2455e-03 ] 1.9747e-01
 1.133e+01 8.0262e-01 8.0262e-01 [ 1.1267e-01 2.3270e-01 2.3379e-01 2.1916e-01 4.2975e-03 ] 1.9738e-01
 1.145e+01 8.0273e-01 8.0273e-01 [ 1.0984e-01 2.3074e-01 2.3544e-01 2.2237e-01 4.3493e-03 ] 1.9727e-01
 1.156e+01 8.0288e-01 8.0288e-01 [ 1.0707e-01 2.2875e-01 2.3705e-01 2.2560e-01 4.4009e-03 ] 1.9712e-01
 1.167e+01 8.0305e-01 8.0305e-01 [ 1.0438e-01 2.2674e-01 2.3862e-01 2.2886e-01 4.4523e-03 ] 1.9695e-01
 1.179e+01 8.0325e-01 8.0325e-01 [ 1.0175e-01 2.2471e-01 2.4016e-01 2.3212e-01 4.5033e-03 ] 1.9675e-01
 1.190e+01 8.0349e-01 8.0349e-01 [ 9.9189e-02 2.2269e-01 2.4166e-01 2.3541e-01 4.5540e-03 ] 1.9651e-01
 1.201e+01 8.0377e-01 8.0377e-01 [ 9.6691e-02 2.2066e-01 2.4312e-01 2.3870e-01 4.6043e-03 ] 1.9623e-01
 1.213e+01 8.0410e-01 8.0410e-01 [ 9.4255e-02 2.1865e-01 2.4454e-01 2.4200e-01 4.6541e-03 ] 1.9590e-01
 1.224e+01 8.0447e-01 8.0447e-01 [ 9.1881e-02 2.1665e-01 2.4592e-01 2.4531e-01 4.7033e-03 ] 1.9553e-01
 1.235e+01 8.0489e-01 8.0489e-01 [ 8.9567e-02 2.1468e-01 2.4727e-01 2.4862e-01 4.7519e-03 ] 1.9511e-01
 1.247e+01 8.0538e-01 8.0538e-01 [ 8.7313e-02 2.1274e-01 2.4859e-01 2.5193e-01 4.7999e-03 ] 1.9462e-01
 1.258e+01 8.0592e-01 8.0592e-01 [ 8.5116e-02 2.1085e-01 2.4987e-01 2.5523e-01 4.8471e-03 ] 1.9408e-01
 1.269e+01 8.0653e-01 8.0653e-01 [ 8.2977e-02 2.0902e-01 2.5112e-01 2.5853e-01 4.8935e-03 ] 1.9347e-01
 1.281e+01 8.0722e-01 8.0722e-01 [ 8.0895e-02 2.0725e-01 2.5233e-01 2.6181e-01 4.9390e-03 ] 1.9278e-01
 1.292e+01 8.0798e-01 8.0798e-01 [ 7.8870e-02 2.0555e-01 2.5351e-01 2.6507e-01 4.9836e-03 ] 1.9202e-01
 1.303e+01 8.0883e-01 8.0883e-01 [ 7.6902e-02 2.0394e-01 2.5466e-01 2.6830e-01 5.0271e-03 ] 1.9117e-01
 1.315e+01 8.0977e-01 8.0977e-01 [ 7.4990e-02 2.0242e-01 2.5579e-01 2.7150e-01 5.0695e-03 ] 1.9023e-01
 1.326e+01 8.1081e-01 8.1081e-01 [ 7.3137e-02 2.0102e-01 2.5687e-01 2.7466e-01 5.1108e-03 ] 1.8919e-01
 1.337e+01 8.1195e-01 8.1195e-01 [ 7.1342e-02 1.9974e-01 2.5793e-01 2.7778e-01 5.1507e-03 ] 1.8805e-01
 1.349e+01 8.1320e-01 8.1320e-01 [ 6.9608e-02 1.9860e-01 2.5896e-01 2.8084e-01 5.1893e-03 ] 1.8680e-01
 1.360e+01 8.1456e-01 8.1456e-01 [ 6.7938e-02 1.9761e-01 2.5995e-01 2.8384e-01 5.2265e-03 ] 1.8544e-01
 1.371e+01 8.1605e-01 8.1605e-01 [ 6.6334e-02 1.9679e-01 2.6091e-01 2.8675e-01 5.2622e-03 ] 1.8395e-01
 1.383e+01 8.1767e-01 8.1767e-01 [ 6.4801e-02 1.9616e-01 2.6182e-01 2.8958e-01 5.2963e-03 ] 1.8233e-01
 1.394e+01 8.1941e-01 8.1941e-01 [ 6.3346e-02 1.9573e-01 2.6270e-01 2.9230e-01 5.3289e-03 ] 1.8059e-01
 1.405e+01 8.2128e-01 8.2128e-01 [ 6.1974e-02 1.9553e-01 2.6351e-01 2.9490e-01 5.3601e-03 ] 1.7872e-01
 1.417e+01 8.2327e-01 8.2327e-01 [ 6.0694e-02 1.9556e-01 2.6427e-01 2.9735e-01 5.3898e-03 ] 1.7673e-01
 1.428e+01 8.2536e-01 8.2536e-01 [ 5.9517e-02 1.9586e-01 2.6494e-01 2.9962e-01 5.4185e-03 ] 1.7464e-01
 1.439e+01 8.2754e-01 8.2754e-01 [ 5.8455e-02 1.9643e-01 2.6552e-01 3.0169e-01 5.4465e-03 ] 1.7246e-01
 1.451e+01 8.2974e-01 8.2974e-01 [ 5.7522e-02 1.9729e-01 2.6596e-01 3.0349e-01 5.4745e-03 ] 1.7026e-01
 1.462e+01 8.3185e-01 8.3185e-01 [ 5.6732e-02 1.9845e-01 2.6622e-01 3.0495e-01 5.5033e-03 ] 1.6815e-01
 1.473e+01 8.3367e-01 8.3367e-01 [ 5.6098e-02 1.9987e-01 2.6621e-01 3.0596e-01 5.5337e-03 ] 1.6633e-01
 1.485e+01 8.3482e-01 8.3482e-01 [ 5.5628e-02 2.0150e-01 2.6578e-01 3.0634e-01 5.5663e-03 ] 1.6518e-01
 1.496e+01 8.3460e-01 8.3460e-01 [ 5.5311e-02 2.0320e-01 2.6469e-01 3.0579e-01 5.6003e-03 ] 1.6540e-01
 1.507e+01 8.3172e-01 8.3172e-01 [ 5.5107e-02 2.0468e-01 2.6252e-01 3.0378e-01 5.6318e-03 ] 1.6828e-01
 1.519e+01 8.2388e-01 8.2388e-01 [ 5.4906e-02 2.0538e-01 2.5850e-01 2.9944e-01 5.6503e-03 ] 1.7612e-01
 1.530e+01 8.0727e-01 8.0727e-01 [ 5.4493e-02 2.0433e-01 2.5146e-01 2.9136e-01 5.6340e-03 ] 1.9273e-01
 1.541e+01 7.7639e-01 7.7639e-01 [ 5.3511e-02 2.0006e-01 2.3970e-01 2.7758e-01 5.5459e-03 ] 2.2361e-01
 1.553e+01 7.2534e-01 7.2534e-01 [ 5.1514e-02 1.9087e-01 2.2151e-01 2.5611e-01 5.3384e-03 ] 2.7466e-01
 1.564e+01 6.5137e-01 6.5137e-01 [ 4.8175e-02 1.7574e-01 1.9623e-01 2.2625e-01 4.9752e-03 ] 3.4863e-01
 1.575e+01 5.5867e-01 5.5867e-01 [ 4.3568e-02 1.5533e-01 1.6543e-01 1.8988e-01 4.4613e-03 ] 4.4133e-01
 1.587e+01 4.5817e-01 4.5817e-01 [ 3.8222e-02 1.3215e-01 1.3269e-01 1.5126e-01 3.8506e-03 ] 5.4183e-01
 1.598e+01 3.6237e-01 3.6237e-01 [ 3.2866e-02 1.0936e-01 1.0193e-01 1.1500e-01 3.2199e-03 ] 6.3763e-01
 1.609e+01 2.8012e-01 2.8012e-01 [ 2.8081e-02 8.9337e-02 7.5826e-02 8.4242e-02 2.6337e-03 ] 7.1988e-01
 1.621e+01 2.1488e-01 2.1488e-01 [ 2.4156e-02 7.3192e-02 5.5330e-02 6.0076e-02 2.1274e-03 ] 7.8512e-01
 1.632e+01 1.6600e-01 1.6600e-01 [ 2.1125e-02 6.0956e-02 4.0109e-02 4.2103e-02 1.7099e-03 ] 8.3400e-01
 1.643e+01 1.3080e-01 1.3080e-01 [ 1.8875e-02 5.2085e-02 2.9235e-02 2.9226e-02 1.3745e-03 ] 8.6920e-01
 1.655e+01 1.0610e-01 1.0610e-01 [ 1.7245e-02 4.5862e-02 2.1668e-02 2.0222e-02 1.1085e-03 ] 8.9390e-01
 1.666e+01 8.9096e-02 8.9096e-02 [ 1.6078e-02 4.1607e-02 1.6494e-02 1.4019e-02 8.9804e-04 ] 9.1090e-01
 1.677e+01 7.7520e-02 7.7520e-02 [ 1.5244e-02 3.8764e-02 1.2999e-02 9.7818e-03 7.3132e-04 ] 9.2248e-01
 1.689e+01 6.9712e-02 6.9712e-02 [ 1.4642e-02 3.6912e-02 1.0660e-02 6.8985e-03 5.9873e-04 ] 9.3029e-01
 1.700e+01 6.4482e-02 6.4482e-02 [ 1.4199e-02 3.5744e-02 9.1080e-03 4.9381e-03 4.9286e-04 ] 9.3552e-01
 1.711e+01 6.1005e-02 6.1005e-02 [ 1.3862e-02 3.5043e-02 8.0877e-03 3.6041e-03 4.0807e-04 ] 9.3900e-01
 1.723e+01 5.8711e-02 5.8711e-02 [ 1.3595e-02 3.4656e-02 7.4256e-03 2.6945e-03 3.4014e-04 ] 9.4129e-01
 1.734e+01 5.7215e-02 5.7215e-02 [ 1.3374e-02 3.4478e-02 7.0045e-03 2.0731e-03 2.8584e-04 ] 9.4279e-01
 1.745e+01 5.6252e-02 5.6252e-02 [ 1.3180e-02 3.4436e-02 6.7453e-03 1.6486e-03 2.4274e-04 ] 9.4375e-01
 1.757e+01 5.5646e-02 5.5646e-02 [ 1.3001e-02 3.4481e-02 6.5951e-03 1.3595e-03 2.0901e-04 ] 9.4435e-01
 1.768e+01 5.5276e-02 5.5276e-02 [ 1.2831e-02 3.4578e-02 6.5186e-03 1.1650e-03 1.8327e-04 ] 9.4472e-01
 1.779e+01 5.5064e-02 5.5064e-02 [ 1.2664e-02 3.4705e-02 6.4927e-03 1.0383e-03 1.6452e-04 ] 9.4494e-01
 1.791e+01 5.4959e-02 5.4959e-02 [ 1.2496e-02 3.4846e-02 6.5027e-03 9.6208e-04 1.5203e-04 ] 9.4504e-01
 1.802e+01 5.4931e-02 5.4931e-02 [ 1.2326e-02 3.4993e-02 6.5402e-03 9.2628e-04 1.4538e-04 ] 9.4507e-01
 1.813e+01 5.4968e-02 5.4968e-02 [ 1.2154e-02 3.5142e-02 6.6015e-03 9.2620e-04 1.4435e-04 ] 9.4503e-01
 1.825e+01 5.5071e-02 5.5071e-02 [ 1.1978e-02 3.5294e-02 6.6879e-03 9.6201e-04 1.4897e-04 ] 9.4493e-01
 1.836e+01 5.5258e-02 5.5258e-02 [ 1.1800e-02 3.5454e-02 6.8051e-03 1.0388e-03 1.5947e-04 ] 9.4474e-01
 1.847e+01 5.5566e-02 5.5566e-02 [ 1.1622e-02 3.5635e-02 6.9648e-03 1.1675e-03 1.7637e-04 ] 9.4443e-01
 1.859e+01 5.6055e-02 5.6055e-02 [ 1.1447e-02 3.5855e-02 7.1865e-03 1.3669e-03 2.0042e-04 ] 9.4395e-01
 1.870e+01 5.6819e-02 5.6819e-02 [ 1.1276e-02 3.6143e-02 7.5006e-03 1.6665e-03 2.3273e-04 ] 9.4318e-01
 1.881e+01 5.8001e-02 5.8001e-02 [ 1.1117e-02 3.6543e-02 7.9538e-03 2.1120e-03 2.7478e-04 ] 9.4200e-01
 1.893e+01 5.9813e-02 5.9813e-02 [ 1.0976e-02 3.7119e-02 8.6167e-03 2.7728e-03 3.2858e-04 ] 9.4019e-01
 1.904e+01 6.2575e-02 6.2575e-02 [ 1.0863e-02 3.7966e-02 9.5955e-03 3.7537e-03 3.9680e-04 ] 9.3742e-01
 1.915e+01 6.6756e-02 6.6756e-02 [ 1.0791e-02 3.9221e-02 1.1049e-02 5.2125e-03 4.8297e-04 ] 9.3324e-01
 1.927e+01 7.3049e-02 7.3049e-02 [ 1.0778e-02 4.1079e-02 1.3215e-02 7.3850e-03 5.9181e-04 ] 9.2695e-01
 1.938e+01 8.2464e-02 8.2464e-02 [ 1.0851e-02 4.3824e-02 1.6440e-02 1.0620e-02 7.2958e-04 ] 9.1754e-01
 1.949e+01 9.6445e-02 9.6445e-02 [ 1.1040e-02 4.7846e-02 2.1228e-02 1.5426e-02 9.0455e-04 ] 9.0355e-01
 1.961e+01 1.1700e-01 1.1700e-01 [ 1.1387e-02 5.3674e-02 2.8287e-02 2.2520e-02 1.1273e-03 ] 8.8300e-01
 1.972e+01 1.4676e-01 1.4676e-01 [ 1.1936e-02 6.1978e-02 3.8561e-02 3.2870e-02 1.4107e-03 ] 8.5324e-01
 1.983e+01 1.8891e-01 1.8891e-01 [ 1.2731e-02 7.3519e-02 5.3212e-02 4.7676e-02 1.7688e-03 ] 8.1109e-01
 1.995e+01 2.4666e-01 2.4666e-01 [ 1.3793e-02 8.8988e-02 7.3449e-02 6.8214e-02 2.2126e-03 ] 7.5334e-01
 2.006e+01 3.2201e-01 3.2201e-01 [ 1.5088e-02 1.0865e-01 1.0012e-01 9.5416e-02 2.7433e-03 ] 6.7799e-01
 2.017e+01 4.1376e-01 4.1376e-01 [ 1.6493e-02 1.3181e-01 1.3297e-01 1.2914e-01 3.3412e-03 ] 5.8624e-01
 2.029e+01 5.1542e-01 5.1542e-01 [ 1.7779e-02 1.5640e-01 1.6991e-01 1.6737e-01 3.9569e-03 ] 4.8458e-01
 2.040e+01 6.1528e-01 6.1528e-01 [ 1.8662e-02 1.7911e-01 2.0690e-01 2.0608e-01 4.5176e-03 ] 3.8472e-01
 2.051e+01 7.0040e-01 7.0040e-01 [ 1.8929e-02 1.9666e-01 2.3932e-01 2.4053e-01 4.9549e-03 ] 2.9960e-01
 2.063e+01 7.6288e-01 7.6288e-01 [ 1.8561e-02 2.0742e-01 2.6413e-01 2.6753e-01 5.2399e-03 ] 2.3712e-01
 2.074e+01 8.0283e-01 8.0283e-01 [ 1.7719e-02 2.1196e-01 2.8108e-01 2.8669e-01 5.3930e-03 ] 1.9717e-01
 2.085e+01 8.2565e-01 8.2565e-01 [ 1.6625e-02 2.1212e-01 2.9185e-01 2.9960e-01 5.4596e-03 ] 1.7435e-01
 2.097e+01 8.3762e-01 8.3762e-01 [ 1.5457e-02 2.0979e-01 2.9855e-01 3.0834e-01 5.4820e-03 ] 1.6238e-01
 2.108e+01 8.4346e-01 8.4346e-01 [ 1.4318e-02 2.0628e-01 3.0281e-01 3.1456e-01 5.4879e-03 ] 1.5654e-01
 2.119e+01 8.4614e-01 8.4614e-01 [ 1.3259e-02 2.0240e-01 3.0567e-01 3.1932e-01 5.4916e-03 ] 1.5386e-01
 2.131e+01 8.4733e-01 8.4733e-01 [ 1.2296e-02 1.9858e-01 3.0773e-01 3.2322e-01 5.4991e-03 ] 1.5267e-01
 2.142e+01 8.4791e-01 8.4791e-01 [ 1.1431e-02 1.9505e-01 3.0932e-01 3.2659e-01 5.5124e-03 ] 1.5209e-01
 2.153e+01 8.4833e-01 8.4833e-01 [ 1.0660e-02 1.9193e-01 3.1060e-01 3.2961e-01 5.5317e-03 ] 1.5167e-01
 2.165e+01 8.4877e-01 8.4877e-01 [ 9.9765e-03 1.8927e-01 3.1164e-01 3.3233e-01 5.5570e-03 ] 1.5123e-01
 2.176e+01 8.4926e-01 8.4926e-01 [ 9.3743e-03 1.8709e-01 3.1246e-01 3.3475e-01 5.5886e-03 ] 1.5074e-01
 2.187e+01 8.4963e-01 8.4963e-01 [ 8.8474e-03 1.8538e-01 3.1298e-01 3.3680e-01 5.6269e-03 ] 1.5037e-01
 2.199e+01 8.4948e-01 8.4948e-01 [ 8.3896e-03 1.8408e-01 3.1305e-01 3.3829e-01 5.6723e-03 ] 1.5052e-01
 2.210e+01 8.4798e-01 8.4798e-01 [ 7.9931e-03 1.8304e-01 3.1235e-01 3.3887e-01 5.7238e-03 ] 1.5202e-01
 2.221e+01 8.4351e-01 8.4351e-01 [ 7.6456e-03 1.8195e-01 3.1029e-01 3.3785e-01 5.7762e-03 ] 1.5649e-01
 2.233e+01 8.3311e-01 8.3311e-01 [ 7.3249e-03 1.8020e-01 3.0576e-01 3.3401e-01 5.8155e-03 ] 1.6689e-01
 2.244e+01 8.1176e-01 8.1176e-01 [ 6.9930e-03 1.7672e-01 2.9693e-01 3.2531e-01 5.8115e-03 ] 1.8823e-01
 2.255e+01 7.7242e-01 7.7242e-01 [ 6.5936e-03 1.6994e-01 2.8125e-01 3.0892e-01 5.7136e-03 ] 2.2758e-01
 2.267e+01 7.0842e-01 7.0842e-01 [ 6.0684e-03 1.5827e-01 2.5639e-01 2.8222e-01 5.4620e-03 ] 2.9158e-01
 2.278e+01 6.1876e-01 6.1876e-01 [ 5.3954e-03 1.4121e-01 2.2217e-01 2.4497e-01 5.0225e-03 ] 3.8124e-01
 2.289e+01 5.1193e-01 5.1193e-01 [ 4.6192e-03 1.2025e-01 1.8186e-01 2.0078e-01 4.4224e-03 ] 4.8807e-01
 2.301e+01 4.0265e-01 4.0265e-01 [ 3.8328e-03 9.8338e-02 1.4099e-01 1.5574e-01 3.7430e-03 ] 5.9735e-01
 2.312e+01 3.0432e-01 3.0432e-01 [ 3.1247e-03 7.8302e-02 1.0447e-01 1.1535e-01 3.0746e-03 ] 6.9568e-01
 2.323e+01 2.2417e-01 2.2417e-01 [ 2.5437e-03 6.1775e-02 7.4868e-02 8.2504e-02 2.4792e-03 ] 7.7583e-01
 2.335e+01 1.6335e-01 1.6335e-01 [ 2.0975e-03 4.9126e-02 5.2520e-02 5.7621e-02 1.9820e-03 ] 8.3665e-01
 2.346e+01 1.1940e-01 1.1940e-01 [ 1.7690e-03 3.9940e-02 3.6448e-02 3.9656e-02 1.5820e-03 ] 8.8060e-01
 2.357e+01 8.8647e-02 8.8647e-02 [ 1.5326e-03 3.3507e-02 2.5256e-02 2.7085e-02 1.2661e-03 ] 9.1135e-01
 2.369e+01 6.7575e-02 6.7575e-02 [ 1.3637e-03 2.9117e-02 1.7620e-02 1.8456e-02 1.0182e-03 ] 9.3243e-01
 2.380e+01 5.3317e-02 5.3317e-02 [ 1.2421e-03 2.6180e-02 1.2477e-02 1.2595e-02 8.2333e-04 ] 9.4668e-01
 2.391e+01 4.3745e-02 4.3745e-02 [ 1.1528e-03 2.4252e-02 9.0390e-03 8.6326e-03 6.6929e-04 ] 9.5625e-01
 2.403e+01 3.7352e-02 3.7352e-02 [ 1.0854e-03 2.3011e-02 6.7523e-03 5.9564e-03 5.4669e-04 ] 9.6265e-01
 2.414e+01 3.3098e-02 3.3098e-02 [ 1.0325e-03 2.2235e-02 5.2371e-03 4.1450e-03 4.4842e-04 ] 9.6690e-01
 2.425e+01 3.0281e-02 3.0281e-02 [ 9.8909e-04 2.1772e-02 4.2375e-03 2.9137e-03 3.6914e-04 ] 9.6972e-01
 2.437e+01 2.8427e-02 2.8427e-02 [ 9.5203e-04 2.1516e-02 3.5821e-03 2.0720e-03 3.0481e-04 ] 9.7157e-01
 2.448e+01 2.7219e-02 2.7219e-02 [ 9.1910e-04 2.1398e-02 3.1570e-03 1.4926e-03 2.5237e-04 ] 9.7278e-01
 2.459e+01 2.6446e-02 2.6446e-02 [ 8.8889e-04 2.1371e-02 2.8862e-03 1.0905e-03 2.0944e-04 ] 9.7355e-01
 2.471e+01 2.5966e-02 2.5966e-02 [ 8.6046e-04 2.1403e-02 2.7192e-03 8.0907e-04 1.7418e-04 ] 9.7403e-01
 2.482e+01 2.5681e-02 2.5681e-02 [ 8.3320e-04 2.1470e-02 2.6222e-03 6.1017e-04 1.4516e-04 ] 9.7432e-01
 2.493e+01 2.5528e-02 2.5528e-02 [ 8.0674e-04 2.1560e-02 2.5726e-03 4.6818e-04 1.2121e-04 ] 9.7447e-01
 2.505e+01 2.5463e-02 2.5463e-02 [ 7.8083e-04 2.1660e-02 2.5552e-03 3.6574e-04 1.0143e-04 ] 9.7454e-01
 2.516e+01 2.5455e-02 2.5455e-02 [ 7.5534e-04 2.1764e-02 2.5597e-03 2.9105e-04 8.5075e-05 ] 9.7454e-01
 2.527e+01 2.5484e-02 2.5484e-02 [ 7.3017e-04 2.1867e-02 2.5791e-03 2.3603e-04 7.1554e-05 ] 9.7452e-01
 2.539e+01 2.5535e-02 2.5535e-02 [ 7.0529e-04 2.1966e-02 2.6087e-03 1.9511e-04 6.0389e-05 ] 9.7446e-01
 2.550e+01 2.5598e-02 2.5598e-02 [ 6.8070e-04 2.2057e-02 2.6450e-03 1.6442e-04 5.1192e-05 ] 9.7440e-01
 2.561e+01 2.5667e-02 2.5667e-02 [ 6.5638e-04 2.2139e-02 2.6860e-03 1.4127e-04 4.3653e-05 ] 9.7433e-01
 2.573e+01 2.5735e-02 2.5735e-02 [ 6.3238e-04 2.2212e-02 2.7299e-03 1.2375e-04 3.7521e-05 ] 9.7426e-01
 2.584e+01 2.5800e-02 2.5800e-02 [ 6.0870e-04 2.2272e-02 2.7756e-03 1.1054e-04 3.2595e-05 ] 9.7420e-01
 2.595e+01 2.5859e-02 2.5859e-02 [ 5.8537e-04 2.2321e-02 2.8224e-03 1.0068e-04 2.8720e-05 ] 9.7414e-01
 2.607e+01 2.5909e-02 2.5909e-02 [ 5.6243e-04 2.2358e-02 2.8697e-03 9.3520e-05 2.5776e-05 ] 9.7409e-01
 2.618e+01 2.5951e-02 2.5951e-02 [ 5.3990e-04 2.2381e-02 2.9171e-03 8.8602e-05 2.3674e-05 ] 9.7405e-01
 2.629e+01 2.5982e-02 2.5982e-02 [ 5.1782e-04 2.2392e-02 2.9641e-03 8.5626e-05 2.2357e-05 ] 9.7402e-01
 2.641e+01 2.6003e-02 2.6003e-02 [ 4.9620e-04 2.2390e-02 3.0108e-03 8.4425e-05 2.1792e-05 ] 9.7400e-01
 2.652e+01 2.6013e-02 2.6013e-02 [ 4.7508e-04 2.2374e-02 3.0569e-03 8.4939e-05 2.1974e-05 ] 9.7399e-01
 2.663e+01 2.6012e-02 2.6012e-02 [ 4.5447e-04 2.2345e-02 3.1023e-03 8.7224e-05 2.2922e-05 ] 9.7399e-01
 2.675e+01 2.6002e-02 2.6002e-02 [ 4.3441e-04 2.2304e-02 3.1473e-03 9.1453e-05 2.4684e-05 ] 9.7400e-01
 2.686e+01 2.5982e-02 2.5982e-02 [ 4.1489e-04 2.2250e-02 3.1918e-03 9.7943e-05 2.7338e-05 ] 9.7402e-01
 2.697e+01 2.5955e-02 2.5955e-02 [ 3.9595e-04 2.2184e-02 3.2364e-03 1.0720e-04 3.0991e-05 ] 9.7405e-01
 2.709e+01 2.5922e-02 2.5922e-02 [ 3.7759e-04 2.2107e-02 3.2815e-03 1.1998e-04 3.5793e-05 ] 9.7408e-01
 2.720e+01 2.5887e-02 2.5887e-02 [ 3.5982e-04 2.2019e-02 3.3281e-03 1.3741e-04 4.1935e-05 ] 9.7411e-01
 2.731e+01 2.5854e-02 2.5854e-02 [ 3.4265e-04 2.1923e-02 3.3776e-03 1.6113e-04 4.9662e-05 ] 9.7415e-01
 2.743e+01 2.5830e-02 2.5830e-02 [ 3.2610e-04 2.1819e-02 3.4323e-03 1.9353e-04 5.9283e-05 ] 9.7417e-01
 2.754e+01 2.5825e-02 2.5825e-02 [ 3.1016e-04 2.1710e-02 3.4953e-03 2.3813e-04 7.1184e-05 ] 9.7417e-01
 2.765e+01 2.5853e-02 2.5853e-02 [ 2.9485e-04 2.1601e-02 3.5717e-03 3.0012e-04 8.5852e-05 ] 9.7415e-01
 2.777e+01 2.5935e-02 2.5935e-02 [ 2.8017e-04 2.1495e-02 3.6690e-03 3.8719e-04 1.0389e-04 ] 9.7407e-01
 2.788e+01 2.6101e-02 2.6101e-02 [ 2.6612e-04 2.1399e-02 3.7984e-03 5.1080e-04 1.2606e-04 ] 9.7390e-01
 2.799e+01 2.6396e-02 2.6396e-02 [ 2.5273e-04 2.1325e-02 3.9771e-03 6.8814e-04 1.5330e-04 ] 9.7360e-01
 2.811e+01 2.6889e-02 2.6889e-02 [ 2.4002e-04 2.1286e-02 4.2310e-03 9.4506e-04 1.8682e-04 ] 9.7311e-01
 2.822e+01 2.7681e-02 2.7681e-02 [ 2.2800e-04 2.1305e-02 4.5992e-03 1.3206e-03 2.2814e-04 ] 9.7232e-01
 2.833e+01 2.8925e-02 2.8925e-02 [ 2.1673e-04 2.1413e-02 5.1414e-03 1.8742e-03 2.7920e-04 ] 9.7108e-01
 2.845e+01 3.0851e-02 3.0851e-02 [ 2.0627e-04 2.1658e-02 5.9482e-03 2.6957e-03 3.4252e-04 ] 9.6915e-01
 2.856e+01 3.3806e-02 3.3806e-02 [ 1.9670e-04 2.2108e-02 7.1573e-03 3.9224e-03 4.2138e-04 ] 9.6619e-01
 2.867e+01 3.8314e-02 3.8314e-02 [ 1.8817e-04 2.2865e-02 8.9780e-03 5.7624e-03 5.2013e-04 ] 9.6169e-01
 2.879e+01 4.5160e-02 4.5160e-02 [ 1.8083e-04 2.4079e-02 1.1726e-02 8.5302e-03 6.4456e-04 ] 9.5484e-01
 2.890e+01 5.5508e-02 5.5508e-02 [ 1.7493e-04 2.5963e-02 1.5871e-02 1.2697e-02 8.0242e-04 ] 9.4449e-01
 2.901e+01 7.1057e-02 7.1057e-02 [ 1.7077e-04 2.8823e-02 2.2106e-02 1.8954e-02 1.0040e-03 ] 9.2894e-01
 2.913e+01 9.4202e-02 9.4202e-02 [ 1.6869e-04 3.3073e-02 3.1411e-02 2.8287e-02 1.2627e-03 ] 9.0580e-01
 2.924e+01 1.2813e-01 1.2813e-01 [ 1.6903e-04 3.9242e-02 4.5104e-02 4.2024e-02 1.5946e-03 ] 8.7187e-01
 2.935e+01 1.7670e-01 1.7670e-01 [ 1.7198e-04 4.7928e-02 6.4792e-02 6.1795e-02 2.0170e-03 ] 8.2330e-01
 2.947e+01 2.4368e-01 2.4368e-01 [ 1.7730e-04 5.9636e-02 9.2084e-02 8.9241e-02 2.5423e-03 ] 7.5632e-01
 2.958e+01 3.3102e-01 3.3102e-01 [ 1.8398e-04 7.4462e-02 1.2788e-01 1.2532e-01 3.1672e-03 ] 6.6898e-01
 2.969e+01 4.3608e-01 4.3608e-01 [ 1.8991e-04 9.1621e-02 1.7126e-01 1.6916e-01 3.8579e-03 ] 5.6392e-01
 2.981e+01 5.4925e-01 5.4925e-01 [ 1.9214e-04 1.0914e-01 2.1839e-01 2.1699e-01 4.5408e-03 ] 4.5075e-01
 2.992e+01 6.5517e-01 6.5517e-01 [ 1.8800e-04 1.2425e-01 2.6305e-01 2.6256e-01 5.1201e-03 ] 3.4483e-01
 3.003e+01 7.3944e-01 7.3944e-01 [ 1.7676e-04 1.3468e-01 2.9923e-01 2.9982e-01 5.5239e-03 ] 2.6056e-01
 3.015e+01 7.9635e-01 7.9635e-01 [ 1.6022e-04 1.3989e-01 3.2441e-01 3.2615e-01 5.7455e-03 ] 2.0365e-01
 3.026e+01 8.2974e-01 8.2974e-01 [ 1.4139e-04 1.4097e-01 3.3994e-01 3.4285e-01 5.8350e-03 ] 1.7026e-01
 3.037e+01 8.4739e-01 8.4739e-01 [ 1.2276e-04 1.3954e-01 3.4891e-01 3.5296e-01 5.8558e-03 ] 1.5261e-01
 3.049e+01 8.5603e-01 8.5603e-01 [ 1.0573e-04 1.3688e-01 3.5401e-01 3.5918e-01 5.8549e-03 ] 1.4397e-01
 3.060e+01 8.5985e-01 8.5985e-01 [ 9.0801e-05 1.3376e-01 3.5693e-01 3.6322e-01 5.8582e-03 ] 1.4015e-01
 3.071e+01 8.6081e-01 8.6081e-01 [ 7.8011e-05 1.3051e-01 3.5847e-01 3.6587e-01 5.8772e-03 ] 1.3919e-01
 3.083e+01 8.5920e-01 8.5920e-01 [ 6.7164e-05 1.2722e-01 3.5876e-01 3.6724e-01 5.9140e-03 ] 1.4080e-01
 3.094e+01 8.5372e-01 8.5372e-01 [ 5.7960e-05 1.2372e-01 3.5724e-01 3.6675e-01 5.9624e-03 ] 1.4628e-01
 3.105e+01 8.4100e-01 8.4100e-01 [ 5.0024e-05 1.1954e-01 3.5249e-01 3.6292e-01 6.0029e-03 ] 1.5900e-01
 3.117e+01 8.1490e-01 8.1490e-01 [ 4.2910e-05 1.1384e-01 3.4195e-01 3.5307e-01 5.9944e-03 ] 1.8510e-01
 3.128e+01 7.6690e-01 7.6690e-01 [ 3.6150e-05 1.0551e-01 3.2203e-01 3.3345e-01 5.8707e-03 ] 2.3310e-01
 3.139e+01 6.9009e-01 6.9009e-01 [ 2.9436e-05 9.3658e-02 2.8985e-01 3.0100e-01 5.5603e-03 ] 3.0991e-01
 3.151e+01 5.8620e-01 5.8620e-01 [ 2.2837e-05 7.8575e-02 2.4616e-01 2.5640e-01 5.0374e-03 ] 4.1381e-01
 3.162e+01 4.6816e-01 4.6816e-01 [ 1.6777e-05 6.2025e-02 1.9646e-01 2.0530e-01 4.3557e-03 ] 5.3184e-01
 3.173e+01 3.5347e-01 3.5347e-01 [ 1.1708e-05 4.6301e-02 1.4815e-01 1.5539e-01 3.6203e-03 ] 6.4653e-01
 3.185e+01 2.5519e-01 2.5519e-01 [ 7.8355e-06 3.3044e-02 1.0675e-01 1.1246e-01 2.9277e-03 ] 7.4481e-01
 3.196e+01 1.7840e-01 1.7840e-01 [ 5.0841e-06 2.2824e-02 7.4424e-02 7.8815e-02 2.3324e-03 ] 8.2160e-01
 3.207e+01 1.2213e-01 1.2213e-01 [ 3.2303e-06 1.5424e-02 5.0755e-02 5.4100e-02 1.8484e-03 ] 8.7787e-01
 3.219e+01 8.2601e-02 8.2601e-02 [ 2.0257e-06 1.0284e-02 3.4150e-02 3.6698e-02 1.4665e-03 ] 9.1740e-01
 3.230e+01 5.5553e-02 5.5553e-02 [ 1.2609e-06 6.8070e-03 2.2810e-02 2.4765e-02 1.1689e-03 ] 9.4445e-01
 3.241e+01 3.7325e-02 3.7325e-02 [ 7.8203e-07 4.4915e-03 1.5190e-02 1.6706e-02 9.3741e-04 ] 9.6267e-01
 3.253e+01 2.5138e-02 2.5138e-02 [ 4.8460e-07 2.9628e-03 1.0113e-02 1.1305e-02 7.5649e-04 ] 9.7486e-01
 3.264e+01 1.7011e-02 1.7011e-02 [ 3.0054e-07 1.9574e-03 6.7444e-03 7.6951e-03 6.1407e-04 ] 9.8299e-01
 3.275e+01 1.1588e-02 1.1588e-02 [ 1.8674e-07 1.2968e-03 4.5109e-03 5.2791e-03 5.0107e-04 ] 9.8841e-01
 3.287e+01 7.9572e-03 7.9572e-03 [ 1.1634e-07 8.6206e-04 3.0279e-03 3.6564e-03 4.1072e-04 ] 9.9204e-01
 3.298e+01 5.5147e-03 5.5147e-03 [ 7.2692e-08 5.7533e-04 2.0409e-03 2.5605e-03 3.3800e-04 ] 9.9449e-01
 3.309e+01 3.8614e-03 3.8614e-03 [ 4.5567e-08 3.8558e-04 1.3815e-03 1.8152e-03 2.7912e-04 ] 9.9614e-01
 3.321e+01 2.7342e-03 2.7342e-03 [ 2.8659e-08 2.5952e-04 9.3940e-04 1.3041e-03 2.3120e-04 ] 9.9727e-01
 3.332e+01 1.9594e-03 1.9594e-03 [ 1.8085e-08 1.7543e-04 6.4165e-04 9.5030e-04 1.9205e-04 ] 9.9804e-01
 3.343e+01 1.4222e-03 1.4222e-03 [ 1.1451e-08 1.1910e-04 4.4025e-04 7.0288e-04 1.5993e-04 ] 9.9858e-01
 3.355e+01 1.0460e-03 1.0460e-03 [ 7.2741e-09 8.1204e-05 3.0341e-04 5.2787e-04 1.3350e-04 ] 9.9895e-01
 3.366e+01 7.7988e-04 7.7988e-04 [ 4.6356e-09 5.5599e-05 2.1002e-04 4.0256e-04 1.1169e-04 ] 9.9922e-01
 3.377e+01 5.8955e-04 5.8955e-04 [ 2.9633e-09 3.8224e-05 1.4601e-04 3.1167e-04 9.3641e-05 ] 9.9941e-01
 3.389e+01 4.5183e-04 4.5183e-04 [ 1.9000e-09 2.6384e-05 1.0193e-04 2.4484e-04 7.8669e-05 ] 9.9955e-01
 3.400e+01 3.5097e-04 3.5097e-04 [ 1.2218e-09 1.8283e-05 7.1450e-05 1.9501e-04 6.6221e-05 ] 9.9965e-01
 3.411e+01 2.7618e-04 2.7618e-04 [ 7.8793e-10 1.2717e-05 5.0285e-05 1.5733e-04 5.5848e-05 ] 9.9972e-01
 3.423e+01 2.2001e-04 2.2001e-04 [ 5.0949e-10 8.8787e-06 3.5528e-05 1.2842e-04 4.7187e-05 ] 9.9978e-01
 3.434e+01 1.7729e-04 1.7729e-04 [ 3.3030e-10 6.2211e-06 2.5197e-05 1.0593e-04 3.9939e-05 ] 9.9982e-01
 3.445e+01 1.4438e-04 1.4438e-04 [ 2.1468e-10 4.3741e-06 1.7935e-05 8.8204e-05 3.3863e-05 ] 9.9986e-01
 3.457e+01 1.1871e-04 1.1871e-04 [ 1.3986e-10 3.0859e-06 1.2812e-05 7.4050e-05 2.8760e-05 ] 9.9988e-01
 3.468e+01 9.8451e-05 9.8451e-05 [ 9.1329e-11 2.1842e-06 9.1847e-06 6.2617e-05 2.4465e-05 ] 9.9990e-01
 3.479e+01 8.2281e-05 8.2281e-05 [ 5.9770e-11 1.5509e-06 6.6064e-06 5.3279e-05 2.0844e-05 ] 9.9992e-01
 3.491e+01 6.9239e-05 6.9239e-05 [ 3.9200e-11 1.1046e-06 4.7675e-06 4.5580e-05 1.7787e-05 ] 9.9993e-01
 3.502e+01 5.8616e-05 5.8616e-05 [ 2.5761e-11 7.8911e-07 3.4514e-06 3.9174e-05 1.5201e-05 ] 9.9994e-01
 3.513e+01 4.9885e-05 4.9885e-05 [ 1.6962e-11 5.6534e-07 2.5064e-06 3.3805e-05 1.3009e-05 ] 9.9995e-01
 3.525e+01 4.2653e-05 4.2653e-05 [ 1.1190e-11 4.0616e-07 1.8256e-06 2.9272e-05 1.1149e-05 ] 9.9996e-01
 3.536e+01 3.6617e-05 3.6617e-05 [ 7.3945e-12 2.9259e-07 1.3336e-06 2.5423e-05 9.5683e-06 ] 9.9996e-01
 3.547e+01 3.1548e-05 3.1548e-05 [ 4.8949e-12 2.1132e-07 9.7694e-07 2.2138e-05 8.2224e-06 ] 9.9997e-01
 3.559e+01 2.7266e-05 2.7266e-05 [ 3.2455e-12 1.5302e-07 7.1764e-07 1.9320e-05 7.0750e-06 ] 9.9997e-01
 3.570e+01 2.3630e-05 2.3630e-05 [ 2.1551e-12 1.1107e-07 5.2857e-07 1.6895e-05 6.0953e-06 ] 9.9998e-01
 3.581e+01 2.0529e-05 2.0529e-05 [ 1.4332e-12 8.0812e-08 3.9032e-07 1.4800e-05 5.2576e-06 ] 9.9998e-01
 3.593e+01 1.7873e-05 1.7873e-05 [ 9.5444e-13 5.8931e-08 2.8895e-07 1.2985e-05 4.5404e-06 ] 9.9998e-01
 3.604e+01 1.5591e-05 1.5591e-05 [ 6.3645e-13 4.3070e-08 2.1443e-07 1.1408e-05 3.9255e-06 ] 9.9998e-01
 3.615e+01 1.3624e-05 1.3624e-05 [ 4.2493e-13 3.1545e-08 1.5951e-07 1.0035e-05 3.3977e-06 ] 9.9999e-01
 3.627e+01 1.1923e-05 1.1923e-05 [ 2.8404e-13 2.3151e-08 1.1893e-07 8.8373e-06 2.9440e-06 ] 9.9999e-01
 3.638e+01 1.0450e-05 1.0450e-05 [ 1.9008e-13 1.7025e-08 8.8870e-08 7.7901e-06 2.5535e-06 ] 9.9999e-01
 3.649e+01 9.1695e-06 9.1695e-06 [ 1.2734e-13 1.2543e-08 6.6553e-08 6.8733e-06 2.2171e-06 ] 9.9999e-01
 3.661e+01 8.0556e-06 8.0556e-06 [ 8.5390e-14 9.2587e-09 4.9947e-08 6.0695e-06 1.9269e-06 ] 9.9999e-01
 3.672e+01 7.0844e-06 7.0844e-06 [ 5.7314e-14 6.8464e-09 3.7562e-08 5.3638e-06 1.6763e-06 ] 9.9999e-01
 3.683e+01 6.2364e-06 6.2364e-06 [ 3.8504e-14 5.0712e-09 2.8305e-08 4.7434e-06 1.4596e-06 ] 9.9999e-01
 3.695e+01 5.4948e-06 5.4948e-06 [ 2.5888e-14 3.7626e-09 2.1373e-08 4.1976e-06 1.2721e-06 ] 9.9999e-01
 3.706e+01 4.8454e-06 4.8454e-06 [ 1.7420e-14 2.7960e-09 1.6170e-08 3.7169e-06 1.1096e-06 ] 1.0000e+00
 3.717e+01 4.2760e-06 4.2760e-06 [ 1.1730e-14 2.0810e-09 1.2257e-08 3.2930e-06 9.6867e-07 ] 1.0000e+00
 3.729e+01 3.7763e-06 3.7763e-06 [ 7.9038e-15 1.5511e-09 9.3089e-09 2.9191e-06 8.4634e-07 ] 1.0000e+00
 3.740e+01 3.3372e-06 3.3372e-06 [ 5.3290e-15 1.1577e-09 7.0835e-09 2.5889e-06 7.4005e-07 ] 1.0000e+00
 3.751e+01 2.9509e-06 2.9509e-06 [ 3.5951e-15 8.6532e-10 5.4006e-09 2.2971e-06 6.4759e-07 ] 1.0000e+00
 3.763e+01 2.6110e-06 2.6110e-06 [ 2.4266e-15 6.4761e-10 4.1255e-09 2.0391e-06 5.6711e-07 ] 1.0000e+00
 3.774e+01 2.3114e-06 2.3114e-06 [ 1.6388e-15 4.8528e-10 3.1577e-09 1.8108e-06 4.9699e-07 ] 1.0000e+00
 3.785e+01 2.0473e-06 2.0473e-06 [ 1.1072e-15 3.6408e-10 2.4219e-09 1.6087e-06 4.3584e-07 ] 1.0000e+00
 3.797e+01 1.8143e-06 1.8143e-06 [ 7.4833e-16 2.7347e-10 1.8614e-09 1.4297e-06 3.8247e-07 ] 1.0000e+00
 3.808e+01 1.6085e-06 1.6085e-06 [ 5.0597e-16 2.0563e-10 1.4338e-09 1.2710e-06 3.3585e-07 ] 1.0000e+00
 3.819e+01 1.4267e-06 1.4267e-06 [ 3.4222e-16 1.5479e-10 1.1071e-09 1.1303e-06 2.9510e-07 ] 1.0000e+00
 3.831e+01 1.2660e-06 1.2660e-06 [ 2.3153e-16 1.1664e-10 8.5686e-10 1.0056e-06 2.5945e-07 ] 1.0000e+00
 3.842e+01 1.1238e-06 1.1238e-06 [ 1.5668e-16 8.7973e-11 6.6498e-10 8.9479e-07 2.2825e-07 ] 1.0000e+00
 3.853e+01 9.9795e-07 9.9795e-07 [ 1.0605e-16 6.6415e-11 5.1755e-10 7.9646e-07 2.0091e-07 ] 1.0000e+00
 3.865e+01 8.8651e-07 8.8651e-07 [ 7.1796e-17 5.0185e-11 4.0407e-10 7.0911e-07 1.7694e-07 ] 1.0000e+00
 3.876e+01 7.8778e-07 7.8778e-07 [ 4.8612e-17 3.7953e-11 3.1654e-10 6.3151e-07 1.5591e-07 ] 1.0000e+00
 3.887e+01 7.0026e-07 7.0026e-07 [ 3.2919e-17 2.8726e-11 2.4890e-10 5.6253e-07 1.3746e-07 ] 1.0000e+00
 3.899e+01 6.2266e-07 6.2266e-07 [ 2.2294e-17 2.1759e-11 1.9651e-10 5.0119e-07 1.2125e-07 ] 1.0000e+00
 3.910e+01 5.5381e-07 5.5381e-07 [ 1.5099e-17 1.6494e-11 1.5585e-10 4.4664e-07 1.0700e-07 ] 1.0000e+00
 3.921e+01 4.9271e-07 4.9271e-07 [ 1.0227e-17 1.2512e-11 1.2420e-10 3.9810e-07 9.4471e-08 ] 1.0000e+00
 3.933e+01 4.3847e-07 4.3847e-07 [ 6.9264e-18 9.4976e-12 9.9502e-11 3.5491e-07 8.3446e-08 ] 1.0000e+00
 3.944e+01 3.9029e-07 3.9029e-07 [ 4.6911e-18 7.2140e-12 8.0175e-11 3.1646e-07 7.3740e-08 ] 1.0000e+00
 3.955e+01 3.4749e-07 3.4749e-07 [ 3.1770e-18 5.4828e-12 6.4998e-11 2.8223e-07 6.5190e-08 ] 1.0000e+00
 3.967e+01 3.0945e-07 3.0945e-07 [ 2.1515e-18 4.1695e-12 5.3039e-11 2.5173e-07 5.7655e-08 ] 1.0000e+00
 3.978e+01 2.7563e-07 2.7563e-07 [ 1.4568e-18 3.1725e-12 4.3578e-11 2.2457e-07 5.1011e-08 ] 1.0000e+00
 3.989e+01 2.4556e-07 2.4556e-07 [ 9.8633e-19 2.4151e-12 3.6060e-11 2.0037e-07 4.5150e-08 ] 1.0000e+00
 4.001e+01 2.1881e-07 2.1881e-07 [ 6.6770e-19 1.8395e-12 3.0058e-11 1.7880e-07 3.9977e-08 ] 1.0000e+00
 4.012e+01 1.9501e-07 1.9501e-07 [ 4.5192e-19 1.4017e-12 2.5241e-11 1.5957e-07 3.5409e-08 ] 1.0000e+00
 4.023e+01 1.7382e-07 1.7382e-07 [ 3.0582e-19 1.0686e-12 2.1353e-11 1.4243e-07 3.1373e-08 ] 1.0000e+00
 4.035e+01 1.5497e-07 1.5497e-07 [ 2.0691e-19 8.1497e-13 1.8196e-11 1.2714e-07 2.7807e-08 ] 1.0000e+00
 4.046e+01 1.3818e-07 1.3818e-07 [ 1.3996e-19 6.2179e-13 1.5616e-11 1.1351e-07 2.4654e-08 ] 1.0000e+00
 4.057e+01 1.2323e-07 1.2323e-07 [ 9.4646e-20 4.7458e-13 1.3492e-11 1.0135e-07 2.1865e-08 ] 1.0000e+00
 4.069e+01 1.0991e-07 1.0991e-07 [ 6.3988e-20 3.6235e-13 1.1732e-11 9.0500e-08 1.9398e-08 ] 1.0000e+00
 4.080e+01 9.8044e-08 9.8044e-08 [ 4.3248e-20 2.7675e-13 1.0262e-11 8.0819e-08 1.7214e-08 ] 1.0000e+00
 4.091e+01 8.7470e-08 8.7470e-08 [ 2.9222e-20 2.1144e-13 9.0254e-12 7.2181e-08 1.5280e-08 ] 1.0000e+00
 4.103e+01 7.8046e-08 7.8046e-08 [ 1.9739e-20 1.6160e-13 7.9773e-12 6.4471e-08 1.3567e-08 ] 1.0000e+00
 4.114e+01 6.9645e-08 6.9645e-08 [ 1.3329e-20 1.2353e-13 7.0823e-12 5.7589e-08 1.2049e-08 ] 1.0000e+00
 4.125e+01 6.2155e-08 6.2155e-08 [ 8.9972e-21 9.4462e-14 6.3126e-12 5.1446e-08 1.0703e-08 ] 1.0000e+00
 4.137e+01 5.5477e-08 5.5477e-08 [ 6.0711e-21 7.2251e-14 5.6460e-12 4.5961e-08 9.5105e-09 ] 1.0000e+00
 4.148e+01 4.9521e-08 4.9521e-08 [ 4.0951e-21 5.5276e-14 5.0650e-12 4.1063e-08 8.4525e-09 ] 1.0000e+00
 4.159e+01 4.4208e-08 4.4208e-08 [ 2.7612e-21 4.2300e-14 4.5556e-12 3.6690e-08 7.5139e-09 ] 1.0000e+00
 4.171e+01 3.9469e-08 3.9469e-08 [ 1.8611e-21 3.2377e-14 4.1064e-12 3.2784e-08 6.6809e-09 ] 1.0000e+00
 4.182e+01 3.5241e-08 3.5241e-08 [ 1.2538e-21 2.4788e-14 3.7084e-12 2.9295e-08 5.9415e-09 ] 1.0000e+00
 4.193e+01 3.1468e-08 3.1468e-08 [ 8.4439e-22 1.8982e-14 3.3541e-12 2.6180e-08 5.2851e-09 ] 1.0000e+00
 4.205e+01 2.8101e-08 2.8101e-08 [ 5.6840e-22 1.4539e-14 3.0375e-12 2.3396e-08 4.7020e-09 ] 1.0000e+00
 4.216e+01 2.5097e-08 2.5097e-08 [ 3.8245e-22 1.1139e-14 2.7535e-12 2.0910e-08 4.1841e-09 ] 1.0000e+00
 4.227e+01 2.2415e-08 2.2415e-08 [ 2.5721e-22 8.5360e-15 2.4981e-12 1.8688e-08 3.7239e-09 ] 1.0000e+00
 4.239e+01 2.0021e-08 2.0021e-08 [ 1.7290e-22 6.5429e-15 2.2678e-12 1.6703e-08 3.3149e-09 ] 1.0000e+00
 4.250e+01 1.7883e-08 1.7883e-08 [ 1.1618e-22 5.0166e-15 2.0596e-12 1.4930e-08 2.9513e-09 ] 1.0000e+00
 4.261e+01 1.5975e-08 1.5975e-08 [ 7.8022e-23 3.8475e-15 1.8712e-12 1.3345e-08 2.6280e-09 ] 1.0000e+00
 4.273e+01 1.4271e-08 1.4271e-08 [ 5.2372e-23 2.9517e-15 1.7003e-12 1.1929e-08 2.3405e-09 ] 1.0000e+00
 4.284e+01 1.2750e-08 1.2750e-08 [ 3.5137e-23 2.2653e-15 1.5452e-12 1.0664e-08 2.0847e-09 ] 1.0000e+00
 4.295e+01 1.1391e-08 1.1391e-08 [ 2.3562e-23 1.7392e-15 1.4042e-12 9.5327e-09 1.8572e-09 ] 1.0000e+00
 4.307e+01 1.0178e-08 1.0178e-08 [ 1.5792e-23 1.3359e-15 1.2760e-12 8.5218e-09 1.6547e-09 ] 1.0000e+00
 4.318e+01 9.0941e-09 9.0941e-09 [ 1.0578e-23 1.0266e-15 1.1594e-12 7.6184e-09 1.4745e-09 ] 1.0000e+00
 4.329e+01 8.1261e-09 8.1261e-09 [ 7.0822e-24 7.8933e-16 1.0532e-12 6.8109e-09 1.3141e-09 ] 1.0000e+00
 4.341e+01 7.2614e-09 7.2614e-09 [ 4.7390e-24 6.0729e-16 9.5655e-13 6.0891e-09 1.1713e-09 ] 1.0000e+00
 4.352e+01 6.4889e-09 6.4889e-09 [ 3.1694e-24 4.6756e-16 8.6852e-13 5.4439e-09 1.0442e-09 ] 1.0000e+00
 4.363e+01 5.7988e-09 5.7988e-09 [ 2.1184e-24 3.6027e-16 7.8837e-13 4.8671e-09 9.3091e-10 ] 1.0000e+00
 4.375e+01 5.1823e-09 5.1823e-09 [ 1.4152e-24 2.7785e-16 7.1538e-13 4.3516e-09 8.3004e-10 ] 1.0000e+00
 4.386e+01 4.6315e-09 4.6315e-09 [ 9.4483e-25 2.1451e-16 6.4892e-13 3.8907e-09 7.4018e-10 ] 1.0000e+00
 4.397e+01 4.1393e-09 4.1393e-09 [ 6.3045e-25 1.6580e-16 5.8843e-13 3.4786e-09 6.6011e-10 ] 1.0000e+00
 4.409e+01 3.6996e-09 3.6996e-09 [ 4.2044e-25 1.2832e-16 5.3337e-13 3.1103e-09 5.8877e-10 ] 1.0000e+00
 4.420e+01 3.3066e-09 3.3066e-09 [ 2.8022e-25 9.9458e-17 4.8328e-13 2.7810e-09 5.2519e-10 ] 1.0000e+00
 4.431e+01 2.9555e-09 2.9555e-09 [ 1.8665e-25 7.7215e-17 4.3773e-13 2.4865e-09 4.6851e-10 ] 1.0000e+00
 4.443e+01 2.6417e-09 2.6417e-09 [ 1.2425e-25 6.0056e-17 3.9630e-13 2.2233e-09 4.1799e-10 ] 1.0000e+00
 4.454e+01 2.3613e-09 2.3613e-09 [ 8.2665e-26 4.6806e-17 3.5865e-13 1.9880e-09 3.7295e-10 ] 1.0000e+00
 4.465e+01 2.1107e-09 2.1107e-09 [ 5.4963e-26 3.6561e-17 3.2445e-13 1.7776e-09 3.3279e-10 ] 1.0000e+00
 4.477e+01 1.8867e-09 1.8867e-09 [ 3.6523e-26 2.8629e-17 2.9338e-13 1.5894e-09 2.9698e-10 ] 1.0000e+00
 4.488e+01 1.6865e-09 1.6865e-09 [ 2.4254e-26 2.2478e-17 2.6519e-13 1.4212e-09 2.6504e-10 ] 1.0000e+00
 4.499e+01 1.5076e-09 1.5076e-09 [ 1.6097e-26 1.7701e-17 2.3960e-13 1.2708e-09 2.3656e-10 ] 1.0000e+00
 4.511e+01 1.3477e-09 1.3477e-09 [ 1.0676e-26 1.3982e-17 2.1639e-13 1.1363e-09 2.1115e-10 ] 1.0000e+00
 4.522e+01 1.2047e-09 1.2047e-09 [ 7.0768e-27 1.1082e-17 1.9535e-13 1.0161e-09 1.8848e-10 ] 1.0000e+00
 4.533e+01 1.0770e-09 1.0770e-09 [ 4.6879e-27 8.8150e-18 1.7628e-13 9.0855e-10 1.6826e-10 ] 1.0000e+00
 4.545e+01 9.6279e-10 9.6279e-10 [ 3.1035e-27 7.0379e-18 1.5901e-13 8.1241e-10 1.5022e-10 ] 1.0000e+00
 4.556e+01 8.6071e-10 8.6071e-10 [ 2.0532e-27 5.6409e-18 1.4338e-13 7.2645e-10 1.3412e-10 ] 1.0000e+00
 4.567e+01 7.6946e-10 7.6946e-10 [ 1.3576e-27 4.5395e-18 1.2922e-13 6.4958e-10 1.1975e-10 ] 1.0000e+00
 4.579e+01 6.8789e-10 6.8789e-10 [ 8.9701e-28 3.6681e-18 1.1642e-13 5.8085e-10 1.0693e-10 ] 1.0000e+00
 4.590e+01 6.1498e-10 6.1498e-10 [ 5.9232e-28 2.9764e-18 1.0485e-13 5.1939e-10 9.5482e-11 ] 1.0000e+00
 4.601e+01 5.4979e-10 5.4979e-10 [ 3.9087e-28 2.4252e-18 9.4390e-14 4.6443e-10 8.5267e-11 ] 1.0000e+00
 4.613e+01 4.9153e-10 4.9153e-10 [ 2.5777e-28 1.9843e-18 8.4941e-14 4.1529e-10 7.6149e-11 ] 1.0000e+00
 4.624e+01 4.3943e-10 4.3943e-10 [ 1.6989e-28 1.6302e-18 7.6408e-14 3.7135e-10 6.8009e-11 ] 1.0000e+00
 4.635e+01 3.9287e-10 3.9287e-10 [ 1.1189e-28 1.3446e-18 6.8707e-14 3.3206e-10 6.0742e-11 ] 1.0000e+00
 4.647e+01 3.5124e-10 3.5124e-10 [ 7.3648e-29 1.1132e-18 6.1759e-14 2.9692e-10 5.4254e-11 ] 1.0000e+00
 4.658e+01 3.1402e-10 3.1402e-10 [ 4.8443e-29 9.2505e-19 5.5492e-14 2.6550e-10 4.8461e-11 ] 1.0000e+00
 4.669e+01 2.8074e-10 2.8074e-10 [ 3.1844e-29 7.7134e-19 4.9844e-14 2.3741e-10 4.3288e-11 ] 1.0000e+00
 4.681e+01 2.5100e-10 2.5100e-10 [ 2.0919e-29 6.4524e-19 4.4754e-14 2.1228e-10 3.8669e-11 ] 1.0000e+00
 4.692e+01 2.2440e-10 2.2440e-10 [ 1.3733e-29 5.4137e-19 4.0170e-14 1.8982e-10 3.4544e-11 ] 1.0000e+00
 4.703e+01 2.0063e-10 2.0063e-10 [ 9.0099e-30 4.5547e-19 3.6042e-14 1.6973e-10 3.0860e-11 ] 1.0000e+00
 4.715e+01 1.7937e-10 1.7937e-10 [ 5.9073e-30 3.8416e-19 3.2328e-14 1.5177e-10 2.7570e-11 ] 1.0000e+00
 4.726e+01 1.6037e-10 1.6037e-10 [ 3.8706e-30 3.2475e-19 2.8986e-14 1.3571e-10 2.4632e-11 ] 1.0000e+00
 4.737e+01 1.4338e-10 1.4338e-10 [ 2.5344e-30 2.7508e-19 2.5981e-14 1.2134e-10 2.2007e-11 ] 1.0000e+00
 4.749e+01 1.2819e-10 1.2819e-10 [ 1.6585e-30 2.3342e-19 2.3279e-14 1.0850e-10 1.9663e-11 ] 1.0000e+00
 4.760e+01 1.1461e-10 1.1461e-10 [ 1.0846e-30 1.9839e-19 2.0852e-14 9.7016e-11 1.7569e-11 ] 1.0000e+00
 4.771e+01 1.0246e-10 1.0246e-10 [ 7.0881e-31 1.6884e-19 1.8671e-14 8.6747e-11 1.5698e-11 ] 1.0000e+00
 4.783e+01 9.1608e-11 9.1608e-11 [ 4.6294e-31 1.4386e-19 1.6713e-14 7.7564e-11 1.4027e-11 ] 1.0000e+00
 4.794e+01 8.1902e-11 8.1902e-11 [ 3.0217e-31 1.2270e-19 1.4956e-14 6.9353e-11 1.2534e-11 ] 1.0000e+00
 4.805e+01 7.3225e-11 7.3225e-11 [ 1.9711e-31 1.0474e-19 1.3379e-14 6.2011e-11 1.1201e-11 ] 1.0000e+00
 4.817e+01 6.5466e-11 6.5466e-11 [ 1.2850e-31 8.9469e-20 1.1965e-14 5.5445e-11 1.0009e-11 ] 1.0000e+00
 4.828e+01 5.8530e-11 5.8530e-11 [ 8.3719e-32 7.6466e-20 1.0697e-14 4.9574e-11 8.9444e-12 ] 1.0000e+00
 4.839e+01 5.2328e-11 5.2328e-11 [ 5.4512e-32 6.5379e-20 9.5603e-15 4.4325e-11 7.9932e-12 ] 1.0000e+00
 4.851e+01 4.6783e-11 4.6783e-11 [ 3.5474e-32 5.5918e-20 8.5419e-15 3.9631e-11 7.1433e-12 ] 1.0000e+00
 4.862e+01 4.1826e-11 4.1826e-11 [ 2.3071e-32 4.7836e-20 7.6297e-15 3.5434e-11 6.3838e-12 ] 1.0000e+00
 4.873e+01 3.7393e-11 3.7393e-11 [ 1.4996e-32 4.0927e-20 6.8129e-15 3.1681e-11 5.7052e-12 ] 1.0000e+00
 4.885e+01 3.3431e-11 3.3431e-11 [ 9.7424e-33 3.5017e-20 6.0818e-15 2.8326e-11 5.0988e-12 ] 1.0000e+00
 4.896e+01 2.9888e-11 2.9888e-11 [ 6.3258e-33 2.9960e-20 5.4276e-15 2.5325e-11 4.5570e-12 ] 1.0000e+00
 4.907e+01 2.6720e-11 2.6720e-11 [ 4.1053e-33 2.5630e-20 4.8424e-15 2.2642e-11 4.0728e-12 ] 1.0000e+00
 4.919e+01 2.3888e-11 2.3888e-11 [ 2.6629e-33 2.1924e-20 4.3190e-15 2.0244e-11 3.6400e-12 ] 1.0000e+00
 4.930e+01 2.1356e-11 2.1356e-11 [ 1.7265e-33 1.8749e-20 3.8512e-15 1.8099e-11 3.2533e-12 ] 1.0000e+00
 4.941e+01 1.9092e-11 1.9092e-11 [ 1.1189e-33 1.6031e-20 3.4331e-15 1.6181e-11 2.9078e-12 ] 1.0000e+00
 4.953e+01 1.7068e-11 1.7068e-11 [ 7.2485e-34 1.3703e-20 3.0595e-15 1.4466e-11 2.5989e-12 ] 1.0000e+00
 4.964e+01 1.5259e-11 1.5259e-11 [ 4.6939e-34 1.1709e-20 2.7259e-15 1.2933e-11 2.3229e-12 ] 1.0000e+00
 4.975e+01 1.3641e-11 1.3641e-11 [ 3.0386e-34 1.0002e-20 2.4279e-15 1.1562e-11 2.0762e-12 ] 1.0000e+00
 4.987e+01 1.2195e-11 1.2195e-11 [ 1.9665e-34 8.5413e-21 2.1620e-15 1.0337e-11 1.8557e-12 ] 1.0000e+00
 4.998e+01 1.0901e-11 1.0901e-11 [ 1.2723e-34 7.2908e-21 1.9247e-15 9.2409e-12 1.6587e-12 ] 1.0000e+00
 5.009e+01 9.7454e-12 9.7454e-12 [ 8.2305e-35 6.2210e-21 1.7130e-15 8.2611e-12 1.4826e-12 ] 1.0000e+00
 5.021e+01 8.7118e-12 8.7118e-12 [ 5.3235e-35 5.3059e-21 1.5242e-15 7.3851e-12 1.3252e-12 ] 1.0000e+00
 5.032e+01 7.7878e-12 7.7878e-12 [ 3.4430e-35 4.5235e-21 1.3559e-15 6.6020e-12 1.1845e-12 ] 1.0000e+00
 5.043e+01 6.9617e-12 6.9617e-12 [ 2.2268e-35 3.8548e-21 1.2058e-15 5.9018e-12 1.0587e-12 ] 1.0000e+00
 5.055e+01 6.2232e-12 6.2232e-12 [ 1.4403e-35 3.2835e-21 1.0721e-15 5.2758e-12 9.4635e-13 ] 1.0000e+00
 5.066e+01 5.5629e-12 5.5629e-12 [ 9.3174e-36 2.7956e-21 9.5298e-16 4.7161e-12 8.4589e-13 ] 1.0000e+00
 5.077e+01 4.9727e-12 4.9727e-12 [ 6.0290e-36 2.3791e-21 8.4689e-16 4.2157e-12 7.5610e-13 ] 1.0000e+00
 5.089e+01 4.4450e-12 4.4450e-12 [ 3.9026e-36 2.0236e-21 7.5242e-16 3.7684e-12 6.7584e-13 ] 1.0000e+00
 5.100e+01 3.9733e-12 3.9733e-12 [ 2.5274e-36 1.7205e-21 6.6833e-16 3.3685e-12 6.0410e-13 ] 1.0000e+00
 5.111e+01 3.5516e-12 3.5516e-12 [ 1.6377e-36 1.4621e-21 5.9349e-16 3.0110e-12 5.3998e-13 ] 1.0000e+00
 5.123e+01 3.1746e-12 3.1746e-12 [ 1.0620e-36 1.2419e-21 5.2691e-16 2.6914e-12 4.8266e-13 ] 1.0000e+00
 5.134e+01 2.8375e-12 2.8375e-12 [ 6.8918e-37 1.0543e-21 4.6769e-16 2.4056e-12 4.3143e-13 ] 1.0000e+00
 5.145e+01 2.5363e-12 2.5363e-12 [ 4.4770e-37 8.9466e-22 4.1502e-16 2.1502e-12 3.8564e-13 ] 1.0000e+00
 5.157e+01 2.2669e-12 2.2669e-12 [ 2.9116e-37 7.5881e-22 3.6821e-16 1.9219e-12 3.4470e-13 ] 1.0000e+00
 5.168e+01 2.0262e-12 2.0262e-12 [ 1.8959e-37 6.4327e-22 3.2659e-16 1.7177e-12 3.0811e-13 ] 1.0000e+00
 5.179e+01 1.8110e-12 1.8110e-12 [ 1.2363e-37 5.4506e-22 2.8961e-16 1.5353e-12 2.7541e-13 ] 1.0000e+00
 5.191e+01 1.6186e-12 1.6186e-12 [ 8.0744e-38 4.6162e-22 2.5677e-16 1.3722e-12 2.4617e-13 ] 1.0000e+00
 5.202e+01 1.4466e-12 1.4466e-12 [ 5.2826e-38 3.9076e-22 2.2759e-16 1.2264e-12 2.2004e-13 ] 1.0000e+00
 5.213e+01 1.2929e-12 1.2929e-12 [ 3.4626e-38 3.3062e-22 2.0168e-16 1.0960e-12 1.9668e-13 ] 1.0000e+00
 5.225e+01 1.1555e-12 1.1555e-12 [ 2.2743e-38 2.7959e-22 1.7869e-16 9.7952e-13 1.7580e-13 ] 1.0000e+00
 5.236e+01 1.0327e-12 1.0327e-12 [ 1.4970e-38 2.3633e-22 1.5828e-16 8.7539e-13 1.5713e-13 ] 1.0000e+00
 5.247e+01 9.2289e-13 9.2289e-13 [ 9.8763e-39 1.9967e-22 1.4017e-16 7.8231e-13 1.4045e-13 ] 1.0000e+00
 5.259e+01 8.2477e-13 8.2477e-13 [ 6.5317e-39 1.6861e-22 1.2410e-16 6.9911e-13 1.2554e-13 ] 1.0000e+00
 5.270e+01 7.3706e-13 7.3706e-13 [ 4.3305e-39 1.4231e-22 1.0985e-16 6.2475e-13 1.1220e-13 ] 1.0000e+00
 5.281e+01 6.5867e-13 6.5867e-13 [ 2.8787e-39 1.2006e-22 9.7220e-17 5.5828e-13 1.0029e-13 ] 1.0000e+00
 5.293e+01 5.8860e-13 5.8860e-13 [ 1.9186e-39 1.0124e-22 8.6020e-17 4.9888e-13 8.9638e-14 ] 1.0000e+00
 5.304e+01 5.2598e-13 5.2598e-13 [ 1.2822e-39 8.5327e-23 7.6094e-17 4.4578e-13 8.0118e-14 ] 1.0000e+00
 5.315e+01 4.7001e-13 4.7001e-13 [ 8.5926e-40 7.1882e-23 6.7299e-17 3.9833e-13 7.1608e-14 ] 1.0000e+00
 5.327e+01 4.1998e-13 4.1998e-13 [ 5.7737e-40 6.0527e-23 5.9508e-17 3.5592e-13 6.4001e-14 ] 1.0000e+00
 5.338e+01 3.7527e-13 3.7527e-13 [ 3.8900e-40 5.0942e-23 5.2607e-17 3.1802e-13 5.7201e-14 ] 1.0000e+00
 5.349e+01 3.3532e-13 3.3532e-13 [ 2.6277e-40 4.2854e-23 4.6497e-17 2.8415e-13 5.1124e-14 ] 1.0000e+00
 5.361e+01 2.9961e-13 2.9961e-13 [ 1.7796e-40 3.6034e-23 4.1087e-17 2.5387e-13 4.5692e-14 ] 1.0000e+00
 5.372e+01 2.6769e-13 2.6769e-13 [ 1.2082e-40 3.0285e-23 3.6299e-17 2.2682e-13 4.0836e-14 ] 1.0000e+00
 5.383e+01 2.3918e-13 2.3918e-13 [ 8.2214e-41 2.5441e-23 3.2063e-17 2.0265e-13 3.6496e-14 ] 1.0000e+00
 5.395e+01 2.1369e-13 2.1369e-13 [ 5.6069e-41 2.1362e-23 2.8314e-17 1.8104e-13 3.2617e-14 ] 1.0000e+00
 5.406e+01 1.9091e-13 1.9091e-13 [ 3.8319e-41 1.7929e-23 2.4999e-17 1.6174e-13 2.9149e-14 ] 1.0000e+00
 5.417e+01 1.7056e-13 1.7056e-13 [ 2.6238e-41 1.5041e-23 2.2067e-17 1.4449e-13 2.6050e-14 ] 1.0000e+00
 5.429e+01 1.5238e-13 1.5238e-13 [ 1.7998e-41 1.2612e-23 1.9475e-17 1.2908e-13 2.3280e-14 ] 1.0000e+00
 5.440e+01 1.3612e-13 1.3612e-13 [ 1.2366e-41 1.0571e-23 1.7184e-17 1.1530e-13 2.0805e-14 ] 1.0000e+00
 5.451e+01 1.2160e-13 1.2160e-13 [ 8.5088e-42 8.8558e-24 1.5159e-17 1.0300e-13 1.8592e-14 ] 1.0000e+00
 5.463e+01 1.0863e-13 1.0863e-13 [ 5.8625e-42 7.4157e-24 1.3370e-17 9.2001e-14 1.6614e-14 ] 1.0000e+00
 5.474e+01 9.7035e-14 9.7035e-14 [ 4.0438e-42 6.2070e-24 1.1790e-17 8.2177e-14 1.4847e-14 ] 1.0000e+00
 5.485e+01 8.6676e-14 8.6676e-14 [ 2.7922e-42 5.1929e-24 1.0394e-17 7.3399e-14 1.3267e-14 ] 1.0000e+00
 5.497e+01 7.7421e-14 7.7421e-14 [ 1.9297e-42 4.3426e-24 9.1615e-18 6.5557e-14 1.1855e-14 ] 1.0000e+00
 5.508e+01 6.9152e-14 6.9152e-14 [ 1.3345e-42 3.6299e-24 8.0735e-18 5.8551e-14 1.0593e-14 ] 1.0000e+00
 5.519e+01 6.1765e-14 6.1765e-14 [ 9.2353e-43 3.0329e-24 7.1133e-18 5.2292e-14 9.4655e-15 ] 1.0000e+00
 5.531e+01 5.5165e-14 5.5165e-14 [ 6.3942e-43 2.5329e-24 6.2659e-18 4.6701e-14 8.4577e-15 ] 1.0000e+00
 5.542e+01 4.9268e-14 4.9268e-14 [ 4.4287e-43 2.1144e-24 5.5184e-18 4.1706e-14 7.5570e-15 ] 1.0000e+00
 5.553e+01 4.4001e-14 4.4001e-14 [ 3.0683e-43 1.7643e-24 4.8590e-18 3.7244e-14 6.7521e-15 ] 1.0000e+00
 5.565e+01 3.9295e-14 3.9295e-14 [ 2.1261e-43 1.4715e-24 4.2775e-18 3.3258e-14 6.0328e-15 ] 1.0000e+00
 5.576e+01 3.5091e-14 3.5091e-14 [ 1.4734e-43 1.2268e-24 3.7649e-18 2.9697e-14 5.3900e-15 ] 1.0000e+00
 5.587e+01 3.1336e-14 3.1336e-14 [ 1.0211e-43 1.0223e-24 3.3130e-18 2.6517e-14 4.8156e-15 ] 1.0000e+00
 5.599e+01 2.7982e-14 2.7982e-14 [ 7.0758e-44 8.5153e-25 2.9147e-18 2.3677e-14 4.3023e-15 ] 1.0000e+00
 5.610e+01 2.4986e-14 2.4986e-14 [ 4.9027e-44 7.0899e-25 2.5638e-18 2.1140e-14 3.8436e-15 ] 1.0000e+00
 5.621e+01 2.2310e-14 2.2310e-14 [ 3.3963e-44 5.9005e-25 2.2546e-18 1.8874e-14 3.4337e-15 ] 1.0000e+00
 5.633e+01 1.9920e-14 1.9920e-14 [ 2.3522e-44 4.9086e-25 1.9824e-18 1.6850e-14 3.0675e-15 ] 1.0000e+00
 5.644e+01 1.7785e-14 1.7785e-14 [ 1.6286e-44 4.0817e-25 1.7426e-18 1.5043e-14 2.7403e-15 ] 1.0000e+00
 5.655e+01 1.5878e-14 1.5878e-14 [ 1.1272e-44 3.3926e-25 1.5315e-18 1.3429e-14 2.4479e-15 ] 1.0000e+00
 5.667e+01 1.4176e-14 1.4176e-14 [ 7.7991e-45 2.8187e-25 1.3457e-18 1.1988e-14 2.1866e-15 ] 1.0000e+00
 5.678e+01 1.2655e-14 1.2655e-14 [ 5.3938e-45 2.3408e-25 1.1822e-18 1.0701e-14 1.9532e-15 ] 1.0000e+00
 5.689e+01 1.1297e-14 1.1297e-14 [ 3.7286e-45 1.9432e-25 1.0384e-18 9.5514e-15 1.7446e-15 ] 1.0000e+00
 5.701e+01 1.0084e-14 1.0084e-14 [ 2.5763e-45 1.6124e-25 9.1186e-19 8.5252e-15 1.5583e-15 ] 1.0000e+00
 5.712e+01 9.0015e-15 9.0015e-15 [ 1.7792e-45 1.3374e-25 8.0058e-19 7.6089e-15 1.3918e-15 ] 1.0000e+00
 5.723e+01 8.0346e-15 8.0346e-15 [ 1.2281e-45 1.1088e-25 7.0273e-19 6.7908e-15 1.2431e-15 ] 1.0000e+00
 5.735e+01 7.1713e-15 7.1713e-15 [ 8.4724e-46 9.1888e-26 6.1672e-19 6.0604e-15 1.1102e-15 ] 1.0000e+00
 5.746e+01 6.4004e-15 6.4004e-15 [ 5.8416e-46 7.6119e-26 5.4111e-19 5.4083e-15 9.9151e-16 ] 1.0000e+00
 5.757e+01 5.7121e-15 5.7121e-15 [ 4.0254e-46 6.3030e-26 4.7468e-19 4.8262e-15 8.8548e-16 ] 1.0000e+00
 5.769e+01 5.0977e-15 5.0977e-15 [ 2.7722e-46 5.2170e-26 4.1632e-19 4.3065e-15 7.9076e-16 ] 1.0000e+00
 5.780e+01 4.5491e-15 4.5491e-15 [ 1.9080e-46 4.3163e-26 3.6506e-19 3.8426e-15 7.0614e-16 ] 1.0000e+00
 5.791e+01 4.0593e-15 4.0593e-15 [ 1.3124e-46 3.5697e-26 3.2004e-19 3.4285e-15 6.3056e-16 ] 1.0000e+00
 5.803e+01 3.6222e-15 3.6222e-15 [ 9.0220e-47 2.9510e-26 2.8051e-19 3.0588e-15 5.6305e-16 ] 1.0000e+00
 5.814e+01 3.2319e-15 3.2319e-15 [ 6.1979e-47 2.4385e-26 2.4582e-19 2.7289e-15 5.0275e-16 ] 1.0000e+00
 5.825e+01 2.8836e-15 2.8836e-15 [ 4.2552e-47 2.0142e-26 2.1537e-19 2.4345e-15 4.4889e-16 ] 1.0000e+00
 5.837e+01 2.5726e-15 2.5726e-15 [ 2.9195e-47 1.6630e-26 1.8865e-19 2.1717e-15 4.0078e-16 ] 1.0000e+00
 5.848e+01 2.2951e-15 2.2951e-15 [ 2.0018e-47 1.3725e-26 1.6521e-19 1.9372e-15 3.5782e-16 ] 1.0000e+00
 5.859e+01 2.0475e-15 2.0475e-15 [ 1.3716e-47 1.1323e-26 1.4466e-19 1.7279e-15 3.1945e-16 ] 1.0000e+00
 5.871e+01 1.8264e-15 1.8264e-15 [ 9.3924e-48 9.3377e-27 1.2663e-19 1.5411e-15 2.8519e-16 ] 1.0000e+00
 5.882e+01 1.6291e-15 1.6291e-15 [ 6.4273e-48 7.6972e-27 1.1083e-19 1.3745e-15 2.5458e-16 ] 1.0000e+00
 5.893e+01 1.4531e-15 1.4531e-15 [ 4.3953e-48 6.3424e-27 9.6978e-20 1.2258e-15 2.2726e-16 ] 1.0000e+00
 5.905e+01 1.2960e-15 1.2960e-15 [ 3.0037e-48 5.2239e-27 8.4840e-20 1.0931e-15 2.0286e-16 ] 1.0000e+00
 5.916e+01 1.1559e-15 1.1559e-15 [ 2.0514e-48 4.3009e-27 7.4206e-20 9.7473e-16 1.8107e-16 ] 1.0000e+00
 5.927e+01 1.0308e-15 1.0308e-15 [ 1.4000e-48 3.5396e-27 6.4890e-20 8.6913e-16 1.6161e-16 ] 1.0000e+00
 5.939e+01 9.1922e-16 9.1922e-16 [ 9.5486e-49 2.9118e-27 5.6732e-20 7.7493e-16 1.4424e-16 ] 1.0000e+00
 5.950e+01 8.1967e-16 8.1967e-16 [ 6.5080e-49 2.3945e-27 4.9590e-20 6.9089e-16 1.2873e-16 ] 1.0000e+00
 5.961e+01 7.3086e-16 7.3086e-16 [ 4.4327e-49 1.9682e-27 4.3337e-20 6.1594e-16 1.1488e-16 ] 1.0000e+00
 5.973e+01 6.5164e-16 6.5164e-16 [ 3.0171e-49 1.6172e-27 3.7864e-20 5.4908e-16 1.0252e-16 ] 1.0000e+00
 5.984e+01 5.8097e-16 5.8097e-16 [ 2.0522e-49 1.3283e-27 3.3076e-20 4.8945e-16 9.1483e-17 ] 1.0000e+00
 5.995e+01 5.1793e-16 5.1793e-16 [ 1.3950e-49 1.0905e-27 2.8887e-20 4.3627e-16 8.1631e-17 ] 1.0000e+00
 6.007e+01 4.6170e-16 4.6170e-16 [ 9.4759e-50 8.9498e-28 2.5223e-20 3.8884e-16 7.2836e-17 ] 1.0000e+00
 6.018e+01 4.1156e-16 4.1156e-16 [ 6.4325e-50 7.3420e-28 2.2019e-20 3.4655e-16 6.4986e-17 ] 1.0000e+00
 6.029e+01 3.6684e-16 3.6684e-16 [ 4.3636e-50 6.0206e-28 1.9218e-20 3.0884e-16 5.7979e-17 ] 1.0000e+00
 6.041e+01 3.2695e-16 3.2695e-16 [ 2.9582e-50 4.9351e-28 1.6770e-20 2.7521e-16 5.1725e-17 ] 1.0000e+00
 6.052e+01 2.9139e-16 2.9139e-16 [ 2.0040e-50 4.0437e-28 1.4630e-20 2.4523e-16 4.6143e-17 ] 1.0000e+00
 6.063e+01 2.5967e-16 2.5967e-16 [ 1.3568e-50 3.3120e-28 1.2761e-20 2.1850e-16 4.1161e-17 ] 1.0000e+00
 6.075e+01 2.3140e-16 2.3140e-16 [ 9.1793e-51 2.7116e-28 1.1128e-20 1.9467e-16 3.6716e-17 ] 1.0000e+00
 6.086e+01 2.0619e-16 2.0619e-16 [ 6.2062e-51 2.2192e-28 9.7016e-21 1.7343e-16 3.2748e-17 ] 1.0000e+00
 6.097e+01 1.8371e-16 1.8371e-16 [ 4.1932e-51 1.8155e-28 8.4565e-21 1.5449e-16 2.9208e-17 ] 1.0000e+00
 6.109e+01 1.6367e-16 1.6367e-16 [ 2.8313e-51 1.4846e-28 7.3695e-21 1.3762e-16 2.6049e-17 ] 1.0000e+00
 6.120e+01 1.4581e-16 1.4581e-16 [ 1.9104e-51 1.2136e-28 6.4209e-21 1.2258e-16 2.3231e-17 ] 1.0000e+00
 6.131e+01 1.2989e-16 1.2989e-16 [ 1.2882e-51 9.9162e-29 5.5932e-21 1.0917e-16 2.0716e-17 ] 1.0000e+00
 6.143e+01 1.1570e-16 1.1570e-16 [ 8.6810e-52 8.0994e-29 4.8711e-21 9.7223e-17 1.8472e-17 ] 1.0000e+00
 6.154e+01 1.0305e-16 1.0305e-16 [ 5.8460e-52 6.6129e-29 4.2413e-21 8.6578e-17 1.6471e-17 ] 1.0000e+00
 6.165e+01 9.1781e-17 9.1781e-17 [ 3.9342e-52 5.3971e-29 3.6921e-21 7.7092e-17 1.4685e-17 ] 1.0000e+00
 6.177e+01 8.1737e-17 8.1737e-17 [ 2.6459e-52 4.4031e-29 3.2133e-21 6.8641e-17 1.3092e-17 ] 1.0000e+00
 6.188e+01 7.2786e-17 7.2786e-17 [ 1.7783e-52 3.5908e-29 2.7960e-21 6.1112e-17 1.1672e-17 ] 1.0000e+00
 6.199e+01 6.4811e-17 6.4811e-17 [ 1.1944e-52 2.9272e-29 2.4324e-21 5.4404e-17 1.0405e-17 ] 1.0000e+00
 6.211e+01 5.7706e-17 5.7706e-17 [ 8.0169e-53 2.3853e-29 2.1156e-21 4.8429e-17 9.2744e-18 ] 1.0000e+00
 6.222e+01 5.1375e-17 5.1375e-17 [ 5.3775e-53 1.9429e-29 1.8396e-21 4.3107e-17 8.2665e-18 ] 1.0000e+00
 6.233e+01 4.5736e-17 4.5736e-17 [ 3.6048e-53 1.5820e-29 1.5993e-21 3.8367e-17 7.3676e-18 ] 1.0000e+00
 6.245e+01 4.0713e-17 4.0713e-17 [ 2.4148e-53 1.2876e-29 1.3901e-21 3.4145e-17 6.5661e-18 ] 1.0000e+00
 6.256e+01 3.6238e-17 3.6238e-17 [ 1.6167e-53 1.0476e-29 1.2079e-21 3.0386e-17 5.8513e-18 ] 1.0000e+00
 6.267e+01 3.2253e-17 3.2253e-17 [ 1.0816e-53 8.5199e-30 1.0495e-21 2.7038e-17 5.2141e-18 ] 1.0000e+00
 6.279e+01 2.8704e-17 2.8704e-17 [ 7.2316e-54 6.9264e-30 9.1155e-22 2.4057e-17 4.6459e-18 ] 1.0000e+00
 6.290e+01 2.5543e-17 2.5543e-17 [ 4.8319e-54 5.6287e-30 7.9159e-22 2.1403e-17 4.1393e-18 ] 1.0000e+00
 6.301e+01 2.2729e-17 2.2729e-17 [ 3.2265e-54 4.5724e-30 6.8727e-22 1.9040e-17 3.6878e-18 ] 1.0000e+00
 6.313e+01 2.0223e-17 2.0223e-17 [ 2.1531e-54 3.7129e-30 5.9656e-22 1.6937e-17 3.2852e-18 ] 1.0000e+00
 6.324e+01 1.7992e-17 1.7992e-17 [ 1.4358e-54 3.0137e-30 5.1771e-22 1.5065e-17 2.9264e-18 ] 1.0000e+00
 6.335e+01 1.6005e-17 1.6005e-17 [ 9.5692e-55 2.4453e-30 4.4918e-22 1.3398e-17 2.6067e-18 ] 1.0000e+00
 6.347e+01 1.4237e-17 1.4237e-17 [ 6.3734e-55 1.9833e-30 3.8963e-22 1.1915e-17 2.3216e-18 ] 1.0000e+00
 6.358e+01 1.2663e-17 1.2663e-17 [ 4.2422e-55 1.6080e-30 3.3790e-22 1.0595e-17 2.0676e-18 ] 1.0000e+00
 6.369e+01 1.1262e-17 1.1262e-17 [ 2.8218e-55 1.3032e-30 2.9298e-22 9.4207e-18 1.8413e-18 ] 1.0000e+00
 6.381e+01 1.0016e-17 1.0016e-17 [ 1.8758e-55 1.0557e-30 2.5397e-22 8.3757e-18 1.6396e-18 ] 1.0000e+00
 6.392e+01 8.9061e-18 8.9061e-18 [ 1.2462e-55 8.5494e-31 2.2010e-22 7.4460e-18 1.4599e-18 ] 1.0000e+00
 6.403e+01 7.9188e-18 7.9188e-18 [ 8.2736e-56 6.9208e-31 1.9071e-22 6.6188e-18 1.2998e-18 ] 1.0000e+00
 6.415e+01 7.0403e-18 7.0403e-18 [ 5.4895e-56 5.6002e-31 1.6520e-22 5.8830e-18 1.1571e-18 ] 1.0000e+00
 6.426e+01 6.2588e-18 6.2588e-18 [ 3.6400e-56 4.5298e-31 1.4308e-22 5.2286e-18 1.0301e-18 ] 1.0000e+00
 6.437e+01 5.5635e-18 5.5635e-18 [ 2.4121e-56 3.6627e-31 1.2388e-22 4.6465e-18 9.1689e-19 ] 1.0000e+00
 6.449e+01 4.9450e-18 4.9450e-18 [ 1.5974e-56 2.9603e-31 1.0724e-22 4.1288e-18 8.1608e-19 ] 1.0000e+00
 6.460e+01 4.3949e-18 4.3949e-18 [ 1.0572e-56 2.3918e-31 9.2817e-23 3.6685e-18 7.2630e-19 ] 1.0000e+00
 6.471e+01 3.9056e-18 3.9056e-18 [ 6.9926e-57 1.9316e-31 8.0312e-23 3.2592e-18 6.4634e-19 ] 1.0000e+00
 6.483e+01 3.4705e-18 3.4705e-18 [ 4.6221e-57 1.5594e-31 6.9477e-23 2.8953e-18 5.7514e-19 ] 1.0000e+00
 6.494e+01 3.0835e-18 3.0835e-18 [ 3.0533e-57 1.2585e-31 6.0089e-23 2.5717e-18 5.1173e-19 ] 1.0000e+00
 6.505e+01 2.7395e-18 2.7395e-18 [ 2.0158e-57 1.0152e-31 5.1958e-23 2.2841e-18 4.5528e-19 ] 1.0000e+00
 6.517e+01 2.4336e-18 2.4336e-18 [ 1.3299e-57 8.1863e-32 4.4917e-23 2.0285e-18 4.0503e-19 ] 1.0000e+00
 6.528e+01 2.1616e-18 2.1616e-18 [ 8.7692e-58 6.5987e-32 3.8822e-23 1.8013e-18 3.6029e-19 ] 1.0000e+00
 6.539e+01 1.9199e-18 1.9199e-18 [ 5.7785e-58 5.3170e-32 3.3545e-23 1.5994e-18 3.2046e-19 ] 1.0000e+00
 6.551e+01 1.7050e-18 1.7050e-18 [ 3.8054e-58 4.2825e-32 2.8980e-23 1.4200e-18 2.8501e-19 ] 1.0000e+00
 6.562e+01 1.5141e-18 1.5141e-18 [ 2.5045e-58 3.4480e-32 2.5030e-23 1.2606e-18 2.5347e-19 ] 1.0000e+00
 6.573e+01 1.3443e-18 1.3443e-18 [ 1.6473e-58 2.7751e-32 2.1613e-23 1.1189e-18 2.2539e-19 ] 1.0000e+00
 6.585e+01 1.1935e-18 1.1935e-18 [ 1.0828e-58 2.2326e-32 1.8658e-23 9.9311e-19 2.0041e-19 ] 1.0000e+00
 6.596e+01 1.0595e-18 1.0595e-18 [ 7.1135e-59 1.7955e-32 1.6104e-23 8.8135e-19 1.7818e-19 ] 1.0000e+00
 6.607e+01 9.4050e-19 9.4050e-19 [ 4.6703e-59 1.4434e-32 1.3896e-23 7.8209e-19 1.5840e-19 ] 1.0000e+00
 6.619e+01 8.3474e-19 8.3474e-19 [ 3.0643e-59 1.1599e-32 1.1988e-23 6.9393e-19 1.4080e-19 ] 1.0000e+00
 6.630e+01 7.4081e-19 7.4081e-19 [ 2.0093e-59 9.3171e-33 1.0340e-23 6.1565e-19 1.2515e-19 ] 1.0000e+00
 6.641e+01 6.5737e-19 6.5737e-19 [ 1.3168e-59 7.4814e-33 8.9160e-24 5.4614e-19 1.1122e-19 ] 1.0000e+00
 6.653e+01 5.8327e-19 5.8327e-19 [ 8.6241e-60 6.0051e-33 7.6864e-24 4.8443e-19 9.8841e-20 ] 1.0000e+00
 6.664e+01 5.1748e-19 5.1748e-19 [ 5.6447e-60 4.8182e-33 6.6249e-24 4.2964e-19 8.7829e-20 ] 1.0000e+00
 6.675e+01 4.5905e-19 4.5905e-19 [ 3.6925e-60 3.8644e-33 5.7087e-24 3.8101e-19 7.8035e-20 ] 1.0000e+00
 6.687e+01 4.0718e-19 4.0718e-19 [ 2.4139e-60 3.0983e-33 4.9180e-24 3.3785e-19 6.9327e-20 ] 1.0000e+00
 6.698e+01 3.6113e-19 3.6113e-19 [ 1.5771e-60 2.4831e-33 4.2359e-24 2.9954e-19 6.1585e-20 ] 1.0000e+00
 6.709e+01 3.2026e-19 3.2026e-19 [ 1.0298e-60 1.9892e-33 3.6475e-24 2.6555e-19 5.4703e-20 ] 1.0000e+00
 6.721e+01 2.8398e-19 2.8398e-19 [ 6.7201e-61 1.5930e-33 3.1401e-24 2.3539e-19 4.8584e-20 ] 1.0000e+00
 6.732e+01 2.5179e-19 2.5179e-19 [ 4.3827e-61 1.2752e-33 2.7027e-24 2.0864e-19 4.3146e-20 ] 1.0000e+00
 6.743e+01 2.2322e-19 2.2322e-19 [ 2.8565e-61 1.0204e-33 2.3256e-24 1.8490e-19 3.8312e-20 ] 1.0000e+00
 6.755e+01 1.9787e-19 1.9787e-19 [ 1.8607e-61 8.1625e-34 2.0007e-24 1.6385e-19 3.4017e-20 ] 1.0000e+00
 6.766e+01 1.7537e-19 1.7537e-19 [ 1.2113e-61 6.5267e-34 1.7208e-24 1.4517e-19 3.0200e-20 ] 1.0000e+00
 6.777e+01 1.5542e-19 1.5542e-19 [ 7.8812e-62 5.2167e-34 1.4797e-24 1.2861e-19 2.6809e-20 ] 1.0000e+00
 6.789e+01 1.3773e-19 1.3773e-19 [ 5.1246e-62 4.1680e-34 1.2720e-24 1.1393e-19 2.3796e-20 ] 1.0000e+00
 6.800e+01 1.2203e-19 1.2203e-19 [ 3.3302e-62 3.3289e-34 1.0933e-24 1.0091e-19 2.1120e-20 ] 1.0000e+00
 6.811e+01 1.0811e-19 1.0811e-19 [ 2.1628e-62 2.6577e-34 9.3945e-25 8.9370e-20 1.8742e-20 ] 1.0000e+00
 6.823e+01 9.5771e-20 9.5771e-20 [ 1.4038e-62 2.1210e-34 8.0706e-25 7.9139e-20 1.6631e-20 ] 1.0000e+00
 6.834e+01 8.4828e-20 8.4828e-20 [ 9.1065e-63 1.6920e-34 6.9316e-25 7.0072e-20 1.4755e-20 ] 1.0000e+00
 6.845e+01 7.5127e-20 7.5127e-20 [ 5.9038e-63 1.3493e-34 5.9520e-25 6.2036e-20 1.3090e-20 ] 1.0000e+00
 6.857e+01 6.6527e-20 6.6527e-20 [ 3.8252e-63 1.0756e-34 5.1096e-25 5.4915e-20 1.1612e-20 ] 1.0000e+00
 6.868e+01 5.8905e-20 5.8905e-20 [ 2.4770e-63 8.5709e-35 4.3854e-25 4.8606e-20 1.0299e-20 ] 1.0000e+00
 6.879e+01 5.2151e-20 5.2151e-20 [ 1.6030e-63 6.8271e-35 3.7629e-25 4.3016e-20 9.1339e-21 ] 1.0000e+00
 6.891e+01 4.6165e-20 4.6165e-20 [ 1.0368e-63 5.4359e-35 3.2280e-25 3.8065e-20 8.0996e-21 ] 1.0000e+00
 6.902e+01 4.0862e-20 4.0862e-20 [ 6.7022e-64 4.3266e-35 2.7685e-25 3.3680e-20 7.1817e-21 ] 1.0000e+00
 6.913e+01 3.6163e-20 3.6163e-20 [ 4.3298e-64 3.4424e-35 2.3739e-25 2.9796e-20 6.3671e-21 ] 1.0000e+00
 6.925e+01 3.2001e-20 3.2001e-20 [ 2.7956e-64 2.7378e-35 2.0350e-25 2.6357e-20 5.6442e-21 ] 1.0000e+00
 6.936e+01 2.8315e-20 2.8315e-20 [ 1.8039e-64 2.1766e-35 1.7441e-25 2.3312e-20 5.0029e-21 ] 1.0000e+00
 6.947e+01 2.5050e-20 2.5050e-20 [ 1.1634e-64 1.7298e-35 1.4944e-25 2.0616e-20 4.4339e-21 ] 1.0000e+00
 6.959e+01 2.2159e-20 2.2159e-20 [ 7.4983e-65 1.3741e-35 1.2801e-25 1.8230e-20 3.9292e-21 ] 1.0000e+00
 6.970e+01 1.9600e-20 1.9600e-20 [ 4.8301e-65 1.0912e-35 1.0964e-25 1.6118e-20 3.4815e-21 ] 1.0000e+00
 6.981e+01 1.7333e-20 1.7333e-20 [ 3.1096e-65 8.6622e-36 9.3873e-26 1.4249e-20 3.0845e-21 ] 1.0000e+00
 6.993e+01 1.5327e-20 1.5327e-20 [ 2.0007e-65 6.8734e-36 8.0357e-26 1.2595e-20 2.7325e-21 ] 1.0000e+00
 7.004e+01 1.3552e-20 1.3552e-20 [ 1.2866e-65 5.4520e-36 6.8771e-26 1.1131e-20 2.4203e-21 ] 1.0000e+00
 7.015e+01 1.1981e-20 1.1981e-20 [ 8.2685e-66 4.3229e-36 5.8841e-26 9.8369e-21 2.1436e-21 ] 1.0000e+00
 7.027e+01 1.0590e-20 1.0590e-20 [ 5.3109e-66 3.4263e-36 5.0333e-26 8.6917e-21 1.8983e-21 ] 1.0000e+00
 7.038e+01 9.3598e-21 9.3598e-21 [ 3.4093e-66 2.7146e-36 4.3045e-26 7.6789e-21 1.6808e-21 ] 1.0000e+00
 7.049e+01 8.2714e-21 8.2714e-21 [ 2.1873e-66 2.1500e-36 3.6803e-26 6.7833e-21 1.4881e-21 ] 1.0000e+00
 7.061e+01 7.3087e-21 7.3087e-21 [ 1.4025e-66 1.7021e-36 3.1459e-26 5.9913e-21 1.3173e-21 ] 1.0000e+00
 7.072e+01 6.4572e-21 6.4572e-21 [ 8.9879e-67 1.3470e-36 2.6884e-26 5.2911e-21 1.1660e-21 ] 1.0000e+00
 7.083e+01 5.7042e-21 5.7042e-21 [ 5.7565e-67 1.0656e-36 2.2969e-26 4.6722e-21 1.0319e-21 ] 1.0000e+00
 7.095e+01 5.0383e-21 5.0383e-21 [ 3.6848e-67 8.4267e-37 1.9620e-26 4.1251e-21 9.1318e-22 ] 1.0000e+00
 7.106e+01 4.4496e-21 4.4496e-21 [ 2.3574e-67 6.6611e-37 1.6755e-26 3.6416e-21 8.0799e-22 ] 1.0000e+00
 7.117e+01 3.9292e-21 3.9292e-21 [ 1.5073e-67 5.2635e-37 1.4304e-26 3.2143e-21 7.1483e-22 ] 1.0000e+00
 7.129e+01 3.4692e-21 3.4692e-21 [ 9.6319e-68 4.1575e-37 1.2210e-26 2.8368e-21 6.3233e-22 ] 1.0000e+00
 7.140e+01 3.0626e-21 3.0626e-21 [ 6.1516e-68 3.2827e-37 1.0419e-26 2.5033e-21 5.5928e-22 ] 1.0000e+00
 7.151e+01 2.7034e-21 2.7034e-21 [ 3.9266e-68 2.5910e-37 8.8890e-27 2.2088e-21 4.9461e-22 ] 1.0000e+00
 7.163e+01 2.3860e-21 2.3860e-21 [ 2.5050e-68 2.0442e-37 7.5818e-27 1.9486e-21 4.3737e-22 ] 1.0000e+00
 7.174e+01 2.1055e-21 2.1055e-21 [ 1.5971e-68 1.6122e-37 6.4652e-27 1.7188e-21 3.8670e-22 ] 1.0000e+00
 7.185e+01 1.8578e-21 1.8578e-21 [ 1.0178e-68 1.2711e-37 5.5118e-27 1.5159e-21 3.4185e-22 ] 1.0000e+00
 7.197e+01 1.6390e-21 1.6390e-21 [ 6.4818e-69 1.0017e-37 4.6978e-27 1.3368e-21 3.0217e-22 ] 1.0000e+00
 7.208e+01 1.4458e-21 1.4458e-21 [ 4.1258e-69 7.8912e-38 4.0030e-27 1.1787e-21 2.6706e-22 ] 1.0000e+00
 7.219e+01 1.2752e-21 1.2752e-21 [ 2.6247e-69 6.2142e-38 3.4102e-27 1.0392e-21 2.3600e-22 ] 1.0000e+00
 7.231e+01 1.1246e-21 1.1246e-21 [ 1.6688e-69 4.8917e-38 2.9045e-27 9.1602e-22 2.0853e-22 ] 1.0000e+00
 7.242e+01 9.9158e-22 9.9158e-22 [ 1.0605e-69 3.8492e-38 2.4731e-27 8.0735e-22 1.8423e-22 ] 1.0000e+00
 7.253e+01 8.7422e-22 8.7422e-22 [ 6.7351e-70 3.0277e-38 2.1053e-27 7.1148e-22 1.6274e-22 ] 1.0000e+00
 7.265e+01 7.7064e-22 7.7064e-22 [ 4.2751e-70 2.3806e-38 1.7918e-27 6.2690e-22 1.4373e-22 ] 1.0000e+00
 7.276e+01 6.7924e-22 6.7924e-22 [ 2.7122e-70 1.8712e-38 1.5246e-27 5.5230e-22 1.2693e-22 ] 1.0000e+00
 7.287e+01 5.9860e-22 5.9860e-22 [ 1.7196e-70 1.4701e-38 1.2969e-27 4.8651e-22 1.1208e-22 ] 1.0000e+00
 7.299e+01 5.2746e-22 5.2746e-22 [ 1.0897e-70 1.1546e-38 1.1030e-27 4.2850e-22 9.8957e-23 ] 1.0000e+00
 7.310e+01 4.6471e-22 4.6471e-22 [ 6.9020e-71 9.0649e-39 9.3780e-28 3.7735e-22 8.7356e-23 ] 1.0000e+00
 7.321e+01 4.0937e-22 4.0937e-22 [ 4.3690e-71 7.1141e-39 7.9717e-28 3.3226e-22 7.7105e-23 ] 1.0000e+00
 7.333e+01 3.6057e-22 3.6057e-22 [ 2.7641e-71 5.5810e-39 6.7746e-28 2.9252e-22 6.8047e-23 ] 1.0000e+00
 7.344e+01 3.1754e-22 3.1754e-22 [ 1.7478e-71 4.3766e-39 5.7559e-28 2.5749e-22 6.0046e-23 ] 1.0000e+00
 7.355e+01 2.7961e-22 2.7961e-22 [ 1.1045e-71 3.4308e-39 4.8892e-28 2.2663e-22 5.2978e-23 ] 1.0000e+00
 7.367e+01 2.4617e-22 2.4617e-22 [ 6.9765e-72 2.6884e-39 4.1520e-28 1.9944e-22 4.6735e-23 ] 1.0000e+00
 7.378e+01 2.1670e-22 2.1670e-22 [ 4.4041e-72 2.1058e-39 3.5250e-28 1.7548e-22 4.1223e-23 ] 1.0000e+00
 7.389e+01 1.9074e-22 1.9074e-22 [ 2.7787e-72 1.6489e-39 2.9920e-28 1.5438e-22 3.6356e-23 ] 1.0000e+00
 7.401e+01 1.6786e-22 1.6786e-22 [ 1.7522e-72 1.2906e-39 2.5390e-28 1.3580e-22 3.2059e-23 ] 1.0000e+00
 7.412e+01 1.4770e-22 1.4770e-22 [ 1.1044e-72 1.0098e-39 2.1541e-28 1.1944e-22 2.8266e-23 ] 1.0000e+00
 7.423e+01 1.2995e-22 1.2995e-22 [ 6.9564e-73 7.8978e-40 1.8270e-28 1.0503e-22 2.4918e-23 ] 1.0000e+00
 7.435e+01 1.1431e-22 1.1431e-22 [ 4.3796e-73 6.1747e-40 1.5492e-28 9.2347e-23 2.1964e-23 ] 1.0000e+00
 7.446e+01 1.0054e-22 1.0054e-22 [ 2.7558e-73 4.8257e-40 1.3134e-28 8.1184e-23 1.9357e-23 ] 1.0000e+00
 7.457e+01 8.8418e-23 8.8418e-23 [ 1.7331e-73 3.7700e-40 1.1132e-28 7.1360e-23 1.7057e-23 ] 1.0000e+00
 7.469e+01 7.7745e-23 7.7745e-23 [ 1.0893e-73 2.9441e-40 9.4322e-29 6.2716e-23 1.5029e-23 ] 1.0000e+00
 7.480e+01 6.8351e-23 6.8351e-23 [ 6.8433e-74 2.2983e-40 7.9903e-29 5.5111e-23 1.3240e-23 ] 1.0000e+00
 7.491e+01 6.0083e-23 6.0083e-23 [ 4.2968e-74 1.7935e-40 6.7672e-29 4.8421e-23 1.1662e-23 ] 1.0000e+00
 7.503e+01 5.2807e-23 5.2807e-23 [ 2.6964e-74 1.3990e-40 5.7299e-29 4.2537e-23 1.0270e-23 ] 1.0000e+00
 7.514e+01 4.6406e-23 4.6406e-23 [ 1.6912e-74 1.0909e-40 4.8504e-29 3.7362e-23 9.0438e-24 ] 1.0000e+00
 7.525e+01 4.0775e-23 4.0775e-23 [ 1.0602e-74 8.5029e-41 4.1049e-29 3.2812e-23 7.9626e-24 ] 1.0000e+00
 7.537e+01 3.5821e-23 3.5821e-23 [ 6.6424e-75 6.6251e-41 3.4731e-29 2.8812e-23 7.0096e-24 ] 1.0000e+00
 7.548e+01 3.1465e-23 3.1465e-23 [ 4.1595e-75 5.1601e-41 2.9379e-29 2.5295e-23 6.1698e-24 ] 1.0000e+00
 7.559e+01 2.7635e-23 2.7635e-23 [ 2.6033e-75 4.0175e-41 2.4845e-29 2.2205e-23 5.4298e-24 ] 1.0000e+00
 7.571e+01 2.4267e-23 2.4267e-23 [ 1.6285e-75 3.1268e-41 2.1005e-29 1.9489e-23 4.7778e-24 ] 1.0000e+00
 7.582e+01 2.1306e-23 2.1306e-23 [ 1.0181e-75 2.4326e-41 1.7755e-29 1.7103e-23 4.2036e-24 ] 1.0000e+00
 7.593e+01 1.8704e-23 1.8704e-23 [ 6.3622e-76 1.8918e-41 1.5004e-29 1.5006e-23 3.6978e-24 ] 1.0000e+00
 7.605e+01 1.6417e-23 1.6417e-23 [ 3.9735e-76 1.4707e-41 1.2676e-29 1.3165e-23 3.2524e-24 ] 1.0000e+00
 7.616e+01 1.4408e-23 1.4408e-23 [ 2.4803e-76 1.1429e-41 1.0706e-29 1.1548e-23 2.8602e-24 ] 1.0000e+00
 7.627e+01 1.2643e-23 1.2643e-23 [ 1.5475e-76 8.8780e-42 9.0407e-30 1.0128e-23 2.5149e-24 ] 1.0000e+00
 7.639e+01 1.1092e-23 1.1092e-23 [ 9.6494e-77 6.8939e-42 7.6323e-30 8.8810e-24 2.2110e-24 ] 1.0000e+00
 7.650e+01 9.7300e-24 9.7300e-24 [ 6.0139e-77 5.3512e-42 6.4417e-30 7.7865e-24 1.9436e-24 ] 1.0000e+00
 7.661e+01 8.5340e-24 8.5340e-24 [ 3.7461e-77 4.1522e-42 5.4355e-30 6.8258e-24 1.7082e-24 ] 1.0000e+00
 7.673e+01 7.4839e-24 7.4839e-24 [ 2.3323e-77 3.2206e-42 4.5853e-30 5.9827e-24 1.5011e-24 ] 1.0000e+00
 7.684e+01 6.5619e-24 6.5619e-24 [ 1.4513e-77 2.4971e-42 3.8672e-30 5.2430e-24 1.3189e-24 ] 1.0000e+00
 7.695e+01 5.7527e-24 5.7527e-24 [ 9.0260e-78 1.9354e-42 3.2607e-30 4.5940e-24 1.1587e-24 ] 1.0000e+00
 7.707e+01 5.0425e-24 5.0425e-24 [ 5.6107e-78 1.4994e-42 2.7486e-30 4.0248e-24 1.0177e-24 ] 1.0000e+00
 7.718e+01 4.4193e-24 4.4193e-24 [ 3.4858e-78 1.1613e-42 2.3164e-30 3.5255e-24 8.9382e-25 ] 1.0000e+00
 7.729e+01 3.8725e-24 3.8725e-24 [ 2.1646e-78 8.9903e-43 1.9517e-30 3.0877e-24 7.8487e-25 ] 1.0000e+00
 7.741e+01 3.3929e-24 3.3929e-24 [ 1.3434e-78 6.9574e-43 1.6440e-30 2.7038e-24 6.8909e-25 ] 1.0000e+00
 7.752e+01 2.9722e-24 2.9722e-24 [ 8.3336e-79 5.3822e-43 1.3844e-30 2.3673e-24 6.0491e-25 ] 1.0000e+00
 7.763e+01 2.6032e-24 2.6032e-24 [ 5.1669e-79 4.1621e-43 1.1656e-30 2.0723e-24 5.3093e-25 ] 1.0000e+00
 7.775e+01 2.2798e-24 2.2798e-24 [ 3.2018e-79 3.2173e-43 9.8106e-31 1.8138e-24 4.6593e-25 ] 1.0000e+00
 7.786e+01 1.9961e-24 1.9961e-24 [ 1.9831e-79 2.4861e-43 8.2556e-31 1.5873e-24 4.0882e-25 ] 1.0000e+00
 7.797e+01 1.7476e-24 1.7476e-24 [ 1.2276e-79 1.9203e-43 6.9453e-31 1.3889e-24 3.5866e-25 ] 1.0000e+00
 7.809e+01 1.5297e-24 1.5297e-24 [ 7.5955e-80 1.4827e-43 5.8416e-31 1.2151e-24 3.1460e-25 ] 1.0000e+00
 7.820e+01 1.3388e-24 1.3388e-24 [ 4.6971e-80 1.1444e-43 4.9120e-31 1.0628e-24 2.7591e-25 ] 1.0000e+00
 7.831e+01 1.1715e-24 1.1715e-24 [ 2.9032e-80 8.8299e-44 4.1293e-31 9.2954e-25 2.4195e-25 ] 1.0000e+00
 7.843e+01 1.0249e-24 1.0249e-24 [ 1.7935e-80 6.8102e-44 3.4705e-31 8.1282e-25 2.1213e-25 ] 1.0000e+00
 7.854e+01 8.9660e-25 8.9660e-25 [ 1.1074e-80 5.2504e-44 2.9161e-31 7.1065e-25 1.8595e-25 ] 1.0000e+00
 7.865e+01 7.8420e-25 7.8420e-25 [ 6.8343e-81 4.0464e-44 2.4496e-31 6.2122e-25 1.6299e-25 ] 1.0000e+00
 7.877e+01 6.8579e-25 6.8579e-25 [ 4.2155e-81 3.1173e-44 2.0572e-31 5.4295e-25 1.4283e-25 ] 1.0000e+00
 7.888e+01 5.9962e-25 5.9962e-25 [ 2.5989e-81 2.4006e-44 1.7273e-31 4.7448e-25 1.2515e-25 ] 1.0000e+00
 7.899e+01 5.2421e-25 5.2421e-25 [ 1.6014e-81 1.8480e-44 1.4499e-31 4.1457e-25 1.0964e-25 ] 1.0000e+00
 7.911e+01 4.5820e-25 4.5820e-25 [ 9.8630e-82 1.4221e-44 1.2167e-31 3.6216e-25 9.6036e-26 ] 1.0000e+00
 7.922e+01 4.0044e-25 4.0044e-25 [ 6.0713e-82 1.0939e-44 1.0208e-31 3.1634e-25 8.4108e-26 ] 1.0000e+00
 7.933e+01 3.4991e-25 3.4991e-25 [ 3.7354e-82 8.4114e-45 8.5625e-32 2.7626e-25 7.3649e-26 ] 1.0000e+00
 7.945e+01 3.0570e-25 3.0570e-25 [ 2.2971e-82 6.4654e-45 7.1802e-32 2.4122e-25 6.4481e-26 ] 1.0000e+00
 7.956e+01 2.6704e-25 2.6704e-25 [ 1.4119e-82 4.9678e-45 6.0196e-32 2.1060e-25 5.6445e-26 ] 1.0000e+00
 7.967e+01 2.3323e-25 2.3323e-25 [ 8.6733e-83 3.8156e-45 5.0453e-32 1.8383e-25 4.9403e-26 ] 1.0000e+00
 7.979e+01 2.0367e-25 2.0367e-25 [ 5.3255e-83 2.9295e-45 4.2277e-32 1.6044e-25 4.3232e-26 ] 1.0000e+00
 7.990e+01 1.7782e-25 1.7782e-25 [ 3.2682e-83 2.2484e-45 3.5417e-32 1.4000e-25 3.7826e-26 ] 1.0000e+00
 8.001e+01 1.5523e-25 1.5523e-25 [ 2.0047e-83 1.7249e-45 2.9662e-32 1.2214e-25 3.3091e-26 ] 1.0000e+00
 8.013e+01 1.3549e-25 1.3549e-25 [ 1.2290e-83 1.3229e-45 2.4837e-32 1.0655e-25 2.8944e-26 ] 1.0000e+00
 8.024e+01 1.1824e-25 1.1824e-25 [ 7.5312e-84 1.0141e-45 2.0791e-32 9.2929e-26 2.5312e-26 ] 1.0000e+00
 8.035e+01 1.0317e-25 1.0317e-25 [ 4.6126e-84 7.7716e-46 1.7400e-32 8.1038e-26 2.2133e-26 ] 1.0000e+00
 8.047e+01 9.0006e-26 9.0006e-26 [ 2.8236e-84 5.9533e-46 1.4558e-32 7.0657e-26 1.9349e-26 ] 1.0000e+00
 8.058e+01 7.8509e-26 7.8509e-26 [ 1.7276e-84 4.5588e-46 1.2177e-32 6.1595e-26 1.6914e-26 ] 1.0000e+00
 8.069e+01 6.8469e-26 6.8469e-26 [ 1.0565e-84 3.4895e-46 1.0184e-32 5.3687e-26 1.4782e-26 ] 1.0000e+00
 8.081e+01 5.9703e-26 5.9703e-26 [ 6.4576e-85 2.6701e-46 8.5140e-33 4.6786e-26 1.2917e-26 ] 1.0000e+00
 8.092e+01 5.2051e-26 5.2051e-26 [ 3.9451e-85 2.0423e-46 7.1164e-33 4.0766e-26 1.1285e-26 ] 1.0000e+00
 8.103e+01 4.5372e-26 4.5372e-26 [ 2.4090e-85 1.5615e-46 5.9467e-33 3.5514e-26 9.8579e-27 ] 1.0000e+00
 8.115e+01 3.9544e-26 3.9544e-26 [ 1.4702e-85 1.1935e-46 4.9681e-33 3.0934e-26 8.6099e-27 ] 1.0000e+00
 8.126e+01 3.4459e-26 3.4459e-26 [ 8.9684e-86 9.1183e-47 4.1494e-33 2.6940e-26 7.5186e-27 ] 1.0000e+00
 8.137e+01 3.0022e-26 3.0022e-26 [ 5.4680e-86 6.9638e-47 3.4648e-33 2.3458e-26 6.5646e-27 ] 1.0000e+00
 8.149e+01 2.6153e-26 2.6153e-26 [ 3.3322e-86 5.3164e-47 2.8924e-33 2.0422e-26 5.7306e-27 ] 1.0000e+00
 8.160e+01 2.2778e-26 2.2778e-26 [ 2.0296e-86 4.0572e-47 2.4140e-33 1.7777e-26 5.0018e-27 ] 1.0000e+00
 8.171e+01 1.9836e-26 1.9836e-26 [ 1.2356e-86 3.0950e-47 2.0142e-33 1.5471e-26 4.3650e-27 ] 1.0000e+00
 8.183e+01 1.7271e-26 1.7271e-26 [ 7.5184e-87 2.3601e-47 1.6802e-33 1.3462e-26 3.8086e-27 ] 1.0000e+00
 8.194e+01 1.5035e-26 1.5035e-26 [ 4.5725e-87 1.7991e-47 1.4012e-33 1.1713e-26 3.3225e-27 ] 1.0000e+00
 8.205e+01 1.3086e-26 1.3086e-26 [ 2.7795e-87 1.3708e-47 1.1682e-33 1.0188e-26 2.8981e-27 ] 1.0000e+00
 8.217e+01 1.1388e-26 1.1388e-26 [ 1.6887e-87 1.0442e-47 9.7379e-34 8.8611e-27 2.5274e-27 ] 1.0000e+00
 8.228e+01 9.9092e-27 9.9092e-27 [ 1.0255e-87 7.9502e-48 8.1149e-34 7.7054e-27 2.2038e-27 ] 1.0000e+00
 8.239e+01 8.6206e-27 8.6206e-27 [ 6.2244e-88 6.0509e-48 6.7607e-34 6.6993e-27 1.9213e-27 ] 1.0000e+00
 8.251e+01 7.4983e-27 7.4983e-27 [ 3.7761e-88 4.6036e-48 5.6311e-34 5.8236e-27 1.6747e-27 ] 1.0000e+00
 8.262e+01 6.5211e-27 6.5211e-27 [ 2.2897e-88 3.5012e-48 4.6890e-34 5.0616e-27 1.4595e-27 ] 1.0000e+00
 8.273e+01 5.6702e-27 5.6702e-27 [ 1.3877e-88 2.6617e-48 3.9036e-34 4.3985e-27 1.2718e-27 ] 1.0000e+00
 8.285e+01 4.9296e-27 4.9296e-27 [ 8.4057e-89 2.0227e-48 3.2489e-34 3.8216e-27 1.1080e-27 ] 1.0000e+00
 8.296e+01 4.2850e-27 4.2850e-27 [ 5.0892e-89 1.5366e-48 2.7033e-34 3.3198e-27 9.6516e-28 ] 1.0000e+00
 8.307e+01 3.7240e-27 3.7240e-27 [ 3.0797e-89 1.1668e-48 2.2488e-34 2.8834e-27 8.4058e-28 ] 1.0000e+00
 8.319e+01 3.2359e-27 3.2359e-27 [ 1.8627e-89 8.8568e-49 1.8702e-34 2.5040e-27 7.3197e-28 ] 1.0000e+00
 8.330e+01 2.8114e-27 2.8114e-27 [ 1.1261e-89 6.7203e-49 1.5550e-34 2.1741e-27 6.3727e-28 ] 1.0000e+00
 8.341e+01 2.4421e-27 2.4421e-27 [ 6.8043e-90 5.0972e-49 1.2926e-34 1.8873e-27 5.5474e-28 ] 1.0000e+00
 8.353e+01 2.1209e-27 2.1209e-27 [ 4.1093e-90 3.8646e-49 1.0742e-34 1.6381e-27 4.8281e-28 ] 1.0000e+00
 8.364e+01 1.8417e-27 1.8417e-27 [ 2.4805e-90 2.9289e-49 8.9243e-35 1.4216e-27 4.2014e-28 ] 1.0000e+00
 8.375e+01 1.5990e-27 1.5990e-27 [ 1.4966e-90 2.2189e-49 7.4126e-35 1.2335e-27 3.6554e-28 ] 1.0000e+00
 8.387e+01 1.3880e-27 1.3880e-27 [ 9.0247e-91 1.6804e-49 6.1554e-35 1.0700e-27 3.1798e-28 ] 1.0000e+00
 8.398e+01 1.2047e-27 1.2047e-27 [ 5.4394e-91 1.2721e-49 5.1101e-35 9.2812e-28 2.7657e-28 ] 1.0000e+00
 8.409e+01 1.0454e-27 1.0454e-27 [ 3.2768e-91 9.6258e-50 4.2412e-35 8.0488e-28 2.4050e-28 ] 1.0000e+00
 8.421e+01 9.0699e-28 9.0699e-28 [ 1.9730e-91 7.2810e-50 3.5192e-35 6.9789e-28 2.0910e-28 ] 1.0000e+00
 8.432e+01 7.8679e-28 7.8679e-28 [ 1.1874e-91 5.5053e-50 2.9194e-35 6.0501e-28 1.8178e-28 ] 1.0000e+00
 8.443e+01 6.8240e-28 6.8240e-28 [ 7.1424e-92 4.1610e-50 2.4212e-35 5.2440e-28 1.5799e-28 ] 1.0000e+00
 8.455e+01 5.9175e-28 5.9175e-28 [ 4.2941e-92 3.1437e-50 2.0075e-35 4.5446e-28 1.3729e-28 ] 1.0000e+00
 8.466e+01 5.1307e-28 5.1307e-28 [ 2.5803e-92 2.3741e-50 1.6640e-35 3.9378e-28 1.1929e-28 ] 1.0000e+00
 8.477e+01 4.4476e-28 4.4476e-28 [ 1.5498e-92 1.7923e-50 1.3790e-35 3.4114e-28 1.0363e-28 ] 1.0000e+00
 8.489e+01 3.8549e-28 3.8549e-28 [ 9.3032e-93 1.3525e-50 1.1425e-35 2.9548e-28 9.0006e-29 ] 1.0000e+00
 8.500e+01 3.3406e-28 3.3406e-28 [ 5.5819e-93 1.0202e-50 9.4633e-36 2.5589e-28 7.8162e-29 ] 1.0000e+00
 8.511e+01 2.8944e-28 2.8944e-28 [ 3.3474e-93 7.6924e-51 7.8363e-36 2.2157e-28 6.7865e-29 ] 1.0000e+00
 8.523e+01 2.5073e-28 2.5073e-28 [ 2.0064e-93 5.7979e-51 6.4874e-36 1.9182e-28 5.8914e-29 ] 1.0000e+00
 8.534e+01 2.1717e-28 2.1717e-28 [ 1.2020e-93 4.3681e-51 5.3693e-36 1.6603e-28 5.1135e-29 ] 1.0000e+00
 8.545e+01 1.8806e-28 1.8806e-28 [ 7.1973e-94 3.2897e-51 4.4427e-36 1.4369e-28 4.4375e-29 ] 1.0000e+00
 8.557e+01 1.6283e-28 1.6283e-28 [ 4.3074e-94 2.4764e-51 3.6752e-36 1.2433e-28 3.8502e-29 ] 1.0000e+00
 8.568e+01 1.4096e-28 1.4096e-28 [ 2.5766e-94 1.8635e-51 3.0394e-36 1.0756e-28 3.3401e-29 ] 1.0000e+00
 8.579e+01 1.2201e-28 1.2201e-28 [ 1.5404e-94 1.4017e-51 2.5130e-36 9.3036e-29 2.8970e-29 ] 1.0000e+00
 8.591e+01 1.0558e-28 1.0558e-28 [ 9.2049e-95 1.0539e-51 2.0772e-36 8.0459e-29 2.5123e-29 ] 1.0000e+00
 8.602e+01 9.1354e-29 9.1354e-29 [ 5.4976e-95 7.9207e-52 1.7165e-36 6.9571e-29 2.1783e-29 ] 1.0000e+00
 8.613e+01 7.9029e-29 7.9029e-29 [ 3.2818e-95 5.9504e-52 1.4181e-36 6.0145e-29 1.8884e-29 ] 1.0000e+00
 8.625e+01 6.8355e-29 6.8355e-29 [ 1.9580e-95 4.4684e-52 1.1713e-36 5.1987e-29 1.6368e-29 ] 1.0000e+00
 8.636e+01 5.9112e-29 5.9112e-29 [ 1.1676e-95 3.3541e-52 9.6714e-37 4.4928e-29 1.4184e-29 ] 1.0000e+00
 8.647e+01 5.1110e-29 5.1110e-29 [ 6.9592e-96 2.5167e-52 7.9838e-37 3.8820e-29 1.2290e-29 ] 1.0000e+00
 8.659e+01 4.4184e-29 4.4184e-29 [ 4.1457e-96 1.8875e-52 6.5889e-37 3.3537e-29 1.0647e-29 ] 1.0000e+00
 8.670e+01 3.8190e-29 3.8190e-29 [ 2.4683e-96 1.4150e-52 5.4363e-37 2.8968e-29 9.2214e-30 ] 1.0000e+00
 8.681e+01 3.3003e-29 3.3003e-29 [ 1.4689e-96 1.0604e-52 4.4841e-37 2.5017e-29 7.9857e-30 ] 1.0000e+00
 8.693e+01 2.8515e-29 2.8515e-29 [ 8.7366e-97 7.9426e-53 3.6978e-37 2.1601e-29 6.9143e-30 ] 1.0000e+00
 8.704e+01 2.4634e-29 2.4634e-29 [ 5.1936e-97 5.9468e-53 3.0485e-37 1.8648e-29 5.9856e-30 ] 1.0000e+00
 8.715e+01 2.1277e-29 2.1277e-29 [ 3.0858e-97 4.4506e-53 2.5125e-37 1.6096e-29 5.1807e-30 ] 1.0000e+00
 8.727e+01 1.8374e-29 1.8374e-29 [ 1.8325e-97 3.3294e-53 2.0702e-37 1.3891e-29 4.4833e-30 ] 1.0000e+00
 8.738e+01 1.5865e-29 1.5865e-29 [ 1.0876e-97 2.4896e-53 1.7053e-37 1.1986e-29 3.8791e-30 ] 1.0000e+00
 8.749e+01 1.3696e-29 1.3696e-29 [ 6.4521e-98 1.8608e-53 1.4044e-37 1.0340e-29 3.3557e-30 ] 1.0000e+00
 8.761e+01 1.1821e-29 1.1821e-29 [ 3.8255e-98 1.3902e-53 1.1562e-37 8.9188e-30 2.9024e-30 ] 1.0000e+00
 8.772e+01 1.0201e-29 1.0201e-29 [ 2.2669e-98 1.0381e-53 9.5163e-38 7.6914e-30 2.5099e-30 ] 1.0000e+00
 8.783e+01 8.8019e-30 8.8019e-30 [ 1.3426e-98 7.7490e-54 7.8304e-38 6.6318e-30 2.1701e-30 ] 1.0000e+00
 8.795e+01 7.5932e-30 7.5932e-30 [ 7.9477e-99 5.7815e-54 6.4413e-38 5.7172e-30 1.8760e-30 ] 1.0000e+00
 8.806e+01 6.5492e-30 6.5492e-30 [ 4.7021e-99 4.3116e-54 5.2972e-38 4.9278e-30 1.6214e-30 ] 1.0000e+00
 8.817e+01 5.6478e-30 5.6478e-30 [ 2.7804e-99 3.2140e-54 4.3550e-38 4.2467e-30 1.4012e-30 ] 1.0000e+00
 8.829e+01 4.8696e-30 4.8696e-30 [ 1.6432e-99 2.3947e-54 3.5794e-38 3.6590e-30 1.2106e-30 ] 1.0000e+00
 8.840e+01 4.1979e-30 4.1979e-30 [ 9.7060e-100 1.7834e-54 2.9411e-38 3.1521e-30 1.0458e-30 ] 1.0000e+00
 8.851e+01 3.6182e-30 3.6182e-30 [ 5.7299e-100 1.3276e-54 2.4159e-38 2.7150e-30 9.0323e-31 ] 1.0000e+00
 8.863e+01 3.1180e-30 3.1180e-30 [ 3.3808e-100 9.8779e-55 1.9839e-38 2.3380e-30 7.7998e-31 ] 1.0000e+00
 8.874e+01 2.6865e-30 2.6865e-30 [ 1.9937e-100 7.3462e-55 1.6287e-38 2.0131e-30 6.7342e-31 ] 1.0000e+00
 8.885e+01 2.3143e-30 2.3143e-30 [ 1.1750e-100 5.4608e-55 1.3367e-38 1.7330e-30 5.8132e-31 ] 1.0000e+00
 8.897e+01 1.9933e-30 1.9933e-30 [ 6.9216e-101 4.0574e-55 1.0967e-38 1.4916e-30 5.0172e-31 ] 1.0000e+00
 8.908e+01 1.7165e-30 1.7165e-30 [ 4.0749e-101 3.0132e-55 8.9952e-39 1.2836e-30 4.3295e-31 ] 1.0000e+00
 8.919e+01 1.4779e-30 1.4779e-30 [ 2.3976e-101 2.2366e-55 7.3756e-39 1.1044e-30 3.7353e-31 ] 1.0000e+00
 8.931e+01 1.2722e-30 1.2722e-30 [ 1.4100e-101 1.6594e-55 6.0458e-39 9.5003e-31 3.2221e-31 ] 1.0000e+00
 8.942e+01 1.0950e-30 1.0950e-30 [ 8.2868e-102 1.2305e-55 4.9542e-39 8.1711e-31 2.7790e-31 ] 1.0000e+00
 8.953e+01 9.4229e-31 9.4229e-31 [ 4.8677e-102 9.1207e-56 4.0584e-39 7.0266e-31 2.3963e-31 ] 1.0000e+00
 8.965e+01 8.1073e-31 8.1073e-31 [ 2.8576e-102 6.7568e-56 3.3235e-39 6.0413e-31 2.0660e-31 ] 1.0000e+00
 8.976e+01 6.9741e-31 6.9741e-31 [ 1.6767e-102 5.0031e-56 2.7208e-39 5.1932e-31 1.7809e-31 ] 1.0000e+00
 8.987e+01 5.9982e-31 5.9982e-31 [ 9.8318e-103 3.7027e-56 2.2266e-39 4.4634e-31 1.5348e-31 ] 1.0000e+00
 8.999e+01 5.1580e-31 5.1580e-31 [ 5.7619e-103 2.7388e-56 1.8216e-39 3.8355e-31 1.3225e-31 ] 1.0000e+00
 9.010e+01 4.4347e-31 4.4347e-31 [ 3.3748e-103 2.0249e-56 1.4897e-39 3.2953e-31 1.1394e-31 ] 1.0000e+00
 9.021e+01 3.8121e-31 3.8121e-31 [ 1.9755e-103 1.4962e-56 1.2179e-39 2.8307e-31 9.8144e-32 ] 1.0000e+00
 9.033e+01 3.2764e-31 3.2764e-31 [ 1.1557e-103 1.1050e-56 9.9535e-40 2.4311e-31 8.4523e-32 ] 1.0000e+00
 9.044e+01 2.8154e-31 2.8154e-31 [ 6.7572e-104 8.1569e-57 8.1317e-40 2.0876e-31 7.2780e-32 ] 1.0000e+00
 9.055e+01 2.4189e-31 2.4189e-31 [ 3.9484e-104 6.0178e-57 6.6409e-40 1.7923e-31 6.2656e-32 ] 1.0000e+00
 9.067e+01 2.0778e-31 2.0778e-31 [ 2.3058e-104 4.4373e-57 5.4214e-40 1.5385e-31 5.3932e-32 ] 1.0000e+00
 9.078e+01 1.7845e-31 1.7845e-31 [ 1.3457e-104 3.2701e-57 4.4242e-40 1.3204e-31 4.6413e-32 ] 1.0000e+00
 9.089e+01 1.5323e-31 1.5323e-31 [ 7.8493e-105 2.4086e-57 3.6091e-40 1.1330e-31 3.9936e-32 ] 1.0000e+00
 9.101e+01 1.3156e-31 1.3156e-31 [ 4.5755e-105 1.7731e-57 2.9430e-40 9.7201e-32 3.4356e-32 ] 1.0000e+00
 9.112e+01 1.1293e-31 1.1293e-31 [ 2.6655e-105 1.3045e-57 2.3988e-40 8.3376e-32 2.9550e-32 ] 1.0000e+00
 9.123e+01 9.6916e-32 9.6916e-32 [ 1.5518e-105 9.5923e-58 1.9545e-40 7.1504e-32 2.5413e-32 ] 1.0000e+00
 9.135e+01 8.3162e-32 8.3162e-32 [ 9.0290e-106 7.0493e-58 1.5919e-40 6.1311e-32 2.1850e-32 ] 1.0000e+00
 9.146e+01 7.1346e-32 7.1346e-32 [ 5.2500e-106 5.1774e-58 1.2960e-40 5.2562e-32 1.8784e-32 ] 1.0000e+00
 9.157e+01 6.1198e-32 6.1198e-32 [ 3.0508e-106 3.8004e-58 1.0546e-40 4.5053e-32 1.6145e-32 ] 1.0000e+00
 9.169e+01 5.2484e-32 5.2484e-32 [ 1.7717e-106 2.7880e-58 8.5785e-41 3.8610e-32 1.3874e-32 ] 1.0000e+00
 9.180e+01 4.5003e-32 4.5003e-32 [ 1.0282e-106 2.0440e-58 6.9748e-41 3.3083e-32 1.1920e-32 ] 1.0000e+00
 9.191e+01 3.8581e-32 3.8581e-32 [ 5.9631e-107 1.4977e-58 5.6684e-41 2.8341e-32 1.0240e-32 ] 1.0000e+00
 9.203e+01 3.3069e-32 3.3069e-32 [ 3.4562e-107 1.0967e-58 4.6045e-41 2.4275e-32 8.7947e-33 ] 1.0000e+00
 9.214e+01 2.8340e-32 2.8340e-32 [ 2.0018e-107 8.0258e-59 3.7386e-41 2.0788e-32 7.5522e-33 ] 1.0000e+00
 9.225e+01 2.4283e-32 2.4283e-32 [ 1.1587e-107 5.8696e-59 3.0340e-41 1.7799e-32 6.4840e-33 ] 1.0000e+00
 9.237e+01 2.0803e-32 2.0803e-32 [ 6.7022e-108 4.2900e-59 2.4610e-41 1.5237e-32 5.5659e-33 ] 1.0000e+00
 9.248e+01 1.7818e-32 1.7818e-32 [ 3.8741e-108 3.1334e-59 1.9953e-41 1.3041e-32 4.7769e-33 ] 1.0000e+00
 9.259e+01 1.5259e-32 1.5259e-32 [ 2.2378e-108 2.2872e-59 1.6168e-41 1.1160e-32 4.0990e-33 ] 1.0000e+00
 9.271e+01 1.3065e-32 1.3065e-32 [ 1.2917e-108 1.6684e-59 1.3094e-41 9.5481e-33 3.5167e-33 ] 1.0000e+00
 9.282e+01 1.1184e-32 1.1184e-32 [ 7.4509e-109 1.2162e-59 1.0600e-41 8.1677e-33 3.0165e-33 ] 1.0000e+00
 9.293e+01 9.5726e-33 9.5726e-33 [ 4.2948e-109 8.8591e-60 8.5752e-42 6.9856e-33 2.5871e-33 ] 1.0000e+00
 9.305e+01 8.1917e-33 8.1917e-33 [ 2.4737e-109 6.4490e-60 6.9336e-42 5.9734e-33 2.2183e-33 ] 1.0000e+00
 9.316e+01 7.0088e-33 7.0088e-33 [ 1.4238e-109 4.6912e-60 5.6031e-42 5.1070e-33 1.9018e-33 ] 1.0000e+00
 9.327e+01 5.9955e-33 5.9955e-33 [ 8.1890e-110 3.4101e-60 4.5252e-42 4.3654e-33 1.6301e-33 ] 1.0000e+00
 9.339e+01 5.1278e-33 5.1278e-33 [ 4.7063e-110 2.4771e-60 3.6524e-42 3.7309e-33 1.3970e-33 ] 1.0000e+00
 9.350e+01 4.3849e-33 4.3849e-33 [ 2.7027e-110 1.7980e-60 2.9462e-42 3.1879e-33 1.1970e-33 ] 1.0000e+00
 9.361e+01 3.7489e-33 3.7489e-33 [ 1.5509e-110 1.3041e-60 2.3750e-42 2.7235e-33 1.0254e-33 ] 1.0000e+00
 9.373e+01 3.2046e-33 3.2046e-33 [ 8.8924e-111 9.4512e-61 1.9133e-42 2.3263e-33 8.7829e-34 ] 1.0000e+00
 9.384e+01 2.7388e-33 2.7388e-33 [ 5.0946e-111 6.8444e-61 1.5403e-42 1.9866e-33 7.5213e-34 ] 1.0000e+00
 9.395e+01 2.3402e-33 2.3402e-33 [ 2.9165e-111 4.9526e-61 1.2392e-42 1.6963e-33 6.4398e-34 ] 1.0000e+00
 9.407e+01 1.9993e-33 1.9993e-33 [ 1.6682e-111 3.5809e-61 9.9620e-43 1.4481e-33 5.5127e-34 ] 1.0000e+00
 9.418e+01 1.7077e-33 1.7077e-33 [ 9.5336e-112 2.5869e-61 8.0030e-43 1.2359e-33 4.7183e-34 ] 1.0000e+00
 9.429e+01 1.4584e-33 1.4584e-33 [ 5.4438e-112 1.8673e-61 6.4244e-43 1.0547e-33 4.0376e-34 ] 1.0000e+00
 9.441e+01 1.2453e-33 1.2453e-33 [ 3.1058e-112 1.3467e-61 5.1533e-43 8.9981e-34 3.4544e-34 ] 1.0000e+00
 9.452e+01 1.0630e-33 1.0630e-33 [ 1.7703e-112 9.7035e-62 4.1304e-43 7.6754e-34 2.9550e-34 ] 1.0000e+00
 9.463e+01 9.0731e-34 9.0731e-34 [ 1.0082e-112 6.9857e-62 3.3078e-43 6.5459e-34 2.5272e-34 ] 1.0000e+00
 9.475e+01 7.7425e-34 7.7425e-34 [ 5.7362e-113 5.0244e-62 2.6469e-43 5.5814e-34 2.1610e-34 ] 1.0000e+00
 9.486e+01 6.6057e-34 6.6057e-34 [ 3.2606e-113 3.6104e-62 2.1161e-43 4.7581e-34 1.8476e-34 ] 1.0000e+00
 9.497e+01 5.6346e-34 5.6346e-34 [ 1.8516e-113 2.5918e-62 1.6903e-43 4.0554e-34 1.5793e-34 ] 1.0000e+00
 9.509e+01 4.8053e-34 4.8053e-34 [ 1.0504e-113 1.8588e-62 1.3489e-43 3.4557e-34 1.3497e-34 ] 1.0000e+00
 9.520e+01 4.0972e-34 4.0972e-34 [ 5.9530e-114 1.3317e-62 1.0755e-43 2.9440e-34 1.1532e-34 ] 1.0000e+00
 9.531e+01 3.4927e-34 3.4927e-34 [ 3.3701e-114 9.5305e-63 8.5662e-44 2.5075e-34 9.8523e-35 ] 1.0000e+00
 9.543e+01 2.9768e-34 2.9768e-34 [ 1.9059e-114 6.8134e-63 6.8160e-44 2.1353e-34 8.4153e-35 ] 1.0000e+00
 9.554e+01 2.5365e-34 2.5365e-34 [ 1.0766e-114 4.8655e-63 5.4177e-44 1.8178e-34 7.1866e-35 ] 1.0000e+00
 9.565e+01 2.1608e-34 2.1608e-34 [ 6.0747e-115 3.4705e-63 4.3015e-44 1.5472e-34 6.1361e-35 ] 1.0000e+00
 9.577e+01 1.8403e-34 1.8403e-34 [ 3.4235e-115 2.4725e-63 3.4114e-44 1.3165e-34 5.2382e-35 ] 1.0000e+00
 9.588e+01 1.5669e-34 1.5669e-34 [ 1.9270e-115 1.7593e-63 2.7023e-44 1.1198e-34 4.4709e-35 ] 1.0000e+00
 9.599e+01 1.3338e-34 1.3338e-34 [ 1.0833e-115 1.2503e-63 2.1379e-44 9.5229e-35 3.8152e-35 ] 1.0000e+00
 9.611e+01 1.1351e-34 1.1351e-34 [ 6.0820e-116 8.8733e-64 1.6892e-44 8.0956e-35 3.2551e-35 ] 1.0000e+00
 9.622e+01 9.6565e-35 9.6565e-35 [ 3.4099e-116 6.2887e-64 1.3329e-44 6.8797e-35 2.7767e-35 ] 1.0000e+00
 9.633e+01 8.2125e-35 8.2125e-35 [ 1.9090e-116 4.4505e-64 1.0503e-44 5.8443e-35 2.3682e-35 ] 1.0000e+00
 9.645e+01 6.9821e-35 6.9821e-35 [ 1.0672e-116 3.1449e-64 8.2639e-45 4.9627e-35 2.0194e-35 ] 1.0000e+00
 9.656e+01 5.9337e-35 5.9337e-35 [ 5.9564e-117 2.2188e-64 6.4920e-45 4.2121e-35 1.7216e-35 ] 1.0000e+00
 9.667e+01 5.0407e-35 5.0407e-35 [ 3.3190e-117 1.5628e-64 5.0917e-45 3.5732e-35 1.4675e-35 ] 1.0000e+00
 9.679e+01 4.2802e-35 4.2802e-35 [ 1.8463e-117 1.0989e-64 3.9866e-45 3.0296e-35 1.2506e-35 ] 1.0000e+00
 9.690e+01 3.6325e-35 3.6325e-35 [ 1.0251e-117 7.7121e-65 3.1156e-45 2.5669e-35 1.0656e-35 ] 1.0000e+00
 9.701e+01 3.0811e-35 3.0811e-35 [ 5.6810e-118 5.4020e-65 2.4303e-45 2.1734e-35 9.0772e-36 ] 1.0000e+00
 9.713e+01 2.6117e-35 2.6117e-35 [ 3.1418e-118 3.7761e-65 1.8917e-45 1.8387e-35 7.7309e-36 ] 1.0000e+00
 9.724e+01 2.2122e-35 2.2122e-35 [ 1.7337e-118 2.6337e-65 1.4693e-45 1.5540e-35 6.5828e-36 ] 1.0000e+00
 9.735e+01 1.8723e-35 1.8723e-35 [ 9.5448e-119 1.8326e-65 1.1385e-45 1.3119e-35 5.6038e-36 ] 1.0000e+00
 9.747e+01 1.5830e-35 1.5830e-35 [ 5.2415e-119 1.2719e-65 8.7996e-46 1.1061e-35 4.7692e-36 ] 1.0000e+00
 9.758e+01 1.3369e-35 1.3369e-35 [ 2.8706e-119 8.8035e-66 6.7824e-46 9.3112e-36 4.0576e-36 ] 1.0000e+00
 9.769e+01 1.1275e-35 1.1275e-35 [ 1.5674e-119 6.0752e-66 5.2120e-46 7.8239e-36 3.4510e-36 ] 1.0000e+00
 9.781e+01 9.4938e-36 9.4938e-36 [ 8.5313e-120 4.1788e-66 3.9920e-46 6.5598e-36 2.9340e-36 ] 1.0000e+00
 9.792e+01 7.9785e-36 7.9785e-36 [ 4.6271e-120 2.8641e-66 3.0465e-46 5.4854e-36 2.4931e-36 ] 1.0000e+00
 9.803e+01 6.6894e-36 6.6894e-36 [ 2.4997e-120 1.9553e-66 2.3155e-46 4.5722e-36 2.1171e-36 ] 1.0000e+00
 9.815e+01 5.5924e-36 5.5924e-36 [ 1.3446e-120 1.3290e-66 1.7519e-46 3.7961e-36 1.7964e-36 ] 1.0000e+00
 9.826e+01 4.6588e-36 4.6588e-36 [ 7.1969e-121 8.9888e-67 1.3186e-46 3.1364e-36 1.5224e-36 ] 1.0000e+00
 9.837e+01 3.8639e-36 3.8639e-36 [ 3.8308e-121 6.0452e-67 9.8656e-47 2.5757e-36 1.2883e-36 ] 1.0000e+00
 9.849e+01 3.1868e-36 3.1868e-36 [ 2.0261e-121 4.0393e-67 7.3293e-47 2.0992e-36 1.0876e-36 ] 1.0000e+00
 9.860e+01 2.6097e-36 2.6097e-36 [ 1.0637e-121 2.6785e-67 5.3992e-47 1.6945e-36 9.1523e-37 ] 1.0000e+00
 9.871e+01 2.1175e-36 2.1175e-36 [ 5.5356e-122 1.7600e-67 3.9364e-47 1.3511e-36 7.6639e-37 ] 1.0000e+00
 9.883e+01 1.6975e-36 1.6975e-36 [ 2.8507e-122 1.1437e-67 2.8330e-47 1.0604e-36 6.3708e-37 ] 1.0000e+00
 9.894e+01 1.3389e-36 1.3389e-36 [ 1.4492e-122 7.3276e-68 2.0049e-47 8.1515e-37 5.2378e-37 ] 1.0000e+00
 9.905e+01 1.0331e-36 1.0331e-36 [ 7.2473e-123 4.6084e-68 1.3875e-47 6.0962e-37 4.2349e-37 ] 1.0000e+00
 9.917e+01 7.7291e-37 7.7291e-37 [ 3.5470e-123 2.8248e-68 9.3094e-48 4.3915e-37 3.3376e-37 ] 1.0000e+00
 9.928e+01 5.5295e-37 5.5295e-37 [ 1.6842e-123 1.6674e-68 5.9713e-48 3.0008e-37 2.5287e-37 ] 1.0000e+00
 9.939e+01 3.6953e-37 3.6953e-37 [ 7.6346e-124 9.2740e-69 3.5743e-48 1.8960e-37 1.7993e-37 ] 1.0000e+00
 9.951e+01 2.2081e-37 2.2081e-37 [ 3.1913e-124 4.6521e-69 1.9062e-48 1.0560e-37 1.1520e-37 ] 1.0000e+00
 9.962e+01 1.0711e-37 1.0711e-37 [ 1.1242e-124 1.8991e-69 8.1492e-49 4.6610e-38 6.0498e-38 ] 1.0000e+00
 9.973e+01 3.1393e-38 3.1393e-38 [ 2.4193e-125 4.5051e-70 1.9898e-49 1.1618e-38 1.9774e-38 ] 1.0000e+00
 9.985e+01 0.0000e+00 0.0000e+00 [ 0.0000e+00 0.0000e+00 0.0000e+00 0.0000e+00 0.0000e+00 ] 1.0000e+00
