 0.000e+00 0.0000e+00 0.0000e+00 [ 0.0000e+00 0.0000e+00 0.0000e+00 0.0000e+00 ] 1.0000e+00
 1.133e-01 4.4628e-02 4.4628e-02 [ 4.4492e-02 1.5645e-06 1.2628e-04 8.0715e-06 ] 9.5537e-01
 2.267e-01 8.6601e-02 8.6601e-02 [ 8.6042e-02 6.4923e-06 5.2368e-04 2.9193e-05 ] 9.1340e-01
 3.400e-01 1.1928e-01 1.1928e-01 [ 1.1796e-01 1.5412e-05 1.2414e-03 5.9993e-05 ] 8.8072e-01
 4.533e-01 1.5023e-01 1.5023e-01 [ 1.4775e-01 2.9292e-05 2.3552e-03 9.8396e-05 ] 8.4977e-01
 5.667e-01 1.8217e-01 1.8217e-01 [ 1.7801e-01 4.9404e-05 3.9638e-03 1.4331e-04 ] 8.1783e-01
 6.800e-01 2.1722e-01 2.1722e-01 [ 2.1076e-01 7.7259e-05 6.1838e-03 1.9425e-04 ] 7.8278e-01
 7.933e-01 2.5695e-01 2.5695e-01 [ 2.4745e-01 1.1447e-04 9.1382e-03 2.5101e-04 ] 7.4305e-01
 9.067e-01 3.0231e-01 3.0231e-01 [ 2.8890e-01 1.6247e-04 1.2935e-02 3.1321e-04 ] 6.9769e-01
 1.020e+00 3.5332e-01 3.5332e-01 [ 3.3508e-01 2.2211e-04 1.7634e-02 3.8004e-04 ] 6.4668e-01
 1.133e+00 4.0889e-01 4.0889e-01 [ 3.8493e-01 2.9319e-04 2.3211e-02 4.4991e-04 ] 5.9111e-01
 1.247e+00 4.6671e-01 4.6671e-01 [ 4.3629e-01 3.7402e-04 2.9525e-02 5.2036e-04 ] 5.3329e-01
 1.360e+00 5.2357e-01 5.2357e-01 [ 4.8620e-01 4.6141e-04 3.6318e-02 5.8831e-04 ] 4.7643e-01
 1.473e+00 5.7599e-01 5.7599e-01 [ 5.3154e-01 5.5115e-04 4.3255e-02 6.5072e-04 ] 4.2401e-01
 1.587e+00 6.2117e-01 6.2117e-01 [ 5.6982e-01 6.3898e-04 5.0000e-02 7.0535e-04 ] 3.7883e-01
 1.700e+00 6.5755e-01 6.5755e-01 [ 5.9978e-01 7.2157e-04 5.6292e-02 7.5127e-04 ] 3.4245e-01
 1.813e+00 6.8501e-01 6.8501e-01 [ 6.2143e-01 7.9705e-04 6.1989e-02 7.8890e-04 ] 3.1499e-01
 1.927e+00 7.0451e-01 7.0451e-01 [ 6.3576e-01 8.6503e-04 6.7064e-02 8.1956e-04 ] 2.9549e-01
 2.040e+00 7.1752e-01 7.1752e-01 [ 6.4419e-01 9.2608e-04 7.1565e-02 8.4491e-04 ] 2.8248e-01
 2.153e+00 7.2560e-01 7.2560e-01 [ 6.4818e-01 9.8128e-04 7.5581e-02 8.6652e-04 ] 2.7440e-01
 2.267e+00 7.3011e-01 7.3011e-01 [ 6.4899e-01 1.0318e-03 7.9204e-02 8.8566e-04 ] 2.6989e-01
 2.380e+00 7.3213e-01 7.3213e-01 [ 6.4762e-01 1.0787e-03 8.2520e-02 9.0324e-04 ] 2.6787e-01
 2.493e+00 7.3244e-01 7.3244e-01 [ 6.4480e-01 1.1228e-03 8.5599e-02 9.1988e-04 ] 2.6756e-01
 2.607e+00 7.3163e-01 7.3163e-01 [ 6.4103e-01 1.1649e-03 8.8496e-02 9.3597e-04 ] 2.6837e-01
 2.720e+00 7.3010e-01 7.3010e-01 [ 6.3669e-01 1.2055e-03 9.1253e-02 9.5174e-04 ] 2.6990e-01
 2.833e+00 7.2812e-01 7.2812e-01 [ 6.3200e-01 1.2450e-03 9.3902e-02 9.6735e-04 ] 2.7188e-01
 2.947e+00 7.2588e-01 7.2588e-01 [ 6.2714e-01 1.2836e-03 9.6468e-02 9.8287e-04 ] 2.7412e-01
 3.060e+00 7.2351e-01 7.2351e-01 [ 6.2222e-01 1.3217e-03 9.8969e-02 9.9836e-04 ] 2.7649e-01
 3.173e+00 7.2110e-01 7.2110e-01 [ 6.1731e-01 1.3594e-03 1.0142e-01 1.0139e-03 ] 2.7890e-01
 3.287e+00 7.1872e-01 7.1872e-01 [ 6.1246e-01 1.3968e-03 1.0384e-01 1.0294e-03 ] 2.8128e-01
 3.400e+00 7.1639e-01 7.1639e-01 [ 6.0769e-01 1.4341e-03 1.0622e-01 1.0450e-03 ] 2.8361e-01
 3.513e+00 7.1415e-01 7.1415e-01 [ 6.0303e-01 1.4714e-03 1.0859e-01 1.0606e-03 ] 2.8585e-01
 3.627e+00 7.1201e-01 7.1201e-01 [ 5.9849e-01 1.5086e-03 1.1094e-01 1.0764e-03 ] 2.8799e-01
 3.740e+00 7.0999e-01 7.0999e-01 [ 5.9407e-01 1.5460e-03 1.1328e-01 1.0922e-03 ] 2.9001e-01
 3.853e+00 7.0808e-01 7.0808e-01 [ 5.8977e-01 1.5835e-03 1.1562e-01 1.1082e-03 ] 2.9192e-01
 3.967e+00 7.0629e-01 7.0629e-01 [ 5.8559e-01 1.6212e-03 1.1796e-01 1.1243e-03 ] 2.9371e-01
 4.080e+00 7.0461e-01 7.0461e-01 [ 5.8152e-01 1.6590e-03 1.2029e-01 1.1406e-03 ] 2.9539e-01
 4.193e+00 7.0305e-01 7.0305e-01 [ 5.7756e-01 1.6971e-03 1.2264e-01 1.1570e-03 ] 2.9695e-01
 4.307e+00 7.0160e-01 7.0160e-01 [ 5.7370e-01 1.7355e-03 1.2499e-01 1.1736e-03 ] 2.9840e-01
 4.420e+00 7.0025e-01 7.0025e-01 [ 5.6993e-01 1.7741e-03 1.2735e-01 1.1903e-03 ] 2.9975e-01
 4.533e+00 6.9900e-01 6.9900e-01 [ 5.6626e-01 1.8131e-03 1.2973e-01 1.2073e-03 ] 3.0100e-01
 4.647e+00 6.9785e-01 6.9785e-01 [ 5.6266e-01 1.8523e-03 1.3211e-01 1.2244e-03 ] 3.0215e-01
 4.760e+00 6.9678e-01 6.9678e-01 [ 5.5913e-01 1.8918e-03 1.3451e-01 1.2418e-03 ] 3.0322e-01
 4.873e+00 6.9580e-01 6.9580e-01 [ 5.5567e-01 1.9317e-03 1.3693e-01 1.2594e-03 ] 3.0420e-01
 4.987e+00 6.9489e-01 6.9489e-01 [ 5.5227e-01 1.9718e-03 1.3937e-01 1.2771e-03 ] 3.0511e-01
 5.100e+00 6.9405e-01 6.9405e-01 [ 5.4892e-01 2.0122e-03 1.4182e-01 1.2952e-03 ] 3.0595e-01
 5.213e+00 6.9327e-01 6.9327e-01 [ 5.4562e-01 2.0529e-03 1.4429e-01 1.3134e-03 ] 3.0673e-01
 5.327e+00 6.9255e-01 6.9255e-01 [ 5.4235e-01 2.0940e-03 1.4677e-01 1.3319e-03 ] 3.0745e-01
 5.440e+00 6.9189e-01 6.9189e-01 [ 5.3912e-01 2.1353e-03 1.4928e-01 1.3506e-03 ] 3.0811e-01
 5.553e+00 6.9127e-01 6.9127e-01 [ 5.3592e-01 2.1768e-03 1.5181e-01 1.3695e-03 ] 3.0873e-01
 5.667e+00 6.9070e-01 6.9070e-01 [ 5.3274e-01 2.2187e-03 1.5436e-01 1.3887e-03 ] 3.0930e-01
 5.780e+00 6.9017e-01 6.9017e-01 [ 5.2957e-01 2.2607e-03 1.5693e-01 1.4081e-03 ] 3.0983e-01
 5.893e+00 6.8968e-01 6.8968e-01 [ 5.2642e-01 2.3030e-03 1.5952e-01 1.4278e-03 ] 3.1032e-01
 6.007e+00 6.8921e-01 6.8921e-01 [ 5.2329e-01 2.3456e-03 1.6213e-01 1.4478e-03 ] 3.1079e-01
 6.120e+00 6.8878e-01 6.8878e-01 [ 5.2015e-01 2.3883e-03 1.6477e-01 1.4680e-03 ] 3.1122e-01
 6.233e+00 6.8837e-01 6.8837e-01 [ 5.1702e-01 2.4312e-03 1.6743e-01 1.4885e-03 ] 3.1163e-01
 6.347e+00 6.8798e-01 6.8798e-01 [ 5.1389e-01 2.4742e-03 1.7010e-01 1.5093e-03 ] 3.1202e-01
 6.460e+00 6.8761e-01 6.8761e-01 [ 5.1076e-01 2.5174e-03 1.7281e-01 1.5303e-03 ] 3.1238e-01
 6.573e+00 6.8727e-01 6.8727e-01 [ 5.0762e-01 2.5608e-03 1.7553e-01 1.5516e-03 ] 3.1273e-01
 6.687e+00 6.8693e-01 6.8693e-01 [ 5.0448e-01 2.6042e-03 1.7828e-01 1.5732e-03 ] 3.1307e-01
 6.800e+00 6.8661e-01 6.8661e-01 [ 5.0132e-01 2.6477e-03 1.8105e-01 1.5951e-03 ] 3.1339e-01
 6.913e+00 6.8630e-01 6.8630e-01 [ 4.9815e-01 2.6912e-03 1.8384e-01 1.6172e-03 ] 3.1370e-01
 7.027e+00 6.8600e-01 6.8600e-01 [ 4.9497e-01 2.7348e-03 1.8666e-01 1.6397e-03 ] 3.1400e-01
 7.140e+00 6.8571e-01 6.8571e-01 [ 4.9177e-01 2.7783e-03 1.8950e-01 1.6625e-03 ] 3.1429e-01
 7.253e+00 6.8542e-01 6.8542e-01 [ 4.8856e-01 2.8218e-03 1.9236e-01 1.6856e-03 ] 3.1458e-01
 7.367e+00 6.8514e-01 6.8514e-01 [ 4.8532e-01 2.8653e-03 1.9524e-01 1.7090e-03 ] 3.1486e-01
 7.480e+00 6.8487e-01 6.8487e-01 [ 4.8207e-01 2.9087e-03 1.9815e-01 1.7327e-03 ] 3.1513e-01
 7.593e+00 6.8460e-01 6.8460e-01 [ 4.7880e-01 2.9519e-03 2.0109e-01 1.7567e-03 ] 3.1540e-01
 7.707e+00 6.8433e-01 6.8433e-01 [ 4.7551e-01 2.9950e-03 2.0404e-01 1.7811e-03 ] 3.1567e-01
 7.820e+00 6.8406e-01 6.8406e-01 [ 4.7219e-01 3.0380e-03 2.0702e-01 1.8058e-03 ] 3.1594e-01
 7.933e+00 6.8380e-01 6.8380e-01 [ 4.6886e-01 3.0807e-03 2.1003e-01 1.8308e-03 ] 3.1620e-01
 8.047e+00 6.8353e-01 6.8353e-01 [ 4.6550e-01 3.1231e-03 2.1305e-01 1.8562e-03 ] 3.1647e-01
 8.160e+00 6.8327e-01 6.8327e-01 [ 4.6212e-01 3.1653e-03 2.1610e-01 1.8820e-03 ] 3.1673e-01
 8.273e+00 6.8300e-01 6.8300e-01 [ 4.5871e-01 3.2072e-03 2.1917e-01 1.9081e-03 ] 3.1700e-01
 8.387e+00 6.8274e-01 6.8274e-01 [ 4.5529e-01 3.2487e-03 2.2227e-01 1.9345e-03 ] 3.1726e-01
 8.500e+00 6.8247e-01 6.8247e-01 [ 4.5183e-01 3.2898e-03 2.2539e-01 1.9614e-03 ] 3.1753e-01
 8.613e+00 6.8221e-01 6.8221e-01 [ 4.4836e-01 3.3304e-03 2.2853e-01 1.9886e-03 ] 3.1779e-01
 8.727e+00 6.8194e-01 6.8194e-01 [ 4.4486e-01 3.3706e-03 2.3169e-01 2.0162e-03 ] 3.1806e-01
 8.840e+00 6.8167e-01 6.8167e-01 [ 4.4134e-01 3.4103e-03 2.3488e-01 2.0442e-03 ] 3.1833e-01
 8.953e+00 6.8139e-01 6.8139e-01 [ 4.3779e-01 3.4494e-03 2.3808e-01 2.0725e-03 ] 3.1861e-01
 9.067e+00 6.8112e-01 6.8112e-01 [ 4.3422e-01 3.4879e-03 2.4131e-01 2.1013e-03 ] 3.1888e-01
 9.180e+00 6.8084e-01 6.8084e-01 [ 4.3063e-01 3.5257e-03 2.4456e-01 2.1305e-03 ] 3.1916e-01
 9.293e+00 6.8056e-01 6.8056e-01 [ 4.2701e-01 3.5629e-03 2.4783e-01 2.1600e-03 ] 3.1944e-01
 9.407e+00 6.8028e-01 6.8028e-01 [ 4.2337e-01 3.5994e-03 2.5111e-01 2.1900e-03 ] 3.1972e-01
 9.520e+00 6.7999e-01 6.7999e-01 [ 4.1971e-01 3.6350e-03 2.5442e-01 2.2205e-03 ] 3.2001e-01
 9.633e+00 6.7970e-01 6.7970e-01 [ 4.1603e-01 3.6699e-03 2.5775e-01 2.2513e-03 ] 3.2030e-01
 9.747e+00 6.7941e-01 6.7941e-01 [ 4.1232e-01 3.7039e-03 2.6109e-01 2.2826e-03 ] 3.2059e-01
 9.860e+00 6.7911e-01 6.7911e-01 [ 4.0860e-01 3.7369e-03 2.6446e-01 2.3143e-03 ] 3.2089e-01
 9.973e+00 6.7881e-01 6.7881e-01 [ 4.0485e-01 3.7691e-03 2.6784e-01 2.3464e-03 ] 3.2119e-01
 1.009e+01 6.7850e-01 6.7850e-01 [ 4.0109e-01 3.8002e-03 2.7124e-01 2.3790e-03 ] 3.2150e-01
 1.020e+01 6.7820e-01 6.7820e-01 [ 3.9731e-01 3.8303e-03 2.7465e-01 2.4121e-03 ] 3.2180e-01
 1.031e+01 6.7789e-01 6.7789e-01 [ 3.9351e-01 3.8593e-03 2.7808e-01 2.4456e-03 ] 3.2211e-01
 1.043e+01 6.7757e-01 6.7757e-01 [ 3.8969e-01 3.8871e-03 2.8152e-01 2.4795e-03 ] 3.2243e-01
 1.054e+01 6.7725e-01 6.7725e-01 [ 3.8585e-01 3.9138e-03 2.8497e-01 2.5139e-03 ] 3.2275e-01
 1.065e+01 6.7693e-01 6.7693e-01 [ 3.8200e-01 3.9393e-03 2.8844e-01 2.5488e-03 ] 3.2307e-01
 1.077e+01 6.7661e-01 6.7661e-01 [ 3.7813e-01 3.9635e-03 2.9193e-01 2.5841e-03 ] 3.2339e-01
 1.088e+01 6.7628e-01 6.7628e-01 [ 3.7425e-01 3.9864e-03 2.9542e-01 2.6199e-03 ] 3.2372e-01
 1.099e+01 6.7594e-01 6.7594e-01 [ 3.7036e-01 4.0080e-03 2.9892e-01 2.6561e-03 ] 3.2406e-01
 1.111e+01 6.7561e-01 6.7561e-01 [ 3.6645e-01 4.0282e-03 3.0243e-01 2.6929e-03 ] 3.2439e-01
 1.122e+01 6.7527e-01 6.7527e-01 [ 3.6254e-01 4.0471e-03 3.0596e-01 2.7300e-03 ] 3.2473e-01
 1.133e+01 6.7493e-01 6.7493e-01 [ 3.5861e-01 4.0644e-03 3.0949e-01 2.7677e-03 ] 3.2507e-01
 1.145e+01 6.7459e-01 6.7459e-01 [ 3.5468e-01 4.0804e-03 3.1302e-01 2.8058e-03 ] 3.2541e-01
 1.156e+01 6.7424e-01 6.7424e-01 [ 3.5073e-01 4.0948e-03 3.1657e-01 2.8444e-03 ] 3.2576e-01
 1.167e+01 6.7390e-01 6.7390e-01 [ 3.4679e-01 4.1077e-03 3.2012e-01 2.8834e-03 ] 3.2610e-01
 1.179e+01 6.7355e-01 6.7355e-01 [ 3.4283e-01 4.1191e-03 3.2368e-01 2.9229e-03 ] 3.2645e-01
 1.190e+01 6.7321e-01 6.7321e-01 [ 3.3888e-01 4.1289e-03 3.2724e-01 2.9628e-03 ] 3.2679e-01
 1.201e+01 6.7286e-01 6.7286e-01 [ 3.3492e-01 4.1371e-03 3.3081e-01 3.0032e-03 ] 3.2714e-01
 1.213e+01 6.7252e-01 6.7252e-01 [ 3.3096e-01 4.1438e-03 3.3438e-01 3.0441e-03 ] 3.2748e-01
 1.224e+01 6.7219e-01 6.7219e-01 [ 3.2700e-01 4.1489e-03 3.3795e-01 3.0853e-03 ] 3.2781e-01
 1.235e+01 6.7186e-01 6.7186e-01 [ 3.2304e-01 4.1524e-03 3.4153e-01 3.1270e-03 ] 3.2814e-01
 1.247e+01 6.7154e-01 6.7154e-01 [ 3.1910e-01 4.1543e-03 3.4512e-01 3.1691e-03 ] 3.2846e-01
 1.258e+01 6.7123e-01 6.7123e-01 [ 3.1515e-01 4.1547e-03 3.4871e-01 3.2117e-03 ] 3.2877e-01
 1.269e+01 6.7094e-01 6.7094e-01 [ 3.1122e-01 4.1536e-03 3.5231e-01 3.2546e-03 ] 3.2906e-01
 1.281e+01 6.7066e-01 6.7066e-01 [ 3.0730e-01 4.1509e-03 3.5591e-01 3.2979e-03 ] 3.2934e-01
 1.292e+01 6.7040e-01 6.7040e-01 [ 3.0339e-01 4.1467e-03 3.5952e-01 3.3416e-03 ] 3.2960e-01
 1.303e+01 6.7017e-01 6.7017e-01 [ 2.9949e-01 4.1411e-03 3.6315e-01 3.3857e-03 ] 3.2983e-01
 1.315e+01 6.6996e-01 6.6996e-01 [ 2.9562e-01 4.1342e-03 3.6678e-01 3.4302e-03 ] 3.3004e-01
 1.326e+01 6.6979e-01 6.6979e-01 [ 2.9177e-01 4.1258e-03 3.7043e-01 3.4750e-03 ] 3.3021e-01
 1.337e+01 6.6966e-01 6.6966e-01 [ 2.8794e-01 4.1162e-03 3.7409e-01 3.5201e-03 ] 3.3034e-01
 1.349e+01 6.6958e-01 6.6958e-01 [ 2.8414e-01 4.1054e-03 3.7777e-01 3.5656e-03 ] 3.3042e-01
 1.360e+01 6.6955e-01 6.6955e-01 [ 2.8037e-01 4.0934e-03 3.8147e-01 3.6114e-03 ] 3.3045e-01
 1.371e+01 6.6957e-01 6.6957e-01 [ 2.7663e-01 4.0804e-03 3.8520e-01 3.6575e-03 ] 3.3043e-01
 1.383e+01 6.6966e-01 6.6966e-01 [ 2.7293e-01 4.0665e-03 3.8896e-01 3.7039e-03 ] 3.3034e-01
 1.394e+01 6.6983e-01 6.6983e-01 [ 2.6927e-01 4.0517e-03 3.9275e-01 3.7506e-03 ] 3.3017e-01
 1.405e+01 6.7008e-01 6.7008e-01 [ 2.6566e-01 4.0361e-03 3.9659e-01 3.7975e-03 ] 3.2992e-01
 1.417e+01 6.7042e-01 6.7042e-01 [ 2.6210e-01 4.0200e-03 4.0046e-01 3.8447e-03 ] 3.2958e-01
 1.428e+01 6.7086e-01 6.7086e-01 [ 2.5859e-01 4.0034e-03 4.0438e-01 3.8921e-03 ] 3.2914e-01
 1.439e+01 6.7142e-01 6.7142e-01 [ 2.5514e-01 3.9864e-03 4.0835e-01 3.9397e-03 ] 3.2858e-01
 1.451e+01 6.7209e-01 6.7209e-01 [ 2.5175e-01 3.9692e-03 4.1238e-01 3.9875e-03 ] 3.2791e-01
 1.462e+01 6.7289e-01 6.7289e-01 [ 2.4843e-01 3.9520e-03 4.1647e-01 4.0355e-03 ] 3.2711e-01
 1.473e+01 6.7383e-01 6.7383e-01 [ 2.4518e-01 3.9348e-03 4.2063e-01 4.0835e-03 ] 3.2617e-01
 1.485e+01 6.7492e-01 6.7492e-01 [ 2.4201e-01 3.9179e-03 4.2486e-01 4.1317e-03 ] 3.2508e-01
 1.496e+01 6.7617e-01 6.7617e-01 [ 2.3892e-01 3.9014e-03 4.2917e-01 4.1799e-03 ] 3.2383e-01
 1.507e+01 6.7759e-01 6.7759e-01 [ 2.3593e-01 3.8855e-03 4.3355e-01 4.2281e-03 ] 3.2241e-01
 1.519e+01 6.7918e-01 6.7918e-01 [ 2.3302e-01 3.8703e-03 4.3801e-01 4.2763e-03 ] 3.2082e-01
 1.530e+01 6.8095e-01 6.8095e-01 [ 2.3022e-01 3.8561e-03 4.4255e-01 4.3243e-03 ] 3.1905e-01
 1.541e+01 6.8291e-01 6.8291e-01 [ 2.2753e-01 3.8429e-03 4.4717e-01 4.3722e-03 ] 3.1709e-01
 1.553e+01 6.8506e-01 6.8506e-01 [ 2.2495e-01 3.8309e-03 4.5186e-01 4.4199e-03 ] 3.1494e-01
 1.564e+01 6.8742e-01 6.8742e-01 [ 2.2250e-01 3.8204e-03 4.5663e-01 4.4672e-03 ] 3.1258e-01
 1.575e+01 6.8997e-01 6.8997e-01 [ 2.2018e-01 3.8115e-03 4.6147e-01 4.5141e-03 ] 3.1003e-01
 1.587e+01 6.9273e-01 6.9273e-01 [ 2.1800e-01 3.8044e-03 4.6636e-01 4.5605e-03 ] 3.0727e-01
 1.598e+01 6.9568e-01 6.9568e-01 [ 2.1597e-01 3.7992e-03 4.7130e-01 4.6062e-03 ] 3.0432e-01
 1.609e+01 6.9882e-01 6.9882e-01 [ 2.1411e-01 3.7960e-03 4.7627e-01 4.6512e-03 ] 3.0118e-01
 1.621e+01 7.0215e-01 7.0215e-01 [ 2.1242e-01 3.7951e-03 4.8124e-01 4.6954e-03 ] 2.9785e-01
 1.632e+01 7.0565e-01 7.0565e-01 [ 2.1092e-01 3.7964e-03 4.8620e-01 4.7385e-03 ] 2.9435e-01
 1.643e+01 7.0930e-01 7.0930e-01 [ 2.0962e-01 3.8002e-03 4.9110e-01 4.7805e-03 ] 2.9070e-01
 1.655e+01 7.1307e-01 7.1307e-01 [ 2.0854e-01 3.8063e-03 4.9590e-01 4.8212e-03 ] 2.8693e-01
 1.666e+01 7.1691e-01 7.1691e-01 [ 2.0769e-01 3.8148e-03 5.0055e-01 4.8605e-03 ] 2.8309e-01
 1.677e+01 7.2076e-01 7.2076e-01 [ 2.0708e-01 3.8254e-03 5.0496e-01 4.8983e-03 ] 2.7924e-01
 1.689e+01 7.2454e-01 7.2454e-01 [ 2.0671e-01 3.8380e-03 5.0905e-01 4.9345e-03 ] 2.7546e-01
 1.700e+01 7.2810e-01 7.2810e-01 [ 2.0660e-01 3.8520e-03 5.1268e-01 4.9688e-03 ] 2.7190e-01
 1.711e+01 7.3127e-01 7.3127e-01 [ 2.0673e-01 3.8664e-03 5.1567e-01 5.0010e-03 ] 2.6873e-01
 1.723e+01 7.3376e-01 7.3376e-01 [ 2.0707e-01 3.8800e-03 5.1778e-01 5.0304e-03 ] 2.6624e-01
 1.734e+01 7.3515e-01 7.3515e-01 [ 2.0755e-01 3.8906e-03 5.1866e-01 5.0561e-03 ] 2.6485e-01
 1.745e+01 7.3486e-01 7.3486e-01 [ 2.0805e-01 3.8951e-03 5.1784e-01 5.0761e-03 ] 2.6514e-01
 1.757e+01 7.3202e-01 7.3202e-01 [ 2.0839e-01 3.8888e-03 5.1465e-01 5.0869e-03 ] 2.6798e-01
 1.768e+01 7.2543e-01 7.2543e-01 [ 2.0826e-01 3.8654e-03 5.0822e-01 5.0828e-03 ] 2.7457e-01
 1.779e+01 7.1352e-01 7.1352e-01 [ 2.0724e-01 3.8161e-03 4.9741e-01 5.0550e-03 ] 2.8648e-01
 1.791e+01 6.9440e-01 6.9440e-01 [ 2.0477e-01 3.7303e-03 4.8091e-01 4.9915e-03 ] 3.0560e-01
 1.802e+01 6.6614e-01 6.6614e-01 [ 2.0021e-01 3.5971e-03 4.5746e-01 4.8780e-03 ] 3.3386e-01
 1.813e+01 6.2742e-01 6.2742e-01 [ 1.9302e-01 3.4084e-03 4.2629e-01 4.7009e-03 ] 3.7258e-01
 1.825e+01 5.7821e-01 5.7821e-01 [ 1.8295e-01 3.1630e-03 3.8764e-01 4.4527e-03 ] 4.2179e-01
 1.836e+01 5.2036e-01 5.2036e-01 [ 1.7025e-01 2.8696e-03 3.4310e-01 4.1366e-03 ] 4.7964e-01
 1.847e+01 4.5746e-01 4.5746e-01 [ 1.5571e-01 2.5466e-03 2.9544e-01 3.7680e-03 ] 5.4254e-01
 1.859e+01 3.9397e-01 3.9397e-01 [ 1.4043e-01 2.2177e-03 2.4796e-01 3.3705e-03 ] 6.0603e-01
 1.870e+01 3.3402e-01 3.3402e-01 [ 1.2553e-01 1.9049e-03 2.0361e-01 2.9698e-03 ] 6.6598e-01
 1.881e+01 2.8054e-01 2.8054e-01 [ 1.1191e-01 1.6248e-03 1.6441e-01 2.5874e-03 ] 7.1946e-01
 1.893e+01 2.3502e-01 2.3502e-01 [ 1.0009e-01 1.3858e-03 1.3131e-01 2.2373e-03 ] 7.6498e-01
 1.904e+01 1.9768e-01 1.9768e-01 [ 9.0243e-02 1.1897e-03 1.0432e-01 1.9264e-03 ] 8.0232e-01
 1.915e+01 1.6792e-01 1.6792e-01 [ 8.2309e-02 1.0339e-03 8.2920e-02 1.6560e-03 ] 8.3208e-01
 1.927e+01 1.4470e-01 1.4470e-01 [ 7.6080e-02 9.1307e-04 6.6287e-02 1.4240e-03 ] 8.5530e-01
 1.938e+01 1.2689e-01 1.2689e-01 [ 7.1290e-02 8.2139e-04 5.3549e-02 1.2264e-03 ] 8.7311e-01
 1.949e+01 1.1338e-01 1.1338e-01 [ 6.7672e-02 7.5313e-04 4.3896e-02 1.0587e-03 ] 8.8662e-01
 1.961e+01 1.0324e-01 1.0324e-01 [ 6.4980e-02 7.0324e-04 3.6638e-02 9.1665e-04 ] 8.9676e-01
 1.972e+01 9.5681e-02 9.5681e-02 [ 6.3006e-02 6.6755e-04 3.1211e-02 7.9628e-04 ] 9.0432e-01
 1.983e+01 9.0090e-02 9.0090e-02 [ 6.1581e-02 6.4270e-04 2.7173e-02 6.9425e-04 ] 9.0991e-01
 1.995e+01 8.5983e-02 8.5983e-02 [ 6.0567e-02 6.2606e-04 2.4182e-02 6.0776e-04 ] 9.1402e-01
 2.006e+01 8.2987e-02 8.2987e-02 [ 5.9858e-02 6.1557e-04 2.1979e-02 5.3448e-04 ] 9.1701e-01
 2.017e+01 8.0821e-02 8.0821e-02 [ 5.9371e-02 6.0968e-04 2.0368e-02 4.7254e-04 ] 9.1918e-01
 2.029e+01 7.9270e-02 7.9270e-02 [ 5.9041e-02 6.0716e-04 1.9202e-02 4.2038e-04 ] 9.2073e-01
 2.040e+01 7.8175e-02 7.8175e-02 [ 5.8819e-02 6.0711e-04 1.8372e-02 3.7677e-04 ] 9.2183e-01
 2.051e+01 7.7413e-02 7.7413e-02 [ 5.8667e-02 6.0882e-04 1.7796e-02 3.4071e-04 ] 9.2259e-01
 2.063e+01 7.6895e-02 7.6895e-02 [ 5.8556e-02 6.1178e-04 1.7415e-02 3.1142e-04 ] 9.2311e-01
 2.074e+01 7.6555e-02 7.6555e-02 [ 5.8466e-02 6.1558e-04 1.7185e-02 2.8829e-04 ] 9.2345e-01
 2.085e+01 7.6344e-02 7.6344e-02 [ 5.8380e-02 6.1995e-04 1.7073e-02 2.7086e-04 ] 9.2366e-01
 2.097e+01 7.6232e-02 7.6232e-02 [ 5.8289e-02 6.2468e-04 1.7059e-02 2.5882e-04 ] 9.2377e-01
 2.108e+01 7.6196e-02 7.6196e-02 [ 5.8185e-02 6.2965e-04 1.7130e-02 2.5198e-04 ] 9.2380e-01
 2.119e+01 7.6230e-02 7.6230e-02 [ 5.8066e-02 6.3482e-04 1.7279e-02 2.5025e-04 ] 9.2377e-01
 2.131e+01 7.6336e-02 7.6336e-02 [ 5.7933e-02 6.4021e-04 1.7509e-02 2.5368e-04 ] 9.2366e-01
 2.142e+01 7.6526e-02 7.6526e-02 [ 5.7790e-02 6.4593e-04 1.7828e-02 2.6242e-04 ] 9.2347e-01
 2.153e+01 7.6828e-02 7.6828e-02 [ 5.7646e-02 6.5216e-04 1.8253e-02 2.7676e-04 ] 9.2317e-01
 2.165e+01 7.7283e-02 7.7283e-02 [ 5.7514e-02 6.5920e-04 1.8812e-02 2.9710e-04 ] 9.2272e-01
 2.176e+01 7.7949e-02 7.7949e-02 [ 5.7412e-02 6.6746e-04 1.9546e-02 3.2401e-04 ] 9.2205e-01
 2.187e+01 7.8908e-02 7.8908e-02 [ 5.7363e-02 6.7752e-04 2.0510e-02 3.5824e-04 ] 9.2109e-01
 2.199e+01 8.0274e-02 8.0274e-02 [ 5.7400e-02 6.9018e-04 2.1783e-02 4.0071e-04 ] 9.1973e-01
 2.210e+01 8.2199e-02 8.2199e-02 [ 5.7565e-02 7.0648e-04 2.3475e-02 4.5263e-04 ] 9.1780e-01
 2.221e+01 8.4888e-02 8.4888e-02 [ 5.7913e-02 7.2784e-04 2.5732e-02 5.1547e-04 ] 9.1511e-01
 2.233e+01 8.8614e-02 8.8614e-02 [ 5.8513e-02 7.5613e-04 2.8754e-02 5.9106e-04 ] 9.1139e-01
 2.244e+01 9.3744e-02 9.3744e-02 [ 5.9455e-02 7.9380e-04 3.2813e-02 6.8169e-04 ] 9.0626e-01
 2.255e+01 1.0076e-01 1.0076e-01 [ 6.0855e-02 8.4406e-04 3.8268e-02 7.9014e-04 ] 8.9924e-01
 2.267e+01 1.1028e-01 1.1028e-01 [ 6.2853e-02 9.1103e-04 4.5598e-02 9.1978e-04 ] 8.8972e-01
 2.278e+01 1.2312e-01 1.2312e-01 [ 6.5623e-02 9.9988e-04 5.5419e-02 1.0746e-03 ] 8.7688e-01
 2.289e+01 1.4025e-01 1.4025e-01 [ 6.9366e-02 1.1169e-03 6.8508e-02 1.2593e-03 ] 8.5975e-01
 2.301e+01 1.6285e-01 1.6285e-01 [ 7.4301e-02 1.2693e-03 8.5801e-02 1.4787e-03 ] 8.3715e-01
 2.312e+01 1.9218e-01 1.9218e-01 [ 8.0638e-02 1.4647e-03 1.0834e-01 1.7375e-03 ] 8.0782e-01
 2.323e+01 2.2945e-01 2.2945e-01 [ 8.8532e-02 1.7099e-03 1.3717e-01 2.0390e-03 ] 7.7055e-01
 2.335e+01 2.7547e-01 2.7547e-01 [ 9.8005e-02 2.0085e-03 1.7308e-01 2.3835e-03 ] 7.2453e-01
 2.346e+01 3.3023e-01 3.3023e-01 [ 1.0885e-01 2.3586e-03 2.1626e-01 2.7657e-03 ] 6.6977e-01
 2.357e+01 3.9237e-01 3.9237e-01 [ 1.2055e-01 2.7489e-03 2.6590e-01 3.1726e-03 ] 6.0763e-01
 2.369e+01 4.5888e-01 4.5888e-01 [ 1.3226e-01 3.1580e-03 3.1988e-01 3.5835e-03 ] 5.4112e-01
 2.380e+01 5.2535e-01 5.2535e-01 [ 1.4293e-01 3.5559e-03 3.7490e-01 3.9717e-03 ] 4.7465e-01
 2.391e+01 5.8689e-01 5.8689e-01 [ 1.5156e-01 3.9110e-03 4.2711e-01 4.3118e-03 ] 4.1311e-01
 2.403e+01 6.3947e-01 6.3947e-01 [ 1.5750e-01 4.1990e-03 4.7319e-01 4.5864e-03 ] 3.6053e-01
 2.414e+01 6.8104e-01 6.8104e-01 [ 1.6064e-01 4.4094e-03 5.1120e-01 4.7914e-03 ] 3.1896e-01
 2.425e+01 7.1167e-01 7.1167e-01 [ 1.6131e-01 4.5457e-03 5.4087e-01 4.9344e-03 ] 2.8833e-01
 2.437e+01 7.3294e-01 7.3294e-01 [ 1.6015e-01 4.6207e-03 5.6314e-01 5.0297e-03 ] 2.6706e-01
 2.448e+01 7.4703e-01 7.4703e-01 [ 1.5779e-01 4.6506e-03 5.7950e-01 5.0927e-03 ] 2.5297e-01
 2.459e+01 7.5605e-01 7.5605e-01 [ 1.5480e-01 4.6503e-03 5.9147e-01 5.1362e-03 ] 2.4395e-01
 2.471e+01 7.6169e-01 7.6169e-01 [ 1.5157e-01 4.6317e-03 6.0031e-01 5.1695e-03 ] 2.3831e-01
 2.482e+01 7.6513e-01 7.6513e-01 [ 1.4839e-01 4.6031e-03 6.0694e-01 5.1983e-03 ] 2.3487e-01
 2.493e+01 7.6715e-01 7.6715e-01 [ 1.4542e-01 4.5702e-03 6.1194e-01 5.2263e-03 ] 2.3285e-01
 2.505e+01 7.6814e-01 7.6814e-01 [ 1.4275e-01 4.5358e-03 6.1560e-01 5.2550e-03 ] 2.3186e-01
 2.516e+01 7.6813e-01 7.6813e-01 [ 1.4040e-01 4.5010e-03 6.1794e-01 5.2850e-03 ] 2.3187e-01
 2.527e+01 7.6686e-01 7.6686e-01 [ 1.3834e-01 4.4646e-03 6.1873e-01 5.3153e-03 ] 2.3314e-01
 2.539e+01 7.6364e-01 7.6364e-01 [ 1.3647e-01 4.4234e-03 6.1740e-01 5.3435e-03 ] 2.3636e-01
 2.550e+01 7.5735e-01 7.5735e-01 [ 1.3462e-01 4.3712e-03 6.1300e-01 5.3643e-03 ] 2.4265e-01
 2.561e+01 7.4625e-01 7.4625e-01 [ 1.3249e-01 4.2986e-03 6.0410e-01 5.3686e-03 ] 2.5375e-01
 2.573e+01 7.2803e-01 7.2803e-01 [ 1.2969e-01 4.1923e-03 5.8881e-01 5.3422e-03 ] 2.7197e-01
 2.584e+01 6.9996e-01 6.9996e-01 [ 1.2572e-01 4.0368e-03 5.6494e-01 5.2656e-03 ] 3.0004e-01
 2.595e+01 6.5963e-01 6.5963e-01 [ 1.2010e-01 3.8175e-03 5.3059e-01 5.1172e-03 ] 3.4037e-01
 2.607e+01 6.0602e-01 6.0602e-01 [ 1.1252e-01 3.5276e-03 4.8510e-01 4.8801e-03 ] 3.9398e-01
 2.618e+01 5.4070e-01 5.4070e-01 [ 1.0307e-01 3.1740e-03 4.2991e-01 4.5515e-03 ] 4.5930e-01
 2.629e+01 4.6794e-01 4.6794e-01 [ 9.2304e-02 2.7791e-03 3.6871e-01 4.1469e-03 ] 5.3206e-01
 2.641e+01 3.9359e-01 3.9359e-01 [ 8.1082e-02 2.3747e-03 3.0644e-01 3.6968e-03 ] 6.0641e-01
 2.652e+01 3.2332e-01 3.2332e-01 [ 7.0294e-02 1.9917e-03 2.4779e-01 3.2366e-03 ] 6.7668e-01
 2.663e+01 2.6111e-01 2.6111e-01 [ 6.0612e-02 1.6525e-03 1.9604e-01 2.7963e-03 ] 7.3889e-01
 2.675e+01 2.0886e-01 2.0886e-01 [ 5.2394e-02 1.3680e-03 1.5271e-01 2.3954e-03 ] 7.9114e-01
 2.686e+01 1.6674e-01 1.6674e-01 [ 4.5717e-02 1.1395e-03 1.1784e-01 2.0431e-03 ] 8.3326e-01
 2.697e+01 1.3379e-01 1.3379e-01 [ 4.0473e-02 9.6210e-04 9.0611e-02 1.7403e-03 ] 8.6621e-01
 2.709e+01 1.0856e-01 1.0856e-01 [ 3.6458e-02 8.2792e-04 6.9792e-02 1.4838e-03 ] 8.9144e-01
 2.720e+01 8.9549e-02 8.9549e-02 [ 3.3447e-02 7.2870e-04 5.4105e-02 1.2678e-03 ] 9.1045e-01
 2.731e+01 7.5370e-02 7.5370e-02 [ 3.1227e-02 6.5683e-04 4.2400e-02 1.0864e-03 ] 9.2463e-01
 2.743e+01 6.4875e-02 6.4875e-02 [ 2.9614e-02 6.0592e-04 3.3721e-02 9.3398e-04 ] 9.3512e-01
 2.754e+01 5.7148e-02 5.7148e-02 [ 2.8462e-02 5.7085e-04 2.7310e-02 8.0559e-04 ] 9.4285e-01
 2.765e+01 5.1485e-02 5.1485e-02 [ 2.7654e-02 5.4767e-04 2.2586e-02 6.9708e-04 ] 9.4852e-01
 2.777e+01 4.7352e-02 4.7352e-02 [ 2.7102e-02 5.3338e-04 1.9112e-02 6.0504e-04 ] 9.5265e-01
 2.788e+01 4.4352e-02 4.4352e-02 [ 2.6737e-02 5.2571e-04 1.6563e-02 5.2668e-04 ] 9.5565e-01
 2.799e+01 4.2191e-02 4.2191e-02 [ 2.6509e-02 5.2298e-04 1.4699e-02 4.5972e-04 ] 9.5781e-01
 2.811e+01 4.0650e-02 4.0650e-02 [ 2.6380e-02 5.2393e-04 1.3344e-02 4.0232e-04 ] 9.5935e-01
 2.822e+01 3.9569e-02 3.9569e-02 [ 2.6322e-02 5.2765e-04 1.2367e-02 3.5296e-04 ] 9.6043e-01
 2.833e+01 3.8830e-02 3.8830e-02 [ 2.6312e-02 5.3341e-04 1.1674e-02 3.1040e-04 ] 9.6117e-01
 2.845e+01 3.8343e-02 3.8343e-02 [ 2.6334e-02 5.4070e-04 1.1194e-02 2.7361e-04 ] 9.6166e-01
 2.856e+01 3.8043e-02 3.8043e-02 [ 2.6377e-02 5.4912e-04 1.0876e-02 2.4174e-04 ] 9.6196e-01
 2.867e+01 3.7881e-02 3.7881e-02 [ 2.6430e-02 5.5834e-04 1.0679e-02 2.1408e-04 ] 9.6212e-01
 2.879e+01 3.7820e-02 3.7820e-02 [ 2.6486e-02 5.6814e-04 1.0576e-02 1.9004e-04 ] 9.6218e-01
 2.890e+01 3.7831e-02 3.7831e-02 [ 2.6540e-02 5.7832e-04 1.0544e-02 1.6914e-04 ] 9.6217e-01
 2.901e+01 3.7894e-02 3.7894e-02 [ 2.6587e-02 5.8873e-04 1.0567e-02 1.5096e-04 ] 9.6211e-01
 2.913e+01 3.7990e-02 3.7990e-02 [ 2.6624e-02 5.9923e-04 1.0632e-02 1.3516e-04 ] 9.6201e-01
 2.924e+01 3.8108e-02 3.8108e-02 [ 2.6648e-02 6.0971e-04 1.0730e-02 1.2144e-04 ] 9.6189e-01
 2.935e+01 3.8238e-02 3.8238e-02 [ 2.6656e-02 6.2009e-04 1.0853e-02 1.0958e-04 ] 9.6176e-01
 2.947e+01 3.8371e-02 3.8371e-02 [ 2.6647e-02 6.3029e-04 1.0994e-02 9.9359e-05 ] 9.6163e-01
 2.958e+01 3.8500e-02 3.8500e-02 [ 2.6619e-02 6.4023e-04 1.1150e-02 9.0623e-05 ] 9.6150e-01
 2.969e+01 3.8622e-02 3.8622e-02 [ 2.6572e-02 6.4984e-04 1.1317e-02 8.3234e-05 ] 9.6138e-01
 2.981e+01 3.8732e-02 3.8732e-02 [ 2.6505e-02 6.5909e-04 1.1491e-02 7.7083e-05 ] 9.6127e-01
 2.992e+01 3.8827e-02 3.8827e-02 [ 2.6417e-02 6.6790e-04 1.1669e-02 7.2087e-05 ] 9.6117e-01
 3.003e+01 3.8904e-02 3.8904e-02 [ 2.6309e-02 6.7625e-04 1.1851e-02 6.8182e-05 ] 9.6110e-01
 3.015e+01 3.8962e-02 3.8962e-02 [ 2.6179e-02 6.8408e-04 1.2034e-02 6.5325e-05 ] 9.6104e-01
 3.026e+01 3.9000e-02 3.9000e-02 [ 2.6028e-02 6.9137e-04 1.2217e-02 6.3491e-05 ] 9.6100e-01
 3.037e+01 3.9017e-02 3.9017e-02 [ 2.5857e-02 6.9809e-04 1.2399e-02 6.2677e-05 ] 9.6098e-01
 3.049e+01 3.9012e-02 3.9012e-02 [ 2.5666e-02 7.0422e-04 1.2579e-02 6.2894e-05 ] 9.6099e-01
 3.060e+01 3.8988e-02 3.8988e-02 [ 2.5456e-02 7.0974e-04 1.2758e-02 6.4176e-05 ] 9.6101e-01
 3.071e+01 3.8943e-02 3.8943e-02 [ 2.5227e-02 7.1465e-04 1.2936e-02 6.6572e-05 ] 9.6106e-01
 3.083e+01 3.8881e-02 3.8881e-02 [ 2.4980e-02 7.1894e-04 1.3112e-02 7.0159e-05 ] 9.6112e-01
 3.094e+01 3.8804e-02 3.8804e-02 [ 2.4717e-02 7.2263e-04 1.3289e-02 7.5032e-05 ] 9.6120e-01
 3.105e+01 3.8716e-02 3.8716e-02 [ 2.4440e-02 7.2573e-04 1.3469e-02 8.1316e-05 ] 9.6128e-01
 3.117e+01 3.8620e-02 3.8620e-02 [ 2.4149e-02 7.2828e-04 1.3653e-02 8.9165e-05 ] 9.6138e-01
 3.128e+01 3.8523e-02 3.8523e-02 [ 2.3847e-02 7.3031e-04 1.3847e-02 9.8768e-05 ] 9.6148e-01
 3.139e+01 3.8432e-02 3.8432e-02 [ 2.3535e-02 7.3190e-04 1.4055e-02 1.1036e-04 ] 9.6157e-01
 3.151e+01 3.8359e-02 3.8359e-02 [ 2.3216e-02 7.3312e-04 1.4286e-02 1.2421e-04 ] 9.6164e-01
 3.162e+01 3.8316e-02 3.8316e-02 [ 2.2893e-02 7.3408e-04 1.4549e-02 1.4065e-04 ] 9.6168e-01
 3.173e+01 3.8322e-02 3.8322e-02 [ 2.2569e-02 7.3493e-04 1.4858e-02 1.6010e-04 ] 9.6168e-01
 3.185e+01 3.8400e-02 3.8400e-02 [ 2.2248e-02 7.3586e-04 1.5233e-02 1.8302e-04 ] 9.6160e-01
 3.196e+01 3.8582e-02 3.8582e-02 [ 2.1934e-02 7.3710e-04 1.5700e-02 2.1001e-04 ] 9.6142e-01
 3.207e+01 3.8910e-02 3.8910e-02 [ 2.1635e-02 7.3898e-04 1.6295e-02 2.4177e-04 ] 9.6109e-01
 3.219e+01 3.9442e-02 3.9442e-02 [ 2.1356e-02 7.4192e-04 1.7065e-02 2.7914e-04 ] 9.6056e-01
 3.230e+01 4.0256e-02 4.0256e-02 [ 2.1107e-02 7.4650e-04 1.8079e-02 3.2314e-04 ] 9.5974e-01
 3.241e+01 4.1458e-02 4.1458e-02 [ 2.0901e-02 7.5346e-04 1.9428e-02 3.7504e-04 ] 9.5854e-01
 3.253e+01 4.3195e-02 4.3195e-02 [ 2.0754e-02 7.6381e-04 2.1241e-02 4.3635e-04 ] 9.5681e-01
 3.264e+01 4.5667e-02 4.5667e-02 [ 2.0685e-02 7.7889e-04 2.3694e-02 5.0895e-04 ] 9.5433e-01
 3.275e+01 4.9148e-02 4.9148e-02 [ 2.0721e-02 8.0053e-04 2.7032e-02 5.9517e-04 ] 9.5085e-01
 3.287e+01 5.4015e-02 5.4015e-02 [ 2.0898e-02 8.3112e-04 3.1589e-02 6.9787e-04 ] 9.4598e-01
 3.298e+01 6.0781e-02 6.0781e-02 [ 2.1260e-02 8.7388e-04 3.7826e-02 8.2060e-04 ] 9.3922e-01
 3.309e+01 7.0134e-02 7.0134e-02 [ 2.1866e-02 9.3300e-04 4.6367e-02 9.6773e-04 ] 9.2987e-01
 3.321e+01 8.2988e-02 8.2988e-02 [ 2.2788e-02 1.0139e-03 5.8042e-02 1.1446e-03 ] 9.1701e-01
 3.332e+01 1.0052e-01 1.0052e-01 [ 2.4114e-02 1.1232e-03 7.3928e-02 1.3575e-03 ] 8.9948e-01
 3.343e+01 1.2419e-01 1.2419e-01 [ 2.5942e-02 1.2690e-03 9.5367e-02 1.6134e-03 ] 8.7581e-01
 3.355e+01 1.5567e-01 1.5567e-01 [ 2.8371e-02 1.4598e-03 1.2392e-01 1.9195e-03 ] 8.4433e-01
 3.366e+01 1.9665e-01 1.9665e-01 [ 3.1480e-02 1.7033e-03 1.6119e-01 2.2814e-03 ] 8.0335e-01
 3.377e+01 2.4847e-01 2.4847e-01 [ 3.5287e-02 2.0039e-03 2.0848e-01 2.7006e-03 ] 7.5153e-01
 3.389e+01 3.1141e-01 3.1141e-01 [ 3.9699e-02 2.3587e-03 2.6619e-01 3.1709e-03 ] 6.8859e-01
 3.400e+01 3.8394e-01 3.8394e-01 [ 4.4465e-02 2.7533e-03 3.3305e-01 3.6741e-03 ] 6.1606e-01
 3.411e+01 4.6212e-01 4.6212e-01 [ 4.9160e-02 3.1598e-03 4.0562e-01 4.1792e-03 ] 5.3788e-01
 3.423e+01 5.3989e-01 5.3989e-01 [ 5.3257e-02 3.5404e-03 4.7844e-01 4.6466e-03 ] 4.6011e-01
 3.434e+01 6.1053e-01 6.1053e-01 [ 5.6278e-02 3.8571e-03 5.4535e-01 5.0394e-03 ] 3.8947e-01
 3.445e+01 6.6885e-01 6.6885e-01 [ 5.7960e-02 4.0850e-03 6.0147e-01 5.3365e-03 ] 3.3115e-01
 3.457e+01 7.1273e-01 7.1273e-01 [ 5.8334e-02 4.2192e-03 6.4464e-01 5.5389e-03 ] 2.8727e-01
 3.468e+01 7.4304e-01 7.4304e-01 [ 5.7652e-02 4.2722e-03 6.7545e-01 5.6653e-03 ] 2.5696e-01
 3.479e+01 7.6228e-01 7.6228e-01 [ 5.6245e-02 4.2639e-03 6.9603e-01 5.7408e-03 ] 2.3772e-01
 3.491e+01 7.7313e-01 7.7313e-01 [ 5.4403e-02 4.2138e-03 7.0872e-01 5.7879e-03 ] 2.2687e-01
 3.502e+01 7.7748e-01 7.7748e-01 [ 5.2321e-02 4.1350e-03 7.1521e-01 5.8214e-03 ] 2.2252e-01
 3.513e+01 7.7609e-01 7.7609e-01 [ 5.0088e-02 4.0338e-03 7.1612e-01 5.8470e-03 ] 2.2391e-01
 3.525e+01 7.6838e-01 7.6838e-01 [ 4.7698e-02 3.9088e-03 7.1091e-01 5.8614e-03 ] 2.3162e-01
 3.536e+01 7.5249e-01 7.5249e-01 [ 4.5063e-02 3.7524e-03 6.9782e-01 5.8512e-03 ] 2.4751e-01
 3.547e+01 7.2551e-01 7.2551e-01 [ 4.2036e-02 3.5516e-03 6.7413e-01 5.7931e-03 ] 2.7449e-01
 3.559e+01 6.8426e-01 6.8426e-01 [ 3.8462e-02 3.2928e-03 6.3685e-01 5.6566e-03 ] 3.1574e-01
 3.570e+01 6.2689e-01 6.2689e-01 [ 3.4267e-02 2.9690e-03 5.8424e-01 5.4143e-03 ] 3.7311e-01
 3.581e+01 5.5467e-01 5.5467e-01 [ 2.9541e-02 2.5876e-03 5.1749e-01 5.0553e-03 ] 4.4533e-01
 3.593e+01 4.7268e-01 4.7268e-01 [ 2.4563e-02 2.1733e-03 4.4135e-01 4.5954e-03 ] 5.2732e-01
 3.604e+01 3.8836e-01 3.8836e-01 [ 1.9709e-02 1.7602e-03 3.6282e-01 4.0737e-03 ] 6.1164e-01
 3.615e+01 3.0896e-01 3.0896e-01 [ 1.5318e-02 1.3802e-03 2.8873e-01 3.5374e-03 ] 6.9104e-01
 3.627e+01 2.3946e-01 2.3946e-01 [ 1.1597e-02 1.0539e-03 2.2379e-01 3.0266e-03 ] 7.6054e-01
 3.638e+01 1.8203e-01 1.8203e-01 [ 8.6057e-03 7.8859e-04 1.7006e-01 2.5662e-03 ] 8.1797e-01
 3.649e+01 1.3655e-01 1.3655e-01 [ 6.2957e-03 5.8165e-04 1.2750e-01 2.1668e-03 ] 8.6345e-01
 3.661e+01 1.0163e-01 1.0163e-01 [ 4.5632e-03 4.2502e-04 9.4817e-02 1.8283e-03 ] 8.9837e-01
 3.672e+01 7.5385e-02 7.5385e-02 [ 3.2900e-03 3.0891e-04 7.0240e-02 1.5453e-03 ] 9.2462e-01
 3.683e+01 5.5915e-02 5.5915e-02 [ 2.3666e-03 2.2402e-04 5.2014e-02 1.3102e-03 ] 9.4408e-01
 3.695e+01 4.1588e-02 4.1588e-02 [ 1.7025e-03 1.6247e-04 3.8608e-02 1.1150e-03 ] 9.5841e-01
 3.706e+01 3.1083e-02 3.1083e-02 [ 1.2270e-03 1.1805e-04 2.8786e-02 9.5270e-04 ] 9.6892e-01
 3.717e+01 2.3386e-02 2.3386e-02 [ 8.8702e-04 8.6040e-05 2.1596e-02 8.1730e-04 ] 9.7661e-01
 3.729e+01 1.7736e-02 1.7736e-02 [ 6.4387e-04 6.2970e-05 1.6326e-02 7.0389e-04 ] 9.8226e-01
 3.740e+01 1.3575e-02 1.3575e-02 [ 4.6966e-04 4.6313e-05 1.2451e-02 6.0847e-04 ] 9.8642e-01
 3.751e+01 1.0496e-02 1.0496e-02 [ 3.4449e-04 3.4251e-05 9.5895e-03 5.2786e-04 ] 9.8950e-01
 3.763e+01 8.2046e-03 8.2046e-03 [ 2.5425e-04 2.5486e-05 7.4654e-03 4.5947e-04 ] 9.9180e-01
 3.774e+01 6.4882e-03 6.4882e-03 [ 1.8892e-04 1.9092e-05 5.8789e-03 4.0124e-04 ] 9.9351e-01
 3.785e+01 5.1935e-03 5.1935e-03 [ 1.4142e-04 1.4407e-05 4.6861e-03 3.5148e-04 ] 9.9481e-01
 3.797e+01 4.2095e-03 4.2095e-03 [ 1.0673e-04 1.0958e-05 3.7830e-03 3.0882e-04 ] 9.9579e-01
 3.808e+01 3.4556e-03 3.4556e-03 [ 8.1265e-05 8.4077e-06 3.0938e-03 2.7213e-04 ] 9.9654e-01
 3.819e+01 2.8734e-03 2.8734e-03 [ 6.2488e-05 6.5124e-06 2.5639e-03 2.4049e-04 ] 9.9713e-01
 3.831e+01 2.4198e-03 2.4198e-03 [ 4.8570e-05 5.0973e-06 2.1530e-03 2.1312e-04 ] 9.9758e-01
 3.842e+01 2.0634e-03 2.0634e-03 [ 3.8201e-05 4.0355e-06 1.8318e-03 1.8938e-04 ] 9.9794e-01
 3.853e+01 1.7809e-03 1.7809e-03 [ 3.0436e-05 3.2349e-06 1.5785e-03 1.6873e-04 ] 9.9822e-01
 3.865e+01 1.5549e-03 1.5549e-03 [ 2.4589e-05 2.6283e-06 1.3770e-03 1.5074e-04 ] 9.9845e-01
 3.876e+01 1.3726e-03 1.3726e-03 [ 2.0161e-05 2.1664e-06 1.2153e-03 1.3501e-04 ] 9.9863e-01
 3.887e+01 1.2242e-03 1.2242e-03 [ 1.6788e-05 1.8129e-06 1.0844e-03 1.2124e-04 ] 9.9878e-01
 3.899e+01 1.1024e-03 1.1024e-03 [ 1.4202e-05 1.5409e-06 9.7748e-04 1.0915e-04 ] 9.9890e-01
 3.910e+01 1.0015e-03 1.0015e-03 [ 1.2206e-05 1.3305e-06 8.8944e-04 9.8507e-05 ] 9.9900e-01
 3.921e+01 9.1726e-04 9.1726e-04 [ 1.0654e-05 1.1668e-06 8.1632e-04 8.9123e-05 ] 9.9908e-01
 3.933e+01 8.4640e-04 8.4640e-04 [ 9.4370e-06 1.0387e-06 7.5510e-04 8.0830e-05 ] 9.9915e-01
 3.944e+01 7.8633e-04 7.8633e-04 [ 8.4738e-06 9.3763e-07 7.0343e-04 7.3484e-05 ] 9.9921e-01
 3.955e+01 7.3504e-04 7.3504e-04 [ 7.7038e-06 8.5738e-07 6.5952e-04 6.6965e-05 ] 9.9926e-01
 3.967e+01 6.9096e-04 6.9096e-04 [ 7.0810e-06 7.9309e-07 6.2191e-04 6.1168e-05 ] 9.9931e-01
 3.978e+01 6.5282e-04 6.5282e-04 [ 6.5709e-06 7.4106e-07 5.8951e-04 5.6003e-05 ] 9.9935e-01
 3.989e+01 6.1964e-04 6.1964e-04 [ 6.1472e-06 6.9850e-07 5.6141e-04 5.1391e-05 ] 9.9938e-01
 4.001e+01 5.9061e-04 5.9061e-04 [ 5.7902e-06 6.6325e-07 5.3689e-04 4.7266e-05 ] 9.9941e-01
 4.012e+01 5.6509e-04 5.6509e-04 [ 5.4844e-06 6.3363e-07 5.1540e-04 4.3570e-05 ] 9.9943e-01
 4.023e+01 5.4254e-04 5.4254e-04 [ 5.2183e-06 6.0836e-07 4.9646e-04 4.0252e-05 ] 9.9946e-01
 4.035e+01 5.2254e-04 5.2254e-04 [ 4.9830e-06 5.8644e-07 4.7970e-04 3.7267e-05 ] 9.9948e-01
 4.046e+01 5.0472e-04 5.0472e-04 [ 4.7716e-06 5.6710e-07 4.6480e-04 3.4579e-05 ] 9.9950e-01
 4.057e+01 4.8878e-04 4.8878e-04 [ 4.5789e-06 5.4974e-07 4.5150e-04 3.2153e-05 ] 9.9951e-01
 4.069e+01 4.7449e-04 4.7449e-04 [ 4.4008e-06 5.3388e-07 4.3960e-04 2.9960e-05 ] 9.9953e-01
 4.080e+01 4.6163e-04 4.6163e-04 [ 4.2342e-06 5.1915e-07 4.2890e-04 2.7975e-05 ] 9.9954e-01
 4.091e+01 4.5002e-04 4.5002e-04 [ 4.0767e-06 5.0528e-07 4.1927e-04 2.6174e-05 ] 9.9955e-01
 4.103e+01 4.3951e-04 4.3951e-04 [ 3.9264e-06 4.9203e-07 4.1055e-04 2.4539e-05 ] 9.9956e-01
 4.114e+01 4.2997e-04 4.2997e-04 [ 3.7821e-06 4.7924e-07 4.0266e-04 2.3052e-05 ] 9.9957e-01
 4.125e+01 4.2129e-04 4.2129e-04 [ 3.6426e-06 4.6677e-07 3.9548e-04 2.1697e-05 ] 9.9958e-01
 4.137e+01 4.1336e-04 4.1336e-04 [ 3.5072e-06 4.5453e-07 3.8894e-04 2.0460e-05 ] 9.9959e-01
 4.148e+01 4.0611e-04 4.0611e-04 [ 3.3752e-06 4.4244e-07 3.8296e-04 1.9331e-05 ] 9.9959e-01
 4.159e+01 3.9945e-04 3.9945e-04 [ 3.2463e-06 4.3044e-07 3.7747e-04 1.8297e-05 ] 9.9960e-01
 4.171e+01 3.9332e-04 3.9332e-04 [ 3.1201e-06 4.1849e-07 3.7243e-04 1.7350e-05 ] 9.9961e-01
 4.182e+01 3.8765e-04 3.8765e-04 [ 2.9965e-06 4.0656e-07 3.6777e-04 1.6481e-05 ] 9.9961e-01
 4.193e+01 3.8240e-04 3.8240e-04 [ 2.8754e-06 3.9465e-07 3.6345e-04 1.5682e-05 ] 9.9962e-01
 4.205e+01 3.7751e-04 3.7751e-04 [ 2.7566e-06 3.8274e-07 3.5942e-04 1.4947e-05 ] 9.9962e-01
 4.216e+01 3.7295e-04 3.7295e-04 [ 2.6402e-06 3.7084e-07 3.5566e-04 1.4270e-05 ] 9.9963e-01
 4.227e+01 3.6866e-04 3.6866e-04 [ 2.5261e-06 3.5894e-07 3.5213e-04 1.3645e-05 ] 9.9963e-01
 4.239e+01 3.6462e-04 3.6462e-04 [ 2.4145e-06 3.4706e-07 3.4879e-04 1.3068e-05 ] 9.9964e-01
 4.250e+01 3.6079e-04 3.6079e-04 [ 2.3052e-06 3.3521e-07 3.4561e-04 1.2533e-05 ] 9.9964e-01
 4.261e+01 3.5714e-04 3.5714e-04 [ 2.1985e-06 3.2340e-07 3.4258e-04 1.2038e-05 ] 9.9964e-01
 4.273e+01 3.5364e-04 3.5364e-04 [ 2.0944e-06 3.1164e-07 3.3965e-04 1.1578e-05 ] 9.9965e-01
 4.284e+01 3.5026e-04 3.5026e-04 [ 1.9930e-06 2.9997e-07 3.3682e-04 1.1150e-05 ] 9.9965e-01
 4.295e+01 3.4699e-04 3.4699e-04 [ 1.8942e-06 2.8839e-07 3.3406e-04 1.0752e-05 ] 9.9965e-01
 4.307e+01 3.4380e-04 3.4380e-04 [ 1.7983e-06 2.7692e-07 3.3135e-04 1.0381e-05 ] 9.9966e-01
 4.318e+01 3.4067e-04 3.4067e-04 [ 1.7052e-06 2.6559e-07 3.2867e-04 1.0035e-05 ] 9.9966e-01
 4.329e+01 3.3758e-04 3.3758e-04 [ 1.6149e-06 2.5440e-07 3.2600e-04 9.7105e-06 ] 9.9966e-01
 4.341e+01 3.3452e-04 3.3452e-04 [ 1.5277e-06 2.4339e-07 3.2334e-04 9.4067e-06 ] 9.9967e-01
 4.352e+01 3.3146e-04 3.3146e-04 [ 1.4434e-06 2.3256e-07 3.2066e-04 9.1215e-06 ] 9.9967e-01
 4.363e+01 3.2840e-04 3.2840e-04 [ 1.3621e-06 2.2194e-07 3.1796e-04 8.8534e-06 ] 9.9967e-01
 4.375e+01 3.2532e-04 3.2532e-04 [ 1.2838e-06 2.1153e-07 3.1522e-04 8.6009e-06 ] 9.9967e-01
 4.386e+01 3.2221e-04 3.2221e-04 [ 1.2085e-06 2.0136e-07 3.1243e-04 8.3625e-06 ] 9.9968e-01
 4.397e+01 3.1905e-04 3.1905e-04 [ 1.1363e-06 1.9143e-07 3.0959e-04 8.1372e-06 ] 9.9968e-01
 4.409e+01 3.1585e-04 3.1585e-04 [ 1.0671e-06 1.8176e-07 3.0667e-04 7.9238e-06 ] 9.9968e-01
 4.420e+01 3.1258e-04 3.1258e-04 [ 1.0009e-06 1.7237e-07 3.0369e-04 7.7212e-06 ] 9.9969e-01
 4.431e+01 3.0926e-04 3.0926e-04 [ 9.3762e-07 1.6325e-07 3.0063e-04 7.5286e-06 ] 9.9969e-01
 4.443e+01 3.0585e-04 3.0585e-04 [ 8.7729e-07 1.5441e-07 2.9748e-04 7.3450e-06 ] 9.9969e-01
 4.454e+01 3.0237e-04 3.0237e-04 [ 8.1985e-07 1.4587e-07 2.9424e-04 7.1698e-06 ] 9.9970e-01
 4.465e+01 2.9881e-04 2.9881e-04 [ 7.6524e-07 1.3763e-07 2.9091e-04 7.0022e-06 ] 9.9970e-01
 4.477e+01 2.9517e-04 2.9517e-04 [ 7.1340e-07 1.2969e-07 2.8748e-04 6.8415e-06 ] 9.9970e-01
 4.488e+01 2.9144e-04 2.9144e-04 [ 6.6427e-07 1.2205e-07 2.8396e-04 6.6872e-06 ] 9.9971e-01
 4.499e+01 2.8761e-04 2.8761e-04 [ 6.1777e-07 1.1471e-07 2.8034e-04 6.5387e-06 ] 9.9971e-01
 4.511e+01 2.8370e-04 2.8370e-04 [ 5.7384e-07 1.0769e-07 2.7663e-04 6.3955e-06 ] 9.9972e-01
 4.522e+01 2.7970e-04 2.7970e-04 [ 5.3239e-07 1.0096e-07 2.7281e-04 6.2572e-06 ] 9.9972e-01
 4.533e+01 2.7562e-04 2.7562e-04 [ 4.9335e-07 9.4538e-08 2.6891e-04 6.1233e-06 ] 9.9972e-01
 4.545e+01 2.7144e-04 2.7144e-04 [ 4.5662e-07 8.8413e-08 2.6490e-04 5.9935e-06 ] 9.9973e-01
 4.556e+01 2.6718e-04 2.6718e-04 [ 4.2213e-07 8.2582e-08 2.6081e-04 5.8675e-06 ] 9.9973e-01
 4.567e+01 2.6284e-04 2.6284e-04 [ 3.8978e-07 7.7041e-08 2.5663e-04 5.7448e-06 ] 9.9974e-01
 4.579e+01 2.5842e-04 2.5842e-04 [ 3.5949e-07 7.1782e-08 2.5237e-04 5.6253e-06 ] 9.9974e-01
 4.590e+01 2.5393e-04 2.5393e-04 [ 3.3116e-07 6.6801e-08 2.4803e-04 5.5086e-06 ] 9.9975e-01
 4.601e+01 2.4937e-04 2.4937e-04 [ 3.0471e-07 6.2089e-08 2.4361e-04 5.3946e-06 ] 9.9975e-01
 4.613e+01 2.4474e-04 2.4474e-04 [ 2.8005e-07 5.7640e-08 2.3912e-04 5.2830e-06 ] 9.9976e-01
 4.624e+01 2.4005e-04 2.4005e-04 [ 2.5709e-07 5.3445e-08 2.3457e-04 5.1737e-06 ] 9.9976e-01
 4.635e+01 2.3531e-04 2.3531e-04 [ 2.3574e-07 4.9496e-08 2.2996e-04 5.0664e-06 ] 9.9976e-01
 4.647e+01 2.3052e-04 2.3052e-04 [ 2.1591e-07 4.5783e-08 2.2530e-04 4.9610e-06 ] 9.9977e-01
 4.658e+01 2.2569e-04 2.2569e-04 [ 1.9753e-07 4.2299e-08 2.2059e-04 4.8575e-06 ] 9.9977e-01
 4.669e+01 2.2082e-04 2.2082e-04 [ 1.8051e-07 3.9033e-08 2.1585e-04 4.7555e-06 ] 9.9978e-01
 4.681e+01 2.1593e-04 2.1593e-04 [ 1.6477e-07 3.5978e-08 2.1107e-04 4.6552e-06 ] 9.9978e-01
 4.692e+01 2.1100e-04 2.1100e-04 [ 1.5024e-07 3.3123e-08 2.0626e-04 4.5563e-06 ] 9.9979e-01
 4.703e+01 2.0606e-04 2.0606e-04 [ 1.3683e-07 3.0459e-08 2.0144e-04 4.4587e-06 ] 9.9979e-01
 4.715e+01 2.0112e-04 2.0112e-04 [ 1.2449e-07 2.7977e-08 1.9660e-04 4.3625e-06 ] 9.9980e-01
 4.726e+01 1.9616e-04 1.9616e-04 [ 1.1313e-07 2.5667e-08 1.9176e-04 4.2675e-06 ] 9.9980e-01
 4.737e+01 1.9121e-04 1.9121e-04 [ 1.0270e-07 2.3522e-08 1.8691e-04 4.1737e-06 ] 9.9981e-01
 4.749e+01 1.8627e-04 1.8627e-04 [ 9.3128e-08 2.1531e-08 1.8207e-04 4.0810e-06 ] 9.9981e-01
 4.760e+01 1.8134e-04 1.8134e-04 [ 8.4358e-08 1.9687e-08 1.7725e-04 3.9894e-06 ] 9.9982e-01
 4.771e+01 1.7644e-04 1.7644e-04 [ 7.6333e-08 1.7981e-08 1.7244e-04 3.8989e-06 ] 9.9982e-01
 4.783e+01 1.7156e-04 1.7156e-04 [ 6.8998e-08 1.6404e-08 1.6766e-04 3.8095e-06 ] 9.9983e-01
 4.794e+01 1.6671e-04 1.6671e-04 [ 6.2302e-08 1.4949e-08 1.6291e-04 3.7211e-06 ] 9.9983e-01
 4.805e+01 1.6190e-04 1.6190e-04 [ 5.6197e-08 1.3608e-08 1.5820e-04 3.6337e-06 ] 9.9984e-01
 4.817e+01 1.5714e-04 1.5714e-04 [ 5.0638e-08 1.2374e-08 1.5353e-04 3.5473e-06 ] 9.9984e-01
 4.828e+01 1.5243e-04 1.5243e-04 [ 4.5582e-08 1.1240e-08 1.4891e-04 3.4619e-06 ] 9.9985e-01
 4.839e+01 1.4776e-04 1.4776e-04 [ 4.0988e-08 1.0199e-08 1.4433e-04 3.3775e-06 ] 9.9985e-01
 4.851e+01 1.4316e-04 1.4316e-04 [ 3.6820e-08 9.2441e-09 1.3982e-04 3.2941e-06 ] 9.9986e-01
 4.862e+01 1.3862e-04 1.3862e-04 [ 3.3042e-08 8.3700e-09 1.3536e-04 3.2118e-06 ] 9.9986e-01
 4.873e+01 1.3414e-04 1.3414e-04 [ 2.9623e-08 7.5706e-09 1.3097e-04 3.1304e-06 ] 9.9987e-01
 4.885e+01 1.2973e-04 1.2973e-04 [ 2.6530e-08 6.8404e-09 1.2665e-04 3.0501e-06 ] 9.9987e-01
 4.896e+01 1.2540e-04 1.2540e-04 [ 2.3737e-08 6.1743e-09 1.2240e-04 2.9708e-06 ] 9.9987e-01
 4.907e+01 1.2114e-04 1.2114e-04 [ 2.1218e-08 5.5673e-09 1.1822e-04 2.8925e-06 ] 9.9988e-01
 4.919e+01 1.1696e-04 1.1696e-04 [ 1.8947e-08 5.0149e-09 1.1413e-04 2.8153e-06 ] 9.9988e-01
 4.930e+01 1.1287e-04 1.1287e-04 [ 1.6903e-08 4.5128e-09 1.1011e-04 2.7392e-06 ] 9.9989e-01
 4.941e+01 1.0886e-04 1.0886e-04 [ 1.5065e-08 4.0568e-09 1.0617e-04 2.6642e-06 ] 9.9989e-01
 4.953e+01 1.0493e-04 1.0493e-04 [ 1.3414e-08 3.6433e-09 1.0232e-04 2.5903e-06 ] 9.9990e-01
 4.964e+01 1.0109e-04 1.0109e-04 [ 1.1932e-08 3.2688e-09 9.8556e-05 2.5175e-06 ] 9.9990e-01
 4.975e+01 9.7337e-05 9.7337e-05 [ 1.0605e-08 2.9298e-09 9.4878e-05 2.4458e-06 ] 9.9990e-01
 4.987e+01 9.3676e-05 9.3676e-05 [ 9.4160e-09 2.6235e-09 9.1289e-05 2.3752e-06 ] 9.9991e-01
 4.998e+01 9.0106e-05 9.0106e-05 [ 8.3528e-09 2.3469e-09 8.7790e-05 2.3059e-06 ] 9.9991e-01
 5.009e+01 8.6627e-05 8.6627e-05 [ 7.4028e-09 2.0974e-09 8.4380e-05 2.2376e-06 ] 9.9991e-01
 5.021e+01 8.3241e-05 8.3241e-05 [ 6.5549e-09 1.8727e-09 8.1062e-05 2.1706e-06 ] 9.9992e-01
 5.032e+01 7.9946e-05 7.9946e-05 [ 5.7988e-09 1.6705e-09 7.7834e-05 2.1048e-06 ] 9.9992e-01
 5.043e+01 7.6744e-05 7.6744e-05 [ 5.1254e-09 1.4888e-09 7.4697e-05 2.0401e-06 ] 9.9992e-01
 5.055e+01 7.3634e-05 7.3634e-05 [ 4.5261e-09 1.3255e-09 7.1651e-05 1.9767e-06 ] 9.9993e-01
 5.066e+01 7.0615e-05 7.0615e-05 [ 3.9934e-09 1.1791e-09 6.8696e-05 1.9145e-06 ] 9.9993e-01
 5.077e+01 6.7688e-05 6.7688e-05 [ 3.5203e-09 1.0479e-09 6.5830e-05 1.8535e-06 ] 9.9993e-01
 5.089e+01 6.4852e-05 6.4852e-05 [ 3.1005e-09 9.3048e-10 6.3054e-05 1.7937e-06 ] 9.9994e-01
 5.100e+01 6.2105e-05 6.2105e-05 [ 2.7284e-09 8.2545e-10 6.0366e-05 1.7352e-06 ] 9.9994e-01
 5.111e+01 5.9447e-05 5.9447e-05 [ 2.3989e-09 7.3163e-10 5.7765e-05 1.6780e-06 ] 9.9994e-01
 5.123e+01 5.6876e-05 5.6876e-05 [ 2.1074e-09 6.4789e-10 5.5251e-05 1.6220e-06 ] 9.9994e-01
 5.134e+01 5.4392e-05 5.4392e-05 [ 1.8498e-09 5.7323e-10 5.2823e-05 1.5672e-06 ] 9.9995e-01
 5.145e+01 5.1993e-05 5.1993e-05 [ 1.6223e-09 5.0674e-10 5.0478e-05 1.5137e-06 ] 9.9995e-01
 5.157e+01 4.9679e-05 4.9679e-05 [ 1.4216e-09 4.4756e-10 4.8215e-05 1.4614e-06 ] 9.9995e-01
 5.168e+01 4.7446e-05 4.7446e-05 [ 1.2447e-09 3.9496e-10 4.6034e-05 1.4103e-06 ] 9.9995e-01
 5.179e+01 4.5294e-05 4.5294e-05 [ 1.0889e-09 3.4825e-10 4.3932e-05 1.3606e-06 ] 9.9995e-01
 5.191e+01 4.3221e-05 4.3221e-05 [ 9.5181e-10 3.0680e-10 4.1908e-05 1.3120e-06 ] 9.9996e-01
 5.202e+01 4.1226e-05 4.1226e-05 [ 8.3133e-10 2.7005e-10 3.9960e-05 1.2647e-06 ] 9.9996e-01
 5.213e+01 3.9306e-05 3.9306e-05 [ 7.2551e-10 2.3751e-10 3.8086e-05 1.2186e-06 ] 9.9996e-01
 5.225e+01 3.7460e-05 3.7460e-05 [ 6.3266e-10 2.0872e-10 3.6285e-05 1.1737e-06 ] 9.9996e-01
 5.236e+01 3.5686e-05 3.5686e-05 [ 5.5126e-10 1.8327e-10 3.4555e-05 1.1300e-06 ] 9.9996e-01
 5.247e+01 3.3982e-05 3.3982e-05 [ 4.7995e-10 1.6079e-10 3.2894e-05 1.0875e-06 ] 9.9997e-01
 5.259e+01 3.2346e-05 3.2346e-05 [ 4.1754e-10 1.4095e-10 3.1300e-05 1.0462e-06 ] 9.9997e-01
 5.270e+01 3.0777e-05 3.0777e-05 [ 3.6297e-10 1.2346e-10 2.9771e-05 1.0061e-06 ] 9.9997e-01
 5.281e+01 2.9273e-05 2.9273e-05 [ 3.1529e-10 1.0806e-10 2.8306e-05 9.6708e-07 ] 9.9997e-01
 5.293e+01 2.7831e-05 2.7831e-05 [ 2.7366e-10 9.4499e-11 2.6902e-05 9.2925e-07 ] 9.9997e-01
 5.304e+01 2.6450e-05 2.6450e-05 [ 2.3735e-10 8.2578e-11 2.5557e-05 8.9254e-07 ] 9.9997e-01
 5.315e+01 2.5128e-05 2.5128e-05 [ 2.0570e-10 7.2105e-11 2.4271e-05 8.5695e-07 ] 9.9997e-01
 5.327e+01 2.3863e-05 2.3863e-05 [ 1.7814e-10 6.2911e-11 2.3040e-05 8.2246e-07 ] 9.9998e-01
 5.338e+01 2.2653e-05 2.2653e-05 [ 1.5416e-10 5.4847e-11 2.1864e-05 7.8904e-07 ] 9.9998e-01
 5.349e+01 2.1496e-05 2.1496e-05 [ 1.3331e-10 4.7781e-11 2.0740e-05 7.5669e-07 ] 9.9998e-01
 5.361e+01 2.0391e-05 2.0391e-05 [ 1.1519e-10 4.1593e-11 1.9666e-05 7.2538e-07 ] 9.9998e-01
 5.372e+01 1.9336e-05 1.9336e-05 [ 9.9465e-11 3.6180e-11 1.8641e-05 6.9509e-07 ] 9.9998e-01
 5.383e+01 1.8328e-05 1.8328e-05 [ 8.5824e-11 3.1448e-11 1.7662e-05 6.6582e-07 ] 9.9998e-01
 5.395e+01 1.7367e-05 1.7367e-05 [ 7.4001e-11 2.7314e-11 1.6729e-05 6.3752e-07 ] 9.9998e-01
 5.406e+01 1.6450e-05 1.6450e-05 [ 6.3762e-11 2.3706e-11 1.5840e-05 6.1020e-07 ] 9.9998e-01
 5.417e+01 1.5576e-05 1.5576e-05 [ 5.4900e-11 2.0560e-11 1.4993e-05 5.8382e-07 ] 9.9998e-01
 5.429e+01 1.4744e-05 1.4744e-05 [ 4.7237e-11 1.7819e-11 1.4185e-05 5.5837e-07 ] 9.9999e-01
 5.440e+01 1.3951e-05 1.3951e-05 [ 4.0616e-11 1.5431e-11 1.3417e-05 5.3382e-07 ] 9.9999e-01
 5.451e+01 1.3196e-05 1.3196e-05 [ 3.4898e-11 1.3355e-11 1.2686e-05 5.1016e-07 ] 9.9999e-01
 5.463e+01 1.2477e-05 1.2477e-05 [ 2.9965e-11 1.1549e-11 1.1990e-05 4.8736e-07 ] 9.9999e-01
 5.474e+01 1.1794e-05 1.1794e-05 [ 2.5712e-11 9.9807e-12 1.1328e-05 4.6541e-07 ] 9.9999e-01
 5.485e+01 1.1144e-05 1.1144e-05 [ 2.2047e-11 8.6193e-12 1.0700e-05 4.4427e-07 ] 9.9999e-01
 5.497e+01 1.0527e-05 1.0527e-05 [ 1.8892e-11 7.4384e-12 1.0103e-05 4.2393e-07 ] 9.9999e-01
 5.508e+01 9.9401e-06 9.9401e-06 [ 1.6178e-11 6.4148e-12 9.5357e-06 4.0438e-07 ] 9.9999e-01
 5.519e+01 9.3830e-06 9.3830e-06 [ 1.3845e-11 5.5283e-12 8.9974e-06 3.8558e-07 ] 9.9999e-01
 5.531e+01 8.8542e-06 8.8542e-06 [ 1.1840e-11 4.7611e-12 8.4867e-06 3.6752e-07 ] 9.9999e-01
 5.542e+01 8.3524e-06 8.3524e-06 [ 1.0119e-11 4.0976e-12 8.0023e-06 3.5017e-07 ] 9.9999e-01
 5.553e+01 7.8765e-06 7.8765e-06 [ 8.6424e-12 3.5242e-12 7.5430e-06 3.3352e-07 ] 9.9999e-01
 5.565e+01 7.4253e-06 7.4253e-06 [ 7.3766e-12 3.0290e-12 7.1078e-06 3.1754e-07 ] 9.9999e-01
 5.576e+01 6.9977e-06 6.9977e-06 [ 6.2922e-12 2.6016e-12 6.6954e-06 3.0221e-07 ] 9.9999e-01
 5.587e+01 6.5925e-06 6.5925e-06 [ 5.3637e-12 2.2331e-12 6.3050e-06 2.8752e-07 ] 9.9999e-01
 5.599e+01 6.2088e-06 6.2088e-06 [ 4.5694e-12 1.9155e-12 5.9354e-06 2.7345e-07 ] 9.9999e-01
 5.610e+01 5.8456e-06 5.8456e-06 [ 3.8902e-12 1.6421e-12 5.5856e-06 2.5996e-07 ] 9.9999e-01
 5.621e+01 5.5019e-06 5.5019e-06 [ 3.3099e-12 1.4067e-12 5.2548e-06 2.4705e-07 ] 9.9999e-01
 5.633e+01 5.1767e-06 5.1767e-06 [ 2.8145e-12 1.2043e-12 4.9420e-06 2.3470e-07 ] 9.9999e-01
 5.644e+01 4.8692e-06 4.8692e-06 [ 2.3917e-12 1.0304e-12 4.6463e-06 2.2288e-07 ] 1.0000e+00
 5.655e+01 4.5786e-06 4.5786e-06 [ 2.0311e-12 8.8104e-13 4.3670e-06 2.1159e-07 ] 1.0000e+00
 5.667e+01 4.3039e-06 4.3039e-06 [ 1.7239e-12 7.5285e-13 4.1031e-06 2.0079e-07 ] 1.0000e+00
 5.678e+01 4.0445e-06 4.0445e-06 [ 1.4623e-12 6.4291e-13 3.8540e-06 1.9047e-07 ] 1.0000e+00
 5.689e+01 3.7995e-06 3.7995e-06 [ 1.2396e-12 5.4868e-13 3.6189e-06 1.8062e-07 ] 1.0000e+00
 5.701e+01 3.5682e-06 3.5682e-06 [ 1.0502e-12 4.6798e-13 3.3970e-06 1.7122e-07 ] 1.0000e+00
 5.712e+01 3.3500e-06 3.3500e-06 [ 8.8919e-13 3.9890e-13 3.1878e-06 1.6225e-07 ] 1.0000e+00
 5.723e+01 3.1442e-06 3.1442e-06 [ 7.5244e-13 3.3980e-13 2.9905e-06 1.5370e-07 ] 1.0000e+00
 5.735e+01 2.9501e-06 2.9501e-06 [ 6.3634e-13 2.8929e-13 2.8046e-06 1.4554e-07 ] 1.0000e+00
 5.746e+01 2.7672e-06 2.7672e-06 [ 5.3783e-13 2.4614e-13 2.6294e-06 1.3777e-07 ] 1.0000e+00
 5.757e+01 2.5948e-06 2.5948e-06 [ 4.5432e-13 2.0930e-13 2.4645e-06 1.3037e-07 ] 1.0000e+00
 5.769e+01 2.4324e-06 2.4324e-06 [ 3.8355e-13 1.7786e-13 2.3091e-06 1.2332e-07 ] 1.0000e+00
 5.780e+01 2.2795e-06 2.2795e-06 [ 3.2361e-13 1.5106e-13 2.1629e-06 1.1661e-07 ] 1.0000e+00
 5.791e+01 2.1356e-06 2.1356e-06 [ 2.7289e-13 1.2822e-13 2.0254e-06 1.1023e-07 ] 1.0000e+00
 5.803e+01 2.0002e-06 2.0002e-06 [ 2.2998e-13 1.0877e-13 1.8960e-06 1.0416e-07 ] 1.0000e+00
 5.814e+01 1.8728e-06 1.8728e-06 [ 1.9371e-13 9.2218e-14 1.7744e-06 9.8394e-08 ] 1.0000e+00
 5.825e+01 1.7530e-06 1.7530e-06 [ 1.6307e-13 7.8138e-14 1.6600e-06 9.2914e-08 ] 1.0000e+00
 5.837e+01 1.6403e-06 1.6403e-06 [ 1.3720e-13 6.6170e-14 1.5526e-06 8.7708e-08 ] 1.0000e+00
 5.848e+01 1.5345e-06 1.5345e-06 [ 1.1537e-13 5.6002e-14 1.4517e-06 8.2765e-08 ] 1.0000e+00
 5.859e+01 1.4350e-06 1.4350e-06 [ 9.6958e-14 4.7370e-14 1.3570e-06 7.8074e-08 ] 1.0000e+00
 5.871e+01 1.3416e-06 1.3416e-06 [ 8.1439e-14 4.0045e-14 1.2680e-06 7.3624e-08 ] 1.0000e+00
 5.882e+01 1.2540e-06 1.2540e-06 [ 6.8367e-14 3.3834e-14 1.1846e-06 6.9404e-08 ] 1.0000e+00
 5.893e+01 1.1717e-06 1.1717e-06 [ 5.7362e-14 2.8570e-14 1.1063e-06 6.5404e-08 ] 1.0000e+00
 5.905e+01 1.0944e-06 1.0944e-06 [ 4.8102e-14 2.4112e-14 1.0328e-06 6.1613e-08 ] 1.0000e+00
 5.916e+01 1.0220e-06 1.0220e-06 [ 4.0315e-14 2.0338e-14 9.6400e-07 5.8022e-08 ] 1.0000e+00
 5.927e+01 9.5412e-07 9.5412e-07 [ 3.3770e-14 1.7145e-14 8.9950e-07 5.4623e-08 ] 1.0000e+00
 5.939e+01 8.9047e-07 8.9047e-07 [ 2.8273e-14 1.4445e-14 8.3906e-07 5.1405e-08 ] 1.0000e+00
 5.950e+01 8.3082e-07 8.3082e-07 [ 2.3658e-14 1.2164e-14 7.8246e-07 4.8360e-08 ] 1.0000e+00
 5.961e+01 7.7495e-07 7.7495e-07 [ 1.9785e-14 1.0238e-14 7.2947e-07 4.5481e-08 ] 1.0000e+00
 5.973e+01 7.2263e-07 7.2263e-07 [ 1.6538e-14 8.6114e-15 6.7987e-07 4.2759e-08 ] 1.0000e+00
 5.984e+01 6.7365e-07 6.7365e-07 [ 1.3817e-14 7.2396e-15 6.3346e-07 4.0187e-08 ] 1.0000e+00
 5.995e+01 6.2780e-07 6.2780e-07 [ 1.1537e-14 6.0831e-15 5.9005e-07 3.7756e-08 ] 1.0000e+00
 6.007e+01 5.8492e-07 5.8492e-07 [ 9.6282e-15 5.1086e-15 5.4945e-07 3.5461e-08 ] 1.0000e+00
 6.018e+01 5.4480e-07 5.4480e-07 [ 8.0311e-15 4.2879e-15 5.1151e-07 3.3295e-08 ] 1.0000e+00
 6.029e+01 5.0729e-07 5.0729e-07 [ 6.6955e-15 3.5971e-15 4.7604e-07 3.1251e-08 ] 1.0000e+00
 6.041e+01 4.7224e-07 4.7224e-07 [ 5.5791e-15 3.0160e-15 4.4291e-07 2.9322e-08 ] 1.0000e+00
 6.052e+01 4.3948e-07 4.3948e-07 [ 4.6465e-15 2.5274e-15 4.1197e-07 2.7504e-08 ] 1.0000e+00
 6.063e+01 4.0887e-07 4.0887e-07 [ 3.8677e-15 2.1169e-15 3.8308e-07 2.5790e-08 ] 1.0000e+00
 6.075e+01 3.8029e-07 3.8029e-07 [ 3.2179e-15 1.7721e-15 3.5612e-07 2.4175e-08 ] 1.0000e+00
 6.086e+01 3.5361e-07 3.5361e-07 [ 2.6759e-15 1.4827e-15 3.3096e-07 2.2654e-08 ] 1.0000e+00
 6.097e+01 3.2871e-07 3.2871e-07 [ 2.2240e-15 1.2399e-15 3.0749e-07 2.1221e-08 ] 1.0000e+00
 6.109e+01 3.0548e-07 3.0548e-07 [ 1.8475e-15 1.0363e-15 2.8561e-07 1.9873e-08 ] 1.0000e+00
 6.120e+01 2.8381e-07 2.8381e-07 [ 1.5340e-15 8.6575e-16 2.6520e-07 1.8604e-08 ] 1.0000e+00
 6.131e+01 2.6360e-07 2.6360e-07 [ 1.2730e-15 7.2287e-16 2.4619e-07 1.7411e-08 ] 1.0000e+00
 6.143e+01 2.4476e-07 2.4476e-07 [ 1.0560e-15 6.0325e-16 2.2848e-07 1.6289e-08 ] 1.0000e+00
 6.154e+01 2.2721e-07 2.2721e-07 [ 8.7545e-16 5.0318e-16 2.1198e-07 1.5235e-08 ] 1.0000e+00
 6.165e+01 2.1086e-07 2.1086e-07 [ 7.2543e-16 4.1949e-16 1.9661e-07 1.4244e-08 ] 1.0000e+00
 6.177e+01 1.9563e-07 1.9563e-07 [ 6.0083e-16 3.4954e-16 1.8231e-07 1.3314e-08 ] 1.0000e+00
 6.188e+01 1.8145e-07 1.8145e-07 [ 4.9738e-16 2.9111e-16 1.6901e-07 1.2440e-08 ] 1.0000e+00
 6.199e+01 1.6825e-07 1.6825e-07 [ 4.1155e-16 2.4232e-16 1.5663e-07 1.1620e-08 ] 1.0000e+00
 6.211e+01 1.5597e-07 1.5597e-07 [ 3.4036e-16 2.0161e-16 1.4512e-07 1.0851e-08 ] 1.0000e+00
 6.222e+01 1.4454e-07 1.4454e-07 [ 2.8134e-16 1.6765e-16 1.3441e-07 1.0129e-08 ] 1.0000e+00
 6.233e+01 1.3392e-07 1.3392e-07 [ 2.3245e-16 1.3935e-16 1.2446e-07 9.4527e-09 ] 1.0000e+00
 6.245e+01 1.2404e-07 1.2404e-07 [ 1.9196e-16 1.1576e-16 1.1522e-07 8.8185e-09 ] 1.0000e+00
 6.256e+01 1.1486e-07 1.1486e-07 [ 1.5844e-16 9.6122e-17 1.0663e-07 8.2244e-09 ] 1.0000e+00
 6.267e+01 1.0633e-07 1.0633e-07 [ 1.3072e-16 7.9774e-17 9.8659e-08 7.6678e-09 ] 1.0000e+00
 6.279e+01 9.8403e-08 9.8403e-08 [ 1.0779e-16 6.6174e-17 9.1256e-08 7.1468e-09 ] 1.0000e+00
 6.290e+01 9.1045e-08 9.1045e-08 [ 8.8845e-17 5.4865e-17 8.4386e-08 6.6590e-09 ] 1.0000e+00
 6.301e+01 8.4214e-08 8.4214e-08 [ 7.3193e-17 4.5467e-17 7.8011e-08 6.2027e-09 ] 1.0000e+00
 6.313e+01 7.7874e-08 7.7874e-08 [ 6.0270e-17 3.7660e-17 7.2099e-08 5.7758e-09 ] 1.0000e+00
 6.324e+01 7.1993e-08 7.1993e-08 [ 4.9605e-17 3.1178e-17 6.6616e-08 5.3767e-09 ] 1.0000e+00
 6.335e+01 6.6537e-08 6.6537e-08 [ 4.0807e-17 2.5800e-17 6.1533e-08 5.0036e-09 ] 1.0000e+00
 6.347e+01 6.1478e-08 6.1478e-08 [ 3.3554e-17 2.1338e-17 5.6823e-08 4.6549e-09 ] 1.0000e+00
 6.358e+01 5.6789e-08 5.6789e-08 [ 2.7578e-17 1.7640e-17 5.2459e-08 4.3293e-09 ] 1.0000e+00
 6.369e+01 5.2443e-08 5.2443e-08 [ 2.2655e-17 1.4576e-17 4.8417e-08 4.0252e-09 ] 1.0000e+00
 6.381e+01 4.8416e-08 4.8416e-08 [ 1.8602e-17 1.2038e-17 4.4675e-08 3.7413e-09 ] 1.0000e+00
 6.392e+01 4.4687e-08 4.4687e-08 [ 1.5267e-17 9.9373e-18 4.1210e-08 3.4764e-09 ] 1.0000e+00
 6.403e+01 4.1234e-08 4.1234e-08 [ 1.2524e-17 8.1993e-18 3.8005e-08 3.2292e-09 ] 1.0000e+00
 6.415e+01 3.8037e-08 3.8037e-08 [ 1.0269e-17 6.7620e-18 3.5038e-08 2.9988e-09 ] 1.0000e+00
 6.426e+01 3.5079e-08 3.5079e-08 [ 8.4163e-18 5.5740e-18 3.2295e-08 2.7839e-09 ] 1.0000e+00
 6.437e+01 3.2342e-08 3.2342e-08 [ 6.8945e-18 4.5925e-18 2.9759e-08 2.5837e-09 ] 1.0000e+00
 6.449e+01 2.9811e-08 2.9811e-08 [ 5.6453e-18 3.7821e-18 2.7414e-08 2.3971e-09 ] 1.0000e+00
 6.460e+01 2.7471e-08 2.7471e-08 [ 4.6203e-18 3.1132e-18 2.5247e-08 2.2233e-09 ] 1.0000e+00
 6.471e+01 2.5307e-08 2.5307e-08 [ 3.7797e-18 2.5613e-18 2.3246e-08 2.0616e-09 ] 1.0000e+00
 6.483e+01 2.3308e-08 2.3308e-08 [ 3.0906e-18 2.1064e-18 2.1397e-08 1.9110e-09 ] 1.0000e+00
 6.494e+01 2.1461e-08 2.1461e-08 [ 2.5260e-18 1.7314e-18 1.9690e-08 1.7709e-09 ] 1.0000e+00
 6.505e+01 1.9755e-08 1.9755e-08 [ 2.0635e-18 1.4225e-18 1.8115e-08 1.6406e-09 ] 1.0000e+00
 6.517e+01 1.8180e-08 1.8180e-08 [ 1.6850e-18 1.1681e-18 1.6661e-08 1.5194e-09 ] 1.0000e+00
 6.528e+01 1.6726e-08 1.6726e-08 [ 1.3753e-18 9.5884e-19 1.5319e-08 1.4067e-09 ] 1.0000e+00
 6.539e+01 1.5384e-08 1.5384e-08 [ 1.1220e-18 7.8667e-19 1.4082e-08 1.3021e-09 ] 1.0000e+00
 6.551e+01 1.4146e-08 1.4146e-08 [ 9.1490e-19 6.4511e-19 1.2942e-08 1.2048e-09 ] 1.0000e+00
 6.562e+01 1.3005e-08 1.3005e-08 [ 7.4571e-19 5.2878e-19 1.1890e-08 1.1145e-09 ] 1.0000e+00
 6.573e+01 1.1952e-08 1.1952e-08 [ 6.0753e-19 4.3323e-19 1.0921e-08 1.0307e-09 ] 1.0000e+00
 6.585e+01 1.0982e-08 1.0982e-08 [ 4.9474e-19 3.5478e-19 1.0029e-08 9.5285e-10 ] 1.0000e+00
 6.596e+01 1.0087e-08 1.0087e-08 [ 4.0270e-19 2.9040e-19 9.2068e-09 8.8066e-10 ] 1.0000e+00
 6.607e+01 9.2635e-09 9.2635e-09 [ 3.2764e-19 2.3759e-19 8.4499e-09 8.1369e-10 ] 1.0000e+00
 6.619e+01 8.5047e-09 8.5047e-09 [ 2.6645e-19 1.9430e-19 7.7531e-09 7.5160e-10 ] 1.0000e+00
 6.630e+01 7.8060e-09 7.8060e-09 [ 2.1659e-19 1.5882e-19 7.1120e-09 6.9405e-10 ] 1.0000e+00
 6.641e+01 7.1629e-09 7.1629e-09 [ 1.7598e-19 1.2976e-19 6.5221e-09 6.4071e-10 ] 1.0000e+00
 6.653e+01 6.5710e-09 6.5710e-09 [ 1.4292e-19 1.0597e-19 5.9796e-09 5.9131e-10 ] 1.0000e+00
 6.664e+01 6.0264e-09 6.0264e-09 [ 1.1602e-19 8.6504e-20 5.4808e-09 5.4555e-10 ] 1.0000e+00
 6.675e+01 5.5255e-09 5.5255e-09 [ 9.4140e-20 7.0580e-20 5.0223e-09 5.0319e-10 ] 1.0000e+00
 6.687e+01 5.0650e-09 5.0650e-09 [ 7.6353e-20 5.7561e-20 4.6010e-09 4.6399e-10 ] 1.0000e+00
 6.698e+01 4.6416e-09 4.6416e-09 [ 6.1899e-20 4.6922e-20 4.2139e-09 4.2772e-10 ] 1.0000e+00
 6.709e+01 4.2525e-09 4.2525e-09 [ 5.0159e-20 3.8232e-20 3.8583e-09 3.9417e-10 ] 1.0000e+00
 6.721e+01 3.8950e-09 3.8950e-09 [ 4.0628e-20 3.1138e-20 3.5319e-09 3.6315e-10 ] 1.0000e+00
 6.732e+01 3.5666e-09 3.5666e-09 [ 3.2893e-20 2.5348e-20 3.2322e-09 3.3447e-10 ] 1.0000e+00
 6.743e+01 3.2651e-09 3.2651e-09 [ 2.6619e-20 2.0626e-20 2.9571e-09 3.0797e-10 ] 1.0000e+00
 6.755e+01 2.9883e-09 2.9883e-09 [ 2.1532e-20 1.6775e-20 2.7048e-09 2.8349e-10 ] 1.0000e+00
 6.766e+01 2.7342e-09 2.7342e-09 [ 1.7410e-20 1.3638e-20 2.4734e-09 2.6088e-10 ] 1.0000e+00
 6.777e+01 2.5011e-09 2.5011e-09 [ 1.4070e-20 1.1082e-20 2.2611e-09 2.4000e-10 ] 1.0000e+00
 6.789e+01 2.2873e-09 2.2873e-09 [ 1.1366e-20 9.0012e-21 2.0666e-09 2.2074e-10 ] 1.0000e+00
 6.800e+01 2.0913e-09 2.0913e-09 [ 9.1782e-21 7.3078e-21 1.8883e-09 2.0296e-10 ] 1.0000e+00
 6.811e+01 1.9115e-09 1.9115e-09 [ 7.4079e-21 5.9303e-21 1.7249e-09 1.8656e-10 ] 1.0000e+00
 6.823e+01 1.7467e-09 1.7467e-09 [ 5.9765e-21 4.8103e-21 1.5753e-09 1.7144e-10 ] 1.0000e+00
 6.834e+01 1.5958e-09 1.5958e-09 [ 4.8196e-21 3.9001e-21 1.4383e-09 1.5750e-10 ] 1.0000e+00
 6.845e+01 1.4575e-09 1.4575e-09 [ 3.8849e-21 3.1607e-21 1.3128e-09 1.4465e-10 ] 1.0000e+00
 6.857e+01 1.3308e-09 1.3308e-09 [ 3.1301e-21 2.5604e-21 1.1980e-09 1.3282e-10 ] 1.0000e+00
 6.868e+01 1.2149e-09 1.2149e-09 [ 2.5209e-21 2.0731e-21 1.0930e-09 1.2191e-10 ] 1.0000e+00
 6.879e+01 1.1088e-09 1.1088e-09 [ 2.0294e-21 1.6779e-21 9.9688e-10 1.1188e-10 ] 1.0000e+00
 6.891e+01 1.0116e-09 1.0116e-09 [ 1.6330e-21 1.3574e-21 9.0899e-10 1.0264e-10 ] 1.0000e+00
 6.902e+01 9.2278e-10 9.2278e-10 [ 1.3134e-21 1.0976e-21 8.2865e-10 9.4131e-11 ] 1.0000e+00
 6.913e+01 8.4152e-10 8.4152e-10 [ 1.0559e-21 8.8714e-22 7.5521e-10 8.6308e-11 ] 1.0000e+00
 6.925e+01 7.6722e-10 7.6722e-10 [ 8.4857e-22 7.1672e-22 6.8810e-10 7.9113e-11 ] 1.0000e+00
 6.936e+01 6.9930e-10 6.9930e-10 [ 6.8163e-22 5.7879e-22 6.2680e-10 7.2498e-11 ] 1.0000e+00
 6.947e+01 6.3723e-10 6.3723e-10 [ 5.4729e-22 4.6719e-22 5.7081e-10 6.6417e-11 ] 1.0000e+00
 6.959e+01 5.8052e-10 5.8052e-10 [ 4.3924e-22 3.7695e-22 5.1969e-10 6.0830e-11 ] 1.0000e+00
 6.970e+01 5.2873e-10 5.2873e-10 [ 3.5237e-22 3.0400e-22 4.7303e-10 5.5697e-11 ] 1.0000e+00
 6.981e+01 4.8143e-10 4.8143e-10 [ 2.8256e-22 2.4506e-22 4.3045e-10 5.0983e-11 ] 1.0000e+00
 6.993e+01 4.3826e-10 4.3826e-10 [ 2.2648e-22 1.9747e-22 3.9160e-10 4.6656e-11 ] 1.0000e+00
 7.004e+01 3.9885e-10 3.9885e-10 [ 1.8146e-22 1.5904e-22 3.5617e-10 4.2684e-11 ] 1.0000e+00
 7.015e+01 3.6290e-10 3.6290e-10 [ 1.4532e-22 1.2804e-22 3.2386e-10 3.9039e-11 ] 1.0000e+00
 7.027e+01 3.3010e-10 3.3010e-10 [ 1.1633e-22 1.0304e-22 2.9441e-10 3.5696e-11 ] 1.0000e+00
 7.038e+01 3.0019e-10 3.0019e-10 [ 9.3082e-23 8.2879e-23 2.6756e-10 3.2630e-11 ] 1.0000e+00
 7.049e+01 2.7293e-10 2.7293e-10 [ 7.4449e-23 6.6635e-23 2.4311e-10 2.9820e-11 ] 1.0000e+00
 7.061e+01 2.4808e-10 2.4808e-10 [ 5.9520e-23 5.3552e-23 2.2083e-10 2.7244e-11 ] 1.0000e+00
 7.072e+01 2.2543e-10 2.2543e-10 [ 4.7565e-23 4.3019e-23 2.0055e-10 2.4883e-11 ] 1.0000e+00
 7.083e+01 2.0480e-10 2.0480e-10 [ 3.7994e-23 3.4543e-23 1.8208e-10 2.2722e-11 ] 1.0000e+00
 7.095e+01 1.8601e-10 1.8601e-10 [ 3.0337e-23 2.7725e-23 1.6527e-10 2.0742e-11 ] 1.0000e+00
 7.106e+01 1.6890e-10 1.6890e-10 [ 2.4212e-23 2.2243e-23 1.4997e-10 1.8929e-11 ] 1.0000e+00
 7.117e+01 1.5333e-10 1.5333e-10 [ 1.9316e-23 1.7837e-23 1.3606e-10 1.7271e-11 ] 1.0000e+00
 7.129e+01 1.3916e-10 1.3916e-10 [ 1.5403e-23 1.4297e-23 1.2341e-10 1.5753e-11 ] 1.0000e+00
 7.140e+01 1.2627e-10 1.2627e-10 [ 1.2278e-23 1.1456e-23 1.1190e-10 1.4365e-11 ] 1.0000e+00
 7.151e+01 1.1454e-10 1.1454e-10 [ 9.7824e-24 9.1745e-24 1.0144e-10 1.3096e-11 ] 1.0000e+00
 7.163e+01 1.0387e-10 1.0387e-10 [ 7.7909e-24 7.3445e-24 9.1939e-11 1.1935e-11 ] 1.0000e+00
 7.174e+01 9.4179e-11 9.4179e-11 [ 6.2022e-24 5.8770e-24 8.3305e-11 1.0875e-11 ] 1.0000e+00
 7.185e+01 8.5369e-11 8.5369e-11 [ 4.9354e-24 4.7007e-24 7.5463e-11 9.9059e-12 ] 1.0000e+00
 7.197e+01 7.7363e-11 7.7363e-11 [ 3.9256e-24 3.7582e-24 6.8342e-11 9.0209e-12 ] 1.0000e+00
 7.208e+01 7.0090e-11 7.0090e-11 [ 3.1212e-24 3.0034e-24 6.1877e-11 8.2128e-12 ] 1.0000e+00
 7.219e+01 6.3486e-11 6.3486e-11 [ 2.4805e-24 2.3991e-24 5.6010e-11 7.4751e-12 ] 1.0000e+00
 7.231e+01 5.7489e-11 5.7489e-11 [ 1.9705e-24 1.9156e-24 5.0687e-11 6.8018e-12 ] 1.0000e+00
 7.242e+01 5.2046e-11 5.2046e-11 [ 1.5647e-24 1.5289e-24 4.5858e-11 6.1875e-12 ] 1.0000e+00
 7.253e+01 4.7106e-11 4.7106e-11 [ 1.2420e-24 1.2198e-24 4.1479e-11 5.6272e-12 ] 1.0000e+00
 7.265e+01 4.2625e-11 4.2625e-11 [ 9.8537e-25 9.7268e-25 3.7509e-11 5.1162e-12 ] 1.0000e+00
 7.276e+01 3.8561e-11 3.8561e-11 [ 7.8146e-25 7.7532e-25 3.3910e-11 4.6504e-12 ] 1.0000e+00
 7.287e+01 3.4875e-11 3.4875e-11 [ 6.1948e-25 6.1775e-25 3.0649e-11 4.2259e-12 ] 1.0000e+00
 7.299e+01 3.1534e-11 3.1534e-11 [ 4.9087e-25 4.9199e-25 2.7695e-11 3.8392e-12 ] 1.0000e+00
 7.310e+01 2.8506e-11 2.8506e-11 [ 3.8880e-25 3.9166e-25 2.5019e-11 3.4869e-12 ] 1.0000e+00
 7.321e+01 2.5762e-11 2.5762e-11 [ 3.0783e-25 3.1166e-25 2.2596e-11 3.1661e-12 ] 1.0000e+00
 7.333e+01 2.3277e-11 2.3277e-11 [ 2.4361e-25 2.4789e-25 2.0403e-11 2.8740e-12 ] 1.0000e+00
 7.344e+01 2.1026e-11 2.1026e-11 [ 1.9271e-25 1.9709e-25 1.8418e-11 2.6082e-12 ] 1.0000e+00
 7.355e+01 1.8989e-11 1.8989e-11 [ 1.5239e-25 1.5663e-25 1.6622e-11 2.3664e-12 ] 1.0000e+00
 7.367e+01 1.7144e-11 1.7144e-11 [ 1.2045e-25 1.2443e-25 1.4998e-11 2.1464e-12 ] 1.0000e+00
 7.378e+01 1.5475e-11 1.5475e-11 [ 9.5161e-26 9.8801e-26 1.3529e-11 1.9464e-12 ] 1.0000e+00
 7.389e+01 1.3965e-11 1.3965e-11 [ 7.5153e-26 7.8420e-26 1.2200e-11 1.7645e-12 ] 1.0000e+00
 7.401e+01 1.2599e-11 1.2599e-11 [ 5.9327e-26 6.2216e-26 1.1000e-11 1.5992e-12 ] 1.0000e+00
 7.412e+01 1.1364e-11 1.1364e-11 [ 4.6814e-26 4.9340e-26 9.9151e-12 1.4490e-12 ] 1.0000e+00
 7.423e+01 1.0248e-11 1.0248e-11 [ 3.6925e-26 3.9112e-26 8.9351e-12 1.3126e-12 ] 1.0000e+00
 7.435e+01 9.2387e-12 9.2387e-12 [ 2.9113e-26 3.0991e-26 8.0499e-12 1.1887e-12 ] 1.0000e+00
 7.446e+01 8.3270e-12 8.3270e-12 [ 2.2944e-26 2.4546e-26 7.2507e-12 1.0763e-12 ] 1.0000e+00
 7.457e+01 7.5034e-12 7.5034e-12 [ 1.8074e-26 1.9433e-26 6.5292e-12 9.7417e-13 ] 1.0000e+00
 7.469e+01 6.7596e-12 6.7596e-12 [ 1.4232e-26 1.5379e-26 5.8781e-12 8.8153e-13 ] 1.0000e+00
 7.480e+01 6.0881e-12 6.0881e-12 [ 1.1203e-26 1.2165e-26 5.2906e-12 7.9750e-13 ] 1.0000e+00
 7.491e+01 5.4820e-12 5.4820e-12 [ 8.8141e-27 9.6189e-27 4.7607e-12 7.2129e-13 ] 1.0000e+00
 7.503e+01 4.9350e-12 4.9350e-12 [ 6.9320e-27 7.6024e-27 4.2828e-12 6.5220e-13 ] 1.0000e+00
 7.514e+01 4.4415e-12 4.4415e-12 [ 5.4495e-27 6.0062e-27 3.8519e-12 5.8957e-13 ] 1.0000e+00
 7.525e+01 3.9963e-12 3.9963e-12 [ 4.2823e-27 4.7431e-27 3.4635e-12 5.3281e-13 ] 1.0000e+00
 7.537e+01 3.5950e-12 3.5950e-12 [ 3.3637e-27 3.7441e-27 3.1136e-12 4.8140e-13 ] 1.0000e+00
 7.548e+01 3.2331e-12 3.2331e-12 [ 2.6410e-27 2.9542e-27 2.7983e-12 4.3483e-13 ] 1.0000e+00
 7.559e+01 2.9070e-12 2.9070e-12 [ 2.0728e-27 2.3300e-27 2.5143e-12 3.9267e-13 ] 1.0000e+00
 7.571e+01 2.6131e-12 2.6131e-12 [ 1.6261e-27 1.8369e-27 2.2586e-12 3.5450e-13 ] 1.0000e+00
 7.582e+01 2.3484e-12 2.3484e-12 [ 1.2752e-27 1.4476e-27 2.0284e-12 3.1997e-13 ] 1.0000e+00
 7.593e+01 2.1099e-12 2.1099e-12 [ 9.9958e-28 1.1403e-27 1.8212e-12 2.8872e-13 ] 1.0000e+00
 7.605e+01 1.8953e-12 1.8953e-12 [ 7.8322e-28 8.9785e-28 1.6348e-12 2.6046e-13 ] 1.0000e+00
 7.616e+01 1.7020e-12 1.7020e-12 [ 6.1343e-28 7.0666e-28 1.4671e-12 2.3490e-13 ] 1.0000e+00
 7.627e+01 1.5281e-12 1.5281e-12 [ 4.8025e-28 5.5596e-28 1.3163e-12 2.1180e-13 ] 1.0000e+00
 7.639e+01 1.3717e-12 1.3717e-12 [ 3.7584e-28 4.3721e-28 1.1807e-12 1.9092e-13 ] 1.0000e+00
 7.650e+01 1.2309e-12 1.2309e-12 [ 2.9400e-28 3.4368e-28 1.0589e-12 1.7205e-13 ] 1.0000e+00
 7.661e+01 1.1043e-12 1.1043e-12 [ 2.2989e-28 2.7004e-28 9.4933e-13 1.5501e-13 ] 1.0000e+00
 7.673e+01 9.9055e-13 9.9055e-13 [ 1.7968e-28 2.1210e-28 8.5093e-13 1.3962e-13 ] 1.0000e+00
 7.684e+01 8.8827e-13 8.8827e-13 [ 1.4038e-28 1.6652e-28 7.6254e-13 1.2573e-13 ] 1.0000e+00
 7.695e+01 7.9636e-13 7.9636e-13 [ 1.0964e-28 1.3068e-28 6.8317e-13 1.1319e-13 ] 1.0000e+00
 7.707e+01 7.1378e-13 7.1378e-13 [ 8.5588e-29 1.0251e-28 6.1191e-13 1.0188e-13 ] 1.0000e+00
 7.718e+01 6.3962e-13 6.3962e-13 [ 6.6787e-29 8.0379e-29 5.4795e-13 9.1669e-14 ] 1.0000e+00
 7.729e+01 5.7303e-13 5.7303e-13 [ 5.2095e-29 6.3000e-29 4.9056e-13 8.2464e-14 ] 1.0000e+00
 7.741e+01 5.1324e-13 5.1324e-13 [ 4.0618e-29 4.9359e-29 4.3908e-13 7.4164e-14 ] 1.0000e+00
 7.752e+01 4.5958e-13 4.5958e-13 [ 3.1656e-29 3.8655e-29 3.9290e-13 6.6683e-14 ] 1.0000e+00
 7.763e+01 4.1144e-13 4.1144e-13 [ 2.4662e-29 3.0260e-29 3.5150e-13 5.9941e-14 ] 1.0000e+00
 7.775e+01 3.6825e-13 3.6825e-13 [ 1.9205e-29 2.3678e-29 3.1438e-13 5.3868e-14 ] 1.0000e+00
 7.786e+01 3.2951e-13 3.2951e-13 [ 1.4950e-29 1.8520e-29 2.8112e-13 4.8397e-14 ] 1.0000e+00
 7.797e+01 2.9478e-13 2.9478e-13 [ 1.1632e-29 1.4480e-29 2.5131e-13 4.3471e-14 ] 1.0000e+00
 7.809e+01 2.6365e-13 2.6365e-13 [ 9.0475e-30 1.1317e-29 2.2461e-13 3.9037e-14 ] 1.0000e+00
 7.820e+01 2.3575e-13 2.3575e-13 [ 7.0341e-30 8.8405e-30 2.0070e-13 3.5046e-14 ] 1.0000e+00
 7.831e+01 2.1075e-13 2.1075e-13 [ 5.4665e-30 6.9034e-30 1.7929e-13 3.1455e-14 ] 1.0000e+00
 7.843e+01 1.8836e-13 1.8836e-13 [ 4.2466e-30 5.3885e-30 1.6013e-13 2.8225e-14 ] 1.0000e+00
 7.854e+01 1.6830e-13 1.6830e-13 [ 3.2975e-30 4.2043e-30 1.4298e-13 2.5321e-14 ] 1.0000e+00
 7.865e+01 1.5035e-13 1.5035e-13 [ 2.5596e-30 3.2790e-30 1.2764e-13 2.2709e-14 ] 1.0000e+00
 7.877e+01 1.3428e-13 1.3428e-13 [ 1.9859e-30 2.5563e-30 1.1392e-13 2.0362e-14 ] 1.0000e+00
 7.888e+01 1.1990e-13 1.1990e-13 [ 1.5402e-30 1.9920e-30 1.0164e-13 1.8253e-14 ] 1.0000e+00
 7.899e+01 1.0703e-13 1.0703e-13 [ 1.1941e-30 1.5517e-30 9.0671e-14 1.6358e-14 ] 1.0000e+00
 7.911e+01 9.5521e-14 9.5521e-14 [ 9.2532e-31 1.2082e-30 8.0865e-14 1.4657e-14 ] 1.0000e+00
 7.922e+01 8.5230e-14 8.5230e-14 [ 7.1678e-31 9.4035e-31 7.2102e-14 1.3129e-14 ] 1.0000e+00
 7.933e+01 7.6030e-14 7.6030e-14 [ 5.5501e-31 7.3159e-31 6.4273e-14 1.1757e-14 ] 1.0000e+00
 7.945e+01 6.7806e-14 6.7806e-14 [ 4.2957e-31 5.6893e-31 5.7281e-14 1.0526e-14 ] 1.0000e+00
 7.956e+01 6.0458e-14 6.0458e-14 [ 3.3235e-31 4.4226e-31 5.1037e-14 9.4216e-15 ] 1.0000e+00
 7.967e+01 5.3894e-14 5.3894e-14 [ 2.5703e-31 3.4365e-31 4.5463e-14 8.4310e-15 ] 1.0000e+00
 7.979e+01 4.8031e-14 4.8031e-14 [ 1.9870e-31 2.6692e-31 4.0488e-14 7.5426e-15 ] 1.0000e+00
 7.990e+01 4.2795e-14 4.2795e-14 [ 1.5354e-31 2.0724e-31 3.6049e-14 6.7462e-15 ] 1.0000e+00
 8.001e+01 3.8122e-14 3.8122e-14 [ 1.1860e-31 1.6083e-31 3.2089e-14 6.0324e-15 ] 1.0000e+00
 8.013e+01 3.3950e-14 3.3950e-14 [ 9.1571e-32 1.2477e-31 2.8558e-14 5.3928e-15 ] 1.0000e+00
 8.024e+01 3.0228e-14 3.0228e-14 [ 7.0675e-32 9.6749e-32 2.5409e-14 4.8198e-15 ] 1.0000e+00
 8.035e+01 2.6908e-14 2.6908e-14 [ 5.4524e-32 7.4992e-32 2.2602e-14 4.3066e-15 ] 1.0000e+00
 8.047e+01 2.3947e-14 2.3947e-14 [ 4.2048e-32 5.8105e-32 2.0100e-14 3.8471e-15 ] 1.0000e+00
 8.058e+01 2.1307e-14 2.1307e-14 [ 3.2413e-32 4.5001e-32 1.7871e-14 3.4358e-15 ] 1.0000e+00
 8.069e+01 1.8953e-14 1.8953e-14 [ 2.4976e-32 3.4839e-32 1.5885e-14 3.0677e-15 ] 1.0000e+00
 8.081e+01 1.6855e-14 1.6855e-14 [ 1.9237e-32 2.6960e-32 1.4117e-14 2.7384e-15 ] 1.0000e+00
 8.092e+01 1.4986e-14 1.4986e-14 [ 1.4811e-32 2.0855e-32 1.2543e-14 2.4438e-15 ] 1.0000e+00
 8.103e+01 1.3322e-14 1.3322e-14 [ 1.1399e-32 1.6125e-32 1.1141e-14 2.1804e-15 ] 1.0000e+00
 8.115e+01 1.1839e-14 1.1839e-14 [ 8.7691e-33 1.2463e-32 9.8940e-15 1.9449e-15 ] 1.0000e+00
 8.126e+01 1.0519e-14 1.0519e-14 [ 6.7433e-33 9.6290e-33 8.7843e-15 1.7344e-15 ] 1.0000e+00
 8.137e+01 9.3436e-15 9.3436e-15 [ 5.1834e-33 7.4362e-33 7.7973e-15 1.5463e-15 ] 1.0000e+00
 8.149e+01 8.2979e-15 8.2979e-15 [ 3.9828e-33 5.7404e-33 6.9196e-15 1.3783e-15 ] 1.0000e+00
 8.160e+01 7.3674e-15 7.3674e-15 [ 3.0590e-33 4.4295e-33 6.1392e-15 1.2282e-15 ] 1.0000e+00
 8.171e+01 6.5398e-15 6.5398e-15 [ 2.3485e-33 3.4166e-33 5.4456e-15 1.0942e-15 ] 1.0000e+00
 8.183e+01 5.8038e-15 5.8038e-15 [ 1.8023e-33 2.6342e-33 4.8292e-15 9.7458e-16 ] 1.0000e+00
 8.194e+01 5.1494e-15 5.1494e-15 [ 1.3826e-33 2.0301e-33 4.2816e-15 8.6782e-16 ] 1.0000e+00
 8.205e+01 4.5677e-15 4.5677e-15 [ 1.0602e-33 1.5640e-33 3.7951e-15 7.7257e-16 ] 1.0000e+00
 8.217e+01 4.0508e-15 4.0508e-15 [ 8.1260e-34 1.2043e-33 3.3632e-15 6.8761e-16 ] 1.0000e+00
 8.228e+01 3.5916e-15 3.5916e-15 [ 6.2260e-34 9.2703e-34 2.9797e-15 6.1185e-16 ] 1.0000e+00
 8.239e+01 3.1837e-15 3.1837e-15 [ 4.7683e-34 7.1328e-34 2.6394e-15 5.4429e-16 ] 1.0000e+00
 8.251e+01 2.8214e-15 2.8214e-15 [ 3.6504e-34 5.4859e-34 2.3373e-15 4.8408e-16 ] 1.0000e+00
 8.262e+01 2.4998e-15 2.4998e-15 [ 2.7934e-34 4.2175e-34 2.0694e-15 4.3043e-16 ] 1.0000e+00
 8.273e+01 2.2143e-15 2.2143e-15 [ 2.1368e-34 3.2410e-34 1.8317e-15 3.8263e-16 ] 1.0000e+00
 8.285e+01 1.9610e-15 1.9610e-15 [ 1.6338e-34 2.4896e-34 1.6210e-15 3.4005e-16 ] 1.0000e+00
 8.296e+01 1.7363e-15 1.7363e-15 [ 1.2487e-34 1.9116e-34 1.4341e-15 3.0214e-16 ] 1.0000e+00
 8.307e+01 1.5369e-15 1.5369e-15 [ 9.5402e-35 1.4672e-34 1.2685e-15 2.6839e-16 ] 1.0000e+00
 8.319e+01 1.3602e-15 1.3602e-15 [ 7.2856e-35 1.1257e-34 1.1218e-15 2.3836e-16 ] 1.0000e+00
 8.330e+01 1.2034e-15 1.2034e-15 [ 5.5616e-35 8.6325e-35 9.9181e-16 2.1163e-16 ] 1.0000e+00
 8.341e+01 1.0645e-15 1.0645e-15 [ 4.2438e-35 6.6175e-35 8.7668e-16 1.8785e-16 ] 1.0000e+00
 8.353e+01 9.4144e-16 9.4144e-16 [ 3.2369e-35 5.0706e-35 7.7473e-16 1.6671e-16 ] 1.0000e+00
 8.364e+01 8.3239e-16 8.3239e-16 [ 2.4679e-35 3.8838e-35 6.8448e-16 1.4791e-16 ] 1.0000e+00
 8.375e+01 7.3580e-16 7.3580e-16 [ 1.8808e-35 2.9735e-35 6.0461e-16 1.3120e-16 ] 1.0000e+00
 8.387e+01 6.5027e-16 6.5027e-16 [ 1.4328e-35 2.2756e-35 5.3393e-16 1.1635e-16 ] 1.0000e+00
 8.398e+01 5.7455e-16 5.7455e-16 [ 1.0910e-35 1.7408e-35 4.7140e-16 1.0315e-16 ] 1.0000e+00
 8.409e+01 5.0753e-16 5.0753e-16 [ 8.3046e-36 1.3311e-35 4.1610e-16 9.1431e-17 ] 1.0000e+00
 8.421e+01 4.4822e-16 4.4822e-16 [ 6.3185e-36 1.0174e-35 3.6720e-16 8.1023e-17 ] 1.0000e+00
 8.432e+01 3.9576e-16 3.9576e-16 [ 4.8054e-36 7.7733e-36 3.2397e-16 7.1782e-17 ] 1.0000e+00
 8.443e+01 3.4935e-16 3.4935e-16 [ 3.6531e-36 5.9365e-36 2.8577e-16 6.3580e-17 ] 1.0000e+00
 8.455e+01 3.0832e-16 3.0832e-16 [ 2.7760e-36 4.5318e-36 2.5201e-16 5.6302e-17 ] 1.0000e+00
 8.466e+01 2.7204e-16 2.7204e-16 [ 2.1086e-36 3.4580e-36 2.2219e-16 4.9845e-17 ] 1.0000e+00
 8.477e+01 2.3997e-16 2.3997e-16 [ 1.6010e-36 2.6375e-36 1.9586e-16 4.4118e-17 ] 1.0000e+00
 8.489e+01 2.1164e-16 2.1164e-16 [ 1.2150e-36 2.0109e-36 1.7260e-16 3.9039e-17 ] 1.0000e+00
 8.500e+01 1.8661e-16 1.8661e-16 [ 9.2175e-37 1.5325e-36 1.5207e-16 3.4537e-17 ] 1.0000e+00
 8.511e+01 1.6450e-16 1.6450e-16 [ 6.9896e-37 1.1674e-36 1.3395e-16 3.0547e-17 ] 1.0000e+00
 8.523e+01 1.4498e-16 1.4498e-16 [ 5.2980e-37 8.8887e-37 1.1797e-16 2.7011e-17 ] 1.0000e+00
 8.534e+01 1.2774e-16 1.2774e-16 [ 4.0141e-37 6.7653e-37 1.0386e-16 2.3879e-17 ] 1.0000e+00
 8.545e+01 1.1253e-16 1.1253e-16 [ 3.0400e-37 5.1470e-37 9.1426e-17 2.1105e-17 ] 1.0000e+00
 8.557e+01 9.9109e-17 9.9109e-17 [ 2.3013e-37 3.9140e-37 8.0460e-17 1.8649e-17 ] 1.0000e+00
 8.568e+01 8.7267e-17 8.7267e-17 [ 1.7414e-37 2.9752e-37 7.0792e-17 1.6475e-17 ] 1.0000e+00
 8.579e+01 7.6822e-17 7.6822e-17 [ 1.3171e-37 2.2605e-37 6.2272e-17 1.4551e-17 ] 1.0000e+00
 8.591e+01 6.7613e-17 6.7613e-17 [ 9.9576e-38 1.7168e-37 5.4764e-17 1.2848e-17 ] 1.0000e+00
 8.602e+01 5.9493e-17 5.9493e-17 [ 7.5250e-38 1.3033e-37 4.8151e-17 1.1342e-17 ] 1.0000e+00
 8.613e+01 5.2337e-17 5.2337e-17 [ 5.6842e-38 9.8896e-38 4.2327e-17 1.0010e-17 ] 1.0000e+00
 8.625e+01 4.6031e-17 4.6031e-17 [ 4.2919e-38 7.5010e-38 3.7198e-17 8.8327e-18 ] 1.0000e+00
 8.636e+01 4.0476e-17 4.0476e-17 [ 3.2391e-38 5.6868e-38 3.2684e-17 7.7918e-18 ] 1.0000e+00
 8.647e+01 3.5583e-17 3.5583e-17 [ 2.4436e-38 4.3095e-38 2.8711e-17 6.8720e-18 ] 1.0000e+00
 8.659e+01 3.1274e-17 3.1274e-17 [ 1.8426e-38 3.2643e-38 2.5215e-17 6.0593e-18 ] 1.0000e+00
 8.670e+01 2.7481e-17 2.7481e-17 [ 1.3888e-38 2.4715e-38 2.2139e-17 5.3414e-18 ] 1.0000e+00
 8.681e+01 2.4142e-17 2.4142e-17 [ 1.0463e-38 1.8704e-38 1.9435e-17 4.7075e-18 ] 1.0000e+00
 8.693e+01 2.1204e-17 2.1204e-17 [ 7.8790e-39 1.4149e-38 1.7057e-17 4.1479e-18 ] 1.0000e+00
 8.704e+01 1.8620e-17 1.8620e-17 [ 5.9306e-39 1.0698e-38 1.4966e-17 3.6539e-18 ] 1.0000e+00
 8.715e+01 1.6347e-17 1.6347e-17 [ 4.4620e-39 8.0855e-39 1.3129e-17 3.2180e-18 ] 1.0000e+00
 8.727e+01 1.4348e-17 1.4348e-17 [ 3.3555e-39 6.1080e-39 1.1514e-17 2.8334e-18 ] 1.0000e+00
 8.738e+01 1.2590e-17 1.2590e-17 [ 2.5223e-39 4.6120e-39 1.0096e-17 2.4942e-18 ] 1.0000e+00
 8.749e+01 1.1046e-17 1.1046e-17 [ 1.8951e-39 3.4808e-39 8.8506e-18 2.1951e-18 ] 1.0000e+00
 8.761e+01 9.6883e-18 9.6883e-18 [ 1.4232e-39 2.6259e-39 7.7569e-18 1.9314e-18 ] 1.0000e+00
 8.772e+01 8.4959e-18 8.4959e-18 [ 1.0683e-39 1.9800e-39 6.7969e-18 1.6990e-18 ] 1.0000e+00
 8.783e+01 7.4485e-18 7.4485e-18 [ 8.0158e-40 1.4923e-39 5.9543e-18 1.4942e-18 ] 1.0000e+00
 8.795e+01 6.5288e-18 6.5288e-18 [ 6.0114e-40 1.1242e-39 5.2150e-18 1.3138e-18 ] 1.0000e+00
 8.806e+01 5.7213e-18 5.7213e-18 [ 4.5061e-40 8.4648e-40 4.5665e-18 1.1548e-18 ] 1.0000e+00
 8.817e+01 5.0126e-18 5.0126e-18 [ 3.3762e-40 6.3708e-40 3.9977e-18 1.0149e-18 ] 1.0000e+00
 8.829e+01 4.3907e-18 4.3907e-18 [ 2.5284e-40 4.7924e-40 3.4989e-18 8.9174e-19 ] 1.0000e+00
 8.840e+01 3.8450e-18 3.8450e-18 [ 1.8926e-40 3.6034e-40 3.0617e-18 7.8333e-19 ] 1.0000e+00
 8.851e+01 3.3665e-18 3.3665e-18 [ 1.4160e-40 2.7081e-40 2.6785e-18 6.8794e-19 ] 1.0000e+00
 8.863e+01 2.9468e-18 2.9468e-18 [ 1.0589e-40 2.0342e-40 2.3428e-18 6.0402e-19 ] 1.0000e+00
 8.874e+01 2.5788e-18 2.5788e-18 [ 7.9143e-41 1.5273e-40 2.0486e-18 5.3022e-19 ] 1.0000e+00
 8.885e+01 2.2563e-18 2.2563e-18 [ 5.9126e-41 1.1461e-40 1.7910e-18 4.6532e-19 ] 1.0000e+00
 8.897e+01 1.9737e-18 1.9737e-18 [ 4.4150e-41 8.5964e-41 1.5654e-18 4.0827e-19 ] 1.0000e+00
 8.908e+01 1.7261e-18 1.7261e-18 [ 3.2950e-41 6.4446e-41 1.3680e-18 3.5814e-19 ] 1.0000e+00
 8.919e+01 1.5092e-18 1.5092e-18 [ 2.4580e-41 4.8289e-41 1.1951e-18 3.1408e-19 ] 1.0000e+00
 8.931e+01 1.3193e-18 1.3193e-18 [ 1.8326e-41 3.6165e-41 1.0439e-18 2.7538e-19 ] 1.0000e+00
 8.942e+01 1.1530e-18 1.1530e-18 [ 1.3657e-41 2.7071e-41 9.1159e-19 2.4140e-19 ] 1.0000e+00
 8.953e+01 1.0074e-18 1.0074e-18 [ 1.0172e-41 2.0253e-41 7.9588e-19 2.1156e-19 ] 1.0000e+00
 8.965e+01 8.8006e-19 8.8006e-19 [ 7.5723e-42 1.5145e-41 6.9470e-19 1.8536e-19 ] 1.0000e+00
 8.976e+01 7.6862e-19 7.6862e-19 [ 5.6341e-42 1.1319e-41 6.0624e-19 1.6237e-19 ] 1.0000e+00
 8.987e+01 6.7113e-19 6.7113e-19 [ 4.1899e-42 8.4549e-42 5.2893e-19 1.4220e-19 ] 1.0000e+00
 8.999e+01 5.8588e-19 5.8588e-19 [ 3.1142e-42 6.3123e-42 4.6138e-19 1.2451e-19 ] 1.0000e+00
 9.010e+01 5.1135e-19 5.1135e-19 [ 2.3134e-42 4.7102e-42 4.0236e-19 1.0899e-19 ] 1.0000e+00
 9.021e+01 4.4619e-19 4.4619e-19 [ 1.7177e-42 3.5128e-42 3.5081e-19 9.5382e-20 ] 1.0000e+00
 9.033e+01 3.8925e-19 3.8925e-19 [ 1.2746e-42 2.6183e-42 3.0580e-19 8.3455e-20 ] 1.0000e+00
 9.044e+01 3.3950e-19 3.3950e-19 [ 9.4535e-43 1.9506e-42 2.6650e-19 7.3003e-20 ] 1.0000e+00
 9.055e+01 2.9605e-19 2.9605e-19 [ 7.0074e-43 1.4523e-42 2.3220e-19 6.3845e-20 ] 1.0000e+00
 9.067e+01 2.5810e-19 2.5810e-19 [ 5.1914e-43 1.0807e-42 2.0227e-19 5.5823e-20 ] 1.0000e+00
 9.078e+01 2.2496e-19 2.2496e-19 [ 3.8438e-43 8.0376e-43 1.7616e-19 4.8798e-20 ] 1.0000e+00
 9.089e+01 1.9603e-19 1.9603e-19 [ 2.8445e-43 5.9744e-43 1.5338e-19 4.2647e-20 ] 1.0000e+00
 9.101e+01 1.7079e-19 1.7079e-19 [ 2.1037e-43 4.4382e-43 1.3352e-19 3.7263e-20 ] 1.0000e+00
 9.112e+01 1.4876e-19 1.4876e-19 [ 1.5550e-43 3.2951e-43 1.1621e-19 3.2550e-20 ] 1.0000e+00
 9.123e+01 1.2954e-19 1.2954e-19 [ 1.1487e-43 2.4450e-43 1.0112e-19 2.8428e-20 ] 1.0000e+00
 9.135e+01 1.1279e-19 1.1279e-19 [ 8.4807e-44 1.8131e-43 8.7964e-20 2.4822e-20 ] 1.0000e+00
 9.146e+01 9.8173e-20 9.8173e-20 [ 6.2574e-44 1.3437e-43 7.6505e-20 2.1668e-20 ] 1.0000e+00
 9.157e+01 8.5435e-20 8.5435e-20 [ 4.6142e-44 9.9525e-44 6.6524e-20 1.8910e-20 ] 1.0000e+00
 9.169e+01 7.4333e-20 7.4333e-20 [ 3.4005e-44 7.3671e-44 5.7833e-20 1.6500e-20 ] 1.0000e+00
 9.180e+01 6.4659e-20 6.4659e-20 [ 2.5044e-44 5.4499e-44 5.0265e-20 1.4394e-20 ] 1.0000e+00
 9.191e+01 5.6232e-20 5.6232e-20 [ 1.8434e-44 4.0291e-44 4.3678e-20 1.2553e-20 ] 1.0000e+00
 9.203e+01 4.8892e-20 4.8892e-20 [ 1.3559e-44 2.9768e-44 3.7946e-20 1.0946e-20 ] 1.0000e+00
 9.214e+01 4.2500e-20 4.2500e-20 [ 9.9676e-45 2.1979e-44 3.2959e-20 9.5418e-21 ] 1.0000e+00
 9.225e+01 3.6936e-20 3.6936e-20 [ 7.3225e-45 1.6218e-44 2.8620e-20 8.3161e-21 ] 1.0000e+00
 9.237e+01 3.2094e-20 3.2094e-20 [ 5.3759e-45 1.1959e-44 2.4847e-20 7.2461e-21 ] 1.0000e+00
 9.248e+01 2.7880e-20 2.7880e-20 [ 3.9441e-45 8.8128e-45 2.1567e-20 6.3124e-21 ] 1.0000e+00
 9.259e+01 2.4213e-20 2.4213e-20 [ 2.8917e-45 6.4898e-45 1.8716e-20 5.4977e-21 ] 1.0000e+00
 9.271e+01 2.1025e-20 2.1025e-20 [ 2.1187e-45 4.7759e-45 1.6238e-20 4.7871e-21 ] 1.0000e+00
 9.282e+01 1.8252e-20 1.8252e-20 [ 1.5512e-45 3.5122e-45 1.4084e-20 4.1674e-21 ] 1.0000e+00
 9.293e+01 1.5841e-20 1.5841e-20 [ 1.1350e-45 2.5810e-45 1.2214e-20 3.6271e-21 ] 1.0000e+00
 9.305e+01 1.3746e-20 1.3746e-20 [ 8.2983e-46 1.8954e-45 1.0590e-20 3.1561e-21 ] 1.0000e+00
 9.316e+01 1.1925e-20 1.1925e-20 [ 6.0629e-46 1.3909e-45 9.1792e-21 2.7456e-21 ] 1.0000e+00
 9.327e+01 1.0343e-20 1.0343e-20 [ 4.4264e-46 1.0199e-45 7.9549e-21 2.3880e-21 ] 1.0000e+00
 9.339e+01 8.9687e-21 8.9687e-21 [ 3.2292e-46 7.4735e-46 6.8922e-21 2.0765e-21 ] 1.0000e+00
 9.350e+01 7.7754e-21 7.7754e-21 [ 2.3541e-46 5.4720e-46 5.9702e-21 1.8052e-21 ] 1.0000e+00
 9.361e+01 6.7393e-21 6.7393e-21 [ 1.7148e-46 4.0035e-46 5.1703e-21 1.5690e-21 ] 1.0000e+00
 9.373e+01 5.8400e-21 5.8400e-21 [ 1.2481e-46 2.9267e-46 4.4766e-21 1.3634e-21 ] 1.0000e+00
 9.384e+01 5.0595e-21 5.0595e-21 [ 9.0775e-47 2.1379e-46 3.8751e-21 1.1845e-21 ] 1.0000e+00
 9.395e+01 4.3824e-21 4.3824e-21 [ 6.5966e-47 1.5604e-46 3.3536e-21 1.0288e-21 ] 1.0000e+00
 9.407e+01 3.7949e-21 3.7949e-21 [ 4.7898e-47 1.1380e-46 2.9016e-21 8.9335e-22 ] 1.0000e+00
 9.418e+01 3.2855e-21 3.2855e-21 [ 3.4749e-47 8.2919e-47 2.5099e-21 7.7557e-22 ] 1.0000e+00
 9.429e+01 2.8438e-21 2.8438e-21 [ 2.5189e-47 6.0368e-47 2.1706e-21 6.7317e-22 ] 1.0000e+00
 9.441e+01 2.4609e-21 2.4609e-21 [ 1.8243e-47 4.3912e-47 1.8768e-21 5.8416e-22 ] 1.0000e+00
 9.452e+01 2.1291e-21 2.1291e-21 [ 1.3200e-47 3.1913e-47 1.6223e-21 5.0681e-22 ] 1.0000e+00
 9.463e+01 1.8415e-21 1.8415e-21 [ 9.5428e-48 2.3171e-47 1.4019e-21 4.3959e-22 ] 1.0000e+00
 9.475e+01 1.5925e-21 1.5925e-21 [ 6.8923e-48 1.6808e-47 1.2112e-21 3.8121e-22 ] 1.0000e+00
 9.486e+01 1.3767e-21 1.3767e-21 [ 4.9732e-48 1.2181e-47 1.0462e-21 3.3050e-22 ] 1.0000e+00
 9.497e+01 1.1899e-21 1.1899e-21 [ 3.5850e-48 8.8190e-48 9.0345e-22 2.8648e-22 ] 1.0000e+00
 9.509e+01 1.0282e-21 1.0282e-21 [ 2.5817e-48 6.3784e-48 7.7995e-22 2.4826e-22 ] 1.0000e+00
 9.520e+01 8.8824e-22 8.8824e-22 [ 1.8572e-48 4.6085e-48 6.7315e-22 2.1509e-22 ] 1.0000e+00
 9.531e+01 7.6713e-22 7.6713e-22 [ 1.3346e-48 3.3261e-48 5.8082e-22 1.8631e-22 ] 1.0000e+00
 9.543e+01 6.6235e-22 6.6235e-22 [ 9.5805e-49 2.3980e-48 5.0100e-22 1.6135e-22 ] 1.0000e+00
 9.554e+01 5.7172e-22 5.7172e-22 [ 6.8695e-49 1.7269e-48 4.3202e-22 1.3970e-22 ] 1.0000e+00
 9.565e+01 4.9335e-22 4.9335e-22 [ 4.9199e-49 1.2421e-48 3.7243e-22 1.2092e-22 ] 1.0000e+00
 9.577e+01 4.2560e-22 4.2560e-22 [ 3.5193e-49 8.9237e-49 3.2095e-22 1.0465e-22 ] 1.0000e+00
 9.588e+01 3.6703e-22 3.6703e-22 [ 2.5144e-49 6.4030e-49 2.7649e-22 9.0544e-23 ] 1.0000e+00
 9.599e+01 3.1642e-22 3.1642e-22 [ 1.7940e-49 4.5884e-49 2.3810e-22 7.8323e-23 ] 1.0000e+00
 9.611e+01 2.7270e-22 2.7270e-22 [ 1.2784e-49 3.2836e-49 2.0496e-22 6.7736e-23 ] 1.0000e+00
 9.622e+01 2.3492e-22 2.3492e-22 [ 9.0964e-50 2.3466e-49 1.7636e-22 5.8567e-23 ] 1.0000e+00
 9.633e+01 2.0231e-22 2.0231e-22 [ 6.4633e-50 1.6745e-49 1.5168e-22 5.0627e-23 ] 1.0000e+00
 9.645e+01 1.7414e-22 1.7414e-22 [ 4.5855e-50 1.1931e-49 1.3039e-22 4.3753e-23 ] 1.0000e+00
 9.656e+01 1.4983e-22 1.4983e-22 [ 3.2480e-50 8.4876e-50 1.1203e-22 3.7804e-23 ] 1.0000e+00
 9.667e+01 1.2885e-22 1.2885e-22 [ 2.2968e-50 6.0278e-50 9.6193e-23 3.2656e-23 ] 1.0000e+00
 9.679e+01 1.1074e-22 1.1074e-22 [ 1.6213e-50 4.2733e-50 8.2542e-23 2.8202e-23 ] 1.0000e+00
 9.690e+01 9.5125e-23 9.5125e-23 [ 1.1424e-50 3.0239e-50 7.0775e-23 2.4350e-23 ] 1.0000e+00
 9.701e+01 8.1653e-23 8.1653e-23 [ 8.0334e-51 2.1356e-50 6.0635e-23 2.1018e-23 ] 1.0000e+00
 9.713e+01 7.0035e-23 7.0035e-23 [ 5.6375e-51 1.5050e-50 5.1898e-23 1.8137e-23 ] 1.0000e+00
 9.724e+01 6.0018e-23 6.0018e-23 [ 3.9473e-51 1.0583e-50 4.4371e-23 1.5647e-23 ] 1.0000e+00
 9.735e+01 5.1382e-23 5.1382e-23 [ 2.7573e-51 7.4244e-51 3.7888e-23 1.3494e-23 ] 1.0000e+00
 9.747e+01 4.3938e-23 4.3938e-23 [ 1.9212e-51 5.1951e-51 3.2304e-23 1.1634e-23 ] 1.0000e+00
 9.758e+01 3.7523e-23 3.7523e-23 [ 1.3349e-51 3.6251e-51 2.7497e-23 1.0026e-23 ] 1.0000e+00
 9.769e+01 3.1994e-23 3.1994e-23 [ 9.2475e-52 2.5220e-51 2.3357e-23 8.6368e-24 ] 1.0000e+00
 9.781e+01 2.7229e-23 2.7229e-23 [ 6.3854e-52 1.7489e-51 1.9793e-23 7.4361e-24 ] 1.0000e+00
 9.792e+01 2.3123e-23 2.3123e-23 [ 4.3934e-52 1.2084e-51 1.6725e-23 6.3983e-24 ] 1.0000e+00
 9.803e+01 1.9584e-23 1.9584e-23 [ 3.0108e-52 8.3166e-52 1.4084e-23 5.5008e-24 ] 1.0000e+00
 9.815e+01 1.6534e-23 1.6534e-23 [ 2.0543e-52 5.6985e-52 1.1809e-23 4.7244e-24 ] 1.0000e+00
 9.826e+01 1.3903e-23 1.3903e-23 [ 1.3947e-52 3.8852e-52 9.8513e-24 4.0520e-24 ] 1.0000e+00
 9.837e+01 1.1634e-23 1.1634e-23 [ 9.4151e-53 2.6339e-52 8.1656e-24 3.4688e-24 ] 1.0000e+00
 9.849e+01 9.6764e-24 9.6764e-24 [ 6.3147e-53 1.7740e-52 6.7147e-24 2.9617e-24 ] 1.0000e+00
 9.860e+01 7.9860e-24 7.9860e-24 [ 4.2030e-53 1.1858e-52 5.4665e-24 2.5194e-24 ] 1.0000e+00
 9.871e+01 6.5257e-24 6.5257e-24 [ 2.7721e-53 7.8533e-53 4.3941e-24 2.1316e-24 ] 1.0000e+00
 9.883e+01 5.2641e-24 5.2641e-24 [ 1.8080e-53 5.1431e-53 3.4748e-24 1.7893e-24 ] 1.0000e+00
 9.894e+01 4.1745e-24 4.1745e-24 [ 1.1626e-53 3.3206e-53 2.6901e-24 1.4844e-24 ] 1.0000e+00
 9.905e+01 3.2349e-24 3.2349e-24 [ 7.3372e-54 2.1040e-53 2.0248e-24 1.2100e-24 ] 1.0000e+00
 9.917e+01 2.4277e-24 2.4277e-24 [ 4.5126e-54 1.2989e-53 1.4671e-24 9.6058e-25 ] 1.0000e+00
 9.928e+01 1.7398e-24 1.7398e-24 [ 2.6721e-54 7.7191e-54 1.0076e-24 7.3221e-25 ] 1.0000e+00
 9.939e+01 1.1628e-24 1.1628e-24 [ 1.4904e-54 4.3192e-54 6.3934e-25 5.2350e-25 ] 1.0000e+00
 9.951e+01 6.9361e-25 6.9361e-25 [ 7.4945e-55 2.1778e-54 3.5732e-25 3.3628e-25 ] 1.0000e+00
 9.962e+01 3.3495e-25 3.3495e-25 [ 3.0650e-55 8.9251e-55 1.5811e-25 1.7684e-25 ] 1.0000e+00
 9.973e+01 9.7185e-26 9.7185e-26 [ 7.2796e-56 2.1225e-55 3.9460e-26 5.7725e-26 ] 1.0000e+00
 9.985e+01 0.0000e+00 0.0000e+00 [ 0.0000e+00 0.0000e+00 0.0000e+00 0.0000e+00 ] 1.0000e+00
