 0.000e+00 0.0000e+00 0.0000e+00 [ 0.0000e+00 0.0000e+00 0.0000e+00 ] 0.0000e+00 [ 0.0000e+00 ] 1.0000e+00
 1.133e-01 4.4421e-03 4.4421e-03 [ 4.1901e-03 1.8416e-04 6.7807e-05 ] 0.0000e+00 [ 0.0000e+00 ] 9.9556e-01
 2.267e-01 8.5288e-03 8.5288e-03 [ 7.5251e-03 7.3421e-04 2.6946e-04 ] 0.0000e+00 [ 0.0000e+00 ] 9.9147e-01
 3.400e-01 1.2454e-02 1.2454e-02 [ 1.0210e-02 1.6415e-03 6.0231e-04 ] 0.0000e+00 [ 0.0000e+00 ] 9.8755e-01
 4.533e-01 1.6339e-02 1.6339e-02 [ 1.2386e-02 2.8895e-03 1.0631e-03 ] 0.0000e+00 [ 0.0000e+00 ] 9.8366e-01
 5.667e-01 2.0251e-02 2.0251e-02 [ 1.4151e-02 4.4528e-03 1.6475e-03 ] 0.0000e+00 [ 0.0000e+00 ] 9.7975e-01
 6.800e-01 2.4221e-02 2.4221e-02 [ 1.5574e-02 6.2976e-03 2.3495e-03 ] 0.0000e+00 [ 0.0000e+00 ] 9.7578e-01
 7.933e-01 2.8245e-02 2.8245e-02 [ 1.6702e-02 8.3813e-03 3.1615e-03 ] 0.0000e+00 [ 0.0000e+00 ] 9.7175e-01
 9.067e-01 3.2295e-02 3.2295e-02 [ 1.7567e-02 1.0655e-02 4.0738e-03 ] 0.0000e+00 [ 0.0000e+00 ] 9.6770e-01
 1.020e+00 3.6330e-02 3.6330e-02 [ 1.8193e-02 1.3063e-02 5.0747e-03 ] 0.0000e+00 [ 0.0000e+00 ] 9.6367e-01
 1.133e+00 4.0295e-02 4.0295e-02 [ 1.8596e-02 1.5548e-02 6.1504e-03 ] 0.0000e+00 [ 0.0000e+00 ] 9.5970e-01
 1.247e+00 4.4128e-02 4.4128e-02 [ 1.8793e-02 1.8050e-02 7.2855e-03 ] 0.0000e+00 [ 0.0000e+00 ] 9.5587e-01
 1.360e+00 4.7770e-02 4.7770e-02 [ 1.8795e-02 2.0511e-02 8.4630e-03 ] 0.0000e+00 [ 0.0000e+00 ] 9.5223e-01
 1.473e+00 5.1161e-02 5.1161e-02 [ 1.8618e-02 2.2878e-02 9.6651e-03 ] 0.0000e+00 [ 0.0000e+00 ] 9.4884e-01
 1.587e+00 5.4252e-02 5.4252e-02 [ 1.8278e-02 2.5101e-02 1.0873e-02 ] 0.0000e+00 [ 0.0000e+00 ] 9.4575e-01
 1.700e+00 5.7001e-02 5.7001e-02 [ 1.7791e-02 2.7141e-02 1.2069e-02 ] 0.0000e+00 [ 0.0000e+00 ] 9.4300e-01
 1.813e+00 5.9380e-02 5.9380e-02 [ 1.7179e-02 2.8965e-02 1.3236e-02 ] 0.0000e+00 [ 0.0000e+00 ] 9.4062e-01
 1.927e+00 6.1371e-02 6.1371e-02 [ 1.6462e-02 3.0552e-02 1.4357e-02 ] 0.0000e+00 [ 0.0000e+00 ] 9.3863e-01
 2.040e+00 6.2970e-02 6.2970e-02 [ 1.5662e-02 3.1889e-02 1.5418e-02 ] 0.0000e+00 [ 0.0000e+00 ] 9.3703e-01
 2.153e+00 6.4183e-02 6.4183e-02 [ 1.4801e-02 3.2974e-02 1.6408e-02 ] 0.0000e+00 [ 0.0000e+00 ] 9.3582e-01
 2.267e+00 6.5027e-02 6.5027e-02 [ 1.3901e-02 3.3811e-02 1.7315e-02 ] 0.0000e+00 [ 0.0000e+00 ] 9.3497e-01
 2.380e+00 6.5526e-02 6.5526e-02 [ 1.2979e-02 3.4412e-02 1.8134e-02 ] 0.0000e+00 [ 0.0000e+00 ] 9.3447e-01
 2.493e+00 6.5712e-02 6.5712e-02 [ 1.2055e-02 3.4796e-02 1.8860e-02 ] 0.0000e+00 [ 0.0000e+00 ] 9.3429e-01
 2.607e+00 6.5617e-02 6.5617e-02 [ 1.1143e-02 3.4982e-02 1.9491e-02 ] 0.0000e+00 [ 0.0000e+00 ] 9.3438e-01
 2.720e+00 6.5279e-02 6.5279e-02 [ 1.0256e-02 3.4996e-02 2.0027e-02 ] 0.0000e+00 [ 0.0000e+00 ] 9.3472e-01
 2.833e+00 6.4734e-02 6.4734e-02 [ 9.4023e-03 3.4862e-02 2.0469e-02 ] 0.0000e+00 [ 0.0000e+00 ] 9.3527e-01
 2.947e+00 6.4017e-02 6.4017e-02 [ 8.5897e-03 3.4605e-02 2.0823e-02 ] 0.0000e+00 [ 0.0000e+00 ] 9.3598e-01
 3.060e+00 6.3163e-02 6.3163e-02 [ 7.8228e-03 3.4249e-02 2.1091e-02 ] 0.0000e+00 [ 0.0000e+00 ] 9.3684e-01
 3.173e+00 6.2201e-02 6.2201e-02 [ 7.1044e-03 3.3815e-02 2.1282e-02 ] 0.0000e+00 [ 0.0000e+00 ] 9.3780e-01
 3.287e+00 6.1161e-02 6.1161e-02 [ 6.4355e-03 3.3325e-02 2.1400e-02 ] 0.0000e+00 [ 0.0000e+00 ] 9.3884e-01
 3.400e+00 6.0065e-02 6.0065e-02 [ 5.8160e-03 3.2796e-02 2.1454e-02 ] 0.0000e+00 [ 0.0000e+00 ] 9.3994e-01
 3.513e+00 5.8936e-02 5.8936e-02 [ 5.2446e-03 3.2242e-02 2.1449e-02 ] 0.0000e+00 [ 0.0000e+00 ] 9.4107e-01
 3.627e+00 5.7791e-02 5.7791e-02 [ 4.7194e-03 3.1677e-02 2.1394e-02 ] 0.0000e+00 [ 0.0000e+00 ] 9.4221e-01
 3.740e+00 5.6645e-02 5.6645e-02 [ 4.2382e-03 3.1112e-02 2.1295e-02 ] 0.0000e+00 [ 0.0000e+00 ] 9.4336e-01
 3.853e+00 5.5510e-02 5.5510e-02 [ 3.7983e-03 3.0553e-02 2.1158e-02 ] 0.0000e+00 [ 0.0000e+00 ] 9.4449e-01
 3.967e+00 5.4396e-02 5.4396e-02 [ 3.3971e-03 3.0008e-02 2.0991e-02 ] 0.0000e+00 [ 0.0000e+00 ] 9.4561e-01
 4.080e+00 5.3310e-02 5.3310e-02 [ 3.0318e-03 2.9481e-02 2.0797e-02 ] 0.0000e+00 [ 0.0000e+00 ] 9.4669e-01
 4.193e+00 5.2260e-02 5.2260e-02 [ 2.6999e-03 2.8976e-02 2.0584e-02 ] 0.0000e+00 [ 0.0000e+00 ] 9.4774e-01
 4.307e+00 5.1248e-02 5.1248e-02 [ 2.3987e-03 2.8494e-02 2.0355e-02 ] 0.0000e+00 [ 0.0000e+00 ] 9.4875e-01
 4.420e+00 5.0278e-02 5.0278e-02 [ 2.1260e-03 2.8037e-02 2.0115e-02 ] 0.0000e+00 [ 0.0000e+00 ] 9.4972e-01
 4.533e+00 4.9352e-02 4.9352e-02 [ 1.8796e-03 2.7605e-02 1.9867e-02 ] 0.0000e+00 [ 0.0000e+00 ] 9.5065e-01
 4.647e+00 4.8471e-02 4.8471e-02 [ 1.6573e-03 2.7199e-02 1.9615e-02 ] 0.0000e+00 [ 0.0000e+00 ] 9.5153e-01
 4.760e+00 4.7635e-02 4.7635e-02 [ 1.4572e-03 2.6816e-02 1.9361e-02 ] 0.0000e+00 [ 0.0000e+00 ] 9.5237e-01
 4.873e+00 4.6843e-02 4.6843e-02 [ 1.2775e-03 2.6457e-02 1.9109e-02 ] 0.0000e+00 [ 0.0000e+00 ] 9.5316e-01
 4.987e+00 4.6096e-02 4.6096e-02 [ 1.1166e-03 2.6120e-02 1.8859e-02 ] 0.0000e+00 [ 0.0000e+00 ] 9.5390e-01
 5.100e+00 4.5392e-02 4.5392e-02 [ 9.7294e-04 2.5804e-02 1.8615e-02 ] 0.0000e+00 [ 0.0000e+00 ] 9.5461e-01
 5.213e+00 4.4730e-02 4.4730e-02 [ 8.4499e-04 2.5508e-02 1.8377e-02 ] 0.0000e+00 [ 0.0000e+00 ] 9.5527e-01
 5.327e+00 4.4108e-02 4.4108e-02 [ 7.3140e-04 2.5230e-02 1.8146e-02 ] 0.0000e+00 [ 0.0000e+00 ] 9.5589e-01
 5.440e+00 4.3524e-02 4.3524e-02 [ 6.3091e-04 2.4970e-02 1.7923e-02 ] 0.0000e+00 [ 0.0000e+00 ] 9.5648e-01
 5.553e+00 4.2977e-02 4.2977e-02 [ 5.4230e-04 2.4724e-02 1.7710e-02 ] 0.0000e+00 [ 0.0000e+00 ] 9.5702e-01
 5.667e+00 4.2465e-02 4.2465e-02 [ 4.6446e-04 2.4494e-02 1.7507e-02 ] 0.0000e+00 [ 0.0000e+00 ] 9.5753e-01
 5.780e+00 4.1986e-02 4.1986e-02 [ 3.9633e-04 2.4276e-02 1.7314e-02 ] 0.0000e+00 [ 0.0000e+00 ] 9.5801e-01
 5.893e+00 4.1538e-02 4.1538e-02 [ 3.3693e-04 2.4071e-02 1.7131e-02 ] 0.0000e+00 [ 0.0000e+00 ] 9.5846e-01
 6.007e+00 4.1120e-02 4.1120e-02 [ 2.8534e-04 2.3876e-02 1.6959e-02 ] 0.0000e+00 [ 0.0000e+00 ] 9.5888e-01
 6.120e+00 4.0730e-02 4.0730e-02 [ 2.4072e-04 2.3692e-02 1.6797e-02 ] 0.0000e+00 [ 0.0000e+00 ] 9.5927e-01
 6.233e+00 4.0366e-02 4.0366e-02 [ 2.0229e-04 2.3517e-02 1.6646e-02 ] 0.0000e+00 [ 0.0000e+00 ] 9.5963e-01
 6.347e+00 4.0026e-02 4.0026e-02 [ 1.6932e-04 2.3351e-02 1.6506e-02 ] 0.0000e+00 [ 0.0000e+00 ] 9.5997e-01
 6.460e+00 3.9709e-02 3.9709e-02 [ 1.4117e-04 2.3192e-02 1.6376e-02 ] 0.0000e+00 [ 0.0000e+00 ] 9.6029e-01
 6.573e+00 3.9413e-02 3.9413e-02 [ 1.1722e-04 2.3039e-02 1.6257e-02 ] 0.0000e+00 [ 0.0000e+00 ] 9.6059e-01
 6.687e+00 3.9138e-02 3.9138e-02 [ 9.6942e-05 2.2893e-02 1.6147e-02 ] 0.0000e+00 [ 0.0000e+00 ] 9.6086e-01
 6.800e+00 3.8881e-02 3.8881e-02 [ 7.9847e-05 2.2753e-02 1.6048e-02 ] 0.0000e+00 [ 0.0000e+00 ] 9.6112e-01
 6.913e+00 3.8641e-02 3.8641e-02 [ 6.5498e-05 2.2618e-02 1.5957e-02 ] 0.0000e+00 [ 0.0000e+00 ] 9.6136e-01
 7.027e+00 3.8417e-02 3.8417e-02 [ 5.3507e-05 2.2487e-02 1.5877e-02 ] 0.0000e+00 [ 0.0000e+00 ] 9.6158e-01
 7.140e+00 3.8208e-02 3.8208e-02 [ 4.3531e-05 2.2360e-02 1.5805e-02 ] 0.0000e+00 [ 0.0000e+00 ] 9.6179e-01
 7.253e+00 3.8014e-02 3.8014e-02 [ 3.5269e-05 2.2237e-02 1.5742e-02 ] 0.0000e+00 [ 0.0000e+00 ] 9.6199e-01
 7.367e+00 3.7832e-02 3.7832e-02 [ 2.8457e-05 2.2116e-02 1.5687e-02 ] 0.0000e+00 [ 0.0000e+00 ] 9.6217e-01
 7.480e+00 3.7662e-02 3.7662e-02 [ 2.2865e-05 2.1999e-02 1.5640e-02 ] 0.0000e+00 [ 0.0000e+00 ] 9.6234e-01
 7.593e+00 3.7503e-02 3.7503e-02 [ 1.8296e-05 2.1883e-02 1.5601e-02 ] 0.0000e+00 [ 0.0000e+00 ] 9.6250e-01
 7.707e+00 3.7354e-02 3.7354e-02 [ 1.4579e-05 2.1770e-02 1.5570e-02 ] 0.0000e+00 [ 0.0000e+00 ] 9.6265e-01
 7.820e+00 3.7215e-02 3.7215e-02 [ 1.1569e-05 2.1658e-02 1.5546e-02 ] 0.0000e+00 [ 0.0000e+00 ] 9.6278e-01
 7.933e+00 3.7085e-02 3.7085e-02 [ 9.1419e-06 2.1547e-02 1.5528e-02 ] 0.0000e+00 [ 0.0000e+00 ] 9.6291e-01
 8.047e+00 3.6963e-02 3.6963e-02 [ 7.1941e-06 2.1438e-02 1.5518e-02 ] 0.0000e+00 [ 0.0000e+00 ] 9.6304e-01
 8.160e+00 3.6848e-02 3.6848e-02 [ 5.6377e-06 2.1329e-02 1.5513e-02 ] 0.0000e+00 [ 0.0000e+00 ] 9.6315e-01
 8.273e+00 3.6740e-02 3.6740e-02 [ 4.3997e-06 2.1221e-02 1.5515e-02 ] 0.0000e+00 [ 0.0000e+00 ] 9.6326e-01
 8.387e+00 3.6638e-02 3.6638e-02 [ 3.4194e-06 2.1113e-02 1.5522e-02 ] 0.0000e+00 [ 0.0000e+00 ] 9.6336e-01
 8.500e+00 3.6543e-02 3.6543e-02 [ 2.6464e-06 2.1005e-02 1.5535e-02 ] 0.0000e+00 [ 0.0000e+00 ] 9.6346e-01
 8.613e+00 3.6453e-02 3.6453e-02 [ 2.0397e-06 2.0897e-02 1.5554e-02 ] 0.0000e+00 [ 0.0000e+00 ] 9.6355e-01
 8.727e+00 3.6367e-02 3.6367e-02 [ 1.5656e-06 2.0789e-02 1.5577e-02 ] 0.0000e+00 [ 0.0000e+00 ] 9.6363e-01
 8.840e+00 3.6287e-02 3.6287e-02 [ 1.1968e-06 2.0681e-02 1.5605e-02 ] 0.0000e+00 [ 0.0000e+00 ] 9.6371e-01
 8.953e+00 3.6211e-02 3.6211e-02 [ 9.1106e-07 2.0572e-02 1.5638e-02 ] 0.0000e+00 [ 0.0000e+00 ] 9.6379e-01
 9.067e+00 3.6138e-02 3.6138e-02 [ 6.9072e-07 2.0462e-02 1.5675e-02 ] 0.0000e+00 [ 0.0000e+00 ] 9.6386e-01
 9.180e+00 3.6070e-02 3.6070e-02 [ 5.2152e-07 2.0352e-02 1.5717e-02 ] 0.0000e+00 [ 0.0000e+00 ] 9.6393e-01
 9.293e+00 3.6004e-02 3.6004e-02 [ 3.9217e-07 2.0242e-02 1.5762e-02 ] 0.0000e+00 [ 0.0000e+00 ] 9.6400e-01
 9.407e+00 3.5942e-02 3.5942e-02 [ 2.9370e-07 2.0130e-02 1.5811e-02 ] 0.0000e+00 [ 0.0000e+00 ] 9.6406e-01
 9.520e+00 3.5882e-02 3.5882e-02 [ 2.1907e-07 2.0018e-02 1.5864e-02 ] 0.0000e+00 [ 0.0000e+00 ] 9.6412e-01
 9.633e+00 3.5825e-02 3.5825e-02 [ 1.6274e-07 1.9904e-02 1.5921e-02 ] 0.0000e+00 [ 0.0000e+00 ] 9.6417e-01
 9.747e+00 3.5770e-02 3.5770e-02 [ 1.2041e-07 1.9790e-02 1.5980e-02 ] 0.0000e+00 [ 0.0000e+00 ] 9.6423e-01
 9.860e+00 3.5718e-02 3.5718e-02 [ 8.8731e-08 1.9675e-02 1.6043e-02 ] 0.0000e+00 [ 0.0000e+00 ] 9.6428e-01
 9.973e+00 3.5667e-02 3.5667e-02 [ 6.5127e-08 1.9558e-02 1.6109e-02 ] 0.0000e+00 [ 0.0000e+00 ] 9.6433e-01
 1.009e+01 3.5618e-02 3.5618e-02 [ 4.7612e-08 1.9441e-02 1.6178e-02 ] 0.0000e+00 [ 0.0000e+00 ] 9.6438e-01
 1.020e+01 3.5571e-02 3.5571e-02 [ 3.4670e-08 1.9322e-02 1.6249e-02 ] 0.0000e+00 [ 0.0000e+00 ] 9.6443e-01
 1.031e+01 3.5526e-02 3.5526e-02 [ 2.5146e-08 1.9202e-02 1.6323e-02 ] 0.0000e+00 [ 0.0000e+00 ] 9.6447e-01
 1.043e+01 3.5482e-02 3.5482e-02 [ 1.8167e-08 1.9082e-02 1.6400e-02 ] 0.0000e+00 [ 0.0000e+00 ] 9.6452e-01
 1.054e+01 3.5439e-02 3.5439e-02 [ 1.3074e-08 1.8960e-02 1.6479e-02 ] 0.0000e+00 [ 0.0000e+00 ] 9.6456e-01
 1.065e+01 3.5397e-02 3.5397e-02 [ 9.3720e-09 1.8837e-02 1.6560e-02 ] 0.0000e+00 [ 0.0000e+00 ] 9.6460e-01
 1.077e+01 3.5356e-02 3.5356e-02 [ 6.6924e-09 1.8713e-02 1.6643e-02 ] 0.0000e+00 [ 0.0000e+00 ] 9.6464e-01
 1.088e+01 3.5316e-02 3.5316e-02 [ 4.7605e-09 1.8587e-02 1.6728e-02 ] 0.0000e+00 [ 0.0000e+00 ] 9.6468e-01
 1.099e+01 3.5277e-02 3.5277e-02 [ 3.3733e-09 1.8461e-02 1.6816e-02 ] 0.0000e+00 [ 0.0000e+00 ] 9.6472e-01
 1.111e+01 3.5239e-02 3.5239e-02 [ 2.3813e-09 1.8334e-02 1.6905e-02 ] 0.0000e+00 [ 0.0000e+00 ] 9.6476e-01
 1.122e+01 3.5201e-02 3.5201e-02 [ 1.6746e-09 1.8205e-02 1.6996e-02 ] 0.0000e+00 [ 0.0000e+00 ] 9.6480e-01
 1.133e+01 3.5164e-02 3.5164e-02 [ 1.1732e-09 1.8076e-02 1.7088e-02 ] 0.0000e+00 [ 0.0000e+00 ] 9.6484e-01
 1.145e+01 3.5127e-02 3.5127e-02 [ 8.1888e-10 1.7945e-02 1.7182e-02 ] 0.0000e+00 [ 0.0000e+00 ] 9.6487e-01
 1.156e+01 3.5091e-02 3.5091e-02 [ 5.6943e-10 1.7814e-02 1.7277e-02 ] 0.0000e+00 [ 0.0000e+00 ] 9.6491e-01
 1.167e+01 3.5055e-02 3.5055e-02 [ 3.9450e-10 1.7681e-02 1.7374e-02 ] 0.0000e+00 [ 0.0000e+00 ] 9.6494e-01
 1.179e+01 3.5020e-02 3.5020e-02 [ 2.7230e-10 1.7548e-02 1.7473e-02 ] 0.0000e+00 [ 0.0000e+00 ] 9.6498e-01
 1.190e+01 3.4985e-02 3.4985e-02 [ 1.8727e-10 1.7413e-02 1.7572e-02 ] 0.0000e+00 [ 0.0000e+00 ] 9.6501e-01
 1.201e+01 3.4950e-02 3.4950e-02 [ 1.2832e-10 1.7277e-02 1.7673e-02 ] 0.0000e+00 [ 0.0000e+00 ] 9.6505e-01
 1.213e+01 3.4915e-02 3.4915e-02 [ 8.7608e-11 1.7141e-02 1.7775e-02 ] 0.0000e+00 [ 0.0000e+00 ] 9.6508e-01
 1.224e+01 3.4881e-02 3.4881e-02 [ 5.9599e-11 1.7003e-02 1.7877e-02 ] 0.0000e+00 [ 0.0000e+00 ] 9.6512e-01
 1.235e+01 3.4846e-02 3.4846e-02 [ 4.0400e-11 1.6865e-02 1.7981e-02 ] 0.0000e+00 [ 0.0000e+00 ] 9.6515e-01
 1.247e+01 3.4812e-02 3.4812e-02 [ 2.7288e-11 1.6726e-02 1.8086e-02 ] 0.0000e+00 [ 0.0000e+00 ] 9.6519e-01
 1.258e+01 3.4777e-02 3.4777e-02 [ 1.8367e-11 1.6585e-02 1.8192e-02 ] 0.0000e+00 [ 0.0000e+00 ] 9.6522e-01
 1.269e+01 3.4743e-02 3.4743e-02 [ 1.2319e-11 1.6444e-02 1.8298e-02 ] 0.0000e+00 [ 0.0000e+00 ] 9.6526e-01
 1.281e+01 3.4708e-02 3.4708e-02 [ 8.2335e-12 1.6303e-02 1.8406e-02 ] 0.0000e+00 [ 0.0000e+00 ] 9.6529e-01
 1.292e+01 3.4674e-02 3.4674e-02 [ 5.4840e-12 1.6160e-02 1.8514e-02 ] 0.0000e+00 [ 0.0000e+00 ] 9.6533e-01
 1.303e+01 3.4639e-02 3.4639e-02 [ 3.6401e-12 1.6016e-02 1.8623e-02 ] 0.0000e+00 [ 0.0000e+00 ] 9.6536e-01
 1.315e+01 3.4604e-02 3.4604e-02 [ 2.4080e-12 1.5872e-02 1.8732e-02 ] 0.0000e+00 [ 0.0000e+00 ] 9.6540e-01
 1.326e+01 3.4569e-02 3.4569e-02 [ 1.5875e-12 1.5727e-02 1.8842e-02 ] 0.0000e+00 [ 0.0000e+00 ] 9.6543e-01
 1.337e+01 3.4533e-02 3.4533e-02 [ 1.0430e-12 1.5581e-02 1.8952e-02 ] 0.0000e+00 [ 0.0000e+00 ] 9.6547e-01
 1.349e+01 3.4498e-02 3.4498e-02 [ 6.8302e-13 1.5434e-02 1.9063e-02 ] 0.0000e+00 [ 0.0000e+00 ] 9.6550e-01
 1.360e+01 3.4462e-02 3.4462e-02 [ 4.4578e-13 1.5287e-02 1.9175e-02 ] 0.0000e+00 [ 0.0000e+00 ] 9.6554e-01
 1.371e+01 3.4425e-02 3.4425e-02 [ 2.8998e-13 1.5139e-02 1.9287e-02 ] 0.0000e+00 [ 0.0000e+00 ] 9.6557e-01
 1.383e+01 3.4389e-02 3.4389e-02 [ 1.8801e-13 1.4990e-02 1.9399e-02 ] 0.0000e+00 [ 0.0000e+00 ] 9.6561e-01
 1.394e+01 3.4352e-02 3.4352e-02 [ 1.2150e-13 1.4841e-02 1.9511e-02 ] 0.0000e+00 [ 0.0000e+00 ] 9.6565e-01
 1.405e+01 3.4314e-02 3.4314e-02 [ 7.8268e-14 1.4690e-02 1.9624e-02 ] 0.0000e+00 [ 0.0000e+00 ] 9.6569e-01
 1.417e+01 3.4277e-02 3.4277e-02 [ 5.0255e-14 1.4540e-02 1.9737e-02 ] 0.0000e+00 [ 0.0000e+00 ] 9.6572e-01
 1.428e+01 3.4238e-02 3.4238e-02 [ 3.2165e-14 1.4388e-02 1.9850e-02 ] 0.0000e+00 [ 0.0000e+00 ] 9.6576e-01
 1.439e+01 3.4199e-02 3.4199e-02 [ 2.0521e-14 1.4236e-02 1.9963e-02 ] 0.0000e+00 [ 0.0000e+00 ] 9.6580e-01
 1.451e+01 3.4160e-02 3.4160e-02 [ 1.3051e-14 1.4084e-02 2.0077e-02 ] 0.0000e+00 [ 0.0000e+00 ] 9.6584e-01
 1.462e+01 3.4120e-02 3.4120e-02 [ 8.2746e-15 1.3930e-02 2.0190e-02 ] 0.0000e+00 [ 0.0000e+00 ] 9.6588e-01
 1.473e+01 3.4080e-02 3.4080e-02 [ 5.2298e-15 1.3777e-02 2.0303e-02 ] 0.0000e+00 [ 0.0000e+00 ] 9.6592e-01
 1.485e+01 3.4039e-02 3.4039e-02 [ 3.2952e-15 1.3622e-02 2.0416e-02 ] 0.0000e+00 [ 0.0000e+00 ] 9.6596e-01
 1.496e+01 3.3997e-02 3.3997e-02 [ 2.0699e-15 1.3468e-02 2.0529e-02 ] 0.0000e+00 [ 0.0000e+00 ] 9.6600e-01
 1.507e+01 3.3954e-02 3.3954e-02 [ 1.2962e-15 1.3312e-02 2.0642e-02 ] 0.0000e+00 [ 0.0000e+00 ] 9.6605e-01
 1.519e+01 3.3911e-02 3.3911e-02 [ 8.0926e-16 1.3156e-02 2.0755e-02 ] 0.0000e+00 [ 0.0000e+00 ] 9.6609e-01
 1.530e+01 3.3867e-02 3.3867e-02 [ 5.0373e-16 1.3000e-02 2.0867e-02 ] 0.0000e+00 [ 0.0000e+00 ] 9.6613e-01
 1.541e+01 3.3822e-02 3.3822e-02 [ 3.1261e-16 1.2844e-02 2.0979e-02 ] 0.0000e+00 [ 0.0000e+00 ] 9.6618e-01
 1.553e+01 3.3776e-02 3.3776e-02 [ 1.9343e-16 1.2686e-02 2.1090e-02 ] 0.0000e+00 [ 0.0000e+00 ] 9.6622e-01
 1.564e+01 3.3730e-02 3.3730e-02 [ 1.1933e-16 1.2529e-02 2.1201e-02 ] 0.0000e+00 [ 0.0000e+00 ] 9.6627e-01
 1.575e+01 3.3682e-02 3.3682e-02 [ 7.3404e-17 1.2371e-02 2.1311e-02 ] 0.0000e+00 [ 0.0000e+00 ] 9.6632e-01
 1.587e+01 3.3633e-02 3.3633e-02 [ 4.5021e-17 1.2213e-02 2.1421e-02 ] 0.0000e+00 [ 0.0000e+00 ] 9.6637e-01
 1.598e+01 3.3584e-02 3.3584e-02 [ 2.7533e-17 1.2054e-02 2.1530e-02 ] 0.0000e+00 [ 0.0000e+00 ] 9.6642e-01
 1.609e+01 3.3533e-02 3.3533e-02 [ 1.6790e-17 1.1895e-02 2.1638e-02 ] 0.0000e+00 [ 0.0000e+00 ] 9.6647e-01
 1.621e+01 3.3481e-02 3.3481e-02 [ 1.0209e-17 1.1736e-02 2.1745e-02 ] 0.0000e+00 [ 0.0000e+00 ] 9.6652e-01
 1.632e+01 3.3427e-02 3.3427e-02 [ 6.1901e-18 1.1576e-02 2.1851e-02 ] 0.0000e+00 [ 0.0000e+00 ] 9.6657e-01
 1.643e+01 3.3373e-02 3.3373e-02 [ 3.7427e-18 1.1416e-02 2.1956e-02 ] 0.0000e+00 [ 0.0000e+00 ] 9.6663e-01
 1.655e+01 3.3317e-02 3.3317e-02 [ 2.2566e-18 1.1256e-02 2.2061e-02 ] 0.0000e+00 [ 0.0000e+00 ] 9.6668e-01
 1.666e+01 3.3260e-02 3.3260e-02 [ 1.3568e-18 1.1096e-02 2.2163e-02 ] 0.0000e+00 [ 0.0000e+00 ] 9.6674e-01
 1.677e+01 3.3201e-02 3.3201e-02 [ 8.1350e-19 1.0936e-02 2.2265e-02 ] 0.0000e+00 [ 0.0000e+00 ] 9.6680e-01
 1.689e+01 3.3140e-02 3.3140e-02 [ 4.8642e-19 1.0775e-02 2.2365e-02 ] 0.0000e+00 [ 0.0000e+00 ] 9.6686e-01
 1.700e+01 3.3078e-02 3.3078e-02 [ 2.9005e-19 1.0614e-02 2.2464e-02 ] 0.0000e+00 [ 0.0000e+00 ] 9.6692e-01
 1.711e+01 3.3014e-02 3.3014e-02 [ 1.7249e-19 1.0454e-02 2.2561e-02 ] 0.0000e+00 [ 0.0000e+00 ] 9.6699e-01
 1.723e+01 3.2949e-02 3.2949e-02 [ 1.0230e-19 1.0293e-02 2.2656e-02 ] 0.0000e+00 [ 0.0000e+00 ] 9.6705e-01
 1.734e+01 3.2881e-02 3.2881e-02 [ 6.0509e-20 1.0132e-02 2.2749e-02 ] 0.0000e+00 [ 0.0000e+00 ] 9.6712e-01
 1.745e+01 3.2812e-02 3.2812e-02 [ 3.5694e-20 9.9709e-03 2.2841e-02 ] 0.0000e+00 [ 0.0000e+00 ] 9.6719e-01
 1.757e+01 3.2740e-02 3.2740e-02 [ 2.1000e-20 9.8100e-03 2.2930e-02 ] 0.0000e+00 [ 0.0000e+00 ] 9.6726e-01
 1.768e+01 3.2667e-02 3.2667e-02 [ 1.2323e-20 9.6492e-03 2.3017e-02 ] 0.0000e+00 [ 0.0000e+00 ] 9.6733e-01
 1.779e+01 3.2591e-02 3.2591e-02 [ 7.2117e-21 9.4885e-03 2.3102e-02 ] 0.0000e+00 [ 0.0000e+00 ] 9.6741e-01
 1.791e+01 3.2512e-02 3.2512e-02 [ 4.2096e-21 9.3278e-03 2.3185e-02 ] 0.0000e+00 [ 0.0000e+00 ] 9.6749e-01
 1.802e+01 3.2432e-02 3.2432e-02 [ 2.4508e-21 9.1674e-03 2.3264e-02 ] 0.0000e+00 [ 0.0000e+00 ] 9.6757e-01
 1.813e+01 3.2349e-02 3.2349e-02 [ 1.4232e-21 9.0071e-03 2.3341e-02 ] 0.0000e+00 [ 0.0000e+00 ] 9.6765e-01
 1.825e+01 3.2263e-02 3.2263e-02 [ 8.2431e-22 8.8471e-03 2.3416e-02 ] 0.0000e+00 [ 0.0000e+00 ] 9.6774e-01
 1.836e+01 3.2174e-02 3.2174e-02 [ 4.7622e-22 8.6873e-03 2.3487e-02 ] 0.0000e+00 [ 0.0000e+00 ] 9.6783e-01
 1.847e+01 3.2083e-02 3.2083e-02 [ 2.7443e-22 8.5278e-03 2.3555e-02 ] 0.0000e+00 [ 0.0000e+00 ] 9.6792e-01
 1.859e+01 3.1989e-02 3.1989e-02 [ 1.5774e-22 8.3687e-03 2.3620e-02 ] 0.0000e+00 [ 0.0000e+00 ] 9.6801e-01
 1.870e+01 3.1891e-02 3.1891e-02 [ 9.0440e-23 8.2100e-03 2.3681e-02 ] 0.0000e+00 [ 0.0000e+00 ] 9.6811e-01
 1.881e+01 3.1791e-02 3.1791e-02 [ 5.1724e-23 8.0516e-03 2.3739e-02 ] 0.0000e+00 [ 0.0000e+00 ] 9.6821e-01
 1.893e+01 3.1687e-02 3.1687e-02 [ 2.9508e-23 7.8938e-03 2.3793e-02 ] 0.0000e+00 [ 0.0000e+00 ] 9.6831e-01
 1.904e+01 3.1580e-02 3.1580e-02 [ 1.6792e-23 7.7364e-03 2.3843e-02 ] 0.0000e+00 [ 0.0000e+00 ] 9.6842e-01
 1.915e+01 3.1469e-02 3.1469e-02 [ 9.5325e-24 7.5796e-03 2.3890e-02 ] 0.0000e+00 [ 0.0000e+00 ] 9.6853e-01
 1.927e+01 3.1355e-02 3.1355e-02 [ 5.3980e-24 7.4234e-03 2.3932e-02 ] 0.0000e+00 [ 0.0000e+00 ] 9.6865e-01
 1.938e+01 3.1237e-02 3.1237e-02 [ 3.0493e-24 7.2679e-03 2.3969e-02 ] 0.0000e+00 [ 0.0000e+00 ] 9.6876e-01
 1.949e+01 3.1115e-02 3.1115e-02 [ 1.7183e-24 7.1130e-03 2.4002e-02 ] 0.0000e+00 [ 0.0000e+00 ] 9.6888e-01
 1.961e+01 3.0990e-02 3.0990e-02 [ 9.6596e-25 6.9588e-03 2.4031e-02 ] 0.0000e+00 [ 0.0000e+00 ] 9.6901e-01
 1.972e+01 3.0860e-02 3.0860e-02 [ 5.4171e-25 6.8055e-03 2.4054e-02 ] 0.0000e+00 [ 0.0000e+00 ] 9.6914e-01
 1.983e+01 3.0726e-02 3.0726e-02 [ 3.0306e-25 6.6529e-03 2.4073e-02 ] 0.0000e+00 [ 0.0000e+00 ] 9.6927e-01
 1.995e+01 3.0588e-02 3.0588e-02 [ 1.6914e-25 6.5012e-03 2.4086e-02 ] 0.0000e+00 [ 0.0000e+00 ] 9.6941e-01
 2.006e+01 3.0445e-02 3.0445e-02 [ 9.4173e-26 6.3505e-03 2.4095e-02 ] 0.0000e+00 [ 0.0000e+00 ] 9.6955e-01
 2.017e+01 3.0298e-02 3.0298e-02 [ 5.2309e-26 6.2007e-03 2.4097e-02 ] 0.0000e+00 [ 0.0000e+00 ] 9.6970e-01
 2.029e+01 3.0147e-02 3.0147e-02 [ 2.8987e-26 6.0520e-03 2.4095e-02 ] 0.0000e+00 [ 0.0000e+00 ] 9.6985e-01
 2.040e+01 2.9990e-02 2.9990e-02 [ 1.6025e-26 5.9043e-03 2.4086e-02 ] 0.0000e+00 [ 0.0000e+00 ] 9.7001e-01
 2.051e+01 2.9829e-02 2.9829e-02 [ 8.8386e-27 5.7577e-03 2.4072e-02 ] 0.0000e+00 [ 0.0000e+00 ] 9.7017e-01
 2.063e+01 2.9664e-02 2.9664e-02 [ 4.8635e-27 5.6123e-03 2.4051e-02 ] 0.0000e+00 [ 0.0000e+00 ] 9.7034e-01
 2.074e+01 2.9493e-02 2.9493e-02 [ 2.6700e-27 5.4682e-03 2.4025e-02 ] 0.0000e+00 [ 0.0000e+00 ] 9.7051e-01
 2.085e+01 2.9317e-02 2.9317e-02 [ 1.4624e-27 5.3253e-03 2.3992e-02 ] 0.0000e+00 [ 0.0000e+00 ] 9.7068e-01
 2.097e+01 2.9136e-02 2.9136e-02 [ 7.9911e-28 5.1837e-03 2.3953e-02 ] 0.0000e+00 [ 0.0000e+00 ] 9.7086e-01
 2.108e+01 2.8950e-02 2.8950e-02 [ 4.3566e-28 5.0435e-03 2.3907e-02 ] 0.0000e+00 [ 0.0000e+00 ] 9.7105e-01
 2.119e+01 2.8759e-02 2.8759e-02 [ 2.3697e-28 4.9048e-03 2.3854e-02 ] 0.0000e+00 [ 0.0000e+00 ] 9.7124e-01
 2.131e+01 2.8563e-02 2.8563e-02 [ 1.2860e-28 4.7675e-03 2.3795e-02 ] 0.0000e+00 [ 0.0000e+00 ] 9.7144e-01
 2.142e+01 2.8361e-02 2.8361e-02 [ 6.9634e-29 4.6317e-03 2.3729e-02 ] 0.0000e+00 [ 0.0000e+00 ] 9.7164e-01
 2.153e+01 2.8154e-02 2.8154e-02 [ 3.7619e-29 4.4975e-03 2.3656e-02 ] 0.0000e+00 [ 0.0000e+00 ] 9.7185e-01
 2.165e+01 2.7941e-02 2.7941e-02 [ 2.0277e-29 4.3650e-03 2.3577e-02 ] 0.0000e+00 [ 0.0000e+00 ] 9.7206e-01
 2.176e+01 2.7724e-02 2.7724e-02 [ 1.0905e-29 4.2341e-03 2.3490e-02 ] 0.0000e+00 [ 0.0000e+00 ] 9.7228e-01
 2.187e+01 2.7500e-02 2.7500e-02 [ 5.8516e-30 4.1049e-03 2.3395e-02 ] 0.0000e+00 [ 0.0000e+00 ] 9.7250e-01
 2.199e+01 2.7272e-02 2.7272e-02 [ 3.1329e-30 3.9775e-03 2.3294e-02 ] 0.0000e+00 [ 0.0000e+00 ] 9.7273e-01
 2.210e+01 2.7037e-02 2.7037e-02 [ 1.6736e-30 3.8519e-03 2.3186e-02 ] 0.0000e+00 [ 0.0000e+00 ] 9.7296e-01
 2.221e+01 2.6798e-02 2.6798e-02 [ 8.9205e-31 3.7282e-03 2.3070e-02 ] 0.0000e+00 [ 0.0000e+00 ] 9.7320e-01
 2.233e+01 2.6553e-02 2.6553e-02 [ 4.7442e-31 3.6064e-03 2.2947e-02 ] 0.0000e+00 [ 0.0000e+00 ] 9.7345e-01
 2.244e+01 2.6303e-02 2.6303e-02 [ 2.5176e-31 3.4865e-03 2.2816e-02 ] 0.0000e+00 [ 0.0000e+00 ] 9.7370e-01
 2.255e+01 2.6047e-02 2.6047e-02 [ 1.3330e-31 3.3686e-03 2.2679e-02 ] 0.0000e+00 [ 0.0000e+00 ] 9.7395e-01
 2.267e+01 2.5786e-02 2.5786e-02 [ 7.0429e-32 3.2527e-03 2.2534e-02 ] 0.0000e+00 [ 0.0000e+00 ] 9.7421e-01
 2.278e+01 2.5520e-02 2.5520e-02 [ 3.7129e-32 3.1389e-03 2.2382e-02 ] 0.0000e+00 [ 0.0000e+00 ] 9.7448e-01
 2.289e+01 2.5249e-02 2.5249e-02 [ 1.9531e-32 3.0272e-03 2.2222e-02 ] 0.0000e+00 [ 0.0000e+00 ] 9.7475e-01
 2.301e+01 2.4973e-02 2.4973e-02 [ 1.0251e-32 2.9176e-03 2.2056e-02 ] 0.0000e+00 [ 0.0000e+00 ] 9.7503e-01
 2.312e+01 2.4692e-02 2.4692e-02 [ 5.3692e-33 2.8101e-03 2.1882e-02 ] 0.0000e+00 [ 0.0000e+00 ] 9.7531e-01
 2.323e+01 2.4406e-02 2.4406e-02 [ 2.8061e-33 2.7049e-03 2.1701e-02 ] 0.0000e+00 [ 0.0000e+00 ] 9.7559e-01
 2.335e+01 2.4116e-02 2.4116e-02 [ 1.4634e-33 2.6019e-03 2.1514e-02 ] 0.0000e+00 [ 0.0000e+00 ] 9.7588e-01
 2.346e+01 2.3820e-02 2.3820e-02 [ 7.6150e-34 2.5011e-03 2.1319e-02 ] 0.0000e+00 [ 0.0000e+00 ] 9.7618e-01
 2.357e+01 2.3521e-02 2.3521e-02 [ 3.9542e-34 2.4026e-03 2.1118e-02 ] 0.0000e+00 [ 0.0000e+00 ] 9.7648e-01
 2.369e+01 2.3217e-02 2.3217e-02 [ 2.0489e-34 2.3064e-03 2.0911e-02 ] 0.0000e+00 [ 0.0000e+00 ] 9.7678e-01
 2.380e+01 2.2909e-02 2.2909e-02 [ 1.0594e-34 2.2125e-03 2.0697e-02 ] 0.0000e+00 [ 0.0000e+00 ] 9.7709e-01
 2.391e+01 2.2597e-02 2.2597e-02 [ 5.4663e-35 2.1208e-03 2.0476e-02 ] 0.0000e+00 [ 0.0000e+00 ] 9.7740e-01
 2.403e+01 2.2281e-02 2.2281e-02 [ 2.8145e-35 2.0316e-03 2.0250e-02 ] 0.0000e+00 [ 0.0000e+00 ] 9.7772e-01
 2.414e+01 2.1962e-02 2.1962e-02 [ 1.4461e-35 1.9446e-03 2.0018e-02 ] 0.0000e+00 [ 0.0000e+00 ] 9.7804e-01
 2.425e+01 2.1639e-02 2.1639e-02 [ 7.4143e-36 1.8600e-03 1.9779e-02 ] 0.0000e+00 [ 0.0000e+00 ] 9.7836e-01
 2.437e+01 2.1314e-02 2.1314e-02 [ 3.7935e-36 1.7778e-03 1.9536e-02 ] 0.0000e+00 [ 0.0000e+00 ] 9.7869e-01
 2.448e+01 2.0985e-02 2.0985e-02 [ 1.9369e-36 1.6979e-03 1.9287e-02 ] 0.0000e+00 [ 0.0000e+00 ] 9.7902e-01
 2.459e+01 2.0653e-02 2.0653e-02 [ 9.8690e-37 1.6203e-03 1.9033e-02 ] 0.0000e+00 [ 0.0000e+00 ] 9.7935e-01
 2.471e+01 2.0319e-02 2.0319e-02 [ 5.0181e-37 1.5451e-03 1.8774e-02 ] 0.0000e+00 [ 0.0000e+00 ] 9.7968e-01
 2.482e+01 1.9982e-02 1.9982e-02 [ 2.5463e-37 1.4723e-03 1.8510e-02 ] 0.0000e+00 [ 0.0000e+00 ] 9.8002e-01
 2.493e+01 1.9644e-02 1.9644e-02 [ 1.2894e-37 1.4017e-03 1.8242e-02 ] 0.0000e+00 [ 0.0000e+00 ] 9.8036e-01
 2.505e+01 1.9303e-02 1.9303e-02 [ 6.5160e-38 1.3335e-03 1.7970e-02 ] 0.0000e+00 [ 0.0000e+00 ] 9.8070e-01
 2.516e+01 1.8961e-02 1.8961e-02 [ 3.2861e-38 1.2675e-03 1.7694e-02 ] 0.0000e+00 [ 0.0000e+00 ] 9.8104e-01
 2.527e+01 1.8618e-02 1.8618e-02 [ 1.6539e-38 1.2038e-03 1.7414e-02 ] 0.0000e+00 [ 0.0000e+00 ] 9.8138e-01
 2.539e+01 1.8274e-02 1.8274e-02 [ 8.3069e-39 1.1424e-03 1.7131e-02 ] 0.0000e+00 [ 0.0000e+00 ] 9.8173e-01
 2.550e+01 1.7928e-02 1.7928e-02 [ 4.1639e-39 1.0832e-03 1.6845e-02 ] 0.0000e+00 [ 0.0000e+00 ] 9.8207e-01
 2.561e+01 1.7582e-02 1.7582e-02 [ 2.0830e-39 1.0262e-03 1.6556e-02 ] 0.0000e+00 [ 0.0000e+00 ] 9.8242e-01
 2.573e+01 1.7236e-02 1.7236e-02 [ 1.0400e-39 9.7133e-04 1.6265e-02 ] 0.0000e+00 [ 0.0000e+00 ] 9.8276e-01
 2.584e+01 1.6890e-02 1.6890e-02 [ 5.1816e-40 9.1863e-04 1.5971e-02 ] 0.0000e+00 [ 0.0000e+00 ] 9.8311e-01
 2.595e+01 1.6544e-02 1.6544e-02 [ 2.5766e-40 8.6803e-04 1.5676e-02 ] 0.0000e+00 [ 0.0000e+00 ] 9.8346e-01
 2.607e+01 1.6198e-02 1.6198e-02 [ 1.2787e-40 8.1950e-04 1.5378e-02 ] 0.0000e+00 [ 0.0000e+00 ] 9.8380e-01
 2.618e+01 1.5853e-02 1.5853e-02 [ 6.3336e-41 7.7299e-04 1.5080e-02 ] 0.0000e+00 [ 0.0000e+00 ] 9.8415e-01
 2.629e+01 1.5508e-02 1.5508e-02 [ 3.1309e-41 7.2847e-04 1.4780e-02 ] 0.0000e+00 [ 0.0000e+00 ] 9.8449e-01
 2.641e+01 1.5165e-02 1.5165e-02 [ 1.5447e-41 6.8590e-04 1.4479e-02 ] 0.0000e+00 [ 0.0000e+00 ] 9.8483e-01
 2.652e+01 1.4824e-02 1.4824e-02 [ 7.6061e-42 6.4522e-04 1.4178e-02 ] 0.0000e+00 [ 0.0000e+00 ] 9.8518e-01
 2.663e+01 1.4484e-02 1.4484e-02 [ 3.7380e-42 6.0640e-04 1.3877e-02 ] 0.0000e+00 [ 0.0000e+00 ] 9.8552e-01
 2.675e+01 1.4145e-02 1.4145e-02 [ 1.8335e-42 5.6939e-04 1.3576e-02 ] 0.0000e+00 [ 0.0000e+00 ] 9.8585e-01
 2.686e+01 1.3809e-02 1.3809e-02 [ 8.9760e-43 5.3414e-04 1.3275e-02 ] 0.0000e+00 [ 0.0000e+00 ] 9.8619e-01
 2.697e+01 1.3475e-02 1.3475e-02 [ 4.3859e-43 5.0060e-04 1.2975e-02 ] 0.0000e+00 [ 0.0000e+00 ] 9.8652e-01
 2.709e+01 1.3144e-02 1.3144e-02 [ 2.1389e-43 4.6873e-04 1.2675e-02 ] 0.0000e+00 [ 0.0000e+00 ] 9.8686e-01
 2.720e+01 1.2815e-02 1.2815e-02 [ 1.0412e-43 4.3847e-04 1.2377e-02 ] 0.0000e+00 [ 0.0000e+00 ] 9.8718e-01
 2.731e+01 1.2489e-02 1.2489e-02 [ 5.0584e-44 4.0977e-04 1.2080e-02 ] 0.0000e+00 [ 0.0000e+00 ] 9.8751e-01
 2.743e+01 1.2167e-02 1.2167e-02 [ 2.4530e-44 3.8258e-04 1.1784e-02 ] 0.0000e+00 [ 0.0000e+00 ] 9.8783e-01
 2.754e+01 1.1847e-02 1.1847e-02 [ 1.1873e-44 3.5684e-04 1.1490e-02 ] 0.0000e+00 [ 0.0000e+00 ] 9.8815e-01
 2.765e+01 1.1531e-02 1.1531e-02 [ 5.7361e-45 3.3252e-04 1.1199e-02 ] 0.0000e+00 [ 0.0000e+00 ] 9.8847e-01
 2.777e+01 1.1219e-02 1.1219e-02 [ 2.7661e-45 3.0954e-04 1.0909e-02 ] 0.0000e+00 [ 0.0000e+00 ] 9.8878e-01
 2.788e+01 1.0911e-02 1.0911e-02 [ 1.3314e-45 2.8788e-04 1.0623e-02 ] 0.0000e+00 [ 0.0000e+00 ] 9.8909e-01
 2.799e+01 1.0606e-02 1.0606e-02 [ 6.3968e-46 2.6746e-04 1.0339e-02 ] 0.0000e+00 [ 0.0000e+00 ] 9.8939e-01
 2.811e+01 1.0306e-02 1.0306e-02 [ 3.0677e-46 2.4824e-04 1.0057e-02 ] 0.0000e+00 [ 0.0000e+00 ] 9.8969e-01
 2.822e+01 1.0009e-02 1.0009e-02 [ 1.4685e-46 2.3018e-04 9.7791e-03 ] 0.0000e+00 [ 0.0000e+00 ] 9.8999e-01
 2.833e+01 9.7175e-03 9.7175e-03 [ 7.0171e-47 2.1321e-04 9.5042e-03 ] 0.0000e+00 [ 0.0000e+00 ] 9.9028e-01
 2.845e+01 9.4301e-03 9.4301e-03 [ 3.3470e-47 1.9729e-04 9.2328e-03 ] 0.0000e+00 [ 0.0000e+00 ] 9.9057e-01
 2.856e+01 9.1473e-03 9.1473e-03 [ 1.5936e-47 1.8238e-04 8.9649e-03 ] 0.0000e+00 [ 0.0000e+00 ] 9.9085e-01
 2.867e+01 8.8692e-03 8.8692e-03 [ 7.5738e-48 1.6842e-04 8.7007e-03 ] 0.0000e+00 [ 0.0000e+00 ] 9.9113e-01
 2.879e+01 8.5958e-03 8.5958e-03 [ 3.5932e-48 1.5538e-04 8.4404e-03 ] 0.0000e+00 [ 0.0000e+00 ] 9.9140e-01
 2.890e+01 8.3273e-03 8.3273e-03 [ 1.7017e-48 1.4319e-04 8.1842e-03 ] 0.0000e+00 [ 0.0000e+00 ] 9.9167e-01
 2.901e+01 8.0638e-03 8.0638e-03 [ 8.0452e-49 1.3183e-04 7.9320e-03 ] 0.0000e+00 [ 0.0000e+00 ] 9.9194e-01
 2.913e+01 7.8053e-03 7.8053e-03 [ 3.7969e-49 1.2124e-04 7.6840e-03 ] 0.0000e+00 [ 0.0000e+00 ] 9.9219e-01
 2.924e+01 7.5518e-03 7.5518e-03 [ 1.7888e-49 1.1138e-04 7.4404e-03 ] 0.0000e+00 [ 0.0000e+00 ] 9.9245e-01
 2.935e+01 7.3035e-03 7.3035e-03 [ 8.4128e-50 1.0222e-04 7.2012e-03 ] 0.0000e+00 [ 0.0000e+00 ] 9.9270e-01
 2.947e+01 7.0603e-03 7.0603e-03 [ 3.9499e-50 9.3720e-05 6.9665e-03 ] 0.0000e+00 [ 0.0000e+00 ] 9.9294e-01
 2.958e+01 6.8222e-03 6.8222e-03 [ 1.8513e-50 8.5833e-05 6.7364e-03 ] 0.0000e+00 [ 0.0000e+00 ] 9.9318e-01
 2.969e+01 6.5894e-03 6.5894e-03 [ 8.6624e-51 7.8527e-05 6.5109e-03 ] 0.0000e+00 [ 0.0000e+00 ] 9.9341e-01
 2.981e+01 6.3619e-03 6.3619e-03 [ 4.0464e-51 7.1768e-05 6.2901e-03 ] 0.0000e+00 [ 0.0000e+00 ] 9.9364e-01
 2.992e+01 6.1396e-03 6.1396e-03 [ 1.8870e-51 6.5521e-05 6.0740e-03 ] 0.0000e+00 [ 0.0000e+00 ] 9.9386e-01
 3.003e+01 5.9225e-03 5.9225e-03 [ 8.7851e-52 5.9755e-05 5.8627e-03 ] 0.0000e+00 [ 0.0000e+00 ] 9.9408e-01
 3.015e+01 5.7107e-03 5.7107e-03 [ 4.0833e-52 5.4438e-05 5.6562e-03 ] 0.0000e+00 [ 0.0000e+00 ] 9.9429e-01
 3.026e+01 5.5041e-03 5.5041e-03 [ 1.8948e-52 4.9542e-05 5.4545e-03 ] 0.0000e+00 [ 0.0000e+00 ] 9.9450e-01
 3.037e+01 5.3027e-03 5.3027e-03 [ 8.7778e-53 4.5038e-05 5.2577e-03 ] 0.0000e+00 [ 0.0000e+00 ] 9.9470e-01
 3.049e+01 5.1065e-03 5.1065e-03 [ 4.0599e-53 4.0900e-05 5.0656e-03 ] 0.0000e+00 [ 0.0000e+00 ] 9.9489e-01
 3.060e+01 4.9156e-03 4.9156e-03 [ 1.8747e-53 3.7103e-05 4.8785e-03 ] 0.0000e+00 [ 0.0000e+00 ] 9.9508e-01
 3.071e+01 4.7297e-03 4.7297e-03 [ 8.6432e-54 3.3622e-05 4.6961e-03 ] 0.0000e+00 [ 0.0000e+00 ] 9.9527e-01
 3.083e+01 4.5490e-03 4.5490e-03 [ 3.9784e-54 3.0435e-05 4.5185e-03 ] 0.0000e+00 [ 0.0000e+00 ] 9.9545e-01
 3.094e+01 4.3733e-03 4.3733e-03 [ 1.8284e-54 2.7520e-05 4.3457e-03 ] 0.0000e+00 [ 0.0000e+00 ] 9.9563e-01
 3.105e+01 4.2026e-03 4.2026e-03 [ 8.3893e-55 2.4859e-05 4.1777e-03 ] 0.0000e+00 [ 0.0000e+00 ] 9.9580e-01
 3.117e+01 4.0369e-03 4.0369e-03 [ 3.8434e-55 2.2430e-05 4.0144e-03 ] 0.0000e+00 [ 0.0000e+00 ] 9.9596e-01
 3.128e+01 3.8760e-03 3.8760e-03 [ 1.7580e-55 2.0217e-05 3.8558e-03 ] 0.0000e+00 [ 0.0000e+00 ] 9.9612e-01
 3.139e+01 3.7201e-03 3.7201e-03 [ 8.0293e-56 1.8203e-05 3.7019e-03 ] 0.0000e+00 [ 0.0000e+00 ] 9.9628e-01
 3.151e+01 3.5689e-03 3.5689e-03 [ 3.6615e-56 1.6372e-05 3.5525e-03 ] 0.0000e+00 [ 0.0000e+00 ] 9.9643e-01
 3.162e+01 3.4224e-03 3.4224e-03 [ 1.6672e-56 1.4709e-05 3.4077e-03 ] 0.0000e+00 [ 0.0000e+00 ] 9.9658e-01
 3.173e+01 3.2805e-03 3.2805e-03 [ 7.5795e-57 1.3201e-05 3.2673e-03 ] 0.0000e+00 [ 0.0000e+00 ] 9.9672e-01
 3.185e+01 3.1432e-03 3.1432e-03 [ 3.4408e-57 1.1834e-05 3.1314e-03 ] 0.0000e+00 [ 0.0000e+00 ] 9.9686e-01
 3.196e+01 3.0104e-03 3.0104e-03 [ 1.5596e-57 1.0598e-05 2.9998e-03 ] 0.0000e+00 [ 0.0000e+00 ] 9.9699e-01
 3.207e+01 2.8820e-03 2.8820e-03 [ 7.0591e-58 9.4808e-06 2.8725e-03 ] 0.0000e+00 [ 0.0000e+00 ] 9.9712e-01
 3.219e+01 2.7579e-03 2.7579e-03 [ 3.1903e-58 8.4722e-06 2.7494e-03 ] 0.0000e+00 [ 0.0000e+00 ] 9.9724e-01
 3.230e+01 2.6381e-03 2.6381e-03 [ 1.4398e-58 7.5627e-06 2.6305e-03 ] 0.0000e+00 [ 0.0000e+00 ] 9.9736e-01
 3.241e+01 2.5224e-03 2.5224e-03 [ 6.4881e-59 6.7436e-06 2.5156e-03 ] 0.0000e+00 [ 0.0000e+00 ] 9.9748e-01
 3.253e+01 2.4108e-03 2.4108e-03 [ 2.9196e-59 6.0068e-06 2.4048e-03 ] 0.0000e+00 [ 0.0000e+00 ] 9.9759e-01
 3.264e+01 2.3031e-03 2.3031e-03 [ 1.3119e-59 5.3447e-06 2.2978e-03 ] 0.0000e+00 [ 0.0000e+00 ] 9.9770e-01
 3.275e+01 2.1994e-03 2.1994e-03 [ 5.8869e-60 4.7505e-06 2.1946e-03 ] 0.0000e+00 [ 0.0000e+00 ] 9.9780e-01
 3.287e+01 2.0995e-03 2.0995e-03 [ 2.6379e-60 4.2179e-06 2.0952e-03 ] 0.0000e+00 [ 0.0000e+00 ] 9.9790e-01
 3.298e+01 2.0032e-03 2.0032e-03 [ 1.1804e-60 3.7409e-06 1.9995e-03 ] 0.0000e+00 [ 0.0000e+00 ] 9.9800e-01
 3.309e+01 1.9106e-03 1.9106e-03 [ 5.2744e-61 3.3144e-06 1.9073e-03 ] 0.0000e+00 [ 0.0000e+00 ] 9.9809e-01
 3.321e+01 1.8216e-03 1.8216e-03 [ 2.3537e-61 2.9333e-06 1.8186e-03 ] 0.0000e+00 [ 0.0000e+00 ] 9.9818e-01
 3.332e+01 1.7359e-03 1.7359e-03 [ 1.0489e-61 2.5933e-06 1.7333e-03 ] 0.0000e+00 [ 0.0000e+00 ] 9.9826e-01
 3.343e+01 1.6536e-03 1.6536e-03 [ 4.6678e-62 2.2903e-06 1.6513e-03 ] 0.0000e+00 [ 0.0000e+00 ] 9.9835e-01
 3.355e+01 1.5746e-03 1.5746e-03 [ 2.0745e-62 2.0205e-06 1.5726e-03 ] 0.0000e+00 [ 0.0000e+00 ] 9.9843e-01
 3.366e+01 1.4987e-03 1.4987e-03 [ 9.2079e-63 1.7806e-06 1.4969e-03 ] 0.0000e+00 [ 0.0000e+00 ] 9.9850e-01
 3.377e+01 1.4259e-03 1.4259e-03 [ 4.0815e-63 1.5675e-06 1.4244e-03 ] 0.0000e+00 [ 0.0000e+00 ] 9.9857e-01
 3.389e+01 1.3561e-03 1.3561e-03 [ 1.8069e-63 1.3785e-06 1.3547e-03 ] 0.0000e+00 [ 0.0000e+00 ] 9.9864e-01
 3.400e+01 1.2892e-03 1.2892e-03 [ 7.9884e-64 1.2110e-06 1.2880e-03 ] 0.0000e+00 [ 0.0000e+00 ] 9.9871e-01
 3.411e+01 1.2251e-03 1.2251e-03 [ 3.5273e-64 1.0627e-06 1.2240e-03 ] 0.0000e+00 [ 0.0000e+00 ] 9.9877e-01
 3.423e+01 1.1637e-03 1.1637e-03 [ 1.5555e-64 9.3157e-07 1.1627e-03 ] 0.0000e+00 [ 0.0000e+00 ] 9.9884e-01
 3.434e+01 1.1049e-03 1.1049e-03 [ 6.8509e-65 8.1578e-07 1.1041e-03 ] 0.0000e+00 [ 0.0000e+00 ] 9.9890e-01
 3.445e+01 1.0487e-03 1.0487e-03 [ 3.0136e-65 7.1363e-07 1.0479e-03 ] 0.0000e+00 [ 0.0000e+00 ] 9.9895e-01
 3.457e+01 9.9488e-04 9.9488e-04 [ 1.3240e-65 6.2362e-07 9.9426e-04 ] 0.0000e+00 [ 0.0000e+00 ] 9.9901e-01
 3.468e+01 9.4349e-04 9.4349e-04 [ 5.8097e-66 5.4440e-07 9.4295e-04 ] 0.0000e+00 [ 0.0000e+00 ] 9.9906e-01
 3.479e+01 8.9439e-04 8.9439e-04 [ 2.5462e-66 4.7474e-07 8.9392e-04 ] 0.0000e+00 [ 0.0000e+00 ] 9.9911e-01
 3.491e+01 8.4751e-04 8.4751e-04 [ 1.1146e-66 4.1357e-07 8.4710e-04 ] 0.0000e+00 [ 0.0000e+00 ] 9.9915e-01
 3.502e+01 8.0276e-04 8.0276e-04 [ 4.8730e-67 3.5991e-07 8.0240e-04 ] 0.0000e+00 [ 0.0000e+00 ] 9.9920e-01
 3.513e+01 7.6007e-04 7.6007e-04 [ 2.1280e-67 3.1289e-07 7.5976e-04 ] 0.0000e+00 [ 0.0000e+00 ] 9.9924e-01
 3.525e+01 7.1937e-04 7.1937e-04 [ 9.2821e-68 2.7173e-07 7.1910e-04 ] 0.0000e+00 [ 0.0000e+00 ] 9.9928e-01
 3.536e+01 6.8057e-04 6.8057e-04 [ 4.0440e-68 2.3574e-07 6.8034e-04 ] 0.0000e+00 [ 0.0000e+00 ] 9.9932e-01
 3.547e+01 6.4361e-04 6.4361e-04 [ 1.7598e-68 2.0431e-07 6.4341e-04 ] 0.0000e+00 [ 0.0000e+00 ] 9.9936e-01
 3.559e+01 6.0842e-04 6.0842e-04 [ 7.6496e-69 1.7689e-07 6.0824e-04 ] 0.0000e+00 [ 0.0000e+00 ] 9.9939e-01
 3.570e+01 5.7492e-04 5.7492e-04 [ 3.3213e-69 1.5299e-07 5.7477e-04 ] 0.0000e+00 [ 0.0000e+00 ] 9.9943e-01
 3.581e+01 5.4306e-04 5.4306e-04 [ 1.4405e-69 1.3219e-07 5.4293e-04 ] 0.0000e+00 [ 0.0000e+00 ] 9.9946e-01
 3.593e+01 5.1276e-04 5.1276e-04 [ 6.2403e-70 1.1410e-07 5.1264e-04 ] 0.0000e+00 [ 0.0000e+00 ] 9.9949e-01
 3.604e+01 4.8396e-04 4.8396e-04 [ 2.7004e-70 9.8383e-08 4.8386e-04 ] 0.0000e+00 [ 0.0000e+00 ] 9.9952e-01
 3.615e+01 4.5659e-04 4.5659e-04 [ 1.1673e-70 8.4748e-08 4.5651e-04 ] 0.0000e+00 [ 0.0000e+00 ] 9.9954e-01
 3.627e+01 4.3061e-04 4.3061e-04 [ 5.0404e-71 7.2929e-08 4.3054e-04 ] 0.0000e+00 [ 0.0000e+00 ] 9.9957e-01
 3.638e+01 4.0595e-04 4.0595e-04 [ 2.1741e-71 6.2696e-08 4.0589e-04 ] 0.0000e+00 [ 0.0000e+00 ] 9.9959e-01
 3.649e+01 3.8255e-04 3.8255e-04 [ 9.3680e-72 5.3845e-08 3.8250e-04 ] 0.0000e+00 [ 0.0000e+00 ] 9.9962e-01
 3.661e+01 3.6036e-04 3.6036e-04 [ 4.0323e-72 4.6198e-08 3.6031e-04 ] 0.0000e+00 [ 0.0000e+00 ] 9.9964e-01
 3.672e+01 3.3933e-04 3.3933e-04 [ 1.7338e-72 3.9597e-08 3.3929e-04 ] 0.0000e+00 [ 0.0000e+00 ] 9.9966e-01
 3.683e+01 3.1940e-04 3.1940e-04 [ 7.4474e-73 3.3906e-08 3.1936e-04 ] 0.0000e+00 [ 0.0000e+00 ] 9.9968e-01
 3.695e+01 3.0052e-04 3.0052e-04 [ 3.1957e-73 2.9004e-08 3.0049e-04 ] 0.0000e+00 [ 0.0000e+00 ] 9.9970e-01
 3.706e+01 2.8265e-04 2.8265e-04 [ 1.3699e-73 2.4787e-08 2.8263e-04 ] 0.0000e+00 [ 0.0000e+00 ] 9.9972e-01
 3.717e+01 2.6574e-04 2.6574e-04 [ 5.8665e-74 2.1162e-08 2.6572e-04 ] 0.0000e+00 [ 0.0000e+00 ] 9.9973e-01
 3.729e+01 2.4975e-04 2.4975e-04 [ 2.5098e-74 1.8050e-08 2.4973e-04 ] 0.0000e+00 [ 0.0000e+00 ] 9.9975e-01
 3.740e+01 2.3463e-04 2.3463e-04 [ 1.0727e-74 1.5380e-08 2.3462e-04 ] 0.0000e+00 [ 0.0000e+00 ] 9.9977e-01
 3.751e+01 2.2035e-04 2.2035e-04 [ 4.5802e-75 1.3093e-08 2.2033e-04 ] 0.0000e+00 [ 0.0000e+00 ] 9.9978e-01
 3.763e+01 2.0685e-04 2.0685e-04 [ 1.9538e-75 1.1135e-08 2.0684e-04 ] 0.0000e+00 [ 0.0000e+00 ] 9.9979e-01
 3.774e+01 1.9411e-04 1.9411e-04 [ 8.3266e-76 9.4607e-09 1.9410e-04 ] 0.0000e+00 [ 0.0000e+00 ] 9.9981e-01
 3.785e+01 1.8208e-04 1.8208e-04 [ 3.5452e-76 8.0305e-09 1.8207e-04 ] 0.0000e+00 [ 0.0000e+00 ] 9.9982e-01
 3.797e+01 1.7073e-04 1.7073e-04 [ 1.5080e-76 6.8100e-09 1.7073e-04 ] 0.0000e+00 [ 0.0000e+00 ] 9.9983e-01
 3.808e+01 1.6003e-04 1.6003e-04 [ 6.4089e-77 5.7695e-09 1.6003e-04 ] 0.0000e+00 [ 0.0000e+00 ] 9.9984e-01
 3.819e+01 1.4995e-04 1.4995e-04 [ 2.7212e-77 4.8834e-09 1.4994e-04 ] 0.0000e+00 [ 0.0000e+00 ] 9.9985e-01
 3.831e+01 1.4045e-04 1.4045e-04 [ 1.1544e-77 4.1294e-09 1.4044e-04 ] 0.0000e+00 [ 0.0000e+00 ] 9.9986e-01
 3.842e+01 1.3150e-04 1.3150e-04 [ 4.8925e-78 3.4886e-09 1.3149e-04 ] 0.0000e+00 [ 0.0000e+00 ] 9.9987e-01
 3.853e+01 1.2307e-04 1.2307e-04 [ 2.0718e-78 2.9445e-09 1.2307e-04 ] 0.0000e+00 [ 0.0000e+00 ] 9.9988e-01
 3.865e+01 1.1514e-04 1.1514e-04 [ 8.7654e-79 2.4829e-09 1.1514e-04 ] 0.0000e+00 [ 0.0000e+00 ] 9.9988e-01
 3.876e+01 1.0769e-04 1.0769e-04 [ 3.7053e-79 2.0918e-09 1.0768e-04 ] 0.0000e+00 [ 0.0000e+00 ] 9.9989e-01
 3.887e+01 1.0068e-04 1.0068e-04 [ 1.5650e-79 1.7606e-09 1.0067e-04 ] 0.0000e+00 [ 0.0000e+00 ] 9.9990e-01
 3.899e+01 9.4086e-05 9.4086e-05 [ 6.6041e-80 1.4805e-09 9.4084e-05 ] 0.0000e+00 [ 0.0000e+00 ] 9.9991e-01
 3.910e+01 8.7895e-05 8.7895e-05 [ 2.7846e-80 1.2438e-09 8.7893e-05 ] 0.0000e+00 [ 0.0000e+00 ] 9.9991e-01
 3.921e+01 8.2081e-05 8.2081e-05 [ 1.1731e-80 1.0440e-09 8.2080e-05 ] 0.0000e+00 [ 0.0000e+00 ] 9.9992e-01
 3.933e+01 7.6623e-05 7.6623e-05 [ 4.9383e-81 8.7550e-10 7.6622e-05 ] 0.0000e+00 [ 0.0000e+00 ] 9.9992e-01
 3.944e+01 7.1503e-05 7.1503e-05 [ 2.0771e-81 7.3353e-10 7.1502e-05 ] 0.0000e+00 [ 0.0000e+00 ] 9.9993e-01
 3.955e+01 6.6700e-05 6.6700e-05 [ 8.7293e-82 6.1402e-10 6.6699e-05 ] 0.0000e+00 [ 0.0000e+00 ] 9.9993e-01
 3.967e+01 6.2196e-05 6.2196e-05 [ 3.6657e-82 5.1352e-10 6.2196e-05 ] 0.0000e+00 [ 0.0000e+00 ] 9.9994e-01
 3.978e+01 5.7976e-05 5.7976e-05 [ 1.5381e-82 4.2908e-10 5.7976e-05 ] 0.0000e+00 [ 0.0000e+00 ] 9.9994e-01
 3.989e+01 5.4023e-05 5.4023e-05 [ 6.4490e-83 3.5821e-10 5.4022e-05 ] 0.0000e+00 [ 0.0000e+00 ] 9.9995e-01
 4.001e+01 5.0321e-05 5.0321e-05 [ 2.7018e-83 2.9878e-10 5.0320e-05 ] 0.0000e+00 [ 0.0000e+00 ] 9.9995e-01
 4.012e+01 4.6855e-05 4.6855e-05 [ 1.1311e-83 2.4898e-10 4.6855e-05 ] 0.0000e+00 [ 0.0000e+00 ] 9.9995e-01
 4.023e+01 4.3612e-05 4.3612e-05 [ 4.7314e-84 2.0731e-10 4.3612e-05 ] 0.0000e+00 [ 0.0000e+00 ] 9.9996e-01
 4.035e+01 4.0580e-05 4.0580e-05 [ 1.9777e-84 1.7245e-10 4.0579e-05 ] 0.0000e+00 [ 0.0000e+00 ] 9.9996e-01
 4.046e+01 3.7744e-05 3.7744e-05 [ 8.2609e-85 1.4333e-10 3.7744e-05 ] 0.0000e+00 [ 0.0000e+00 ] 9.9996e-01
 4.057e+01 3.5094e-05 3.5094e-05 [ 3.4480e-85 1.1903e-10 3.5094e-05 ] 0.0000e+00 [ 0.0000e+00 ] 9.9996e-01
 4.069e+01 3.2618e-05 3.2618e-05 [ 1.4381e-85 9.8755e-11 3.2618e-05 ] 0.0000e+00 [ 0.0000e+00 ] 9.9997e-01
 4.080e+01 3.0306e-05 3.0306e-05 [ 5.9938e-86 8.1865e-11 3.0306e-05 ] 0.0000e+00 [ 0.0000e+00 ] 9.9997e-01
 4.091e+01 2.8148e-05 2.8148e-05 [ 2.4964e-86 6.7805e-11 2.8148e-05 ] 0.0000e+00 [ 0.0000e+00 ] 9.9997e-01
 4.103e+01 2.6134e-05 2.6134e-05 [ 1.0390e-86 5.6112e-11 2.6134e-05 ] 0.0000e+00 [ 0.0000e+00 ] 9.9997e-01
 4.114e+01 2.4256e-05 2.4256e-05 [ 4.3213e-87 4.6395e-11 2.4256e-05 ] 0.0000e+00 [ 0.0000e+00 ] 9.9998e-01
 4.125e+01 2.2504e-05 2.2504e-05 [ 1.7960e-87 3.8328e-11 2.2504e-05 ] 0.0000e+00 [ 0.0000e+00 ] 9.9998e-01
 4.137e+01 2.0872e-05 2.0872e-05 [ 7.4597e-88 3.1637e-11 2.0872e-05 ] 0.0000e+00 [ 0.0000e+00 ] 9.9998e-01
 4.148e+01 1.9351e-05 1.9351e-05 [ 3.0963e-88 2.6092e-11 1.9351e-05 ] 0.0000e+00 [ 0.0000e+00 ] 9.9998e-01
 4.159e+01 1.7935e-05 1.7935e-05 [ 1.2843e-88 2.1500e-11 1.7935e-05 ] 0.0000e+00 [ 0.0000e+00 ] 9.9998e-01
 4.171e+01 1.6616e-05 1.6616e-05 [ 5.3236e-89 1.7702e-11 1.6616e-05 ] 0.0000e+00 [ 0.0000e+00 ] 9.9998e-01
 4.182e+01 1.5389e-05 1.5389e-05 [ 2.2053e-89 1.4562e-11 1.5389e-05 ] 0.0000e+00 [ 0.0000e+00 ] 9.9998e-01
 4.193e+01 1.4247e-05 1.4247e-05 [ 9.1293e-90 1.1969e-11 1.4247e-05 ] 0.0000e+00 [ 0.0000e+00 ] 9.9999e-01
 4.205e+01 1.3186e-05 1.3186e-05 [ 3.7769e-90 9.8301e-12 1.3186e-05 ] 0.0000e+00 [ 0.0000e+00 ] 9.9999e-01
 4.216e+01 1.2199e-05 1.2199e-05 [ 1.5616e-90 8.0664e-12 1.2199e-05 ] 0.0000e+00 [ 0.0000e+00 ] 9.9999e-01
 4.227e+01 1.1282e-05 1.1282e-05 [ 6.4525e-91 6.6137e-12 1.1282e-05 ] 0.0000e+00 [ 0.0000e+00 ] 9.9999e-01
 4.239e+01 1.0431e-05 1.0431e-05 [ 2.6645e-91 5.4181e-12 1.0431e-05 ] 0.0000e+00 [ 0.0000e+00 ] 9.9999e-01
 4.250e+01 9.6400e-06 9.6400e-06 [ 1.0996e-91 4.4350e-12 9.6400e-06 ] 0.0000e+00 [ 0.0000e+00 ] 9.9999e-01
 4.261e+01 8.9061e-06 8.9061e-06 [ 4.5352e-92 3.6273e-12 8.9061e-06 ] 0.0000e+00 [ 0.0000e+00 ] 9.9999e-01
 4.273e+01 8.2251e-06 8.2251e-06 [ 1.8694e-92 2.9643e-12 8.2251e-06 ] 0.0000e+00 [ 0.0000e+00 ] 9.9999e-01
 4.284e+01 7.5936e-06 7.5936e-06 [ 7.7009e-93 2.4205e-12 7.5936e-06 ] 0.0000e+00 [ 0.0000e+00 ] 9.9999e-01
 4.295e+01 7.0081e-06 7.0081e-06 [ 3.1705e-93 1.9749e-12 7.0081e-06 ] 0.0000e+00 [ 0.0000e+00 ] 9.9999e-01
 4.307e+01 6.4655e-06 6.4655e-06 [ 1.3046e-93 1.6100e-12 6.4655e-06 ] 0.0000e+00 [ 0.0000e+00 ] 9.9999e-01
 4.318e+01 5.9628e-06 5.9628e-06 [ 5.3648e-94 1.3114e-12 5.9628e-06 ] 0.0000e+00 [ 0.0000e+00 ] 9.9999e-01
 4.329e+01 5.4973e-06 5.4973e-06 [ 2.2049e-94 1.0674e-12 5.4973e-06 ] 0.0000e+00 [ 0.0000e+00 ] 9.9999e-01
 4.341e+01 5.0664e-06 5.0664e-06 [ 9.0572e-95 8.6807e-13 5.0664e-06 ] 0.0000e+00 [ 0.0000e+00 ] 9.9999e-01
 4.352e+01 4.6676e-06 4.6676e-06 [ 3.7183e-95 7.0541e-13 4.6676e-06 ] 0.0000e+00 [ 0.0000e+00 ] 1.0000e+00
 4.363e+01 4.2987e-06 4.2987e-06 [ 1.5257e-95 5.7277e-13 4.2987e-06 ] 0.0000e+00 [ 0.0000e+00 ] 1.0000e+00
 4.375e+01 3.9576e-06 3.9576e-06 [ 6.2567e-96 4.6470e-13 3.9576e-06 ] 0.0000e+00 [ 0.0000e+00 ] 1.0000e+00
 4.386e+01 3.6423e-06 3.6423e-06 [ 2.5644e-96 3.7673e-13 3.6423e-06 ] 0.0000e+00 [ 0.0000e+00 ] 1.0000e+00
 4.397e+01 3.3510e-06 3.3510e-06 [ 1.0505e-96 3.0517e-13 3.3510e-06 ] 0.0000e+00 [ 0.0000e+00 ] 1.0000e+00
 4.409e+01 3.0819e-06 3.0819e-06 [ 4.3012e-97 2.4700e-13 3.0819e-06 ] 0.0000e+00 [ 0.0000e+00 ] 1.0000e+00
 4.420e+01 2.8334e-06 2.8334e-06 [ 1.7601e-97 1.9977e-13 2.8334e-06 ] 0.0000e+00 [ 0.0000e+00 ] 1.0000e+00
 4.431e+01 2.6040e-06 2.6040e-06 [ 7.1991e-98 1.6144e-13 2.6040e-06 ] 0.0000e+00 [ 0.0000e+00 ] 1.0000e+00
 4.443e+01 2.3924e-06 2.3924e-06 [ 2.9430e-98 1.3037e-13 2.3924e-06 ] 0.0000e+00 [ 0.0000e+00 ] 1.0000e+00
 4.454e+01 2.1972e-06 2.1972e-06 [ 1.2025e-98 1.0519e-13 2.1972e-06 ] 0.0000e+00 [ 0.0000e+00 ] 1.0000e+00
 4.465e+01 2.0173e-06 2.0173e-06 [ 4.9107e-99 8.4812e-14 2.0173e-06 ] 0.0000e+00 [ 0.0000e+00 ] 1.0000e+00
 4.477e+01 1.8514e-06 1.8514e-06 [ 2.0045e-99 6.8328e-14 1.8514e-06 ] 0.0000e+00 [ 0.0000e+00 ] 1.0000e+00
 4.488e+01 1.6986e-06 1.6986e-06 [ 8.1778e-100 5.5006e-14 1.6986e-06 ] 0.0000e+00 [ 0.0000e+00 ] 1.0000e+00
 4.499e+01 1.5579e-06 1.5579e-06 [ 3.3348e-100 4.4246e-14 1.5579e-06 ] 0.0000e+00 [ 0.0000e+00 ] 1.0000e+00
 4.511e+01 1.4284e-06 1.4284e-06 [ 1.3592e-100 3.5565e-14 1.4284e-06 ] 0.0000e+00 [ 0.0000e+00 ] 1.0000e+00
 4.522e+01 1.3091e-06 1.3091e-06 [ 5.5372e-101 2.8565e-14 1.3091e-06 ] 0.0000e+00 [ 0.0000e+00 ] 1.0000e+00
 4.533e+01 1.1994e-06 1.1994e-06 [ 2.2547e-101 2.2925e-14 1.1994e-06 ] 0.0000e+00 [ 0.0000e+00 ] 1.0000e+00
 4.545e+01 1.0985e-06 1.0985e-06 [ 9.1769e-102 1.8385e-14 1.0985e-06 ] 0.0000e+00 [ 0.0000e+00 ] 1.0000e+00
 4.556e+01 1.0058e-06 1.0058e-06 [ 3.7333e-102 1.4732e-14 1.0058e-06 ] 0.0000e+00 [ 0.0000e+00 ] 1.0000e+00
 4.567e+01 9.2057e-07 9.2057e-07 [ 1.5181e-102 1.1797e-14 9.2057e-07 ] 0.0000e+00 [ 0.0000e+00 ] 1.0000e+00
 4.579e+01 8.4227e-07 8.4227e-07 [ 6.1701e-103 9.4390e-15 8.4227e-07 ] 0.0000e+00 [ 0.0000e+00 ] 1.0000e+00
 4.590e+01 7.7037e-07 7.7037e-07 [ 2.5066e-103 7.5468e-15 7.7037e-07 ] 0.0000e+00 [ 0.0000e+00 ] 1.0000e+00
 4.601e+01 7.0437e-07 7.0437e-07 [ 1.0179e-103 6.0294e-15 7.0437e-07 ] 0.0000e+00 [ 0.0000e+00 ] 1.0000e+00
 4.613e+01 6.4380e-07 6.4380e-07 [ 4.1316e-104 4.8135e-15 6.4380e-07 ] 0.0000e+00 [ 0.0000e+00 ] 1.0000e+00
 4.624e+01 5.8824e-07 5.8824e-07 [ 1.6763e-104 3.8399e-15 5.8824e-07 ] 0.0000e+00 [ 0.0000e+00 ] 1.0000e+00
 4.635e+01 5.3729e-07 5.3729e-07 [ 6.7979e-105 3.0610e-15 5.3729e-07 ] 0.0000e+00 [ 0.0000e+00 ] 1.0000e+00
 4.647e+01 4.9058e-07 4.9058e-07 [ 2.7557e-105 2.4383e-15 4.9058e-07 ] 0.0000e+00 [ 0.0000e+00 ] 1.0000e+00
 4.658e+01 4.4778e-07 4.4778e-07 [ 1.1166e-105 1.9408e-15 4.4778e-07 ] 0.0000e+00 [ 0.0000e+00 ] 1.0000e+00
 4.669e+01 4.0858e-07 4.0858e-07 [ 4.5223e-106 1.5436e-15 4.0858e-07 ] 0.0000e+00 [ 0.0000e+00 ] 1.0000e+00
 4.681e+01 3.7268e-07 3.7268e-07 [ 1.8309e-106 1.2269e-15 3.7268e-07 ] 0.0000e+00 [ 0.0000e+00 ] 1.0000e+00
 4.692e+01 3.3982e-07 3.3982e-07 [ 7.4092e-107 9.7440e-16 3.3982e-07 ] 0.0000e+00 [ 0.0000e+00 ] 1.0000e+00
 4.703e+01 3.0975e-07 3.0975e-07 [ 2.9971e-107 7.7331e-16 3.0975e-07 ] 0.0000e+00 [ 0.0000e+00 ] 1.0000e+00
 4.715e+01 2.8224e-07 2.8224e-07 [ 1.2119e-107 6.1327e-16 2.8224e-07 ] 0.0000e+00 [ 0.0000e+00 ] 1.0000e+00
 4.726e+01 2.5709e-07 2.5709e-07 [ 4.8983e-108 4.8600e-16 2.5709e-07 ] 0.0000e+00 [ 0.0000e+00 ] 1.0000e+00
 4.737e+01 2.3410e-07 2.3410e-07 [ 1.9790e-108 3.8486e-16 2.3410e-07 ] 0.0000e+00 [ 0.0000e+00 ] 1.0000e+00
 4.749e+01 2.1310e-07 2.1310e-07 [ 7.9925e-109 3.0454e-16 2.1310e-07 ] 0.0000e+00 [ 0.0000e+00 ] 1.0000e+00
 4.760e+01 1.9391e-07 1.9391e-07 [ 3.2266e-109 2.4081e-16 1.9391e-07 ] 0.0000e+00 [ 0.0000e+00 ] 1.0000e+00
 4.771e+01 1.7639e-07 1.7639e-07 [ 1.3021e-109 1.9028e-16 1.7639e-07 ] 0.0000e+00 [ 0.0000e+00 ] 1.0000e+00
 4.783e+01 1.6040e-07 1.6040e-07 [ 5.2524e-110 1.5025e-16 1.6040e-07 ] 0.0000e+00 [ 0.0000e+00 ] 1.0000e+00
 4.794e+01 1.4581e-07 1.4581e-07 [ 2.1179e-110 1.1855e-16 1.4581e-07 ] 0.0000e+00 [ 0.0000e+00 ] 1.0000e+00
 4.805e+01 1.3250e-07 1.3250e-07 [ 8.5369e-111 9.3472e-17 1.3250e-07 ] 0.0000e+00 [ 0.0000e+00 ] 1.0000e+00
 4.817e+01 1.2036e-07 1.2036e-07 [ 3.4397e-111 7.3646e-17 1.2036e-07 ] 0.0000e+00 [ 0.0000e+00 ] 1.0000e+00
 4.828e+01 1.0930e-07 1.0930e-07 [ 1.3854e-111 5.7984e-17 1.0930e-07 ] 0.0000e+00 [ 0.0000e+00 ] 1.0000e+00
 4.839e+01 9.9224e-08 9.9224e-08 [ 5.5781e-112 4.5620e-17 9.9224e-08 ] 0.0000e+00 [ 0.0000e+00 ] 1.0000e+00
 4.851e+01 9.0044e-08 9.0044e-08 [ 2.2450e-112 3.5866e-17 9.0044e-08 ] 0.0000e+00 [ 0.0000e+00 ] 1.0000e+00
 4.862e+01 8.1686e-08 8.1686e-08 [ 9.0323e-113 2.8178e-17 8.1686e-08 ] 0.0000e+00 [ 0.0000e+00 ] 1.0000e+00
 4.873e+01 7.4079e-08 7.4079e-08 [ 3.6326e-113 2.2123e-17 7.4079e-08 ] 0.0000e+00 [ 0.0000e+00 ] 1.0000e+00
 4.885e+01 6.7157e-08 6.7157e-08 [ 1.4604e-113 1.7356e-17 6.7157e-08 ] 0.0000e+00 [ 0.0000e+00 ] 1.0000e+00
 4.896e+01 6.0862e-08 6.0862e-08 [ 5.8693e-114 1.3607e-17 6.0862e-08 ] 0.0000e+00 [ 0.0000e+00 ] 1.0000e+00
 4.907e+01 5.5138e-08 5.5138e-08 [ 2.3580e-114 1.0660e-17 5.5138e-08 ] 0.0000e+00 [ 0.0000e+00 ] 1.0000e+00
 4.919e+01 4.9935e-08 4.9935e-08 [ 9.4698e-115 8.3451e-18 4.9935e-08 ] 0.0000e+00 [ 0.0000e+00 ] 1.0000e+00
 4.930e+01 4.5208e-08 4.5208e-08 [ 3.8018e-115 6.5285e-18 4.5208e-08 ] 0.0000e+00 [ 0.0000e+00 ] 1.0000e+00
 4.941e+01 4.0914e-08 4.0914e-08 [ 1.5258e-115 5.1038e-18 4.0914e-08 ] 0.0000e+00 [ 0.0000e+00 ] 1.0000e+00
 4.953e+01 3.7016e-08 3.7016e-08 [ 6.1211e-116 3.9872e-18 3.7016e-08 ] 0.0000e+00 [ 0.0000e+00 ] 1.0000e+00
 4.964e+01 3.3478e-08 3.3478e-08 [ 2.4549e-116 3.1127e-18 3.3478e-08 ] 0.0000e+00 [ 0.0000e+00 ] 1.0000e+00
 4.975e+01 3.0268e-08 3.0268e-08 [ 9.8418e-117 2.4283e-18 3.0268e-08 ] 0.0000e+00 [ 0.0000e+00 ] 1.0000e+00
 4.987e+01 2.7356e-08 2.7356e-08 [ 3.9444e-117 1.8931e-18 2.7356e-08 ] 0.0000e+00 [ 0.0000e+00 ] 1.0000e+00
 4.998e+01 2.4716e-08 2.4716e-08 [ 1.5803e-117 1.4748e-18 2.4716e-08 ] 0.0000e+00 [ 0.0000e+00 ] 1.0000e+00
 5.009e+01 2.2323e-08 2.2323e-08 [ 6.3292e-118 1.1481e-18 2.2323e-08 ] 0.0000e+00 [ 0.0000e+00 ] 1.0000e+00
 5.021e+01 2.0155e-08 2.0155e-08 [ 2.5341e-118 8.9318e-19 2.0155e-08 ] 0.0000e+00 [ 0.0000e+00 ] 1.0000e+00
 5.032e+01 1.8192e-08 1.8192e-08 [ 1.0143e-118 6.9437e-19 1.8192e-08 ] 0.0000e+00 [ 0.0000e+00 ] 1.0000e+00
 5.043e+01 1.6414e-08 1.6414e-08 [ 4.0582e-119 5.3945e-19 1.6414e-08 ] 0.0000e+00 [ 0.0000e+00 ] 1.0000e+00
 5.055e+01 1.4805e-08 1.4805e-08 [ 1.6232e-119 4.1880e-19 1.4805e-08 ] 0.0000e+00 [ 0.0000e+00 ] 1.0000e+00
 5.066e+01 1.3349e-08 1.3349e-08 [ 6.4905e-120 3.2490e-19 1.3349e-08 ] 0.0000e+00 [ 0.0000e+00 ] 1.0000e+00
 5.077e+01 1.2032e-08 1.2032e-08 [ 2.5945e-120 2.5189e-19 1.2032e-08 ] 0.0000e+00 [ 0.0000e+00 ] 1.0000e+00
 5.089e+01 1.0842e-08 1.0842e-08 [ 1.0368e-120 1.9515e-19 1.0842e-08 ] 0.0000e+00 [ 0.0000e+00 ] 1.0000e+00
 5.100e+01 9.7657e-09 9.7657e-09 [ 4.1416e-121 1.5109e-19 9.7657e-09 ] 0.0000e+00 [ 0.0000e+00 ] 1.0000e+00
 5.111e+01 8.7935e-09 8.7935e-09 [ 1.6540e-121 1.1689e-19 8.7935e-09 ] 0.0000e+00 [ 0.0000e+00 ] 1.0000e+00
 5.123e+01 7.9154e-09 7.9154e-09 [ 6.6031e-122 9.0375e-20 7.9154e-09 ] 0.0000e+00 [ 0.0000e+00 ] 1.0000e+00
 5.134e+01 7.1226e-09 7.1226e-09 [ 2.6353e-122 6.9826e-20 7.1226e-09 ] 0.0000e+00 [ 0.0000e+00 ] 1.0000e+00
 5.145e+01 6.4070e-09 6.4070e-09 [ 1.0514e-122 5.3912e-20 6.4070e-09 ] 0.0000e+00 [ 0.0000e+00 ] 1.0000e+00
 5.157e+01 5.7614e-09 5.7614e-09 [ 4.1938e-123 4.1597e-20 5.7614e-09 ] 0.0000e+00 [ 0.0000e+00 ] 1.0000e+00
 5.168e+01 5.1791e-09 5.1791e-09 [ 1.6722e-123 3.2073e-20 5.1791e-09 ] 0.0000e+00 [ 0.0000e+00 ] 1.0000e+00
 5.179e+01 4.6540e-09 4.6540e-09 [ 6.6659e-124 2.4713e-20 4.6540e-09 ] 0.0000e+00 [ 0.0000e+00 ] 1.0000e+00
 5.191e+01 4.1808e-09 4.1808e-09 [ 2.6564e-124 1.9029e-20 4.1808e-09 ] 0.0000e+00 [ 0.0000e+00 ] 1.0000e+00
 5.202e+01 3.7545e-09 3.7545e-09 [ 1.0583e-124 1.4642e-20 3.7545e-09 ] 0.0000e+00 [ 0.0000e+00 ] 1.0000e+00
 5.213e+01 3.3704e-09 3.3704e-09 [ 4.2147e-125 1.1259e-20 3.3704e-09 ] 0.0000e+00 [ 0.0000e+00 ] 1.0000e+00
 5.225e+01 3.0247e-09 3.0247e-09 [ 1.6781e-125 8.6519e-21 3.0247e-09 ] 0.0000e+00 [ 0.0000e+00 ] 1.0000e+00
 5.236e+01 2.7135e-09 2.7135e-09 [ 6.6793e-126 6.6440e-21 2.7135e-09 ] 0.0000e+00 [ 0.0000e+00 ] 1.0000e+00
 5.247e+01 2.4335e-09 2.4335e-09 [ 2.6578e-126 5.0986e-21 2.4335e-09 ] 0.0000e+00 [ 0.0000e+00 ] 1.0000e+00
 5.259e+01 2.1816e-09 2.1816e-09 [ 1.0573e-126 3.9100e-21 2.1816e-09 ] 0.0000e+00 [ 0.0000e+00 ] 1.0000e+00
 5.270e+01 1.9552e-09 1.9552e-09 [ 4.2047e-127 2.9965e-21 1.9552e-09 ] 0.0000e+00 [ 0.0000e+00 ] 1.0000e+00
 5.281e+01 1.7517e-09 1.7517e-09 [ 1.6717e-127 2.2949e-21 1.7517e-09 ] 0.0000e+00 [ 0.0000e+00 ] 1.0000e+00
 5.293e+01 1.5688e-09 1.5688e-09 [ 6.6444e-128 1.7564e-21 1.5688e-09 ] 0.0000e+00 [ 0.0000e+00 ] 1.0000e+00
 5.304e+01 1.4045e-09 1.4045e-09 [ 2.6402e-128 1.3433e-21 1.4045e-09 ] 0.0000e+00 [ 0.0000e+00 ] 1.0000e+00
 5.315e+01 1.2571e-09 1.2571e-09 [ 1.0488e-128 1.0267e-21 1.2571e-09 ] 0.0000e+00 [ 0.0000e+00 ] 1.0000e+00
 5.327e+01 1.1247e-09 1.1247e-09 [ 4.1650e-129 7.8423e-22 1.1247e-09 ] 0.0000e+00 [ 0.0000e+00 ] 1.0000e+00
 5.338e+01 1.0059e-09 1.0059e-09 [ 1.6536e-129 5.9860e-22 1.0059e-09 ] 0.0000e+00 [ 0.0000e+00 ] 1.0000e+00
 5.349e+01 8.9938e-10 8.9938e-10 [ 6.5633e-130 4.5661e-22 8.9938e-10 ] 0.0000e+00 [ 0.0000e+00 ] 1.0000e+00
 5.361e+01 8.0386e-10 8.0386e-10 [ 2.6043e-130 3.4807e-22 8.0386e-10 ] 0.0000e+00 [ 0.0000e+00 ] 1.0000e+00
 5.372e+01 7.1825e-10 7.1825e-10 [ 1.0331e-130 2.6515e-22 7.1825e-10 ] 0.0000e+00 [ 0.0000e+00 ] 1.0000e+00
 5.383e+01 6.4153e-10 6.4153e-10 [ 4.0973e-131 2.0185e-22 6.4153e-10 ] 0.0000e+00 [ 0.0000e+00 ] 1.0000e+00
 5.395e+01 5.7282e-10 5.7282e-10 [ 1.6245e-131 1.5356e-22 5.7282e-10 ] 0.0000e+00 [ 0.0000e+00 ] 1.0000e+00
 5.406e+01 5.1130e-10 5.1130e-10 [ 6.4390e-132 1.1675e-22 5.1130e-10 ] 0.0000e+00 [ 0.0000e+00 ] 1.0000e+00
 5.417e+01 4.5623e-10 4.5623e-10 [ 2.5516e-132 8.8702e-23 4.5623e-10 ] 0.0000e+00 [ 0.0000e+00 ] 1.0000e+00
 5.429e+01 4.0695e-10 4.0695e-10 [ 1.0109e-132 6.7348e-23 4.0695e-10 ] 0.0000e+00 [ 0.0000e+00 ] 1.0000e+00
 5.440e+01 3.6288e-10 3.6288e-10 [ 4.0036e-133 5.1101e-23 3.6288e-10 ] 0.0000e+00 [ 0.0000e+00 ] 1.0000e+00
 5.451e+01 3.2347e-10 3.2347e-10 [ 1.5852e-133 3.8748e-23 3.2347e-10 ] 0.0000e+00 [ 0.0000e+00 ] 1.0000e+00
 5.463e+01 2.8824e-10 2.8824e-10 [ 6.2753e-134 2.9362e-23 2.8824e-10 ] 0.0000e+00 [ 0.0000e+00 ] 1.0000e+00
 5.474e+01 2.5676e-10 2.5676e-10 [ 2.4834e-134 2.2235e-23 2.5676e-10 ] 0.0000e+00 [ 0.0000e+00 ] 1.0000e+00
 5.485e+01 2.2865e-10 2.2865e-10 [ 9.8257e-135 1.6827e-23 2.2865e-10 ] 0.0000e+00 [ 0.0000e+00 ] 1.0000e+00
 5.497e+01 2.0354e-10 2.0354e-10 [ 3.8865e-135 1.2726e-23 2.0354e-10 ] 0.0000e+00 [ 0.0000e+00 ] 1.0000e+00
 5.508e+01 1.8113e-10 1.8113e-10 [ 1.5369e-135 9.6179e-24 1.8113e-10 ] 0.0000e+00 [ 0.0000e+00 ] 1.0000e+00
 5.519e+01 1.6113e-10 1.6113e-10 [ 6.0762e-136 7.2643e-24 1.6113e-10 ] 0.0000e+00 [ 0.0000e+00 ] 1.0000e+00
 5.531e+01 1.4330e-10 1.4330e-10 [ 2.4016e-136 5.4831e-24 1.4330e-10 ] 0.0000e+00 [ 0.0000e+00 ] 1.0000e+00
 5.542e+01 1.2739e-10 1.2739e-10 [ 9.4898e-137 4.1359e-24 1.2739e-10 ] 0.0000e+00 [ 0.0000e+00 ] 1.0000e+00
 5.553e+01 1.1321e-10 1.1321e-10 [ 3.7489e-137 3.1177e-24 1.1321e-10 ] 0.0000e+00 [ 0.0000e+00 ] 1.0000e+00
 5.565e+01 1.0058e-10 1.0058e-10 [ 1.4806e-137 2.3486e-24 1.0058e-10 ] 0.0000e+00 [ 0.0000e+00 ] 1.0000e+00
 5.576e+01 8.9326e-11 8.9326e-11 [ 5.8463e-138 1.7681e-24 8.9326e-11 ] 0.0000e+00 [ 0.0000e+00 ] 1.0000e+00
 5.587e+01 7.9304e-11 7.9304e-11 [ 2.3079e-138 1.3303e-24 7.9304e-11 ] 0.0000e+00 [ 0.0000e+00 ] 1.0000e+00
 5.599e+01 7.0384e-11 7.0384e-11 [ 9.1081e-139 1.0002e-24 7.0384e-11 ] 0.0000e+00 [ 0.0000e+00 ] 1.0000e+00
 5.610e+01 6.2446e-11 6.2446e-11 [ 3.5937e-139 7.5149e-25 6.2446e-11 ] 0.0000e+00 [ 0.0000e+00 ] 1.0000e+00
 5.621e+01 5.5384e-11 5.5384e-11 [ 1.4176e-139 5.6429e-25 5.5384e-11 ] 0.0000e+00 [ 0.0000e+00 ] 1.0000e+00
 5.633e+01 4.9105e-11 4.9105e-11 [ 5.5906e-140 4.2344e-25 4.9105e-11 ] 0.0000e+00 [ 0.0000e+00 ] 1.0000e+00
 5.644e+01 4.3523e-11 4.3523e-11 [ 2.2042e-140 3.1755e-25 4.3523e-11 ] 0.0000e+00 [ 0.0000e+00 ] 1.0000e+00
 5.655e+01 3.8563e-11 3.8563e-11 [ 8.6886e-141 2.3798e-25 3.8563e-11 ] 0.0000e+00 [ 0.0000e+00 ] 1.0000e+00
 5.667e+01 3.4156e-11 3.4156e-11 [ 3.4241e-141 1.7824e-25 3.4156e-11 ] 0.0000e+00 [ 0.0000e+00 ] 1.0000e+00
 5.678e+01 3.0243e-11 3.0243e-11 [ 1.3490e-141 1.3340e-25 3.0243e-11 ] 0.0000e+00 [ 0.0000e+00 ] 1.0000e+00
 5.689e+01 2.6770e-11 2.6770e-11 [ 5.3139e-142 9.9785e-26 2.6770e-11 ] 0.0000e+00 [ 0.0000e+00 ] 1.0000e+00
 5.701e+01 2.3687e-11 2.3687e-11 [ 2.0926e-142 7.4590e-26 2.3687e-11 ] 0.0000e+00 [ 0.0000e+00 ] 1.0000e+00
 5.712e+01 2.0952e-11 2.0952e-11 [ 8.2390e-143 5.5721e-26 2.0952e-11 ] 0.0000e+00 [ 0.0000e+00 ] 1.0000e+00
 5.723e+01 1.8527e-11 1.8527e-11 [ 3.2431e-143 4.1599e-26 1.8527e-11 ] 0.0000e+00 [ 0.0000e+00 ] 1.0000e+00
 5.735e+01 1.6377e-11 1.6377e-11 [ 1.2762e-143 3.1036e-26 1.6377e-11 ] 0.0000e+00 [ 0.0000e+00 ] 1.0000e+00
 5.746e+01 1.4472e-11 1.4472e-11 [ 5.0212e-144 2.3140e-26 1.4472e-11 ] 0.0000e+00 [ 0.0000e+00 ] 1.0000e+00
 5.757e+01 1.2784e-11 1.2784e-11 [ 1.9751e-144 1.7242e-26 1.2784e-11 ] 0.0000e+00 [ 0.0000e+00 ] 1.0000e+00
 5.769e+01 1.1289e-11 1.1289e-11 [ 7.7672e-145 1.2839e-26 1.1289e-11 ] 0.0000e+00 [ 0.0000e+00 ] 1.0000e+00
 5.780e+01 9.9657e-12 9.9657e-12 [ 3.0538e-145 9.5548e-27 9.9657e-12 ] 0.0000e+00 [ 0.0000e+00 ] 1.0000e+00
 5.791e+01 8.7945e-12 8.7945e-12 [ 1.2004e-145 7.1059e-27 8.7945e-12 ] 0.0000e+00 [ 0.0000e+00 ] 1.0000e+00
 5.803e+01 7.7584e-12 7.7584e-12 [ 4.7173e-146 5.2813e-27 7.7584e-12 ] 0.0000e+00 [ 0.0000e+00 ] 1.0000e+00
 5.814e+01 6.8421e-12 6.8421e-12 [ 1.8534e-146 3.9227e-27 6.8421e-12 ] 0.0000e+00 [ 0.0000e+00 ] 1.0000e+00
 5.825e+01 6.0319e-12 6.0319e-12 [ 7.2805e-147 2.9118e-27 6.0319e-12 ] 0.0000e+00 [ 0.0000e+00 ] 1.0000e+00
 5.837e+01 5.3160e-12 5.3160e-12 [ 2.8592e-147 2.1600e-27 5.3160e-12 ] 0.0000e+00 [ 0.0000e+00 ] 1.0000e+00
 5.848e+01 4.6834e-12 4.6834e-12 [ 1.1226e-147 1.6013e-27 4.6834e-12 ] 0.0000e+00 [ 0.0000e+00 ] 1.0000e+00
 5.859e+01 4.1247e-12 4.1247e-12 [ 4.4068e-148 1.1864e-27 4.1247e-12 ] 0.0000e+00 [ 0.0000e+00 ] 1.0000e+00
 5.871e+01 3.6315e-12 3.6315e-12 [ 1.7295e-148 8.7840e-28 3.6315e-12 ] 0.0000e+00 [ 0.0000e+00 ] 1.0000e+00
 5.882e+01 3.1962e-12 3.1962e-12 [ 6.7860e-149 6.4996e-28 3.1962e-12 ] 0.0000e+00 [ 0.0000e+00 ] 1.0000e+00
 5.893e+01 2.8121e-12 2.8121e-12 [ 2.6621e-149 4.8063e-28 2.8121e-12 ] 0.0000e+00 [ 0.0000e+00 ] 1.0000e+00
 5.905e+01 2.4733e-12 2.4733e-12 [ 1.0441e-149 3.5519e-28 2.4733e-12 ] 0.0000e+00 [ 0.0000e+00 ] 1.0000e+00
 5.916e+01 2.1747e-12 2.1747e-12 [ 4.0939e-150 2.6232e-28 2.1747e-12 ] 0.0000e+00 [ 0.0000e+00 ] 1.0000e+00
 5.927e+01 1.9114e-12 1.9114e-12 [ 1.6049e-150 1.9362e-28 1.9114e-12 ] 0.0000e+00 [ 0.0000e+00 ] 1.0000e+00
 5.939e+01 1.6795e-12 1.6795e-12 [ 6.2903e-151 1.4282e-28 1.6795e-12 ] 0.0000e+00 [ 0.0000e+00 ] 1.0000e+00
 5.950e+01 1.4752e-12 1.4752e-12 [ 2.4649e-151 1.0528e-28 1.4752e-12 ] 0.0000e+00 [ 0.0000e+00 ] 1.0000e+00
 5.961e+01 1.2954e-12 1.2954e-12 [ 9.6568e-152 7.7557e-29 1.2954e-12 ] 0.0000e+00 [ 0.0000e+00 ] 1.0000e+00
 5.973e+01 1.1370e-12 1.1370e-12 [ 3.7824e-152 5.7100e-29 1.1370e-12 ] 0.0000e+00 [ 0.0000e+00 ] 1.0000e+00
 5.984e+01 9.9774e-13 9.9774e-13 [ 1.4812e-152 4.2012e-29 9.9774e-13 ] 0.0000e+00 [ 0.0000e+00 ] 1.0000e+00
 5.995e+01 8.7521e-13 8.7521e-13 [ 5.7992e-153 3.0892e-29 8.7521e-13 ] 0.0000e+00 [ 0.0000e+00 ] 1.0000e+00
 6.007e+01 7.6748e-13 7.6748e-13 [ 2.2700e-153 2.2701e-29 7.6748e-13 ] 0.0000e+00 [ 0.0000e+00 ] 1.0000e+00
 6.018e+01 6.7278e-13 6.7278e-13 [ 8.8836e-154 1.6672e-29 6.7278e-13 ] 0.0000e+00 [ 0.0000e+00 ] 1.0000e+00
 6.029e+01 5.8957e-13 5.8957e-13 [ 3.4759e-154 1.2236e-29 5.8957e-13 ] 0.0000e+00 [ 0.0000e+00 ] 1.0000e+00
 6.041e+01 5.1648e-13 5.1648e-13 [ 1.3597e-154 8.9748e-30 5.1648e-13 ] 0.0000e+00 [ 0.0000e+00 ] 1.0000e+00
 6.052e+01 4.5230e-13 4.5230e-13 [ 5.3178e-155 6.5788e-30 4.5230e-13 ] 0.0000e+00 [ 0.0000e+00 ] 1.0000e+00
 6.063e+01 3.9597e-13 3.9597e-13 [ 2.0794e-155 4.8194e-30 3.9597e-13 ] 0.0000e+00 [ 0.0000e+00 ] 1.0000e+00
 6.075e+01 3.4653e-13 3.4653e-13 [ 8.1289e-156 3.5284e-30 3.4653e-13 ] 0.0000e+00 [ 0.0000e+00 ] 1.0000e+00
 6.086e+01 3.0317e-13 3.0317e-13 [ 3.1772e-156 2.5816e-30 3.0317e-13 ] 0.0000e+00 [ 0.0000e+00 ] 1.0000e+00
 6.097e+01 2.6514e-13 2.6514e-13 [ 1.2416e-156 1.8877e-30 2.6514e-13 ] 0.0000e+00 [ 0.0000e+00 ] 1.0000e+00
 6.109e+01 2.3181e-13 2.3181e-13 [ 4.8506e-157 1.3794e-30 2.3181e-13 ] 0.0000e+00 [ 0.0000e+00 ] 1.0000e+00
 6.120e+01 2.0260e-13 2.0260e-13 [ 1.8947e-157 1.0074e-30 2.0260e-13 ] 0.0000e+00 [ 0.0000e+00 ] 1.0000e+00
 6.131e+01 1.7701e-13 1.7701e-13 [ 7.3991e-158 7.3524e-31 1.7701e-13 ] 0.0000e+00 [ 0.0000e+00 ] 1.0000e+00
 6.143e+01 1.5461e-13 1.5461e-13 [ 2.8889e-158 5.3628e-31 1.5461e-13 ] 0.0000e+00 [ 0.0000e+00 ] 1.0000e+00
 6.154e+01 1.3499e-13 1.3499e-13 [ 1.1277e-158 3.9092e-31 1.3499e-13 ] 0.0000e+00 [ 0.0000e+00 ] 1.0000e+00
 6.165e+01 1.1782e-13 1.1782e-13 [ 4.4012e-159 2.8479e-31 1.1782e-13 ] 0.0000e+00 [ 0.0000e+00 ] 1.0000e+00
 6.177e+01 1.0281e-13 1.0281e-13 [ 1.7174e-159 2.0734e-31 1.0281e-13 ] 0.0000e+00 [ 0.0000e+00 ] 1.0000e+00
 6.188e+01 8.9673e-14 8.9673e-14 [ 6.6997e-160 1.5086e-31 8.9673e-14 ] 0.0000e+00 [ 0.0000e+00 ] 1.0000e+00
 6.199e+01 7.8191e-14 7.8191e-14 [ 2.6131e-160 1.0970e-31 7.8191e-14 ] 0.0000e+00 [ 0.0000e+00 ] 1.0000e+00
 6.211e+01 6.8157e-14 6.8157e-14 [ 1.0190e-160 7.9720e-32 6.8157e-14 ] 0.0000e+00 [ 0.0000e+00 ] 1.0000e+00
 6.222e+01 5.9391e-14 5.9391e-14 [ 3.9727e-161 5.7897e-32 5.9391e-14 ] 0.0000e+00 [ 0.0000e+00 ] 1.0000e+00
 6.233e+01 5.1735e-14 5.1735e-14 [ 1.5485e-161 4.2023e-32 5.1735e-14 ] 0.0000e+00 [ 0.0000e+00 ] 1.0000e+00
 6.245e+01 4.5052e-14 4.5052e-14 [ 6.0348e-162 3.0482e-32 4.5052e-14 ] 0.0000e+00 [ 0.0000e+00 ] 1.0000e+00
 6.256e+01 3.9218e-14 3.9218e-14 [ 2.3513e-162 2.2097e-32 3.9218e-14 ] 0.0000e+00 [ 0.0000e+00 ] 1.0000e+00
 6.267e+01 3.4129e-14 3.4129e-14 [ 9.1595e-163 1.6009e-32 3.4129e-14 ] 0.0000e+00 [ 0.0000e+00 ] 1.0000e+00
 6.279e+01 2.9690e-14 2.9690e-14 [ 3.5673e-163 1.1591e-32 2.9690e-14 ] 0.0000e+00 [ 0.0000e+00 ] 1.0000e+00
 6.290e+01 2.5820e-14 2.5820e-14 [ 1.3891e-163 8.3873e-33 2.5820e-14 ] 0.0000e+00 [ 0.0000e+00 ] 1.0000e+00
 6.301e+01 2.2447e-14 2.2447e-14 [ 5.4077e-164 6.0653e-33 2.2447e-14 ] 0.0000e+00 [ 0.0000e+00 ] 1.0000e+00
 6.313e+01 1.9508e-14 1.9508e-14 [ 2.1048e-164 4.3835e-33 1.9508e-14 ] 0.0000e+00 [ 0.0000e+00 ] 1.0000e+00
 6.324e+01 1.6949e-14 1.6949e-14 [ 8.1907e-165 3.1660e-33 1.6949e-14 ] 0.0000e+00 [ 0.0000e+00 ] 1.0000e+00
 6.335e+01 1.4720e-14 1.4720e-14 [ 3.1867e-165 2.2853e-33 1.4720e-14 ] 0.0000e+00 [ 0.0000e+00 ] 1.0000e+00
 6.347e+01 1.2780e-14 1.2780e-14 [ 1.2396e-165 1.6486e-33 1.2780e-14 ] 0.0000e+00 [ 0.0000e+00 ] 1.0000e+00
 6.358e+01 1.1092e-14 1.1092e-14 [ 4.8206e-166 1.1886e-33 1.1092e-14 ] 0.0000e+00 [ 0.0000e+00 ] 1.0000e+00
 6.369e+01 9.6241e-15 9.6241e-15 [ 1.8743e-166 8.5637e-34 9.6241e-15 ] 0.0000e+00 [ 0.0000e+00 ] 1.0000e+00
 6.381e+01 8.3475e-15 8.3475e-15 [ 7.2862e-167 6.1664e-34 8.3475e-15 ] 0.0000e+00 [ 0.0000e+00 ] 1.0000e+00
 6.392e+01 7.2379e-15 7.2379e-15 [ 2.8318e-167 4.4375e-34 7.2379e-15 ] 0.0000e+00 [ 0.0000e+00 ] 1.0000e+00
 6.403e+01 6.2737e-15 6.2737e-15 [ 1.1004e-167 3.1914e-34 6.2737e-15 ] 0.0000e+00 [ 0.0000e+00 ] 1.0000e+00
 6.415e+01 5.4361e-15 5.4361e-15 [ 4.2748e-168 2.2938e-34 5.4361e-15 ] 0.0000e+00 [ 0.0000e+00 ] 1.0000e+00
 6.426e+01 4.7088e-15 4.7088e-15 [ 1.6604e-168 1.6477e-34 4.7088e-15 ] 0.0000e+00 [ 0.0000e+00 ] 1.0000e+00
 6.437e+01 4.0775e-15 4.0775e-15 [ 6.4476e-169 1.1828e-34 4.0775e-15 ] 0.0000e+00 [ 0.0000e+00 ] 1.0000e+00
 6.449e+01 3.5296e-15 3.5296e-15 [ 2.5032e-169 8.4862e-35 3.5296e-15 ] 0.0000e+00 [ 0.0000e+00 ] 1.0000e+00
 6.460e+01 3.0543e-15 3.0543e-15 [ 9.7166e-170 6.0846e-35 3.0543e-15 ] 0.0000e+00 [ 0.0000e+00 ] 1.0000e+00
 6.471e+01 2.6422e-15 2.6422e-15 [ 3.7708e-170 4.3600e-35 2.6422e-15 ] 0.0000e+00 [ 0.0000e+00 ] 1.0000e+00
 6.483e+01 2.2849e-15 2.2849e-15 [ 1.4630e-170 3.1223e-35 2.2849e-15 ] 0.0000e+00 [ 0.0000e+00 ] 1.0000e+00
 6.494e+01 1.9753e-15 1.9753e-15 [ 5.6753e-171 2.2346e-35 1.9753e-15 ] 0.0000e+00 [ 0.0000e+00 ] 1.0000e+00
 6.505e+01 1.7071e-15 1.7071e-15 [ 2.2010e-171 1.5983e-35 1.7071e-15 ] 0.0000e+00 [ 0.0000e+00 ] 1.0000e+00
 6.517e+01 1.4748e-15 1.4748e-15 [ 8.5343e-172 1.1425e-35 1.4748e-15 ] 0.0000e+00 [ 0.0000e+00 ] 1.0000e+00
 6.528e+01 1.2737e-15 1.2737e-15 [ 3.3084e-172 8.1619e-36 1.2737e-15 ] 0.0000e+00 [ 0.0000e+00 ] 1.0000e+00
 6.539e+01 1.0997e-15 1.0997e-15 [ 1.2822e-172 5.8271e-36 1.0997e-15 ] 0.0000e+00 [ 0.0000e+00 ] 1.0000e+00
 6.551e+01 9.4908e-16 9.4908e-16 [ 4.9686e-173 4.1577e-36 9.4908e-16 ] 0.0000e+00 [ 0.0000e+00 ] 1.0000e+00
 6.562e+01 8.1886e-16 8.1886e-16 [ 1.9248e-173 2.9647e-36 8.1886e-16 ] 0.0000e+00 [ 0.0000e+00 ] 1.0000e+00
 6.573e+01 7.0627e-16 7.0627e-16 [ 7.4552e-174 2.1128e-36 7.0627e-16 ] 0.0000e+00 [ 0.0000e+00 ] 1.0000e+00
 6.585e+01 6.0896e-16 6.0896e-16 [ 2.8869e-174 1.5047e-36 6.0896e-16 ] 0.0000e+00 [ 0.0000e+00 ] 1.0000e+00
 6.596e+01 5.2488e-16 5.2488e-16 [ 1.1176e-174 1.0710e-36 5.2488e-16 ] 0.0000e+00 [ 0.0000e+00 ] 1.0000e+00
 6.607e+01 4.5227e-16 4.5227e-16 [ 4.3259e-175 7.6184e-37 4.5227e-16 ] 0.0000e+00 [ 0.0000e+00 ] 1.0000e+00
 6.619e+01 3.8957e-16 3.8957e-16 [ 1.6740e-175 5.4158e-37 3.8957e-16 ] 0.0000e+00 [ 0.0000e+00 ] 1.0000e+00
 6.630e+01 3.3545e-16 3.3545e-16 [ 6.4764e-176 3.8477e-37 3.3545e-16 ] 0.0000e+00 [ 0.0000e+00 ] 1.0000e+00
 6.641e+01 2.8876e-16 2.8876e-16 [ 2.5050e-176 2.7319e-37 2.8876e-16 ] 0.0000e+00 [ 0.0000e+00 ] 1.0000e+00
 6.653e+01 2.4848e-16 2.4848e-16 [ 9.6870e-177 1.9385e-37 2.4848e-16 ] 0.0000e+00 [ 0.0000e+00 ] 1.0000e+00
 6.664e+01 2.1375e-16 2.1375e-16 [ 3.7451e-177 1.3747e-37 2.1375e-16 ] 0.0000e+00 [ 0.0000e+00 ] 1.0000e+00
 6.675e+01 1.8382e-16 1.8382e-16 [ 1.4476e-177 9.7422e-38 1.8382e-16 ] 0.0000e+00 [ 0.0000e+00 ] 1.0000e+00
 6.687e+01 1.5802e-16 1.5802e-16 [ 5.5940e-178 6.9000e-38 1.5802e-16 ] 0.0000e+00 [ 0.0000e+00 ] 1.0000e+00
 6.698e+01 1.3580e-16 1.3580e-16 [ 2.1612e-178 4.8840e-38 1.3580e-16 ] 0.0000e+00 [ 0.0000e+00 ] 1.0000e+00
 6.709e+01 1.1667e-16 1.1667e-16 [ 8.3476e-179 3.4548e-38 1.1667e-16 ] 0.0000e+00 [ 0.0000e+00 ] 1.0000e+00
 6.721e+01 1.0020e-16 1.0020e-16 [ 3.2235e-179 2.4423e-38 1.0020e-16 ] 0.0000e+00 [ 0.0000e+00 ] 1.0000e+00
 6.732e+01 8.6026e-17 8.6026e-17 [ 1.2445e-179 1.7255e-38 8.6026e-17 ] 0.0000e+00 [ 0.0000e+00 ] 1.0000e+00
 6.743e+01 7.3833e-17 7.3833e-17 [ 4.8033e-180 1.2183e-38 7.3833e-17 ] 0.0000e+00 [ 0.0000e+00 ] 1.0000e+00
 6.755e+01 6.3348e-17 6.3348e-17 [ 1.8535e-180 8.5964e-39 6.3348e-17 ] 0.0000e+00 [ 0.0000e+00 ] 1.0000e+00
 6.766e+01 5.4333e-17 5.4333e-17 [ 7.1504e-181 6.0619e-39 5.4333e-17 ] 0.0000e+00 [ 0.0000e+00 ] 1.0000e+00
 6.777e+01 4.6587e-17 4.6587e-17 [ 2.7578e-181 4.2719e-39 4.6587e-17 ] 0.0000e+00 [ 0.0000e+00 ] 1.0000e+00
 6.789e+01 3.9931e-17 3.9931e-17 [ 1.0634e-181 3.0086e-39 3.9931e-17 ] 0.0000e+00 [ 0.0000e+00 ] 1.0000e+00
 6.800e+01 3.4215e-17 3.4215e-17 [ 4.0992e-182 2.1175e-39 3.4215e-17 ] 0.0000e+00 [ 0.0000e+00 ] 1.0000e+00
 6.811e+01 2.9308e-17 2.9308e-17 [ 1.5798e-182 1.4894e-39 2.9308e-17 ] 0.0000e+00 [ 0.0000e+00 ] 1.0000e+00
 6.823e+01 2.5096e-17 2.5096e-17 [ 6.0869e-183 1.0469e-39 2.5096e-17 ] 0.0000e+00 [ 0.0000e+00 ] 1.0000e+00
 6.834e+01 2.1483e-17 2.1483e-17 [ 2.3446e-183 7.3545e-40 2.1483e-17 ] 0.0000e+00 [ 0.0000e+00 ] 1.0000e+00
 6.845e+01 1.8384e-17 1.8384e-17 [ 9.0289e-184 5.1630e-40 1.8384e-17 ] 0.0000e+00 [ 0.0000e+00 ] 1.0000e+00
 6.857e+01 1.5727e-17 1.5727e-17 [ 3.4760e-184 3.6222e-40 1.5727e-17 ] 0.0000e+00 [ 0.0000e+00 ] 1.0000e+00
 6.868e+01 1.3449e-17 1.3449e-17 [ 1.3379e-184 2.5396e-40 1.3449e-17 ] 0.0000e+00 [ 0.0000e+00 ] 1.0000e+00
 6.879e+01 1.1498e-17 1.1498e-17 [ 5.1479e-185 1.7793e-40 1.1498e-17 ] 0.0000e+00 [ 0.0000e+00 ] 1.0000e+00
 6.891e+01 9.8261e-18 9.8261e-18 [ 1.9803e-185 1.2459e-40 9.8261e-18 ] 0.0000e+00 [ 0.0000e+00 ] 1.0000e+00
 6.902e+01 8.3948e-18 8.3948e-18 [ 7.6155e-186 8.7178e-41 8.3948e-18 ] 0.0000e+00 [ 0.0000e+00 ] 1.0000e+00
 6.913e+01 7.1697e-18 7.1697e-18 [ 2.9279e-186 6.0961e-41 7.1697e-18 ] 0.0000e+00 [ 0.0000e+00 ] 1.0000e+00
 6.925e+01 6.1214e-18 6.1214e-18 [ 1.1253e-186 4.2599e-41 6.1214e-18 ] 0.0000e+00 [ 0.0000e+00 ] 1.0000e+00
 6.936e+01 5.2246e-18 5.2246e-18 [ 4.3241e-187 2.9749e-41 5.2246e-18 ] 0.0000e+00 [ 0.0000e+00 ] 1.0000e+00
 6.947e+01 4.4578e-18 4.4578e-18 [ 1.6610e-187 2.0761e-41 4.4578e-18 ] 0.0000e+00 [ 0.0000e+00 ] 1.0000e+00
 6.959e+01 3.8022e-18 3.8022e-18 [ 6.3788e-188 1.4478e-41 3.8022e-18 ] 0.0000e+00 [ 0.0000e+00 ] 1.0000e+00
 6.970e+01 3.2421e-18 3.2421e-18 [ 2.4489e-188 1.0090e-41 3.2421e-18 ] 0.0000e+00 [ 0.0000e+00 ] 1.0000e+00
 6.981e+01 2.7635e-18 2.7635e-18 [ 9.3987e-189 7.0272e-42 2.7635e-18 ] 0.0000e+00 [ 0.0000e+00 ] 1.0000e+00
 6.993e+01 2.3548e-18 2.3548e-18 [ 3.6061e-189 4.8906e-42 2.3548e-18 ] 0.0000e+00 [ 0.0000e+00 ] 1.0000e+00
 7.004e+01 2.0059e-18 2.0059e-18 [ 1.3832e-189 3.4013e-42 2.0059e-18 ] 0.0000e+00 [ 0.0000e+00 ] 1.0000e+00
 7.015e+01 1.7082e-18 1.7082e-18 [ 5.3037e-190 2.3639e-42 1.7082e-18 ] 0.0000e+00 [ 0.0000e+00 ] 1.0000e+00
 7.027e+01 1.4541e-18 1.4541e-18 [ 2.0330e-190 1.6418e-42 1.4541e-18 ] 0.0000e+00 [ 0.0000e+00 ] 1.0000e+00
 7.038e+01 1.2375e-18 1.2375e-18 [ 7.7906e-191 1.1394e-42 1.2375e-18 ] 0.0000e+00 [ 0.0000e+00 ] 1.0000e+00
 7.049e+01 1.0527e-18 1.0527e-18 [ 2.9844e-191 7.9020e-43 1.0527e-18 ] 0.0000e+00 [ 0.0000e+00 ] 1.0000e+00
 7.061e+01 8.9531e-19 8.9531e-19 [ 1.1429e-191 5.4763e-43 8.9531e-19 ] 0.0000e+00 [ 0.0000e+00 ] 1.0000e+00
 7.072e+01 7.6117e-19 7.6117e-19 [ 4.3754e-192 3.7924e-43 7.6117e-19 ] 0.0000e+00 [ 0.0000e+00 ] 1.0000e+00
 7.083e+01 6.4692e-19 6.4692e-19 [ 1.6745e-192 2.6244e-43 6.4692e-19 ] 0.0000e+00 [ 0.0000e+00 ] 1.0000e+00
 7.095e+01 5.4964e-19 5.4964e-19 [ 6.4060e-193 1.8148e-43 5.4964e-19 ] 0.0000e+00 [ 0.0000e+00 ] 1.0000e+00
 7.106e+01 4.6683e-19 4.6683e-19 [ 2.4499e-193 1.2541e-43 4.6683e-19 ] 0.0000e+00 [ 0.0000e+00 ] 1.0000e+00
 7.117e+01 3.9637e-19 3.9637e-19 [ 9.3662e-194 8.6590e-44 3.9637e-19 ] 0.0000e+00 [ 0.0000e+00 ] 1.0000e+00
 7.129e+01 3.3644e-19 3.3644e-19 [ 3.5795e-194 5.9745e-44 3.3644e-19 ] 0.0000e+00 [ 0.0000e+00 ] 1.0000e+00
 7.140e+01 2.8548e-19 2.8548e-19 [ 1.3675e-194 4.1190e-44 2.8548e-19 ] 0.0000e+00 [ 0.0000e+00 ] 1.0000e+00
 7.151e+01 2.4215e-19 2.4215e-19 [ 5.2224e-195 2.8377e-44 2.4215e-19 ] 0.0000e+00 [ 0.0000e+00 ] 1.0000e+00
 7.163e+01 2.0534e-19 2.0534e-19 [ 1.9937e-195 1.9534e-44 2.0534e-19 ] 0.0000e+00 [ 0.0000e+00 ] 1.0000e+00
 7.174e+01 1.7406e-19 1.7406e-19 [ 7.6080e-196 1.3436e-44 1.7406e-19 ] 0.0000e+00 [ 0.0000e+00 ] 1.0000e+00
 7.185e+01 1.4750e-19 1.4750e-19 [ 2.9022e-196 9.2349e-45 1.4750e-19 ] 0.0000e+00 [ 0.0000e+00 ] 1.0000e+00
 7.197e+01 1.2496e-19 1.2496e-19 [ 1.1067e-196 6.3422e-45 1.2496e-19 ] 0.0000e+00 [ 0.0000e+00 ] 1.0000e+00
 7.208e+01 1.0582e-19 1.0582e-19 [ 4.2182e-197 4.3520e-45 1.0582e-19 ] 0.0000e+00 [ 0.0000e+00 ] 1.0000e+00
 7.219e+01 8.9589e-20 8.9589e-20 [ 1.6072e-197 2.9840e-45 8.9589e-20 ] 0.0000e+00 [ 0.0000e+00 ] 1.0000e+00
 7.231e+01 7.5821e-20 7.5821e-20 [ 6.1211e-198 2.0443e-45 7.5821e-20 ] 0.0000e+00 [ 0.0000e+00 ] 1.0000e+00
 7.242e+01 6.4148e-20 6.4148e-20 [ 2.3303e-198 1.3994e-45 6.4148e-20 ] 0.0000e+00 [ 0.0000e+00 ] 1.0000e+00
 7.253e+01 5.4255e-20 5.4255e-20 [ 8.8676e-199 9.5709e-46 5.4255e-20 ] 0.0000e+00 [ 0.0000e+00 ] 1.0000e+00
 7.265e+01 4.5873e-20 4.5873e-20 [ 3.3730e-199 6.5404e-46 4.5873e-20 ] 0.0000e+00 [ 0.0000e+00 ] 1.0000e+00
 7.276e+01 3.8773e-20 3.8773e-20 [ 1.2824e-199 4.4657e-46 3.8773e-20 ] 0.0000e+00 [ 0.0000e+00 ] 1.0000e+00
 7.287e+01 3.2761e-20 3.2761e-20 [ 4.8737e-200 3.0464e-46 3.2761e-20 ] 0.0000e+00 [ 0.0000e+00 ] 1.0000e+00
 7.299e+01 2.7673e-20 2.7673e-20 [ 1.8513e-200 2.0764e-46 2.7673e-20 ] 0.0000e+00 [ 0.0000e+00 ] 1.0000e+00
 7.310e+01 2.3367e-20 2.3367e-20 [ 7.0292e-201 1.4140e-46 2.3367e-20 ] 0.0000e+00 [ 0.0000e+00 ] 1.0000e+00
 7.321e+01 1.9725e-20 1.9725e-20 [ 2.6676e-201 9.6205e-47 1.9725e-20 ] 0.0000e+00 [ 0.0000e+00 ] 1.0000e+00
 7.333e+01 1.6645e-20 1.6645e-20 [ 1.0119e-201 6.5395e-47 1.6645e-20 ] 0.0000e+00 [ 0.0000e+00 ] 1.0000e+00
 7.344e+01 1.4041e-20 1.4041e-20 [ 3.8363e-202 4.4411e-47 1.4041e-20 ] 0.0000e+00 [ 0.0000e+00 ] 1.0000e+00
 7.355e+01 1.1841e-20 1.1841e-20 [ 1.4537e-202 3.0132e-47 1.1841e-20 ] 0.0000e+00 [ 0.0000e+00 ] 1.0000e+00
 7.367e+01 9.9828e-21 9.9828e-21 [ 5.5057e-203 2.0425e-47 9.9828e-21 ] 0.0000e+00 [ 0.0000e+00 ] 1.0000e+00
 7.378e+01 8.4132e-21 8.4132e-21 [ 2.0841e-203 1.3831e-47 8.4132e-21 ] 0.0000e+00 [ 0.0000e+00 ] 1.0000e+00
 7.389e+01 7.0880e-21 7.0880e-21 [ 7.8849e-204 9.3569e-48 7.0880e-21 ] 0.0000e+00 [ 0.0000e+00 ] 1.0000e+00
 7.401e+01 5.9697e-21 5.9697e-21 [ 2.9814e-204 6.3238e-48 5.9697e-21 ] 0.0000e+00 [ 0.0000e+00 ] 1.0000e+00
 7.412e+01 5.0262e-21 5.0262e-21 [ 1.1267e-204 4.2696e-48 5.0262e-21 ] 0.0000e+00 [ 0.0000e+00 ] 1.0000e+00
 7.423e+01 4.2304e-21 4.2304e-21 [ 4.2552e-205 2.8796e-48 4.2304e-21 ] 0.0000e+00 [ 0.0000e+00 ] 1.0000e+00
 7.435e+01 3.5595e-21 3.5595e-21 [ 1.6061e-205 1.9402e-48 3.5595e-21 ] 0.0000e+00 [ 0.0000e+00 ] 1.0000e+00
 7.446e+01 2.9940e-21 2.9940e-21 [ 6.0585e-206 1.3058e-48 2.9940e-21 ] 0.0000e+00 [ 0.0000e+00 ] 1.0000e+00
 7.457e+01 2.5175e-21 2.5175e-21 [ 2.2839e-206 8.7789e-49 2.5175e-21 ] 0.0000e+00 [ 0.0000e+00 ] 1.0000e+00
 7.469e+01 2.1161e-21 2.1161e-21 [ 8.6038e-207 5.8955e-49 2.1161e-21 ] 0.0000e+00 [ 0.0000e+00 ] 1.0000e+00
 7.480e+01 1.7782e-21 1.7782e-21 [ 3.2390e-207 3.9547e-49 1.7782e-21 ] 0.0000e+00 [ 0.0000e+00 ] 1.0000e+00
 7.491e+01 1.4937e-21 1.4937e-21 [ 1.2185e-207 2.6497e-49 1.4937e-21 ] 0.0000e+00 [ 0.0000e+00 ] 1.0000e+00
 7.503e+01 1.2543e-21 1.2543e-21 [ 4.5807e-208 1.7733e-49 1.2543e-21 ] 0.0000e+00 [ 0.0000e+00 ] 1.0000e+00
 7.514e+01 1.0530e-21 1.0530e-21 [ 1.7207e-208 1.1853e-49 1.0530e-21 ] 0.0000e+00 [ 0.0000e+00 ] 1.0000e+00
 7.525e+01 8.8364e-22 8.8364e-22 [ 6.4587e-209 7.9131e-50 8.8364e-22 ] 0.0000e+00 [ 0.0000e+00 ] 1.0000e+00
 7.537e+01 7.4129e-22 7.4129e-22 [ 2.4223e-209 5.2761e-50 7.4129e-22 ] 0.0000e+00 [ 0.0000e+00 ] 1.0000e+00
 7.548e+01 6.2165e-22 6.2165e-22 [ 9.0773e-210 3.5133e-50 6.2165e-22 ] 0.0000e+00 [ 0.0000e+00 ] 1.0000e+00
 7.559e+01 5.2115e-22 5.2115e-22 [ 3.3986e-210 2.3364e-50 5.2115e-22 ] 0.0000e+00 [ 0.0000e+00 ] 1.0000e+00
 7.571e+01 4.3674e-22 4.3674e-22 [ 1.2713e-210 1.5516e-50 4.3674e-22 ] 0.0000e+00 [ 0.0000e+00 ] 1.0000e+00
 7.582e+01 3.6587e-22 3.6587e-22 [ 4.7511e-211 1.0289e-50 3.6587e-22 ] 0.0000e+00 [ 0.0000e+00 ] 1.0000e+00
 7.593e+01 3.0639e-22 3.0639e-22 [ 1.7738e-211 6.8135e-51 3.0639e-22 ] 0.0000e+00 [ 0.0000e+00 ] 1.0000e+00
 7.605e+01 2.5648e-22 2.5648e-22 [ 6.6156e-212 4.5051e-51 2.5648e-22 ] 0.0000e+00 [ 0.0000e+00 ] 1.0000e+00
 7.616e+01 2.1462e-22 2.1462e-22 [ 2.4647e-212 2.9742e-51 2.1462e-22 ] 0.0000e+00 [ 0.0000e+00 ] 1.0000e+00
 7.627e+01 1.7952e-22 1.7952e-22 [ 9.1720e-213 1.9603e-51 1.7952e-22 ] 0.0000e+00 [ 0.0000e+00 ] 1.0000e+00
 7.639e+01 1.5010e-22 1.5010e-22 [ 3.4092e-213 1.2900e-51 1.5010e-22 ] 0.0000e+00 [ 0.0000e+00 ] 1.0000e+00
 7.650e+01 1.2545e-22 1.2545e-22 [ 1.2656e-213 8.4735e-52 1.2545e-22 ] 0.0000e+00 [ 0.0000e+00 ] 1.0000e+00
 7.661e+01 1.0480e-22 1.0480e-22 [ 4.6918e-214 5.5561e-52 1.0480e-22 ] 0.0000e+00 [ 0.0000e+00 ] 1.0000e+00
 7.673e+01 8.7508e-23 8.7508e-23 [ 1.7370e-214 3.6363e-52 8.7508e-23 ] 0.0000e+00 [ 0.0000e+00 ] 1.0000e+00
 7.684e+01 7.3032e-23 7.3032e-23 [ 6.4208e-215 2.3751e-52 7.3032e-23 ] 0.0000e+00 [ 0.0000e+00 ] 1.0000e+00
 7.695e+01 6.0917e-23 6.0917e-23 [ 2.3697e-215 1.5482e-52 6.0917e-23 ] 0.0000e+00 [ 0.0000e+00 ] 1.0000e+00
 7.707e+01 5.0781e-23 5.0781e-23 [ 8.7311e-216 1.0069e-52 5.0781e-23 ] 0.0000e+00 [ 0.0000e+00 ] 1.0000e+00
 7.718e+01 4.2304e-23 4.2304e-23 [ 3.2111e-216 6.5342e-53 4.2304e-23 ] 0.0000e+00 [ 0.0000e+00 ] 1.0000e+00
 7.729e+01 3.5216e-23 3.5216e-23 [ 1.1786e-216 4.2298e-53 3.5216e-23 ] 0.0000e+00 [ 0.0000e+00 ] 1.0000e+00
 7.741e+01 2.9292e-23 2.9292e-23 [ 4.3171e-217 2.7310e-53 2.9292e-23 ] 0.0000e+00 [ 0.0000e+00 ] 1.0000e+00
 7.752e+01 2.4342e-23 2.4342e-23 [ 1.5777e-217 1.7584e-53 2.4342e-23 ] 0.0000e+00 [ 0.0000e+00 ] 1.0000e+00
 7.763e+01 2.0207e-23 2.0207e-23 [ 5.7511e-218 1.1288e-53 2.0207e-23 ] 0.0000e+00 [ 0.0000e+00 ] 1.0000e+00
 7.775e+01 1.6754e-23 1.6754e-23 [ 2.0908e-218 7.2233e-54 1.6754e-23 ] 0.0000e+00 [ 0.0000e+00 ] 1.0000e+00
 7.786e+01 1.3871e-23 1.3871e-23 [ 7.5781e-219 4.6061e-54 1.3871e-23 ] 0.0000e+00 [ 0.0000e+00 ] 1.0000e+00
 7.797e+01 1.1464e-23 1.1464e-23 [ 2.7377e-219 2.9261e-54 1.1464e-23 ] 0.0000e+00 [ 0.0000e+00 ] 1.0000e+00
 7.809e+01 9.4547e-24 9.4547e-24 [ 9.8536e-220 1.8511e-54 9.4547e-24 ] 0.0000e+00 [ 0.0000e+00 ] 1.0000e+00
 7.820e+01 7.7780e-24 7.7780e-24 [ 3.5320e-220 1.1656e-54 7.7780e-24 ] 0.0000e+00 [ 0.0000e+00 ] 1.0000e+00
 7.831e+01 6.3787e-24 6.3787e-24 [ 1.2601e-220 7.3019e-55 6.3787e-24 ] 0.0000e+00 [ 0.0000e+00 ] 1.0000e+00
 7.843e+01 5.2107e-24 5.2107e-24 [ 4.4718e-221 4.5477e-55 5.2107e-24 ] 0.0000e+00 [ 0.0000e+00 ] 1.0000e+00
 7.854e+01 4.2355e-24 4.2355e-24 [ 1.5772e-221 2.8135e-55 4.2355e-24 ] 0.0000e+00 [ 0.0000e+00 ] 1.0000e+00
 7.865e+01 3.4209e-24 3.4209e-24 [ 5.5228e-222 1.7272e-55 3.4209e-24 ] 0.0000e+00 [ 0.0000e+00 ] 1.0000e+00
 7.877e+01 2.7401e-24 2.7401e-24 [ 1.9175e-222 1.0508e-55 2.7401e-24 ] 0.0000e+00 [ 0.0000e+00 ] 1.0000e+00
 7.888e+01 2.1706e-24 2.1706e-24 [ 6.5896e-223 6.3226e-56 2.1706e-24 ] 0.0000e+00 [ 0.0000e+00 ] 1.0000e+00
 7.899e+01 1.6940e-24 1.6940e-24 [ 2.2361e-223 3.7531e-56 1.6940e-24 ] 0.0000e+00 [ 0.0000e+00 ] 1.0000e+00
 7.911e+01 1.2950e-24 1.2950e-24 [ 7.4676e-224 2.1892e-56 1.2950e-24 ] 0.0000e+00 [ 0.0000e+00 ] 1.0000e+00
 7.922e+01 9.6139e-25 9.6139e-25 [ 2.4424e-224 1.2472e-56 9.6139e-25 ] 0.0000e+00 [ 0.0000e+00 ] 1.0000e+00
 7.933e+01 6.8356e-25 6.8356e-25 [ 7.7644e-225 6.8659e-57 6.8356e-25 ] 0.0000e+00 [ 0.0000e+00 ] 1.0000e+00
 7.945e+01 4.5466e-25 4.5466e-25 [ 2.3683e-225 3.5816e-57 4.5466e-25 ] 0.0000e+00 [ 0.0000e+00 ] 1.0000e+00
 7.956e+01 2.7063e-25 2.7063e-25 [ 6.7556e-226 1.6996e-57 2.7063e-25 ] 0.0000e+00 [ 0.0000e+00 ] 1.0000e+00
 7.967e+01 1.3062e-25 1.3062e-25 [ 1.6860e-226 6.6430e-58 1.3062e-25 ] 0.0000e+00 [ 0.0000e+00 ] 1.0000e+00
 7.979e+01 3.7676e-26 3.7676e-26 [ 2.8058e-227 1.5325e-58 3.7676e-26 ] 0.0000e+00 [ 0.0000e+00 ] 1.0000e+00
 7.990e+01 0.0000e+00 0.0000e+00 [ 0.0000e+00 0.0000e+00 0.0000e+00 ] 0.0000e+00 [ 0.0000e+00 ] 1.0000e+00
