 0.000e+00 0.0000e+00 0.0000e+00 [ 0.0000e+00 0.0000e+00 0.0000e+00 ] 0.0000e+00 [ 0.0000e+00 ] 1.0000e+00
 1.133e-01 4.4738e-03 4.4738e-03 [ 4.1774e-03 2.1685e-04 7.9571e-05 ] 0.0000e+00 [ 0.0000e+00 ] 9.9553e-01
 2.267e-01 8.7397e-03 8.7397e-03 [ 7.5584e-03 8.6495e-04 3.1631e-04 ] 0.0000e+00 [ 0.0000e+00 ] 9.9126e-01
 3.400e-01 1.2953e-02 1.2953e-02 [ 1.0310e-02 1.9353e-03 7.0757e-04 ] 0.0000e+00 [ 0.0000e+00 ] 9.8705e-01
 4.533e-01 1.7229e-02 1.7229e-02 [ 1.2568e-02 3.4100e-03 1.2503e-03 ] 0.0000e+00 [ 0.0000e+00 ] 9.8277e-01
 5.667e-01 2.1627e-02 2.1627e-02 [ 1.4425e-02 5.2614e-03 1.9403e-03 ] 0.0000e+00 [ 0.0000e+00 ] 9.7837e-01
 6.800e-01 2.6166e-02 2.6166e-02 [ 1.5943e-02 7.4516e-03 2.7719e-03 ] 0.0000e+00 [ 0.0000e+00 ] 9.7383e-01
 7.933e-01 3.0833e-02 3.0833e-02 [ 1.7163e-02 9.9326e-03 3.7370e-03 ] 0.0000e+00 [ 0.0000e+00 ] 9.6917e-01
 9.067e-01 3.5590e-02 3.5590e-02 [ 1.8116e-02 1.2648e-02 4.8256e-03 ] 0.0000e+00 [ 0.0000e+00 ] 9.6441e-01
 1.020e+00 4.0378e-02 4.0378e-02 [ 1.8821e-02 1.5532e-02 6.0246e-03 ] 0.0000e+00 [ 0.0000e+00 ] 9.5962e-01
 1.133e+00 4.5126e-02 4.5126e-02 [ 1.9289e-02 1.8518e-02 7.3185e-03 ] 0.0000e+00 [ 0.0000e+00 ] 9.5487e-01
 1.247e+00 4.9756e-02 4.9756e-02 [ 1.9534e-02 2.1533e-02 8.6892e-03 ] 0.0000e+00 [ 0.0000e+00 ] 9.5024e-01
 1.360e+00 5.4189e-02 5.4189e-02 [ 1.9565e-02 2.4507e-02 1.0117e-02 ] 0.0000e+00 [ 0.0000e+00 ] 9.4581e-01
 1.473e+00 5.8346e-02 5.8346e-02 [ 1.9394e-02 2.7373e-02 1.1579e-02 ] 0.0000e+00 [ 0.0000e+00 ] 9.4165e-01
 1.587e+00 6.2161e-02 6.2161e-02 [ 1.9037e-02 3.0071e-02 1.3054e-02 ] 0.0000e+00 [ 0.0000e+00 ] 9.3784e-01
 1.700e+00 6.5578e-02 6.5578e-02 [ 1.8511e-02 3.2549e-02 1.4518e-02 ] 0.0000e+00 [ 0.0000e+00 ] 9.3442e-01
 1.813e+00 6.8553e-02 6.8553e-02 [ 1.7837e-02 3.4766e-02 1.5950e-02 ] 0.0000e+00 [ 0.0000e+00 ] 9.3145e-01
 1.927e+00 7.1062e-02 7.1062e-02 [ 1.7039e-02 3.6693e-02 1.7329e-02 ] 0.0000e+00 [ 0.0000e+00 ] 9.2894e-01
 2.040e+00 7.3094e-02 7.3094e-02 [ 1.6143e-02 3.8315e-02 1.8637e-02 ] 0.0000e+00 [ 0.0000e+00 ] 9.2691e-01
 2.153e+00 7.4655e-02 7.4655e-02 [ 1.5173e-02 3.9624e-02 1.9858e-02 ] 0.0000e+00 [ 0.0000e+00 ] 9.2534e-01
 2.267e+00 7.5763e-02 7.5763e-02 [ 1.4156e-02 4.0627e-02 2.0981e-02 ] 0.0000e+00 [ 0.0000e+00 ] 9.2424e-01
 2.380e+00 7.6448e-02 7.6448e-02 [ 1.3115e-02 4.1338e-02 2.1995e-02 ] 0.0000e+00 [ 0.0000e+00 ] 9.2355e-01
 2.493e+00 7.6745e-02 7.6745e-02 [ 1.2073e-02 4.1777e-02 2.2894e-02 ] 0.0000e+00 [ 0.0000e+00 ] 9.2326e-01
 2.607e+00 7.6698e-02 7.6698e-02 [ 1.1047e-02 4.1973e-02 2.3678e-02 ] 0.0000e+00 [ 0.0000e+00 ] 9.2330e-01
 2.720e+00 7.6351e-02 7.6351e-02 [ 1.0053e-02 4.1953e-02 2.4345e-02 ] 0.0000e+00 [ 0.0000e+00 ] 9.2365e-01
 2.833e+00 7.5752e-02 7.5752e-02 [ 9.1038e-03 4.1750e-02 2.4898e-02 ] 0.0000e+00 [ 0.0000e+00 ] 9.2425e-01
 2.947e+00 7.4943e-02 7.4943e-02 [ 8.2068e-03 4.1394e-02 2.5342e-02 ] 0.0000e+00 [ 0.0000e+00 ] 9.2506e-01
 3.060e+00 7.3967e-02 7.3967e-02 [ 7.3681e-03 4.0915e-02 2.5684e-02 ] 0.0000e+00 [ 0.0000e+00 ] 9.2603e-01
 3.173e+00 7.2863e-02 7.2863e-02 [ 6.5908e-03 4.0341e-02 2.5931e-02 ] 0.0000e+00 [ 0.0000e+00 ] 9.2714e-01
 3.287e+00 7.1664e-02 7.1664e-02 [ 5.8759e-03 3.9697e-02 2.6091e-02 ] 0.0000e+00 [ 0.0000e+00 ] 9.2834e-01
 3.400e+00 7.0401e-02 7.0401e-02 [ 5.2226e-03 3.9005e-02 2.6174e-02 ] 0.0000e+00 [ 0.0000e+00 ] 9.2960e-01
 3.513e+00 6.9100e-02 6.9100e-02 [ 4.6288e-03 3.8284e-02 2.6188e-02 ] 0.0000e+00 [ 0.0000e+00 ] 9.3090e-01
 3.627e+00 6.7782e-02 6.7782e-02 [ 4.0917e-03 3.7549e-02 2.6142e-02 ] 0.0000e+00 [ 0.0000e+00 ] 9.3222e-01
 3.740e+00 6.6466e-02 6.6466e-02 [ 3.6079e-03 3.6813e-02 2.6044e-02 ] 0.0000e+00 [ 0.0000e+00 ] 9.3353e-01
 3.853e+00 6.5165e-02 6.5165e-02 [ 3.1734e-03 3.6088e-02 2.5904e-02 ] 0.0000e+00 [ 0.0000e+00 ] 9.3484e-01
 3.967e+00 6.3892e-02 6.3892e-02 [ 2.7845e-03 3.5379e-02 2.5728e-02 ] 0.0000e+00 [ 0.0000e+00 ] 9.3611e-01
 4.080e+00 6.2655e-02 6.2655e-02 [ 2.4374e-03 3.4695e-02 2.5523e-02 ] 0.0000e+00 [ 0.0000e+00 ] 9.3734e-01
 4.193e+00 6.1462e-02 6.1462e-02 [ 2.1282e-03 3.4037e-02 2.5296e-02 ] 0.0000e+00 [ 0.0000e+00 ] 9.3854e-01
 4.307e+00 6.0316e-02 6.0316e-02 [ 1.8535e-03 3.3410e-02 2.5052e-02 ] 0.0000e+00 [ 0.0000e+00 ] 9.3968e-01
 4.420e+00 5.9221e-02 5.9221e-02 [ 1.6100e-03 3.2814e-02 2.4797e-02 ] 0.0000e+00 [ 0.0000e+00 ] 9.4078e-01
 4.533e+00 5.8180e-02 5.8180e-02 [ 1.3947e-03 3.2251e-02 2.4534e-02 ] 0.0000e+00 [ 0.0000e+00 ] 9.4182e-01
 4.647e+00 5.7192e-02 5.7192e-02 [ 1.2047e-03 3.1719e-02 2.4268e-02 ] 0.0000e+00 [ 0.0000e+00 ] 9.4281e-01
 4.760e+00 5.6258e-02 5.6258e-02 [ 1.0375e-03 3.1219e-02 2.4001e-02 ] 0.0000e+00 [ 0.0000e+00 ] 9.4374e-01
 4.873e+00 5.5378e-02 5.5378e-02 [ 8.9071e-04 3.0749e-02 2.3738e-02 ] 0.0000e+00 [ 0.0000e+00 ] 9.4462e-01
 4.987e+00 5.4549e-02 5.4549e-02 [ 7.6225e-04 3.0308e-02 2.3479e-02 ] 0.0000e+00 [ 0.0000e+00 ] 9.4545e-01
 5.100e+00 5.3772e-02 5.3772e-02 [ 6.5014e-04 2.9894e-02 2.3227e-02 ] 0.0000e+00 [ 0.0000e+00 ] 9.4623e-01
 5.213e+00 5.3043e-02 5.3043e-02 [ 5.5261e-04 2.9506e-02 2.2984e-02 ] 0.0000e+00 [ 0.0000e+00 ] 9.4696e-01
 5.327e+00 5.2360e-02 5.2360e-02 [ 4.6804e-04 2.9141e-02 2.2751e-02 ] 0.0000e+00 [ 0.0000e+00 ] 9.4764e-01
 5.440e+00 5.1723e-02 5.1723e-02 [ 3.9497e-04 2.8799e-02 2.2529e-02 ] 0.0000e+00 [ 0.0000e+00 ] 9.4828e-01
 5.553e+00 5.1128e-02 5.1128e-02 [ 3.3205e-04 2.8477e-02 2.2319e-02 ] 0.0000e+00 [ 0.0000e+00 ] 9.4887e-01
 5.667e+00 5.0573e-02 5.0573e-02 [ 2.7809e-04 2.8174e-02 2.2121e-02 ] 0.0000e+00 [ 0.0000e+00 ] 9.4943e-01
 5.780e+00 5.0056e-02 5.0056e-02 [ 2.3199e-04 2.7888e-02 2.1936e-02 ] 0.0000e+00 [ 0.0000e+00 ] 9.4994e-01
 5.893e+00 4.9574e-02 4.9574e-02 [ 1.9277e-04 2.7617e-02 2.1764e-02 ] 0.0000e+00 [ 0.0000e+00 ] 9.5043e-01
 6.007e+00 4.9126e-02 4.9126e-02 [ 1.5952e-04 2.7361e-02 2.1605e-02 ] 0.0000e+00 [ 0.0000e+00 ] 9.5087e-01
 6.120e+00 4.8710e-02 4.8710e-02 [ 1.3148e-04 2.7118e-02 2.1460e-02 ] 0.0000e+00 [ 0.0000e+00 ] 9.5129e-01
 6.233e+00 4.8322e-02 4.8322e-02 [ 1.0791e-04 2.6887e-02 2.1328e-02 ] 0.0000e+00 [ 0.0000e+00 ] 9.5168e-01
 6.347e+00 4.7962e-02 4.7962e-02 [ 8.8195e-05 2.6666e-02 2.1209e-02 ] 0.0000e+00 [ 0.0000e+00 ] 9.5204e-01
 6.460e+00 4.7628e-02 4.7628e-02 [ 7.1778e-05 2.6454e-02 2.1102e-02 ] 0.0000e+00 [ 0.0000e+00 ] 9.5237e-01
 6.573e+00 4.7317e-02 4.7317e-02 [ 5.8168e-05 2.6250e-02 2.1009e-02 ] 0.0000e+00 [ 0.0000e+00 ] 9.5268e-01
 6.687e+00 4.7029e-02 4.7029e-02 [ 4.6936e-05 2.6054e-02 2.0928e-02 ] 0.0000e+00 [ 0.0000e+00 ] 9.5297e-01
 6.800e+00 4.6761e-02 4.6761e-02 [ 3.7710e-05 2.5864e-02 2.0859e-02 ] 0.0000e+00 [ 0.0000e+00 ] 9.5324e-01
 6.913e+00 4.6512e-02 4.6512e-02 [ 3.0166e-05 2.5680e-02 2.0801e-02 ] 0.0000e+00 [ 0.0000e+00 ] 9.5349e-01
 7.027e+00 4.6280e-02 4.6280e-02 [ 2.4026e-05 2.5501e-02 2.0756e-02 ] 0.0000e+00 [ 0.0000e+00 ] 9.5372e-01
 7.140e+00 4.6065e-02 4.6065e-02 [ 1.9052e-05 2.5325e-02 2.0721e-02 ] 0.0000e+00 [ 0.0000e+00 ] 9.5393e-01
 7.253e+00 4.5866e-02 4.5866e-02 [ 1.5042e-05 2.5153e-02 2.0697e-02 ] 0.0000e+00 [ 0.0000e+00 ] 9.5413e-01
 7.367e+00 4.5680e-02 4.5680e-02 [ 1.1823e-05 2.4984e-02 2.0684e-02 ] 0.0000e+00 [ 0.0000e+00 ] 9.5432e-01
 7.480e+00 4.5507e-02 4.5507e-02 [ 9.2526e-06 2.4817e-02 2.0681e-02 ] 0.0000e+00 [ 0.0000e+00 ] 9.5449e-01
 7.593e+00 4.5346e-02 4.5346e-02 [ 7.2091e-06 2.4652e-02 2.0687e-02 ] 0.0000e+00 [ 0.0000e+00 ] 9.5465e-01
 7.707e+00 4.5197e-02 4.5197e-02 [ 5.5921e-06 2.4488e-02 2.0703e-02 ] 0.0000e+00 [ 0.0000e+00 ] 9.5480e-01
 7.820e+00 4.5057e-02 4.5057e-02 [ 4.3188e-06 2.4325e-02 2.0728e-02 ] 0.0000e+00 [ 0.0000e+00 ] 9.5494e-01
 7.933e+00 4.4927e-02 4.4927e-02 [ 3.3207e-06 2.4162e-02 2.0762e-02 ] 0.0000e+00 [ 0.0000e+00 ] 9.5507e-01
 8.047e+00 4.4806e-02 4.4806e-02 [ 2.5420e-06 2.4000e-02 2.0804e-02 ] 0.0000e+00 [ 0.0000e+00 ] 9.5519e-01
 8.160e+00 4.4693e-02 4.4693e-02 [ 1.9374e-06 2.3837e-02 2.0854e-02 ] 0.0000e+00 [ 0.0000e+00 ] 9.5531e-01
 8.273e+00 4.4588e-02 4.4588e-02 [ 1.4701e-06 2.3674e-02 2.0912e-02 ] 0.0000e+00 [ 0.0000e+00 ] 9.5541e-01
 8.387e+00 4.4489e-02 4.4489e-02 [ 1.1107e-06 2.3511e-02 2.0977e-02 ] 0.0000e+00 [ 0.0000e+00 ] 9.5551e-01
 8.500e+00 4.4397e-02 4.4397e-02 [ 8.3543e-07 2.3346e-02 2.1050e-02 ] 0.0000e+00 [ 0.0000e+00 ] 9.5560e-01
 8.613e+00 4.4311e-02 4.4311e-02 [ 6.2566e-07 2.3181e-02 2.1129e-02 ] 0.0000e+00 [ 0.0000e+00 ] 9.5569e-01
 8.727e+00 4.4230e-02 4.4230e-02 [ 4.6652e-07 2.3014e-02 2.1216e-02 ] 0.0000e+00 [ 0.0000e+00 ] 9.5577e-01
 8.840e+00 4.4155e-02 4.4155e-02 [ 3.4635e-07 2.2846e-02 2.1308e-02 ] 0.0000e+00 [ 0.0000e+00 ] 9.5585e-01
 8.953e+00 4.4084e-02 4.4084e-02 [ 2.5602e-07 2.2677e-02 2.1407e-02 ] 0.0000e+00 [ 0.0000e+00 ] 9.5592e-01
 9.067e+00 4.4017e-02 4.4017e-02 [ 1.8844e-07 2.2506e-02 2.1511e-02 ] 0.0000e+00 [ 0.0000e+00 ] 9.5598e-01
 9.180e+00 4.3955e-02 4.3955e-02 [ 1.3809e-07 2.2334e-02 2.1621e-02 ] 0.0000e+00 [ 0.0000e+00 ] 9.5605e-01
 9.293e+00 4.3896e-02 4.3896e-02 [ 1.0077e-07 2.2160e-02 2.1737e-02 ] 0.0000e+00 [ 0.0000e+00 ] 9.5610e-01
 9.407e+00 4.3841e-02 4.3841e-02 [ 7.3215e-08 2.1984e-02 2.1857e-02 ] 0.0000e+00 [ 0.0000e+00 ] 9.5616e-01
 9.520e+00 4.3788e-02 4.3788e-02 [ 5.2970e-08 2.1806e-02 2.1982e-02 ] 0.0000e+00 [ 0.0000e+00 ] 9.5621e-01
 9.633e+00 4.3739e-02 4.3739e-02 [ 3.8161e-08 2.1627e-02 2.2113e-02 ] 0.0000e+00 [ 0.0000e+00 ] 9.5626e-01
 9.747e+00 4.3692e-02 4.3692e-02 [ 2.7375e-08 2.1445e-02 2.2247e-02 ] 0.0000e+00 [ 0.0000e+00 ] 9.5631e-01
 9.860e+00 4.3648e-02 4.3648e-02 [ 1.9556e-08 2.1262e-02 2.2386e-02 ] 0.0000e+00 [ 0.0000e+00 ] 9.5635e-01
 9.973e+00 4.3606e-02 4.3606e-02 [ 1.3911e-08 2.1077e-02 2.2528e-02 ] 0.0000e+00 [ 0.0000e+00 ] 9.5639e-01
 1.009e+01 4.3566e-02 4.3566e-02 [ 9.8544e-09 2.0891e-02 2.2675e-02 ] 0.0000e+00 [ 0.0000e+00 ] 9.5643e-01
 1.020e+01 4.3527e-02 4.3527e-02 [ 6.9517e-09 2.0702e-02 2.2825e-02 ] 0.0000e+00 [ 0.0000e+00 ] 9.5647e-01
 1.031e+01 4.3490e-02 4.3490e-02 [ 4.8837e-09 2.0512e-02 2.2979e-02 ] 0.0000e+00 [ 0.0000e+00 ] 9.5651e-01
 1.043e+01 4.3455e-02 4.3455e-02 [ 3.4167e-09 2.0319e-02 2.3135e-02 ] 0.0000e+00 [ 0.0000e+00 ] 9.5655e-01
 1.054e+01 4.3420e-02 4.3420e-02 [ 2.3806e-09 2.0125e-02 2.3295e-02 ] 0.0000e+00 [ 0.0000e+00 ] 9.5658e-01
 1.065e+01 4.3387e-02 4.3387e-02 [ 1.6519e-09 1.9930e-02 2.3457e-02 ] 0.0000e+00 [ 0.0000e+00 ] 9.5661e-01
 1.077e+01 4.3354e-02 4.3354e-02 [ 1.1416e-09 1.9732e-02 2.3622e-02 ] 0.0000e+00 [ 0.0000e+00 ] 9.5665e-01
 1.088e+01 4.3322e-02 4.3322e-02 [ 7.8573e-10 1.9533e-02 2.3789e-02 ] 0.0000e+00 [ 0.0000e+00 ] 9.5668e-01
 1.099e+01 4.3290e-02 4.3290e-02 [ 5.3863e-10 1.9332e-02 2.3958e-02 ] 0.0000e+00 [ 0.0000e+00 ] 9.5671e-01
 1.111e+01 4.3259e-02 4.3259e-02 [ 3.6775e-10 1.9129e-02 2.4130e-02 ] 0.0000e+00 [ 0.0000e+00 ] 9.5674e-01
 1.122e+01 4.3228e-02 4.3228e-02 [ 2.5009e-10 1.8925e-02 2.4302e-02 ] 0.0000e+00 [ 0.0000e+00 ] 9.5677e-01
 1.133e+01 4.3196e-02 4.3196e-02 [ 1.6939e-10 1.8719e-02 2.4477e-02 ] 0.0000e+00 [ 0.0000e+00 ] 9.5680e-01
 1.145e+01 4.3164e-02 4.3164e-02 [ 1.1428e-10 1.8512e-02 2.4652e-02 ] 0.0000e+00 [ 0.0000e+00 ] 9.5684e-01
 1.156e+01 4.3132e-02 4.3132e-02 [ 7.6799e-11 1.8303e-02 2.4829e-02 ] 0.0000e+00 [ 0.0000e+00 ] 9.5687e-01
 1.167e+01 4.3099e-02 4.3099e-02 [ 5.1408e-11 1.8093e-02 2.5006e-02 ] 0.0000e+00 [ 0.0000e+00 ] 9.5690e-01
 1.179e+01 4.3065e-02 4.3065e-02 [ 3.4278e-11 1.7881e-02 2.5184e-02 ] 0.0000e+00 [ 0.0000e+00 ] 9.5694e-01
 1.190e+01 4.3030e-02 4.3030e-02 [ 2.2767e-11 1.7668e-02 2.5362e-02 ] 0.0000e+00 [ 0.0000e+00 ] 9.5697e-01
 1.201e+01 4.2993e-02 4.2993e-02 [ 1.5064e-11 1.7453e-02 2.5541e-02 ] 0.0000e+00 [ 0.0000e+00 ] 9.5701e-01
 1.213e+01 4.2956e-02 4.2956e-02 [ 9.9288e-12 1.7237e-02 2.5719e-02 ] 0.0000e+00 [ 0.0000e+00 ] 9.5704e-01
 1.224e+01 4.2916e-02 4.2916e-02 [ 6.5193e-12 1.7020e-02 2.5896e-02 ] 0.0000e+00 [ 0.0000e+00 ] 9.5708e-01
 1.235e+01 4.2874e-02 4.2874e-02 [ 4.2643e-12 1.6801e-02 2.6073e-02 ] 0.0000e+00 [ 0.0000e+00 ] 9.5713e-01
 1.247e+01 4.2830e-02 4.2830e-02 [ 2.7789e-12 1.6581e-02 2.6249e-02 ] 0.0000e+00 [ 0.0000e+00 ] 9.5717e-01
 1.258e+01 4.2784e-02 4.2784e-02 [ 1.8041e-12 1.6360e-02 2.6424e-02 ] 0.0000e+00 [ 0.0000e+00 ] 9.5722e-01
 1.269e+01 4.2735e-02 4.2735e-02 [ 1.1668e-12 1.6138e-02 2.6597e-02 ] 0.0000e+00 [ 0.0000e+00 ] 9.5726e-01
 1.281e+01 4.2683e-02 4.2683e-02 [ 7.5191e-13 1.5915e-02 2.6768e-02 ] 0.0000e+00 [ 0.0000e+00 ] 9.5732e-01
 1.292e+01 4.2628e-02 4.2628e-02 [ 4.8274e-13 1.5691e-02 2.6937e-02 ] 0.0000e+00 [ 0.0000e+00 ] 9.5737e-01
 1.303e+01 4.2570e-02 4.2570e-02 [ 3.0879e-13 1.5466e-02 2.7104e-02 ] 0.0000e+00 [ 0.0000e+00 ] 9.5743e-01
 1.315e+01 4.2508e-02 4.2508e-02 [ 1.9680e-13 1.5240e-02 2.7268e-02 ] 0.0000e+00 [ 0.0000e+00 ] 9.5749e-01
 1.326e+01 4.2442e-02 4.2442e-02 [ 1.2497e-13 1.5013e-02 2.7429e-02 ] 0.0000e+00 [ 0.0000e+00 ] 9.5756e-01
 1.337e+01 4.2372e-02 4.2372e-02 [ 7.9074e-14 1.4785e-02 2.7587e-02 ] 0.0000e+00 [ 0.0000e+00 ] 9.5763e-01
 1.349e+01 4.2298e-02 4.2298e-02 [ 4.9853e-14 1.4556e-02 2.7741e-02 ] 0.0000e+00 [ 0.0000e+00 ] 9.5770e-01
 1.360e+01 4.2218e-02 4.2218e-02 [ 3.1318e-14 1.4327e-02 2.7891e-02 ] 0.0000e+00 [ 0.0000e+00 ] 9.5778e-01
 1.371e+01 4.2134e-02 4.2134e-02 [ 1.9604e-14 1.4097e-02 2.8037e-02 ] 0.0000e+00 [ 0.0000e+00 ] 9.5787e-01
 1.383e+01 4.2044e-02 4.2044e-02 [ 1.2229e-14 1.3866e-02 2.8178e-02 ] 0.0000e+00 [ 0.0000e+00 ] 9.5796e-01
 1.394e+01 4.1949e-02 4.1949e-02 [ 7.6012e-15 1.3635e-02 2.8314e-02 ] 0.0000e+00 [ 0.0000e+00 ] 9.5805e-01
 1.405e+01 4.1848e-02 4.1848e-02 [ 4.7083e-15 1.3403e-02 2.8445e-02 ] 0.0000e+00 [ 0.0000e+00 ] 9.5815e-01
 1.417e+01 4.1741e-02 4.1741e-02 [ 2.9062e-15 1.3171e-02 2.8570e-02 ] 0.0000e+00 [ 0.0000e+00 ] 9.5826e-01
 1.428e+01 4.1628e-02 4.1628e-02 [ 1.7877e-15 1.2939e-02 2.8689e-02 ] 0.0000e+00 [ 0.0000e+00 ] 9.5837e-01
 1.439e+01 4.1507e-02 4.1507e-02 [ 1.0959e-15 1.2706e-02 2.8802e-02 ] 0.0000e+00 [ 0.0000e+00 ] 9.5849e-01
 1.451e+01 4.1380e-02 4.1380e-02 [ 6.6951e-16 1.2473e-02 2.8907e-02 ] 0.0000e+00 [ 0.0000e+00 ] 9.5862e-01
 1.462e+01 4.1246e-02 4.1246e-02 [ 4.0763e-16 1.2240e-02 2.9006e-02 ] 0.0000e+00 [ 0.0000e+00 ] 9.5875e-01
 1.473e+01 4.1104e-02 4.1104e-02 [ 2.4734e-16 1.2006e-02 2.9098e-02 ] 0.0000e+00 [ 0.0000e+00 ] 9.5890e-01
 1.485e+01 4.0954e-02 4.0954e-02 [ 1.4958e-16 1.1773e-02 2.9181e-02 ] 0.0000e+00 [ 0.0000e+00 ] 9.5905e-01
 1.496e+01 4.0796e-02 4.0796e-02 [ 9.0155e-17 1.1539e-02 2.9256e-02 ] 0.0000e+00 [ 0.0000e+00 ] 9.5920e-01
 1.507e+01 4.0629e-02 4.0629e-02 [ 5.4157e-17 1.1306e-02 2.9323e-02 ] 0.0000e+00 [ 0.0000e+00 ] 9.5937e-01
 1.519e+01 4.0454e-02 4.0454e-02 [ 3.2425e-17 1.1073e-02 2.9381e-02 ] 0.0000e+00 [ 0.0000e+00 ] 9.5955e-01
 1.530e+01 4.0270e-02 4.0270e-02 [ 1.9350e-17 1.0841e-02 2.9430e-02 ] 0.0000e+00 [ 0.0000e+00 ] 9.5973e-01
 1.541e+01 4.0077e-02 4.0077e-02 [ 1.1509e-17 1.0608e-02 2.9469e-02 ] 0.0000e+00 [ 0.0000e+00 ] 9.5992e-01
 1.553e+01 3.9875e-02 3.9875e-02 [ 6.8234e-18 1.0376e-02 2.9499e-02 ] 0.0000e+00 [ 0.0000e+00 ] 9.6012e-01
 1.564e+01 3.9663e-02 3.9663e-02 [ 4.0322e-18 1.0145e-02 2.9518e-02 ] 0.0000e+00 [ 0.0000e+00 ] 9.6034e-01
 1.575e+01 3.9442e-02 3.9442e-02 [ 2.3750e-18 9.9144e-03 2.9527e-02 ] 0.0000e+00 [ 0.0000e+00 ] 9.6056e-01
 1.587e+01 3.9210e-02 3.9210e-02 [ 1.3945e-18 9.6844e-03 2.9526e-02 ] 0.0000e+00 [ 0.0000e+00 ] 9.6079e-01
 1.598e+01 3.8968e-02 3.8968e-02 [ 8.1612e-19 9.4553e-03 2.9513e-02 ] 0.0000e+00 [ 0.0000e+00 ] 9.6103e-01
 1.609e+01 3.8717e-02 3.8717e-02 [ 4.7612e-19 9.2272e-03 2.9489e-02 ] 0.0000e+00 [ 0.0000e+00 ] 9.6128e-01
 1.621e+01 3.8454e-02 3.8454e-02 [ 2.7689e-19 9.0000e-03 2.9454e-02 ] 0.0000e+00 [ 0.0000e+00 ] 9.6155e-01
 1.632e+01 3.8182e-02 3.8182e-02 [ 1.6052e-19 8.7740e-03 2.9408e-02 ] 0.0000e+00 [ 0.0000e+00 ] 9.6182e-01
 1.643e+01 3.7898e-02 3.7898e-02 [ 9.2761e-20 8.5493e-03 2.9349e-02 ] 0.0000e+00 [ 0.0000e+00 ] 9.6210e-01
 1.655e+01 3.7604e-02 3.7604e-02 [ 5.3439e-20 8.3259e-03 2.9278e-02 ] 0.0000e+00 [ 0.0000e+00 ] 9.6240e-01
 1.666e+01 3.7300e-02 3.7300e-02 [ 3.0691e-20 8.1039e-03 2.9196e-02 ] 0.0000e+00 [ 0.0000e+00 ] 9.6270e-01
 1.677e+01 3.6984e-02 3.6984e-02 [ 1.7571e-20 7.8835e-03 2.9101e-02 ] 0.0000e+00 [ 0.0000e+00 ] 9.6302e-01
 1.689e+01 3.6658e-02 3.6658e-02 [ 1.0029e-20 7.6647e-03 2.8994e-02 ] 0.0000e+00 [ 0.0000e+00 ] 9.6334e-01
 1.700e+01 3.6322e-02 3.6322e-02 [ 5.7069e-21 7.4478e-03 2.8874e-02 ] 0.0000e+00 [ 0.0000e+00 ] 9.6368e-01
 1.711e+01 3.5974e-02 3.5974e-02 [ 3.2375e-21 7.2327e-03 2.8742e-02 ] 0.0000e+00 [ 0.0000e+00 ] 9.6403e-01
 1.723e+01 3.5617e-02 3.5617e-02 [ 1.8311e-21 7.0196e-03 2.8597e-02 ] 0.0000e+00 [ 0.0000e+00 ] 9.6438e-01
 1.734e+01 3.5248e-02 3.5248e-02 [ 1.0325e-21 6.8087e-03 2.8440e-02 ] 0.0000e+00 [ 0.0000e+00 ] 9.6475e-01
 1.745e+01 3.4870e-02 3.4870e-02 [ 5.8044e-22 6.6000e-03 2.8270e-02 ] 0.0000e+00 [ 0.0000e+00 ] 9.6513e-01
 1.757e+01 3.4482e-02 3.4482e-02 [ 3.2534e-22 6.3936e-03 2.8088e-02 ] 0.0000e+00 [ 0.0000e+00 ] 9.6552e-01
 1.768e+01 3.4083e-02 3.4083e-02 [ 1.8181e-22 6.1897e-03 2.7894e-02 ] 0.0000e+00 [ 0.0000e+00 ] 9.6592e-01
 1.779e+01 3.3675e-02 3.3675e-02 [ 1.0130e-22 5.9883e-03 2.7687e-02 ] 0.0000e+00 [ 0.0000e+00 ] 9.6632e-01
 1.791e+01 3.3258e-02 3.3258e-02 [ 5.6277e-23 5.7896e-03 2.7469e-02 ] 0.0000e+00 [ 0.0000e+00 ] 9.6674e-01
 1.802e+01 3.2832e-02 3.2832e-02 [ 3.1173e-23 5.5937e-03 2.7238e-02 ] 0.0000e+00 [ 0.0000e+00 ] 9.6717e-01
 1.813e+01 3.2397e-02 3.2397e-02 [ 1.7217e-23 5.4007e-03 2.6996e-02 ] 0.0000e+00 [ 0.0000e+00 ] 9.6760e-01
 1.825e+01 3.1953e-02 3.1953e-02 [ 9.4814e-24 5.2106e-03 2.6742e-02 ] 0.0000e+00 [ 0.0000e+00 ] 9.6805e-01
 1.836e+01 3.1501e-02 3.1501e-02 [ 5.2064e-24 5.0236e-03 2.6477e-02 ] 0.0000e+00 [ 0.0000e+00 ] 9.6850e-01
 1.847e+01 3.1042e-02 3.1042e-02 [ 2.8507e-24 4.8399e-03 2.6202e-02 ] 0.0000e+00 [ 0.0000e+00 ] 9.6896e-01
 1.859e+01 3.0575e-02 3.0575e-02 [ 1.5564e-24 4.6594e-03 2.5916e-02 ] 0.0000e+00 [ 0.0000e+00 ] 9.6943e-01
 1.870e+01 3.0101e-02 3.0101e-02 [ 8.4735e-25 4.4822e-03 2.5619e-02 ] 0.0000e+00 [ 0.0000e+00 ] 9.6990e-01
 1.881e+01 2.9621e-02 2.9621e-02 [ 4.6001e-25 4.3085e-03 2.5313e-02 ] 0.0000e+00 [ 0.0000e+00 ] 9.7038e-01
 1.893e+01 2.9135e-02 2.9135e-02 [ 2.4903e-25 4.1384e-03 2.4997e-02 ] 0.0000e+00 [ 0.0000e+00 ] 9.7087e-01
 1.904e+01 2.8643e-02 2.8643e-02 [ 1.3444e-25 3.9718e-03 2.4671e-02 ] 0.0000e+00 [ 0.0000e+00 ] 9.7136e-01
 1.915e+01 2.8146e-02 2.8146e-02 [ 7.2375e-26 3.8089e-03 2.4338e-02 ] 0.0000e+00 [ 0.0000e+00 ] 9.7185e-01
 1.927e+01 2.7645e-02 2.7645e-02 [ 3.8855e-26 3.6498e-03 2.3995e-02 ] 0.0000e+00 [ 0.0000e+00 ] 9.7235e-01
 1.938e+01 2.7140e-02 2.7140e-02 [ 2.0802e-26 3.4944e-03 2.3645e-02 ] 0.0000e+00 [ 0.0000e+00 ] 9.7286e-01
 1.949e+01 2.6631e-02 2.6631e-02 [ 1.1107e-26 3.3429e-03 2.3288e-02 ] 0.0000e+00 [ 0.0000e+00 ] 9.7337e-01
 1.961e+01 2.6119e-02 2.6119e-02 [ 5.9138e-27 3.1953e-03 2.2924e-02 ] 0.0000e+00 [ 0.0000e+00 ] 9.7388e-01
 1.972e+01 2.5605e-02 2.5605e-02 [ 3.1403e-27 3.0517e-03 2.2553e-02 ] 0.0000e+00 [ 0.0000e+00 ] 9.7440e-01
 1.983e+01 2.5089e-02 2.5089e-02 [ 1.6631e-27 2.9120e-03 2.2177e-02 ] 0.0000e+00 [ 0.0000e+00 ] 9.7491e-01
 1.995e+01 2.4571e-02 2.4571e-02 [ 8.7841e-28 2.7763e-03 2.1795e-02 ] 0.0000e+00 [ 0.0000e+00 ] 9.7543e-01
 2.006e+01 2.4052e-02 2.4052e-02 [ 4.6272e-28 2.6446e-03 2.1408e-02 ] 0.0000e+00 [ 0.0000e+00 ] 9.7595e-01
 2.017e+01 2.3533e-02 2.3533e-02 [ 2.4310e-28 2.5169e-03 2.1016e-02 ] 0.0000e+00 [ 0.0000e+00 ] 9.7647e-01
 2.029e+01 2.3014e-02 2.3014e-02 [ 1.2738e-28 2.3933e-03 2.0621e-02 ] 0.0000e+00 [ 0.0000e+00 ] 9.7699e-01
 2.040e+01 2.2496e-02 2.2496e-02 [ 6.6574e-29 2.2737e-03 2.0223e-02 ] 0.0000e+00 [ 0.0000e+00 ] 9.7750e-01
 2.051e+01 2.1979e-02 2.1979e-02 [ 3.4703e-29 2.1581e-03 1.9821e-02 ] 0.0000e+00 [ 0.0000e+00 ] 9.7802e-01
 2.063e+01 2.1464e-02 2.1464e-02 [ 1.8043e-29 2.0465e-03 1.9417e-02 ] 0.0000e+00 [ 0.0000e+00 ] 9.7854e-01
 2.074e+01 2.0950e-02 2.0950e-02 [ 9.3568e-30 1.9389e-03 1.9012e-02 ] 0.0000e+00 [ 0.0000e+00 ] 9.7905e-01
 2.085e+01 2.0440e-02 2.0440e-02 [ 4.8400e-30 1.8352e-03 1.8605e-02 ] 0.0000e+00 [ 0.0000e+00 ] 9.7956e-01
 2.097e+01 1.9932e-02 1.9932e-02 [ 2.4972e-30 1.7355e-03 1.8197e-02 ] 0.0000e+00 [ 0.0000e+00 ] 9.8007e-01
 2.108e+01 1.9428e-02 1.9428e-02 [ 1.2852e-30 1.6396e-03 1.7788e-02 ] 0.0000e+00 [ 0.0000e+00 ] 9.8057e-01
 2.119e+01 1.8928e-02 1.8928e-02 [ 6.5979e-31 1.5476e-03 1.7380e-02 ] 0.0000e+00 [ 0.0000e+00 ] 9.8107e-01
 2.131e+01 1.8432e-02 1.8432e-02 [ 3.3787e-31 1.4593e-03 1.6972e-02 ] 0.0000e+00 [ 0.0000e+00 ] 9.8157e-01
 2.142e+01 1.7941e-02 1.7941e-02 [ 1.7260e-31 1.3748e-03 1.6566e-02 ] 0.0000e+00 [ 0.0000e+00 ] 9.8206e-01
 2.153e+01 1.7454e-02 1.7454e-02 [ 8.7951e-32 1.2939e-03 1.6161e-02 ] 0.0000e+00 [ 0.0000e+00 ] 9.8255e-01
 2.165e+01 1.6974e-02 1.6974e-02 [ 4.4709e-32 1.2165e-03 1.5757e-02 ] 0.0000e+00 [ 0.0000e+00 ] 9.8303e-01
 2.176e+01 1.6499e-02 1.6499e-02 [ 2.2672e-32 1.1427e-03 1.5356e-02 ] 0.0000e+00 [ 0.0000e+00 ] 9.8350e-01
 2.187e+01 1.6030e-02 1.6030e-02 [ 1.1470e-32 1.0723e-03 1.4957e-02 ] 0.0000e+00 [ 0.0000e+00 ] 9.8397e-01
 2.199e+01 1.5567e-02 1.5567e-02 [ 5.7885e-33 1.0053e-03 1.4562e-02 ] 0.0000e+00 [ 0.0000e+00 ] 9.8443e-01
 2.210e+01 1.5111e-02 1.5111e-02 [ 2.9144e-33 9.4150e-04 1.4170e-02 ] 0.0000e+00 [ 0.0000e+00 ] 9.8489e-01
 2.221e+01 1.4662e-02 1.4662e-02 [ 1.4639e-33 8.8088e-04 1.3781e-02 ] 0.0000e+00 [ 0.0000e+00 ] 9.8534e-01
 2.233e+01 1.4220e-02 1.4220e-02 [ 7.3362e-34 8.2335e-04 1.3397e-02 ] 0.0000e+00 [ 0.0000e+00 ] 9.8578e-01
 2.244e+01 1.3786e-02 1.3786e-02 [ 3.6678e-34 7.6880e-04 1.3017e-02 ] 0.0000e+00 [ 0.0000e+00 ] 9.8621e-01
 2.255e+01 1.3358e-02 1.3358e-02 [ 1.8296e-34 7.1715e-04 1.2641e-02 ] 0.0000e+00 [ 0.0000e+00 ] 9.8664e-01
 2.267e+01 1.2939e-02 1.2939e-02 [ 9.1055e-35 6.6830e-04 1.2271e-02 ] 0.0000e+00 [ 0.0000e+00 ] 9.8706e-01
 2.278e+01 1.2527e-02 1.2527e-02 [ 4.5213e-35 6.2215e-04 1.1905e-02 ] 0.0000e+00 [ 0.0000e+00 ] 9.8747e-01
 2.289e+01 1.2124e-02 1.2124e-02 [ 2.2400e-35 5.7860e-04 1.1545e-02 ] 0.0000e+00 [ 0.0000e+00 ] 9.8788e-01
 2.301e+01 1.1728e-02 1.1728e-02 [ 1.1073e-35 5.3755e-04 1.1190e-02 ] 0.0000e+00 [ 0.0000e+00 ] 9.8827e-01
 2.312e+01 1.1341e-02 1.1341e-02 [ 5.4616e-36 4.9891e-04 1.0842e-02 ] 0.0000e+00 [ 0.0000e+00 ] 9.8866e-01
 2.323e+01 1.0961e-02 1.0961e-02 [ 2.6879e-36 4.6258e-04 1.0499e-02 ] 0.0000e+00 [ 0.0000e+00 ] 9.8904e-01
 2.335e+01 1.0591e-02 1.0591e-02 [ 1.3200e-36 4.2846e-04 1.0162e-02 ] 0.0000e+00 [ 0.0000e+00 ] 9.8941e-01
 2.346e+01 1.0228e-02 1.0228e-02 [ 6.4680e-37 3.9645e-04 9.8317e-03 ] 0.0000e+00 [ 0.0000e+00 ] 9.8977e-01
 2.357e+01 9.8741e-03 9.8741e-03 [ 3.1626e-37 3.6646e-04 9.5076e-03 ] 0.0000e+00 [ 0.0000e+00 ] 9.9013e-01
 2.369e+01 9.5284e-03 9.5284e-03 [ 1.5431e-37 3.3839e-04 9.1900e-03 ] 0.0000e+00 [ 0.0000e+00 ] 9.9047e-01
 2.380e+01 9.1912e-03 9.1912e-03 [ 7.5132e-38 3.1216e-04 8.8790e-03 ] 0.0000e+00 [ 0.0000e+00 ] 9.9081e-01
 2.391e+01 8.8624e-03 8.8624e-03 [ 3.6505e-38 2.8766e-04 8.5747e-03 ] 0.0000e+00 [ 0.0000e+00 ] 9.9114e-01
 2.403e+01 8.5419e-03 8.5419e-03 [ 1.7700e-38 2.6482e-04 8.2771e-03 ] 0.0000e+00 [ 0.0000e+00 ] 9.9146e-01
 2.414e+01 8.2298e-03 8.2298e-03 [ 8.5642e-39 2.4355e-04 7.9863e-03 ] 0.0000e+00 [ 0.0000e+00 ] 9.9177e-01
 2.425e+01 7.9261e-03 7.9261e-03 [ 4.1354e-39 2.2375e-04 7.7023e-03 ] 0.0000e+00 [ 0.0000e+00 ] 9.9207e-01
 2.437e+01 7.6305e-03 7.6305e-03 [ 1.9929e-39 2.0535e-04 7.4252e-03 ] 0.0000e+00 [ 0.0000e+00 ] 9.9237e-01
 2.448e+01 7.3432e-03 7.3432e-03 [ 9.5843e-40 1.8828e-04 7.1549e-03 ] 0.0000e+00 [ 0.0000e+00 ] 9.9266e-01
 2.459e+01 7.0640e-03 7.0640e-03 [ 4.6002e-40 1.7245e-04 6.8915e-03 ] 0.0000e+00 [ 0.0000e+00 ] 9.9294e-01
 2.471e+01 6.7928e-03 6.7928e-03 [ 2.2036e-40 1.5779e-04 6.6350e-03 ] 0.0000e+00 [ 0.0000e+00 ] 9.9321e-01
 2.482e+01 6.5295e-03 6.5295e-03 [ 1.0535e-40 1.4423e-04 6.3853e-03 ] 0.0000e+00 [ 0.0000e+00 ] 9.9347e-01
 2.493e+01 6.2741e-03 6.2741e-03 [ 5.0270e-41 1.3170e-04 6.1424e-03 ] 0.0000e+00 [ 0.0000e+00 ] 9.9373e-01
 2.505e+01 6.0264e-03 6.0264e-03 [ 2.3941e-41 1.2014e-04 5.9063e-03 ] 0.0000e+00 [ 0.0000e+00 ] 9.9397e-01
 2.516e+01 5.7863e-03 5.7863e-03 [ 1.1380e-41 1.0948e-04 5.6768e-03 ] 0.0000e+00 [ 0.0000e+00 ] 9.9421e-01
 2.527e+01 5.5537e-03 5.5537e-03 [ 5.3990e-42 9.9667e-05 5.4541e-03 ] 0.0000e+00 [ 0.0000e+00 ] 9.9445e-01
 2.539e+01 5.3285e-03 5.3285e-03 [ 2.5567e-42 9.0643e-05 5.2379e-03 ] 0.0000e+00 [ 0.0000e+00 ] 9.9467e-01
 2.550e+01 5.1106e-03 5.1106e-03 [ 1.2085e-42 8.2353e-05 5.0282e-03 ] 0.0000e+00 [ 0.0000e+00 ] 9.9489e-01
 2.561e+01 4.8997e-03 4.8997e-03 [ 5.7017e-43 7.4746e-05 4.8250e-03 ] 0.0000e+00 [ 0.0000e+00 ] 9.9510e-01
 2.573e+01 4.6959e-03 4.6959e-03 [ 2.6852e-43 6.7773e-05 4.6281e-03 ] 0.0000e+00 [ 0.0000e+00 ] 9.9530e-01
 2.584e+01 4.4988e-03 4.4988e-03 [ 1.2623e-43 6.1390e-05 4.4374e-03 ] 0.0000e+00 [ 0.0000e+00 ] 9.9550e-01
 2.595e+01 4.3085e-03 4.3085e-03 [ 5.9235e-44 5.5552e-05 4.2530e-03 ] 0.0000e+00 [ 0.0000e+00 ] 9.9569e-01
 2.607e+01 4.1248e-03 4.1248e-03 [ 2.7747e-44 5.0220e-05 4.0745e-03 ] 0.0000e+00 [ 0.0000e+00 ] 9.9588e-01
 2.618e+01 3.9474e-03 3.9474e-03 [ 1.2975e-44 4.5354e-05 3.9021e-03 ] 0.0000e+00 [ 0.0000e+00 ] 9.9605e-01
 2.629e+01 3.7763e-03 3.7763e-03 [ 6.0566e-45 4.0919e-05 3.7354e-03 ] 0.0000e+00 [ 0.0000e+00 ] 9.9622e-01
 2.641e+01 3.6114e-03 3.6114e-03 [ 2.8223e-45 3.6882e-05 3.5745e-03 ] 0.0000e+00 [ 0.0000e+00 ] 9.9639e-01
 2.652e+01 3.4524e-03 3.4524e-03 [ 1.3129e-45 3.3210e-05 3.4192e-03 ] 0.0000e+00 [ 0.0000e+00 ] 9.9655e-01
 2.663e+01 3.2993e-03 3.2993e-03 [ 6.0974e-46 2.9874e-05 3.2694e-03 ] 0.0000e+00 [ 0.0000e+00 ] 9.9670e-01
 2.675e+01 3.1518e-03 3.1518e-03 [ 2.8270e-46 2.6847e-05 3.1249e-03 ] 0.0000e+00 [ 0.0000e+00 ] 9.9685e-01
 2.686e+01 3.0098e-03 3.0098e-03 [ 1.3085e-46 2.4103e-05 2.9857e-03 ] 0.0000e+00 [ 0.0000e+00 ] 9.9699e-01
 2.697e+01 2.8733e-03 2.8733e-03 [ 6.0467e-47 2.1618e-05 2.8516e-03 ] 0.0000e+00 [ 0.0000e+00 ] 9.9713e-01
 2.709e+01 2.7419e-03 2.7419e-03 [ 2.7897e-47 1.9371e-05 2.7225e-03 ] 0.0000e+00 [ 0.0000e+00 ] 9.9726e-01
 2.720e+01 2.6157e-03 2.6157e-03 [ 1.2850e-47 1.7341e-05 2.5983e-03 ] 0.0000e+00 [ 0.0000e+00 ] 9.9738e-01
 2.731e+01 2.4943e-03 2.4943e-03 [ 5.9095e-48 1.5508e-05 2.4788e-03 ] 0.0000e+00 [ 0.0000e+00 ] 9.9751e-01
 2.743e+01 2.3778e-03 2.3778e-03 [ 2.7134e-48 1.3855e-05 2.3640e-03 ] 0.0000e+00 [ 0.0000e+00 ] 9.9762e-01
 2.754e+01 2.2660e-03 2.2660e-03 [ 1.2439e-48 1.2367e-05 2.2536e-03 ] 0.0000e+00 [ 0.0000e+00 ] 9.9773e-01
 2.765e+01 2.1586e-03 2.1586e-03 [ 5.6940e-49 1.1028e-05 2.1476e-03 ] 0.0000e+00 [ 0.0000e+00 ] 9.9784e-01
 2.777e+01 2.0556e-03 2.0556e-03 [ 2.6023e-49 9.8250e-06 2.0458e-03 ] 0.0000e+00 [ 0.0000e+00 ] 9.9794e-01
 2.788e+01 1.9569e-03 1.9569e-03 [ 1.1876e-49 8.7446e-06 1.9481e-03 ] 0.0000e+00 [ 0.0000e+00 ] 9.9804e-01
 2.799e+01 1.8622e-03 1.8622e-03 [ 5.4113e-50 7.7756e-06 1.8544e-03 ] 0.0000e+00 [ 0.0000e+00 ] 9.9814e-01
 2.811e+01 1.7715e-03 1.7715e-03 [ 2.4620e-50 6.9074e-06 1.7646e-03 ] 0.0000e+00 [ 0.0000e+00 ] 9.9823e-01
 2.822e+01 1.6847e-03 1.6847e-03 [ 1.1185e-50 6.1304e-06 1.6786e-03 ] 0.0000e+00 [ 0.0000e+00 ] 9.9832e-01
 2.833e+01 1.6016e-03 1.6016e-03 [ 5.0743e-51 5.4357e-06 1.5961e-03 ] 0.0000e+00 [ 0.0000e+00 ] 9.9840e-01
 2.845e+01 1.5220e-03 1.5220e-03 [ 2.2987e-51 4.8152e-06 1.5172e-03 ] 0.0000e+00 [ 0.0000e+00 ] 9.9848e-01
 2.856e+01 1.4459e-03 1.4459e-03 [ 1.0398e-51 4.2615e-06 1.4416e-03 ] 0.0000e+00 [ 0.0000e+00 ] 9.9855e-01
 2.867e+01 1.3731e-03 1.3731e-03 [ 4.6972e-52 3.7680e-06 1.3694e-03 ] 0.0000e+00 [ 0.0000e+00 ] 9.9863e-01
 2.879e+01 1.3036e-03 1.3036e-03 [ 2.1189e-52 3.3285e-06 1.3003e-03 ] 0.0000e+00 [ 0.0000e+00 ] 9.9870e-01
 2.890e+01 1.2371e-03 1.2371e-03 [ 9.5448e-53 2.9376e-06 1.2342e-03 ] 0.0000e+00 [ 0.0000e+00 ] 9.9876e-01
 2.901e+01 1.1737e-03 1.1737e-03 [ 4.2938e-53 2.5902e-06 1.1711e-03 ] 0.0000e+00 [ 0.0000e+00 ] 9.9883e-01
 2.913e+01 1.1131e-03 1.1131e-03 [ 1.9290e-53 2.2818e-06 1.1108e-03 ] 0.0000e+00 [ 0.0000e+00 ] 9.9889e-01
 2.924e+01 1.0553e-03 1.0553e-03 [ 8.6542e-54 2.0082e-06 1.0533e-03 ] 0.0000e+00 [ 0.0000e+00 ] 9.9894e-01
 2.935e+01 1.0001e-03 1.0001e-03 [ 3.8775e-54 1.7659e-06 9.9835e-04 ] 0.0000e+00 [ 0.0000e+00 ] 9.9900e-01
 2.947e+01 9.4753e-04 9.4753e-04 [ 1.7351e-54 1.5514e-06 9.4598e-04 ] 0.0000e+00 [ 0.0000e+00 ] 9.9905e-01
 2.958e+01 8.9740e-04 8.9740e-04 [ 7.7537e-55 1.3617e-06 8.9604e-04 ] 0.0000e+00 [ 0.0000e+00 ] 9.9910e-01
 2.969e+01 8.4964e-04 8.4964e-04 [ 3.4606e-55 1.1941e-06 8.4844e-04 ] 0.0000e+00 [ 0.0000e+00 ] 9.9915e-01
 2.981e+01 8.0415e-04 8.0415e-04 [ 1.5425e-55 1.0462e-06 8.0310e-04 ] 0.0000e+00 [ 0.0000e+00 ] 9.9920e-01
 2.992e+01 7.6083e-04 7.6083e-04 [ 6.8672e-56 9.1575e-07 7.5992e-04 ] 0.0000e+00 [ 0.0000e+00 ] 9.9924e-01
 3.003e+01 7.1961e-04 7.1961e-04 [ 3.0534e-56 8.0089e-07 7.1881e-04 ] 0.0000e+00 [ 0.0000e+00 ] 9.9928e-01
 3.015e+01 6.8040e-04 6.8040e-04 [ 1.3560e-56 6.9980e-07 6.7970e-04 ] 0.0000e+00 [ 0.0000e+00 ] 9.9932e-01
 3.026e+01 6.4310e-04 6.4310e-04 [ 6.0145e-57 6.1093e-07 6.4249e-04 ] 0.0000e+00 [ 0.0000e+00 ] 9.9936e-01
 3.037e+01 6.0765e-04 6.0765e-04 [ 2.6645e-57 5.3287e-07 6.0711e-04 ] 0.0000e+00 [ 0.0000e+00 ] 9.9939e-01
 3.049e+01 5.7396e-04 5.7396e-04 [ 1.1790e-57 4.6438e-07 5.7349e-04 ] 0.0000e+00 [ 0.0000e+00 ] 9.9943e-01
 3.060e+01 5.4195e-04 5.4195e-04 [ 5.2109e-58 4.0433e-07 5.4155e-04 ] 0.0000e+00 [ 0.0000e+00 ] 9.9946e-01
 3.071e+01 5.1156e-04 5.1156e-04 [ 2.3004e-58 3.5174e-07 5.1121e-04 ] 0.0000e+00 [ 0.0000e+00 ] 9.9949e-01
 3.083e+01 4.8271e-04 4.8271e-04 [ 1.0143e-58 3.0572e-07 4.8241e-04 ] 0.0000e+00 [ 0.0000e+00 ] 9.9952e-01
 3.094e+01 4.5534e-04 4.5534e-04 [ 4.4676e-59 2.6549e-07 4.5508e-04 ] 0.0000e+00 [ 0.0000e+00 ] 9.9954e-01
 3.105e+01 4.2938e-04 4.2938e-04 [ 1.9655e-59 2.3035e-07 4.2915e-04 ] 0.0000e+00 [ 0.0000e+00 ] 9.9957e-01
 3.117e+01 4.0476e-04 4.0476e-04 [ 8.6374e-60 1.9969e-07 4.0456e-04 ] 0.0000e+00 [ 0.0000e+00 ] 9.9960e-01
 3.128e+01 3.8143e-04 3.8143e-04 [ 3.7916e-60 1.7297e-07 3.8126e-04 ] 0.0000e+00 [ 0.0000e+00 ] 9.9962e-01
 3.139e+01 3.5932e-04 3.5932e-04 [ 1.6626e-60 1.4969e-07 3.5917e-04 ] 0.0000e+00 [ 0.0000e+00 ] 9.9964e-01
 3.151e+01 3.3838e-04 3.3838e-04 [ 7.2825e-61 1.2943e-07 3.3826e-04 ] 0.0000e+00 [ 0.0000e+00 ] 9.9966e-01
 3.162e+01 3.1856e-04 3.1856e-04 [ 3.1865e-61 1.1182e-07 3.1845e-04 ] 0.0000e+00 [ 0.0000e+00 ] 9.9968e-01
 3.173e+01 2.9980e-04 2.9980e-04 [ 1.3928e-61 9.6520e-08 2.9970e-04 ] 0.0000e+00 [ 0.0000e+00 ] 9.9970e-01
 3.185e+01 2.8205e-04 2.8205e-04 [ 6.0813e-62 8.3245e-08 2.8197e-04 ] 0.0000e+00 [ 0.0000e+00 ] 9.9972e-01
 3.196e+01 2.6527e-04 2.6527e-04 [ 2.6526e-62 7.1735e-08 2.6520e-04 ] 0.0000e+00 [ 0.0000e+00 ] 9.9973e-01
 3.207e+01 2.4940e-04 2.4940e-04 [ 1.1558e-62 6.1764e-08 2.4934e-04 ] 0.0000e+00 [ 0.0000e+00 ] 9.9975e-01
 3.219e+01 2.3440e-04 2.3440e-04 [ 5.0312e-63 5.3134e-08 2.3435e-04 ] 0.0000e+00 [ 0.0000e+00 ] 9.9977e-01
 3.230e+01 2.2023e-04 2.2023e-04 [ 2.1879e-63 4.5672e-08 2.2019e-04 ] 0.0000e+00 [ 0.0000e+00 ] 9.9978e-01
 3.241e+01 2.0685e-04 2.0685e-04 [ 9.5048e-64 3.9225e-08 2.0682e-04 ] 0.0000e+00 [ 0.0000e+00 ] 9.9979e-01
 3.253e+01 1.9422e-04 1.9422e-04 [ 4.1251e-64 3.3660e-08 1.9419e-04 ] 0.0000e+00 [ 0.0000e+00 ] 9.9981e-01
 3.264e+01 1.8231e-04 1.8231e-04 [ 1.7886e-64 2.8861e-08 1.8228e-04 ] 0.0000e+00 [ 0.0000e+00 ] 9.9982e-01
 3.275e+01 1.7106e-04 1.7106e-04 [ 7.7477e-65 2.4725e-08 1.7104e-04 ] 0.0000e+00 [ 0.0000e+00 ] 9.9983e-01
 3.287e+01 1.6046e-04 1.6046e-04 [ 3.3529e-65 2.1165e-08 1.6044e-04 ] 0.0000e+00 [ 0.0000e+00 ] 9.9984e-01
 3.298e+01 1.5047e-04 1.5047e-04 [ 1.4496e-65 1.8102e-08 1.5045e-04 ] 0.0000e+00 [ 0.0000e+00 ] 9.9985e-01
 3.309e+01 1.4105e-04 1.4105e-04 [ 6.2617e-66 1.5470e-08 1.4103e-04 ] 0.0000e+00 [ 0.0000e+00 ] 9.9986e-01
 3.321e+01 1.3218e-04 1.3218e-04 [ 2.7023e-66 1.3210e-08 1.3216e-04 ] 0.0000e+00 [ 0.0000e+00 ] 9.9987e-01
 3.332e+01 1.2382e-04 1.2382e-04 [ 1.1651e-66 1.1271e-08 1.2381e-04 ] 0.0000e+00 [ 0.0000e+00 ] 9.9988e-01
 3.343e+01 1.1596e-04 1.1596e-04 [ 5.0191e-67 9.6085e-09 1.1595e-04 ] 0.0000e+00 [ 0.0000e+00 ] 9.9988e-01
 3.355e+01 1.0856e-04 1.0856e-04 [ 2.1602e-67 8.1847e-09 1.0855e-04 ] 0.0000e+00 [ 0.0000e+00 ] 9.9989e-01
 3.366e+01 1.0160e-04 1.0160e-04 [ 9.2893e-68 6.9663e-09 1.0159e-04 ] 0.0000e+00 [ 0.0000e+00 ] 9.9990e-01
 3.377e+01 9.5050e-05 9.5050e-05 [ 3.9911e-68 5.9245e-09 9.5044e-05 ] 0.0000e+00 [ 0.0000e+00 ] 9.9990e-01
 3.389e+01 8.8898e-05 8.8898e-05 [ 1.7133e-68 5.0345e-09 8.8893e-05 ] 0.0000e+00 [ 0.0000e+00 ] 9.9991e-01
 3.400e+01 8.3116e-05 8.3116e-05 [ 7.3484e-69 4.2747e-09 8.3112e-05 ] 0.0000e+00 [ 0.0000e+00 ] 9.9992e-01
 3.411e+01 7.7685e-05 7.7685e-05 [ 3.1491e-69 3.6267e-09 7.7682e-05 ] 0.0000e+00 [ 0.0000e+00 ] 9.9992e-01
 3.423e+01 7.2586e-05 7.2586e-05 [ 1.3484e-69 3.0745e-09 7.2583e-05 ] 0.0000e+00 [ 0.0000e+00 ] 9.9993e-01
 3.434e+01 6.7799e-05 6.7799e-05 [ 5.7691e-70 2.6043e-09 6.7796e-05 ] 0.0000e+00 [ 0.0000e+00 ] 9.9993e-01
 3.445e+01 6.3307e-05 6.3307e-05 [ 2.4662e-70 2.2043e-09 6.3305e-05 ] 0.0000e+00 [ 0.0000e+00 ] 9.9994e-01
 3.457e+01 5.9094e-05 5.9094e-05 [ 1.0534e-70 1.8643e-09 5.9092e-05 ] 0.0000e+00 [ 0.0000e+00 ] 9.9994e-01
 3.468e+01 5.5143e-05 5.5143e-05 [ 4.4961e-71 1.5754e-09 5.5142e-05 ] 0.0000e+00 [ 0.0000e+00 ] 9.9994e-01
 3.479e+01 5.1440e-05 5.1440e-05 [ 1.9174e-71 1.3303e-09 5.1438e-05 ] 0.0000e+00 [ 0.0000e+00 ] 9.9995e-01
 3.491e+01 4.7970e-05 4.7970e-05 [ 8.1708e-72 1.1224e-09 4.7969e-05 ] 0.0000e+00 [ 0.0000e+00 ] 9.9995e-01
 3.502e+01 4.4719e-05 4.4719e-05 [ 3.4791e-72 9.4632e-10 4.4718e-05 ] 0.0000e+00 [ 0.0000e+00 ] 9.9996e-01
 3.513e+01 4.1675e-05 4.1675e-05 [ 1.4803e-72 7.9722e-10 4.1674e-05 ] 0.0000e+00 [ 0.0000e+00 ] 9.9996e-01
 3.525e+01 3.8826e-05 3.8826e-05 [ 6.2935e-73 6.7109e-10 3.8825e-05 ] 0.0000e+00 [ 0.0000e+00 ] 9.9996e-01
 3.536e+01 3.6160e-05 3.6160e-05 [ 2.6737e-73 5.6448e-10 3.6159e-05 ] 0.0000e+00 [ 0.0000e+00 ] 9.9996e-01
 3.547e+01 3.3666e-05 3.3666e-05 [ 1.1350e-73 4.7444e-10 3.3666e-05 ] 0.0000e+00 [ 0.0000e+00 ] 9.9997e-01
 3.559e+01 3.1334e-05 3.1334e-05 [ 4.8149e-74 3.9845e-10 3.1334e-05 ] 0.0000e+00 [ 0.0000e+00 ] 9.9997e-01
 3.570e+01 2.9154e-05 2.9154e-05 [ 2.0410e-74 3.3438e-10 2.9154e-05 ] 0.0000e+00 [ 0.0000e+00 ] 9.9997e-01
 3.581e+01 2.7117e-05 2.7117e-05 [ 8.6455e-75 2.8040e-10 2.7117e-05 ] 0.0000e+00 [ 0.0000e+00 ] 9.9997e-01
 3.593e+01 2.5214e-05 2.5214e-05 [ 3.6595e-75 2.3495e-10 2.5214e-05 ] 0.0000e+00 [ 0.0000e+00 ] 9.9997e-01
 3.604e+01 2.3437e-05 2.3437e-05 [ 1.5480e-75 1.9672e-10 2.3437e-05 ] 0.0000e+00 [ 0.0000e+00 ] 9.9998e-01
 3.615e+01 2.1779e-05 2.1779e-05 [ 6.5431e-76 1.6459e-10 2.1778e-05 ] 0.0000e+00 [ 0.0000e+00 ] 9.9998e-01
 3.627e+01 2.0231e-05 2.0231e-05 [ 2.7638e-76 1.3760e-10 2.0231e-05 ] 0.0000e+00 [ 0.0000e+00 ] 9.9998e-01
 3.638e+01 1.8787e-05 1.8787e-05 [ 1.1666e-76 1.1495e-10 1.8787e-05 ] 0.0000e+00 [ 0.0000e+00 ] 9.9998e-01
 3.649e+01 1.7440e-05 1.7440e-05 [ 4.9212e-77 9.5955e-11 1.7440e-05 ] 0.0000e+00 [ 0.0000e+00 ] 9.9998e-01
 3.661e+01 1.6185e-05 1.6185e-05 [ 2.0745e-77 8.0040e-11 1.6185e-05 ] 0.0000e+00 [ 0.0000e+00 ] 9.9998e-01
 3.672e+01 1.5015e-05 1.5015e-05 [ 8.7389e-78 6.6714e-11 1.5015e-05 ] 0.0000e+00 [ 0.0000e+00 ] 9.9998e-01
 3.683e+01 1.3926e-05 1.3926e-05 [ 3.6789e-78 5.5565e-11 1.3926e-05 ] 0.0000e+00 [ 0.0000e+00 ] 9.9999e-01
 3.695e+01 1.2911e-05 1.2911e-05 [ 1.5478e-78 4.6245e-11 1.2911e-05 ] 0.0000e+00 [ 0.0000e+00 ] 9.9999e-01
 3.706e+01 1.1966e-05 1.1966e-05 [ 6.5073e-79 3.8460e-11 1.1966e-05 ] 0.0000e+00 [ 0.0000e+00 ] 9.9999e-01
 3.717e+01 1.1087e-05 1.1087e-05 [ 2.7341e-79 3.1962e-11 1.1087e-05 ] 0.0000e+00 [ 0.0000e+00 ] 9.9999e-01
 3.729e+01 1.0269e-05 1.0269e-05 [ 1.1481e-79 2.6542e-11 1.0269e-05 ] 0.0000e+00 [ 0.0000e+00 ] 9.9999e-01
 3.740e+01 9.5087e-06 9.5087e-06 [ 4.8176e-80 2.2024e-11 9.5086e-06 ] 0.0000e+00 [ 0.0000e+00 ] 9.9999e-01
 3.751e+01 8.8016e-06 8.8016e-06 [ 2.0204e-80 1.8263e-11 8.8015e-06 ] 0.0000e+00 [ 0.0000e+00 ] 9.9999e-01
 3.763e+01 8.1444e-06 8.1444e-06 [ 8.4677e-81 1.5132e-11 8.1444e-06 ] 0.0000e+00 [ 0.0000e+00 ] 9.9999e-01
 3.774e+01 7.5339e-06 7.5339e-06 [ 3.5468e-81 1.2529e-11 7.5339e-06 ] 0.0000e+00 [ 0.0000e+00 ] 9.9999e-01
 3.785e+01 6.9669e-06 6.9669e-06 [ 1.4847e-81 1.0366e-11 6.9669e-06 ] 0.0000e+00 [ 0.0000e+00 ] 9.9999e-01
 3.797e+01 6.4405e-06 6.4405e-06 [ 6.2112e-82 8.5706e-12 6.4405e-06 ] 0.0000e+00 [ 0.0000e+00 ] 9.9999e-01
 3.808e+01 5.9520e-06 5.9520e-06 [ 2.5969e-82 7.0808e-12 5.9519e-06 ] 0.0000e+00 [ 0.0000e+00 ] 9.9999e-01
 3.819e+01 5.4987e-06 5.4987e-06 [ 1.0851e-82 5.8457e-12 5.4987e-06 ] 0.0000e+00 [ 0.0000e+00 ] 9.9999e-01
 3.831e+01 5.0783e-06 5.0783e-06 [ 4.5316e-83 4.8226e-12 5.0783e-06 ] 0.0000e+00 [ 0.0000e+00 ] 9.9999e-01
 3.842e+01 4.6885e-06 4.6885e-06 [ 1.8914e-83 3.9756e-12 4.6885e-06 ] 0.0000e+00 [ 0.0000e+00 ] 1.0000e+00
 3.853e+01 4.3273e-06 4.3273e-06 [ 7.8894e-84 3.2750e-12 4.3273e-06 ] 0.0000e+00 [ 0.0000e+00 ] 1.0000e+00
 3.865e+01 3.9926e-06 3.9926e-06 [ 3.2890e-84 2.6960e-12 3.9926e-06 ] 0.0000e+00 [ 0.0000e+00 ] 1.0000e+00
 3.876e+01 3.6826e-06 3.6826e-06 [ 1.3704e-84 2.2177e-12 3.6826e-06 ] 0.0000e+00 [ 0.0000e+00 ] 1.0000e+00
 3.887e+01 3.3956e-06 3.3956e-06 [ 5.7066e-85 1.8230e-12 3.3956e-06 ] 0.0000e+00 [ 0.0000e+00 ] 1.0000e+00
 3.899e+01 3.1299e-06 3.1299e-06 [ 2.3750e-85 1.4974e-12 3.1299e-06 ] 0.0000e+00 [ 0.0000e+00 ] 1.0000e+00
 3.910e+01 2.8841e-06 2.8841e-06 [ 9.8792e-86 1.2291e-12 2.8841e-06 ] 0.0000e+00 [ 0.0000e+00 ] 1.0000e+00
 3.921e+01 2.6568e-06 2.6568e-06 [ 4.1071e-86 1.0082e-12 2.6568e-06 ] 0.0000e+00 [ 0.0000e+00 ] 1.0000e+00
 3.933e+01 2.4465e-06 2.4465e-06 [ 1.7066e-86 8.2637e-13 2.4465e-06 ] 0.0000e+00 [ 0.0000e+00 ] 1.0000e+00
 3.944e+01 2.2522e-06 2.2522e-06 [ 7.0871e-87 6.7686e-13 2.2522e-06 ] 0.0000e+00 [ 0.0000e+00 ] 1.0000e+00
 3.955e+01 2.0727e-06 2.0727e-06 [ 2.9416e-87 5.5401e-13 2.0727e-06 ] 0.0000e+00 [ 0.0000e+00 ] 1.0000e+00
 3.967e+01 1.9068e-06 1.9068e-06 [ 1.2203e-87 4.5314e-13 1.9068e-06 ] 0.0000e+00 [ 0.0000e+00 ] 1.0000e+00
 3.978e+01 1.7537e-06 1.7537e-06 [ 5.0597e-88 3.7037e-13 1.7537e-06 ] 0.0000e+00 [ 0.0000e+00 ] 1.0000e+00
 3.989e+01 1.6123e-06 1.6123e-06 [ 2.0968e-88 3.0250e-13 1.6123e-06 ] 0.0000e+00 [ 0.0000e+00 ] 1.0000e+00
 4.001e+01 1.4818e-06 1.4818e-06 [ 8.6850e-89 2.4690e-13 1.4818e-06 ] 0.0000e+00 [ 0.0000e+00 ] 1.0000e+00
 4.012e+01 1.3615e-06 1.3615e-06 [ 3.5955e-89 2.0138e-13 1.3615e-06 ] 0.0000e+00 [ 0.0000e+00 ] 1.0000e+00
 4.023e+01 1.2505e-06 1.2505e-06 [ 1.4877e-89 1.6413e-13 1.2505e-06 ] 0.0000e+00 [ 0.0000e+00 ] 1.0000e+00
 4.035e+01 1.1482e-06 1.1482e-06 [ 6.1528e-90 1.3368e-13 1.1482e-06 ] 0.0000e+00 [ 0.0000e+00 ] 1.0000e+00
 4.046e+01 1.0540e-06 1.0540e-06 [ 2.5433e-90 1.0880e-13 1.0540e-06 ] 0.0000e+00 [ 0.0000e+00 ] 1.0000e+00
 4.057e+01 9.6712e-07 9.6712e-07 [ 1.0508e-90 8.8492e-14 9.6712e-07 ] 0.0000e+00 [ 0.0000e+00 ] 1.0000e+00
 4.069e+01 8.8715e-07 8.8715e-07 [ 4.3393e-91 7.1923e-14 8.8715e-07 ] 0.0000e+00 [ 0.0000e+00 ] 1.0000e+00
 4.080e+01 8.1353e-07 8.1353e-07 [ 1.7910e-91 5.8416e-14 8.1353e-07 ] 0.0000e+00 [ 0.0000e+00 ] 1.0000e+00
 4.091e+01 7.4578e-07 7.4578e-07 [ 7.3890e-92 4.7413e-14 7.4578e-07 ] 0.0000e+00 [ 0.0000e+00 ] 1.0000e+00
 4.103e+01 6.8344e-07 6.8344e-07 [ 3.0469e-92 3.8455e-14 6.8344e-07 ] 0.0000e+00 [ 0.0000e+00 ] 1.0000e+00
 4.114e+01 6.2612e-07 6.2612e-07 [ 1.2558e-92 3.1168e-14 6.2612e-07 ] 0.0000e+00 [ 0.0000e+00 ] 1.0000e+00
 4.125e+01 5.7342e-07 5.7342e-07 [ 5.1734e-93 2.5245e-14 5.7342e-07 ] 0.0000e+00 [ 0.0000e+00 ] 1.0000e+00
 4.137e+01 5.2498e-07 5.2498e-07 [ 2.1302e-93 2.0433e-14 5.2498e-07 ] 0.0000e+00 [ 0.0000e+00 ] 1.0000e+00
 4.148e+01 4.8048e-07 4.8048e-07 [ 8.7675e-94 1.6527e-14 4.8048e-07 ] 0.0000e+00 [ 0.0000e+00 ] 1.0000e+00
 4.159e+01 4.3961e-07 4.3961e-07 [ 3.6068e-94 1.3358e-14 4.3961e-07 ] 0.0000e+00 [ 0.0000e+00 ] 1.0000e+00
 4.171e+01 4.0209e-07 4.0209e-07 [ 1.4831e-94 1.0790e-14 4.0209e-07 ] 0.0000e+00 [ 0.0000e+00 ] 1.0000e+00
 4.182e+01 3.6765e-07 3.6765e-07 [ 6.0956e-95 8.7090e-15 3.6765e-07 ] 0.0000e+00 [ 0.0000e+00 ] 1.0000e+00
 4.193e+01 3.3605e-07 3.3605e-07 [ 2.5042e-95 7.0248e-15 3.3605e-07 ] 0.0000e+00 [ 0.0000e+00 ] 1.0000e+00
 4.205e+01 3.0707e-07 3.0707e-07 [ 1.0283e-95 5.6624e-15 3.0707e-07 ] 0.0000e+00 [ 0.0000e+00 ] 1.0000e+00
 4.216e+01 2.8050e-07 2.8050e-07 [ 4.2207e-96 4.5611e-15 2.8050e-07 ] 0.0000e+00 [ 0.0000e+00 ] 1.0000e+00
 4.227e+01 2.5614e-07 2.5614e-07 [ 1.7316e-96 3.6715e-15 2.5614e-07 ] 0.0000e+00 [ 0.0000e+00 ] 1.0000e+00
 4.239e+01 2.3382e-07 2.3382e-07 [ 7.1012e-97 2.9534e-15 2.3382e-07 ] 0.0000e+00 [ 0.0000e+00 ] 1.0000e+00
 4.250e+01 2.1338e-07 2.1338e-07 [ 2.9108e-97 2.3741e-15 2.1338e-07 ] 0.0000e+00 [ 0.0000e+00 ] 1.0000e+00
 4.261e+01 1.9466e-07 1.9466e-07 [ 1.1926e-97 1.9072e-15 1.9466e-07 ] 0.0000e+00 [ 0.0000e+00 ] 1.0000e+00
 4.273e+01 1.7753e-07 1.7753e-07 [ 4.8845e-98 1.5310e-15 1.7753e-07 ] 0.0000e+00 [ 0.0000e+00 ] 1.0000e+00
 4.284e+01 1.6185e-07 1.6185e-07 [ 1.9996e-98 1.2282e-15 1.6185e-07 ] 0.0000e+00 [ 0.0000e+00 ] 1.0000e+00
 4.295e+01 1.4751e-07 1.4751e-07 [ 8.1824e-99 9.8464e-16 1.4751e-07 ] 0.0000e+00 [ 0.0000e+00 ] 1.0000e+00
 4.307e+01 1.3439e-07 1.3439e-07 [ 3.3468e-99 7.8884e-16 1.3439e-07 ] 0.0000e+00 [ 0.0000e+00 ] 1.0000e+00
 4.318e+01 1.2241e-07 1.2241e-07 [ 1.3684e-99 6.3154e-16 1.2241e-07 ] 0.0000e+00 [ 0.0000e+00 ] 1.0000e+00
 4.329e+01 1.1145e-07 1.1145e-07 [ 5.5922e-100 5.0527e-16 1.1145e-07 ] 0.0000e+00 [ 0.0000e+00 ] 1.0000e+00
 4.341e+01 1.0145e-07 1.0145e-07 [ 2.2845e-100 4.0397e-16 1.0145e-07 ] 0.0000e+00 [ 0.0000e+00 ] 1.0000e+00
 4.352e+01 9.2307e-08 9.2307e-08 [ 9.3287e-101 3.2277e-16 9.2307e-08 ] 0.0000e+00 [ 0.0000e+00 ] 1.0000e+00
 4.363e+01 8.3965e-08 8.3965e-08 [ 3.8077e-101 2.5771e-16 8.3965e-08 ] 0.0000e+00 [ 0.0000e+00 ] 1.0000e+00
 4.375e+01 7.6351e-08 7.6351e-08 [ 1.5536e-101 2.0563e-16 7.6351e-08 ] 0.0000e+00 [ 0.0000e+00 ] 1.0000e+00
 4.386e+01 6.9406e-08 6.9406e-08 [ 6.3363e-102 1.6396e-16 6.9406e-08 ] 0.0000e+00 [ 0.0000e+00 ] 1.0000e+00
 4.397e+01 6.3072e-08 6.3072e-08 [ 2.5832e-102 1.3065e-16 6.3072e-08 ] 0.0000e+00 [ 0.0000e+00 ] 1.0000e+00
 4.409e+01 5.7297e-08 5.7297e-08 [ 1.0527e-102 1.0404e-16 5.7297e-08 ] 0.0000e+00 [ 0.0000e+00 ] 1.0000e+00
 4.420e+01 5.2034e-08 5.2034e-08 [ 4.2882e-103 8.2791e-17 5.2034e-08 ] 0.0000e+00 [ 0.0000e+00 ] 1.0000e+00
 4.431e+01 4.7240e-08 4.7240e-08 [ 1.7461e-103 6.5839e-17 4.7240e-08 ] 0.0000e+00 [ 0.0000e+00 ] 1.0000e+00
 4.443e+01 4.2873e-08 4.2873e-08 [ 7.1073e-104 5.2323e-17 4.2873e-08 ] 0.0000e+00 [ 0.0000e+00 ] 1.0000e+00
 4.454e+01 3.8897e-08 3.8897e-08 [ 2.8918e-104 4.1554e-17 3.8897e-08 ] 0.0000e+00 [ 0.0000e+00 ] 1.0000e+00
 4.465e+01 3.5278e-08 3.5278e-08 [ 1.1761e-104 3.2979e-17 3.5278e-08 ] 0.0000e+00 [ 0.0000e+00 ] 1.0000e+00
 4.477e+01 3.1986e-08 3.1986e-08 [ 4.7816e-105 2.6157e-17 3.1986e-08 ] 0.0000e+00 [ 0.0000e+00 ] 1.0000e+00
 4.488e+01 2.8992e-08 2.8992e-08 [ 1.9433e-105 2.0732e-17 2.8992e-08 ] 0.0000e+00 [ 0.0000e+00 ] 1.0000e+00
 4.499e+01 2.6269e-08 2.6269e-08 [ 7.8945e-106 1.6421e-17 2.6269e-08 ] 0.0000e+00 [ 0.0000e+00 ] 1.0000e+00
 4.511e+01 2.3794e-08 2.3794e-08 [ 3.2059e-106 1.2998e-17 2.3794e-08 ] 0.0000e+00 [ 0.0000e+00 ] 1.0000e+00
 4.522e+01 2.1546e-08 2.1546e-08 [ 1.3014e-106 1.0282e-17 2.1546e-08 ] 0.0000e+00 [ 0.0000e+00 ] 1.0000e+00
 4.533e+01 1.9503e-08 1.9503e-08 [ 5.2810e-107 8.1279e-18 1.9503e-08 ] 0.0000e+00 [ 0.0000e+00 ] 1.0000e+00
 4.545e+01 1.7649e-08 1.7649e-08 [ 2.1422e-107 6.4209e-18 1.7649e-08 ] 0.0000e+00 [ 0.0000e+00 ] 1.0000e+00
 4.556e+01 1.5966e-08 1.5966e-08 [ 8.6861e-108 5.0690e-18 1.5966e-08 ] 0.0000e+00 [ 0.0000e+00 ] 1.0000e+00
 4.567e+01 1.4438e-08 1.4438e-08 [ 3.5208e-108 3.9992e-18 1.4438e-08 ] 0.0000e+00 [ 0.0000e+00 ] 1.0000e+00
 4.579e+01 1.3053e-08 1.3053e-08 [ 1.4266e-108 3.1530e-18 1.3053e-08 ] 0.0000e+00 [ 0.0000e+00 ] 1.0000e+00
 4.590e+01 1.1796e-08 1.1796e-08 [ 5.7783e-109 2.4843e-18 1.1796e-08 ] 0.0000e+00 [ 0.0000e+00 ] 1.0000e+00
 4.601e+01 1.0657e-08 1.0657e-08 [ 2.3396e-109 1.9561e-18 1.0657e-08 ] 0.0000e+00 [ 0.0000e+00 ] 1.0000e+00
 4.613e+01 9.6250e-09 9.6250e-09 [ 9.4694e-110 1.5392e-18 9.6250e-09 ] 0.0000e+00 [ 0.0000e+00 ] 1.0000e+00
 4.624e+01 8.6900e-09 8.6900e-09 [ 3.8314e-110 1.2103e-18 8.6900e-09 ] 0.0000e+00 [ 0.0000e+00 ] 1.0000e+00
 4.635e+01 7.8433e-09 7.8433e-09 [ 1.5496e-110 9.5113e-19 7.8433e-09 ] 0.0000e+00 [ 0.0000e+00 ] 1.0000e+00
 4.647e+01 7.0768e-09 7.0768e-09 [ 6.2654e-111 7.4695e-19 7.0768e-09 ] 0.0000e+00 [ 0.0000e+00 ] 1.0000e+00
 4.658e+01 6.3832e-09 6.3832e-09 [ 2.5323e-111 5.8621e-19 6.3832e-09 ] 0.0000e+00 [ 0.0000e+00 ] 1.0000e+00
 4.669e+01 5.7556e-09 5.7556e-09 [ 1.0231e-111 4.5977e-19 5.7556e-09 ] 0.0000e+00 [ 0.0000e+00 ] 1.0000e+00
 4.681e+01 5.1881e-09 5.1881e-09 [ 4.1323e-112 3.6036e-19 5.1881e-09 ] 0.0000e+00 [ 0.0000e+00 ] 1.0000e+00
 4.692e+01 4.6750e-09 4.6750e-09 [ 1.6684e-112 2.8226e-19 4.6750e-09 ] 0.0000e+00 [ 0.0000e+00 ] 1.0000e+00
 4.703e+01 4.2113e-09 4.2113e-09 [ 6.7339e-113 2.2094e-19 4.2113e-09 ] 0.0000e+00 [ 0.0000e+00 ] 1.0000e+00
 4.715e+01 3.7923e-09 3.7923e-09 [ 2.7169e-113 1.7284e-19 3.7923e-09 ] 0.0000e+00 [ 0.0000e+00 ] 1.0000e+00
 4.726e+01 3.4139e-09 3.4139e-09 [ 1.0958e-113 1.3511e-19 3.4139e-09 ] 0.0000e+00 [ 0.0000e+00 ] 1.0000e+00
 4.737e+01 3.0723e-09 3.0723e-09 [ 4.4184e-114 1.0556e-19 3.0723e-09 ] 0.0000e+00 [ 0.0000e+00 ] 1.0000e+00
 4.749e+01 2.7640e-09 2.7640e-09 [ 1.7809e-114 8.2412e-20 2.7640e-09 ] 0.0000e+00 [ 0.0000e+00 ] 1.0000e+00
 4.760e+01 2.4858e-09 2.4858e-09 [ 7.1756e-115 6.4300e-20 2.4858e-09 ] 0.0000e+00 [ 0.0000e+00 ] 1.0000e+00
 4.771e+01 2.2349e-09 2.2349e-09 [ 2.8902e-115 5.0136e-20 2.2349e-09 ] 0.0000e+00 [ 0.0000e+00 ] 1.0000e+00
 4.783e+01 2.0086e-09 2.0086e-09 [ 1.1638e-115 3.9067e-20 2.0086e-09 ] 0.0000e+00 [ 0.0000e+00 ] 1.0000e+00
 4.794e+01 1.8047e-09 1.8047e-09 [ 4.6845e-116 3.0422e-20 1.8047e-09 ] 0.0000e+00 [ 0.0000e+00 ] 1.0000e+00
 4.805e+01 1.6209e-09 1.6209e-09 [ 1.8850e-116 2.3675e-20 1.6209e-09 ] 0.0000e+00 [ 0.0000e+00 ] 1.0000e+00
 4.817e+01 1.4554e-09 1.4554e-09 [ 7.5826e-117 1.8412e-20 1.4554e-09 ] 0.0000e+00 [ 0.0000e+00 ] 1.0000e+00
 4.828e+01 1.3064e-09 1.3064e-09 [ 3.0492e-117 1.4310e-20 1.3064e-09 ] 0.0000e+00 [ 0.0000e+00 ] 1.0000e+00
 4.839e+01 1.1722e-09 1.1722e-09 [ 1.2258e-117 1.1115e-20 1.1722e-09 ] 0.0000e+00 [ 0.0000e+00 ] 1.0000e+00
 4.851e+01 1.0515e-09 1.0515e-09 [ 4.9259e-118 8.6276e-21 1.0515e-09 ] 0.0000e+00 [ 0.0000e+00 ] 1.0000e+00
 4.862e+01 9.4290e-10 9.4290e-10 [ 1.9789e-118 6.6925e-21 9.4290e-10 ] 0.0000e+00 [ 0.0000e+00 ] 1.0000e+00
 4.873e+01 8.4524e-10 8.4524e-10 [ 7.9476e-119 5.1881e-21 8.4524e-10 ] 0.0000e+00 [ 0.0000e+00 ] 1.0000e+00
 4.885e+01 7.5746e-10 7.5746e-10 [ 3.1908e-119 4.0194e-21 7.5746e-10 ] 0.0000e+00 [ 0.0000e+00 ] 1.0000e+00
 4.896e+01 6.7857e-10 6.7857e-10 [ 1.2807e-119 3.1119e-21 6.7857e-10 ] 0.0000e+00 [ 0.0000e+00 ] 1.0000e+00
 4.907e+01 6.0770e-10 6.0770e-10 [ 5.1384e-120 2.4077e-21 6.0770e-10 ] 0.0000e+00 [ 0.0000e+00 ] 1.0000e+00
 4.919e+01 5.4405e-10 5.4405e-10 [ 2.0610e-120 1.8617e-21 5.4405e-10 ] 0.0000e+00 [ 0.0000e+00 ] 1.0000e+00
 4.930e+01 4.8692e-10 4.8692e-10 [ 8.2643e-121 1.4386e-21 4.8692e-10 ] 0.0000e+00 [ 0.0000e+00 ] 1.0000e+00
 4.941e+01 4.3564e-10 4.3564e-10 [ 3.3128e-121 1.1110e-21 4.3564e-10 ] 0.0000e+00 [ 0.0000e+00 ] 1.0000e+00
 4.953e+01 3.8963e-10 3.8963e-10 [ 1.3275e-121 8.5739e-22 3.8963e-10 ] 0.0000e+00 [ 0.0000e+00 ] 1.0000e+00
 4.964e+01 3.4837e-10 3.4837e-10 [ 5.3183e-122 6.6127e-22 3.4837e-10 ] 0.0000e+00 [ 0.0000e+00 ] 1.0000e+00
 4.975e+01 3.1138e-10 3.1138e-10 [ 2.1299e-122 5.0969e-22 3.1138e-10 ] 0.0000e+00 [ 0.0000e+00 ] 1.0000e+00
 4.987e+01 2.7823e-10 2.7823e-10 [ 8.5273e-123 3.9260e-22 2.7823e-10 ] 0.0000e+00 [ 0.0000e+00 ] 1.0000e+00
 4.998e+01 2.4852e-10 2.4852e-10 [ 3.4130e-123 3.0222e-22 2.4852e-10 ] 0.0000e+00 [ 0.0000e+00 ] 1.0000e+00
 5.009e+01 2.2192e-10 2.2192e-10 [ 1.3656e-123 2.3249e-22 2.2192e-10 ] 0.0000e+00 [ 0.0000e+00 ] 1.0000e+00
 5.021e+01 1.9810e-10 1.9810e-10 [ 5.4625e-124 1.7874e-22 1.9810e-10 ] 0.0000e+00 [ 0.0000e+00 ] 1.0000e+00
 5.032e+01 1.7677e-10 1.7677e-10 [ 2.1844e-124 1.3733e-22 1.7677e-10 ] 0.0000e+00 [ 0.0000e+00 ] 1.0000e+00
 5.043e+01 1.5770e-10 1.5770e-10 [ 8.7324e-125 1.0545e-22 1.5770e-10 ] 0.0000e+00 [ 0.0000e+00 ] 1.0000e+00
 5.055e+01 1.4063e-10 1.4063e-10 [ 3.4899e-125 8.0916e-23 1.4063e-10 ] 0.0000e+00 [ 0.0000e+00 ] 1.0000e+00
 5.066e+01 1.2537e-10 1.2537e-10 [ 1.3943e-125 6.2052e-23 1.2537e-10 ] 0.0000e+00 [ 0.0000e+00 ] 1.0000e+00
 5.077e+01 1.1173e-10 1.1173e-10 [ 5.5691e-126 4.7555e-23 1.1173e-10 ] 0.0000e+00 [ 0.0000e+00 ] 1.0000e+00
 5.089e+01 9.9546e-11 9.9546e-11 [ 2.2237e-126 3.6422e-23 9.9546e-11 ] 0.0000e+00 [ 0.0000e+00 ] 1.0000e+00
 5.100e+01 8.8659e-11 8.8659e-11 [ 8.8766e-127 2.7878e-23 8.8659e-11 ] 0.0000e+00 [ 0.0000e+00 ] 1.0000e+00
 5.111e+01 7.8937e-11 7.8937e-11 [ 3.5424e-127 2.1325e-23 7.8937e-11 ] 0.0000e+00 [ 0.0000e+00 ] 1.0000e+00
 5.123e+01 7.0258e-11 7.0258e-11 [ 1.4132e-127 1.6302e-23 7.0258e-11 ] 0.0000e+00 [ 0.0000e+00 ] 1.0000e+00
 5.134e+01 6.2513e-11 6.2513e-11 [ 5.6365e-128 1.2454e-23 6.2513e-11 ] 0.0000e+00 [ 0.0000e+00 ] 1.0000e+00
 5.145e+01 5.5604e-11 5.5604e-11 [ 2.2474e-128 9.5083e-24 5.5604e-11 ] 0.0000e+00 [ 0.0000e+00 ] 1.0000e+00
 5.157e+01 4.9443e-11 4.9443e-11 [ 8.9583e-129 7.2549e-24 4.9443e-11 ] 0.0000e+00 [ 0.0000e+00 ] 1.0000e+00
 5.168e+01 4.3950e-11 4.3950e-11 [ 3.5699e-129 5.5320e-24 4.3950e-11 ] 0.0000e+00 [ 0.0000e+00 ] 1.0000e+00
 5.179e+01 3.9054e-11 3.9054e-11 [ 1.4222e-129 4.2157e-24 3.9054e-11 ] 0.0000e+00 [ 0.0000e+00 ] 1.0000e+00
 5.191e+01 3.4693e-11 3.4693e-11 [ 5.6642e-130 3.2105e-24 3.4693e-11 ] 0.0000e+00 [ 0.0000e+00 ] 1.0000e+00
 5.202e+01 3.0809e-11 3.0809e-11 [ 2.2553e-130 2.4435e-24 3.0809e-11 ] 0.0000e+00 [ 0.0000e+00 ] 1.0000e+00
 5.213e+01 2.7350e-11 2.7350e-11 [ 8.9773e-131 1.8586e-24 2.7350e-11 ] 0.0000e+00 [ 0.0000e+00 ] 1.0000e+00
 5.225e+01 2.4272e-11 2.4272e-11 [ 3.5725e-131 1.4128e-24 2.4272e-11 ] 0.0000e+00 [ 0.0000e+00 ] 1.0000e+00
 5.236e+01 2.1534e-11 2.1534e-11 [ 1.4213e-131 1.0732e-24 2.1534e-11 ] 0.0000e+00 [ 0.0000e+00 ] 1.0000e+00
 5.247e+01 1.9098e-11 1.9098e-11 [ 5.6527e-132 8.1479e-25 1.9098e-11 ] 0.0000e+00 [ 0.0000e+00 ] 1.0000e+00
 5.259e+01 1.6932e-11 1.6932e-11 [ 2.2476e-132 6.1820e-25 1.6932e-11 ] 0.0000e+00 [ 0.0000e+00 ] 1.0000e+00
 5.270e+01 1.5007e-11 1.5007e-11 [ 8.9345e-133 4.6874e-25 1.5007e-11 ] 0.0000e+00 [ 0.0000e+00 ] 1.0000e+00
 5.281e+01 1.3297e-11 1.3297e-11 [ 3.5506e-133 3.5520e-25 1.3297e-11 ] 0.0000e+00 [ 0.0000e+00 ] 1.0000e+00
 5.293e+01 1.1778e-11 1.1778e-11 [ 1.4107e-133 2.6899e-25 1.1778e-11 ] 0.0000e+00 [ 0.0000e+00 ] 1.0000e+00
 5.304e+01 1.0429e-11 1.0429e-11 [ 5.6030e-134 2.0358e-25 1.0429e-11 ] 0.0000e+00 [ 0.0000e+00 ] 1.0000e+00
 5.315e+01 9.2310e-12 9.2310e-12 [ 2.2249e-134 1.5398e-25 9.2310e-12 ] 0.0000e+00 [ 0.0000e+00 ] 1.0000e+00
 5.327e+01 8.1683e-12 8.1683e-12 [ 8.8323e-135 1.1639e-25 8.1683e-12 ] 0.0000e+00 [ 0.0000e+00 ] 1.0000e+00
 5.338e+01 7.2257e-12 7.2257e-12 [ 3.5053e-135 8.7925e-26 7.2257e-12 ] 0.0000e+00 [ 0.0000e+00 ] 1.0000e+00
 5.349e+01 6.3897e-12 6.3897e-12 [ 1.3908e-135 6.6379e-26 6.3897e-12 ] 0.0000e+00 [ 0.0000e+00 ] 1.0000e+00
 5.361e+01 5.6486e-12 5.6486e-12 [ 5.5169e-136 5.0082e-26 5.6486e-12 ] 0.0000e+00 [ 0.0000e+00 ] 1.0000e+00
 5.372e+01 4.9919e-12 4.9919e-12 [ 2.1878e-136 3.7763e-26 4.9919e-12 ] 0.0000e+00 [ 0.0000e+00 ] 1.0000e+00
 5.383e+01 4.4101e-12 4.4101e-12 [ 8.6738e-137 2.8456e-26 4.4101e-12 ] 0.0000e+00 [ 0.0000e+00 ] 1.0000e+00
 5.395e+01 3.8949e-12 3.8949e-12 [ 3.4379e-137 2.1430e-26 3.8949e-12 ] 0.0000e+00 [ 0.0000e+00 ] 1.0000e+00
 5.406e+01 3.4387e-12 3.4387e-12 [ 1.3623e-137 1.6129e-26 3.4387e-12 ] 0.0000e+00 [ 0.0000e+00 ] 1.0000e+00
 5.417e+01 3.0350e-12 3.0350e-12 [ 5.3969e-138 1.2131e-26 3.0350e-12 ] 0.0000e+00 [ 0.0000e+00 ] 1.0000e+00
 5.429e+01 2.6778e-12 2.6778e-12 [ 2.1375e-138 9.1189e-27 2.6778e-12 ] 0.0000e+00 [ 0.0000e+00 ] 1.0000e+00
 5.440e+01 2.3619e-12 2.3619e-12 [ 8.4634e-139 6.8504e-27 2.3619e-12 ] 0.0000e+00 [ 0.0000e+00 ] 1.0000e+00
 5.451e+01 2.0826e-12 2.0826e-12 [ 3.3503e-139 5.1430e-27 2.0826e-12 ] 0.0000e+00 [ 0.0000e+00 ] 1.0000e+00
 5.463e+01 1.8357e-12 1.8357e-12 [ 1.3259e-139 3.8588e-27 1.8357e-12 ] 0.0000e+00 [ 0.0000e+00 ] 1.0000e+00
 5.474e+01 1.6175e-12 1.6175e-12 [ 5.2460e-140 2.8935e-27 1.6175e-12 ] 0.0000e+00 [ 0.0000e+00 ] 1.0000e+00
 5.485e+01 1.4249e-12 1.4249e-12 [ 2.0751e-140 2.1683e-27 1.4249e-12 ] 0.0000e+00 [ 0.0000e+00 ] 1.0000e+00
 5.497e+01 1.2547e-12 1.2547e-12 [ 8.2061e-141 1.6239e-27 1.2547e-12 ] 0.0000e+00 [ 0.0000e+00 ] 1.0000e+00
 5.508e+01 1.1046e-12 1.1046e-12 [ 3.2444e-141 1.2154e-27 1.1046e-12 ] 0.0000e+00 [ 0.0000e+00 ] 1.0000e+00
 5.519e+01 9.7207e-13 9.7207e-13 [ 1.2824e-141 9.0916e-28 9.7207e-13 ] 0.0000e+00 [ 0.0000e+00 ] 1.0000e+00
 5.531e+01 8.5518e-13 8.5518e-13 [ 5.0675e-142 6.7963e-28 8.5518e-13 ] 0.0000e+00 [ 0.0000e+00 ] 1.0000e+00
 5.542e+01 7.5210e-13 7.5210e-13 [ 2.0020e-142 5.0775e-28 7.5210e-13 ] 0.0000e+00 [ 0.0000e+00 ] 1.0000e+00
 5.553e+01 6.6123e-13 6.6123e-13 [ 7.9075e-143 3.7910e-28 6.6123e-13 ] 0.0000e+00 [ 0.0000e+00 ] 1.0000e+00
 5.565e+01 5.8116e-13 5.8116e-13 [ 3.1225e-143 2.8287e-28 5.8116e-13 ] 0.0000e+00 [ 0.0000e+00 ] 1.0000e+00
 5.576e+01 5.1062e-13 5.1062e-13 [ 1.2327e-143 2.1095e-28 5.1062e-13 ] 0.0000e+00 [ 0.0000e+00 ] 1.0000e+00
 5.587e+01 4.4849e-13 4.4849e-13 [ 4.8654e-144 1.5721e-28 4.4849e-13 ] 0.0000e+00 [ 0.0000e+00 ] 1.0000e+00
 5.599e+01 3.9380e-13 3.9380e-13 [ 1.9199e-144 1.1709e-28 3.9380e-13 ] 0.0000e+00 [ 0.0000e+00 ] 1.0000e+00
 5.610e+01 3.4566e-13 3.4566e-13 [ 7.5738e-145 8.7158e-29 3.4566e-13 ] 0.0000e+00 [ 0.0000e+00 ] 1.0000e+00
 5.621e+01 3.0331e-13 3.0331e-13 [ 2.9872e-145 6.4837e-29 3.0331e-13 ] 0.0000e+00 [ 0.0000e+00 ] 1.0000e+00
 5.633e+01 2.6607e-13 2.6607e-13 [ 1.1779e-145 4.8203e-29 2.6607e-13 ] 0.0000e+00 [ 0.0000e+00 ] 1.0000e+00
 5.644e+01 2.3332e-13 2.3332e-13 [ 4.6434e-146 3.5815e-29 2.3332e-13 ] 0.0000e+00 [ 0.0000e+00 ] 1.0000e+00
 5.655e+01 2.0454e-13 2.0454e-13 [ 1.8301e-146 2.6594e-29 2.0454e-13 ] 0.0000e+00 [ 0.0000e+00 ] 1.0000e+00
 5.667e+01 1.7925e-13 1.7925e-13 [ 7.2112e-147 1.9736e-29 1.7925e-13 ] 0.0000e+00 [ 0.0000e+00 ] 1.0000e+00
 5.678e+01 1.5703e-13 1.5703e-13 [ 2.8408e-147 1.4637e-29 1.5703e-13 ] 0.0000e+00 [ 0.0000e+00 ] 1.0000e+00
 5.689e+01 1.3753e-13 1.3753e-13 [ 1.1189e-147 1.0849e-29 1.3753e-13 ] 0.0000e+00 [ 0.0000e+00 ] 1.0000e+00
 5.701e+01 1.2041e-13 1.2041e-13 [ 4.4056e-148 8.0362e-30 1.2041e-13 ] 0.0000e+00 [ 0.0000e+00 ] 1.0000e+00
 5.712e+01 1.0539e-13 1.0539e-13 [ 1.7343e-148 5.9492e-30 1.0539e-13 ] 0.0000e+00 [ 0.0000e+00 ] 1.0000e+00
 5.723e+01 9.2207e-14 9.2207e-14 [ 6.8260e-149 4.4015e-30 9.2207e-14 ] 0.0000e+00 [ 0.0000e+00 ] 1.0000e+00
 5.735e+01 8.0651e-14 8.0651e-14 [ 2.6860e-149 3.2545e-30 8.0651e-14 ] 0.0000e+00 [ 0.0000e+00 ] 1.0000e+00
 5.746e+01 7.0520e-14 7.0520e-14 [ 1.0567e-149 2.4050e-30 7.0520e-14 ] 0.0000e+00 [ 0.0000e+00 ] 1.0000e+00
 5.757e+01 6.1642e-14 6.1642e-14 [ 4.1559e-150 1.7761e-30 6.1642e-14 ] 0.0000e+00 [ 0.0000e+00 ] 1.0000e+00
 5.769e+01 5.3864e-14 5.3864e-14 [ 1.6342e-150 1.3109e-30 5.3864e-14 ] 0.0000e+00 [ 0.0000e+00 ] 1.0000e+00
 5.780e+01 4.7053e-14 4.7053e-14 [ 6.4245e-151 9.6694e-31 4.7053e-14 ] 0.0000e+00 [ 0.0000e+00 ] 1.0000e+00
 5.791e+01 4.1090e-14 4.1090e-14 [ 2.5251e-151 7.1281e-31 4.1090e-14 ] 0.0000e+00 [ 0.0000e+00 ] 1.0000e+00
 5.803e+01 3.5871e-14 3.5871e-14 [ 9.9226e-152 5.2515e-31 3.5871e-14 ] 0.0000e+00 [ 0.0000e+00 ] 1.0000e+00
 5.814e+01 3.1304e-14 3.1304e-14 [ 3.8983e-152 3.8667e-31 3.1304e-14 ] 0.0000e+00 [ 0.0000e+00 ] 1.0000e+00
 5.825e+01 2.7311e-14 2.7311e-14 [ 1.5312e-152 2.8453e-31 2.7311e-14 ] 0.0000e+00 [ 0.0000e+00 ] 1.0000e+00
 5.837e+01 2.3819e-14 2.3819e-14 [ 6.0127e-153 2.0924e-31 2.3819e-14 ] 0.0000e+00 [ 0.0000e+00 ] 1.0000e+00
 5.848e+01 2.0767e-14 2.0767e-14 [ 2.3606e-153 1.5379e-31 2.0767e-14 ] 0.0000e+00 [ 0.0000e+00 ] 1.0000e+00
 5.859e+01 1.8100e-14 1.8100e-14 [ 9.2660e-154 1.1296e-31 1.8100e-14 ] 0.0000e+00 [ 0.0000e+00 ] 1.0000e+00
 5.871e+01 1.5771e-14 1.5771e-14 [ 3.6363e-154 8.2924e-32 1.5771e-14 ] 0.0000e+00 [ 0.0000e+00 ] 1.0000e+00
 5.882e+01 1.3737e-14 1.3737e-14 [ 1.4267e-154 6.0837e-32 1.3737e-14 ] 0.0000e+00 [ 0.0000e+00 ] 1.0000e+00
 5.893e+01 1.1961e-14 1.1961e-14 [ 5.5963e-155 4.4606e-32 1.1961e-14 ] 0.0000e+00 [ 0.0000e+00 ] 1.0000e+00
 5.905e+01 1.0412e-14 1.0412e-14 [ 2.1947e-155 3.2686e-32 1.0412e-14 ] 0.0000e+00 [ 0.0000e+00 ] 1.0000e+00
 5.916e+01 9.0605e-15 9.0605e-15 [ 8.6053e-156 2.3937e-32 9.0605e-15 ] 0.0000e+00 [ 0.0000e+00 ] 1.0000e+00
 5.927e+01 7.8818e-15 7.8818e-15 [ 3.3733e-156 1.7520e-32 7.8818e-15 ] 0.0000e+00 [ 0.0000e+00 ] 1.0000e+00
 5.939e+01 6.8543e-15 6.8543e-15 [ 1.3221e-156 1.2815e-32 6.8543e-15 ] 0.0000e+00 [ 0.0000e+00 ] 1.0000e+00
 5.950e+01 5.9589e-15 5.9589e-15 [ 5.1804e-157 9.3681e-33 5.9589e-15 ] 0.0000e+00 [ 0.0000e+00 ] 1.0000e+00
 5.961e+01 5.1787e-15 5.1787e-15 [ 2.0294e-157 6.8442e-33 5.1787e-15 ] 0.0000e+00 [ 0.0000e+00 ] 1.0000e+00
 5.973e+01 4.4993e-15 4.4993e-15 [ 7.9486e-158 4.9974e-33 4.4993e-15 ] 0.0000e+00 [ 0.0000e+00 ] 1.0000e+00
 5.984e+01 3.9077e-15 3.9077e-15 [ 3.1126e-158 3.6467e-33 3.9077e-15 ] 0.0000e+00 [ 0.0000e+00 ] 1.0000e+00
 5.995e+01 3.3929e-15 3.3929e-15 [ 1.2186e-158 2.6595e-33 3.3929e-15 ] 0.0000e+00 [ 0.0000e+00 ] 1.0000e+00
 6.007e+01 2.9449e-15 2.9449e-15 [ 4.7697e-159 1.9384e-33 2.9449e-15 ] 0.0000e+00 [ 0.0000e+00 ] 1.0000e+00
 6.018e+01 2.5553e-15 2.5553e-15 [ 1.8665e-159 1.4120e-33 2.5553e-15 ] 0.0000e+00 [ 0.0000e+00 ] 1.0000e+00
 6.029e+01 2.2165e-15 2.2165e-15 [ 7.3029e-160 1.0279e-33 2.2165e-15 ] 0.0000e+00 [ 0.0000e+00 ] 1.0000e+00
 6.041e+01 1.9220e-15 1.9220e-15 [ 2.8567e-160 7.4785e-34 1.9220e-15 ] 0.0000e+00 [ 0.0000e+00 ] 1.0000e+00
 6.052e+01 1.6661e-15 1.6661e-15 [ 1.1172e-160 5.4378e-34 1.6661e-15 ] 0.0000e+00 [ 0.0000e+00 ] 1.0000e+00
 6.063e+01 1.4438e-15 1.4438e-15 [ 4.3683e-161 3.9516e-34 1.4438e-15 ] 0.0000e+00 [ 0.0000e+00 ] 1.0000e+00
 6.075e+01 1.2508e-15 1.2508e-15 [ 1.7077e-161 2.8700e-34 1.2508e-15 ] 0.0000e+00 [ 0.0000e+00 ] 1.0000e+00
 6.086e+01 1.0832e-15 1.0832e-15 [ 6.6742e-162 2.0831e-34 1.0832e-15 ] 0.0000e+00 [ 0.0000e+00 ] 1.0000e+00
 6.097e+01 9.3783e-16 9.3783e-16 [ 2.6080e-162 1.5111e-34 9.3783e-16 ] 0.0000e+00 [ 0.0000e+00 ] 1.0000e+00
 6.109e+01 8.1168e-16 8.1168e-16 [ 1.0189e-162 1.0955e-34 8.1168e-16 ] 0.0000e+00 [ 0.0000e+00 ] 1.0000e+00
 6.120e+01 7.0227e-16 7.0227e-16 [ 3.9797e-163 7.9377e-35 7.0227e-16 ] 0.0000e+00 [ 0.0000e+00 ] 1.0000e+00
 6.131e+01 6.0741e-16 6.0741e-16 [ 1.5541e-163 5.7479e-35 6.0741e-16 ] 0.0000e+00 [ 0.0000e+00 ] 1.0000e+00
 6.143e+01 5.2521e-16 5.2521e-16 [ 6.0678e-164 4.1598e-35 5.2521e-16 ] 0.0000e+00 [ 0.0000e+00 ] 1.0000e+00
 6.154e+01 4.5398e-16 4.5398e-16 [ 2.3686e-164 3.0086e-35 4.5398e-16 ] 0.0000e+00 [ 0.0000e+00 ] 1.0000e+00
 6.165e+01 3.9228e-16 3.9228e-16 [ 9.2438e-165 2.1748e-35 3.9228e-16 ] 0.0000e+00 [ 0.0000e+00 ] 1.0000e+00
 6.177e+01 3.3887e-16 3.3887e-16 [ 3.6068e-165 1.5711e-35 3.3887e-16 ] 0.0000e+00 [ 0.0000e+00 ] 1.0000e+00
 6.188e+01 2.9263e-16 2.9263e-16 [ 1.4070e-165 1.1343e-35 2.9263e-16 ] 0.0000e+00 [ 0.0000e+00 ] 1.0000e+00
 6.199e+01 2.5262e-16 2.5262e-16 [ 5.4878e-166 8.1851e-36 2.5262e-16 ] 0.0000e+00 [ 0.0000e+00 ] 1.0000e+00
 6.211e+01 2.1802e-16 2.1802e-16 [ 2.1400e-166 5.9027e-36 2.1802e-16 ] 0.0000e+00 [ 0.0000e+00 ] 1.0000e+00
 6.222e+01 1.8809e-16 1.8809e-16 [ 8.3429e-167 4.2542e-36 1.8809e-16 ] 0.0000e+00 [ 0.0000e+00 ] 1.0000e+00
 6.233e+01 1.6222e-16 1.6222e-16 [ 3.2519e-167 3.0643e-36 1.6222e-16 ] 0.0000e+00 [ 0.0000e+00 ] 1.0000e+00
 6.245e+01 1.3986e-16 1.3986e-16 [ 1.2673e-167 2.2060e-36 1.3986e-16 ] 0.0000e+00 [ 0.0000e+00 ] 1.0000e+00
 6.256e+01 1.2055e-16 1.2055e-16 [ 4.9376e-168 1.5871e-36 1.2055e-16 ] 0.0000e+00 [ 0.0000e+00 ] 1.0000e+00
 6.267e+01 1.0387e-16 1.0387e-16 [ 1.9234e-168 1.1412e-36 1.0387e-16 ] 0.0000e+00 [ 0.0000e+00 ] 1.0000e+00
 6.279e+01 8.9471e-17 8.9471e-17 [ 7.4909e-169 8.2007e-37 8.9471e-17 ] 0.0000e+00 [ 0.0000e+00 ] 1.0000e+00
 6.290e+01 7.7043e-17 7.7043e-17 [ 2.9168e-169 5.8897e-37 7.7043e-17 ] 0.0000e+00 [ 0.0000e+00 ] 1.0000e+00
 6.301e+01 6.6320e-17 6.6320e-17 [ 1.1355e-169 4.2275e-37 6.6320e-17 ] 0.0000e+00 [ 0.0000e+00 ] 1.0000e+00
 6.313e+01 5.7072e-17 5.7072e-17 [ 4.4196e-170 3.0326e-37 5.7072e-17 ] 0.0000e+00 [ 0.0000e+00 ] 1.0000e+00
 6.324e+01 4.9097e-17 4.9097e-17 [ 1.7198e-170 2.1742e-37 4.9097e-17 ] 0.0000e+00 [ 0.0000e+00 ] 1.0000e+00
 6.335e+01 4.2224e-17 4.2224e-17 [ 6.6911e-171 1.5578e-37 4.2224e-17 ] 0.0000e+00 [ 0.0000e+00 ] 1.0000e+00
 6.347e+01 3.6301e-17 3.6301e-17 [ 2.6027e-171 1.1156e-37 3.6301e-17 ] 0.0000e+00 [ 0.0000e+00 ] 1.0000e+00
 6.358e+01 3.1199e-17 3.1199e-17 [ 1.0122e-171 7.9838e-38 3.1199e-17 ] 0.0000e+00 [ 0.0000e+00 ] 1.0000e+00
 6.369e+01 2.6806e-17 2.6806e-17 [ 3.9354e-172 5.7105e-38 2.6806e-17 ] 0.0000e+00 [ 0.0000e+00 ] 1.0000e+00
 6.381e+01 2.3024e-17 2.3024e-17 [ 1.5298e-172 4.0821e-38 2.3024e-17 ] 0.0000e+00 [ 0.0000e+00 ] 1.0000e+00
 6.392e+01 1.9770e-17 1.9770e-17 [ 5.9457e-173 2.9164e-38 1.9770e-17 ] 0.0000e+00 [ 0.0000e+00 ] 1.0000e+00
 6.403e+01 1.6970e-17 1.6970e-17 [ 2.3103e-173 2.0823e-38 1.6970e-17 ] 0.0000e+00 [ 0.0000e+00 ] 1.0000e+00
 6.415e+01 1.4562e-17 1.4562e-17 [ 8.9752e-174 1.4859e-38 1.4562e-17 ] 0.0000e+00 [ 0.0000e+00 ] 1.0000e+00
 6.426e+01 1.2491e-17 1.2491e-17 [ 3.4860e-174 1.0597e-38 1.2491e-17 ] 0.0000e+00 [ 0.0000e+00 ] 1.0000e+00
 6.437e+01 1.0712e-17 1.0712e-17 [ 1.3537e-174 7.5531e-39 1.0712e-17 ] 0.0000e+00 [ 0.0000e+00 ] 1.0000e+00
 6.449e+01 9.1834e-18 9.1834e-18 [ 5.2556e-175 5.3803e-39 9.1834e-18 ] 0.0000e+00 [ 0.0000e+00 ] 1.0000e+00
 6.460e+01 7.8703e-18 7.8703e-18 [ 2.0400e-175 3.8304e-39 7.8703e-18 ] 0.0000e+00 [ 0.0000e+00 ] 1.0000e+00
 6.471e+01 6.7429e-18 6.7429e-18 [ 7.9167e-176 2.7253e-39 6.7429e-18 ] 0.0000e+00 [ 0.0000e+00 ] 1.0000e+00
 6.483e+01 5.7751e-18 5.7751e-18 [ 3.0716e-176 1.9379e-39 5.7751e-18 ] 0.0000e+00 [ 0.0000e+00 ] 1.0000e+00
 6.494e+01 4.9447e-18 4.9447e-18 [ 1.1915e-176 1.3772e-39 4.9447e-18 ] 0.0000e+00 [ 0.0000e+00 ] 1.0000e+00
 6.505e+01 4.2323e-18 4.2323e-18 [ 4.6210e-177 9.7819e-40 4.2323e-18 ] 0.0000e+00 [ 0.0000e+00 ] 1.0000e+00
 6.517e+01 3.6215e-18 3.6215e-18 [ 1.7917e-177 6.9436e-40 3.6215e-18 ] 0.0000e+00 [ 0.0000e+00 ] 1.0000e+00
 6.528e+01 3.0978e-18 3.0978e-18 [ 6.9458e-178 4.9259e-40 3.0978e-18 ] 0.0000e+00 [ 0.0000e+00 ] 1.0000e+00
 6.539e+01 2.6490e-18 2.6490e-18 [ 2.6920e-178 3.4925e-40 2.6490e-18 ] 0.0000e+00 [ 0.0000e+00 ] 1.0000e+00
 6.551e+01 2.2645e-18 2.2645e-18 [ 1.0431e-178 2.4747e-40 2.2645e-18 ] 0.0000e+00 [ 0.0000e+00 ] 1.0000e+00
 6.562e+01 1.9353e-18 1.9353e-18 [ 4.0410e-179 1.7525e-40 1.9353e-18 ] 0.0000e+00 [ 0.0000e+00 ] 1.0000e+00
 6.573e+01 1.6533e-18 1.6533e-18 [ 1.5651e-179 1.2404e-40 1.6533e-18 ] 0.0000e+00 [ 0.0000e+00 ] 1.0000e+00
 6.585e+01 1.4120e-18 1.4120e-18 [ 6.0607e-180 8.7736e-41 1.4120e-18 ] 0.0000e+00 [ 0.0000e+00 ] 1.0000e+00
 6.596e+01 1.2056e-18 1.2056e-18 [ 2.3464e-180 6.2022e-41 1.2056e-18 ] 0.0000e+00 [ 0.0000e+00 ] 1.0000e+00
 6.607e+01 1.0290e-18 1.0290e-18 [ 9.0817e-181 4.3819e-41 1.0290e-18 ] 0.0000e+00 [ 0.0000e+00 ] 1.0000e+00
 6.619e+01 8.7797e-19 8.7797e-19 [ 3.5143e-181 3.0940e-41 8.7797e-19 ] 0.0000e+00 [ 0.0000e+00 ] 1.0000e+00
 6.630e+01 7.4889e-19 7.4889e-19 [ 1.3596e-181 2.1833e-41 7.4889e-19 ] 0.0000e+00 [ 0.0000e+00 ] 1.0000e+00
 6.641e+01 6.3859e-19 6.3859e-19 [ 5.2589e-182 1.5398e-41 6.3859e-19 ] 0.0000e+00 [ 0.0000e+00 ] 1.0000e+00
 6.653e+01 5.4436e-19 5.4436e-19 [ 2.0336e-182 1.0853e-41 5.4436e-19 ] 0.0000e+00 [ 0.0000e+00 ] 1.0000e+00
 6.664e+01 4.6389e-19 4.6389e-19 [ 7.8623e-183 7.6448e-42 4.6389e-19 ] 0.0000e+00 [ 0.0000e+00 ] 1.0000e+00
 6.675e+01 3.9520e-19 3.9520e-19 [ 3.0390e-183 5.3818e-42 3.9520e-19 ] 0.0000e+00 [ 0.0000e+00 ] 1.0000e+00
 6.687e+01 3.3656e-19 3.3656e-19 [ 1.1744e-183 3.7865e-42 3.3656e-19 ] 0.0000e+00 [ 0.0000e+00 ] 1.0000e+00
 6.698e+01 2.8654e-19 2.8654e-19 [ 4.5370e-184 2.6624e-42 2.8654e-19 ] 0.0000e+00 [ 0.0000e+00 ] 1.0000e+00
 6.709e+01 2.4388e-19 2.4388e-19 [ 1.7524e-184 1.8709e-42 2.4388e-19 ] 0.0000e+00 [ 0.0000e+00 ] 1.0000e+00
 6.721e+01 2.0750e-19 2.0750e-19 [ 6.7672e-185 1.3140e-42 2.0750e-19 ] 0.0000e+00 [ 0.0000e+00 ] 1.0000e+00
 6.732e+01 1.7650e-19 1.7650e-19 [ 2.6126e-185 9.2224e-43 1.7650e-19 ] 0.0000e+00 [ 0.0000e+00 ] 1.0000e+00
 6.743e+01 1.5008e-19 1.5008e-19 [ 1.0084e-185 6.4690e-43 1.5008e-19 ] 0.0000e+00 [ 0.0000e+00 ] 1.0000e+00
 6.755e+01 1.2757e-19 1.2757e-19 [ 3.8911e-186 4.5350e-43 1.2757e-19 ] 0.0000e+00 [ 0.0000e+00 ] 1.0000e+00
 6.766e+01 1.0841e-19 1.0841e-19 [ 1.5011e-186 3.1772e-43 1.0841e-19 ] 0.0000e+00 [ 0.0000e+00 ] 1.0000e+00
 6.777e+01 9.2094e-20 9.2094e-20 [ 5.7895e-187 2.2246e-43 9.2094e-20 ] 0.0000e+00 [ 0.0000e+00 ] 1.0000e+00
 6.789e+01 7.8210e-20 7.8210e-20 [ 2.2324e-187 1.5566e-43 7.8210e-20 ] 0.0000e+00 [ 0.0000e+00 ] 1.0000e+00
 6.800e+01 6.6399e-20 6.6399e-20 [ 8.6055e-188 1.0886e-43 6.6399e-20 ] 0.0000e+00 [ 0.0000e+00 ] 1.0000e+00
 6.811e+01 5.6354e-20 5.6354e-20 [ 3.3165e-188 7.6077e-44 5.6354e-20 ] 0.0000e+00 [ 0.0000e+00 ] 1.0000e+00
 6.823e+01 4.7813e-20 4.7813e-20 [ 1.2778e-188 5.3135e-44 4.7813e-20 ] 0.0000e+00 [ 0.0000e+00 ] 1.0000e+00
 6.834e+01 4.0555e-20 4.0555e-20 [ 4.9220e-189 3.7089e-44 4.0555e-20 ] 0.0000e+00 [ 0.0000e+00 ] 1.0000e+00
 6.845e+01 3.4387e-20 3.4387e-20 [ 1.8954e-189 2.5872e-44 3.4387e-20 ] 0.0000e+00 [ 0.0000e+00 ] 1.0000e+00
 6.857e+01 2.9148e-20 2.9148e-20 [ 7.2972e-190 1.8037e-44 2.9148e-20 ] 0.0000e+00 [ 0.0000e+00 ] 1.0000e+00
 6.868e+01 2.4700e-20 2.4700e-20 [ 2.8086e-190 1.2566e-44 2.4700e-20 ] 0.0000e+00 [ 0.0000e+00 ] 1.0000e+00
 6.879e+01 2.0924e-20 2.0924e-20 [ 1.0807e-190 8.7493e-45 2.0924e-20 ] 0.0000e+00 [ 0.0000e+00 ] 1.0000e+00
 6.891e+01 1.7720e-20 1.7720e-20 [ 4.1572e-191 6.0879e-45 1.7720e-20 ] 0.0000e+00 [ 0.0000e+00 ] 1.0000e+00
 6.902e+01 1.5002e-20 1.5002e-20 [ 1.5987e-191 4.2333e-45 1.5002e-20 ] 0.0000e+00 [ 0.0000e+00 ] 1.0000e+00
 6.913e+01 1.2696e-20 1.2696e-20 [ 6.1465e-192 2.9418e-45 1.2696e-20 ] 0.0000e+00 [ 0.0000e+00 ] 1.0000e+00
 6.925e+01 1.0742e-20 1.0742e-20 [ 2.3625e-192 2.0430e-45 1.0742e-20 ] 0.0000e+00 [ 0.0000e+00 ] 1.0000e+00
 6.936e+01 9.0858e-21 9.0858e-21 [ 9.0776e-193 1.4179e-45 9.0858e-21 ] 0.0000e+00 [ 0.0000e+00 ] 1.0000e+00
 6.947e+01 7.6824e-21 7.6824e-21 [ 3.4870e-193 9.8342e-46 7.6824e-21 ] 0.0000e+00 [ 0.0000e+00 ] 1.0000e+00
 6.959e+01 6.4938e-21 6.4938e-21 [ 1.3391e-193 6.8162e-46 6.4938e-21 ] 0.0000e+00 [ 0.0000e+00 ] 1.0000e+00
 6.970e+01 5.4874e-21 5.4874e-21 [ 5.1410e-194 4.7213e-46 5.4874e-21 ] 0.0000e+00 [ 0.0000e+00 ] 1.0000e+00
 6.981e+01 4.6355e-21 4.6355e-21 [ 1.9731e-194 3.2681e-46 4.6355e-21 ] 0.0000e+00 [ 0.0000e+00 ] 1.0000e+00
 6.993e+01 3.9147e-21 3.9147e-21 [ 7.5703e-195 2.2606e-46 3.9147e-21 ] 0.0000e+00 [ 0.0000e+00 ] 1.0000e+00
 7.004e+01 3.3049e-21 3.3049e-21 [ 2.9037e-195 1.5627e-46 3.3049e-21 ] 0.0000e+00 [ 0.0000e+00 ] 1.0000e+00
 7.015e+01 2.7892e-21 2.7892e-21 [ 1.1134e-195 1.0795e-46 2.7892e-21 ] 0.0000e+00 [ 0.0000e+00 ] 1.0000e+00
 7.027e+01 2.3533e-21 2.3533e-21 [ 4.2680e-196 7.4522e-47 2.3533e-21 ] 0.0000e+00 [ 0.0000e+00 ] 1.0000e+00
 7.038e+01 1.9849e-21 1.9849e-21 [ 1.6355e-196 5.1409e-47 1.9849e-21 ] 0.0000e+00 [ 0.0000e+00 ] 1.0000e+00
 7.049e+01 1.6736e-21 1.6736e-21 [ 6.2653e-197 3.5440e-47 1.6736e-21 ] 0.0000e+00 [ 0.0000e+00 ] 1.0000e+00
 7.061e+01 1.4107e-21 1.4107e-21 [ 2.3993e-197 2.4414e-47 1.4107e-21 ] 0.0000e+00 [ 0.0000e+00 ] 1.0000e+00
 7.072e+01 1.1888e-21 1.1888e-21 [ 9.1853e-198 1.6807e-47 1.1888e-21 ] 0.0000e+00 [ 0.0000e+00 ] 1.0000e+00
 7.083e+01 1.0014e-21 1.0014e-21 [ 3.5152e-198 1.1562e-47 1.0014e-21 ] 0.0000e+00 [ 0.0000e+00 ] 1.0000e+00
 7.095e+01 8.4333e-22 8.4333e-22 [ 1.3448e-198 7.9480e-48 8.4333e-22 ] 0.0000e+00 [ 0.0000e+00 ] 1.0000e+00
 7.106e+01 7.0998e-22 7.0998e-22 [ 5.1432e-199 5.4598e-48 7.0998e-22 ] 0.0000e+00 [ 0.0000e+00 ] 1.0000e+00
 7.117e+01 5.9753e-22 5.9753e-22 [ 1.9663e-199 3.7478e-48 5.9753e-22 ] 0.0000e+00 [ 0.0000e+00 ] 1.0000e+00
 7.129e+01 5.0274e-22 5.0274e-22 [ 7.5146e-200 2.5707e-48 5.0274e-22 ] 0.0000e+00 [ 0.0000e+00 ] 1.0000e+00
 7.140e+01 4.2285e-22 4.2285e-22 [ 2.8708e-200 1.7620e-48 4.2285e-22 ] 0.0000e+00 [ 0.0000e+00 ] 1.0000e+00
 7.151e+01 3.5555e-22 3.5555e-22 [ 1.0964e-200 1.2068e-48 3.5555e-22 ] 0.0000e+00 [ 0.0000e+00 ] 1.0000e+00
 7.163e+01 2.9886e-22 2.9886e-22 [ 4.1854e-201 8.2594e-49 2.9886e-22 ] 0.0000e+00 [ 0.0000e+00 ] 1.0000e+00
 7.174e+01 2.5114e-22 2.5114e-22 [ 1.5972e-201 5.6483e-49 2.5114e-22 ] 0.0000e+00 [ 0.0000e+00 ] 1.0000e+00
 7.185e+01 2.1097e-22 2.1097e-22 [ 6.0928e-202 3.8598e-49 2.1097e-22 ] 0.0000e+00 [ 0.0000e+00 ] 1.0000e+00
 7.197e+01 1.7717e-22 1.7717e-22 [ 2.3233e-202 2.6355e-49 1.7717e-22 ] 0.0000e+00 [ 0.0000e+00 ] 1.0000e+00
 7.208e+01 1.4874e-22 1.4874e-22 [ 8.8556e-203 1.7981e-49 1.4874e-22 ] 0.0000e+00 [ 0.0000e+00 ] 1.0000e+00
 7.219e+01 1.2484e-22 1.2484e-22 [ 3.3741e-203 1.2259e-49 1.2484e-22 ] 0.0000e+00 [ 0.0000e+00 ] 1.0000e+00
 7.231e+01 1.0474e-22 1.0474e-22 [ 1.2850e-203 8.3505e-50 1.0474e-22 ] 0.0000e+00 [ 0.0000e+00 ] 1.0000e+00
 7.242e+01 8.7852e-23 8.7852e-23 [ 4.8922e-204 5.6836e-50 8.7852e-23 ] 0.0000e+00 [ 0.0000e+00 ] 1.0000e+00
 7.253e+01 7.3664e-23 7.3664e-23 [ 1.8617e-204 3.8653e-50 7.3664e-23 ] 0.0000e+00 [ 0.0000e+00 ] 1.0000e+00
 7.265e+01 6.1748e-23 6.1748e-23 [ 7.0812e-205 2.6265e-50 6.1748e-23 ] 0.0000e+00 [ 0.0000e+00 ] 1.0000e+00
 7.276e+01 5.1744e-23 5.1744e-23 [ 2.6923e-205 1.7833e-50 5.1744e-23 ] 0.0000e+00 [ 0.0000e+00 ] 1.0000e+00
 7.287e+01 4.3347e-23 4.3347e-23 [ 1.0232e-205 1.2097e-50 4.3347e-23 ] 0.0000e+00 [ 0.0000e+00 ] 1.0000e+00
 7.299e+01 3.6302e-23 3.6302e-23 [ 3.8867e-206 8.1992e-51 3.6302e-23 ] 0.0000e+00 [ 0.0000e+00 ] 1.0000e+00
 7.310e+01 3.0392e-23 3.0392e-23 [ 1.4757e-206 5.5524e-51 3.0392e-23 ] 0.0000e+00 [ 0.0000e+00 ] 1.0000e+00
 7.321e+01 2.5437e-23 2.5437e-23 [ 5.6004e-207 3.7567e-51 2.5437e-23 ] 0.0000e+00 [ 0.0000e+00 ] 1.0000e+00
 7.333e+01 2.1283e-23 2.1283e-23 [ 2.1243e-207 2.5395e-51 2.1283e-23 ] 0.0000e+00 [ 0.0000e+00 ] 1.0000e+00
 7.344e+01 1.7802e-23 1.7802e-23 [ 8.0540e-208 1.7151e-51 1.7802e-23 ] 0.0000e+00 [ 0.0000e+00 ] 1.0000e+00
 7.355e+01 1.4885e-23 1.4885e-23 [ 3.0519e-208 1.1572e-51 1.4885e-23 ] 0.0000e+00 [ 0.0000e+00 ] 1.0000e+00
 7.367e+01 1.2443e-23 1.2443e-23 [ 1.1559e-208 7.8012e-52 1.2443e-23 ] 0.0000e+00 [ 0.0000e+00 ] 1.0000e+00
 7.378e+01 1.0398e-23 1.0398e-23 [ 4.3755e-209 5.2539e-52 1.0398e-23 ] 0.0000e+00 [ 0.0000e+00 ] 1.0000e+00
 7.389e+01 8.6866e-24 8.6866e-24 [ 1.6554e-209 3.5349e-52 8.6866e-24 ] 0.0000e+00 [ 0.0000e+00 ] 1.0000e+00
 7.401e+01 7.2546e-24 7.2546e-24 [ 6.2593e-210 2.3761e-52 7.2546e-24 ] 0.0000e+00 [ 0.0000e+00 ] 1.0000e+00
 7.412e+01 6.0568e-24 6.0568e-24 [ 2.3654e-210 1.5955e-52 6.0568e-24 ] 0.0000e+00 [ 0.0000e+00 ] 1.0000e+00
 7.423e+01 5.0551e-24 5.0551e-24 [ 8.9335e-211 1.0703e-52 5.0551e-24 ] 0.0000e+00 [ 0.0000e+00 ] 1.0000e+00
 7.435e+01 4.2179e-24 4.2179e-24 [ 3.3720e-211 7.1723e-53 4.2179e-24 ] 0.0000e+00 [ 0.0000e+00 ] 1.0000e+00
 7.446e+01 3.5182e-24 3.5182e-24 [ 1.2719e-211 4.8012e-53 3.5182e-24 ] 0.0000e+00 [ 0.0000e+00 ] 1.0000e+00
 7.457e+01 2.9336e-24 2.9336e-24 [ 4.7949e-212 3.2106e-53 2.9336e-24 ] 0.0000e+00 [ 0.0000e+00 ] 1.0000e+00
 7.469e+01 2.4455e-24 2.4455e-24 [ 1.8063e-212 2.1446e-53 2.4455e-24 ] 0.0000e+00 [ 0.0000e+00 ] 1.0000e+00
 7.480e+01 2.0379e-24 2.0379e-24 [ 6.8002e-213 1.4309e-53 2.0379e-24 ] 0.0000e+00 [ 0.0000e+00 ] 1.0000e+00
 7.491e+01 1.6977e-24 1.6977e-24 [ 2.5582e-213 9.5365e-54 1.6977e-24 ] 0.0000e+00 [ 0.0000e+00 ] 1.0000e+00
 7.503e+01 1.4139e-24 1.4139e-24 [ 9.6171e-214 6.3483e-54 1.4139e-24 ] 0.0000e+00 [ 0.0000e+00 ] 1.0000e+00
 7.514e+01 1.1771e-24 1.1771e-24 [ 3.6126e-214 4.2210e-54 1.1771e-24 ] 0.0000e+00 [ 0.0000e+00 ] 1.0000e+00
 7.525e+01 9.7970e-25 9.7970e-25 [ 1.3560e-214 2.8031e-54 9.7970e-25 ] 0.0000e+00 [ 0.0000e+00 ] 1.0000e+00
 7.537e+01 8.1513e-25 8.1513e-25 [ 5.0857e-215 1.8592e-54 8.1513e-25 ] 0.0000e+00 [ 0.0000e+00 ] 1.0000e+00
 7.548e+01 6.7799e-25 6.7799e-25 [ 1.9058e-215 1.2315e-54 6.7799e-25 ] 0.0000e+00 [ 0.0000e+00 ] 1.0000e+00
 7.559e+01 5.6373e-25 5.6373e-25 [ 7.1354e-216 8.1469e-55 5.6373e-25 ] 0.0000e+00 [ 0.0000e+00 ] 1.0000e+00
 7.571e+01 4.6858e-25 4.6858e-25 [ 2.6691e-216 5.3822e-55 4.6858e-25 ] 0.0000e+00 [ 0.0000e+00 ] 1.0000e+00
 7.582e+01 3.8935e-25 3.8935e-25 [ 9.9749e-217 3.5507e-55 3.8935e-25 ] 0.0000e+00 [ 0.0000e+00 ] 1.0000e+00
 7.593e+01 3.2341e-25 3.2341e-25 [ 3.7241e-217 2.3391e-55 3.2341e-25 ] 0.0000e+00 [ 0.0000e+00 ] 1.0000e+00
 7.605e+01 2.6855e-25 2.6855e-25 [ 1.3890e-217 1.5386e-55 2.6855e-25 ] 0.0000e+00 [ 0.0000e+00 ] 1.0000e+00
 7.616e+01 2.2291e-25 2.2291e-25 [ 5.1747e-218 1.0106e-55 2.2291e-25 ] 0.0000e+00 [ 0.0000e+00 ] 1.0000e+00
 7.627e+01 1.8496e-25 1.8496e-25 [ 1.9257e-218 6.6266e-56 1.8496e-25 ] 0.0000e+00 [ 0.0000e+00 ] 1.0000e+00
 7.639e+01 1.5341e-25 1.5341e-25 [ 7.1576e-219 4.3382e-56 1.5341e-25 ] 0.0000e+00 [ 0.0000e+00 ] 1.0000e+00
 7.650e+01 1.2720e-25 1.2720e-25 [ 2.6571e-219 2.8352e-56 1.2720e-25 ] 0.0000e+00 [ 0.0000e+00 ] 1.0000e+00
 7.661e+01 1.0542e-25 1.0542e-25 [ 9.8507e-220 1.8496e-56 1.0542e-25 ] 0.0000e+00 [ 0.0000e+00 ] 1.0000e+00
 7.673e+01 8.7327e-26 8.7327e-26 [ 3.6468e-220 1.2043e-56 8.7327e-26 ] 0.0000e+00 [ 0.0000e+00 ] 1.0000e+00
 7.684e+01 7.2308e-26 7.2308e-26 [ 1.3481e-220 7.8268e-57 7.2308e-26 ] 0.0000e+00 [ 0.0000e+00 ] 1.0000e+00
 7.695e+01 5.9841e-26 5.9841e-26 [ 4.9754e-221 5.0760e-57 5.9841e-26 ] 0.0000e+00 [ 0.0000e+00 ] 1.0000e+00
 7.707e+01 4.9497e-26 4.9497e-26 [ 1.8331e-221 3.2849e-57 4.9497e-26 ] 0.0000e+00 [ 0.0000e+00 ] 1.0000e+00
 7.718e+01 4.0917e-26 4.0917e-26 [ 6.7418e-222 2.1209e-57 4.0917e-26 ] 0.0000e+00 [ 0.0000e+00 ] 1.0000e+00
 7.729e+01 3.3801e-26 3.3801e-26 [ 2.4746e-222 1.3661e-57 3.3801e-26 ] 0.0000e+00 [ 0.0000e+00 ] 1.0000e+00
 7.741e+01 2.7902e-26 2.7902e-26 [ 9.0640e-223 8.7763e-58 2.7902e-26 ] 0.0000e+00 [ 0.0000e+00 ] 1.0000e+00
 7.752e+01 2.3013e-26 2.3013e-26 [ 3.3124e-223 5.6227e-58 2.3013e-26 ] 0.0000e+00 [ 0.0000e+00 ] 1.0000e+00
 7.763e+01 1.8961e-26 1.8961e-26 [ 1.2075e-223 3.5917e-58 1.8961e-26 ] 0.0000e+00 [ 0.0000e+00 ] 1.0000e+00
 7.775e+01 1.5606e-26 1.5606e-26 [ 4.3897e-224 2.2869e-58 1.5606e-26 ] 0.0000e+00 [ 0.0000e+00 ] 1.0000e+00
 7.786e+01 1.2827e-26 1.2827e-26 [ 1.5911e-224 1.4512e-58 1.2827e-26 ] 0.0000e+00 [ 0.0000e+00 ] 1.0000e+00
 7.797e+01 1.0526e-26 1.0526e-26 [ 5.7479e-225 9.1733e-59 1.0526e-26 ] 0.0000e+00 [ 0.0000e+00 ] 1.0000e+00
 7.809e+01 8.6207e-27 8.6207e-27 [ 2.0689e-225 5.7747e-59 8.6207e-27 ] 0.0000e+00 [ 0.0000e+00 ] 1.0000e+00
 7.820e+01 7.0438e-27 7.0438e-27 [ 7.4157e-226 3.6185e-59 7.0438e-27 ] 0.0000e+00 [ 0.0000e+00 ] 1.0000e+00
 7.831e+01 5.7385e-27 5.7385e-27 [ 2.6457e-226 2.2558e-59 5.7385e-27 ] 0.0000e+00 [ 0.0000e+00 ] 1.0000e+00
 7.843e+01 4.6580e-27 4.6580e-27 [ 9.3890e-227 1.3981e-59 4.6580e-27 ] 0.0000e+00 [ 0.0000e+00 ] 1.0000e+00
 7.854e+01 3.7632e-27 3.7632e-27 [ 3.3115e-227 8.6077e-60 3.7632e-27 ] 0.0000e+00 [ 0.0000e+00 ] 1.0000e+00
 7.865e+01 3.0220e-27 3.0220e-27 [ 1.1596e-227 5.2589e-60 3.0220e-27 ] 0.0000e+00 [ 0.0000e+00 ] 1.0000e+00
 7.877e+01 2.4076e-27 2.4076e-27 [ 4.0261e-228 3.1839e-60 2.4076e-27 ] 0.0000e+00 [ 0.0000e+00 ] 1.0000e+00
 7.888e+01 1.8979e-27 1.8979e-27 [ 1.3836e-228 1.9066e-60 1.8979e-27 ] 0.0000e+00 [ 0.0000e+00 ] 1.0000e+00
 7.899e+01 1.4748e-27 1.4748e-27 [ 4.6949e-229 1.1264e-60 1.4748e-27 ] 0.0000e+00 [ 0.0000e+00 ] 1.0000e+00
 7.911e+01 1.1233e-27 1.1233e-27 [ 1.5679e-229 6.5399e-61 1.1233e-27 ] 0.0000e+00 [ 0.0000e+00 ] 1.0000e+00
 7.922e+01 8.3143e-28 8.3143e-28 [ 5.1282e-230 3.7086e-61 8.3143e-28 ] 0.0000e+00 [ 0.0000e+00 ] 1.0000e+00
 7.933e+01 5.8995e-28 5.8995e-28 [ 1.6303e-230 2.0327e-61 5.8995e-28 ] 0.0000e+00 [ 0.0000e+00 ] 1.0000e+00
 7.945e+01 3.9201e-28 3.9201e-28 [ 4.9726e-231 1.0561e-61 3.9201e-28 ] 0.0000e+00 [ 0.0000e+00 ] 1.0000e+00
 7.956e+01 2.3340e-28 2.3340e-28 [ 1.4184e-231 4.9937e-62 2.3340e-28 ] 0.0000e+00 [ 0.0000e+00 ] 1.0000e+00
 7.967e+01 1.1286e-28 1.1286e-28 [ 3.5400e-232 1.9462e-62 1.1286e-28 ] 0.0000e+00 [ 0.0000e+00 ] 1.0000e+00
 7.979e+01 3.2714e-29 3.2714e-29 [ 5.8913e-233 4.4816e-63 3.2714e-29 ] 0.0000e+00 [ 0.0000e+00 ] 1.0000e+00
 7.990e+01 0.0000e+00 0.0000e+00 [ 0.0000e+00 0.0000e+00 0.0000e+00 ] 0.0000e+00 [ 0.0000e+00 ] 1.0000e+00
