 0.000e+00 0.0000e+00 0.0000e+00 [ 0.0000e+00 0.0000e+00 0.0000e+00 0.0000e+00 ] 0.0000e+00 [ 0.0000e+00 ] 1.0000e+00
 1.133e-01 3.1974e-03 3.1974e-03 [ 3.0037e-03 4.4380e-05 1.0421e-04 4.5111e-05 ] 0.0000e+00 [ 0.0000e+00 ] 9.9680e-01
 2.267e-01 6.2313e-03 6.2313e-03 [ 5.4776e-03 1.7466e-04 4.0623e-04 1.7278e-04 ] 0.0000e+00 [ 0.0000e+00 ] 9.9377e-01
 3.400e-01 9.1725e-03 9.1725e-03 [ 7.5454e-03 3.8232e-04 8.7545e-04 3.6939e-04 ] 0.0000e+00 [ 0.0000e+00 ] 9.9083e-01
 4.533e-01 1.2037e-02 1.2037e-02 [ 9.2978e-03 6.5388e-04 1.4660e-03 6.1916e-04 ] 0.0000e+00 [ 0.0000e+00 ] 9.8796e-01
 5.667e-01 1.4792e-02 1.4792e-02 [ 1.0790e-02 9.7236e-04 2.1241e-03 9.0515e-04 ] 0.0000e+00 [ 0.0000e+00 ] 9.8521e-01
 6.800e-01 1.7381e-02 1.7381e-02 [ 1.2056e-02 1.3191e-03 2.7958e-03 1.2106e-03 ] 0.0000e+00 [ 0.0000e+00 ] 9.8262e-01
 7.933e-01 1.9745e-02 1.9745e-02 [ 1.3115e-02 1.6756e-03 3.4345e-03 1.5198e-03 ] 0.0000e+00 [ 0.0000e+00 ] 9.8026e-01
 9.067e-01 2.1828e-02 2.1828e-02 [ 1.3979e-02 2.0253e-03 4.0044e-03 1.8194e-03 ] 0.0000e+00 [ 0.0000e+00 ] 9.7817e-01
 1.020e+00 2.3590e-02 2.3590e-02 [ 1.4654e-02 2.3544e-03 4.4831e-03 2.0987e-03 ] 0.0000e+00 [ 0.0000e+00 ] 9.7641e-01
 1.133e+00 2.5010e-02 2.5010e-02 [ 1.5147e-02 2.6526e-03 4.8607e-03 2.3497e-03 ] 0.0000e+00 [ 0.0000e+00 ] 9.7499e-01
 1.247e+00 2.6084e-02 2.6084e-02 [ 1.5466e-02 2.9132e-03 5.1375e-03 2.5676e-03 ] 0.0000e+00 [ 0.0000e+00 ] 9.7392e-01
 1.360e+00 2.6823e-02 2.6823e-02 [ 1.5618e-02 3.1331e-03 5.3215e-03 2.7501e-03 ] 0.0000e+00 [ 0.0000e+00 ] 9.7318e-01
 1.473e+00 2.7250e-02 2.7250e-02 [ 1.5617e-02 3.3116e-03 5.4251e-03 2.8970e-03 ] 0.0000e+00 [ 0.0000e+00 ] 9.7275e-01
 1.587e+00 2.7400e-02 2.7400e-02 [ 1.5477e-02 3.4504e-03 5.4627e-03 3.0098e-03 ] 0.0000e+00 [ 0.0000e+00 ] 9.7260e-01
 1.700e+00 2.7308e-02 2.7308e-02 [ 1.5215e-02 3.5528e-03 5.4492e-03 3.0913e-03 ] 0.0000e+00 [ 0.0000e+00 ] 9.7269e-01
 1.813e+00 2.7016e-02 2.7016e-02 [ 1.4850e-02 3.6228e-03 5.3981e-03 3.1450e-03 ] 0.0000e+00 [ 0.0000e+00 ] 9.7298e-01
 1.927e+00 2.6563e-02 2.6563e-02 [ 1.4402e-02 3.6653e-03 5.3214e-03 3.1747e-03 ] 0.0000e+00 [ 0.0000e+00 ] 9.7344e-01
 2.040e+00 2.5987e-02 2.5987e-02 [ 1.3889e-02 3.6847e-03 5.2289e-03 3.1843e-03 ] 0.0000e+00 [ 0.0000e+00 ] 9.7401e-01
 2.153e+00 2.5321e-02 2.5321e-02 [ 1.3329e-02 3.6858e-03 5.1284e-03 3.1775e-03 ] 0.0000e+00 [ 0.0000e+00 ] 9.7468e-01
 2.267e+00 2.4596e-02 2.4596e-02 [ 1.2740e-02 3.6725e-03 5.0258e-03 3.1578e-03 ] 0.0000e+00 [ 0.0000e+00 ] 9.7540e-01
 2.380e+00 2.3838e-02 2.3838e-02 [ 1.2136e-02 3.6487e-03 4.9255e-03 3.1283e-03 ] 0.0000e+00 [ 0.0000e+00 ] 9.7616e-01
 2.493e+00 2.3068e-02 2.3068e-02 [ 1.1528e-02 3.6175e-03 4.8305e-03 3.0917e-03 ] 0.0000e+00 [ 0.0000e+00 ] 9.7693e-01
 2.607e+00 2.2303e-02 2.2303e-02 [ 1.0929e-02 3.5813e-03 4.7425e-03 3.0502e-03 ] 0.0000e+00 [ 0.0000e+00 ] 9.7770e-01
 2.720e+00 2.1555e-02 2.1555e-02 [ 1.0344e-02 3.5424e-03 4.6628e-03 3.0057e-03 ] 0.0000e+00 [ 0.0000e+00 ] 9.7845e-01
 2.833e+00 2.0833e-02 2.0833e-02 [ 9.7797e-03 3.5024e-03 4.5916e-03 2.9596e-03 ] 0.0000e+00 [ 0.0000e+00 ] 9.7917e-01
 2.947e+00 2.0145e-02 2.0145e-02 [ 9.2405e-03 3.4624e-03 4.5291e-03 2.9132e-03 ] 0.0000e+00 [ 0.0000e+00 ] 9.7985e-01
 3.060e+00 1.9494e-02 1.9494e-02 [ 8.7285e-03 3.4233e-03 4.4748e-03 2.8674e-03 ] 0.0000e+00 [ 0.0000e+00 ] 9.8051e-01
 3.173e+00 1.8881e-02 1.8881e-02 [ 8.2449e-03 3.3856e-03 4.4282e-03 2.8228e-03 ] 0.0000e+00 [ 0.0000e+00 ] 9.8112e-01
 3.287e+00 1.8308e-02 1.8308e-02 [ 7.7896e-03 3.3497e-03 4.3885e-03 2.7799e-03 ] 0.0000e+00 [ 0.0000e+00 ] 9.8169e-01
 3.400e+00 1.7772e-02 1.7772e-02 [ 7.3623e-03 3.3156e-03 4.3551e-03 2.7391e-03 ] 0.0000e+00 [ 0.0000e+00 ] 9.8223e-01
 3.513e+00 1.7273e-02 1.7273e-02 [ 6.9617e-03 3.2833e-03 4.3271e-03 2.7005e-03 ] 0.0000e+00 [ 0.0000e+00 ] 9.8273e-01
 3.627e+00 1.6807e-02 1.6807e-02 [ 6.5864e-03 3.2528e-03 4.3036e-03 2.6643e-03 ] 0.0000e+00 [ 0.0000e+00 ] 9.8319e-01
 3.740e+00 1.6373e-02 1.6373e-02 [ 6.2347e-03 3.2237e-03 4.2841e-03 2.6304e-03 ] 0.0000e+00 [ 0.0000e+00 ] 9.8363e-01
 3.853e+00 1.5967e-02 1.5967e-02 [ 5.9050e-03 3.1959e-03 4.2676e-03 2.5989e-03 ] 0.0000e+00 [ 0.0000e+00 ] 9.8403e-01
 3.967e+00 1.5588e-02 1.5588e-02 [ 5.5954e-03 3.1692e-03 4.2537e-03 2.5697e-03 ] 0.0000e+00 [ 0.0000e+00 ] 9.8441e-01
 4.080e+00 1.5232e-02 1.5232e-02 [ 5.3044e-03 3.1432e-03 4.2416e-03 2.5427e-03 ] 0.0000e+00 [ 0.0000e+00 ] 9.8477e-01
 4.193e+00 1.4897e-02 1.4897e-02 [ 5.0303e-03 3.1177e-03 4.2310e-03 2.5178e-03 ] 0.0000e+00 [ 0.0000e+00 ] 9.8510e-01
 4.307e+00 1.4580e-02 1.4580e-02 [ 4.7718e-03 3.0925e-03 4.2213e-03 2.4948e-03 ] 0.0000e+00 [ 0.0000e+00 ] 9.8542e-01
 4.420e+00 1.4281e-02 1.4281e-02 [ 4.5274e-03 3.0674e-03 4.2122e-03 2.4735e-03 ] 0.0000e+00 [ 0.0000e+00 ] 9.8572e-01
 4.533e+00 1.3996e-02 1.3996e-02 [ 4.2960e-03 3.0424e-03 4.2034e-03 2.4540e-03 ] 0.0000e+00 [ 0.0000e+00 ] 9.8600e-01
 4.647e+00 1.3724e-02 1.3724e-02 [ 4.0764e-03 3.0171e-03 4.1946e-03 2.4359e-03 ] 0.0000e+00 [ 0.0000e+00 ] 9.8628e-01
 4.760e+00 1.3464e-02 1.3464e-02 [ 3.8679e-03 2.9916e-03 4.1857e-03 2.4192e-03 ] 0.0000e+00 [ 0.0000e+00 ] 9.8654e-01
 4.873e+00 1.3215e-02 1.3215e-02 [ 3.6695e-03 2.9657e-03 4.1763e-03 2.4038e-03 ] 0.0000e+00 [ 0.0000e+00 ] 9.8678e-01
 4.987e+00 1.2976e-02 1.2976e-02 [ 3.4804e-03 2.9394e-03 4.1665e-03 2.3894e-03 ] 0.0000e+00 [ 0.0000e+00 ] 9.8702e-01
 5.100e+00 1.2745e-02 1.2745e-02 [ 3.3000e-03 2.9126e-03 4.1562e-03 2.3761e-03 ] 0.0000e+00 [ 0.0000e+00 ] 9.8726e-01
 5.213e+00 1.2522e-02 1.2522e-02 [ 3.1278e-03 2.8854e-03 4.1452e-03 2.3636e-03 ] 0.0000e+00 [ 0.0000e+00 ] 9.8748e-01
 5.327e+00 1.2306e-02 1.2306e-02 [ 2.9632e-03 2.8577e-03 4.1336e-03 2.3518e-03 ] 0.0000e+00 [ 0.0000e+00 ] 9.8769e-01
 5.440e+00 1.2097e-02 1.2097e-02 [ 2.8058e-03 2.8295e-03 4.1213e-03 2.3407e-03 ] 0.0000e+00 [ 0.0000e+00 ] 9.8790e-01
 5.553e+00 1.1895e-02 1.1895e-02 [ 2.6551e-03 2.8008e-03 4.1084e-03 2.3302e-03 ] 0.0000e+00 [ 0.0000e+00 ] 9.8811e-01
 5.667e+00 1.1697e-02 1.1697e-02 [ 2.5108e-03 2.7716e-03 4.0948e-03 2.3203e-03 ] 0.0000e+00 [ 0.0000e+00 ] 9.8830e-01
 5.780e+00 1.1506e-02 1.1506e-02 [ 2.3726e-03 2.7419e-03 4.0806e-03 2.3107e-03 ] 0.0000e+00 [ 0.0000e+00 ] 9.8849e-01
 5.893e+00 1.1319e-02 1.1319e-02 [ 2.2401e-03 2.7117e-03 4.0657e-03 2.3015e-03 ] 0.0000e+00 [ 0.0000e+00 ] 9.8868e-01
 6.007e+00 1.1137e-02 1.1137e-02 [ 2.1132e-03 2.6809e-03 4.0503e-03 2.2926e-03 ] 0.0000e+00 [ 0.0000e+00 ] 9.8886e-01
 6.120e+00 1.0960e-02 1.0960e-02 [ 1.9916e-03 2.6497e-03 4.0343e-03 2.2839e-03 ] 0.0000e+00 [ 0.0000e+00 ] 9.8904e-01
 6.233e+00 1.0786e-02 1.0786e-02 [ 1.8751e-03 2.6179e-03 4.0179e-03 2.2754e-03 ] 0.0000e+00 [ 0.0000e+00 ] 9.8921e-01
 6.347e+00 1.0617e-02 1.0617e-02 [ 1.7635e-03 2.5856e-03 4.0010e-03 2.2671e-03 ] 0.0000e+00 [ 0.0000e+00 ] 9.8938e-01
 6.460e+00 1.0452e-02 1.0452e-02 [ 1.6566e-03 2.5527e-03 3.9836e-03 2.2589e-03 ] 0.0000e+00 [ 0.0000e+00 ] 9.8955e-01
 6.573e+00 1.0290e-02 1.0290e-02 [ 1.5543e-03 2.5192e-03 3.9658e-03 2.2509e-03 ] 0.0000e+00 [ 0.0000e+00 ] 9.8971e-01
 6.687e+00 1.0132e-02 1.0132e-02 [ 1.4564e-03 2.4851e-03 3.9477e-03 2.2428e-03 ] 0.0000e+00 [ 0.0000e+00 ] 9.8987e-01
 6.800e+00 9.9774e-03 9.9774e-03 [ 1.3628e-03 2.4504e-03 3.9293e-03 2.2349e-03 ] 0.0000e+00 [ 0.0000e+00 ] 9.9002e-01
 6.913e+00 9.8259e-03 9.8259e-03 [ 1.2734e-03 2.4150e-03 3.9106e-03 2.2269e-03 ] 0.0000e+00 [ 0.0000e+00 ] 9.9017e-01
 7.027e+00 9.6775e-03 9.6775e-03 [ 1.1881e-03 2.3789e-03 3.8916e-03 2.2190e-03 ] 0.0000e+00 [ 0.0000e+00 ] 9.9032e-01
 7.140e+00 9.5321e-03 9.5321e-03 [ 1.1067e-03 2.3421e-03 3.8723e-03 2.2110e-03 ] 0.0000e+00 [ 0.0000e+00 ] 9.9047e-01
 7.253e+00 9.3896e-03 9.3896e-03 [ 1.0292e-03 2.3045e-03 3.8529e-03 2.2030e-03 ] 0.0000e+00 [ 0.0000e+00 ] 9.9061e-01
 7.367e+00 9.2499e-03 9.2499e-03 [ 9.5549e-04 2.2661e-03 3.8332e-03 2.1950e-03 ] 0.0000e+00 [ 0.0000e+00 ] 9.9075e-01
 7.480e+00 9.1128e-03 9.1128e-03 [ 8.8545e-04 2.2270e-03 3.8134e-03 2.1870e-03 ] 0.0000e+00 [ 0.0000e+00 ] 9.9089e-01
 7.593e+00 8.9783e-03 8.9783e-03 [ 8.1901e-04 2.1870e-03 3.7934e-03 2.1789e-03 ] 0.0000e+00 [ 0.0000e+00 ] 9.9102e-01
 7.707e+00 8.8463e-03 8.8463e-03 [ 7.5608e-04 2.1461e-03 3.7732e-03 2.1708e-03 ] 0.0000e+00 [ 0.0000e+00 ] 9.9115e-01
 7.820e+00 8.7166e-03 8.7166e-03 [ 6.9658e-04 2.1044e-03 3.7529e-03 2.1627e-03 ] 0.0000e+00 [ 0.0000e+00 ] 9.9128e-01
 7.933e+00 8.5893e-03 8.5893e-03 [ 6.4042e-04 2.0619e-03 3.7325e-03 2.1545e-03 ] 0.0000e+00 [ 0.0000e+00 ] 9.9141e-01
 8.047e+00 8.4642e-03 8.4642e-03 [ 5.8751e-04 2.0185e-03 3.7119e-03 2.1462e-03 ] 0.0000e+00 [ 0.0000e+00 ] 9.9154e-01
 8.160e+00 8.3412e-03 8.3412e-03 [ 5.3777e-04 1.9743e-03 3.6912e-03 2.1379e-03 ] 0.0000e+00 [ 0.0000e+00 ] 9.9166e-01
 8.273e+00 8.2203e-03 8.2203e-03 [ 4.9110e-04 1.9293e-03 3.6704e-03 2.1296e-03 ] 0.0000e+00 [ 0.0000e+00 ] 9.9178e-01
 8.387e+00 8.1014e-03 8.1014e-03 [ 4.4741e-04 1.8835e-03 3.6494e-03 2.1212e-03 ] 0.0000e+00 [ 0.0000e+00 ] 9.9190e-01
 8.500e+00 7.9844e-03 7.9844e-03 [ 4.0661e-04 1.8369e-03 3.6282e-03 2.1127e-03 ] 0.0000e+00 [ 0.0000e+00 ] 9.9202e-01
 8.613e+00 7.8693e-03 7.8693e-03 [ 3.6860e-04 1.7896e-03 3.6069e-03 2.1042e-03 ] 0.0000e+00 [ 0.0000e+00 ] 9.9213e-01
 8.727e+00 7.7559e-03 7.7559e-03 [ 3.3327e-04 1.7416e-03 3.5854e-03 2.0956e-03 ] 0.0000e+00 [ 0.0000e+00 ] 9.9224e-01
 8.840e+00 7.6442e-03 7.6442e-03 [ 3.0053e-04 1.6930e-03 3.5637e-03 2.0870e-03 ] 0.0000e+00 [ 0.0000e+00 ] 9.9236e-01
 8.953e+00 7.5341e-03 7.5341e-03 [ 2.7026e-04 1.6438e-03 3.5417e-03 2.0783e-03 ] 0.0000e+00 [ 0.0000e+00 ] 9.9247e-01
 9.067e+00 7.4257e-03 7.4257e-03 [ 2.4236e-04 1.5942e-03 3.5195e-03 2.0696e-03 ] 0.0000e+00 [ 0.0000e+00 ] 9.9257e-01
 9.180e+00 7.3187e-03 7.3187e-03 [ 2.1672e-04 1.5441e-03 3.4970e-03 2.0608e-03 ] 0.0000e+00 [ 0.0000e+00 ] 9.9268e-01
 9.293e+00 7.2132e-03 7.2132e-03 [ 1.9322e-04 1.4937e-03 3.4743e-03 2.0520e-03 ] 0.0000e+00 [ 0.0000e+00 ] 9.9279e-01
 9.407e+00 7.1091e-03 7.1091e-03 [ 1.7175e-04 1.4431e-03 3.4512e-03 2.0430e-03 ] 0.0000e+00 [ 0.0000e+00 ] 9.9289e-01
 9.520e+00 7.0063e-03 7.0063e-03 [ 1.5220e-04 1.3923e-03 3.4277e-03 2.0341e-03 ] 0.0000e+00 [ 0.0000e+00 ] 9.9299e-01
 9.633e+00 6.9047e-03 6.9047e-03 [ 1.3445e-04 1.3415e-03 3.4038e-03 2.0250e-03 ] 0.0000e+00 [ 0.0000e+00 ] 9.9310e-01
 9.747e+00 6.8044e-03 6.8044e-03 [ 1.1839e-04 1.2906e-03 3.3795e-03 2.0159e-03 ] 0.0000e+00 [ 0.0000e+00 ] 9.9320e-01
 9.860e+00 6.7052e-03 6.7052e-03 [ 1.0391e-04 1.2399e-03 3.3547e-03 2.0067e-03 ] 0.0000e+00 [ 0.0000e+00 ] 9.9329e-01
 9.973e+00 6.6072e-03 6.6072e-03 [ 9.0896e-05 1.1894e-03 3.3294e-03 1.9974e-03 ] 0.0000e+00 [ 0.0000e+00 ] 9.9339e-01
 1.009e+01 6.5102e-03 6.5102e-03 [ 7.9245e-05 1.1393e-03 3.3036e-03 1.9881e-03 ] 0.0000e+00 [ 0.0000e+00 ] 9.9349e-01
 1.020e+01 6.4142e-03 6.4142e-03 [ 6.8850e-05 1.0896e-03 3.2771e-03 1.9786e-03 ] 0.0000e+00 [ 0.0000e+00 ] 9.9359e-01
 1.031e+01 6.3191e-03 6.3191e-03 [ 5.9608e-05 1.0404e-03 3.2501e-03 1.9690e-03 ] 0.0000e+00 [ 0.0000e+00 ] 9.9368e-01
 1.043e+01 6.2250e-03 6.2250e-03 [ 5.1424e-05 9.9177e-04 3.2224e-03 1.9594e-03 ] 0.0000e+00 [ 0.0000e+00 ] 9.9378e-01
 1.054e+01 6.1317e-03 6.1317e-03 [ 4.4204e-05 9.4389e-04 3.1940e-03 1.9496e-03 ] 0.0000e+00 [ 0.0000e+00 ] 9.9387e-01
 1.065e+01 6.0393e-03 6.0393e-03 [ 3.7857e-05 8.9680e-04 3.1648e-03 1.9398e-03 ] 0.0000e+00 [ 0.0000e+00 ] 9.9396e-01
 1.077e+01 5.9476e-03 5.9476e-03 [ 3.2302e-05 8.5059e-04 3.1349e-03 1.9298e-03 ] 0.0000e+00 [ 0.0000e+00 ] 9.9405e-01
 1.088e+01 5.8567e-03 5.8567e-03 [ 2.7457e-05 8.0535e-04 3.1042e-03 1.9196e-03 ] 0.0000e+00 [ 0.0000e+00 ] 9.9414e-01
 1.099e+01 5.7664e-03 5.7664e-03 [ 2.3250e-05 7.6114e-04 3.0727e-03 1.9094e-03 ] 0.0000e+00 [ 0.0000e+00 ] 9.9423e-01
 1.111e+01 5.6769e-03 5.6769e-03 [ 1.9611e-05 7.1804e-04 3.0402e-03 1.8990e-03 ] 0.0000e+00 [ 0.0000e+00 ] 9.9432e-01
 1.122e+01 5.5879e-03 5.5879e-03 [ 1.6477e-05 6.7610e-04 3.0069e-03 1.8884e-03 ] 0.0000e+00 [ 0.0000e+00 ] 9.9441e-01
 1.133e+01 5.4995e-03 5.4995e-03 [ 1.3788e-05 6.3540e-04 2.9726e-03 1.8777e-03 ] 0.0000e+00 [ 0.0000e+00 ] 9.9450e-01
 1.145e+01 5.4117e-03 5.4117e-03 [ 1.1492e-05 5.9598e-04 2.9374e-03 1.8668e-03 ] 0.0000e+00 [ 0.0000e+00 ] 9.9459e-01
 1.156e+01 5.3244e-03 5.3244e-03 [ 9.5387e-06 5.5789e-04 2.9012e-03 1.8557e-03 ] 0.0000e+00 [ 0.0000e+00 ] 9.9468e-01
 1.167e+01 5.2375e-03 5.2375e-03 [ 7.8850e-06 5.2117e-04 2.8640e-03 1.8444e-03 ] 0.0000e+00 [ 0.0000e+00 ] 9.9476e-01
 1.179e+01 5.1511e-03 5.1511e-03 [ 6.4908e-06 4.8584e-04 2.8258e-03 1.8330e-03 ] 0.0000e+00 [ 0.0000e+00 ] 9.9485e-01
 1.190e+01 5.0650e-03 5.0650e-03 [ 5.3206e-06 4.5194e-04 2.7865e-03 1.8213e-03 ] 0.0000e+00 [ 0.0000e+00 ] 9.9493e-01
 1.201e+01 4.9793e-03 4.9793e-03 [ 4.3428e-06 4.1949e-04 2.7462e-03 1.8093e-03 ] 0.0000e+00 [ 0.0000e+00 ] 9.9502e-01
 1.213e+01 4.8940e-03 4.8940e-03 [ 3.5294e-06 3.8850e-04 2.7048e-03 1.7971e-03 ] 0.0000e+00 [ 0.0000e+00 ] 9.9511e-01
 1.224e+01 4.8089e-03 4.8089e-03 [ 2.8559e-06 3.5897e-04 2.6624e-03 1.7847e-03 ] 0.0000e+00 [ 0.0000e+00 ] 9.9519e-01
 1.235e+01 4.7240e-03 4.7240e-03 [ 2.3007e-06 3.3091e-04 2.6189e-03 1.7719e-03 ] 0.0000e+00 [ 0.0000e+00 ] 9.9528e-01
 1.247e+01 4.6393e-03 4.6393e-03 [ 1.8453e-06 3.0432e-04 2.5743e-03 1.7588e-03 ] 0.0000e+00 [ 0.0000e+00 ] 9.9536e-01
 1.258e+01 4.5548e-03 4.5548e-03 [ 1.4734e-06 2.7917e-04 2.5287e-03 1.7454e-03 ] 0.0000e+00 [ 0.0000e+00 ] 9.9545e-01
 1.269e+01 4.4703e-03 4.4703e-03 [ 1.1711e-06 2.5547e-04 2.4820e-03 1.7317e-03 ] 0.0000e+00 [ 0.0000e+00 ] 9.9553e-01
 1.281e+01 4.3859e-03 4.3859e-03 [ 9.2661e-07 2.3317e-04 2.4343e-03 1.7176e-03 ] 0.0000e+00 [ 0.0000e+00 ] 9.9561e-01
 1.292e+01 4.3016e-03 4.3016e-03 [ 7.2978e-07 2.1226e-04 2.3855e-03 1.7031e-03 ] 0.0000e+00 [ 0.0000e+00 ] 9.9570e-01
 1.303e+01 4.2172e-03 4.2172e-03 [ 5.7210e-07 1.9271e-04 2.3358e-03 1.6881e-03 ] 0.0000e+00 [ 0.0000e+00 ] 9.9578e-01
 1.315e+01 4.1327e-03 4.1327e-03 [ 4.4640e-07 1.7447e-04 2.2851e-03 1.6727e-03 ] 0.0000e+00 [ 0.0000e+00 ] 9.9587e-01
 1.326e+01 4.0481e-03 4.0481e-03 [ 3.4667e-07 1.5752e-04 2.2334e-03 1.6568e-03 ] 0.0000e+00 [ 0.0000e+00 ] 9.9595e-01
 1.337e+01 3.9634e-03 3.9634e-03 [ 2.6794e-07 1.4181e-04 2.1809e-03 1.6404e-03 ] 0.0000e+00 [ 0.0000e+00 ] 9.9604e-01
 1.349e+01 3.8784e-03 3.8784e-03 [ 2.0610e-07 1.2728e-04 2.1275e-03 1.6234e-03 ] 0.0000e+00 [ 0.0000e+00 ] 9.9612e-01
 1.360e+01 3.7932e-03 3.7932e-03 [ 1.5777e-07 1.1390e-04 2.0733e-03 1.6059e-03 ] 0.0000e+00 [ 0.0000e+00 ] 9.9621e-01
 1.371e+01 3.7077e-03 3.7077e-03 [ 1.2019e-07 1.0162e-04 2.0183e-03 1.5877e-03 ] 0.0000e+00 [ 0.0000e+00 ] 9.9629e-01
 1.383e+01 3.6219e-03 3.6219e-03 [ 9.1109e-08 9.0370e-05 1.9625e-03 1.5689e-03 ] 0.0000e+00 [ 0.0000e+00 ] 9.9638e-01
 1.394e+01 3.5358e-03 3.5358e-03 [ 6.8725e-08 8.0110e-05 1.9061e-03 1.5494e-03 ] 0.0000e+00 [ 0.0000e+00 ] 9.9646e-01
 1.405e+01 3.4492e-03 3.4492e-03 [ 5.1584e-08 7.0782e-05 1.8492e-03 1.5292e-03 ] 0.0000e+00 [ 0.0000e+00 ] 9.9655e-01
 1.417e+01 3.3623e-03 3.3623e-03 [ 3.8525e-08 6.2330e-05 1.7916e-03 1.5083e-03 ] 0.0000e+00 [ 0.0000e+00 ] 9.9664e-01
 1.428e+01 3.2749e-03 3.2749e-03 [ 2.8627e-08 5.4700e-05 1.7336e-03 1.4866e-03 ] 0.0000e+00 [ 0.0000e+00 ] 9.9673e-01
 1.439e+01 3.1872e-03 3.1872e-03 [ 2.1165e-08 4.7836e-05 1.6752e-03 1.4641e-03 ] 0.0000e+00 [ 0.0000e+00 ] 9.9681e-01
 1.451e+01 3.0989e-03 3.0989e-03 [ 1.5568e-08 4.1684e-05 1.6165e-03 1.4407e-03 ] 0.0000e+00 [ 0.0000e+00 ] 9.9690e-01
 1.462e+01 3.0103e-03 3.0103e-03 [ 1.1393e-08 3.6192e-05 1.5576e-03 1.4165e-03 ] 0.0000e+00 [ 0.0000e+00 ] 9.9699e-01
 1.473e+01 2.9213e-03 2.9213e-03 [ 8.2948e-09 3.1307e-05 1.4985e-03 1.3915e-03 ] 0.0000e+00 [ 0.0000e+00 ] 9.9708e-01
 1.485e+01 2.8319e-03 2.8319e-03 [ 6.0078e-09 2.6980e-05 1.4394e-03 1.3655e-03 ] 0.0000e+00 [ 0.0000e+00 ] 9.9717e-01
 1.496e+01 2.7422e-03 2.7422e-03 [ 4.3288e-09 2.3161e-05 1.3803e-03 1.3387e-03 ] 0.0000e+00 [ 0.0000e+00 ] 9.9726e-01
 1.507e+01 2.6521e-03 2.6521e-03 [ 3.1028e-09 1.9806e-05 1.3214e-03 1.3109e-03 ] 0.0000e+00 [ 0.0000e+00 ] 9.9735e-01
 1.519e+01 2.5619e-03 2.5619e-03 [ 2.2123e-09 1.6869e-05 1.2628e-03 1.2823e-03 ] 0.0000e+00 [ 0.0000e+00 ] 9.9744e-01
 1.530e+01 2.4715e-03 2.4715e-03 [ 1.5691e-09 1.4310e-05 1.2045e-03 1.2527e-03 ] 0.0000e+00 [ 0.0000e+00 ] 9.9753e-01
 1.541e+01 2.3811e-03 2.3811e-03 [ 1.1070e-09 1.2089e-05 1.1467e-03 1.2223e-03 ] 0.0000e+00 [ 0.0000e+00 ] 9.9762e-01
 1.553e+01 2.2907e-03 2.2907e-03 [ 7.7688e-10 1.0170e-05 1.0894e-03 1.1911e-03 ] 0.0000e+00 [ 0.0000e+00 ] 9.9771e-01
 1.564e+01 2.2004e-03 2.2004e-03 [ 5.4229e-10 8.5198e-06 1.0329e-03 1.1590e-03 ] 0.0000e+00 [ 0.0000e+00 ] 9.9780e-01
 1.575e+01 2.1105e-03 2.1105e-03 [ 3.7652e-10 7.1067e-06 9.7724e-04 1.1262e-03 ] 0.0000e+00 [ 0.0000e+00 ] 9.9789e-01
 1.587e+01 2.0210e-03 2.0210e-03 [ 2.6002e-10 5.9023e-06 9.2250e-04 1.0926e-03 ] 0.0000e+00 [ 0.0000e+00 ] 9.9798e-01
 1.598e+01 1.9320e-03 1.9320e-03 [ 1.7861e-10 4.8803e-06 8.6883e-04 1.0583e-03 ] 0.0000e+00 [ 0.0000e+00 ] 9.9807e-01
 1.609e+01 1.8438e-03 1.8438e-03 [ 1.2202e-10 4.0174e-06 8.1634e-04 1.0234e-03 ] 0.0000e+00 [ 0.0000e+00 ] 9.9816e-01
 1.621e+01 1.7564e-03 1.7564e-03 [ 8.2917e-11 3.2921e-06 7.6514e-04 9.8800e-04 ] 0.0000e+00 [ 0.0000e+00 ] 9.9824e-01
 1.632e+01 1.6702e-03 1.6702e-03 [ 5.6039e-11 2.6854e-06 7.1534e-04 9.5212e-04 ] 0.0000e+00 [ 0.0000e+00 ] 9.9833e-01
 1.643e+01 1.5851e-03 1.5851e-03 [ 3.7670e-11 2.1805e-06 6.6705e-04 9.1587e-04 ] 0.0000e+00 [ 0.0000e+00 ] 9.9841e-01
 1.655e+01 1.5015e-03 1.5015e-03 [ 2.5185e-11 1.7623e-06 6.2036e-04 8.7934e-04 ] 0.0000e+00 [ 0.0000e+00 ] 9.9850e-01
 1.666e+01 1.4194e-03 1.4194e-03 [ 1.6747e-11 1.4176e-06 5.7535e-04 8.4263e-04 ] 0.0000e+00 [ 0.0000e+00 ] 9.9858e-01
 1.677e+01 1.3391e-03 1.3391e-03 [ 1.1076e-11 1.1349e-06 5.3212e-04 8.0585e-04 ] 0.0000e+00 [ 0.0000e+00 ] 9.9866e-01
 1.689e+01 1.2607e-03 1.2607e-03 [ 7.2858e-12 9.0432e-07 4.9072e-04 7.6909e-04 ] 0.0000e+00 [ 0.0000e+00 ] 9.9874e-01
 1.700e+01 1.1844e-03 1.1844e-03 [ 4.7667e-12 7.1711e-07 4.5121e-04 7.3248e-04 ] 0.0000e+00 [ 0.0000e+00 ] 9.9882e-01
 1.711e+01 1.1103e-03 1.1103e-03 [ 3.1019e-12 5.6592e-07 4.1365e-04 6.9611e-04 ] 0.0000e+00 [ 0.0000e+00 ] 9.9889e-01
 1.723e+01 1.0386e-03 1.0386e-03 [ 2.0076e-12 4.4444e-07 3.7806e-04 6.6011e-04 ] 0.0000e+00 [ 0.0000e+00 ] 9.9896e-01
 1.734e+01 9.6939e-04 9.6939e-04 [ 1.2924e-12 3.4735e-07 3.4446e-04 6.2458e-04 ] 0.0000e+00 [ 0.0000e+00 ] 9.9903e-01
 1.745e+01 9.0276e-04 9.0276e-04 [ 8.2756e-13 2.7014e-07 3.1287e-04 5.8963e-04 ] 0.0000e+00 [ 0.0000e+00 ] 9.9910e-01
 1.757e+01 8.3883e-04 8.3883e-04 [ 5.2708e-13 2.0907e-07 2.8327e-04 5.5535e-04 ] 0.0000e+00 [ 0.0000e+00 ] 9.9916e-01
 1.768e+01 7.7767e-04 7.7767e-04 [ 3.3392e-13 1.6101e-07 2.5565e-04 5.2186e-04 ] 0.0000e+00 [ 0.0000e+00 ] 9.9922e-01
 1.779e+01 7.1932e-04 7.1932e-04 [ 2.1042e-13 1.2340e-07 2.2997e-04 4.8923e-04 ] 0.0000e+00 [ 0.0000e+00 ] 9.9928e-01
 1.791e+01 6.6384e-04 6.6384e-04 [ 1.3190e-13 9.4104e-08 2.0620e-04 4.5755e-04 ] 0.0000e+00 [ 0.0000e+00 ] 9.9934e-01
 1.802e+01 6.1124e-04 6.1124e-04 [ 8.2251e-14 7.1415e-08 1.8427e-04 4.2690e-04 ] 0.0000e+00 [ 0.0000e+00 ] 9.9939e-01
 1.813e+01 5.6153e-04 5.6153e-04 [ 5.1021e-14 5.3932e-08 1.6413e-04 3.9734e-04 ] 0.0000e+00 [ 0.0000e+00 ] 9.9944e-01
 1.825e+01 5.1468e-04 5.1468e-04 [ 3.1485e-14 4.0531e-08 1.4571e-04 3.6893e-04 ] 0.0000e+00 [ 0.0000e+00 ] 9.9949e-01
 1.836e+01 4.7067e-04 4.7067e-04 [ 1.9329e-14 3.0312e-08 1.2893e-04 3.4171e-04 ] 0.0000e+00 [ 0.0000e+00 ] 9.9953e-01
 1.847e+01 4.2945e-04 4.2945e-04 [ 1.1806e-14 2.2560e-08 1.1370e-04 3.1573e-04 ] 0.0000e+00 [ 0.0000e+00 ] 9.9957e-01
 1.859e+01 3.9096e-04 3.9096e-04 [ 7.1740e-15 1.6710e-08 9.9932e-05 2.9101e-04 ] 0.0000e+00 [ 0.0000e+00 ] 9.9961e-01
 1.870e+01 3.5512e-04 3.5512e-04 [ 4.3374e-15 1.2318e-08 8.7542e-05 2.6756e-04 ] 0.0000e+00 [ 0.0000e+00 ] 9.9964e-01
 1.881e+01 3.2185e-04 3.2185e-04 [ 2.6093e-15 9.0370e-09 7.6435e-05 2.4540e-04 ] 0.0000e+00 [ 0.0000e+00 ] 9.9968e-01
 1.893e+01 2.9105e-04 2.9105e-04 [ 1.5619e-15 6.5987e-09 6.6517e-05 2.2453e-04 ] 0.0000e+00 [ 0.0000e+00 ] 9.9971e-01
 1.904e+01 2.6263e-04 2.6263e-04 [ 9.3029e-16 4.7958e-09 5.7696e-05 2.0492e-04 ] 0.0000e+00 [ 0.0000e+00 ] 9.9974e-01
 1.915e+01 2.3646e-04 2.3646e-04 [ 5.5140e-16 3.4693e-09 4.9882e-05 1.8658e-04 ] 0.0000e+00 [ 0.0000e+00 ] 9.9976e-01
 1.927e+01 2.1245e-04 2.1245e-04 [ 3.2524e-16 2.4982e-09 4.2987e-05 1.6946e-04 ] 0.0000e+00 [ 0.0000e+00 ] 9.9979e-01
 1.938e+01 1.9046e-04 1.9046e-04 [ 1.9092e-16 1.7907e-09 3.6926e-05 1.5354e-04 ] 0.0000e+00 [ 0.0000e+00 ] 9.9981e-01
 1.949e+01 1.7040e-04 1.7040e-04 [ 1.1154e-16 1.2778e-09 3.1618e-05 1.3878e-04 ] 0.0000e+00 [ 0.0000e+00 ] 9.9983e-01
 1.961e+01 1.5212e-04 1.5212e-04 [ 6.4858e-17 9.0772e-10 2.6989e-05 1.2513e-04 ] 0.0000e+00 [ 0.0000e+00 ] 9.9985e-01
 1.972e+01 1.3553e-04 1.3553e-04 [ 3.7537e-17 6.4198e-10 2.2965e-05 1.1257e-04 ] 0.0000e+00 [ 0.0000e+00 ] 9.9986e-01
 1.983e+01 1.2050e-04 1.2050e-04 [ 2.1624e-17 4.5207e-10 1.9481e-05 1.0102e-04 ] 0.0000e+00 [ 0.0000e+00 ] 9.9988e-01
 1.995e+01 1.0692e-04 1.0692e-04 [ 1.2401e-17 3.1696e-10 1.6475e-05 9.0445e-05 ] 0.0000e+00 [ 0.0000e+00 ] 9.9989e-01
 2.006e+01 9.4680e-05 9.4680e-05 [ 7.0790e-18 2.2129e-10 1.3891e-05 8.0789e-05 ] 0.0000e+00 [ 0.0000e+00 ] 9.9991e-01
 2.017e+01 8.3674e-05 8.3674e-05 [ 4.0231e-18 1.5384e-10 1.1677e-05 7.1997e-05 ] 0.0000e+00 [ 0.0000e+00 ] 9.9992e-01
 2.029e+01 7.3802e-05 7.3802e-05 [ 2.2762e-18 1.0651e-10 9.7871e-06 6.4015e-05 ] 0.0000e+00 [ 0.0000e+00 ] 9.9993e-01
 2.040e+01 6.4968e-05 6.4968e-05 [ 1.2822e-18 7.3442e-11 8.1792e-06 5.6788e-05 ] 0.0000e+00 [ 0.0000e+00 ] 9.9994e-01
 2.051e+01 5.7080e-05 5.7080e-05 [ 7.1917e-19 5.0435e-11 6.8159e-06 5.0264e-05 ] 0.0000e+00 [ 0.0000e+00 ] 9.9994e-01
 2.063e+01 5.0054e-05 5.0054e-05 [ 4.0164e-19 3.4497e-11 5.6637e-06 4.4391e-05 ] 0.0000e+00 [ 0.0000e+00 ] 9.9995e-01
 2.074e+01 4.3810e-05 4.3810e-05 [ 2.2336e-19 2.3504e-11 4.6931e-06 3.9117e-05 ] 0.0000e+00 [ 0.0000e+00 ] 9.9996e-01
 2.085e+01 3.8272e-05 3.8272e-05 [ 1.2369e-19 1.5952e-11 3.8781e-06 3.4394e-05 ] 0.0000e+00 [ 0.0000e+00 ] 9.9996e-01
 2.097e+01 3.3371e-05 3.3371e-05 [ 6.8216e-20 1.0785e-11 3.1959e-06 3.0176e-05 ] 0.0000e+00 [ 0.0000e+00 ] 9.9997e-01
 2.108e+01 2.9044e-05 2.9044e-05 [ 3.7467e-20 7.2643e-12 2.6266e-06 2.6418e-05 ] 0.0000e+00 [ 0.0000e+00 ] 9.9997e-01
 2.119e+01 2.5231e-05 2.5231e-05 [ 2.0495e-20 4.8749e-12 2.1529e-06 2.3079e-05 ] 0.0000e+00 [ 0.0000e+00 ] 9.9997e-01
 2.131e+01 2.1879e-05 2.1879e-05 [ 1.1167e-20 3.2595e-12 1.7601e-06 2.0119e-05 ] 0.0000e+00 [ 0.0000e+00 ] 9.9998e-01
 2.142e+01 1.8937e-05 1.8937e-05 [ 6.0601e-21 2.1716e-12 1.4352e-06 1.7502e-05 ] 0.0000e+00 [ 0.0000e+00 ] 9.9998e-01
 2.153e+01 1.6362e-05 1.6362e-05 [ 3.2759e-21 1.4417e-12 1.1672e-06 1.5194e-05 ] 0.0000e+00 [ 0.0000e+00 ] 9.9998e-01
 2.165e+01 1.4111e-05 1.4111e-05 [ 1.7640e-21 9.5375e-13 9.4694e-07 1.3164e-05 ] 0.0000e+00 [ 0.0000e+00 ] 9.9999e-01
 2.176e+01 1.2147e-05 1.2147e-05 [ 9.4629e-22 6.2880e-13 7.6629e-07 1.1381e-05 ] 0.0000e+00 [ 0.0000e+00 ] 9.9999e-01
 2.187e+01 1.0439e-05 1.0439e-05 [ 5.0571e-22 4.1316e-13 6.1857e-07 9.8201e-06 ] 0.0000e+00 [ 0.0000e+00 ] 9.9999e-01
 2.199e+01 8.9544e-06 8.9544e-06 [ 2.6925e-22 2.7057e-13 4.9811e-07 8.4563e-06 ] 0.0000e+00 [ 0.0000e+00 ] 9.9999e-01
 2.210e+01 7.6676e-06 7.6676e-06 [ 1.4283e-22 1.7661e-13 4.0014e-07 7.2674e-06 ] 0.0000e+00 [ 0.0000e+00 ] 9.9999e-01
 2.221e+01 6.5541e-06 6.5541e-06 [ 7.5490e-23 1.1490e-13 3.2067e-07 6.2335e-06 ] 0.0000e+00 [ 0.0000e+00 ] 9.9999e-01
 2.233e+01 5.5925e-06 5.5925e-06 [ 3.9756e-23 7.4521e-14 2.5637e-07 5.3361e-06 ] 0.0000e+00 [ 0.0000e+00 ] 9.9999e-01
 2.244e+01 4.7637e-06 4.7637e-06 [ 2.0862e-23 4.8178e-14 2.0449e-07 4.5592e-06 ] 0.0000e+00 [ 0.0000e+00 ] 1.0000e+00
 2.255e+01 4.0506e-06 4.0506e-06 [ 1.0909e-23 3.1050e-14 1.6273e-07 3.8878e-06 ] 0.0000e+00 [ 0.0000e+00 ] 1.0000e+00
 2.267e+01 3.4382e-06 3.4382e-06 [ 5.6847e-24 1.9951e-14 1.2920e-07 3.3090e-06 ] 0.0000e+00 [ 0.0000e+00 ] 1.0000e+00
 2.278e+01 2.9134e-06 2.9134e-06 [ 2.9520e-24 1.2780e-14 1.0235e-07 2.8111e-06 ] 0.0000e+00 [ 0.0000e+00 ] 1.0000e+00
 2.289e+01 2.4645e-06 2.4645e-06 [ 1.5278e-24 8.1625e-15 8.0894e-08 2.3836e-06 ] 0.0000e+00 [ 0.0000e+00 ] 1.0000e+00
 2.301e+01 2.0811e-06 2.0811e-06 [ 7.8802e-25 5.1979e-15 6.3794e-08 2.0173e-06 ] 0.0000e+00 [ 0.0000e+00 ] 1.0000e+00
 2.312e+01 1.7544e-06 1.7544e-06 [ 4.0510e-25 3.3005e-15 5.0198e-08 1.7042e-06 ] 0.0000e+00 [ 0.0000e+00 ] 1.0000e+00
 2.323e+01 1.4764e-06 1.4764e-06 [ 2.0756e-25 2.0897e-15 3.9413e-08 1.4370e-06 ] 0.0000e+00 [ 0.0000e+00 ] 1.0000e+00
 2.335e+01 1.2404e-06 1.2404e-06 [ 1.0600e-25 1.3193e-15 3.0878e-08 1.2095e-06 ] 0.0000e+00 [ 0.0000e+00 ] 1.0000e+00
 2.346e+01 1.0403e-06 1.0403e-06 [ 5.3961e-26 8.3063e-16 2.4140e-08 1.0162e-06 ] 0.0000e+00 [ 0.0000e+00 ] 1.0000e+00
 2.357e+01 8.7104e-07 8.7104e-07 [ 2.7381e-26 5.2151e-16 1.8831e-08 8.5221e-07 ] 0.0000e+00 [ 0.0000e+00 ] 1.0000e+00
 2.369e+01 7.2808e-07 7.2808e-07 [ 1.3850e-26 3.2654e-16 1.4659e-08 7.1342e-07 ] 0.0000e+00 [ 0.0000e+00 ] 1.0000e+00
 2.380e+01 6.0755e-07 6.0755e-07 [ 6.9833e-27 2.0391e-16 1.1387e-08 5.9616e-07 ] 0.0000e+00 [ 0.0000e+00 ] 1.0000e+00
 2.391e+01 5.0613e-07 5.0613e-07 [ 3.5102e-27 1.2699e-16 8.8272e-09 4.9730e-07 ] 0.0000e+00 [ 0.0000e+00 ] 1.0000e+00
 2.403e+01 4.2093e-07 4.2093e-07 [ 1.7590e-27 7.8877e-17 6.8286e-09 4.1410e-07 ] 0.0000e+00 [ 0.0000e+00 ] 1.0000e+00
 2.414e+01 3.4949e-07 3.4949e-07 [ 8.7876e-28 4.8865e-17 5.2716e-09 3.4421e-07 ] 0.0000e+00 [ 0.0000e+00 ] 1.0000e+00
 2.425e+01 2.8969e-07 2.8969e-07 [ 4.3768e-28 3.0194e-17 4.0613e-09 2.8562e-07 ] 0.0000e+00 [ 0.0000e+00 ] 1.0000e+00
 2.437e+01 2.3972e-07 2.3972e-07 [ 2.1734e-28 1.8609e-17 3.1226e-09 2.3660e-07 ] 0.0000e+00 [ 0.0000e+00 ] 1.0000e+00
 2.448e+01 1.9804e-07 1.9804e-07 [ 1.0760e-28 1.1440e-17 2.3960e-09 1.9565e-07 ] 0.0000e+00 [ 0.0000e+00 ] 1.0000e+00
 2.459e+01 1.6334e-07 1.6334e-07 [ 5.3115e-29 7.0153e-18 1.8347e-09 1.6151e-07 ] 0.0000e+00 [ 0.0000e+00 ] 1.0000e+00
 2.471e+01 1.3450e-07 1.3450e-07 [ 2.6142e-29 4.2911e-18 1.4022e-09 1.3310e-07 ] 0.0000e+00 [ 0.0000e+00 ] 1.0000e+00
 2.482e+01 1.1057e-07 1.1057e-07 [ 1.2829e-29 2.6183e-18 1.0695e-09 1.0950e-07 ] 0.0000e+00 [ 0.0000e+00 ] 1.0000e+00
 2.493e+01 9.0746e-08 9.0746e-08 [ 6.2779e-30 1.5937e-18 8.1413e-10 8.9932e-08 ] 0.0000e+00 [ 0.0000e+00 ] 1.0000e+00
 2.505e+01 7.4355e-08 7.4355e-08 [ 3.0632e-30 9.6769e-19 6.1854e-10 7.3737e-08 ] 0.0000e+00 [ 0.0000e+00 ] 1.0000e+00
 2.516e+01 6.0826e-08 6.0826e-08 [ 1.4904e-30 5.8616e-19 4.6902e-10 6.0357e-08 ] 0.0000e+00 [ 0.0000e+00 ] 1.0000e+00
 2.527e+01 4.9678e-08 4.9678e-08 [ 7.2308e-31 3.5421e-19 3.5495e-10 4.9323e-08 ] 0.0000e+00 [ 0.0000e+00 ] 1.0000e+00
 2.539e+01 4.0507e-08 4.0507e-08 [ 3.4983e-31 2.1353e-19 2.6812e-10 4.0239e-08 ] 0.0000e+00 [ 0.0000e+00 ] 1.0000e+00
 2.550e+01 3.2975e-08 3.2975e-08 [ 1.6878e-31 1.2842e-19 2.0213e-10 3.2773e-08 ] 0.0000e+00 [ 0.0000e+00 ] 1.0000e+00
 2.561e+01 2.6801e-08 2.6801e-08 [ 8.1203e-32 7.7056e-20 1.5210e-10 2.6649e-08 ] 0.0000e+00 [ 0.0000e+00 ] 1.0000e+00
 2.573e+01 2.1748e-08 2.1748e-08 [ 3.8961e-32 4.6127e-20 1.1424e-10 2.1634e-08 ] 0.0000e+00 [ 0.0000e+00 ] 1.0000e+00
 2.584e+01 1.7619e-08 1.7619e-08 [ 1.8642e-32 2.7549e-20 8.5636e-11 1.7533e-08 ] 0.0000e+00 [ 0.0000e+00 ] 1.0000e+00
 2.595e+01 1.4251e-08 1.4251e-08 [ 8.8958e-33 1.6415e-20 6.4076e-11 1.4187e-08 ] 0.0000e+00 [ 0.0000e+00 ] 1.0000e+00
 2.607e+01 1.1509e-08 1.1509e-08 [ 4.2334e-33 9.7588e-21 4.7855e-11 1.1461e-08 ] 0.0000e+00 [ 0.0000e+00 ] 1.0000e+00
 2.618e+01 9.2795e-09 9.2795e-09 [ 2.0092e-33 5.7884e-21 3.5674e-11 9.2438e-09 ] 0.0000e+00 [ 0.0000e+00 ] 1.0000e+00
 2.629e+01 7.4700e-09 7.4700e-09 [ 9.5106e-34 3.4257e-21 2.6545e-11 7.4435e-09 ] 0.0000e+00 [ 0.0000e+00 ] 1.0000e+00
 2.641e+01 6.0039e-09 6.0039e-09 [ 4.4898e-34 2.0228e-21 1.9715e-11 5.9842e-09 ] 0.0000e+00 [ 0.0000e+00 ] 1.0000e+00
 2.652e+01 4.8179e-09 4.8179e-09 [ 2.1139e-34 1.1918e-21 1.4616e-11 4.8033e-09 ] 0.0000e+00 [ 0.0000e+00 ] 1.0000e+00
 2.663e+01 3.8601e-09 3.8601e-09 [ 9.9268e-35 7.0058e-22 1.0816e-11 3.8493e-09 ] 0.0000e+00 [ 0.0000e+00 ] 1.0000e+00
 2.675e+01 3.0879e-09 3.0879e-09 [ 4.6493e-35 4.1093e-22 7.9898e-12 3.0799e-09 ] 0.0000e+00 [ 0.0000e+00 ] 1.0000e+00
 2.686e+01 2.4663e-09 2.4663e-09 [ 2.1719e-35 2.4051e-22 5.8912e-12 2.4604e-09 ] 0.0000e+00 [ 0.0000e+00 ] 1.0000e+00
 2.697e+01 1.9667e-09 1.9667e-09 [ 1.0119e-35 1.4045e-22 4.3361e-12 1.9624e-09 ] 0.0000e+00 [ 0.0000e+00 ] 1.0000e+00
 2.709e+01 1.5659e-09 1.5659e-09 [ 4.7026e-36 8.1843e-23 3.1858e-12 1.5628e-09 ] 0.0000e+00 [ 0.0000e+00 ] 1.0000e+00
 2.720e+01 1.2449e-09 1.2449e-09 [ 2.1797e-36 4.7588e-23 2.3365e-12 1.2426e-09 ] 0.0000e+00 [ 0.0000e+00 ] 1.0000e+00
 2.731e+01 9.8813e-10 9.8813e-10 [ 1.0078e-36 2.7610e-23 1.7105e-12 9.8642e-10 ] 0.0000e+00 [ 0.0000e+00 ] 1.0000e+00
 2.743e+01 7.8312e-10 7.8312e-10 [ 4.6474e-37 1.5985e-23 1.2501e-12 7.8187e-10 ] 0.0000e+00 [ 0.0000e+00 ] 1.0000e+00
 2.754e+01 6.1969e-10 6.1969e-10 [ 2.1377e-37 9.2347e-24 9.1198e-13 6.1877e-10 ] 0.0000e+00 [ 0.0000e+00 ] 1.0000e+00
 2.765e+01 4.8961e-10 4.8961e-10 [ 9.8080e-38 5.3236e-24 6.6416e-13 4.8895e-10 ] 0.0000e+00 [ 0.0000e+00 ] 1.0000e+00
 2.777e+01 3.8625e-10 3.8625e-10 [ 4.4887e-38 3.0624e-24 4.8284e-13 3.8576e-10 ] 0.0000e+00 [ 0.0000e+00 ] 1.0000e+00
 2.788e+01 3.0424e-10 3.0424e-10 [ 2.0491e-38 1.7580e-24 3.5041e-13 3.0389e-10 ] 0.0000e+00 [ 0.0000e+00 ] 1.0000e+00
 2.799e+01 2.3928e-10 2.3928e-10 [ 9.3310e-39 1.0070e-24 2.5386e-13 2.3903e-10 ] 0.0000e+00 [ 0.0000e+00 ] 1.0000e+00
 2.811e+01 1.8791e-10 1.8791e-10 [ 4.2384e-39 5.7563e-25 1.8360e-13 1.8772e-10 ] 0.0000e+00 [ 0.0000e+00 ] 1.0000e+00
 2.822e+01 1.4734e-10 1.4734e-10 [ 1.9204e-39 3.2836e-25 1.3256e-13 1.4721e-10 ] 0.0000e+00 [ 0.0000e+00 ] 1.0000e+00
 2.833e+01 1.1536e-10 1.1536e-10 [ 8.6799e-40 1.8691e-25 9.5541e-14 1.1526e-10 ] 0.0000e+00 [ 0.0000e+00 ] 1.0000e+00
 2.845e+01 9.0179e-11 9.0179e-11 [ 3.9134e-40 1.0618e-25 6.8745e-14 9.0110e-11 ] 0.0000e+00 [ 0.0000e+00 ] 1.0000e+00
 2.856e+01 7.0392e-11 7.0392e-11 [ 1.7601e-40 6.0191e-26 4.9380e-14 7.0342e-11 ] 0.0000e+00 [ 0.0000e+00 ] 1.0000e+00
 2.867e+01 5.4864e-11 5.4864e-11 [ 7.8967e-41 3.4051e-26 3.5410e-14 5.4829e-11 ] 0.0000e+00 [ 0.0000e+00 ] 1.0000e+00
 2.879e+01 4.2698e-11 4.2698e-11 [ 3.5342e-41 1.9223e-26 2.5350e-14 4.2673e-11 ] 0.0000e+00 [ 0.0000e+00 ] 1.0000e+00
 2.890e+01 3.3180e-11 3.3180e-11 [ 1.5779e-41 1.0830e-26 1.8117e-14 3.3162e-11 ] 0.0000e+00 [ 0.0000e+00 ] 1.0000e+00
 2.901e+01 2.5746e-11 2.5746e-11 [ 7.0277e-42 6.0892e-27 1.2927e-14 2.5733e-11 ] 0.0000e+00 [ 0.0000e+00 ] 1.0000e+00
 2.913e+01 1.9948e-11 1.9948e-11 [ 3.1225e-42 3.4166e-27 9.2079e-15 1.9939e-11 ] 0.0000e+00 [ 0.0000e+00 ] 1.0000e+00
 2.924e+01 1.5433e-11 1.5433e-11 [ 1.3840e-42 1.9132e-27 6.5480e-15 1.5426e-11 ] 0.0000e+00 [ 0.0000e+00 ] 1.0000e+00
 2.935e+01 1.1922e-11 1.1922e-11 [ 6.1196e-43 1.0691e-27 4.6488e-15 1.1918e-11 ] 0.0000e+00 [ 0.0000e+00 ] 1.0000e+00
 2.947e+01 9.1966e-12 9.1966e-12 [ 2.6994e-43 5.9624e-28 3.2950e-15 9.1933e-12 ] 0.0000e+00 [ 0.0000e+00 ] 1.0000e+00
 2.958e+01 7.0838e-12 7.0838e-12 [ 1.1879e-43 3.3185e-28 2.3316e-15 7.0815e-12 ] 0.0000e+00 [ 0.0000e+00 ] 1.0000e+00
 2.969e+01 5.4484e-12 5.4484e-12 [ 5.2151e-44 1.8433e-28 1.6472e-15 5.4468e-12 ] 0.0000e+00 [ 0.0000e+00 ] 1.0000e+00
 2.981e+01 4.1845e-12 4.1845e-12 [ 2.2840e-44 1.0218e-28 1.1618e-15 4.1833e-12 ] 0.0000e+00 [ 0.0000e+00 ] 1.0000e+00
 2.992e+01 3.2091e-12 3.2091e-12 [ 9.9798e-45 5.6529e-29 8.1810e-16 3.2083e-12 ] 0.0000e+00 [ 0.0000e+00 ] 1.0000e+00
 3.003e+01 2.4575e-12 2.4575e-12 [ 4.3502e-45 3.1211e-29 5.7515e-16 2.4570e-12 ] 0.0000e+00 [ 0.0000e+00 ] 1.0000e+00
 3.015e+01 1.8793e-12 1.8793e-12 [ 1.8918e-45 1.7198e-29 4.0369e-16 1.8789e-12 ] 0.0000e+00 [ 0.0000e+00 ] 1.0000e+00
 3.026e+01 1.4350e-12 1.4350e-12 [ 8.2080e-46 9.4580e-30 2.8289e-16 1.4347e-12 ] 0.0000e+00 [ 0.0000e+00 ] 1.0000e+00
 3.037e+01 1.0942e-12 1.0942e-12 [ 3.5528e-46 5.1910e-30 1.9792e-16 1.0940e-12 ] 0.0000e+00 [ 0.0000e+00 ] 1.0000e+00
 3.049e+01 8.3313e-13 8.3313e-13 [ 1.5342e-46 2.8435e-30 1.3825e-16 8.3299e-13 ] 0.0000e+00 [ 0.0000e+00 ] 1.0000e+00
 3.060e+01 6.3345e-13 6.3345e-13 [ 6.6101e-47 1.5545e-30 9.6419e-17 6.3335e-13 ] 0.0000e+00 [ 0.0000e+00 ] 1.0000e+00
 3.071e+01 4.8094e-13 4.8094e-13 [ 2.8413e-47 8.4815e-31 6.7137e-17 4.8088e-13 ] 0.0000e+00 [ 0.0000e+00 ] 1.0000e+00
 3.083e+01 3.6464e-13 3.6464e-13 [ 1.2185e-47 4.6186e-31 4.6673e-17 3.6459e-13 ] 0.0000e+00 [ 0.0000e+00 ] 1.0000e+00
 3.094e+01 2.7606e-13 2.7606e-13 [ 5.2134e-48 2.5101e-31 3.2396e-17 2.7603e-13 ] 0.0000e+00 [ 0.0000e+00 ] 1.0000e+00
 3.105e+01 2.0871e-13 2.0871e-13 [ 2.2255e-48 1.3615e-31 2.2450e-17 2.0869e-13 ] 0.0000e+00 [ 0.0000e+00 ] 1.0000e+00
 3.117e+01 1.5757e-13 1.5757e-13 [ 9.4785e-49 7.3709e-32 1.5534e-17 1.5755e-13 ] 0.0000e+00 [ 0.0000e+00 ] 1.0000e+00
 3.128e+01 1.1879e-13 1.1879e-13 [ 4.0277e-49 3.9826e-32 1.0731e-17 1.1878e-13 ] 0.0000e+00 [ 0.0000e+00 ] 1.0000e+00
 3.139e+01 8.9433e-14 8.9433e-14 [ 1.7076e-49 2.1477e-32 7.4020e-18 8.9426e-14 ] 0.0000e+00 [ 0.0000e+00 ] 1.0000e+00
 3.151e+01 6.7236e-14 6.7236e-14 [ 7.2233e-50 1.1559e-32 5.0976e-18 6.7231e-14 ] 0.0000e+00 [ 0.0000e+00 ] 1.0000e+00
 3.162e+01 5.0478e-14 5.0478e-14 [ 3.0486e-50 6.2095e-33 3.5052e-18 5.0474e-14 ] 0.0000e+00 [ 0.0000e+00 ] 1.0000e+00
 3.173e+01 3.7844e-14 3.7844e-14 [ 1.2838e-50 3.3293e-33 2.4065e-18 3.7841e-14 ] 0.0000e+00 [ 0.0000e+00 ] 1.0000e+00
 3.185e+01 2.8332e-14 2.8332e-14 [ 5.3937e-51 1.7816e-33 1.6496e-18 2.8331e-14 ] 0.0000e+00 [ 0.0000e+00 ] 1.0000e+00
 3.196e+01 2.1182e-14 2.1182e-14 [ 2.2611e-51 9.5152e-34 1.1290e-18 2.1181e-14 ] 0.0000e+00 [ 0.0000e+00 ] 1.0000e+00
 3.207e+01 1.5815e-14 1.5815e-14 [ 9.4577e-52 5.0723e-34 7.7156e-19 1.5814e-14 ] 0.0000e+00 [ 0.0000e+00 ] 1.0000e+00
 3.219e+01 1.1791e-14 1.1791e-14 [ 3.9471e-52 2.6987e-34 5.2646e-19 1.1791e-14 ] 0.0000e+00 [ 0.0000e+00 ] 1.0000e+00
 3.230e+01 8.7793e-15 8.7793e-15 [ 1.6436e-52 1.4331e-34 3.5867e-19 8.7790e-15 ] 0.0000e+00 [ 0.0000e+00 ] 1.0000e+00
 3.241e+01 6.5278e-15 6.5278e-15 [ 6.8292e-53 7.5961e-35 2.4399e-19 6.5276e-15 ] 0.0000e+00 [ 0.0000e+00 ] 1.0000e+00
 3.253e+01 4.8471e-15 4.8471e-15 [ 2.8312e-53 4.0185e-35 1.6572e-19 4.8469e-15 ] 0.0000e+00 [ 0.0000e+00 ] 1.0000e+00
 3.264e+01 3.5942e-15 3.5942e-15 [ 1.1712e-53 2.1218e-35 1.1239e-19 3.5941e-15 ] 0.0000e+00 [ 0.0000e+00 ] 1.0000e+00
 3.275e+01 2.6615e-15 2.6615e-15 [ 4.8342e-54 1.1183e-35 7.6106e-20 2.6615e-15 ] 0.0000e+00 [ 0.0000e+00 ] 1.0000e+00
 3.287e+01 1.9682e-15 1.9682e-15 [ 1.9910e-54 5.8824e-36 5.1458e-20 1.9682e-15 ] 0.0000e+00 [ 0.0000e+00 ] 1.0000e+00
 3.298e+01 1.4536e-15 1.4536e-15 [ 8.1821e-55 3.0884e-36 3.4741e-20 1.4535e-15 ] 0.0000e+00 [ 0.0000e+00 ] 1.0000e+00
 3.309e+01 1.0720e-15 1.0720e-15 [ 3.3552e-55 1.6185e-36 2.3419e-20 1.0720e-15 ] 0.0000e+00 [ 0.0000e+00 ] 1.0000e+00
 3.321e+01 7.8957e-16 7.8957e-16 [ 1.3728e-55 8.4657e-37 1.5763e-20 7.8955e-16 ] 0.0000e+00 [ 0.0000e+00 ] 1.0000e+00
 3.332e+01 5.8076e-16 5.8076e-16 [ 5.6052e-56 4.4198e-37 1.0594e-20 5.8074e-16 ] 0.0000e+00 [ 0.0000e+00 ] 1.0000e+00
 3.343e+01 4.2660e-16 4.2660e-16 [ 2.2836e-56 2.3032e-37 7.1098e-21 4.2659e-16 ] 0.0000e+00 [ 0.0000e+00 ] 1.0000e+00
 3.355e+01 3.1294e-16 3.1294e-16 [ 9.2837e-57 1.1980e-37 4.7643e-21 3.1293e-16 ] 0.0000e+00 [ 0.0000e+00 ] 1.0000e+00
 3.366e+01 2.2926e-16 2.2926e-16 [ 3.7660e-57 6.2194e-38 3.1878e-21 2.2925e-16 ] 0.0000e+00 [ 0.0000e+00 ] 1.0000e+00
 3.377e+01 1.6773e-16 1.6773e-16 [ 1.5245e-57 3.2229e-38 2.1298e-21 1.6773e-16 ] 0.0000e+00 [ 0.0000e+00 ] 1.0000e+00
 3.389e+01 1.2255e-16 1.2255e-16 [ 6.1579e-58 1.6670e-38 1.4208e-21 1.2255e-16 ] 0.0000e+00 [ 0.0000e+00 ] 1.0000e+00
 3.400e+01 8.9425e-17 8.9425e-17 [ 2.4821e-58 8.6063e-39 9.4646e-22 8.9425e-17 ] 0.0000e+00 [ 0.0000e+00 ] 1.0000e+00
 3.411e+01 6.5167e-17 6.5167e-17 [ 9.9836e-59 4.4350e-39 6.2954e-22 6.5166e-17 ] 0.0000e+00 [ 0.0000e+00 ] 1.0000e+00
 3.423e+01 4.7426e-17 4.7426e-17 [ 4.0072e-59 2.2812e-39 4.1813e-22 4.7426e-17 ] 0.0000e+00 [ 0.0000e+00 ] 1.0000e+00
 3.434e+01 3.4470e-17 3.4470e-17 [ 1.6050e-59 1.1712e-39 2.7731e-22 3.4470e-17 ] 0.0000e+00 [ 0.0000e+00 ] 1.0000e+00
 3.445e+01 2.5021e-17 2.5021e-17 [ 6.4150e-60 6.0022e-40 1.8364e-22 2.5020e-17 ] 0.0000e+00 [ 0.0000e+00 ] 1.0000e+00
 3.457e+01 1.8138e-17 1.8138e-17 [ 2.5587e-60 3.0703e-40 1.2144e-22 1.8138e-17 ] 0.0000e+00 [ 0.0000e+00 ] 1.0000e+00
 3.468e+01 1.3131e-17 1.3131e-17 [ 1.0184e-60 1.5677e-40 8.0188e-23 1.3131e-17 ] 0.0000e+00 [ 0.0000e+00 ] 1.0000e+00
 3.479e+01 9.4942e-18 9.4942e-18 [ 4.0451e-61 7.9898e-41 5.2872e-23 9.4941e-18 ] 0.0000e+00 [ 0.0000e+00 ] 1.0000e+00
 3.491e+01 6.8557e-18 6.8557e-18 [ 1.6033e-61 4.0646e-41 3.4811e-23 6.8556e-18 ] 0.0000e+00 [ 0.0000e+00 ] 1.0000e+00
 3.502e+01 4.9440e-18 4.9440e-18 [ 6.3421e-62 2.0640e-41 2.2886e-23 4.9440e-18 ] 0.0000e+00 [ 0.0000e+00 ] 1.0000e+00
 3.513e+01 3.5608e-18 3.5608e-18 [ 2.5035e-62 1.0462e-41 1.5025e-23 3.5608e-18 ] 0.0000e+00 [ 0.0000e+00 ] 1.0000e+00
 3.525e+01 2.5613e-18 2.5613e-18 [ 9.8618e-63 5.2932e-42 9.8494e-24 2.5612e-18 ] 0.0000e+00 [ 0.0000e+00 ] 1.0000e+00
 3.536e+01 1.8399e-18 1.8399e-18 [ 3.8769e-63 2.6732e-42 6.4475e-24 1.8399e-18 ] 0.0000e+00 [ 0.0000e+00 ] 1.0000e+00
 3.547e+01 1.3201e-18 1.3201e-18 [ 1.5210e-63 1.3476e-42 4.2145e-24 1.3201e-18 ] 0.0000e+00 [ 0.0000e+00 ] 1.0000e+00
 3.559e+01 9.4586e-19 9.4586e-19 [ 5.9548e-64 6.7812e-43 2.7509e-24 9.4586e-19 ] 0.0000e+00 [ 0.0000e+00 ] 1.0000e+00
 3.570e+01 6.7687e-19 6.7687e-19 [ 2.3267e-64 3.4061e-43 1.7930e-24 6.7687e-19 ] 0.0000e+00 [ 0.0000e+00 ] 1.0000e+00
 3.581e+01 4.8376e-19 4.8376e-19 [ 9.0726e-65 1.7078e-43 1.1670e-24 4.8376e-19 ] 0.0000e+00 [ 0.0000e+00 ] 1.0000e+00
 3.593e+01 3.4531e-19 3.4531e-19 [ 3.5306e-65 8.5472e-44 7.5850e-25 3.4531e-19 ] 0.0000e+00 [ 0.0000e+00 ] 1.0000e+00
 3.604e+01 2.4617e-19 2.4617e-19 [ 1.3712e-65 4.2700e-44 4.9228e-25 2.4617e-19 ] 0.0000e+00 [ 0.0000e+00 ] 1.0000e+00
 3.615e+01 1.7527e-19 1.7527e-19 [ 5.3144e-66 2.1294e-44 3.1904e-25 1.7527e-19 ] 0.0000e+00 [ 0.0000e+00 ] 1.0000e+00
 3.627e+01 1.2463e-19 1.2463e-19 [ 2.0557e-66 1.0600e-44 2.0648e-25 1.2463e-19 ] 0.0000e+00 [ 0.0000e+00 ] 1.0000e+00
 3.638e+01 8.8511e-20 8.8511e-20 [ 7.9358e-67 5.2672e-45 1.3344e-25 8.8511e-20 ] 0.0000e+00 [ 0.0000e+00 ] 1.0000e+00
 3.649e+01 6.2780e-20 6.2780e-20 [ 3.0575e-67 2.6126e-45 8.6114e-26 6.2780e-20 ] 0.0000e+00 [ 0.0000e+00 ] 1.0000e+00
 3.661e+01 4.4474e-20 4.4474e-20 [ 1.1756e-67 1.2936e-45 5.5495e-26 4.4474e-20 ] 0.0000e+00 [ 0.0000e+00 ] 1.0000e+00
 3.672e+01 3.1466e-20 3.1466e-20 [ 4.5115e-68 6.3935e-46 3.5713e-26 3.1466e-20 ] 0.0000e+00 [ 0.0000e+00 ] 1.0000e+00
 3.683e+01 2.2235e-20 2.2235e-20 [ 1.7279e-68 3.1544e-46 2.2950e-26 2.2235e-20 ] 0.0000e+00 [ 0.0000e+00 ] 1.0000e+00
 3.695e+01 1.5692e-20 1.5692e-20 [ 6.6048e-69 1.5535e-46 1.4728e-26 1.5692e-20 ] 0.0000e+00 [ 0.0000e+00 ] 1.0000e+00
 3.706e+01 1.1061e-20 1.1061e-20 [ 2.5197e-69 7.6375e-47 9.4381e-27 1.1061e-20 ] 0.0000e+00 [ 0.0000e+00 ] 1.0000e+00
 3.717e+01 7.7869e-21 7.7869e-21 [ 9.5939e-70 3.7482e-47 6.0398e-27 7.7869e-21 ] 0.0000e+00 [ 0.0000e+00 ] 1.0000e+00
 3.729e+01 5.4752e-21 5.4752e-21 [ 3.6458e-70 1.8362e-47 3.8597e-27 5.4752e-21 ] 0.0000e+00 [ 0.0000e+00 ] 1.0000e+00
 3.740e+01 3.8449e-21 3.8449e-21 [ 1.3828e-70 8.9794e-48 2.4631e-27 3.8449e-21 ] 0.0000e+00 [ 0.0000e+00 ] 1.0000e+00
 3.751e+01 2.6968e-21 2.6968e-21 [ 5.2344e-71 4.3835e-48 1.5697e-27 2.6968e-21 ] 0.0000e+00 [ 0.0000e+00 ] 1.0000e+00
 3.763e+01 1.8891e-21 1.8891e-21 [ 1.9776e-71 2.1361e-48 9.9891e-28 1.8891e-21 ] 0.0000e+00 [ 0.0000e+00 ] 1.0000e+00
 3.774e+01 1.3218e-21 1.3218e-21 [ 7.4575e-72 1.0391e-48 6.3481e-28 1.3218e-21 ] 0.0000e+00 [ 0.0000e+00 ] 1.0000e+00
 3.785e+01 9.2364e-22 9.2364e-22 [ 2.8067e-72 5.0460e-49 4.0287e-28 9.2364e-22 ] 0.0000e+00 [ 0.0000e+00 ] 1.0000e+00
 3.797e+01 6.4465e-22 6.4465e-22 [ 1.0544e-72 2.4461e-49 2.5532e-28 6.4465e-22 ] 0.0000e+00 [ 0.0000e+00 ] 1.0000e+00
 3.808e+01 4.4937e-22 4.4937e-22 [ 3.9531e-73 1.1837e-49 1.6158e-28 4.4937e-22 ] 0.0000e+00 [ 0.0000e+00 ] 1.0000e+00
 3.819e+01 3.1287e-22 3.1287e-22 [ 1.4794e-73 5.7179e-50 1.0212e-28 3.1287e-22 ] 0.0000e+00 [ 0.0000e+00 ] 1.0000e+00
 3.831e+01 2.1757e-22 2.1757e-22 [ 5.5256e-74 2.7573e-50 6.4453e-29 2.1757e-22 ] 0.0000e+00 [ 0.0000e+00 ] 1.0000e+00
 3.842e+01 1.5111e-22 1.5111e-22 [ 2.0600e-74 1.3274e-50 4.0623e-29 1.5111e-22 ] 0.0000e+00 [ 0.0000e+00 ] 1.0000e+00
 3.853e+01 1.0482e-22 1.0482e-22 [ 7.6655e-75 6.3787e-51 2.5568e-29 1.0482e-22 ] 0.0000e+00 [ 0.0000e+00 ] 1.0000e+00
 3.865e+01 7.2627e-23 7.2627e-23 [ 2.8471e-75 3.0600e-51 1.6071e-29 7.2627e-23 ] 0.0000e+00 [ 0.0000e+00 ] 1.0000e+00
 3.876e+01 5.0259e-23 5.0259e-23 [ 1.0555e-75 1.4654e-51 1.0088e-29 5.0259e-23 ] 0.0000e+00 [ 0.0000e+00 ] 1.0000e+00
 3.887e+01 3.4738e-23 3.4738e-23 [ 3.9055e-76 7.0059e-52 6.3233e-30 3.4738e-23 ] 0.0000e+00 [ 0.0000e+00 ] 1.0000e+00
 3.899e+01 2.3982e-23 2.3982e-23 [ 1.4424e-76 3.3436e-52 3.9583e-30 2.3982e-23 ] 0.0000e+00 [ 0.0000e+00 ] 1.0000e+00
 3.910e+01 1.6536e-23 1.6536e-23 [ 5.3177e-77 1.5930e-52 2.4745e-30 1.6536e-23 ] 0.0000e+00 [ 0.0000e+00 ] 1.0000e+00
 3.921e+01 1.1388e-23 1.1388e-23 [ 1.9568e-77 7.5764e-53 1.5448e-30 1.1388e-23 ] 0.0000e+00 [ 0.0000e+00 ] 1.0000e+00
 3.933e+01 7.8334e-24 7.8334e-24 [ 7.1872e-78 3.5973e-53 9.6308e-31 7.8334e-24 ] 0.0000e+00 [ 0.0000e+00 ] 1.0000e+00
 3.944e+01 5.3818e-24 5.3818e-24 [ 2.6350e-78 1.7051e-53 5.9962e-31 5.3818e-24 ] 0.0000e+00 [ 0.0000e+00 ] 1.0000e+00
 3.955e+01 3.6931e-24 3.6931e-24 [ 9.6428e-79 8.0679e-54 3.7282e-31 3.6931e-24 ] 0.0000e+00 [ 0.0000e+00 ] 1.0000e+00
 3.967e+01 2.5313e-24 2.5313e-24 [ 3.5223e-79 3.8111e-54 2.3149e-31 2.5313e-24 ] 0.0000e+00 [ 0.0000e+00 ] 1.0000e+00
 3.978e+01 1.7329e-24 1.7329e-24 [ 1.2843e-79 1.7972e-54 1.4354e-31 1.7329e-24 ] 0.0000e+00 [ 0.0000e+00 ] 1.0000e+00
 3.989e+01 1.1849e-24 1.1849e-24 [ 4.6743e-80 8.4606e-55 8.8891e-32 1.1849e-24 ] 0.0000e+00 [ 0.0000e+00 ] 1.0000e+00
 4.001e+01 8.0922e-25 8.0922e-25 [ 1.6982e-80 3.9762e-55 5.4972e-32 8.0922e-25 ] 0.0000e+00 [ 0.0000e+00 ] 1.0000e+00
 4.012e+01 5.5201e-25 5.5201e-25 [ 6.1582e-81 1.8655e-55 3.3951e-32 5.5201e-25 ] 0.0000e+00 [ 0.0000e+00 ] 1.0000e+00
 4.023e+01 3.7611e-25 3.7611e-25 [ 2.2292e-81 8.7379e-56 2.0940e-32 3.7611e-25 ] 0.0000e+00 [ 0.0000e+00 ] 1.0000e+00
 4.035e+01 2.5596e-25 2.5596e-25 [ 8.0549e-82 4.0858e-56 1.2898e-32 2.5596e-25 ] 0.0000e+00 [ 0.0000e+00 ] 1.0000e+00
 4.046e+01 1.7398e-25 1.7398e-25 [ 2.9053e-82 1.9073e-56 7.9338e-33 1.7398e-25 ] 0.0000e+00 [ 0.0000e+00 ] 1.0000e+00
 4.057e+01 1.1812e-25 1.1812e-25 [ 1.0460e-82 8.8881e-57 4.8738e-33 1.1812e-25 ] 0.0000e+00 [ 0.0000e+00 ] 1.0000e+00
 4.069e+01 8.0104e-26 8.0104e-26 [ 3.7594e-83 4.1351e-57 2.9901e-33 8.0104e-26 ] 0.0000e+00 [ 0.0000e+00 ] 1.0000e+00
 4.080e+01 5.4258e-26 5.4258e-26 [ 1.3487e-83 1.9206e-57 1.8319e-33 5.4258e-26 ] 0.0000e+00 [ 0.0000e+00 ] 1.0000e+00
 4.091e+01 3.6708e-26 3.6708e-26 [ 4.8300e-84 8.9052e-58 1.1209e-33 3.6708e-26 ] 0.0000e+00 [ 0.0000e+00 ] 1.0000e+00
 4.103e+01 2.4806e-26 2.4806e-26 [ 1.7266e-84 4.1222e-58 6.8494e-34 2.4806e-26 ] 0.0000e+00 [ 0.0000e+00 ] 1.0000e+00
 4.114e+01 1.6743e-26 1.6743e-26 [ 6.1615e-85 1.9050e-58 4.1799e-34 1.6743e-26 ] 0.0000e+00 [ 0.0000e+00 ] 1.0000e+00
 4.125e+01 1.1288e-26 1.1288e-26 [ 2.1948e-85 8.7887e-59 2.5474e-34 1.1288e-26 ] 0.0000e+00 [ 0.0000e+00 ] 1.0000e+00
 4.137e+01 7.6013e-27 7.6013e-27 [ 7.8044e-86 4.0479e-59 1.5505e-34 7.6013e-27 ] 0.0000e+00 [ 0.0000e+00 ] 1.0000e+00
 4.148e+01 5.1127e-27 5.1127e-27 [ 2.7702e-86 1.8613e-59 9.4245e-35 5.1127e-27 ] 0.0000e+00 [ 0.0000e+00 ] 1.0000e+00
 4.159e+01 3.4349e-27 3.4349e-27 [ 9.8156e-87 8.5442e-60 5.7211e-35 3.4349e-27 ] 0.0000e+00 [ 0.0000e+00 ] 1.0000e+00
 4.171e+01 2.3050e-27 2.3050e-27 [ 3.4718e-87 3.9156e-60 3.4684e-35 2.3050e-27 ] 0.0000e+00 [ 0.0000e+00 ] 1.0000e+00
 4.182e+01 1.5450e-27 1.5450e-27 [ 1.2258e-87 1.7915e-60 2.1000e-35 1.5450e-27 ] 0.0000e+00 [ 0.0000e+00 ] 1.0000e+00
 4.193e+01 1.0344e-27 1.0344e-27 [ 4.3204e-88 8.1826e-61 1.2698e-35 1.0344e-27 ] 0.0000e+00 [ 0.0000e+00 ] 1.0000e+00
 4.205e+01 6.9174e-28 6.9174e-28 [ 1.5200e-88 3.7312e-61 7.6681e-36 6.9174e-28 ] 0.0000e+00 [ 0.0000e+00 ] 1.0000e+00
 4.216e+01 4.6206e-28 4.6206e-28 [ 5.3384e-89 1.6986e-61 4.6246e-36 4.6206e-28 ] 0.0000e+00 [ 0.0000e+00 ] 1.0000e+00
 4.227e+01 3.0828e-28 3.0828e-28 [ 1.8716e-89 7.7195e-62 2.7854e-36 3.0828e-28 ] 0.0000e+00 [ 0.0000e+00 ] 1.0000e+00
 4.239e+01 2.0545e-28 2.0545e-28 [ 6.5497e-90 3.5024e-62 1.6755e-36 2.0545e-28 ] 0.0000e+00 [ 0.0000e+00 ] 1.0000e+00
 4.250e+01 1.3676e-28 1.3676e-28 [ 2.2881e-90 1.5864e-62 1.0066e-36 1.3676e-28 ] 0.0000e+00 [ 0.0000e+00 ] 1.0000e+00
 4.261e+01 9.0933e-29 9.0933e-29 [ 7.9788e-91 7.1737e-63 6.0391e-37 9.0933e-29 ] 0.0000e+00 [ 0.0000e+00 ] 1.0000e+00
 4.273e+01 6.0392e-29 6.0392e-29 [ 2.7774e-91 3.2384e-63 3.6186e-37 6.0392e-29 ] 0.0000e+00 [ 0.0000e+00 ] 1.0000e+00
 4.284e+01 4.0063e-29 4.0063e-29 [ 9.6504e-92 1.4594e-63 2.1654e-37 4.0063e-29 ] 0.0000e+00 [ 0.0000e+00 ] 1.0000e+00
 4.295e+01 2.6547e-29 2.6547e-29 [ 3.3471e-92 6.5660e-64 1.2942e-37 2.6547e-29 ] 0.0000e+00 [ 0.0000e+00 ] 1.0000e+00
 4.307e+01 1.7571e-29 1.7571e-29 [ 1.1588e-92 2.9491e-64 7.7246e-38 1.7571e-29 ] 0.0000e+00 [ 0.0000e+00 ] 1.0000e+00
 4.318e+01 1.1617e-29 1.1617e-29 [ 4.0047e-93 1.3223e-64 4.6047e-38 1.1617e-29 ] 0.0000e+00 [ 0.0000e+00 ] 1.0000e+00
 4.329e+01 7.6713e-30 7.6713e-30 [ 1.3814e-93 5.9185e-65 2.7414e-38 7.6713e-30 ] 0.0000e+00 [ 0.0000e+00 ] 1.0000e+00
 4.341e+01 5.0602e-30 5.0602e-30 [ 4.7565e-94 2.6445e-65 1.6300e-38 5.0602e-30 ] 0.0000e+00 [ 0.0000e+00 ] 1.0000e+00
 4.352e+01 3.3340e-30 3.3340e-30 [ 1.6347e-94 1.1796e-65 9.6791e-39 3.3340e-30 ] 0.0000e+00 [ 0.0000e+00 ] 1.0000e+00
 4.363e+01 2.1942e-30 2.1942e-30 [ 5.6077e-95 5.2523e-66 5.7402e-39 2.1942e-30 ] 0.0000e+00 [ 0.0000e+00 ] 1.0000e+00
 4.375e+01 1.4425e-30 1.4425e-30 [ 1.9201e-95 2.3346e-66 3.3999e-39 1.4425e-30 ] 0.0000e+00 [ 0.0000e+00 ] 1.0000e+00
 4.386e+01 9.4720e-31 9.4720e-31 [ 6.5618e-96 1.0358e-66 2.0112e-39 9.4720e-31 ] 0.0000e+00 [ 0.0000e+00 ] 1.0000e+00
 4.397e+01 6.2127e-31 6.2127e-31 [ 2.2382e-96 4.5876e-67 1.1882e-39 6.2127e-31 ] 0.0000e+00 [ 0.0000e+00 ] 1.0000e+00
 4.409e+01 4.0704e-31 4.0704e-31 [ 7.6196e-97 2.0281e-67 7.0105e-40 4.0704e-31 ] 0.0000e+00 [ 0.0000e+00 ] 1.0000e+00
 4.420e+01 2.6638e-31 2.6638e-31 [ 2.5889e-97 8.9495e-68 4.1311e-40 2.6638e-31 ] 0.0000e+00 [ 0.0000e+00 ] 1.0000e+00
 4.431e+01 1.7414e-31 1.7414e-31 [ 8.7792e-98 3.9418e-68 2.4312e-40 1.7414e-31 ] 0.0000e+00 [ 0.0000e+00 ] 1.0000e+00
 4.443e+01 1.1371e-31 1.1371e-31 [ 2.9711e-98 1.7329e-68 1.4289e-40 1.1371e-31 ] 0.0000e+00 [ 0.0000e+00 ] 1.0000e+00
 4.454e+01 7.4163e-32 7.4163e-32 [ 1.0035e-98 7.6039e-69 8.3878e-41 7.4163e-32 ] 0.0000e+00 [ 0.0000e+00 ] 1.0000e+00
 4.465e+01 4.8318e-32 4.8318e-32 [ 3.3823e-99 3.3300e-69 4.9172e-41 4.8318e-32 ] 0.0000e+00 [ 0.0000e+00 ] 1.0000e+00
 4.477e+01 3.1445e-32 3.1445e-32 [ 1.1377e-99 1.4554e-69 2.8788e-41 3.1445e-32 ] 0.0000e+00 [ 0.0000e+00 ] 1.0000e+00
 4.488e+01 2.0441e-32 2.0441e-32 [ 3.8187e-100 6.3486e-70 1.6832e-41 2.0441e-32 ] 0.0000e+00 [ 0.0000e+00 ] 1.0000e+00
 4.499e+01 1.3273e-32 1.3273e-32 [ 1.2790e-100 2.7636e-70 9.8287e-42 1.3273e-32 ] 0.0000e+00 [ 0.0000e+00 ] 1.0000e+00
 4.511e+01 8.6091e-33 8.6091e-33 [ 4.2747e-101 1.2005e-70 5.7314e-42 8.6091e-33 ] 0.0000e+00 [ 0.0000e+00 ] 1.0000e+00
 4.522e+01 5.5778e-33 5.5778e-33 [ 1.4255e-101 5.2041e-71 3.3376e-42 5.5778e-33 ] 0.0000e+00 [ 0.0000e+00 ] 1.0000e+00
 4.533e+01 3.6098e-33 3.6098e-33 [ 4.7432e-102 2.2510e-71 1.9409e-42 3.6098e-33 ] 0.0000e+00 [ 0.0000e+00 ] 1.0000e+00
 4.545e+01 2.3336e-33 2.3336e-33 [ 1.5746e-102 9.7154e-72 1.1271e-42 2.3336e-33 ] 0.0000e+00 [ 0.0000e+00 ] 1.0000e+00
 4.556e+01 1.5069e-33 1.5069e-33 [ 5.2153e-103 4.1837e-72 6.5358e-43 1.5069e-33 ] 0.0000e+00 [ 0.0000e+00 ] 1.0000e+00
 4.567e+01 9.7202e-34 9.7202e-34 [ 1.7232e-103 1.7974e-72 3.7843e-43 9.7202e-34 ] 0.0000e+00 [ 0.0000e+00 ] 1.0000e+00
 4.579e+01 6.2629e-34 6.2629e-34 [ 5.6802e-104 7.7041e-73 2.1878e-43 6.2629e-34 ] 0.0000e+00 [ 0.0000e+00 ] 1.0000e+00
 4.590e+01 4.0309e-34 4.0309e-34 [ 1.8677e-104 3.2941e-73 1.2628e-43 4.0309e-34 ] 0.0000e+00 [ 0.0000e+00 ] 1.0000e+00
 4.601e+01 2.5915e-34 2.5915e-34 [ 6.1257e-105 1.4050e-73 7.2768e-44 2.5915e-34 ] 0.0000e+00 [ 0.0000e+00 ] 1.0000e+00
 4.613e+01 1.6642e-34 1.6642e-34 [ 2.0039e-105 5.9771e-74 4.1861e-44 1.6642e-34 ] 0.0000e+00 [ 0.0000e+00 ] 1.0000e+00
 4.624e+01 1.0676e-34 1.0676e-34 [ 6.5382e-106 2.5361e-74 2.4038e-44 1.0676e-34 ] 0.0000e+00 [ 0.0000e+00 ] 1.0000e+00
 4.635e+01 6.8410e-35 6.8410e-35 [ 2.1274e-106 1.0732e-74 1.3778e-44 6.8410e-35 ] 0.0000e+00 [ 0.0000e+00 ] 1.0000e+00
 4.647e+01 4.3789e-35 4.3789e-35 [ 6.9028e-107 4.5284e-75 7.8809e-45 4.3789e-35 ] 0.0000e+00 [ 0.0000e+00 ] 1.0000e+00
 4.658e+01 2.7998e-35 2.7998e-35 [ 2.2333e-107 1.9053e-75 4.4985e-45 2.7998e-35 ] 0.0000e+00 [ 0.0000e+00 ] 1.0000e+00
 4.669e+01 1.7882e-35 1.7882e-35 [ 7.2042e-108 7.9928e-76 2.5620e-45 1.7882e-35 ] 0.0000e+00 [ 0.0000e+00 ] 1.0000e+00
 4.681e+01 1.1408e-35 1.1408e-35 [ 2.3168e-108 3.3426e-76 1.4557e-45 1.1408e-35 ] 0.0000e+00 [ 0.0000e+00 ] 1.0000e+00
 4.692e+01 7.2706e-36 7.2706e-36 [ 7.4271e-109 1.3934e-76 8.2501e-46 7.2706e-36 ] 0.0000e+00 [ 0.0000e+00 ] 1.0000e+00
 4.703e+01 4.6285e-36 4.6285e-36 [ 2.3731e-109 5.7889e-77 4.6630e-46 4.6285e-36 ] 0.0000e+00 [ 0.0000e+00 ] 1.0000e+00
 4.715e+01 2.9433e-36 2.9433e-36 [ 7.5565e-110 2.3967e-77 2.6279e-46 2.9433e-36 ] 0.0000e+00 [ 0.0000e+00 ] 1.0000e+00
 4.726e+01 1.8696e-36 1.8696e-36 [ 2.3976e-110 9.8867e-78 1.4763e-46 1.8696e-36 ] 0.0000e+00 [ 0.0000e+00 ] 1.0000e+00
 4.737e+01 1.1863e-36 1.1863e-36 [ 7.5790e-111 4.0628e-78 8.2663e-47 1.1863e-36 ] 0.0000e+00 [ 0.0000e+00 ] 1.0000e+00
 4.749e+01 7.5193e-37 7.5193e-37 [ 2.3864e-111 1.6629e-78 4.6117e-47 7.5193e-37 ] 0.0000e+00 [ 0.0000e+00 ] 1.0000e+00
 4.760e+01 4.7608e-37 4.7608e-37 [ 7.4831e-112 6.7772e-79 2.5627e-47 4.7608e-37 ] 0.0000e+00 [ 0.0000e+00 ] 1.0000e+00
 4.771e+01 3.0109e-37 3.0109e-37 [ 2.3362e-112 2.7497e-79 1.4181e-47 3.0109e-37 ] 0.0000e+00 [ 0.0000e+00 ] 1.0000e+00
 4.783e+01 1.9021e-37 1.9021e-37 [ 7.2599e-113 1.1103e-79 7.8107e-48 1.9021e-37 ] 0.0000e+00 [ 0.0000e+00 ] 1.0000e+00
 4.794e+01 1.2003e-37 1.2003e-37 [ 2.2448e-113 4.4607e-80 4.2806e-48 1.2003e-37 ] 0.0000e+00 [ 0.0000e+00 ] 1.0000e+00
 4.805e+01 7.5657e-38 7.5657e-38 [ 6.9041e-114 1.7822e-80 2.3330e-48 7.5657e-38 ] 0.0000e+00 [ 0.0000e+00 ] 1.0000e+00
 4.817e+01 4.7631e-38 4.7631e-38 [ 2.1111e-114 7.0782e-81 1.2639e-48 4.7631e-38 ] 0.0000e+00 [ 0.0000e+00 ] 1.0000e+00
 4.828e+01 2.9949e-38 2.9949e-38 [ 6.4142e-115 2.7929e-81 6.8017e-49 2.9949e-38 ] 0.0000e+00 [ 0.0000e+00 ] 1.0000e+00
 4.839e+01 1.8806e-38 1.8806e-38 [ 1.9352e-115 1.0941e-81 3.6332e-49 1.8806e-38 ] 0.0000e+00 [ 0.0000e+00 ] 1.0000e+00
 4.851e+01 1.1790e-38 1.1790e-38 [ 5.7930e-116 4.2518e-82 1.9246e-49 1.1790e-38 ] 0.0000e+00 [ 0.0000e+00 ] 1.0000e+00
 4.862e+01 7.3786e-39 7.3786e-39 [ 1.7188e-116 1.6374e-82 1.0099e-49 7.3786e-39 ] 0.0000e+00 [ 0.0000e+00 ] 1.0000e+00
 4.873e+01 4.6072e-39 4.6072e-39 [ 5.0476e-117 6.2402e-83 5.2421e-50 4.6072e-39 ] 0.0000e+00 [ 0.0000e+00 ] 1.0000e+00
 4.885e+01 2.8680e-39 2.8680e-39 [ 1.4647e-117 2.3494e-83 2.6867e-50 2.8680e-39 ] 0.0000e+00 [ 0.0000e+00 ] 1.0000e+00
 4.896e+01 1.7776e-39 1.7776e-39 [ 4.1897e-118 8.7174e-84 1.3562e-50 1.7776e-39 ] 0.0000e+00 [ 0.0000e+00 ] 1.0000e+00
 4.907e+01 1.0946e-39 1.0946e-39 [ 1.1774e-118 3.1773e-84 6.7197e-51 1.0946e-39 ] 0.0000e+00 [ 0.0000e+00 ] 1.0000e+00
 4.919e+01 6.6685e-40 6.6685e-40 [ 3.2352e-119 1.1319e-84 3.2510e-51 6.6685e-40 ] 0.0000e+00 [ 0.0000e+00 ] 1.0000e+00
 4.930e+01 3.9888e-40 3.9888e-40 [ 8.6253e-120 3.9118e-85 1.5227e-51 3.9888e-40 ] 0.0000e+00 [ 0.0000e+00 ] 1.0000e+00
 4.941e+01 2.3062e-40 2.3062e-40 [ 2.2032e-120 1.2943e-85 6.7978e-52 2.3062e-40 ] 0.0000e+00 [ 0.0000e+00 ] 1.0000e+00
 4.953e+01 1.2445e-40 1.2445e-40 [ 5.2614e-121 3.9927e-86 2.7965e-52 1.2445e-40 ] 0.0000e+00 [ 0.0000e+00 ] 1.0000e+00
 4.964e+01 5.7340e-41 5.7340e-41 [ 1.1056e-121 1.0710e-86 9.7066e-53 5.7340e-41 ] 0.0000e+00 [ 0.0000e+00 ] 1.0000e+00
 4.975e+01 1.6651e-41 1.6651e-41 [ 1.5952e-122 1.8851e-87 2.0666e-53 1.6651e-41 ] 0.0000e+00 [ 0.0000e+00 ] 1.0000e+00
 4.987e+01 0.0000e+00 0.0000e+00 [ 0.0000e+00 0.0000e+00 0.0000e+00 0.0000e+00 ] 0.0000e+00 [ 0.0000e+00 ] 1.0000e+00
