 0.000e+00 0.0000e+00 0.0000e+00 [ 0.0000e+00 0.0000e+00 0.0000e+00 0.0000e+00 ] 0.0000e+00 [ 0.0000e+00 ] 1.0000e+00
 1.133e-01 3.1145e-03 3.1145e-03 [ 2.9702e-03 3.3839e-05 7.5145e-05 3.5299e-05 ] 0.0000e+00 [ 0.0000e+00 ] 9.9689e-01
 2.267e-01 5.8298e-03 5.8298e-03 [ 5.2679e-03 1.3325e-04 2.9341e-04 1.3523e-04 ] 0.0000e+00 [ 0.0000e+00 ] 9.9417e-01
 3.400e-01 8.3218e-03 8.3218e-03 [ 7.1066e-03 2.9196e-04 6.3404e-04 2.8922e-04 ] 0.0000e+00 [ 0.0000e+00 ] 9.9168e-01
 4.533e-01 1.0666e-02 1.0666e-02 [ 8.6154e-03 5.0001e-04 1.0657e-03 4.8507e-04 ] 0.0000e+00 [ 0.0000e+00 ] 9.8933e-01
 5.667e-01 1.2876e-02 1.2876e-02 [ 9.8702e-03 7.4479e-04 1.5509e-03 7.0971e-04 ] 0.0000e+00 [ 0.0000e+00 ] 9.8712e-01
 6.800e-01 1.4930e-02 1.4930e-02 [ 1.0916e-02 1.0123e-03 2.0519e-03 9.5016e-04 ] 0.0000e+00 [ 0.0000e+00 ] 9.8507e-01
 7.933e-01 1.6796e-02 1.6796e-02 [ 1.1778e-02 1.2886e-03 2.5344e-03 1.1943e-03 ] 0.0000e+00 [ 0.0000e+00 ] 9.8320e-01
 9.067e-01 1.8438e-02 1.8438e-02 [ 1.2474e-02 1.5609e-03 2.9715e-03 1.4316e-03 ] 0.0000e+00 [ 0.0000e+00 ] 9.8156e-01
 1.020e+00 1.9829e-02 1.9829e-02 [ 1.3012e-02 1.8183e-03 3.3452e-03 1.6535e-03 ] 0.0000e+00 [ 0.0000e+00 ] 9.8017e-01
 1.133e+00 2.0954e-02 2.0954e-02 [ 1.3401e-02 2.0528e-03 3.6461e-03 1.8538e-03 ] 0.0000e+00 [ 0.0000e+00 ] 9.7905e-01
 1.247e+00 2.1809e-02 2.1809e-02 [ 1.3649e-02 2.2586e-03 3.8723e-03 2.0283e-03 ] 0.0000e+00 [ 0.0000e+00 ] 9.7819e-01
 1.360e+00 2.2401e-02 2.2401e-02 [ 1.3765e-02 2.4329e-03 4.0278e-03 2.1751e-03 ] 0.0000e+00 [ 0.0000e+00 ] 9.7760e-01
 1.473e+00 2.2749e-02 2.2749e-02 [ 1.3760e-02 2.5749e-03 4.1206e-03 2.2937e-03 ] 0.0000e+00 [ 0.0000e+00 ] 9.7725e-01
 1.587e+00 2.2877e-02 2.2877e-02 [ 1.3646e-02 2.6855e-03 4.1605e-03 2.3853e-03 ] 0.0000e+00 [ 0.0000e+00 ] 9.7712e-01
 1.700e+00 2.2813e-02 2.2813e-02 [ 1.3436e-02 2.7670e-03 4.1582e-03 2.4517e-03 ] 0.0000e+00 [ 0.0000e+00 ] 9.7719e-01
 1.813e+00 2.2588e-02 2.2588e-02 [ 1.3146e-02 2.8225e-03 4.1238e-03 2.4957e-03 ] 0.0000e+00 [ 0.0000e+00 ] 9.7741e-01
 1.927e+00 2.2232e-02 2.2232e-02 [ 1.2790e-02 2.8557e-03 4.0666e-03 2.5202e-03 ] 0.0000e+00 [ 0.0000e+00 ] 9.7777e-01
 2.040e+00 2.1776e-02 2.1776e-02 [ 1.2383e-02 2.8701e-03 3.9943e-03 2.5283e-03 ] 0.0000e+00 [ 0.0000e+00 ] 9.7822e-01
 2.153e+00 2.1246e-02 2.1246e-02 [ 1.1940e-02 2.8695e-03 3.9136e-03 2.5230e-03 ] 0.0000e+00 [ 0.0000e+00 ] 9.7875e-01
 2.267e+00 2.0667e-02 2.0667e-02 [ 1.1474e-02 2.8573e-03 3.8293e-03 2.5071e-03 ] 0.0000e+00 [ 0.0000e+00 ] 9.7933e-01
 2.380e+00 2.0059e-02 2.0059e-02 [ 1.0994e-02 2.8363e-03 3.7453e-03 2.4829e-03 ] 0.0000e+00 [ 0.0000e+00 ] 9.7994e-01
 2.493e+00 1.9439e-02 1.9439e-02 [ 1.0512e-02 2.8093e-03 3.6643e-03 2.4528e-03 ] 0.0000e+00 [ 0.0000e+00 ] 9.8056e-01
 2.607e+00 1.8821e-02 1.8821e-02 [ 1.0035e-02 2.7785e-03 3.5882e-03 2.4186e-03 ] 0.0000e+00 [ 0.0000e+00 ] 9.8118e-01
 2.720e+00 1.8215e-02 1.8215e-02 [ 9.5694e-03 2.7455e-03 3.5182e-03 2.3818e-03 ] 0.0000e+00 [ 0.0000e+00 ] 9.8179e-01
 2.833e+00 1.7630e-02 1.7630e-02 [ 9.1194e-03 2.7119e-03 3.4549e-03 2.3437e-03 ] 0.0000e+00 [ 0.0000e+00 ] 9.8237e-01
 2.947e+00 1.7071e-02 1.7071e-02 [ 8.6883e-03 2.6786e-03 3.3985e-03 2.3052e-03 ] 0.0000e+00 [ 0.0000e+00 ] 9.8293e-01
 3.060e+00 1.6541e-02 1.6541e-02 [ 8.2782e-03 2.6464e-03 3.3490e-03 2.2671e-03 ] 0.0000e+00 [ 0.0000e+00 ] 9.8346e-01
 3.173e+00 1.6042e-02 1.6042e-02 [ 7.8900e-03 2.6159e-03 3.3059e-03 2.2301e-03 ] 0.0000e+00 [ 0.0000e+00 ] 9.8396e-01
 3.287e+00 1.5575e-02 1.5575e-02 [ 7.5239e-03 2.5872e-03 3.2690e-03 2.1945e-03 ] 0.0000e+00 [ 0.0000e+00 ] 9.8443e-01
 3.400e+00 1.5138e-02 1.5138e-02 [ 7.1796e-03 2.5605e-03 3.2377e-03 2.1606e-03 ] 0.0000e+00 [ 0.0000e+00 ] 9.8486e-01
 3.513e+00 1.4732e-02 1.4732e-02 [ 6.8562e-03 2.5358e-03 3.2114e-03 2.1287e-03 ] 0.0000e+00 [ 0.0000e+00 ] 9.8527e-01
 3.627e+00 1.4354e-02 1.4354e-02 [ 6.5527e-03 2.5130e-03 3.1896e-03 2.0987e-03 ] 0.0000e+00 [ 0.0000e+00 ] 9.8565e-01
 3.740e+00 1.4002e-02 1.4002e-02 [ 6.2679e-03 2.4919e-03 3.1716e-03 2.0708e-03 ] 0.0000e+00 [ 0.0000e+00 ] 9.8600e-01
 3.853e+00 1.3674e-02 1.3674e-02 [ 6.0002e-03 2.4723e-03 3.1568e-03 2.0449e-03 ] 0.0000e+00 [ 0.0000e+00 ] 9.8633e-01
 3.967e+00 1.3368e-02 1.3368e-02 [ 5.7485e-03 2.4540e-03 3.1448e-03 2.0210e-03 ] 0.0000e+00 [ 0.0000e+00 ] 9.8663e-01
 4.080e+00 1.3082e-02 1.3082e-02 [ 5.5114e-03 2.4366e-03 3.1351e-03 1.9991e-03 ] 0.0000e+00 [ 0.0000e+00 ] 9.8692e-01
 4.193e+00 1.2814e-02 1.2814e-02 [ 5.2877e-03 2.4201e-03 3.1272e-03 1.9789e-03 ] 0.0000e+00 [ 0.0000e+00 ] 9.8719e-01
 4.307e+00 1.2561e-02 1.2561e-02 [ 5.0762e-03 2.4041e-03 3.1207e-03 1.9605e-03 ] 0.0000e+00 [ 0.0000e+00 ] 9.8744e-01
 4.420e+00 1.2323e-02 1.2323e-02 [ 4.8758e-03 2.3884e-03 3.1153e-03 1.9436e-03 ] 0.0000e+00 [ 0.0000e+00 ] 9.8768e-01
 4.533e+00 1.2098e-02 1.2098e-02 [ 4.6857e-03 2.3730e-03 3.1107e-03 1.9282e-03 ] 0.0000e+00 [ 0.0000e+00 ] 9.8790e-01
 4.647e+00 1.1883e-02 1.1883e-02 [ 4.5049e-03 2.3576e-03 3.1066e-03 1.9142e-03 ] 0.0000e+00 [ 0.0000e+00 ] 9.8812e-01
 4.760e+00 1.1679e-02 1.1679e-02 [ 4.3327e-03 2.3421e-03 3.1028e-03 1.9014e-03 ] 0.0000e+00 [ 0.0000e+00 ] 9.8832e-01
 4.873e+00 1.1484e-02 1.1484e-02 [ 4.1684e-03 2.3264e-03 3.0991e-03 1.8898e-03 ] 0.0000e+00 [ 0.0000e+00 ] 9.8852e-01
 4.987e+00 1.1296e-02 1.1296e-02 [ 4.0114e-03 2.3105e-03 3.0953e-03 1.8791e-03 ] 0.0000e+00 [ 0.0000e+00 ] 9.8870e-01
 5.100e+00 1.1116e-02 1.1116e-02 [ 3.8613e-03 2.2943e-03 3.0914e-03 1.8693e-03 ] 0.0000e+00 [ 0.0000e+00 ] 9.8888e-01
 5.213e+00 1.0943e-02 1.0943e-02 [ 3.7174e-03 2.2778e-03 3.0873e-03 1.8604e-03 ] 0.0000e+00 [ 0.0000e+00 ] 9.8906e-01
 5.327e+00 1.0775e-02 1.0775e-02 [ 3.5794e-03 2.2609e-03 3.0828e-03 1.8522e-03 ] 0.0000e+00 [ 0.0000e+00 ] 9.8922e-01
 5.440e+00 1.0613e-02 1.0613e-02 [ 3.4470e-03 2.2437e-03 3.0780e-03 1.8446e-03 ] 0.0000e+00 [ 0.0000e+00 ] 9.8939e-01
 5.553e+00 1.0456e-02 1.0456e-02 [ 3.3197e-03 2.2262e-03 3.0727e-03 1.8375e-03 ] 0.0000e+00 [ 0.0000e+00 ] 9.8954e-01
 5.667e+00 1.0304e-02 1.0304e-02 [ 3.1973e-03 2.2083e-03 3.0670e-03 1.8310e-03 ] 0.0000e+00 [ 0.0000e+00 ] 9.8970e-01
 5.780e+00 1.0155e-02 1.0155e-02 [ 3.0796e-03 2.1901e-03 3.0608e-03 1.8248e-03 ] 0.0000e+00 [ 0.0000e+00 ] 9.8984e-01
 5.893e+00 1.0011e-02 1.0011e-02 [ 2.9662e-03 2.1716e-03 3.0542e-03 1.8190e-03 ] 0.0000e+00 [ 0.0000e+00 ] 9.8999e-01
 6.007e+00 9.8704e-03 9.8704e-03 [ 2.8569e-03 2.1528e-03 3.0472e-03 1.8135e-03 ] 0.0000e+00 [ 0.0000e+00 ] 9.9013e-01
 6.120e+00 9.7333e-03 9.7333e-03 [ 2.7516e-03 2.1338e-03 3.0396e-03 1.8082e-03 ] 0.0000e+00 [ 0.0000e+00 ] 9.9027e-01
 6.233e+00 9.5996e-03 9.5996e-03 [ 2.6501e-03 2.1146e-03 3.0317e-03 1.8032e-03 ] 0.0000e+00 [ 0.0000e+00 ] 9.9040e-01
 6.347e+00 9.4689e-03 9.4689e-03 [ 2.5521e-03 2.0952e-03 3.0233e-03 1.7983e-03 ] 0.0000e+00 [ 0.0000e+00 ] 9.9053e-01
 6.460e+00 9.3412e-03 9.3412e-03 [ 2.4575e-03 2.0757e-03 3.0145e-03 1.7935e-03 ] 0.0000e+00 [ 0.0000e+00 ] 9.9066e-01
 6.573e+00 9.2162e-03 9.2162e-03 [ 2.3661e-03 2.0560e-03 3.0053e-03 1.7888e-03 ] 0.0000e+00 [ 0.0000e+00 ] 9.9078e-01
 6.687e+00 9.0940e-03 9.0940e-03 [ 2.2779e-03 2.0362e-03 2.9957e-03 1.7842e-03 ] 0.0000e+00 [ 0.0000e+00 ] 9.9091e-01
 6.800e+00 8.9742e-03 8.9742e-03 [ 2.1926e-03 2.0163e-03 2.9857e-03 1.7796e-03 ] 0.0000e+00 [ 0.0000e+00 ] 9.9103e-01
 6.913e+00 8.8569e-03 8.8569e-03 [ 2.1102e-03 1.9963e-03 2.9754e-03 1.7751e-03 ] 0.0000e+00 [ 0.0000e+00 ] 9.9114e-01
 7.027e+00 8.7420e-03 8.7420e-03 [ 2.0305e-03 1.9763e-03 2.9647e-03 1.7705e-03 ] 0.0000e+00 [ 0.0000e+00 ] 9.9126e-01
 7.140e+00 8.6292e-03 8.6292e-03 [ 1.9534e-03 1.9562e-03 2.9537e-03 1.7659e-03 ] 0.0000e+00 [ 0.0000e+00 ] 9.9137e-01
 7.253e+00 8.5185e-03 8.5185e-03 [ 1.8788e-03 1.9361e-03 2.9424e-03 1.7613e-03 ] 0.0000e+00 [ 0.0000e+00 ] 9.9148e-01
 7.367e+00 8.4099e-03 8.4099e-03 [ 1.8066e-03 1.9159e-03 2.9308e-03 1.7566e-03 ] 0.0000e+00 [ 0.0000e+00 ] 9.9159e-01
 7.480e+00 8.3032e-03 8.3032e-03 [ 1.7367e-03 1.8958e-03 2.9189e-03 1.7518e-03 ] 0.0000e+00 [ 0.0000e+00 ] 9.9170e-01
 7.593e+00 8.1984e-03 8.1984e-03 [ 1.6691e-03 1.8757e-03 2.9067e-03 1.7470e-03 ] 0.0000e+00 [ 0.0000e+00 ] 9.9180e-01
 7.707e+00 8.0954e-03 8.0954e-03 [ 1.6036e-03 1.8556e-03 2.8942e-03 1.7420e-03 ] 0.0000e+00 [ 0.0000e+00 ] 9.9190e-01
 7.820e+00 7.9941e-03 7.9941e-03 [ 1.5402e-03 1.8355e-03 2.8815e-03 1.7370e-03 ] 0.0000e+00 [ 0.0000e+00 ] 9.9201e-01
 7.933e+00 7.8945e-03 7.8945e-03 [ 1.4787e-03 1.8154e-03 2.8685e-03 1.7319e-03 ] 0.0000e+00 [ 0.0000e+00 ] 9.9211e-01
 8.047e+00 7.7965e-03 7.7965e-03 [ 1.4192e-03 1.7954e-03 2.8552e-03 1.7266e-03 ] 0.0000e+00 [ 0.0000e+00 ] 9.9220e-01
 8.160e+00 7.7000e-03 7.7000e-03 [ 1.3616e-03 1.7754e-03 2.8417e-03 1.7213e-03 ] 0.0000e+00 [ 0.0000e+00 ] 9.9230e-01
 8.273e+00 7.6050e-03 7.6050e-03 [ 1.3057e-03 1.7555e-03 2.8280e-03 1.7158e-03 ] 0.0000e+00 [ 0.0000e+00 ] 9.9240e-01
 8.387e+00 7.5114e-03 7.5114e-03 [ 1.2515e-03 1.7356e-03 2.8141e-03 1.7103e-03 ] 0.0000e+00 [ 0.0000e+00 ] 9.9249e-01
 8.500e+00 7.4193e-03 7.4193e-03 [ 1.1990e-03 1.7157e-03 2.8000e-03 1.7046e-03 ] 0.0000e+00 [ 0.0000e+00 ] 9.9258e-01
 8.613e+00 7.3284e-03 7.3284e-03 [ 1.1482e-03 1.6959e-03 2.7856e-03 1.6987e-03 ] 0.0000e+00 [ 0.0000e+00 ] 9.9267e-01
 8.727e+00 7.2389e-03 7.2389e-03 [ 1.0989e-03 1.6762e-03 2.7711e-03 1.6928e-03 ] 0.0000e+00 [ 0.0000e+00 ] 9.9276e-01
 8.840e+00 7.1506e-03 7.1506e-03 [ 1.0511e-03 1.6565e-03 2.7563e-03 1.6867e-03 ] 0.0000e+00 [ 0.0000e+00 ] 9.9285e-01
 8.953e+00 7.0636e-03 7.0636e-03 [ 1.0048e-03 1.6369e-03 2.7414e-03 1.6805e-03 ] 0.0000e+00 [ 0.0000e+00 ] 9.9294e-01
 9.067e+00 6.9778e-03 6.9778e-03 [ 9.5991e-04 1.6173e-03 2.7263e-03 1.6742e-03 ] 0.0000e+00 [ 0.0000e+00 ] 9.9302e-01
 9.180e+00 6.8931e-03 6.8931e-03 [ 9.1642e-04 1.5978e-03 2.7111e-03 1.6678e-03 ] 0.0000e+00 [ 0.0000e+00 ] 9.9311e-01
 9.293e+00 6.8095e-03 6.8095e-03 [ 8.7429e-04 1.5783e-03 2.6957e-03 1.6612e-03 ] 0.0000e+00 [ 0.0000e+00 ] 9.9319e-01
 9.407e+00 6.7270e-03 6.7270e-03 [ 8.3347e-04 1.5589e-03 2.6801e-03 1.6545e-03 ] 0.0000e+00 [ 0.0000e+00 ] 9.9327e-01
 9.520e+00 6.6456e-03 6.6456e-03 [ 7.9394e-04 1.5395e-03 2.6645e-03 1.6477e-03 ] 0.0000e+00 [ 0.0000e+00 ] 9.9335e-01
 9.633e+00 6.5653e-03 6.5653e-03 [ 7.5567e-04 1.5202e-03 2.6486e-03 1.6408e-03 ] 0.0000e+00 [ 0.0000e+00 ] 9.9343e-01
 9.747e+00 6.4859e-03 6.4859e-03 [ 7.1861e-04 1.5008e-03 2.6327e-03 1.6338e-03 ] 0.0000e+00 [ 0.0000e+00 ] 9.9351e-01
 9.860e+00 6.4076e-03 6.4076e-03 [ 6.8276e-04 1.4815e-03 2.6167e-03 1.6267e-03 ] 0.0000e+00 [ 0.0000e+00 ] 9.9359e-01
 9.973e+00 6.3303e-03 6.3303e-03 [ 6.4807e-04 1.4623e-03 2.6005e-03 1.6194e-03 ] 0.0000e+00 [ 0.0000e+00 ] 9.9367e-01
 1.009e+01 6.2539e-03 6.2539e-03 [ 6.1454e-04 1.4430e-03 2.5843e-03 1.6121e-03 ] 0.0000e+00 [ 0.0000e+00 ] 9.9375e-01
 1.020e+01 6.1784e-03 6.1784e-03 [ 5.8213e-04 1.4237e-03 2.5679e-03 1.6046e-03 ] 0.0000e+00 [ 0.0000e+00 ] 9.9382e-01
 1.031e+01 6.1039e-03 6.1039e-03 [ 5.5083e-04 1.4045e-03 2.5515e-03 1.5971e-03 ] 0.0000e+00 [ 0.0000e+00 ] 9.9390e-01
 1.043e+01 6.0303e-03 6.0303e-03 [ 5.2062e-04 1.3852e-03 2.5350e-03 1.5895e-03 ] 0.0000e+00 [ 0.0000e+00 ] 9.9397e-01
 1.054e+01 5.9576e-03 5.9576e-03 [ 4.9147e-04 1.3659e-03 2.5185e-03 1.5818e-03 ] 0.0000e+00 [ 0.0000e+00 ] 9.9404e-01
 1.065e+01 5.8858e-03 5.8858e-03 [ 4.6338e-04 1.3465e-03 2.5019e-03 1.5740e-03 ] 0.0000e+00 [ 0.0000e+00 ] 9.9411e-01
 1.077e+01 5.8148e-03 5.8148e-03 [ 4.3633e-04 1.3271e-03 2.4853e-03 1.5661e-03 ] 0.0000e+00 [ 0.0000e+00 ] 9.9419e-01
 1.088e+01 5.7447e-03 5.7447e-03 [ 4.1031e-04 1.3077e-03 2.4686e-03 1.5582e-03 ] 0.0000e+00 [ 0.0000e+00 ] 9.9426e-01
 1.099e+01 5.6755e-03 5.6755e-03 [ 3.8529e-04 1.2881e-03 2.4519e-03 1.5501e-03 ] 0.0000e+00 [ 0.0000e+00 ] 9.9432e-01
 1.111e+01 5.6070e-03 5.6070e-03 [ 3.6127e-04 1.2685e-03 2.4351e-03 1.5421e-03 ] 0.0000e+00 [ 0.0000e+00 ] 9.9439e-01
 1.122e+01 5.5394e-03 5.5394e-03 [ 3.3823e-04 1.2489e-03 2.4184e-03 1.5339e-03 ] 0.0000e+00 [ 0.0000e+00 ] 9.9446e-01
 1.133e+01 5.4726e-03 5.4726e-03 [ 3.1617e-04 1.2291e-03 2.4016e-03 1.5257e-03 ] 0.0000e+00 [ 0.0000e+00 ] 9.9453e-01
 1.145e+01 5.4066e-03 5.4066e-03 [ 2.9506e-04 1.2092e-03 2.3849e-03 1.5175e-03 ] 0.0000e+00 [ 0.0000e+00 ] 9.9459e-01
 1.156e+01 5.3414e-03 5.3414e-03 [ 2.7489e-04 1.1892e-03 2.3681e-03 1.5092e-03 ] 0.0000e+00 [ 0.0000e+00 ] 9.9466e-01
 1.167e+01 5.2770e-03 5.2770e-03 [ 2.5565e-04 1.1691e-03 2.3513e-03 1.5008e-03 ] 0.0000e+00 [ 0.0000e+00 ] 9.9472e-01
 1.179e+01 5.2133e-03 5.2133e-03 [ 2.3733e-04 1.1489e-03 2.3346e-03 1.4925e-03 ] 0.0000e+00 [ 0.0000e+00 ] 9.9479e-01
 1.190e+01 5.1504e-03 5.1504e-03 [ 2.1992e-04 1.1286e-03 2.3178e-03 1.4840e-03 ] 0.0000e+00 [ 0.0000e+00 ] 9.9485e-01
 1.201e+01 5.0882e-03 5.0882e-03 [ 2.0338e-04 1.1081e-03 2.3011e-03 1.4756e-03 ] 0.0000e+00 [ 0.0000e+00 ] 9.9491e-01
 1.213e+01 5.0267e-03 5.0267e-03 [ 1.8772e-04 1.0875e-03 2.2844e-03 1.4671e-03 ] 0.0000e+00 [ 0.0000e+00 ] 9.9497e-01
 1.224e+01 4.9660e-03 4.9660e-03 [ 1.7290e-04 1.0668e-03 2.2677e-03 1.4586e-03 ] 0.0000e+00 [ 0.0000e+00 ] 9.9503e-01
 1.235e+01 4.9060e-03 4.9060e-03 [ 1.5893e-04 1.0460e-03 2.2510e-03 1.4501e-03 ] 0.0000e+00 [ 0.0000e+00 ] 9.9509e-01
 1.247e+01 4.8467e-03 4.8467e-03 [ 1.4576e-04 1.0250e-03 2.2344e-03 1.4415e-03 ] 0.0000e+00 [ 0.0000e+00 ] 9.9515e-01
 1.258e+01 4.7880e-03 4.7880e-03 [ 1.3339e-04 1.0039e-03 2.2178e-03 1.4330e-03 ] 0.0000e+00 [ 0.0000e+00 ] 9.9521e-01
 1.269e+01 4.7301e-03 4.7301e-03 [ 1.2179e-04 9.8270e-04 2.2012e-03 1.4244e-03 ] 0.0000e+00 [ 0.0000e+00 ] 9.9527e-01
 1.281e+01 4.6728e-03 4.6728e-03 [ 1.1094e-04 9.6139e-04 2.1847e-03 1.4158e-03 ] 0.0000e+00 [ 0.0000e+00 ] 9.9533e-01
 1.292e+01 4.6161e-03 4.6161e-03 [ 1.0081e-04 9.3999e-04 2.1681e-03 1.4072e-03 ] 0.0000e+00 [ 0.0000e+00 ] 9.9538e-01
 1.303e+01 4.5601e-03 4.5601e-03 [ 9.1384e-05 9.1850e-04 2.1517e-03 1.3986e-03 ] 0.0000e+00 [ 0.0000e+00 ] 9.9544e-01
 1.315e+01 4.5047e-03 4.5047e-03 [ 8.2630e-05 8.9694e-04 2.1352e-03 1.3899e-03 ] 0.0000e+00 [ 0.0000e+00 ] 9.9550e-01
 1.326e+01 4.4499e-03 4.4499e-03 [ 7.4523e-05 8.7533e-04 2.1188e-03 1.3813e-03 ] 0.0000e+00 [ 0.0000e+00 ] 9.9555e-01
 1.337e+01 4.3958e-03 4.3958e-03 [ 6.7036e-05 8.5367e-04 2.1024e-03 1.3727e-03 ] 0.0000e+00 [ 0.0000e+00 ] 9.9560e-01
 1.349e+01 4.3422e-03 4.3422e-03 [ 6.0139e-05 8.3199e-04 2.0860e-03 1.3640e-03 ] 0.0000e+00 [ 0.0000e+00 ] 9.9566e-01
 1.360e+01 4.2891e-03 4.2891e-03 [ 5.3805e-05 8.1029e-04 2.0697e-03 1.3554e-03 ] 0.0000e+00 [ 0.0000e+00 ] 9.9571e-01
 1.371e+01 4.2367e-03 4.2367e-03 [ 4.8004e-05 7.8861e-04 2.0533e-03 1.3467e-03 ] 0.0000e+00 [ 0.0000e+00 ] 9.9576e-01
 1.383e+01 4.1848e-03 4.1848e-03 [ 4.2707e-05 7.6695e-04 2.0370e-03 1.3381e-03 ] 0.0000e+00 [ 0.0000e+00 ] 9.9582e-01
 1.394e+01 4.1334e-03 4.1334e-03 [ 3.7885e-05 7.4534e-04 2.0208e-03 1.3294e-03 ] 0.0000e+00 [ 0.0000e+00 ] 9.9587e-01
 1.405e+01 4.0825e-03 4.0825e-03 [ 3.3508e-05 7.2379e-04 2.0045e-03 1.3207e-03 ] 0.0000e+00 [ 0.0000e+00 ] 9.9592e-01
 1.417e+01 4.0322e-03 4.0322e-03 [ 2.9549e-05 7.0233e-04 1.9883e-03 1.3121e-03 ] 0.0000e+00 [ 0.0000e+00 ] 9.9597e-01
 1.428e+01 3.9824e-03 3.9824e-03 [ 2.5979e-05 6.8097e-04 1.9720e-03 1.3034e-03 ] 0.0000e+00 [ 0.0000e+00 ] 9.9602e-01
 1.439e+01 3.9331e-03 3.9331e-03 [ 2.2769e-05 6.5974e-04 1.9558e-03 1.2947e-03 ] 0.0000e+00 [ 0.0000e+00 ] 9.9607e-01
 1.451e+01 3.8842e-03 3.8842e-03 [ 1.9894e-05 6.3865e-04 1.9396e-03 1.2861e-03 ] 0.0000e+00 [ 0.0000e+00 ] 9.9612e-01
 1.462e+01 3.8358e-03 3.8358e-03 [ 1.7327e-05 6.1773e-04 1.9234e-03 1.2774e-03 ] 0.0000e+00 [ 0.0000e+00 ] 9.9616e-01
 1.473e+01 3.7879e-03 3.7879e-03 [ 1.5042e-05 5.9699e-04 1.9072e-03 1.2687e-03 ] 0.0000e+00 [ 0.0000e+00 ] 9.9621e-01
 1.485e+01 3.7405e-03 3.7405e-03 [ 1.3016e-05 5.7645e-04 1.8910e-03 1.2600e-03 ] 0.0000e+00 [ 0.0000e+00 ] 9.9626e-01
 1.496e+01 3.6935e-03 3.6935e-03 [ 1.1226e-05 5.5613e-04 1.8748e-03 1.2513e-03 ] 0.0000e+00 [ 0.0000e+00 ] 9.9631e-01
 1.507e+01 3.6469e-03 3.6469e-03 [ 9.6493e-06 5.3606e-04 1.8586e-03 1.2426e-03 ] 0.0000e+00 [ 0.0000e+00 ] 9.9635e-01
 1.519e+01 3.6008e-03 3.6008e-03 [ 8.2660e-06 5.1623e-04 1.8424e-03 1.2339e-03 ] 0.0000e+00 [ 0.0000e+00 ] 9.9640e-01
 1.530e+01 3.5551e-03 3.5551e-03 [ 7.0568e-06 4.9668e-04 1.8262e-03 1.2252e-03 ] 0.0000e+00 [ 0.0000e+00 ] 9.9644e-01
 1.541e+01 3.5099e-03 3.5099e-03 [ 6.0035e-06 4.7741e-04 1.8099e-03 1.2165e-03 ] 0.0000e+00 [ 0.0000e+00 ] 9.9649e-01
 1.553e+01 3.4650e-03 3.4650e-03 [ 5.0896e-06 4.5845e-04 1.7936e-03 1.2078e-03 ] 0.0000e+00 [ 0.0000e+00 ] 9.9653e-01
 1.564e+01 3.4206e-03 3.4206e-03 [ 4.2994e-06 4.3980e-04 1.7773e-03 1.1991e-03 ] 0.0000e+00 [ 0.0000e+00 ] 9.9658e-01
 1.575e+01 3.3766e-03 3.3766e-03 [ 3.6189e-06 4.2148e-04 1.7610e-03 1.1904e-03 ] 0.0000e+00 [ 0.0000e+00 ] 9.9662e-01
 1.587e+01 3.3329e-03 3.3329e-03 [ 3.0351e-06 4.0350e-04 1.7447e-03 1.1818e-03 ] 0.0000e+00 [ 0.0000e+00 ] 9.9667e-01
 1.598e+01 3.2897e-03 3.2897e-03 [ 2.5362e-06 3.8587e-04 1.7282e-03 1.1731e-03 ] 0.0000e+00 [ 0.0000e+00 ] 9.9671e-01
 1.609e+01 3.2469e-03 3.2469e-03 [ 2.1114e-06 3.6861e-04 1.7118e-03 1.1644e-03 ] 0.0000e+00 [ 0.0000e+00 ] 9.9675e-01
 1.621e+01 3.2045e-03 3.2045e-03 [ 1.7512e-06 3.5172e-04 1.6953e-03 1.1557e-03 ] 0.0000e+00 [ 0.0000e+00 ] 9.9680e-01
 1.632e+01 3.1625e-03 3.1625e-03 [ 1.4470e-06 3.3522e-04 1.6787e-03 1.1471e-03 ] 0.0000e+00 [ 0.0000e+00 ] 9.9684e-01
 1.643e+01 3.1209e-03 3.1209e-03 [ 1.1912e-06 3.1911e-04 1.6621e-03 1.1385e-03 ] 0.0000e+00 [ 0.0000e+00 ] 9.9688e-01
 1.655e+01 3.0796e-03 3.0796e-03 [ 9.7676e-07 3.0340e-04 1.6454e-03 1.1298e-03 ] 0.0000e+00 [ 0.0000e+00 ] 9.9692e-01
 1.666e+01 3.0388e-03 3.0388e-03 [ 7.9786e-07 2.8810e-04 1.6287e-03 1.1212e-03 ] 0.0000e+00 [ 0.0000e+00 ] 9.9696e-01
 1.677e+01 2.9983e-03 2.9983e-03 [ 6.4919e-07 2.7322e-04 1.6118e-03 1.1127e-03 ] 0.0000e+00 [ 0.0000e+00 ] 9.9700e-01
 1.689e+01 2.9583e-03 2.9583e-03 [ 5.2615e-07 2.5876e-04 1.5949e-03 1.1041e-03 ] 0.0000e+00 [ 0.0000e+00 ] 9.9704e-01
 1.700e+01 2.9186e-03 2.9186e-03 [ 4.2475e-07 2.4473e-04 1.5779e-03 1.0956e-03 ] 0.0000e+00 [ 0.0000e+00 ] 9.9708e-01
 1.711e+01 2.8793e-03 2.8793e-03 [ 3.4152e-07 2.3113e-04 1.5607e-03 1.0871e-03 ] 0.0000e+00 [ 0.0000e+00 ] 9.9712e-01
 1.723e+01 2.8404e-03 2.8404e-03 [ 2.7350e-07 2.1798e-04 1.5435e-03 1.0786e-03 ] 0.0000e+00 [ 0.0000e+00 ] 9.9716e-01
 1.734e+01 2.8018e-03 2.8018e-03 [ 2.1814e-07 2.0526e-04 1.5262e-03 1.0702e-03 ] 0.0000e+00 [ 0.0000e+00 ] 9.9720e-01
 1.745e+01 2.7637e-03 2.7637e-03 [ 1.7328e-07 1.9299e-04 1.5087e-03 1.0618e-03 ] 0.0000e+00 [ 0.0000e+00 ] 9.9724e-01
 1.757e+01 2.7259e-03 2.7259e-03 [ 1.3708e-07 1.8116e-04 1.4912e-03 1.0534e-03 ] 0.0000e+00 [ 0.0000e+00 ] 9.9727e-01
 1.768e+01 2.6885e-03 2.6885e-03 [ 1.0800e-07 1.6978e-04 1.4735e-03 1.0451e-03 ] 0.0000e+00 [ 0.0000e+00 ] 9.9731e-01
 1.779e+01 2.6514e-03 2.6514e-03 [ 8.4733e-08 1.5885e-04 1.4557e-03 1.0368e-03 ] 0.0000e+00 [ 0.0000e+00 ] 9.9735e-01
 1.791e+01 2.6147e-03 2.6147e-03 [ 6.6202e-08 1.4837e-04 1.4377e-03 1.0286e-03 ] 0.0000e+00 [ 0.0000e+00 ] 9.9739e-01
 1.802e+01 2.5784e-03 2.5784e-03 [ 5.1506e-08 1.3834e-04 1.4196e-03 1.0204e-03 ] 0.0000e+00 [ 0.0000e+00 ] 9.9742e-01
 1.813e+01 2.5424e-03 2.5424e-03 [ 3.9902e-08 1.2875e-04 1.4014e-03 1.0123e-03 ] 0.0000e+00 [ 0.0000e+00 ] 9.9746e-01
 1.825e+01 2.5068e-03 2.5068e-03 [ 3.0782e-08 1.1960e-04 1.3830e-03 1.0042e-03 ] 0.0000e+00 [ 0.0000e+00 ] 9.9749e-01
 1.836e+01 2.4715e-03 2.4715e-03 [ 2.3644e-08 1.1088e-04 1.3645e-03 9.9618e-04 ] 0.0000e+00 [ 0.0000e+00 ] 9.9753e-01
 1.847e+01 2.4366e-03 2.4366e-03 [ 1.8084e-08 1.0260e-04 1.3458e-03 9.8820e-04 ] 0.0000e+00 [ 0.0000e+00 ] 9.9756e-01
 1.859e+01 2.4020e-03 2.4020e-03 [ 1.3771e-08 9.4752e-05 1.3269e-03 9.8028e-04 ] 0.0000e+00 [ 0.0000e+00 ] 9.9760e-01
 1.870e+01 2.3677e-03 2.3677e-03 [ 1.0441e-08 8.7319e-05 1.3079e-03 9.7240e-04 ] 0.0000e+00 [ 0.0000e+00 ] 9.9763e-01
 1.881e+01 2.3337e-03 2.3337e-03 [ 7.8819e-09 8.0299e-05 1.2888e-03 9.6457e-04 ] 0.0000e+00 [ 0.0000e+00 ] 9.9767e-01
 1.893e+01 2.3000e-03 2.3000e-03 [ 5.9238e-09 7.3684e-05 1.2695e-03 9.5680e-04 ] 0.0000e+00 [ 0.0000e+00 ] 9.9770e-01
 1.904e+01 2.2666e-03 2.2666e-03 [ 4.4324e-09 6.7463e-05 1.2501e-03 9.4907e-04 ] 0.0000e+00 [ 0.0000e+00 ] 9.9773e-01
 1.915e+01 2.2335e-03 2.2335e-03 [ 3.3018e-09 6.1627e-05 1.2305e-03 9.4138e-04 ] 0.0000e+00 [ 0.0000e+00 ] 9.9777e-01
 1.927e+01 2.2006e-03 2.2006e-03 [ 2.4486e-09 5.6165e-05 1.2107e-03 9.3374e-04 ] 0.0000e+00 [ 0.0000e+00 ] 9.9780e-01
 1.938e+01 2.1681e-03 2.1681e-03 [ 1.8077e-09 5.1065e-05 1.1909e-03 9.2613e-04 ] 0.0000e+00 [ 0.0000e+00 ] 9.9783e-01
 1.949e+01 2.1357e-03 2.1357e-03 [ 1.3286e-09 4.6315e-05 1.1708e-03 9.1856e-04 ] 0.0000e+00 [ 0.0000e+00 ] 9.9786e-01
 1.961e+01 2.1036e-03 2.1036e-03 [ 9.7201e-10 4.1903e-05 1.1507e-03 9.1101e-04 ] 0.0000e+00 [ 0.0000e+00 ] 9.9790e-01
 1.972e+01 2.0717e-03 2.0717e-03 [ 7.0789e-10 3.7815e-05 1.1304e-03 9.0349e-04 ] 0.0000e+00 [ 0.0000e+00 ] 9.9793e-01
 1.983e+01 2.0400e-03 2.0400e-03 [ 5.1319e-10 3.4037e-05 1.1099e-03 8.9599e-04 ] 0.0000e+00 [ 0.0000e+00 ] 9.9796e-01
 1.995e+01 2.0084e-03 2.0084e-03 [ 3.7033e-10 3.0555e-05 1.0894e-03 8.8849e-04 ] 0.0000e+00 [ 0.0000e+00 ] 9.9799e-01
 2.006e+01 1.9770e-03 1.9770e-03 [ 2.6600e-10 2.7356e-05 1.0687e-03 8.8100e-04 ] 0.0000e+00 [ 0.0000e+00 ] 9.9802e-01
 2.017e+01 1.9458e-03 1.9458e-03 [ 1.9018e-10 2.4424e-05 1.0479e-03 8.7351e-04 ] 0.0000e+00 [ 0.0000e+00 ] 9.9805e-01
 2.029e+01 1.9147e-03 1.9147e-03 [ 1.3534e-10 2.1745e-05 1.0270e-03 8.6599e-04 ] 0.0000e+00 [ 0.0000e+00 ] 9.9809e-01
 2.040e+01 1.8837e-03 1.8837e-03 [ 9.5863e-11 1.9305e-05 1.0060e-03 8.5845e-04 ] 0.0000e+00 [ 0.0000e+00 ] 9.9812e-01
 2.051e+01 1.8528e-03 1.8528e-03 [ 6.7582e-11 1.7088e-05 9.8485e-04 8.5088e-04 ] 0.0000e+00 [ 0.0000e+00 ] 9.9815e-01
 2.063e+01 1.8220e-03 1.8220e-03 [ 4.7419e-11 1.5082e-05 9.6365e-04 8.4325e-04 ] 0.0000e+00 [ 0.0000e+00 ] 9.9818e-01
 2.074e+01 1.7912e-03 1.7912e-03 [ 3.3115e-11 1.3270e-05 9.4236e-04 8.3557e-04 ] 0.0000e+00 [ 0.0000e+00 ] 9.9821e-01
 2.085e+01 1.7604e-03 1.7604e-03 [ 2.3015e-11 1.1640e-05 9.2099e-04 8.2782e-04 ] 0.0000e+00 [ 0.0000e+00 ] 9.9824e-01
 2.097e+01 1.7297e-03 1.7297e-03 [ 1.5920e-11 1.0179e-05 8.9955e-04 8.1997e-04 ] 0.0000e+00 [ 0.0000e+00 ] 9.9827e-01
 2.108e+01 1.6989e-03 1.6989e-03 [ 1.0959e-11 8.8724e-06 8.7804e-04 8.1203e-04 ] 0.0000e+00 [ 0.0000e+00 ] 9.9830e-01
 2.119e+01 1.6682e-03 1.6682e-03 [ 7.5078e-12 7.7087e-06 8.5647e-04 8.0398e-04 ] 0.0000e+00 [ 0.0000e+00 ] 9.9833e-01
 2.131e+01 1.6373e-03 1.6373e-03 [ 5.1186e-12 6.6755e-06 8.3485e-04 7.9579e-04 ] 0.0000e+00 [ 0.0000e+00 ] 9.9836e-01
 2.142e+01 1.6064e-03 1.6064e-03 [ 3.4728e-12 5.7615e-06 8.1319e-04 7.8745e-04 ] 0.0000e+00 [ 0.0000e+00 ] 9.9839e-01
 2.153e+01 1.5754e-03 1.5754e-03 [ 2.3448e-12 4.9558e-06 7.9149e-04 7.7896e-04 ] 0.0000e+00 [ 0.0000e+00 ] 9.9842e-01
 2.165e+01 1.5443e-03 1.5443e-03 [ 1.5754e-12 4.2480e-06 7.6976e-04 7.7028e-04 ] 0.0000e+00 [ 0.0000e+00 ] 9.9846e-01
 2.176e+01 1.5131e-03 1.5131e-03 [ 1.0533e-12 3.6286e-06 7.4802e-04 7.6142e-04 ] 0.0000e+00 [ 0.0000e+00 ] 9.9849e-01
 2.187e+01 1.4817e-03 1.4817e-03 [ 7.0076e-13 3.0884e-06 7.2626e-04 7.5233e-04 ] 0.0000e+00 [ 0.0000e+00 ] 9.9852e-01
 2.199e+01 1.4502e-03 1.4502e-03 [ 4.6392e-13 2.6192e-06 7.0451e-04 7.4303e-04 ] 0.0000e+00 [ 0.0000e+00 ] 9.9855e-01
 2.210e+01 1.4185e-03 1.4185e-03 [ 3.0561e-13 2.2132e-06 6.8277e-04 7.3347e-04 ] 0.0000e+00 [ 0.0000e+00 ] 9.9858e-01
 2.221e+01 1.3866e-03 1.3866e-03 [ 2.0032e-13 1.8632e-06 6.6106e-04 7.2366e-04 ] 0.0000e+00 [ 0.0000e+00 ] 9.9861e-01
 2.233e+01 1.3545e-03 1.3545e-03 [ 1.3066e-13 1.5626e-06 6.3938e-04 7.1357e-04 ] 0.0000e+00 [ 0.0000e+00 ] 9.9865e-01
 2.244e+01 1.3223e-03 1.3223e-03 [ 8.4792e-14 1.3055e-06 6.1775e-04 7.0319e-04 ] 0.0000e+00 [ 0.0000e+00 ] 9.9868e-01
 2.255e+01 1.2898e-03 1.2898e-03 [ 5.4752e-14 1.0865e-06 5.9619e-04 6.9251e-04 ] 0.0000e+00 [ 0.0000e+00 ] 9.9871e-01
 2.267e+01 1.2571e-03 1.2571e-03 [ 3.5178e-14 9.0071e-07 5.7471e-04 6.8152e-04 ] 0.0000e+00 [ 0.0000e+00 ] 9.9874e-01
 2.278e+01 1.2243e-03 1.2243e-03 [ 2.2487e-14 7.4373e-07 5.5333e-04 6.7019e-04 ] 0.0000e+00 [ 0.0000e+00 ] 9.9878e-01
 2.289e+01 1.1912e-03 1.1912e-03 [ 1.4303e-14 6.1164e-07 5.3207e-04 6.5853e-04 ] 0.0000e+00 [ 0.0000e+00 ] 9.9881e-01
 2.301e+01 1.1580e-03 1.1580e-03 [ 9.0511e-15 5.0098e-07 5.1095e-04 6.4653e-04 ] 0.0000e+00 [ 0.0000e+00 ] 9.9884e-01
 2.312e+01 1.1246e-03 1.1246e-03 [ 5.6987e-15 4.0865e-07 4.8999e-04 6.3418e-04 ] 0.0000e+00 [ 0.0000e+00 ] 9.9888e-01
 2.323e+01 1.0910e-03 1.0910e-03 [ 3.5698e-15 3.3196e-07 4.6921e-04 6.2147e-04 ] 0.0000e+00 [ 0.0000e+00 ] 9.9891e-01
 2.335e+01 1.0573e-03 1.0573e-03 [ 2.2248e-15 2.6852e-07 4.4864e-04 6.0841e-04 ] 0.0000e+00 [ 0.0000e+00 ] 9.9894e-01
 2.346e+01 1.0235e-03 1.0235e-03 [ 1.3795e-15 2.1629e-07 4.2829e-04 5.9500e-04 ] 0.0000e+00 [ 0.0000e+00 ] 9.9898e-01
 2.357e+01 9.8962e-04 9.8962e-04 [ 8.5104e-16 1.7347e-07 4.0820e-04 5.8124e-04 ] 0.0000e+00 [ 0.0000e+00 ] 9.9901e-01
 2.369e+01 9.5568e-04 9.5568e-04 [ 5.2232e-16 1.3853e-07 3.8840e-04 5.6714e-04 ] 0.0000e+00 [ 0.0000e+00 ] 9.9904e-01
 2.380e+01 9.2173e-04 9.2173e-04 [ 3.1894e-16 1.1014e-07 3.6891e-04 5.5271e-04 ] 0.0000e+00 [ 0.0000e+00 ] 9.9908e-01
 2.391e+01 8.8780e-04 8.8780e-04 [ 1.9375e-16 8.7184e-08 3.4975e-04 5.3796e-04 ] 0.0000e+00 [ 0.0000e+00 ] 9.9911e-01
 2.403e+01 8.5394e-04 8.5394e-04 [ 1.1710e-16 6.8705e-08 3.3096e-04 5.2291e-04 ] 0.0000e+00 [ 0.0000e+00 ] 9.9915e-01
 2.414e+01 8.2020e-04 8.2020e-04 [ 7.0408e-17 5.3901e-08 3.1257e-04 5.0758e-04 ] 0.0000e+00 [ 0.0000e+00 ] 9.9918e-01
 2.425e+01 7.8663e-04 7.8663e-04 [ 4.2118e-17 4.2095e-08 2.9460e-04 4.9199e-04 ] 0.0000e+00 [ 0.0000e+00 ] 9.9921e-01
 2.437e+01 7.5328e-04 7.5328e-04 [ 2.5065e-17 3.2725e-08 2.7708e-04 4.7617e-04 ] 0.0000e+00 [ 0.0000e+00 ] 9.9925e-01
 2.448e+01 7.2021e-04 7.2021e-04 [ 1.4840e-17 2.5324e-08 2.6004e-04 4.6014e-04 ] 0.0000e+00 [ 0.0000e+00 ] 9.9928e-01
 2.459e+01 6.8748e-04 6.8748e-04 [ 8.7415e-18 1.9506e-08 2.4351e-04 4.4395e-04 ] 0.0000e+00 [ 0.0000e+00 ] 9.9931e-01
 2.471e+01 6.5513e-04 6.5513e-04 [ 5.1227e-18 1.4955e-08 2.2750e-04 4.2762e-04 ] 0.0000e+00 [ 0.0000e+00 ] 9.9934e-01
 2.482e+01 6.2324e-04 6.2324e-04 [ 2.9866e-18 1.1412e-08 2.1204e-04 4.1118e-04 ] 0.0000e+00 [ 0.0000e+00 ] 9.9938e-01
 2.493e+01 5.9185e-04 5.9185e-04 [ 1.7323e-18 8.6677e-09 1.9716e-04 3.9469e-04 ] 0.0000e+00 [ 0.0000e+00 ] 9.9941e-01
 2.505e+01 5.6104e-04 5.6104e-04 [ 9.9964e-19 6.5520e-09 1.8286e-04 3.7817e-04 ] 0.0000e+00 [ 0.0000e+00 ] 9.9944e-01
 2.516e+01 5.3085e-04 5.3085e-04 [ 5.7391e-19 4.9293e-09 1.6917e-04 3.6168e-04 ] 0.0000e+00 [ 0.0000e+00 ] 9.9947e-01
 2.527e+01 5.0134e-04 5.0134e-04 [ 3.2781e-19 3.6907e-09 1.5609e-04 3.4525e-04 ] 0.0000e+00 [ 0.0000e+00 ] 9.9950e-01
 2.539e+01 4.7257e-04 4.7257e-04 [ 1.8629e-19 2.7501e-09 1.4364e-04 3.2892e-04 ] 0.0000e+00 [ 0.0000e+00 ] 9.9953e-01
 2.550e+01 4.4458e-04 4.4458e-04 [ 1.0532e-19 2.0394e-09 1.3183e-04 3.1275e-04 ] 0.0000e+00 [ 0.0000e+00 ] 9.9956e-01
 2.561e+01 4.1742e-04 4.1742e-04 [ 5.9247e-20 1.5050e-09 1.2065e-04 2.9677e-04 ] 0.0000e+00 [ 0.0000e+00 ] 9.9958e-01
 2.573e+01 3.9113e-04 3.9113e-04 [ 3.3160e-20 1.1053e-09 1.1010e-04 2.8103e-04 ] 0.0000e+00 [ 0.0000e+00 ] 9.9961e-01
 2.584e+01 3.6576e-04 3.6576e-04 [ 1.8465e-20 8.0782e-10 1.0019e-04 2.6556e-04 ] 0.0000e+00 [ 0.0000e+00 ] 9.9963e-01
 2.595e+01 3.4132e-04 3.4132e-04 [ 1.0231e-20 5.8753e-10 9.0908e-05 2.5041e-04 ] 0.0000e+00 [ 0.0000e+00 ] 9.9966e-01
 2.607e+01 3.1786e-04 3.1786e-04 [ 5.6401e-21 4.2524e-10 8.2239e-05 2.3562e-04 ] 0.0000e+00 [ 0.0000e+00 ] 9.9968e-01
 2.618e+01 2.9538e-04 2.9538e-04 [ 3.0938e-21 3.0628e-10 7.4173e-05 2.2121e-04 ] 0.0000e+00 [ 0.0000e+00 ] 9.9970e-01
 2.629e+01 2.7391e-04 2.7391e-04 [ 1.6886e-21 2.1952e-10 6.6694e-05 2.0722e-04 ] 0.0000e+00 [ 0.0000e+00 ] 9.9973e-01
 2.641e+01 2.5346e-04 2.5346e-04 [ 9.1707e-22 1.5658e-10 5.9785e-05 1.9368e-04 ] 0.0000e+00 [ 0.0000e+00 ] 9.9975e-01
 2.652e+01 2.3404e-04 2.3404e-04 [ 4.9560e-22 1.1114e-10 5.3425e-05 1.8061e-04 ] 0.0000e+00 [ 0.0000e+00 ] 9.9977e-01
 2.663e+01 2.1563e-04 2.1563e-04 [ 2.6652e-22 7.8500e-11 4.7592e-05 1.6804e-04 ] 0.0000e+00 [ 0.0000e+00 ] 9.9978e-01
 2.675e+01 1.9824e-04 1.9824e-04 [ 1.4262e-22 5.5178e-11 4.2261e-05 1.5598e-04 ] 0.0000e+00 [ 0.0000e+00 ] 9.9980e-01
 2.686e+01 1.8186e-04 1.8186e-04 [ 7.5950e-23 3.8597e-11 3.7408e-05 1.4445e-04 ] 0.0000e+00 [ 0.0000e+00 ] 9.9982e-01
 2.697e+01 1.6647e-04 1.6647e-04 [ 4.0250e-23 2.6868e-11 3.3006e-05 1.3346e-04 ] 0.0000e+00 [ 0.0000e+00 ] 9.9983e-01
 2.709e+01 1.5205e-04 1.5205e-04 [ 2.1227e-23 1.8613e-11 2.9028e-05 1.2302e-04 ] 0.0000e+00 [ 0.0000e+00 ] 9.9985e-01
 2.720e+01 1.3857e-04 1.3857e-04 [ 1.1142e-23 1.2832e-11 2.5447e-05 1.1312e-04 ] 0.0000e+00 [ 0.0000e+00 ] 9.9986e-01
 2.731e+01 1.2601e-04 1.2601e-04 [ 5.8200e-24 8.8041e-12 2.2235e-05 1.0378e-04 ] 0.0000e+00 [ 0.0000e+00 ] 9.9987e-01
 2.743e+01 1.1434e-04 1.1434e-04 [ 3.0258e-24 6.0117e-12 1.9365e-05 9.4975e-05 ] 0.0000e+00 [ 0.0000e+00 ] 9.9989e-01
 2.754e+01 1.0352e-04 1.0352e-04 [ 1.5657e-24 4.0854e-12 1.6810e-05 8.6714e-05 ] 0.0000e+00 [ 0.0000e+00 ] 9.9990e-01
 2.765e+01 9.3526e-05 9.3526e-05 [ 8.0636e-25 2.7631e-12 1.4545e-05 7.8982e-05 ] 0.0000e+00 [ 0.0000e+00 ] 9.9991e-01
 2.777e+01 8.4311e-05 8.4311e-05 [ 4.1336e-25 1.8600e-12 1.2543e-05 7.1768e-05 ] 0.0000e+00 [ 0.0000e+00 ] 9.9992e-01
 2.788e+01 7.5838e-05 7.5838e-05 [ 2.1092e-25 1.2462e-12 1.0782e-05 6.5057e-05 ] 0.0000e+00 [ 0.0000e+00 ] 9.9992e-01
 2.799e+01 6.8070e-05 6.8070e-05 [ 1.0713e-25 8.3103e-13 9.2371e-06 5.8833e-05 ] 0.0000e+00 [ 0.0000e+00 ] 9.9993e-01
 2.811e+01 6.0965e-05 6.0965e-05 [ 5.4165e-26 5.5160e-13 7.8880e-06 5.3077e-05 ] 0.0000e+00 [ 0.0000e+00 ] 9.9994e-01
 2.822e+01 5.4485e-05 5.4485e-05 [ 2.7262e-26 3.6443e-13 6.7138e-06 4.7771e-05 ] 0.0000e+00 [ 0.0000e+00 ] 9.9995e-01
 2.833e+01 4.8589e-05 4.8589e-05 [ 1.3659e-26 2.3966e-13 5.6958e-06 4.2893e-05 ] 0.0000e+00 [ 0.0000e+00 ] 9.9995e-01
 2.845e+01 4.3238e-05 4.3238e-05 [ 6.8133e-27 1.5689e-13 4.8164e-06 3.8422e-05 ] 0.0000e+00 [ 0.0000e+00 ] 9.9996e-01
 2.856e+01 3.8395e-05 3.8395e-05 [ 3.3835e-27 1.0224e-13 4.0595e-06 3.4336e-05 ] 0.0000e+00 [ 0.0000e+00 ] 9.9996e-01
 2.867e+01 3.4023e-05 3.4023e-05 [ 1.6728e-27 6.6322e-14 3.4105e-06 3.0612e-05 ] 0.0000e+00 [ 0.0000e+00 ] 9.9997e-01
 2.879e+01 3.0085e-05 3.0085e-05 [ 8.2344e-28 4.2831e-14 2.8561e-06 2.7229e-05 ] 0.0000e+00 [ 0.0000e+00 ] 9.9997e-01
 2.890e+01 2.6547e-05 2.6547e-05 [ 4.0358e-28 2.7537e-14 2.3840e-06 2.4163e-05 ] 0.0000e+00 [ 0.0000e+00 ] 9.9997e-01
 2.901e+01 2.3376e-05 2.3376e-05 [ 1.9695e-28 1.7626e-14 1.9837e-06 2.1392e-05 ] 0.0000e+00 [ 0.0000e+00 ] 9.9998e-01
 2.913e+01 2.0541e-05 2.0541e-05 [ 9.5701e-29 1.1232e-14 1.6453e-06 1.8895e-05 ] 0.0000e+00 [ 0.0000e+00 ] 9.9998e-01
 2.924e+01 1.8012e-05 1.8012e-05 [ 4.6306e-29 7.1266e-15 1.3603e-06 1.6652e-05 ] 0.0000e+00 [ 0.0000e+00 ] 9.9998e-01
 2.935e+01 1.5762e-05 1.5762e-05 [ 2.2311e-29 4.5022e-15 1.1211e-06 1.4641e-05 ] 0.0000e+00 [ 0.0000e+00 ] 9.9998e-01
 2.947e+01 1.3765e-05 1.3765e-05 [ 1.0705e-29 2.8320e-15 9.2110e-07 1.2844e-05 ] 0.0000e+00 [ 0.0000e+00 ] 9.9999e-01
 2.958e+01 1.1996e-05 1.1996e-05 [ 5.1154e-30 1.7738e-15 7.5441e-07 1.1242e-05 ] 0.0000e+00 [ 0.0000e+00 ] 9.9999e-01
 2.969e+01 1.0434e-05 1.0434e-05 [ 2.4342e-30 1.1063e-15 6.1597e-07 9.8175e-06 ] 0.0000e+00 [ 0.0000e+00 ] 9.9999e-01
 2.981e+01 9.0559e-06 9.0559e-06 [ 1.1537e-30 6.8711e-16 5.0138e-07 8.5545e-06 ] 0.0000e+00 [ 0.0000e+00 ] 9.9999e-01
 2.992e+01 7.8443e-06 7.8443e-06 [ 5.4455e-31 4.2497e-16 4.0686e-07 7.4375e-06 ] 0.0000e+00 [ 0.0000e+00 ] 9.9999e-01
 3.003e+01 6.7812e-06 6.7812e-06 [ 2.5600e-31 2.6176e-16 3.2915e-07 6.4520e-06 ] 0.0000e+00 [ 0.0000e+00 ] 9.9999e-01
 3.015e+01 5.8503e-06 5.8503e-06 [ 1.1988e-31 1.6057e-16 2.6548e-07 5.5849e-06 ] 0.0000e+00 [ 0.0000e+00 ] 9.9999e-01
 3.026e+01 5.0372e-06 5.0372e-06 [ 5.5911e-32 9.8097e-17 2.1348e-07 4.8237e-06 ] 0.0000e+00 [ 0.0000e+00 ] 9.9999e-01
 3.037e+01 4.3284e-06 4.3284e-06 [ 2.5976e-32 5.9690e-17 1.7115e-07 4.1573e-06 ] 0.0000e+00 [ 0.0000e+00 ] 1.0000e+00
 3.049e+01 3.7120e-06 3.7120e-06 [ 1.2021e-32 3.6175e-17 1.3681e-07 3.5752e-06 ] 0.0000e+00 [ 0.0000e+00 ] 1.0000e+00
 3.060e+01 3.1770e-06 3.1770e-06 [ 5.5419e-33 2.1837e-17 1.0904e-07 3.0680e-06 ] 0.0000e+00 [ 0.0000e+00 ] 1.0000e+00
 3.071e+01 2.7138e-06 2.7138e-06 [ 2.5451e-33 1.3130e-17 8.6644e-08 2.6272e-06 ] 0.0000e+00 [ 0.0000e+00 ] 1.0000e+00
 3.083e+01 2.3136e-06 2.3136e-06 [ 1.1644e-33 7.8644e-18 6.8651e-08 2.2449e-06 ] 0.0000e+00 [ 0.0000e+00 ] 1.0000e+00
 3.094e+01 1.9685e-06 1.9685e-06 [ 5.3075e-34 4.6923e-18 5.4237e-08 1.9143e-06 ] 0.0000e+00 [ 0.0000e+00 ] 1.0000e+00
 3.105e+01 1.6716e-06 1.6716e-06 [ 2.4102e-34 2.7889e-18 4.2726e-08 1.6289e-06 ] 0.0000e+00 [ 0.0000e+00 ] 1.0000e+00
 3.117e+01 1.4167e-06 1.4167e-06 [ 1.0905e-34 1.6514e-18 3.3562e-08 1.3832e-06 ] 0.0000e+00 [ 0.0000e+00 ] 1.0000e+00
 3.128e+01 1.1984e-06 1.1984e-06 [ 4.9156e-35 9.7413e-19 2.6289e-08 1.1721e-06 ] 0.0000e+00 [ 0.0000e+00 ] 1.0000e+00
 3.139e+01 1.0117e-06 1.0117e-06 [ 2.2078e-35 5.7249e-19 2.0534e-08 9.9117e-07 ] 0.0000e+00 [ 0.0000e+00 ] 1.0000e+00
 3.151e+01 8.5246e-07 8.5246e-07 [ 9.8808e-36 3.3522e-19 1.5993e-08 8.3647e-07 ] 0.0000e+00 [ 0.0000e+00 ] 1.0000e+00
 3.162e+01 7.1690e-07 7.1690e-07 [ 4.4063e-36 1.9556e-19 1.2422e-08 7.0447e-07 ] 0.0000e+00 [ 0.0000e+00 ] 1.0000e+00
 3.173e+01 6.0173e-07 6.0173e-07 [ 1.9580e-36 1.1368e-19 9.6221e-09 5.9211e-07 ] 0.0000e+00 [ 0.0000e+00 ] 1.0000e+00
 3.185e+01 5.0409e-07 5.0409e-07 [ 8.6703e-37 6.5843e-20 7.4326e-09 4.9666e-07 ] 0.0000e+00 [ 0.0000e+00 ] 1.0000e+00
 3.196e+01 4.2149e-07 4.2149e-07 [ 3.8260e-37 3.8001e-20 5.7256e-09 4.1576e-07 ] 0.0000e+00 [ 0.0000e+00 ] 1.0000e+00
 3.207e+01 3.5175e-07 3.5175e-07 [ 1.6825e-37 2.1854e-20 4.3987e-09 3.4735e-07 ] 0.0000e+00 [ 0.0000e+00 ] 1.0000e+00
 3.219e+01 2.9298e-07 2.9298e-07 [ 7.3738e-38 1.2525e-20 3.3702e-09 2.8961e-07 ] 0.0000e+00 [ 0.0000e+00 ] 1.0000e+00
 3.230e+01 2.4357e-07 2.4357e-07 [ 3.2207e-38 7.1532e-21 2.5753e-09 2.4100e-07 ] 0.0000e+00 [ 0.0000e+00 ] 1.0000e+00
 3.241e+01 2.0211e-07 2.0211e-07 [ 1.4020e-38 4.0713e-21 1.9626e-09 2.0015e-07 ] 0.0000e+00 [ 0.0000e+00 ] 1.0000e+00
 3.253e+01 1.6739e-07 1.6739e-07 [ 6.0828e-39 2.3093e-21 1.4918e-09 1.6590e-07 ] 0.0000e+00 [ 0.0000e+00 ] 1.0000e+00
 3.264e+01 1.3837e-07 1.3837e-07 [ 2.6304e-39 1.3055e-21 1.1309e-09 1.3724e-07 ] 0.0000e+00 [ 0.0000e+00 ] 1.0000e+00
 3.275e+01 1.1417e-07 1.1417e-07 [ 1.1338e-39 7.3556e-22 8.5509e-10 1.1331e-07 ] 0.0000e+00 [ 0.0000e+00 ] 1.0000e+00
 3.287e+01 9.4019e-08 9.4019e-08 [ 4.8709e-40 4.1307e-22 6.4487e-10 9.3374e-08 ] 0.0000e+00 [ 0.0000e+00 ] 1.0000e+00
 3.298e+01 7.7281e-08 7.7281e-08 [ 2.0859e-40 2.3120e-22 4.8507e-10 7.6796e-08 ] 0.0000e+00 [ 0.0000e+00 ] 1.0000e+00
 3.309e+01 6.3403e-08 6.3403e-08 [ 8.9045e-41 1.2899e-22 3.6394e-10 6.3039e-08 ] 0.0000e+00 [ 0.0000e+00 ] 1.0000e+00
 3.321e+01 5.1921e-08 5.1921e-08 [ 3.7892e-41 7.1732e-23 2.7236e-10 5.1648e-08 ] 0.0000e+00 [ 0.0000e+00 ] 1.0000e+00
 3.332e+01 4.2438e-08 4.2438e-08 [ 1.6074e-41 3.9763e-23 2.0331e-10 4.2235e-08 ] 0.0000e+00 [ 0.0000e+00 ] 1.0000e+00
 3.343e+01 3.4623e-08 3.4623e-08 [ 6.7972e-42 2.1972e-23 1.5139e-10 3.4471e-08 ] 0.0000e+00 [ 0.0000e+00 ] 1.0000e+00
 3.355e+01 2.8194e-08 2.8194e-08 [ 2.8656e-42 1.2103e-23 1.1244e-10 2.8082e-08 ] 0.0000e+00 [ 0.0000e+00 ] 1.0000e+00
 3.366e+01 2.2916e-08 2.2916e-08 [ 1.2044e-42 6.6463e-24 8.3305e-11 2.2833e-08 ] 0.0000e+00 [ 0.0000e+00 ] 1.0000e+00
 3.377e+01 1.8592e-08 1.8592e-08 [ 5.0467e-43 3.6384e-24 6.1568e-11 1.8531e-08 ] 0.0000e+00 [ 0.0000e+00 ] 1.0000e+00
 3.389e+01 1.5056e-08 1.5056e-08 [ 2.1083e-43 1.9857e-24 4.5390e-11 1.5011e-08 ] 0.0000e+00 [ 0.0000e+00 ] 1.0000e+00
 3.400e+01 1.2170e-08 1.2170e-08 [ 8.7815e-44 1.0805e-24 3.3382e-11 1.2136e-08 ] 0.0000e+00 [ 0.0000e+00 ] 1.0000e+00
 3.411e+01 9.8188e-09 9.8188e-09 [ 3.6469e-44 5.8612e-25 2.4491e-11 9.7943e-09 ] 0.0000e+00 [ 0.0000e+00 ] 1.0000e+00
 3.423e+01 7.9074e-09 7.9074e-09 [ 1.5101e-44 3.1701e-25 1.7924e-11 7.8895e-09 ] 0.0000e+00 [ 0.0000e+00 ] 1.0000e+00
 3.434e+01 6.3564e-09 6.3564e-09 [ 6.2347e-45 1.7095e-25 1.3087e-11 6.3433e-09 ] 0.0000e+00 [ 0.0000e+00 ] 1.0000e+00
 3.445e+01 5.1003e-09 5.1003e-09 [ 2.5667e-45 9.1917e-26 9.5325e-12 5.0908e-09 ] 0.0000e+00 [ 0.0000e+00 ] 1.0000e+00
 3.457e+01 4.0849e-09 4.0849e-09 [ 1.0537e-45 4.9279e-26 6.9268e-12 4.0780e-09 ] 0.0000e+00 [ 0.0000e+00 ] 1.0000e+00
 3.468e+01 3.2657e-09 3.2657e-09 [ 4.3132e-46 2.6343e-26 5.0215e-12 3.2607e-09 ] 0.0000e+00 [ 0.0000e+00 ] 1.0000e+00
 3.479e+01 2.6061e-09 2.6061e-09 [ 1.7606e-46 1.4042e-26 3.6318e-12 2.6024e-09 ] 0.0000e+00 [ 0.0000e+00 ] 1.0000e+00
 3.491e+01 2.0759e-09 2.0759e-09 [ 7.1667e-47 7.4641e-27 2.6205e-12 2.0733e-09 ] 0.0000e+00 [ 0.0000e+00 ] 1.0000e+00
 3.502e+01 1.6505e-09 1.6505e-09 [ 2.9092e-47 3.9563e-27 1.8864e-12 1.6487e-09 ] 0.0000e+00 [ 0.0000e+00 ] 1.0000e+00
 3.513e+01 1.3100e-09 1.3100e-09 [ 1.1777e-47 2.0912e-27 1.3548e-12 1.3086e-09 ] 0.0000e+00 [ 0.0000e+00 ] 1.0000e+00
 3.525e+01 1.0378e-09 1.0378e-09 [ 4.7547e-48 1.1023e-27 9.7082e-13 1.0369e-09 ] 0.0000e+00 [ 0.0000e+00 ] 1.0000e+00
 3.536e+01 8.2073e-10 8.2073e-10 [ 1.9144e-48 5.7944e-28 6.9406e-13 8.2004e-10 ] 0.0000e+00 [ 0.0000e+00 ] 1.0000e+00
 3.547e+01 6.4788e-10 6.4788e-10 [ 7.6872e-49 3.0376e-28 4.9507e-13 6.4739e-10 ] 0.0000e+00 [ 0.0000e+00 ] 1.0000e+00
 3.559e+01 5.1052e-10 5.1052e-10 [ 3.0786e-49 1.5881e-28 3.5234e-13 5.1016e-10 ] 0.0000e+00 [ 0.0000e+00 ] 1.0000e+00
 3.570e+01 4.0156e-10 4.0156e-10 [ 1.2297e-49 8.2809e-29 2.5019e-13 4.0131e-10 ] 0.0000e+00 [ 0.0000e+00 ] 1.0000e+00
 3.581e+01 3.1529e-10 3.1529e-10 [ 4.8990e-50 4.3064e-29 1.7726e-13 3.1511e-10 ] 0.0000e+00 [ 0.0000e+00 ] 1.0000e+00
 3.593e+01 2.4711e-10 2.4711e-10 [ 1.9466e-50 2.2336e-29 1.2530e-13 2.4699e-10 ] 0.0000e+00 [ 0.0000e+00 ] 1.0000e+00
 3.604e+01 1.9333e-10 1.9333e-10 [ 7.7151e-51 1.1554e-29 8.8384e-14 1.9324e-10 ] 0.0000e+00 [ 0.0000e+00 ] 1.0000e+00
 3.615e+01 1.5099e-10 1.5099e-10 [ 3.0499e-51 5.9617e-30 6.2204e-14 1.5093e-10 ] 0.0000e+00 [ 0.0000e+00 ] 1.0000e+00
 3.627e+01 1.1771e-10 1.1771e-10 [ 1.2026e-51 3.0681e-30 4.3683e-14 1.1767e-10 ] 0.0000e+00 [ 0.0000e+00 ] 1.0000e+00
 3.638e+01 9.1607e-11 9.1607e-11 [ 4.7303e-52 1.5749e-30 3.0609e-14 9.1576e-11 ] 0.0000e+00 [ 0.0000e+00 ] 1.0000e+00
 3.649e+01 7.1165e-11 7.1165e-11 [ 1.8559e-52 8.0640e-31 2.1402e-14 7.1144e-11 ] 0.0000e+00 [ 0.0000e+00 ] 1.0000e+00
 3.661e+01 5.5188e-11 5.5188e-11 [ 7.2634e-53 4.1185e-31 1.4932e-14 5.5173e-11 ] 0.0000e+00 [ 0.0000e+00 ] 1.0000e+00
 3.672e+01 4.2723e-11 4.2723e-11 [ 2.8357e-53 2.0982e-31 1.0395e-14 4.2712e-11 ] 0.0000e+00 [ 0.0000e+00 ] 1.0000e+00
 3.683e+01 3.3015e-11 3.3015e-11 [ 1.1044e-53 1.0663e-31 7.2217e-15 3.3008e-11 ] 0.0000e+00 [ 0.0000e+00 ] 1.0000e+00
 3.695e+01 2.5468e-11 2.5468e-11 [ 4.2906e-54 5.4055e-32 5.0062e-15 2.5463e-11 ] 0.0000e+00 [ 0.0000e+00 ] 1.0000e+00
 3.706e+01 1.9613e-11 1.9613e-11 [ 1.6629e-54 2.7335e-32 3.4631e-15 1.9609e-11 ] 0.0000e+00 [ 0.0000e+00 ] 1.0000e+00
 3.717e+01 1.5077e-11 1.5077e-11 [ 6.4298e-55 1.3790e-32 2.3905e-15 1.5075e-11 ] 0.0000e+00 [ 0.0000e+00 ] 1.0000e+00
 3.729e+01 1.1570e-11 1.1570e-11 [ 2.4802e-55 6.9399e-33 1.6467e-15 1.1569e-11 ] 0.0000e+00 [ 0.0000e+00 ] 1.0000e+00
 3.740e+01 8.8638e-12 8.8638e-12 [ 9.5444e-56 3.4842e-33 1.1319e-15 8.8627e-12 ] 0.0000e+00 [ 0.0000e+00 ] 1.0000e+00
 3.751e+01 6.7787e-12 6.7787e-12 [ 3.6644e-56 1.7451e-33 7.7649e-16 6.7779e-12 ] 0.0000e+00 [ 0.0000e+00 ] 1.0000e+00
 3.763e+01 5.1751e-12 5.1751e-12 [ 1.4036e-56 8.7197e-34 5.3155e-16 5.1746e-12 ] 0.0000e+00 [ 0.0000e+00 ] 1.0000e+00
 3.774e+01 3.9441e-12 3.9441e-12 [ 5.3638e-57 4.3468e-34 3.6313e-16 3.9437e-12 ] 0.0000e+00 [ 0.0000e+00 ] 1.0000e+00
 3.785e+01 3.0008e-12 3.0008e-12 [ 2.0451e-57 2.1619e-34 2.4756e-16 3.0005e-12 ] 0.0000e+00 [ 0.0000e+00 ] 1.0000e+00
 3.797e+01 2.2791e-12 2.2791e-12 [ 7.7798e-58 1.0727e-34 1.6843e-16 2.2790e-12 ] 0.0000e+00 [ 0.0000e+00 ] 1.0000e+00
 3.808e+01 1.7281e-12 1.7281e-12 [ 2.9528e-58 5.3105e-35 1.1436e-16 1.7280e-12 ] 0.0000e+00 [ 0.0000e+00 ] 1.0000e+00
 3.819e+01 1.3081e-12 1.3081e-12 [ 1.1182e-58 2.6230e-35 7.7489e-17 1.3080e-12 ] 0.0000e+00 [ 0.0000e+00 ] 1.0000e+00
 3.831e+01 9.8843e-13 9.8843e-13 [ 4.2254e-59 1.2926e-35 5.2401e-17 9.8838e-13 ] 0.0000e+00 [ 0.0000e+00 ] 1.0000e+00
 3.842e+01 7.4564e-13 7.4564e-13 [ 1.5931e-59 6.3557e-36 3.5364e-17 7.4560e-13 ] 0.0000e+00 [ 0.0000e+00 ] 1.0000e+00
 3.853e+01 5.6154e-13 5.6154e-13 [ 5.9929e-60 3.1181e-36 2.3819e-17 5.6151e-13 ] 0.0000e+00 [ 0.0000e+00 ] 1.0000e+00
 3.865e+01 4.2217e-13 4.2217e-13 [ 2.2496e-60 1.5263e-36 1.6011e-17 4.2216e-13 ] 0.0000e+00 [ 0.0000e+00 ] 1.0000e+00
 3.876e+01 3.1687e-13 3.1687e-13 [ 8.4259e-61 7.4548e-37 1.0741e-17 3.1685e-13 ] 0.0000e+00 [ 0.0000e+00 ] 1.0000e+00
 3.887e+01 2.3743e-13 2.3743e-13 [ 3.1492e-61 3.6331e-37 7.1916e-18 2.3742e-13 ] 0.0000e+00 [ 0.0000e+00 ] 1.0000e+00
 3.899e+01 1.7760e-13 1.7760e-13 [ 1.1745e-61 1.7667e-37 4.8057e-18 1.7760e-13 ] 0.0000e+00 [ 0.0000e+00 ] 1.0000e+00
 3.910e+01 1.3263e-13 1.3263e-13 [ 4.3709e-62 8.5727e-38 3.2050e-18 1.3263e-13 ] 0.0000e+00 [ 0.0000e+00 ] 1.0000e+00
 3.921e+01 9.8884e-14 9.8884e-14 [ 1.6232e-62 4.1508e-38 2.1333e-18 9.8882e-14 ] 0.0000e+00 [ 0.0000e+00 ] 1.0000e+00
 3.933e+01 7.3600e-14 7.3600e-14 [ 6.0154e-63 2.0055e-38 1.4173e-18 7.3599e-14 ] 0.0000e+00 [ 0.0000e+00 ] 1.0000e+00
 3.944e+01 5.4690e-14 5.4690e-14 [ 2.2246e-63 9.6687e-39 9.3973e-19 5.4689e-14 ] 0.0000e+00 [ 0.0000e+00 ] 1.0000e+00
 3.955e+01 4.0571e-14 4.0571e-14 [ 8.2096e-64 4.6516e-39 6.2190e-19 4.0571e-14 ] 0.0000e+00 [ 0.0000e+00 ] 1.0000e+00
 3.967e+01 3.0048e-14 3.0048e-14 [ 3.0234e-64 2.2332e-39 4.1078e-19 3.0047e-14 ] 0.0000e+00 [ 0.0000e+00 ] 1.0000e+00
 3.978e+01 2.2217e-14 2.2217e-14 [ 1.1112e-64 1.0699e-39 2.7081e-19 2.2217e-14 ] 0.0000e+00 [ 0.0000e+00 ] 1.0000e+00
 3.989e+01 1.6400e-14 1.6400e-14 [ 4.0756e-65 5.1150e-40 1.7820e-19 1.6400e-14 ] 0.0000e+00 [ 0.0000e+00 ] 1.0000e+00
 4.001e+01 1.2086e-14 1.2086e-14 [ 1.4918e-65 2.4403e-40 1.1704e-19 1.2086e-14 ] 0.0000e+00 [ 0.0000e+00 ] 1.0000e+00
 4.012e+01 8.8928e-15 8.8928e-15 [ 5.4496e-66 1.1619e-40 7.6721e-20 8.8927e-15 ] 0.0000e+00 [ 0.0000e+00 ] 1.0000e+00
 4.023e+01 6.5323e-15 6.5323e-15 [ 1.9867e-66 5.5206e-41 5.0199e-20 6.5323e-15 ] 0.0000e+00 [ 0.0000e+00 ] 1.0000e+00
 4.035e+01 4.7906e-15 4.7906e-15 [ 7.2284e-67 2.6178e-41 3.2784e-20 4.7906e-15 ] 0.0000e+00 [ 0.0000e+00 ] 1.0000e+00
 4.046e+01 3.5076e-15 3.5076e-15 [ 2.6248e-67 1.2388e-41 2.1371e-20 3.5075e-15 ] 0.0000e+00 [ 0.0000e+00 ] 1.0000e+00
 4.057e+01 2.5640e-15 2.5640e-15 [ 9.5122e-68 5.8503e-42 1.3906e-20 2.5640e-15 ] 0.0000e+00 [ 0.0000e+00 ] 1.0000e+00
 4.069e+01 1.8712e-15 1.8712e-15 [ 3.4405e-68 2.7574e-42 9.0313e-21 1.8712e-15 ] 0.0000e+00 [ 0.0000e+00 ] 1.0000e+00
 4.080e+01 1.3634e-15 1.3634e-15 [ 1.2420e-68 1.2970e-42 5.8548e-21 1.3634e-15 ] 0.0000e+00 [ 0.0000e+00 ] 1.0000e+00
 4.091e+01 9.9185e-16 9.9185e-16 [ 4.4747e-69 6.0889e-43 3.7886e-21 9.9184e-16 ] 0.0000e+00 [ 0.0000e+00 ] 1.0000e+00
 4.103e+01 7.2037e-16 7.2037e-16 [ 1.6091e-69 2.8528e-43 2.4471e-21 7.2037e-16 ] 0.0000e+00 [ 0.0000e+00 ] 1.0000e+00
 4.114e+01 5.2236e-16 5.2236e-16 [ 5.7751e-70 1.3340e-43 1.5777e-21 5.2236e-16 ] 0.0000e+00 [ 0.0000e+00 ] 1.0000e+00
 4.125e+01 3.7818e-16 3.7818e-16 [ 2.0688e-70 6.2258e-44 1.0154e-21 3.7817e-16 ] 0.0000e+00 [ 0.0000e+00 ] 1.0000e+00
 4.137e+01 2.7335e-16 2.7335e-16 [ 7.3967e-71 2.8999e-44 6.5230e-22 2.7335e-16 ] 0.0000e+00 [ 0.0000e+00 ] 1.0000e+00
 4.148e+01 1.9727e-16 1.9727e-16 [ 2.6396e-71 1.3482e-44 4.1829e-22 1.9727e-16 ] 0.0000e+00 [ 0.0000e+00 ] 1.0000e+00
 4.159e+01 1.4214e-16 1.4214e-16 [ 9.4024e-72 6.2555e-45 2.6776e-22 1.4214e-16 ] 0.0000e+00 [ 0.0000e+00 ] 1.0000e+00
 4.171e+01 1.0225e-16 1.0225e-16 [ 3.3429e-72 2.8970e-45 1.7109e-22 1.0225e-16 ] 0.0000e+00 [ 0.0000e+00 ] 1.0000e+00
 4.182e+01 7.3442e-17 7.3442e-17 [ 1.1863e-72 1.3391e-45 1.0913e-22 7.3442e-17 ] 0.0000e+00 [ 0.0000e+00 ] 1.0000e+00
 4.193e+01 5.2667e-17 5.2667e-17 [ 4.2021e-73 6.1781e-46 6.9483e-23 5.2667e-17 ] 0.0000e+00 [ 0.0000e+00 ] 1.0000e+00
 4.205e+01 3.7709e-17 3.7709e-17 [ 1.4857e-73 2.8450e-46 4.4163e-23 3.7709e-17 ] 0.0000e+00 [ 0.0000e+00 ] 1.0000e+00
 4.216e+01 2.6957e-17 2.6957e-17 [ 5.2435e-74 1.3076e-46 2.8021e-23 2.6957e-17 ] 0.0000e+00 [ 0.0000e+00 ] 1.0000e+00
 4.227e+01 1.9241e-17 1.9241e-17 [ 1.8472e-74 5.9990e-47 1.7747e-23 1.9241e-17 ] 0.0000e+00 [ 0.0000e+00 ] 1.0000e+00
 4.239e+01 1.3712e-17 1.3712e-17 [ 6.4954e-75 2.7471e-47 1.1221e-23 1.3712e-17 ] 0.0000e+00 [ 0.0000e+00 ] 1.0000e+00
 4.250e+01 9.7563e-18 9.7563e-18 [ 2.2799e-75 1.2556e-47 7.0824e-24 9.7563e-18 ] 0.0000e+00 [ 0.0000e+00 ] 1.0000e+00
 4.261e+01 6.9312e-18 6.9312e-18 [ 7.9884e-76 5.7285e-48 4.4624e-24 6.9312e-18 ] 0.0000e+00 [ 0.0000e+00 ] 1.0000e+00
 4.273e+01 4.9165e-18 4.9165e-18 [ 2.7940e-76 2.6087e-48 2.8068e-24 4.9165e-18 ] 0.0000e+00 [ 0.0000e+00 ] 1.0000e+00
 4.284e+01 3.4820e-18 3.4820e-18 [ 9.7547e-77 1.1858e-48 1.7624e-24 3.4820e-18 ] 0.0000e+00 [ 0.0000e+00 ] 1.0000e+00
 4.295e+01 2.4623e-18 2.4623e-18 [ 3.3997e-77 5.3806e-49 1.1048e-24 2.4623e-18 ] 0.0000e+00 [ 0.0000e+00 ] 1.0000e+00
 4.307e+01 1.7385e-18 1.7385e-18 [ 1.1828e-77 2.4370e-49 6.9132e-25 1.7385e-18 ] 0.0000e+00 [ 0.0000e+00 ] 1.0000e+00
 4.318e+01 1.2256e-18 1.2256e-18 [ 4.1077e-78 1.1018e-49 4.3187e-25 1.2256e-18 ] 0.0000e+00 [ 0.0000e+00 ] 1.0000e+00
 4.329e+01 8.6268e-19 8.6268e-19 [ 1.4241e-78 4.9722e-50 2.6933e-25 8.6268e-19 ] 0.0000e+00 [ 0.0000e+00 ] 1.0000e+00
 4.341e+01 6.0630e-19 6.0630e-19 [ 4.9286e-79 2.2399e-50 1.6769e-25 6.0630e-19 ] 0.0000e+00 [ 0.0000e+00 ] 1.0000e+00
 4.352e+01 4.2547e-19 4.2547e-19 [ 1.7028e-79 1.0073e-50 1.0422e-25 4.2547e-19 ] 0.0000e+00 [ 0.0000e+00 ] 1.0000e+00
 4.363e+01 2.9812e-19 2.9812e-19 [ 5.8728e-80 4.5215e-51 6.4671e-26 2.9812e-19 ] 0.0000e+00 [ 0.0000e+00 ] 1.0000e+00
 4.375e+01 2.0857e-19 2.0857e-19 [ 2.0221e-80 2.0261e-51 4.0062e-26 2.0857e-19 ] 0.0000e+00 [ 0.0000e+00 ] 1.0000e+00
 4.386e+01 1.4570e-19 1.4570e-19 [ 6.9502e-81 9.0629e-52 2.4775e-26 1.4570e-19 ] 0.0000e+00 [ 0.0000e+00 ] 1.0000e+00
 4.397e+01 1.0163e-19 1.0163e-19 [ 2.3849e-81 4.0468e-52 1.5297e-26 1.0163e-19 ] 0.0000e+00 [ 0.0000e+00 ] 1.0000e+00
 4.409e+01 7.0778e-20 7.0778e-20 [ 8.1696e-82 1.8039e-52 9.4286e-27 7.0778e-20 ] 0.0000e+00 [ 0.0000e+00 ] 1.0000e+00
 4.420e+01 4.9220e-20 4.9220e-20 [ 2.7939e-82 8.0269e-53 5.8021e-27 4.9220e-20 ] 0.0000e+00 [ 0.0000e+00 ] 1.0000e+00
 4.431e+01 3.4177e-20 3.4177e-20 [ 9.5385e-83 3.5656e-53 3.5645e-27 3.4177e-20 ] 0.0000e+00 [ 0.0000e+00 ] 1.0000e+00
 4.443e+01 2.3696e-20 2.3696e-20 [ 3.2511e-83 1.5811e-53 2.1863e-27 2.3696e-20 ] 0.0000e+00 [ 0.0000e+00 ] 1.0000e+00
 4.454e+01 1.6405e-20 1.6405e-20 [ 1.1063e-83 6.9994e-54 1.3388e-27 1.6405e-20 ] 0.0000e+00 [ 0.0000e+00 ] 1.0000e+00
 4.465e+01 1.1340e-20 1.1340e-20 [ 3.7582e-84 3.0932e-54 8.1847e-28 1.1340e-20 ] 0.0000e+00 [ 0.0000e+00 ] 1.0000e+00
 4.477e+01 7.8274e-21 7.8274e-21 [ 1.2746e-84 1.3646e-54 4.9956e-28 7.8274e-21 ] 0.0000e+00 [ 0.0000e+00 ] 1.0000e+00
 4.488e+01 5.3948e-21 5.3948e-21 [ 4.3158e-85 6.0102e-55 3.0442e-28 5.3948e-21 ] 0.0000e+00 [ 0.0000e+00 ] 1.0000e+00
 4.499e+01 3.7127e-21 3.7127e-21 [ 1.4590e-85 2.6425e-55 1.8520e-28 3.7127e-21 ] 0.0000e+00 [ 0.0000e+00 ] 1.0000e+00
 4.511e+01 2.5513e-21 2.5513e-21 [ 4.9240e-86 1.1599e-55 1.1249e-28 2.5513e-21 ] 0.0000e+00 [ 0.0000e+00 ] 1.0000e+00
 4.522e+01 1.7507e-21 1.7507e-21 [ 1.6592e-86 5.0828e-56 6.8221e-29 1.7507e-21 ] 0.0000e+00 [ 0.0000e+00 ] 1.0000e+00
 4.533e+01 1.1995e-21 1.1995e-21 [ 5.5816e-87 2.2235e-56 4.1305e-29 1.1995e-21 ] 0.0000e+00 [ 0.0000e+00 ] 1.0000e+00
 4.545e+01 8.2068e-22 8.2068e-22 [ 1.8747e-87 9.7111e-57 2.4969e-29 8.2068e-22 ] 0.0000e+00 [ 0.0000e+00 ] 1.0000e+00
 4.556e+01 5.6066e-22 5.6066e-22 [ 6.2865e-88 4.2342e-57 1.5070e-29 5.6066e-22 ] 0.0000e+00 [ 0.0000e+00 ] 1.0000e+00
 4.567e+01 3.8247e-22 3.8247e-22 [ 2.1047e-88 1.8431e-57 9.0810e-30 3.8247e-22 ] 0.0000e+00 [ 0.0000e+00 ] 1.0000e+00
 4.579e+01 2.6053e-22 2.6053e-22 [ 7.0354e-89 8.0096e-58 5.4634e-30 2.6053e-22 ] 0.0000e+00 [ 0.0000e+00 ] 1.0000e+00
 4.590e+01 1.7721e-22 1.7721e-22 [ 2.3480e-89 3.4750e-58 3.2818e-30 1.7721e-22 ] 0.0000e+00 [ 0.0000e+00 ] 1.0000e+00
 4.601e+01 1.2037e-22 1.2037e-22 [ 7.8240e-90 1.5052e-58 1.9682e-30 1.2037e-22 ] 0.0000e+00 [ 0.0000e+00 ] 1.0000e+00
 4.613e+01 8.1637e-23 8.1637e-23 [ 2.6030e-90 6.5091e-59 1.1786e-30 8.1637e-23 ] 0.0000e+00 [ 0.0000e+00 ] 1.0000e+00
 4.624e+01 5.5289e-23 5.5289e-23 [ 8.6466e-91 2.8102e-59 7.0465e-31 5.5289e-23 ] 0.0000e+00 [ 0.0000e+00 ] 1.0000e+00
 4.635e+01 3.7391e-23 3.7391e-23 [ 2.8678e-91 1.2113e-59 4.2063e-31 3.7391e-23 ] 0.0000e+00 [ 0.0000e+00 ] 1.0000e+00
 4.647e+01 2.5251e-23 2.5251e-23 [ 9.4965e-92 5.2127e-60 2.5070e-31 2.5251e-23 ] 0.0000e+00 [ 0.0000e+00 ] 1.0000e+00
 4.658e+01 1.7028e-23 1.7028e-23 [ 3.1399e-92 2.2396e-60 1.4919e-31 1.7028e-23 ] 0.0000e+00 [ 0.0000e+00 ] 1.0000e+00
 4.669e+01 1.1466e-23 1.1466e-23 [ 1.0366e-92 9.6070e-61 8.8645e-32 1.1466e-23 ] 0.0000e+00 [ 0.0000e+00 ] 1.0000e+00
 4.681e+01 7.7103e-24 7.7103e-24 [ 3.4168e-93 4.1144e-61 5.2589e-32 7.7103e-24 ] 0.0000e+00 [ 0.0000e+00 ] 1.0000e+00
 4.692e+01 5.1773e-24 5.1773e-24 [ 1.1246e-93 1.7592e-61 3.1151e-32 5.1773e-24 ] 0.0000e+00 [ 0.0000e+00 ] 1.0000e+00
 4.703e+01 3.4715e-24 3.4715e-24 [ 3.6955e-94 7.5103e-62 1.8424e-32 3.4715e-24 ] 0.0000e+00 [ 0.0000e+00 ] 1.0000e+00
 4.715e+01 2.3244e-24 2.3244e-24 [ 1.2126e-94 3.2011e-62 1.0880e-32 2.3244e-24 ] 0.0000e+00 [ 0.0000e+00 ] 1.0000e+00
 4.726e+01 1.5542e-24 1.5542e-24 [ 3.9729e-95 1.3622e-62 6.4153e-33 1.5542e-24 ] 0.0000e+00 [ 0.0000e+00 ] 1.0000e+00
 4.737e+01 1.0377e-24 1.0377e-24 [ 1.2997e-95 5.7878e-63 3.7770e-33 1.0377e-24 ] 0.0000e+00 [ 0.0000e+00 ] 1.0000e+00
 4.749e+01 6.9190e-25 6.9190e-25 [ 4.2455e-96 2.4553e-63 2.2203e-33 6.9190e-25 ] 0.0000e+00 [ 0.0000e+00 ] 1.0000e+00
 4.760e+01 4.6068e-25 4.6068e-25 [ 1.3847e-96 1.0399e-63 1.3032e-33 4.6068e-25 ] 0.0000e+00 [ 0.0000e+00 ] 1.0000e+00
 4.771e+01 3.0630e-25 3.0630e-25 [ 4.5098e-97 4.3976e-64 7.6381e-34 3.0630e-25 ] 0.0000e+00 [ 0.0000e+00 ] 1.0000e+00
 4.783e+01 2.0337e-25 2.0337e-25 [ 1.4666e-97 1.8568e-64 4.4698e-34 2.0337e-25 ] 0.0000e+00 [ 0.0000e+00 ] 1.0000e+00
 4.794e+01 1.3484e-25 1.3484e-25 [ 4.7623e-98 7.8277e-65 2.6118e-34 1.3484e-25 ] 0.0000e+00 [ 0.0000e+00 ] 1.0000e+00
 4.805e+01 8.9282e-26 8.9282e-26 [ 1.5441e-98 3.2948e-65 1.5239e-34 8.9282e-26 ] 0.0000e+00 [ 0.0000e+00 ] 1.0000e+00
 4.817e+01 5.9033e-26 5.9033e-26 [ 4.9995e-99 1.3847e-65 8.8778e-35 5.9033e-26 ] 0.0000e+00 [ 0.0000e+00 ] 1.0000e+00
 4.828e+01 3.8979e-26 3.8979e-26 [ 1.6163e-99 5.8104e-66 5.1643e-35 3.8979e-26 ] 0.0000e+00 [ 0.0000e+00 ] 1.0000e+00
 4.839e+01 2.5702e-26 2.5702e-26 [ 5.2180e-100 2.4344e-66 2.9997e-35 2.5702e-26 ] 0.0000e+00 [ 0.0000e+00 ] 1.0000e+00
 4.851e+01 1.6924e-26 1.6924e-26 [ 1.6821e-100 1.0184e-66 1.7398e-35 1.6924e-26 ] 0.0000e+00 [ 0.0000e+00 ] 1.0000e+00
 4.862e+01 1.1128e-26 1.1128e-26 [ 5.4146e-101 4.2538e-67 1.0076e-35 1.1128e-26 ] 0.0000e+00 [ 0.0000e+00 ] 1.0000e+00
 4.873e+01 7.3076e-27 7.3076e-27 [ 1.7404e-101 1.7741e-67 5.8268e-36 7.3076e-27 ] 0.0000e+00 [ 0.0000e+00 ] 1.0000e+00
 4.885e+01 4.7921e-27 4.7921e-27 [ 5.5864e-102 7.3876e-68 3.3646e-36 4.7921e-27 ] 0.0000e+00 [ 0.0000e+00 ] 1.0000e+00
 4.896e+01 3.1382e-27 3.1382e-27 [ 1.7905e-102 3.0717e-68 1.9400e-36 3.1382e-27 ] 0.0000e+00 [ 0.0000e+00 ] 1.0000e+00
 4.907e+01 2.0523e-27 2.0523e-27 [ 5.7308e-103 1.2753e-68 1.1170e-36 2.0523e-27 ] 0.0000e+00 [ 0.0000e+00 ] 1.0000e+00
 4.919e+01 1.3403e-27 1.3403e-27 [ 1.8316e-103 5.2865e-69 6.4215e-37 1.3403e-27 ] 0.0000e+00 [ 0.0000e+00 ] 1.0000e+00
 4.930e+01 8.7418e-28 8.7418e-28 [ 5.8458e-104 2.1882e-69 3.6864e-37 8.7418e-28 ] 0.0000e+00 [ 0.0000e+00 ] 1.0000e+00
 4.941e+01 5.6938e-28 5.6938e-28 [ 1.8631e-104 9.0435e-70 2.1132e-37 5.6938e-28 ] 0.0000e+00 [ 0.0000e+00 ] 1.0000e+00
 4.953e+01 3.7035e-28 3.7035e-28 [ 5.9296e-105 3.7321e-70 1.2096e-37 3.7035e-28 ] 0.0000e+00 [ 0.0000e+00 ] 1.0000e+00
 4.964e+01 2.4057e-28 2.4057e-28 [ 1.8845e-105 1.5379e-70 6.9141e-38 2.4057e-28 ] 0.0000e+00 [ 0.0000e+00 ] 1.0000e+00
 4.975e+01 1.5606e-28 1.5606e-28 [ 5.9811e-106 6.3275e-71 3.9463e-38 1.5606e-28 ] 0.0000e+00 [ 0.0000e+00 ] 1.0000e+00
 4.987e+01 1.0110e-28 1.0110e-28 [ 1.8956e-106 2.5996e-71 2.2492e-38 1.0110e-28 ] 0.0000e+00 [ 0.0000e+00 ] 1.0000e+00
 4.998e+01 6.5407e-29 6.5407e-29 [ 5.9997e-107 1.0664e-71 1.2801e-38 6.5407e-29 ] 0.0000e+00 [ 0.0000e+00 ] 1.0000e+00
 5.009e+01 4.2259e-29 4.2259e-29 [ 1.8963e-107 4.3684e-72 7.2749e-39 4.2259e-29 ] 0.0000e+00 [ 0.0000e+00 ] 1.0000e+00
 5.021e+01 2.7267e-29 2.7267e-29 [ 5.9853e-108 1.7868e-72 4.1285e-39 2.7267e-29 ] 0.0000e+00 [ 0.0000e+00 ] 1.0000e+00
 5.032e+01 1.7571e-29 1.7571e-29 [ 1.8866e-108 7.2978e-73 2.3396e-39 1.7571e-29 ] 0.0000e+00 [ 0.0000e+00 ] 1.0000e+00
 5.043e+01 1.1307e-29 1.1307e-29 [ 5.9384e-109 2.9762e-73 1.3240e-39 1.1307e-29 ] 0.0000e+00 [ 0.0000e+00 ] 1.0000e+00
 5.055e+01 7.2669e-30 7.2669e-30 [ 1.8667e-109 1.2120e-73 7.4817e-40 7.2669e-30 ] 0.0000e+00 [ 0.0000e+00 ] 1.0000e+00
 5.066e+01 4.6641e-30 4.6641e-30 [ 5.8599e-110 4.9285e-74 4.2218e-40 4.6641e-30 ] 0.0000e+00 [ 0.0000e+00 ] 1.0000e+00
 5.077e+01 2.9896e-30 2.9896e-30 [ 1.8370e-110 2.0012e-74 2.3790e-40 2.9896e-30 ] 0.0000e+00 [ 0.0000e+00 ] 1.0000e+00
 5.089e+01 1.9138e-30 1.9138e-30 [ 5.7513e-111 8.1142e-75 1.3387e-40 1.9138e-30 ] 0.0000e+00 [ 0.0000e+00 ] 1.0000e+00
 5.100e+01 1.2235e-30 1.2235e-30 [ 1.7982e-111 3.2853e-75 7.5222e-41 1.2235e-30 ] 0.0000e+00 [ 0.0000e+00 ] 1.0000e+00
 5.111e+01 7.8114e-31 7.8114e-31 [ 5.6145e-112 1.3282e-75 4.2209e-41 7.8114e-31 ] 0.0000e+00 [ 0.0000e+00 ] 1.0000e+00
 5.123e+01 4.9808e-31 4.9808e-31 [ 1.7507e-112 5.3621e-76 2.3651e-41 4.9808e-31 ] 0.0000e+00 [ 0.0000e+00 ] 1.0000e+00
 5.134e+01 3.1718e-31 3.1718e-31 [ 5.4519e-113 2.1616e-76 1.3234e-41 3.1718e-31 ] 0.0000e+00 [ 0.0000e+00 ] 1.0000e+00
 5.145e+01 2.0171e-31 2.0171e-31 [ 1.6955e-113 8.7018e-77 7.3952e-42 2.0171e-31 ] 0.0000e+00 [ 0.0000e+00 ] 1.0000e+00
 5.157e+01 1.2812e-31 1.2812e-31 [ 5.2661e-114 3.4979e-77 4.1265e-42 1.2812e-31 ] 0.0000e+00 [ 0.0000e+00 ] 1.0000e+00
 5.168e+01 8.1268e-32 8.1268e-32 [ 1.6334e-114 1.4041e-77 2.2995e-42 8.1268e-32 ] 0.0000e+00 [ 0.0000e+00 ] 1.0000e+00
 5.179e+01 5.1483e-32 5.1483e-32 [ 5.0599e-115 5.6282e-78 1.2796e-42 5.1483e-32 ] 0.0000e+00 [ 0.0000e+00 ] 1.0000e+00
 5.191e+01 3.2573e-32 3.2573e-32 [ 1.5654e-115 2.2528e-78 7.1105e-43 3.2573e-32 ] 0.0000e+00 [ 0.0000e+00 ] 1.0000e+00
 5.202e+01 2.0582e-32 2.0582e-32 [ 4.8366e-116 9.0046e-79 3.9458e-43 2.0582e-32 ] 0.0000e+00 [ 0.0000e+00 ] 1.0000e+00
 5.213e+01 1.2988e-32 1.2988e-32 [ 1.4924e-116 3.5941e-79 2.1866e-43 1.2988e-32 ] 0.0000e+00 [ 0.0000e+00 ] 1.0000e+00
 5.225e+01 8.1859e-33 8.1859e-33 [ 4.5992e-117 1.4326e-79 1.2101e-43 8.1859e-33 ] 0.0000e+00 [ 0.0000e+00 ] 1.0000e+00
 5.236e+01 5.1525e-33 5.1525e-33 [ 1.4155e-117 5.7019e-80 6.6877e-44 5.1525e-33 ] 0.0000e+00 [ 0.0000e+00 ] 1.0000e+00
 5.247e+01 3.2391e-33 3.2391e-33 [ 4.3510e-118 2.2663e-80 3.6909e-44 3.2391e-33 ] 0.0000e+00 [ 0.0000e+00 ] 1.0000e+00
 5.259e+01 2.0336e-33 2.0336e-33 [ 1.3357e-118 8.9952e-81 2.0342e-44 2.0336e-33 ] 0.0000e+00 [ 0.0000e+00 ] 1.0000e+00
 5.270e+01 1.2752e-33 1.2752e-33 [ 4.0952e-119 3.5653e-81 1.1196e-44 1.2752e-33 ] 0.0000e+00 [ 0.0000e+00 ] 1.0000e+00
 5.281e+01 7.9857e-34 7.9857e-34 [ 1.2540e-119 1.4112e-81 6.1541e-45 7.9857e-34 ] 0.0000e+00 [ 0.0000e+00 ] 1.0000e+00
 5.293e+01 4.9947e-34 4.9947e-34 [ 3.8349e-120 5.5778e-82 3.3781e-45 4.9947e-34 ] 0.0000e+00 [ 0.0000e+00 ] 1.0000e+00
 5.304e+01 3.1200e-34 3.1200e-34 [ 1.1713e-120 2.2016e-82 1.8517e-45 3.1200e-34 ] 0.0000e+00 [ 0.0000e+00 ] 1.0000e+00
 5.315e+01 1.9465e-34 1.9465e-34 [ 3.5730e-121 8.6781e-83 1.0137e-45 1.9465e-34 ] 0.0000e+00 [ 0.0000e+00 ] 1.0000e+00
 5.327e+01 1.2128e-34 1.2128e-34 [ 1.0886e-121 3.4159e-83 5.5417e-46 1.2128e-34 ] 0.0000e+00 [ 0.0000e+00 ] 1.0000e+00
 5.338e+01 7.5475e-35 7.5475e-35 [ 3.3124e-122 1.3427e-83 3.0255e-46 7.5475e-35 ] 0.0000e+00 [ 0.0000e+00 ] 1.0000e+00
 5.349e+01 4.6909e-35 4.6909e-35 [ 1.0067e-122 5.2709e-84 1.6496e-46 4.6909e-35 ] 0.0000e+00 [ 0.0000e+00 ] 1.0000e+00
 5.361e+01 2.9119e-35 2.9119e-35 [ 3.0556e-123 2.0663e-84 8.9820e-47 2.9119e-35 ] 0.0000e+00 [ 0.0000e+00 ] 1.0000e+00
 5.372e+01 1.8053e-35 1.8053e-35 [ 9.2631e-124 8.0889e-85 4.8841e-47 1.8053e-35 ] 0.0000e+00 [ 0.0000e+00 ] 1.0000e+00
 5.383e+01 1.1178e-35 1.1178e-35 [ 2.8047e-124 3.1623e-85 2.6523e-47 1.1178e-35 ] 0.0000e+00 [ 0.0000e+00 ] 1.0000e+00
 5.395e+01 6.9131e-36 6.9131e-36 [ 8.4817e-125 1.2346e-85 1.4384e-47 6.9131e-36 ] 0.0000e+00 [ 0.0000e+00 ] 1.0000e+00
 5.406e+01 4.2699e-36 4.2699e-36 [ 2.5618e-125 4.8135e-86 7.7905e-48 4.2699e-36 ] 0.0000e+00 [ 0.0000e+00 ] 1.0000e+00
 5.417e+01 2.6341e-36 2.6341e-36 [ 7.7282e-126 1.8742e-86 4.2138e-48 2.6341e-36 ] 0.0000e+00 [ 0.0000e+00 ] 1.0000e+00
 5.429e+01 1.6230e-36 1.6230e-36 [ 2.3285e-126 7.2875e-87 2.2762e-48 1.6230e-36 ] 0.0000e+00 [ 0.0000e+00 ] 1.0000e+00
 5.440e+01 9.9873e-37 9.9873e-37 [ 7.0074e-127 2.8298e-87 1.2279e-48 9.9873e-37 ] 0.0000e+00 [ 0.0000e+00 ] 1.0000e+00
 5.451e+01 6.1383e-37 6.1383e-37 [ 2.1062e-127 1.0974e-87 6.6154e-49 6.1383e-37 ] 0.0000e+00 [ 0.0000e+00 ] 1.0000e+00
 5.463e+01 3.7681e-37 3.7681e-37 [ 6.3232e-128 4.2498e-88 3.5593e-49 3.7681e-37 ] 0.0000e+00 [ 0.0000e+00 ] 1.0000e+00
 5.474e+01 2.3102e-37 2.3102e-37 [ 1.8960e-128 1.6436e-88 1.9126e-49 2.3102e-37 ] 0.0000e+00 [ 0.0000e+00 ] 1.0000e+00
 5.485e+01 1.4147e-37 1.4147e-37 [ 5.6784e-129 6.3483e-89 1.0264e-49 1.4147e-37 ] 0.0000e+00 [ 0.0000e+00 ] 1.0000e+00
 5.497e+01 8.6524e-38 8.6524e-38 [ 1.6986e-129 2.4487e-89 5.5006e-50 8.6524e-38 ] 0.0000e+00 [ 0.0000e+00 ] 1.0000e+00
 5.508e+01 5.2854e-38 5.2854e-38 [ 5.0751e-130 9.4328e-90 2.9441e-50 5.2854e-38 ] 0.0000e+00 [ 0.0000e+00 ] 1.0000e+00
 5.519e+01 3.2247e-38 3.2247e-38 [ 1.5145e-130 3.6288e-90 1.5737e-50 3.2247e-38 ] 0.0000e+00 [ 0.0000e+00 ] 1.0000e+00
 5.531e+01 1.9651e-38 1.9651e-38 [ 4.5144e-131 1.3942e-90 8.4014e-51 1.9651e-38 ] 0.0000e+00 [ 0.0000e+00 ] 1.0000e+00
 5.542e+01 1.1960e-38 1.1960e-38 [ 1.3440e-131 5.3494e-91 4.4792e-51 1.1960e-38 ] 0.0000e+00 [ 0.0000e+00 ] 1.0000e+00
 5.553e+01 7.2705e-39 7.2705e-39 [ 3.9967e-132 2.0498e-91 2.3850e-51 7.2705e-39 ] 0.0000e+00 [ 0.0000e+00 ] 1.0000e+00
 5.565e+01 4.4144e-39 4.4144e-39 [ 1.1871e-132 7.8443e-92 1.2683e-51 4.4144e-39 ] 0.0000e+00 [ 0.0000e+00 ] 1.0000e+00
 5.576e+01 2.6771e-39 2.6771e-39 [ 3.5219e-133 2.9980e-92 6.7359e-52 2.6771e-39 ] 0.0000e+00 [ 0.0000e+00 ] 1.0000e+00
 5.587e+01 1.6215e-39 1.6215e-39 [ 1.0436e-133 1.1443e-92 3.5728e-52 1.6215e-39 ] 0.0000e+00 [ 0.0000e+00 ] 1.0000e+00
 5.599e+01 9.8097e-40 9.8097e-40 [ 3.0890e-134 4.3619e-93 1.8926e-52 9.8097e-40 ] 0.0000e+00 [ 0.0000e+00 ] 1.0000e+00
 5.610e+01 5.9275e-40 5.9275e-40 [ 9.1325e-135 1.6605e-93 1.0013e-52 5.9275e-40 ] 0.0000e+00 [ 0.0000e+00 ] 1.0000e+00
 5.621e+01 3.5774e-40 3.5774e-40 [ 2.6969e-135 6.3133e-94 5.2905e-53 3.5774e-40 ] 0.0000e+00 [ 0.0000e+00 ] 1.0000e+00
 5.633e+01 2.1565e-40 2.1565e-40 [ 7.9548e-136 2.3972e-94 2.7918e-53 2.1565e-40 ] 0.0000e+00 [ 0.0000e+00 ] 1.0000e+00
 5.644e+01 1.2984e-40 1.2984e-40 [ 2.3437e-136 9.0907e-95 1.4713e-53 1.2984e-40 ] 0.0000e+00 [ 0.0000e+00 ] 1.0000e+00
 5.655e+01 7.8081e-41 7.8081e-41 [ 6.8972e-137 3.4429e-95 7.7446e-54 7.8081e-41 ] 0.0000e+00 [ 0.0000e+00 ] 1.0000e+00
 5.667e+01 4.6899e-41 4.6899e-41 [ 2.0275e-137 1.3023e-95 4.0712e-54 4.6899e-41 ] 0.0000e+00 [ 0.0000e+00 ] 1.0000e+00
 5.678e+01 2.8137e-41 2.8137e-41 [ 5.9530e-138 4.9194e-96 2.1375e-54 2.8137e-41 ] 0.0000e+00 [ 0.0000e+00 ] 1.0000e+00
 5.689e+01 1.6860e-41 1.6860e-41 [ 1.7460e-138 1.8560e-96 1.1208e-54 1.6860e-41 ] 0.0000e+00 [ 0.0000e+00 ] 1.0000e+00
 5.701e+01 1.0091e-41 1.0091e-41 [ 5.1149e-139 6.9932e-97 5.8697e-55 1.0091e-41 ] 0.0000e+00 [ 0.0000e+00 ] 1.0000e+00
 5.712e+01 6.0328e-42 6.0328e-42 [ 1.4968e-139 2.6316e-97 3.0701e-55 6.0328e-42 ] 0.0000e+00 [ 0.0000e+00 ] 1.0000e+00
 5.723e+01 3.6023e-42 3.6023e-42 [ 4.3750e-140 9.8906e-98 1.6037e-55 3.6023e-42 ] 0.0000e+00 [ 0.0000e+00 ] 1.0000e+00
 5.735e+01 2.1484e-42 2.1484e-42 [ 1.2774e-140 3.7125e-98 8.3672e-56 2.1484e-42 ] 0.0000e+00 [ 0.0000e+00 ] 1.0000e+00
 5.746e+01 1.2798e-42 1.2798e-42 [ 3.7255e-141 1.3918e-98 4.3599e-56 1.2798e-42 ] 0.0000e+00 [ 0.0000e+00 ] 1.0000e+00
 5.757e+01 7.6152e-43 7.6152e-43 [ 1.0853e-141 5.2110e-99 2.2690e-56 7.6152e-43 ] 0.0000e+00 [ 0.0000e+00 ] 1.0000e+00
 5.769e+01 4.5258e-43 4.5258e-43 [ 3.1583e-142 1.9486e-99 1.1794e-56 4.5258e-43 ] 0.0000e+00 [ 0.0000e+00 ] 1.0000e+00
 5.780e+01 2.6866e-43 2.6866e-43 [ 9.1806e-143 7.2774e-100 6.1223e-57 2.6866e-43 ] 0.0000e+00 [ 0.0000e+00 ] 1.0000e+00
 5.791e+01 1.5930e-43 1.5930e-43 [ 2.6657e-143 2.7145e-100 3.1743e-57 1.5930e-43 ] 0.0000e+00 [ 0.0000e+00 ] 1.0000e+00
 5.803e+01 9.4343e-44 9.4343e-44 [ 7.7317e-144 1.0112e-100 1.6437e-57 9.4343e-44 ] 0.0000e+00 [ 0.0000e+00 ] 1.0000e+00
 5.814e+01 5.5809e-44 5.5809e-44 [ 2.2401e-144 3.7626e-101 8.5014e-58 5.5809e-44 ] 0.0000e+00 [ 0.0000e+00 ] 1.0000e+00
 5.825e+01 3.2976e-44 3.2976e-44 [ 6.4829e-145 1.3982e-101 4.3914e-58 3.2976e-44 ] 0.0000e+00 [ 0.0000e+00 ] 1.0000e+00
 5.837e+01 1.9462e-44 1.9462e-44 [ 1.8742e-145 5.1893e-102 2.2656e-58 1.9462e-44 ] 0.0000e+00 [ 0.0000e+00 ] 1.0000e+00
 5.848e+01 1.1473e-44 1.1473e-44 [ 5.4123e-146 1.9236e-102 1.1674e-58 1.1473e-44 ] 0.0000e+00 [ 0.0000e+00 ] 1.0000e+00
 5.859e+01 6.7553e-45 6.7553e-45 [ 1.5613e-146 7.1217e-103 6.0081e-59 6.7553e-45 ] 0.0000e+00 [ 0.0000e+00 ] 1.0000e+00
 5.871e+01 3.9731e-45 3.9731e-45 [ 4.4990e-147 2.6334e-103 3.0882e-59 3.9731e-45 ] 0.0000e+00 [ 0.0000e+00 ] 1.0000e+00
 5.882e+01 2.3341e-45 2.3341e-45 [ 1.2950e-147 9.7256e-104 1.5855e-59 2.3341e-45 ] 0.0000e+00 [ 0.0000e+00 ] 1.0000e+00
 5.893e+01 1.3696e-45 1.3696e-45 [ 3.7238e-148 3.5874e-104 8.1295e-60 1.3696e-45 ] 0.0000e+00 [ 0.0000e+00 ] 1.0000e+00
 5.905e+01 8.0276e-46 8.0276e-46 [ 1.0696e-148 1.3216e-104 4.1634e-60 8.0276e-46 ] 0.0000e+00 [ 0.0000e+00 ] 1.0000e+00
 5.916e+01 4.6998e-46 4.6998e-46 [ 3.0690e-149 4.8630e-105 2.1296e-60 4.6998e-46 ] 0.0000e+00 [ 0.0000e+00 ] 1.0000e+00
 5.927e+01 2.7483e-46 2.7483e-46 [ 8.7964e-150 1.7872e-105 1.0880e-60 2.7483e-46 ] 0.0000e+00 [ 0.0000e+00 ] 1.0000e+00
 5.939e+01 1.6053e-46 1.6053e-46 [ 2.5186e-150 6.5601e-106 5.5516e-61 1.6053e-46 ] 0.0000e+00 [ 0.0000e+00 ] 1.0000e+00
 5.950e+01 9.3664e-47 9.3664e-47 [ 7.2037e-151 2.4050e-106 2.8293e-61 9.3664e-47 ] 0.0000e+00 [ 0.0000e+00 ] 1.0000e+00
 5.961e+01 5.4586e-47 5.4586e-47 [ 2.0583e-151 8.8065e-107 1.4402e-61 5.4586e-47 ] 0.0000e+00 [ 0.0000e+00 ] 1.0000e+00
 5.973e+01 3.1776e-47 3.1776e-47 [ 5.8747e-152 3.2208e-107 7.3223e-62 3.1776e-47 ] 0.0000e+00 [ 0.0000e+00 ] 1.0000e+00
 5.984e+01 1.8477e-47 1.8477e-47 [ 1.6750e-152 1.1765e-107 3.7183e-62 1.8477e-47 ] 0.0000e+00 [ 0.0000e+00 ] 1.0000e+00
 5.995e+01 1.0732e-47 1.0732e-47 [ 4.7708e-153 4.2924e-108 1.8859e-62 1.0732e-47 ] 0.0000e+00 [ 0.0000e+00 ] 1.0000e+00
 6.007e+01 6.2259e-48 6.2259e-48 [ 1.3574e-153 1.5642e-108 9.5534e-63 6.2259e-48 ] 0.0000e+00 [ 0.0000e+00 ] 1.0000e+00
 6.018e+01 3.6079e-48 3.6079e-48 [ 3.8583e-154 5.6931e-109 4.8338e-63 3.6079e-48 ] 0.0000e+00 [ 0.0000e+00 ] 1.0000e+00
 6.029e+01 2.0885e-48 2.0885e-48 [ 1.0955e-154 2.0696e-109 2.4428e-63 2.0885e-48 ] 0.0000e+00 [ 0.0000e+00 ] 1.0000e+00
 6.041e+01 1.2075e-48 1.2075e-48 [ 3.1075e-155 7.5148e-110 1.2331e-63 1.2075e-48 ] 0.0000e+00 [ 0.0000e+00 ] 1.0000e+00
 6.052e+01 6.9742e-49 6.9742e-49 [ 8.8054e-156 2.7254e-110 6.2166e-64 6.9742e-49 ] 0.0000e+00 [ 0.0000e+00 ] 1.0000e+00
 6.063e+01 4.0234e-49 4.0234e-49 [ 2.4925e-156 9.8722e-111 3.1304e-64 4.0234e-49 ] 0.0000e+00 [ 0.0000e+00 ] 1.0000e+00
 6.075e+01 2.3185e-49 2.3185e-49 [ 7.0484e-157 3.5718e-111 1.5745e-64 2.3185e-49 ] 0.0000e+00 [ 0.0000e+00 ] 1.0000e+00
 6.086e+01 1.3346e-49 1.3346e-49 [ 1.9911e-157 1.2908e-111 7.9097e-65 1.3346e-49 ] 0.0000e+00 [ 0.0000e+00 ] 1.0000e+00
 6.097e+01 7.6736e-50 7.6736e-50 [ 5.6191e-158 4.6590e-112 3.9689e-65 7.6736e-50 ] 0.0000e+00 [ 0.0000e+00 ] 1.0000e+00
 6.109e+01 4.4072e-50 4.4072e-50 [ 1.5841e-158 1.6797e-112 1.9891e-65 4.4072e-50 ] 0.0000e+00 [ 0.0000e+00 ] 1.0000e+00
 6.120e+01 2.5284e-50 2.5284e-50 [ 4.4615e-159 6.0486e-113 9.9572e-66 2.5284e-50 ] 0.0000e+00 [ 0.0000e+00 ] 1.0000e+00
 6.131e+01 1.4489e-50 1.4489e-50 [ 1.2553e-159 2.1755e-113 4.9786e-66 1.4489e-50 ] 0.0000e+00 [ 0.0000e+00 ] 1.0000e+00
 6.143e+01 8.2941e-51 8.2941e-51 [ 3.5282e-160 7.8157e-114 2.4863e-66 8.2941e-51 ] 0.0000e+00 [ 0.0000e+00 ] 1.0000e+00
 6.154e+01 4.7425e-51 4.7425e-51 [ 9.9071e-161 2.8046e-114 1.2402e-66 4.7425e-51 ] 0.0000e+00 [ 0.0000e+00 ] 1.0000e+00
 6.165e+01 2.7088e-51 2.7088e-51 [ 2.7791e-161 1.0052e-114 6.1794e-67 2.7088e-51 ] 0.0000e+00 [ 0.0000e+00 ] 1.0000e+00
 6.177e+01 1.5454e-51 1.5454e-51 [ 7.7879e-162 3.5986e-115 3.0752e-67 1.5454e-51 ] 0.0000e+00 [ 0.0000e+00 ] 1.0000e+00
 6.188e+01 8.8075e-52 8.8075e-52 [ 2.1803e-162 1.2868e-115 1.5286e-67 8.8075e-52 ] 0.0000e+00 [ 0.0000e+00 ] 1.0000e+00
 6.199e+01 5.0140e-52 5.0140e-52 [ 6.0978e-163 4.5961e-116 7.5894e-68 5.0140e-52 ] 0.0000e+00 [ 0.0000e+00 ] 1.0000e+00
 6.211e+01 2.8512e-52 2.8512e-52 [ 1.7038e-163 1.6397e-116 3.7637e-68 2.8512e-52 ] 0.0000e+00 [ 0.0000e+00 ] 1.0000e+00
 6.222e+01 1.6196e-52 1.6196e-52 [ 4.7558e-164 5.8430e-117 1.8643e-68 1.6196e-52 ] 0.0000e+00 [ 0.0000e+00 ] 1.0000e+00
 6.233e+01 9.1898e-53 9.1898e-53 [ 1.3262e-164 2.0797e-117 9.2241e-69 9.1898e-53 ] 0.0000e+00 [ 0.0000e+00 ] 1.0000e+00
 6.245e+01 5.2087e-53 5.2087e-53 [ 3.6946e-165 7.3940e-118 4.5585e-69 5.2087e-53 ] 0.0000e+00 [ 0.0000e+00 ] 1.0000e+00
 6.256e+01 2.9490e-53 2.9490e-53 [ 1.0283e-165 2.6257e-118 2.2502e-69 2.9490e-53 ] 0.0000e+00 [ 0.0000e+00 ] 1.0000e+00
 6.267e+01 1.6678e-53 1.6678e-53 [ 2.8591e-166 9.3139e-119 1.1095e-69 1.6678e-53 ] 0.0000e+00 [ 0.0000e+00 ] 1.0000e+00
 6.279e+01 9.4224e-54 9.4224e-54 [ 7.9419e-167 3.3000e-119 5.4640e-70 9.4224e-54 ] 0.0000e+00 [ 0.0000e+00 ] 1.0000e+00
 6.290e+01 5.3174e-54 5.3174e-54 [ 2.2040e-167 1.1679e-119 2.6878e-70 5.3174e-54 ] 0.0000e+00 [ 0.0000e+00 ] 1.0000e+00
 6.301e+01 2.9975e-54 2.9975e-54 [ 6.1104e-168 4.1285e-120 1.3207e-70 2.9975e-54 ] 0.0000e+00 [ 0.0000e+00 ] 1.0000e+00
 6.313e+01 1.6879e-54 1.6879e-54 [ 1.6924e-168 1.4578e-120 6.4818e-71 1.6879e-54 ] 0.0000e+00 [ 0.0000e+00 ] 1.0000e+00
 6.324e+01 9.4946e-55 9.4946e-55 [ 4.6832e-169 5.1416e-121 3.1776e-71 9.4946e-55 ] 0.0000e+00 [ 0.0000e+00 ] 1.0000e+00
 6.335e+01 5.3350e-55 5.3350e-55 [ 1.2947e-169 1.8114e-121 1.5560e-71 5.3350e-55 ] 0.0000e+00 [ 0.0000e+00 ] 1.0000e+00
 6.347e+01 2.9945e-55 2.9945e-55 [ 3.5758e-170 6.3744e-122 7.6105e-72 2.9945e-55 ] 0.0000e+00 [ 0.0000e+00 ] 1.0000e+00
 6.358e+01 1.6790e-55 1.6790e-55 [ 9.8665e-171 2.2407e-122 3.7182e-72 1.6790e-55 ] 0.0000e+00 [ 0.0000e+00 ] 1.0000e+00
 6.369e+01 9.4035e-56 9.4035e-56 [ 2.7199e-171 7.8674e-123 1.8145e-72 9.4035e-56 ] 0.0000e+00 [ 0.0000e+00 ] 1.0000e+00
 6.381e+01 5.2611e-56 5.2611e-56 [ 7.4907e-172 2.7593e-123 8.8448e-73 5.2611e-56 ] 0.0000e+00 [ 0.0000e+00 ] 1.0000e+00
 6.392e+01 2.9404e-56 2.9404e-56 [ 2.0611e-172 9.6666e-124 4.3065e-73 2.9404e-56 ] 0.0000e+00 [ 0.0000e+00 ] 1.0000e+00
 6.403e+01 1.6416e-56 1.6416e-56 [ 5.6657e-173 3.3827e-124 2.0945e-73 1.6416e-56 ] 0.0000e+00 [ 0.0000e+00 ] 1.0000e+00
 6.415e+01 9.1549e-57 9.1549e-57 [ 1.5560e-173 1.1824e-124 1.0175e-73 9.1549e-57 ] 0.0000e+00 [ 0.0000e+00 ] 1.0000e+00
 6.426e+01 5.1001e-57 5.1001e-57 [ 4.2694e-174 4.1287e-125 4.9374e-74 5.1001e-57 ] 0.0000e+00 [ 0.0000e+00 ] 1.0000e+00
 6.437e+01 2.8382e-57 2.8382e-57 [ 1.1703e-174 1.4400e-125 2.3932e-74 2.8382e-57 ] 0.0000e+00 [ 0.0000e+00 ] 1.0000e+00
 6.449e+01 1.5778e-57 1.5778e-57 [ 3.2052e-175 5.0168e-126 1.1587e-74 1.5778e-57 ] 0.0000e+00 [ 0.0000e+00 ] 1.0000e+00
 6.460e+01 8.7620e-58 8.7620e-58 [ 8.7702e-176 1.7459e-126 5.6038e-75 8.7620e-58 ] 0.0000e+00 [ 0.0000e+00 ] 1.0000e+00
 6.471e+01 4.8606e-58 4.8606e-58 [ 2.3975e-176 6.0691e-127 2.7071e-75 4.8606e-58 ] 0.0000e+00 [ 0.0000e+00 ] 1.0000e+00
 6.483e+01 2.6935e-58 2.6935e-58 [ 6.5480e-177 2.1075e-127 1.3063e-75 2.6935e-58 ] 0.0000e+00 [ 0.0000e+00 ] 1.0000e+00
 6.494e+01 1.4910e-58 1.4910e-58 [ 1.7867e-177 7.3100e-128 6.2964e-76 1.4910e-58 ] 0.0000e+00 [ 0.0000e+00 ] 1.0000e+00
 6.505e+01 8.2449e-59 8.2449e-59 [ 4.8710e-178 2.5328e-128 3.0315e-76 8.2449e-59 ] 0.0000e+00 [ 0.0000e+00 ] 1.0000e+00
 6.517e+01 4.5544e-59 4.5544e-59 [ 1.3267e-178 8.7662e-129 1.4580e-76 4.5544e-59 ] 0.0000e+00 [ 0.0000e+00 ] 1.0000e+00
 6.528e+01 2.5132e-59 2.5132e-59 [ 3.6103e-179 3.0307e-129 7.0042e-77 2.5132e-59 ] 0.0000e+00 [ 0.0000e+00 ] 1.0000e+00
 6.539e+01 1.3854e-59 1.3854e-59 [ 9.8158e-180 1.0467e-129 3.3611e-77 1.3854e-59 ] 0.0000e+00 [ 0.0000e+00 ] 1.0000e+00
 6.551e+01 7.6285e-60 7.6285e-60 [ 2.6663e-180 3.6108e-130 1.6111e-77 7.6285e-60 ] 0.0000e+00 [ 0.0000e+00 ] 1.0000e+00
 6.562e+01 4.1963e-60 4.1963e-60 [ 7.2361e-181 1.2443e-130 7.7142e-78 4.1963e-60 ] 0.0000e+00 [ 0.0000e+00 ] 1.0000e+00
 6.573e+01 2.3059e-60 2.3059e-60 [ 1.9620e-181 4.2833e-131 3.6896e-78 2.3059e-60 ] 0.0000e+00 [ 0.0000e+00 ] 1.0000e+00
 6.585e+01 1.2658e-60 1.2658e-60 [ 5.3153e-182 1.4729e-131 1.7627e-78 1.2658e-60 ] 0.0000e+00 [ 0.0000e+00 ] 1.0000e+00
 6.596e+01 6.9408e-61 6.9408e-61 [ 1.4387e-182 5.0592e-132 8.4125e-79 6.9408e-61 ] 0.0000e+00 [ 0.0000e+00 ] 1.0000e+00
 6.607e+01 3.8021e-61 3.8021e-61 [ 3.8905e-183 1.7360e-132 4.0103e-79 3.8021e-61 ] 0.0000e+00 [ 0.0000e+00 ] 1.0000e+00
 6.619e+01 2.0805e-61 2.0805e-61 [ 1.0511e-183 5.9501e-133 1.9097e-79 2.0805e-61 ] 0.0000e+00 [ 0.0000e+00 ] 1.0000e+00
 6.630e+01 1.1373e-61 1.1373e-61 [ 2.8375e-184 2.0373e-133 9.0839e-80 1.1373e-61 ] 0.0000e+00 [ 0.0000e+00 ] 1.0000e+00
 6.641e+01 6.2107e-62 6.2107e-62 [ 7.6531e-185 6.9681e-134 4.3163e-80 6.2107e-62 ] 0.0000e+00 [ 0.0000e+00 ] 1.0000e+00
 6.653e+01 3.3880e-62 3.3880e-62 [ 2.0623e-185 2.3807e-134 2.0487e-80 3.3880e-62 ] 0.0000e+00 [ 0.0000e+00 ] 1.0000e+00
 6.664e+01 1.8463e-62 1.8463e-62 [ 5.5524e-186 8.1255e-135 9.7132e-81 1.8463e-62 ] 0.0000e+00 [ 0.0000e+00 ] 1.0000e+00
 6.675e+01 1.0051e-62 1.0051e-62 [ 1.4936e-186 2.7703e-135 4.6003e-81 1.0051e-62 ] 0.0000e+00 [ 0.0000e+00 ] 1.0000e+00
 6.687e+01 5.4659e-63 5.4659e-63 [ 4.0143e-187 9.4351e-136 2.1764e-81 5.4659e-63 ] 0.0000e+00 [ 0.0000e+00 ] 1.0000e+00
 6.698e+01 2.9694e-63 2.9694e-63 [ 1.0780e-187 3.2100e-136 1.0285e-81 2.9694e-63 ] 0.0000e+00 [ 0.0000e+00 ] 1.0000e+00
 6.709e+01 1.6115e-63 1.6115e-63 [ 2.8923e-188 1.0910e-136 4.8554e-82 1.6115e-63 ] 0.0000e+00 [ 0.0000e+00 ] 1.0000e+00
 6.721e+01 8.7369e-64 8.7369e-64 [ 7.7533e-189 3.7039e-137 2.2897e-82 8.7369e-64 ] 0.0000e+00 [ 0.0000e+00 ] 1.0000e+00
 6.732e+01 4.7318e-64 4.7318e-64 [ 2.0766e-189 1.2562e-137 1.0786e-82 4.7318e-64 ] 0.0000e+00 [ 0.0000e+00 ] 1.0000e+00
 6.743e+01 2.5601e-64 2.5601e-64 [ 5.5573e-190 4.2559e-138 5.0753e-83 2.5601e-64 ] 0.0000e+00 [ 0.0000e+00 ] 1.0000e+00
 6.755e+01 1.3837e-64 1.3837e-64 [ 1.4859e-190 1.4404e-138 2.3856e-83 1.3837e-64 ] 0.0000e+00 [ 0.0000e+00 ] 1.0000e+00
 6.766e+01 7.4709e-65 7.4709e-65 [ 3.9696e-191 4.8698e-139 1.1202e-83 7.4709e-65 ] 0.0000e+00 [ 0.0000e+00 ] 1.0000e+00
 6.777e+01 4.0297e-65 4.0297e-65 [ 1.0596e-191 1.6447e-139 5.2542e-84 4.0297e-65 ] 0.0000e+00 [ 0.0000e+00 ] 1.0000e+00
 6.789e+01 2.1713e-65 2.1713e-65 [ 2.8259e-192 5.5492e-140 2.4618e-84 2.1713e-65 ] 0.0000e+00 [ 0.0000e+00 ] 1.0000e+00
 6.800e+01 1.1688e-65 1.1688e-65 [ 7.5304e-193 1.8703e-140 1.1523e-84 1.1688e-65 ] 0.0000e+00 [ 0.0000e+00 ] 1.0000e+00
 6.811e+01 6.2849e-66 6.2849e-66 [ 2.0049e-193 6.2972e-141 5.3874e-85 6.2849e-66 ] 0.0000e+00 [ 0.0000e+00 ] 1.0000e+00
 6.823e+01 3.3762e-66 3.3762e-66 [ 5.3337e-194 2.1180e-141 2.5162e-85 3.3762e-66 ] 0.0000e+00 [ 0.0000e+00 ] 1.0000e+00
 6.834e+01 1.8118e-66 1.8118e-66 [ 1.4177e-194 7.1166e-142 1.1740e-85 1.8118e-66 ] 0.0000e+00 [ 0.0000e+00 ] 1.0000e+00
 6.845e+01 9.7131e-67 9.7131e-67 [ 3.7651e-195 2.3888e-142 5.4715e-86 9.7131e-67 ] 0.0000e+00 [ 0.0000e+00 ] 1.0000e+00
 6.857e+01 5.2019e-67 5.2019e-67 [ 9.9909e-196 8.0098e-143 2.5474e-86 5.2019e-67 ] 0.0000e+00 [ 0.0000e+00 ] 1.0000e+00
 6.868e+01 2.7831e-67 2.7831e-67 [ 2.6490e-196 2.6831e-143 1.1848e-86 2.7831e-67 ] 0.0000e+00 [ 0.0000e+00 ] 1.0000e+00
 6.879e+01 1.4875e-67 1.4875e-67 [ 7.0175e-197 8.9783e-144 5.5044e-87 1.4875e-67 ] 0.0000e+00 [ 0.0000e+00 ] 1.0000e+00
 6.891e+01 7.9425e-68 7.9425e-68 [ 1.8575e-197 3.0013e-144 2.5547e-87 7.9425e-68 ] 0.0000e+00 [ 0.0000e+00 ] 1.0000e+00
 6.902e+01 4.2366e-68 4.2366e-68 [ 4.9127e-198 1.0023e-144 1.1844e-87 4.2366e-68 ] 0.0000e+00 [ 0.0000e+00 ] 1.0000e+00
 6.913e+01 2.2575e-68 2.2575e-68 [ 1.2982e-198 3.3438e-145 5.4854e-88 2.2575e-68 ] 0.0000e+00 [ 0.0000e+00 ] 1.0000e+00
 6.925e+01 1.2018e-68 1.2018e-68 [ 3.4279e-199 1.1144e-145 2.5379e-88 1.2018e-68 ] 0.0000e+00 [ 0.0000e+00 ] 1.0000e+00
 6.936e+01 6.3910e-69 6.3910e-69 [ 9.0436e-200 3.7103e-146 1.1729e-88 6.3910e-69 ] 0.0000e+00 [ 0.0000e+00 ] 1.0000e+00
 6.947e+01 3.3953e-69 3.3953e-69 [ 2.3840e-200 1.2341e-146 5.4153e-89 3.3953e-69 ] 0.0000e+00 [ 0.0000e+00 ] 1.0000e+00
 6.959e+01 1.8020e-69 1.8020e-69 [ 6.2793e-201 4.1004e-147 2.4976e-89 1.8020e-69 ] 0.0000e+00 [ 0.0000e+00 ] 1.0000e+00
 6.970e+01 9.5546e-70 9.5546e-70 [ 1.6526e-201 1.3611e-147 1.1507e-89 9.5546e-70 ] 0.0000e+00 [ 0.0000e+00 ] 1.0000e+00
 6.981e+01 5.0609e-70 5.0609e-70 [ 4.3457e-202 4.5134e-148 5.2963e-90 5.0609e-70 ] 0.0000e+00 [ 0.0000e+00 ] 1.0000e+00
 6.993e+01 2.6780e-70 2.6780e-70 [ 1.1418e-202 1.4952e-148 2.4351e-90 2.6780e-70 ] 0.0000e+00 [ 0.0000e+00 ] 1.0000e+00
 7.004e+01 1.4157e-70 1.4157e-70 [ 2.9978e-203 4.9482e-149 1.1185e-90 1.4157e-70 ] 0.0000e+00 [ 0.0000e+00 ] 1.0000e+00
 7.015e+01 7.4762e-71 7.4762e-71 [ 7.8639e-204 1.6359e-149 5.1318e-91 7.4762e-71 ] 0.0000e+00 [ 0.0000e+00 ] 1.0000e+00
 7.027e+01 3.9443e-71 3.9443e-71 [ 2.0612e-204 5.4033e-150 2.3522e-91 3.9443e-71 ] 0.0000e+00 [ 0.0000e+00 ] 1.0000e+00
 7.038e+01 2.0789e-71 2.0789e-71 [ 5.3984e-205 1.7829e-150 1.0770e-91 2.0789e-71 ] 0.0000e+00 [ 0.0000e+00 ] 1.0000e+00
 7.049e+01 1.0946e-71 1.0946e-71 [ 1.4127e-205 5.8769e-151 4.9266e-92 1.0946e-71 ] 0.0000e+00 [ 0.0000e+00 ] 1.0000e+00
 7.061e+01 5.7578e-72 5.7578e-72 [ 3.6939e-206 1.9353e-151 2.2512e-92 5.7578e-72 ] 0.0000e+00 [ 0.0000e+00 ] 1.0000e+00
 7.072e+01 3.0258e-72 3.0258e-72 [ 9.6510e-207 6.3668e-152 1.0276e-92 3.0258e-72 ] 0.0000e+00 [ 0.0000e+00 ] 1.0000e+00
 7.083e+01 1.5885e-72 1.5885e-72 [ 2.5195e-207 2.0925e-152 4.6861e-93 1.5885e-72 ] 0.0000e+00 [ 0.0000e+00 ] 1.0000e+00
 7.095e+01 8.3310e-73 8.3310e-73 [ 6.5719e-208 6.8704e-153 2.1348e-93 8.3310e-73 ] 0.0000e+00 [ 0.0000e+00 ] 1.0000e+00
 7.106e+01 4.3650e-73 4.3650e-73 [ 1.7129e-208 2.2536e-153 9.7150e-94 4.3650e-73 ] 0.0000e+00 [ 0.0000e+00 ] 1.0000e+00
 7.117e+01 2.2848e-73 2.2848e-73 [ 4.4608e-209 7.3846e-154 4.4167e-94 2.2848e-73 ] 0.0000e+00 [ 0.0000e+00 ] 1.0000e+00
 7.129e+01 1.1948e-73 1.1948e-73 [ 1.1608e-209 2.4175e-154 2.0059e-94 1.1948e-73 ] 0.0000e+00 [ 0.0000e+00 ] 1.0000e+00
 7.140e+01 6.2418e-74 6.2418e-74 [ 3.0180e-210 7.9063e-155 9.1008e-95 6.2418e-74 ] 0.0000e+00 [ 0.0000e+00 ] 1.0000e+00
 7.151e+01 3.2576e-74 3.2576e-74 [ 7.8405e-211 2.5832e-155 4.1249e-95 3.2576e-74 ] 0.0000e+00 [ 0.0000e+00 ] 1.0000e+00
 7.163e+01 1.6985e-74 1.6985e-74 [ 2.0352e-211 8.4316e-156 1.8677e-95 1.6985e-74 ] 0.0000e+00 [ 0.0000e+00 ] 1.0000e+00
 7.174e+01 8.8474e-75 8.8474e-75 [ 5.2788e-212 2.7494e-156 8.4481e-96 8.8474e-75 ] 0.0000e+00 [ 0.0000e+00 ] 1.0000e+00
 7.185e+01 4.6040e-75 4.6040e-75 [ 1.3680e-212 8.9566e-157 3.8175e-96 4.6040e-75 ] 0.0000e+00 [ 0.0000e+00 ] 1.0000e+00
 7.197e+01 2.3935e-75 2.3935e-75 [ 3.5424e-213 2.9149e-157 1.7233e-96 2.3935e-75 ] 0.0000e+00 [ 0.0000e+00 ] 1.0000e+00
 7.208e+01 1.2431e-75 1.2431e-75 [ 9.1650e-214 9.4769e-158 7.7714e-97 1.2431e-75 ] 0.0000e+00 [ 0.0000e+00 ] 1.0000e+00
 7.219e+01 6.4502e-76 6.4502e-76 [ 2.3693e-214 3.0781e-158 3.5011e-97 6.4502e-76 ] 0.0000e+00 [ 0.0000e+00 ] 1.0000e+00
 7.231e+01 3.3435e-76 3.3435e-76 [ 6.1196e-215 9.9879e-159 1.5757e-97 3.3435e-76 ] 0.0000e+00 [ 0.0000e+00 ] 1.0000e+00
 7.242e+01 1.7315e-76 1.7315e-76 [ 1.5793e-215 3.2377e-159 7.0848e-98 1.7315e-76 ] 0.0000e+00 [ 0.0000e+00 ] 1.0000e+00
 7.253e+01 8.9582e-77 8.9582e-77 [ 4.0724e-216 1.0485e-159 3.1822e-98 8.9582e-77 ] 0.0000e+00 [ 0.0000e+00 ] 1.0000e+00
 7.265e+01 4.6302e-77 4.6302e-77 [ 1.0492e-216 3.3919e-160 1.4279e-98 4.6302e-77 ] 0.0000e+00 [ 0.0000e+00 ] 1.0000e+00
 7.276e+01 2.3909e-77 2.3909e-77 [ 2.7007e-217 1.0962e-160 6.4010e-99 2.3909e-77 ] 0.0000e+00 [ 0.0000e+00 ] 1.0000e+00
 7.287e+01 1.2334e-77 1.2334e-77 [ 6.9457e-218 3.5392e-161 2.8666e-99 1.2334e-77 ] 0.0000e+00 [ 0.0000e+00 ] 1.0000e+00
 7.299e+01 6.3566e-78 6.3566e-78 [ 1.7847e-218 1.1415e-161 1.2824e-99 6.3566e-78 ] 0.0000e+00 [ 0.0000e+00 ] 1.0000e+00
 7.310e+01 3.2729e-78 3.2729e-78 [ 4.5819e-219 3.6779e-162 5.7318e-100 3.2729e-78 ] 0.0000e+00 [ 0.0000e+00 ] 1.0000e+00
 7.321e+01 1.6836e-78 1.6836e-78 [ 1.1752e-219 1.1838e-162 2.5592e-100 1.6836e-78 ] 0.0000e+00 [ 0.0000e+00 ] 1.0000e+00
 7.333e+01 8.6518e-79 8.6518e-79 [ 3.0115e-220 3.8063e-163 1.1416e-100 8.6518e-79 ] 0.0000e+00 [ 0.0000e+00 ] 1.0000e+00
 7.344e+01 4.4419e-79 4.4419e-79 [ 7.7099e-221 1.2225e-163 5.0870e-101 4.4419e-79 ] 0.0000e+00 [ 0.0000e+00 ] 1.0000e+00
 7.355e+01 2.2783e-79 2.2783e-79 [ 1.9720e-221 3.9225e-164 2.2646e-101 2.2783e-79 ] 0.0000e+00 [ 0.0000e+00 ] 1.0000e+00
 7.367e+01 1.1675e-79 1.1675e-79 [ 5.0388e-222 1.2572e-164 1.0072e-101 1.1675e-79 ] 0.0000e+00 [ 0.0000e+00 ] 1.0000e+00
 7.378e+01 5.9768e-80 5.9768e-80 [ 1.2863e-222 4.0248e-165 4.4749e-102 5.9768e-80 ] 0.0000e+00 [ 0.0000e+00 ] 1.0000e+00
 7.389e+01 3.0569e-80 3.0569e-80 [ 3.2801e-223 1.2871e-165 1.9863e-102 3.0569e-80 ] 0.0000e+00 [ 0.0000e+00 ] 1.0000e+00
 7.401e+01 1.5620e-80 1.5620e-80 [ 8.3562e-224 4.1114e-166 8.8076e-103 1.5620e-80 ] 0.0000e+00 [ 0.0000e+00 ] 1.0000e+00
 7.412e+01 7.9736e-81 7.9736e-81 [ 2.1265e-224 1.3118e-166 3.9017e-103 7.9736e-81 ] 0.0000e+00 [ 0.0000e+00 ] 1.0000e+00
 7.423e+01 4.0665e-81 4.0665e-81 [ 5.4059e-225 4.1805e-167 1.7267e-103 4.0665e-81 ] 0.0000e+00 [ 0.0000e+00 ] 1.0000e+00
 7.435e+01 2.0720e-81 2.0720e-81 [ 1.3727e-225 1.3307e-167 7.6340e-104 2.0720e-81 ] 0.0000e+00 [ 0.0000e+00 ] 1.0000e+00
 7.446e+01 1.0547e-81 1.0547e-81 [ 3.4820e-226 4.2306e-168 3.3718e-104 1.0547e-81 ] 0.0000e+00 [ 0.0000e+00 ] 1.0000e+00
 7.457e+01 5.3639e-82 5.3639e-82 [ 8.8219e-227 1.3433e-168 1.4878e-104 5.3639e-82 ] 0.0000e+00 [ 0.0000e+00 ] 1.0000e+00
 7.469e+01 2.7253e-82 2.7253e-82 [ 2.2325e-227 4.2599e-169 6.5579e-105 2.7253e-82 ] 0.0000e+00 [ 0.0000e+00 ] 1.0000e+00
 7.480e+01 1.3833e-82 1.3833e-82 [ 5.6428e-228 1.3491e-169 2.8878e-105 1.3833e-82 ] 0.0000e+00 [ 0.0000e+00 ] 1.0000e+00
 7.491e+01 7.0153e-83 7.0153e-83 [ 1.4245e-228 4.2670e-170 1.2703e-105 7.0153e-83 ] 0.0000e+00 [ 0.0000e+00 ] 1.0000e+00
 7.503e+01 3.5543e-83 3.5543e-83 [ 3.5914e-229 1.3477e-170 5.5825e-106 3.5543e-83 ] 0.0000e+00 [ 0.0000e+00 ] 1.0000e+00
 7.514e+01 1.7991e-83 1.7991e-83 [ 9.0430e-230 4.2505e-171 2.4506e-106 1.7991e-83 ] 0.0000e+00 [ 0.0000e+00 ] 1.0000e+00
 7.525e+01 9.0980e-84 9.0980e-84 [ 2.2739e-230 1.3386e-171 1.0746e-106 9.0980e-84 ] 0.0000e+00 [ 0.0000e+00 ] 1.0000e+00
 7.537e+01 4.5966e-84 4.5966e-84 [ 5.7098e-231 4.2095e-172 4.7074e-107 4.5966e-84 ] 0.0000e+00 [ 0.0000e+00 ] 1.0000e+00
 7.548e+01 2.3201e-84 2.3201e-84 [ 1.4317e-231 1.3217e-172 2.0598e-107 2.3201e-84 ] 0.0000e+00 [ 0.0000e+00 ] 1.0000e+00
 7.559e+01 1.1700e-84 1.1700e-84 [ 3.5845e-232 4.1430e-173 9.0022e-108 1.1700e-84 ] 0.0000e+00 [ 0.0000e+00 ] 1.0000e+00
 7.571e+01 5.8947e-85 5.8947e-85 [ 8.9609e-233 1.2966e-173 3.9298e-108 5.8947e-85 ] 0.0000e+00 [ 0.0000e+00 ] 1.0000e+00
 7.582e+01 2.9671e-85 2.9671e-85 [ 2.2366e-233 4.0506e-174 1.7134e-108 2.9671e-85 ] 0.0000e+00 [ 0.0000e+00 ] 1.0000e+00
 7.593e+01 1.4921e-85 1.4921e-85 [ 5.5733e-234 1.2632e-174 7.4607e-109 1.4921e-85 ] 0.0000e+00 [ 0.0000e+00 ] 1.0000e+00
 7.605e+01 7.4965e-86 7.4965e-86 [ 1.3864e-234 3.9323e-175 3.2443e-109 7.4965e-86 ] 0.0000e+00 [ 0.0000e+00 ] 1.0000e+00
 7.616e+01 3.7629e-86 3.7629e-86 [ 3.4429e-235 1.2217e-175 1.4088e-109 3.7629e-86 ] 0.0000e+00 [ 0.0000e+00 ] 1.0000e+00
 7.627e+01 1.8870e-86 1.8870e-86 [ 8.5340e-236 3.7883e-176 6.1086e-110 1.8870e-86 ] 0.0000e+00 [ 0.0000e+00 ] 1.0000e+00
 7.639e+01 9.4543e-87 9.4543e-87 [ 2.1113e-236 1.1722e-176 2.6444e-110 9.4543e-87 ] 0.0000e+00 [ 0.0000e+00 ] 1.0000e+00
 7.650e+01 4.7324e-87 4.7324e-87 [ 5.2131e-237 3.6195e-177 1.1429e-110 4.7324e-87 ] 0.0000e+00 [ 0.0000e+00 ] 1.0000e+00
 7.661e+01 2.3667e-87 2.3667e-87 [ 1.2845e-237 1.1151e-177 4.9304e-111 2.3667e-87 ] 0.0000e+00 [ 0.0000e+00 ] 1.0000e+00
 7.673e+01 1.1825e-87 1.1825e-87 [ 3.1583e-238 3.4272e-178 2.1229e-111 1.1825e-87 ] 0.0000e+00 [ 0.0000e+00 ] 1.0000e+00
 7.684e+01 5.9027e-88 5.9027e-88 [ 7.7480e-239 1.0508e-178 9.1214e-112 5.9027e-88 ] 0.0000e+00 [ 0.0000e+00 ] 1.0000e+00
 7.695e+01 2.9438e-88 2.9438e-88 [ 1.8962e-239 3.2134e-179 3.9105e-112 2.9438e-88 ] 0.0000e+00 [ 0.0000e+00 ] 1.0000e+00
 7.707e+01 1.4668e-88 1.4668e-88 [ 4.6293e-240 9.8004e-180 1.6725e-112 1.4668e-88 ] 0.0000e+00 [ 0.0000e+00 ] 1.0000e+00
 7.718e+01 7.3017e-89 7.3017e-89 [ 1.1272e-240 2.9804e-180 7.1341e-113 7.3017e-89 ] 0.0000e+00 [ 0.0000e+00 ] 1.0000e+00
 7.729e+01 3.6315e-89 3.6315e-89 [ 2.7370e-241 9.0368e-181 3.0346e-113 3.6315e-89 ] 0.0000e+00 [ 0.0000e+00 ] 1.0000e+00
 7.741e+01 1.8045e-89 1.8045e-89 [ 6.6262e-242 2.7313e-181 1.2868e-113 1.8045e-89 ] 0.0000e+00 [ 0.0000e+00 ] 1.0000e+00
 7.752e+01 8.9582e-90 8.9582e-90 [ 1.5992e-242 8.2271e-182 5.4388e-114 8.9582e-90 ] 0.0000e+00 [ 0.0000e+00 ] 1.0000e+00
 7.763e+01 4.4432e-90 4.4432e-90 [ 3.8468e-243 2.4692e-182 2.2904e-114 4.4432e-90 ] 0.0000e+00 [ 0.0000e+00 ] 1.0000e+00
 7.775e+01 2.2018e-90 2.2018e-90 [ 9.2198e-244 7.3825e-183 9.6070e-115 2.2018e-90 ] 0.0000e+00 [ 0.0000e+00 ] 1.0000e+00
 7.786e+01 1.0901e-90 1.0901e-90 [ 2.2013e-244 2.1981e-183 4.0122e-115 1.0901e-90 ] 0.0000e+00 [ 0.0000e+00 ] 1.0000e+00
 7.797e+01 5.3919e-91 5.3919e-91 [ 5.2335e-245 6.5153e-184 1.6677e-115 5.3919e-91 ] 0.0000e+00 [ 0.0000e+00 ] 1.0000e+00
 7.809e+01 2.6646e-91 2.6646e-91 [ 1.2386e-245 1.9218e-184 6.8960e-116 2.6646e-91 ] 0.0000e+00 [ 0.0000e+00 ] 1.0000e+00
 7.820e+01 1.3156e-91 1.3156e-91 [ 2.9166e-246 5.6385e-185 2.8351e-116 1.3156e-91 ] 0.0000e+00 [ 0.0000e+00 ] 1.0000e+00
 7.831e+01 6.4899e-92 6.4899e-92 [ 6.8295e-247 1.6446e-185 1.1581e-116 6.4899e-92 ] 0.0000e+00 [ 0.0000e+00 ] 1.0000e+00
 7.843e+01 3.1984e-92 3.1984e-92 [ 1.5892e-247 4.7654e-186 4.6972e-117 3.1984e-92 ] 0.0000e+00 [ 0.0000e+00 ] 1.0000e+00
 7.854e+01 1.5748e-92 1.5748e-92 [ 3.6720e-248 1.3706e-186 1.8898e-117 1.5748e-92 ] 0.0000e+00 [ 0.0000e+00 ] 1.0000e+00
 7.865e+01 7.7460e-93 7.7460e-93 [ 8.4158e-249 3.9091e-187 7.5336e-118 7.7460e-93 ] 0.0000e+00 [ 0.0000e+00 ] 1.0000e+00
 7.877e+01 3.8060e-93 3.8060e-93 [ 1.9106e-249 1.1040e-187 2.9716e-118 3.8060e-93 ] 0.0000e+00 [ 0.0000e+00 ] 1.0000e+00
 7.888e+01 1.8677e-93 1.8677e-93 [ 4.2892e-250 3.0821e-188 1.1576e-118 1.8677e-93 ] 0.0000e+00 [ 0.0000e+00 ] 1.0000e+00
 7.899e+01 9.1503e-94 9.1503e-94 [ 9.4990e-251 8.4852e-189 4.4432e-119 9.1503e-94 ] 0.0000e+00 [ 0.0000e+00 ] 1.0000e+00
 7.911e+01 4.4719e-94 4.4719e-94 [ 2.0683e-251 2.2960e-189 1.6745e-119 4.4719e-94 ] 0.0000e+00 [ 0.0000e+00 ] 1.0000e+00
 7.922e+01 2.1765e-94 2.1765e-94 [ 4.4066e-252 6.0768e-190 6.1658e-120 2.1765e-94 ] 0.0000e+00 [ 0.0000e+00 ] 1.0000e+00
 7.933e+01 1.0510e-94 1.0510e-94 [ 9.1164e-253 1.5612e-190 2.2013e-120 1.0510e-94 ] 0.0000e+00 [ 0.0000e+00 ] 1.0000e+00
 7.945e+01 4.9916e-95 4.9916e-95 [ 1.8084e-253 3.8444e-191 7.5192e-121 4.9916e-95 ] 0.0000e+00 [ 0.0000e+00 ] 1.0000e+00
 7.956e+01 2.2805e-95 2.2805e-95 [ 3.3584e-254 8.8550e-192 2.3922e-121 2.2805e-95 ] 0.0000e+00 [ 0.0000e+00 ] 1.0000e+00
 7.967e+01 9.3736e-96 9.3736e-96 [ 5.5193e-255 1.7972e-192 6.6004e-122 9.3736e-96 ] 0.0000e+00 [ 0.0000e+00 ] 1.0000e+00
 7.979e+01 2.6653e-96 2.6653e-96 [ 6.4275e-256 2.5180e-193 1.1873e-122 2.6653e-96 ] 0.0000e+00 [ 0.0000e+00 ] 1.0000e+00
 7.990e+01 0.0000e+00 0.0000e+00 [ 0.0000e+00 0.0000e+00 0.0000e+00 0.0000e+00 ] 0.0000e+00 [ 0.0000e+00 ] 1.0000e+00
