 0.000e+00 0.0000e+00 0.0000e+00 [ 0.0000e+00 0.0000e+00 0.0000e+00 0.0000e+00 ] 0.0000e+00 [ 0.0000e+00 ] 1.0000e+00
 1.133e-01 3.1390e-03 3.1390e-03 [ 2.9745e-03 3.8043e-05 8.7433e-05 3.9079e-05 ] 0.0000e+00 [ 0.0000e+00 ] 9.9686e-01
 2.267e-01 5.9783e-03 5.9783e-03 [ 5.3378e-03 1.4975e-04 3.4106e-04 1.4969e-04 ] 0.0000e+00 [ 0.0000e+00 ] 9.9402e-01
 3.400e-01 8.6457e-03 8.6457e-03 [ 7.2619e-03 3.2787e-04 7.3587e-04 3.2006e-04 ] 0.0000e+00 [ 0.0000e+00 ] 9.9135e-01
 4.533e-01 1.1192e-02 1.1192e-02 [ 8.8602e-03 5.6096e-04 1.2342e-03 5.3653e-04 ] 0.0000e+00 [ 0.0000e+00 ] 9.8881e-01
 5.667e-01 1.3611e-02 1.3611e-02 [ 1.0201e-02 8.3455e-04 1.7915e-03 7.8451e-04 ] 0.0000e+00 [ 0.0000e+00 ] 9.8639e-01
 6.800e-01 1.5870e-02 1.5870e-02 [ 1.1324e-02 1.1327e-03 2.3631e-03 1.0495e-03 ] 0.0000e+00 [ 0.0000e+00 ] 9.8413e-01
 7.933e-01 1.7923e-02 1.7923e-02 [ 1.2256e-02 1.4397e-03 2.9093e-03 1.3179e-03 ] 0.0000e+00 [ 0.0000e+00 ] 9.8208e-01
 9.067e-01 1.9728e-02 1.9728e-02 [ 1.3009e-02 1.7410e-03 3.3996e-03 1.5782e-03 ] 0.0000e+00 [ 0.0000e+00 ] 9.8027e-01
 1.020e+00 2.1254e-02 2.1254e-02 [ 1.3594e-02 2.0248e-03 3.8140e-03 1.8209e-03 ] 0.0000e+00 [ 0.0000e+00 ] 9.7875e-01
 1.133e+00 2.2483e-02 2.2483e-02 [ 1.4019e-02 2.2821e-03 4.1431e-03 2.0391e-03 ] 0.0000e+00 [ 0.0000e+00 ] 9.7752e-01
 1.247e+00 2.3412e-02 2.3412e-02 [ 1.4290e-02 2.5070e-03 4.3861e-03 2.2287e-03 ] 0.0000e+00 [ 0.0000e+00 ] 9.7659e-01
 1.360e+00 2.4050e-02 2.4050e-02 [ 1.4418e-02 2.6965e-03 4.5488e-03 2.3873e-03 ] 0.0000e+00 [ 0.0000e+00 ] 9.7595e-01
 1.473e+00 2.4419e-02 2.4419e-02 [ 1.4413e-02 2.8500e-03 4.6413e-03 2.5150e-03 ] 0.0000e+00 [ 0.0000e+00 ] 9.7558e-01
 1.587e+00 2.4546e-02 2.4546e-02 [ 1.4289e-02 2.9690e-03 4.6755e-03 2.6128e-03 ] 0.0000e+00 [ 0.0000e+00 ] 9.7545e-01
 1.700e+00 2.4464e-02 2.4464e-02 [ 1.4061e-02 3.0560e-03 4.6640e-03 2.6833e-03 ] 0.0000e+00 [ 0.0000e+00 ] 9.7554e-01
 1.813e+00 2.4207e-02 2.4207e-02 [ 1.3744e-02 3.1148e-03 4.6185e-03 2.7293e-03 ] 0.0000e+00 [ 0.0000e+00 ] 9.7579e-01
 1.927e+00 2.3810e-02 2.3810e-02 [ 1.3357e-02 3.1494e-03 4.5494e-03 2.7543e-03 ] 0.0000e+00 [ 0.0000e+00 ] 9.7619e-01
 2.040e+00 2.3305e-02 2.3305e-02 [ 1.2914e-02 3.1639e-03 4.4655e-03 2.7616e-03 ] 0.0000e+00 [ 0.0000e+00 ] 9.7670e-01
 2.153e+00 2.2722e-02 2.2722e-02 [ 1.2431e-02 3.1624e-03 4.3736e-03 2.7545e-03 ] 0.0000e+00 [ 0.0000e+00 ] 9.7728e-01
 2.267e+00 2.2087e-02 2.2087e-02 [ 1.1923e-02 3.1485e-03 4.2793e-03 2.7361e-03 ] 0.0000e+00 [ 0.0000e+00 ] 9.7791e-01
 2.380e+00 2.1423e-02 2.1423e-02 [ 1.1402e-02 3.1254e-03 4.1865e-03 2.7091e-03 ] 0.0000e+00 [ 0.0000e+00 ] 9.7858e-01
 2.493e+00 2.0748e-02 2.0748e-02 [ 1.0878e-02 3.0961e-03 4.0981e-03 2.6758e-03 ] 0.0000e+00 [ 0.0000e+00 ] 9.7925e-01
 2.607e+00 2.0077e-02 2.0077e-02 [ 1.0360e-02 3.0628e-03 4.0159e-03 2.6383e-03 ] 0.0000e+00 [ 0.0000e+00 ] 9.7992e-01
 2.720e+00 1.9421e-02 1.9421e-02 [ 9.8542e-03 3.0273e-03 3.9409e-03 2.5982e-03 ] 0.0000e+00 [ 0.0000e+00 ] 9.8058e-01
 2.833e+00 1.8788e-02 1.8788e-02 [ 9.3663e-03 2.9913e-03 3.8737e-03 2.5568e-03 ] 0.0000e+00 [ 0.0000e+00 ] 9.8121e-01
 2.947e+00 1.8185e-02 1.8185e-02 [ 8.8995e-03 2.9556e-03 3.8144e-03 2.5151e-03 ] 0.0000e+00 [ 0.0000e+00 ] 9.8182e-01
 3.060e+00 1.7614e-02 1.7614e-02 [ 8.4557e-03 2.9212e-03 3.7628e-03 2.4740e-03 ] 0.0000e+00 [ 0.0000e+00 ] 9.8239e-01
 3.173e+00 1.7077e-02 1.7077e-02 [ 8.0360e-03 2.8884e-03 3.7183e-03 2.4342e-03 ] 0.0000e+00 [ 0.0000e+00 ] 9.8292e-01
 3.287e+00 1.6575e-02 1.6575e-02 [ 7.6406e-03 2.8576e-03 3.6806e-03 2.3959e-03 ] 0.0000e+00 [ 0.0000e+00 ] 9.8343e-01
 3.400e+00 1.6106e-02 1.6106e-02 [ 7.2689e-03 2.8288e-03 3.6488e-03 2.3595e-03 ] 0.0000e+00 [ 0.0000e+00 ] 9.8389e-01
 3.513e+00 1.5670e-02 1.5670e-02 [ 6.9201e-03 2.8020e-03 3.6223e-03 2.3252e-03 ] 0.0000e+00 [ 0.0000e+00 ] 9.8433e-01
 3.627e+00 1.5264e-02 1.5264e-02 [ 6.5929e-03 2.7771e-03 3.6005e-03 2.2931e-03 ] 0.0000e+00 [ 0.0000e+00 ] 9.8474e-01
 3.740e+00 1.4886e-02 1.4886e-02 [ 6.2860e-03 2.7539e-03 3.5826e-03 2.2633e-03 ] 0.0000e+00 [ 0.0000e+00 ] 9.8511e-01
 3.853e+00 1.4534e-02 1.4534e-02 [ 5.9978e-03 2.7321e-03 3.5681e-03 2.2356e-03 ] 0.0000e+00 [ 0.0000e+00 ] 9.8547e-01
 3.967e+00 1.4205e-02 1.4205e-02 [ 5.7269e-03 2.7114e-03 3.5563e-03 2.2100e-03 ] 0.0000e+00 [ 0.0000e+00 ] 9.8580e-01
 4.080e+00 1.3897e-02 1.3897e-02 [ 5.4719e-03 2.6917e-03 3.5466e-03 2.1865e-03 ] 0.0000e+00 [ 0.0000e+00 ] 9.8610e-01
 4.193e+00 1.3608e-02 1.3608e-02 [ 5.2314e-03 2.6727e-03 3.5387e-03 2.1649e-03 ] 0.0000e+00 [ 0.0000e+00 ] 9.8639e-01
 4.307e+00 1.3335e-02 1.3335e-02 [ 5.0041e-03 2.6541e-03 3.5320e-03 2.1451e-03 ] 0.0000e+00 [ 0.0000e+00 ] 9.8666e-01
 4.420e+00 1.3078e-02 1.3078e-02 [ 4.7889e-03 2.6358e-03 3.5263e-03 2.1270e-03 ] 0.0000e+00 [ 0.0000e+00 ] 9.8692e-01
 4.533e+00 1.2834e-02 1.2834e-02 [ 4.5848e-03 2.6176e-03 3.5212e-03 2.1104e-03 ] 0.0000e+00 [ 0.0000e+00 ] 9.8717e-01
 4.647e+00 1.2602e-02 1.2602e-02 [ 4.3909e-03 2.5994e-03 3.5163e-03 2.0953e-03 ] 0.0000e+00 [ 0.0000e+00 ] 9.8740e-01
 4.760e+00 1.2380e-02 1.2380e-02 [ 4.2062e-03 2.5810e-03 3.5116e-03 2.0814e-03 ] 0.0000e+00 [ 0.0000e+00 ] 9.8762e-01
 4.873e+00 1.2168e-02 1.2168e-02 [ 4.0302e-03 2.5624e-03 3.5068e-03 2.0688e-03 ] 0.0000e+00 [ 0.0000e+00 ] 9.8783e-01
 4.987e+00 1.1964e-02 1.1964e-02 [ 3.8620e-03 2.5435e-03 3.5018e-03 2.0571e-03 ] 0.0000e+00 [ 0.0000e+00 ] 9.8804e-01
 5.100e+00 1.1768e-02 1.1768e-02 [ 3.7012e-03 2.5243e-03 3.4964e-03 2.0464e-03 ] 0.0000e+00 [ 0.0000e+00 ] 9.8823e-01
 5.213e+00 1.1579e-02 1.1579e-02 [ 3.5473e-03 2.5047e-03 3.4907e-03 2.0365e-03 ] 0.0000e+00 [ 0.0000e+00 ] 9.8842e-01
 5.327e+00 1.1396e-02 1.1396e-02 [ 3.3997e-03 2.4848e-03 3.4844e-03 2.0274e-03 ] 0.0000e+00 [ 0.0000e+00 ] 9.8860e-01
 5.440e+00 1.1219e-02 1.1219e-02 [ 3.2581e-03 2.4646e-03 3.4776e-03 2.0189e-03 ] 0.0000e+00 [ 0.0000e+00 ] 9.8878e-01
 5.553e+00 1.1047e-02 1.1047e-02 [ 3.1221e-03 2.4440e-03 3.4703e-03 2.0109e-03 ] 0.0000e+00 [ 0.0000e+00 ] 9.8895e-01
 5.667e+00 1.0880e-02 1.0880e-02 [ 2.9914e-03 2.4232e-03 3.4623e-03 2.0034e-03 ] 0.0000e+00 [ 0.0000e+00 ] 9.8912e-01
 5.780e+00 1.0718e-02 1.0718e-02 [ 2.8657e-03 2.4020e-03 3.4538e-03 1.9964e-03 ] 0.0000e+00 [ 0.0000e+00 ] 9.8928e-01
 5.893e+00 1.0560e-02 1.0560e-02 [ 2.7447e-03 2.3807e-03 3.4448e-03 1.9896e-03 ] 0.0000e+00 [ 0.0000e+00 ] 9.8944e-01
 6.007e+00 1.0406e-02 1.0406e-02 [ 2.6281e-03 2.3591e-03 3.4352e-03 1.9832e-03 ] 0.0000e+00 [ 0.0000e+00 ] 9.8959e-01
 6.120e+00 1.0255e-02 1.0255e-02 [ 2.5158e-03 2.3373e-03 3.4250e-03 1.9769e-03 ] 0.0000e+00 [ 0.0000e+00 ] 9.8974e-01
 6.233e+00 1.0108e-02 1.0108e-02 [ 2.4075e-03 2.3154e-03 3.4143e-03 1.9709e-03 ] 0.0000e+00 [ 0.0000e+00 ] 9.8989e-01
 6.347e+00 9.9645e-03 9.9645e-03 [ 2.3031e-03 2.2934e-03 3.4031e-03 1.9650e-03 ] 0.0000e+00 [ 0.0000e+00 ] 9.9004e-01
 6.460e+00 9.8240e-03 9.8240e-03 [ 2.2023e-03 2.2712e-03 3.3914e-03 1.9592e-03 ] 0.0000e+00 [ 0.0000e+00 ] 9.9018e-01
 6.573e+00 9.6865e-03 9.6865e-03 [ 2.1050e-03 2.2489e-03 3.3792e-03 1.9534e-03 ] 0.0000e+00 [ 0.0000e+00 ] 9.9031e-01
 6.687e+00 9.5520e-03 9.5520e-03 [ 2.0110e-03 2.2266e-03 3.3666e-03 1.9477e-03 ] 0.0000e+00 [ 0.0000e+00 ] 9.9045e-01
 6.800e+00 9.4201e-03 9.4201e-03 [ 1.9203e-03 2.2043e-03 3.3536e-03 1.9420e-03 ] 0.0000e+00 [ 0.0000e+00 ] 9.9058e-01
 6.913e+00 9.2908e-03 9.2908e-03 [ 1.8326e-03 2.1818e-03 3.3402e-03 1.9363e-03 ] 0.0000e+00 [ 0.0000e+00 ] 9.9071e-01
 7.027e+00 9.1641e-03 9.1641e-03 [ 1.7479e-03 2.1594e-03 3.3264e-03 1.9305e-03 ] 0.0000e+00 [ 0.0000e+00 ] 9.9084e-01
 7.140e+00 9.0397e-03 9.0397e-03 [ 1.6660e-03 2.1368e-03 3.3122e-03 1.9247e-03 ] 0.0000e+00 [ 0.0000e+00 ] 9.9096e-01
 7.253e+00 8.9177e-03 8.9177e-03 [ 1.5869e-03 2.1143e-03 3.2977e-03 1.9188e-03 ] 0.0000e+00 [ 0.0000e+00 ] 9.9108e-01
 7.367e+00 8.7978e-03 8.7978e-03 [ 1.5104e-03 2.0917e-03 3.2829e-03 1.9129e-03 ] 0.0000e+00 [ 0.0000e+00 ] 9.9120e-01
 7.480e+00 8.6801e-03 8.6801e-03 [ 1.4365e-03 2.0690e-03 3.2677e-03 1.9069e-03 ] 0.0000e+00 [ 0.0000e+00 ] 9.9132e-01
 7.593e+00 8.5644e-03 8.5644e-03 [ 1.3651e-03 2.0463e-03 3.2523e-03 1.9007e-03 ] 0.0000e+00 [ 0.0000e+00 ] 9.9144e-01
 7.707e+00 8.4508e-03 8.4508e-03 [ 1.2961e-03 2.0235e-03 3.2367e-03 1.8945e-03 ] 0.0000e+00 [ 0.0000e+00 ] 9.9155e-01
 7.820e+00 8.3390e-03 8.3390e-03 [ 1.2294e-03 2.0006e-03 3.2208e-03 1.8881e-03 ] 0.0000e+00 [ 0.0000e+00 ] 9.9166e-01
 7.933e+00 8.2291e-03 8.2291e-03 [ 1.1651e-03 1.9776e-03 3.2047e-03 1.8817e-03 ] 0.0000e+00 [ 0.0000e+00 ] 9.9177e-01
 8.047e+00 8.1209e-03 8.1209e-03 [ 1.1029e-03 1.9545e-03 3.1884e-03 1.8751e-03 ] 0.0000e+00 [ 0.0000e+00 ] 9.9188e-01
 8.160e+00 8.0146e-03 8.0146e-03 [ 1.0430e-03 1.9312e-03 3.1719e-03 1.8684e-03 ] 0.0000e+00 [ 0.0000e+00 ] 9.9199e-01
 8.273e+00 7.9099e-03 7.9099e-03 [ 9.8519e-04 1.9078e-03 3.1552e-03 1.8616e-03 ] 0.0000e+00 [ 0.0000e+00 ] 9.9209e-01
 8.387e+00 7.8068e-03 7.8068e-03 [ 9.2947e-04 1.8841e-03 3.1384e-03 1.8547e-03 ] 0.0000e+00 [ 0.0000e+00 ] 9.9219e-01
 8.500e+00 7.7053e-03 7.7053e-03 [ 8.7580e-04 1.8603e-03 3.1215e-03 1.8477e-03 ] 0.0000e+00 [ 0.0000e+00 ] 9.9229e-01
 8.613e+00 7.6054e-03 7.6054e-03 [ 8.2415e-04 1.8362e-03 3.1044e-03 1.8406e-03 ] 0.0000e+00 [ 0.0000e+00 ] 9.9239e-01
 8.727e+00 7.5070e-03 7.5070e-03 [ 7.7448e-04 1.8119e-03 3.0873e-03 1.8334e-03 ] 0.0000e+00 [ 0.0000e+00 ] 9.9249e-01
 8.840e+00 7.4101e-03 7.4101e-03 [ 7.2677e-04 1.7873e-03 3.0701e-03 1.8260e-03 ] 0.0000e+00 [ 0.0000e+00 ] 9.9259e-01
 8.953e+00 7.3146e-03 7.3146e-03 [ 6.8097e-04 1.7623e-03 3.0527e-03 1.8186e-03 ] 0.0000e+00 [ 0.0000e+00 ] 9.9269e-01
 9.067e+00 7.2206e-03 7.2206e-03 [ 6.3707e-04 1.7371e-03 3.0354e-03 1.8111e-03 ] 0.0000e+00 [ 0.0000e+00 ] 9.9278e-01
 9.180e+00 7.1279e-03 7.1279e-03 [ 5.9503e-04 1.7114e-03 3.0179e-03 1.8035e-03 ] 0.0000e+00 [ 0.0000e+00 ] 9.9287e-01
 9.293e+00 7.0366e-03 7.0366e-03 [ 5.5484e-04 1.6855e-03 3.0005e-03 1.7958e-03 ] 0.0000e+00 [ 0.0000e+00 ] 9.9296e-01
 9.407e+00 6.9466e-03 6.9466e-03 [ 5.1645e-04 1.6591e-03 2.9830e-03 1.7881e-03 ] 0.0000e+00 [ 0.0000e+00 ] 9.9305e-01
 9.520e+00 6.8579e-03 6.8579e-03 [ 4.7985e-04 1.6323e-03 2.9655e-03 1.7802e-03 ] 0.0000e+00 [ 0.0000e+00 ] 9.9314e-01
 9.633e+00 6.7704e-03 6.7704e-03 [ 4.4501e-04 1.6051e-03 2.9480e-03 1.7723e-03 ] 0.0000e+00 [ 0.0000e+00 ] 9.9323e-01
 9.747e+00 6.6842e-03 6.6842e-03 [ 4.1190e-04 1.5775e-03 2.9304e-03 1.7644e-03 ] 0.0000e+00 [ 0.0000e+00 ] 9.9332e-01
 9.860e+00 6.5992e-03 6.5992e-03 [ 3.8049e-04 1.5494e-03 2.9129e-03 1.7564e-03 ] 0.0000e+00 [ 0.0000e+00 ] 9.9340e-01
 9.973e+00 6.5154e-03 6.5154e-03 [ 3.5075e-04 1.5209e-03 2.8954e-03 1.7483e-03 ] 0.0000e+00 [ 0.0000e+00 ] 9.9348e-01
 1.009e+01 6.4327e-03 6.4327e-03 [ 3.2264e-04 1.4920e-03 2.8779e-03 1.7402e-03 ] 0.0000e+00 [ 0.0000e+00 ] 9.9357e-01
 1.020e+01 6.3512e-03 6.3512e-03 [ 2.9613e-04 1.4626e-03 2.8604e-03 1.7321e-03 ] 0.0000e+00 [ 0.0000e+00 ] 9.9365e-01
 1.031e+01 6.2707e-03 6.2707e-03 [ 2.7118e-04 1.4328e-03 2.8429e-03 1.7239e-03 ] 0.0000e+00 [ 0.0000e+00 ] 9.9373e-01
 1.043e+01 6.1914e-03 6.1914e-03 [ 2.4776e-04 1.4026e-03 2.8254e-03 1.7157e-03 ] 0.0000e+00 [ 0.0000e+00 ] 9.9381e-01
 1.054e+01 6.1131e-03 6.1131e-03 [ 2.2582e-04 1.3719e-03 2.8079e-03 1.7074e-03 ] 0.0000e+00 [ 0.0000e+00 ] 9.9389e-01
 1.065e+01 6.0358e-03 6.0358e-03 [ 2.0531e-04 1.3409e-03 2.7904e-03 1.6992e-03 ] 0.0000e+00 [ 0.0000e+00 ] 9.9396e-01
 1.077e+01 5.9595e-03 5.9595e-03 [ 1.8620e-04 1.3095e-03 2.7729e-03 1.6909e-03 ] 0.0000e+00 [ 0.0000e+00 ] 9.9404e-01
 1.088e+01 5.8842e-03 5.8842e-03 [ 1.6843e-04 1.2778e-03 2.7554e-03 1.6826e-03 ] 0.0000e+00 [ 0.0000e+00 ] 9.9412e-01
 1.099e+01 5.8098e-03 5.8098e-03 [ 1.5195e-04 1.2457e-03 2.7379e-03 1.6742e-03 ] 0.0000e+00 [ 0.0000e+00 ] 9.9419e-01
 1.111e+01 5.7363e-03 5.7363e-03 [ 1.3671e-04 1.2134e-03 2.7204e-03 1.6659e-03 ] 0.0000e+00 [ 0.0000e+00 ] 9.9426e-01
 1.122e+01 5.6638e-03 5.6638e-03 [ 1.2266e-04 1.1808e-03 2.7028e-03 1.6575e-03 ] 0.0000e+00 [ 0.0000e+00 ] 9.9434e-01
 1.133e+01 5.5921e-03 5.5921e-03 [ 1.0974e-04 1.1480e-03 2.6852e-03 1.6491e-03 ] 0.0000e+00 [ 0.0000e+00 ] 9.9441e-01
 1.145e+01 5.5212e-03 5.5212e-03 [ 9.7904e-05 1.1151e-03 2.6675e-03 1.6407e-03 ] 0.0000e+00 [ 0.0000e+00 ] 9.9448e-01
 1.156e+01 5.4512e-03 5.4512e-03 [ 8.7083e-05 1.0820e-03 2.6498e-03 1.6323e-03 ] 0.0000e+00 [ 0.0000e+00 ] 9.9455e-01
 1.167e+01 5.3820e-03 5.3820e-03 [ 7.7225e-05 1.0488e-03 2.6320e-03 1.6239e-03 ] 0.0000e+00 [ 0.0000e+00 ] 9.9462e-01
 1.179e+01 5.3135e-03 5.3135e-03 [ 6.8273e-05 1.0156e-03 2.6142e-03 1.6154e-03 ] 0.0000e+00 [ 0.0000e+00 ] 9.9469e-01
 1.190e+01 5.2457e-03 5.2457e-03 [ 6.0171e-05 9.8241e-04 2.5962e-03 1.6070e-03 ] 0.0000e+00 [ 0.0000e+00 ] 9.9475e-01
 1.201e+01 5.1787e-03 5.1787e-03 [ 5.2862e-05 9.4927e-04 2.5781e-03 1.5985e-03 ] 0.0000e+00 [ 0.0000e+00 ] 9.9482e-01
 1.213e+01 5.1124e-03 5.1124e-03 [ 4.6291e-05 9.1624e-04 2.5599e-03 1.5900e-03 ] 0.0000e+00 [ 0.0000e+00 ] 9.9489e-01
 1.224e+01 5.0468e-03 5.0468e-03 [ 4.0403e-05 8.8335e-04 2.5416e-03 1.5815e-03 ] 0.0000e+00 [ 0.0000e+00 ] 9.9495e-01
 1.235e+01 4.9818e-03 4.9818e-03 [ 3.5147e-05 8.5067e-04 2.5231e-03 1.5729e-03 ] 0.0000e+00 [ 0.0000e+00 ] 9.9502e-01
 1.247e+01 4.9175e-03 4.9175e-03 [ 3.0471e-05 8.1823e-04 2.5044e-03 1.5644e-03 ] 0.0000e+00 [ 0.0000e+00 ] 9.9508e-01
 1.258e+01 4.8538e-03 4.8538e-03 [ 2.6326e-05 7.8609e-04 2.4856e-03 1.5558e-03 ] 0.0000e+00 [ 0.0000e+00 ] 9.9515e-01
 1.269e+01 4.7907e-03 4.7907e-03 [ 2.2665e-05 7.5429e-04 2.4665e-03 1.5472e-03 ] 0.0000e+00 [ 0.0000e+00 ] 9.9521e-01
 1.281e+01 4.7282e-03 4.7282e-03 [ 1.9445e-05 7.2287e-04 2.4473e-03 1.5386e-03 ] 0.0000e+00 [ 0.0000e+00 ] 9.9527e-01
 1.292e+01 4.6663e-03 4.6663e-03 [ 1.6622e-05 6.9188e-04 2.4278e-03 1.5300e-03 ] 0.0000e+00 [ 0.0000e+00 ] 9.9533e-01
 1.303e+01 4.6049e-03 4.6049e-03 [ 1.4158e-05 6.6135e-04 2.4080e-03 1.5213e-03 ] 0.0000e+00 [ 0.0000e+00 ] 9.9540e-01
 1.315e+01 4.5440e-03 4.5440e-03 [ 1.2014e-05 6.3133e-04 2.3880e-03 1.5127e-03 ] 0.0000e+00 [ 0.0000e+00 ] 9.9546e-01
 1.326e+01 4.4837e-03 4.4837e-03 [ 1.0158e-05 6.0186e-04 2.3678e-03 1.5040e-03 ] 0.0000e+00 [ 0.0000e+00 ] 9.9552e-01
 1.337e+01 4.4240e-03 4.4240e-03 [ 8.5553e-06 5.7296e-04 2.3472e-03 1.4953e-03 ] 0.0000e+00 [ 0.0000e+00 ] 9.9558e-01
 1.349e+01 4.3647e-03 4.3647e-03 [ 7.1783e-06 5.4468e-04 2.3263e-03 1.4865e-03 ] 0.0000e+00 [ 0.0000e+00 ] 9.9564e-01
 1.360e+01 4.3059e-03 4.3059e-03 [ 5.9997e-06 5.1704e-04 2.3051e-03 1.4778e-03 ] 0.0000e+00 [ 0.0000e+00 ] 9.9569e-01
 1.371e+01 4.2476e-03 4.2476e-03 [ 4.9951e-06 4.9007e-04 2.2836e-03 1.4690e-03 ] 0.0000e+00 [ 0.0000e+00 ] 9.9575e-01
 1.383e+01 4.1898e-03 4.1898e-03 [ 4.1424e-06 4.6380e-04 2.2617e-03 1.4602e-03 ] 0.0000e+00 [ 0.0000e+00 ] 9.9581e-01
 1.394e+01 4.1325e-03 4.1325e-03 [ 3.4215e-06 4.3826e-04 2.2394e-03 1.4514e-03 ] 0.0000e+00 [ 0.0000e+00 ] 9.9587e-01
 1.405e+01 4.0756e-03 4.0756e-03 [ 2.8148e-06 4.1345e-04 2.2168e-03 1.4425e-03 ] 0.0000e+00 [ 0.0000e+00 ] 9.9592e-01
 1.417e+01 4.0191e-03 4.0191e-03 [ 2.3062e-06 3.8942e-04 2.1937e-03 1.4337e-03 ] 0.0000e+00 [ 0.0000e+00 ] 9.9598e-01
 1.428e+01 3.9631e-03 3.9631e-03 [ 1.8818e-06 3.6616e-04 2.1703e-03 1.4248e-03 ] 0.0000e+00 [ 0.0000e+00 ] 9.9604e-01
 1.439e+01 3.9075e-03 3.9075e-03 [ 1.5292e-06 3.4370e-04 2.1464e-03 1.4159e-03 ] 0.0000e+00 [ 0.0000e+00 ] 9.9609e-01
 1.451e+01 3.8523e-03 3.8523e-03 [ 1.2374e-06 3.2204e-04 2.1221e-03 1.4070e-03 ] 0.0000e+00 [ 0.0000e+00 ] 9.9615e-01
 1.462e+01 3.7976e-03 3.7976e-03 [ 9.9713e-07 3.0120e-04 2.0973e-03 1.3980e-03 ] 0.0000e+00 [ 0.0000e+00 ] 9.9620e-01
 1.473e+01 3.7432e-03 3.7432e-03 [ 8.0009e-07 2.8118e-04 2.0721e-03 1.3891e-03 ] 0.0000e+00 [ 0.0000e+00 ] 9.9626e-01
 1.485e+01 3.6892e-03 3.6892e-03 [ 6.3924e-07 2.6200e-04 2.0465e-03 1.3801e-03 ] 0.0000e+00 [ 0.0000e+00 ] 9.9631e-01
 1.496e+01 3.6356e-03 3.6356e-03 [ 5.0853e-07 2.4364e-04 2.0203e-03 1.3711e-03 ] 0.0000e+00 [ 0.0000e+00 ] 9.9636e-01
 1.507e+01 3.5823e-03 3.5823e-03 [ 4.0278e-07 2.2611e-04 1.9937e-03 1.3620e-03 ] 0.0000e+00 [ 0.0000e+00 ] 9.9642e-01
 1.519e+01 3.5294e-03 3.5294e-03 [ 3.1763e-07 2.0941e-04 1.9667e-03 1.3530e-03 ] 0.0000e+00 [ 0.0000e+00 ] 9.9647e-01
 1.530e+01 3.4767e-03 3.4767e-03 [ 2.4938e-07 1.9353e-04 1.9391e-03 1.3439e-03 ] 0.0000e+00 [ 0.0000e+00 ] 9.9652e-01
 1.541e+01 3.4244e-03 3.4244e-03 [ 1.9492e-07 1.7846e-04 1.9111e-03 1.3347e-03 ] 0.0000e+00 [ 0.0000e+00 ] 9.9658e-01
 1.553e+01 3.3724e-03 3.3724e-03 [ 1.5167e-07 1.6421e-04 1.8825e-03 1.3255e-03 ] 0.0000e+00 [ 0.0000e+00 ] 9.9663e-01
 1.564e+01 3.3207e-03 3.3207e-03 [ 1.1748e-07 1.5074e-04 1.8535e-03 1.3163e-03 ] 0.0000e+00 [ 0.0000e+00 ] 9.9668e-01
 1.575e+01 3.2691e-03 3.2691e-03 [ 9.0592e-08 1.3805e-04 1.8240e-03 1.3070e-03 ] 0.0000e+00 [ 0.0000e+00 ] 9.9673e-01
 1.587e+01 3.2179e-03 3.2179e-03 [ 6.9535e-08 1.2613e-04 1.7941e-03 1.2976e-03 ] 0.0000e+00 [ 0.0000e+00 ] 9.9678e-01
 1.598e+01 3.1668e-03 3.1668e-03 [ 5.3127e-08 1.1496e-04 1.7636e-03 1.2881e-03 ] 0.0000e+00 [ 0.0000e+00 ] 9.9683e-01
 1.609e+01 3.1159e-03 3.1159e-03 [ 4.0403e-08 1.0451e-04 1.7327e-03 1.2786e-03 ] 0.0000e+00 [ 0.0000e+00 ] 9.9688e-01
 1.621e+01 3.0651e-03 3.0651e-03 [ 3.0583e-08 9.4760e-05 1.7014e-03 1.2690e-03 ] 0.0000e+00 [ 0.0000e+00 ] 9.9693e-01
 1.632e+01 3.0145e-03 3.0145e-03 [ 2.3041e-08 8.5696e-05 1.6696e-03 1.2592e-03 ] 0.0000e+00 [ 0.0000e+00 ] 9.9699e-01
 1.643e+01 2.9640e-03 2.9640e-03 [ 1.7277e-08 7.7289e-05 1.6373e-03 1.2493e-03 ] 0.0000e+00 [ 0.0000e+00 ] 9.9704e-01
 1.655e+01 2.9135e-03 2.9135e-03 [ 1.2894e-08 6.9514e-05 1.6047e-03 1.2393e-03 ] 0.0000e+00 [ 0.0000e+00 ] 9.9709e-01
 1.666e+01 2.8631e-03 2.8631e-03 [ 9.5761e-09 6.2345e-05 1.5716e-03 1.2291e-03 ] 0.0000e+00 [ 0.0000e+00 ] 9.9714e-01
 1.677e+01 2.8126e-03 2.8126e-03 [ 7.0781e-09 5.5753e-05 1.5381e-03 1.2187e-03 ] 0.0000e+00 [ 0.0000e+00 ] 9.9719e-01
 1.689e+01 2.7622e-03 2.7622e-03 [ 5.2064e-09 4.9711e-05 1.5043e-03 1.2082e-03 ] 0.0000e+00 [ 0.0000e+00 ] 9.9724e-01
 1.700e+01 2.7117e-03 2.7117e-03 [ 3.8110e-09 4.4190e-05 1.4701e-03 1.1974e-03 ] 0.0000e+00 [ 0.0000e+00 ] 9.9729e-01
 1.711e+01 2.6611e-03 2.6611e-03 [ 2.7760e-09 3.9161e-05 1.4356e-03 1.1864e-03 ] 0.0000e+00 [ 0.0000e+00 ] 9.9734e-01
 1.723e+01 2.6104e-03 2.6104e-03 [ 2.0121e-09 3.4595e-05 1.4007e-03 1.1751e-03 ] 0.0000e+00 [ 0.0000e+00 ] 9.9739e-01
 1.734e+01 2.5595e-03 2.5595e-03 [ 1.4512e-09 3.0464e-05 1.3655e-03 1.1635e-03 ] 0.0000e+00 [ 0.0000e+00 ] 9.9744e-01
 1.745e+01 2.5084e-03 2.5084e-03 [ 1.0415e-09 2.6738e-05 1.3301e-03 1.1516e-03 ] 0.0000e+00 [ 0.0000e+00 ] 9.9749e-01
 1.757e+01 2.4571e-03 2.4571e-03 [ 7.4368e-10 2.3390e-05 1.2944e-03 1.1394e-03 ] 0.0000e+00 [ 0.0000e+00 ] 9.9754e-01
 1.768e+01 2.4056e-03 2.4056e-03 [ 5.2837e-10 2.0391e-05 1.2584e-03 1.1268e-03 ] 0.0000e+00 [ 0.0000e+00 ] 9.9759e-01
 1.779e+01 2.3538e-03 2.3538e-03 [ 3.7351e-10 1.7715e-05 1.2223e-03 1.1138e-03 ] 0.0000e+00 [ 0.0000e+00 ] 9.9765e-01
 1.791e+01 2.3017e-03 2.3017e-03 [ 2.6270e-10 1.5336e-05 1.1859e-03 1.1004e-03 ] 0.0000e+00 [ 0.0000e+00 ] 9.9770e-01
 1.802e+01 2.2492e-03 2.2492e-03 [ 1.8382e-10 1.3229e-05 1.1495e-03 1.0865e-03 ] 0.0000e+00 [ 0.0000e+00 ] 9.9775e-01
 1.813e+01 2.1964e-03 2.1964e-03 [ 1.2797e-10 1.1370e-05 1.1129e-03 1.0722e-03 ] 0.0000e+00 [ 0.0000e+00 ] 9.9780e-01
 1.825e+01 2.1433e-03 2.1433e-03 [ 8.8626e-11 9.7354e-06 1.0762e-03 1.0574e-03 ] 0.0000e+00 [ 0.0000e+00 ] 9.9786e-01
 1.836e+01 2.0898e-03 2.0898e-03 [ 6.1064e-11 8.3045e-06 1.0395e-03 1.0421e-03 ] 0.0000e+00 [ 0.0000e+00 ] 9.9791e-01
 1.847e+01 2.0360e-03 2.0360e-03 [ 4.1855e-11 7.0566e-06 1.0027e-03 1.0262e-03 ] 0.0000e+00 [ 0.0000e+00 ] 9.9796e-01
 1.859e+01 1.9817e-03 1.9817e-03 [ 2.8539e-11 5.9729e-06 9.6596e-04 1.0098e-03 ] 0.0000e+00 [ 0.0000e+00 ] 9.9802e-01
 1.870e+01 1.9271e-03 1.9271e-03 [ 1.9358e-11 5.0355e-06 9.2929e-04 9.9278e-04 ] 0.0000e+00 [ 0.0000e+00 ] 9.9807e-01
 1.881e+01 1.8721e-03 1.8721e-03 [ 1.3062e-11 4.2281e-06 8.9273e-04 9.7518e-04 ] 0.0000e+00 [ 0.0000e+00 ] 9.9813e-01
 1.893e+01 1.8168e-03 1.8168e-03 [ 8.7671e-12 3.5357e-06 8.5631e-04 9.5699e-04 ] 0.0000e+00 [ 0.0000e+00 ] 9.9818e-01
 1.904e+01 1.7612e-03 1.7612e-03 [ 5.8534e-12 2.9444e-06 8.2009e-04 9.3818e-04 ] 0.0000e+00 [ 0.0000e+00 ] 9.9824e-01
 1.915e+01 1.7053e-03 1.7053e-03 [ 3.8873e-12 2.4417e-06 7.8412e-04 9.1875e-04 ] 0.0000e+00 [ 0.0000e+00 ] 9.9829e-01
 1.927e+01 1.6492e-03 1.6492e-03 [ 2.5679e-12 2.0162e-06 7.4844e-04 8.9871e-04 ] 0.0000e+00 [ 0.0000e+00 ] 9.9835e-01
 1.938e+01 1.5928e-03 1.5928e-03 [ 1.6873e-12 1.6576e-06 7.1312e-04 8.7805e-04 ] 0.0000e+00 [ 0.0000e+00 ] 9.9841e-01
 1.949e+01 1.5364e-03 1.5364e-03 [ 1.1027e-12 1.3569e-06 6.7822e-04 8.5680e-04 ] 0.0000e+00 [ 0.0000e+00 ] 9.9846e-01
 1.961e+01 1.4798e-03 1.4798e-03 [ 7.1685e-13 1.1058e-06 6.4378e-04 8.3495e-04 ] 0.0000e+00 [ 0.0000e+00 ] 9.9852e-01
 1.972e+01 1.4233e-03 1.4233e-03 [ 4.6350e-13 8.9708e-07 6.0986e-04 8.1254e-04 ] 0.0000e+00 [ 0.0000e+00 ] 9.9858e-01
 1.983e+01 1.3669e-03 1.3669e-03 [ 2.9808e-13 7.2448e-07 5.7654e-04 7.8960e-04 ] 0.0000e+00 [ 0.0000e+00 ] 9.9863e-01
 1.995e+01 1.3106e-03 1.3106e-03 [ 1.9066e-13 5.8241e-07 5.4386e-04 7.6615e-04 ] 0.0000e+00 [ 0.0000e+00 ] 9.9869e-01
 2.006e+01 1.2546e-03 1.2546e-03 [ 1.2130e-13 4.6604e-07 5.1189e-04 7.4222e-04 ] 0.0000e+00 [ 0.0000e+00 ] 9.9875e-01
 2.017e+01 1.1989e-03 1.1989e-03 [ 7.6751e-14 3.7117e-07 4.8069e-04 7.1788e-04 ] 0.0000e+00 [ 0.0000e+00 ] 9.9880e-01
 2.029e+01 1.1438e-03 1.1438e-03 [ 4.8303e-14 2.9422e-07 4.5031e-04 6.9316e-04 ] 0.0000e+00 [ 0.0000e+00 ] 9.9886e-01
 2.040e+01 1.0892e-03 1.0892e-03 [ 3.0235e-14 2.3211e-07 4.2082e-04 6.6812e-04 ] 0.0000e+00 [ 0.0000e+00 ] 9.9891e-01
 2.051e+01 1.0353e-03 1.0353e-03 [ 1.8823e-14 1.8224e-07 3.9226e-04 6.4282e-04 ] 0.0000e+00 [ 0.0000e+00 ] 9.9896e-01
 2.063e+01 9.8215e-04 9.8215e-04 [ 1.1655e-14 1.4238e-07 3.6469e-04 6.1732e-04 ] 0.0000e+00 [ 0.0000e+00 ] 9.9902e-01
 2.074e+01 9.2995e-04 9.2995e-04 [ 7.1779e-15 1.1071e-07 3.3814e-04 5.9170e-04 ] 0.0000e+00 [ 0.0000e+00 ] 9.9907e-01
 2.085e+01 8.7877e-04 8.7877e-04 [ 4.3967e-15 8.5654e-08 3.1266e-04 5.6602e-04 ] 0.0000e+00 [ 0.0000e+00 ] 9.9912e-01
 2.097e+01 8.2872e-04 8.2872e-04 [ 2.6786e-15 6.5945e-08 2.8829e-04 5.4036e-04 ] 0.0000e+00 [ 0.0000e+00 ] 9.9917e-01
 2.108e+01 7.7989e-04 7.7989e-04 [ 1.6231e-15 5.0519e-08 2.6505e-04 5.1479e-04 ] 0.0000e+00 [ 0.0000e+00 ] 9.9922e-01
 2.119e+01 7.3239e-04 7.3239e-04 [ 9.7823e-16 3.8509e-08 2.4297e-04 4.8939e-04 ] 0.0000e+00 [ 0.0000e+00 ] 9.9927e-01
 2.131e+01 6.8631e-04 6.8631e-04 [ 5.8642e-16 2.9207e-08 2.2205e-04 4.6423e-04 ] 0.0000e+00 [ 0.0000e+00 ] 9.9931e-01
 2.142e+01 6.4173e-04 6.4173e-04 [ 3.4966e-16 2.2041e-08 2.0232e-04 4.3939e-04 ] 0.0000e+00 [ 0.0000e+00 ] 9.9936e-01
 2.153e+01 5.9873e-04 5.9873e-04 [ 2.0737e-16 1.6550e-08 1.8376e-04 4.1495e-04 ] 0.0000e+00 [ 0.0000e+00 ] 9.9940e-01
 2.165e+01 5.5736e-04 5.5736e-04 [ 1.2234e-16 1.2364e-08 1.6638e-04 3.9097e-04 ] 0.0000e+00 [ 0.0000e+00 ] 9.9944e-01
 2.176e+01 5.1769e-04 5.1769e-04 [ 7.1786e-17 9.1899e-09 1.5016e-04 3.6752e-04 ] 0.0000e+00 [ 0.0000e+00 ] 9.9948e-01
 2.187e+01 4.7975e-04 4.7975e-04 [ 4.1902e-17 6.7964e-09 1.3508e-04 3.4466e-04 ] 0.0000e+00 [ 0.0000e+00 ] 9.9952e-01
 2.199e+01 4.4358e-04 4.4358e-04 [ 2.4330e-17 5.0008e-09 1.2112e-04 3.2246e-04 ] 0.0000e+00 [ 0.0000e+00 ] 9.9956e-01
 2.210e+01 4.0920e-04 4.0920e-04 [ 1.4053e-17 3.6611e-09 1.0824e-04 3.0096e-04 ] 0.0000e+00 [ 0.0000e+00 ] 9.9959e-01
 2.221e+01 3.7662e-04 3.7662e-04 [ 8.0746e-18 2.6667e-09 9.6405e-05 2.8021e-04 ] 0.0000e+00 [ 0.0000e+00 ] 9.9962e-01
 2.233e+01 3.4584e-04 3.4584e-04 [ 4.6156e-18 1.9327e-09 8.5576e-05 2.6026e-04 ] 0.0000e+00 [ 0.0000e+00 ] 9.9965e-01
 2.244e+01 3.1684e-04 3.1684e-04 [ 2.6247e-18 1.3936e-09 7.5706e-05 2.4113e-04 ] 0.0000e+00 [ 0.0000e+00 ] 9.9968e-01
 2.255e+01 2.8961e-04 2.8961e-04 [ 1.4849e-18 9.9990e-10 6.6747e-05 2.2286e-04 ] 0.0000e+00 [ 0.0000e+00 ] 9.9971e-01
 2.267e+01 2.6411e-04 2.6411e-04 [ 8.3584e-19 7.1382e-10 5.8647e-05 2.0546e-04 ] 0.0000e+00 [ 0.0000e+00 ] 9.9974e-01
 2.278e+01 2.4030e-04 2.4030e-04 [ 4.6809e-19 5.0706e-10 5.1354e-05 1.8894e-04 ] 0.0000e+00 [ 0.0000e+00 ] 9.9976e-01
 2.289e+01 2.1814e-04 2.1814e-04 [ 2.6083e-19 3.5840e-10 4.4814e-05 1.7332e-04 ] 0.0000e+00 [ 0.0000e+00 ] 9.9978e-01
 2.301e+01 1.9757e-04 1.9757e-04 [ 1.4461e-19 2.5208e-10 3.8972e-05 1.5860e-04 ] 0.0000e+00 [ 0.0000e+00 ] 9.9980e-01
 2.312e+01 1.7853e-04 1.7853e-04 [ 7.9778e-20 1.7643e-10 3.3777e-05 1.4476e-04 ] 0.0000e+00 [ 0.0000e+00 ] 9.9982e-01
 2.323e+01 1.6097e-04 1.6097e-04 [ 4.3796e-20 1.2288e-10 2.9174e-05 1.3180e-04 ] 0.0000e+00 [ 0.0000e+00 ] 9.9984e-01
 2.335e+01 1.4481e-04 1.4481e-04 [ 2.3925e-20 8.5170e-11 2.5112e-05 1.1970e-04 ] 0.0000e+00 [ 0.0000e+00 ] 9.9986e-01
 2.346e+01 1.2998e-04 1.2998e-04 [ 1.3007e-20 5.8749e-11 2.1542e-05 1.0844e-04 ] 0.0000e+00 [ 0.0000e+00 ] 9.9987e-01
 2.357e+01 1.1641e-04 1.1641e-04 [ 7.0371e-21 4.0331e-11 1.8418e-05 9.7992e-05 ] 0.0000e+00 [ 0.0000e+00 ] 9.9988e-01
 2.369e+01 1.0403e-04 1.0403e-04 [ 3.7892e-21 2.7556e-11 1.5693e-05 8.8335e-05 ] 0.0000e+00 [ 0.0000e+00 ] 9.9990e-01
 2.380e+01 9.2760e-05 9.2760e-05 [ 2.0307e-21 1.8739e-11 1.3327e-05 7.9433e-05 ] 0.0000e+00 [ 0.0000e+00 ] 9.9991e-01
 2.391e+01 8.2533e-05 8.2533e-05 [ 1.0832e-21 1.2684e-11 1.1280e-05 7.1253e-05 ] 0.0000e+00 [ 0.0000e+00 ] 9.9992e-01
 2.403e+01 7.3276e-05 7.3276e-05 [ 5.7508e-22 8.5460e-12 9.5161e-06 6.3760e-05 ] 0.0000e+00 [ 0.0000e+00 ] 9.9993e-01
 2.414e+01 6.4918e-05 6.4918e-05 [ 3.0392e-22 5.7316e-12 8.0015e-06 5.6917e-05 ] 0.0000e+00 [ 0.0000e+00 ] 9.9994e-01
 2.425e+01 5.7392e-05 5.7392e-05 [ 1.5989e-22 3.8267e-12 6.7061e-06 5.0686e-05 ] 0.0000e+00 [ 0.0000e+00 ] 9.9994e-01
 2.437e+01 5.0631e-05 5.0631e-05 [ 8.3735e-23 2.5434e-12 5.6023e-06 4.5028e-05 ] 0.0000e+00 [ 0.0000e+00 ] 9.9995e-01
 2.448e+01 4.4573e-05 4.4573e-05 [ 4.3657e-23 1.6830e-12 4.6652e-06 3.9908e-05 ] 0.0000e+00 [ 0.0000e+00 ] 9.9996e-01
 2.459e+01 3.9158e-05 3.9158e-05 [ 2.2661e-23 1.1088e-12 3.8725e-06 3.5286e-05 ] 0.0000e+00 [ 0.0000e+00 ] 9.9996e-01
 2.471e+01 3.4331e-05 3.4331e-05 [ 1.1711e-23 7.2729e-13 3.2044e-06 3.1126e-05 ] 0.0000e+00 [ 0.0000e+00 ] 9.9997e-01
 2.482e+01 3.0037e-05 3.0037e-05 [ 6.0257e-24 4.7502e-13 2.6433e-06 2.7393e-05 ] 0.0000e+00 [ 0.0000e+00 ] 9.9997e-01
 2.493e+01 2.6226e-05 2.6226e-05 [ 3.0872e-24 3.0894e-13 2.1737e-06 2.4052e-05 ] 0.0000e+00 [ 0.0000e+00 ] 9.9997e-01
 2.505e+01 2.2853e-05 2.2853e-05 [ 1.5750e-24 2.0008e-13 1.7821e-06 2.1071e-05 ] 0.0000e+00 [ 0.0000e+00 ] 9.9998e-01
 2.516e+01 1.9873e-05 1.9873e-05 [ 8.0010e-25 1.2904e-13 1.4566e-06 1.8417e-05 ] 0.0000e+00 [ 0.0000e+00 ] 9.9998e-01
 2.527e+01 1.7248e-05 1.7248e-05 [ 4.0477e-25 8.2883e-14 1.1870e-06 1.6061e-05 ] 0.0000e+00 [ 0.0000e+00 ] 9.9998e-01
 2.539e+01 1.4939e-05 1.4939e-05 [ 2.0393e-25 5.3021e-14 9.6438e-07 1.3975e-05 ] 0.0000e+00 [ 0.0000e+00 ] 9.9999e-01
 2.550e+01 1.2914e-05 1.2914e-05 [ 1.0232e-25 3.3782e-14 7.8124e-07 1.2133e-05 ] 0.0000e+00 [ 0.0000e+00 ] 9.9999e-01
 2.561e+01 1.1142e-05 1.1142e-05 [ 5.1135e-26 2.1439e-14 6.3104e-07 1.0511e-05 ] 0.0000e+00 [ 0.0000e+00 ] 9.9999e-01
 2.573e+01 9.5939e-06 9.5939e-06 [ 2.5452e-26 1.3553e-14 5.0824e-07 9.0856e-06 ] 0.0000e+00 [ 0.0000e+00 ] 9.9999e-01
 2.584e+01 8.2449e-06 8.2449e-06 [ 1.2618e-26 8.5345e-15 4.0818e-07 7.8367e-06 ] 0.0000e+00 [ 0.0000e+00 ] 9.9999e-01
 2.595e+01 7.0719e-06 7.0719e-06 [ 6.2314e-27 5.3539e-15 3.2689e-07 6.7450e-06 ] 0.0000e+00 [ 0.0000e+00 ] 9.9999e-01
 2.607e+01 6.0541e-06 6.0541e-06 [ 3.0654e-27 3.3460e-15 2.6105e-07 5.7930e-06 ] 0.0000e+00 [ 0.0000e+00 ] 9.9999e-01
 2.618e+01 5.1728e-06 5.1728e-06 [ 1.5022e-27 2.0833e-15 2.0790e-07 4.9649e-06 ] 0.0000e+00 [ 0.0000e+00 ] 9.9999e-01
 2.629e+01 4.4113e-06 4.4113e-06 [ 7.3337e-28 1.2924e-15 1.6512e-07 4.2462e-06 ] 0.0000e+00 [ 0.0000e+00 ] 1.0000e+00
 2.641e+01 3.7548e-06 3.7548e-06 [ 3.5669e-28 7.9885e-16 1.3078e-07 3.6240e-06 ] 0.0000e+00 [ 0.0000e+00 ] 1.0000e+00
 2.652e+01 3.1900e-06 3.1900e-06 [ 1.7284e-28 4.9201e-16 1.0331e-07 3.0866e-06 ] 0.0000e+00 [ 0.0000e+00 ] 1.0000e+00
 2.663e+01 2.7049e-06 2.7049e-06 [ 8.3444e-29 3.0196e-16 8.1388e-08 2.6235e-06 ] 0.0000e+00 [ 0.0000e+00 ] 1.0000e+00
 2.675e+01 2.2893e-06 2.2893e-06 [ 4.0140e-29 1.8468e-16 6.3950e-08 2.2254e-06 ] 0.0000e+00 [ 0.0000e+00 ] 1.0000e+00
 2.686e+01 1.9340e-06 1.9340e-06 [ 1.9240e-29 1.1256e-16 5.0117e-08 1.8839e-06 ] 0.0000e+00 [ 0.0000e+00 ] 1.0000e+00
 2.697e+01 1.6307e-06 1.6307e-06 [ 9.1893e-30 6.8367e-17 3.9174e-08 1.5915e-06 ] 0.0000e+00 [ 0.0000e+00 ] 1.0000e+00
 2.709e+01 1.3724e-06 1.3724e-06 [ 4.3736e-30 4.1387e-17 3.0542e-08 1.3419e-06 ] 0.0000e+00 [ 0.0000e+00 ] 1.0000e+00
 2.720e+01 1.1529e-06 1.1529e-06 [ 2.0743e-30 2.4971e-17 2.3751e-08 1.1292e-06 ] 0.0000e+00 [ 0.0000e+00 ] 1.0000e+00
 2.731e+01 9.6672e-07 9.6672e-07 [ 9.8046e-31 1.5017e-17 1.8424e-08 9.4830e-07 ] 0.0000e+00 [ 0.0000e+00 ] 1.0000e+00
 2.743e+01 8.0910e-07 8.0910e-07 [ 4.6185e-31 9.0015e-18 1.4256e-08 7.9484e-07 ] 0.0000e+00 [ 0.0000e+00 ] 1.0000e+00
 2.754e+01 6.7592e-07 6.7592e-07 [ 2.1682e-31 5.3785e-18 1.1003e-08 6.6492e-07 ] 0.0000e+00 [ 0.0000e+00 ] 1.0000e+00
 2.765e+01 5.6363e-07 5.6363e-07 [ 1.0145e-31 3.2035e-18 8.4718e-09 5.5516e-07 ] 0.0000e+00 [ 0.0000e+00 ] 1.0000e+00
 2.777e+01 4.6914e-07 4.6914e-07 [ 4.7314e-32 1.9021e-18 6.5068e-09 4.6263e-07 ] 0.0000e+00 [ 0.0000e+00 ] 1.0000e+00
 2.788e+01 3.8977e-07 3.8977e-07 [ 2.1994e-32 1.1259e-18 4.9856e-09 3.8478e-07 ] 0.0000e+00 [ 0.0000e+00 ] 1.0000e+00
 2.799e+01 3.2324e-07 3.2324e-07 [ 1.0191e-32 6.6441e-19 3.8108e-09 3.1943e-07 ] 0.0000e+00 [ 0.0000e+00 ] 1.0000e+00
 2.811e+01 2.6758e-07 2.6758e-07 [ 4.7067e-33 3.9090e-19 2.9059e-09 2.6467e-07 ] 0.0000e+00 [ 0.0000e+00 ] 1.0000e+00
 2.822e+01 2.2110e-07 2.2110e-07 [ 2.1670e-33 2.2929e-19 2.2106e-09 2.1889e-07 ] 0.0000e+00 [ 0.0000e+00 ] 1.0000e+00
 2.833e+01 1.8237e-07 1.8237e-07 [ 9.9456e-34 1.3410e-19 1.6778e-09 1.8069e-07 ] 0.0000e+00 [ 0.0000e+00 ] 1.0000e+00
 2.845e+01 1.5015e-07 1.5015e-07 [ 4.5505e-34 7.8198e-20 1.2704e-09 1.4887e-07 ] 0.0000e+00 [ 0.0000e+00 ] 1.0000e+00
 2.856e+01 1.2340e-07 1.2340e-07 [ 2.0756e-34 4.5469e-20 9.5968e-10 1.2244e-07 ] 0.0000e+00 [ 0.0000e+00 ] 1.0000e+00
 2.867e+01 1.0123e-07 1.0123e-07 [ 9.4390e-35 2.6362e-20 7.2331e-10 1.0051e-07 ] 0.0000e+00 [ 0.0000e+00 ] 1.0000e+00
 2.879e+01 8.2896e-08 8.2896e-08 [ 4.2794e-35 1.5241e-20 5.4392e-10 8.2352e-08 ] 0.0000e+00 [ 0.0000e+00 ] 1.0000e+00
 2.890e+01 6.7762e-08 6.7762e-08 [ 1.9344e-35 8.7871e-21 4.0809e-10 6.7354e-08 ] 0.0000e+00 [ 0.0000e+00 ] 1.0000e+00
 2.901e+01 5.5293e-08 5.5293e-08 [ 8.7183e-36 5.0520e-21 3.0549e-10 5.4987e-08 ] 0.0000e+00 [ 0.0000e+00 ] 1.0000e+00
 2.913e+01 4.5037e-08 4.5037e-08 [ 3.9177e-36 2.8966e-21 2.2818e-10 4.4809e-08 ] 0.0000e+00 [ 0.0000e+00 ] 1.0000e+00
 2.924e+01 3.6619e-08 3.6619e-08 [ 1.7554e-36 1.6563e-21 1.7005e-10 3.6449e-08 ] 0.0000e+00 [ 0.0000e+00 ] 1.0000e+00
 2.935e+01 2.9722e-08 2.9722e-08 [ 7.8429e-37 9.4452e-22 1.2646e-10 2.9596e-08 ] 0.0000e+00 [ 0.0000e+00 ] 1.0000e+00
 2.947e+01 2.4081e-08 2.4081e-08 [ 3.4941e-37 5.3719e-22 9.3830e-11 2.3988e-08 ] 0.0000e+00 [ 0.0000e+00 ] 1.0000e+00
 2.958e+01 1.9477e-08 1.9477e-08 [ 1.5522e-37 3.0472e-22 6.9469e-11 1.9408e-08 ] 0.0000e+00 [ 0.0000e+00 ] 1.0000e+00
 2.969e+01 1.5725e-08 1.5725e-08 [ 6.8765e-38 1.7240e-22 5.1322e-11 1.5674e-08 ] 0.0000e+00 [ 0.0000e+00 ] 1.0000e+00
 2.981e+01 1.2674e-08 1.2674e-08 [ 3.0379e-38 9.7283e-23 3.7834e-11 1.2636e-08 ] 0.0000e+00 [ 0.0000e+00 ] 1.0000e+00
 2.992e+01 1.0197e-08 1.0197e-08 [ 1.3384e-38 5.4756e-23 2.7831e-11 1.0169e-08 ] 0.0000e+00 [ 0.0000e+00 ] 1.0000e+00
 3.003e+01 8.1898e-09 8.1898e-09 [ 5.8803e-39 3.0741e-23 2.0430e-11 8.1694e-09 ] 0.0000e+00 [ 0.0000e+00 ] 1.0000e+00
 3.015e+01 6.5663e-09 6.5663e-09 [ 2.5766e-39 1.7215e-23 1.4965e-11 6.5513e-09 ] 0.0000e+00 [ 0.0000e+00 ] 1.0000e+00
 3.026e+01 5.2555e-09 5.2555e-09 [ 1.1259e-39 9.6160e-24 1.0939e-11 5.2446e-09 ] 0.0000e+00 [ 0.0000e+00 ] 1.0000e+00
 3.037e+01 4.1991e-09 4.1991e-09 [ 4.9072e-40 5.3581e-24 7.9791e-12 4.1911e-09 ] 0.0000e+00 [ 0.0000e+00 ] 1.0000e+00
 3.049e+01 3.3493e-09 3.3493e-09 [ 2.1330e-40 2.9782e-24 5.8082e-12 3.3435e-09 ] 0.0000e+00 [ 0.0000e+00 ] 1.0000e+00
 3.060e+01 2.6669e-09 2.6669e-09 [ 9.2475e-41 1.6514e-24 4.2192e-12 2.6626e-09 ] 0.0000e+00 [ 0.0000e+00 ] 1.0000e+00
 3.071e+01 2.1198e-09 2.1198e-09 [ 3.9987e-41 9.1344e-25 3.0586e-12 2.1168e-09 ] 0.0000e+00 [ 0.0000e+00 ] 1.0000e+00
 3.083e+01 1.6822e-09 1.6822e-09 [ 1.7246e-41 5.0404e-25 2.2128e-12 1.6799e-09 ] 0.0000e+00 [ 0.0000e+00 ] 1.0000e+00
 3.094e+01 1.3326e-09 1.3326e-09 [ 7.4189e-42 2.7747e-25 1.5976e-12 1.3310e-09 ] 0.0000e+00 [ 0.0000e+00 ] 1.0000e+00
 3.105e+01 1.0538e-09 1.0538e-09 [ 3.1834e-42 1.5238e-25 1.1511e-12 1.0527e-09 ] 0.0000e+00 [ 0.0000e+00 ] 1.0000e+00
 3.117e+01 8.3197e-10 8.3197e-10 [ 1.3625e-42 8.3489e-26 8.2773e-13 8.3115e-10 ] 0.0000e+00 [ 0.0000e+00 ] 1.0000e+00
 3.128e+01 6.5572e-10 6.5572e-10 [ 5.8169e-43 4.5636e-26 5.9401e-13 6.5513e-10 ] 0.0000e+00 [ 0.0000e+00 ] 1.0000e+00
 3.139e+01 5.1593e-10 5.1593e-10 [ 2.4772e-43 2.4888e-26 4.2544e-13 5.1551e-10 ] 0.0000e+00 [ 0.0000e+00 ] 1.0000e+00
 3.151e+01 4.0526e-10 4.0526e-10 [ 1.0523e-43 1.3541e-26 3.0410e-13 4.0496e-10 ] 0.0000e+00 [ 0.0000e+00 ] 1.0000e+00
 3.162e+01 3.1780e-10 3.1780e-10 [ 4.4593e-44 7.3508e-27 2.1694e-13 3.1758e-10 ] 0.0000e+00 [ 0.0000e+00 ] 1.0000e+00
 3.173e+01 2.4880e-10 2.4880e-10 [ 1.8851e-44 3.9813e-27 1.5446e-13 2.4864e-10 ] 0.0000e+00 [ 0.0000e+00 ] 1.0000e+00
 3.185e+01 1.9445e-10 1.9445e-10 [ 7.9492e-45 2.1514e-27 1.0976e-13 1.9434e-10 ] 0.0000e+00 [ 0.0000e+00 ] 1.0000e+00
 3.196e+01 1.5172e-10 1.5172e-10 [ 3.3440e-45 1.1600e-27 7.7845e-14 1.5164e-10 ] 0.0000e+00 [ 0.0000e+00 ] 1.0000e+00
 3.207e+01 1.1819e-10 1.1819e-10 [ 1.4034e-45 6.2406e-28 5.5103e-14 1.1813e-10 ] 0.0000e+00 [ 0.0000e+00 ] 1.0000e+00
 3.219e+01 9.1910e-11 9.1910e-11 [ 5.8755e-46 3.3498e-28 3.8930e-14 9.1871e-11 ] 0.0000e+00 [ 0.0000e+00 ] 1.0000e+00
 3.230e+01 7.1358e-11 7.1358e-11 [ 2.4540e-46 1.7942e-28 2.7451e-14 7.1331e-11 ] 0.0000e+00 [ 0.0000e+00 ] 1.0000e+00
 3.241e+01 5.5311e-11 5.5311e-11 [ 1.0226e-46 9.5885e-29 1.9320e-14 5.5292e-11 ] 0.0000e+00 [ 0.0000e+00 ] 1.0000e+00
 3.253e+01 4.2802e-11 4.2802e-11 [ 4.2508e-47 5.1132e-29 1.3572e-14 4.2788e-11 ] 0.0000e+00 [ 0.0000e+00 ] 1.0000e+00
 3.264e+01 3.3068e-11 3.3068e-11 [ 1.7630e-47 2.7208e-29 9.5159e-15 3.3058e-11 ] 0.0000e+00 [ 0.0000e+00 ] 1.0000e+00
 3.275e+01 2.5506e-11 2.5506e-11 [ 7.2948e-48 1.4446e-29 6.6595e-15 2.5499e-11 ] 0.0000e+00 [ 0.0000e+00 ] 1.0000e+00
 3.287e+01 1.9641e-11 1.9641e-11 [ 3.0114e-48 7.6542e-30 4.6518e-15 1.9636e-11 ] 0.0000e+00 [ 0.0000e+00 ] 1.0000e+00
 3.298e+01 1.5100e-11 1.5100e-11 [ 1.2403e-48 4.0467e-30 3.2433e-15 1.5097e-11 ] 0.0000e+00 [ 0.0000e+00 ] 1.0000e+00
 3.309e+01 1.1590e-11 1.1590e-11 [ 5.0969e-49 2.1350e-30 2.2571e-15 1.1588e-11 ] 0.0000e+00 [ 0.0000e+00 ] 1.0000e+00
 3.321e+01 8.8818e-12 8.8818e-12 [ 2.0897e-49 1.1240e-30 1.5679e-15 8.8802e-12 ] 0.0000e+00 [ 0.0000e+00 ] 1.0000e+00
 3.332e+01 6.7954e-12 6.7954e-12 [ 8.5484e-50 5.9051e-31 1.0871e-15 6.7943e-12 ] 0.0000e+00 [ 0.0000e+00 ] 1.0000e+00
 3.343e+01 5.1907e-12 5.1907e-12 [ 3.4891e-50 3.0958e-31 7.5241e-16 5.1900e-12 ] 0.0000e+00 [ 0.0000e+00 ] 1.0000e+00
 3.355e+01 3.9586e-12 3.9586e-12 [ 1.4209e-50 1.6197e-31 5.1979e-16 3.9581e-12 ] 0.0000e+00 [ 0.0000e+00 ] 1.0000e+00
 3.366e+01 3.0142e-12 3.0142e-12 [ 5.7734e-51 8.4563e-32 3.5844e-16 3.0138e-12 ] 0.0000e+00 [ 0.0000e+00 ] 1.0000e+00
 3.377e+01 2.2914e-12 2.2914e-12 [ 2.3407e-51 4.4060e-32 2.4673e-16 2.2911e-12 ] 0.0000e+00 [ 0.0000e+00 ] 1.0000e+00
 3.389e+01 1.7391e-12 1.7391e-12 [ 9.4690e-52 2.2909e-32 1.6953e-16 1.7390e-12 ] 0.0000e+00 [ 0.0000e+00 ] 1.0000e+00
 3.400e+01 1.3179e-12 1.3179e-12 [ 3.8221e-52 1.1888e-32 1.1628e-16 1.3178e-12 ] 0.0000e+00 [ 0.0000e+00 ] 1.0000e+00
 3.411e+01 9.9712e-13 9.9712e-13 [ 1.5394e-52 6.1560e-33 7.9608e-17 9.9704e-13 ] 0.0000e+00 [ 0.0000e+00 ] 1.0000e+00
 3.423e+01 7.5323e-13 7.5323e-13 [ 6.1866e-53 3.1814e-33 5.4407e-17 7.5318e-13 ] 0.0000e+00 [ 0.0000e+00 ] 1.0000e+00
 3.434e+01 5.6810e-13 5.6810e-13 [ 2.4809e-53 1.6409e-33 3.7117e-17 5.6806e-13 ] 0.0000e+00 [ 0.0000e+00 ] 1.0000e+00
 3.445e+01 4.2780e-13 4.2780e-13 [ 9.9274e-54 8.4460e-34 2.5278e-17 4.2777e-13 ] 0.0000e+00 [ 0.0000e+00 ] 1.0000e+00
 3.457e+01 3.2164e-13 3.2164e-13 [ 3.9639e-54 4.3388e-34 1.7184e-17 3.2162e-13 ] 0.0000e+00 [ 0.0000e+00 ] 1.0000e+00
 3.468e+01 2.4145e-13 2.4145e-13 [ 1.5794e-54 2.2244e-34 1.1662e-17 2.4144e-13 ] 0.0000e+00 [ 0.0000e+00 ] 1.0000e+00
 3.479e+01 1.8097e-13 1.8097e-13 [ 6.2793e-55 1.1382e-34 7.9004e-18 1.8096e-13 ] 0.0000e+00 [ 0.0000e+00 ] 1.0000e+00
 3.491e+01 1.3543e-13 1.3543e-13 [ 2.4912e-55 5.8123e-35 5.3429e-18 1.3543e-13 ] 0.0000e+00 [ 0.0000e+00 ] 1.0000e+00
 3.502e+01 1.0119e-13 1.0119e-13 [ 9.8629e-56 2.9623e-35 3.6070e-18 1.0119e-13 ] 0.0000e+00 [ 0.0000e+00 ] 1.0000e+00
 3.513e+01 7.5495e-14 7.5495e-14 [ 3.8965e-56 1.5068e-35 2.4309e-18 7.5492e-14 ] 0.0000e+00 [ 0.0000e+00 ] 1.0000e+00
 3.525e+01 5.6236e-14 5.6236e-14 [ 1.5362e-56 7.6499e-36 1.6355e-18 5.6234e-14 ] 0.0000e+00 [ 0.0000e+00 ] 1.0000e+00
 3.536e+01 4.1826e-14 4.1826e-14 [ 6.0436e-57 3.8762e-36 1.0985e-18 4.1824e-14 ] 0.0000e+00 [ 0.0000e+00 ] 1.0000e+00
 3.547e+01 3.1060e-14 3.1060e-14 [ 2.3727e-57 1.9602e-36 7.3650e-19 3.1060e-14 ] 0.0000e+00 [ 0.0000e+00 ] 1.0000e+00
 3.559e+01 2.3031e-14 2.3031e-14 [ 9.2960e-58 9.8942e-37 4.9298e-19 2.3030e-14 ] 0.0000e+00 [ 0.0000e+00 ] 1.0000e+00
 3.570e+01 1.7051e-14 1.7051e-14 [ 3.6345e-58 4.9845e-37 3.2942e-19 1.7051e-14 ] 0.0000e+00 [ 0.0000e+00 ] 1.0000e+00
 3.581e+01 1.2605e-14 1.2605e-14 [ 1.4181e-58 2.5063e-37 2.1975e-19 1.2604e-14 ] 0.0000e+00 [ 0.0000e+00 ] 1.0000e+00
 3.593e+01 9.3035e-15 9.3035e-15 [ 5.5218e-59 1.2578e-37 1.4635e-19 9.3034e-15 ] 0.0000e+00 [ 0.0000e+00 ] 1.0000e+00
 3.604e+01 6.8567e-15 6.8567e-15 [ 2.1456e-59 6.3003e-38 9.7302e-20 6.8566e-15 ] 0.0000e+00 [ 0.0000e+00 ] 1.0000e+00
 3.615e+01 5.0457e-15 5.0457e-15 [ 8.3206e-60 3.1499e-38 6.4584e-20 5.0457e-15 ] 0.0000e+00 [ 0.0000e+00 ] 1.0000e+00
 3.627e+01 3.7075e-15 3.7075e-15 [ 3.2201e-60 1.5719e-38 4.2797e-20 3.7075e-15 ] 0.0000e+00 [ 0.0000e+00 ] 1.0000e+00
 3.638e+01 2.7201e-15 2.7201e-15 [ 1.2437e-60 7.8291e-39 2.8312e-20 2.7201e-15 ] 0.0000e+00 [ 0.0000e+00 ] 1.0000e+00
 3.649e+01 1.9927e-15 1.9927e-15 [ 4.7938e-61 3.8922e-39 1.8699e-20 1.9927e-15 ] 0.0000e+00 [ 0.0000e+00 ] 1.0000e+00
 3.661e+01 1.4577e-15 1.4577e-15 [ 1.8441e-61 1.9314e-39 1.2329e-20 1.4577e-15 ] 0.0000e+00 [ 0.0000e+00 ] 1.0000e+00
 3.672e+01 1.0647e-15 1.0647e-15 [ 7.0795e-62 9.5661e-40 8.1163e-21 1.0647e-15 ] 0.0000e+00 [ 0.0000e+00 ] 1.0000e+00
 3.683e+01 7.7651e-16 7.7651e-16 [ 2.7125e-62 4.7293e-40 5.3342e-21 7.7650e-16 ] 0.0000e+00 [ 0.0000e+00 ] 1.0000e+00
 3.695e+01 5.6549e-16 5.6549e-16 [ 1.0372e-62 2.3337e-40 3.5000e-21 5.6548e-16 ] 0.0000e+00 [ 0.0000e+00 ] 1.0000e+00
 3.706e+01 4.1121e-16 4.1121e-16 [ 3.9583e-63 1.1495e-40 2.2927e-21 4.1120e-16 ] 0.0000e+00 [ 0.0000e+00 ] 1.0000e+00
 3.717e+01 2.9858e-16 2.9858e-16 [ 1.5076e-63 5.6515e-41 1.4995e-21 2.9858e-16 ] 0.0000e+00 [ 0.0000e+00 ] 1.0000e+00
 3.729e+01 2.1648e-16 2.1648e-16 [ 5.7310e-64 2.7735e-41 9.7910e-22 2.1648e-16 ] 0.0000e+00 [ 0.0000e+00 ] 1.0000e+00
 3.740e+01 1.5673e-16 1.5673e-16 [ 2.1743e-64 1.3586e-41 6.3828e-22 1.5673e-16 ] 0.0000e+00 [ 0.0000e+00 ] 1.0000e+00
 3.751e+01 1.1330e-16 1.1330e-16 [ 8.2330e-65 6.6430e-42 4.1544e-22 1.1330e-16 ] 0.0000e+00 [ 0.0000e+00 ] 1.0000e+00
 3.763e+01 8.1788e-17 8.1788e-17 [ 3.1114e-65 3.2423e-42 2.6996e-22 8.1788e-17 ] 0.0000e+00 [ 0.0000e+00 ] 1.0000e+00
 3.774e+01 5.8954e-17 5.8954e-17 [ 1.1736e-65 1.5796e-42 1.7515e-22 5.8954e-17 ] 0.0000e+00 [ 0.0000e+00 ] 1.0000e+00
 3.785e+01 4.2434e-17 4.2434e-17 [ 4.4180e-66 7.6818e-43 1.1345e-22 4.2434e-17 ] 0.0000e+00 [ 0.0000e+00 ] 1.0000e+00
 3.797e+01 3.0499e-17 3.0499e-17 [ 1.6600e-66 3.7290e-43 7.3373e-23 3.0499e-17 ] 0.0000e+00 [ 0.0000e+00 ] 1.0000e+00
 3.808e+01 2.1889e-17 2.1889e-17 [ 6.2253e-67 1.8069e-43 4.7378e-23 2.1889e-17 ] 0.0000e+00 [ 0.0000e+00 ] 1.0000e+00
 3.819e+01 1.5687e-17 1.5687e-17 [ 2.3301e-67 8.7401e-44 3.0544e-23 1.5687e-17 ] 0.0000e+00 [ 0.0000e+00 ] 1.0000e+00
 3.831e+01 1.1226e-17 1.1226e-17 [ 8.7052e-68 4.2200e-44 1.9660e-23 1.1226e-17 ] 0.0000e+00 [ 0.0000e+00 ] 1.0000e+00
 3.842e+01 8.0226e-18 8.0226e-18 [ 3.2460e-68 2.0339e-44 1.2635e-23 8.0226e-18 ] 0.0000e+00 [ 0.0000e+00 ] 1.0000e+00
 3.853e+01 5.7249e-18 5.7249e-18 [ 1.2081e-68 9.7855e-45 8.1076e-24 5.7249e-18 ] 0.0000e+00 [ 0.0000e+00 ] 1.0000e+00
 3.865e+01 4.0795e-18 4.0795e-18 [ 4.4878e-69 4.6996e-45 5.1943e-24 4.0795e-18 ] 0.0000e+00 [ 0.0000e+00 ] 1.0000e+00
 3.876e+01 2.9028e-18 2.9028e-18 [ 1.6640e-69 2.2531e-45 3.3227e-24 2.9028e-18 ] 0.0000e+00 [ 0.0000e+00 ] 1.0000e+00
 3.887e+01 2.0627e-18 2.0627e-18 [ 6.1582e-70 1.0782e-45 2.1221e-24 2.0626e-18 ] 0.0000e+00 [ 0.0000e+00 ] 1.0000e+00
 3.899e+01 1.4636e-18 1.4636e-18 [ 2.2748e-70 5.1511e-46 1.3533e-24 1.4636e-18 ] 0.0000e+00 [ 0.0000e+00 ] 1.0000e+00
 3.910e+01 1.0370e-18 1.0370e-18 [ 8.3876e-71 2.4565e-46 8.6166e-25 1.0370e-18 ] 0.0000e+00 [ 0.0000e+00 ] 1.0000e+00
 3.921e+01 7.3377e-19 7.3377e-19 [ 3.0869e-71 1.1694e-46 5.4779e-25 7.3377e-19 ] 0.0000e+00 [ 0.0000e+00 ] 1.0000e+00
 3.933e+01 5.1846e-19 5.1846e-19 [ 1.1340e-71 5.5574e-47 3.4772e-25 5.1846e-19 ] 0.0000e+00 [ 0.0000e+00 ] 1.0000e+00
 3.944e+01 3.6582e-19 3.6582e-19 [ 4.1580e-72 2.6364e-47 2.2038e-25 3.6582e-19 ] 0.0000e+00 [ 0.0000e+00 ] 1.0000e+00
 3.955e+01 2.5776e-19 2.5776e-19 [ 1.5218e-72 1.2485e-47 1.3947e-25 2.5776e-19 ] 0.0000e+00 [ 0.0000e+00 ] 1.0000e+00
 3.967e+01 1.8136e-19 1.8136e-19 [ 5.5598e-73 5.9024e-48 8.8124e-26 1.8136e-19 ] 0.0000e+00 [ 0.0000e+00 ] 1.0000e+00
 3.978e+01 1.2743e-19 1.2743e-19 [ 2.0275e-73 2.7856e-48 5.5599e-26 1.2743e-19 ] 0.0000e+00 [ 0.0000e+00 ] 1.0000e+00
 3.989e+01 8.9417e-20 8.9417e-20 [ 7.3802e-74 1.3123e-48 3.5025e-26 8.9417e-20 ] 0.0000e+00 [ 0.0000e+00 ] 1.0000e+00
 4.001e+01 6.2655e-20 6.2655e-20 [ 2.6816e-74 6.1720e-49 2.2031e-26 6.2655e-20 ] 0.0000e+00 [ 0.0000e+00 ] 1.0000e+00
 4.012e+01 4.3842e-20 4.3842e-20 [ 9.7259e-75 2.8978e-49 1.3837e-26 4.3842e-20 ] 0.0000e+00 [ 0.0000e+00 ] 1.0000e+00
 4.023e+01 3.0636e-20 3.0636e-20 [ 3.5212e-75 1.3582e-49 8.6774e-27 3.0636e-20 ] 0.0000e+00 [ 0.0000e+00 ] 1.0000e+00
 4.035e+01 2.1378e-20 2.1378e-20 [ 1.2725e-75 6.3549e-50 5.4337e-27 2.1378e-20 ] 0.0000e+00 [ 0.0000e+00 ] 1.0000e+00
 4.046e+01 1.4898e-20 1.4898e-20 [ 4.5906e-76 2.9683e-50 3.3974e-27 1.4897e-20 ] 0.0000e+00 [ 0.0000e+00 ] 1.0000e+00
 4.057e+01 1.0367e-20 1.0367e-20 [ 1.6531e-76 1.3841e-50 2.1211e-27 1.0367e-20 ] 0.0000e+00 [ 0.0000e+00 ] 1.0000e+00
 4.069e+01 7.2049e-21 7.2049e-21 [ 5.9424e-77 6.4434e-51 1.3223e-27 7.2049e-21 ] 0.0000e+00 [ 0.0000e+00 ] 1.0000e+00
 4.080e+01 5.0003e-21 5.0003e-21 [ 2.1323e-77 2.9944e-51 8.2306e-28 5.0003e-21 ] 0.0000e+00 [ 0.0000e+00 ] 1.0000e+00
 4.091e+01 3.4656e-21 3.4656e-21 [ 7.6380e-78 1.3892e-51 5.1157e-28 3.4656e-21 ] 0.0000e+00 [ 0.0000e+00 ] 1.0000e+00
 4.103e+01 2.3987e-21 2.3987e-21 [ 2.7311e-78 6.4342e-52 3.1750e-28 2.3987e-21 ] 0.0000e+00 [ 0.0000e+00 ] 1.0000e+00
 4.114e+01 1.6580e-21 1.6580e-21 [ 9.7486e-79 2.9750e-52 1.9676e-28 1.6580e-21 ] 0.0000e+00 [ 0.0000e+00 ] 1.0000e+00
 4.125e+01 1.1445e-21 1.1445e-21 [ 3.4736e-79 1.3733e-52 1.2176e-28 1.1445e-21 ] 0.0000e+00 [ 0.0000e+00 ] 1.0000e+00
 4.137e+01 7.8895e-22 7.8895e-22 [ 1.2356e-79 6.3284e-53 7.5235e-29 7.8895e-22 ] 0.0000e+00 [ 0.0000e+00 ] 1.0000e+00
 4.148e+01 5.4313e-22 5.4313e-22 [ 4.3874e-80 2.9114e-53 4.6420e-29 5.4313e-22 ] 0.0000e+00 [ 0.0000e+00 ] 1.0000e+00
 4.159e+01 3.7341e-22 3.7341e-22 [ 1.5552e-80 1.3372e-53 2.8599e-29 3.7341e-22 ] 0.0000e+00 [ 0.0000e+00 ] 1.0000e+00
 4.171e+01 2.5638e-22 2.5638e-22 [ 5.5032e-81 6.1313e-54 1.7595e-29 2.5638e-22 ] 0.0000e+00 [ 0.0000e+00 ] 1.0000e+00
 4.182e+01 1.7579e-22 1.7579e-22 [ 1.9440e-81 2.8067e-54 1.0809e-29 1.7579e-22 ] 0.0000e+00 [ 0.0000e+00 ] 1.0000e+00
 4.193e+01 1.2038e-22 1.2038e-22 [ 6.8555e-82 1.2826e-54 6.6303e-30 1.2038e-22 ] 0.0000e+00 [ 0.0000e+00 ] 1.0000e+00
 4.205e+01 8.2321e-23 8.2321e-23 [ 2.4135e-82 5.8520e-55 4.0613e-30 8.2321e-23 ] 0.0000e+00 [ 0.0000e+00 ] 1.0000e+00
 4.216e+01 5.6221e-23 5.6221e-23 [ 8.4820e-83 2.6656e-55 2.4841e-30 5.6221e-23 ] 0.0000e+00 [ 0.0000e+00 ] 1.0000e+00
 4.227e+01 3.8346e-23 3.8346e-23 [ 2.9759e-83 1.2122e-55 1.5172e-30 3.8346e-23 ] 0.0000e+00 [ 0.0000e+00 ] 1.0000e+00
 4.239e+01 2.6120e-23 2.6120e-23 [ 1.0423e-83 5.5031e-56 9.2536e-31 2.6120e-23 ] 0.0000e+00 [ 0.0000e+00 ] 1.0000e+00
 4.250e+01 1.7768e-23 1.7768e-23 [ 3.6447e-84 2.4943e-56 5.6357e-31 1.7768e-23 ] 0.0000e+00 [ 0.0000e+00 ] 1.0000e+00
 4.261e+01 1.2071e-23 1.2071e-23 [ 1.2723e-84 1.1287e-56 3.4274e-31 1.2071e-23 ] 0.0000e+00 [ 0.0000e+00 ] 1.0000e+00
 4.273e+01 8.1902e-24 8.1902e-24 [ 4.4340e-85 5.0991e-57 2.0814e-31 8.1902e-24 ] 0.0000e+00 [ 0.0000e+00 ] 1.0000e+00
 4.284e+01 5.5497e-24 5.5497e-24 [ 1.5426e-85 2.2998e-57 1.2622e-31 5.5497e-24 ] 0.0000e+00 [ 0.0000e+00 ] 1.0000e+00
 4.295e+01 3.7556e-24 3.7556e-24 [ 5.3582e-86 1.0356e-57 7.6435e-32 3.7556e-24 ] 0.0000e+00 [ 0.0000e+00 ] 1.0000e+00
 4.307e+01 2.5382e-24 2.5382e-24 [ 1.8580e-86 4.6558e-58 4.6221e-32 2.5382e-24 ] 0.0000e+00 [ 0.0000e+00 ] 1.0000e+00
 4.318e+01 1.7132e-24 1.7132e-24 [ 6.4322e-87 2.0897e-58 2.7910e-32 1.7132e-24 ] 0.0000e+00 [ 0.0000e+00 ] 1.0000e+00
 4.329e+01 1.1549e-24 1.1549e-24 [ 2.2231e-87 9.3643e-59 1.6830e-32 1.1549e-24 ] 0.0000e+00 [ 0.0000e+00 ] 1.0000e+00
 4.341e+01 7.7748e-25 7.7748e-25 [ 7.6707e-88 4.1895e-59 1.0134e-32 7.7748e-25 ] 0.0000e+00 [ 0.0000e+00 ] 1.0000e+00
 4.352e+01 5.2274e-25 5.2274e-25 [ 2.6424e-88 1.8713e-59 6.0936e-33 5.2274e-25 ] 0.0000e+00 [ 0.0000e+00 ] 1.0000e+00
 4.363e+01 3.5102e-25 3.5102e-25 [ 9.0880e-89 8.3452e-60 3.6590e-33 3.5102e-25 ] 0.0000e+00 [ 0.0000e+00 ] 1.0000e+00
 4.375e+01 2.3541e-25 2.3541e-25 [ 3.1205e-89 3.7156e-60 2.1940e-33 2.3541e-25 ] 0.0000e+00 [ 0.0000e+00 ] 1.0000e+00
 4.386e+01 1.5767e-25 1.5767e-25 [ 1.0697e-89 1.6517e-60 1.3137e-33 1.5767e-25 ] 0.0000e+00 [ 0.0000e+00 ] 1.0000e+00
 4.397e+01 1.0547e-25 1.0547e-25 [ 3.6612e-90 7.3303e-61 7.8552e-34 1.0547e-25 ] 0.0000e+00 [ 0.0000e+00 ] 1.0000e+00
 4.409e+01 7.0461e-26 7.0461e-26 [ 1.2510e-90 3.2481e-61 4.6904e-34 7.0461e-26 ] 0.0000e+00 [ 0.0000e+00 ] 1.0000e+00
 4.420e+01 4.7013e-26 4.7013e-26 [ 4.2679e-91 1.4370e-61 2.7968e-34 4.7013e-26 ] 0.0000e+00 [ 0.0000e+00 ] 1.0000e+00
 4.431e+01 3.1328e-26 3.1328e-26 [ 1.4537e-91 6.3471e-62 1.6654e-34 3.1328e-26 ] 0.0000e+00 [ 0.0000e+00 ] 1.0000e+00
 4.443e+01 2.0850e-26 2.0850e-26 [ 4.9435e-92 2.7990e-62 9.9029e-35 2.0850e-26 ] 0.0000e+00 [ 0.0000e+00 ] 1.0000e+00
 4.454e+01 1.3859e-26 1.3859e-26 [ 1.6784e-92 1.2324e-62 5.8804e-35 1.3859e-26 ] 0.0000e+00 [ 0.0000e+00 ] 1.0000e+00
 4.465e+01 9.2004e-27 9.2004e-27 [ 5.6896e-93 5.4178e-63 3.4870e-35 9.2004e-27 ] 0.0000e+00 [ 0.0000e+00 ] 1.0000e+00
 4.477e+01 6.1000e-27 6.1000e-27 [ 1.9256e-93 2.3779e-63 2.0649e-35 6.1000e-27 ] 0.0000e+00 [ 0.0000e+00 ] 1.0000e+00
 4.488e+01 4.0394e-27 4.0394e-27 [ 6.5071e-94 1.0421e-63 1.2211e-35 4.0394e-27 ] 0.0000e+00 [ 0.0000e+00 ] 1.0000e+00
 4.499e+01 2.6715e-27 2.6715e-27 [ 2.1954e-94 4.5594e-64 7.2113e-36 2.6715e-27 ] 0.0000e+00 [ 0.0000e+00 ] 1.0000e+00
 4.511e+01 1.7646e-27 1.7646e-27 [ 7.3953e-95 1.9918e-64 4.2528e-36 1.7646e-27 ] 0.0000e+00 [ 0.0000e+00 ] 1.0000e+00
 4.522e+01 1.1641e-27 1.1641e-27 [ 2.4873e-95 8.6875e-65 2.5046e-36 1.1641e-27 ] 0.0000e+00 [ 0.0000e+00 ] 1.0000e+00
 4.533e+01 7.6704e-28 7.6704e-28 [ 8.3526e-96 3.7833e-65 1.4730e-36 7.6704e-28 ] 0.0000e+00 [ 0.0000e+00 ] 1.0000e+00
 4.545e+01 5.0477e-28 5.0477e-28 [ 2.8005e-96 1.6450e-65 8.6517e-37 5.0477e-28 ] 0.0000e+00 [ 0.0000e+00 ] 1.0000e+00
 4.556e+01 3.3176e-28 3.3176e-28 [ 9.3753e-97 7.1416e-66 5.0745e-37 3.3176e-28 ] 0.0000e+00 [ 0.0000e+00 ] 1.0000e+00
 4.567e+01 2.1778e-28 2.1778e-28 [ 3.1337e-97 3.0956e-66 2.9723e-37 2.1778e-28 ] 0.0000e+00 [ 0.0000e+00 ] 1.0000e+00
 4.579e+01 1.4279e-28 1.4279e-28 [ 1.0459e-97 1.3397e-66 1.7386e-37 1.4279e-28 ] 0.0000e+00 [ 0.0000e+00 ] 1.0000e+00
 4.590e+01 9.3499e-29 9.3499e-29 [ 3.4851e-98 5.7893e-67 1.0156e-37 9.3499e-29 ] 0.0000e+00 [ 0.0000e+00 ] 1.0000e+00
 4.601e+01 6.1150e-29 6.1150e-29 [ 1.1596e-98 2.4978e-67 5.9249e-38 6.1150e-29 ] 0.0000e+00 [ 0.0000e+00 ] 1.0000e+00
 4.613e+01 3.9945e-29 3.9945e-29 [ 3.8523e-99 1.0760e-67 3.4517e-38 3.9945e-29 ] 0.0000e+00 [ 0.0000e+00 ] 1.0000e+00
 4.624e+01 2.6060e-29 2.6060e-29 [ 1.2779e-99 4.6284e-68 2.0082e-38 2.6060e-29 ] 0.0000e+00 [ 0.0000e+00 ] 1.0000e+00
 4.635e+01 1.6982e-29 1.6982e-29 [ 4.2324e-100 1.9878e-68 1.1668e-38 1.6982e-29 ] 0.0000e+00 [ 0.0000e+00 ] 1.0000e+00
 4.647e+01 1.1052e-29 1.1052e-29 [ 1.3997e-100 8.5238e-69 6.7703e-39 1.1052e-29 ] 0.0000e+00 [ 0.0000e+00 ] 1.0000e+00
 4.658e+01 7.1842e-30 7.1842e-30 [ 4.6221e-101 3.6495e-69 3.9231e-39 7.1842e-30 ] 0.0000e+00 [ 0.0000e+00 ] 1.0000e+00
 4.669e+01 4.6643e-30 4.6643e-30 [ 1.5240e-101 1.5602e-69 2.2703e-39 4.6643e-30 ] 0.0000e+00 [ 0.0000e+00 ] 1.0000e+00
 4.681e+01 3.0246e-30 3.0246e-30 [ 5.0175e-102 6.6599e-70 1.3120e-39 3.0246e-30 ] 0.0000e+00 [ 0.0000e+00 ] 1.0000e+00
 4.692e+01 1.9589e-30 1.9589e-30 [ 1.6494e-102 2.8385e-70 7.5724e-40 1.9589e-30 ] 0.0000e+00 [ 0.0000e+00 ] 1.0000e+00
 4.703e+01 1.2672e-30 1.2672e-30 [ 5.4143e-103 1.2080e-70 4.3646e-40 1.2672e-30 ] 0.0000e+00 [ 0.0000e+00 ] 1.0000e+00
 4.715e+01 8.1874e-31 8.1874e-31 [ 1.7746e-103 5.1329e-71 2.5124e-40 8.1874e-31 ] 0.0000e+00 [ 0.0000e+00 ] 1.0000e+00
 4.726e+01 5.2836e-31 5.2836e-31 [ 5.8081e-104 2.1778e-71 1.4442e-40 5.2836e-31 ] 0.0000e+00 [ 0.0000e+00 ] 1.0000e+00
 4.737e+01 3.4055e-31 3.4055e-31 [ 1.8981e-104 9.2261e-72 8.2914e-41 3.4055e-31 ] 0.0000e+00 [ 0.0000e+00 ] 1.0000e+00
 4.749e+01 2.1924e-31 2.1924e-31 [ 6.1941e-105 3.9027e-72 4.7538e-41 2.1924e-31 ] 0.0000e+00 [ 0.0000e+00 ] 1.0000e+00
 4.760e+01 1.4097e-31 1.4097e-31 [ 2.0183e-105 1.6484e-72 2.7220e-41 1.4097e-31 ] 0.0000e+00 [ 0.0000e+00 ] 1.0000e+00
 4.771e+01 9.0539e-32 9.0539e-32 [ 6.5671e-106 6.9519e-73 1.5565e-41 9.0539e-32 ] 0.0000e+00 [ 0.0000e+00 ] 1.0000e+00
 4.783e+01 5.8078e-32 5.8078e-32 [ 2.1337e-106 2.9275e-73 8.8890e-42 5.8078e-32 ] 0.0000e+00 [ 0.0000e+00 ] 1.0000e+00
 4.794e+01 3.7211e-32 3.7211e-32 [ 6.9224e-107 1.2310e-73 5.0697e-42 3.7211e-32 ] 0.0000e+00 [ 0.0000e+00 ] 1.0000e+00
 4.805e+01 2.3813e-32 2.3813e-32 [ 2.2426e-107 5.1683e-74 2.8877e-42 2.3813e-32 ] 0.0000e+00 [ 0.0000e+00 ] 1.0000e+00
 4.817e+01 1.5221e-32 1.5221e-32 [ 7.2549e-108 2.1667e-74 1.6426e-42 1.5221e-32 ] 0.0000e+00 [ 0.0000e+00 ] 1.0000e+00
 4.828e+01 9.7176e-33 9.7176e-33 [ 2.3436e-108 9.0703e-75 9.3319e-43 9.7176e-33 ] 0.0000e+00 [ 0.0000e+00 ] 1.0000e+00
 4.839e+01 6.1967e-33 6.1967e-33 [ 7.5599e-109 3.7913e-75 5.2946e-43 6.1967e-33 ] 0.0000e+00 [ 0.0000e+00 ] 1.0000e+00
 4.851e+01 3.9468e-33 3.9468e-33 [ 2.4352e-109 1.5824e-75 3.0001e-43 3.9468e-33 ] 0.0000e+00 [ 0.0000e+00 ] 1.0000e+00
 4.862e+01 2.5108e-33 2.5108e-33 [ 7.8329e-110 6.5949e-76 1.6977e-43 2.5108e-33 ] 0.0000e+00 [ 0.0000e+00 ] 1.0000e+00
 4.873e+01 1.5955e-33 1.5955e-33 [ 2.5160e-110 2.7445e-76 9.5949e-44 1.5955e-33 ] 0.0000e+00 [ 0.0000e+00 ] 1.0000e+00
 4.885e+01 1.0126e-33 1.0126e-33 [ 8.0700e-111 1.1404e-76 5.4157e-44 1.0126e-33 ] 0.0000e+00 [ 0.0000e+00 ] 1.0000e+00
 4.896e+01 6.4192e-34 6.4192e-34 [ 2.5848e-111 4.7320e-77 3.0528e-44 6.4192e-34 ] 0.0000e+00 [ 0.0000e+00 ] 1.0000e+00
 4.907e+01 4.0646e-34 4.0646e-34 [ 8.2675e-112 1.9606e-77 1.7187e-44 4.0646e-34 ] 0.0000e+00 [ 0.0000e+00 ] 1.0000e+00
 4.919e+01 2.5706e-34 2.5706e-34 [ 2.6407e-112 8.1113e-78 9.6634e-45 2.5706e-34 ] 0.0000e+00 [ 0.0000e+00 ] 1.0000e+00
 4.930e+01 1.6239e-34 1.6239e-34 [ 8.4226e-113 3.3509e-78 5.4263e-45 1.6239e-34 ] 0.0000e+00 [ 0.0000e+00 ] 1.0000e+00
 4.941e+01 1.0247e-34 1.0247e-34 [ 2.6827e-113 1.3823e-78 3.0431e-45 1.0247e-34 ] 0.0000e+00 [ 0.0000e+00 ] 1.0000e+00
 4.953e+01 6.4578e-35 6.4578e-35 [ 8.5330e-114 5.6941e-79 1.7044e-45 6.4578e-35 ] 0.0000e+00 [ 0.0000e+00 ] 1.0000e+00
 4.964e+01 4.0653e-35 4.0653e-35 [ 2.7104e-114 2.3421e-79 9.5343e-46 4.0653e-35 ] 0.0000e+00 [ 0.0000e+00 ] 1.0000e+00
 4.975e+01 2.5562e-35 2.5562e-35 [ 8.5971e-115 9.6197e-80 5.3265e-46 2.5562e-35 ] 0.0000e+00 [ 0.0000e+00 ] 1.0000e+00
 4.987e+01 1.6054e-35 1.6054e-35 [ 2.7232e-115 3.9454e-80 2.9720e-46 1.6054e-35 ] 0.0000e+00 [ 0.0000e+00 ] 1.0000e+00
 4.998e+01 1.0071e-35 1.0071e-35 [ 8.6141e-116 1.6158e-80 1.6561e-46 1.0071e-35 ] 0.0000e+00 [ 0.0000e+00 ] 1.0000e+00
 5.009e+01 6.3108e-36 6.3108e-36 [ 2.7211e-116 6.6080e-81 9.2169e-47 6.3108e-36 ] 0.0000e+00 [ 0.0000e+00 ] 1.0000e+00
 5.021e+01 3.9498e-36 3.9498e-36 [ 8.5840e-117 2.6985e-81 5.1231e-47 3.9498e-36 ] 0.0000e+00 [ 0.0000e+00 ] 1.0000e+00
 5.032e+01 2.4693e-36 2.4693e-36 [ 2.7042e-117 1.1004e-81 2.8440e-47 2.4693e-36 ] 0.0000e+00 [ 0.0000e+00 ] 1.0000e+00
 5.043e+01 1.5420e-36 1.5420e-36 [ 8.5073e-118 4.4810e-82 1.5768e-47 1.5420e-36 ] 0.0000e+00 [ 0.0000e+00 ] 1.0000e+00
 5.055e+01 9.6177e-37 9.6177e-37 [ 2.6728e-118 1.8221e-82 8.7312e-48 9.6177e-37 ] 0.0000e+00 [ 0.0000e+00 ] 1.0000e+00
 5.066e+01 5.9920e-37 5.9920e-37 [ 8.3857e-119 7.3984e-83 4.8287e-48 5.9920e-37 ] 0.0000e+00 [ 0.0000e+00 ] 1.0000e+00
 5.077e+01 3.7289e-37 3.7289e-37 [ 2.6274e-119 2.9998e-83 2.6671e-48 3.7289e-37 ] 0.0000e+00 [ 0.0000e+00 ] 1.0000e+00
 5.089e+01 2.3179e-37 2.3179e-37 [ 8.2211e-120 1.2146e-83 1.4713e-48 2.3179e-37 ] 0.0000e+00 [ 0.0000e+00 ] 1.0000e+00
 5.100e+01 1.4392e-37 1.4392e-37 [ 2.5689e-120 4.9107e-84 8.1061e-49 1.4392e-37 ] 0.0000e+00 [ 0.0000e+00 ] 1.0000e+00
 5.111e+01 8.9255e-38 8.9255e-38 [ 8.0163e-121 1.9827e-84 4.4606e-49 8.9255e-38 ] 0.0000e+00 [ 0.0000e+00 ] 1.0000e+00
 5.123e+01 5.5292e-38 5.5292e-38 [ 2.4981e-121 7.9935e-85 2.4514e-49 5.5292e-38 ] 0.0000e+00 [ 0.0000e+00 ] 1.0000e+00
 5.134e+01 3.4213e-38 3.4213e-38 [ 7.7745e-122 3.2182e-85 1.3456e-49 3.4213e-38 ] 0.0000e+00 [ 0.0000e+00 ] 1.0000e+00
 5.145e+01 2.1147e-38 2.1147e-38 [ 2.4163e-122 1.2938e-85 7.3767e-50 2.1147e-38 ] 0.0000e+00 [ 0.0000e+00 ] 1.0000e+00
 5.157e+01 1.3056e-38 1.3056e-38 [ 7.4994e-123 5.1941e-86 4.0390e-50 1.3056e-38 ] 0.0000e+00 [ 0.0000e+00 ] 1.0000e+00
 5.168e+01 8.0512e-39 8.0512e-39 [ 2.3245e-123 2.0823e-86 2.2087e-50 8.0512e-39 ] 0.0000e+00 [ 0.0000e+00 ] 1.0000e+00
 5.179e+01 4.9595e-39 4.9595e-39 [ 7.1952e-124 8.3360e-87 1.2064e-50 4.9595e-39 ] 0.0000e+00 [ 0.0000e+00 ] 1.0000e+00
 5.191e+01 3.0515e-39 3.0515e-39 [ 2.2242e-124 3.3324e-87 6.5807e-51 3.0515e-39 ] 0.0000e+00 [ 0.0000e+00 ] 1.0000e+00
 5.202e+01 1.8755e-39 1.8755e-39 [ 6.8659e-125 1.3303e-87 3.5854e-51 1.8755e-39 ] 0.0000e+00 [ 0.0000e+00 ] 1.0000e+00
 5.213e+01 1.1514e-39 1.1514e-39 [ 2.1166e-125 5.3029e-88 1.9510e-51 1.1514e-39 ] 0.0000e+00 [ 0.0000e+00 ] 1.0000e+00
 5.225e+01 7.0608e-40 7.0608e-40 [ 6.5163e-126 2.1109e-88 1.0603e-51 7.0608e-40 ] 0.0000e+00 [ 0.0000e+00 ] 1.0000e+00
 5.236e+01 4.3250e-40 4.3250e-40 [ 2.0034e-126 8.3909e-89 5.7558e-52 4.3250e-40 ] 0.0000e+00 [ 0.0000e+00 ] 1.0000e+00
 5.247e+01 2.6463e-40 2.6463e-40 [ 6.1507e-127 3.3307e-89 3.1205e-52 2.6463e-40 ] 0.0000e+00 [ 0.0000e+00 ] 1.0000e+00
 5.259e+01 1.6174e-40 1.6174e-40 [ 1.8858e-127 1.3202e-89 1.6897e-52 1.6174e-40 ] 0.0000e+00 [ 0.0000e+00 ] 1.0000e+00
 5.270e+01 9.8741e-41 9.8741e-41 [ 5.7738e-128 5.2253e-90 9.1386e-53 9.8741e-41 ] 0.0000e+00 [ 0.0000e+00 ] 1.0000e+00
 5.281e+01 6.0214e-41 6.0214e-41 [ 1.7653e-128 2.0652e-90 4.9364e-53 6.0214e-41 ] 0.0000e+00 [ 0.0000e+00 ] 1.0000e+00
 5.293e+01 3.6679e-41 3.6679e-41 [ 5.3899e-129 8.1507e-91 2.6632e-53 3.6679e-41 ] 0.0000e+00 [ 0.0000e+00 ] 1.0000e+00
 5.304e+01 2.2318e-41 2.2318e-41 [ 1.6433e-129 3.2121e-91 1.4351e-53 2.2318e-41 ] 0.0000e+00 [ 0.0000e+00 ] 1.0000e+00
 5.315e+01 1.3565e-41 1.3565e-41 [ 5.0033e-130 1.2640e-91 7.7237e-54 1.3565e-41 ] 0.0000e+00 [ 0.0000e+00 ] 1.0000e+00
 5.327e+01 8.2355e-42 8.2355e-42 [ 1.5211e-130 4.9669e-92 4.1519e-54 8.2355e-42 ] 0.0000e+00 [ 0.0000e+00 ] 1.0000e+00
 5.338e+01 4.9945e-42 4.9945e-42 [ 4.6179e-131 1.9488e-92 2.2291e-54 4.9945e-42 ] 0.0000e+00 [ 0.0000e+00 ] 1.0000e+00
 5.349e+01 3.0256e-42 3.0256e-42 [ 1.3999e-131 7.6352e-93 1.1954e-54 3.0256e-42 ] 0.0000e+00 [ 0.0000e+00 ] 1.0000e+00
 5.361e+01 1.8308e-42 1.8308e-42 [ 4.2375e-132 2.9868e-93 6.4023e-55 1.8308e-42 ] 0.0000e+00 [ 0.0000e+00 ] 1.0000e+00
 5.372e+01 1.1066e-42 1.1066e-42 [ 1.2808e-132 1.1667e-93 3.4249e-55 1.1066e-42 ] 0.0000e+00 [ 0.0000e+00 ] 1.0000e+00
 5.383e+01 6.6818e-43 6.6818e-43 [ 3.8654e-133 4.5500e-94 1.8299e-55 6.6818e-43 ] 0.0000e+00 [ 0.0000e+00 ] 1.0000e+00
 5.395e+01 4.0300e-43 4.0300e-43 [ 1.1648e-133 1.7718e-94 9.7655e-56 4.0300e-43 ] 0.0000e+00 [ 0.0000e+00 ] 1.0000e+00
 5.406e+01 2.4279e-43 2.4279e-43 [ 3.5046e-134 6.8884e-95 5.2051e-56 2.4279e-43 ] 0.0000e+00 [ 0.0000e+00 ] 1.0000e+00
 5.417e+01 1.4612e-43 1.4612e-43 [ 1.0528e-134 2.6739e-95 2.7710e-56 1.4612e-43 ] 0.0000e+00 [ 0.0000e+00 ] 1.0000e+00
 5.429e+01 8.7838e-44 8.7838e-44 [ 3.1577e-135 1.0363e-95 1.4734e-56 8.7838e-44 ] 0.0000e+00 [ 0.0000e+00 ] 1.0000e+00
 5.440e+01 5.2747e-44 5.2747e-44 [ 9.4558e-136 4.0094e-96 7.8250e-57 5.2747e-44 ] 0.0000e+00 [ 0.0000e+00 ] 1.0000e+00
 5.451e+01 3.1640e-44 3.1640e-44 [ 2.8269e-136 1.5487e-96 4.1506e-57 3.1640e-44 ] 0.0000e+00 [ 0.0000e+00 ] 1.0000e+00
 5.463e+01 1.8958e-44 1.8958e-44 [ 8.4374e-137 5.9722e-97 2.1989e-57 1.8958e-44 ] 0.0000e+00 [ 0.0000e+00 ] 1.0000e+00
 5.474e+01 1.1347e-44 1.1347e-44 [ 2.5140e-137 2.2991e-97 1.1635e-57 1.1347e-44 ] 0.0000e+00 [ 0.0000e+00 ] 1.0000e+00
 5.485e+01 6.7844e-45 6.7844e-45 [ 7.4780e-138 8.8349e-98 6.1487e-58 6.7844e-45 ] 0.0000e+00 [ 0.0000e+00 ] 1.0000e+00
 5.497e+01 4.0520e-45 4.0520e-45 [ 2.2205e-138 3.3890e-98 3.2453e-58 4.0520e-45 ] 0.0000e+00 [ 0.0000e+00 ] 1.0000e+00
 5.508e+01 2.4174e-45 2.4174e-45 [ 6.5815e-139 1.2976e-98 1.7107e-58 2.4174e-45 ] 0.0000e+00 [ 0.0000e+00 ] 1.0000e+00
 5.519e+01 1.4407e-45 1.4407e-45 [ 1.9472e-139 4.9593e-99 9.0063e-59 1.4407e-45 ] 0.0000e+00 [ 0.0000e+00 ] 1.0000e+00
 5.531e+01 8.5764e-46 8.5764e-46 [ 5.7503e-140 1.8917e-99 4.7352e-59 8.5764e-46 ] 0.0000e+00 [ 0.0000e+00 ] 1.0000e+00
 5.542e+01 5.1002e-46 5.1002e-46 [ 1.6949e-140 7.2020e-100 2.4863e-59 5.1002e-46 ] 0.0000e+00 [ 0.0000e+00 ] 1.0000e+00
 5.553e+01 3.0297e-46 3.0297e-46 [ 4.9859e-141 2.7363e-100 1.3037e-59 3.0297e-46 ] 0.0000e+00 [ 0.0000e+00 ] 1.0000e+00
 5.565e+01 1.7978e-46 1.7978e-46 [ 1.4638e-141 1.0375e-100 6.8262e-60 1.7978e-46 ] 0.0000e+00 [ 0.0000e+00 ] 1.0000e+00
 5.576e+01 1.0656e-46 1.0656e-46 [ 4.2888e-142 3.9254e-101 3.5691e-60 1.0656e-46 ] 0.0000e+00 [ 0.0000e+00 ] 1.0000e+00
 5.587e+01 6.3099e-47 6.3099e-47 [ 1.2539e-142 1.4820e-101 1.8633e-60 6.3099e-47 ] 0.0000e+00 [ 0.0000e+00 ] 1.0000e+00
 5.599e+01 3.7322e-47 3.7322e-47 [ 3.6582e-143 5.5824e-102 9.7123e-61 3.7322e-47 ] 0.0000e+00 [ 0.0000e+00 ] 1.0000e+00
 5.610e+01 2.2052e-47 2.2052e-47 [ 1.0649e-143 2.0980e-102 5.0542e-61 2.2052e-47 ] 0.0000e+00 [ 0.0000e+00 ] 1.0000e+00
 5.621e+01 1.3016e-47 1.3016e-47 [ 3.0928e-144 7.8656e-103 2.6257e-61 1.3016e-47 ] 0.0000e+00 [ 0.0000e+00 ] 1.0000e+00
 5.633e+01 7.6740e-48 7.6740e-48 [ 8.9613e-145 2.9417e-103 1.3616e-61 7.6740e-48 ] 0.0000e+00 [ 0.0000e+00 ] 1.0000e+00
 5.644e+01 4.5197e-48 4.5197e-48 [ 2.5902e-145 1.0974e-103 7.0472e-62 4.5197e-48 ] 0.0000e+00 [ 0.0000e+00 ] 1.0000e+00
 5.655e+01 2.6592e-48 2.6592e-48 [ 7.4679e-146 4.0829e-104 3.6401e-62 2.6592e-48 ] 0.0000e+00 [ 0.0000e+00 ] 1.0000e+00
 5.667e+01 1.5628e-48 1.5628e-48 [ 2.1475e-146 1.5149e-104 1.8762e-62 1.5628e-48 ] 0.0000e+00 [ 0.0000e+00 ] 1.0000e+00
 5.678e+01 9.1753e-49 9.1753e-49 [ 6.1588e-147 5.6049e-105 9.6479e-63 9.1753e-49 ] 0.0000e+00 [ 0.0000e+00 ] 1.0000e+00
 5.689e+01 5.3811e-49 5.3811e-49 [ 1.7613e-147 2.0675e-105 4.9491e-63 5.3811e-49 ] 0.0000e+00 [ 0.0000e+00 ] 1.0000e+00
 5.701e+01 3.1525e-49 3.1525e-49 [ 5.0223e-148 7.6031e-106 2.5321e-63 3.1525e-49 ] 0.0000e+00 [ 0.0000e+00 ] 1.0000e+00
 5.712e+01 1.8449e-49 1.8449e-49 [ 1.4277e-148 2.7869e-106 1.2918e-63 1.8449e-49 ] 0.0000e+00 [ 0.0000e+00 ] 1.0000e+00
 5.723e+01 1.0786e-49 1.0786e-49 [ 4.0454e-149 1.0181e-106 6.5706e-64 1.0786e-49 ] 0.0000e+00 [ 0.0000e+00 ] 1.0000e+00
 5.735e+01 6.2989e-50 6.2989e-50 [ 1.1424e-149 3.7058e-107 3.3310e-64 6.2989e-50 ] 0.0000e+00 [ 0.0000e+00 ] 1.0000e+00
 5.746e+01 3.6747e-50 3.6747e-50 [ 3.2147e-150 1.3438e-107 1.6827e-64 3.6747e-50 ] 0.0000e+00 [ 0.0000e+00 ] 1.0000e+00
 5.757e+01 2.1415e-50 2.1415e-50 [ 9.0118e-151 4.8537e-108 8.4678e-65 2.1415e-50 ] 0.0000e+00 [ 0.0000e+00 ] 1.0000e+00
 5.769e+01 1.2467e-50 1.2467e-50 [ 2.5161e-151 1.7457e-108 4.2435e-65 1.2467e-50 ] 0.0000e+00 [ 0.0000e+00 ] 1.0000e+00
 5.780e+01 7.2499e-51 7.2499e-51 [ 6.9950e-152 6.2499e-109 2.1169e-65 7.2499e-51 ] 0.0000e+00 [ 0.0000e+00 ] 1.0000e+00
 5.791e+01 4.2116e-51 4.2116e-51 [ 1.9357e-152 2.2268e-109 1.0508e-65 4.2116e-51 ] 0.0000e+00 [ 0.0000e+00 ] 1.0000e+00
 5.803e+01 2.4440e-51 2.4440e-51 [ 5.3296e-153 7.8920e-110 5.1879e-66 2.4440e-51 ] 0.0000e+00 [ 0.0000e+00 ] 1.0000e+00
 5.814e+01 1.4167e-51 1.4167e-51 [ 1.4594e-153 2.7811e-110 2.5461e-66 1.4167e-51 ] 0.0000e+00 [ 0.0000e+00 ] 1.0000e+00
 5.825e+01 8.2031e-52 8.2031e-52 [ 3.9724e-154 9.7390e-111 1.2413e-66 8.2031e-52 ] 0.0000e+00 [ 0.0000e+00 ] 1.0000e+00
 5.837e+01 4.7442e-52 4.7442e-52 [ 1.0740e-154 3.3868e-111 6.0075e-67 4.7442e-52 ] 0.0000e+00 [ 0.0000e+00 ] 1.0000e+00
 5.848e+01 2.7404e-52 2.7404e-52 [ 2.8822e-155 1.1686e-111 2.8835e-67 2.7404e-52 ] 0.0000e+00 [ 0.0000e+00 ] 1.0000e+00
 5.859e+01 1.5807e-52 1.5807e-52 [ 7.6687e-156 3.9970e-112 1.3711e-67 1.5807e-52 ] 0.0000e+00 [ 0.0000e+00 ] 1.0000e+00
 5.871e+01 9.1021e-53 9.1021e-53 [ 2.0203e-156 1.3532e-112 6.4493e-68 9.1021e-53 ] 0.0000e+00 [ 0.0000e+00 ] 1.0000e+00
 5.882e+01 5.2299e-53 5.2299e-53 [ 5.2609e-157 4.5271e-113 2.9956e-68 5.2299e-53 ] 0.0000e+00 [ 0.0000e+00 ] 1.0000e+00
 5.893e+01 2.9958e-53 2.9958e-53 [ 1.3509e-157 1.4929e-113 1.3706e-68 2.9958e-53 ] 0.0000e+00 [ 0.0000e+00 ] 1.0000e+00
 5.905e+01 1.7081e-53 1.7081e-53 [ 3.4090e-158 4.8373e-114 6.1560e-69 1.7081e-53 ] 0.0000e+00 [ 0.0000e+00 ] 1.0000e+00
 5.916e+01 9.6632e-54 9.6632e-54 [ 8.4140e-159 1.5324e-114 2.7007e-69 9.6632e-54 ] 0.0000e+00 [ 0.0000e+00 ] 1.0000e+00
 5.927e+01 5.3918e-54 5.3918e-54 [ 2.0158e-159 4.7105e-115 1.1480e-69 5.3918e-54 ] 0.0000e+00 [ 0.0000e+00 ] 1.0000e+00
 5.939e+01 2.9290e-54 2.9290e-54 [ 4.6284e-160 1.3870e-115 4.6606e-70 2.9290e-54 ] 0.0000e+00 [ 0.0000e+00 ] 1.0000e+00
 5.950e+01 1.5027e-54 1.5027e-54 [ 9.9428e-161 3.8148e-116 1.7527e-70 1.5027e-54 ] 0.0000e+00 [ 0.0000e+00 ] 1.0000e+00
 5.961e+01 6.7079e-55 6.7079e-55 [ 1.8850e-161 9.1835e-117 5.6272e-71 6.7079e-55 ] 0.0000e+00 [ 0.0000e+00 ] 1.0000e+00
 5.973e+01 1.9466e-55 1.9466e-55 [ 2.4900e-162 1.4832e-117 1.1336e-71 1.9466e-55 ] 0.0000e+00 [ 0.0000e+00 ] 1.0000e+00
 5.984e+01 0.0000e+00 0.0000e+00 [ 0.0000e+00 0.0000e+00 0.0000e+00 0.0000e+00 ] 0.0000e+00 [ 0.0000e+00 ] 1.0000e+00
