 0.000e+00 0.0000e+00 0.0000e+00 [ 0.0000e+00 0.0000e+00 0.0000e+00 0.0000e+00 ] 0.0000e+00 [ 0.0000e+00 ] 1.0000e+00
 1.133e-01 3.1154e-03 3.1154e-03 [ 2.9751e-03 3.3050e-05 7.2621e-05 3.4639e-05 ] 0.0000e+00 [ 0.0000e+00 ] 9.9688e-01
 2.267e-01 5.8112e-03 5.8112e-03 [ 5.2648e-03 1.3016e-04 2.8361e-04 1.3270e-04 ] 0.0000e+00 [ 0.0000e+00 ] 9.9419e-01
 3.400e-01 8.2738e-03 8.2738e-03 [ 7.0916e-03 2.8524e-04 6.1310e-04 2.8384e-04 ] 0.0000e+00 [ 0.0000e+00 ] 9.9173e-01
 4.533e-01 1.0584e-02 1.0584e-02 [ 8.5878e-03 4.8863e-04 1.0310e-03 4.7611e-04 ] 0.0000e+00 [ 0.0000e+00 ] 9.8942e-01
 5.667e-01 1.2757e-02 1.2757e-02 [ 9.8306e-03 7.2807e-04 1.5014e-03 6.9674e-04 ] 0.0000e+00 [ 0.0000e+00 ] 9.8724e-01
 6.800e-01 1.4776e-02 1.4776e-02 [ 1.0865e-02 9.8995e-04 1.9878e-03 9.3299e-04 ] 0.0000e+00 [ 0.0000e+00 ] 9.8522e-01
 7.933e-01 1.6609e-02 1.6609e-02 [ 1.1718e-02 1.2607e-03 2.4571e-03 1.1730e-03 ] 0.0000e+00 [ 0.0000e+00 ] 9.8339e-01
 9.067e-01 1.8223e-02 1.8223e-02 [ 1.2405e-02 1.5277e-03 2.8834e-03 1.4065e-03 ] 0.0000e+00 [ 0.0000e+00 ] 9.8178e-01
 1.020e+00 1.9591e-02 1.9591e-02 [ 1.2937e-02 1.7804e-03 3.2487e-03 1.6250e-03 ] 0.0000e+00 [ 0.0000e+00 ] 9.8041e-01
 1.133e+00 2.0699e-02 2.0699e-02 [ 1.3322e-02 2.0109e-03 3.5439e-03 1.8223e-03 ] 0.0000e+00 [ 0.0000e+00 ] 9.7930e-01
 1.247e+00 2.1541e-02 2.1541e-02 [ 1.3567e-02 2.2135e-03 3.7667e-03 1.9945e-03 ] 0.0000e+00 [ 0.0000e+00 ] 9.7846e-01
 1.360e+00 2.2127e-02 2.2127e-02 [ 1.3681e-02 2.3853e-03 3.9210e-03 2.1394e-03 ] 0.0000e+00 [ 0.0000e+00 ] 9.7787e-01
 1.473e+00 2.2472e-02 2.2472e-02 [ 1.3676e-02 2.5254e-03 4.0141e-03 2.2568e-03 ] 0.0000e+00 [ 0.0000e+00 ] 9.7753e-01
 1.587e+00 2.2601e-02 2.2601e-02 [ 1.3563e-02 2.6348e-03 4.0554e-03 2.3475e-03 ] 0.0000e+00 [ 0.0000e+00 ] 9.7740e-01
 1.700e+00 2.2540e-02 2.2540e-02 [ 1.3356e-02 2.7155e-03 4.0553e-03 2.4135e-03 ] 0.0000e+00 [ 0.0000e+00 ] 9.7746e-01
 1.813e+00 2.2321e-02 2.2321e-02 [ 1.3069e-02 2.7707e-03 4.0235e-03 2.4573e-03 ] 0.0000e+00 [ 0.0000e+00 ] 9.7768e-01
 1.927e+00 2.1973e-02 2.1973e-02 [ 1.2718e-02 2.8039e-03 3.9690e-03 2.4820e-03 ] 0.0000e+00 [ 0.0000e+00 ] 9.7803e-01
 2.040e+00 2.1525e-02 2.1525e-02 [ 1.2316e-02 2.8185e-03 3.8995e-03 2.4904e-03 ] 0.0000e+00 [ 0.0000e+00 ] 9.7848e-01
 2.153e+00 2.1004e-02 2.1004e-02 [ 1.1879e-02 2.8182e-03 3.8213e-03 2.4855e-03 ] 0.0000e+00 [ 0.0000e+00 ] 9.7900e-01
 2.267e+00 2.0433e-02 2.0433e-02 [ 1.1418e-02 2.8064e-03 3.7393e-03 2.4701e-03 ] 0.0000e+00 [ 0.0000e+00 ] 9.7957e-01
 2.380e+00 1.9834e-02 1.9834e-02 [ 1.0944e-02 2.7859e-03 3.6574e-03 2.4465e-03 ] 0.0000e+00 [ 0.0000e+00 ] 9.8017e-01
 2.493e+00 1.9222e-02 1.9222e-02 [ 1.0468e-02 2.7594e-03 3.5782e-03 2.4171e-03 ] 0.0000e+00 [ 0.0000e+00 ] 9.8078e-01
 2.607e+00 1.8612e-02 1.8612e-02 [ 9.9963e-03 2.7290e-03 3.5035e-03 2.3834e-03 ] 0.0000e+00 [ 0.0000e+00 ] 9.8139e-01
 2.720e+00 1.8014e-02 1.8014e-02 [ 9.5358e-03 2.6965e-03 3.4347e-03 2.3472e-03 ] 0.0000e+00 [ 0.0000e+00 ] 9.8199e-01
 2.833e+00 1.7436e-02 1.7436e-02 [ 9.0909e-03 2.6632e-03 3.3723e-03 2.3097e-03 ] 0.0000e+00 [ 0.0000e+00 ] 9.8256e-01
 2.947e+00 1.6883e-02 1.6883e-02 [ 8.6646e-03 2.6303e-03 3.3167e-03 2.2717e-03 ] 0.0000e+00 [ 0.0000e+00 ] 9.8312e-01
 3.060e+00 1.6359e-02 1.6359e-02 [ 8.2589e-03 2.5985e-03 3.2676e-03 2.2342e-03 ] 0.0000e+00 [ 0.0000e+00 ] 9.8364e-01
 3.173e+00 1.5866e-02 1.5866e-02 [ 7.8749e-03 2.5683e-03 3.2250e-03 2.1976e-03 ] 0.0000e+00 [ 0.0000e+00 ] 9.8413e-01
 3.287e+00 1.5403e-02 1.5403e-02 [ 7.5127e-03 2.5399e-03 3.1883e-03 2.1625e-03 ] 0.0000e+00 [ 0.0000e+00 ] 9.8460e-01
 3.400e+00 1.4972e-02 1.4972e-02 [ 7.1720e-03 2.5135e-03 3.1571e-03 2.1290e-03 ] 0.0000e+00 [ 0.0000e+00 ] 9.8503e-01
 3.513e+00 1.4569e-02 1.4569e-02 [ 6.8521e-03 2.4891e-03 3.1308e-03 2.0974e-03 ] 0.0000e+00 [ 0.0000e+00 ] 9.8543e-01
 3.627e+00 1.4195e-02 1.4195e-02 [ 6.5517e-03 2.4665e-03 3.1089e-03 2.0677e-03 ] 0.0000e+00 [ 0.0000e+00 ] 9.8581e-01
 3.740e+00 1.3846e-02 1.3846e-02 [ 6.2698e-03 2.4457e-03 3.0908e-03 2.0401e-03 ] 0.0000e+00 [ 0.0000e+00 ] 9.8615e-01
 3.853e+00 1.3522e-02 1.3522e-02 [ 6.0049e-03 2.4264e-03 3.0760e-03 2.0145e-03 ] 0.0000e+00 [ 0.0000e+00 ] 9.8648e-01
 3.967e+00 1.3219e-02 1.3219e-02 [ 5.7557e-03 2.4083e-03 3.0639e-03 1.9909e-03 ] 0.0000e+00 [ 0.0000e+00 ] 9.8678e-01
 4.080e+00 1.2936e-02 1.2936e-02 [ 5.5210e-03 2.3913e-03 3.0541e-03 1.9691e-03 ] 0.0000e+00 [ 0.0000e+00 ] 9.8706e-01
 4.193e+00 1.2670e-02 1.2670e-02 [ 5.2996e-03 2.3751e-03 3.0461e-03 1.9492e-03 ] 0.0000e+00 [ 0.0000e+00 ] 9.8733e-01
 4.307e+00 1.2420e-02 1.2420e-02 [ 5.0902e-03 2.3594e-03 3.0396e-03 1.9309e-03 ] 0.0000e+00 [ 0.0000e+00 ] 9.8758e-01
 4.420e+00 1.2184e-02 1.2184e-02 [ 4.8918e-03 2.3441e-03 3.0342e-03 1.9142e-03 ] 0.0000e+00 [ 0.0000e+00 ] 9.8782e-01
 4.533e+00 1.1961e-02 1.1961e-02 [ 4.7035e-03 2.3291e-03 3.0295e-03 1.8990e-03 ] 0.0000e+00 [ 0.0000e+00 ] 9.8804e-01
 4.647e+00 1.1749e-02 1.1749e-02 [ 4.5245e-03 2.3141e-03 3.0254e-03 1.8851e-03 ] 0.0000e+00 [ 0.0000e+00 ] 9.8825e-01
 4.760e+00 1.1547e-02 1.1547e-02 [ 4.3540e-03 2.2991e-03 3.0217e-03 1.8724e-03 ] 0.0000e+00 [ 0.0000e+00 ] 9.8845e-01
 4.873e+00 1.1354e-02 1.1354e-02 [ 4.1913e-03 2.2839e-03 3.0181e-03 1.8609e-03 ] 0.0000e+00 [ 0.0000e+00 ] 9.8865e-01
 4.987e+00 1.1169e-02 1.1169e-02 [ 4.0358e-03 2.2685e-03 3.0144e-03 1.8503e-03 ] 0.0000e+00 [ 0.0000e+00 ] 9.8883e-01
 5.100e+00 1.0991e-02 1.0991e-02 [ 3.8870e-03 2.2527e-03 3.0107e-03 1.8407e-03 ] 0.0000e+00 [ 0.0000e+00 ] 9.8901e-01
 5.213e+00 1.0820e-02 1.0820e-02 [ 3.7445e-03 2.2367e-03 3.0067e-03 1.8318e-03 ] 0.0000e+00 [ 0.0000e+00 ] 9.8918e-01
 5.327e+00 1.0654e-02 1.0654e-02 [ 3.6078e-03 2.2204e-03 3.0024e-03 1.8237e-03 ] 0.0000e+00 [ 0.0000e+00 ] 9.8935e-01
 5.440e+00 1.0494e-02 1.0494e-02 [ 3.4766e-03 2.2037e-03 2.9978e-03 1.8162e-03 ] 0.0000e+00 [ 0.0000e+00 ] 9.8951e-01
 5.553e+00 1.0339e-02 1.0339e-02 [ 3.3505e-03 2.1866e-03 2.9928e-03 1.8093e-03 ] 0.0000e+00 [ 0.0000e+00 ] 9.8966e-01
 5.667e+00 1.0189e-02 1.0189e-02 [ 3.2292e-03 2.1693e-03 2.9874e-03 1.8028e-03 ] 0.0000e+00 [ 0.0000e+00 ] 9.8981e-01
 5.780e+00 1.0042e-02 1.0042e-02 [ 3.1125e-03 2.1516e-03 2.9815e-03 1.7967e-03 ] 0.0000e+00 [ 0.0000e+00 ] 9.8996e-01
 5.893e+00 9.9000e-03 9.9000e-03 [ 3.0002e-03 2.1336e-03 2.9752e-03 1.7910e-03 ] 0.0000e+00 [ 0.0000e+00 ] 9.9010e-01
 6.007e+00 9.7614e-03 9.7614e-03 [ 2.8919e-03 2.1153e-03 2.9685e-03 1.7856e-03 ] 0.0000e+00 [ 0.0000e+00 ] 9.9024e-01
 6.120e+00 9.6262e-03 9.6262e-03 [ 2.7875e-03 2.0968e-03 2.9613e-03 1.7805e-03 ] 0.0000e+00 [ 0.0000e+00 ] 9.9037e-01
 6.233e+00 9.4943e-03 9.4943e-03 [ 2.6869e-03 2.0781e-03 2.9538e-03 1.7755e-03 ] 0.0000e+00 [ 0.0000e+00 ] 9.9051e-01
 6.347e+00 9.3655e-03 9.3655e-03 [ 2.5897e-03 2.0592e-03 2.9458e-03 1.7707e-03 ] 0.0000e+00 [ 0.0000e+00 ] 9.9063e-01
 6.460e+00 9.2396e-03 9.2396e-03 [ 2.4960e-03 2.0401e-03 2.9374e-03 1.7661e-03 ] 0.0000e+00 [ 0.0000e+00 ] 9.9076e-01
 6.573e+00 9.1164e-03 9.1164e-03 [ 2.4054e-03 2.0209e-03 2.9286e-03 1.7615e-03 ] 0.0000e+00 [ 0.0000e+00 ] 9.9088e-01
 6.687e+00 8.9960e-03 8.9960e-03 [ 2.3180e-03 2.0015e-03 2.9195e-03 1.7570e-03 ] 0.0000e+00 [ 0.0000e+00 ] 9.9100e-01
 6.800e+00 8.8780e-03 8.8780e-03 [ 2.2335e-03 1.9820e-03 2.9100e-03 1.7526e-03 ] 0.0000e+00 [ 0.0000e+00 ] 9.9112e-01
 6.913e+00 8.7625e-03 8.7625e-03 [ 2.1518e-03 1.9624e-03 2.9001e-03 1.7481e-03 ] 0.0000e+00 [ 0.0000e+00 ] 9.9124e-01
 7.027e+00 8.6492e-03 8.6492e-03 [ 2.0728e-03 1.9428e-03 2.8900e-03 1.7437e-03 ] 0.0000e+00 [ 0.0000e+00 ] 9.9135e-01
 7.140e+00 8.5382e-03 8.5382e-03 [ 1.9964e-03 1.9230e-03 2.8795e-03 1.7392e-03 ] 0.0000e+00 [ 0.0000e+00 ] 9.9146e-01
 7.253e+00 8.4293e-03 8.4293e-03 [ 1.9226e-03 1.9033e-03 2.8687e-03 1.7347e-03 ] 0.0000e+00 [ 0.0000e+00 ] 9.9157e-01
 7.367e+00 8.3223e-03 8.3223e-03 [ 1.8511e-03 1.8835e-03 2.8576e-03 1.7302e-03 ] 0.0000e+00 [ 0.0000e+00 ] 9.9168e-01
 7.480e+00 8.2174e-03 8.2174e-03 [ 1.7819e-03 1.8637e-03 2.8462e-03 1.7256e-03 ] 0.0000e+00 [ 0.0000e+00 ] 9.9178e-01
 7.593e+00 8.1143e-03 8.1143e-03 [ 1.7149e-03 1.8438e-03 2.8346e-03 1.7209e-03 ] 0.0000e+00 [ 0.0000e+00 ] 9.9189e-01
 7.707e+00 8.0129e-03 8.0129e-03 [ 1.6501e-03 1.8240e-03 2.8227e-03 1.7162e-03 ] 0.0000e+00 [ 0.0000e+00 ] 9.9199e-01
 7.820e+00 7.9133e-03 7.9133e-03 [ 1.5873e-03 1.8041e-03 2.8105e-03 1.7114e-03 ] 0.0000e+00 [ 0.0000e+00 ] 9.9209e-01
 7.933e+00 7.8153e-03 7.8153e-03 [ 1.5265e-03 1.7843e-03 2.7981e-03 1.7064e-03 ] 0.0000e+00 [ 0.0000e+00 ] 9.9218e-01
 8.047e+00 7.7190e-03 7.7190e-03 [ 1.4676e-03 1.7645e-03 2.7855e-03 1.7014e-03 ] 0.0000e+00 [ 0.0000e+00 ] 9.9228e-01
 8.160e+00 7.6241e-03 7.6241e-03 [ 1.4106e-03 1.7447e-03 2.7726e-03 1.6963e-03 ] 0.0000e+00 [ 0.0000e+00 ] 9.9238e-01
 8.273e+00 7.5308e-03 7.5308e-03 [ 1.3553e-03 1.7250e-03 2.7595e-03 1.6910e-03 ] 0.0000e+00 [ 0.0000e+00 ] 9.9247e-01
 8.387e+00 7.4388e-03 7.4388e-03 [ 1.3017e-03 1.7053e-03 2.7462e-03 1.6857e-03 ] 0.0000e+00 [ 0.0000e+00 ] 9.9256e-01
 8.500e+00 7.3483e-03 7.3483e-03 [ 1.2498e-03 1.6856e-03 2.7327e-03 1.6802e-03 ] 0.0000e+00 [ 0.0000e+00 ] 9.9265e-01
 8.613e+00 7.2591e-03 7.2591e-03 [ 1.1995e-03 1.6660e-03 2.7189e-03 1.6746e-03 ] 0.0000e+00 [ 0.0000e+00 ] 9.9274e-01
 8.727e+00 7.1711e-03 7.1711e-03 [ 1.1508e-03 1.6464e-03 2.7050e-03 1.6689e-03 ] 0.0000e+00 [ 0.0000e+00 ] 9.9283e-01
 8.840e+00 7.0844e-03 7.0844e-03 [ 1.1036e-03 1.6269e-03 2.6909e-03 1.6631e-03 ] 0.0000e+00 [ 0.0000e+00 ] 9.9292e-01
 8.953e+00 6.9989e-03 6.9989e-03 [ 1.0578e-03 1.6075e-03 2.6766e-03 1.6571e-03 ] 0.0000e+00 [ 0.0000e+00 ] 9.9300e-01
 9.067e+00 6.9146e-03 6.9146e-03 [ 1.0134e-03 1.5881e-03 2.6621e-03 1.6511e-03 ] 0.0000e+00 [ 0.0000e+00 ] 9.9309e-01
 9.180e+00 6.8315e-03 6.8315e-03 [ 9.7035e-04 1.5688e-03 2.6475e-03 1.6449e-03 ] 0.0000e+00 [ 0.0000e+00 ] 9.9317e-01
 9.293e+00 6.7494e-03 6.7494e-03 [ 9.2865e-04 1.5495e-03 2.6327e-03 1.6386e-03 ] 0.0000e+00 [ 0.0000e+00 ] 9.9325e-01
 9.407e+00 6.6684e-03 6.6684e-03 [ 8.8823e-04 1.5303e-03 2.6177e-03 1.6321e-03 ] 0.0000e+00 [ 0.0000e+00 ] 9.9333e-01
 9.520e+00 6.5885e-03 6.5885e-03 [ 8.4907e-04 1.5112e-03 2.6026e-03 1.6256e-03 ] 0.0000e+00 [ 0.0000e+00 ] 9.9341e-01
 9.633e+00 6.5096e-03 6.5096e-03 [ 8.1111e-04 1.4921e-03 2.5874e-03 1.6190e-03 ] 0.0000e+00 [ 0.0000e+00 ] 9.9349e-01
 9.747e+00 6.4317e-03 6.4317e-03 [ 7.7433e-04 1.4731e-03 2.5720e-03 1.6122e-03 ] 0.0000e+00 [ 0.0000e+00 ] 9.9357e-01
 9.860e+00 6.3547e-03 6.3547e-03 [ 7.3870e-04 1.4542e-03 2.5565e-03 1.6053e-03 ] 0.0000e+00 [ 0.0000e+00 ] 9.9365e-01
 9.973e+00 6.2787e-03 6.2787e-03 [ 7.0419e-04 1.4354e-03 2.5408e-03 1.5983e-03 ] 0.0000e+00 [ 0.0000e+00 ] 9.9372e-01
 1.009e+01 6.2037e-03 6.2037e-03 [ 6.7077e-04 1.4166e-03 2.5251e-03 1.5912e-03 ] 0.0000e+00 [ 0.0000e+00 ] 9.9380e-01
 1.020e+01 6.1295e-03 6.1295e-03 [ 6.3842e-04 1.3978e-03 2.5092e-03 1.5840e-03 ] 0.0000e+00 [ 0.0000e+00 ] 9.9387e-01
 1.031e+01 6.0562e-03 6.0562e-03 [ 6.0710e-04 1.3791e-03 2.4933e-03 1.5767e-03 ] 0.0000e+00 [ 0.0000e+00 ] 9.9394e-01
 1.043e+01 5.9839e-03 5.9839e-03 [ 5.7681e-04 1.3605e-03 2.4772e-03 1.5693e-03 ] 0.0000e+00 [ 0.0000e+00 ] 9.9402e-01
 1.054e+01 5.9123e-03 5.9123e-03 [ 5.4751e-04 1.3419e-03 2.4611e-03 1.5619e-03 ] 0.0000e+00 [ 0.0000e+00 ] 9.9409e-01
 1.065e+01 5.8417e-03 5.8417e-03 [ 5.1918e-04 1.3234e-03 2.4448e-03 1.5543e-03 ] 0.0000e+00 [ 0.0000e+00 ] 9.9416e-01
 1.077e+01 5.7718e-03 5.7718e-03 [ 4.9182e-04 1.3048e-03 2.4286e-03 1.5466e-03 ] 0.0000e+00 [ 0.0000e+00 ] 9.9423e-01
 1.088e+01 5.7028e-03 5.7028e-03 [ 4.6539e-04 1.2863e-03 2.4122e-03 1.5389e-03 ] 0.0000e+00 [ 0.0000e+00 ] 9.9430e-01
 1.099e+01 5.6345e-03 5.6345e-03 [ 4.3989e-04 1.2679e-03 2.3958e-03 1.5310e-03 ] 0.0000e+00 [ 0.0000e+00 ] 9.9437e-01
 1.111e+01 5.5671e-03 5.5671e-03 [ 4.1529e-04 1.2494e-03 2.3793e-03 1.5231e-03 ] 0.0000e+00 [ 0.0000e+00 ] 9.9443e-01
 1.122e+01 5.5005e-03 5.5005e-03 [ 3.9159e-04 1.2309e-03 2.3628e-03 1.5151e-03 ] 0.0000e+00 [ 0.0000e+00 ] 9.9450e-01
 1.133e+01 5.4346e-03 5.4346e-03 [ 3.6878e-04 1.2125e-03 2.3462e-03 1.5071e-03 ] 0.0000e+00 [ 0.0000e+00 ] 9.9457e-01
 1.145e+01 5.3695e-03 5.3695e-03 [ 3.4683e-04 1.1940e-03 2.3297e-03 1.4990e-03 ] 0.0000e+00 [ 0.0000e+00 ] 9.9463e-01
 1.156e+01 5.3051e-03 5.3051e-03 [ 3.2573e-04 1.1755e-03 2.3131e-03 1.4908e-03 ] 0.0000e+00 [ 0.0000e+00 ] 9.9469e-01
 1.167e+01 5.2415e-03 5.2415e-03 [ 3.0548e-04 1.1570e-03 2.2964e-03 1.4826e-03 ] 0.0000e+00 [ 0.0000e+00 ] 9.9476e-01
 1.179e+01 5.1786e-03 5.1786e-03 [ 2.8606e-04 1.1385e-03 2.2798e-03 1.4743e-03 ] 0.0000e+00 [ 0.0000e+00 ] 9.9482e-01
 1.190e+01 5.1164e-03 5.1164e-03 [ 2.6745e-04 1.1199e-03 2.2631e-03 1.4659e-03 ] 0.0000e+00 [ 0.0000e+00 ] 9.9488e-01
 1.201e+01 5.0550e-03 5.0550e-03 [ 2.4966e-04 1.1013e-03 2.2465e-03 1.4575e-03 ] 0.0000e+00 [ 0.0000e+00 ] 9.9495e-01
 1.213e+01 4.9942e-03 4.9942e-03 [ 2.3266e-04 1.0826e-03 2.2298e-03 1.4491e-03 ] 0.0000e+00 [ 0.0000e+00 ] 9.9501e-01
 1.224e+01 4.9342e-03 4.9342e-03 [ 2.1645e-04 1.0639e-03 2.2132e-03 1.4407e-03 ] 0.0000e+00 [ 0.0000e+00 ] 9.9507e-01
 1.235e+01 4.8748e-03 4.8748e-03 [ 2.0101e-04 1.0451e-03 2.1966e-03 1.4322e-03 ] 0.0000e+00 [ 0.0000e+00 ] 9.9513e-01
 1.247e+01 4.8161e-03 4.8161e-03 [ 1.8633e-04 1.0262e-03 2.1799e-03 1.4236e-03 ] 0.0000e+00 [ 0.0000e+00 ] 9.9518e-01
 1.258e+01 4.7581e-03 4.7581e-03 [ 1.7240e-04 1.0073e-03 2.1633e-03 1.4151e-03 ] 0.0000e+00 [ 0.0000e+00 ] 9.9524e-01
 1.269e+01 4.7008e-03 4.7008e-03 [ 1.5919e-04 9.8834e-04 2.1468e-03 1.4065e-03 ] 0.0000e+00 [ 0.0000e+00 ] 9.9530e-01
 1.281e+01 4.6441e-03 4.6441e-03 [ 1.4670e-04 9.6929e-04 2.1302e-03 1.3979e-03 ] 0.0000e+00 [ 0.0000e+00 ] 9.9536e-01
 1.292e+01 4.5880e-03 4.5880e-03 [ 1.3492e-04 9.5018e-04 2.1137e-03 1.3892e-03 ] 0.0000e+00 [ 0.0000e+00 ] 9.9541e-01
 1.303e+01 4.5326e-03 4.5326e-03 [ 1.2381e-04 9.3100e-04 2.0972e-03 1.3806e-03 ] 0.0000e+00 [ 0.0000e+00 ] 9.9547e-01
 1.315e+01 4.4777e-03 4.4777e-03 [ 1.1338e-04 9.1176e-04 2.0807e-03 1.3719e-03 ] 0.0000e+00 [ 0.0000e+00 ] 9.9552e-01
 1.326e+01 4.4235e-03 4.4235e-03 [ 1.0359e-04 8.9247e-04 2.0642e-03 1.3632e-03 ] 0.0000e+00 [ 0.0000e+00 ] 9.9558e-01
 1.337e+01 4.3699e-03 4.3699e-03 [ 9.4428e-05 8.7313e-04 2.0478e-03 1.3546e-03 ] 0.0000e+00 [ 0.0000e+00 ] 9.9563e-01
 1.349e+01 4.3169e-03 4.3169e-03 [ 8.5876e-05 8.5375e-04 2.0315e-03 1.3459e-03 ] 0.0000e+00 [ 0.0000e+00 ] 9.9568e-01
 1.360e+01 4.2645e-03 4.2645e-03 [ 7.7910e-05 8.3433e-04 2.0151e-03 1.3372e-03 ] 0.0000e+00 [ 0.0000e+00 ] 9.9574e-01
 1.371e+01 4.2126e-03 4.2126e-03 [ 7.0510e-05 8.1489e-04 1.9988e-03 1.3284e-03 ] 0.0000e+00 [ 0.0000e+00 ] 9.9579e-01
 1.383e+01 4.1613e-03 4.1613e-03 [ 6.3652e-05 7.9544e-04 1.9825e-03 1.3197e-03 ] 0.0000e+00 [ 0.0000e+00 ] 9.9584e-01
 1.394e+01 4.1106e-03 4.1106e-03 [ 5.7315e-05 7.7599e-04 1.9663e-03 1.3110e-03 ] 0.0000e+00 [ 0.0000e+00 ] 9.9589e-01
 1.405e+01 4.0604e-03 4.0604e-03 [ 5.1473e-05 7.5655e-04 1.9501e-03 1.3023e-03 ] 0.0000e+00 [ 0.0000e+00 ] 9.9594e-01
 1.417e+01 4.0107e-03 4.0107e-03 [ 4.6103e-05 7.3714e-04 1.9339e-03 1.2935e-03 ] 0.0000e+00 [ 0.0000e+00 ] 9.9599e-01
 1.428e+01 3.9615e-03 3.9615e-03 [ 4.1181e-05 7.1776e-04 1.9178e-03 1.2848e-03 ] 0.0000e+00 [ 0.0000e+00 ] 9.9604e-01
 1.439e+01 3.9129e-03 3.9129e-03 [ 3.6683e-05 6.9843e-04 1.9017e-03 1.2761e-03 ] 0.0000e+00 [ 0.0000e+00 ] 9.9609e-01
 1.451e+01 3.8647e-03 3.8647e-03 [ 3.2584e-05 6.7917e-04 1.8856e-03 1.2673e-03 ] 0.0000e+00 [ 0.0000e+00 ] 9.9614e-01
 1.462e+01 3.8171e-03 3.8171e-03 [ 2.8860e-05 6.6000e-04 1.8696e-03 1.2586e-03 ] 0.0000e+00 [ 0.0000e+00 ] 9.9618e-01
 1.473e+01 3.7699e-03 3.7699e-03 [ 2.5487e-05 6.4092e-04 1.8536e-03 1.2498e-03 ] 0.0000e+00 [ 0.0000e+00 ] 9.9623e-01
 1.485e+01 3.7231e-03 3.7231e-03 [ 2.2442e-05 6.2195e-04 1.8377e-03 1.2411e-03 ] 0.0000e+00 [ 0.0000e+00 ] 9.9628e-01
 1.496e+01 3.6769e-03 3.6769e-03 [ 1.9701e-05 6.0311e-04 1.8217e-03 1.2323e-03 ] 0.0000e+00 [ 0.0000e+00 ] 9.9632e-01
 1.507e+01 3.6311e-03 3.6311e-03 [ 1.7242e-05 5.8441e-04 1.8058e-03 1.2236e-03 ] 0.0000e+00 [ 0.0000e+00 ] 9.9637e-01
 1.519e+01 3.5857e-03 3.5857e-03 [ 1.5043e-05 5.6587e-04 1.7900e-03 1.2149e-03 ] 0.0000e+00 [ 0.0000e+00 ] 9.9641e-01
 1.530e+01 3.5408e-03 3.5408e-03 [ 1.3083e-05 5.4750e-04 1.7741e-03 1.2061e-03 ] 0.0000e+00 [ 0.0000e+00 ] 9.9646e-01
 1.541e+01 3.4963e-03 3.4963e-03 [ 1.1343e-05 5.2932e-04 1.7583e-03 1.1974e-03 ] 0.0000e+00 [ 0.0000e+00 ] 9.9650e-01
 1.553e+01 3.4522e-03 3.4522e-03 [ 9.8020e-06 5.1134e-04 1.7425e-03 1.1886e-03 ] 0.0000e+00 [ 0.0000e+00 ] 9.9655e-01
 1.564e+01 3.4086e-03 3.4086e-03 [ 8.4429e-06 4.9357e-04 1.7267e-03 1.1799e-03 ] 0.0000e+00 [ 0.0000e+00 ] 9.9659e-01
 1.575e+01 3.3654e-03 3.3654e-03 [ 7.2481e-06 4.7603e-04 1.7110e-03 1.1711e-03 ] 0.0000e+00 [ 0.0000e+00 ] 9.9663e-01
 1.587e+01 3.3225e-03 3.3225e-03 [ 6.2016e-06 4.5872e-04 1.6952e-03 1.1624e-03 ] 0.0000e+00 [ 0.0000e+00 ] 9.9668e-01
 1.598e+01 3.2801e-03 3.2801e-03 [ 5.2883e-06 4.4167e-04 1.6795e-03 1.1536e-03 ] 0.0000e+00 [ 0.0000e+00 ] 9.9672e-01
 1.609e+01 3.2381e-03 3.2381e-03 [ 4.4940e-06 4.2487e-04 1.6638e-03 1.1449e-03 ] 0.0000e+00 [ 0.0000e+00 ] 9.9676e-01
 1.621e+01 3.1965e-03 3.1965e-03 [ 3.8058e-06 4.0835e-04 1.6481e-03 1.1362e-03 ] 0.0000e+00 [ 0.0000e+00 ] 9.9680e-01
 1.632e+01 3.1552e-03 3.1552e-03 [ 3.2117e-06 3.9211e-04 1.6325e-03 1.1274e-03 ] 0.0000e+00 [ 0.0000e+00 ] 9.9684e-01
 1.643e+01 3.1144e-03 3.1144e-03 [ 2.7008e-06 3.7616e-04 1.6168e-03 1.1187e-03 ] 0.0000e+00 [ 0.0000e+00 ] 9.9689e-01
 1.655e+01 3.0739e-03 3.0739e-03 [ 2.2630e-06 3.6051e-04 1.6011e-03 1.1100e-03 ] 0.0000e+00 [ 0.0000e+00 ] 9.9693e-01
 1.666e+01 3.0338e-03 3.0338e-03 [ 1.8894e-06 3.4517e-04 1.5854e-03 1.1013e-03 ] 0.0000e+00 [ 0.0000e+00 ] 9.9697e-01
 1.677e+01 2.9941e-03 2.9941e-03 [ 1.5717e-06 3.3014e-04 1.5698e-03 1.0926e-03 ] 0.0000e+00 [ 0.0000e+00 ] 9.9701e-01
 1.689e+01 2.9548e-03 2.9548e-03 [ 1.3027e-06 3.1544e-04 1.5541e-03 1.0840e-03 ] 0.0000e+00 [ 0.0000e+00 ] 9.9705e-01
 1.700e+01 2.9158e-03 2.9158e-03 [ 1.0757e-06 3.0106e-04 1.5384e-03 1.0753e-03 ] 0.0000e+00 [ 0.0000e+00 ] 9.9708e-01
 1.711e+01 2.8772e-03 2.8772e-03 [ 8.8495e-07 2.8703e-04 1.5227e-03 1.0667e-03 ] 0.0000e+00 [ 0.0000e+00 ] 9.9712e-01
 1.723e+01 2.8390e-03 2.8390e-03 [ 7.2529e-07 2.7333e-04 1.5069e-03 1.0581e-03 ] 0.0000e+00 [ 0.0000e+00 ] 9.9716e-01
 1.734e+01 2.8012e-03 2.8012e-03 [ 5.9218e-07 2.5999e-04 1.4912e-03 1.0495e-03 ] 0.0000e+00 [ 0.0000e+00 ] 9.9720e-01
 1.745e+01 2.7638e-03 2.7638e-03 [ 4.8165e-07 2.4699e-04 1.4754e-03 1.0409e-03 ] 0.0000e+00 [ 0.0000e+00 ] 9.9724e-01
 1.757e+01 2.7267e-03 2.7267e-03 [ 3.9024e-07 2.3436e-04 1.4596e-03 1.0324e-03 ] 0.0000e+00 [ 0.0000e+00 ] 9.9727e-01
 1.768e+01 2.6900e-03 2.6900e-03 [ 3.1496e-07 2.2208e-04 1.4437e-03 1.0239e-03 ] 0.0000e+00 [ 0.0000e+00 ] 9.9731e-01
 1.779e+01 2.6536e-03 2.6536e-03 [ 2.5320e-07 2.1017e-04 1.4278e-03 1.0154e-03 ] 0.0000e+00 [ 0.0000e+00 ] 9.9735e-01
 1.791e+01 2.6177e-03 2.6177e-03 [ 2.0276e-07 1.9863e-04 1.4119e-03 1.0070e-03 ] 0.0000e+00 [ 0.0000e+00 ] 9.9738e-01
 1.802e+01 2.5821e-03 2.5821e-03 [ 1.6172e-07 1.8746e-04 1.3959e-03 9.9858e-04 ] 0.0000e+00 [ 0.0000e+00 ] 9.9742e-01
 1.813e+01 2.5468e-03 2.5468e-03 [ 1.2847e-07 1.7667e-04 1.3798e-03 9.9023e-04 ] 0.0000e+00 [ 0.0000e+00 ] 9.9745e-01
 1.825e+01 2.5120e-03 2.5120e-03 [ 1.0165e-07 1.6625e-04 1.3637e-03 9.8193e-04 ] 0.0000e+00 [ 0.0000e+00 ] 9.9749e-01
 1.836e+01 2.4774e-03 2.4774e-03 [ 8.0103e-08 1.5620e-04 1.3475e-03 9.7367e-04 ] 0.0000e+00 [ 0.0000e+00 ] 9.9752e-01
 1.847e+01 2.4433e-03 2.4433e-03 [ 6.2867e-08 1.4654e-04 1.3312e-03 9.6546e-04 ] 0.0000e+00 [ 0.0000e+00 ] 9.9756e-01
 1.859e+01 2.4095e-03 2.4095e-03 [ 4.9138e-08 1.3725e-04 1.3149e-03 9.5731e-04 ] 0.0000e+00 [ 0.0000e+00 ] 9.9759e-01
 1.870e+01 2.3761e-03 2.3761e-03 [ 3.8250e-08 1.2833e-04 1.2985e-03 9.4921e-04 ] 0.0000e+00 [ 0.0000e+00 ] 9.9762e-01
 1.881e+01 2.3430e-03 2.3430e-03 [ 2.9651e-08 1.1979e-04 1.2820e-03 9.4116e-04 ] 0.0000e+00 [ 0.0000e+00 ] 9.9766e-01
 1.893e+01 2.3102e-03 2.3102e-03 [ 2.2889e-08 1.1163e-04 1.2654e-03 9.3318e-04 ] 0.0000e+00 [ 0.0000e+00 ] 9.9769e-01
 1.904e+01 2.2778e-03 2.2778e-03 [ 1.7596e-08 1.0383e-04 1.2487e-03 9.2525e-04 ] 0.0000e+00 [ 0.0000e+00 ] 9.9772e-01
 1.915e+01 2.2458e-03 2.2458e-03 [ 1.3470e-08 9.6398e-05 1.2320e-03 9.1738e-04 ] 0.0000e+00 [ 0.0000e+00 ] 9.9775e-01
 1.927e+01 2.2140e-03 2.2140e-03 [ 1.0267e-08 8.9330e-05 1.2151e-03 9.0957e-04 ] 0.0000e+00 [ 0.0000e+00 ] 9.9779e-01
 1.938e+01 2.1826e-03 2.1826e-03 [ 7.7932e-09 8.2620e-05 1.1982e-03 9.0183e-04 ] 0.0000e+00 [ 0.0000e+00 ] 9.9782e-01
 1.949e+01 2.1515e-03 2.1515e-03 [ 5.8900e-09 7.6262e-05 1.1811e-03 8.9415e-04 ] 0.0000e+00 [ 0.0000e+00 ] 9.9785e-01
 1.961e+01 2.1208e-03 2.1208e-03 [ 4.4324e-09 7.0250e-05 1.1640e-03 8.8652e-04 ] 0.0000e+00 [ 0.0000e+00 ] 9.9788e-01
 1.972e+01 2.0903e-03 2.0903e-03 [ 3.3212e-09 6.4577e-05 1.1467e-03 8.7896e-04 ] 0.0000e+00 [ 0.0000e+00 ] 9.9791e-01
 1.983e+01 2.0601e-03 2.0601e-03 [ 2.4777e-09 5.9235e-05 1.1294e-03 8.7146e-04 ] 0.0000e+00 [ 0.0000e+00 ] 9.9794e-01
 1.995e+01 2.0302e-03 2.0302e-03 [ 1.8404e-09 5.4216e-05 1.1120e-03 8.6402e-04 ] 0.0000e+00 [ 0.0000e+00 ] 9.9797e-01
 2.006e+01 2.0006e-03 2.0006e-03 [ 1.3611e-09 4.9512e-05 1.0944e-03 8.5664e-04 ] 0.0000e+00 [ 0.0000e+00 ] 9.9800e-01
 2.017e+01 1.9712e-03 1.9712e-03 [ 1.0021e-09 4.5113e-05 1.0768e-03 8.4931e-04 ] 0.0000e+00 [ 0.0000e+00 ] 9.9803e-01
 2.029e+01 1.9421e-03 1.9421e-03 [ 7.3461e-10 4.1008e-05 1.0591e-03 8.4203e-04 ] 0.0000e+00 [ 0.0000e+00 ] 9.9806e-01
 2.040e+01 1.9133e-03 1.9133e-03 [ 5.3610e-10 3.7188e-05 1.0413e-03 8.3480e-04 ] 0.0000e+00 [ 0.0000e+00 ] 9.9809e-01
 2.051e+01 1.8847e-03 1.8847e-03 [ 3.8949e-10 3.3641e-05 1.0234e-03 8.2761e-04 ] 0.0000e+00 [ 0.0000e+00 ] 9.9812e-01
 2.063e+01 1.8563e-03 1.8563e-03 [ 2.8171e-10 3.0358e-05 1.0055e-03 8.2046e-04 ] 0.0000e+00 [ 0.0000e+00 ] 9.9814e-01
 2.074e+01 1.8281e-03 1.8281e-03 [ 2.0284e-10 2.7325e-05 9.8741e-04 8.1335e-04 ] 0.0000e+00 [ 0.0000e+00 ] 9.9817e-01
 2.085e+01 1.8001e-03 1.8001e-03 [ 1.4539e-10 2.4531e-05 9.6928e-04 8.0627e-04 ] 0.0000e+00 [ 0.0000e+00 ] 9.9820e-01
 2.097e+01 1.7723e-03 1.7723e-03 [ 1.0374e-10 2.1965e-05 9.5108e-04 7.9921e-04 ] 0.0000e+00 [ 0.0000e+00 ] 9.9823e-01
 2.108e+01 1.7446e-03 1.7446e-03 [ 7.3684e-11 1.9614e-05 9.3281e-04 7.9216e-04 ] 0.0000e+00 [ 0.0000e+00 ] 9.9826e-01
 2.119e+01 1.7171e-03 1.7171e-03 [ 5.2097e-11 1.7467e-05 9.1448e-04 7.8513e-04 ] 0.0000e+00 [ 0.0000e+00 ] 9.9828e-01
 2.131e+01 1.6897e-03 1.6897e-03 [ 3.6665e-11 1.5512e-05 8.9608e-04 7.7809e-04 ] 0.0000e+00 [ 0.0000e+00 ] 9.9831e-01
 2.142e+01 1.6624e-03 1.6624e-03 [ 2.5686e-11 1.3736e-05 8.7763e-04 7.7105e-04 ] 0.0000e+00 [ 0.0000e+00 ] 9.9834e-01
 2.153e+01 1.6352e-03 1.6352e-03 [ 1.7911e-11 1.2128e-05 8.5912e-04 7.6399e-04 ] 0.0000e+00 [ 0.0000e+00 ] 9.9836e-01
 2.165e+01 1.6081e-03 1.6081e-03 [ 1.2431e-11 1.0677e-05 8.4057e-04 7.5690e-04 ] 0.0000e+00 [ 0.0000e+00 ] 9.9839e-01
 2.176e+01 1.5811e-03 1.5811e-03 [ 8.5881e-12 9.3718e-06 8.2197e-04 7.4977e-04 ] 0.0000e+00 [ 0.0000e+00 ] 9.9842e-01
 2.187e+01 1.5541e-03 1.5541e-03 [ 5.9053e-12 8.2008e-06 8.0334e-04 7.4260e-04 ] 0.0000e+00 [ 0.0000e+00 ] 9.9845e-01
 2.199e+01 1.5272e-03 1.5272e-03 [ 4.0415e-12 7.1539e-06 7.8467e-04 7.3536e-04 ] 0.0000e+00 [ 0.0000e+00 ] 9.9847e-01
 2.210e+01 1.5002e-03 1.5002e-03 [ 2.7529e-12 6.2210e-06 7.6597e-04 7.2806e-04 ] 0.0000e+00 [ 0.0000e+00 ] 9.9850e-01
 2.221e+01 1.4733e-03 1.4733e-03 [ 1.8663e-12 5.3924e-06 7.4725e-04 7.2066e-04 ] 0.0000e+00 [ 0.0000e+00 ] 9.9853e-01
 2.233e+01 1.4463e-03 1.4463e-03 [ 1.2593e-12 4.6591e-06 7.2851e-04 7.1318e-04 ] 0.0000e+00 [ 0.0000e+00 ] 9.9855e-01
 2.244e+01 1.4193e-03 1.4193e-03 [ 8.4561e-13 4.0122e-06 7.0976e-04 7.0557e-04 ] 0.0000e+00 [ 0.0000e+00 ] 9.9858e-01
 2.255e+01 1.3923e-03 1.3923e-03 [ 5.6514e-13 3.4435e-06 6.9100e-04 6.9785e-04 ] 0.0000e+00 [ 0.0000e+00 ] 9.9861e-01
 2.267e+01 1.3652e-03 1.3652e-03 [ 3.7588e-13 2.9455e-06 6.7223e-04 6.8999e-04 ] 0.0000e+00 [ 0.0000e+00 ] 9.9863e-01
 2.278e+01 1.3380e-03 1.3380e-03 [ 2.4881e-13 2.5107e-06 6.5348e-04 6.8197e-04 ] 0.0000e+00 [ 0.0000e+00 ] 9.9866e-01
 2.289e+01 1.3107e-03 1.3107e-03 [ 1.6390e-13 2.1327e-06 6.3473e-04 6.7379e-04 ] 0.0000e+00 [ 0.0000e+00 ] 9.9869e-01
 2.301e+01 1.2832e-03 1.2832e-03 [ 1.0745e-13 1.8052e-06 6.1601e-04 6.6543e-04 ] 0.0000e+00 [ 0.0000e+00 ] 9.9872e-01
 2.312e+01 1.2557e-03 1.2557e-03 [ 7.0095e-14 1.5225e-06 5.9731e-04 6.5688e-04 ] 0.0000e+00 [ 0.0000e+00 ] 9.9874e-01
 2.323e+01 1.2280e-03 1.2280e-03 [ 4.5507e-14 1.2793e-06 5.7865e-04 6.4812e-04 ] 0.0000e+00 [ 0.0000e+00 ] 9.9877e-01
 2.335e+01 1.2002e-03 1.2002e-03 [ 2.9400e-14 1.0711e-06 5.6004e-04 6.3914e-04 ] 0.0000e+00 [ 0.0000e+00 ] 9.9880e-01
 2.346e+01 1.1723e-03 1.1723e-03 [ 1.8901e-14 8.9340e-07 5.4148e-04 6.2992e-04 ] 0.0000e+00 [ 0.0000e+00 ] 9.9883e-01
 2.357e+01 1.1442e-03 1.1442e-03 [ 1.2092e-14 7.4236e-07 5.2300e-04 6.2047e-04 ] 0.0000e+00 [ 0.0000e+00 ] 9.9886e-01
 2.369e+01 1.1160e-03 1.1160e-03 [ 7.6978e-15 6.1450e-07 5.0459e-04 6.1076e-04 ] 0.0000e+00 [ 0.0000e+00 ] 9.9888e-01
 2.380e+01 1.0876e-03 1.0876e-03 [ 4.8764e-15 5.0669e-07 4.8627e-04 6.0079e-04 ] 0.0000e+00 [ 0.0000e+00 ] 9.9891e-01
 2.391e+01 1.0590e-03 1.0590e-03 [ 3.0739e-15 4.1616e-07 4.6807e-04 5.9054e-04 ] 0.0000e+00 [ 0.0000e+00 ] 9.9894e-01
 2.403e+01 1.0303e-03 1.0303e-03 [ 1.9281e-15 3.4045e-07 4.4998e-04 5.8002e-04 ] 0.0000e+00 [ 0.0000e+00 ] 9.9897e-01
 2.414e+01 1.0015e-03 1.0015e-03 [ 1.2034e-15 2.7740e-07 4.3204e-04 5.6921e-04 ] 0.0000e+00 [ 0.0000e+00 ] 9.9900e-01
 2.425e+01 9.7259e-04 9.7259e-04 [ 7.4738e-16 2.2511e-07 4.1425e-04 5.5811e-04 ] 0.0000e+00 [ 0.0000e+00 ] 9.9903e-01
 2.437e+01 9.4354e-04 9.4354e-04 [ 4.6186e-16 1.8193e-07 3.9664e-04 5.4672e-04 ] 0.0000e+00 [ 0.0000e+00 ] 9.9906e-01
 2.448e+01 9.1441e-04 9.1441e-04 [ 2.8399e-16 1.4643e-07 3.7922e-04 5.3505e-04 ] 0.0000e+00 [ 0.0000e+00 ] 9.9909e-01
 2.459e+01 8.8521e-04 8.8521e-04 [ 1.7376e-16 1.1736e-07 3.6201e-04 5.2308e-04 ] 0.0000e+00 [ 0.0000e+00 ] 9.9911e-01
 2.471e+01 8.5597e-04 8.5597e-04 [ 1.0578e-16 9.3667e-08 3.4504e-04 5.1083e-04 ] 0.0000e+00 [ 0.0000e+00 ] 9.9914e-01
 2.482e+01 8.2671e-04 8.2671e-04 [ 6.4075e-17 7.4440e-08 3.2833e-04 4.9831e-04 ] 0.0000e+00 [ 0.0000e+00 ] 9.9917e-01
 2.493e+01 7.9747e-04 7.9747e-04 [ 3.8620e-17 5.8905e-08 3.1189e-04 4.8552e-04 ] 0.0000e+00 [ 0.0000e+00 ] 9.9920e-01
 2.505e+01 7.6828e-04 7.6828e-04 [ 2.3160e-17 4.6411e-08 2.9576e-04 4.7248e-04 ] 0.0000e+00 [ 0.0000e+00 ] 9.9923e-01
 2.516e+01 7.3917e-04 7.3917e-04 [ 1.3820e-17 3.6408e-08 2.7994e-04 4.5919e-04 ] 0.0000e+00 [ 0.0000e+00 ] 9.9926e-01
 2.527e+01 7.1019e-04 7.1019e-04 [ 8.2053e-18 2.8435e-08 2.6447e-04 4.4568e-04 ] 0.0000e+00 [ 0.0000e+00 ] 9.9929e-01
 2.539e+01 6.8137e-04 6.8137e-04 [ 4.8473e-18 2.2110e-08 2.4937e-04 4.3197e-04 ] 0.0000e+00 [ 0.0000e+00 ] 9.9932e-01
 2.550e+01 6.5276e-04 6.5276e-04 [ 2.8492e-18 1.7115e-08 2.3466e-04 4.1808e-04 ] 0.0000e+00 [ 0.0000e+00 ] 9.9935e-01
 2.561e+01 6.2440e-04 6.2440e-04 [ 1.6664e-18 1.3189e-08 2.2035e-04 4.0404e-04 ] 0.0000e+00 [ 0.0000e+00 ] 9.9938e-01
 2.573e+01 5.9635e-04 5.9635e-04 [ 9.6971e-19 1.0118e-08 2.0648e-04 3.8986e-04 ] 0.0000e+00 [ 0.0000e+00 ] 9.9940e-01
 2.584e+01 5.6864e-04 5.6864e-04 [ 5.6148e-19 7.7264e-09 1.9305e-04 3.7558e-04 ] 0.0000e+00 [ 0.0000e+00 ] 9.9943e-01
 2.595e+01 5.4133e-04 5.4133e-04 [ 3.2348e-19 5.8733e-09 1.8009e-04 3.6124e-04 ] 0.0000e+00 [ 0.0000e+00 ] 9.9946e-01
 2.607e+01 5.1446e-04 5.1446e-04 [ 1.8544e-19 4.4442e-09 1.6760e-04 3.4685e-04 ] 0.0000e+00 [ 0.0000e+00 ] 9.9949e-01
 2.618e+01 4.8808e-04 4.8808e-04 [ 1.0577e-19 3.3473e-09 1.5561e-04 3.3246e-04 ] 0.0000e+00 [ 0.0000e+00 ] 9.9951e-01
 2.629e+01 4.6224e-04 4.6224e-04 [ 6.0032e-20 2.5094e-09 1.4413e-04 3.1810e-04 ] 0.0000e+00 [ 0.0000e+00 ] 9.9954e-01
 2.641e+01 4.3697e-04 4.3697e-04 [ 3.3903e-20 1.8725e-09 1.3316e-04 3.0381e-04 ] 0.0000e+00 [ 0.0000e+00 ] 9.9956e-01
 2.652e+01 4.1233e-04 4.1233e-04 [ 1.9051e-20 1.3907e-09 1.2271e-04 2.8962e-04 ] 0.0000e+00 [ 0.0000e+00 ] 9.9959e-01
 2.663e+01 3.8835e-04 3.8835e-04 [ 1.0652e-20 1.0281e-09 1.1279e-04 2.7557e-04 ] 0.0000e+00 [ 0.0000e+00 ] 9.9961e-01
 2.675e+01 3.6508e-04 3.6508e-04 [ 5.9270e-21 7.5641e-10 1.0339e-04 2.6168e-04 ] 0.0000e+00 [ 0.0000e+00 ] 9.9963e-01
 2.686e+01 3.4253e-04 3.4253e-04 [ 3.2815e-21 5.5391e-10 9.4521e-05 2.4801e-04 ] 0.0000e+00 [ 0.0000e+00 ] 9.9966e-01
 2.697e+01 3.2075e-04 3.2075e-04 [ 1.8079e-21 4.0371e-10 8.6175e-05 2.3458e-04 ] 0.0000e+00 [ 0.0000e+00 ] 9.9968e-01
 2.709e+01 2.9976e-04 2.9976e-04 [ 9.9113e-22 2.9284e-10 7.8346e-05 2.2142e-04 ] 0.0000e+00 [ 0.0000e+00 ] 9.9970e-01
 2.720e+01 2.7958e-04 2.7958e-04 [ 5.4071e-22 2.1142e-10 7.1026e-05 2.0856e-04 ] 0.0000e+00 [ 0.0000e+00 ] 9.9972e-01
 2.731e+01 2.6024e-04 2.6024e-04 [ 2.9355e-22 1.5191e-10 6.4204e-05 1.9603e-04 ] 0.0000e+00 [ 0.0000e+00 ] 9.9974e-01
 2.743e+01 2.4173e-04 2.4173e-04 [ 1.5860e-22 1.0863e-10 5.7869e-05 1.8386e-04 ] 0.0000e+00 [ 0.0000e+00 ] 9.9976e-01
 2.754e+01 2.2408e-04 2.2408e-04 [ 8.5269e-23 7.7314e-11 5.2005e-05 1.7208e-04 ] 0.0000e+00 [ 0.0000e+00 ] 9.9978e-01
 2.765e+01 2.0729e-04 2.0729e-04 [ 4.5625e-23 5.4765e-11 4.6596e-05 1.6070e-04 ] 0.0000e+00 [ 0.0000e+00 ] 9.9979e-01
 2.777e+01 1.9136e-04 1.9136e-04 [ 2.4295e-23 3.8608e-11 4.1623e-05 1.4974e-04 ] 0.0000e+00 [ 0.0000e+00 ] 9.9981e-01
 2.788e+01 1.7628e-04 1.7628e-04 [ 1.2875e-23 2.7089e-11 3.7068e-05 1.3921e-04 ] 0.0000e+00 [ 0.0000e+00 ] 9.9982e-01
 2.799e+01 1.6205e-04 1.6205e-04 [ 6.7909e-24 1.8917e-11 3.2911e-05 1.2913e-04 ] 0.0000e+00 [ 0.0000e+00 ] 9.9984e-01
 2.811e+01 1.4865e-04 1.4865e-04 [ 3.5648e-24 1.3148e-11 2.9129e-05 1.1952e-04 ] 0.0000e+00 [ 0.0000e+00 ] 9.9985e-01
 2.822e+01 1.3607e-04 1.3607e-04 [ 1.8625e-24 9.0948e-12 2.5702e-05 1.1036e-04 ] 0.0000e+00 [ 0.0000e+00 ] 9.9986e-01
 2.833e+01 1.2429e-04 1.2429e-04 [ 9.6855e-25 6.2616e-12 2.2608e-05 1.0168e-04 ] 0.0000e+00 [ 0.0000e+00 ] 9.9988e-01
 2.845e+01 1.1328e-04 1.1328e-04 [ 5.0132e-25 4.2908e-12 1.9823e-05 9.3462e-05 ] 0.0000e+00 [ 0.0000e+00 ] 9.9989e-01
 2.856e+01 1.0304e-04 1.0304e-04 [ 2.5828e-25 2.9265e-12 1.7327e-05 8.5710e-05 ] 0.0000e+00 [ 0.0000e+00 ] 9.9990e-01
 2.867e+01 9.3516e-05 9.3516e-05 [ 1.3245e-25 1.9867e-12 1.5097e-05 7.8420e-05 ] 0.0000e+00 [ 0.0000e+00 ] 9.9991e-01
 2.879e+01 8.4695e-05 8.4695e-05 [ 6.7613e-26 1.3424e-12 1.3112e-05 7.1583e-05 ] 0.0000e+00 [ 0.0000e+00 ] 9.9992e-01
 2.890e+01 7.6542e-05 7.6542e-05 [ 3.4357e-26 9.0288e-13 1.1352e-05 6.5190e-05 ] 0.0000e+00 [ 0.0000e+00 ] 9.9992e-01
 2.901e+01 6.9028e-05 6.9028e-05 [ 1.7379e-26 6.0445e-13 9.7969e-06 5.9231e-05 ] 0.0000e+00 [ 0.0000e+00 ] 9.9993e-01
 2.913e+01 6.2119e-05 6.2119e-05 [ 8.7516e-27 4.0280e-13 8.4280e-06 5.3691e-05 ] 0.0000e+00 [ 0.0000e+00 ] 9.9994e-01
 2.924e+01 5.5783e-05 5.5783e-05 [ 4.3872e-27 2.6719e-13 7.2272e-06 4.8556e-05 ] 0.0000e+00 [ 0.0000e+00 ] 9.9994e-01
 2.935e+01 4.9987e-05 4.9987e-05 [ 2.1896e-27 1.7643e-13 6.1777e-06 4.3810e-05 ] 0.0000e+00 [ 0.0000e+00 ] 9.9995e-01
 2.947e+01 4.4700e-05 4.4700e-05 [ 1.0879e-27 1.1597e-13 5.2638e-06 3.9436e-05 ] 0.0000e+00 [ 0.0000e+00 ] 9.9996e-01
 2.958e+01 3.9887e-05 3.9887e-05 [ 5.3819e-28 7.5888e-14 4.4708e-06 3.5416e-05 ] 0.0000e+00 [ 0.0000e+00 ] 9.9996e-01
 2.969e+01 3.5518e-05 3.5518e-05 [ 2.6507e-28 4.9435e-14 3.7852e-06 3.1733e-05 ] 0.0000e+00 [ 0.0000e+00 ] 9.9996e-01
 2.981e+01 3.1562e-05 3.1562e-05 [ 1.2999e-28 3.2060e-14 3.1945e-06 2.8367e-05 ] 0.0000e+00 [ 0.0000e+00 ] 9.9997e-01
 2.992e+01 2.7988e-05 2.7988e-05 [ 6.3472e-29 2.0699e-14 2.6875e-06 2.5300e-05 ] 0.0000e+00 [ 0.0000e+00 ] 9.9997e-01
 3.003e+01 2.4767e-05 2.4767e-05 [ 3.0860e-29 1.3305e-14 2.2539e-06 2.2513e-05 ] 0.0000e+00 [ 0.0000e+00 ] 9.9998e-01
 3.015e+01 2.1872e-05 2.1872e-05 [ 1.4940e-29 8.5149e-15 1.8842e-06 1.9987e-05 ] 0.0000e+00 [ 0.0000e+00 ] 9.9998e-01
 3.026e+01 1.9275e-05 1.9275e-05 [ 7.2023e-30 5.4255e-15 1.5703e-06 1.7705e-05 ] 0.0000e+00 [ 0.0000e+00 ] 9.9998e-01
 3.037e+01 1.6952e-05 1.6952e-05 [ 3.4576e-30 3.4421e-15 1.3045e-06 1.5647e-05 ] 0.0000e+00 [ 0.0000e+00 ] 9.9998e-01
 3.049e+01 1.4878e-05 1.4878e-05 [ 1.6530e-30 2.1743e-15 1.0804e-06 1.3797e-05 ] 0.0000e+00 [ 0.0000e+00 ] 9.9999e-01
 3.060e+01 1.3031e-05 1.3031e-05 [ 7.8697e-31 1.3676e-15 8.9195e-07 1.2139e-05 ] 0.0000e+00 [ 0.0000e+00 ] 9.9999e-01
 3.071e+01 1.1390e-05 1.1390e-05 [ 3.7313e-31 8.5658e-16 7.3412e-07 1.0656e-05 ] 0.0000e+00 [ 0.0000e+00 ] 9.9999e-01
 3.083e+01 9.9360e-06 9.9360e-06 [ 1.7620e-31 5.3423e-16 6.0236e-07 9.3336e-06 ] 0.0000e+00 [ 0.0000e+00 ] 9.9999e-01
 3.094e+01 8.6499e-06 8.6499e-06 [ 8.2867e-32 3.3179e-16 4.9273e-07 8.1572e-06 ] 0.0000e+00 [ 0.0000e+00 ] 9.9999e-01
 3.105e+01 7.5151e-06 7.5151e-06 [ 3.8817e-32 2.0521e-16 4.0182e-07 7.1133e-06 ] 0.0000e+00 [ 0.0000e+00 ] 9.9999e-01
 3.117e+01 6.5161e-06 6.5161e-06 [ 1.8110e-32 1.2639e-16 3.2670e-07 6.1894e-06 ] 0.0000e+00 [ 0.0000e+00 ] 9.9999e-01
 3.128e+01 5.6386e-06 5.6386e-06 [ 8.4159e-33 7.7530e-17 2.6481e-07 5.3738e-06 ] 0.0000e+00 [ 0.0000e+00 ] 9.9999e-01
 3.139e+01 4.8696e-06 4.8696e-06 [ 3.8956e-33 4.7364e-17 2.1401e-07 4.6556e-06 ] 0.0000e+00 [ 0.0000e+00 ] 1.0000e+00
 3.151e+01 4.1971e-06 4.1971e-06 [ 1.7962e-33 2.8818e-17 1.7243e-07 4.0246e-06 ] 0.0000e+00 [ 0.0000e+00 ] 1.0000e+00
 3.162e+01 3.6103e-06 3.6103e-06 [ 8.2500e-34 1.7463e-17 1.3852e-07 3.4717e-06 ] 0.0000e+00 [ 0.0000e+00 ] 1.0000e+00
 3.173e+01 3.0994e-06 3.0994e-06 [ 3.7747e-34 1.0541e-17 1.1095e-07 2.9884e-06 ] 0.0000e+00 [ 0.0000e+00 ] 1.0000e+00
 3.185e+01 2.6555e-06 2.6555e-06 [ 1.7205e-34 6.3369e-18 8.8601e-08 2.5669e-06 ] 0.0000e+00 [ 0.0000e+00 ] 1.0000e+00
 3.196e+01 2.2708e-06 2.2708e-06 [ 7.8126e-35 3.7948e-18 7.0550e-08 2.2002e-06 ] 0.0000e+00 [ 0.0000e+00 ] 1.0000e+00
 3.207e+01 1.9380e-06 1.9380e-06 [ 3.5342e-35 2.2636e-18 5.6012e-08 1.8820e-06 ] 0.0000e+00 [ 0.0000e+00 ] 1.0000e+00
 3.219e+01 1.6507e-06 1.6507e-06 [ 1.5929e-35 1.3450e-18 4.4342e-08 1.6064e-06 ] 0.0000e+00 [ 0.0000e+00 ] 1.0000e+00
 3.230e+01 1.4033e-06 1.4033e-06 [ 7.1525e-36 7.9616e-19 3.5002e-08 1.3683e-06 ] 0.0000e+00 [ 0.0000e+00 ] 1.0000e+00
 3.241e+01 1.1906e-06 1.1906e-06 [ 3.1999e-36 4.6947e-19 2.7550e-08 1.1631e-06 ] 0.0000e+00 [ 0.0000e+00 ] 1.0000e+00
 3.253e+01 1.0082e-06 1.0082e-06 [ 1.4264e-36 2.7579e-19 2.1623e-08 9.8662e-07 ] 0.0000e+00 [ 0.0000e+00 ] 1.0000e+00
 3.264e+01 8.5214e-07 8.5214e-07 [ 6.3354e-37 1.6140e-19 1.6923e-08 8.3521e-07 ] 0.0000e+00 [ 0.0000e+00 ] 1.0000e+00
 3.275e+01 7.1881e-07 7.1881e-07 [ 2.8038e-37 9.4110e-20 1.3207e-08 7.0560e-07 ] 0.0000e+00 [ 0.0000e+00 ] 1.0000e+00
 3.287e+01 6.0518e-07 6.0518e-07 [ 1.2365e-37 5.4670e-20 1.0279e-08 5.9490e-07 ] 0.0000e+00 [ 0.0000e+00 ] 1.0000e+00
 3.298e+01 5.0853e-07 5.0853e-07 [ 5.4336e-38 3.1643e-20 7.9772e-09 5.0055e-07 ] 0.0000e+00 [ 0.0000e+00 ] 1.0000e+00
 3.309e+01 4.2649e-07 4.2649e-07 [ 2.3794e-38 1.8248e-20 6.1739e-09 4.2032e-07 ] 0.0000e+00 [ 0.0000e+00 ] 1.0000e+00
 3.321e+01 3.5701e-07 3.5701e-07 [ 1.0383e-38 1.0486e-20 4.7651e-09 3.5224e-07 ] 0.0000e+00 [ 0.0000e+00 ] 1.0000e+00
 3.332e+01 2.9827e-07 2.9827e-07 [ 4.5156e-39 6.0039e-21 3.6677e-09 2.9461e-07 ] 0.0000e+00 [ 0.0000e+00 ] 1.0000e+00
 3.343e+01 2.4873e-07 2.4873e-07 [ 1.9571e-39 3.4254e-21 2.8153e-09 2.4591e-07 ] 0.0000e+00 [ 0.0000e+00 ] 1.0000e+00
 3.355e+01 2.0701e-07 2.0701e-07 [ 8.4532e-40 1.9475e-21 2.1552e-09 2.0486e-07 ] 0.0000e+00 [ 0.0000e+00 ] 1.0000e+00
 3.366e+01 1.7197e-07 1.7197e-07 [ 3.6389e-40 1.1033e-21 1.6454e-09 1.7032e-07 ] 0.0000e+00 [ 0.0000e+00 ] 1.0000e+00
 3.377e+01 1.4259e-07 1.4259e-07 [ 1.5613e-40 6.2293e-22 1.2529e-09 1.4133e-07 ] 0.0000e+00 [ 0.0000e+00 ] 1.0000e+00
 3.389e+01 1.1800e-07 1.1800e-07 [ 6.6763e-41 3.5049e-22 9.5145e-10 1.1705e-07 ] 0.0000e+00 [ 0.0000e+00 ] 1.0000e+00
 3.400e+01 9.7470e-08 9.7470e-08 [ 2.8456e-41 1.9653e-22 7.2062e-10 9.6750e-08 ] 0.0000e+00 [ 0.0000e+00 ] 1.0000e+00
 3.411e+01 8.0360e-08 8.0360e-08 [ 1.2089e-41 1.0983e-22 5.4435e-10 7.9815e-08 ] 0.0000e+00 [ 0.0000e+00 ] 1.0000e+00
 3.423e+01 6.6128e-08 6.6128e-08 [ 5.1192e-42 6.1172e-23 4.1013e-10 6.5718e-08 ] 0.0000e+00 [ 0.0000e+00 ] 1.0000e+00
 3.434e+01 5.4315e-08 5.4315e-08 [ 2.1608e-42 3.3958e-23 3.0820e-10 5.4006e-08 ] 0.0000e+00 [ 0.0000e+00 ] 1.0000e+00
 3.445e+01 4.4528e-08 4.4528e-08 [ 9.0919e-43 1.8788e-23 2.3100e-10 4.4297e-08 ] 0.0000e+00 [ 0.0000e+00 ] 1.0000e+00
 3.457e+01 3.6436e-08 3.6436e-08 [ 3.8134e-43 1.0361e-23 1.7269e-10 3.6264e-08 ] 0.0000e+00 [ 0.0000e+00 ] 1.0000e+00
 3.468e+01 2.9759e-08 2.9759e-08 [ 1.5945e-43 5.6954e-24 1.2877e-10 2.9631e-08 ] 0.0000e+00 [ 0.0000e+00 ] 1.0000e+00
 3.479e+01 2.4261e-08 2.4261e-08 [ 6.6460e-44 3.1206e-24 9.5778e-11 2.4165e-08 ] 0.0000e+00 [ 0.0000e+00 ] 1.0000e+00
 3.491e+01 1.9741e-08 1.9741e-08 [ 2.7616e-44 1.7043e-24 7.1057e-11 1.9670e-08 ] 0.0000e+00 [ 0.0000e+00 ] 1.0000e+00
 3.502e+01 1.6034e-08 1.6034e-08 [ 1.1440e-44 9.2789e-25 5.2584e-11 1.5981e-08 ] 0.0000e+00 [ 0.0000e+00 ] 1.0000e+00
 3.513e+01 1.2998e-08 1.2998e-08 [ 4.7249e-45 5.0358e-25 3.8816e-11 1.2960e-08 ] 0.0000e+00 [ 0.0000e+00 ] 1.0000e+00
 3.525e+01 1.0518e-08 1.0518e-08 [ 1.9455e-45 2.7245e-25 2.8581e-11 1.0490e-08 ] 0.0000e+00 [ 0.0000e+00 ] 1.0000e+00
 3.536e+01 8.4955e-09 8.4955e-09 [ 7.9869e-46 1.4695e-25 2.0993e-11 8.4745e-09 ] 0.0000e+00 [ 0.0000e+00 ] 1.0000e+00
 3.547e+01 6.8491e-09 6.8491e-09 [ 3.2691e-46 7.9011e-26 1.5382e-11 6.8337e-09 ] 0.0000e+00 [ 0.0000e+00 ] 1.0000e+00
 3.559e+01 5.5116e-09 5.5116e-09 [ 1.3342e-46 4.2354e-26 1.1242e-11 5.5004e-09 ] 0.0000e+00 [ 0.0000e+00 ] 1.0000e+00
 3.570e+01 4.4272e-09 4.4272e-09 [ 5.4289e-47 2.2635e-26 8.1970e-12 4.4190e-09 ] 0.0000e+00 [ 0.0000e+00 ] 1.0000e+00
 3.581e+01 3.5496e-09 3.5496e-09 [ 2.2027e-47 1.2061e-26 5.9621e-12 3.5436e-09 ] 0.0000e+00 [ 0.0000e+00 ] 1.0000e+00
 3.593e+01 2.8407e-09 2.8407e-09 [ 8.9113e-48 6.4070e-27 4.3260e-12 2.8364e-09 ] 0.0000e+00 [ 0.0000e+00 ] 1.0000e+00
 3.604e+01 2.2693e-09 2.2693e-09 [ 3.5950e-48 3.3936e-27 3.1313e-12 2.2661e-09 ] 0.0000e+00 [ 0.0000e+00 ] 1.0000e+00
 3.615e+01 1.8095e-09 1.8095e-09 [ 1.4461e-48 1.7922e-27 2.2612e-12 1.8072e-09 ] 0.0000e+00 [ 0.0000e+00 ] 1.0000e+00
 3.627e+01 1.4402e-09 1.4402e-09 [ 5.8011e-49 9.4373e-28 1.6290e-12 1.4386e-09 ] 0.0000e+00 [ 0.0000e+00 ] 1.0000e+00
 3.638e+01 1.1442e-09 1.1442e-09 [ 2.3206e-49 4.9551e-28 1.1707e-12 1.1431e-09 ] 0.0000e+00 [ 0.0000e+00 ] 1.0000e+00
 3.649e+01 9.0741e-10 9.0741e-10 [ 9.2571e-50 2.5942e-28 8.3940e-13 9.0658e-10 ] 0.0000e+00 [ 0.0000e+00 ] 1.0000e+00
 3.661e+01 7.1831e-10 7.1831e-10 [ 3.6827e-50 1.3544e-28 6.0044e-13 7.1771e-10 ] 0.0000e+00 [ 0.0000e+00 ] 1.0000e+00
 3.672e+01 5.6759e-10 5.6759e-10 [ 1.4610e-50 7.0506e-29 4.2851e-13 5.6717e-10 ] 0.0000e+00 [ 0.0000e+00 ] 1.0000e+00
 3.683e+01 4.4769e-10 4.4769e-10 [ 5.7808e-51 3.6601e-29 3.0510e-13 4.4738e-10 ] 0.0000e+00 [ 0.0000e+00 ] 1.0000e+00
 3.695e+01 3.5248e-10 3.5248e-10 [ 2.2811e-51 1.8948e-29 2.1673e-13 3.5226e-10 ] 0.0000e+00 [ 0.0000e+00 ] 1.0000e+00
 3.706e+01 2.7702e-10 2.7702e-10 [ 8.9772e-52 9.7820e-30 1.5360e-13 2.7687e-10 ] 0.0000e+00 [ 0.0000e+00 ] 1.0000e+00
 3.717e+01 2.1732e-10 2.1732e-10 [ 3.5236e-52 5.0361e-30 1.0861e-13 2.1721e-10 ] 0.0000e+00 [ 0.0000e+00 ] 1.0000e+00
 3.729e+01 1.7019e-10 1.7019e-10 [ 1.3794e-52 2.5857e-30 7.6624e-14 1.7011e-10 ] 0.0000e+00 [ 0.0000e+00 ] 1.0000e+00
 3.740e+01 1.3304e-10 1.3304e-10 [ 5.3860e-53 1.3240e-30 5.3935e-14 1.3298e-10 ] 0.0000e+00 [ 0.0000e+00 ] 1.0000e+00
 3.751e+01 1.0381e-10 1.0381e-10 [ 2.0975e-53 6.7616e-31 3.7880e-14 1.0377e-10 ] 0.0000e+00 [ 0.0000e+00 ] 1.0000e+00
 3.763e+01 8.0859e-11 8.0859e-11 [ 8.1478e-54 3.4438e-31 2.6544e-14 8.0833e-11 ] 0.0000e+00 [ 0.0000e+00 ] 1.0000e+00
 3.774e+01 6.2871e-11 6.2871e-11 [ 3.1569e-54 1.7494e-31 1.8559e-14 6.2853e-11 ] 0.0000e+00 [ 0.0000e+00 ] 1.0000e+00
 3.785e+01 4.8798e-11 4.8798e-11 [ 1.2201e-54 8.8630e-32 1.2947e-14 4.8785e-11 ] 0.0000e+00 [ 0.0000e+00 ] 1.0000e+00
 3.797e+01 3.7808e-11 3.7808e-11 [ 4.7034e-55 4.4787e-32 9.0121e-15 3.7799e-11 ] 0.0000e+00 [ 0.0000e+00 ] 1.0000e+00
 3.808e+01 2.9242e-11 2.9242e-11 [ 1.8087e-55 2.2573e-32 6.2593e-15 2.9236e-11 ] 0.0000e+00 [ 0.0000e+00 ] 1.0000e+00
 3.819e+01 2.2577e-11 2.2577e-11 [ 6.9379e-56 1.1348e-32 4.3379e-15 2.2572e-11 ] 0.0000e+00 [ 0.0000e+00 ] 1.0000e+00
 3.831e+01 1.7400e-11 1.7400e-11 [ 2.6548e-56 5.6904e-33 2.9997e-15 1.7397e-11 ] 0.0000e+00 [ 0.0000e+00 ] 1.0000e+00
 3.842e+01 1.3387e-11 1.3387e-11 [ 1.0134e-56 2.8462e-33 2.0699e-15 1.3385e-11 ] 0.0000e+00 [ 0.0000e+00 ] 1.0000e+00
 3.853e+01 1.0281e-11 1.0281e-11 [ 3.8588e-57 1.4200e-33 1.4251e-15 1.0280e-11 ] 0.0000e+00 [ 0.0000e+00 ] 1.0000e+00
 3.865e+01 7.8821e-12 7.8821e-12 [ 1.4658e-57 7.0670e-34 9.7914e-16 7.8811e-12 ] 0.0000e+00 [ 0.0000e+00 ] 1.0000e+00
 3.876e+01 6.0324e-12 6.0324e-12 [ 5.5550e-58 3.5083e-34 6.7128e-16 6.0318e-12 ] 0.0000e+00 [ 0.0000e+00 ] 1.0000e+00
 3.887e+01 4.6088e-12 4.6088e-12 [ 2.1002e-58 1.7374e-34 4.5923e-16 4.6083e-12 ] 0.0000e+00 [ 0.0000e+00 ] 1.0000e+00
 3.899e+01 3.5150e-12 3.5150e-12 [ 7.9214e-59 8.5826e-35 3.1350e-16 3.5147e-12 ] 0.0000e+00 [ 0.0000e+00 ] 1.0000e+00
 3.910e+01 2.6762e-12 2.6762e-12 [ 2.9808e-59 4.2295e-35 2.1356e-16 2.6759e-12 ] 0.0000e+00 [ 0.0000e+00 ] 1.0000e+00
 3.921e+01 2.0340e-12 2.0340e-12 [ 1.1190e-59 2.0793e-35 1.4518e-16 2.0338e-12 ] 0.0000e+00 [ 0.0000e+00 ] 1.0000e+00
 3.933e+01 1.5432e-12 1.5432e-12 [ 4.1914e-60 1.0198e-35 9.8486e-17 1.5431e-12 ] 0.0000e+00 [ 0.0000e+00 ] 1.0000e+00
 3.944e+01 1.1689e-12 1.1689e-12 [ 1.5663e-60 4.9895e-36 6.6670e-17 1.1688e-12 ] 0.0000e+00 [ 0.0000e+00 ] 1.0000e+00
 3.955e+01 8.8381e-13 8.8381e-13 [ 5.8398e-61 2.4354e-36 4.5039e-17 8.8377e-13 ] 0.0000e+00 [ 0.0000e+00 ] 1.0000e+00
 3.967e+01 6.6713e-13 6.6713e-13 [ 2.1724e-61 1.1860e-36 3.0364e-17 6.6710e-13 ] 0.0000e+00 [ 0.0000e+00 ] 1.0000e+00
 3.978e+01 5.0270e-13 5.0270e-13 [ 8.0633e-62 5.7618e-37 2.0428e-17 5.0268e-13 ] 0.0000e+00 [ 0.0000e+00 ] 1.0000e+00
 3.989e+01 3.7816e-13 3.7816e-13 [ 2.9862e-62 2.7928e-37 1.3715e-17 3.7815e-13 ] 0.0000e+00 [ 0.0000e+00 ] 1.0000e+00
 4.001e+01 2.8399e-13 2.8399e-13 [ 1.1034e-62 1.3506e-37 9.1895e-18 2.8398e-13 ] 0.0000e+00 [ 0.0000e+00 ] 1.0000e+00
 4.012e+01 2.1290e-13 2.1290e-13 [ 4.0684e-63 6.5163e-38 6.1447e-18 2.1290e-13 ] 0.0000e+00 [ 0.0000e+00 ] 1.0000e+00
 4.023e+01 1.5934e-13 1.5934e-13 [ 1.4968e-63 3.1369e-38 4.1005e-18 1.5934e-13 ] 0.0000e+00 [ 0.0000e+00 ] 1.0000e+00
 4.035e+01 1.1905e-13 1.1905e-13 [ 5.4947e-64 1.5066e-38 2.7308e-18 1.1905e-13 ] 0.0000e+00 [ 0.0000e+00 ] 1.0000e+00
 4.046e+01 8.8802e-14 8.8802e-14 [ 2.0127e-64 7.2201e-39 1.8150e-18 8.8800e-14 ] 0.0000e+00 [ 0.0000e+00 ] 1.0000e+00
 4.057e+01 6.6126e-14 6.6126e-14 [ 7.3570e-65 3.4523e-39 1.2039e-18 6.6125e-14 ] 0.0000e+00 [ 0.0000e+00 ] 1.0000e+00
 4.069e+01 4.9157e-14 4.9157e-14 [ 2.6834e-65 1.6471e-39 7.9697e-19 4.9157e-14 ] 0.0000e+00 [ 0.0000e+00 ] 1.0000e+00
 4.080e+01 3.6482e-14 3.6482e-14 [ 9.7669e-66 7.8408e-40 5.2655e-19 3.6482e-14 ] 0.0000e+00 [ 0.0000e+00 ] 1.0000e+00
 4.091e+01 2.7030e-14 2.7030e-14 [ 3.5474e-66 3.7244e-40 3.4720e-19 2.7029e-14 ] 0.0000e+00 [ 0.0000e+00 ] 1.0000e+00
 4.103e+01 1.9993e-14 1.9993e-14 [ 1.2858e-66 1.7652e-40 2.2848e-19 1.9993e-14 ] 0.0000e+00 [ 0.0000e+00 ] 1.0000e+00
 4.114e+01 1.4764e-14 1.4764e-14 [ 4.6505e-67 8.3485e-41 1.5007e-19 1.4763e-14 ] 0.0000e+00 [ 0.0000e+00 ] 1.0000e+00
 4.125e+01 1.0884e-14 1.0884e-14 [ 1.6786e-67 3.9399e-41 9.8374e-20 1.0884e-14 ] 0.0000e+00 [ 0.0000e+00 ] 1.0000e+00
 4.137e+01 8.0104e-15 8.0104e-15 [ 6.0464e-68 1.8554e-41 6.4361e-20 8.0104e-15 ] 0.0000e+00 [ 0.0000e+00 ] 1.0000e+00
 4.148e+01 5.8858e-15 5.8858e-15 [ 2.1735e-68 8.7186e-42 4.2027e-20 5.8858e-15 ] 0.0000e+00 [ 0.0000e+00 ] 1.0000e+00
 4.159e+01 4.3176e-15 4.3176e-15 [ 7.7975e-69 4.0884e-42 2.7390e-20 4.3176e-15 ] 0.0000e+00 [ 0.0000e+00 ] 1.0000e+00
 4.171e+01 3.1620e-15 3.1620e-15 [ 2.7917e-69 1.9131e-42 1.7817e-20 3.1620e-15 ] 0.0000e+00 [ 0.0000e+00 ] 1.0000e+00
 4.182e+01 2.3119e-15 2.3119e-15 [ 9.9748e-70 8.9335e-43 1.1568e-20 2.3119e-15 ] 0.0000e+00 [ 0.0000e+00 ] 1.0000e+00
 4.193e+01 1.6876e-15 1.6876e-15 [ 3.5570e-70 4.1629e-43 7.4959e-21 1.6876e-15 ] 0.0000e+00 [ 0.0000e+00 ] 1.0000e+00
 4.205e+01 1.2298e-15 1.2298e-15 [ 1.2659e-70 1.9359e-43 4.8482e-21 1.2298e-15 ] 0.0000e+00 [ 0.0000e+00 ] 1.0000e+00
 4.216e+01 8.9478e-16 8.9478e-16 [ 4.4964e-71 8.9840e-44 3.1298e-21 8.9478e-16 ] 0.0000e+00 [ 0.0000e+00 ] 1.0000e+00
 4.227e+01 6.4995e-16 6.4995e-16 [ 1.5940e-71 4.1608e-44 2.0167e-21 6.4995e-16 ] 0.0000e+00 [ 0.0000e+00 ] 1.0000e+00
 4.239e+01 4.7135e-16 4.7135e-16 [ 5.6395e-72 1.9231e-44 1.2970e-21 4.7135e-16 ] 0.0000e+00 [ 0.0000e+00 ] 1.0000e+00
 4.250e+01 3.4127e-16 3.4127e-16 [ 1.9915e-72 8.8703e-45 8.3264e-22 3.4127e-16 ] 0.0000e+00 [ 0.0000e+00 ] 1.0000e+00
 4.261e+01 2.4669e-16 2.4669e-16 [ 7.0188e-73 4.0833e-45 5.3352e-22 2.4669e-16 ] 0.0000e+00 [ 0.0000e+00 ] 1.0000e+00
 4.273e+01 1.7803e-16 1.7803e-16 [ 2.4690e-73 1.8759e-45 3.4122e-22 1.7803e-16 ] 0.0000e+00 [ 0.0000e+00 ] 1.0000e+00
 4.284e+01 1.2828e-16 1.2828e-16 [ 8.6690e-74 8.6010e-46 2.1783e-22 1.2828e-16 ] 0.0000e+00 [ 0.0000e+00 ] 1.0000e+00
 4.295e+01 9.2279e-17 9.2279e-17 [ 3.0380e-74 3.9358e-46 1.3881e-22 9.2279e-17 ] 0.0000e+00 [ 0.0000e+00 ] 1.0000e+00
 4.307e+01 6.6276e-17 6.6276e-17 [ 1.0626e-74 1.7975e-46 8.8290e-23 6.6276e-17 ] 0.0000e+00 [ 0.0000e+00 ] 1.0000e+00
 4.318e+01 4.7525e-17 4.7525e-17 [ 3.7100e-75 8.1929e-47 5.6055e-23 4.7525e-17 ] 0.0000e+00 [ 0.0000e+00 ] 1.0000e+00
 4.329e+01 3.4024e-17 3.4024e-17 [ 1.2929e-75 3.7271e-47 3.5524e-23 3.4024e-17 ] 0.0000e+00 [ 0.0000e+00 ] 1.0000e+00
 4.341e+01 2.4320e-17 2.4320e-17 [ 4.4972e-76 1.6922e-47 2.2473e-23 2.4320e-17 ] 0.0000e+00 [ 0.0000e+00 ] 1.0000e+00
 4.352e+01 1.7356e-17 1.7356e-17 [ 1.5614e-76 7.6686e-48 1.4191e-23 1.7356e-17 ] 0.0000e+00 [ 0.0000e+00 ] 1.0000e+00
 4.363e+01 1.2366e-17 1.2366e-17 [ 5.4114e-77 3.4685e-48 8.9447e-24 1.2366e-17 ] 0.0000e+00 [ 0.0000e+00 ] 1.0000e+00
 4.375e+01 8.7974e-18 8.7974e-18 [ 1.8720e-77 1.5658e-48 5.6280e-24 8.7974e-18 ] 0.0000e+00 [ 0.0000e+00 ] 1.0000e+00
 4.386e+01 6.2486e-18 6.2486e-18 [ 6.4644e-78 7.0552e-49 3.5348e-24 6.2486e-18 ] 0.0000e+00 [ 0.0000e+00 ] 1.0000e+00
 4.397e+01 4.4312e-18 4.4312e-18 [ 2.2282e-78 3.1729e-49 2.2162e-24 4.4312e-18 ] 0.0000e+00 [ 0.0000e+00 ] 1.0000e+00
 4.409e+01 3.1375e-18 3.1375e-18 [ 7.6668e-79 1.4243e-49 1.3870e-24 3.1375e-18 ] 0.0000e+00 [ 0.0000e+00 ] 1.0000e+00
 4.420e+01 2.2180e-18 2.2180e-18 [ 2.6333e-79 6.3815e-50 8.6654e-25 2.2180e-18 ] 0.0000e+00 [ 0.0000e+00 ] 1.0000e+00
 4.431e+01 1.5655e-18 1.5655e-18 [ 9.0284e-80 2.8539e-50 5.4042e-25 1.5655e-18 ] 0.0000e+00 [ 0.0000e+00 ] 1.0000e+00
 4.443e+01 1.1032e-18 1.1032e-18 [ 3.0900e-80 1.2739e-50 3.3645e-25 1.1032e-18 ] 0.0000e+00 [ 0.0000e+00 ] 1.0000e+00
 4.454e+01 7.7628e-19 7.7628e-19 [ 1.0557e-80 5.6763e-51 2.0909e-25 7.7628e-19 ] 0.0000e+00 [ 0.0000e+00 ] 1.0000e+00
 4.465e+01 5.4536e-19 5.4536e-19 [ 3.6006e-81 2.5245e-51 1.2972e-25 5.4536e-19 ] 0.0000e+00 [ 0.0000e+00 ] 1.0000e+00
 4.477e+01 3.8254e-19 3.8254e-19 [ 1.2259e-81 1.1207e-51 8.0338e-26 3.8254e-19 ] 0.0000e+00 [ 0.0000e+00 ] 1.0000e+00
 4.488e+01 2.6792e-19 2.6792e-19 [ 4.1666e-82 4.9663e-52 4.9669e-26 2.6792e-19 ] 0.0000e+00 [ 0.0000e+00 ] 1.0000e+00
 4.499e+01 1.8735e-19 1.8735e-19 [ 1.4137e-82 2.1968e-52 3.0655e-26 1.8735e-19 ] 0.0000e+00 [ 0.0000e+00 ] 1.0000e+00
 4.511e+01 1.3081e-19 1.3081e-19 [ 4.7886e-83 9.6995e-53 1.8888e-26 1.3081e-19 ] 0.0000e+00 [ 0.0000e+00 ] 1.0000e+00
 4.522e+01 9.1193e-20 9.1193e-20 [ 1.6192e-83 4.2750e-53 1.1617e-26 9.1193e-20 ] 0.0000e+00 [ 0.0000e+00 ] 1.0000e+00
 4.533e+01 6.3476e-20 6.3476e-20 [ 5.4661e-84 1.8808e-53 7.1334e-27 6.3476e-20 ] 0.0000e+00 [ 0.0000e+00 ] 1.0000e+00
 4.545e+01 4.4116e-20 4.4116e-20 [ 1.8421e-84 8.2602e-54 4.3727e-27 4.4116e-20 ] 0.0000e+00 [ 0.0000e+00 ] 1.0000e+00
 4.556e+01 3.0614e-20 3.0614e-20 [ 6.1976e-85 3.6213e-54 2.6759e-27 3.0614e-20 ] 0.0000e+00 [ 0.0000e+00 ] 1.0000e+00
 4.567e+01 2.1212e-20 2.1212e-20 [ 2.0817e-85 1.5848e-54 1.6347e-27 2.1212e-20 ] 0.0000e+00 [ 0.0000e+00 ] 1.0000e+00
 4.579e+01 1.4676e-20 1.4676e-20 [ 6.9803e-86 6.9234e-55 9.9701e-28 1.4676e-20 ] 0.0000e+00 [ 0.0000e+00 ] 1.0000e+00
 4.590e+01 1.0138e-20 1.0138e-20 [ 2.3368e-86 3.0193e-55 6.0705e-28 1.0138e-20 ] 0.0000e+00 [ 0.0000e+00 ] 1.0000e+00
 4.601e+01 6.9925e-21 6.9925e-21 [ 7.8101e-87 1.3144e-55 3.6900e-28 6.9925e-21 ] 0.0000e+00 [ 0.0000e+00 ] 1.0000e+00
 4.613e+01 4.8158e-21 4.8158e-21 [ 2.6060e-87 5.7124e-56 2.2392e-28 4.8158e-21 ] 0.0000e+00 [ 0.0000e+00 ] 1.0000e+00
 4.624e+01 3.3117e-21 3.3117e-21 [ 8.6816e-88 2.4783e-56 1.3566e-28 3.3117e-21 ] 0.0000e+00 [ 0.0000e+00 ] 1.0000e+00
 4.635e+01 2.2739e-21 2.2739e-21 [ 2.8874e-88 1.0733e-56 8.2052e-29 2.2739e-21 ] 0.0000e+00 [ 0.0000e+00 ] 1.0000e+00
 4.647e+01 1.5590e-21 1.5590e-21 [ 9.5879e-89 4.6407e-57 4.9546e-29 1.5590e-21 ] 0.0000e+00 [ 0.0000e+00 ] 1.0000e+00
 4.658e+01 1.0673e-21 1.0673e-21 [ 3.1786e-89 2.0030e-57 2.9869e-29 1.0673e-21 ] 0.0000e+00 [ 0.0000e+00 ] 1.0000e+00
 4.669e+01 7.2956e-22 7.2956e-22 [ 1.0521e-89 8.6309e-58 1.7977e-29 7.2956e-22 ] 0.0000e+00 [ 0.0000e+00 ] 1.0000e+00
 4.681e+01 4.9796e-22 4.9796e-22 [ 3.4769e-90 3.7127e-58 1.0802e-29 4.9796e-22 ] 0.0000e+00 [ 0.0000e+00 ] 1.0000e+00
 4.692e+01 3.3938e-22 3.3938e-22 [ 1.1472e-90 1.5944e-58 6.4800e-30 3.3938e-22 ] 0.0000e+00 [ 0.0000e+00 ] 1.0000e+00
 4.703e+01 2.3096e-22 2.3096e-22 [ 3.7791e-91 6.8354e-59 3.8810e-30 2.3096e-22 ] 0.0000e+00 [ 0.0000e+00 ] 1.0000e+00
 4.715e+01 1.5694e-22 1.5694e-22 [ 1.2430e-91 2.9256e-59 2.3207e-30 1.5694e-22 ] 0.0000e+00 [ 0.0000e+00 ] 1.0000e+00
 4.726e+01 1.0649e-22 1.0649e-22 [ 4.0819e-92 1.2501e-59 1.3854e-30 1.0649e-22 ] 0.0000e+00 [ 0.0000e+00 ] 1.0000e+00
 4.737e+01 7.2147e-23 7.2147e-23 [ 1.3384e-92 5.3326e-60 8.2575e-31 7.2147e-23 ] 0.0000e+00 [ 0.0000e+00 ] 1.0000e+00
 4.749e+01 4.8810e-23 4.8810e-23 [ 4.3816e-93 2.2711e-60 4.9139e-31 4.8810e-23 ] 0.0000e+00 [ 0.0000e+00 ] 1.0000e+00
 4.760e+01 3.2973e-23 3.2973e-23 [ 1.4322e-93 9.6561e-61 2.9194e-31 3.2973e-23 ] 0.0000e+00 [ 0.0000e+00 ] 1.0000e+00
 4.771e+01 2.2242e-23 2.2242e-23 [ 4.6744e-94 4.0989e-61 1.7318e-31 2.2242e-23 ] 0.0000e+00 [ 0.0000e+00 ] 1.0000e+00
 4.783e+01 1.4981e-23 1.4981e-23 [ 1.5233e-94 1.7371e-61 1.0256e-31 1.4981e-23 ] 0.0000e+00 [ 0.0000e+00 ] 1.0000e+00
 4.794e+01 1.0076e-23 1.0076e-23 [ 4.9563e-95 7.3496e-62 6.0644e-32 1.0076e-23 ] 0.0000e+00 [ 0.0000e+00 ] 1.0000e+00
 4.805e+01 6.7673e-24 6.7673e-24 [ 1.6102e-95 3.1046e-62 3.5802e-32 6.7673e-24 ] 0.0000e+00 [ 0.0000e+00 ] 1.0000e+00
 4.817e+01 4.5385e-24 4.5385e-24 [ 5.2235e-96 1.3093e-62 2.1103e-32 4.5385e-24 ] 0.0000e+00 [ 0.0000e+00 ] 1.0000e+00
 4.828e+01 3.0393e-24 3.0393e-24 [ 1.6919e-96 5.5130e-63 1.2419e-32 3.0393e-24 ] 0.0000e+00 [ 0.0000e+00 ] 1.0000e+00
 4.839e+01 2.0324e-24 2.0324e-24 [ 5.4721e-97 2.3176e-63 7.2974e-33 2.0324e-24 ] 0.0000e+00 [ 0.0000e+00 ] 1.0000e+00
 4.851e+01 1.3571e-24 1.3571e-24 [ 1.7672e-97 9.7272e-64 4.2812e-33 1.3571e-24 ] 0.0000e+00 [ 0.0000e+00 ] 1.0000e+00
 4.862e+01 9.0490e-25 9.0490e-25 [ 5.6984e-98 4.0761e-64 2.5077e-33 9.0490e-25 ] 0.0000e+00 [ 0.0000e+00 ] 1.0000e+00
 4.873e+01 6.0251e-25 6.0251e-25 [ 1.8348e-98 1.7054e-64 1.4666e-33 6.0251e-25 ] 0.0000e+00 [ 0.0000e+00 ] 1.0000e+00
 4.885e+01 4.0060e-25 4.0060e-25 [ 5.8992e-99 7.1237e-65 8.5643e-34 4.0060e-25 ] 0.0000e+00 [ 0.0000e+00 ] 1.0000e+00
 4.896e+01 2.6597e-25 2.6597e-25 [ 1.8939e-99 2.9710e-65 4.9933e-34 2.6597e-25 ] 0.0000e+00 [ 0.0000e+00 ] 1.0000e+00
 4.907e+01 1.7633e-25 1.7633e-25 [ 6.0712e-100 1.2371e-65 2.9068e-34 1.7633e-25 ] 0.0000e+00 [ 0.0000e+00 ] 1.0000e+00
 4.919e+01 1.1674e-25 1.1674e-25 [ 1.9434e-100 5.1435e-66 1.6896e-34 1.1674e-25 ] 0.0000e+00 [ 0.0000e+00 ] 1.0000e+00
 4.930e+01 7.7178e-26 7.7178e-26 [ 6.2121e-101 2.1351e-66 9.8057e-35 7.7178e-26 ] 0.0000e+00 [ 0.0000e+00 ] 1.0000e+00
 4.941e+01 5.0951e-26 5.0951e-26 [ 1.9828e-101 8.8491e-67 5.6822e-35 5.0951e-26 ] 0.0000e+00 [ 0.0000e+00 ] 1.0000e+00
 4.953e+01 3.3589e-26 3.3589e-26 [ 6.3197e-102 3.6619e-67 3.2876e-35 3.3589e-26 ] 0.0000e+00 [ 0.0000e+00 ] 1.0000e+00
 4.964e+01 2.2112e-26 2.2112e-26 [ 2.0113e-102 1.5130e-67 1.8993e-35 2.2112e-26 ] 0.0000e+00 [ 0.0000e+00 ] 1.0000e+00
 4.975e+01 1.4536e-26 1.4536e-26 [ 6.3924e-103 6.2419e-68 1.0956e-35 1.4536e-26 ] 0.0000e+00 [ 0.0000e+00 ] 1.0000e+00
 4.987e+01 9.5427e-27 9.5427e-27 [ 2.0287e-103 2.5711e-68 6.3103e-36 9.5427e-27 ] 0.0000e+00 [ 0.0000e+00 ] 1.0000e+00
 4.998e+01 6.2558e-27 6.2558e-27 [ 6.4293e-104 1.0575e-68 3.6290e-36 6.2558e-27 ] 0.0000e+00 [ 0.0000e+00 ] 1.0000e+00
 5.009e+01 4.0953e-27 4.0953e-27 [ 2.0347e-104 4.3425e-69 2.0839e-36 4.0953e-27 ] 0.0000e+00 [ 0.0000e+00 ] 1.0000e+00
 5.021e+01 2.6772e-27 2.6772e-27 [ 6.4302e-105 1.7806e-69 1.1949e-36 2.6772e-27 ] 0.0000e+00 [ 0.0000e+00 ] 1.0000e+00
 5.032e+01 1.7477e-27 1.7477e-27 [ 2.0293e-105 7.2898e-70 6.8408e-37 1.7477e-27 ] 0.0000e+00 [ 0.0000e+00 ] 1.0000e+00
 5.043e+01 1.1394e-27 1.1394e-27 [ 6.3952e-106 2.9800e-70 3.9106e-37 1.1394e-27 ] 0.0000e+00 [ 0.0000e+00 ] 1.0000e+00
 5.055e+01 7.4174e-28 7.4174e-28 [ 2.0126e-106 1.2164e-70 2.2323e-37 7.4174e-28 ] 0.0000e+00 [ 0.0000e+00 ] 1.0000e+00
 5.066e+01 4.8222e-28 4.8222e-28 [ 6.3251e-107 4.9575e-71 1.2723e-37 4.8222e-28 ] 0.0000e+00 [ 0.0000e+00 ] 1.0000e+00
 5.077e+01 3.1307e-28 3.1307e-28 [ 1.9851e-107 2.0175e-71 7.2410e-38 3.1307e-28 ] 0.0000e+00 [ 0.0000e+00 ] 1.0000e+00
 5.089e+01 2.0297e-28 2.0297e-28 [ 6.2215e-108 8.1979e-72 4.1150e-38 2.0297e-28 ] 0.0000e+00 [ 0.0000e+00 ] 1.0000e+00
 5.100e+01 1.3141e-28 1.3141e-28 [ 1.9472e-108 3.3262e-72 2.3350e-38 1.3141e-28 ] 0.0000e+00 [ 0.0000e+00 ] 1.0000e+00
 5.111e+01 8.4964e-29 8.4964e-29 [ 6.0863e-109 1.3476e-72 1.3231e-38 8.4964e-29 ] 0.0000e+00 [ 0.0000e+00 ] 1.0000e+00
 5.123e+01 5.4859e-29 5.4859e-29 [ 1.8998e-109 5.4516e-73 7.4857e-39 5.4859e-29 ] 0.0000e+00 [ 0.0000e+00 ] 1.0000e+00
 5.134e+01 3.5373e-29 3.5373e-29 [ 5.9218e-110 2.2021e-73 4.2291e-39 3.5373e-29 ] 0.0000e+00 [ 0.0000e+00 ] 1.0000e+00
 5.145e+01 2.2777e-29 2.2777e-29 [ 1.8434e-110 8.8824e-74 2.3858e-39 2.2777e-29 ] 0.0000e+00 [ 0.0000e+00 ] 1.0000e+00
 5.157e+01 1.4647e-29 1.4647e-29 [ 5.7308e-111 3.5775e-74 1.3440e-39 1.4647e-29 ] 0.0000e+00 [ 0.0000e+00 ] 1.0000e+00
 5.168e+01 9.4056e-30 9.4056e-30 [ 1.7792e-111 1.4388e-74 7.5598e-40 9.4056e-30 ] 0.0000e+00 [ 0.0000e+00 ] 1.0000e+00
 5.179e+01 6.0319e-30 6.0319e-30 [ 5.5164e-112 5.7779e-75 4.2462e-40 6.0319e-30 ] 0.0000e+00 [ 0.0000e+00 ] 1.0000e+00
 5.191e+01 3.8630e-30 3.8630e-30 [ 1.7081e-112 2.3170e-75 2.3816e-40 3.8630e-30 ] 0.0000e+00 [ 0.0000e+00 ] 1.0000e+00
 5.202e+01 2.4707e-30 2.4707e-30 [ 5.2820e-113 9.2776e-76 1.3339e-40 2.4707e-30 ] 0.0000e+00 [ 0.0000e+00 ] 1.0000e+00
 5.213e+01 1.5781e-30 1.5781e-30 [ 1.6312e-113 3.7096e-76 7.4598e-41 1.5781e-30 ] 0.0000e+00 [ 0.0000e+00 ] 1.0000e+00
 5.225e+01 1.0066e-30 1.0066e-30 [ 5.0310e-114 1.4811e-76 4.1660e-41 1.0066e-30 ] 0.0000e+00 [ 0.0000e+00 ] 1.0000e+00
 5.236e+01 6.4123e-31 6.4123e-31 [ 1.5496e-114 5.9052e-77 2.3232e-41 6.4123e-31 ] 0.0000e+00 [ 0.0000e+00 ] 1.0000e+00
 5.247e+01 4.0793e-31 4.0793e-31 [ 4.7669e-115 2.3510e-77 1.2937e-41 4.0793e-31 ] 0.0000e+00 [ 0.0000e+00 ] 1.0000e+00
 5.259e+01 2.5916e-31 2.5916e-31 [ 1.4645e-115 9.3466e-78 7.1942e-42 2.5916e-31 ] 0.0000e+00 [ 0.0000e+00 ] 1.0000e+00
 5.270e+01 1.6443e-31 1.6443e-31 [ 4.4933e-116 3.7105e-78 3.9949e-42 1.6443e-31 ] 0.0000e+00 [ 0.0000e+00 ] 1.0000e+00
 5.281e+01 1.0419e-31 1.0419e-31 [ 1.3769e-116 1.4709e-78 2.2152e-42 1.0419e-31 ] 0.0000e+00 [ 0.0000e+00 ] 1.0000e+00
 5.293e+01 6.5931e-32 6.5931e-32 [ 4.2136e-117 5.8230e-79 1.2266e-42 6.5931e-32 ] 0.0000e+00 [ 0.0000e+00 ] 1.0000e+00
 5.304e+01 4.1666e-32 4.1666e-32 [ 1.2879e-117 2.3019e-79 6.7822e-43 4.1666e-32 ] 0.0000e+00 [ 0.0000e+00 ] 1.0000e+00
 5.315e+01 2.6296e-32 2.6296e-32 [ 3.9312e-118 9.0866e-80 3.7449e-43 2.6296e-32 ] 0.0000e+00 [ 0.0000e+00 ] 1.0000e+00
 5.327e+01 1.6575e-32 1.6575e-32 [ 1.1985e-118 3.5819e-80 2.0649e-43 1.6575e-32 ] 0.0000e+00 [ 0.0000e+00 ] 1.0000e+00
 5.338e+01 1.0433e-32 1.0433e-32 [ 3.6491e-119 1.4100e-80 1.1369e-43 1.0433e-32 ] 0.0000e+00 [ 0.0000e+00 ] 1.0000e+00
 5.349e+01 6.5588e-33 6.5588e-33 [ 1.1097e-119 5.5425e-81 6.2514e-44 6.5588e-33 ] 0.0000e+00 [ 0.0000e+00 ] 1.0000e+00
 5.361e+01 4.1178e-33 4.1178e-33 [ 3.3703e-120 2.1757e-81 3.4325e-44 4.1178e-33 ] 0.0000e+00 [ 0.0000e+00 ] 1.0000e+00
 5.372e+01 2.5819e-33 2.5819e-33 [ 1.0223e-120 8.5287e-82 1.8821e-44 2.5819e-33 ] 0.0000e+00 [ 0.0000e+00 ] 1.0000e+00
 5.383e+01 1.6168e-33 1.6168e-33 [ 3.0971e-121 3.3386e-82 1.0306e-44 1.6168e-33 ] 0.0000e+00 [ 0.0000e+00 ] 1.0000e+00
 5.395e+01 1.0111e-33 1.0111e-33 [ 9.3713e-122 1.3051e-82 5.6351e-45 1.0111e-33 ] 0.0000e+00 [ 0.0000e+00 ] 1.0000e+00
 5.406e+01 6.3150e-34 6.3150e-34 [ 2.8320e-122 5.0949e-83 3.0770e-45 6.3150e-34 ] 0.0000e+00 [ 0.0000e+00 ] 1.0000e+00
 5.417e+01 3.9390e-34 3.9390e-34 [ 8.5480e-123 1.9862e-83 1.6779e-45 3.9390e-34 ] 0.0000e+00 [ 0.0000e+00 ] 1.0000e+00
 5.429e+01 2.4539e-34 2.4539e-34 [ 2.5769e-123 7.7323e-84 9.1366e-46 2.4539e-34 ] 0.0000e+00 [ 0.0000e+00 ] 1.0000e+00
 5.440e+01 1.5267e-34 1.5267e-34 [ 7.7587e-124 3.0061e-84 4.9684e-46 1.5267e-34 ] 0.0000e+00 [ 0.0000e+00 ] 1.0000e+00
 5.451e+01 9.4861e-35 9.4861e-35 [ 2.3332e-124 1.1671e-84 2.6981e-46 9.4861e-35 ] 0.0000e+00 [ 0.0000e+00 ] 1.0000e+00
 5.463e+01 5.8867e-35 5.8867e-35 [ 7.0080e-125 4.5250e-85 1.4632e-46 5.8867e-35 ] 0.0000e+00 [ 0.0000e+00 ] 1.0000e+00
 5.474e+01 3.6484e-35 3.6484e-35 [ 2.1023e-125 1.7520e-85 7.9242e-47 3.6484e-35 ] 0.0000e+00 [ 0.0000e+00 ] 1.0000e+00
 5.485e+01 2.2582e-35 2.2582e-35 [ 6.2992e-126 6.7745e-86 4.2857e-47 2.2582e-35 ] 0.0000e+00 [ 0.0000e+00 ] 1.0000e+00
 5.497e+01 1.3960e-35 1.3960e-35 [ 1.8852e-126 2.6159e-86 2.3147e-47 1.3960e-35 ] 0.0000e+00 [ 0.0000e+00 ] 1.0000e+00
 5.508e+01 8.6189e-36 8.6189e-36 [ 5.6349e-127 1.0088e-86 1.2485e-47 8.6189e-36 ] 0.0000e+00 [ 0.0000e+00 ] 1.0000e+00
 5.519e+01 5.3146e-36 5.3146e-36 [ 1.6823e-127 3.8847e-87 6.7247e-48 5.3146e-36 ] 0.0000e+00 [ 0.0000e+00 ] 1.0000e+00
 5.531e+01 3.2729e-36 3.2729e-36 [ 5.0166e-128 1.4940e-87 3.6173e-48 3.2729e-36 ] 0.0000e+00 [ 0.0000e+00 ] 1.0000e+00
 5.542e+01 2.0130e-36 2.0130e-36 [ 1.4941e-128 5.7382e-88 1.9432e-48 2.0130e-36 ] 0.0000e+00 [ 0.0000e+00 ] 1.0000e+00
 5.553e+01 1.2365e-36 1.2365e-36 [ 4.4449e-129 2.2009e-88 1.0424e-48 1.2365e-36 ] 0.0000e+00 [ 0.0000e+00 ] 1.0000e+00
 5.565e+01 7.5862e-37 7.5862e-37 [ 1.3207e-129 8.4307e-89 5.5848e-49 7.5862e-37 ] 0.0000e+00 [ 0.0000e+00 ] 1.0000e+00
 5.576e+01 4.6483e-37 4.6483e-37 [ 3.9198e-130 3.2251e-89 2.9880e-49 4.6483e-37 ] 0.0000e+00 [ 0.0000e+00 ] 1.0000e+00
 5.587e+01 2.8446e-37 2.8446e-37 [ 1.1620e-130 1.2321e-89 1.5966e-49 2.8446e-37 ] 0.0000e+00 [ 0.0000e+00 ] 1.0000e+00
 5.599e+01 1.7386e-37 1.7386e-37 [ 3.4405e-131 4.7009e-90 8.5193e-50 1.7386e-37 ] 0.0000e+00 [ 0.0000e+00 ] 1.0000e+00
 5.610e+01 1.0613e-37 1.0613e-37 [ 1.0175e-131 1.7912e-90 4.5399e-50 1.0613e-37 ] 0.0000e+00 [ 0.0000e+00 ] 1.0000e+00
 5.621e+01 6.4705e-38 6.4705e-38 [ 3.0058e-132 6.8161e-91 2.4161e-50 6.4705e-38 ] 0.0000e+00 [ 0.0000e+00 ] 1.0000e+00
 5.633e+01 3.9400e-38 3.9400e-38 [ 8.8689e-133 2.5903e-91 1.2841e-50 3.9400e-38 ] 0.0000e+00 [ 0.0000e+00 ] 1.0000e+00
 5.644e+01 2.3961e-38 2.3961e-38 [ 2.6139e-133 9.8312e-92 6.8159e-51 2.3961e-38 ] 0.0000e+00 [ 0.0000e+00 ] 1.0000e+00
 5.655e+01 1.4554e-38 1.4554e-38 [ 7.6947e-134 3.7264e-92 3.6130e-51 1.4554e-38 ] 0.0000e+00 [ 0.0000e+00 ] 1.0000e+00
 5.667e+01 8.8293e-39 8.8293e-39 [ 2.2626e-134 1.4106e-92 1.9127e-51 8.8293e-39 ] 0.0000e+00 [ 0.0000e+00 ] 1.0000e+00
 5.678e+01 5.3497e-39 5.3497e-39 [ 6.6454e-135 5.3330e-93 1.0112e-51 5.3497e-39 ] 0.0000e+00 [ 0.0000e+00 ] 1.0000e+00
 5.689e+01 3.2374e-39 3.2374e-39 [ 1.9496e-135 2.0136e-93 5.3392e-52 3.2374e-39 ] 0.0000e+00 [ 0.0000e+00 ] 1.0000e+00
 5.701e+01 1.9567e-39 1.9567e-39 [ 5.7131e-136 7.5928e-94 2.8154e-52 1.9567e-39 ] 0.0000e+00 [ 0.0000e+00 ] 1.0000e+00
 5.712e+01 1.1812e-39 1.1812e-39 [ 1.6723e-136 2.8594e-94 1.4827e-52 1.1812e-39 ] 0.0000e+00 [ 0.0000e+00 ] 1.0000e+00
 5.723e+01 7.1217e-40 7.1217e-40 [ 4.8894e-137 1.0755e-94 7.7978e-53 7.1217e-40 ] 0.0000e+00 [ 0.0000e+00 ] 1.0000e+00
 5.735e+01 4.2886e-40 4.2886e-40 [ 1.4280e-137 4.0397e-95 4.0958e-53 4.2886e-40 ] 0.0000e+00 [ 0.0000e+00 ] 1.0000e+00
 5.746e+01 2.5794e-40 2.5794e-40 [ 4.1657e-138 1.5155e-95 2.1485e-53 2.5794e-40 ] 0.0000e+00 [ 0.0000e+00 ] 1.0000e+00
 5.757e+01 1.5495e-40 1.5495e-40 [ 1.2139e-138 5.6781e-96 1.1256e-53 1.5495e-40 ] 0.0000e+00 [ 0.0000e+00 ] 1.0000e+00
 5.769e+01 9.2969e-41 9.2969e-41 [ 3.5333e-139 2.1247e-96 5.8893e-54 9.2969e-41 ] 0.0000e+00 [ 0.0000e+00 ] 1.0000e+00
 5.780e+01 5.5712e-41 5.5712e-41 [ 1.0273e-139 7.9404e-97 3.0774e-54 5.5712e-41 ] 0.0000e+00 [ 0.0000e+00 ] 1.0000e+00
 5.791e+01 3.3346e-41 3.3346e-41 [ 2.9836e-140 2.9637e-97 1.6060e-54 3.3346e-41 ] 0.0000e+00 [ 0.0000e+00 ] 1.0000e+00
 5.803e+01 1.9934e-41 1.9934e-41 [ 8.6556e-141 1.1048e-97 8.3704e-55 1.9934e-41 ] 0.0000e+00 [ 0.0000e+00 ] 1.0000e+00
 5.814e+01 1.1903e-41 1.1903e-41 [ 2.5083e-141 4.1132e-98 4.3571e-55 1.1903e-41 ] 0.0000e+00 [ 0.0000e+00 ] 1.0000e+00
 5.825e+01 7.0983e-42 7.0983e-42 [ 7.2608e-142 1.5294e-98 2.2651e-55 7.0983e-42 ] 0.0000e+00 [ 0.0000e+00 ] 1.0000e+00
 5.837e+01 4.2281e-42 4.2281e-42 [ 2.0995e-142 5.6799e-99 1.1760e-55 4.2281e-42 ] 0.0000e+00 [ 0.0000e+00 ] 1.0000e+00
 5.848e+01 2.5155e-42 2.5155e-42 [ 6.0643e-143 2.1067e-99 6.0982e-56 2.5155e-42 ] 0.0000e+00 [ 0.0000e+00 ] 1.0000e+00
 5.859e+01 1.4947e-42 1.4947e-42 [ 1.7497e-143 7.8040e-100 3.1581e-56 1.4947e-42 ] 0.0000e+00 [ 0.0000e+00 ] 1.0000e+00
 5.871e+01 8.8715e-43 8.8715e-43 [ 5.0429e-144 2.8873e-100 1.6335e-56 8.8715e-43 ] 0.0000e+00 [ 0.0000e+00 ] 1.0000e+00
 5.882e+01 5.2590e-43 5.2590e-43 [ 1.4519e-144 1.0669e-100 8.4379e-57 5.2590e-43 ] 0.0000e+00 [ 0.0000e+00 ] 1.0000e+00
 5.893e+01 3.1138e-43 3.1138e-43 [ 4.1755e-145 3.9377e-101 4.3532e-57 3.1138e-43 ] 0.0000e+00 [ 0.0000e+00 ] 1.0000e+00
 5.905e+01 1.8415e-43 1.8415e-43 [ 1.1996e-145 1.4514e-101 2.2431e-57 1.8415e-43 ] 0.0000e+00 [ 0.0000e+00 ] 1.0000e+00
 5.916e+01 1.0877e-43 1.0877e-43 [ 3.4426e-146 5.3435e-102 1.1543e-57 1.0877e-43 ] 0.0000e+00 [ 0.0000e+00 ] 1.0000e+00
 5.927e+01 6.4176e-44 6.4176e-44 [ 9.8690e-147 1.9648e-102 5.9328e-58 6.4176e-44 ] 0.0000e+00 [ 0.0000e+00 ] 1.0000e+00
 5.939e+01 3.7818e-44 3.7818e-44 [ 2.8262e-147 7.2156e-103 3.0455e-58 3.7818e-44 ] 0.0000e+00 [ 0.0000e+00 ] 1.0000e+00
 5.950e+01 2.2259e-44 2.2259e-44 [ 8.0848e-148 2.6467e-103 1.5614e-58 2.2259e-44 ] 0.0000e+00 [ 0.0000e+00 ] 1.0000e+00
 5.961e+01 1.3086e-44 1.3086e-44 [ 2.3103e-148 9.6960e-104 7.9947e-59 1.3086e-44 ] 0.0000e+00 [ 0.0000e+00 ] 1.0000e+00
 5.973e+01 7.6843e-45 7.6843e-45 [ 6.5952e-149 3.5478e-104 4.0885e-59 7.6843e-45 ] 0.0000e+00 [ 0.0000e+00 ] 1.0000e+00
 5.984e+01 4.5070e-45 4.5070e-45 [ 1.8807e-149 1.2966e-104 2.0883e-59 4.5070e-45 ] 0.0000e+00 [ 0.0000e+00 ] 1.0000e+00
 5.995e+01 2.6403e-45 2.6403e-45 [ 5.3576e-150 4.7326e-105 1.0653e-59 2.6403e-45 ] 0.0000e+00 [ 0.0000e+00 ] 1.0000e+00
 6.007e+01 1.5450e-45 1.5450e-45 [ 1.5246e-150 1.7254e-105 5.4276e-60 1.5450e-45 ] 0.0000e+00 [ 0.0000e+00 ] 1.0000e+00
 6.018e+01 9.0296e-46 9.0296e-46 [ 4.3341e-151 6.2826e-106 2.7619e-60 9.0296e-46 ] 0.0000e+00 [ 0.0000e+00 ] 1.0000e+00
 6.029e+01 5.2712e-46 5.2712e-46 [ 1.2308e-151 2.2849e-106 1.4037e-60 5.2712e-46 ] 0.0000e+00 [ 0.0000e+00 ] 1.0000e+00
 6.041e+01 3.0736e-46 3.0736e-46 [ 3.4917e-152 8.3001e-107 7.1255e-61 3.0736e-46 ] 0.0000e+00 [ 0.0000e+00 ] 1.0000e+00
 6.052e+01 1.7901e-46 1.7901e-46 [ 9.8952e-153 3.0114e-107 3.6125e-61 1.7901e-46 ] 0.0000e+00 [ 0.0000e+00 ] 1.0000e+00
 6.063e+01 1.0414e-46 1.0414e-46 [ 2.8014e-153 1.0913e-107 1.8293e-61 1.0414e-46 ] 0.0000e+00 [ 0.0000e+00 ] 1.0000e+00
 6.075e+01 6.0512e-47 6.0512e-47 [ 7.9228e-154 3.9499e-108 9.2514e-62 6.0512e-47 ] 0.0000e+00 [ 0.0000e+00 ] 1.0000e+00
 6.086e+01 3.5121e-47 3.5121e-47 [ 2.2384e-154 1.4280e-108 4.6731e-62 3.5121e-47 ] 0.0000e+00 [ 0.0000e+00 ] 1.0000e+00
 6.097e+01 2.0360e-47 2.0360e-47 [ 6.3177e-155 5.1563e-109 2.3576e-62 2.0360e-47 ] 0.0000e+00 [ 0.0000e+00 ] 1.0000e+00
 6.109e+01 1.1790e-47 1.1790e-47 [ 1.7813e-155 1.8597e-109 1.1880e-62 1.1790e-47 ] 0.0000e+00 [ 0.0000e+00 ] 1.0000e+00
 6.120e+01 6.8191e-48 6.8191e-48 [ 5.0174e-156 6.6991e-110 5.9789e-63 6.8191e-48 ] 0.0000e+00 [ 0.0000e+00 ] 1.0000e+00
 6.131e+01 3.9395e-48 3.9395e-48 [ 1.4118e-156 2.4104e-110 3.0054e-63 3.9395e-48 ] 0.0000e+00 [ 0.0000e+00 ] 1.0000e+00
 6.143e+01 2.2734e-48 2.2734e-48 [ 3.9687e-157 8.6626e-111 1.5089e-63 2.2734e-48 ] 0.0000e+00 [ 0.0000e+00 ] 1.0000e+00
 6.154e+01 1.3104e-48 1.3104e-48 [ 1.1145e-157 3.1096e-111 7.5663e-64 1.3104e-48 ] 0.0000e+00 [ 0.0000e+00 ] 1.0000e+00
 6.165e+01 7.5443e-49 7.5443e-49 [ 3.1266e-158 1.1149e-111 3.7895e-64 7.5443e-49 ] 0.0000e+00 [ 0.0000e+00 ] 1.0000e+00
 6.177e+01 4.3386e-49 4.3386e-49 [ 8.7627e-159 3.9927e-112 1.8957e-64 4.3386e-49 ] 0.0000e+00 [ 0.0000e+00 ] 1.0000e+00
 6.188e+01 2.4922e-49 2.4922e-49 [ 2.4534e-159 1.4282e-112 9.4716e-65 2.4922e-49 ] 0.0000e+00 [ 0.0000e+00 ] 1.0000e+00
 6.199e+01 1.4300e-49 1.4300e-49 [ 6.8624e-160 5.1028e-113 4.7267e-65 1.4300e-49 ] 0.0000e+00 [ 0.0000e+00 ] 1.0000e+00
 6.211e+01 8.1955e-50 8.1955e-50 [ 1.9176e-160 1.8210e-113 2.3560e-65 8.1955e-50 ] 0.0000e+00 [ 0.0000e+00 ] 1.0000e+00
 6.222e+01 4.6917e-50 4.6917e-50 [ 5.3530e-161 6.4912e-114 1.1729e-65 4.6917e-50 ] 0.0000e+00 [ 0.0000e+00 ] 1.0000e+00
 6.233e+01 2.6829e-50 2.6829e-50 [ 1.4929e-161 2.3112e-114 5.8323e-66 2.6829e-50 ] 0.0000e+00 [ 0.0000e+00 ] 1.0000e+00
 6.245e+01 1.5324e-50 1.5324e-50 [ 4.1593e-162 8.2193e-115 2.8966e-66 1.5324e-50 ] 0.0000e+00 [ 0.0000e+00 ] 1.0000e+00
 6.256e+01 8.7428e-51 8.7428e-51 [ 1.1577e-162 2.9197e-115 1.4369e-66 8.7428e-51 ] 0.0000e+00 [ 0.0000e+00 ] 1.0000e+00
 6.267e+01 4.9825e-51 4.9825e-51 [ 3.2192e-163 1.0359e-115 7.1196e-67 4.9825e-51 ] 0.0000e+00 [ 0.0000e+00 ] 1.0000e+00
 6.279e+01 2.8363e-51 2.8363e-51 [ 8.9430e-164 3.6715e-116 3.5234e-67 2.8363e-51 ] 0.0000e+00 [ 0.0000e+00 ] 1.0000e+00
 6.290e+01 1.6128e-51 1.6128e-51 [ 2.4820e-164 1.2997e-116 1.7416e-67 1.6128e-51 ] 0.0000e+00 [ 0.0000e+00 ] 1.0000e+00
 6.301e+01 9.1600e-52 9.1600e-52 [ 6.8817e-165 4.5958e-117 8.5989e-68 9.1600e-52 ] 0.0000e+00 [ 0.0000e+00 ] 1.0000e+00
 6.313e+01 5.1969e-52 5.1969e-52 [ 1.9062e-165 1.6232e-117 4.2404e-68 5.1969e-52 ] 0.0000e+00 [ 0.0000e+00 ] 1.0000e+00
 6.324e+01 2.9451e-52 2.9451e-52 [ 5.2751e-166 5.7266e-118 2.0886e-68 2.9451e-52 ] 0.0000e+00 [ 0.0000e+00 ] 1.0000e+00
 6.335e+01 1.6671e-52 1.6671e-52 [ 1.4584e-166 2.0180e-118 1.0276e-68 1.6671e-52 ] 0.0000e+00 [ 0.0000e+00 ] 1.0000e+00
 6.347e+01 9.4268e-53 9.4268e-53 [ 4.0283e-167 7.1034e-119 5.0495e-69 9.4268e-53 ] 0.0000e+00 [ 0.0000e+00 ] 1.0000e+00
 6.358e+01 5.3244e-53 5.3244e-53 [ 1.1116e-167 2.4975e-119 2.4784e-69 5.3244e-53 ] 0.0000e+00 [ 0.0000e+00 ] 1.0000e+00
 6.369e+01 3.0040e-53 3.0040e-53 [ 3.0645e-168 8.7714e-120 1.2151e-69 3.0040e-53 ] 0.0000e+00 [ 0.0000e+00 ] 1.0000e+00
 6.381e+01 1.6929e-53 1.6929e-53 [ 8.4403e-169 3.0771e-120 5.9499e-70 1.6929e-53 ] 0.0000e+00 [ 0.0000e+00 ] 1.0000e+00
 6.392e+01 9.5302e-54 9.5302e-54 [ 2.3225e-169 1.0783e-120 2.9101e-70 9.5302e-54 ] 0.0000e+00 [ 0.0000e+00 ] 1.0000e+00
 6.403e+01 5.3590e-54 5.3590e-54 [ 6.3847e-170 3.7741e-121 1.4217e-70 5.3590e-54 ] 0.0000e+00 [ 0.0000e+00 ] 1.0000e+00
 6.415e+01 3.0101e-54 3.0101e-54 [ 1.7536e-170 1.3196e-121 6.9377e-71 3.0101e-54 ] 0.0000e+00 [ 0.0000e+00 ] 1.0000e+00
 6.426e+01 1.6889e-54 1.6889e-54 [ 4.8117e-171 4.6084e-122 3.3815e-71 1.6889e-54 ] 0.0000e+00 [ 0.0000e+00 ] 1.0000e+00
 6.437e+01 9.4658e-55 9.4658e-55 [ 1.3191e-171 1.6077e-122 1.6463e-71 9.4658e-55 ] 0.0000e+00 [ 0.0000e+00 ] 1.0000e+00
 6.449e+01 5.2994e-55 5.2994e-55 [ 3.6128e-172 5.6022e-123 8.0056e-72 5.2994e-55 ] 0.0000e+00 [ 0.0000e+00 ] 1.0000e+00
 6.460e+01 2.9636e-55 2.9636e-55 [ 9.8858e-173 1.9500e-123 3.8885e-72 2.9636e-55 ] 0.0000e+00 [ 0.0000e+00 ] 1.0000e+00
 6.471e+01 1.6555e-55 1.6555e-55 [ 2.7026e-173 6.7802e-124 1.8866e-72 1.6555e-55 ] 0.0000e+00 [ 0.0000e+00 ] 1.0000e+00
 6.483e+01 9.2381e-56 9.2381e-56 [ 7.3817e-174 2.3548e-124 9.1426e-73 9.2381e-56 ] 0.0000e+00 [ 0.0000e+00 ] 1.0000e+00
 6.494e+01 5.1493e-56 5.1493e-56 [ 2.0143e-174 8.1697e-125 4.4255e-73 5.1493e-56 ] 0.0000e+00 [ 0.0000e+00 ] 1.0000e+00
 6.505e+01 2.8671e-56 2.8671e-56 [ 5.4917e-175 2.8312e-125 2.1398e-73 2.8671e-56 ] 0.0000e+00 [ 0.0000e+00 ] 1.0000e+00
 6.517e+01 1.5947e-56 1.5947e-56 [ 1.4959e-175 9.8009e-126 1.0334e-73 1.5947e-56 ] 0.0000e+00 [ 0.0000e+00 ] 1.0000e+00
 6.528e+01 8.8598e-57 8.8598e-57 [ 4.0708e-176 3.3891e-126 4.9851e-74 8.8598e-57 ] 0.0000e+00 [ 0.0000e+00 ] 1.0000e+00
 6.539e+01 4.9171e-57 4.9171e-57 [ 1.1068e-176 1.1706e-126 2.4021e-74 4.9171e-57 ] 0.0000e+00 [ 0.0000e+00 ] 1.0000e+00
 6.551e+01 2.7259e-57 2.7259e-57 [ 3.0066e-177 4.0392e-127 1.1561e-74 2.7259e-57 ] 0.0000e+00 [ 0.0000e+00 ] 1.0000e+00
 6.562e+01 1.5096e-57 1.5096e-57 [ 8.1600e-178 1.3922e-127 5.5582e-75 1.5096e-57 ] 0.0000e+00 [ 0.0000e+00 ] 1.0000e+00
 6.573e+01 8.3508e-58 8.3508e-58 [ 2.2127e-178 4.7932e-128 2.6691e-75 8.3508e-58 ] 0.0000e+00 [ 0.0000e+00 ] 1.0000e+00
 6.585e+01 4.6146e-58 4.6146e-58 [ 5.9944e-179 1.6485e-128 1.2803e-75 4.6146e-58 ] 0.0000e+00 [ 0.0000e+00 ] 1.0000e+00
 6.596e+01 2.5472e-58 2.5472e-58 [ 1.6225e-179 5.6634e-129 6.1344e-76 2.5472e-58 ] 0.0000e+00 [ 0.0000e+00 ] 1.0000e+00
 6.607e+01 1.4046e-58 1.4046e-58 [ 4.3879e-180 1.9436e-129 2.9359e-76 1.4046e-58 ] 0.0000e+00 [ 0.0000e+00 ] 1.0000e+00
 6.619e+01 7.7365e-59 7.7365e-59 [ 1.1856e-180 6.6629e-130 1.4035e-76 7.7365e-59 ] 0.0000e+00 [ 0.0000e+00 ] 1.0000e+00
 6.630e+01 4.2568e-59 4.2568e-59 [ 3.2006e-181 2.2817e-130 6.7021e-77 4.2568e-59 ] 0.0000e+00 [ 0.0000e+00 ] 1.0000e+00
 6.641e+01 2.3397e-59 2.3397e-59 [ 8.6325e-182 7.8052e-131 3.1968e-77 2.3397e-59 ] 0.0000e+00 [ 0.0000e+00 ] 1.0000e+00
 6.653e+01 1.2846e-59 1.2846e-59 [ 2.3263e-182 2.6672e-131 1.5231e-77 1.2846e-59 ] 0.0000e+00 [ 0.0000e+00 ] 1.0000e+00
 6.664e+01 7.0455e-60 7.0455e-60 [ 6.2635e-183 9.1045e-132 7.2489e-78 7.0455e-60 ] 0.0000e+00 [ 0.0000e+00 ] 1.0000e+00
 6.675e+01 3.8601e-60 3.8601e-60 [ 1.6849e-183 3.1045e-132 3.4461e-78 3.8601e-60 ] 0.0000e+00 [ 0.0000e+00 ] 1.0000e+00
 6.687e+01 2.1126e-60 2.1126e-60 [ 4.5287e-184 1.0575e-132 1.6364e-78 2.1126e-60 ] 0.0000e+00 [ 0.0000e+00 ] 1.0000e+00
 6.698e+01 1.1550e-60 1.1550e-60 [ 1.2161e-184 3.5983e-133 7.7622e-79 1.1550e-60 ] 0.0000e+00 [ 0.0000e+00 ] 1.0000e+00
 6.709e+01 6.3078e-61 6.3078e-61 [ 3.2630e-185 1.2231e-133 3.6778e-79 6.3078e-61 ] 0.0000e+00 [ 0.0000e+00 ] 1.0000e+00
 6.721e+01 3.4413e-61 3.4413e-61 [ 8.7475e-186 4.1531e-134 1.7407e-79 3.4413e-61 ] 0.0000e+00 [ 0.0000e+00 ] 1.0000e+00
 6.732e+01 1.8754e-61 1.8754e-61 [ 2.3430e-186 1.4087e-134 8.2293e-80 1.8754e-61 ] 0.0000e+00 [ 0.0000e+00 ] 1.0000e+00
 6.743e+01 1.0210e-61 1.0210e-61 [ 6.2702e-187 4.7733e-135 3.8863e-80 1.0210e-61 ] 0.0000e+00 [ 0.0000e+00 ] 1.0000e+00
 6.755e+01 5.5525e-62 5.5525e-62 [ 1.6766e-187 1.6157e-135 1.8333e-80 5.5525e-62 ] 0.0000e+00 [ 0.0000e+00 ] 1.0000e+00
 6.766e+01 3.0165e-62 3.0165e-62 [ 4.4792e-188 5.4633e-136 8.6385e-81 3.0165e-62 ] 0.0000e+00 [ 0.0000e+00 ] 1.0000e+00
 6.777e+01 1.6370e-62 1.6370e-62 [ 1.1956e-188 1.8454e-136 4.0661e-81 1.6370e-62 ] 0.0000e+00 [ 0.0000e+00 ] 1.0000e+00
 6.789e+01 8.8745e-63 8.8745e-63 [ 3.1888e-189 6.2269e-137 1.9118e-81 8.8745e-63 ] 0.0000e+00 [ 0.0000e+00 ] 1.0000e+00
 6.800e+01 4.8060e-63 4.8060e-63 [ 8.4976e-190 2.0990e-137 8.9791e-82 4.8060e-63 ] 0.0000e+00 [ 0.0000e+00 ] 1.0000e+00
 6.811e+01 2.6000e-63 2.6000e-63 [ 2.2625e-190 7.0680e-138 4.2126e-82 2.6000e-63 ] 0.0000e+00 [ 0.0000e+00 ] 1.0000e+00
 6.823e+01 1.4051e-63 1.4051e-63 [ 6.0190e-191 2.3776e-138 1.9742e-82 1.4051e-63 ] 0.0000e+00 [ 0.0000e+00 ] 1.0000e+00
 6.834e+01 7.5855e-64 7.5855e-64 [ 1.5999e-191 7.9895e-139 9.2419e-83 7.5855e-64 ] 0.0000e+00 [ 0.0000e+00 ] 1.0000e+00
 6.845e+01 4.0908e-64 4.0908e-64 [ 4.2491e-192 2.6820e-139 4.3218e-83 4.0908e-64 ] 0.0000e+00 [ 0.0000e+00 ] 1.0000e+00
 6.857e+01 2.2039e-64 2.2039e-64 [ 1.1275e-192 8.9942e-140 2.0188e-83 2.2039e-64 ] 0.0000e+00 [ 0.0000e+00 ] 1.0000e+00
 6.868e+01 1.1861e-64 1.1861e-64 [ 2.9896e-193 3.0131e-140 9.4200e-84 1.1861e-64 ] 0.0000e+00 [ 0.0000e+00 ] 1.0000e+00
 6.879e+01 6.3765e-65 6.3765e-65 [ 7.9201e-194 1.0084e-140 4.3908e-84 6.3765e-65 ] 0.0000e+00 [ 0.0000e+00 ] 1.0000e+00
 6.891e+01 3.4246e-65 3.4246e-65 [ 2.0965e-194 3.3713e-141 2.0444e-84 3.4246e-65 ] 0.0000e+00 [ 0.0000e+00 ] 1.0000e+00
 6.902e+01 1.8373e-65 1.8373e-65 [ 5.5448e-195 1.1260e-141 9.5088e-85 1.8373e-65 ] 0.0000e+00 [ 0.0000e+00 ] 1.0000e+00
 6.913e+01 9.8471e-66 9.8471e-66 [ 1.4653e-195 3.7567e-142 4.4179e-85 9.8471e-66 ] 0.0000e+00 [ 0.0000e+00 ] 1.0000e+00
 6.925e+01 5.2721e-66 5.2721e-66 [ 3.8690e-196 1.2521e-142 2.0504e-85 5.2721e-66 ] 0.0000e+00 [ 0.0000e+00 ] 1.0000e+00
 6.936e+01 2.8198e-66 2.8198e-66 [ 1.0208e-196 4.1692e-143 9.5062e-86 2.8198e-66 ] 0.0000e+00 [ 0.0000e+00 ] 1.0000e+00
 6.947e+01 1.5066e-66 1.5066e-66 [ 2.6909e-197 1.3868e-143 4.4026e-86 1.5066e-66 ] 0.0000e+00 [ 0.0000e+00 ] 1.0000e+00
 6.959e+01 8.0416e-67 8.0416e-67 [ 7.0878e-198 4.6085e-144 2.0368e-86 8.0416e-67 ] 0.0000e+00 [ 0.0000e+00 ] 1.0000e+00
 6.970e+01 4.2878e-67 4.2878e-67 [ 1.8654e-198 1.5299e-144 9.4128e-87 4.2878e-67 ] 0.0000e+00 [ 0.0000e+00 ] 1.0000e+00
 6.981e+01 2.2839e-67 2.2839e-67 [ 4.9054e-199 5.0736e-145 4.3454e-87 2.2839e-67 ] 0.0000e+00 [ 0.0000e+00 ] 1.0000e+00
 6.993e+01 1.2153e-67 1.2153e-67 [ 1.2889e-199 1.6809e-145 2.0039e-87 1.2153e-67 ] 0.0000e+00 [ 0.0000e+00 ] 1.0000e+00
 7.004e+01 6.4602e-68 6.4602e-68 [ 3.3840e-200 5.5633e-146 9.2315e-88 6.4602e-68 ] 0.0000e+00 [ 0.0000e+00 ] 1.0000e+00
 7.015e+01 3.4305e-68 3.4305e-68 [ 8.8772e-201 1.8394e-146 4.2482e-88 3.4305e-68 ] 0.0000e+00 [ 0.0000e+00 ] 1.0000e+00
 7.027e+01 1.8199e-68 1.8199e-68 [ 2.3269e-201 6.0759e-147 1.9529e-88 1.8199e-68 ] 0.0000e+00 [ 0.0000e+00 ] 1.0000e+00
 7.038e+01 9.6443e-69 9.6443e-69 [ 6.0942e-202 2.0050e-147 8.9681e-89 9.6443e-69 ] 0.0000e+00 [ 0.0000e+00 ] 1.0000e+00
 7.049e+01 5.1058e-69 5.1058e-69 [ 1.5948e-202 6.6096e-148 4.1140e-89 5.1058e-69 ] 0.0000e+00 [ 0.0000e+00 ] 1.0000e+00
 7.061e+01 2.7003e-69 2.7003e-69 [ 4.1701e-203 2.1767e-148 1.8853e-89 2.7003e-69 ] 0.0000e+00 [ 0.0000e+00 ] 1.0000e+00
 7.072e+01 1.4267e-69 1.4267e-69 [ 1.0895e-203 7.1616e-149 8.6302e-90 1.4267e-69 ] 0.0000e+00 [ 0.0000e+00 ] 1.0000e+00
 7.083e+01 7.5301e-70 7.5301e-70 [ 2.8443e-204 2.3539e-149 3.9466e-90 7.5301e-70 ] 0.0000e+00 [ 0.0000e+00 ] 1.0000e+00
 7.095e+01 3.9704e-70 3.9704e-70 [ 7.4195e-205 7.7292e-150 1.8029e-90 3.9704e-70 ] 0.0000e+00 [ 0.0000e+00 ] 1.0000e+00
 7.106e+01 2.0914e-70 2.0914e-70 [ 1.9338e-205 2.5355e-150 8.2273e-91 2.0914e-70 ] 0.0000e+00 [ 0.0000e+00 ] 1.0000e+00
 7.117e+01 1.1005e-70 1.1005e-70 [ 5.0362e-206 8.3090e-151 3.7505e-91 1.1005e-70 ] 0.0000e+00 [ 0.0000e+00 ] 1.0000e+00
 7.129e+01 5.7852e-71 5.7852e-71 [ 1.3105e-206 2.7203e-151 1.7080e-91 5.7852e-71 ] 0.0000e+00 [ 0.0000e+00 ] 1.0000e+00
 7.140e+01 3.0381e-71 3.0381e-71 [ 3.4074e-207 8.8972e-152 7.7700e-92 3.0381e-71 ] 0.0000e+00 [ 0.0000e+00 ] 1.0000e+00
 7.151e+01 1.5939e-71 1.5939e-71 [ 8.8522e-208 2.9071e-152 3.5311e-92 1.5939e-71 ] 0.0000e+00 [ 0.0000e+00 ] 1.0000e+00
 7.163e+01 8.3536e-72 8.3536e-72 [ 2.2979e-208 9.4896e-153 1.6031e-92 8.3536e-72 ] 0.0000e+00 [ 0.0000e+00 ] 1.0000e+00
 7.174e+01 4.3738e-72 4.3738e-72 [ 5.9600e-209 3.0946e-153 7.2701e-93 4.3738e-72 ] 0.0000e+00 [ 0.0000e+00 ] 1.0000e+00
 7.185e+01 2.2877e-72 2.2877e-72 [ 1.5446e-209 1.0082e-153 3.2937e-93 2.2877e-72 ] 0.0000e+00 [ 0.0000e+00 ] 1.0000e+00
 7.197e+01 1.1954e-72 1.1954e-72 [ 3.9996e-210 3.2813e-154 1.4907e-93 1.1954e-72 ] 0.0000e+00 [ 0.0000e+00 ] 1.0000e+00
 7.208e+01 6.2402e-73 6.2402e-73 [ 1.0348e-210 1.0669e-154 6.7397e-94 6.2402e-73 ] 0.0000e+00 [ 0.0000e+00 ] 1.0000e+00
 7.219e+01 3.2543e-73 3.2543e-73 [ 2.6751e-211 3.4654e-155 3.0440e-94 3.2543e-73 ] 0.0000e+00 [ 0.0000e+00 ] 1.0000e+00
 7.231e+01 1.6954e-73 1.6954e-73 [ 6.9097e-212 1.1245e-155 1.3734e-94 1.6954e-73 ] 0.0000e+00 [ 0.0000e+00 ] 1.0000e+00
 7.242e+01 8.8239e-74 8.8239e-74 [ 1.7832e-212 3.6455e-156 6.1906e-95 8.8239e-74 ] 0.0000e+00 [ 0.0000e+00 ] 1.0000e+00
 7.253e+01 4.5880e-74 4.5880e-74 [ 4.5982e-213 1.1806e-156 2.7875e-95 4.5880e-74 ] 0.0000e+00 [ 0.0000e+00 ] 1.0000e+00
 7.265e+01 2.3831e-74 2.3831e-74 [ 1.1847e-213 3.8196e-157 1.2538e-95 2.3831e-74 ] 0.0000e+00 [ 0.0000e+00 ] 1.0000e+00
 7.276e+01 1.2367e-74 1.2367e-74 [ 3.0495e-214 1.2345e-157 5.6343e-96 1.2367e-74 ] 0.0000e+00 [ 0.0000e+00 ] 1.0000e+00
 7.287e+01 6.4109e-75 6.4109e-75 [ 7.8428e-215 3.9859e-158 2.5292e-96 6.4109e-75 ] 0.0000e+00 [ 0.0000e+00 ] 1.0000e+00
 7.299e+01 3.3202e-75 3.3202e-75 [ 2.0153e-215 1.2857e-158 1.1342e-96 3.3202e-75 ] 0.0000e+00 [ 0.0000e+00 ] 1.0000e+00
 7.310e+01 1.7178e-75 1.7178e-75 [ 5.1738e-216 4.1426e-159 5.0813e-97 1.7178e-75 ] 0.0000e+00 [ 0.0000e+00 ] 1.0000e+00
 7.321e+01 8.8792e-76 8.8792e-76 [ 1.3270e-216 1.3334e-159 2.2741e-97 8.8792e-76 ] 0.0000e+00 [ 0.0000e+00 ] 1.0000e+00
 7.333e+01 4.5850e-76 4.5850e-76 [ 3.4006e-217 4.2876e-160 1.0167e-97 4.5850e-76 ] 0.0000e+00 [ 0.0000e+00 ] 1.0000e+00
 7.344e+01 2.3652e-76 2.3652e-76 [ 8.7060e-218 1.3772e-160 4.5412e-98 2.3652e-76 ] 0.0000e+00 [ 0.0000e+00 ] 1.0000e+00
 7.355e+01 1.2190e-76 1.2190e-76 [ 2.2268e-218 4.4189e-161 2.0262e-98 1.2190e-76 ] 0.0000e+00 [ 0.0000e+00 ] 1.0000e+00
 7.367e+01 6.2759e-77 6.2759e-77 [ 5.6899e-219 1.4163e-161 9.0318e-99 6.2759e-77 ] 0.0000e+00 [ 0.0000e+00 ] 1.0000e+00
 7.378e+01 3.2281e-77 3.2281e-77 [ 1.4525e-219 4.5346e-162 4.0218e-99 3.2281e-77 ] 0.0000e+00 [ 0.0000e+00 ] 1.0000e+00
 7.389e+01 1.6588e-77 1.6588e-77 [ 3.7040e-220 1.4502e-162 1.7891e-99 1.6588e-77 ] 0.0000e+00 [ 0.0000e+00 ] 1.0000e+00
 7.401e+01 8.5154e-78 8.5154e-78 [ 9.4361e-221 4.6326e-163 7.9509e-100 8.5154e-78 ] 0.0000e+00 [ 0.0000e+00 ] 1.0000e+00
 7.412e+01 4.3672e-78 4.3672e-78 [ 2.4014e-221 1.4781e-163 3.5298e-100 4.3672e-78 ] 0.0000e+00 [ 0.0000e+00 ] 1.0000e+00
 7.423e+01 2.2376e-78 2.2376e-78 [ 6.1046e-222 4.7109e-164 1.5655e-100 2.2376e-78 ] 0.0000e+00 [ 0.0000e+00 ] 1.0000e+00
 7.435e+01 1.1453e-78 1.1453e-78 [ 1.5502e-222 1.4996e-164 6.9362e-101 1.1453e-78 ] 0.0000e+00 [ 0.0000e+00 ] 1.0000e+00
 7.446e+01 5.8569e-79 5.8569e-79 [ 3.9321e-223 4.7677e-165 3.0700e-101 5.8569e-79 ] 0.0000e+00 [ 0.0000e+00 ] 1.0000e+00
 7.457e+01 2.9922e-79 2.9922e-79 [ 9.9623e-224 1.5139e-165 1.3575e-101 2.9922e-79 ] 0.0000e+00 [ 0.0000e+00 ] 1.0000e+00
 7.469e+01 1.5271e-79 1.5271e-79 [ 2.5211e-224 4.8011e-166 5.9960e-102 1.5271e-79 ] 0.0000e+00 [ 0.0000e+00 ] 1.0000e+00
 7.480e+01 7.7868e-80 7.7868e-80 [ 6.3723e-225 1.5206e-166 2.6458e-102 7.7868e-80 ] 0.0000e+00 [ 0.0000e+00 ] 1.0000e+00
 7.491e+01 3.9666e-80 3.9666e-80 [ 1.6087e-225 4.8095e-167 1.1663e-102 3.9666e-80 ] 0.0000e+00 [ 0.0000e+00 ] 1.0000e+00
 7.503e+01 2.0186e-80 2.0186e-80 [ 4.0558e-226 1.5191e-167 5.1355e-103 2.0186e-80 ] 0.0000e+00 [ 0.0000e+00 ] 1.0000e+00
 7.514e+01 1.0263e-80 1.0263e-80 [ 1.0212e-226 4.7913e-168 2.2589e-103 1.0263e-80 ] 0.0000e+00 [ 0.0000e+00 ] 1.0000e+00
 7.525e+01 5.2131e-81 5.2131e-81 [ 2.5679e-227 1.5090e-168 9.9256e-104 5.2131e-81 ] 0.0000e+00 [ 0.0000e+00 ] 1.0000e+00
 7.537e+01 2.6454e-81 2.6454e-81 [ 6.4481e-228 4.7454e-169 4.3564e-104 2.6454e-81 ] 0.0000e+00 [ 0.0000e+00 ] 1.0000e+00
 7.548e+01 1.3411e-81 1.3411e-81 [ 1.6168e-228 1.4900e-169 1.9099e-104 1.3411e-81 ] 0.0000e+00 [ 0.0000e+00 ] 1.0000e+00
 7.559e+01 6.7924e-82 6.7924e-82 [ 4.0481e-229 4.6708e-170 8.3633e-105 6.7924e-82 ] 0.0000e+00 [ 0.0000e+00 ] 1.0000e+00
 7.571e+01 3.4369e-82 3.4369e-82 [ 1.0120e-229 1.4618e-170 3.6579e-105 3.4369e-82 ] 0.0000e+00 [ 0.0000e+00 ] 1.0000e+00
 7.582e+01 1.7374e-82 1.7374e-82 [ 2.5259e-230 4.5669e-171 1.5978e-105 1.7374e-82 ] 0.0000e+00 [ 0.0000e+00 ] 1.0000e+00
 7.593e+01 8.7746e-83 8.7746e-83 [ 6.2941e-231 1.4243e-171 6.9707e-106 8.7746e-83 ] 0.0000e+00 [ 0.0000e+00 ] 1.0000e+00
 7.605e+01 4.4273e-83 4.4273e-83 [ 1.5657e-231 4.4338e-172 3.0369e-106 4.4273e-83 ] 0.0000e+00 [ 0.0000e+00 ] 1.0000e+00
 7.616e+01 2.2317e-83 2.2317e-83 [ 3.8882e-232 1.3776e-172 1.3212e-106 2.2317e-83 ] 0.0000e+00 [ 0.0000e+00 ] 1.0000e+00
 7.627e+01 1.1239e-83 1.1239e-83 [ 9.6378e-233 4.2717e-173 5.7390e-107 1.1239e-83 ] 0.0000e+00 [ 0.0000e+00 ] 1.0000e+00
 7.639e+01 5.6545e-84 5.6545e-84 [ 2.3844e-233 1.3218e-173 2.4890e-107 5.6545e-84 ] 0.0000e+00 [ 0.0000e+00 ] 1.0000e+00
 7.650e+01 2.8422e-84 2.8422e-84 [ 5.8875e-234 4.0816e-174 1.0776e-107 2.8422e-84 ] 0.0000e+00 [ 0.0000e+00 ] 1.0000e+00
 7.661e+01 1.4273e-84 1.4273e-84 [ 1.4507e-234 1.2575e-174 4.6571e-108 1.4273e-84 ] 0.0000e+00 [ 0.0000e+00 ] 1.0000e+00
 7.673e+01 7.1607e-85 7.1607e-85 [ 3.5669e-235 3.8650e-175 2.0087e-108 7.1607e-85 ] 0.0000e+00 [ 0.0000e+00 ] 1.0000e+00
 7.684e+01 3.5892e-85 3.5892e-85 [ 8.7503e-236 1.1850e-175 8.6461e-109 3.5892e-85 ] 0.0000e+00 [ 0.0000e+00 ] 1.0000e+00
 7.695e+01 1.7973e-85 1.7973e-85 [ 2.1415e-236 3.6241e-176 3.7131e-109 1.7973e-85 ] 0.0000e+00 [ 0.0000e+00 ] 1.0000e+00
 7.707e+01 8.9917e-86 8.9917e-86 [ 5.2281e-237 1.1053e-176 1.5908e-109 8.9917e-86 ] 0.0000e+00 [ 0.0000e+00 ] 1.0000e+00
 7.718e+01 4.4942e-86 4.4942e-86 [ 1.2730e-237 3.3615e-177 6.7971e-110 4.4942e-86 ] 0.0000e+00 [ 0.0000e+00 ] 1.0000e+00
 7.729e+01 2.2442e-86 2.2442e-86 [ 3.0910e-238 1.0193e-177 2.8961e-110 2.2442e-86 ] 0.0000e+00 [ 0.0000e+00 ] 1.0000e+00
 7.741e+01 1.1196e-86 1.1196e-86 [ 7.4835e-239 3.0807e-178 1.2302e-110 1.1196e-86 ] 0.0000e+00 [ 0.0000e+00 ] 1.0000e+00
 7.752e+01 5.5803e-87 5.5803e-87 [ 1.8061e-239 9.2797e-179 5.2078e-111 5.5803e-87 ] 0.0000e+00 [ 0.0000e+00 ] 1.0000e+00
 7.763e+01 2.7787e-87 2.7787e-87 [ 4.3444e-240 2.7852e-179 2.1967e-111 2.7787e-87 ] 0.0000e+00 [ 0.0000e+00 ] 1.0000e+00
 7.775e+01 1.3824e-87 1.3824e-87 [ 1.0413e-240 8.3275e-180 9.2289e-112 1.3824e-87 ] 0.0000e+00 [ 0.0000e+00 ] 1.0000e+00
 7.786e+01 6.8709e-88 6.8709e-88 [ 2.4861e-241 2.4795e-180 3.8605e-112 6.8709e-88 ] 0.0000e+00 [ 0.0000e+00 ] 1.0000e+00
 7.797e+01 3.4119e-88 3.4119e-88 [ 5.9107e-242 7.3497e-181 1.6072e-112 3.4119e-88 ] 0.0000e+00 [ 0.0000e+00 ] 1.0000e+00
 7.809e+01 1.6926e-88 1.6926e-88 [ 1.3989e-242 2.1680e-181 6.6562e-113 1.6926e-88 ] 0.0000e+00 [ 0.0000e+00 ] 1.0000e+00
 7.820e+01 8.3895e-89 8.3895e-89 [ 3.2940e-243 6.3609e-182 2.7408e-113 8.3895e-89 ] 0.0000e+00 [ 0.0000e+00 ] 1.0000e+00
 7.831e+01 4.1543e-89 4.1543e-89 [ 7.7132e-244 1.8553e-182 1.1213e-113 4.1543e-89 ] 0.0000e+00 [ 0.0000e+00 ] 1.0000e+00
 7.843e+01 2.0552e-89 2.0552e-89 [ 1.7949e-244 5.3761e-183 4.5549e-114 2.0552e-89 ] 0.0000e+00 [ 0.0000e+00 ] 1.0000e+00
 7.854e+01 1.0157e-89 1.0157e-89 [ 4.1472e-245 1.5463e-183 1.8353e-114 1.0157e-89 ] 0.0000e+00 [ 0.0000e+00 ] 1.0000e+00
 7.865e+01 5.0150e-90 5.0150e-90 [ 9.5048e-246 4.4102e-184 7.3273e-115 5.0150e-90 ] 0.0000e+00 [ 0.0000e+00 ] 1.0000e+00
 7.877e+01 2.4733e-90 2.4733e-90 [ 2.1579e-246 1.2456e-184 2.8945e-115 2.4733e-90 ] 0.0000e+00 [ 0.0000e+00 ] 1.0000e+00
 7.888e+01 1.2182e-90 1.2182e-90 [ 4.8443e-247 3.4773e-185 1.1293e-115 1.2182e-90 ] 0.0000e+00 [ 0.0000e+00 ] 1.0000e+00
 7.899e+01 5.9903e-91 5.9903e-91 [ 1.0728e-247 9.5736e-186 4.3406e-116 5.9903e-91 ] 0.0000e+00 [ 0.0000e+00 ] 1.0000e+00
 7.911e+01 2.9382e-91 2.9382e-91 [ 2.3360e-248 2.5906e-186 1.6382e-116 2.9382e-91 ] 0.0000e+00 [ 0.0000e+00 ] 1.0000e+00
 7.922e+01 1.4351e-91 1.4351e-91 [ 4.9768e-249 6.8565e-187 6.0408e-117 1.4351e-91 ] 0.0000e+00 [ 0.0000e+00 ] 1.0000e+00
 7.933e+01 6.9533e-92 6.9533e-92 [ 1.0296e-249 1.7616e-187 2.1597e-117 6.9533e-92 ] 0.0000e+00 [ 0.0000e+00 ] 1.0000e+00
 7.945e+01 3.3131e-92 3.3131e-92 [ 2.0424e-250 4.3378e-188 7.3874e-118 3.3131e-92 ] 0.0000e+00 [ 0.0000e+00 ] 1.0000e+00
 7.956e+01 1.5180e-92 1.5180e-92 [ 3.7930e-251 9.9918e-189 2.3535e-118 1.5180e-92 ] 0.0000e+00 [ 0.0000e+00 ] 1.0000e+00
 7.967e+01 6.2528e-93 6.2528e-93 [ 6.2335e-252 2.0279e-189 6.5016e-119 6.2528e-93 ] 0.0000e+00 [ 0.0000e+00 ] 1.0000e+00
 7.979e+01 1.7792e-93 1.7792e-93 [ 7.2593e-253 2.8413e-190 1.1706e-119 1.7792e-93 ] 0.0000e+00 [ 0.0000e+00 ] 1.0000e+00
 7.990e+01 0.0000e+00 0.0000e+00 [ 0.0000e+00 0.0000e+00 0.0000e+00 0.0000e+00 ] 0.0000e+00 [ 0.0000e+00 ] 1.0000e+00
