 0.000e+00 0.0000e+00 0.0000e+00 [ 0.0000e+00 0.0000e+00 0.0000e+00 0.0000e+00 0.0000e+00 ] 1.0000e+00
 1.133e-01 4.9108e-02 4.9108e-02 [ 4.8789e-02 1.5720e-04 7.6071e-05 7.7357e-05 8.3039e-06 ] 9.5089e-01
 2.267e-01 9.4422e-02 9.4422e-02 [ 9.3119e-02 6.4477e-04 3.1198e-04 3.1688e-04 2.9797e-05 ] 9.0558e-01
 3.400e-01 1.3432e-01 1.3432e-01 [ 1.3130e-01 1.5032e-03 7.2722e-04 7.3692e-04 6.0673e-05 ] 8.6568e-01
 4.533e-01 1.7341e-01 1.7341e-01 [ 1.6782e-01 2.7883e-03 1.3487e-03 1.3625e-03 9.8264e-05 ] 8.2659e-01
 5.667e-01 2.1352e-01 2.1352e-01 [ 2.0439e-01 4.5625e-03 2.2063e-03 2.2207e-03 1.4075e-04 ] 7.8648e-01
 6.800e-01 2.5575e-01 2.5575e-01 [ 2.4202e-01 6.8839e-03 3.3278e-03 3.3353e-03 1.8683e-04 ] 7.4425e-01
 7.933e-01 3.0049e-01 3.0049e-01 [ 2.8101e-01 9.7925e-03 4.7321e-03 4.7208e-03 2.3539e-04 ] 6.9951e-01
 9.067e-01 3.4743e-01 3.4743e-01 [ 3.2105e-01 1.3295e-02 6.4222e-03 6.3749e-03 2.8533e-04 ] 6.5257e-01
 1.020e+00 3.9556e-01 3.9556e-01 [ 3.6122e-01 1.7354e-02 8.3784e-03 8.2732e-03 3.3543e-04 ] 6.0444e-01
 1.133e+00 4.4332e-01 4.4332e-01 [ 4.0014e-01 2.1876e-02 1.0556e-02 1.0367e-02 3.8439e-04 ] 5.5668e-01
 1.247e+00 4.8890e-01 4.8890e-01 [ 4.3626e-01 2.6725e-02 1.2889e-02 1.2587e-02 4.3090e-04 ] 5.1110e-01
 1.360e+00 5.3052e-01 5.3052e-01 [ 4.6815e-01 3.1741e-02 1.5297e-02 1.4855e-02 4.7384e-04 ] 4.6948e-01
 1.473e+00 5.6684e-01 5.6684e-01 [ 4.9477e-01 3.6761e-02 1.7703e-02 1.7092e-02 5.1247e-04 ] 4.3316e-01
 1.587e+00 5.9717e-01 5.9717e-01 [ 5.1569e-01 4.1653e-02 2.0043e-02 1.9237e-02 5.4652e-04 ] 4.0283e-01
 1.700e+00 6.2143e-01 6.2143e-01 [ 5.3100e-01 4.6326e-02 2.2271e-02 2.1248e-02 5.7617e-04 ] 3.7857e-01
 1.813e+00 6.4007e-01 6.4007e-01 [ 5.4126e-01 5.0735e-02 2.4366e-02 2.3105e-02 6.0192e-04 ] 3.5993e-01
 1.927e+00 6.5387e-01 6.5387e-01 [ 5.4724e-01 5.4870e-02 2.6323e-02 2.4808e-02 6.2443e-04 ] 3.4613e-01
 2.040e+00 6.6368e-01 6.6368e-01 [ 5.4978e-01 5.8748e-02 2.8149e-02 2.6365e-02 6.4440e-04 ] 3.3632e-01
 2.153e+00 6.7037e-01 6.7037e-01 [ 5.4966e-01 6.2401e-02 2.9861e-02 2.7793e-02 6.6243e-04 ] 3.2963e-01
 2.267e+00 6.7467e-01 6.7467e-01 [ 5.4755e-01 6.5861e-02 3.1472e-02 2.9110e-02 6.7904e-04 ] 3.2533e-01
 2.380e+00 6.7719e-01 6.7719e-01 [ 5.4400e-01 6.9165e-02 3.3001e-02 3.0331e-02 6.9461e-04 ] 3.2281e-01
 2.493e+00 6.7842e-01 6.7842e-01 [ 5.3943e-01 7.2340e-02 3.4462e-02 3.1473e-02 7.0943e-04 ] 3.2158e-01
 2.607e+00 6.7870e-01 6.7870e-01 [ 5.3415e-01 7.5415e-02 3.5866e-02 3.2549e-02 7.2369e-04 ] 3.2130e-01
 2.720e+00 6.7833e-01 6.7833e-01 [ 5.2839e-01 7.8411e-02 3.7225e-02 3.3568e-02 7.3755e-04 ] 3.2167e-01
 2.833e+00 6.7751e-01 6.7751e-01 [ 5.2233e-01 8.1344e-02 3.8546e-02 3.4541e-02 7.5109e-04 ] 3.2249e-01
 2.947e+00 6.7638e-01 6.7638e-01 [ 5.1608e-01 8.4230e-02 3.9836e-02 3.5474e-02 7.6441e-04 ] 3.2362e-01
 3.060e+00 6.7506e-01 6.7506e-01 [ 5.0973e-01 8.7080e-02 4.1102e-02 3.6373e-02 7.7754e-04 ] 3.2494e-01
 3.173e+00 6.7362e-01 6.7362e-01 [ 5.0334e-01 8.9903e-02 4.2347e-02 3.7244e-02 7.9053e-04 ] 3.2638e-01
 3.287e+00 6.7212e-01 6.7212e-01 [ 4.9695e-01 9.2707e-02 4.3575e-02 3.8090e-02 8.0340e-04 ] 3.2788e-01
 3.400e+00 6.7061e-01 6.7061e-01 [ 4.9059e-01 9.5497e-02 4.4790e-02 3.8914e-02 8.1619e-04 ] 3.2939e-01
 3.513e+00 6.6910e-01 6.6910e-01 [ 4.8428e-01 9.8279e-02 4.5993e-02 3.9720e-02 8.2892e-04 ] 3.3090e-01
 3.627e+00 6.6762e-01 6.6762e-01 [ 4.7802e-01 1.0106e-01 4.7188e-02 4.0510e-02 8.4161e-04 ] 3.3238e-01
 3.740e+00 6.6618e-01 6.6618e-01 [ 4.7183e-01 1.0383e-01 4.8375e-02 4.1286e-02 8.5427e-04 ] 3.3382e-01
 3.853e+00 6.6480e-01 6.6480e-01 [ 4.6571e-01 1.0661e-01 4.9557e-02 4.2051e-02 8.6691e-04 ] 3.3520e-01
 3.967e+00 6.6348e-01 6.6348e-01 [ 4.5966e-01 1.0940e-01 5.0734e-02 4.2805e-02 8.7956e-04 ] 3.3652e-01
 4.080e+00 6.6221e-01 6.6221e-01 [ 4.5368e-01 1.1219e-01 5.1909e-02 4.3551e-02 8.9222e-04 ] 3.3779e-01
 4.193e+00 6.6101e-01 6.6101e-01 [ 4.4776e-01 1.1498e-01 5.3082e-02 4.4289e-02 9.0491e-04 ] 3.3899e-01
 4.307e+00 6.5987e-01 6.5987e-01 [ 4.4190e-01 1.1779e-01 5.4254e-02 4.5022e-02 9.1763e-04 ] 3.4013e-01
 4.420e+00 6.5880e-01 6.5880e-01 [ 4.3609e-01 1.2060e-01 5.5426e-02 4.5749e-02 9.3039e-04 ] 3.4120e-01
 4.533e+00 6.5778e-01 6.5778e-01 [ 4.3034e-01 1.2342e-01 5.6598e-02 4.6472e-02 9.4321e-04 ] 3.4222e-01
 4.647e+00 6.5682e-01 6.5682e-01 [ 4.2464e-01 1.2625e-01 5.7772e-02 4.7193e-02 9.5609e-04 ] 3.4318e-01
 4.760e+00 6.5591e-01 6.5591e-01 [ 4.1899e-01 1.2910e-01 5.8949e-02 4.7911e-02 9.6904e-04 ] 3.4409e-01
 4.873e+00 6.5505e-01 6.5505e-01 [ 4.1337e-01 1.3195e-01 6.0127e-02 4.8627e-02 9.8206e-04 ] 3.4495e-01
 4.987e+00 6.5425e-01 6.5425e-01 [ 4.0779e-01 1.3481e-01 6.1309e-02 4.9343e-02 9.9517e-04 ] 3.4575e-01
 5.100e+00 6.5349e-01 6.5349e-01 [ 4.0225e-01 1.3768e-01 6.2495e-02 5.0059e-02 1.0084e-03 ] 3.4651e-01
 5.213e+00 6.5277e-01 6.5277e-01 [ 3.9673e-01 1.4056e-01 6.3685e-02 5.0775e-02 1.0216e-03 ] 3.4723e-01
 5.327e+00 6.5209e-01 6.5209e-01 [ 3.9124e-01 1.4344e-01 6.4879e-02 5.1492e-02 1.0350e-03 ] 3.4791e-01
 5.440e+00 6.5145e-01 6.5145e-01 [ 3.8578e-01 1.4633e-01 6.6078e-02 5.2211e-02 1.0485e-03 ] 3.4855e-01
 5.553e+00 6.5084e-01 6.5084e-01 [ 3.8034e-01 1.4923e-01 6.7283e-02 5.2931e-02 1.0620e-03 ] 3.4916e-01
 5.667e+00 6.5027e-01 6.5027e-01 [ 3.7492e-01 1.5213e-01 6.8493e-02 5.3654e-02 1.0757e-03 ] 3.4973e-01
 5.780e+00 6.4972e-01 6.4972e-01 [ 3.6951e-01 1.5503e-01 6.9709e-02 5.4380e-02 1.0895e-03 ] 3.5028e-01
 5.893e+00 6.4921e-01 6.4921e-01 [ 3.6412e-01 1.5794e-01 7.0931e-02 5.5109e-02 1.1034e-03 ] 3.5079e-01
 6.007e+00 6.4871e-01 6.4871e-01 [ 3.5875e-01 1.6084e-01 7.2160e-02 5.5842e-02 1.1174e-03 ] 3.5129e-01
 6.120e+00 6.4824e-01 6.4824e-01 [ 3.5339e-01 1.6375e-01 7.3395e-02 5.6578e-02 1.1315e-03 ] 3.5176e-01
 6.233e+00 6.4779e-01 6.4779e-01 [ 3.4804e-01 1.6665e-01 7.4637e-02 5.7319e-02 1.1458e-03 ] 3.5221e-01
 6.347e+00 6.4736e-01 6.4736e-01 [ 3.4271e-01 1.6954e-01 7.5887e-02 5.8064e-02 1.1601e-03 ] 3.5264e-01
 6.460e+00 6.4694e-01 6.4694e-01 [ 3.3738e-01 1.7243e-01 7.7144e-02 5.8813e-02 1.1746e-03 ] 3.5306e-01
 6.573e+00 6.4654e-01 6.4654e-01 [ 3.3207e-01 1.7531e-01 7.8409e-02 5.9568e-02 1.1892e-03 ] 3.5346e-01
 6.687e+00 6.4615e-01 6.4615e-01 [ 3.2677e-01 1.7817e-01 7.9681e-02 6.0328e-02 1.2039e-03 ] 3.5385e-01
 6.800e+00 6.4578e-01 6.4578e-01 [ 3.2148e-01 1.8103e-01 8.0962e-02 6.1093e-02 1.2188e-03 ] 3.5422e-01
 6.913e+00 6.4542e-01 6.4542e-01 [ 3.1620e-01 1.8387e-01 8.2251e-02 6.1864e-02 1.2338e-03 ] 3.5458e-01
 7.027e+00 6.4506e-01 6.4506e-01 [ 3.1094e-01 1.8669e-01 8.3548e-02 6.2641e-02 1.2489e-03 ] 3.5494e-01
 7.140e+00 6.4472e-01 6.4472e-01 [ 3.0569e-01 1.8949e-01 8.4854e-02 6.3423e-02 1.2642e-03 ] 3.5528e-01
 7.253e+00 6.4438e-01 6.4438e-01 [ 3.0045e-01 1.9227e-01 8.6168e-02 6.4212e-02 1.2796e-03 ] 3.5562e-01
 7.367e+00 6.4405e-01 6.4405e-01 [ 2.9523e-01 1.9503e-01 8.7492e-02 6.5007e-02 1.2951e-03 ] 3.5595e-01
 7.480e+00 6.4372e-01 6.4372e-01 [ 2.9002e-01 1.9776e-01 8.8825e-02 6.5809e-02 1.3108e-03 ] 3.5628e-01
 7.593e+00 6.4340e-01 6.4340e-01 [ 2.8483e-01 2.0046e-01 9.0167e-02 6.6617e-02 1.3266e-03 ] 3.5660e-01
 7.707e+00 6.4309e-01 6.4309e-01 [ 2.7966e-01 2.0313e-01 9.1518e-02 6.7432e-02 1.3426e-03 ] 3.5691e-01
 7.820e+00 6.4278e-01 6.4278e-01 [ 2.7451e-01 2.0577e-01 9.2879e-02 6.8255e-02 1.3587e-03 ] 3.5722e-01
 7.933e+00 6.4247e-01 6.4247e-01 [ 2.6938e-01 2.0838e-01 9.4250e-02 6.9084e-02 1.3749e-03 ] 3.5753e-01
 8.047e+00 6.4216e-01 6.4216e-01 [ 2.6427e-01 2.1094e-01 9.5631e-02 6.9920e-02 1.3913e-03 ] 3.5784e-01
 8.160e+00 6.4185e-01 6.4185e-01 [ 2.5919e-01 2.1347e-01 9.7021e-02 7.0763e-02 1.4078e-03 ] 3.5815e-01
 8.273e+00 6.4155e-01 6.4155e-01 [ 2.5413e-01 2.1596e-01 9.8422e-02 7.1614e-02 1.4245e-03 ] 3.5845e-01
 8.387e+00 6.4125e-01 6.4125e-01 [ 2.4911e-01 2.1840e-01 9.9832e-02 7.2473e-02 1.4414e-03 ] 3.5875e-01
 8.500e+00 6.4095e-01 6.4095e-01 [ 2.4410e-01 2.2079e-01 1.0125e-01 7.3339e-02 1.4584e-03 ] 3.5905e-01
 8.613e+00 6.4064e-01 6.4064e-01 [ 2.3913e-01 2.2314e-01 1.0268e-01 7.4213e-02 1.4755e-03 ] 3.5936e-01
 8.727e+00 6.4034e-01 6.4034e-01 [ 2.3420e-01 2.2543e-01 1.0413e-01 7.5095e-02 1.4928e-03 ] 3.5966e-01
 8.840e+00 6.4004e-01 6.4004e-01 [ 2.2929e-01 2.2767e-01 1.0558e-01 7.5985e-02 1.5103e-03 ] 3.5996e-01
 8.953e+00 6.3974e-01 6.3974e-01 [ 2.2442e-01 2.2986e-01 1.0704e-01 7.6883e-02 1.5280e-03 ] 3.6026e-01
 9.067e+00 6.3943e-01 6.3943e-01 [ 2.1959e-01 2.3199e-01 1.0851e-01 7.7789e-02 1.5458e-03 ] 3.6057e-01
 9.180e+00 6.3912e-01 6.3912e-01 [ 2.1480e-01 2.3406e-01 1.1000e-01 7.8703e-02 1.5637e-03 ] 3.6088e-01
 9.293e+00 6.3882e-01 6.3882e-01 [ 2.1005e-01 2.3607e-01 1.1149e-01 7.9625e-02 1.5819e-03 ] 3.6118e-01
 9.407e+00 6.3851e-01 6.3851e-01 [ 2.0534e-01 2.3801e-01 1.1300e-01 8.0557e-02 1.6002e-03 ] 3.6149e-01
 9.520e+00 6.3820e-01 6.3820e-01 [ 2.0068e-01 2.3990e-01 1.1451e-01 8.1496e-02 1.6187e-03 ] 3.6180e-01
 9.633e+00 6.3788e-01 6.3788e-01 [ 1.9606e-01 2.4171e-01 1.1604e-01 8.2445e-02 1.6373e-03 ] 3.6212e-01
 9.747e+00 6.3757e-01 6.3757e-01 [ 1.9148e-01 2.4346e-01 1.1757e-01 8.3402e-02 1.6562e-03 ] 3.6243e-01
 9.860e+00 6.3725e-01 6.3725e-01 [ 1.8696e-01 2.4513e-01 1.1912e-01 8.4368e-02 1.6752e-03 ] 3.6275e-01
 9.973e+00 6.3693e-01 6.3693e-01 [ 1.8248e-01 2.4674e-01 1.2068e-01 8.5343e-02 1.6944e-03 ] 3.6307e-01
 1.009e+01 6.3661e-01 6.3661e-01 [ 1.7806e-01 2.4827e-01 1.2224e-01 8.6328e-02 1.7138e-03 ] 3.6339e-01
 1.020e+01 6.3628e-01 6.3628e-01 [ 1.7369e-01 2.4972e-01 1.2382e-01 8.7321e-02 1.7334e-03 ] 3.6372e-01
 1.031e+01 6.3596e-01 6.3596e-01 [ 1.6937e-01 2.5111e-01 1.2541e-01 8.8324e-02 1.7532e-03 ] 3.6404e-01
 1.043e+01 6.3563e-01 6.3563e-01 [ 1.6510e-01 2.5241e-01 1.2700e-01 8.9337e-02 1.7731e-03 ] 3.6437e-01
 1.054e+01 6.3529e-01 6.3529e-01 [ 1.6089e-01 2.5364e-01 1.2861e-01 9.0359e-02 1.7933e-03 ] 3.6471e-01
 1.065e+01 6.3495e-01 6.3495e-01 [ 1.5674e-01 2.5478e-01 1.3022e-01 9.1391e-02 1.8137e-03 ] 3.6505e-01
 1.077e+01 6.3461e-01 6.3461e-01 [ 1.5265e-01 2.5585e-01 1.3185e-01 9.2433e-02 1.8343e-03 ] 3.6539e-01
 1.088e+01 6.3427e-01 6.3427e-01 [ 1.4862e-01 2.5683e-01 1.3348e-01 9.3485e-02 1.8551e-03 ] 3.6573e-01
 1.099e+01 6.3392e-01 6.3392e-01 [ 1.4464e-01 2.5774e-01 1.3512e-01 9.4547e-02 1.8762e-03 ] 3.6608e-01
 1.111e+01 6.3357e-01 6.3357e-01 [ 1.4073e-01 2.5856e-01 1.3677e-01 9.5619e-02 1.8974e-03 ] 3.6643e-01
 1.122e+01 6.3322e-01 6.3322e-01 [ 1.3688e-01 2.5930e-01 1.3842e-01 9.6702e-02 1.9189e-03 ] 3.6678e-01
 1.133e+01 6.3286e-01 6.3286e-01 [ 1.3308e-01 2.5995e-01 1.4009e-01 9.7796e-02 1.9406e-03 ] 3.6714e-01
 1.145e+01 6.3250e-01 6.3250e-01 [ 1.2936e-01 2.6052e-01 1.4176e-01 9.8901e-02 1.9626e-03 ] 3.6750e-01
 1.156e+01 6.3213e-01 6.3213e-01 [ 1.2569e-01 2.6100e-01 1.4343e-01 1.0002e-01 1.9848e-03 ] 3.6787e-01
 1.167e+01 6.3176e-01 6.3176e-01 [ 1.2209e-01 2.6141e-01 1.4512e-01 1.0114e-01 2.0072e-03 ] 3.6824e-01
 1.179e+01 6.3139e-01 6.3139e-01 [ 1.1855e-01 2.6172e-01 1.4680e-01 1.0228e-01 2.0299e-03 ] 3.6861e-01
 1.190e+01 6.3101e-01 6.3101e-01 [ 1.1508e-01 2.6195e-01 1.4849e-01 1.0343e-01 2.0528e-03 ] 3.6899e-01
 1.201e+01 6.3063e-01 6.3063e-01 [ 1.1167e-01 2.6210e-01 1.5019e-01 1.0459e-01 2.0761e-03 ] 3.6937e-01
 1.213e+01 6.3024e-01 6.3024e-01 [ 1.0832e-01 2.6216e-01 1.5189e-01 1.0577e-01 2.0995e-03 ] 3.6976e-01
 1.224e+01 6.2985e-01 6.2985e-01 [ 1.0504e-01 2.6214e-01 1.5359e-01 1.0696e-01 2.1233e-03 ] 3.7015e-01
 1.235e+01 6.2946e-01 6.2946e-01 [ 1.0183e-01 2.6203e-01 1.5529e-01 1.0815e-01 2.1473e-03 ] 3.7054e-01
 1.247e+01 6.2906e-01 6.2906e-01 [ 9.8674e-02 2.6184e-01 1.5700e-01 1.0937e-01 2.1716e-03 ] 3.7094e-01
 1.258e+01 6.2865e-01 6.2865e-01 [ 9.5587e-02 2.6157e-01 1.5870e-01 1.1059e-01 2.1962e-03 ] 3.7135e-01
 1.269e+01 6.2824e-01 6.2824e-01 [ 9.2565e-02 2.6122e-01 1.6041e-01 1.1183e-01 2.2212e-03 ] 3.7176e-01
 1.281e+01 6.2783e-01 6.2783e-01 [ 8.9608e-02 2.6078e-01 1.6211e-01 1.1308e-01 2.2464e-03 ] 3.7217e-01
 1.292e+01 6.2741e-01 6.2741e-01 [ 8.6714e-02 2.6026e-01 1.6381e-01 1.1435e-01 2.2719e-03 ] 3.7259e-01
 1.303e+01 6.2699e-01 6.2699e-01 [ 8.3884e-02 2.5967e-01 1.6551e-01 1.1563e-01 2.2978e-03 ] 3.7301e-01
 1.315e+01 6.2656e-01 6.2656e-01 [ 8.1117e-02 2.5899e-01 1.6721e-01 1.1692e-01 2.3240e-03 ] 3.7344e-01
 1.326e+01 6.2613e-01 6.2613e-01 [ 7.8414e-02 2.5824e-01 1.6889e-01 1.1823e-01 2.3505e-03 ] 3.7387e-01
 1.337e+01 6.2569e-01 6.2569e-01 [ 7.5773e-02 2.5741e-01 1.7058e-01 1.1956e-01 2.3774e-03 ] 3.7431e-01
 1.349e+01 6.2525e-01 6.2525e-01 [ 7.3194e-02 2.5650e-01 1.7225e-01 1.2090e-01 2.4046e-03 ] 3.7475e-01
 1.360e+01 6.2480e-01 6.2480e-01 [ 7.0678e-02 2.5552e-01 1.7392e-01 1.2226e-01 2.4322e-03 ] 3.7520e-01
 1.371e+01 6.2435e-01 6.2435e-01 [ 6.8222e-02 2.5446e-01 1.7557e-01 1.2363e-01 2.4602e-03 ] 3.7565e-01
 1.383e+01 6.2389e-01 6.2389e-01 [ 6.5827e-02 2.5333e-01 1.7722e-01 1.2502e-01 2.4885e-03 ] 3.7611e-01
 1.394e+01 6.2342e-01 6.2342e-01 [ 6.3491e-02 2.5214e-01 1.7885e-01 1.2643e-01 2.5172e-03 ] 3.7658e-01
 1.405e+01 6.2295e-01 6.2295e-01 [ 6.1215e-02 2.5087e-01 1.8047e-01 1.2786e-01 2.5463e-03 ] 3.7705e-01
 1.417e+01 6.2248e-01 6.2248e-01 [ 5.8998e-02 2.4953e-01 1.8207e-01 1.2930e-01 2.5759e-03 ] 3.7752e-01
 1.428e+01 6.2199e-01 6.2199e-01 [ 5.6839e-02 2.4813e-01 1.8365e-01 1.3076e-01 2.6058e-03 ] 3.7801e-01
 1.439e+01 6.2151e-01 6.2151e-01 [ 5.4737e-02 2.4667e-01 1.8522e-01 1.3225e-01 2.6362e-03 ] 3.7849e-01
 1.451e+01 6.2101e-01 6.2101e-01 [ 5.2691e-02 2.4514e-01 1.8677e-01 1.3375e-01 2.6670e-03 ] 3.7899e-01
 1.462e+01 6.2051e-01 6.2051e-01 [ 5.0701e-02 2.4355e-01 1.8830e-01 1.3527e-01 2.6982e-03 ] 3.7949e-01
 1.473e+01 6.2001e-01 6.2001e-01 [ 4.8767e-02 2.4189e-01 1.8980e-01 1.3681e-01 2.7299e-03 ] 3.7999e-01
 1.485e+01 6.1949e-01 6.1949e-01 [ 4.6886e-02 2.4019e-01 1.9128e-01 1.3837e-01 2.7621e-03 ] 3.8051e-01
 1.496e+01 6.1898e-01 6.1898e-01 [ 4.5059e-02 2.3842e-01 1.9274e-01 1.3996e-01 2.7947e-03 ] 3.8102e-01
 1.507e+01 6.1845e-01 6.1845e-01 [ 4.3285e-02 2.3660e-01 1.9417e-01 1.4157e-01 2.8278e-03 ] 3.8155e-01
 1.519e+01 6.1792e-01 6.1792e-01 [ 4.1562e-02 2.3473e-01 1.9557e-01 1.4320e-01 2.8614e-03 ] 3.8208e-01
 1.530e+01 6.1739e-01 6.1739e-01 [ 3.9890e-02 2.3281e-01 1.9694e-01 1.4485e-01 2.8955e-03 ] 3.8261e-01
 1.541e+01 6.1685e-01 6.1685e-01 [ 3.8269e-02 2.3084e-01 1.9828e-01 1.4653e-01 2.9301e-03 ] 3.8315e-01
 1.553e+01 6.1630e-01 6.1630e-01 [ 3.6697e-02 2.2882e-01 1.9958e-01 1.4824e-01 2.9652e-03 ] 3.8370e-01
 1.564e+01 6.1575e-01 6.1575e-01 [ 3.5173e-02 2.2676e-01 2.0085e-01 1.4997e-01 3.0009e-03 ] 3.8425e-01
 1.575e+01 6.1520e-01 6.1520e-01 [ 3.3696e-02 2.2465e-01 2.0208e-01 1.5173e-01 3.0370e-03 ] 3.8480e-01
 1.587e+01 6.1464e-01 6.1464e-01 [ 3.2267e-02 2.2251e-01 2.0328e-01 1.5351e-01 3.0738e-03 ] 3.8536e-01
 1.598e+01 6.1408e-01 6.1408e-01 [ 3.0883e-02 2.2032e-01 2.0444e-01 1.5533e-01 3.1110e-03 ] 3.8592e-01
 1.609e+01 6.1352e-01 6.1352e-01 [ 2.9544e-02 2.1810e-01 2.0555e-01 1.5717e-01 3.1489e-03 ] 3.8648e-01
 1.621e+01 6.1295e-01 6.1295e-01 [ 2.8249e-02 2.1584e-01 2.0663e-01 1.5905e-01 3.1873e-03 ] 3.8705e-01
 1.632e+01 6.1239e-01 6.1239e-01 [ 2.6997e-02 2.1355e-01 2.0766e-01 1.6095e-01 3.2262e-03 ] 3.8761e-01
 1.643e+01 6.1183e-01 6.1183e-01 [ 2.5788e-02 2.1123e-01 2.0865e-01 1.6289e-01 3.2658e-03 ] 3.8817e-01
 1.655e+01 6.1127e-01 6.1127e-01 [ 2.4620e-02 2.0888e-01 2.0959e-01 1.6487e-01 3.3060e-03 ] 3.8873e-01
 1.666e+01 6.1072e-01 6.1072e-01 [ 2.3493e-02 2.0651e-01 2.1049e-01 1.6688e-01 3.3468e-03 ] 3.8928e-01
 1.677e+01 6.1017e-01 6.1017e-01 [ 2.2405e-02 2.0411e-01 2.1135e-01 1.6892e-01 3.3881e-03 ] 3.8983e-01
 1.689e+01 6.0964e-01 6.0964e-01 [ 2.1357e-02 2.0169e-01 2.1215e-01 1.7101e-01 3.4301e-03 ] 3.9036e-01
 1.700e+01 6.0912e-01 6.0912e-01 [ 2.0346e-02 1.9925e-01 2.1292e-01 1.7313e-01 3.4727e-03 ] 3.9088e-01
 1.711e+01 6.0861e-01 6.0861e-01 [ 1.9372e-02 1.9679e-01 2.1363e-01 1.7530e-01 3.5160e-03 ] 3.9139e-01
 1.723e+01 6.0812e-01 6.0812e-01 [ 1.8435e-02 1.9432e-01 2.1430e-01 1.7751e-01 3.5599e-03 ] 3.9188e-01
 1.734e+01 6.0766e-01 6.0766e-01 [ 1.7533e-02 1.9184e-01 2.1492e-01 1.7976e-01 3.6044e-03 ] 3.9234e-01
 1.745e+01 6.0723e-01 6.0723e-01 [ 1.6666e-02 1.8935e-01 2.1550e-01 1.8207e-01 3.6496e-03 ] 3.9277e-01
 1.757e+01 6.0683e-01 6.0683e-01 [ 1.5832e-02 1.8685e-01 2.1603e-01 1.8442e-01 3.6955e-03 ] 3.9317e-01
 1.768e+01 6.0647e-01 6.0647e-01 [ 1.5032e-02 1.8434e-01 2.1653e-01 1.8682e-01 3.7420e-03 ] 3.9353e-01
 1.779e+01 6.0615e-01 6.0615e-01 [ 1.4263e-02 1.8184e-01 2.1698e-01 1.8928e-01 3.7892e-03 ] 3.9385e-01
 1.791e+01 6.0588e-01 6.0588e-01 [ 1.3526e-02 1.7933e-01 2.1739e-01 1.9180e-01 3.8370e-03 ] 3.9412e-01
 1.802e+01 6.0567e-01 6.0567e-01 [ 1.2819e-02 1.7683e-01 2.1776e-01 1.9438e-01 3.8856e-03 ] 3.9433e-01
 1.813e+01 6.0552e-01 6.0552e-01 [ 1.2141e-02 1.7433e-01 2.1810e-01 1.9701e-01 3.9348e-03 ] 3.9448e-01
 1.825e+01 6.0544e-01 6.0544e-01 [ 1.1493e-02 1.7184e-01 2.1840e-01 1.9972e-01 3.9847e-03 ] 3.9456e-01
 1.836e+01 6.0544e-01 6.0544e-01 [ 1.0872e-02 1.6936e-01 2.1868e-01 2.0249e-01 4.0353e-03 ] 3.9456e-01
 1.847e+01 6.0553e-01 6.0553e-01 [ 1.0278e-02 1.6690e-01 2.1893e-01 2.0534e-01 4.0865e-03 ] 3.9447e-01
 1.859e+01 6.0571e-01 6.0571e-01 [ 9.7107e-03 1.6445e-01 2.1916e-01 2.0825e-01 4.1384e-03 ] 3.9429e-01
 1.870e+01 6.0599e-01 6.0599e-01 [ 9.1689e-03 1.6202e-01 2.1936e-01 2.1125e-01 4.1910e-03 ] 3.9401e-01
 1.881e+01 6.0638e-01 6.0638e-01 [ 8.6517e-03 1.5961e-01 2.1955e-01 2.1432e-01 4.2442e-03 ] 3.9362e-01
 1.893e+01 6.0689e-01 6.0689e-01 [ 8.1584e-03 1.5723e-01 2.1973e-01 2.1748e-01 4.2981e-03 ] 3.9311e-01
 1.904e+01 6.0753e-01 6.0753e-01 [ 7.6883e-03 1.5487e-01 2.1990e-01 2.2072e-01 4.3525e-03 ] 3.9247e-01
 1.915e+01 6.0830e-01 6.0830e-01 [ 7.2405e-03 1.5254e-01 2.2007e-01 2.2405e-01 4.4076e-03 ] 3.9170e-01
 1.927e+01 6.0922e-01 6.0922e-01 [ 6.8144e-03 1.5025e-01 2.2023e-01 2.2746e-01 4.4632e-03 ] 3.9078e-01
 1.938e+01 6.1028e-01 6.1028e-01 [ 6.4091e-03 1.4799e-01 2.2040e-01 2.3096e-01 4.5193e-03 ] 3.8972e-01
 1.949e+01 6.1150e-01 6.1150e-01 [ 6.0238e-03 1.4576e-01 2.2058e-01 2.3456e-01 4.5758e-03 ] 3.8850e-01
 1.961e+01 6.1288e-01 6.1288e-01 [ 5.6580e-03 1.4358e-01 2.2077e-01 2.3824e-01 4.6328e-03 ] 3.8712e-01
 1.972e+01 6.1443e-01 6.1443e-01 [ 5.3108e-03 1.4144e-01 2.2098e-01 2.4201e-01 4.6901e-03 ] 3.8557e-01
 1.983e+01 6.1615e-01 6.1615e-01 [ 4.9815e-03 1.3935e-01 2.2120e-01 2.4587e-01 4.7476e-03 ] 3.8385e-01
 1.995e+01 6.1804e-01 6.1804e-01 [ 4.6695e-03 1.3731e-01 2.2145e-01 2.4981e-01 4.8053e-03 ] 3.8196e-01
 2.006e+01 6.2011e-01 6.2011e-01 [ 4.3741e-03 1.3531e-01 2.2173e-01 2.5383e-01 4.8631e-03 ] 3.7989e-01
 2.017e+01 6.2235e-01 6.2235e-01 [ 4.0946e-03 1.3338e-01 2.2203e-01 2.5792e-01 4.9208e-03 ] 3.7765e-01
 2.029e+01 6.2476e-01 6.2476e-01 [ 3.8303e-03 1.3150e-01 2.2237e-01 2.6208e-01 4.9784e-03 ] 3.7524e-01
 2.040e+01 6.2734e-01 6.2734e-01 [ 3.5808e-03 1.2969e-01 2.2274e-01 2.6630e-01 5.0356e-03 ] 3.7266e-01
 2.051e+01 6.3008e-01 6.3008e-01 [ 3.3452e-03 1.2795e-01 2.2314e-01 2.7056e-01 5.0924e-03 ] 3.6992e-01
 2.063e+01 6.3297e-01 6.3297e-01 [ 3.1232e-03 1.2628e-01 2.2358e-01 2.7485e-01 5.1486e-03 ] 3.6703e-01
 2.074e+01 6.3600e-01 6.3600e-01 [ 2.9140e-03 1.2468e-01 2.2404e-01 2.7915e-01 5.2039e-03 ] 3.6400e-01
 2.085e+01 6.3914e-01 6.3914e-01 [ 2.7172e-03 1.2317e-01 2.2454e-01 2.8345e-01 5.2583e-03 ] 3.6086e-01
 2.097e+01 6.4236e-01 6.4236e-01 [ 2.5323e-03 1.2175e-01 2.2506e-01 2.8771e-01 5.3114e-03 ] 3.5764e-01
 2.108e+01 6.4564e-01 6.4564e-01 [ 2.3586e-03 1.2041e-01 2.2560e-01 2.9191e-01 5.3631e-03 ] 3.5436e-01
 2.119e+01 6.4893e-01 6.4893e-01 [ 2.1958e-03 1.1918e-01 2.2614e-01 2.9600e-01 5.4131e-03 ] 3.5107e-01
 2.131e+01 6.5216e-01 6.5216e-01 [ 2.0434e-03 1.1804e-01 2.2667e-01 2.9995e-01 5.4612e-03 ] 3.4784e-01
 2.142e+01 6.5525e-01 6.5525e-01 [ 1.9009e-03 1.1700e-01 2.2716e-01 3.0369e-01 5.5069e-03 ] 3.4475e-01
 2.153e+01 6.5810e-01 6.5810e-01 [ 1.7678e-03 1.1606e-01 2.2758e-01 3.0714e-01 5.5499e-03 ] 3.4190e-01
 2.165e+01 6.6057e-01 6.6057e-01 [ 1.6437e-03 1.1522e-01 2.2789e-01 3.1023e-01 5.5897e-03 ] 3.3943e-01
 2.176e+01 6.6244e-01 6.6244e-01 [ 1.5280e-03 1.1445e-01 2.2802e-01 3.1282e-01 5.6256e-03 ] 3.3756e-01
 2.187e+01 6.6348e-01 6.6348e-01 [ 1.4202e-03 1.1375e-01 2.2788e-01 3.1477e-01 5.6565e-03 ] 3.3652e-01
 2.199e+01 6.6334e-01 6.6334e-01 [ 1.3199e-03 1.1308e-01 2.2738e-01 3.1588e-01 5.6811e-03 ] 3.3666e-01
 2.210e+01 6.6158e-01 6.6158e-01 [ 1.2262e-03 1.1238e-01 2.2636e-01 3.1592e-01 5.6972e-03 ] 3.3842e-01
 2.221e+01 6.5761e-01 6.5761e-01 [ 1.1384e-03 1.1158e-01 2.2462e-01 3.1457e-01 5.7018e-03 ] 3.4239e-01
 2.233e+01 6.5074e-01 6.5074e-01 [ 1.0557e-03 1.1058e-01 2.2194e-01 3.1148e-01 5.6909e-03 ] 3.4926e-01
 2.244e+01 6.4013e-01 6.4013e-01 [ 9.7709e-04 1.0925e-01 2.1803e-01 3.0621e-01 5.6587e-03 ] 3.5987e-01
 2.255e+01 6.2486e-01 6.2486e-01 [ 9.0155e-04 1.0744e-01 2.1259e-01 2.9833e-01 5.5985e-03 ] 3.7514e-01
 2.267e+01 6.0408e-01 6.0408e-01 [ 8.2815e-04 1.0500e-01 2.0533e-01 2.8742e-01 5.5024e-03 ] 3.9592e-01
 2.278e+01 5.7714e-01 5.7714e-01 [ 7.5614e-04 1.0177e-01 1.9604e-01 2.7321e-01 5.3631e-03 ] 4.2286e-01
 2.289e+01 5.4387e-01 5.4387e-01 [ 6.8520e-04 9.7680e-02 1.8466e-01 2.5568e-01 5.1750e-03 ] 4.5613e-01
 2.301e+01 5.0476e-01 5.0476e-01 [ 6.1555e-04 9.2720e-02 1.7136e-01 2.3513e-01 4.9367e-03 ] 4.9524e-01
 2.312e+01 4.6102e-01 4.6102e-01 [ 5.4793e-04 8.7011e-02 1.5656e-01 2.1225e-01 4.6519e-03 ] 5.3898e-01
 2.323e+01 4.1450e-01 4.1450e-01 [ 4.8348e-04 8.0775e-02 1.4088e-01 1.8803e-01 4.3295e-03 ] 5.8550e-01
 2.335e+01 3.6734e-01 3.6734e-01 [ 4.2346e-04 7.4300e-02 1.2503e-01 1.6360e-01 3.9826e-03 ] 6.3266e-01
 2.346e+01 3.2164e-01 3.2164e-01 [ 3.6895e-04 6.7890e-02 1.0973e-01 1.4003e-01 3.6256e-03 ] 6.7836e-01
 2.357e+01 2.7909e-01 2.7909e-01 [ 3.2059e-04 6.1807e-02 9.5529e-02 1.1816e-01 3.2722e-03 ] 7.2091e-01
 2.369e+01 2.4083e-01 2.4083e-01 [ 2.7861e-04 5.6244e-02 8.2819e-02 9.8560e-02 2.9334e-03 ] 7.5917e-01
 2.380e+01 2.0745e-01 2.0745e-01 [ 2.4277e-04 5.1314e-02 7.1780e-02 8.1493e-02 2.6169e-03 ] 7.9255e-01
 2.391e+01 1.7901e-01 1.7901e-01 [ 2.1256e-04 4.7055e-02 6.2437e-02 6.6976e-02 2.3270e-03 ] 8.2099e-01
 2.403e+01 1.5525e-01 1.5525e-01 [ 1.8728e-04 4.3451e-02 5.4694e-02 5.4856e-02 2.0654e-03 ] 8.4475e-01
 2.414e+01 1.3572e-01 1.3572e-01 [ 1.6620e-04 4.0451e-02 4.8391e-02 4.4883e-02 1.8319e-03 ] 8.6428e-01
 2.425e+01 1.1986e-01 1.1986e-01 [ 1.4859e-04 3.7983e-02 4.3337e-02 3.6765e-02 1.6250e-03 ] 8.8014e-01
 2.437e+01 1.0709e-01 1.0709e-01 [ 1.3382e-04 3.5972e-02 3.9338e-02 3.0208e-02 1.4426e-03 ] 8.9291e-01
 2.448e+01 9.6899e-02 9.6899e-02 [ 1.2133e-04 3.4342e-02 3.6212e-02 2.4941e-02 1.2822e-03 ] 9.0310e-01
 2.459e+01 8.8802e-02 8.8802e-02 [ 1.1065e-04 3.3025e-02 3.3799e-02 2.0725e-02 1.1414e-03 ] 9.1120e-01
 2.471e+01 8.2399e-02 8.2399e-02 [ 1.0143e-04 3.1960e-02 3.1962e-02 1.7358e-02 1.0181e-03 ] 9.1760e-01
 2.482e+01 7.7356e-02 7.7356e-02 [ 9.3376e-05 3.1097e-02 3.0585e-02 1.4670e-02 9.1017e-04 ] 9.2264e-01
 2.493e+01 7.3396e-02 7.3396e-02 [ 8.6247e-05 3.0393e-02 2.9575e-02 1.2526e-02 8.1579e-04 ] 9.2660e-01
 2.505e+01 7.0295e-02 7.0295e-02 [ 7.9872e-05 2.9812e-02 2.8854e-02 1.0816e-02 7.3340e-04 ] 9.2970e-01
 2.516e+01 6.7875e-02 6.7875e-02 [ 7.4112e-05 2.9326e-02 2.8362e-02 9.4510e-03 6.6163e-04 ] 9.3212e-01
 2.527e+01 6.5994e-02 6.5994e-02 [ 6.8862e-05 2.8913e-02 2.8050e-02 8.3628e-03 5.9932e-04 ] 9.3401e-01
 2.539e+01 6.4537e-02 6.4537e-02 [ 6.4041e-05 2.8553e-02 2.7877e-02 7.4964e-03 5.4548e-04 ] 9.3546e-01
 2.550e+01 6.3415e-02 6.3415e-02 [ 5.9588e-05 2.8233e-02 2.7815e-02 6.8091e-03 4.9929e-04 ] 9.3658e-01
 2.561e+01 6.2559e-02 6.2559e-02 [ 5.5455e-05 2.7939e-02 2.7837e-02 6.2674e-03 4.6007e-04 ] 9.3744e-01
 2.573e+01 6.1914e-02 6.1914e-02 [ 5.1606e-05 2.7665e-02 2.7925e-02 5.8455e-03 4.2726e-04 ] 9.3809e-01
 2.584e+01 6.1438e-02 6.1438e-02 [ 4.8010e-05 2.7401e-02 2.8065e-02 5.5236e-03 4.0041e-04 ] 9.3856e-01
 2.595e+01 6.1100e-02 6.1100e-02 [ 4.4645e-05 2.7144e-02 2.8245e-02 5.2868e-03 3.7917e-04 ] 9.3890e-01
 2.607e+01 6.0877e-02 6.0877e-02 [ 4.1494e-05 2.6890e-02 2.8458e-02 5.1244e-03 3.6331e-04 ] 9.3912e-01
 2.618e+01 6.0754e-02 6.0754e-02 [ 3.8541e-05 2.6636e-02 2.8698e-02 5.0291e-03 3.5266e-04 ] 9.3925e-01
 2.629e+01 6.0723e-02 6.0723e-02 [ 3.5774e-05 2.6381e-02 2.8963e-02 4.9969e-03 3.4714e-04 ] 9.3928e-01
 2.641e+01 6.0784e-02 6.0784e-02 [ 3.3181e-05 2.6124e-02 2.9253e-02 5.0267e-03 3.4676e-04 ] 9.3922e-01
 2.652e+01 6.0941e-02 6.0941e-02 [ 3.0754e-05 2.5867e-02 2.9572e-02 5.1204e-03 3.5164e-04 ] 9.3906e-01
 2.663e+01 6.1209e-02 6.1209e-02 [ 2.8484e-05 2.5610e-02 2.9925e-02 5.2831e-03 3.6193e-04 ] 9.3879e-01
 2.675e+01 6.1607e-02 6.1607e-02 [ 2.6363e-05 2.5357e-02 3.0321e-02 5.5235e-03 3.7793e-04 ] 9.3839e-01
 2.686e+01 6.2166e-02 6.2166e-02 [ 2.4385e-05 2.5111e-02 3.0775e-02 5.8547e-03 4.0001e-04 ] 9.3783e-01
 2.697e+01 6.2928e-02 6.2928e-02 [ 2.2542e-05 2.4877e-02 3.1304e-02 6.2948e-03 4.2865e-04 ] 9.3707e-01
 2.709e+01 6.3949e-02 6.3949e-02 [ 2.0828e-05 2.4661e-02 3.1933e-02 6.8689e-03 4.6447e-04 ] 9.3605e-01
 2.720e+01 6.5302e-02 6.5302e-02 [ 1.9237e-05 2.4470e-02 3.2694e-02 7.6100e-03 5.0820e-04 ] 9.3470e-01
 2.731e+01 6.7083e-02 6.7083e-02 [ 1.7764e-05 2.4313e-02 3.3629e-02 8.5620e-03 5.6076e-04 ] 9.3292e-01
 2.743e+01 6.9415e-02 6.9415e-02 [ 1.6401e-05 2.4203e-02 3.4790e-02 9.7822e-03 6.2323e-04 ] 9.3058e-01
 2.754e+01 7.2456e-02 7.2456e-02 [ 1.5145e-05 2.4151e-02 3.6247e-02 1.1346e-02 6.9689e-04 ] 9.2754e-01
 2.765e+01 7.6408e-02 7.6408e-02 [ 1.3990e-05 2.4176e-02 3.8086e-02 1.3349e-02 7.8328e-04 ] 9.2359e-01
 2.777e+01 8.1526e-02 8.1526e-02 [ 1.2931e-05 2.4296e-02 4.0416e-02 1.5917e-02 8.8420e-04 ] 9.1847e-01
 2.788e+01 8.8130e-02 8.8130e-02 [ 1.1962e-05 2.4535e-02 4.3374e-02 1.9208e-02 1.0017e-03 ] 9.1187e-01
 2.799e+01 9.6616e-02 9.6616e-02 [ 1.1080e-05 2.4917e-02 4.7128e-02 2.3421e-02 1.1382e-03 ] 9.0338e-01
 2.811e+01 1.0746e-01 1.0746e-01 [ 1.0278e-05 2.5474e-02 5.1879e-02 2.8804e-02 1.2964e-03 ] 8.9254e-01
 2.822e+01 1.2124e-01 1.2124e-01 [ 9.5510e-06 2.6235e-02 5.7864e-02 3.5654e-02 1.4792e-03 ] 8.7876e-01
 2.833e+01 1.3859e-01 1.3859e-01 [ 8.8936e-06 2.7231e-02 6.5348e-02 4.4317e-02 1.6895e-03 ] 8.6140e-01
 2.845e+01 1.6021e-01 1.6021e-01 [ 8.2982e-06 2.8488e-02 7.4613e-02 5.5176e-02 1.9300e-03 ] 8.3978e-01
 2.856e+01 1.8677e-01 1.8677e-01 [ 7.7566e-06 3.0019e-02 8.5924e-02 6.8622e-02 2.2028e-03 ] 8.1323e-01
 2.867e+01 2.1882e-01 2.1882e-01 [ 7.2587e-06 3.1818e-02 9.9484e-02 8.5003e-02 2.5084e-03 ] 7.8118e-01
 2.879e+01 2.5662e-01 2.5662e-01 [ 6.7932e-06 3.3849e-02 1.1537e-01 1.0454e-01 2.8450e-03 ] 7.4338e-01
 2.890e+01 2.9995e-01 2.9995e-01 [ 6.3471e-06 3.6039e-02 1.3345e-01 1.2725e-01 3.2074e-03 ] 7.0005e-01
 2.901e+01 3.4797e-01 3.4797e-01 [ 5.9080e-06 3.8266e-02 1.5333e-01 1.5279e-01 3.5865e-03 ] 6.5202e-01
 2.913e+01 3.9909e-01 3.9909e-01 [ 5.4648e-06 4.0375e-02 1.7427e-01 1.8047e-01 3.9689e-03 ] 6.0091e-01
 2.924e+01 4.5106e-01 4.5106e-01 [ 5.0109e-06 4.2190e-02 1.9531e-01 2.0921e-01 4.3389e-03 ] 5.4894e-01
 2.935e+01 5.0130e-01 5.0130e-01 [ 4.5450e-06 4.3550e-02 2.1536e-01 2.3771e-01 4.6804e-03 ] 4.9870e-01
 2.947e+01 5.4738e-01 5.4738e-01 [ 4.0725e-06 4.4340e-02 2.3338e-01 2.6468e-01 4.9803e-03 ] 4.5262e-01
 2.958e+01 5.8747e-01 5.8747e-01 [ 3.6036e-06 4.4518e-02 2.4865e-01 2.8906e-01 5.2311e-03 ] 4.1253e-01
 2.969e+01 6.2064e-01 6.2064e-01 [ 3.1508e-06 4.4118e-02 2.6084e-01 3.1025e-01 5.4320e-03 ] 3.7936e-01
 2.981e+01 6.4686e-01 6.4686e-01 [ 2.7255e-06 4.3228e-02 2.6996e-01 3.2807e-01 5.5878e-03 ] 3.5314e-01
 2.992e+01 6.6676e-01 6.6676e-01 [ 2.3365e-06 4.1966e-02 2.7636e-01 3.4273e-01 5.7066e-03 ] 3.3324e-01
 3.003e+01 6.8134e-01 6.8134e-01 [ 1.9886e-06 4.0454e-02 2.8047e-01 3.5461e-01 5.7974e-03 ] 3.1866e-01
 3.015e+01 6.9160e-01 6.9160e-01 [ 1.6831e-06 3.8794e-02 2.8276e-01 3.6418e-01 5.8686e-03 ] 3.0840e-01
 3.026e+01 6.9845e-01 6.9845e-01 [ 1.4186e-06 3.7068e-02 2.8362e-01 3.7183e-01 5.9266e-03 ] 3.0155e-01
 3.037e+01 7.0251e-01 7.0251e-01 [ 1.1920e-06 3.5329e-02 2.8335e-01 3.7786e-01 5.9760e-03 ] 2.9749e-01
 3.049e+01 7.0412e-01 7.0412e-01 [ 9.9936e-07 3.3611e-02 2.8209e-01 3.8239e-01 6.0192e-03 ] 2.9588e-01
 3.060e+01 7.0330e-01 7.0330e-01 [ 8.3640e-07 3.1925e-02 2.7990e-01 3.8542e-01 6.0568e-03 ] 2.9670e-01
 3.071e+01 6.9973e-01 6.9973e-01 [ 6.9891e-07 3.0265e-02 2.7665e-01 3.8672e-01 6.0871e-03 ] 3.0027e-01
 3.083e+01 6.9273e-01 6.9273e-01 [ 5.8295e-07 2.8613e-02 2.7211e-01 3.8590e-01 6.1058e-03 ] 3.0727e-01
 3.094e+01 6.8128e-01 6.8128e-01 [ 4.8494e-07 2.6934e-02 2.6591e-01 3.8233e-01 6.1060e-03 ] 3.1872e-01
 3.105e+01 6.6406e-01 6.6406e-01 [ 4.0173e-07 2.5188e-02 2.5756e-01 3.7524e-01 6.0773e-03 ] 3.3594e-01
 3.117e+01 6.3964e-01 6.3964e-01 [ 3.3066e-07 2.3332e-02 2.4654e-01 3.6376e-01 6.0066e-03 ] 3.6036e-01
 3.128e+01 6.0681e-01 6.0681e-01 [ 2.6963e-07 2.1333e-02 2.3243e-01 3.4717e-01 5.8799e-03 ] 3.9319e-01
 3.139e+01 5.6503e-01 5.6503e-01 [ 2.1711e-07 1.9184e-02 2.1507e-01 3.2510e-01 5.6853e-03 ] 4.3497e-01
 3.151e+01 5.1495e-01 5.1495e-01 [ 1.7209e-07 1.6914e-02 1.9475e-01 2.9787e-01 5.4177e-03 ] 4.8505e-01
 3.162e+01 4.5850e-01 4.5850e-01 [ 1.3395e-07 1.4588e-02 1.7225e-01 2.6658e-01 5.0814e-03 ] 5.4150e-01
 3.173e+01 3.9870e-01 3.9870e-01 [ 1.0228e-07 1.2300e-02 1.4874e-01 2.3298e-01 4.6910e-03 ] 6.0130e-01
 3.185e+01 3.3901e-01 3.3901e-01 [ 7.6622e-08 1.0146e-02 1.2552e-01 1.9907e-01 4.2678e-03 ] 6.6099e-01
 3.196e+01 2.8252e-01 2.8252e-01 [ 5.6395e-08 8.2038e-03 1.0375e-01 1.6673e-01 3.8350e-03 ] 7.1748e-01
 3.207e+01 2.3150e-01 2.3150e-01 [ 4.0869e-08 6.5201e-03 8.4251e-02 1.3732e-01 3.4129e-03 ] 7.6850e-01
 3.219e+01 1.8717e-01 1.8717e-01 [ 2.9238e-08 5.1094e-03 6.7433e-02 1.1161e-01 3.0165e-03 ] 8.1283e-01
 3.230e+01 1.4983e-01 1.4983e-01 [ 2.0703e-08 3.9600e-03 5.3372e-02 8.9844e-02 2.6544e-03 ] 8.5017e-01
 3.241e+01 1.1914e-01 1.1914e-01 [ 1.4545e-08 3.0442e-03 4.1897e-02 7.1867e-02 2.3303e-03 ] 8.8086e-01
 3.253e+01 9.4365e-02 9.4365e-02 [ 1.0160e-08 2.3268e-03 3.2703e-02 5.7290e-02 2.0443e-03 ] 9.0564e-01
 3.264e+01 7.4634e-02 7.4634e-02 [ 7.0703e-09 1.7720e-03 2.5438e-02 4.5630e-02 1.7941e-03 ] 9.2537e-01
 3.275e+01 5.9062e-02 5.9062e-02 [ 4.9082e-09 1.3468e-03 1.9752e-02 3.6387e-02 1.5763e-03 ] 9.4094e-01
 3.287e+01 4.6846e-02 4.6846e-02 [ 3.4030e-09 1.0229e-03 1.5332e-02 2.9104e-02 1.3873e-03 ] 9.5315e-01
 3.298e+01 3.7293e-02 3.7293e-02 [ 2.3586e-09 7.7724e-04 1.1910e-02 2.3382e-02 1.2233e-03 ] 9.6271e-01
 3.309e+01 2.9832e-02 2.9832e-02 [ 1.6353e-09 5.9125e-04 9.2667e-03 1.8893e-02 1.0810e-03 ] 9.7017e-01
 3.321e+01 2.4001e-02 2.4001e-02 [ 1.1349e-09 4.5056e-04 7.2266e-03 1.5367e-02 9.5728e-04 ] 9.7600e-01
 3.332e+01 1.9437e-02 1.9437e-02 [ 7.8861e-10 3.4413e-04 5.6515e-03 1.2592e-02 8.4960e-04 ] 9.8056e-01
 3.343e+01 1.5855e-02 1.5855e-02 [ 5.4887e-10 2.6352e-04 4.4340e-03 1.0402e-02 7.5568e-04 ] 9.8415e-01
 3.355e+01 1.3033e-02 1.3033e-02 [ 3.8271e-10 2.0237e-04 3.4913e-03 8.6653e-03 6.7358e-04 ] 9.8697e-01
 3.366e+01 1.0799e-02 1.0799e-02 [ 2.6738e-10 1.5589e-04 2.7596e-03 7.2822e-03 6.0168e-04 ] 9.8920e-01
 3.377e+01 9.0237e-03 9.0237e-03 [ 1.8720e-10 1.2047e-04 2.1902e-03 6.1745e-03 5.3857e-04 ] 9.9098e-01
 3.389e+01 7.6043e-03 7.6043e-03 [ 1.3135e-10 9.3413e-05 1.7458e-03 5.2820e-03 4.8306e-04 ] 9.9240e-01
 3.400e+01 6.4632e-03 6.4632e-03 [ 9.2376e-11 7.2682e-05 1.3979e-03 4.5584e-03 4.3413e-04 ] 9.9354e-01
 3.411e+01 5.5402e-03 5.5402e-03 [ 6.5115e-11 5.6754e-05 1.1247e-03 3.9678e-03 3.9092e-04 ] 9.9446e-01
 3.423e+01 4.7890e-03 4.7890e-03 [ 4.6007e-11 4.4478e-05 9.0942e-04 3.4824e-03 3.5269e-04 ] 9.9521e-01
 3.434e+01 4.1735e-03 4.1735e-03 [ 3.2585e-11 3.4987e-05 7.3919e-04 3.0805e-03 3.1880e-04 ] 9.9583e-01
 3.445e+01 3.6659e-03 3.6659e-03 [ 2.3135e-11 2.7627e-05 6.0412e-04 2.7455e-03 2.8869e-04 ] 9.9633e-01
 3.457e+01 3.2444e-03 3.2444e-03 [ 1.6467e-11 2.1902e-05 4.9660e-04 2.4640e-03 2.6190e-04 ] 9.9676e-01
 3.468e+01 2.8920e-03 2.8920e-03 [ 1.1751e-11 1.7434e-05 4.1069e-04 2.2259e-03 2.3802e-04 ] 9.9711e-01
 3.479e+01 2.5954e-03 2.5954e-03 [ 8.4071e-12 1.3936e-05 3.4182e-04 2.0229e-03 2.1669e-04 ] 9.9740e-01
 3.491e+01 2.3439e-03 2.3439e-03 [ 6.0313e-12 1.1189e-05 2.8642e-04 1.8487e-03 1.9761e-04 ] 9.9766e-01
 3.502e+01 2.1293e-03 2.1293e-03 [ 4.3390e-12 9.0243e-06 2.4168e-04 1.6980e-03 1.8051e-04 ] 9.9787e-01
 3.513e+01 1.9448e-03 1.9448e-03 [ 3.1307e-12 7.3133e-06 2.0544e-04 1.5669e-03 1.6516e-04 ] 9.9806e-01
 3.525e+01 1.7853e-03 1.7853e-03 [ 2.2657e-12 5.9564e-06 1.7597e-04 1.4520e-03 1.5136e-04 ] 9.9821e-01
 3.536e+01 1.6464e-03 1.6464e-03 [ 1.6450e-12 4.8765e-06 1.5192e-04 1.3507e-03 1.3893e-04 ] 9.9835e-01
 3.547e+01 1.5248e-03 1.5248e-03 [ 1.1983e-12 4.0143e-06 1.3221e-04 1.2608e-03 1.2771e-04 ] 9.9848e-01
 3.559e+01 1.4175e-03 1.4175e-03 [ 8.7600e-13 3.3233e-06 1.1601e-04 1.1806e-03 1.1758e-04 ] 9.9858e-01
 3.570e+01 1.3225e-03 1.3225e-03 [ 6.4276e-13 2.7677e-06 1.0263e-04 1.1087e-03 1.0841e-04 ] 9.9868e-01
 3.581e+01 1.2378e-03 1.2378e-03 [ 4.7347e-13 2.3190e-06 9.1539e-05 1.0438e-03 1.0009e-04 ] 9.9876e-01
 3.593e+01 1.1618e-03 1.1618e-03 [ 3.5020e-13 1.9554e-06 8.2301e-05 9.8500e-04 9.2549e-05 ] 9.9884e-01
 3.604e+01 1.0934e-03 1.0934e-03 [ 2.6014e-13 1.6595e-06 7.4572e-05 9.3146e-04 8.5689e-05 ] 9.9891e-01
 3.615e+01 1.0315e-03 1.0315e-03 [ 1.9410e-13 1.4175e-06 6.8073e-05 8.8252e-04 7.9444e-05 ] 9.9897e-01
 3.627e+01 9.7514e-04 9.7514e-04 [ 1.4550e-13 1.2188e-06 6.2579e-05 8.3759e-04 7.3750e-05 ] 9.9902e-01
 3.638e+01 9.2371e-04 9.2371e-04 [ 1.0959e-13 1.0548e-06 5.7909e-05 7.9620e-04 6.8550e-05 ] 9.9908e-01
 3.649e+01 8.7655e-04 8.7655e-04 [ 8.2950e-14 9.1880e-07 5.3915e-05 7.5792e-04 6.3796e-05 ] 9.9912e-01
 3.661e+01 8.3313e-04 8.3313e-04 [ 6.3097e-14 8.0533e-07 5.0477e-05 7.2241e-04 5.9442e-05 ] 9.9917e-01
 3.672e+01 7.9302e-04 7.9302e-04 [ 4.8234e-14 7.1015e-07 4.7497e-05 6.8937e-04 5.5451e-05 ] 9.9921e-01
 3.683e+01 7.5584e-04 7.5584e-04 [ 3.7056e-14 6.2982e-07 4.4894e-05 6.5853e-04 5.1786e-05 ] 9.9924e-01
 3.695e+01 7.2125e-04 7.2125e-04 [ 2.8608e-14 5.6162e-07 4.2605e-05 6.2967e-04 4.8416e-05 ] 9.9928e-01
 3.706e+01 6.8899e-04 6.8899e-04 [ 2.2191e-14 5.0334e-07 4.0575e-05 6.0260e-04 4.5314e-05 ] 9.9931e-01
 3.717e+01 6.5881e-04 6.5881e-04 [ 1.7292e-14 4.5321e-07 3.8759e-05 5.7714e-04 4.2455e-05 ] 9.9934e-01
 3.729e+01 6.3050e-04 6.3050e-04 [ 1.3534e-14 4.0980e-07 3.7122e-05 5.5315e-04 3.9816e-05 ] 9.9937e-01
 3.740e+01 6.0387e-04 6.0387e-04 [ 1.0637e-14 3.7198e-07 3.5633e-05 5.3049e-04 3.7378e-05 ] 9.9940e-01
 3.751e+01 5.7878e-04 5.7878e-04 [ 8.3915e-15 3.3880e-07 3.4268e-05 5.0905e-04 3.5122e-05 ] 9.9942e-01
 3.763e+01 5.5507e-04 5.5507e-04 [ 6.6436e-15 3.0951e-07 3.3007e-05 4.8873e-04 3.3032e-05 ] 9.9944e-01
 3.774e+01 5.3263e-04 5.3263e-04 [ 5.2767e-15 2.8350e-07 3.1833e-05 4.6942e-04 3.1093e-05 ] 9.9947e-01
 3.785e+01 5.1135e-04 5.1135e-04 [ 4.2031e-15 2.6026e-07 3.0731e-05 4.5107e-04 2.9294e-05 ] 9.9949e-01
 3.797e+01 4.9113e-04 4.9113e-04 [ 3.3565e-15 2.3938e-07 2.9691e-05 4.3358e-04 2.7620e-05 ] 9.9951e-01
 3.808e+01 4.7188e-04 4.7188e-04 [ 2.6864e-15 2.2053e-07 2.8703e-05 4.1689e-04 2.6063e-05 ] 9.9953e-01
 3.819e+01 4.5353e-04 4.5353e-04 [ 2.1541e-15 2.0343e-07 2.7759e-05 4.0095e-04 2.4612e-05 ] 9.9955e-01
 3.831e+01 4.3601e-04 4.3601e-04 [ 1.7301e-15 1.8786e-07 2.6852e-05 3.8571e-04 2.3259e-05 ] 9.9956e-01
 3.842e+01 4.1926e-04 4.1926e-04 [ 1.3914e-15 1.7362e-07 2.5978e-05 3.7112e-04 2.1995e-05 ] 9.9958e-01
 3.853e+01 4.0323e-04 4.0323e-04 [ 1.1201e-15 1.6055e-07 2.5133e-05 3.5713e-04 2.0814e-05 ] 9.9960e-01
 3.865e+01 3.8787e-04 3.8787e-04 [ 9.0244e-16 1.4853e-07 2.4312e-05 3.4370e-04 1.9709e-05 ] 9.9961e-01
 3.876e+01 3.7313e-04 3.7313e-04 [ 7.2749e-16 1.3744e-07 2.3513e-05 3.3081e-04 1.8674e-05 ] 9.9963e-01
 3.887e+01 3.5898e-04 3.5898e-04 [ 5.8667e-16 1.2719e-07 2.2734e-05 3.1842e-04 1.7703e-05 ] 9.9964e-01
 3.899e+01 3.4538e-04 3.4538e-04 [ 4.7318e-16 1.1770e-07 2.1974e-05 3.0649e-04 1.6793e-05 ] 9.9965e-01
 3.910e+01 3.3229e-04 3.3229e-04 [ 3.8164e-16 1.0890e-07 2.1229e-05 2.9502e-04 1.5937e-05 ] 9.9967e-01
 3.921e+01 3.1970e-04 3.1970e-04 [ 3.0776e-16 1.0073e-07 2.0501e-05 2.8396e-04 1.5133e-05 ] 9.9968e-01
 3.933e+01 3.0756e-04 3.0756e-04 [ 2.4811e-16 9.3138e-08 1.9787e-05 2.7331e-04 1.4376e-05 ] 9.9969e-01
 3.944e+01 2.9587e-04 2.9587e-04 [ 1.9993e-16 8.6081e-08 1.9088e-05 2.6303e-04 1.3663e-05 ] 9.9970e-01
 3.955e+01 2.8459e-04 2.8459e-04 [ 1.6102e-16 7.9518e-08 1.8402e-05 2.5312e-04 1.2991e-05 ] 9.9972e-01
 3.967e+01 2.7371e-04 2.7371e-04 [ 1.2960e-16 7.3413e-08 1.7730e-05 2.4355e-04 1.2356e-05 ] 9.9973e-01
 3.978e+01 2.6320e-04 2.6320e-04 [ 1.0424e-16 6.7734e-08 1.7072e-05 2.3431e-04 1.1758e-05 ] 9.9974e-01
 3.989e+01 2.5306e-04 2.5306e-04 [ 8.3776e-17 6.2452e-08 1.6427e-05 2.2538e-04 1.1192e-05 ] 9.9975e-01
 4.001e+01 2.4327e-04 2.4327e-04 [ 6.7271e-17 5.7541e-08 1.5795e-05 2.1676e-04 1.0657e-05 ] 9.9976e-01
 4.012e+01 2.3381e-04 2.3381e-04 [ 5.3968e-17 5.2977e-08 1.5178e-05 2.0843e-04 1.0150e-05 ] 9.9977e-01
 4.023e+01 2.2467e-04 2.2467e-04 [ 4.3253e-17 4.8736e-08 1.4573e-05 2.0038e-04 9.6709e-06 ] 9.9978e-01
 4.035e+01 2.1584e-04 2.1584e-04 [ 3.4631e-17 4.4799e-08 1.3983e-05 1.9260e-04 9.2165e-06 ] 9.9978e-01
 4.046e+01 2.0731e-04 2.0731e-04 [ 2.7698e-17 4.1145e-08 1.3406e-05 1.8508e-04 8.7855e-06 ] 9.9979e-01
 4.057e+01 1.9906e-04 1.9906e-04 [ 2.2130e-17 3.7758e-08 1.2844e-05 1.7780e-04 8.3766e-06 ] 9.9980e-01
 4.069e+01 1.9109e-04 1.9109e-04 [ 1.7661e-17 3.4619e-08 1.2296e-05 1.7078e-04 7.9883e-06 ] 9.9981e-01
 4.080e+01 1.8339e-04 1.8339e-04 [ 1.4078e-17 3.1714e-08 1.1762e-05 1.6398e-04 7.6195e-06 ] 9.9982e-01
 4.091e+01 1.7596e-04 1.7596e-04 [ 1.1210e-17 2.9026e-08 1.1242e-05 1.5741e-04 7.2689e-06 ] 9.9982e-01
 4.103e+01 1.6877e-04 1.6877e-04 [ 8.9150e-18 2.6542e-08 1.0738e-05 1.5107e-04 6.9355e-06 ] 9.9983e-01
 4.114e+01 1.6183e-04 1.6183e-04 [ 7.0816e-18 2.4249e-08 1.0248e-05 1.4494e-04 6.6183e-06 ] 9.9984e-01
 4.125e+01 1.5512e-04 1.5512e-04 [ 5.6185e-18 2.2134e-08 9.7723e-06 1.3901e-04 6.3163e-06 ] 9.9984e-01
 4.137e+01 1.4865e-04 1.4865e-04 [ 4.4523e-18 2.0185e-08 9.3118e-06 1.3329e-04 6.0287e-06 ] 9.9985e-01
 4.148e+01 1.4240e-04 1.4240e-04 [ 3.5239e-18 1.8390e-08 8.8660e-06 1.2776e-04 5.7547e-06 ] 9.9986e-01
 4.159e+01 1.3636e-04 1.3636e-04 [ 2.7856e-18 1.6739e-08 8.4350e-06 1.2242e-04 5.4935e-06 ] 9.9986e-01
 4.171e+01 1.3054e-04 1.3054e-04 [ 2.1993e-18 1.5223e-08 8.0188e-06 1.1727e-04 5.2444e-06 ] 9.9987e-01
 4.182e+01 1.2493e-04 1.2493e-04 [ 1.7343e-18 1.3831e-08 7.6171e-06 1.1229e-04 5.0069e-06 ] 9.9988e-01
 4.193e+01 1.1952e-04 1.1952e-04 [ 1.3659e-18 1.2554e-08 7.2299e-06 1.0749e-04 4.7803e-06 ] 9.9988e-01
 4.205e+01 1.1430e-04 1.1430e-04 [ 1.0744e-18 1.1385e-08 6.8571e-06 1.0287e-04 4.5639e-06 ] 9.9989e-01
 4.216e+01 1.0927e-04 1.0927e-04 [ 8.4408e-19 1.0315e-08 6.4985e-06 9.8403e-05 4.3574e-06 ] 9.9989e-01
 4.227e+01 1.0443e-04 1.0443e-04 [ 6.6232e-19 9.3374e-09 6.1540e-06 9.4102e-05 4.1602e-06 ] 9.9990e-01
 4.239e+01 9.9761e-05 9.9761e-05 [ 5.1905e-19 8.4444e-09 5.8232e-06 8.9957e-05 3.9718e-06 ] 9.9990e-01
 4.250e+01 9.5270e-05 9.5270e-05 [ 4.0627e-19 7.6298e-09 5.5061e-06 8.5965e-05 3.7918e-06 ] 9.9990e-01
 4.261e+01 9.0950e-05 9.0950e-05 [ 3.1761e-19 6.8875e-09 5.2023e-06 8.2121e-05 3.6199e-06 ] 9.9991e-01
 4.273e+01 8.6794e-05 8.6794e-05 [ 2.4799e-19 6.2117e-09 4.9115e-06 7.8421e-05 3.4555e-06 ] 9.9991e-01
 4.284e+01 8.2799e-05 8.2799e-05 [ 1.9339e-19 5.5971e-09 4.6336e-06 7.4861e-05 3.2984e-06 ] 9.9992e-01
 4.295e+01 7.8959e-05 7.8959e-05 [ 1.5063e-19 5.0388e-09 4.3681e-06 7.1437e-05 3.1482e-06 ] 9.9992e-01
 4.307e+01 7.5270e-05 7.5270e-05 [ 1.1718e-19 4.5321e-09 4.1148e-06 6.8146e-05 3.0046e-06 ] 9.9992e-01
 4.318e+01 7.1727e-05 7.1727e-05 [ 9.1049e-20 4.0727e-09 3.8733e-06 6.4983e-05 2.8673e-06 ] 9.9993e-01
 4.329e+01 6.8327e-05 6.8327e-05 [ 7.0659e-20 3.6566e-09 3.6434e-06 6.1944e-05 2.7359e-06 ] 9.9993e-01
 4.341e+01 6.5064e-05 6.5064e-05 [ 5.4770e-20 3.2801e-09 3.4247e-06 5.9026e-05 2.6103e-06 ] 9.9993e-01
 4.352e+01 6.1935e-05 6.1935e-05 [ 4.2403e-20 2.9397e-09 3.2167e-06 5.6226e-05 2.4902e-06 ] 9.9994e-01
 4.363e+01 5.8936e-05 5.8936e-05 [ 3.2789e-20 2.6324e-09 3.0193e-06 5.3539e-05 2.3753e-06 ] 9.9994e-01
 4.375e+01 5.6062e-05 5.6062e-05 [ 2.5325e-20 2.3551e-09 2.8319e-06 5.0962e-05 2.2654e-06 ] 9.9994e-01
 4.386e+01 5.3309e-05 5.3309e-05 [ 1.9537e-20 2.1053e-09 2.6544e-06 4.8492e-05 2.1603e-06 ] 9.9995e-01
 4.397e+01 5.0673e-05 5.0673e-05 [ 1.5054e-20 1.8803e-09 2.4862e-06 4.6125e-05 2.0598e-06 ] 9.9995e-01
 4.409e+01 4.8150e-05 4.8150e-05 [ 1.1586e-20 1.6779e-09 2.3271e-06 4.3858e-05 1.9637e-06 ] 9.9995e-01
 4.420e+01 4.5737e-05 4.5737e-05 [ 8.9064e-21 1.4960e-09 2.1767e-06 4.1687e-05 1.8717e-06 ] 9.9995e-01
 4.431e+01 4.3430e-05 4.3430e-05 [ 6.8388e-21 1.3327e-09 2.0347e-06 3.9610e-05 1.7838e-06 ] 9.9996e-01
 4.443e+01 4.1225e-05 4.1225e-05 [ 5.2451e-21 1.1863e-09 1.9006e-06 3.7623e-05 1.6997e-06 ] 9.9996e-01
 4.454e+01 3.9118e-05 3.9118e-05 [ 4.0182e-21 1.0550e-09 1.7742e-06 3.5723e-05 1.6193e-06 ] 9.9996e-01
 4.465e+01 3.7106e-05 3.7106e-05 [ 3.0747e-21 9.3754e-10 1.6551e-06 3.3907e-05 1.5424e-06 ] 9.9996e-01
 4.477e+01 3.5185e-05 3.5185e-05 [ 2.3501e-21 8.3244e-10 1.5430e-06 3.2173e-05 1.4689e-06 ] 9.9996e-01
 4.488e+01 3.3353e-05 3.3353e-05 [ 1.7943e-21 7.3851e-10 1.4376e-06 3.0516e-05 1.3986e-06 ] 9.9997e-01
 4.499e+01 3.1605e-05 3.1605e-05 [ 1.3684e-21 6.5466e-10 1.3385e-06 2.8934e-05 1.3315e-06 ] 9.9997e-01
 4.511e+01 2.9939e-05 2.9939e-05 [ 1.0424e-21 5.7985e-10 1.2455e-06 2.7425e-05 1.2673e-06 ] 9.9997e-01
 4.522e+01 2.8351e-05 2.8351e-05 [ 7.9316e-22 5.1319e-10 1.1582e-06 2.5986e-05 1.2059e-06 ] 9.9997e-01
 4.533e+01 2.6838e-05 2.6838e-05 [ 6.0287e-22 4.5383e-10 1.0763e-06 2.4614e-05 1.1473e-06 ] 9.9997e-01
 4.545e+01 2.5398e-05 2.5398e-05 [ 4.5772e-22 4.0101e-10 9.9963e-07 2.3307e-05 1.0913e-06 ] 9.9997e-01
 4.556e+01 2.4027e-05 2.4027e-05 [ 3.4714e-22 3.5407e-10 9.2785e-07 2.2061e-05 1.0379e-06 ] 9.9998e-01
 4.567e+01 2.2723e-05 2.2723e-05 [ 2.6299e-22 3.1238e-10 8.6070e-07 2.0875e-05 9.8678e-07 ] 9.9998e-01
 4.579e+01 2.1482e-05 2.1482e-05 [ 1.9903e-22 2.7538e-10 7.9794e-07 1.9746e-05 9.3802e-07 ] 9.9998e-01
 4.590e+01 2.0303e-05 2.0303e-05 [ 1.5045e-22 2.4258e-10 7.3932e-07 1.8672e-05 8.9147e-07 ] 9.9998e-01
 4.601e+01 1.9182e-05 1.9182e-05 [ 1.1362e-22 2.1352e-10 6.8460e-07 1.7651e-05 8.4704e-07 ] 9.9998e-01
 4.613e+01 1.8118e-05 1.8118e-05 [ 8.5705e-23 1.8781e-10 6.3357e-07 1.6679e-05 8.0464e-07 ] 9.9998e-01
 4.624e+01 1.7107e-05 1.7107e-05 [ 6.4583e-23 1.6506e-10 5.8600e-07 1.5757e-05 7.6418e-07 ] 9.9998e-01
 4.635e+01 1.6147e-05 1.6147e-05 [ 4.8615e-23 1.4496e-10 5.4170e-07 1.4880e-05 7.2559e-07 ] 9.9998e-01
 4.647e+01 1.5237e-05 1.5237e-05 [ 3.6556e-23 1.2722e-10 5.0046e-07 1.4048e-05 6.8879e-07 ] 9.9998e-01
 4.658e+01 1.4373e-05 1.4373e-05 [ 2.7460e-23 1.1156e-10 4.6211e-07 1.3257e-05 6.5369e-07 ] 9.9999e-01
 4.669e+01 1.3554e-05 1.3554e-05 [ 2.0606e-23 9.7765e-11 4.2646e-07 1.2508e-05 6.2024e-07 ] 9.9999e-01
 4.681e+01 1.2778e-05 1.2778e-05 [ 1.5447e-23 8.5610e-11 3.9335e-07 1.1797e-05 5.8835e-07 ] 9.9999e-01
 4.692e+01 1.2043e-05 1.2043e-05 [ 1.1568e-23 7.4913e-11 3.6262e-07 1.1122e-05 5.5797e-07 ] 9.9999e-01
 4.703e+01 1.1347e-05 1.1347e-05 [ 8.6537e-24 6.5505e-11 3.3410e-07 1.0484e-05 5.2903e-07 ] 9.9999e-01
 4.715e+01 1.0687e-05 1.0687e-05 [ 6.4673e-24 5.7239e-11 3.0767e-07 9.8782e-06 5.0146e-07 ] 9.9999e-01
 4.726e+01 1.0063e-05 1.0063e-05 [ 4.8283e-24 4.9980e-11 2.8318e-07 9.3049e-06 4.7521e-07 ] 9.9999e-01
 4.737e+01 9.4729e-06 9.4729e-06 [ 3.6011e-24 4.3611e-11 2.6050e-07 8.7622e-06 4.5023e-07 ] 9.9999e-01
 4.749e+01 8.9146e-06 8.9146e-06 [ 2.6832e-24 3.8028e-11 2.3952e-07 8.2486e-06 4.2645e-07 ] 9.9999e-01
 4.760e+01 8.3866e-06 8.3866e-06 [ 1.9972e-24 3.3137e-11 2.2011e-07 7.7627e-06 4.0382e-07 ] 9.9999e-01
 4.771e+01 7.8877e-06 7.8877e-06 [ 1.4851e-24 2.8855e-11 2.0218e-07 7.3032e-06 3.8229e-07 ] 9.9999e-01
 4.783e+01 7.4163e-06 7.4163e-06 [ 1.1033e-24 2.5109e-11 1.8561e-07 6.8688e-06 3.6182e-07 ] 9.9999e-01
 4.794e+01 6.9710e-06 6.9710e-06 [ 8.1881e-25 2.1835e-11 1.7032e-07 6.4583e-06 3.4236e-07 ] 9.9999e-01
 4.805e+01 6.5506e-06 6.5506e-06 [ 6.0709e-25 1.8975e-11 1.5621e-07 6.0705e-06 3.2386e-07 ] 9.9999e-01
 4.817e+01 6.1538e-06 6.1538e-06 [ 4.4968e-25 1.6479e-11 1.4320e-07 5.7043e-06 3.0629e-07 ] 9.9999e-01
 4.828e+01 5.7794e-06 5.7794e-06 [ 3.3276e-25 1.4301e-11 1.3121e-07 5.3586e-06 2.8959e-07 ] 9.9999e-01
 4.839e+01 5.4263e-06 5.4263e-06 [ 2.4601e-25 1.2404e-11 1.2017e-07 5.0324e-06 2.7372e-07 ] 9.9999e-01
 4.851e+01 5.0933e-06 5.0933e-06 [ 1.8170e-25 1.0751e-11 1.1001e-07 4.7246e-06 2.5866e-07 ] 9.9999e-01
 4.862e+01 4.7794e-06 4.7794e-06 [ 1.3407e-25 9.3121e-12 1.0065e-07 4.4344e-06 2.4437e-07 ] 1.0000e+00
 4.873e+01 4.4836e-06 4.4836e-06 [ 9.8837e-26 8.0608e-12 9.2055e-08 4.1607e-06 2.3080e-07 ] 1.0000e+00
 4.885e+01 4.2050e-06 4.2050e-06 [ 7.2793e-26 6.9732e-12 8.4152e-08 3.9029e-06 2.1793e-07 ] 1.0000e+00
 4.896e+01 3.9425e-06 3.9425e-06 [ 5.3561e-26 6.0285e-12 7.6892e-08 3.6599e-06 2.0573e-07 ] 1.0000e+00
 4.907e+01 3.6955e-06 3.6955e-06 [ 3.9374e-26 5.2085e-12 7.0227e-08 3.4311e-06 1.9415e-07 ] 1.0000e+00
 4.919e+01 3.4630e-06 3.4630e-06 [ 2.8918e-26 4.4973e-12 6.4112e-08 3.2157e-06 1.8318e-07 ] 1.0000e+00
 4.930e+01 3.2442e-06 3.2442e-06 [ 2.1219e-26 3.8808e-12 5.8503e-08 3.0129e-06 1.7278e-07 ] 1.0000e+00
 4.941e+01 3.0384e-06 3.0384e-06 [ 1.5555e-26 3.3467e-12 5.3361e-08 2.8222e-06 1.6293e-07 ] 1.0000e+00
 4.953e+01 2.8450e-06 2.8450e-06 [ 1.1393e-26 2.8844e-12 4.8651e-08 2.6427e-06 1.5360e-07 ] 1.0000e+00
 4.964e+01 2.6631e-06 2.6631e-06 [ 8.3370e-27 2.4844e-12 4.4337e-08 2.4740e-06 1.4476e-07 ] 1.0000e+00
 4.975e+01 2.4922e-06 2.4922e-06 [ 6.0952e-27 2.1386e-12 4.0388e-08 2.3154e-06 1.3640e-07 ] 1.0000e+00
 4.987e+01 2.3316e-06 2.3316e-06 [ 4.4521e-27 1.8399e-12 3.6775e-08 2.1664e-06 1.2848e-07 ] 1.0000e+00
 4.998e+01 2.1808e-06 2.1808e-06 [ 3.2491e-27 1.5819e-12 3.3472e-08 2.0263e-06 1.2099e-07 ] 1.0000e+00
 5.009e+01 2.0392e-06 2.0392e-06 [ 2.3690e-27 1.3593e-12 3.0453e-08 1.8949e-06 1.1391e-07 ] 1.0000e+00
 5.021e+01 1.9063e-06 1.9063e-06 [ 1.7258e-27 1.1673e-12 2.7694e-08 1.7714e-06 1.0722e-07 ] 1.0000e+00
 5.032e+01 1.7816e-06 1.7816e-06 [ 1.2561e-27 1.0019e-12 2.5175e-08 1.6556e-06 1.0089e-07 ] 1.0000e+00
 5.043e+01 1.6647e-06 1.6647e-06 [ 9.1345e-28 8.5939e-13 2.2876e-08 1.5469e-06 9.4904e-08 ] 1.0000e+00
 5.055e+01 1.5550e-06 1.5550e-06 [ 6.6368e-28 7.3674e-13 2.0779e-08 1.4449e-06 8.9252e-08 ] 1.0000e+00
 5.066e+01 1.4521e-06 1.4521e-06 [ 4.8179e-28 6.3123e-13 1.8866e-08 1.3493e-06 8.3915e-08 ] 1.0000e+00
 5.077e+01 1.3557e-06 1.3557e-06 [ 3.4944e-28 5.4053e-13 1.7122e-08 1.2597e-06 7.8876e-08 ] 1.0000e+00
 5.089e+01 1.2654e-06 1.2654e-06 [ 2.5323e-28 4.6259e-13 1.5534e-08 1.1757e-06 7.4119e-08 ] 1.0000e+00
 5.100e+01 1.1808e-06 1.1808e-06 [ 1.8336e-28 3.9567e-13 1.4087e-08 1.0970e-06 6.9630e-08 ] 1.0000e+00
 5.111e+01 1.1015e-06 1.1015e-06 [ 1.3265e-28 3.3825e-13 1.2770e-08 1.0234e-06 6.5396e-08 ] 1.0000e+00
 5.123e+01 1.0273e-06 1.0273e-06 [ 9.5879e-29 2.8899e-13 1.1572e-08 9.5437e-07 6.1402e-08 ] 1.0000e+00
 5.134e+01 9.5791e-07 9.5791e-07 [ 6.9245e-29 2.4678e-13 1.0482e-08 8.8979e-07 5.7637e-08 ] 1.0000e+00
 5.145e+01 8.9295e-07 8.9295e-07 [ 4.9967e-29 2.1061e-13 9.4915e-09 8.2937e-07 5.4088e-08 ] 1.0000e+00
 5.157e+01 8.3217e-07 8.3217e-07 [ 3.6026e-29 1.7965e-13 8.5911e-09 7.7284e-07 5.0744e-08 ] 1.0000e+00
 5.168e+01 7.7534e-07 7.7534e-07 [ 2.5952e-29 1.5315e-13 7.7731e-09 7.1997e-07 4.7594e-08 ] 1.0000e+00
 5.179e+01 7.2221e-07 7.2221e-07 [ 1.8680e-29 1.3050e-13 7.0305e-09 6.7055e-07 4.4628e-08 ] 1.0000e+00
 5.191e+01 6.7254e-07 6.7254e-07 [ 1.3435e-29 1.1113e-13 6.3564e-09 6.2435e-07 4.1835e-08 ] 1.0000e+00
 5.202e+01 6.2614e-07 6.2614e-07 [ 9.6540e-30 9.4589e-14 5.7448e-09 5.8119e-07 3.9206e-08 ] 1.0000e+00
 5.213e+01 5.8279e-07 5.8279e-07 [ 6.9316e-30 8.0467e-14 5.1902e-09 5.4087e-07 3.6732e-08 ] 1.0000e+00
 5.225e+01 5.4230e-07 5.4230e-07 [ 4.9728e-30 6.8417e-14 4.6874e-09 5.0321e-07 3.4406e-08 ] 1.0000e+00
 5.236e+01 5.0451e-07 5.0451e-07 [ 3.5647e-30 5.8141e-14 4.2317e-09 4.6806e-07 3.2218e-08 ] 1.0000e+00
 5.247e+01 4.6923e-07 4.6923e-07 [ 2.5532e-30 4.9383e-14 3.8190e-09 4.3525e-07 3.0161e-08 ] 1.0000e+00
 5.259e+01 4.3630e-07 4.3630e-07 [ 1.8272e-30 4.1922e-14 3.4453e-09 4.0463e-07 2.8228e-08 ] 1.0000e+00
 5.270e+01 4.0559e-07 4.0559e-07 [ 1.3066e-30 3.5570e-14 3.1071e-09 3.7607e-07 2.6412e-08 ] 1.0000e+00
 5.281e+01 3.7695e-07 3.7695e-07 [ 9.3361e-31 3.0165e-14 2.8010e-09 3.4944e-07 2.4705e-08 ] 1.0000e+00
 5.293e+01 3.5024e-07 3.5024e-07 [ 6.6654e-31 2.5569e-14 2.5243e-09 3.2461e-07 2.3103e-08 ] 1.0000e+00
 5.304e+01 3.2534e-07 3.2534e-07 [ 4.7550e-31 2.1661e-14 2.2740e-09 3.0147e-07 2.1599e-08 ] 1.0000e+00
 5.315e+01 3.0214e-07 3.0214e-07 [ 3.3894e-31 1.8342e-14 2.0479e-09 2.7990e-07 2.0188e-08 ] 1.0000e+00
 5.327e+01 2.8052e-07 2.8052e-07 [ 2.4141e-31 1.5523e-14 1.8436e-09 2.5982e-07 1.8864e-08 ] 1.0000e+00
 5.338e+01 2.6039e-07 2.6039e-07 [ 1.7181e-31 1.3131e-14 1.6591e-09 2.4111e-07 1.7622e-08 ] 1.0000e+00
 5.349e+01 2.4164e-07 2.4164e-07 [ 1.2218e-31 1.1102e-14 1.4926e-09 2.2369e-07 1.6457e-08 ] 1.0000e+00
 5.361e+01 2.2419e-07 2.2419e-07 [ 8.6815e-32 9.3821e-15 1.3423e-09 2.0748e-07 1.5365e-08 ] 1.0000e+00
 5.372e+01 2.0794e-07 2.0794e-07 [ 6.1640e-32 7.9246e-15 1.2067e-09 1.9240e-07 1.4342e-08 ] 1.0000e+00
 5.383e+01 1.9283e-07 1.9283e-07 [ 4.3732e-32 6.6902e-15 1.0845e-09 1.7836e-07 1.3383e-08 ] 1.0000e+00
 5.395e+01 1.7877e-07 1.7877e-07 [ 3.1002e-32 5.6453e-15 9.7429e-10 1.6531e-07 1.2485e-08 ] 1.0000e+00
 5.406e+01 1.6570e-07 1.6570e-07 [ 2.1961e-32 4.7613e-15 8.7500e-10 1.5318e-07 1.1645e-08 ] 1.0000e+00
 5.417e+01 1.5354e-07 1.5354e-07 [ 1.5545e-32 4.0138e-15 7.8556e-10 1.4190e-07 1.0858e-08 ] 1.0000e+00
 5.429e+01 1.4224e-07 1.4224e-07 [ 1.0995e-32 3.3820e-15 7.0503e-10 1.3142e-07 1.0121e-08 ] 1.0000e+00
 5.440e+01 1.3175e-07 1.3175e-07 [ 7.7706e-33 2.8482e-15 6.3255e-10 1.2168e-07 9.4321e-09 ] 1.0000e+00
 5.451e+01 1.2199e-07 1.2199e-07 [ 5.4877e-33 2.3976e-15 5.6733e-10 1.1264e-07 8.7877e-09 ] 1.0000e+00
 5.463e+01 1.1293e-07 1.1293e-07 [ 3.8726e-33 2.0173e-15 5.0866e-10 1.0424e-07 8.1851e-09 ] 1.0000e+00
 5.474e+01 1.0452e-07 1.0452e-07 [ 2.7308e-33 1.6965e-15 4.5591e-10 9.6444e-08 7.6218e-09 ] 1.0000e+00
 5.485e+01 9.6713e-08 9.6713e-08 [ 1.9242e-33 1.4261e-15 4.0850e-10 8.9209e-08 7.0954e-09 ] 1.0000e+00
 5.497e+01 8.9467e-08 8.9467e-08 [ 1.3548e-33 1.1982e-15 3.6590e-10 8.2497e-08 6.6037e-09 ] 1.0000e+00
 5.508e+01 8.2743e-08 8.2743e-08 [ 9.5320e-34 1.0062e-15 3.2763e-10 7.6271e-08 6.1444e-09 ] 1.0000e+00
 5.519e+01 7.6507e-08 7.6507e-08 [ 6.7015e-34 8.4462e-16 2.9327e-10 7.0498e-08 5.7155e-09 ] 1.0000e+00
 5.531e+01 7.0723e-08 7.0723e-08 [ 4.7080e-34 7.0864e-16 2.6243e-10 6.5146e-08 5.3152e-09 ] 1.0000e+00
 5.542e+01 6.5361e-08 6.5361e-08 [ 3.3051e-34 5.9428e-16 2.3476e-10 6.0185e-08 4.9416e-09 ] 1.0000e+00
 5.553e+01 6.0391e-08 6.0391e-08 [ 2.3185e-34 4.9815e-16 2.0993e-10 5.5588e-08 4.5931e-09 ] 1.0000e+00
 5.565e+01 5.5786e-08 5.5786e-08 [ 1.6252e-34 4.1737e-16 1.8768e-10 5.1330e-08 4.2680e-09 ] 1.0000e+00
 5.576e+01 5.1519e-08 5.1519e-08 [ 1.1384e-34 3.4953e-16 1.6772e-10 4.7386e-08 3.9649e-09 ] 1.0000e+00
 5.587e+01 4.7568e-08 4.7568e-08 [ 7.9685e-35 2.9259e-16 1.4984e-10 4.3735e-08 3.6824e-09 ] 1.0000e+00
 5.599e+01 4.3909e-08 4.3909e-08 [ 5.5736e-35 2.4481e-16 1.3383e-10 4.0356e-08 3.4191e-09 ] 1.0000e+00
 5.610e+01 4.0521e-08 4.0521e-08 [ 3.8957e-35 2.0474e-16 1.1949e-10 3.7228e-08 3.1738e-09 ] 1.0000e+00
 5.621e+01 3.7386e-08 3.7386e-08 [ 2.7209e-35 1.7115e-16 1.0665e-10 3.4334e-08 2.9454e-09 ] 1.0000e+00
 5.633e+01 3.4486e-08 3.4486e-08 [ 1.8990e-35 1.4300e-16 9.5158e-11 3.1658e-08 2.7327e-09 ] 1.0000e+00
 5.644e+01 3.1803e-08 3.1803e-08 [ 1.3245e-35 1.1943e-16 8.4880e-11 2.9183e-08 2.5346e-09 ] 1.0000e+00
 5.655e+01 2.9322e-08 2.9322e-08 [ 9.2309e-36 9.9704e-17 7.5688e-11 2.6896e-08 2.3504e-09 ] 1.0000e+00
 5.667e+01 2.7028e-08 2.7028e-08 [ 6.4289e-36 8.3196e-17 6.7470e-11 2.4781e-08 2.1789e-09 ] 1.0000e+00
 5.678e+01 2.4907e-08 2.4907e-08 [ 4.4742e-36 6.9391e-17 6.0126e-11 2.2828e-08 2.0195e-09 ] 1.0000e+00
 5.689e+01 2.2948e-08 2.2948e-08 [ 3.1117e-36 5.7850e-17 5.3564e-11 2.1023e-08 1.8712e-09 ] 1.0000e+00
 5.701e+01 2.1137e-08 2.1137e-08 [ 2.1625e-36 4.8208e-17 4.7704e-11 1.9356e-08 1.7333e-09 ] 1.0000e+00
 5.712e+01 1.9465e-08 1.9465e-08 [ 1.5019e-36 4.0155e-17 4.2471e-11 1.7817e-08 1.6052e-09 ] 1.0000e+00
 5.723e+01 1.7921e-08 1.7921e-08 [ 1.0423e-36 3.3432e-17 3.7801e-11 1.6397e-08 1.4862e-09 ] 1.0000e+00
 5.735e+01 1.6495e-08 1.6495e-08 [ 7.2285e-37 2.7823e-17 3.3634e-11 1.5086e-08 1.3757e-09 ] 1.0000e+00
 5.746e+01 1.5180e-08 1.5180e-08 [ 5.0096e-37 2.3144e-17 2.9917e-11 1.3877e-08 1.2730e-09 ] 1.0000e+00
 5.757e+01 1.3966e-08 1.3966e-08 [ 3.4694e-37 1.9244e-17 2.6603e-11 1.2761e-08 1.1778e-09 ] 1.0000e+00
 5.769e+01 1.2846e-08 1.2846e-08 [ 2.4011e-37 1.5994e-17 2.3648e-11 1.1733e-08 1.0893e-09 ] 1.0000e+00
 5.780e+01 1.1813e-08 1.1813e-08 [ 1.6606e-37 1.3287e-17 2.1015e-11 1.0784e-08 1.0073e-09 ] 1.0000e+00
 5.791e+01 1.0860e-08 1.0860e-08 [ 1.1476e-37 1.1034e-17 1.8670e-11 9.9104e-09 9.3115e-10 ] 1.0000e+00
 5.803e+01 9.9822e-09 9.9822e-09 [ 7.9262e-38 9.1585e-18 1.6581e-11 9.1051e-09 8.6057e-10 ] 1.0000e+00
 5.814e+01 9.1731e-09 9.1731e-09 [ 5.4704e-38 7.5986e-18 1.4722e-11 8.3632e-09 7.9514e-10 ] 1.0000e+00
 5.825e+01 8.4276e-09 8.4276e-09 [ 3.7729e-38 6.3017e-18 1.3067e-11 7.6800e-09 7.3449e-10 ] 1.0000e+00
 5.837e+01 7.7408e-09 7.7408e-09 [ 2.6004e-38 5.2239e-18 1.1594e-11 7.0509e-09 6.7830e-10 ] 1.0000e+00
 5.848e+01 7.1084e-09 7.1084e-09 [ 1.7911e-38 4.3285e-18 1.0285e-11 6.4718e-09 6.2625e-10 ] 1.0000e+00
 5.859e+01 6.5260e-09 6.5260e-09 [ 1.2328e-38 3.5851e-18 9.1200e-12 5.9389e-09 5.7804e-10 ] 1.0000e+00
 5.871e+01 5.9900e-09 5.9900e-09 [ 8.4796e-39 2.9681e-18 8.0849e-12 5.4485e-09 5.3341e-10 ] 1.0000e+00
 5.882e+01 5.4968e-09 5.4968e-09 [ 5.8286e-39 2.4562e-18 7.1651e-12 4.9975e-09 4.9211e-10 ] 1.0000e+00
 5.893e+01 5.0430e-09 5.0430e-09 [ 4.0037e-39 2.0318e-18 6.3481e-12 4.5827e-09 4.5388e-10 ] 1.0000e+00
 5.905e+01 4.6255e-09 4.6255e-09 [ 2.7483e-39 1.6799e-18 5.6225e-12 4.2014e-09 4.1852e-10 ] 1.0000e+00
 5.916e+01 4.2417e-09 4.2417e-09 [ 1.8853e-39 1.3885e-18 4.9784e-12 3.8509e-09 3.8582e-10 ] 1.0000e+00
 5.927e+01 3.8888e-09 3.8888e-09 [ 1.2925e-39 1.1470e-18 4.4067e-12 3.5288e-09 3.5558e-10 ] 1.0000e+00
 5.939e+01 3.5644e-09 3.5644e-09 [ 8.8543e-40 9.4722e-19 3.8995e-12 3.2329e-09 3.2763e-10 ] 1.0000e+00
 5.950e+01 3.2663e-09 3.2663e-09 [ 6.0618e-40 7.8187e-19 3.4496e-12 2.9611e-09 3.0180e-10 ] 1.0000e+00
 5.961e+01 2.9925e-09 2.9925e-09 [ 4.1473e-40 6.4511e-19 3.0507e-12 2.7115e-09 2.7794e-10 ] 1.0000e+00
 5.973e+01 2.7409e-09 2.7409e-09 [ 2.8356e-40 5.3205e-19 2.6972e-12 2.4823e-09 2.5590e-10 ] 1.0000e+00
 5.984e+01 2.5100e-09 2.5100e-09 [ 1.9375e-40 4.3862e-19 2.3839e-12 2.2721e-09 2.3555e-10 ] 1.0000e+00
 5.995e+01 2.2979e-09 2.2979e-09 [ 1.3229e-40 3.6144e-19 2.1064e-12 2.0791e-09 2.1676e-10 ] 1.0000e+00
 6.007e+01 2.1033e-09 2.1033e-09 [ 9.0274e-41 2.9772e-19 1.8606e-12 1.9021e-09 1.9942e-10 ] 1.0000e+00
 6.018e+01 1.9248e-09 1.9248e-09 [ 6.1560e-41 2.4513e-19 1.6430e-12 1.7397e-09 1.8342e-10 ] 1.0000e+00
 6.029e+01 1.7610e-09 1.7610e-09 [ 4.1952e-41 2.0175e-19 1.4504e-12 1.5908e-09 1.6867e-10 ] 1.0000e+00
 6.041e+01 1.6107e-09 1.6107e-09 [ 2.8571e-41 1.6597e-19 1.2800e-12 1.4544e-09 1.5506e-10 ] 1.0000e+00
 6.052e+01 1.4729e-09 1.4729e-09 [ 1.9445e-41 1.3648e-19 1.1293e-12 1.3293e-09 1.4251e-10 ] 1.0000e+00
 6.063e+01 1.3466e-09 1.3466e-09 [ 1.3226e-41 1.1219e-19 9.9609e-13 1.2147e-09 1.3095e-10 ] 1.0000e+00
 6.075e+01 1.2309e-09 1.2309e-09 [ 8.9899e-42 9.2177e-20 8.7830e-13 1.1097e-09 1.2030e-10 ] 1.0000e+00
 6.086e+01 1.1248e-09 1.1248e-09 [ 6.1067e-42 7.5706e-20 7.7420e-13 1.0136e-09 1.1048e-10 ] 1.0000e+00
 6.097e+01 1.0277e-09 1.0277e-09 [ 4.1455e-42 6.2152e-20 6.8225e-13 9.2556e-10 1.0144e-10 ] 1.0000e+00
 6.109e+01 9.3870e-10 9.3870e-10 [ 2.8123e-42 5.1003e-20 6.0104e-13 8.4498e-10 9.3118e-11 ] 1.0000e+00
 6.120e+01 8.5723e-10 8.5723e-10 [ 1.9067e-42 4.1837e-20 5.2934e-13 7.7124e-10 8.5457e-11 ] 1.0000e+00
 6.131e+01 7.8265e-10 7.8265e-10 [ 1.2919e-42 3.4304e-20 4.6605e-13 7.0377e-10 7.8407e-11 ] 1.0000e+00
 6.143e+01 7.1439e-10 7.1439e-10 [ 8.7473e-43 2.8116e-20 4.1022e-13 6.4206e-10 7.1920e-11 ] 1.0000e+00
 6.154e+01 6.5194e-10 6.5194e-10 [ 5.9192e-43 2.3035e-20 3.6096e-13 5.8562e-10 6.5954e-11 ] 1.0000e+00
 6.165e+01 5.9481e-10 5.9481e-10 [ 4.0028e-43 1.8864e-20 3.1753e-13 5.3402e-10 6.0468e-11 ] 1.0000e+00
 6.177e+01 5.4256e-10 5.4256e-10 [ 2.7052e-43 1.5442e-20 2.7924e-13 4.8686e-10 5.5425e-11 ] 1.0000e+00
 6.188e+01 4.9479e-10 4.9479e-10 [ 1.8271e-43 1.2636e-20 2.4549e-13 4.4375e-10 5.0790e-11 ] 1.0000e+00
 6.199e+01 4.5112e-10 4.5112e-10 [ 1.2332e-43 1.0335e-20 2.1577e-13 4.0437e-10 4.6531e-11 ] 1.0000e+00
 6.211e+01 4.1121e-10 4.1121e-10 [ 8.3187e-44 8.4498e-21 1.8958e-13 3.6840e-10 4.2619e-11 ] 1.0000e+00
 6.222e+01 3.7475e-10 3.7475e-10 [ 5.6079e-44 6.9057e-21 1.6653e-13 3.3556e-10 3.9026e-11 ] 1.0000e+00
 6.233e+01 3.4144e-10 3.4144e-10 [ 3.7780e-44 5.6414e-21 1.4623e-13 3.0557e-10 3.5727e-11 ] 1.0000e+00
 6.245e+01 3.1102e-10 3.1102e-10 [ 2.5437e-44 4.6067e-21 1.2837e-13 2.7820e-10 3.2699e-11 ] 1.0000e+00
 6.256e+01 2.8325e-10 2.8325e-10 [ 1.7115e-44 3.7603e-21 1.1266e-13 2.5322e-10 2.9920e-11 ] 1.0000e+00
 6.267e+01 2.5790e-10 2.5790e-10 [ 1.1509e-44 3.0681e-21 9.8846e-14 2.3043e-10 2.7371e-11 ] 1.0000e+00
 6.279e+01 2.3476e-10 2.3476e-10 [ 7.7345e-45 2.5023e-21 8.6699e-14 2.0964e-10 2.5033e-11 ] 1.0000e+00
 6.290e+01 2.1365e-10 2.1365e-10 [ 5.1945e-45 2.0401e-21 7.6022e-14 1.9069e-10 2.2889e-11 ] 1.0000e+00
 6.301e+01 1.9440e-10 1.9440e-10 [ 3.4865e-45 1.6625e-21 6.6641e-14 1.7341e-10 2.0924e-11 ] 1.0000e+00
 6.313e+01 1.7684e-10 1.7684e-10 [ 2.3387e-45 1.3543e-21 5.8401e-14 1.5766e-10 1.9122e-11 ] 1.0000e+00
 6.324e+01 1.6083e-10 1.6083e-10 [ 1.5678e-45 1.1028e-21 5.1164e-14 1.4331e-10 1.7472e-11 ] 1.0000e+00
 6.335e+01 1.4624e-10 1.4624e-10 [ 1.0504e-45 8.9759e-22 4.4812e-14 1.3023e-10 1.5960e-11 ] 1.0000e+00
 6.347e+01 1.3294e-10 1.3294e-10 [ 7.0326e-46 7.3029e-22 3.9236e-14 1.1832e-10 1.4575e-11 ] 1.0000e+00
 6.358e+01 1.2082e-10 1.2082e-10 [ 4.7057e-46 5.9393e-22 3.4345e-14 1.0748e-10 1.3308e-11 ] 1.0000e+00
 6.369e+01 1.0978e-10 1.0978e-10 [ 3.1469e-46 4.8284e-22 3.0054e-14 9.7603e-11 1.2147e-11 ] 1.0000e+00
 6.381e+01 9.9728e-11 9.9728e-11 [ 2.1031e-46 3.9237e-22 2.6292e-14 8.8616e-11 1.1086e-11 ] 1.0000e+00
 6.392e+01 9.0576e-11 9.0576e-11 [ 1.4047e-46 3.1872e-22 2.2995e-14 8.0439e-11 1.0114e-11 ] 1.0000e+00
 6.403e+01 8.2245e-11 8.2245e-11 [ 9.3764e-47 2.5880e-22 2.0105e-14 7.3000e-11 9.2255e-12 ] 1.0000e+00
 6.415e+01 7.4664e-11 7.4664e-11 [ 6.2550e-47 2.1005e-22 1.7573e-14 6.6233e-11 8.4129e-12 ] 1.0000e+00
 6.426e+01 6.7766e-11 6.7766e-11 [ 4.1702e-47 1.7042e-22 1.5356e-14 6.0081e-11 7.6701e-12 ] 1.0000e+00
 6.437e+01 6.1492e-11 6.1492e-11 [ 2.7786e-47 1.3821e-22 1.3414e-14 5.4487e-11 6.9912e-12 ] 1.0000e+00
 6.449e+01 5.5786e-11 5.5786e-11 [ 1.8502e-47 1.1204e-22 1.1715e-14 4.9403e-11 6.3709e-12 ] 1.0000e+00
 6.460e+01 5.0598e-11 5.0598e-11 [ 1.2313e-47 9.0794e-23 1.0228e-14 4.4783e-11 5.8042e-12 ] 1.0000e+00
 6.471e+01 4.5882e-11 4.5882e-11 [ 8.1895e-48 7.3545e-23 8.9271e-15 4.0586e-11 5.2866e-12 ] 1.0000e+00
 6.483e+01 4.1596e-11 4.1596e-11 [ 5.4435e-48 5.9549e-23 7.7894e-15 3.6774e-11 4.8141e-12 ] 1.0000e+00
 6.494e+01 3.7703e-11 3.7703e-11 [ 3.6161e-48 4.8197e-23 6.7949e-15 3.3313e-11 4.3827e-12 ] 1.0000e+00
 6.505e+01 3.4166e-11 3.4166e-11 [ 2.4008e-48 3.8994e-23 5.9256e-15 3.0171e-11 3.9890e-12 ] 1.0000e+00
 6.517e+01 3.0953e-11 3.0953e-11 [ 1.5929e-48 3.1536e-23 5.1660e-15 2.7318e-11 3.6298e-12 ] 1.0000e+00
 6.528e+01 2.8037e-11 2.8037e-11 [ 1.0563e-48 2.5494e-23 4.5025e-15 2.4730e-11 3.3022e-12 ] 1.0000e+00
 6.539e+01 2.5390e-11 2.5390e-11 [ 7.0002e-49 2.0601e-23 3.9231e-15 2.2382e-11 3.0035e-12 ] 1.0000e+00
 6.551e+01 2.2987e-11 2.2987e-11 [ 4.6364e-49 1.6641e-23 3.4173e-15 2.0253e-11 2.7311e-12 ] 1.0000e+00
 6.562e+01 2.0807e-11 2.0807e-11 [ 3.0690e-49 1.3436e-23 2.9759e-15 1.8322e-11 2.4828e-12 ] 1.0000e+00
 6.573e+01 1.8830e-11 1.8830e-11 [ 2.0303e-49 1.0845e-23 2.5907e-15 1.6571e-11 2.2565e-12 ] 1.0000e+00
 6.585e+01 1.7037e-11 1.7037e-11 [ 1.3423e-49 8.7494e-24 2.2548e-15 1.4984e-11 2.0504e-12 ] 1.0000e+00
 6.596e+01 1.5411e-11 1.5411e-11 [ 8.8695e-50 7.0561e-24 1.9618e-15 1.3546e-11 1.8627e-12 ] 1.0000e+00
 6.607e+01 1.3937e-11 1.3937e-11 [ 5.8572e-50 5.6883e-24 1.7064e-15 1.2244e-11 1.6918e-12 ] 1.0000e+00
 6.619e+01 1.2601e-11 1.2601e-11 [ 3.8657e-50 4.5839e-24 1.4839e-15 1.1064e-11 1.5361e-12 ] 1.0000e+00
 6.630e+01 1.1391e-11 1.1391e-11 [ 2.5498e-50 3.6924e-24 1.2900e-15 9.9952e-12 1.3945e-12 ] 1.0000e+00
 6.641e+01 1.0295e-11 1.0295e-11 [ 1.6809e-50 2.9731e-24 1.1211e-15 9.0280e-12 1.2656e-12 ] 1.0000e+00
 6.653e+01 9.3019e-12 9.3019e-12 [ 1.1074e-50 2.3930e-24 9.7408e-16 8.1525e-12 1.1484e-12 ] 1.0000e+00
 6.664e+01 8.4029e-12 8.4029e-12 [ 7.2919e-51 1.9253e-24 8.4608e-16 7.3603e-12 1.0418e-12 ] 1.0000e+00
 6.675e+01 7.5891e-12 7.5891e-12 [ 4.7986e-51 1.5484e-24 7.3469e-16 6.6435e-12 9.4483e-13 ] 1.0000e+00
 6.687e+01 6.8526e-12 6.8526e-12 [ 3.1560e-51 1.2448e-24 6.3779e-16 5.9952e-12 8.5671e-13 ] 1.0000e+00
 6.698e+01 6.1862e-12 6.1862e-12 [ 2.0744e-51 1.0003e-24 5.5351e-16 5.4090e-12 7.7662e-13 ] 1.0000e+00
 6.709e+01 5.5834e-12 5.5834e-12 [ 1.3627e-51 8.0353e-25 4.8023e-16 4.8790e-12 7.0385e-13 ] 1.0000e+00
 6.721e+01 5.0381e-12 5.0381e-12 [ 8.9471e-52 6.4521e-25 4.1653e-16 4.4000e-12 6.3775e-13 ] 1.0000e+00
 6.732e+01 4.5452e-12 4.5452e-12 [ 5.8708e-52 5.1788e-25 3.6118e-16 3.9671e-12 5.7772e-13 ] 1.0000e+00
 6.743e+01 4.0995e-12 4.0995e-12 [ 3.8500e-52 4.1551e-25 3.1310e-16 3.5760e-12 5.2322e-13 ] 1.0000e+00
 6.755e+01 3.6967e-12 3.6967e-12 [ 2.5234e-52 3.3325e-25 2.7134e-16 3.2227e-12 4.7375e-13 ] 1.0000e+00
 6.766e+01 3.3328e-12 3.3328e-12 [ 1.6529e-52 2.6717e-25 2.3509e-16 2.9037e-12 4.2886e-13 ] 1.0000e+00
 6.777e+01 3.0040e-12 3.0040e-12 [ 1.0821e-52 2.1410e-25 2.0362e-16 2.6157e-12 3.8813e-13 ] 1.0000e+00
 6.789e+01 2.7071e-12 2.7071e-12 [ 7.0801e-53 1.7151e-25 1.7631e-16 2.3557e-12 3.5118e-13 ] 1.0000e+00
 6.800e+01 2.4389e-12 2.4389e-12 [ 4.6298e-53 1.3734e-25 1.5262e-16 2.1211e-12 3.1768e-13 ] 1.0000e+00
 6.811e+01 2.1969e-12 2.1969e-12 [ 3.0258e-53 1.0993e-25 1.3208e-16 1.9094e-12 2.8731e-13 ] 1.0000e+00
 6.823e+01 1.9784e-12 1.9784e-12 [ 1.9764e-53 8.7961e-26 1.1427e-16 1.7185e-12 2.5978e-13 ] 1.0000e+00
 6.834e+01 1.7813e-12 1.7813e-12 [ 1.2902e-53 7.0352e-26 9.8836e-17 1.5463e-12 2.3483e-13 ] 1.0000e+00
 6.845e+01 1.6034e-12 1.6034e-12 [ 8.4178e-54 5.6247e-26 8.5461e-17 1.3911e-12 2.1223e-13 ] 1.0000e+00
 6.857e+01 1.4430e-12 1.4430e-12 [ 5.4890e-54 4.4952e-26 7.3875e-17 1.2512e-12 1.9176e-13 ] 1.0000e+00
 6.868e+01 1.2984e-12 1.2984e-12 [ 3.5772e-54 3.5911e-26 6.3842e-17 1.1251e-12 1.7323e-13 ] 1.0000e+00
 6.879e+01 1.1680e-12 1.1680e-12 [ 2.3299e-54 2.8677e-26 5.5156e-17 1.0115e-12 1.5645e-13 ] 1.0000e+00
 6.891e+01 1.0504e-12 1.0504e-12 [ 1.5167e-54 2.2891e-26 4.7639e-17 9.0911e-13 1.4126e-13 ] 1.0000e+00
 6.902e+01 9.4449e-13 9.4449e-13 [ 9.8679e-55 1.8266e-26 4.1134e-17 8.1694e-13 1.2752e-13 ] 1.0000e+00
 6.913e+01 8.4907e-13 8.4907e-13 [ 6.4165e-55 1.4569e-26 3.5508e-17 7.3395e-13 1.1508e-13 ] 1.0000e+00
 6.925e+01 7.6311e-13 7.6311e-13 [ 4.1699e-55 1.1616e-26 3.0643e-17 6.5924e-13 1.0384e-13 ] 1.0000e+00
 6.936e+01 6.8571e-13 6.8571e-13 [ 2.7084e-55 9.2581e-27 2.6437e-17 5.9201e-13 9.3670e-14 ] 1.0000e+00
 6.947e+01 6.1602e-13 6.1602e-13 [ 1.7582e-55 7.3759e-27 2.2801e-17 5.3152e-13 8.4479e-14 ] 1.0000e+00
 6.959e+01 5.5330e-13 5.5330e-13 [ 1.1407e-55 5.8740e-27 1.9661e-17 4.7711e-13 7.6172e-14 ] 1.0000e+00
 6.970e+01 4.9685e-13 4.9685e-13 [ 7.3966e-56 4.6761e-27 1.6948e-17 4.2817e-13 6.8666e-14 ] 1.0000e+00
 6.981e+01 4.4606e-13 4.4606e-13 [ 4.7935e-56 3.7210e-27 1.4605e-17 3.8416e-13 6.1885e-14 ] 1.0000e+00
 6.993e+01 4.0038e-13 4.0038e-13 [ 3.1048e-56 2.9599e-27 1.2583e-17 3.4461e-13 5.5761e-14 ] 1.0000e+00
 7.004e+01 3.5930e-13 3.5930e-13 [ 2.0099e-56 2.3535e-27 1.0837e-17 3.0905e-13 5.0231e-14 ] 1.0000e+00
 7.015e+01 3.2236e-13 3.2236e-13 [ 1.3004e-56 1.8706e-27 9.3314e-18 2.7711e-13 4.5239e-14 ] 1.0000e+00
 7.027e+01 2.8915e-13 2.8915e-13 [ 8.4091e-57 1.4863e-27 8.0326e-18 2.4841e-13 4.0734e-14 ] 1.0000e+00
 7.038e+01 2.5931e-13 2.5931e-13 [ 5.4347e-57 1.1804e-27 6.9126e-18 2.2263e-13 3.6670e-14 ] 1.0000e+00
 7.049e+01 2.3250e-13 2.3250e-13 [ 3.5104e-57 9.3712e-28 5.9471e-18 1.9949e-13 3.3003e-14 ] 1.0000e+00
 7.061e+01 2.0841e-13 2.0841e-13 [ 2.2663e-57 7.4369e-28 5.1150e-18 1.7871e-13 2.9696e-14 ] 1.0000e+00
 7.072e+01 1.8678e-13 1.8678e-13 [ 1.4623e-57 5.8996e-28 4.3982e-18 1.6006e-13 2.6714e-14 ] 1.0000e+00
 7.083e+01 1.6736e-13 1.6736e-13 [ 9.4297e-58 4.6782e-28 3.7807e-18 1.4333e-13 2.4026e-14 ] 1.0000e+00
 7.095e+01 1.4992e-13 1.4992e-13 [ 6.0777e-58 3.7083e-28 3.2490e-18 1.2832e-13 2.1604e-14 ] 1.0000e+00
 7.106e+01 1.3428e-13 1.3428e-13 [ 3.9151e-58 2.9383e-28 2.7913e-18 1.1485e-13 1.9421e-14 ] 1.0000e+00
 7.117e+01 1.2023e-13 1.2023e-13 [ 2.5206e-58 2.3273e-28 2.3974e-18 1.0278e-13 1.7455e-14 ] 1.0000e+00
 7.129e+01 1.0764e-13 1.0764e-13 [ 1.6220e-58 1.8426e-28 2.0586e-18 9.1950e-14 1.5685e-14 ] 1.0000e+00
 7.140e+01 9.6339e-14 9.6339e-14 [ 1.0431e-58 1.4583e-28 1.7671e-18 8.2247e-14 1.4090e-14 ] 1.0000e+00
 7.151e+01 8.6208e-14 8.6208e-14 [ 6.7050e-59 1.1537e-28 1.5165e-18 7.3552e-14 1.2655e-14 ] 1.0000e+00
 7.163e+01 7.7126e-14 7.7126e-14 [ 4.3075e-59 9.1240e-29 1.3011e-18 6.5761e-14 1.1364e-14 ] 1.0000e+00
 7.174e+01 6.8986e-14 6.8986e-14 [ 2.7658e-59 7.2127e-29 1.1159e-18 5.8783e-14 1.0202e-14 ] 1.0000e+00
 7.185e+01 6.1691e-14 6.1691e-14 [ 1.7749e-59 5.6996e-29 9.5686e-19 5.2534e-14 9.1565e-15 ] 1.0000e+00
 7.197e+01 5.5156e-14 5.5156e-14 [ 1.1384e-59 4.5022e-29 8.2024e-19 4.6939e-14 8.2164e-15 ] 1.0000e+00
 7.208e+01 4.9302e-14 4.9302e-14 [ 7.2979e-60 3.5549e-29 7.0293e-19 4.1930e-14 7.3712e-15 ] 1.0000e+00
 7.219e+01 4.4060e-14 4.4060e-14 [ 4.6759e-60 2.8059e-29 6.0224e-19 3.7448e-14 6.6114e-15 ] 1.0000e+00
 7.231e+01 3.9367e-14 3.9367e-14 [ 2.9943e-60 2.2139e-29 5.1582e-19 3.3438e-14 5.9286e-15 ] 1.0000e+00
 7.242e+01 3.5166e-14 3.5166e-14 [ 1.9164e-60 1.7460e-29 4.4169e-19 2.9850e-14 5.3151e-15 ] 1.0000e+00
 7.253e+01 3.1406e-14 3.1406e-14 [ 1.2259e-60 1.3766e-29 3.7810e-19 2.6642e-14 4.7640e-15 ] 1.0000e+00
 7.265e+01 2.8043e-14 2.8043e-14 [ 7.8378e-61 1.0848e-29 3.2358e-19 2.3773e-14 4.2690e-15 ] 1.0000e+00
 7.276e+01 2.5034e-14 2.5034e-14 [ 5.0085e-61 8.5462e-30 2.7684e-19 2.1209e-14 3.8247e-15 ] 1.0000e+00
 7.287e+01 2.2343e-14 2.2343e-14 [ 3.1988e-61 6.7299e-30 2.3679e-19 1.8917e-14 3.4258e-15 ] 1.0000e+00
 7.299e+01 1.9937e-14 1.9937e-14 [ 2.0419e-61 5.2976e-30 2.0248e-19 1.6869e-14 3.0678e-15 ] 1.0000e+00
 7.310e+01 1.7787e-14 1.7787e-14 [ 1.3027e-61 4.1686e-30 1.7309e-19 1.5040e-14 2.7466e-15 ] 1.0000e+00
 7.321e+01 1.5864e-14 1.5864e-14 [ 8.3068e-62 3.2789e-30 1.4793e-19 1.3406e-14 2.4585e-15 ] 1.0000e+00
 7.333e+01 1.4147e-14 1.4147e-14 [ 5.2942e-62 2.5781e-30 1.2639e-19 1.1947e-14 2.2001e-15 ] 1.0000e+00
 7.344e+01 1.2613e-14 1.2613e-14 [ 3.3723e-62 2.0263e-30 1.0795e-19 1.0644e-14 1.9684e-15 ] 1.0000e+00
 7.355e+01 1.1242e-14 1.1242e-14 [ 2.1470e-62 1.5920e-30 9.2182e-20 9.4817e-15 1.7607e-15 ] 1.0000e+00
 7.367e+01 1.0019e-14 1.0019e-14 [ 1.3662e-62 1.2503e-30 7.8693e-20 8.4442e-15 1.5746e-15 ] 1.0000e+00
 7.378e+01 8.9265e-15 8.9265e-15 [ 8.6889e-63 9.8153e-31 6.7160e-20 7.5186e-15 1.4078e-15 ] 1.0000e+00
 7.389e+01 7.9515e-15 7.9515e-15 [ 5.5232e-63 7.7026e-31 5.7302e-20 6.6931e-15 1.2584e-15 ] 1.0000e+00
 7.401e+01 7.0815e-15 7.0815e-15 [ 3.5090e-63 6.0424e-31 4.8877e-20 5.9569e-15 1.1246e-15 ] 1.0000e+00
 7.412e+01 6.3054e-15 6.3054e-15 [ 2.2282e-63 4.7382e-31 4.1679e-20 5.3005e-15 1.0048e-15 ] 1.0000e+00
 7.423e+01 5.6130e-15 5.6130e-15 [ 1.4142e-63 3.7141e-31 3.5532e-20 4.7154e-15 8.9760e-16 ] 1.0000e+00
 7.435e+01 4.9957e-15 4.9957e-15 [ 8.9708e-64 2.9102e-31 3.0282e-20 4.1940e-15 8.0163e-16 ] 1.0000e+00
 7.446e+01 4.4452e-15 4.4452e-15 [ 5.6876e-64 2.2794e-31 2.5802e-20 3.7295e-15 7.1576e-16 ] 1.0000e+00
 7.457e+01 3.9546e-15 3.9546e-15 [ 3.6041e-64 1.7847e-31 2.1978e-20 3.3156e-15 6.3895e-16 ] 1.0000e+00
 7.469e+01 3.5174e-15 3.5174e-15 [ 2.2827e-64 1.3968e-31 1.8716e-20 2.9471e-15 5.7025e-16 ] 1.0000e+00
 7.480e+01 3.1278e-15 3.1278e-15 [ 1.4450e-64 1.0928e-31 1.5933e-20 2.6190e-15 5.0882e-16 ] 1.0000e+00
 7.491e+01 2.7808e-15 2.7808e-15 [ 9.1428e-65 8.5463e-32 1.3561e-20 2.3269e-15 4.5391e-16 ] 1.0000e+00
 7.503e+01 2.4717e-15 2.4717e-15 [ 5.7818e-65 6.6812e-32 1.1538e-20 2.0669e-15 4.0483e-16 ] 1.0000e+00
 7.514e+01 2.1966e-15 2.1966e-15 [ 3.6544e-65 5.2211e-32 9.8150e-21 1.8356e-15 3.6098e-16 ] 1.0000e+00
 7.525e+01 1.9516e-15 1.9516e-15 [ 2.3086e-65 4.0785e-32 8.3467e-21 1.6298e-15 3.2181e-16 ] 1.0000e+00
 7.537e+01 1.7336e-15 1.7336e-15 [ 1.4577e-65 3.1848e-32 7.0961e-21 1.4468e-15 2.8682e-16 ] 1.0000e+00
 7.548e+01 1.5396e-15 1.5396e-15 [ 9.1994e-66 2.4860e-32 6.0312e-21 1.2840e-15 2.5559e-16 ] 1.0000e+00
 7.559e+01 1.3670e-15 1.3670e-15 [ 5.8027e-66 1.9397e-32 5.1247e-21 1.1393e-15 2.2770e-16 ] 1.0000e+00
 7.571e+01 1.2135e-15 1.2135e-15 [ 3.6583e-66 1.5129e-32 4.3533e-21 1.0107e-15 2.0281e-16 ] 1.0000e+00
 7.582e+01 1.0771e-15 1.0771e-15 [ 2.3052e-66 1.1796e-32 3.6970e-21 8.9646e-16 1.8060e-16 ] 1.0000e+00
 7.593e+01 9.5572e-16 9.5572e-16 [ 1.4518e-66 9.1936e-33 3.1387e-21 7.9493e-16 1.6078e-16 ] 1.0000e+00
 7.605e+01 8.4787e-16 8.4787e-16 [ 9.1392e-67 7.1626e-33 2.6641e-21 7.0475e-16 1.4311e-16 ] 1.0000e+00
 7.616e+01 7.5202e-16 7.5202e-16 [ 5.7502e-67 5.5781e-33 2.2606e-21 6.2467e-16 1.2735e-16 ] 1.0000e+00
 7.627e+01 6.6687e-16 6.6687e-16 [ 3.6160e-67 4.3425e-33 1.9177e-21 5.5356e-16 1.1331e-16 ] 1.0000e+00
 7.639e+01 5.9124e-16 5.9124e-16 [ 2.2728e-67 3.3793e-33 1.6263e-21 4.9045e-16 1.0079e-16 ] 1.0000e+00
 7.650e+01 5.2407e-16 5.2407e-16 [ 1.4278e-67 2.6288e-33 1.3789e-21 4.3444e-16 8.9629e-17 ] 1.0000e+00
 7.661e+01 4.6443e-16 4.6443e-16 [ 8.9655e-68 2.0442e-33 1.1688e-21 3.8474e-16 7.9690e-17 ] 1.0000e+00
 7.673e+01 4.1149e-16 4.1149e-16 [ 5.6267e-68 1.5889e-33 9.9039e-22 3.4065e-16 7.0837e-17 ] 1.0000e+00
 7.684e+01 3.6451e-16 3.6451e-16 [ 3.5295e-68 1.2346e-33 8.3901e-22 3.0155e-16 6.2953e-17 ] 1.0000e+00
 7.695e+01 3.2282e-16 3.2282e-16 [ 2.2129e-68 9.5896e-34 7.1057e-22 2.6688e-16 5.5935e-17 ] 1.0000e+00
 7.707e+01 2.8584e-16 2.8584e-16 [ 1.3867e-68 7.4456e-34 6.0164e-22 2.3615e-16 4.9688e-17 ] 1.0000e+00
 7.718e+01 2.5304e-16 2.5304e-16 [ 8.6855e-69 5.7788e-34 5.0926e-22 2.0891e-16 4.4128e-17 ] 1.0000e+00
 7.729e+01 2.2396e-16 2.2396e-16 [ 5.4374e-69 4.4834e-34 4.3095e-22 1.8478e-16 3.9183e-17 ] 1.0000e+00
 7.741e+01 1.9818e-16 1.9818e-16 [ 3.4023e-69 3.4771e-34 3.6458e-22 1.6339e-16 3.4783e-17 ] 1.0000e+00
 7.752e+01 1.7533e-16 1.7533e-16 [ 2.1278e-69 2.6956e-34 3.0835e-22 1.4445e-16 3.0871e-17 ] 1.0000e+00
 7.763e+01 1.5508e-16 1.5508e-16 [ 1.3301e-69 2.0890e-34 2.6073e-22 1.2768e-16 2.7393e-17 ] 1.0000e+00
 7.775e+01 1.3714e-16 1.3714e-16 [ 8.3102e-70 1.6182e-34 2.2039e-22 1.1283e-16 2.4301e-17 ] 1.0000e+00
 7.786e+01 1.2125e-16 1.2125e-16 [ 5.1895e-70 1.2531e-34 1.8625e-22 9.9692e-17 2.1554e-17 ] 1.0000e+00
 7.797e+01 1.0717e-16 1.0717e-16 [ 3.2391e-70 9.7000e-35 1.5735e-22 8.8061e-17 1.9113e-17 ] 1.0000e+00
 7.809e+01 9.4715e-17 9.4715e-17 [ 2.0208e-70 7.5057e-35 1.3290e-22 7.7770e-17 1.6944e-17 ] 1.0000e+00
 7.820e+01 8.3687e-17 8.3687e-17 [ 1.2601e-70 5.8056e-35 1.1222e-22 6.8668e-17 1.5019e-17 ] 1.0000e+00
 7.831e+01 7.3927e-17 7.3927e-17 [ 7.8534e-71 4.4889e-35 9.4735e-23 6.0618e-17 1.3309e-17 ] 1.0000e+00
 7.843e+01 6.5291e-17 6.5291e-17 [ 4.8922e-71 3.4695e-35 7.9950e-23 5.3500e-17 1.1791e-17 ] 1.0000e+00
 7.854e+01 5.7652e-17 5.7652e-17 [ 3.0461e-71 2.6806e-35 6.7454e-23 4.7208e-17 1.0444e-17 ] 1.0000e+00
 7.865e+01 5.0896e-17 5.0896e-17 [ 1.8957e-71 2.0703e-35 5.6896e-23 4.1647e-17 9.2493e-18 ] 1.0000e+00
 7.877e+01 4.4922e-17 4.4922e-17 [ 1.1791e-71 1.5983e-35 4.7977e-23 3.6733e-17 8.1891e-18 ] 1.0000e+00
 7.888e+01 3.9641e-17 3.9641e-17 [ 7.3310e-72 1.2335e-35 4.0446e-23 3.2392e-17 7.2489e-18 ] 1.0000e+00
 7.899e+01 3.4974e-17 3.4974e-17 [ 4.5556e-72 9.5156e-36 3.4087e-23 2.8558e-17 6.4152e-18 ] 1.0000e+00
 7.911e+01 3.0849e-17 3.0849e-17 [ 2.8296e-72 7.3380e-36 2.8721e-23 2.5173e-17 5.6762e-18 ] 1.0000e+00
 7.922e+01 2.7205e-17 2.7205e-17 [ 1.7566e-72 5.6566e-36 2.4192e-23 2.2184e-17 5.0212e-18 ] 1.0000e+00
 7.933e+01 2.3987e-17 2.3987e-17 [ 1.0900e-72 4.3588e-36 2.0373e-23 1.9546e-17 4.4408e-18 ] 1.0000e+00
 7.945e+01 2.1144e-17 2.1144e-17 [ 6.7603e-73 3.3575e-36 1.7151e-23 1.7218e-17 3.9266e-18 ] 1.0000e+00
 7.956e+01 1.8635e-17 1.8635e-17 [ 4.1908e-73 2.5853e-36 1.4435e-23 1.5164e-17 3.4712e-18 ] 1.0000e+00
 7.967e+01 1.6420e-17 1.6420e-17 [ 2.5966e-73 1.9899e-36 1.2146e-23 1.3352e-17 3.0679e-18 ] 1.0000e+00
 7.979e+01 1.4465e-17 1.4465e-17 [ 1.6081e-73 1.5310e-36 1.0217e-23 1.1754e-17 2.7109e-18 ] 1.0000e+00
 7.990e+01 1.2740e-17 1.2740e-17 [ 9.9543e-74 1.1776e-36 8.5925e-24 1.0345e-17 2.3949e-18 ] 1.0000e+00
 8.001e+01 1.1219e-17 1.1219e-17 [ 6.1588e-74 9.0534e-37 7.2241e-24 9.1033e-18 2.1153e-18 ] 1.0000e+00
 8.013e+01 9.8768e-18 9.8768e-18 [ 3.8086e-74 6.9579e-37 6.0719e-24 8.0088e-18 1.8680e-18 ] 1.0000e+00
 8.024e+01 8.6936e-18 8.6936e-18 [ 2.3542e-74 5.3454e-37 5.1022e-24 7.0444e-18 1.6492e-18 ] 1.0000e+00
 8.035e+01 7.6505e-18 7.6505e-18 [ 1.4544e-74 4.1051e-37 4.2861e-24 6.1948e-18 1.4557e-18 ] 1.0000e+00
 8.047e+01 6.7312e-18 6.7312e-18 [ 8.9812e-75 3.1513e-37 3.5996e-24 5.4466e-18 1.2846e-18 ] 1.0000e+00
 8.058e+01 5.9210e-18 5.9210e-18 [ 5.5433e-75 2.4183e-37 3.0223e-24 4.7877e-18 1.1334e-18 ] 1.0000e+00
 8.069e+01 5.2073e-18 5.2073e-18 [ 3.4198e-75 1.8550e-37 2.5369e-24 4.2076e-18 9.9974e-19 ] 1.0000e+00
 8.081e+01 4.5787e-18 4.5787e-18 [ 2.1087e-75 1.4224e-37 2.1288e-24 3.6970e-18 8.8167e-19 ] 1.0000e+00
 8.092e+01 4.0251e-18 4.0251e-18 [ 1.2996e-75 1.0903e-37 1.7859e-24 3.2477e-18 7.7737e-19 ] 1.0000e+00
 8.103e+01 3.5377e-18 3.5377e-18 [ 8.0061e-76 8.3543e-38 1.4979e-24 2.8524e-18 6.8527e-19 ] 1.0000e+00
 8.115e+01 3.1086e-18 3.1086e-18 [ 4.9296e-76 6.3988e-38 1.2559e-24 2.5047e-18 6.0394e-19 ] 1.0000e+00
 8.126e+01 2.7310e-18 2.7310e-18 [ 3.0338e-76 4.8992e-38 1.0528e-24 2.1989e-18 5.3216e-19 ] 1.0000e+00
 8.137e+01 2.3988e-18 2.3988e-18 [ 1.8662e-76 3.7496e-38 8.8226e-25 1.9300e-18 4.6880e-19 ] 1.0000e+00
 8.149e+01 2.1065e-18 2.1065e-18 [ 1.1474e-76 2.8687e-38 7.3916e-25 1.6936e-18 4.1289e-19 ] 1.0000e+00
 8.160e+01 1.8495e-18 1.8495e-18 [ 7.0515e-77 2.1939e-38 6.1910e-25 1.4859e-18 3.6358e-19 ] 1.0000e+00
 8.171e+01 1.6235e-18 1.6235e-18 [ 4.3314e-77 1.6772e-38 5.1840e-25 1.3034e-18 3.2008e-19 ] 1.0000e+00
 8.183e+01 1.4248e-18 1.4248e-18 [ 2.6593e-77 1.2817e-38 4.3397e-25 1.1431e-18 2.8173e-19 ] 1.0000e+00
 8.194e+01 1.2502e-18 1.2502e-18 [ 1.6319e-77 9.7910e-39 3.6319e-25 1.0022e-18 2.4792e-19 ] 1.0000e+00
 8.205e+01 1.0967e-18 1.0967e-18 [ 1.0010e-77 7.4765e-39 3.0387e-25 8.7858e-19 2.1812e-19 ] 1.0000e+00
 8.217e+01 9.6187e-19 9.6187e-19 [ 6.1367e-78 5.7070e-39 2.5417e-25 7.7001e-19 1.9186e-19 ] 1.0000e+00
 8.228e+01 8.4344e-19 8.4344e-19 [ 3.7604e-78 4.3546e-39 2.1255e-25 6.7472e-19 1.6872e-19 ] 1.0000e+00
 8.239e+01 7.3944e-19 7.3944e-19 [ 2.3032e-78 3.3215e-39 1.7769e-25 5.9109e-19 1.4834e-19 ] 1.0000e+00
 8.251e+01 6.4812e-19 6.4812e-19 [ 1.4100e-78 2.5325e-39 1.4851e-25 5.1772e-19 1.3040e-19 ] 1.0000e+00
 8.262e+01 5.6797e-19 5.6797e-19 [ 8.6278e-79 1.9301e-39 1.2409e-25 4.5337e-19 1.1460e-19 ] 1.0000e+00
 8.273e+01 4.9762e-19 4.9762e-19 [ 5.2768e-79 1.4705e-39 1.0365e-25 3.9693e-19 1.0069e-19 ] 1.0000e+00
 8.285e+01 4.3589e-19 4.3589e-19 [ 3.2258e-79 1.1199e-39 8.6561e-26 3.4744e-19 8.8457e-20 ] 1.0000e+00
 8.296e+01 3.8175e-19 3.8175e-19 [ 1.9710e-79 8.5258e-40 7.2268e-26 3.0406e-19 7.7689e-20 ] 1.0000e+00
 8.307e+01 3.3425e-19 3.3425e-19 [ 1.2038e-79 6.4881e-40 6.0319e-26 2.6604e-19 6.8218e-20 ] 1.0000e+00
 8.319e+01 2.9261e-19 2.9261e-19 [ 7.3481e-80 4.9355e-40 5.0332e-26 2.3272e-19 5.9888e-20 ] 1.0000e+00
 8.330e+01 2.5610e-19 2.5610e-19 [ 4.4834e-80 3.7530e-40 4.1988e-26 2.0353e-19 5.2564e-20 ] 1.0000e+00
 8.341e+01 2.2410e-19 2.2410e-19 [ 2.7342e-80 2.8527e-40 3.5017e-26 1.7797e-19 4.6126e-20 ] 1.0000e+00
 8.353e+01 1.9605e-19 1.9605e-19 [ 1.6666e-80 2.1676e-40 2.9196e-26 1.5559e-19 4.0468e-20 ] 1.0000e+00
 8.364e+01 1.7148e-19 1.7148e-19 [ 1.0154e-80 1.6464e-40 2.4336e-26 1.3599e-19 3.5496e-20 ] 1.0000e+00
 8.375e+01 1.4996e-19 1.4996e-19 [ 6.1835e-81 1.2500e-40 2.0279e-26 1.1883e-19 3.1128e-20 ] 1.0000e+00
 8.387e+01 1.3111e-19 1.3111e-19 [ 3.7637e-81 9.4867e-41 1.6894e-26 1.0382e-19 2.7292e-20 ] 1.0000e+00
 8.398e+01 1.1461e-19 1.1461e-19 [ 2.2898e-81 7.1971e-41 1.4071e-26 9.0687e-20 2.3923e-20 ] 1.0000e+00
 8.409e+01 1.0016e-19 1.0016e-19 [ 1.3924e-81 5.4580e-41 1.1716e-26 7.9197e-20 2.0966e-20 ] 1.0000e+00
 8.421e+01 8.7519e-20 8.7519e-20 [ 8.4628e-82 4.1375e-41 9.7526e-27 6.9149e-20 1.8370e-20 ] 1.0000e+00
 8.432e+01 7.6455e-20 7.6455e-20 [ 5.1412e-82 3.1352e-41 8.1161e-27 6.0363e-20 1.6093e-20 ] 1.0000e+00
 8.443e+01 6.6776e-20 6.6776e-20 [ 3.1217e-82 2.3748e-41 6.7523e-27 5.2682e-20 1.4094e-20 ] 1.0000e+00
 8.455e+01 5.8310e-20 5.8310e-20 [ 1.8946e-82 1.7982e-41 5.6162e-27 4.5969e-20 1.2341e-20 ] 1.0000e+00
 8.466e+01 5.0907e-20 5.0907e-20 [ 1.1493e-82 1.3610e-41 4.6700e-27 4.0103e-20 1.0804e-20 ] 1.0000e+00
 8.477e+01 4.4434e-20 4.4434e-20 [ 6.9685e-83 1.0297e-41 3.8822e-27 3.4978e-20 9.4564e-21 ] 1.0000e+00
 8.489e+01 3.8777e-20 3.8777e-20 [ 4.2231e-83 7.7873e-42 3.2264e-27 3.0502e-20 8.2750e-21 ] 1.0000e+00
 8.500e+01 3.3832e-20 3.3832e-20 [ 2.5581e-83 5.8870e-42 2.6806e-27 2.6593e-20 7.2397e-21 ] 1.0000e+00
 8.511e+01 2.9512e-20 2.9512e-20 [ 1.5488e-83 4.4487e-42 2.2266e-27 2.3180e-20 6.3325e-21 ] 1.0000e+00
 8.523e+01 2.5739e-20 2.5739e-20 [ 9.3722e-84 3.3604e-42 1.8490e-27 2.0201e-20 5.5378e-21 ] 1.0000e+00
 8.534e+01 2.2443e-20 2.2443e-20 [ 5.6687e-84 2.5374e-42 1.5350e-27 1.7601e-20 4.8418e-21 ] 1.0000e+00
 8.545e+01 1.9565e-20 1.9565e-20 [ 3.4270e-84 1.9151e-42 1.2740e-27 1.5332e-20 4.2324e-21 ] 1.0000e+00
 8.557e+01 1.7052e-20 1.7052e-20 [ 2.0708e-84 1.4449e-42 1.0570e-27 1.3353e-20 3.6989e-21 ] 1.0000e+00
 8.568e+01 1.4859e-20 1.4859e-20 [ 1.2507e-84 1.0897e-42 8.7682e-28 1.1628e-20 3.2319e-21 ] 1.0000e+00
 8.579e+01 1.2946e-20 1.2946e-20 [ 7.5498e-85 8.2148e-43 7.2713e-28 1.0123e-20 2.8233e-21 ] 1.0000e+00
 8.591e+01 1.1276e-20 1.1276e-20 [ 4.5553e-85 6.1903e-43 6.0283e-28 8.8106e-21 2.4658e-21 ] 1.0000e+00
 8.602e+01 9.8202e-21 9.8202e-21 [ 2.7471e-85 4.6628e-43 4.9964e-28 7.6671e-21 2.1532e-21 ] 1.0000e+00
 8.613e+01 8.5503e-21 8.5503e-21 [ 1.6559e-85 3.5108e-43 4.1400e-28 6.6705e-21 1.8797e-21 ] 1.0000e+00
 8.625e+01 7.4430e-21 7.4430e-21 [ 9.9760e-86 2.6423e-43 3.4294e-28 5.8023e-21 1.6407e-21 ] 1.0000e+00
 8.636e+01 6.4778e-21 6.4778e-21 [ 6.0072e-86 1.9878e-43 2.8401e-28 5.0461e-21 1.4317e-21 ] 1.0000e+00
 8.647e+01 5.6366e-21 5.6366e-21 [ 3.6155e-86 1.4949e-43 2.3513e-28 4.3875e-21 1.2491e-21 ] 1.0000e+00
 8.659e+01 4.9036e-21 4.9036e-21 [ 2.1750e-86 1.1237e-43 1.9462e-28 3.8140e-21 1.0896e-21 ] 1.0000e+00
 8.670e+01 4.2651e-21 4.2651e-21 [ 1.3077e-86 8.4430e-44 1.6104e-28 3.3149e-21 9.5019e-22 ] 1.0000e+00
 8.681e+01 3.7089e-21 3.7089e-21 [ 7.8590e-87 6.3412e-44 1.3321e-28 2.8804e-21 8.2847e-22 ] 1.0000e+00
 8.693e+01 3.2246e-21 3.2246e-21 [ 4.7206e-87 4.7606e-44 1.1017e-28 2.5024e-21 7.2219e-22 ] 1.0000e+00
 8.704e+01 2.8029e-21 2.8029e-21 [ 2.8340e-87 3.5725e-44 9.1083e-29 2.1735e-21 6.2941e-22 ] 1.0000e+00
 8.715e+01 2.4359e-21 2.4359e-21 [ 1.7006e-87 2.6797e-44 7.5283e-29 1.8875e-21 5.4843e-22 ] 1.0000e+00
 8.727e+01 2.1165e-21 2.1165e-21 [ 1.0199e-87 2.0092e-44 6.2207e-29 1.6388e-21 4.7776e-22 ] 1.0000e+00
 8.738e+01 1.8386e-21 1.8386e-21 [ 6.1138e-88 1.5058e-44 5.1387e-29 1.4225e-21 4.1612e-22 ] 1.0000e+00
 8.749e+01 1.5969e-21 1.5969e-21 [ 3.6630e-88 1.1281e-44 4.2437e-29 1.2345e-21 3.6235e-22 ] 1.0000e+00
 8.761e+01 1.3866e-21 1.3866e-21 [ 2.1935e-88 8.4471e-45 3.5036e-29 1.0712e-21 3.1546e-22 ] 1.0000e+00
 8.772e+01 1.2038e-21 1.2038e-21 [ 1.3129e-88 6.3224e-45 2.8917e-29 9.2924e-22 2.7458e-22 ] 1.0000e+00
 8.783e+01 1.0449e-21 1.0449e-21 [ 7.8537e-89 4.7301e-45 2.3860e-29 8.0594e-22 2.3895e-22 ] 1.0000e+00
 8.795e+01 9.0676e-22 9.0676e-22 [ 4.6957e-89 3.5373e-45 1.9682e-29 6.9886e-22 2.0790e-22 ] 1.0000e+00
 8.806e+01 7.8673e-22 7.8673e-22 [ 2.8061e-89 2.6441e-45 1.6230e-29 6.0589e-22 1.8084e-22 ] 1.0000e+00
 8.817e+01 6.8244e-22 6.8244e-22 [ 1.6760e-89 1.9755e-45 1.3380e-29 5.2517e-22 1.5727e-22 ] 1.0000e+00
 8.829e+01 5.9186e-22 5.9186e-22 [ 1.0005e-89 1.4753e-45 1.1027e-29 4.5511e-22 1.3675e-22 ] 1.0000e+00
 8.840e+01 5.1319e-22 5.1319e-22 [ 5.9698e-90 1.1013e-45 9.0853e-30 3.9432e-22 1.1888e-22 ] 1.0000e+00
 8.851e+01 4.4489e-22 4.4489e-22 [ 3.5600e-90 8.2171e-46 7.4832e-30 3.4157e-22 1.0332e-22 ] 1.0000e+00
 8.863e+01 3.8560e-22 3.8560e-22 [ 2.1219e-90 6.1282e-46 6.1617e-30 2.9582e-22 8.9778e-23 ] 1.0000e+00
 8.874e+01 3.3414e-22 3.3414e-22 [ 1.2640e-90 4.5682e-46 5.0720e-30 2.5615e-22 7.7996e-23 ] 1.0000e+00
 8.885e+01 2.8949e-22 2.8949e-22 [ 7.5258e-91 3.4037e-46 4.1738e-30 2.2175e-22 6.7745e-23 ] 1.0000e+00
 8.897e+01 2.5076e-22 2.5076e-22 [ 4.4784e-91 2.5349e-46 3.4335e-30 1.9193e-22 5.8829e-23 ] 1.0000e+00
 8.908e+01 2.1716e-22 2.1716e-22 [ 2.6635e-91 1.8870e-46 2.8237e-30 1.6608e-22 5.1076e-23 ] 1.0000e+00
 8.919e+01 1.8802e-22 1.8802e-22 [ 1.5833e-91 1.4040e-46 2.3214e-30 1.4369e-22 4.4335e-23 ] 1.0000e+00
 8.931e+01 1.6276e-22 1.6276e-22 [ 9.4062e-92 1.0441e-46 1.9079e-30 1.2429e-22 3.8476e-23 ] 1.0000e+00
 8.942e+01 1.4087e-22 1.4087e-22 [ 5.5852e-92 7.7609e-47 1.5675e-30 1.0749e-22 3.3384e-23 ] 1.0000e+00
 8.953e+01 1.2189e-22 1.2189e-22 [ 3.3145e-92 5.7659e-47 1.2874e-30 9.2935e-23 2.8959e-23 ] 1.0000e+00
 8.965e+01 1.0545e-22 1.0545e-22 [ 1.9659e-92 4.2817e-47 1.0570e-30 8.0338e-23 2.5116e-23 ] 1.0000e+00
 8.976e+01 9.1212e-23 9.1212e-23 [ 1.1654e-92 3.1779e-47 8.6757e-31 6.9434e-23 2.1778e-23 ] 1.0000e+00
 8.987e+01 7.8877e-23 7.8877e-23 [ 6.9046e-93 2.3575e-47 7.1184e-31 5.9997e-23 1.8880e-23 ] 1.0000e+00
 8.999e+01 6.8197e-23 6.8197e-23 [ 4.0884e-93 1.7480e-47 5.8386e-31 5.1832e-23 1.6364e-23 ] 1.0000e+00
 9.010e+01 5.8950e-23 5.8950e-23 [ 2.4195e-93 1.2954e-47 4.7872e-31 4.4770e-23 1.4181e-23 ] 1.0000e+00
 9.021e+01 5.0947e-23 5.0947e-23 [ 1.4311e-93 9.5955e-48 3.9237e-31 3.8661e-23 1.2286e-23 ] 1.0000e+00
 9.033e+01 4.4021e-23 4.4021e-23 [ 8.4594e-94 7.1038e-48 3.2148e-31 3.3379e-23 1.0642e-23 ] 1.0000e+00
 9.044e+01 3.8029e-23 3.8029e-23 [ 4.9977e-94 5.2563e-48 2.6331e-31 2.8813e-23 9.2160e-24 ] 1.0000e+00
 9.055e+01 3.2846e-23 3.2846e-23 [ 2.9508e-94 3.8873e-48 2.1558e-31 2.4866e-23 7.9795e-24 ] 1.0000e+00
 9.067e+01 2.8363e-23 2.8363e-23 [ 1.7413e-94 2.8733e-48 1.7643e-31 2.1456e-23 6.9074e-24 ] 1.0000e+00
 9.078e+01 2.4487e-23 2.4487e-23 [ 1.0269e-94 2.1226e-48 1.4434e-31 1.8509e-23 5.9781e-24 ] 1.0000e+00
 9.089e+01 2.1137e-23 2.1137e-23 [ 6.0528e-95 1.5673e-48 1.1804e-31 1.5964e-23 5.1728e-24 ] 1.0000e+00
 9.101e+01 1.8241e-23 1.8241e-23 [ 3.5654e-95 1.1565e-48 9.6495e-32 1.3766e-23 4.4750e-24 ] 1.0000e+00
 9.112e+01 1.5739e-23 1.5739e-23 [ 2.0990e-95 8.5299e-49 7.8850e-32 1.1868e-23 3.8705e-24 ] 1.0000e+00
 9.123e+01 1.3577e-23 1.3577e-23 [ 1.2349e-95 6.2875e-49 6.4405e-32 1.0230e-23 3.3470e-24 ] 1.0000e+00
 9.135e+01 1.1710e-23 1.1710e-23 [ 7.2613e-96 4.6320e-49 5.2584e-32 8.8159e-24 2.8937e-24 ] 1.0000e+00
 9.146e+01 1.0097e-23 1.0097e-23 [ 4.2669e-96 3.4104e-49 4.2915e-32 7.5958e-24 2.5012e-24 ] 1.0000e+00
 9.157e+01 8.7047e-24 8.7047e-24 [ 2.5058e-96 2.5095e-49 3.5008e-32 6.5432e-24 2.1615e-24 ] 1.0000e+00
 9.169e+01 7.5029e-24 7.5029e-24 [ 1.4707e-96 1.8456e-49 2.8546e-32 5.6353e-24 1.8676e-24 ] 1.0000e+00
 9.180e+01 6.4657e-24 6.4657e-24 [ 8.6259e-97 1.3564e-49 2.3266e-32 4.8524e-24 1.6133e-24 ] 1.0000e+00
 9.191e+01 5.5707e-24 5.5707e-24 [ 5.0561e-97 9.9636e-50 1.8954e-32 4.1774e-24 1.3933e-24 ] 1.0000e+00
 9.203e+01 4.7986e-24 4.7986e-24 [ 2.9618e-97 7.3142e-50 1.5434e-32 3.5956e-24 1.2031e-24 ] 1.0000e+00
 9.214e+01 4.1327e-24 4.1327e-24 [ 1.7339e-97 5.3660e-50 1.2561e-32 3.0941e-24 1.0386e-24 ] 1.0000e+00
 9.225e+01 3.5585e-24 3.5585e-24 [ 1.0143e-97 3.9342e-50 1.0219e-32 2.6621e-24 8.9644e-25 ] 1.0000e+00
 9.237e+01 3.0634e-24 3.0634e-24 [ 5.9302e-98 2.8827e-50 8.3086e-33 2.2899e-24 7.7356e-25 ] 1.0000e+00
 9.248e+01 2.6367e-24 2.6367e-24 [ 3.4647e-98 2.1108e-50 6.7521e-33 1.9693e-24 6.6739e-25 ] 1.0000e+00
 9.259e+01 2.2689e-24 2.2689e-24 [ 2.0229e-98 1.5446e-50 5.4844e-33 1.6933e-24 5.7567e-25 ] 1.0000e+00
 9.271e+01 1.9521e-24 1.9521e-24 [ 1.1803e-98 1.1296e-50 4.4524e-33 1.4556e-24 4.9645e-25 ] 1.0000e+00
 9.282e+01 1.6791e-24 1.6791e-24 [ 6.8815e-99 8.2549e-51 3.6125e-33 1.2511e-24 4.2804e-25 ] 1.0000e+00
 9.293e+01 1.4440e-24 1.4440e-24 [ 4.0095e-99 6.0286e-51 2.9295e-33 1.0750e-24 3.6898e-25 ] 1.0000e+00
 9.305e+01 1.2416e-24 1.2416e-24 [ 2.3344e-99 4.3997e-51 2.3742e-33 9.2359e-25 3.1801e-25 ] 1.0000e+00
 9.316e+01 1.0673e-24 1.0673e-24 [ 1.3582e-99 3.2087e-51 1.9231e-33 7.9331e-25 2.7402e-25 ] 1.0000e+00
 9.327e+01 9.1732e-25 9.1732e-25 [ 7.8965e-100 2.3384e-51 1.5568e-33 6.8126e-25 2.3606e-25 ] 1.0000e+00
 9.339e+01 7.8824e-25 7.8824e-25 [ 4.5876e-100 1.7029e-51 1.2594e-33 5.8492e-25 2.0332e-25 ] 1.0000e+00
 9.350e+01 6.7718e-25 6.7718e-25 [ 2.6633e-100 1.2392e-51 1.0183e-33 5.0210e-25 1.7509e-25 ] 1.0000e+00
 9.361e+01 5.8165e-25 5.8165e-25 [ 1.5449e-100 9.0115e-52 8.2273e-34 4.3091e-25 1.5074e-25 ] 1.0000e+00
 9.373e+01 4.9950e-25 4.9950e-25 [ 8.9551e-101 6.5479e-52 6.6431e-34 3.6974e-25 1.2975e-25 ] 1.0000e+00
 9.384e+01 4.2885e-25 4.2885e-25 [ 5.1867e-101 4.7542e-52 5.3604e-34 3.1719e-25 1.1166e-25 ] 1.0000e+00
 9.395e+01 3.6812e-25 3.6812e-25 [ 3.0017e-101 3.4491e-52 4.3223e-34 2.7205e-25 9.6076e-26 ] 1.0000e+00
 9.407e+01 3.1593e-25 3.1593e-25 [ 1.7358e-101 2.5003e-52 3.4828e-34 2.3328e-25 8.2648e-26 ] 1.0000e+00
 9.418e+01 2.7108e-25 2.7108e-25 [ 1.0029e-101 1.8110e-52 2.8042e-34 2.0000e-25 7.1081e-26 ] 1.0000e+00
 9.429e+01 2.3254e-25 2.3254e-25 [ 5.7898e-102 1.3106e-52 2.2562e-34 1.7142e-25 6.1121e-26 ] 1.0000e+00
 9.441e+01 1.9945e-25 1.9945e-25 [ 3.3396e-102 9.4768e-53 1.8139e-34 1.4690e-25 5.2545e-26 ] 1.0000e+00
 9.452e+01 1.7102e-25 1.7102e-25 [ 1.9246e-102 6.8466e-53 1.4571e-34 1.2586e-25 4.5164e-26 ] 1.0000e+00
 9.463e+01 1.4662e-25 1.4662e-25 [ 1.1082e-102 4.9419e-53 1.1696e-34 1.0781e-25 3.8811e-26 ] 1.0000e+00
 9.475e+01 1.2567e-25 1.2567e-25 [ 6.3749e-103 3.5639e-53 9.3795e-35 9.2321e-26 3.3344e-26 ] 1.0000e+00
 9.486e+01 1.0769e-25 1.0769e-25 [ 3.6638e-103 2.5677e-53 7.5155e-35 7.9043e-26 2.8642e-26 ] 1.0000e+00
 9.497e+01 9.2257e-26 9.2257e-26 [ 2.1037e-103 1.8482e-53 6.0166e-35 6.7659e-26 2.4598e-26 ] 1.0000e+00
 9.509e+01 7.9021e-26 7.9021e-26 [ 1.2067e-103 1.3290e-53 4.8121e-35 5.7901e-26 2.1120e-26 ] 1.0000e+00
 9.520e+01 6.7668e-26 6.7668e-26 [ 6.9148e-104 9.5466e-54 3.8451e-35 4.9538e-26 1.8131e-26 ] 1.0000e+00
 9.531e+01 5.7933e-26 5.7933e-26 [ 3.9583e-104 6.8506e-54 3.0694e-35 4.2372e-26 1.5561e-26 ] 1.0000e+00
 9.543e+01 4.9586e-26 4.9586e-26 [ 2.2635e-104 4.9106e-54 2.4476e-35 3.6233e-26 1.3353e-26 ] 1.0000e+00
 9.554e+01 4.2431e-26 4.2431e-26 [ 1.2929e-104 3.5162e-54 1.9497e-35 3.0976e-26 1.1455e-26 ] 1.0000e+00
 9.565e+01 3.6299e-26 3.6299e-26 [ 7.3769e-105 2.5148e-54 1.5514e-35 2.6473e-26 9.8256e-27 ] 1.0000e+00
 9.577e+01 3.1045e-26 3.1045e-26 [ 4.2041e-105 1.7965e-54 1.2331e-35 2.2619e-26 8.4260e-27 ] 1.0000e+00
 9.588e+01 2.6544e-26 2.6544e-26 [ 2.3930e-105 1.2818e-54 9.7888e-36 1.9320e-26 7.2242e-27 ] 1.0000e+00
 9.599e+01 2.2689e-26 2.2689e-26 [ 1.3604e-105 9.1336e-55 7.7612e-36 1.6496e-26 6.1926e-27 ] 1.0000e+00
 9.611e+01 1.9388e-26 1.9388e-26 [ 7.7234e-106 6.4998e-55 6.1457e-36 1.4080e-26 5.3071e-27 ] 1.0000e+00
 9.622e+01 1.6561e-26 1.6561e-26 [ 4.3790e-106 4.6192e-55 4.8598e-36 1.2014e-26 4.5473e-27 ] 1.0000e+00
 9.633e+01 1.4142e-26 1.4142e-26 [ 2.4792e-106 3.2779e-55 3.8376e-36 1.0246e-26 3.8955e-27 ] 1.0000e+00
 9.645e+01 1.2072e-26 1.2072e-26 [ 1.4016e-106 2.3227e-55 3.0259e-36 8.7352e-27 3.3364e-27 ] 1.0000e+00
 9.656e+01 1.0300e-26 1.0300e-26 [ 7.9114e-107 1.6432e-55 2.3822e-36 7.4431e-27 2.8569e-27 ] 1.0000e+00
 9.667e+01 8.7846e-27 8.7846e-27 [ 4.4584e-107 1.1606e-55 1.8723e-36 6.3388e-27 2.4458e-27 ] 1.0000e+00
 9.679e+01 7.4884e-27 7.4884e-27 [ 2.5082e-107 8.1829e-56 1.4691e-36 5.3950e-27 2.0934e-27 ] 1.0000e+00
 9.690e+01 6.3800e-27 6.3800e-27 [ 1.4085e-107 5.7589e-56 1.1505e-36 4.5886e-27 1.7914e-27 ] 1.0000e+00
 9.701e+01 5.4324e-27 5.4324e-27 [ 7.8943e-108 4.0451e-56 8.9933e-37 3.8998e-27 1.5326e-27 ] 1.0000e+00
 9.713e+01 4.6223e-27 4.6223e-27 [ 4.4156e-108 2.8355e-56 7.0152e-37 3.3114e-27 1.3109e-27 ] 1.0000e+00
 9.724e+01 3.9300e-27 3.9300e-27 [ 2.4644e-108 1.9832e-56 5.4601e-37 2.8090e-27 1.1209e-27 ] 1.0000e+00
 9.735e+01 3.3383e-27 3.3383e-27 [ 1.3722e-108 1.3838e-56 4.2397e-37 2.3801e-27 9.5827e-28 ] 1.0000e+00
 9.747e+01 2.8328e-27 2.8328e-27 [ 7.6218e-109 9.6311e-57 3.2837e-37 2.0138e-27 8.1896e-28 ] 1.0000e+00
 9.758e+01 2.4009e-27 2.4009e-27 [ 4.2219e-109 6.6849e-57 2.5362e-37 1.7013e-27 6.9967e-28 ] 1.0000e+00
 9.769e+01 2.0320e-27 2.0320e-27 [ 2.3318e-109 4.6262e-57 1.9530e-37 1.4345e-27 5.9753e-28 ] 1.0000e+00
 9.781e+01 1.7169e-27 1.7169e-27 [ 1.2837e-109 3.1911e-57 1.4989e-37 1.2068e-27 5.1007e-28 ] 1.0000e+00
 9.792e+01 1.4477e-27 1.4477e-27 [ 7.0424e-110 2.1934e-57 1.1462e-37 1.0125e-27 4.3517e-28 ] 1.0000e+00
 9.803e+01 1.2177e-27 1.2177e-27 [ 3.8484e-110 1.5017e-57 8.7299e-38 8.4667e-28 3.7102e-28 ] 1.0000e+00
 9.815e+01 1.0212e-27 1.0212e-27 [ 2.0938e-110 1.0236e-57 6.6184e-38 7.0517e-28 3.1603e-28 ] 1.0000e+00
 9.826e+01 8.5328e-28 8.5328e-28 [ 1.1337e-110 6.9427e-58 4.9915e-38 5.8442e-28 2.6886e-28 ] 1.0000e+00
 9.837e+01 7.0972e-28 7.0972e-28 [ 6.1041e-111 4.6825e-58 3.7419e-38 4.8137e-28 2.2835e-28 ] 1.0000e+00
 9.849e+01 5.8693e-28 5.8693e-28 [ 3.2658e-111 3.1377e-58 2.7854e-38 3.9345e-28 1.9348e-28 ] 1.0000e+00
 9.860e+01 4.8185e-28 4.8185e-28 [ 1.7343e-111 2.0866e-58 2.0558e-38 3.1848e-28 1.6337e-28 ] 1.0000e+00
 9.871e+01 3.9186e-28 3.9186e-28 [ 9.1304e-112 1.3750e-58 1.5017e-38 2.5461e-28 1.3725e-28 ] 1.0000e+00
 9.883e+01 3.1477e-28 3.1477e-28 [ 4.7565e-112 8.9601e-59 1.0827e-38 2.0033e-28 1.1444e-28 ] 1.0000e+00
 9.894e+01 2.4872e-28 2.4872e-28 [ 2.4460e-112 5.7568e-59 7.6756e-39 1.5436e-28 9.4350e-29 ] 1.0000e+00
 9.905e+01 1.9218e-28 1.9218e-28 [ 1.2375e-112 3.6304e-59 5.3207e-39 1.1570e-28 7.6479e-29 ] 1.0000e+00
 9.917e+01 1.4392e-28 1.4392e-28 [ 6.1263e-113 2.2312e-59 3.5752e-39 8.3512e-29 6.0413e-29 ] 1.0000e+00
 9.928e+01 1.0303e-28 1.0303e-28 [ 2.9421e-113 1.3203e-59 2.2964e-39 5.7168e-29 4.5860e-29 ] 1.0000e+00
 9.939e+01 6.8858e-29 6.8858e-29 [ 1.3483e-113 7.3596e-60 1.3762e-39 3.6175e-29 3.2682e-29 ] 1.0000e+00
 9.951e+01 4.1123e-29 4.1123e-29 [ 5.6937e-114 3.6989e-60 7.3460e-40 2.0175e-29 2.0949e-29 ] 1.0000e+00
 9.962e+01 1.9920e-29 1.9920e-29 [ 2.0229e-114 1.5121e-60 3.1428e-40 8.9126e-30 1.1007e-29 ] 1.0000e+00
 9.973e+01 5.8194e-30 5.8194e-30 [ 4.3792e-115 3.5905e-61 7.6770e-41 2.2222e-30 3.5972e-30 ] 1.0000e+00
 9.985e+01 0.0000e+00 0.0000e+00 [ 0.0000e+00 0.0000e+00 0.0000e+00 0.0000e+00 0.0000e+00 ] 1.0000e+00
