 0.000e+00 0.0000e+00 0.0000e+00 [ 0.0000e+00 0.0000e+00 0.0000e+00 0.0000e+00 0.0000e+00 ] 1.0000e+00
 1.133e-01 4.2987e-02 4.2987e-02 [ 4.2500e-02 2.4221e-04 1.1645e-04 1.1600e-04 1.1784e-05 ] 9.5701e-01
 2.267e-01 9.1806e-02 9.1806e-02 [ 8.9784e-02 1.0100e-03 4.8557e-04 4.8388e-04 4.2670e-05 ] 9.0819e-01
 3.400e-01 1.3232e-01 1.3232e-01 [ 1.2751e-01 2.4124e-03 1.1597e-03 1.1539e-03 8.8334e-05 ] 8.6768e-01
 4.533e-01 1.7579e-01 1.7579e-01 [ 1.6661e-01 4.6131e-03 2.2174e-03 2.2008e-03 1.4677e-04 ] 8.2421e-01
 5.667e-01 2.2564e-01 2.2564e-01 [ 2.1014e-01 7.8102e-03 3.7538e-03 3.7145e-03 2.1657e-04 ] 7.7436e-01
 6.800e-01 2.8413e-01 2.8413e-01 [ 2.5999e-01 1.2199e-02 5.8623e-03 5.7819e-03 2.9645e-04 ] 7.1587e-01
 7.933e-01 3.5183e-01 3.5183e-01 [ 3.1649e-01 1.7905e-02 8.6029e-03 8.4548e-03 3.8455e-04 ] 6.4817e-01
 9.067e-01 4.2698e-01 4.2698e-01 [ 3.7794e-01 2.4896e-02 1.1959e-02 1.1709e-02 4.7762e-04 ] 5.7302e-01
 1.020e+00 5.0517e-01 5.0517e-01 [ 4.4048e-01 3.2906e-02 1.5803e-02 1.5411e-02 5.7058e-04 ] 4.9483e-01
 1.133e+00 5.8010e-01 5.8010e-01 [ 4.9878e-01 4.1440e-02 1.9896e-02 1.9321e-02 6.5729e-04 ] 4.1990e-01
 1.247e+00 6.4552e-01 6.4552e-01 [ 5.4778e-01 4.9897e-02 2.3950e-02 2.3155e-02 7.3226e-04 ] 3.5448e-01
 1.360e+00 6.9741e-01 6.9741e-01 [ 5.8445e-01 5.7769e-02 2.7719e-02 2.6675e-02 7.9269e-04 ] 3.0259e-01
 1.473e+00 7.3501e-01 7.3501e-01 [ 6.0855e-01 6.4787e-02 3.1074e-02 2.9760e-02 8.3906e-04 ] 2.6499e-01
 1.587e+00 7.6021e-01 7.6021e-01 [ 6.2199e-01 7.0934e-02 3.4008e-02 3.2404e-02 8.7419e-04 ] 2.3979e-01
 1.700e+00 7.7601e-01 7.7601e-01 [ 6.2750e-01 7.6347e-02 3.6586e-02 3.4676e-02 9.0165e-04 ] 2.2399e-01
 1.813e+00 7.8533e-01 7.8533e-01 [ 6.2764e-01 8.1210e-02 3.8896e-02 3.6664e-02 9.2453e-04 ] 2.1467e-01
 1.927e+00 7.9046e-01 7.9046e-01 [ 6.2436e-01 8.5691e-02 4.1019e-02 3.8446e-02 9.4501e-04 ] 2.0954e-01
 2.040e+00 7.9299e-01 7.9299e-01 [ 6.1900e-01 8.9920e-02 4.3017e-02 4.0086e-02 9.6443e-04 ] 2.0701e-01
 2.153e+00 7.9396e-01 7.9396e-01 [ 6.1243e-01 9.3986e-02 4.4934e-02 4.1625e-02 9.8351e-04 ] 2.0604e-01
 2.267e+00 7.9401e-01 7.9401e-01 [ 6.0516e-01 9.7951e-02 4.6798e-02 4.3093e-02 1.0026e-03 ] 2.0599e-01
 2.380e+00 7.9353e-01 7.9353e-01 [ 5.9752e-01 1.0185e-01 4.8630e-02 4.4508e-02 1.0219e-03 ] 2.0647e-01
 2.493e+00 7.9277e-01 7.9277e-01 [ 5.8968e-01 1.0572e-01 5.0440e-02 4.5884e-02 1.0413e-03 ] 2.0723e-01
 2.607e+00 7.9186e-01 7.9186e-01 [ 5.8177e-01 1.0956e-01 5.2238e-02 4.7229e-02 1.0609e-03 ] 2.0814e-01
 2.720e+00 7.9089e-01 7.9089e-01 [ 5.7384e-01 1.1339e-01 5.4029e-02 4.8549e-02 1.0806e-03 ] 2.0911e-01
 2.833e+00 7.8992e-01 7.8992e-01 [ 5.6593e-01 1.1722e-01 5.5815e-02 4.9847e-02 1.1004e-03 ] 2.1008e-01
 2.947e+00 7.8896e-01 7.8896e-01 [ 5.5807e-01 1.2105e-01 5.7600e-02 5.1128e-02 1.1204e-03 ] 2.1104e-01
 3.060e+00 7.8804e-01 7.8804e-01 [ 5.5025e-01 1.2487e-01 5.9386e-02 5.2393e-02 1.1404e-03 ] 2.1196e-01
 3.173e+00 7.8717e-01 7.8717e-01 [ 5.4248e-01 1.2871e-01 6.1173e-02 5.3645e-02 1.1604e-03 ] 2.1283e-01
 3.287e+00 7.8634e-01 7.8634e-01 [ 5.3477e-01 1.3254e-01 6.2964e-02 5.4885e-02 1.1806e-03 ] 2.1366e-01
 3.400e+00 7.8556e-01 7.8556e-01 [ 5.2711e-01 1.3638e-01 6.4757e-02 5.6114e-02 1.2008e-03 ] 2.1444e-01
 3.513e+00 7.8483e-01 7.8483e-01 [ 5.1950e-01 1.4022e-01 6.6555e-02 5.7334e-02 1.2211e-03 ] 2.1517e-01
 3.627e+00 7.8414e-01 7.8414e-01 [ 5.1194e-01 1.4406e-01 6.8358e-02 5.8546e-02 1.2415e-03 ] 2.1586e-01
 3.740e+00 7.8350e-01 7.8350e-01 [ 5.0442e-01 1.4790e-01 7.0166e-02 5.9750e-02 1.2620e-03 ] 2.1650e-01
 3.853e+00 7.8290e-01 7.8290e-01 [ 4.9695e-01 1.5174e-01 7.1980e-02 6.0950e-02 1.2826e-03 ] 2.1710e-01
 3.967e+00 7.8234e-01 7.8234e-01 [ 4.8951e-01 1.5559e-01 7.3801e-02 6.2144e-02 1.3033e-03 ] 2.1766e-01
 4.080e+00 7.8182e-01 7.8182e-01 [ 4.8211e-01 1.5943e-01 7.5629e-02 6.3334e-02 1.3242e-03 ] 2.1818e-01
 4.193e+00 7.8133e-01 7.8133e-01 [ 4.7474e-01 1.6326e-01 7.7464e-02 6.4522e-02 1.3452e-03 ] 2.1867e-01
 4.307e+00 7.8087e-01 7.8087e-01 [ 4.6741e-01 1.6709e-01 7.9307e-02 6.5707e-02 1.3663e-03 ] 2.1913e-01
 4.420e+00 7.8045e-01 7.8045e-01 [ 4.6010e-01 1.7091e-01 8.1158e-02 6.6892e-02 1.3877e-03 ] 2.1955e-01
 4.533e+00 7.8005e-01 7.8005e-01 [ 4.5282e-01 1.7472e-01 8.3018e-02 6.8077e-02 1.4092e-03 ] 2.1995e-01
 4.647e+00 7.7967e-01 7.7967e-01 [ 4.4557e-01 1.7852e-01 8.4886e-02 6.9262e-02 1.4308e-03 ] 2.2033e-01
 4.760e+00 7.7932e-01 7.7932e-01 [ 4.3835e-01 1.8230e-01 8.6765e-02 7.0449e-02 1.4527e-03 ] 2.2068e-01
 4.873e+00 7.7898e-01 7.7898e-01 [ 4.3115e-01 1.8606e-01 8.8653e-02 7.1638e-02 1.4748e-03 ] 2.2102e-01
 4.987e+00 7.7867e-01 7.7867e-01 [ 4.2398e-01 1.8981e-01 9.0551e-02 7.2831e-02 1.4971e-03 ] 2.2133e-01
 5.100e+00 7.7837e-01 7.7837e-01 [ 4.1684e-01 1.9353e-01 9.2459e-02 7.4027e-02 1.5196e-03 ] 2.2163e-01
 5.213e+00 7.7810e-01 7.7810e-01 [ 4.0972e-01 1.9723e-01 9.4379e-02 7.5229e-02 1.5424e-03 ] 2.2190e-01
 5.327e+00 7.7783e-01 7.7783e-01 [ 4.0262e-01 2.0090e-01 9.6309e-02 7.6435e-02 1.5653e-03 ] 2.2217e-01
 5.440e+00 7.7758e-01 7.7758e-01 [ 3.9555e-01 2.0454e-01 9.8252e-02 7.7648e-02 1.5886e-03 ] 2.2242e-01
 5.553e+00 7.7734e-01 7.7734e-01 [ 3.8851e-01 2.0815e-01 1.0021e-01 7.8868e-02 1.6121e-03 ] 2.2266e-01
 5.667e+00 7.7712e-01 7.7712e-01 [ 3.8150e-01 2.1172e-01 1.0217e-01 8.0096e-02 1.6358e-03 ] 2.2288e-01
 5.780e+00 7.7690e-01 7.7690e-01 [ 3.7451e-01 2.1525e-01 1.0415e-01 8.1332e-02 1.6598e-03 ] 2.2310e-01
 5.893e+00 7.7669e-01 7.7669e-01 [ 3.6756e-01 2.1873e-01 1.0614e-01 8.2577e-02 1.6841e-03 ] 2.2331e-01
 6.007e+00 7.7649e-01 7.7649e-01 [ 3.6063e-01 2.2217e-01 1.0814e-01 8.3831e-02 1.7087e-03 ] 2.2351e-01
 6.120e+00 7.7630e-01 7.7630e-01 [ 3.5374e-01 2.2557e-01 1.1016e-01 8.5096e-02 1.7336e-03 ] 2.2370e-01
 6.233e+00 7.7611e-01 7.7611e-01 [ 3.4689e-01 2.2891e-01 1.1219e-01 8.6371e-02 1.7588e-03 ] 2.2389e-01
 6.347e+00 7.7593e-01 7.7593e-01 [ 3.4007e-01 2.3219e-01 1.1423e-01 8.7659e-02 1.7843e-03 ] 2.2407e-01
 6.460e+00 7.7576e-01 7.7576e-01 [ 3.3329e-01 2.3542e-01 1.1629e-01 8.8958e-02 1.8101e-03 ] 2.2424e-01
 6.573e+00 7.7559e-01 7.7559e-01 [ 3.2654e-01 2.3858e-01 1.1836e-01 9.0270e-02 1.8362e-03 ] 2.2441e-01
 6.687e+00 7.7543e-01 7.7543e-01 [ 3.1985e-01 2.4168e-01 1.2044e-01 9.1595e-02 1.8627e-03 ] 2.2457e-01
 6.800e+00 7.7527e-01 7.7527e-01 [ 3.1319e-01 2.4471e-01 1.2254e-01 9.2935e-02 1.8896e-03 ] 2.2473e-01
 6.913e+00 7.7511e-01 7.7511e-01 [ 3.0658e-01 2.4767e-01 1.2465e-01 9.4288e-02 1.9167e-03 ] 2.2489e-01
 7.027e+00 7.7495e-01 7.7495e-01 [ 3.0002e-01 2.5055e-01 1.2678e-01 9.5657e-02 1.9443e-03 ] 2.2505e-01
 7.140e+00 7.7480e-01 7.7480e-01 [ 2.9351e-01 2.5336e-01 1.2892e-01 9.7042e-02 1.9722e-03 ] 2.2520e-01
 7.253e+00 7.7465e-01 7.7465e-01 [ 2.8706e-01 2.5608e-01 1.3107e-01 9.8442e-02 2.0004e-03 ] 2.2535e-01
 7.367e+00 7.7450e-01 7.7450e-01 [ 2.8065e-01 2.5872e-01 1.3324e-01 9.9860e-02 2.0291e-03 ] 2.2550e-01
 7.480e+00 7.7436e-01 7.7436e-01 [ 2.7431e-01 2.6128e-01 1.3542e-01 1.0129e-01 2.0582e-03 ] 2.2564e-01
 7.593e+00 7.7421e-01 7.7421e-01 [ 2.6802e-01 2.6374e-01 1.3761e-01 1.0275e-01 2.0876e-03 ] 2.2579e-01
 7.707e+00 7.7407e-01 7.7407e-01 [ 2.6180e-01 2.6611e-01 1.3982e-01 1.0422e-01 2.1175e-03 ] 2.2593e-01
 7.820e+00 7.7393e-01 7.7393e-01 [ 2.5564e-01 2.6839e-01 1.4204e-01 1.0571e-01 2.1478e-03 ] 2.2607e-01
 7.933e+00 7.7379e-01 7.7379e-01 [ 2.4954e-01 2.7057e-01 1.4428e-01 1.0722e-01 2.1785e-03 ] 2.2621e-01
 8.047e+00 7.7365e-01 7.7365e-01 [ 2.4352e-01 2.7265e-01 1.4652e-01 1.0875e-01 2.2096e-03 ] 2.2635e-01
 8.160e+00 7.7351e-01 7.7351e-01 [ 2.3756e-01 2.7463e-01 1.4878e-01 1.1030e-01 2.2412e-03 ] 2.2649e-01
 8.273e+00 7.7337e-01 7.7337e-01 [ 2.3167e-01 2.7650e-01 1.5105e-01 1.1187e-01 2.2732e-03 ] 2.2663e-01
 8.387e+00 7.7323e-01 7.7323e-01 [ 2.2586e-01 2.7827e-01 1.5333e-01 1.1346e-01 2.3057e-03 ] 2.2677e-01
 8.500e+00 7.7309e-01 7.7309e-01 [ 2.2012e-01 2.7993e-01 1.5562e-01 1.1508e-01 2.3387e-03 ] 2.2691e-01
 8.613e+00 7.7295e-01 7.7295e-01 [ 2.1446e-01 2.8147e-01 1.5792e-01 1.1671e-01 2.3722e-03 ] 2.2705e-01
 8.727e+00 7.7281e-01 7.7281e-01 [ 2.0888e-01 2.8291e-01 1.6024e-01 1.1838e-01 2.4061e-03 ] 2.2719e-01
 8.840e+00 7.7267e-01 7.7267e-01 [ 2.0338e-01 2.8423e-01 1.6256e-01 1.2006e-01 2.4405e-03 ] 2.2733e-01
 8.953e+00 7.7253e-01 7.7253e-01 [ 1.9796e-01 2.8544e-01 1.6488e-01 1.2177e-01 2.4754e-03 ] 2.2747e-01
 9.067e+00 7.7239e-01 7.7239e-01 [ 1.9262e-01 2.8653e-01 1.6722e-01 1.2351e-01 2.5109e-03 ] 2.2761e-01
 9.180e+00 7.7224e-01 7.7224e-01 [ 1.8737e-01 2.8750e-01 1.6956e-01 1.2527e-01 2.5468e-03 ] 2.2776e-01
 9.293e+00 7.7210e-01 7.7210e-01 [ 1.8220e-01 2.8836e-01 1.7191e-01 1.2705e-01 2.5833e-03 ] 2.2790e-01
 9.407e+00 7.7196e-01 7.7196e-01 [ 1.7712e-01 2.8909e-01 1.7426e-01 1.2887e-01 2.6204e-03 ] 2.2804e-01
 9.520e+00 7.7182e-01 7.7182e-01 [ 1.7213e-01 2.8971e-01 1.7662e-01 1.3071e-01 2.6580e-03 ] 2.2818e-01
 9.633e+00 7.7168e-01 7.7168e-01 [ 1.6722e-01 2.9020e-01 1.7897e-01 1.3258e-01 2.6961e-03 ] 2.2832e-01
 9.747e+00 7.7153e-01 7.7153e-01 [ 1.6241e-01 2.9058e-01 1.8133e-01 1.3448e-01 2.7348e-03 ] 2.2847e-01
 9.860e+00 7.7139e-01 7.7139e-01 [ 1.5768e-01 2.9084e-01 1.8369e-01 1.3640e-01 2.7741e-03 ] 2.2861e-01
 9.973e+00 7.7124e-01 7.7124e-01 [ 1.5304e-01 2.9097e-01 1.8605e-01 1.3836e-01 2.8139e-03 ] 2.2876e-01
 1.009e+01 7.7110e-01 7.7110e-01 [ 1.4850e-01 2.9099e-01 1.8841e-01 1.4035e-01 2.8543e-03 ] 2.2890e-01
 1.020e+01 7.7095e-01 7.7095e-01 [ 1.4404e-01 2.9089e-01 1.9076e-01 1.4237e-01 2.8954e-03 ] 2.2905e-01
 1.031e+01 7.7081e-01 7.7081e-01 [ 1.3967e-01 2.9066e-01 1.9311e-01 1.4442e-01 2.9370e-03 ] 2.2919e-01
 1.043e+01 7.7066e-01 7.7066e-01 [ 1.3540e-01 2.9033e-01 1.9545e-01 1.4651e-01 2.9793e-03 ] 2.2934e-01
 1.054e+01 7.7051e-01 7.7051e-01 [ 1.3122e-01 2.8987e-01 1.9778e-01 1.4862e-01 3.0221e-03 ] 2.2949e-01
 1.065e+01 7.7037e-01 7.7037e-01 [ 1.2712e-01 2.8930e-01 2.0011e-01 1.5077e-01 3.0656e-03 ] 2.2963e-01
 1.077e+01 7.7022e-01 7.7022e-01 [ 1.2312e-01 2.8861e-01 2.0242e-01 1.5296e-01 3.1097e-03 ] 2.2978e-01
 1.088e+01 7.7007e-01 7.7007e-01 [ 1.1921e-01 2.8781e-01 2.0472e-01 1.5518e-01 3.1545e-03 ] 2.2993e-01
 1.099e+01 7.6992e-01 7.6992e-01 [ 1.1538e-01 2.8690e-01 2.0700e-01 1.5744e-01 3.1999e-03 ] 2.3008e-01
 1.111e+01 7.6978e-01 7.6978e-01 [ 1.1165e-01 2.8588e-01 2.0927e-01 1.5973e-01 3.2459e-03 ] 2.3022e-01
 1.122e+01 7.6963e-01 7.6963e-01 [ 1.0800e-01 2.8475e-01 2.1152e-01 1.6207e-01 3.2925e-03 ] 2.3037e-01
 1.133e+01 7.6949e-01 7.6949e-01 [ 1.0444e-01 2.8352e-01 2.1375e-01 1.6444e-01 3.3399e-03 ] 2.3051e-01
 1.145e+01 7.6934e-01 7.6934e-01 [ 1.0097e-01 2.8218e-01 2.1595e-01 1.6684e-01 3.3878e-03 ] 2.3066e-01
 1.156e+01 7.6920e-01 7.6920e-01 [ 9.7586e-02 2.8074e-01 2.1814e-01 1.6929e-01 3.4365e-03 ] 2.3080e-01
 1.167e+01 7.6905e-01 7.6905e-01 [ 9.4286e-02 2.7921e-01 2.2029e-01 1.7178e-01 3.4857e-03 ] 2.3095e-01
 1.179e+01 7.6891e-01 7.6891e-01 [ 9.1070e-02 2.7757e-01 2.2242e-01 1.7431e-01 3.5357e-03 ] 2.3109e-01
 1.190e+01 7.6877e-01 7.6877e-01 [ 8.7938e-02 2.7584e-01 2.2452e-01 1.7688e-01 3.5862e-03 ] 2.3123e-01
 1.201e+01 7.6863e-01 7.6863e-01 [ 8.4887e-02 2.7402e-01 2.2659e-01 1.7949e-01 3.6375e-03 ] 2.3137e-01
 1.213e+01 7.6850e-01 7.6850e-01 [ 8.1917e-02 2.7212e-01 2.2863e-01 1.8214e-01 3.6893e-03 ] 2.3150e-01
 1.224e+01 7.6836e-01 7.6836e-01 [ 7.9028e-02 2.7012e-01 2.3063e-01 1.8484e-01 3.7418e-03 ] 2.3164e-01
 1.235e+01 7.6823e-01 7.6823e-01 [ 7.6216e-02 2.6805e-01 2.3259e-01 1.8758e-01 3.7950e-03 ] 2.3177e-01
 1.247e+01 7.6811e-01 7.6811e-01 [ 7.3482e-02 2.6590e-01 2.3451e-01 1.9037e-01 3.8487e-03 ] 2.3189e-01
 1.258e+01 7.6798e-01 7.6798e-01 [ 7.0825e-02 2.6367e-01 2.3640e-01 1.9319e-01 3.9031e-03 ] 2.3202e-01
 1.269e+01 7.6787e-01 7.6787e-01 [ 6.8241e-02 2.6136e-01 2.3824e-01 1.9607e-01 3.9580e-03 ] 2.3213e-01
 1.281e+01 7.6775e-01 7.6775e-01 [ 6.5732e-02 2.5899e-01 2.4003e-01 1.9899e-01 4.0136e-03 ] 2.3225e-01
 1.292e+01 7.6765e-01 7.6765e-01 [ 6.3294e-02 2.5655e-01 2.4178e-01 2.0195e-01 4.0697e-03 ] 2.3235e-01
 1.303e+01 7.6755e-01 7.6755e-01 [ 6.0927e-02 2.5405e-01 2.4348e-01 2.0496e-01 4.1264e-03 ] 2.3245e-01
 1.315e+01 7.6745e-01 7.6745e-01 [ 5.8630e-02 2.5150e-01 2.4513e-01 2.0801e-01 4.1836e-03 ] 2.3255e-01
 1.326e+01 7.6737e-01 7.6737e-01 [ 5.6400e-02 2.4888e-01 2.4673e-01 2.1111e-01 4.2414e-03 ] 2.3263e-01
 1.337e+01 7.6730e-01 7.6730e-01 [ 5.4237e-02 2.4622e-01 2.4828e-01 2.1426e-01 4.2996e-03 ] 2.3270e-01
 1.349e+01 7.6723e-01 7.6723e-01 [ 5.2140e-02 2.4350e-01 2.4978e-01 2.1745e-01 4.3583e-03 ] 2.3277e-01
 1.360e+01 7.6718e-01 7.6718e-01 [ 5.0106e-02 2.4075e-01 2.5122e-01 2.2069e-01 4.4174e-03 ] 2.3282e-01
 1.371e+01 7.6714e-01 7.6714e-01 [ 4.8134e-02 2.3795e-01 2.5260e-01 2.2398e-01 4.4770e-03 ] 2.3286e-01
 1.383e+01 7.6711e-01 7.6711e-01 [ 4.6224e-02 2.3512e-01 2.5393e-01 2.2730e-01 4.5369e-03 ] 2.3289e-01
 1.394e+01 7.6710e-01 7.6710e-01 [ 4.4373e-02 2.3225e-01 2.5520e-01 2.3068e-01 4.5972e-03 ] 2.3290e-01
 1.405e+01 7.6711e-01 7.6711e-01 [ 4.2581e-02 2.2936e-01 2.5642e-01 2.3409e-01 4.6578e-03 ] 2.3289e-01
 1.417e+01 7.6714e-01 7.6714e-01 [ 4.0846e-02 2.2644e-01 2.5758e-01 2.3755e-01 4.7186e-03 ] 2.3286e-01
 1.428e+01 7.6719e-01 7.6719e-01 [ 3.9167e-02 2.2351e-01 2.5868e-01 2.4106e-01 4.7797e-03 ] 2.3281e-01
 1.439e+01 7.6726e-01 7.6726e-01 [ 3.7542e-02 2.2055e-01 2.5972e-01 2.4460e-01 4.8409e-03 ] 2.3274e-01
 1.451e+01 7.6735e-01 7.6735e-01 [ 3.5970e-02 2.1759e-01 2.6071e-01 2.4818e-01 4.9023e-03 ] 2.3265e-01
 1.462e+01 7.6748e-01 7.6748e-01 [ 3.4450e-02 2.1462e-01 2.6164e-01 2.5181e-01 4.9637e-03 ] 2.3252e-01
 1.473e+01 7.6763e-01 7.6763e-01 [ 3.2981e-02 2.1165e-01 2.6251e-01 2.5547e-01 5.0252e-03 ] 2.3237e-01
 1.485e+01 7.6782e-01 7.6782e-01 [ 3.1562e-02 2.0868e-01 2.6333e-01 2.5916e-01 5.0866e-03 ] 2.3218e-01
 1.496e+01 7.6804e-01 7.6804e-01 [ 3.0190e-02 2.0572e-01 2.6410e-01 2.6289e-01 5.1480e-03 ] 2.3196e-01
 1.507e+01 7.6830e-01 7.6830e-01 [ 2.8866e-02 2.0276e-01 2.6481e-01 2.6665e-01 5.2091e-03 ] 2.3170e-01
 1.519e+01 7.6860e-01 7.6860e-01 [ 2.7588e-02 1.9983e-01 2.6548e-01 2.7044e-01 5.2701e-03 ] 2.3140e-01
 1.530e+01 7.6895e-01 7.6895e-01 [ 2.6355e-02 1.9692e-01 2.6609e-01 2.7425e-01 5.3308e-03 ] 2.3105e-01
 1.541e+01 7.6935e-01 7.6935e-01 [ 2.5165e-02 1.9404e-01 2.6666e-01 2.7809e-01 5.3910e-03 ] 2.3065e-01
 1.553e+01 7.6980e-01 7.6980e-01 [ 2.4019e-02 1.9119e-01 2.6719e-01 2.8195e-01 5.4509e-03 ] 2.3020e-01
 1.564e+01 7.7031e-01 7.7031e-01 [ 2.2914e-02 1.8838e-01 2.6768e-01 2.8583e-01 5.5102e-03 ] 2.2969e-01
 1.575e+01 7.7088e-01 7.7088e-01 [ 2.1850e-02 1.8561e-01 2.6813e-01 2.8972e-01 5.5689e-03 ] 2.2912e-01
 1.587e+01 7.7151e-01 7.7151e-01 [ 2.0825e-02 1.8290e-01 2.6855e-01 2.9361e-01 5.6269e-03 ] 2.2849e-01
 1.598e+01 7.7222e-01 7.7222e-01 [ 1.9839e-02 1.8025e-01 2.6893e-01 2.9752e-01 5.6841e-03 ] 2.2778e-01
 1.609e+01 7.7300e-01 7.7300e-01 [ 1.8892e-02 1.7766e-01 2.6929e-01 3.0142e-01 5.7405e-03 ] 2.2700e-01
 1.621e+01 7.7386e-01 7.7386e-01 [ 1.7981e-02 1.7515e-01 2.6963e-01 3.0531e-01 5.7959e-03 ] 2.2614e-01
 1.632e+01 7.7480e-01 7.7480e-01 [ 1.7107e-02 1.7272e-01 2.6994e-01 3.0919e-01 5.8502e-03 ] 2.2520e-01
 1.643e+01 7.7583e-01 7.7583e-01 [ 1.6268e-02 1.7038e-01 2.7023e-01 3.1305e-01 5.9033e-03 ] 2.2417e-01
 1.655e+01 7.7695e-01 7.7695e-01 [ 1.5464e-02 1.6814e-01 2.7052e-01 3.1688e-01 5.9552e-03 ] 2.2305e-01
 1.666e+01 7.7817e-01 7.7817e-01 [ 1.4694e-02 1.6601e-01 2.7079e-01 3.2067e-01 6.0057e-03 ] 2.2183e-01
 1.677e+01 7.7949e-01 7.7949e-01 [ 1.3958e-02 1.6401e-01 2.7105e-01 3.2442e-01 6.0548e-03 ] 2.2051e-01
 1.689e+01 7.8091e-01 7.8091e-01 [ 1.3256e-02 1.6214e-01 2.7131e-01 3.2810e-01 6.1022e-03 ] 2.1909e-01
 1.700e+01 7.8243e-01 7.8243e-01 [ 1.2586e-02 1.6042e-01 2.7156e-01 3.3172e-01 6.1481e-03 ] 2.1757e-01
 1.711e+01 7.8406e-01 7.8406e-01 [ 1.1948e-02 1.5886e-01 2.7181e-01 3.3525e-01 6.1923e-03 ] 2.1594e-01
 1.723e+01 7.8578e-01 7.8578e-01 [ 1.1343e-02 1.5747e-01 2.7206e-01 3.3867e-01 6.2348e-03 ] 2.1422e-01
 1.734e+01 7.8759e-01 7.8759e-01 [ 1.0771e-02 1.5628e-01 2.7230e-01 3.4197e-01 6.2757e-03 ] 2.1241e-01
 1.745e+01 7.8947e-01 7.8947e-01 [ 1.0231e-02 1.5530e-01 2.7251e-01 3.4511e-01 6.3151e-03 ] 2.1053e-01
 1.757e+01 7.9137e-01 7.9137e-01 [ 9.7240e-03 1.5453e-01 2.7270e-01 3.4806e-01 6.3532e-03 ] 2.0863e-01
 1.768e+01 7.9324e-01 7.9324e-01 [ 9.2500e-03 1.5401e-01 2.7284e-01 3.5076e-01 6.3905e-03 ] 2.0676e-01
 1.779e+01 7.9497e-01 7.9497e-01 [ 8.8093e-03 1.5372e-01 2.7287e-01 3.5314e-01 6.4274e-03 ] 2.0503e-01
 1.791e+01 7.9639e-01 7.9639e-01 [ 8.4019e-03 1.5367e-01 2.7275e-01 3.5510e-01 6.4643e-03 ] 2.0361e-01
 1.802e+01 7.9717e-01 7.9717e-01 [ 8.0271e-03 1.5383e-01 2.7236e-01 3.5646e-01 6.5015e-03 ] 2.0283e-01
 1.813e+01 7.9682e-01 7.9682e-01 [ 7.6829e-03 1.5413e-01 2.7152e-01 3.5695e-01 6.5382e-03 ] 2.0318e-01
 1.825e+01 7.9448e-01 7.9448e-01 [ 7.3650e-03 1.5444e-01 2.6993e-01 3.5617e-01 6.5719e-03 ] 2.0552e-01
 1.836e+01 7.8875e-01 7.8875e-01 [ 7.0652e-03 1.5453e-01 2.6712e-01 3.5344e-01 6.5963e-03 ] 2.1125e-01
 1.847e+01 7.7748e-01 7.7748e-01 [ 6.7694e-03 1.5398e-01 2.6237e-01 3.4777e-01 6.5983e-03 ] 2.2252e-01
 1.859e+01 7.5760e-01 7.5760e-01 [ 6.4558e-03 1.5219e-01 2.5463e-01 3.3777e-01 6.5559e-03 ] 2.4240e-01
 1.870e+01 7.2535e-01 7.2535e-01 [ 6.0965e-03 1.4835e-01 2.4268e-01 3.2179e-01 6.4370e-03 ] 2.7465e-01
 1.881e+01 6.7742e-01 6.7742e-01 [ 5.6645e-03 1.4166e-01 2.2546e-01 2.9842e-01 6.2058e-03 ] 3.2258e-01
 1.893e+01 6.1283e-01 6.1283e-01 [ 5.1468e-03 1.3170e-01 2.0273e-01 2.6742e-01 5.8379e-03 ] 3.8717e-01
 1.904e+01 5.3468e-01 5.3468e-01 [ 4.5579e-03 1.1882e-01 1.7560e-01 2.3036e-01 5.3370e-03 ] 4.6532e-01
 1.915e+01 4.4983e-01 4.4983e-01 [ 3.9381e-03 1.0417e-01 1.4645e-01 1.9054e-01 4.7401e-03 ] 5.5017e-01
 1.927e+01 3.6654e-01 3.6654e-01 [ 3.3385e-03 8.9269e-02 1.1806e-01 1.5177e-01 4.1040e-03 ] 6.3346e-01
 1.938e+01 2.9151e-01 2.9151e-01 [ 2.8011e-03 7.5486e-02 9.2667e-02 1.1708e-01 3.4838e-03 ] 7.0849e-01
 1.949e+01 2.2847e-01 2.2847e-01 [ 2.3487e-03 6.3654e-02 7.1465e-02 8.8086e-02 2.9181e-03 ] 7.7153e-01
 1.961e+01 1.7824e-01 1.7824e-01 [ 1.9852e-03 5.4062e-02 5.4677e-02 6.5093e-02 2.4258e-03 ] 8.2176e-01
 1.972e+01 1.3977e-01 1.3977e-01 [ 1.7025e-03 4.6613e-02 4.1901e-02 4.7541e-02 2.0099e-03 ] 8.6023e-01
 1.983e+01 1.1111e-01 1.1111e-01 [ 1.4867e-03 4.1005e-02 3.2454e-02 3.4500e-02 1.6650e-03 ] 8.8889e-01
 1.995e+01 9.0182e-02 9.0182e-02 [ 1.3232e-03 3.6878e-02 2.5614e-02 2.4986e-02 1.3813e-03 ] 9.0982e-01
 2.006e+01 7.5102e-02 7.5102e-02 [ 1.1991e-03 3.3893e-02 2.0735e-02 1.8126e-02 1.1489e-03 ] 9.2490e-01
 2.017e+01 6.4335e-02 6.4335e-02 [ 1.1038e-03 3.1760e-02 1.7298e-02 1.3215e-02 9.5828e-04 ] 9.3567e-01
 2.029e+01 5.6694e-02 5.6694e-02 [ 1.0292e-03 3.0253e-02 1.4899e-02 9.7111e-03 8.0177e-04 ] 9.4331e-01
 2.040e+01 5.1296e-02 5.1296e-02 [ 9.6944e-04 2.9196e-02 1.3243e-02 7.2141e-03 6.7292e-04 ] 9.4870e-01
 2.051e+01 4.7495e-02 4.7495e-02 [ 9.2008e-04 2.8462e-02 1.2113e-02 5.4333e-03 5.6660e-04 ] 9.5251e-01
 2.063e+01 4.4828e-02 4.4828e-02 [ 8.7808e-04 2.7955e-02 1.1355e-02 4.1608e-03 4.7877e-04 ] 9.5517e-01
 2.074e+01 4.2963e-02 4.2963e-02 [ 8.4126e-04 2.7607e-02 1.0859e-02 3.2493e-03 4.0618e-04 ] 9.5704e-01
 2.085e+01 4.1665e-02 4.1665e-02 [ 8.0813e-04 2.7369e-02 1.0547e-02 2.5947e-03 3.4629e-04 ] 9.5833e-01
 2.097e+01 4.0768e-02 4.0768e-02 [ 7.7762e-04 2.7206e-02 1.0364e-02 2.1237e-03 2.9704e-04 ] 9.5923e-01
 2.108e+01 4.0154e-02 4.0154e-02 [ 7.4901e-04 2.7092e-02 1.0272e-02 1.7846e-03 2.5683e-04 ] 9.5985e-01
 2.119e+01 3.9740e-02 3.9740e-02 [ 7.2182e-04 2.7009e-02 1.0243e-02 1.5413e-03 2.2437e-04 ] 9.6026e-01
 2.131e+01 3.9467e-02 3.9467e-02 [ 6.9572e-04 2.6945e-02 1.0259e-02 1.3685e-03 1.9867e-04 ] 9.6053e-01
 2.142e+01 3.9295e-02 3.9295e-02 [ 6.7047e-04 2.6890e-02 1.0307e-02 1.2487e-03 1.7894e-04 ] 9.6071e-01
 2.153e+01 3.9197e-02 3.9197e-02 [ 6.4595e-04 2.6839e-02 1.0377e-02 1.1698e-03 1.6461e-04 ] 9.6080e-01
 2.165e+01 3.9155e-02 3.9155e-02 [ 6.2206e-04 2.6788e-02 1.0465e-02 1.1242e-03 1.5530e-04 ] 9.6085e-01
 2.176e+01 3.9160e-02 3.9160e-02 [ 5.9876e-04 2.6734e-02 1.0568e-02 1.1075e-03 1.5076e-04 ] 9.6084e-01
 2.187e+01 3.9209e-02 3.9209e-02 [ 5.7603e-04 2.6678e-02 1.0686e-02 1.1183e-03 1.5092e-04 ] 9.6079e-01
 2.199e+01 3.9308e-02 3.9308e-02 [ 5.5386e-04 2.6621e-02 1.0820e-02 1.1576e-03 1.5586e-04 ] 9.6069e-01
 2.210e+01 3.9467e-02 3.9467e-02 [ 5.3228e-04 2.6565e-02 1.0975e-02 1.2297e-03 1.6578e-04 ] 9.6053e-01
 2.221e+01 3.9708e-02 3.9708e-02 [ 5.1130e-04 2.6514e-02 1.1159e-02 1.3423e-03 1.8110e-04 ] 9.6029e-01
 2.233e+01 4.0064e-02 4.0064e-02 [ 4.9097e-04 2.6477e-02 1.1386e-02 1.5075e-03 2.0238e-04 ] 9.5994e-01
 2.244e+01 4.0583e-02 4.0583e-02 [ 4.7134e-04 2.6462e-02 1.1675e-02 1.7440e-03 2.3041e-04 ] 9.5942e-01
 2.255e+01 4.1336e-02 4.1336e-02 [ 4.5247e-04 2.6485e-02 1.2053e-02 2.0791e-03 2.6623e-04 ] 9.5866e-01
 2.267e+01 4.2425e-02 4.2425e-02 [ 4.3445e-04 2.6566e-02 1.2561e-02 2.5528e-03 3.1117e-04 ] 9.5758e-01
 2.278e+01 4.3997e-02 4.3997e-02 [ 4.1738e-04 2.6732e-02 1.3257e-02 3.2229e-03 3.6692e-04 ] 9.5600e-01
 2.289e+01 4.6261e-02 4.6261e-02 [ 4.0141e-04 2.7024e-02 1.4226e-02 4.1732e-03 4.3565e-04 ] 9.5374e-01
 2.301e+01 4.9514e-02 4.9514e-02 [ 3.8671e-04 2.7496e-02 1.5588e-02 5.5241e-03 5.2008e-04 ] 9.5049e-01
 2.312e+01 5.4181e-02 5.4181e-02 [ 3.7350e-04 2.8222e-02 1.7513e-02 7.4488e-03 6.2371e-04 ] 9.4582e-01
 2.323e+01 6.0854e-02 6.0854e-02 [ 3.6206e-04 2.9304e-02 2.0244e-02 1.0193e-02 7.5093e-04 ] 9.3915e-01
 2.335e+01 7.0362e-02 7.0362e-02 [ 3.5274e-04 3.0878e-02 2.4118e-02 1.4105e-02 9.0734e-04 ] 9.2964e-01
 2.346e+01 8.3832e-02 8.3832e-02 [ 3.4591e-04 3.3125e-02 2.9599e-02 1.9662e-02 1.0999e-03 ] 9.1617e-01
 2.357e+01 1.0276e-01 1.0276e-01 [ 3.4200e-04 3.6269e-02 3.7300e-02 2.7509e-02 1.3370e-03 ] 8.9724e-01
 2.369e+01 1.2902e-01 1.2902e-01 [ 3.4139e-04 4.0579e-02 4.8002e-02 3.8473e-02 1.6285e-03 ] 8.7098e-01
 2.380e+01 1.6482e-01 1.6482e-01 [ 3.4427e-04 4.6337e-02 6.2617e-02 5.3540e-02 1.9841e-03 ] 8.3518e-01
 2.391e+01 2.1236e-01 2.1236e-01 [ 3.5041e-04 5.3782e-02 8.2073e-02 7.3739e-02 2.4117e-03 ] 7.8764e-01
 2.403e+01 2.7319e-01 2.7319e-01 [ 3.5888e-04 6.2990e-02 1.0705e-01 9.9882e-02 2.9124e-03 ] 7.2681e-01
 2.414e+01 3.4721e-01 3.4721e-01 [ 3.6772e-04 7.3718e-02 1.3754e-01 1.3211e-01 3.4746e-03 ] 6.5279e-01
 2.425e+01 4.3144e-01 4.3144e-01 [ 3.7396e-04 8.5256e-02 1.7238e-01 1.6936e-01 4.0683e-03 ] 5.6856e-01
 2.437e+01 5.1951e-01 5.1951e-01 [ 3.7411e-04 9.6421e-02 2.0899e-01 2.0908e-01 4.6452e-03 ] 4.8049e-01
 2.448e+01 6.0278e-01 6.0278e-01 [ 3.6542e-04 1.0583e-01 2.4383e-01 2.4761e-01 5.1498e-03 ] 3.9722e-01
 2.459e+01 6.7325e-01 6.7325e-01 [ 3.4718e-04 1.1241e-01 2.7356e-01 2.8140e-01 5.5402e-03 ] 3.2675e-01
 2.471e+01 7.2664e-01 7.2664e-01 [ 3.2109e-04 1.1580e-01 2.9636e-01 3.0836e-01 5.8047e-03 ] 2.7336e-01
 2.482e+01 7.6325e-01 7.6325e-01 [ 2.9036e-04 1.1638e-01 3.1226e-01 3.2835e-01 5.9617e-03 ] 2.3675e-01
 2.493e+01 7.8642e-01 7.8642e-01 [ 2.5827e-04 1.1495e-01 3.2259e-01 3.4258e-01 6.0447e-03 ] 2.1358e-01
 2.505e+01 8.0027e-01 8.0027e-01 [ 2.2718e-04 1.1226e-01 3.2900e-01 3.5269e-01 6.0857e-03 ] 1.9973e-01
 2.516e+01 8.0823e-01 8.0823e-01 [ 1.9844e-04 1.0894e-01 3.3288e-01 3.6011e-01 6.1077e-03 ] 1.9177e-01
 2.527e+01 8.1273e-01 8.1273e-01 [ 1.7262e-04 1.0536e-01 3.3522e-01 3.6586e-01 6.1247e-03 ] 1.8727e-01
 2.539e+01 8.1528e-01 8.1528e-01 [ 1.4983e-04 1.0176e-01 3.3665e-01 3.7058e-01 6.1437e-03 ] 1.8472e-01
 2.550e+01 8.1675e-01 8.1675e-01 [ 1.2993e-04 9.8272e-02 3.3753e-01 3.7465e-01 6.1680e-03 ] 1.8325e-01
 2.561e+01 8.1754e-01 8.1754e-01 [ 1.1268e-04 9.4958e-02 3.3802e-01 3.7824e-01 6.1991e-03 ] 1.8246e-01
 2.573e+01 8.1774e-01 8.1774e-01 [ 9.7800e-05 9.1835e-02 3.3818e-01 3.8138e-01 6.2377e-03 ] 1.8226e-01
 2.584e+01 8.1709e-01 8.1709e-01 [ 8.5009e-05 8.8882e-02 3.3791e-01 3.8394e-01 6.2834e-03 ] 1.8291e-01
 2.595e+01 8.1496e-01 8.1496e-01 [ 7.4019e-05 8.6035e-02 3.3693e-01 3.8559e-01 6.3348e-03 ] 1.8504e-01
 2.607e+01 8.1010e-01 8.1010e-01 [ 6.4543e-05 8.3175e-02 3.3474e-01 3.8573e-01 6.3874e-03 ] 1.8990e-01
 2.618e+01 8.0036e-01 8.0036e-01 [ 5.6283e-05 8.0099e-02 3.3046e-01 3.8331e-01 6.4300e-03 ] 1.9964e-01
 2.629e+01 7.8238e-01 7.8238e-01 [ 4.8921e-05 7.6494e-02 3.2273e-01 3.7667e-01 6.4413e-03 ] 2.1762e-01
 2.641e+01 7.5157e-01 7.5157e-01 [ 4.2132e-05 7.1944e-02 3.0965e-01 3.6355e-01 6.3857e-03 ] 2.4843e-01
 2.652e+01 7.0314e-01 7.0314e-01 [ 3.5640e-05 6.6029e-02 2.8928e-01 3.4157e-01 6.2174e-03 ] 2.9686e-01
 2.663e+01 6.3457e-01 6.3457e-01 [ 2.9317e-05 5.8556e-02 2.6063e-01 3.0945e-01 5.8972e-03 ] 3.6543e-01
 2.675e+01 5.4846e-01 5.4846e-01 [ 2.3257e-05 4.9794e-02 2.2481e-01 2.6841e-01 5.4171e-03 ] 4.5155e-01
 2.686e+01 4.5287e-01 4.5287e-01 [ 1.7723e-05 4.0487e-02 1.8519e-01 2.2237e-01 4.8134e-03 ] 5.4713e-01
 2.697e+01 3.5827e-01 3.5827e-01 [ 1.2992e-05 3.1551e-02 1.4608e-01 1.7648e-01 4.1527e-03 ] 6.4173e-01
 2.709e+01 2.7334e-01 2.7334e-01 [ 9.2069e-06 2.3711e-02 1.1105e-01 1.3507e-01 3.5026e-03 ] 7.2666e-01
 2.720e+01 2.0275e-01 2.0275e-01 [ 6.3514e-06 1.7317e-02 8.2007e-02 1.0051e-01 2.9108e-03 ] 7.9725e-01
 2.731e+01 1.4737e-01 1.4737e-01 [ 4.2944e-06 1.2383e-02 5.9283e-02 7.3297e-02 2.3997e-03 ] 8.5263e-01
 2.743e+01 1.0569e-01 1.0569e-01 [ 2.8630e-06 8.7269e-03 4.2228e-02 5.2755e-02 1.9728e-03 ] 8.9431e-01
 2.754e+01 7.5194e-02 7.5194e-02 [ 1.8908e-06 6.0919e-03 2.9795e-02 3.7682e-02 1.6227e-03 ] 9.2481e-01
 2.765e+01 5.3301e-02 5.3301e-02 [ 1.2416e-06 4.2285e-03 2.0903e-02 2.6830e-02 1.3380e-03 ] 9.4670e-01
 2.777e+01 3.7763e-02 3.7763e-02 [ 8.1264e-07 2.9266e-03 1.4624e-02 1.9105e-02 1.1069e-03 ] 9.6224e-01
 2.788e+01 2.6806e-02 2.6806e-02 [ 5.3116e-07 2.0236e-03 1.0222e-02 1.3640e-02 9.1898e-04 ] 9.7319e-01
 2.799e+01 1.9100e-02 1.9100e-02 [ 3.4713e-07 1.3999e-03 7.1491e-03 9.7850e-03 7.6561e-04 ] 9.8090e-01
 2.811e+01 1.3681e-02 1.3681e-02 [ 2.2703e-07 9.6967e-04 5.0073e-03 7.0637e-03 6.3987e-04 ] 9.8632e-01
 2.822e+01 9.8625e-03 9.8625e-03 [ 1.4868e-07 6.7300e-04 3.5146e-03 5.1384e-03 5.3634e-04 ] 9.9014e-01
 2.833e+01 7.1628e-03 7.1628e-03 [ 9.7527e-08 4.6820e-04 2.4730e-03 3.7708e-03 4.5072e-04 ] 9.9284e-01
 2.845e+01 5.2454e-03 5.2454e-03 [ 6.4097e-08 3.2657e-04 1.7449e-03 2.7941e-03 3.7966e-04 ] 9.9475e-01
 2.856e+01 3.8760e-03 3.8760e-03 [ 4.2212e-08 2.2842e-04 1.2348e-03 2.0922e-03 3.2048e-04 ] 9.9612e-01
 2.867e+01 2.8917e-03 2.8917e-03 [ 2.7857e-08 1.6022e-04 8.7645e-04 1.5840e-03 2.7106e-04 ] 9.9711e-01
 2.879e+01 2.1794e-03 2.1794e-03 [ 1.8423e-08 1.1270e-04 6.2397e-04 1.2130e-03 2.2967e-04 ] 9.9782e-01
 2.890e+01 1.6598e-03 1.6598e-03 [ 1.2210e-08 7.9504e-05 4.4556e-04 9.3982e-04 1.9493e-04 ] 9.9834e-01
 2.901e+01 1.2778e-03 1.2778e-03 [ 8.1087e-09 5.6243e-05 3.1911e-04 7.3669e-04 1.6571e-04 ] 9.9872e-01
 2.913e+01 9.9432e-04 9.9432e-04 [ 5.3960e-09 3.9898e-05 2.2922e-04 5.8411e-04 1.4108e-04 ] 9.9901e-01
 2.924e+01 7.8209e-04 7.8209e-04 [ 3.5979e-09 2.8380e-05 1.6512e-04 4.6829e-04 1.2029e-04 ] 9.9922e-01
 2.935e+01 6.2165e-04 6.2165e-04 [ 2.4035e-09 2.0240e-05 1.1929e-04 3.7942e-04 1.0271e-04 ] 9.9938e-01
 2.947e+01 4.9915e-04 4.9915e-04 [ 1.6086e-09 1.4472e-05 8.6409e-05 3.1046e-04 8.7811e-05 ] 9.9950e-01
 2.958e+01 4.0467e-04 4.0467e-04 [ 1.0785e-09 1.0374e-05 6.2761e-05 2.5636e-04 7.5172e-05 ] 9.9960e-01
 2.969e+01 3.3105e-04 3.3105e-04 [ 7.2426e-10 7.4541e-06 4.5703e-05 2.1346e-04 6.4433e-05 ] 9.9967e-01
 2.981e+01 2.7311e-04 2.7311e-04 [ 4.8718e-10 5.3687e-06 3.3365e-05 1.7908e-04 5.5295e-05 ] 9.9973e-01
 2.992e+01 2.2705e-04 2.2705e-04 [ 3.2822e-10 3.8756e-06 2.4417e-05 1.5125e-04 4.7508e-05 ] 9.9977e-01
 3.003e+01 1.9009e-04 1.9009e-04 [ 2.2145e-10 2.8039e-06 1.7912e-05 1.2851e-04 4.0864e-05 ] 9.9981e-01
 3.015e+01 1.6016e-04 1.6016e-04 [ 1.4963e-10 2.0329e-06 1.3170e-05 1.0977e-04 3.5188e-05 ] 9.9984e-01
 3.026e+01 1.3570e-04 1.3570e-04 [ 1.0123e-10 1.4769e-06 9.7047e-06 9.4187e-05 3.0333e-05 ] 9.9986e-01
 3.037e+01 1.1556e-04 1.1556e-04 [ 6.8578e-11 1.0751e-06 7.1669e-06 8.1145e-05 2.6175e-05 ] 9.9988e-01
 3.049e+01 9.8852e-05 9.8852e-05 [ 4.6514e-11 7.8416e-07 5.3038e-06 7.0155e-05 2.2609e-05 ] 9.9990e-01
 3.060e+01 8.4892e-05 8.4892e-05 [ 3.1585e-11 5.7299e-07 3.9329e-06 6.0839e-05 1.9548e-05 ] 9.9992e-01
 3.071e+01 7.3158e-05 7.3158e-05 [ 2.1471e-11 4.1944e-07 2.9222e-06 5.2900e-05 1.6917e-05 ] 9.9993e-01
 3.083e+01 6.3239e-05 6.3239e-05 [ 1.4611e-11 3.0757e-07 2.1753e-06 4.6103e-05 1.4654e-05 ] 9.9994e-01
 3.094e+01 5.4813e-05 5.4813e-05 [ 9.9526e-12 2.2592e-07 1.6223e-06 4.0260e-05 1.2705e-05 ] 9.9995e-01
 3.105e+01 4.7622e-05 4.7622e-05 [ 6.7857e-12 1.6621e-07 1.2120e-06 3.5219e-05 1.1024e-05 ] 9.9995e-01
 3.117e+01 4.1460e-05 4.1460e-05 [ 4.6305e-12 1.2247e-07 9.0708e-07 3.0857e-05 9.5735e-06 ] 9.9996e-01
 3.128e+01 3.6163e-05 3.6163e-05 [ 3.1624e-12 9.0371e-08 6.7999e-07 2.7072e-05 8.3206e-06 ] 9.9996e-01
 3.139e+01 3.1593e-05 3.1593e-05 [ 2.1614e-12 6.6784e-08 5.1058e-07 2.3779e-05 7.2372e-06 ] 9.9997e-01
 3.151e+01 2.7641e-05 2.7641e-05 [ 1.4783e-12 4.9421e-08 3.8398e-07 2.0908e-05 6.2997e-06 ] 9.9997e-01
 3.162e+01 2.4214e-05 2.4214e-05 [ 1.0118e-12 3.6621e-08 2.8920e-07 1.8401e-05 5.4876e-06 ] 9.9998e-01
 3.173e+01 2.1236e-05 2.1236e-05 [ 6.9296e-13 2.7171e-08 2.1814e-07 1.6207e-05 4.7835e-06 ] 9.9998e-01
 3.185e+01 1.8644e-05 1.8644e-05 [ 4.7486e-13 2.0184e-08 1.6478e-07 1.4286e-05 4.1726e-06 ] 9.9998e-01
 3.196e+01 1.6383e-05 1.6383e-05 [ 3.2558e-13 1.5012e-08 1.2464e-07 1.2601e-05 3.6422e-06 ] 9.9998e-01
 3.207e+01 1.4408e-05 1.4408e-05 [ 2.2334e-13 1.1177e-08 9.4408e-08 1.1121e-05 3.1812e-06 ] 9.9999e-01
 3.219e+01 1.2680e-05 1.2680e-05 [ 1.5327e-13 8.3316e-09 7.1602e-08 9.8200e-06 2.7802e-06 ] 9.9999e-01
 3.230e+01 1.1167e-05 1.1167e-05 [ 1.0523e-13 6.2169e-09 5.4375e-08 8.6755e-06 2.4313e-06 ] 9.9999e-01
 3.241e+01 9.8410e-06 9.8410e-06 [ 7.2278e-14 4.6435e-09 4.1344e-08 7.6677e-06 2.1273e-06 ] 9.9999e-01
 3.253e+01 8.6771e-06 8.6771e-06 [ 4.9660e-14 3.4717e-09 3.1475e-08 6.7797e-06 1.8624e-06 ] 9.9999e-01
 3.264e+01 7.6548e-06 7.6548e-06 [ 3.4131e-14 2.5980e-09 2.3990e-08 5.9968e-06 1.6314e-06 ] 9.9999e-01
 3.275e+01 6.7561e-06 6.7561e-06 [ 2.3464e-14 1.9459e-09 1.8307e-08 5.3060e-06 1.4298e-06 ] 9.9999e-01
 3.287e+01 5.9654e-06 5.9654e-06 [ 1.6135e-14 1.4587e-09 1.3987e-08 4.6963e-06 1.2537e-06 ] 9.9999e-01
 3.298e+01 5.2694e-06 5.2694e-06 [ 1.1097e-14 1.0944e-09 1.0699e-08 4.1578e-06 1.0998e-06 ] 9.9999e-01
 3.309e+01 4.6564e-06 4.6564e-06 [ 7.6340e-15 8.2171e-10 8.1938e-09 3.6821e-06 9.6531e-07 ] 1.0000e+00
 3.321e+01 4.1161e-06 4.1161e-06 [ 5.2523e-15 6.1742e-10 6.2826e-09 3.2615e-06 8.4763e-07 ] 1.0000e+00
 3.332e+01 3.6396e-06 3.6396e-06 [ 3.6141e-15 4.6425e-10 4.8231e-09 2.8897e-06 7.4462e-07 ] 1.0000e+00
 3.343e+01 3.2192e-06 3.2192e-06 [ 2.4871e-15 3.4931e-10 3.7072e-09 2.5608e-06 6.5441e-07 ] 1.0000e+00
 3.355e+01 2.8482e-06 2.8482e-06 [ 1.7116e-15 2.6300e-10 2.8532e-09 2.2697e-06 5.7536e-07 ] 1.0000e+00
 3.366e+01 2.5206e-06 2.5206e-06 [ 1.1780e-15 1.9814e-10 2.1989e-09 2.0122e-06 5.0606e-07 ] 1.0000e+00
 3.377e+01 2.2312e-06 2.2312e-06 [ 8.1074e-16 1.4936e-10 1.6971e-09 1.7841e-06 4.4528e-07 ] 1.0000e+00
 3.389e+01 1.9755e-06 1.9755e-06 [ 5.5798e-16 1.1265e-10 1.3117e-09 1.5822e-06 3.9194e-07 ] 1.0000e+00
 3.400e+01 1.7495e-06 1.7495e-06 [ 3.8401e-16 8.5011e-11 1.0155e-09 1.4033e-06 3.4512e-07 ] 1.0000e+00
 3.411e+01 1.5497e-06 1.5497e-06 [ 2.6427e-16 6.4184e-11 7.8757e-10 1.2448e-06 3.0399e-07 ] 1.0000e+00
 3.423e+01 1.3729e-06 1.3729e-06 [ 1.8185e-16 4.8483e-11 6.1194e-10 1.1044e-06 2.6785e-07 ] 1.0000e+00
 3.434e+01 1.2165e-06 1.2165e-06 [ 1.2512e-16 3.6639e-11 4.7646e-10 9.7990e-07 2.3609e-07 ] 1.0000e+00
 3.445e+01 1.0781e-06 1.0781e-06 [ 8.6079e-17 2.7701e-11 3.7181e-10 8.6956e-07 2.0816e-07 ] 1.0000e+00
 3.457e+01 9.5562e-07 9.5562e-07 [ 5.9212e-17 2.0952e-11 2.9086e-10 7.7173e-07 1.8358e-07 ] 1.0000e+00
 3.468e+01 8.4717e-07 8.4717e-07 [ 4.0724e-17 1.5853e-11 2.2815e-10 6.8497e-07 1.6196e-07 ] 1.0000e+00
 3.479e+01 7.5113e-07 7.5113e-07 [ 2.8004e-17 1.1999e-11 1.7950e-10 6.0802e-07 1.4292e-07 ] 1.0000e+00
 3.491e+01 6.6607e-07 6.6607e-07 [ 1.9253e-17 9.0853e-12 1.4169e-10 5.3977e-07 1.2615e-07 ] 1.0000e+00
 3.502e+01 5.9072e-07 5.9072e-07 [ 1.3234e-17 6.8813e-12 1.1225e-10 4.7922e-07 1.1138e-07 ] 1.0000e+00
 3.513e+01 5.2395e-07 5.2395e-07 [ 9.0943e-18 5.2136e-12 8.9274e-11 4.2549e-07 9.8364e-08 ] 1.0000e+00
 3.525e+01 4.6478e-07 4.6478e-07 [ 6.2481e-18 3.9511e-12 7.1305e-11 3.7782e-07 8.6889e-08 ] 1.0000e+00
 3.536e+01 4.1234e-07 4.1234e-07 [ 4.2916e-18 2.9951e-12 5.7216e-11 3.3551e-07 7.6771e-08 ] 1.0000e+00
 3.547e+01 3.6585e-07 3.6585e-07 [ 2.9469e-18 2.2710e-12 4.6138e-11 2.9796e-07 6.7846e-08 ] 1.0000e+00
 3.559e+01 3.2463e-07 3.2463e-07 [ 2.0230e-18 1.7224e-12 3.7401e-11 2.6462e-07 5.9972e-08 ] 1.0000e+00
 3.570e+01 2.8809e-07 2.8809e-07 [ 1.3883e-18 1.3065e-12 3.0486e-11 2.3503e-07 5.3023e-08 ] 1.0000e+00
 3.581e+01 2.5567e-07 2.5567e-07 [ 9.5247e-19 9.9129e-13 2.4993e-11 2.0876e-07 4.6888e-08 ] 1.0000e+00
 3.593e+01 2.2693e-07 2.2693e-07 [ 6.5323e-19 7.5224e-13 2.0612e-11 1.8544e-07 4.1471e-08 ] 1.0000e+00
 3.604e+01 2.0143e-07 2.0143e-07 [ 4.4785e-19 5.7094e-13 1.7102e-11 1.6472e-07 3.6687e-08 ] 1.0000e+00
 3.615e+01 1.7881e-07 1.7881e-07 [ 3.0694e-19 4.3339e-13 1.4277e-11 1.4633e-07 3.2460e-08 ] 1.0000e+00
 3.627e+01 1.5874e-07 1.5874e-07 [ 2.1028e-19 3.2903e-13 1.1990e-11 1.3000e-07 2.8726e-08 ] 1.0000e+00
 3.638e+01 1.4093e-07 1.4093e-07 [ 1.4401e-19 2.4983e-13 1.0130e-11 1.1549e-07 2.5425e-08 ] 1.0000e+00
 3.649e+01 1.2513e-07 1.2513e-07 [ 9.8589e-20 1.8972e-13 8.6086e-12 1.0261e-07 2.2507e-08 ] 1.0000e+00
 3.661e+01 1.1110e-07 1.1110e-07 [ 6.7466e-20 1.4408e-13 7.3561e-12 9.1168e-08 1.9927e-08 ] 1.0000e+00
 3.672e+01 9.8655e-08 9.8655e-08 [ 4.6149e-20 1.0943e-13 6.3190e-12 8.1003e-08 1.7646e-08 ] 1.0000e+00
 3.683e+01 8.7607e-08 8.7607e-08 [ 3.1554e-20 8.3123e-14 5.4549e-12 7.1974e-08 1.5628e-08 ] 1.0000e+00
 3.695e+01 7.7800e-08 7.7800e-08 [ 2.1566e-20 6.3143e-14 4.7305e-12 6.3953e-08 1.3842e-08 ] 1.0000e+00
 3.706e+01 6.9094e-08 6.9094e-08 [ 1.4733e-20 4.7968e-14 4.1196e-12 5.6827e-08 1.2263e-08 ] 1.0000e+00
 3.717e+01 6.1364e-08 6.1364e-08 [ 1.0061e-20 3.6442e-14 3.6012e-12 5.0496e-08 1.0865e-08 ] 1.0000e+00
 3.729e+01 5.4502e-08 5.4502e-08 [ 6.8672e-21 2.7687e-14 3.1587e-12 4.4871e-08 9.6271e-09 ] 1.0000e+00
 3.740e+01 4.8408e-08 4.8408e-08 [ 4.6851e-21 2.1035e-14 2.7791e-12 3.9874e-08 8.5316e-09 ] 1.0000e+00
 3.751e+01 4.2998e-08 4.2998e-08 [ 3.1949e-21 1.5982e-14 2.4517e-12 3.5434e-08 7.5615e-09 ] 1.0000e+00
 3.763e+01 3.8193e-08 3.8193e-08 [ 2.1777e-21 1.2144e-14 2.1680e-12 3.1489e-08 6.7026e-09 ] 1.0000e+00
 3.774e+01 3.3927e-08 3.3927e-08 [ 1.4836e-21 9.2268e-15 1.9209e-12 2.7983e-08 5.9418e-09 ] 1.0000e+00
 3.785e+01 3.0138e-08 3.0138e-08 [ 1.0103e-21 7.0108e-15 1.7051e-12 2.4868e-08 5.2679e-09 ] 1.0000e+00
 3.797e+01 2.6772e-08 2.6772e-08 [ 6.8762e-22 5.3270e-15 1.5157e-12 2.2100e-08 4.6709e-09 ] 1.0000e+00
 3.808e+01 2.3784e-08 2.3784e-08 [ 4.6777e-22 4.0476e-15 1.3491e-12 1.9640e-08 4.1419e-09 ] 1.0000e+00
 3.819e+01 2.1129e-08 2.1129e-08 [ 3.1806e-22 3.0755e-15 1.2020e-12 1.7455e-08 3.6732e-09 ] 1.0000e+00
 3.831e+01 1.8771e-08 1.8771e-08 [ 2.1615e-22 2.3369e-15 1.0719e-12 1.5512e-08 3.2578e-09 ] 1.0000e+00
 3.842e+01 1.6677e-08 1.6677e-08 [ 1.4682e-22 1.7756e-15 9.5658e-13 1.3786e-08 2.8896e-09 ] 1.0000e+00
 3.853e+01 1.4816e-08 1.4816e-08 [ 9.9672e-23 1.3492e-15 8.5412e-13 1.2252e-08 2.5632e-09 ] 1.0000e+00
 3.865e+01 1.3163e-08 1.3163e-08 [ 6.7631e-23 1.0252e-15 7.6295e-13 1.0889e-08 2.2739e-09 ] 1.0000e+00
 3.876e+01 1.1695e-08 1.1695e-08 [ 4.5865e-23 7.7902e-16 6.8174e-13 9.6773e-09 2.0174e-09 ] 1.0000e+00
 3.887e+01 1.0391e-08 1.0391e-08 [ 3.1088e-23 5.9197e-16 6.0930e-13 8.6005e-09 1.7899e-09 ] 1.0000e+00
 3.899e+01 9.2324e-09 9.2324e-09 [ 2.1060e-23 4.4985e-16 5.4464e-13 7.6436e-09 1.5882e-09 ] 1.0000e+00
 3.910e+01 8.2030e-09 8.2030e-09 [ 1.4259e-23 3.4187e-16 4.8687e-13 6.7932e-09 1.4093e-09 ] 1.0000e+00
 3.921e+01 7.2885e-09 7.2885e-09 [ 9.6493e-24 2.5982e-16 4.3523e-13 6.0374e-09 1.2507e-09 ] 1.0000e+00
 3.933e+01 6.4760e-09 6.4760e-09 [ 6.5261e-24 1.9749e-16 3.8905e-13 5.3657e-09 1.1099e-09 ] 1.0000e+00
 3.944e+01 5.7541e-09 5.7541e-09 [ 4.4114e-24 1.5012e-16 3.4774e-13 4.7687e-09 9.8509e-10 ] 1.0000e+00
 3.955e+01 5.1128e-09 5.1128e-09 [ 2.9802e-24 1.1413e-16 3.1078e-13 4.2381e-09 8.7434e-10 ] 1.0000e+00
 3.967e+01 4.5429e-09 4.5429e-09 [ 2.0122e-24 8.6788e-17 2.7770e-13 3.7666e-09 7.7608e-10 ] 1.0000e+00
 3.978e+01 4.0366e-09 4.0366e-09 [ 1.3579e-24 6.6008e-17 2.4809e-13 3.3475e-09 6.8890e-10 ] 1.0000e+00
 3.989e+01 3.5868e-09 3.5868e-09 [ 9.1581e-25 5.0217e-17 2.2159e-13 2.9750e-09 6.1154e-10 ] 1.0000e+00
 4.001e+01 3.1871e-09 3.1871e-09 [ 6.1730e-25 3.8215e-17 1.9788e-13 2.6440e-09 5.4289e-10 ] 1.0000e+00
 4.012e+01 2.8319e-09 2.8319e-09 [ 4.1585e-25 2.9092e-17 1.7666e-13 2.3498e-09 4.8197e-10 ] 1.0000e+00
 4.023e+01 2.5163e-09 2.5163e-09 [ 2.7998e-25 2.2157e-17 1.5768e-13 2.0883e-09 4.2790e-10 ] 1.0000e+00
 4.035e+01 2.2359e-09 2.2359e-09 [ 1.8839e-25 1.6883e-17 1.4069e-13 1.8559e-09 3.7992e-10 ] 1.0000e+00
 4.046e+01 1.9868e-09 1.9868e-09 [ 1.2669e-25 1.2872e-17 1.2551e-13 1.6493e-09 3.3732e-10 ] 1.0000e+00
 4.057e+01 1.7654e-09 1.7654e-09 [ 8.5147e-26 9.8210e-18 1.1192e-13 1.4657e-09 2.9952e-10 ] 1.0000e+00
 4.069e+01 1.5687e-09 1.5687e-09 [ 5.7193e-26 7.4989e-18 9.9784e-14 1.3026e-09 2.6596e-10 ] 1.0000e+00
 4.080e+01 1.3939e-09 1.3939e-09 [ 3.8394e-26 5.7310e-18 8.8935e-14 1.1576e-09 2.3616e-10 ] 1.0000e+00
 4.091e+01 1.2385e-09 1.2385e-09 [ 2.5759e-26 4.3843e-18 7.9241e-14 1.0287e-09 2.0972e-10 ] 1.0000e+00
 4.103e+01 1.1005e-09 1.1005e-09 [ 1.7271e-26 3.3580e-18 7.0583e-14 9.1421e-10 1.8623e-10 ] 1.0000e+00
 4.114e+01 9.7787e-10 9.7787e-10 [ 1.1574e-26 2.5753e-18 6.2852e-14 8.1242e-10 1.6539e-10 ] 1.0000e+00
 4.125e+01 8.6889e-10 8.6889e-10 [ 7.7510e-27 1.9780e-18 5.5951e-14 7.2196e-10 1.4688e-10 ] 1.0000e+00
 4.137e+01 7.7206e-10 7.7206e-10 [ 5.1878e-27 1.5217e-18 4.9792e-14 6.4157e-10 1.3044e-10 ] 1.0000e+00
 4.148e+01 6.8601e-10 6.8601e-10 [ 3.4701e-27 1.1729e-18 4.4298e-14 5.7012e-10 1.1585e-10 ] 1.0000e+00
 4.159e+01 6.0955e-10 6.0955e-10 [ 2.3198e-27 9.0583e-19 3.9399e-14 5.0662e-10 1.0289e-10 ] 1.0000e+00
 4.171e+01 5.4161e-10 5.4161e-10 [ 1.5498e-27 7.0115e-19 3.5031e-14 4.5019e-10 9.1383e-11 ] 1.0000e+00
 4.182e+01 4.8124e-10 4.8124e-10 [ 1.0348e-27 5.4405e-19 3.1139e-14 4.0004e-10 8.1164e-11 ] 1.0000e+00
 4.193e+01 4.2759e-10 4.2759e-10 [ 6.9052e-28 4.2327e-19 2.7670e-14 3.5548e-10 7.2089e-11 ] 1.0000e+00
 4.205e+01 3.7992e-10 3.7992e-10 [ 4.6050e-28 3.3025e-19 2.4581e-14 3.1587e-10 6.4030e-11 ] 1.0000e+00
 4.216e+01 3.3757e-10 3.3757e-10 [ 3.0691e-28 2.5847e-19 2.1831e-14 2.8067e-10 5.6873e-11 ] 1.0000e+00
 4.227e+01 2.9993e-10 2.9993e-10 [ 2.0443e-28 2.0294e-19 1.9383e-14 2.4939e-10 5.0517e-11 ] 1.0000e+00
 4.239e+01 2.6649e-10 2.6649e-10 [ 1.3608e-28 1.5990e-19 1.7204e-14 2.2160e-10 4.4871e-11 ] 1.0000e+00
 4.250e+01 2.3677e-10 2.3677e-10 [ 9.0528e-29 1.2644e-19 1.5266e-14 1.9690e-10 3.9857e-11 ] 1.0000e+00
 4.261e+01 2.1037e-10 2.1037e-10 [ 6.0188e-29 1.0035e-19 1.3543e-14 1.7495e-10 3.5404e-11 ] 1.0000e+00
 4.273e+01 1.8690e-10 1.8690e-10 [ 3.9992e-29 7.9950e-20 1.2011e-14 1.5544e-10 3.1448e-11 ] 1.0000e+00
 4.284e+01 1.6606e-10 1.6606e-10 [ 2.6556e-29 6.3947e-20 1.0649e-14 1.3811e-10 2.7935e-11 ] 1.0000e+00
 4.295e+01 1.4753e-10 1.4753e-10 [ 1.7623e-29 5.1349e-20 9.4395e-15 1.2271e-10 2.4814e-11 ] 1.0000e+00
 4.307e+01 1.3107e-10 1.3107e-10 [ 1.1688e-29 4.1396e-20 8.3650e-15 1.0902e-10 2.2043e-11 ] 1.0000e+00
 4.318e+01 1.1645e-10 1.1645e-10 [ 7.7472e-30 3.3502e-20 7.4109e-15 9.6862e-11 1.9580e-11 ] 1.0000e+00
 4.329e+01 1.0346e-10 1.0346e-10 [ 5.1318e-30 2.7218e-20 6.5640e-15 8.6056e-11 1.7393e-11 ] 1.0000e+00
 4.341e+01 9.1911e-11 9.1911e-11 [ 3.3973e-30 2.2195e-20 5.8123e-15 7.6454e-11 1.5451e-11 ] 1.0000e+00
 4.352e+01 8.1653e-11 8.1653e-11 [ 2.2477e-30 1.8164e-20 5.1455e-15 6.7923e-11 1.3725e-11 ] 1.0000e+00
 4.363e+01 7.2539e-11 7.2539e-11 [ 1.4861e-30 1.4916e-20 4.5540e-15 6.0342e-11 1.2192e-11 ] 1.0000e+00
 4.375e+01 6.4441e-11 6.4441e-11 [ 9.8202e-31 1.2289e-20 4.0295e-15 5.3606e-11 1.0831e-11 ] 1.0000e+00
 4.386e+01 5.7246e-11 5.7246e-11 [ 6.4851e-31 1.0155e-20 3.5646e-15 4.7622e-11 9.6210e-12 ] 1.0000e+00
 4.397e+01 5.0854e-11 5.0854e-11 [ 4.2800e-31 8.4158e-21 3.1526e-15 4.2305e-11 8.5465e-12 ] 1.0000e+00
 4.409e+01 4.5175e-11 4.5175e-11 [ 2.8230e-31 6.9928e-21 2.7875e-15 3.7580e-11 7.5920e-12 ] 1.0000e+00
 4.420e+01 4.0130e-11 4.0130e-11 [ 1.8609e-31 5.8244e-21 2.4642e-15 3.3383e-11 6.7441e-12 ] 1.0000e+00
 4.431e+01 3.5647e-11 3.5647e-11 [ 1.2259e-31 4.8618e-21 2.1778e-15 2.9654e-11 5.9909e-12 ] 1.0000e+00
 4.443e+01 3.1665e-11 3.1665e-11 [ 8.0709e-32 4.0663e-21 1.9243e-15 2.6341e-11 5.3218e-12 ] 1.0000e+00
 4.454e+01 2.8127e-11 2.8127e-11 [ 5.3104e-32 3.4070e-21 1.6999e-15 2.3398e-11 4.7274e-12 ] 1.0000e+00
 4.465e+01 2.4984e-11 2.4984e-11 [ 3.4920e-32 2.8591e-21 1.5014e-15 2.0783e-11 4.1993e-12 ] 1.0000e+00
 4.477e+01 2.2191e-11 2.2191e-11 [ 2.2949e-32 2.4026e-21 1.3257e-15 1.8460e-11 3.7303e-12 ] 1.0000e+00
 4.488e+01 1.9711e-11 1.9711e-11 [ 1.5073e-32 2.0215e-21 1.1704e-15 1.6396e-11 3.3136e-12 ] 1.0000e+00
 4.499e+01 1.7507e-11 1.7507e-11 [ 9.8936e-33 1.7026e-21 1.0330e-15 1.4563e-11 2.9434e-12 ] 1.0000e+00
 4.511e+01 1.5549e-11 1.5549e-11 [ 6.4903e-33 1.4353e-21 9.1155e-16 1.2934e-11 2.6146e-12 ] 1.0000e+00
 4.522e+01 1.3810e-11 1.3810e-11 [ 4.2552e-33 1.2108e-21 8.0421e-16 1.1487e-11 2.3225e-12 ] 1.0000e+00
 4.533e+01 1.2266e-11 1.2266e-11 [ 2.7881e-33 1.0222e-21 7.0937e-16 1.0202e-11 2.0630e-12 ] 1.0000e+00
 4.545e+01 1.0894e-11 1.0894e-11 [ 1.8258e-33 8.6333e-22 6.2558e-16 9.0605e-12 1.8325e-12 ] 1.0000e+00
 4.556e+01 9.6747e-12 9.6747e-12 [ 1.1950e-33 7.2948e-22 5.5157e-16 8.0464e-12 1.6277e-12 ] 1.0000e+00
 4.567e+01 8.5920e-12 8.5920e-12 [ 7.8165e-34 6.1659e-22 4.8623e-16 7.1457e-12 1.4458e-12 ] 1.0000e+00
 4.579e+01 7.6303e-12 7.6303e-12 [ 5.1100e-34 5.2129e-22 4.2853e-16 6.3457e-12 1.2842e-12 ] 1.0000e+00
 4.590e+01 6.7761e-12 6.7761e-12 [ 3.3388e-34 4.4079e-22 3.7761e-16 5.6351e-12 1.1407e-12 ] 1.0000e+00
 4.601e+01 6.0174e-12 6.0174e-12 [ 2.1803e-34 3.7276e-22 3.3267e-16 5.0039e-12 1.0132e-12 ] 1.0000e+00
 4.613e+01 5.3435e-12 5.3435e-12 [ 1.4231e-34 3.1525e-22 2.9303e-16 4.4434e-12 8.9990e-13 ] 1.0000e+00
 4.624e+01 4.7450e-12 4.7450e-12 [ 9.2831e-35 2.6660e-22 2.5805e-16 3.9455e-12 7.9928e-13 ] 1.0000e+00
 4.635e+01 4.2134e-12 4.2134e-12 [ 6.0527e-35 2.2545e-22 2.2721e-16 3.5033e-12 7.0991e-13 ] 1.0000e+00
 4.647e+01 3.7413e-12 3.7413e-12 [ 3.9444e-35 1.9063e-22 2.0002e-16 3.1106e-12 6.3052e-13 ] 1.0000e+00
 4.658e+01 3.3220e-12 3.3220e-12 [ 2.5693e-35 1.6116e-22 1.7604e-16 2.7618e-12 5.6000e-13 ] 1.0000e+00
 4.669e+01 2.9496e-12 2.9496e-12 [ 1.6728e-35 1.3623e-22 1.5492e-16 2.4521e-12 4.9736e-13 ] 1.0000e+00
 4.681e+01 2.6189e-12 2.6189e-12 [ 1.0886e-35 1.1513e-22 1.3630e-16 2.1771e-12 4.4172e-13 ] 1.0000e+00
 4.692e+01 2.3252e-12 2.3252e-12 [ 7.0816e-36 9.7281e-23 1.1989e-16 1.9328e-12 3.9229e-13 ] 1.0000e+00
 4.703e+01 2.0644e-12 2.0644e-12 [ 4.6048e-36 8.2177e-23 1.0544e-16 1.7159e-12 3.4840e-13 ] 1.0000e+00
 4.715e+01 1.8328e-12 1.8328e-12 [ 2.9932e-36 6.9399e-23 9.2720e-17 1.5233e-12 3.0940e-13 ] 1.0000e+00
 4.726e+01 1.6271e-12 1.6271e-12 [ 1.9450e-36 5.8592e-23 8.1517e-17 1.3523e-12 2.7477e-13 ] 1.0000e+00
 4.737e+01 1.4445e-12 1.4445e-12 [ 1.2635e-36 4.9453e-23 7.1653e-17 1.2004e-12 2.4401e-13 ] 1.0000e+00
 4.749e+01 1.2824e-12 1.2824e-12 [ 8.2055e-37 4.1727e-23 6.2972e-17 1.0656e-12 2.1669e-13 ] 1.0000e+00
 4.760e+01 1.1384e-12 1.1384e-12 [ 5.3278e-37 3.5197e-23 5.5333e-17 9.4588e-13 1.9243e-13 ] 1.0000e+00
 4.771e+01 1.0105e-12 1.0105e-12 [ 3.4588e-37 2.9679e-23 4.8612e-17 8.3959e-13 1.7087e-13 ] 1.0000e+00
 4.783e+01 8.9699e-13 8.9699e-13 [ 2.2452e-37 2.5018e-23 4.2699e-17 7.4522e-13 1.5173e-13 ] 1.0000e+00
 4.794e+01 7.9620e-13 7.9620e-13 [ 1.4573e-37 2.1081e-23 3.7499e-17 6.6143e-13 1.3473e-13 ] 1.0000e+00
 4.805e+01 7.0672e-13 7.0672e-13 [ 9.4592e-38 1.7758e-23 3.2927e-17 5.8705e-13 1.1964e-13 ] 1.0000e+00
 4.817e+01 6.2727e-13 6.2727e-13 [ 6.1405e-38 1.4953e-23 2.8907e-17 5.2101e-13 1.0623e-13 ] 1.0000e+00
 4.828e+01 5.5673e-13 5.5673e-13 [ 3.9868e-38 1.2587e-23 2.5373e-17 4.6239e-13 9.4320e-14 ] 1.0000e+00
 4.839e+01 4.9411e-13 4.9411e-13 [ 2.5891e-38 1.0592e-23 2.2267e-17 4.1035e-13 8.3746e-14 ] 1.0000e+00
 4.851e+01 4.3853e-13 4.3853e-13 [ 1.6820e-38 8.9092e-24 1.9538e-17 3.6415e-13 7.4355e-14 ] 1.0000e+00
 4.862e+01 3.8918e-13 3.8918e-13 [ 1.0932e-38 7.4912e-24 1.7141e-17 3.2315e-13 6.6016e-14 ] 1.0000e+00
 4.873e+01 3.4537e-13 3.4537e-13 [ 7.1094e-39 6.2966e-24 1.5035e-17 2.8675e-13 5.8610e-14 ] 1.0000e+00
 4.885e+01 3.0649e-13 3.0649e-13 [ 4.6265e-39 5.2906e-24 1.3186e-17 2.5444e-13 5.2034e-14 ] 1.0000e+00
 4.896e+01 2.7197e-13 2.7197e-13 [ 3.0133e-39 4.4436e-24 1.1562e-17 2.2576e-13 4.6195e-14 ] 1.0000e+00
 4.907e+01 2.4133e-13 2.4133e-13 [ 1.9644e-39 3.7308e-24 1.0136e-17 2.0031e-13 4.1010e-14 ] 1.0000e+00
 4.919e+01 2.1414e-13 2.1414e-13 [ 1.2820e-39 3.1312e-24 8.8847e-18 1.7773e-13 3.6406e-14 ] 1.0000e+00
 4.930e+01 1.9000e-13 1.9000e-13 [ 8.3777e-40 2.6270e-24 7.7865e-18 1.5768e-13 3.2318e-14 ] 1.0000e+00
 4.941e+01 1.6858e-13 1.6858e-13 [ 5.4822e-40 2.2031e-24 6.8229e-18 1.3989e-13 2.8688e-14 ] 1.0000e+00
 4.953e+01 1.4957e-13 1.4957e-13 [ 3.5932e-40 1.8470e-24 5.9775e-18 1.2410e-13 2.5465e-14 ] 1.0000e+00
 4.964e+01 1.3270e-13 1.3270e-13 [ 2.3591e-40 1.5478e-24 5.2359e-18 1.1009e-13 2.2604e-14 ] 1.0000e+00
 4.975e+01 1.1773e-13 1.1773e-13 [ 1.5519e-40 1.2966e-24 4.5856e-18 9.7657e-14 2.0063e-14 ] 1.0000e+00
 4.987e+01 1.0444e-13 1.0444e-13 [ 1.0230e-40 1.0858e-24 4.0154e-18 8.6626e-14 1.7808e-14 ] 1.0000e+00
 4.998e+01 9.2646e-14 9.2646e-14 [ 6.7585e-41 9.0889e-25 3.5155e-18 7.6837e-14 1.5806e-14 ] 1.0000e+00
 5.009e+01 8.2183e-14 8.2183e-14 [ 4.4757e-41 7.6054e-25 3.0773e-18 6.8152e-14 1.4028e-14 ] 1.0000e+00
 5.021e+01 7.2898e-14 7.2898e-14 [ 2.9715e-41 6.3616e-25 2.6932e-18 6.0446e-14 1.2450e-14 ] 1.0000e+00
 5.032e+01 6.4660e-14 6.4660e-14 [ 1.9781e-41 5.3192e-25 2.3567e-18 5.3609e-14 1.1049e-14 ] 1.0000e+00
 5.043e+01 5.7351e-14 5.7351e-14 [ 1.3204e-41 4.4460e-25 2.0619e-18 4.7544e-14 9.8054e-15 ] 1.0000e+00
 5.055e+01 5.0866e-14 5.0866e-14 [ 8.8395e-42 3.7147e-25 1.8037e-18 4.2163e-14 8.7015e-15 ] 1.0000e+00
 5.066e+01 4.5112e-14 4.5112e-14 [ 5.9348e-42 3.1026e-25 1.5775e-18 3.7389e-14 7.7216e-15 ] 1.0000e+00
 5.077e+01 4.0008e-14 4.0008e-14 [ 3.9964e-42 2.5904e-25 1.3795e-18 3.3155e-14 6.8519e-15 ] 1.0000e+00
 5.089e+01 3.5480e-14 3.5480e-14 [ 2.6992e-42 2.1619e-25 1.2061e-18 2.9399e-14 6.0799e-15 ] 1.0000e+00
 5.100e+01 3.1463e-14 3.1463e-14 [ 1.8285e-42 1.8037e-25 1.0543e-18 2.6067e-14 5.3947e-15 ] 1.0000e+00
 5.111e+01 2.7899e-14 2.7899e-14 [ 1.2423e-42 1.5042e-25 9.2152e-19 2.3112e-14 4.7866e-15 ] 1.0000e+00
 5.123e+01 2.4738e-14 2.4738e-14 [ 8.4651e-43 1.2540e-25 8.0530e-19 2.0491e-14 4.2469e-15 ] 1.0000e+00
 5.134e+01 2.1935e-14 2.1935e-14 [ 5.7842e-43 1.0451e-25 7.0361e-19 1.8166e-14 3.7679e-15 ] 1.0000e+00
 5.145e+01 1.9448e-14 1.9448e-14 [ 3.9631e-43 8.7060e-26 6.1466e-19 1.6104e-14 3.3428e-15 ] 1.0000e+00
 5.157e+01 1.7242e-14 1.7242e-14 [ 2.7224e-43 7.2500e-26 5.3686e-19 1.4276e-14 2.9655e-15 ] 1.0000e+00
 5.168e+01 1.5286e-14 1.5286e-14 [ 1.8747e-43 6.0353e-26 4.6884e-19 1.2655e-14 2.6307e-15 ] 1.0000e+00
 5.179e+01 1.3551e-14 1.3551e-14 [ 1.2939e-43 5.0222e-26 4.0936e-19 1.1217e-14 2.3337e-15 ] 1.0000e+00
 5.191e+01 1.2013e-14 1.2013e-14 [ 8.9498e-44 4.1777e-26 3.5737e-19 9.9422e-15 2.0701e-15 ] 1.0000e+00
 5.202e+01 1.0648e-14 1.0648e-14 [ 6.2027e-44 3.4740e-26 3.1192e-19 8.8118e-15 1.8362e-15 ] 1.0000e+00
 5.213e+01 9.4385e-15 9.4385e-15 [ 4.3067e-44 2.8877e-26 2.7221e-19 7.8096e-15 1.6287e-15 ] 1.0000e+00
 5.225e+01 8.3658e-15 8.3658e-15 [ 2.9952e-44 2.3995e-26 2.3752e-19 6.9210e-15 1.4445e-15 ] 1.0000e+00
 5.236e+01 7.4146e-15 7.4146e-15 [ 2.0862e-44 1.9931e-26 2.0721e-19 6.1332e-15 1.2812e-15 ] 1.0000e+00
 5.247e+01 6.5712e-15 6.5712e-15 [ 1.4550e-44 1.6550e-26 1.8074e-19 5.4348e-15 1.1362e-15 ] 1.0000e+00
 5.259e+01 5.8235e-15 5.8235e-15 [ 1.0160e-44 1.3737e-26 1.5762e-19 4.8157e-15 1.0077e-15 ] 1.0000e+00
 5.270e+01 5.1607e-15 5.1607e-15 [ 7.1014e-45 1.1398e-26 1.3744e-19 4.2669e-15 8.9359e-16 ] 1.0000e+00
 5.281e+01 4.5730e-15 4.5730e-15 [ 4.9682e-45 9.4542e-27 1.1982e-19 3.7805e-15 7.9240e-16 ] 1.0000e+00
 5.293e+01 4.0521e-15 4.0521e-15 [ 3.4784e-45 7.8389e-27 1.0444e-19 3.3493e-15 7.0264e-16 ] 1.0000e+00
 5.304e+01 3.5903e-15 3.5903e-15 [ 2.4369e-45 6.4973e-27 9.1022e-20 2.9672e-15 6.2302e-16 ] 1.0000e+00
 5.315e+01 3.1810e-15 3.1810e-15 [ 1.7081e-45 5.3833e-27 7.9313e-20 2.6285e-15 5.5240e-16 ] 1.0000e+00
 5.327e+01 2.8182e-15 2.8182e-15 [ 1.1977e-45 4.4588e-27 6.9098e-20 2.3284e-15 4.8977e-16 ] 1.0000e+00
 5.338e+01 2.4966e-15 2.4966e-15 [ 8.4015e-46 3.6917e-27 6.0188e-20 2.0624e-15 4.3421e-16 ] 1.0000e+00
 5.349e+01 2.2117e-15 2.2117e-15 [ 5.8945e-46 3.0555e-27 5.2418e-20 1.8267e-15 3.8494e-16 ] 1.0000e+00
 5.361e+01 1.9591e-15 1.9591e-15 [ 4.1361e-46 2.5280e-27 4.5644e-20 1.6178e-15 3.4125e-16 ] 1.0000e+00
 5.372e+01 1.7353e-15 1.7353e-15 [ 2.9025e-46 2.0909e-27 3.9738e-20 1.4328e-15 3.0250e-16 ] 1.0000e+00
 5.383e+01 1.5370e-15 1.5370e-15 [ 2.0368e-46 1.7287e-27 3.4590e-20 1.2688e-15 2.6814e-16 ] 1.0000e+00
 5.395e+01 1.3613e-15 1.3613e-15 [ 1.4292e-46 1.4288e-27 3.0104e-20 1.1236e-15 2.3767e-16 ] 1.0000e+00
 5.406e+01 1.2056e-15 1.2056e-15 [ 1.0028e-46 1.1804e-27 2.6195e-20 9.9488e-16 2.1065e-16 ] 1.0000e+00
 5.417e+01 1.0676e-15 1.0676e-15 [ 7.0345e-47 9.7493e-28 2.2790e-20 8.8089e-16 1.8670e-16 ] 1.0000e+00
 5.429e+01 9.4539e-16 9.4539e-16 [ 4.9337e-47 8.0491e-28 1.9824e-20 7.7991e-16 1.6546e-16 ] 1.0000e+00
 5.440e+01 8.3711e-16 8.3711e-16 [ 3.4594e-47 6.6431e-28 1.7241e-20 6.9047e-16 1.4663e-16 ] 1.0000e+00
 5.451e+01 7.4120e-16 7.4120e-16 [ 2.4250e-47 5.4807e-28 1.4991e-20 6.1124e-16 1.2994e-16 ] 1.0000e+00
 5.463e+01 6.5623e-16 6.5623e-16 [ 1.6993e-47 4.5202e-28 1.3033e-20 5.4108e-16 1.1514e-16 ] 1.0000e+00
 5.474e+01 5.8097e-16 5.8097e-16 [ 1.1904e-47 3.7266e-28 1.1329e-20 4.7894e-16 1.0202e-16 ] 1.0000e+00
 5.485e+01 5.1431e-16 5.1431e-16 [ 8.3357e-48 3.0713e-28 9.8461e-21 4.2391e-16 9.0391e-17 ] 1.0000e+00
 5.497e+01 4.5528e-16 4.5528e-16 [ 5.8348e-48 2.5304e-28 8.5556e-21 3.7518e-16 8.0084e-17 ] 1.0000e+00
 5.508e+01 4.0299e-16 4.0299e-16 [ 4.0826e-48 2.0839e-28 7.4330e-21 3.3204e-16 7.0949e-17 ] 1.0000e+00
 5.519e+01 3.5669e-16 3.5669e-16 [ 2.8553e-48 1.7157e-28 6.4565e-21 2.9383e-16 6.2852e-17 ] 1.0000e+00
 5.531e+01 3.1569e-16 3.1569e-16 [ 1.9961e-48 1.4120e-28 5.6073e-21 2.6001e-16 5.5677e-17 ] 1.0000e+00
 5.542e+01 2.7939e-16 2.7939e-16 [ 1.3948e-48 1.1617e-28 4.8689e-21 2.3006e-16 4.9318e-17 ] 1.0000e+00
 5.553e+01 2.4724e-16 2.4724e-16 [ 9.7415e-49 9.5537e-29 4.2271e-21 2.0355e-16 4.3682e-17 ] 1.0000e+00
 5.565e+01 2.1878e-16 2.1878e-16 [ 6.8004e-49 7.8544e-29 3.6691e-21 1.8009e-16 3.8689e-17 ] 1.0000e+00
 5.576e+01 1.9359e-16 1.9359e-16 [ 4.7450e-49 6.4551e-29 3.1843e-21 1.5932e-16 3.4265e-17 ] 1.0000e+00
 5.587e+01 1.7128e-16 1.7128e-16 [ 3.3092e-49 5.3032e-29 2.7630e-21 1.4093e-16 3.0344e-17 ] 1.0000e+00
 5.599e+01 1.5154e-16 1.5154e-16 [ 2.3066e-49 4.3553e-29 2.3970e-21 1.2466e-16 2.6871e-17 ] 1.0000e+00
 5.610e+01 1.3406e-16 1.3406e-16 [ 1.6070e-49 3.5756e-29 2.0792e-21 1.1026e-16 2.3794e-17 ] 1.0000e+00
 5.621e+01 1.1859e-16 1.1859e-16 [ 1.1190e-49 2.9345e-29 1.8031e-21 9.7518e-17 2.1068e-17 ] 1.0000e+00
 5.633e+01 1.0490e-16 1.0490e-16 [ 7.7881e-50 2.4075e-29 1.5634e-21 8.6242e-17 1.8654e-17 ] 1.0000e+00
 5.644e+01 9.2781e-17 9.2781e-17 [ 5.4175e-50 1.9744e-29 1.3554e-21 7.6265e-17 1.6515e-17 ] 1.0000e+00
 5.655e+01 8.2059e-17 8.2059e-17 [ 3.7664e-50 1.6187e-29 1.1748e-21 6.7437e-17 1.4620e-17 ] 1.0000e+00
 5.667e+01 7.2570e-17 7.2570e-17 [ 2.6172e-50 1.3266e-29 1.0181e-21 5.9627e-17 1.2942e-17 ] 1.0000e+00
 5.678e+01 6.4175e-17 6.4175e-17 [ 1.8176e-50 1.0868e-29 8.8211e-22 5.2718e-17 1.1456e-17 ] 1.0000e+00
 5.689e+01 5.6747e-17 5.6747e-17 [ 1.2617e-50 8.9006e-30 7.6416e-22 4.6606e-17 1.0140e-17 ] 1.0000e+00
 5.701e+01 5.0175e-17 5.0175e-17 [ 8.7531e-51 7.2868e-30 6.6186e-22 4.1200e-17 8.9749e-18 ] 1.0000e+00
 5.712e+01 4.4362e-17 4.4362e-17 [ 6.0693e-51 5.9635e-30 5.7315e-22 3.6418e-17 7.9429e-18 ] 1.0000e+00
 5.723e+01 3.9219e-17 3.9219e-17 [ 4.2061e-51 4.8788e-30 4.9624e-22 3.2189e-17 7.0292e-18 ] 1.0000e+00
 5.735e+01 3.4670e-17 3.4670e-17 [ 2.9133e-51 3.9900e-30 4.2958e-22 2.8449e-17 6.2201e-18 ] 1.0000e+00
 5.746e+01 3.0646e-17 3.0646e-17 [ 2.0168e-51 3.2620e-30 3.7180e-22 2.5142e-17 5.5039e-18 ] 1.0000e+00
 5.757e+01 2.7088e-17 2.7088e-17 [ 1.3954e-51 2.6659e-30 3.2173e-22 2.2218e-17 4.8698e-18 ] 1.0000e+00
 5.769e+01 2.3941e-17 2.3941e-17 [ 9.6497e-52 2.1780e-30 2.7835e-22 1.9632e-17 4.3085e-18 ] 1.0000e+00
 5.780e+01 2.1158e-17 2.1158e-17 [ 6.6694e-52 1.7787e-30 2.4078e-22 1.7346e-17 3.8116e-18 ] 1.0000e+00
 5.791e+01 1.8697e-17 1.8697e-17 [ 4.6071e-52 1.4522e-30 2.0824e-22 1.5325e-17 3.3718e-18 ] 1.0000e+00
 5.803e+01 1.6521e-17 1.6521e-17 [ 3.1808e-52 1.1851e-30 1.8006e-22 1.3538e-17 2.9826e-18 ] 1.0000e+00
 5.814e+01 1.4598e-17 1.4598e-17 [ 2.1949e-52 9.6687e-31 1.5567e-22 1.1959e-17 2.6381e-18 ] 1.0000e+00
 5.825e+01 1.2897e-17 1.2897e-17 [ 1.5138e-52 7.8853e-31 1.3456e-22 1.0564e-17 2.3333e-18 ] 1.0000e+00
 5.837e+01 1.1394e-17 1.1394e-17 [ 1.0434e-52 6.4286e-31 1.1628e-22 9.3299e-18 2.0635e-18 ] 1.0000e+00
 5.848e+01 1.0065e-17 1.0065e-17 [ 7.1886e-53 5.2392e-31 1.0047e-22 8.2398e-18 1.8248e-18 ] 1.0000e+00
 5.859e+01 8.8901e-18 8.8901e-18 [ 4.9498e-53 4.2683e-31 8.6798e-23 7.2764e-18 1.6136e-18 ] 1.0000e+00
 5.871e+01 7.8520e-18 7.8520e-18 [ 3.4065e-53 3.4762e-31 7.4970e-23 6.4252e-18 1.4268e-18 ] 1.0000e+00
 5.882e+01 6.9346e-18 6.9346e-18 [ 2.3431e-53 2.8301e-31 6.4741e-23 5.6731e-18 1.2615e-18 ] 1.0000e+00
 5.893e+01 6.1239e-18 6.1239e-18 [ 1.6108e-53 2.3032e-31 5.5897e-23 5.0087e-18 1.1152e-18 ] 1.0000e+00
 5.905e+01 5.4076e-18 5.4076e-18 [ 1.1068e-53 1.8738e-31 4.8252e-23 4.4217e-18 9.8588e-19 ] 1.0000e+00
 5.916e+01 4.7747e-18 4.7747e-18 [ 7.6007e-54 1.5239e-31 4.1645e-23 3.9032e-18 8.7147e-19 ] 1.0000e+00
 5.927e+01 4.2155e-18 4.2155e-18 [ 5.2170e-54 1.2389e-31 3.5935e-23 3.4452e-18 7.7028e-19 ] 1.0000e+00
 5.939e+01 3.7215e-18 3.7215e-18 [ 3.5790e-54 1.0069e-31 3.1003e-23 3.0407e-18 6.8079e-19 ] 1.0000e+00
 5.950e+01 3.2852e-18 3.2852e-18 [ 2.4539e-54 8.1804e-32 2.6742e-23 2.6835e-18 6.0166e-19 ] 1.0000e+00
 5.961e+01 2.8997e-18 2.8997e-18 [ 1.6817e-54 6.6437e-32 2.3063e-23 2.3680e-18 5.3168e-19 ] 1.0000e+00
 5.973e+01 2.5593e-18 2.5593e-18 [ 1.1519e-54 5.3937e-32 1.9886e-23 2.0895e-18 4.6981e-19 ] 1.0000e+00
 5.984e+01 2.2587e-18 2.2587e-18 [ 7.8854e-55 4.3774e-32 1.7143e-23 1.8436e-18 4.1511e-19 ] 1.0000e+00
 5.995e+01 1.9932e-18 1.9932e-18 [ 5.3954e-55 3.5514e-32 1.4776e-23 1.6264e-18 3.6674e-19 ] 1.0000e+00
 6.007e+01 1.7588e-18 1.7588e-18 [ 3.6898e-55 2.8802e-32 1.2733e-23 1.4348e-18 3.2399e-19 ] 1.0000e+00
 6.018e+01 1.5518e-18 1.5518e-18 [ 2.5220e-55 2.3351e-32 1.0970e-23 1.2656e-18 2.8620e-19 ] 1.0000e+00
 6.029e+01 1.3691e-18 1.3691e-18 [ 1.7230e-55 1.8925e-32 9.4501e-24 1.1162e-18 2.5280e-19 ] 1.0000e+00
 6.041e+01 1.2077e-18 1.2077e-18 [ 1.1765e-55 1.5332e-32 8.1389e-24 9.8445e-19 2.2328e-19 ] 1.0000e+00
 6.052e+01 1.0653e-18 1.0653e-18 [ 8.0288e-56 1.2417e-32 7.0082e-24 8.6813e-19 1.9719e-19 ] 1.0000e+00
 6.063e+01 9.3964e-19 9.3964e-19 [ 5.4765e-56 1.0053e-32 6.0335e-24 7.6550e-19 1.7414e-19 ] 1.0000e+00
 6.075e+01 8.2871e-19 8.2871e-19 [ 3.7337e-56 8.1361e-33 5.1933e-24 6.7494e-19 1.5377e-19 ] 1.0000e+00
 6.086e+01 7.3081e-19 7.3081e-19 [ 2.5442e-56 6.5824e-33 4.4692e-24 5.9504e-19 1.3577e-19 ] 1.0000e+00
 6.097e+01 6.4442e-19 6.4442e-19 [ 1.7328e-56 5.3235e-33 3.8454e-24 5.2455e-19 1.1987e-19 ] 1.0000e+00
 6.109e+01 5.6819e-19 5.6819e-19 [ 1.1795e-56 4.3039e-33 3.3079e-24 4.6237e-19 1.0582e-19 ] 1.0000e+00
 6.120e+01 5.0094e-19 5.0094e-19 [ 8.0252e-57 3.4784e-33 2.8451e-24 4.0753e-19 9.3409e-20 ] 1.0000e+00
 6.131e+01 4.4161e-19 4.4161e-19 [ 5.4574e-57 2.8102e-33 2.4465e-24 3.5916e-19 8.2449e-20 ] 1.0000e+00
 6.143e+01 3.8927e-19 3.8927e-19 [ 3.7093e-57 2.2696e-33 2.1033e-24 3.1650e-19 7.2768e-20 ] 1.0000e+00
 6.154e+01 3.4310e-19 3.4310e-19 [ 2.5199e-57 1.8324e-33 1.8079e-24 2.7888e-19 6.4219e-20 ] 1.0000e+00
 6.165e+01 3.0238e-19 3.0238e-19 [ 1.7110e-57 1.4788e-33 1.5537e-24 2.4571e-19 5.6670e-20 ] 1.0000e+00
 6.177e+01 2.6647e-19 2.6647e-19 [ 1.1612e-57 1.1931e-33 1.3350e-24 2.1647e-19 5.0003e-20 ] 1.0000e+00
 6.188e+01 2.3481e-19 2.3481e-19 [ 7.8768e-58 9.6224e-34 1.1468e-24 1.9069e-19 4.4118e-20 ] 1.0000e+00
 6.199e+01 2.0688e-19 2.0688e-19 [ 5.3404e-58 7.7578e-34 9.8499e-25 1.6796e-19 3.8921e-20 ] 1.0000e+00
 6.211e+01 1.8226e-19 1.8226e-19 [ 3.6189e-58 6.2523e-34 8.4582e-25 1.4793e-19 3.4334e-20 ] 1.0000e+00
 6.222e+01 1.6056e-19 1.6056e-19 [ 2.4511e-58 5.0372e-34 7.2618e-25 1.3028e-19 3.0285e-20 ] 1.0000e+00
 6.233e+01 1.4143e-19 1.4143e-19 [ 1.6594e-58 4.0568e-34 6.2333e-25 1.1472e-19 2.6711e-20 ] 1.0000e+00
 6.245e+01 1.2456e-19 1.2456e-19 [ 1.1228e-58 3.2661e-34 5.3494e-25 1.0101e-19 2.3557e-20 ] 1.0000e+00
 6.256e+01 1.0970e-19 1.0970e-19 [ 7.5936e-59 2.6286e-34 4.5899e-25 8.8927e-20 2.0773e-20 ] 1.0000e+00
 6.267e+01 9.6601e-20 9.6601e-20 [ 5.1331e-59 2.1148e-34 3.9375e-25 7.8284e-20 1.8317e-20 ] 1.0000e+00
 6.279e+01 8.5058e-20 8.5058e-20 [ 3.4682e-59 1.7009e-34 3.3771e-25 6.8908e-20 1.6150e-20 ] 1.0000e+00
 6.290e+01 7.4888e-20 7.4888e-20 [ 2.3421e-59 1.3674e-34 2.8959e-25 6.0650e-20 1.4238e-20 ] 1.0000e+00
 6.301e+01 6.5927e-20 6.5927e-20 [ 1.5809e-59 1.0990e-34 2.4828e-25 5.3375e-20 1.2551e-20 ] 1.0000e+00
 6.313e+01 5.8032e-20 5.8032e-20 [ 1.0666e-59 8.8295e-35 2.1281e-25 4.6969e-20 1.1063e-20 ] 1.0000e+00
 6.324e+01 5.1078e-20 5.1078e-20 [ 7.1922e-60 7.0912e-35 1.8238e-25 4.1328e-20 9.7504e-21 ] 1.0000e+00
 6.335e+01 4.4953e-20 4.4953e-20 [ 4.8476e-60 5.6932e-35 1.5627e-25 3.6360e-20 8.5929e-21 ] 1.0000e+00
 6.347e+01 3.9559e-20 3.9559e-20 [ 3.2657e-60 4.5692e-35 1.3386e-25 3.1987e-20 7.5721e-21 ] 1.0000e+00
 6.358e+01 3.4809e-20 3.4809e-20 [ 2.1990e-60 3.6658e-35 1.1465e-25 2.8137e-20 6.6719e-21 ] 1.0000e+00
 6.369e+01 3.0626e-20 3.0626e-20 [ 1.4800e-60 2.9400e-35 9.8175e-26 2.4747e-20 5.8782e-21 ] 1.0000e+00
 6.381e+01 2.6943e-20 2.6943e-20 [ 9.9560e-61 2.3571e-35 8.4050e-26 2.1764e-20 5.1784e-21 ] 1.0000e+00
 6.392e+01 2.3700e-20 2.3700e-20 [ 6.6943e-61 1.8891e-35 7.1942e-26 1.9139e-20 4.5616e-21 ] 1.0000e+00
 6.403e+01 2.0846e-20 2.0846e-20 [ 4.4990e-61 1.5135e-35 6.1566e-26 1.6828e-20 4.0178e-21 ] 1.0000e+00
 6.415e+01 1.8333e-20 1.8333e-20 [ 3.0222e-61 1.2121e-35 5.2676e-26 1.4795e-20 3.5385e-21 ] 1.0000e+00
 6.426e+01 1.6122e-20 1.6122e-20 [ 2.0292e-61 9.7045e-36 4.5060e-26 1.3006e-20 3.1161e-21 ] 1.0000e+00
 6.437e+01 1.4176e-20 1.4176e-20 [ 1.3618e-61 7.7668e-36 3.8538e-26 1.1432e-20 2.7438e-21 ] 1.0000e+00
 6.449e+01 1.2464e-20 1.2464e-20 [ 9.1348e-62 6.2138e-36 3.2952e-26 1.0048e-20 2.4158e-21 ] 1.0000e+00
 6.460e+01 1.0957e-20 1.0957e-20 [ 6.1246e-62 4.9696e-36 2.8171e-26 8.8305e-21 2.1268e-21 ] 1.0000e+00
 6.471e+01 9.6318e-21 9.6318e-21 [ 4.1045e-62 3.9732e-36 2.4078e-26 7.7596e-21 1.8722e-21 ] 1.0000e+00
 6.483e+01 8.4658e-21 8.4658e-21 [ 2.7494e-62 3.1754e-36 2.0576e-26 6.8179e-21 1.6479e-21 ] 1.0000e+00
 6.494e+01 7.4402e-21 7.4402e-21 [ 1.8408e-62 2.5369e-36 1.7579e-26 5.9898e-21 1.4503e-21 ] 1.0000e+00
 6.505e+01 6.5381e-21 6.5381e-21 [ 1.2319e-62 2.0261e-36 1.5016e-26 5.2618e-21 1.2763e-21 ] 1.0000e+00
 6.517e+01 5.7448e-21 5.7448e-21 [ 8.2402e-63 1.6176e-36 1.2824e-26 4.6217e-21 1.1231e-21 ] 1.0000e+00
 6.528e+01 5.0472e-21 5.0472e-21 [ 5.5093e-63 1.2910e-36 1.0950e-26 4.0591e-21 9.8814e-22 ] 1.0000e+00
 6.539e+01 4.4339e-21 4.4339e-21 [ 3.6818e-63 1.0300e-36 9.3472e-27 3.5646e-21 8.6932e-22 ] 1.0000e+00
 6.551e+01 3.8947e-21 3.8947e-21 [ 2.4594e-63 8.2146e-37 7.9777e-27 3.1300e-21 7.6472e-22 ] 1.0000e+00
 6.562e+01 3.4207e-21 3.4207e-21 [ 1.6420e-63 6.5491e-37 6.8074e-27 2.7481e-21 6.7263e-22 ] 1.0000e+00
 6.573e+01 3.0041e-21 3.0041e-21 [ 1.0958e-63 5.2195e-37 5.8076e-27 2.4125e-21 5.9157e-22 ] 1.0000e+00
 6.585e+01 2.6379e-21 2.6379e-21 [ 7.3098e-64 4.1584e-37 4.9536e-27 2.1176e-21 5.2023e-22 ] 1.0000e+00
 6.596e+01 2.3161e-21 2.3161e-21 [ 4.8738e-64 3.3119e-37 4.2243e-27 1.8586e-21 4.5745e-22 ] 1.0000e+00
 6.607e+01 2.0333e-21 2.0333e-21 [ 3.2481e-64 2.6367e-37 3.6016e-27 1.6311e-21 4.0220e-22 ] 1.0000e+00
 6.619e+01 1.7849e-21 1.7849e-21 [ 2.1637e-64 2.0985e-37 3.0700e-27 1.4313e-21 3.5358e-22 ] 1.0000e+00
 6.630e+01 1.5667e-21 1.5667e-21 [ 1.4407e-64 1.6695e-37 2.6164e-27 1.2559e-21 3.1081e-22 ] 1.0000e+00
 6.641e+01 1.3750e-21 1.3750e-21 [ 9.5882e-65 1.3278e-37 2.2293e-27 1.1018e-21 2.7319e-22 ] 1.0000e+00
 6.653e+01 1.2066e-21 1.2066e-21 [ 6.3784e-65 1.0556e-37 1.8991e-27 9.6648e-22 2.4009e-22 ] 1.0000e+00
 6.664e+01 1.0587e-21 1.0587e-21 [ 4.2412e-65 8.3897e-38 1.6175e-27 8.4771e-22 2.1098e-22 ] 1.0000e+00
 6.675e+01 9.2884e-22 9.2884e-22 [ 2.8188e-65 6.6655e-38 1.3773e-27 7.4345e-22 1.8538e-22 ] 1.0000e+00
 6.687e+01 8.1482e-22 8.1482e-22 [ 1.8727e-65 5.2937e-38 1.1725e-27 6.5194e-22 1.6287e-22 ] 1.0000e+00
 6.698e+01 7.1471e-22 7.1471e-22 [ 1.2435e-65 4.2028e-38 9.9802e-28 5.7163e-22 1.4308e-22 ] 1.0000e+00
 6.709e+01 6.2684e-22 6.2684e-22 [ 8.2537e-66 3.3355e-38 8.4930e-28 5.0116e-22 1.2568e-22 ] 1.0000e+00
 6.721e+01 5.4970e-22 5.4970e-22 [ 5.4758e-66 2.6463e-38 7.2258e-28 4.3932e-22 1.1038e-22 ] 1.0000e+00
 6.732e+01 4.8201e-22 4.8201e-22 [ 3.6313e-66 2.0987e-38 6.1464e-28 3.8507e-22 9.6937e-23 ] 1.0000e+00
 6.743e+01 4.2260e-22 4.2260e-22 [ 2.4070e-66 1.6639e-38 5.2272e-28 3.3748e-22 8.5121e-23 ] 1.0000e+00
 6.755e+01 3.7047e-22 3.7047e-22 [ 1.5948e-66 1.3187e-38 4.4444e-28 2.9574e-22 7.4736e-23 ] 1.0000e+00
 6.766e+01 3.2474e-22 3.2474e-22 [ 1.0562e-66 1.0448e-38 3.7781e-28 2.5913e-22 6.5611e-23 ] 1.0000e+00
 6.777e+01 2.8462e-22 2.8462e-22 [ 6.9916e-67 8.2743e-39 3.2110e-28 2.2702e-22 5.7594e-23 ] 1.0000e+00
 6.789e+01 2.4943e-22 2.4943e-22 [ 4.6263e-67 6.5508e-39 2.7284e-28 1.9887e-22 5.0551e-23 ] 1.0000e+00
 6.800e+01 2.1856e-22 2.1856e-22 [ 3.0598e-67 5.1845e-39 2.3179e-28 1.7419e-22 4.4364e-23 ] 1.0000e+00
 6.811e+01 1.9149e-22 1.9149e-22 [ 2.0228e-67 4.1017e-39 1.9687e-28 1.5256e-22 3.8930e-23 ] 1.0000e+00
 6.823e+01 1.6775e-22 1.6775e-22 [ 1.3367e-67 3.2439e-39 1.6718e-28 1.3360e-22 3.4158e-23 ] 1.0000e+00
 6.834e+01 1.4694e-22 1.4694e-22 [ 8.8294e-68 2.5646e-39 1.4193e-28 1.1698e-22 2.9968e-23 ] 1.0000e+00
 6.845e+01 1.2870e-22 1.2870e-22 [ 5.8295e-68 2.0269e-39 1.2047e-28 1.0241e-22 2.6288e-23 ] 1.0000e+00
 6.857e+01 1.1271e-22 1.1271e-22 [ 3.8472e-68 1.6013e-39 1.0224e-28 8.9649e-23 2.3058e-23 ] 1.0000e+00
 6.868e+01 9.8690e-23 9.8690e-23 [ 2.5379e-68 1.2647e-39 8.6741e-29 7.8468e-23 2.0222e-23 ] 1.0000e+00
 6.879e+01 8.6407e-23 8.6407e-23 [ 1.6734e-68 9.9847e-40 7.3579e-29 6.8673e-23 1.7733e-23 ] 1.0000e+00
 6.891e+01 7.5643e-23 7.5643e-23 [ 1.1030e-68 7.8801e-40 6.2401e-29 6.0094e-23 1.5549e-23 ] 1.0000e+00
 6.902e+01 6.6212e-23 6.6212e-23 [ 7.2665e-69 6.2169e-40 5.2909e-29 5.2580e-23 1.3632e-23 ] 1.0000e+00
 6.913e+01 5.7950e-23 5.7950e-23 [ 4.7853e-69 4.9031e-40 4.4852e-29 4.6000e-23 1.1950e-23 ] 1.0000e+00
 6.925e+01 5.0713e-23 5.0713e-23 [ 3.1499e-69 3.8656e-40 3.8013e-29 4.0239e-23 1.0474e-23 ] 1.0000e+00
 6.936e+01 4.4375e-23 4.4375e-23 [ 2.0726e-69 3.0465e-40 3.2210e-29 3.5195e-23 9.1799e-24 ] 1.0000e+00
 6.947e+01 3.8824e-23 3.8824e-23 [ 1.3631e-69 2.4002e-40 2.7288e-29 3.0779e-23 8.0444e-24 ] 1.0000e+00
 6.959e+01 3.3963e-23 3.3963e-23 [ 8.9612e-70 1.8903e-40 2.3112e-29 2.6914e-23 7.0486e-24 ] 1.0000e+00
 6.970e+01 2.9707e-23 2.9707e-23 [ 5.8887e-70 1.4882e-40 1.9571e-29 2.3532e-23 6.1753e-24 ] 1.0000e+00
 6.981e+01 2.5981e-23 2.5981e-23 [ 3.8681e-70 1.1712e-40 1.6569e-29 2.0572e-23 5.4096e-24 ] 1.0000e+00
 6.993e+01 2.2720e-23 2.2720e-23 [ 2.5397e-70 9.2146e-41 1.4025e-29 1.7982e-23 4.7382e-24 ] 1.0000e+00
 7.004e+01 1.9866e-23 1.9866e-23 [ 1.6668e-70 7.2470e-41 1.1868e-29 1.5716e-23 4.1497e-24 ] 1.0000e+00
 7.015e+01 1.7368e-23 1.7368e-23 [ 1.0935e-70 5.6975e-41 1.0041e-29 1.3734e-23 3.6338e-24 ] 1.0000e+00
 7.027e+01 1.5183e-23 1.5183e-23 [ 7.1706e-71 4.4778e-41 8.4937e-30 1.2001e-23 3.1817e-24 ] 1.0000e+00
 7.038e+01 1.3270e-23 1.3270e-23 [ 4.7002e-71 3.5180e-41 7.1831e-30 1.0485e-23 2.7855e-24 ] 1.0000e+00
 7.049e+01 1.1598e-23 1.1598e-23 [ 3.0796e-71 2.7629e-41 6.0733e-30 9.1592e-24 2.4384e-24 ] 1.0000e+00
 7.061e+01 1.0134e-23 1.0134e-23 [ 2.0169e-71 2.1691e-41 5.1339e-30 8.0001e-24 2.1342e-24 ] 1.0000e+00
 7.072e+01 8.8546e-24 8.8546e-24 [ 1.3204e-71 1.7024e-41 4.3389e-30 6.9868e-24 1.8678e-24 ] 1.0000e+00
 7.083e+01 7.7355e-24 7.7355e-24 [ 8.6408e-72 1.3356e-41 3.6662e-30 6.1011e-24 1.6344e-24 ] 1.0000e+00
 7.095e+01 6.7570e-24 6.7570e-24 [ 5.6521e-72 1.0475e-41 3.0971e-30 5.3270e-24 1.4300e-24 ] 1.0000e+00
 7.106e+01 5.9016e-24 5.9016e-24 [ 3.6957e-72 8.2123e-42 2.6157e-30 4.6505e-24 1.2510e-24 ] 1.0000e+00
 7.117e+01 5.1538e-24 5.1538e-24 [ 2.4155e-72 6.4362e-42 2.2087e-30 4.0595e-24 1.0943e-24 ] 1.0000e+00
 7.129e+01 4.5002e-24 4.5002e-24 [ 1.5781e-72 5.0424e-42 1.8646e-30 3.5430e-24 9.5712e-25 ] 1.0000e+00
 7.140e+01 3.9289e-24 3.9289e-24 [ 1.0306e-72 3.9491e-42 1.5738e-30 3.0919e-24 8.3701e-25 ] 1.0000e+00
 7.151e+01 3.4298e-24 3.4298e-24 [ 6.7274e-73 3.0918e-42 1.3280e-30 2.6979e-24 7.3189e-25 ] 1.0000e+00
 7.163e+01 2.9937e-24 2.9937e-24 [ 4.3898e-73 2.4198e-42 1.1204e-30 2.3538e-24 6.3989e-25 ] 1.0000e+00
 7.174e+01 2.6127e-24 2.6127e-24 [ 2.8632e-73 1.8931e-42 9.4503e-31 2.0533e-24 5.5938e-25 ] 1.0000e+00
 7.185e+01 2.2799e-24 2.2799e-24 [ 1.8668e-73 1.4806e-42 7.9693e-31 1.7909e-24 4.8894e-25 ] 1.0000e+00
 7.197e+01 1.9892e-24 1.9892e-24 [ 1.2167e-73 1.1576e-42 6.7190e-31 1.5619e-24 4.2732e-25 ] 1.0000e+00
 7.208e+01 1.7354e-24 1.7354e-24 [ 7.9262e-74 9.0469e-43 5.6635e-31 1.3620e-24 3.7342e-25 ] 1.0000e+00
 7.219e+01 1.5137e-24 1.5137e-24 [ 5.1616e-74 7.0681e-43 4.7728e-31 1.1875e-24 3.2627e-25 ] 1.0000e+00
 7.231e+01 1.3202e-24 1.3202e-24 [ 3.3599e-74 5.5202e-43 4.0213e-31 1.0352e-24 2.8504e-25 ] 1.0000e+00
 7.242e+01 1.1513e-24 1.1513e-24 [ 2.1862e-74 4.3098e-43 3.3873e-31 9.0233e-25 2.4899e-25 ] 1.0000e+00
 7.253e+01 1.0039e-24 1.0039e-24 [ 1.4220e-74 3.3636e-43 2.8527e-31 7.8642e-25 2.1747e-25 ] 1.0000e+00
 7.265e+01 8.7522e-25 8.7522e-25 [ 9.2452e-75 2.6242e-43 2.4019e-31 6.8530e-25 1.8992e-25 ] 1.0000e+00
 7.276e+01 7.6294e-25 7.6294e-25 [ 6.0086e-75 2.0467e-43 2.0219e-31 5.9711e-25 1.6583e-25 ] 1.0000e+00
 7.287e+01 6.6498e-25 6.6498e-25 [ 3.9035e-75 1.5957e-43 1.7017e-31 5.2020e-25 1.4479e-25 ] 1.0000e+00
 7.299e+01 5.7952e-25 5.7952e-25 [ 2.5349e-75 1.2436e-43 1.4318e-31 4.5313e-25 1.2639e-25 ] 1.0000e+00
 7.310e+01 5.0498e-25 5.0498e-25 [ 1.6455e-75 9.6891e-44 1.2045e-31 3.9466e-25 1.1032e-25 ] 1.0000e+00
 7.321e+01 4.3997e-25 4.3997e-25 [ 1.0677e-75 7.5462e-44 1.0130e-31 3.4369e-25 9.6282e-26 ] 1.0000e+00
 7.333e+01 3.8327e-25 3.8327e-25 [ 6.9256e-76 5.8751e-44 8.5183e-32 2.9926e-25 8.4018e-26 ] 1.0000e+00
 7.344e+01 3.3384e-25 3.3384e-25 [ 4.4904e-76 4.5726e-44 7.1611e-32 2.6053e-25 7.3306e-26 ] 1.0000e+00
 7.355e+01 2.9075e-25 2.9075e-25 [ 2.9103e-76 3.5575e-44 6.0188e-32 2.2679e-25 6.3952e-26 ] 1.0000e+00
 7.367e+01 2.5318e-25 2.5318e-25 [ 1.8855e-76 2.7669e-44 5.0576e-32 1.9740e-25 5.5784e-26 ] 1.0000e+00
 7.378e+01 2.2044e-25 2.2044e-25 [ 1.2211e-76 2.1512e-44 4.2489e-32 1.7178e-25 4.8653e-26 ] 1.0000e+00
 7.389e+01 1.9190e-25 1.9190e-25 [ 7.9049e-77 1.6719e-44 3.5688e-32 1.4948e-25 4.2428e-26 ] 1.0000e+00
 7.401e+01 1.6704e-25 1.6704e-25 [ 5.1154e-77 1.2990e-44 2.9968e-32 1.3005e-25 3.6994e-26 ] 1.0000e+00
 7.412e+01 1.4538e-25 1.4538e-25 [ 3.3090e-77 1.0089e-44 2.5160e-32 1.1313e-25 3.2252e-26 ] 1.0000e+00
 7.423e+01 1.2651e-25 1.2651e-25 [ 2.1396e-77 7.8329e-45 2.1118e-32 9.8397e-26 2.8114e-26 ] 1.0000e+00
 7.435e+01 1.1008e-25 1.1008e-25 [ 1.3830e-77 6.0793e-45 1.7722e-32 8.5573e-26 2.4504e-26 ] 1.0000e+00
 7.446e+01 9.5764e-26 9.5764e-26 [ 8.9357e-78 4.7167e-45 1.4868e-32 7.4409e-26 2.1355e-26 ] 1.0000e+00
 7.457e+01 8.3300e-26 8.3300e-26 [ 5.7713e-78 3.6582e-45 1.2471e-32 6.4693e-26 1.8607e-26 ] 1.0000e+00
 7.469e+01 7.2449e-26 7.2449e-26 [ 3.7261e-78 2.8363e-45 1.0459e-32 5.6238e-26 1.6211e-26 ] 1.0000e+00
 7.480e+01 6.3003e-26 6.3003e-26 [ 2.4048e-78 2.1983e-45 8.7686e-33 4.8881e-26 1.4122e-26 ] 1.0000e+00
 7.491e+01 5.4781e-26 5.4781e-26 [ 1.5514e-78 1.7032e-45 7.3501e-33 4.2481e-26 1.2300e-26 ] 1.0000e+00
 7.503e+01 4.7626e-26 4.7626e-26 [ 1.0005e-78 1.3192e-45 6.1597e-33 3.6914e-26 1.0712e-26 ] 1.0000e+00
 7.514e+01 4.1399e-26 4.1399e-26 [ 6.4496e-79 1.0214e-45 5.1610e-33 3.2071e-26 9.3277e-27 ] 1.0000e+00
 7.525e+01 3.5982e-26 3.5982e-26 [ 4.1561e-79 7.9051e-46 4.3231e-33 2.7860e-26 8.1211e-27 ] 1.0000e+00
 7.537e+01 3.1269e-26 3.1269e-26 [ 2.6772e-79 6.1162e-46 3.6205e-33 2.4199e-26 7.0697e-27 ] 1.0000e+00
 7.548e+01 2.7169e-26 2.7169e-26 [ 1.7239e-79 4.7306e-46 3.0314e-33 2.1016e-26 6.1535e-27 ] 1.0000e+00
 7.559e+01 2.3604e-26 2.3604e-26 [ 1.1096e-79 3.6576e-46 2.5376e-33 1.8249e-26 5.3553e-27 ] 1.0000e+00
 7.571e+01 2.0504e-26 2.0504e-26 [ 7.1398e-80 2.8270e-46 2.1237e-33 1.5844e-26 4.6600e-27 ] 1.0000e+00
 7.582e+01 1.7809e-26 1.7809e-26 [ 4.5923e-80 2.1842e-46 1.7770e-33 1.3754e-26 4.0544e-27 ] 1.0000e+00
 7.593e+01 1.5465e-26 1.5465e-26 [ 2.9526e-80 1.6870e-46 1.4865e-33 1.1938e-26 3.5271e-27 ] 1.0000e+00
 7.605e+01 1.3428e-26 1.3428e-26 [ 1.8977e-80 1.3026e-46 1.2432e-33 1.0361e-26 3.0679e-27 ] 1.0000e+00
 7.616e+01 1.1658e-26 1.1658e-26 [ 1.2192e-80 1.0054e-46 1.0395e-33 8.9901e-27 2.6681e-27 ] 1.0000e+00
 7.627e+01 1.0120e-26 1.0120e-26 [ 7.8304e-81 7.7572e-47 8.6900e-34 7.7998e-27 2.3201e-27 ] 1.0000e+00
 7.639e+01 8.7834e-27 8.7834e-27 [ 5.0271e-81 5.9832e-47 7.2629e-34 6.7662e-27 2.0172e-27 ] 1.0000e+00
 7.650e+01 7.6223e-27 7.6223e-27 [ 3.2262e-81 4.6133e-47 6.0688e-34 5.8687e-27 1.7536e-27 ] 1.0000e+00
 7.661e+01 6.6138e-27 6.6138e-27 [ 2.0697e-81 3.5558e-47 5.0698e-34 5.0895e-27 1.5242e-27 ] 1.0000e+00
 7.673e+01 5.7379e-27 5.7379e-27 [ 1.3273e-81 2.7397e-47 4.2344e-34 4.4132e-27 1.3247e-27 ] 1.0000e+00
 7.684e+01 4.9772e-27 4.9772e-27 [ 8.5088e-82 2.1103e-47 3.5358e-34 3.8261e-27 1.1511e-27 ] 1.0000e+00
 7.695e+01 4.3168e-27 4.3168e-27 [ 5.4527e-82 1.6248e-47 2.9517e-34 3.3167e-27 1.0001e-27 ] 1.0000e+00
 7.707e+01 3.7435e-27 3.7435e-27 [ 3.4929e-82 1.2507e-47 2.4636e-34 2.8747e-27 8.6882e-28 ] 1.0000e+00
 7.718e+01 3.2459e-27 3.2459e-27 [ 2.2367e-82 9.6231e-48 2.0558e-34 2.4913e-27 7.5465e-28 ] 1.0000e+00
 7.729e+01 2.8140e-27 2.8140e-27 [ 1.4318e-82 7.4019e-48 1.7150e-34 2.1586e-27 6.5539e-28 ] 1.0000e+00
 7.741e+01 2.4393e-27 2.4393e-27 [ 9.1618e-83 5.6914e-48 1.4305e-34 1.8702e-27 5.6910e-28 ] 1.0000e+00
 7.752e+01 2.1141e-27 2.1141e-27 [ 5.8605e-83 4.3747e-48 1.1928e-34 1.6200e-27 4.9411e-28 ] 1.0000e+00
 7.763e+01 1.8320e-27 1.8320e-27 [ 3.7473e-83 3.3614e-48 9.9445e-35 1.4031e-27 4.2893e-28 ] 1.0000e+00
 7.775e+01 1.5874e-27 1.5874e-27 [ 2.3953e-83 2.5820e-48 8.2887e-35 1.2151e-27 3.7230e-28 ] 1.0000e+00
 7.786e+01 1.3752e-27 1.3752e-27 [ 1.5305e-83 1.9826e-48 6.9070e-35 1.0521e-27 3.2310e-28 ] 1.0000e+00
 7.797e+01 1.1912e-27 1.1912e-27 [ 9.7760e-84 1.5218e-48 5.7544e-35 9.1081e-28 2.8036e-28 ] 1.0000e+00
 7.809e+01 1.0316e-27 1.0316e-27 [ 6.2420e-84 1.1677e-48 4.7930e-35 7.8840e-28 2.4324e-28 ] 1.0000e+00
 7.820e+01 8.9335e-28 8.9335e-28 [ 3.9842e-84 8.9569e-49 3.9913e-35 6.8234e-28 2.1101e-28 ] 1.0000e+00
 7.831e+01 7.7349e-28 7.7349e-28 [ 2.5421e-84 6.8681e-49 3.3229e-35 5.9047e-28 1.8302e-28 ] 1.0000e+00
 7.843e+01 6.6961e-28 6.6961e-28 [ 1.6214e-84 5.2646e-49 2.7659e-35 5.1089e-28 1.5872e-28 ] 1.0000e+00
 7.854e+01 5.7959e-28 5.7959e-28 [ 1.0338e-84 4.0341e-49 2.3017e-35 4.4197e-28 1.3762e-28 ] 1.0000e+00
 7.865e+01 5.0161e-28 5.0161e-28 [ 6.5891e-85 3.0901e-49 1.9149e-35 3.8229e-28 1.1932e-28 ] 1.0000e+00
 7.877e+01 4.3405e-28 4.3405e-28 [ 4.1982e-85 2.3662e-49 1.5928e-35 3.3062e-28 1.0343e-28 ] 1.0000e+00
 7.888e+01 3.7554e-28 3.7554e-28 [ 2.6739e-85 1.8113e-49 1.3246e-35 2.8589e-28 8.9645e-29 ] 1.0000e+00
 7.899e+01 3.2486e-28 3.2486e-28 [ 1.7024e-85 1.3860e-49 1.1012e-35 2.4718e-28 7.7686e-29 ] 1.0000e+00
 7.911e+01 2.8099e-28 2.8099e-28 [ 1.0835e-85 1.0602e-49 9.1537e-36 2.1367e-28 6.7313e-29 ] 1.0000e+00
 7.922e+01 2.4300e-28 2.4300e-28 [ 6.8939e-86 8.1073e-50 7.6069e-36 1.8469e-28 5.8316e-29 ] 1.0000e+00
 7.933e+01 2.1012e-28 2.1012e-28 [ 4.3846e-86 6.1973e-50 6.3201e-36 1.5961e-28 5.0514e-29 ] 1.0000e+00
 7.945e+01 1.8166e-28 1.8166e-28 [ 2.7877e-86 4.7357e-50 5.2497e-36 1.3791e-28 4.3750e-29 ] 1.0000e+00
 7.956e+01 1.5703e-28 1.5703e-28 [ 1.7718e-86 3.6176e-50 4.3596e-36 1.1915e-28 3.7885e-29 ] 1.0000e+00
 7.967e+01 1.3572e-28 1.3572e-28 [ 1.1257e-86 2.7625e-50 3.6196e-36 1.0292e-28 3.2802e-29 ] 1.0000e+00
 7.979e+01 1.1729e-28 1.1729e-28 [ 7.1494e-87 2.1088e-50 3.0045e-36 8.8892e-29 2.8397e-29 ] 1.0000e+00
 7.990e+01 1.0134e-28 1.0134e-28 [ 4.5391e-87 1.6092e-50 2.4934e-36 7.6763e-29 2.4580e-29 ] 1.0000e+00
 8.001e+01 8.7552e-29 8.7552e-29 [ 2.8809e-87 1.2276e-50 2.0687e-36 6.6279e-29 2.1273e-29 ] 1.0000e+00
 8.013e+01 7.5626e-29 7.5626e-29 [ 1.8278e-87 9.3613e-51 1.7160e-36 5.7219e-29 1.8408e-29 ] 1.0000e+00
 8.024e+01 6.5316e-29 6.5316e-29 [ 1.1592e-87 7.1362e-51 1.4231e-36 4.9389e-29 1.5926e-29 ] 1.0000e+00
 8.035e+01 5.6402e-29 5.6402e-29 [ 7.3495e-88 5.4382e-51 1.1799e-36 4.2625e-29 1.3777e-29 ] 1.0000e+00
 8.047e+01 4.8698e-29 4.8698e-29 [ 4.6580e-88 4.1427e-51 9.7804e-37 3.6781e-29 1.1916e-29 ] 1.0000e+00
 8.058e+01 4.2039e-29 4.2039e-29 [ 2.9512e-88 3.1548e-51 8.1053e-37 3.1734e-29 1.0305e-29 ] 1.0000e+00
 8.069e+01 3.6286e-29 3.6286e-29 [ 1.8691e-88 2.4016e-51 6.7156e-37 2.7375e-29 8.9108e-30 ] 1.0000e+00
 8.081e+01 3.1315e-29 3.1315e-29 [ 1.1834e-88 1.8276e-51 5.5629e-37 2.3612e-29 7.7038e-30 ] 1.0000e+00
 8.092e+01 2.7021e-29 2.7021e-29 [ 7.4896e-89 1.3904e-51 4.6069e-37 2.0362e-29 6.6593e-30 ] 1.0000e+00
 8.103e+01 2.3313e-29 2.3313e-29 [ 4.7386e-89 1.0573e-51 3.8144e-37 1.7557e-29 5.7555e-30 ] 1.0000e+00
 8.115e+01 2.0110e-29 2.0110e-29 [ 2.9970e-89 8.0379e-52 3.1574e-37 1.5137e-29 4.9737e-30 ] 1.0000e+00
 8.126e+01 1.7345e-29 1.7345e-29 [ 1.8948e-89 6.1084e-52 2.6130e-37 1.3048e-29 4.2974e-30 ] 1.0000e+00
 8.137e+01 1.4958e-29 1.4958e-29 [ 1.1976e-89 4.6405e-52 2.1620e-37 1.1245e-29 3.7125e-30 ] 1.0000e+00
 8.149e+01 1.2897e-29 1.2897e-29 [ 7.5663e-90 3.5241e-52 1.7884e-37 9.6903e-30 3.2067e-30 ] 1.0000e+00
 8.160e+01 1.1119e-29 1.1119e-29 [ 4.7788e-90 2.6753e-52 1.4790e-37 8.3491e-30 2.7694e-30 ] 1.0000e+00
 8.171e+01 9.5839e-30 9.5839e-30 [ 3.0172e-90 2.0303e-52 1.2229e-37 7.1925e-30 2.3914e-30 ] 1.0000e+00
 8.183e+01 8.2598e-30 8.2598e-30 [ 1.9043e-90 1.5403e-52 1.0109e-37 6.1951e-30 2.0647e-30 ] 1.0000e+00
 8.194e+01 7.1175e-30 7.1175e-30 [ 1.2015e-90 1.1681e-52 8.3541e-38 5.3352e-30 1.7823e-30 ] 1.0000e+00
 8.205e+01 6.1323e-30 6.1323e-30 [ 7.5777e-91 8.8554e-53 6.9025e-38 4.5940e-30 1.5383e-30 ] 1.0000e+00
 8.217e+01 5.2826e-30 5.2826e-30 [ 4.7777e-91 6.7110e-53 5.7018e-38 3.9551e-30 1.3275e-30 ] 1.0000e+00
 8.228e+01 4.5500e-30 4.5500e-30 [ 3.0112e-91 5.0841e-53 4.7089e-38 3.4045e-30 1.1455e-30 ] 1.0000e+00
 8.239e+01 3.9184e-30 3.9184e-30 [ 1.8972e-91 3.8503e-53 3.8880e-38 2.9302e-30 9.8820e-31 ] 1.0000e+00
 8.251e+01 3.3739e-30 3.3739e-30 [ 1.1950e-91 2.9148e-53 3.2094e-38 2.5215e-30 8.5240e-31 ] 1.0000e+00
 8.262e+01 2.9047e-30 2.9047e-30 [ 7.5236e-92 2.2059e-53 2.6487e-38 2.1695e-30 7.3515e-31 ] 1.0000e+00
 8.273e+01 2.5003e-30 2.5003e-30 [ 4.7354e-92 1.6688e-53 2.1854e-38 1.8664e-30 6.3394e-31 ] 1.0000e+00
 8.285e+01 2.1519e-30 2.1519e-30 [ 2.9794e-92 1.2621e-53 1.8027e-38 1.6053e-30 5.4657e-31 ] 1.0000e+00
 8.296e+01 1.8518e-30 1.8518e-30 [ 1.8739e-92 9.5411e-54 1.4867e-38 1.3806e-30 4.7117e-31 ] 1.0000e+00
 8.307e+01 1.5932e-30 1.5932e-30 [ 1.1782e-92 7.2105e-54 1.2258e-38 1.1871e-30 4.0611e-31 ] 1.0000e+00
 8.319e+01 1.3706e-30 1.3706e-30 [ 7.4054e-93 5.4472e-54 1.0105e-38 1.0206e-30 3.4998e-31 ] 1.0000e+00
 8.330e+01 1.1789e-30 1.1789e-30 [ 4.6528e-93 4.1137e-54 8.3276e-39 8.7731e-31 3.0156e-31 ] 1.0000e+00
 8.341e+01 1.0138e-30 1.0138e-30 [ 2.9224e-93 3.1056e-54 6.8614e-39 7.5402e-31 2.5980e-31 ] 1.0000e+00
 8.353e+01 8.7174e-31 8.7174e-31 [ 1.8349e-93 2.3437e-54 5.6521e-39 6.4795e-31 2.2378e-31 ] 1.0000e+00
 8.364e+01 7.4945e-31 7.4945e-31 [ 1.1516e-93 1.7681e-54 4.6548e-39 5.5672e-31 1.9273e-31 ] 1.0000e+00
 8.375e+01 6.4422e-31 6.4422e-31 [ 7.2258e-94 1.3333e-54 3.8325e-39 4.7826e-31 1.6597e-31 ] 1.0000e+00
 8.387e+01 5.5368e-31 5.5368e-31 [ 4.5321e-94 1.0052e-54 3.1548e-39 4.1079e-31 1.4289e-31 ] 1.0000e+00
 8.398e+01 4.7579e-31 4.7579e-31 [ 2.8416e-94 7.5748e-55 2.5963e-39 3.5278e-31 1.2301e-31 ] 1.0000e+00
 8.409e+01 4.0879e-31 4.0879e-31 [ 1.7810e-94 5.7063e-55 2.1362e-39 3.0292e-31 1.0588e-31 ] 1.0000e+00
 8.421e+01 3.5117e-31 3.5117e-31 [ 1.1159e-94 4.2971e-55 1.7572e-39 2.6006e-31 9.1115e-32 ] 1.0000e+00
 8.432e+01 3.0163e-31 3.0163e-31 [ 6.9891e-95 3.2348e-55 1.4451e-39 2.2323e-31 7.8399e-32 ] 1.0000e+00
 8.443e+01 2.5904e-31 2.5904e-31 [ 4.3760e-95 2.4342e-55 1.1882e-39 1.9159e-31 6.7447e-32 ] 1.0000e+00
 8.455e+01 2.2242e-31 2.2242e-31 [ 2.7389e-95 1.8311e-55 9.7669e-40 1.6441e-31 5.8016e-32 ] 1.0000e+00
 8.466e+01 1.9095e-31 1.9095e-31 [ 1.7136e-95 1.3770e-55 8.0265e-40 1.4106e-31 4.9896e-32 ] 1.0000e+00
 8.477e+01 1.6391e-31 1.6391e-31 [ 1.0718e-95 1.0351e-55 6.5947e-40 1.2100e-31 4.2906e-32 ] 1.0000e+00
 8.489e+01 1.4068e-31 1.4068e-31 [ 6.7010e-96 7.7778e-56 5.4171e-40 1.0379e-31 3.6889e-32 ] 1.0000e+00
 8.500e+01 1.2072e-31 1.2072e-31 [ 4.1881e-96 5.8423e-56 4.4486e-40 8.9004e-32 3.1711e-32 ] 1.0000e+00
 8.511e+01 1.0357e-31 1.0357e-31 [ 2.6166e-96 4.3869e-56 3.6525e-40 7.6315e-32 2.7255e-32 ] 1.0000e+00
 8.523e+01 8.8847e-32 8.8847e-32 [ 1.6342e-96 3.2928e-56 2.9981e-40 6.5425e-32 2.3422e-32 ] 1.0000e+00
 8.534e+01 7.6205e-32 7.6205e-32 [ 1.0203e-96 2.4707e-56 2.4604e-40 5.6080e-32 2.0125e-32 ] 1.0000e+00
 8.545e+01 6.5351e-32 6.5351e-32 [ 6.3678e-97 1.8531e-56 2.0186e-40 4.8062e-32 1.7289e-32 ] 1.0000e+00
 8.557e+01 5.6034e-32 5.6034e-32 [ 3.9728e-97 1.3894e-56 1.6558e-40 4.1184e-32 1.4850e-32 ] 1.0000e+00
 8.568e+01 4.8038e-32 4.8038e-32 [ 2.4777e-97 1.0414e-56 1.3578e-40 3.5284e-32 1.2754e-32 ] 1.0000e+00
 8.579e+01 4.1176e-32 4.1176e-32 [ 1.5447e-97 7.8021e-57 1.1132e-40 3.0225e-32 1.0951e-32 ] 1.0000e+00
 8.591e+01 3.5289e-32 3.5289e-32 [ 9.6264e-98 5.8433e-57 9.1245e-41 2.5887e-32 9.4022e-33 ] 1.0000e+00
 8.602e+01 3.0239e-32 3.0239e-32 [ 5.9970e-98 4.3746e-57 7.4772e-41 2.2168e-32 8.0709e-33 ] 1.0000e+00
 8.613e+01 2.5908e-32 2.5908e-32 [ 3.7347e-98 3.2738e-57 6.1258e-41 1.8981e-32 6.9270e-33 ] 1.0000e+00
 8.625e+01 2.2193e-32 2.2193e-32 [ 2.3249e-98 2.4491e-57 5.0174e-41 1.6249e-32 5.9442e-33 ] 1.0000e+00
 8.636e+01 1.9008e-32 1.9008e-32 [ 1.4468e-98 1.8314e-57 4.1086e-41 1.3908e-32 5.1001e-33 ] 1.0000e+00
 8.647e+01 1.6277e-32 1.6277e-32 [ 9.0001e-99 1.3690e-57 3.3636e-41 1.1902e-32 4.3752e-33 ] 1.0000e+00
 8.659e+01 1.3937e-32 1.3937e-32 [ 5.5966e-99 1.0230e-57 2.7530e-41 1.0184e-32 3.7527e-33 ] 1.0000e+00
 8.670e+01 1.1931e-32 1.1931e-32 [ 3.4789e-99 7.6410e-58 2.2526e-41 8.7126e-33 3.2182e-33 ] 1.0000e+00
 8.681e+01 1.0212e-32 1.0212e-32 [ 2.1617e-99 5.7052e-58 1.8428e-41 7.4526e-33 2.7594e-33 ] 1.0000e+00
 8.693e+01 8.7394e-33 8.7394e-33 [ 1.3427e-99 4.2581e-58 1.5071e-41 6.3737e-33 2.3657e-33 ] 1.0000e+00
 8.704e+01 7.4780e-33 7.4780e-33 [ 8.3371e-100 3.1768e-58 1.2323e-41 5.4502e-33 2.0278e-33 ] 1.0000e+00
 8.715e+01 6.3976e-33 6.3976e-33 [ 5.1746e-100 2.3692e-58 1.0074e-41 4.6597e-33 1.7379e-33 ] 1.0000e+00
 8.727e+01 5.4724e-33 5.4724e-33 [ 3.2106e-100 1.7662e-58 8.2326e-42 3.9832e-33 1.4892e-33 ] 1.0000e+00
 8.738e+01 4.6803e-33 4.6803e-33 [ 1.9912e-100 1.3161e-58 6.7263e-42 3.4044e-33 1.2758e-33 ] 1.0000e+00
 8.749e+01 4.0021e-33 4.0021e-33 [ 1.2345e-100 9.8034e-59 5.4943e-42 2.9092e-33 1.0929e-33 ] 1.0000e+00
 8.761e+01 3.4217e-33 3.4217e-33 [ 7.6505e-101 7.2994e-59 4.4867e-42 2.4857e-33 9.3604e-34 ] 1.0000e+00
 8.772e+01 2.9250e-33 2.9250e-33 [ 4.7394e-101 5.4328e-59 3.6630e-42 2.1235e-33 8.0157e-34 ] 1.0000e+00
 8.783e+01 2.5000e-33 2.5000e-33 [ 2.9349e-101 4.0418e-59 2.9897e-42 1.8137e-33 6.8630e-34 ] 1.0000e+00
 8.795e+01 2.1364e-33 2.1364e-33 [ 1.8168e-101 3.0058e-59 2.4396e-42 1.5489e-33 5.8751e-34 ] 1.0000e+00
 8.806e+01 1.8254e-33 1.8254e-33 [ 1.1242e-101 2.2344e-59 1.9901e-42 1.3225e-33 5.0286e-34 ] 1.0000e+00
 8.817e+01 1.5594e-33 1.5594e-33 [ 6.9532e-102 1.6603e-59 1.6230e-42 1.1291e-33 4.3034e-34 ] 1.0000e+00
 8.829e+01 1.3320e-33 1.3320e-33 [ 4.2991e-102 1.2331e-59 1.3233e-42 9.6374e-34 3.6822e-34 ] 1.0000e+00
 8.840e+01 1.1375e-33 1.1375e-33 [ 2.6570e-102 9.1551e-60 1.0786e-42 8.2249e-34 3.1501e-34 ] 1.0000e+00
 8.851e+01 9.7128e-34 9.7128e-34 [ 1.6415e-102 6.7941e-60 8.7898e-43 7.0183e-34 2.6945e-34 ] 1.0000e+00
 8.863e+01 8.2921e-34 8.2921e-34 [ 1.0137e-102 5.0398e-60 7.1608e-43 5.9877e-34 2.3044e-34 ] 1.0000e+00
 8.874e+01 7.0781e-34 7.0781e-34 [ 6.2575e-103 3.7369e-60 5.8320e-43 5.1076e-34 1.9704e-34 ] 1.0000e+00
 8.885e+01 6.0408e-34 6.0408e-34 [ 3.8612e-103 2.7696e-60 4.7485e-43 4.3562e-34 1.6846e-34 ] 1.0000e+00
 8.897e+01 5.1547e-34 5.1547e-34 [ 2.3815e-103 2.0518e-60 3.8652e-43 3.7147e-34 1.4400e-34 ] 1.0000e+00
 8.908e+01 4.3978e-34 4.3978e-34 [ 1.4683e-103 1.5193e-60 3.1453e-43 3.1671e-34 1.2307e-34 ] 1.0000e+00
 8.919e+01 3.7515e-34 3.7515e-34 [ 9.0491e-104 1.1246e-60 2.5587e-43 2.6998e-34 1.0517e-34 ] 1.0000e+00
 8.931e+01 3.1997e-34 3.1997e-34 [ 5.5745e-104 8.3198e-61 2.0809e-43 2.3011e-34 8.9855e-35 ] 1.0000e+00
 8.942e+01 2.7285e-34 2.7285e-34 [ 3.4326e-104 6.1525e-61 1.6919e-43 1.9610e-34 7.6758e-35 ] 1.0000e+00
 8.953e+01 2.3264e-34 2.3264e-34 [ 2.1128e-104 4.5477e-61 1.3751e-43 1.6708e-34 6.5559e-35 ] 1.0000e+00
 8.965e+01 1.9832e-34 1.9832e-34 [ 1.2999e-104 3.3600e-61 1.1173e-43 1.4234e-34 5.5985e-35 ] 1.0000e+00
 8.976e+01 1.6904e-34 1.6904e-34 [ 7.9943e-105 2.4813e-61 9.0761e-44 1.2124e-34 4.7801e-35 ] 1.0000e+00
 8.987e+01 1.4405e-34 1.4405e-34 [ 4.9143e-105 1.8315e-61 7.3701e-44 1.0325e-34 4.0807e-35 ] 1.0000e+00
 8.999e+01 1.2274e-34 1.2274e-34 [ 3.0196e-105 1.3513e-61 5.9828e-44 8.7911e-35 3.4830e-35 ] 1.0000e+00
 9.010e+01 1.0457e-34 1.0457e-34 [ 1.8546e-105 9.9646e-62 4.8551e-44 7.4842e-35 2.9724e-35 ] 1.0000e+00
 9.021e+01 8.9067e-35 8.9067e-35 [ 1.1386e-105 7.3447e-62 3.9387e-44 6.3705e-35 2.5362e-35 ] 1.0000e+00
 9.033e+01 7.5853e-35 7.5853e-35 [ 6.9869e-106 5.4110e-62 3.1942e-44 5.4216e-35 2.1637e-35 ] 1.0000e+00
 9.044e+01 6.4589e-35 6.4589e-35 [ 4.2856e-106 3.9844e-62 2.5895e-44 4.6133e-35 1.8456e-35 ] 1.0000e+00
 9.055e+01 5.4989e-35 5.4989e-35 [ 2.6274e-106 2.9325e-62 2.0986e-44 3.9249e-35 1.5740e-35 ] 1.0000e+00
 9.067e+01 4.6808e-35 4.6808e-35 [ 1.6101e-106 2.1572e-62 1.7002e-44 3.3386e-35 1.3421e-35 ] 1.0000e+00
 9.078e+01 3.9837e-35 3.9837e-35 [ 9.8626e-107 1.5861e-62 1.3769e-44 2.8395e-35 1.1442e-35 ] 1.0000e+00
 9.089e+01 3.3899e-35 3.3899e-35 [ 6.0384e-107 1.1656e-62 1.1147e-44 2.4145e-35 9.7536e-36 ] 1.0000e+00
 9.101e+01 2.8841e-35 2.8841e-35 [ 3.6953e-107 8.5611e-63 9.0205e-45 2.0528e-35 8.3127e-36 ] 1.0000e+00
 9.112e+01 2.4534e-35 2.4534e-35 [ 2.2603e-107 6.2848e-63 7.2972e-45 1.7450e-35 7.0834e-36 ] 1.0000e+00
 9.123e+01 2.0867e-35 2.0867e-35 [ 1.3819e-107 4.6113e-63 5.9008e-45 1.4832e-35 6.0350e-36 ] 1.0000e+00
 9.135e+01 1.7744e-35 1.7744e-35 [ 8.4446e-108 3.3816e-63 4.7697e-45 1.2604e-35 5.1409e-36 ] 1.0000e+00
 9.146e+01 1.5087e-35 1.5087e-35 [ 5.1579e-108 2.4785e-63 3.8540e-45 1.0708e-35 4.3785e-36 ] 1.0000e+00
 9.157e+01 1.2825e-35 1.2825e-35 [ 3.1488e-108 1.8156e-63 3.1127e-45 9.0968e-36 3.7285e-36 ] 1.0000e+00
 9.169e+01 1.0901e-35 1.0901e-35 [ 1.9214e-108 1.3292e-63 2.5130e-45 7.7264e-36 3.1745e-36 ] 1.0000e+00
 9.180e+01 9.2638e-36 9.2638e-36 [ 1.1718e-108 9.7263e-64 2.0280e-45 6.5614e-36 2.7024e-36 ] 1.0000e+00
 9.191e+01 7.8712e-36 7.8712e-36 [ 7.1429e-109 7.1128e-64 1.6359e-45 5.5711e-36 2.3001e-36 ] 1.0000e+00
 9.203e+01 6.6868e-36 6.6868e-36 [ 4.3518e-109 5.1986e-64 1.3190e-45 4.7295e-36 1.9574e-36 ] 1.0000e+00
 9.214e+01 5.6797e-36 5.6797e-36 [ 2.6500e-109 3.7974e-64 1.0630e-45 4.0143e-36 1.6654e-36 ] 1.0000e+00
 9.225e+01 4.8235e-36 4.8235e-36 [ 1.6128e-109 2.7722e-64 8.5629e-46 3.4067e-36 1.4168e-36 ] 1.0000e+00
 9.237e+01 4.0957e-36 4.0957e-36 [ 9.8106e-110 2.0225e-64 6.8945e-46 2.8906e-36 1.2051e-36 ] 1.0000e+00
 9.248e+01 3.4771e-36 3.4771e-36 [ 5.9645e-110 1.4747e-64 5.5486e-46 2.4523e-36 1.0248e-36 ] 1.0000e+00
 9.259e+01 2.9514e-36 2.9514e-36 [ 3.6242e-110 1.0746e-64 4.4631e-46 2.0800e-36 8.7138e-37 ] 1.0000e+00
 9.271e+01 2.5048e-36 2.5048e-36 [ 2.2009e-110 7.8259e-65 3.5882e-46 1.7640e-36 7.4079e-37 ] 1.0000e+00
 9.282e+01 2.1254e-36 2.1254e-36 [ 1.3358e-110 5.6955e-65 2.8833e-46 1.4958e-36 6.2966e-37 ] 1.0000e+00
 9.293e+01 1.8032e-36 1.8032e-36 [ 8.1031e-111 4.1424e-65 2.3156e-46 1.2681e-36 5.3512e-37 ] 1.0000e+00
 9.305e+01 1.5296e-36 1.5296e-36 [ 4.9124e-111 3.0108e-65 1.8587e-46 1.0749e-36 4.5469e-37 ] 1.0000e+00
 9.316e+01 1.2973e-36 1.2973e-36 [ 2.9764e-111 2.1869e-65 1.4911e-46 9.1097e-37 3.8629e-37 ] 1.0000e+00
 9.327e+01 1.1000e-36 1.1000e-36 [ 1.8022e-111 1.5874e-65 1.1956e-46 7.7191e-37 3.2812e-37 ] 1.0000e+00
 9.339e+01 9.3264e-37 9.3264e-37 [ 1.0906e-111 1.1515e-65 9.5801e-47 6.5397e-37 2.7867e-37 ] 1.0000e+00
 9.350e+01 7.9058e-37 7.9058e-37 [ 6.5958e-112 8.3464e-66 7.6719e-47 5.5395e-37 2.3662e-37 ] 1.0000e+00
 9.361e+01 6.7005e-37 6.7005e-37 [ 3.9864e-112 6.0456e-66 6.1401e-47 4.6915e-37 2.0089e-37 ] 1.0000e+00
 9.373e+01 5.6779e-37 5.6779e-37 [ 2.4078e-112 4.3759e-66 4.9109e-47 3.9727e-37 1.7053e-37 ] 1.0000e+00
 9.384e+01 4.8106e-37 4.8106e-37 [ 1.4534e-112 3.1650e-66 3.9253e-47 3.3634e-37 1.4473e-37 ] 1.0000e+00
 9.395e+01 4.0751e-37 4.0751e-37 [ 8.7665e-113 2.2875e-66 3.1354e-47 2.8470e-37 1.2281e-37 ] 1.0000e+00
 9.407e+01 3.4515e-37 3.4515e-37 [ 5.2843e-113 1.6520e-66 2.5027e-47 2.4095e-37 1.0419e-37 ] 1.0000e+00
 9.418e+01 2.9227e-37 2.9227e-37 [ 3.1831e-113 1.1921e-66 1.9962e-47 2.0389e-37 8.8383e-38 ] 1.0000e+00
 9.429e+01 2.4746e-37 2.4746e-37 [ 1.9160e-113 8.5954e-67 1.5911e-47 1.7250e-37 7.4960e-38 ] 1.0000e+00
 9.441e+01 2.0948e-37 2.0948e-37 [ 1.1524e-113 6.1925e-67 1.2673e-47 1.4591e-37 6.3565e-38 ] 1.0000e+00
 9.452e+01 1.7730e-37 1.7730e-37 [ 6.9265e-114 4.4577e-67 1.0086e-47 1.2340e-37 5.3893e-38 ] 1.0000e+00
 9.463e+01 1.5003e-37 1.5003e-37 [ 4.1599e-114 3.2061e-67 8.0202e-48 1.0435e-37 4.5685e-38 ] 1.0000e+00
 9.475e+01 1.2694e-37 1.2694e-37 [ 2.4963e-114 2.3039e-67 6.3725e-48 8.8217e-38 3.8720e-38 ] 1.0000e+00
 9.486e+01 1.0738e-37 1.0738e-37 [ 1.4968e-114 1.6540e-67 5.0590e-48 7.4567e-38 3.2812e-38 ] 1.0000e+00
 9.497e+01 9.0817e-38 9.0817e-38 [ 8.9677e-115 1.1864e-67 4.0128e-48 6.3017e-38 2.7800e-38 ] 1.0000e+00
 9.509e+01 7.6795e-38 7.6795e-38 [ 5.3680e-115 8.5018e-68 3.1800e-48 5.3245e-38 2.3550e-38 ] 1.0000e+00
 9.520e+01 6.4926e-38 6.4926e-38 [ 3.2105e-115 6.0864e-68 2.5177e-48 4.4980e-38 1.9946e-38 ] 1.0000e+00
 9.531e+01 5.4881e-38 5.4881e-38 [ 1.9183e-115 4.3529e-68 1.9915e-48 3.7990e-38 1.6891e-38 ] 1.0000e+00
 9.543e+01 4.6381e-38 4.6381e-38 [ 1.1452e-115 3.1098e-68 1.5736e-48 3.2079e-38 1.4301e-38 ] 1.0000e+00
 9.554e+01 3.9189e-38 3.9189e-38 [ 6.8295e-116 2.2194e-68 1.2421e-48 2.7082e-38 1.2107e-38 ] 1.0000e+00
 9.565e+01 3.3106e-38 3.3106e-38 [ 4.0688e-116 1.5821e-68 9.7941e-49 2.2858e-38 1.0247e-38 ] 1.0000e+00
 9.577e+01 2.7960e-38 2.7960e-38 [ 2.4216e-116 1.1266e-68 7.7140e-49 1.9289e-38 8.6716e-39 ] 1.0000e+00
 9.588e+01 2.3610e-38 2.3610e-38 [ 1.4396e-116 8.0123e-69 6.0686e-49 1.6273e-38 7.3371e-39 ] 1.0000e+00
 9.599e+01 1.9931e-38 1.9931e-38 [ 8.5488e-117 5.6914e-69 4.7683e-49 1.3724e-38 6.2069e-39 ] 1.0000e+00
 9.611e+01 1.6822e-38 1.6822e-38 [ 5.0705e-117 4.0376e-69 3.7419e-49 1.1572e-38 5.2499e-39 ] 1.0000e+00
 9.622e+01 1.4193e-38 1.4193e-38 [ 3.0037e-117 2.8605e-69 2.9325e-49 9.7537e-39 4.4396e-39 ] 1.0000e+00
 9.633e+01 1.1972e-38 1.1972e-38 [ 1.7771e-117 2.0237e-69 2.2950e-49 8.2186e-39 3.7538e-39 ] 1.0000e+00
 9.645e+01 1.0096e-38 1.0096e-38 [ 1.0499e-117 1.4297e-69 1.7935e-49 6.9226e-39 3.1734e-39 ] 1.0000e+00
 9.656e+01 8.5108e-39 8.5108e-39 [ 6.1944e-118 1.0084e-69 1.3994e-49 5.8286e-39 2.6822e-39 ] 1.0000e+00
 9.667e+01 7.1719e-39 7.1719e-39 [ 3.6490e-118 7.1015e-70 1.0902e-49 4.9052e-39 2.2667e-39 ] 1.0000e+00
 9.679e+01 6.0413e-39 6.0413e-39 [ 2.1462e-118 4.9925e-70 8.4780e-50 4.1261e-39 1.9152e-39 ] 1.0000e+00
 9.690e+01 5.0866e-39 5.0866e-39 [ 1.2601e-118 3.5035e-70 6.5813e-50 3.4687e-39 1.6179e-39 ] 1.0000e+00
 9.701e+01 4.2807e-39 4.2807e-39 [ 7.3856e-119 2.4539e-70 5.0991e-50 2.9142e-39 1.3665e-39 ] 1.0000e+00
 9.713e+01 3.6004e-39 3.6004e-39 [ 4.3204e-119 1.7153e-70 3.9427e-50 2.4464e-39 1.1539e-39 ] 1.0000e+00
 9.724e+01 3.0263e-39 3.0263e-39 [ 2.5222e-119 1.1964e-70 3.0419e-50 2.0520e-39 9.7424e-40 ] 1.0000e+00
 9.735e+01 2.5418e-39 2.5418e-39 [ 1.4691e-119 8.3253e-71 2.3414e-50 1.7194e-39 8.2235e-40 ] 1.0000e+00
 9.747e+01 2.1330e-39 2.1330e-39 [ 8.5371e-120 5.7789e-71 1.7976e-50 1.4390e-39 6.9398e-40 ] 1.0000e+00
 9.758e+01 1.7882e-39 1.7882e-39 [ 4.9481e-120 4.0005e-71 1.3764e-50 1.2027e-39 5.8550e-40 ] 1.0000e+00
 9.769e+01 1.4973e-39 1.4973e-39 [ 2.8598e-120 2.7612e-71 1.0507e-50 1.0034e-39 4.9383e-40 ] 1.0000e+00
 9.781e+01 1.2519e-39 1.2519e-39 [ 1.6478e-120 1.8998e-71 7.9950e-51 8.3553e-40 4.1636e-40 ] 1.0000e+00
 9.792e+01 1.0449e-39 1.0449e-39 [ 9.4618e-121 1.3025e-71 6.0615e-51 6.9401e-40 3.5089e-40 ] 1.0000e+00
 9.803e+01 8.7030e-40 8.7030e-40 [ 5.4127e-121 8.8951e-72 4.5771e-51 5.7475e-40 2.9555e-40 ] 1.0000e+00
 9.815e+01 7.2299e-40 7.2299e-40 [ 3.0833e-121 6.0482e-72 3.4406e-51 4.7423e-40 2.4876e-40 ] 1.0000e+00
 9.826e+01 5.9868e-40 5.9868e-40 [ 1.7480e-121 4.0924e-72 2.5730e-51 3.8951e-40 2.0917e-40 ] 1.0000e+00
 9.837e+01 4.9374e-40 4.9374e-40 [ 9.8561e-122 2.7536e-72 1.9128e-51 3.1811e-40 1.7564e-40 ] 1.0000e+00
 9.849e+01 4.0512e-40 4.0512e-40 [ 5.5228e-122 1.8408e-72 1.4121e-51 2.5793e-40 1.4719e-40 ] 1.0000e+00
 9.860e+01 3.3022e-40 3.3022e-40 [ 3.0722e-122 1.2213e-72 1.0338e-51 2.0723e-40 1.2300e-40 ] 1.0000e+00
 9.871e+01 2.6688e-40 2.6688e-40 [ 1.6943e-122 8.0300e-73 7.4920e-52 1.6453e-40 1.0234e-40 ] 1.0000e+00
 9.883e+01 2.1326e-40 2.1326e-40 [ 9.2470e-123 5.2213e-73 5.3603e-52 1.2864e-40 8.4619e-41 ] 1.0000e+00
 9.894e+01 1.6785e-40 1.6785e-40 [ 4.9823e-123 3.3475e-73 3.7723e-52 9.8554e-41 6.9294e-41 ] 1.0000e+00
 9.905e+01 1.2939e-40 1.2939e-40 [ 2.6408e-123 2.1067e-73 2.5968e-52 7.3476e-41 5.5913e-41 ] 1.0000e+00
 9.917e+01 9.6869e-41 9.6869e-41 [ 1.3694e-123 1.2922e-73 1.7337e-52 5.2773e-41 4.4096e-41 ] 1.0000e+00
 9.928e+01 6.9504e-41 6.9504e-41 [ 6.8833e-124 7.6328e-74 1.1072e-52 3.5958e-41 3.3546e-41 ] 1.0000e+00
 9.939e+01 4.6736e-41 4.6736e-41 [ 3.2963e-124 4.2479e-74 6.6020e-53 2.2661e-41 2.4075e-41 ] 1.0000e+00
 9.951e+01 2.8254e-41 2.8254e-41 [ 1.4493e-124 2.1320e-74 3.5099e-53 1.2605e-41 1.5649e-41 ] 1.0000e+00
 9.962e+01 1.4025e-41 1.4025e-41 [ 5.3254e-125 8.7070e-75 1.4971e-53 5.5705e-42 8.4550e-42 ] 1.0000e+00
 9.973e+01 4.3584e-42 4.3584e-42 [ 1.1795e-125 2.0661e-75 3.6502e-54 1.3945e-42 2.9639e-42 ] 1.0000e+00
 9.985e+01 0.0000e+00 0.0000e+00 [ 0.0000e+00 0.0000e+00 0.0000e+00 0.0000e+00 0.0000e+00 ] 1.0000e+00
