 0.000e+00 0.0000e+00 0.0000e+00 [ 0.0000e+00 0.0000e+00 0.0000e+00 0.0000e+00 0.0000e+00 ] 1.0000e+00
 1.133e-01 4.4472e-02 4.4472e-02 [ 4.4095e-02 1.8760e-04 8.9815e-05 9.0524e-05 9.6311e-06 ] 9.5553e-01
 2.267e-01 9.3104e-02 9.3104e-02 [ 9.1550e-02 7.7464e-04 3.7085e-04 3.7390e-04 3.4633e-05 ] 9.0690e-01
 3.400e-01 1.3293e-01 1.3293e-01 [ 1.2928e-01 1.8236e-03 8.7293e-04 8.7850e-04 7.0979e-05 ] 8.6707e-01
 4.533e-01 1.7324e-01 1.7324e-01 [ 1.6642e-01 3.4244e-03 1.6389e-03 1.6446e-03 1.1629e-04 ] 8.2676e-01
 5.667e-01 2.1645e-01 2.1645e-01 [ 2.0516e-01 5.6818e-03 2.7187e-03 2.7188e-03 1.6869e-04 ] 7.8355e-01
 6.800e-01 2.6407e-01 2.6407e-01 [ 2.4684e-01 8.6984e-03 4.1610e-03 4.1452e-03 2.2672e-04 ] 7.3593e-01
 7.933e-01 3.1664e-01 3.1664e-01 [ 2.9185e-01 1.2547e-02 6.0003e-03 5.9524e-03 2.8900e-04 ] 6.8336e-01
 9.067e-01 3.7355e-01 3.7355e-01 [ 3.3958e-01 1.7239e-02 8.2412e-03 8.1390e-03 3.5396e-04 ] 6.2645e-01
 1.020e+00 4.3295e-01 4.3295e-01 [ 3.8834e-01 2.2693e-02 1.0845e-02 1.0660e-02 4.1952e-04 ] 5.6705e-01
 1.133e+00 4.9198e-01 4.9198e-01 [ 4.3563e-01 2.8726e-02 1.3721e-02 1.3421e-02 4.8315e-04 ] 5.0802e-01
 1.247e+00 5.4734e-01 5.4734e-01 [ 4.7869e-01 3.5071e-02 1.6744e-02 1.6295e-02 5.4229e-04 ] 4.5266e-01
 1.360e+00 5.9610e-01 5.9610e-01 [ 5.1516e-01 4.1436e-02 1.9772e-02 1.9142e-02 5.9489e-04 ] 4.0390e-01
 1.473e+00 6.3643e-01 6.3643e-01 [ 5.4369e-01 4.7569e-02 2.2684e-02 2.1844e-02 6.3993e-04 ] 3.6357e-01
 1.587e+00 6.6784e-01 6.6784e-01 [ 5.6412e-01 5.3307e-02 2.5403e-02 2.4327e-02 6.7751e-04 ] 3.3216e-01
 1.700e+00 6.9101e-01 6.9101e-01 [ 5.7725e-01 5.8585e-02 2.7897e-02 2.6564e-02 7.0863e-04 ] 3.0899e-01
 1.813e+00 7.0727e-01 7.0727e-01 [ 5.8438e-01 6.3418e-02 3.0172e-02 2.8565e-02 7.3468e-04 ] 2.9273e-01
 1.927e+00 7.1817e-01 7.1817e-01 [ 5.8693e-01 6.7862e-02 3.2257e-02 3.0358e-02 7.5706e-04 ] 2.8183e-01
 2.040e+00 7.2510e-01 7.2510e-01 [ 5.8616e-01 7.1993e-02 3.4186e-02 3.1980e-02 7.7697e-04 ] 2.7490e-01
 2.153e+00 7.2922e-01 7.2922e-01 [ 5.8308e-01 7.5881e-02 3.5993e-02 3.3465e-02 7.9529e-04 ] 2.7078e-01
 2.267e+00 7.3139e-01 7.3139e-01 [ 5.7844e-01 7.9588e-02 3.7708e-02 3.4843e-02 8.1263e-04 ] 2.6861e-01
 2.380e+00 7.3226e-01 7.3226e-01 [ 5.7278e-01 8.3163e-02 3.9353e-02 3.6137e-02 8.2938e-04 ] 2.6774e-01
 2.493e+00 7.3226e-01 7.3226e-01 [ 5.6646e-01 8.6642e-02 4.0946e-02 3.7365e-02 8.4577e-04 ] 2.6774e-01
 2.607e+00 7.3170e-01 7.3170e-01 [ 5.5975e-01 9.0054e-02 4.2501e-02 3.8540e-02 8.6196e-04 ] 2.6830e-01
 2.720e+00 7.3080e-01 7.3080e-01 [ 5.5280e-01 9.3418e-02 4.4028e-02 3.9674e-02 8.7802e-04 ] 2.6920e-01
 2.833e+00 7.2969e-01 7.2969e-01 [ 5.4574e-01 9.6750e-02 4.5533e-02 4.0772e-02 8.9399e-04 ] 2.7031e-01
 2.947e+00 7.2846e-01 7.2846e-01 [ 5.3862e-01 1.0006e-01 4.7022e-02 4.1843e-02 9.0991e-04 ] 2.7154e-01
 3.060e+00 7.2718e-01 7.2718e-01 [ 5.3151e-01 1.0336e-01 4.8499e-02 4.2889e-02 9.2580e-04 ] 2.7282e-01
 3.173e+00 7.2590e-01 7.2590e-01 [ 5.2443e-01 1.0665e-01 4.9968e-02 4.3914e-02 9.4167e-04 ] 2.7410e-01
 3.287e+00 7.2464e-01 7.2464e-01 [ 5.1739e-01 1.0994e-01 5.1430e-02 4.4922e-02 9.5753e-04 ] 2.7536e-01
 3.400e+00 7.2341e-01 7.2341e-01 [ 5.1041e-01 1.1323e-01 5.2888e-02 4.5914e-02 9.7338e-04 ] 2.7659e-01
 3.513e+00 7.2223e-01 7.2223e-01 [ 5.0349e-01 1.1652e-01 5.4343e-02 4.6894e-02 9.8926e-04 ] 2.7777e-01
 3.627e+00 7.2111e-01 7.2111e-01 [ 4.9663e-01 1.1981e-01 5.5798e-02 4.7862e-02 1.0052e-03 ] 2.7889e-01
 3.740e+00 7.2004e-01 7.2004e-01 [ 4.8983e-01 1.2312e-01 5.7251e-02 4.8820e-02 1.0211e-03 ] 2.7996e-01
 3.853e+00 7.1903e-01 7.1903e-01 [ 4.8310e-01 1.2642e-01 5.8706e-02 4.9769e-02 1.0371e-03 ] 2.8097e-01
 3.967e+00 7.1808e-01 7.1808e-01 [ 4.7642e-01 1.2974e-01 6.0162e-02 5.0711e-02 1.0531e-03 ] 2.8192e-01
 4.080e+00 7.1719e-01 7.1719e-01 [ 4.6979e-01 1.3306e-01 6.1620e-02 5.1647e-02 1.0692e-03 ] 2.8281e-01
 4.193e+00 7.1634e-01 7.1634e-01 [ 4.6321e-01 1.3639e-01 6.3082e-02 5.2578e-02 1.0854e-03 ] 2.8366e-01
 4.307e+00 7.1555e-01 7.1555e-01 [ 4.5668e-01 1.3972e-01 6.4547e-02 5.3504e-02 1.1016e-03 ] 2.8445e-01
 4.420e+00 7.1481e-01 7.1481e-01 [ 4.5019e-01 1.4306e-01 6.6016e-02 5.4428e-02 1.1180e-03 ] 2.8519e-01
 4.533e+00 7.1411e-01 7.1411e-01 [ 4.4374e-01 1.4640e-01 6.7490e-02 5.5349e-02 1.1344e-03 ] 2.8589e-01
 4.647e+00 7.1346e-01 7.1346e-01 [ 4.3732e-01 1.4975e-01 6.8969e-02 5.6268e-02 1.1509e-03 ] 2.8654e-01
 4.760e+00 7.1284e-01 7.1284e-01 [ 4.3093e-01 1.5310e-01 7.0454e-02 5.7186e-02 1.1676e-03 ] 2.8716e-01
 4.873e+00 7.1226e-01 7.1226e-01 [ 4.2458e-01 1.5645e-01 7.1945e-02 5.8105e-02 1.1844e-03 ] 2.8774e-01
 4.987e+00 7.1172e-01 7.1172e-01 [ 4.1825e-01 1.5980e-01 7.3442e-02 5.9023e-02 1.2013e-03 ] 2.8828e-01
 5.100e+00 7.1120e-01 7.1120e-01 [ 4.1195e-01 1.6315e-01 7.4946e-02 5.9944e-02 1.2184e-03 ] 2.8880e-01
 5.213e+00 7.1072e-01 7.1072e-01 [ 4.0567e-01 1.6649e-01 7.6458e-02 6.0866e-02 1.2356e-03 ] 2.8928e-01
 5.327e+00 7.1026e-01 7.1026e-01 [ 3.9941e-01 1.6983e-01 7.7978e-02 6.1790e-02 1.2529e-03 ] 2.8974e-01
 5.440e+00 7.0983e-01 7.0983e-01 [ 3.9317e-01 1.7316e-01 7.9506e-02 6.2717e-02 1.2704e-03 ] 2.9017e-01
 5.553e+00 7.0942e-01 7.0942e-01 [ 3.8696e-01 1.7649e-01 8.1042e-02 6.3648e-02 1.2880e-03 ] 2.9058e-01
 5.667e+00 7.0903e-01 7.0903e-01 [ 3.8076e-01 1.7980e-01 8.2586e-02 6.4583e-02 1.3058e-03 ] 2.9097e-01
 5.780e+00 7.0866e-01 7.0866e-01 [ 3.7458e-01 1.8309e-01 8.4140e-02 6.5523e-02 1.3238e-03 ] 2.9134e-01
 5.893e+00 7.0830e-01 7.0830e-01 [ 3.6842e-01 1.8638e-01 8.5704e-02 6.6467e-02 1.3419e-03 ] 2.9170e-01
 6.007e+00 7.0797e-01 7.0797e-01 [ 3.6227e-01 1.8964e-01 8.7277e-02 6.7417e-02 1.3603e-03 ] 2.9203e-01
 6.120e+00 7.0764e-01 7.0764e-01 [ 3.5615e-01 1.9288e-01 8.8860e-02 6.8374e-02 1.3788e-03 ] 2.9236e-01
 6.233e+00 7.0733e-01 7.0733e-01 [ 3.5004e-01 1.9610e-01 9.0453e-02 6.9336e-02 1.3974e-03 ] 2.9267e-01
 6.347e+00 7.0703e-01 7.0703e-01 [ 3.4396e-01 1.9929e-01 9.2057e-02 7.0305e-02 1.4163e-03 ] 2.9297e-01
 6.460e+00 7.0674e-01 7.0674e-01 [ 3.3790e-01 2.0246e-01 9.3671e-02 7.1282e-02 1.4354e-03 ] 2.9326e-01
 6.573e+00 7.0646e-01 7.0646e-01 [ 3.3185e-01 2.0559e-01 9.5297e-02 7.2266e-02 1.4547e-03 ] 2.9354e-01
 6.687e+00 7.0619e-01 7.0619e-01 [ 3.2583e-01 2.0869e-01 9.6934e-02 7.3258e-02 1.4741e-03 ] 2.9381e-01
 6.800e+00 7.0593e-01 7.0593e-01 [ 3.1984e-01 2.1176e-01 9.8582e-02 7.4258e-02 1.4938e-03 ] 2.9407e-01
 6.913e+00 7.0567e-01 7.0567e-01 [ 3.1387e-01 2.1478e-01 1.0024e-01 7.5267e-02 1.5137e-03 ] 2.9433e-01
 7.027e+00 7.0542e-01 7.0542e-01 [ 3.0792e-01 2.1776e-01 1.0191e-01 7.6285e-02 1.5338e-03 ] 2.9458e-01
 7.140e+00 7.0517e-01 7.0517e-01 [ 3.0201e-01 2.2070e-01 1.0360e-01 7.7313e-02 1.5542e-03 ] 2.9483e-01
 7.253e+00 7.0493e-01 7.0493e-01 [ 2.9612e-01 2.2359e-01 1.0529e-01 7.8350e-02 1.5747e-03 ] 2.9507e-01
 7.367e+00 7.0469e-01 7.0469e-01 [ 2.9027e-01 2.2643e-01 1.0700e-01 7.9397e-02 1.5955e-03 ] 2.9531e-01
 7.480e+00 7.0446e-01 7.0446e-01 [ 2.8444e-01 2.2922e-01 1.0872e-01 8.0455e-02 1.6166e-03 ] 2.9554e-01
 7.593e+00 7.0423e-01 7.0423e-01 [ 2.7866e-01 2.3195e-01 1.1046e-01 8.1523e-02 1.6378e-03 ] 2.9577e-01
 7.707e+00 7.0400e-01 7.0400e-01 [ 2.7291e-01 2.3463e-01 1.1220e-01 8.2602e-02 1.6593e-03 ] 2.9600e-01
 7.820e+00 7.0377e-01 7.0377e-01 [ 2.6720e-01 2.3724e-01 1.1396e-01 8.3693e-02 1.6811e-03 ] 2.9623e-01
 7.933e+00 7.0355e-01 7.0355e-01 [ 2.6153e-01 2.3979e-01 1.1574e-01 8.4795e-02 1.7031e-03 ] 2.9645e-01
 8.047e+00 7.0332e-01 7.0332e-01 [ 2.5590e-01 2.4227e-01 1.1752e-01 8.5908e-02 1.7254e-03 ] 2.9668e-01
 8.160e+00 7.0310e-01 7.0310e-01 [ 2.5032e-01 2.4468e-01 1.1932e-01 8.7034e-02 1.7479e-03 ] 2.9690e-01
 8.273e+00 7.0288e-01 7.0288e-01 [ 2.4478e-01 2.4702e-01 1.2113e-01 8.8173e-02 1.7707e-03 ] 2.9712e-01
 8.387e+00 7.0266e-01 7.0266e-01 [ 2.3929e-01 2.4929e-01 1.2295e-01 8.9324e-02 1.7938e-03 ] 2.9734e-01
 8.500e+00 7.0243e-01 7.0243e-01 [ 2.3386e-01 2.5148e-01 1.2479e-01 9.0488e-02 1.8172e-03 ] 2.9757e-01
 8.613e+00 7.0221e-01 7.0221e-01 [ 2.2847e-01 2.5360e-01 1.2664e-01 9.1666e-02 1.8409e-03 ] 2.9779e-01
 8.727e+00 7.0199e-01 7.0199e-01 [ 2.2314e-01 2.5563e-01 1.2850e-01 9.2857e-02 1.8648e-03 ] 2.9801e-01
 8.840e+00 7.0177e-01 7.0177e-01 [ 2.1786e-01 2.5758e-01 1.3037e-01 9.4061e-02 1.8890e-03 ] 2.9823e-01
 8.953e+00 7.0154e-01 7.0154e-01 [ 2.1265e-01 2.5944e-01 1.3226e-01 9.5281e-02 1.9136e-03 ] 2.9846e-01
 9.067e+00 7.0132e-01 7.0132e-01 [ 2.0749e-01 2.6122e-01 1.3416e-01 9.6514e-02 1.9384e-03 ] 2.9868e-01
 9.180e+00 7.0109e-01 7.0109e-01 [ 2.0239e-01 2.6291e-01 1.3607e-01 9.7762e-02 1.9636e-03 ] 2.9891e-01
 9.293e+00 7.0087e-01 7.0087e-01 [ 1.9735e-01 2.6451e-01 1.3799e-01 9.9026e-02 1.9891e-03 ] 2.9913e-01
 9.407e+00 7.0064e-01 7.0064e-01 [ 1.9238e-01 2.6602e-01 1.3992e-01 1.0030e-01 2.0149e-03 ] 2.9936e-01
 9.520e+00 7.0041e-01 7.0041e-01 [ 1.8747e-01 2.6743e-01 1.4187e-01 1.0160e-01 2.0411e-03 ] 2.9959e-01
 9.633e+00 7.0018e-01 7.0018e-01 [ 1.8263e-01 2.6875e-01 1.4382e-01 1.0291e-01 2.0675e-03 ] 2.9982e-01
 9.747e+00 6.9995e-01 6.9995e-01 [ 1.7786e-01 2.6997e-01 1.4579e-01 1.0424e-01 2.0944e-03 ] 3.0005e-01
 9.860e+00 6.9972e-01 6.9972e-01 [ 1.7316e-01 2.7110e-01 1.4776e-01 1.0558e-01 2.1216e-03 ] 3.0028e-01
 9.973e+00 6.9948e-01 6.9948e-01 [ 1.6852e-01 2.7213e-01 1.4974e-01 1.0694e-01 2.1491e-03 ] 3.0052e-01
 1.009e+01 6.9924e-01 6.9924e-01 [ 1.6396e-01 2.7305e-01 1.5173e-01 1.0832e-01 2.1771e-03 ] 3.0076e-01
 1.020e+01 6.9901e-01 6.9901e-01 [ 1.5947e-01 2.7388e-01 1.5373e-01 1.0972e-01 2.2054e-03 ] 3.0099e-01
 1.031e+01 6.9877e-01 6.9877e-01 [ 1.5505e-01 2.7461e-01 1.5574e-01 1.1113e-01 2.2340e-03 ] 3.0123e-01
 1.043e+01 6.9852e-01 6.9852e-01 [ 1.5071e-01 2.7524e-01 1.5775e-01 1.1256e-01 2.2631e-03 ] 3.0148e-01
 1.054e+01 6.9828e-01 6.9828e-01 [ 1.4644e-01 2.7576e-01 1.5977e-01 1.1401e-01 2.2926e-03 ] 3.0172e-01
 1.065e+01 6.9803e-01 6.9803e-01 [ 1.4225e-01 2.7619e-01 1.6179e-01 1.1549e-01 2.3225e-03 ] 3.0197e-01
 1.077e+01 6.9778e-01 6.9778e-01 [ 1.3813e-01 2.7651e-01 1.6381e-01 1.1698e-01 2.3528e-03 ] 3.0222e-01
 1.088e+01 6.9753e-01 6.9753e-01 [ 1.3409e-01 2.7673e-01 1.6584e-01 1.1849e-01 2.3835e-03 ] 3.0247e-01
 1.099e+01 6.9728e-01 6.9728e-01 [ 1.3012e-01 2.7685e-01 1.6788e-01 1.2002e-01 2.4147e-03 ] 3.0272e-01
 1.111e+01 6.9702e-01 6.9702e-01 [ 1.2623e-01 2.7686e-01 1.6991e-01 1.2157e-01 2.4463e-03 ] 3.0298e-01
 1.122e+01 6.9677e-01 6.9677e-01 [ 1.2242e-01 2.7678e-01 1.7194e-01 1.2315e-01 2.4783e-03 ] 3.0323e-01
 1.133e+01 6.9651e-01 6.9651e-01 [ 1.1868e-01 2.7660e-01 1.7397e-01 1.2474e-01 2.5108e-03 ] 3.0349e-01
 1.145e+01 6.9625e-01 6.9625e-01 [ 1.1503e-01 2.7631e-01 1.7600e-01 1.2636e-01 2.5438e-03 ] 3.0375e-01
 1.156e+01 6.9598e-01 6.9598e-01 [ 1.1144e-01 2.7593e-01 1.7803e-01 1.2801e-01 2.5773e-03 ] 3.0402e-01
 1.167e+01 6.9572e-01 6.9572e-01 [ 1.0794e-01 2.7545e-01 1.8005e-01 1.2967e-01 2.6112e-03 ] 3.0428e-01
 1.179e+01 6.9545e-01 6.9545e-01 [ 1.0451e-01 2.7487e-01 1.8207e-01 1.3136e-01 2.6456e-03 ] 3.0455e-01
 1.190e+01 6.9518e-01 6.9518e-01 [ 1.0115e-01 2.7420e-01 1.8408e-01 1.3308e-01 2.6805e-03 ] 3.0482e-01
 1.201e+01 6.9491e-01 6.9491e-01 [ 9.7873e-02 2.7343e-01 1.8608e-01 1.3482e-01 2.7160e-03 ] 3.0509e-01
 1.213e+01 6.9464e-01 6.9464e-01 [ 9.4670e-02 2.7257e-01 1.8807e-01 1.3658e-01 2.7519e-03 ] 3.0536e-01
 1.224e+01 6.9436e-01 6.9436e-01 [ 9.1540e-02 2.7161e-01 1.9004e-01 1.3838e-01 2.7884e-03 ] 3.0564e-01
 1.235e+01 6.9408e-01 6.9408e-01 [ 8.8485e-02 2.7057e-01 1.9201e-01 1.4020e-01 2.8254e-03 ] 3.0592e-01
 1.247e+01 6.9380e-01 6.9380e-01 [ 8.5503e-02 2.6943e-01 1.9396e-01 1.4204e-01 2.8630e-03 ] 3.0620e-01
 1.258e+01 6.9352e-01 6.9352e-01 [ 8.2594e-02 2.6821e-01 1.9590e-01 1.4392e-01 2.9011e-03 ] 3.0648e-01
 1.269e+01 6.9324e-01 6.9324e-01 [ 7.9757e-02 2.6691e-01 1.9781e-01 1.4583e-01 2.9398e-03 ] 3.0676e-01
 1.281e+01 6.9296e-01 6.9296e-01 [ 7.6991e-02 2.6552e-01 1.9971e-01 1.4776e-01 2.9790e-03 ] 3.0704e-01
 1.292e+01 6.9268e-01 6.9268e-01 [ 7.4295e-02 2.6405e-01 2.0159e-01 1.4973e-01 3.0189e-03 ] 3.0732e-01
 1.303e+01 6.9239e-01 6.9239e-01 [ 7.1669e-02 2.6250e-01 2.0344e-01 1.5172e-01 3.0593e-03 ] 3.0761e-01
 1.315e+01 6.9211e-01 6.9211e-01 [ 6.9112e-02 2.6087e-01 2.0527e-01 1.5375e-01 3.1002e-03 ] 3.0789e-01
 1.326e+01 6.9182e-01 6.9182e-01 [ 6.6622e-02 2.5917e-01 2.0707e-01 1.5581e-01 3.1418e-03 ] 3.0818e-01
 1.337e+01 6.9153e-01 6.9153e-01 [ 6.4199e-02 2.5740e-01 2.0885e-01 1.5791e-01 3.1840e-03 ] 3.0847e-01
 1.349e+01 6.9125e-01 6.9125e-01 [ 6.1842e-02 2.5555e-01 2.1059e-01 1.6004e-01 3.2268e-03 ] 3.0875e-01
 1.360e+01 6.9096e-01 6.9096e-01 [ 5.9550e-02 2.5364e-01 2.1230e-01 1.6220e-01 3.2702e-03 ] 3.0904e-01
 1.371e+01 6.9068e-01 6.9068e-01 [ 5.7321e-02 2.5166e-01 2.1398e-01 1.6440e-01 3.3142e-03 ] 3.0932e-01
 1.383e+01 6.9040e-01 6.9040e-01 [ 5.5156e-02 2.4962e-01 2.1563e-01 1.6664e-01 3.3588e-03 ] 3.0960e-01
 1.394e+01 6.9012e-01 6.9012e-01 [ 5.3052e-02 2.4752e-01 2.1724e-01 1.6891e-01 3.4040e-03 ] 3.0988e-01
 1.405e+01 6.8984e-01 6.8984e-01 [ 5.1009e-02 2.4536e-01 2.1881e-01 1.7122e-01 3.4499e-03 ] 3.1016e-01
 1.417e+01 6.8957e-01 6.8957e-01 [ 4.9025e-02 2.4314e-01 2.2034e-01 1.7357e-01 3.4963e-03 ] 3.1043e-01
 1.428e+01 6.8930e-01 6.8930e-01 [ 4.7100e-02 2.4087e-01 2.2183e-01 1.7596e-01 3.5434e-03 ] 3.1070e-01
 1.439e+01 6.8904e-01 6.8904e-01 [ 4.5233e-02 2.3855e-01 2.2327e-01 1.7839e-01 3.5911e-03 ] 3.1096e-01
 1.451e+01 6.8878e-01 6.8878e-01 [ 4.3422e-02 2.3619e-01 2.2467e-01 1.8086e-01 3.6395e-03 ] 3.1122e-01
 1.462e+01 6.8853e-01 6.8853e-01 [ 4.1667e-02 2.3378e-01 2.2603e-01 1.8337e-01 3.6884e-03 ] 3.1147e-01
 1.473e+01 6.8829e-01 6.8829e-01 [ 3.9965e-02 2.3132e-01 2.2734e-01 1.8592e-01 3.7379e-03 ] 3.1171e-01
 1.485e+01 6.8805e-01 6.8805e-01 [ 3.8317e-02 2.2883e-01 2.2860e-01 1.8852e-01 3.7881e-03 ] 3.1195e-01
 1.496e+01 6.8783e-01 6.8783e-01 [ 3.6722e-02 2.2630e-01 2.2981e-01 1.9116e-01 3.8388e-03 ] 3.1217e-01
 1.507e+01 6.8763e-01 6.8763e-01 [ 3.5177e-02 2.2374e-01 2.3097e-01 1.9385e-01 3.8901e-03 ] 3.1237e-01
 1.519e+01 6.8743e-01 6.8743e-01 [ 3.3682e-02 2.2115e-01 2.3208e-01 1.9658e-01 3.9420e-03 ] 3.1257e-01
 1.530e+01 6.8726e-01 6.8726e-01 [ 3.2236e-02 2.1853e-01 2.3314e-01 1.9936e-01 3.9944e-03 ] 3.1274e-01
 1.541e+01 6.8710e-01 6.8710e-01 [ 3.0839e-02 2.1588e-01 2.3415e-01 2.0219e-01 4.0474e-03 ] 3.1290e-01
 1.553e+01 6.8696e-01 6.8696e-01 [ 2.9488e-02 2.1321e-01 2.3510e-01 2.0506e-01 4.1009e-03 ] 3.1304e-01
 1.564e+01 6.8685e-01 6.8685e-01 [ 2.8183e-02 2.1053e-01 2.3600e-01 2.0798e-01 4.1549e-03 ] 3.1315e-01
 1.575e+01 6.8677e-01 6.8677e-01 [ 2.6922e-02 2.0783e-01 2.3685e-01 2.1095e-01 4.2094e-03 ] 3.1323e-01
 1.587e+01 6.8671e-01 6.8671e-01 [ 2.5706e-02 2.0511e-01 2.3765e-01 2.1397e-01 4.2643e-03 ] 3.1329e-01
 1.598e+01 6.8669e-01 6.8669e-01 [ 2.4532e-02 2.0239e-01 2.3840e-01 2.1705e-01 4.3197e-03 ] 3.1331e-01
 1.609e+01 6.8670e-01 6.8670e-01 [ 2.3400e-02 1.9966e-01 2.3910e-01 2.2017e-01 4.3756e-03 ] 3.1330e-01
 1.621e+01 6.8676e-01 6.8676e-01 [ 2.2309e-02 1.9692e-01 2.3975e-01 2.2334e-01 4.4318e-03 ] 3.1324e-01
 1.632e+01 6.8685e-01 6.8685e-01 [ 2.1258e-02 1.9419e-01 2.4035e-01 2.2657e-01 4.4883e-03 ] 3.1315e-01
 1.643e+01 6.8700e-01 6.8700e-01 [ 2.0246e-02 1.9146e-01 2.4090e-01 2.2984e-01 4.5452e-03 ] 3.1300e-01
 1.655e+01 6.8720e-01 6.8720e-01 [ 1.9271e-02 1.8874e-01 2.4142e-01 2.3317e-01 4.6024e-03 ] 3.1280e-01
 1.666e+01 6.8746e-01 6.8746e-01 [ 1.8334e-02 1.8602e-01 2.4189e-01 2.3656e-01 4.6598e-03 ] 3.1254e-01
 1.677e+01 6.8778e-01 6.8778e-01 [ 1.7433e-02 1.8332e-01 2.4232e-01 2.3999e-01 4.7174e-03 ] 3.1222e-01
 1.689e+01 6.8817e-01 6.8817e-01 [ 1.6567e-02 1.8064e-01 2.4271e-01 2.4348e-01 4.7752e-03 ] 3.1183e-01
 1.700e+01 6.8863e-01 6.8863e-01 [ 1.5735e-02 1.7798e-01 2.4307e-01 2.4701e-01 4.8331e-03 ] 3.1137e-01
 1.711e+01 6.8917e-01 6.8917e-01 [ 1.4936e-02 1.7534e-01 2.4340e-01 2.5060e-01 4.8910e-03 ] 3.1083e-01
 1.723e+01 6.8980e-01 6.8980e-01 [ 1.4170e-02 1.7274e-01 2.4370e-01 2.5424e-01 4.9490e-03 ] 3.1020e-01
 1.734e+01 6.9051e-01 6.9051e-01 [ 1.3435e-02 1.7016e-01 2.4398e-01 2.5793e-01 5.0069e-03 ] 3.0949e-01
 1.745e+01 6.9133e-01 6.9133e-01 [ 1.2731e-02 1.6763e-01 2.4424e-01 2.6167e-01 5.0646e-03 ] 3.0867e-01
 1.757e+01 6.9224e-01 6.9224e-01 [ 1.2057e-02 1.6513e-01 2.4448e-01 2.6545e-01 5.1222e-03 ] 3.0776e-01
 1.768e+01 6.9327e-01 6.9327e-01 [ 1.1412e-02 1.6269e-01 2.4471e-01 2.6928e-01 5.1795e-03 ] 3.0673e-01
 1.779e+01 6.9441e-01 6.9441e-01 [ 1.0795e-02 1.6029e-01 2.4494e-01 2.7314e-01 5.2365e-03 ] 3.0559e-01
 1.791e+01 6.9566e-01 6.9566e-01 [ 1.0205e-02 1.5795e-01 2.4516e-01 2.7705e-01 5.2931e-03 ] 3.0434e-01
 1.802e+01 6.9704e-01 6.9704e-01 [ 9.6419e-03 1.5568e-01 2.4539e-01 2.8098e-01 5.3491e-03 ] 3.0296e-01
 1.813e+01 6.9855e-01 6.9855e-01 [ 9.1047e-03 1.5348e-01 2.4562e-01 2.8494e-01 5.4046e-03 ] 3.0145e-01
 1.825e+01 7.0019e-01 7.0019e-01 [ 8.5925e-03 1.5135e-01 2.4586e-01 2.8893e-01 5.4593e-03 ] 2.9981e-01
 1.836e+01 7.0197e-01 7.0197e-01 [ 8.1047e-03 1.4931e-01 2.4612e-01 2.9293e-01 5.5132e-03 ] 2.9803e-01
 1.847e+01 7.0388e-01 7.0388e-01 [ 7.6405e-03 1.4735e-01 2.4639e-01 2.9693e-01 5.5662e-03 ] 2.9612e-01
 1.859e+01 7.0592e-01 7.0592e-01 [ 7.1992e-03 1.4550e-01 2.4668e-01 3.0092e-01 5.6181e-03 ] 2.9408e-01
 1.870e+01 7.0809e-01 7.0809e-01 [ 6.7803e-03 1.4375e-01 2.4700e-01 3.0489e-01 5.6689e-03 ] 2.9191e-01
 1.881e+01 7.1039e-01 7.1039e-01 [ 6.3832e-03 1.4213e-01 2.4733e-01 3.0883e-01 5.7185e-03 ] 2.8961e-01
 1.893e+01 7.1279e-01 7.1279e-01 [ 6.0072e-03 1.4062e-01 2.4768e-01 3.1271e-01 5.7666e-03 ] 2.8721e-01
 1.904e+01 7.1529e-01 7.1529e-01 [ 5.6518e-03 1.3926e-01 2.4805e-01 3.1651e-01 5.8133e-03 ] 2.8471e-01
 1.915e+01 7.1784e-01 7.1784e-01 [ 5.3165e-03 1.3804e-01 2.4843e-01 3.2020e-01 5.8583e-03 ] 2.8216e-01
 1.927e+01 7.2041e-01 7.2041e-01 [ 5.0009e-03 1.3698e-01 2.4879e-01 3.2374e-01 5.9017e-03 ] 2.7959e-01
 1.938e+01 7.2293e-01 7.2293e-01 [ 4.7045e-03 1.3607e-01 2.4913e-01 3.2707e-01 5.9433e-03 ] 2.7707e-01
 1.949e+01 7.2529e-01 7.2529e-01 [ 4.4267e-03 1.3534e-01 2.4941e-01 3.3013e-01 5.9831e-03 ] 2.7471e-01
 1.961e+01 7.2736e-01 7.2736e-01 [ 4.1670e-03 1.3476e-01 2.4958e-01 3.3283e-01 6.0207e-03 ] 2.7264e-01
 1.972e+01 7.2892e-01 7.2892e-01 [ 3.9247e-03 1.3433e-01 2.4957e-01 3.3504e-01 6.0559e-03 ] 2.7108e-01
 1.983e+01 7.2966e-01 7.2966e-01 [ 3.6990e-03 1.3403e-01 2.4926e-01 3.3658e-01 6.0878e-03 ] 2.7034e-01
 1.995e+01 7.2911e-01 7.2911e-01 [ 3.4884e-03 1.3378e-01 2.4851e-01 3.3722e-01 6.1150e-03 ] 2.7089e-01
 2.006e+01 7.2661e-01 7.2661e-01 [ 3.2913e-03 1.3351e-01 2.4708e-01 3.3660e-01 6.1347e-03 ] 2.7339e-01
 2.017e+01 7.2123e-01 7.2123e-01 [ 3.1048e-03 1.3306e-01 2.4467e-01 3.3426e-01 6.1422e-03 ] 2.7877e-01
 2.029e+01 7.1170e-01 7.1170e-01 [ 2.9253e-03 1.3222e-01 2.4084e-01 3.2958e-01 6.1301e-03 ] 2.8830e-01
 2.040e+01 6.9642e-01 6.9642e-01 [ 2.7481e-03 1.3071e-01 2.3506e-01 3.2182e-01 6.0871e-03 ] 3.0358e-01
 2.051e+01 6.7360e-01 6.7360e-01 [ 2.5678e-03 1.2817e-01 2.2674e-01 3.1013e-01 5.9986e-03 ] 3.2640e-01
 2.063e+01 6.4160e-01 6.4160e-01 [ 2.3792e-03 1.2423e-01 2.1534e-01 2.9380e-01 5.8484e-03 ] 3.5840e-01
 2.074e+01 5.9952e-01 5.9952e-01 [ 2.1789e-03 1.1864e-01 2.0058e-01 2.7249e-01 5.6225e-03 ] 4.0048e-01
 2.085e+01 5.4785e-01 5.4785e-01 [ 1.9675e-03 1.1134e-01 1.8267e-01 2.4656e-01 5.3149e-03 ] 4.5215e-01
 2.097e+01 4.8881e-01 4.8881e-01 [ 1.7497e-03 1.0258e-01 1.6238e-01 2.1718e-01 4.9321e-03 ] 5.1119e-01
 2.108e+01 4.2601e-01 4.2601e-01 [ 1.5338e-03 9.2891e-02 1.4094e-01 1.8616e-01 4.4930e-03 ] 5.7399e-01
 2.119e+01 3.6359e-01 3.6359e-01 [ 1.3292e-03 8.2958e-02 1.1974e-01 1.5553e-01 4.0247e-03 ] 6.3641e-01
 2.131e+01 3.0519e-01 3.0519e-01 [ 1.1437e-03 7.3425e-02 1.0002e-01 1.2704e-01 3.5550e-03 ] 6.9481e-01
 2.142e+01 2.5332e-01 2.5332e-01 [ 9.8214e-04 6.4774e-02 8.2595e-02 1.0186e-01 3.1068e-03 ] 7.4668e-01
 2.153e+01 2.0918e-01 2.0918e-01 [ 8.4585e-04 5.7278e-02 6.7844e-02 8.0516e-02 2.6952e-03 ] 7.9082e-01
 2.165e+01 1.7287e-01 1.7287e-01 [ 7.3362e-04 5.1016e-02 5.5782e-02 6.3008e-02 2.3278e-03 ] 8.2713e-01
 2.176e+01 1.4377e-01 1.4377e-01 [ 6.4262e-04 4.5933e-02 4.6182e-02 4.9005e-02 2.0060e-03 ] 8.5623e-01
 2.187e+01 1.2091e-01 1.2091e-01 [ 5.6942e-04 4.1897e-02 3.8703e-02 3.8010e-02 1.7279e-03 ] 8.7909e-01
 2.199e+01 1.0321e-01 1.0321e-01 [ 5.1059e-04 3.8744e-02 3.2974e-02 2.9492e-02 1.4892e-03 ] 8.9679e-01
 2.210e+01 8.9657e-02 8.9657e-02 [ 4.6304e-04 3.6312e-02 2.8645e-02 2.2951e-02 1.2853e-03 ] 9.1034e-01
 2.221e+01 7.9359e-02 7.9359e-02 [ 4.2421e-04 3.4452e-02 2.5413e-02 1.7958e-02 1.1113e-03 ] 9.2064e-01
 2.233e+01 7.1579e-02 7.1579e-02 [ 3.9202e-04 3.3039e-02 2.3027e-02 1.4158e-02 9.6297e-04 ] 9.2842e-01
 2.244e+01 6.5728e-02 6.5728e-02 [ 3.6486e-04 3.1969e-02 2.1287e-02 1.1271e-02 8.3649e-04 ] 9.3427e-01
 2.255e+01 6.1342e-02 6.1342e-02 [ 3.4151e-04 3.1160e-02 2.0036e-02 9.0761e-03 7.2861e-04 ] 9.3866e-01
 2.267e+01 5.8066e-02 5.8066e-02 [ 3.2105e-04 3.0546e-02 1.9156e-02 7.4070e-03 6.3661e-04 ] 9.4193e-01
 2.278e+01 5.5627e-02 5.5627e-02 [ 3.0279e-04 3.0078e-02 1.8552e-02 6.1360e-03 5.5822e-04 ] 9.4437e-01
 2.289e+01 5.3818e-02 5.3818e-02 [ 2.8622e-04 2.9716e-02 1.8158e-02 5.1670e-03 4.9156e-04 ] 9.4618e-01
 2.301e+01 5.2483e-02 5.2483e-02 [ 2.7099e-04 2.9431e-02 1.7918e-02 4.4278e-03 4.3509e-04 ] 9.4752e-01
 2.312e+01 5.1504e-02 5.1504e-02 [ 2.5681e-04 2.9200e-02 1.7795e-02 3.8645e-03 3.8753e-04 ] 9.4850e-01
 2.323e+01 5.0793e-02 5.0793e-02 [ 2.4351e-04 2.9006e-02 1.7759e-02 3.4368e-03 3.4784e-04 ] 9.4921e-01
 2.335e+01 5.0284e-02 5.0284e-02 [ 2.3093e-04 2.8836e-02 1.7786e-02 3.1148e-03 3.1518e-04 ] 9.4972e-01
 2.346e+01 4.9928e-02 4.9928e-02 [ 2.1898e-04 2.8681e-02 1.7863e-02 2.8764e-03 2.8890e-04 ] 9.5007e-01
 2.357e+01 4.9690e-02 4.9690e-02 [ 2.0759e-04 2.8533e-02 1.7975e-02 2.7056e-03 2.6847e-04 ] 9.5031e-01
 2.369e+01 4.9546e-02 4.9546e-02 [ 1.9670e-04 2.8388e-02 1.8116e-02 2.5913e-03 2.5352e-04 ] 9.5045e-01
 2.380e+01 4.9479e-02 4.9479e-02 [ 1.8629e-04 2.8243e-02 1.8280e-02 2.5258e-03 2.4380e-04 ] 9.5052e-01
 2.391e+01 4.9481e-02 4.9481e-02 [ 1.7632e-04 2.8095e-02 1.8465e-02 2.5052e-03 2.3917e-04 ] 9.5052e-01
 2.403e+01 4.9551e-02 4.9551e-02 [ 1.6677e-04 2.7946e-02 1.8670e-02 2.5283e-03 2.3961e-04 ] 9.5045e-01
 2.414e+01 4.9695e-02 4.9695e-02 [ 1.5764e-04 2.7795e-02 1.8900e-02 2.5969e-03 2.4522e-04 ] 9.5031e-01
 2.425e+01 4.9926e-02 4.9926e-02 [ 1.4892e-04 2.7645e-02 1.9160e-02 2.7161e-03 2.5621e-04 ] 9.5007e-01
 2.437e+01 5.0268e-02 5.0268e-02 [ 1.4059e-04 2.7500e-02 1.9459e-02 2.8946e-03 2.7291e-04 ] 9.4973e-01
 2.448e+01 5.0753e-02 5.0753e-02 [ 1.3267e-04 2.7366e-02 1.9812e-02 3.1459e-03 2.9580e-04 ] 9.4925e-01
 2.459e+01 5.1430e-02 5.1430e-02 [ 1.2514e-04 2.7251e-02 2.0239e-02 3.4894e-03 3.2552e-04 ] 9.4857e-01
 2.471e+01 5.2364e-02 5.2364e-02 [ 1.1800e-04 2.7164e-02 2.0767e-02 3.9521e-03 3.6285e-04 ] 9.4764e-01
 2.482e+01 5.3646e-02 5.3646e-02 [ 1.1125e-04 2.7119e-02 2.1435e-02 4.5718e-03 4.0883e-04 ] 9.4635e-01
 2.493e+01 5.5396e-02 5.5396e-02 [ 1.0490e-04 2.7133e-02 2.2293e-02 5.4001e-03 4.6468e-04 ] 9.4460e-01
 2.505e+01 5.7779e-02 5.7779e-02 [ 9.8956e-05 2.7230e-02 2.3411e-02 6.5075e-03 5.3195e-04 ] 9.4222e-01
 2.516e+01 6.1015e-02 6.1015e-02 [ 9.3413e-05 2.7438e-02 2.4882e-02 7.9898e-03 6.1252e-04 ] 9.3898e-01
 2.527e+01 6.5398e-02 6.5398e-02 [ 8.8283e-05 2.7794e-02 2.6830e-02 9.9765e-03 7.0867e-04 ] 9.3460e-01
 2.539e+01 7.1314e-02 7.1314e-02 [ 8.3577e-05 2.8347e-02 2.9419e-02 1.2642e-02 8.2319e-04 ] 9.2869e-01
 2.550e+01 7.9272e-02 7.9272e-02 [ 7.9304e-05 2.9153e-02 3.2864e-02 1.6216e-02 9.5941e-04 ] 9.2073e-01
 2.561e+01 8.9928e-02 8.9928e-02 [ 7.5476e-05 3.0286e-02 3.7443e-02 2.1002e-02 1.1213e-03 ] 9.1007e-01
 2.573e+01 1.0411e-01 1.0411e-01 [ 7.2099e-05 3.1830e-02 4.3505e-02 2.7386e-02 1.3134e-03 ] 8.9589e-01
 2.584e+01 1.2281e-01 1.2281e-01 [ 6.9174e-05 3.3880e-02 5.1473e-02 3.5849e-02 1.5408e-03 ] 8.7719e-01
 2.595e+01 1.4719e-01 1.4719e-01 [ 6.6684e-05 3.6531e-02 6.1832e-02 4.6954e-02 1.8087e-03 ] 8.5281e-01
 2.607e+01 1.7846e-01 1.7846e-01 [ 6.4584e-05 3.9867e-02 7.5092e-02 6.1316e-02 2.1216e-03 ] 8.2154e-01
 2.618e+01 2.1770e-01 2.1770e-01 [ 6.2793e-05 4.3931e-02 9.1702e-02 7.9517e-02 2.4819e-03 ] 7.8230e-01
 2.629e+01 2.6552e-01 2.6552e-01 [ 6.1175e-05 4.8688e-02 1.1192e-01 1.0196e-01 2.8881e-03 ] 7.3448e-01
 2.641e+01 3.2167e-01 3.2167e-01 [ 5.9541e-05 5.3983e-02 1.3562e-01 1.2868e-01 3.3322e-03 ] 6.7833e-01
 2.652e+01 3.8457e-01 3.8457e-01 [ 5.7659e-05 5.9513e-02 1.6212e-01 1.5908e-01 3.7980e-03 ] 6.1543e-01
 2.663e+01 4.5111e-01 4.5111e-01 [ 5.5303e-05 6.4838e-02 1.9010e-01 1.9186e-01 4.2611e-03 ] 5.4889e-01
 2.675e+01 5.1701e-01 5.1701e-01 [ 5.2311e-05 6.9451e-02 2.1772e-01 2.2509e-01 4.6928e-03 ] 4.8299e-01
 2.686e+01 5.7770e-01 5.7770e-01 [ 4.8648e-05 7.2907e-02 2.4306e-01 2.5662e-01 5.0669e-03 ] 4.2230e-01
 2.697e+01 6.2956e-01 6.2956e-01 [ 4.4426e-05 7.4949e-02 2.6458e-01 2.8462e-01 5.3669e-03 ] 3.7044e-01
 2.709e+01 6.7080e-01 6.7080e-01 [ 3.9874e-05 7.5567e-02 2.8152e-01 3.0807e-01 5.5905e-03 ] 3.2920e-01
 2.720e+01 7.0155e-01 7.0155e-01 [ 3.5256e-05 7.4958e-02 2.9397e-01 3.2684e-01 5.7472e-03 ] 2.9845e-01
 2.731e+01 7.2330e-01 7.2330e-01 [ 3.0802e-05 7.3430e-02 3.0253e-01 3.4145e-01 5.8529e-03 ] 2.7670e-01
 2.743e+01 7.3806e-01 7.3806e-01 [ 2.6671e-05 7.1295e-02 3.0809e-01 3.5273e-01 5.9245e-03 ] 2.6194e-01
 2.754e+01 7.4777e-01 7.4777e-01 [ 2.2948e-05 6.8816e-02 3.1145e-01 3.6151e-01 5.9758e-03 ] 2.5223e-01
 2.765e+01 7.5399e-01 7.5399e-01 [ 1.9660e-05 6.6187e-02 3.1329e-01 3.6848e-01 6.0167e-03 ] 2.4601e-01
 2.777e+01 7.5783e-01 7.5783e-01 [ 1.6797e-05 6.3535e-02 3.1407e-01 3.7415e-01 6.0535e-03 ] 2.4217e-01
 2.788e+01 7.5995e-01 7.5995e-01 [ 1.4329e-05 6.0937e-02 3.1410e-01 3.7881e-01 6.0901e-03 ] 2.4005e-01
 2.799e+01 7.6065e-01 7.6065e-01 [ 1.2214e-05 5.8428e-02 3.1349e-01 3.8259e-01 6.1280e-03 ] 2.3935e-01
 2.811e+01 7.5986e-01 7.5986e-01 [ 1.0409e-05 5.6012e-02 3.1224e-01 3.8543e-01 6.1673e-03 ] 2.4014e-01
 2.822e+01 7.5711e-01 7.5711e-01 [ 8.8716e-06 5.3665e-02 3.1017e-01 3.8706e-01 6.2063e-03 ] 2.4289e-01
 2.833e+01 7.5151e-01 7.5151e-01 [ 7.5596e-06 5.1332e-02 3.0691e-01 3.8701e-01 6.2405e-03 ] 2.4849e-01
 2.845e+01 7.4160e-01 7.4160e-01 [ 6.4344e-06 4.8927e-02 3.0190e-01 3.8450e-01 6.2617e-03 ] 2.5840e-01
 2.856e+01 7.2536e-01 7.2536e-01 [ 5.4596e-06 4.6332e-02 2.9433e-01 3.7843e-01 6.2560e-03 ] 2.7464e-01
 2.867e+01 7.0026e-01 7.0026e-01 [ 4.6028e-06 4.3407e-02 2.8321e-01 3.6743e-01 6.2037e-03 ] 2.9974e-01
 2.879e+01 6.6381e-01 6.6381e-01 [ 3.8377e-06 4.0020e-02 2.6755e-01 3.5015e-01 6.0804e-03 ] 3.3619e-01
 2.890e+01 6.1443e-01 6.1443e-01 [ 3.1471e-06 3.6099e-02 2.4677e-01 3.2569e-01 5.8635e-03 ] 3.8557e-01
 2.901e+01 5.5262e-01 5.5262e-01 [ 2.5247e-06 3.1692e-02 2.2112e-01 2.9427e-01 5.5413e-03 ] 4.4738e-01
 2.913e+01 4.8153e-01 4.8153e-01 [ 1.9738e-06 2.6989e-02 1.9189e-01 2.5752e-01 5.1210e-03 ] 5.1847e-01
 2.924e+01 4.0636e-01 4.0636e-01 [ 1.5016e-06 2.2277e-02 1.6122e-01 2.1823e-01 4.6293e-03 ] 5.9364e-01
 2.935e+01 3.3288e-01 3.3288e-01 [ 1.1128e-06 1.7856e-02 1.3141e-01 1.7951e-01 4.1039e-03 ] 6.6712e-01
 2.947e+01 2.6579e-01 2.6579e-01 [ 8.0565e-07 1.3950e-02 1.0433e-01 1.4392e-01 3.5821e-03 ] 7.3421e-01
 2.958e+01 2.0790e-01 2.0790e-01 [ 5.7209e-07 1.0672e-02 8.1075e-02 1.1306e-01 3.0925e-03 ] 7.9210e-01
 2.969e+01 1.6012e-01 1.6012e-01 [ 4.0009e-07 8.0324e-03 6.1968e-02 8.7465e-02 2.6515e-03 ] 8.3988e-01
 2.981e+01 1.2200e-01 1.2200e-01 [ 2.7664e-07 5.9740e-03 4.6796e-02 6.6965e-02 2.2656e-03 ] 8.7800e-01
 2.992e+01 9.2334e-02 9.2334e-02 [ 1.8974e-07 4.4065e-03 3.5046e-02 5.0948e-02 1.9339e-03 ] 9.0767e-01
 3.003e+01 6.9645e-02 6.9645e-02 [ 1.2943e-07 3.2331e-03 2.6109e-02 3.8652e-02 1.6519e-03 ] 9.3035e-01
 3.015e+01 5.2495e-02 5.2495e-02 [ 8.8003e-08 2.3651e-03 1.9394e-02 2.9322e-02 1.4135e-03 ] 9.4751e-01
 3.026e+01 3.9624e-02 3.9624e-02 [ 5.9730e-08 1.7279e-03 1.4391e-02 2.2293e-02 1.2121e-03 ] 9.6038e-01
 3.037e+01 3.0004e-02 3.0004e-02 [ 4.0517e-08 1.2625e-03 1.0681e-02 1.7018e-02 1.0420e-03 ] 9.7000e-01
 3.049e+01 2.2821e-02 2.2821e-02 [ 2.7492e-08 9.2335e-04 7.9367e-03 1.3063e-02 8.9810e-04 ] 9.7718e-01
 3.060e+01 1.7456e-02 1.7456e-02 [ 1.8671e-08 6.7644e-04 5.9089e-03 1.0094e-02 7.7596e-04 ] 9.8254e-01
 3.071e+01 1.3439e-02 1.3439e-02 [ 1.2698e-08 4.9663e-04 4.4099e-03 7.8604e-03 6.7204e-04 ] 9.8656e-01
 3.083e+01 1.0422e-02 1.0422e-02 [ 8.6493e-09 3.6552e-04 3.3002e-03 6.1726e-03 5.8336e-04 ] 9.8958e-01
 3.094e+01 8.1455e-03 8.1455e-03 [ 5.9025e-09 2.6976e-04 2.4771e-03 4.8911e-03 5.0749e-04 ] 9.9185e-01
 3.105e+01 6.4197e-03 6.4197e-03 [ 4.0359e-09 1.9965e-04 1.8652e-03 3.9125e-03 4.4240e-04 ] 9.9358e-01
 3.117e+01 5.1038e-03 5.1038e-03 [ 2.7652e-09 1.4820e-04 1.4090e-03 3.1602e-03 3.8642e-04 ] 9.9490e-01
 3.128e+01 4.0942e-03 4.0942e-03 [ 1.8985e-09 1.1033e-04 1.0679e-03 2.5778e-03 3.3816e-04 ] 9.9591e-01
 3.139e+01 3.3143e-03 3.3143e-03 [ 1.3061e-09 8.2387e-05 8.1200e-04 2.1234e-03 2.9647e-04 ] 9.9669e-01
 3.151e+01 2.7076e-03 2.7076e-03 [ 9.0044e-10 6.1701e-05 6.1947e-04 1.7660e-03 2.6038e-04 ] 9.9729e-01
 3.162e+01 2.2321e-03 2.2321e-03 [ 6.2200e-10 4.6344e-05 4.7414e-04 1.4825e-03 2.2907e-04 ] 9.9777e-01
 3.173e+01 1.8566e-03 1.8566e-03 [ 4.3050e-10 3.4909e-05 3.6408e-04 1.2557e-03 2.0186e-04 ] 9.9814e-01
 3.185e+01 1.5576e-03 1.5576e-03 [ 2.9853e-10 2.6370e-05 2.8046e-04 1.0726e-03 1.7816e-04 ] 9.9844e-01
 3.196e+01 1.3177e-03 1.3177e-03 [ 2.0740e-10 1.9974e-05 2.1672e-04 9.2351e-04 1.5749e-04 ] 9.9868e-01
 3.207e+01 1.1236e-03 1.1236e-03 [ 1.4435e-10 1.5170e-05 1.6799e-04 8.0097e-04 1.3943e-04 ] 9.9888e-01
 3.219e+01 9.6518e-04 9.6518e-04 [ 1.0064e-10 1.1552e-05 1.3062e-04 6.9939e-04 1.2362e-04 ] 9.9903e-01
 3.230e+01 8.3491e-04 8.3491e-04 [ 7.0278e-11 8.8189e-06 1.0186e-04 6.1446e-04 1.0976e-04 ] 9.9917e-01
 3.241e+01 7.2689e-04 7.2689e-04 [ 4.9157e-11 6.7491e-06 7.9678e-05 5.4287e-04 9.7591e-05 ] 9.9927e-01
 3.253e+01 6.3662e-04 6.3662e-04 [ 3.4436e-11 5.1774e-06 6.2509e-05 4.8205e-04 8.6888e-05 ] 9.9936e-01
 3.264e+01 5.6060e-04 5.6060e-04 [ 2.4159e-11 3.9810e-06 4.9183e-05 4.2998e-04 7.7460e-05 ] 9.9944e-01
 3.275e+01 4.9612e-04 4.9612e-04 [ 1.6973e-11 3.0679e-06 3.8811e-05 3.8510e-04 6.9144e-05 ] 9.9950e-01
 3.287e+01 4.4103e-04 4.4103e-04 [ 1.1940e-11 2.3694e-06 3.0716e-05 3.4615e-04 6.1798e-05 ] 9.9956e-01
 3.298e+01 3.9367e-04 3.9367e-04 [ 8.4104e-12 1.8339e-06 2.4381e-05 3.1216e-04 5.5299e-05 ] 9.9961e-01
 3.309e+01 3.5269e-04 3.5269e-04 [ 5.9314e-12 1.4222e-06 1.9410e-05 2.8231e-04 4.9542e-05 ] 9.9965e-01
 3.321e+01 3.1702e-04 3.1702e-04 [ 4.1879e-12 1.1052e-06 1.5499e-05 2.5598e-04 4.4435e-05 ] 9.9968e-01
 3.332e+01 2.8582e-04 2.8582e-04 [ 2.9602e-12 8.6044e-07 1.2414e-05 2.3264e-04 3.9899e-05 ] 9.9971e-01
 3.343e+01 2.5838e-04 2.5838e-04 [ 2.0946e-12 6.7114e-07 9.9745e-06 2.1187e-04 3.5865e-05 ] 9.9974e-01
 3.355e+01 2.3414e-04 2.3414e-04 [ 1.4836e-12 5.2443e-07 8.0407e-06 1.9330e-04 3.2273e-05 ] 9.9977e-01
 3.366e+01 2.1264e-04 2.1264e-04 [ 1.0518e-12 4.1050e-07 6.5038e-06 1.7665e-04 2.9070e-05 ] 9.9979e-01
 3.377e+01 1.9349e-04 1.9349e-04 [ 7.4632e-13 3.2186e-07 5.2793e-06 1.6168e-04 2.6212e-05 ] 9.9981e-01
 3.389e+01 1.7638e-04 1.7638e-04 [ 5.3002e-13 2.5277e-07 4.3013e-06 1.4817e-04 2.3657e-05 ] 9.9982e-01
 3.400e+01 1.6104e-04 1.6104e-04 [ 3.7670e-13 1.9883e-07 3.5183e-06 1.3595e-04 2.1371e-05 ] 9.9984e-01
 3.411e+01 1.4725e-04 1.4725e-04 [ 2.6793e-13 1.5663e-07 2.8897e-06 1.2488e-04 1.9324e-05 ] 9.9985e-01
 3.423e+01 1.3481e-04 1.3481e-04 [ 1.9070e-13 1.2358e-07 2.3838e-06 1.1482e-04 1.7488e-05 ] 9.9987e-01
 3.434e+01 1.2357e-04 1.2357e-04 [ 1.3581e-13 9.7637e-08 1.9757e-06 1.0566e-04 1.5840e-05 ] 9.9988e-01
 3.445e+01 1.1340e-04 1.1340e-04 [ 9.6786e-14 7.7251e-08 1.6454e-06 9.7313e-05 1.4359e-05 ] 9.9989e-01
 3.457e+01 1.0416e-04 1.0416e-04 [ 6.9012e-14 6.1206e-08 1.3774e-06 8.9691e-05 1.3028e-05 ] 9.9990e-01
 3.468e+01 9.5757e-05 9.5757e-05 [ 4.9233e-14 4.8559e-08 1.1594e-06 8.2721e-05 1.1829e-05 ] 9.9990e-01
 3.479e+01 8.8107e-05 8.8107e-05 [ 3.5140e-14 3.8576e-08 9.8141e-07 7.6339e-05 1.0748e-05 ] 9.9991e-01
 3.491e+01 8.1128e-05 8.1128e-05 [ 2.5092e-14 3.0686e-08 8.3564e-07 7.0489e-05 9.7735e-06 ] 9.9992e-01
 3.502e+01 7.4754e-05 7.4754e-05 [ 1.7924e-14 2.4441e-08 7.1586e-07 6.5120e-05 8.8936e-06 ] 9.9993e-01
 3.513e+01 6.8923e-05 6.8923e-05 [ 1.2809e-14 1.9492e-08 6.1705e-07 6.0189e-05 8.0984e-06 ] 9.9993e-01
 3.525e+01 6.3584e-05 6.3584e-05 [ 9.1564e-15 1.5565e-08 5.3522e-07 5.5654e-05 7.3793e-06 ] 9.9994e-01
 3.536e+01 5.8690e-05 5.8690e-05 [ 6.5474e-15 1.2445e-08 4.6718e-07 5.1482e-05 6.7283e-06 ] 9.9994e-01
 3.547e+01 5.4198e-05 5.4198e-05 [ 4.6831e-15 9.9633e-09 4.1033e-07 4.7639e-05 6.1386e-06 ] 9.9995e-01
 3.559e+01 5.0073e-05 5.0073e-05 [ 3.3504e-15 7.9871e-09 3.6261e-07 4.4098e-05 5.6040e-06 ] 9.9995e-01
 3.570e+01 4.6281e-05 4.6281e-05 [ 2.3974e-15 6.4115e-09 3.2235e-07 4.0833e-05 5.1189e-06 ] 9.9995e-01
 3.581e+01 4.2792e-05 4.2792e-05 [ 1.7159e-15 5.1538e-09 2.8820e-07 3.7820e-05 4.6784e-06 ] 9.9996e-01
 3.593e+01 3.9579e-05 3.9579e-05 [ 1.2282e-15 4.1487e-09 2.5906e-07 3.5038e-05 4.2782e-06 ] 9.9996e-01
 3.604e+01 3.6620e-05 3.6620e-05 [ 8.7929e-16 3.3446e-09 2.3405e-07 3.2468e-05 3.9143e-06 ] 9.9996e-01
 3.615e+01 3.3892e-05 3.3892e-05 [ 6.2955e-16 2.7005e-09 2.1246e-07 3.0093e-05 3.5832e-06 ] 9.9997e-01
 3.627e+01 3.1375e-05 3.1375e-05 [ 4.5078e-16 2.1840e-09 1.9369e-07 2.7897e-05 3.2816e-06 ] 9.9997e-01
 3.638e+01 2.9052e-05 2.9052e-05 [ 3.2279e-16 1.7692e-09 1.7729e-07 2.5866e-05 3.0069e-06 ] 9.9997e-01
 3.649e+01 2.6908e-05 2.6908e-05 [ 2.3115e-16 1.4358e-09 1.6285e-07 2.3987e-05 2.7565e-06 ] 9.9997e-01
 3.661e+01 2.4926e-05 2.4926e-05 [ 1.6553e-16 1.1674e-09 1.5006e-07 2.2247e-05 2.5280e-06 ] 9.9998e-01
 3.672e+01 2.3095e-05 2.3095e-05 [ 1.1854e-16 9.5112e-10 1.3866e-07 2.0636e-05 2.3194e-06 ] 9.9998e-01
 3.683e+01 2.1403e-05 2.1403e-05 [ 8.4888e-17 7.7653e-10 1.2845e-07 1.9144e-05 2.1290e-06 ] 9.9998e-01
 3.695e+01 1.9837e-05 1.9837e-05 [ 6.0788e-17 6.3542e-10 1.1924e-07 1.7762e-05 1.9549e-06 ] 9.9998e-01
 3.706e+01 1.8388e-05 1.8388e-05 [ 4.3528e-17 5.2118e-10 1.1090e-07 1.6481e-05 1.7958e-06 ] 9.9998e-01
 3.717e+01 1.7047e-05 1.7047e-05 [ 3.1167e-17 4.2855e-10 1.0330e-07 1.5293e-05 1.6502e-06 ] 9.9998e-01
 3.729e+01 1.5806e-05 1.5806e-05 [ 2.2315e-17 3.5332e-10 9.6341e-08 1.4192e-05 1.5169e-06 ] 9.9998e-01
 3.740e+01 1.4657e-05 1.4657e-05 [ 1.5976e-17 2.9210e-10 8.9951e-08 1.3171e-05 1.3949e-06 ] 9.9999e-01
 3.751e+01 1.3592e-05 1.3592e-05 [ 1.1437e-17 2.4219e-10 8.4056e-08 1.2224e-05 1.2832e-06 ] 9.9999e-01
 3.763e+01 1.2606e-05 1.2606e-05 [ 8.1869e-18 2.0141e-10 7.8601e-08 1.1346e-05 1.1807e-06 ] 9.9999e-01
 3.774e+01 1.1691e-05 1.1691e-05 [ 5.8600e-18 1.6802e-10 7.3538e-08 1.0531e-05 1.0868e-06 ] 9.9999e-01
 3.785e+01 1.0844e-05 1.0844e-05 [ 4.1941e-18 1.4061e-10 6.8827e-08 9.7747e-06 1.0006e-06 ] 9.9999e-01
 3.797e+01 1.0059e-05 1.0059e-05 [ 3.0016e-18 1.1806e-10 6.4433e-08 9.0728e-06 9.2152e-07 ] 9.9999e-01
 3.808e+01 9.3307e-06 9.3307e-06 [ 2.1480e-18 9.9461e-11 6.0327e-08 8.4214e-06 8.4891e-07 ] 9.9999e-01
 3.819e+01 8.6555e-06 8.6555e-06 [ 1.5371e-18 8.4072e-11 5.6485e-08 7.8167e-06 7.8222e-07 ] 9.9999e-01
 3.831e+01 8.0293e-06 8.0293e-06 [ 1.0998e-18 7.1304e-11 5.2884e-08 7.2554e-06 7.2095e-07 ] 9.9999e-01
 3.842e+01 7.4485e-06 7.4485e-06 [ 7.8696e-19 6.0678e-11 4.9507e-08 6.7343e-06 6.6464e-07 ] 9.9999e-01
 3.853e+01 6.9097e-06 6.9097e-06 [ 5.6308e-19 5.1806e-11 4.6336e-08 6.2504e-06 6.1286e-07 ] 9.9999e-01
 3.865e+01 6.4099e-06 6.4099e-06 [ 4.0290e-19 4.4374e-11 4.3357e-08 5.8012e-06 5.6524e-07 ] 9.9999e-01
 3.876e+01 5.9461e-06 5.9461e-06 [ 2.8829e-19 3.8128e-11 4.0558e-08 5.3841e-06 5.2143e-07 ] 9.9999e-01
 3.887e+01 5.5159e-06 5.5159e-06 [ 2.0630e-19 3.2860e-11 3.7926e-08 4.9968e-06 4.8110e-07 ] 9.9999e-01
 3.899e+01 5.1166e-06 5.1166e-06 [ 1.4764e-19 2.8403e-11 3.5451e-08 4.6372e-06 4.4398e-07 ] 9.9999e-01
 3.910e+01 4.7462e-06 4.7462e-06 [ 1.0567e-19 2.4617e-11 3.3124e-08 4.3032e-06 4.0980e-07 ] 1.0000e+00
 3.921e+01 4.4024e-06 4.4024e-06 [ 7.5644e-20 2.1391e-11 3.0936e-08 3.9931e-06 3.7831e-07 ] 1.0000e+00
 3.933e+01 4.0834e-06 4.0834e-06 [ 5.4161e-20 1.8632e-11 2.8879e-08 3.7052e-06 3.4930e-07 ] 1.0000e+00
 3.944e+01 3.7873e-06 3.7873e-06 [ 3.8790e-20 1.6266e-11 2.6946e-08 3.4378e-06 3.2256e-07 ] 1.0000e+00
 3.955e+01 3.5125e-06 3.5125e-06 [ 2.7789e-20 1.4229e-11 2.5130e-08 3.1894e-06 2.9792e-07 ] 1.0000e+00
 3.967e+01 3.2575e-06 3.2575e-06 [ 1.9916e-20 1.2470e-11 2.3423e-08 2.9589e-06 2.7519e-07 ] 1.0000e+00
 3.978e+01 3.0209e-06 3.0209e-06 [ 1.4279e-20 1.0947e-11 2.1822e-08 2.7448e-06 2.5423e-07 ] 1.0000e+00
 3.989e+01 2.8012e-06 2.8012e-06 [ 1.0242e-20 9.6244e-12 2.0319e-08 2.5460e-06 2.3490e-07 ] 1.0000e+00
 4.001e+01 2.5974e-06 2.5974e-06 [ 7.3511e-21 8.4727e-12 1.8909e-08 2.3614e-06 2.1706e-07 ] 1.0000e+00
 4.012e+01 2.4083e-06 2.4083e-06 [ 5.2792e-21 7.4675e-12 1.7587e-08 2.1901e-06 2.0060e-07 ] 1.0000e+00
 4.023e+01 2.2327e-06 2.2327e-06 [ 3.7939e-21 6.5882e-12 1.6349e-08 2.0310e-06 1.8541e-07 ] 1.0000e+00
 4.035e+01 2.0699e-06 2.0699e-06 [ 2.7286e-21 5.8173e-12 1.5189e-08 1.8833e-06 1.7138e-07 ] 1.0000e+00
 4.046e+01 1.9187e-06 1.9187e-06 [ 1.9640e-21 5.1402e-12 1.4103e-08 1.7462e-06 1.5843e-07 ] 1.0000e+00
 4.057e+01 1.7785e-06 1.7785e-06 [ 1.4150e-21 4.5446e-12 1.3088e-08 1.6189e-06 1.4647e-07 ] 1.0000e+00
 4.069e+01 1.6483e-06 1.6483e-06 [ 1.0205e-21 4.0198e-12 1.2139e-08 1.5008e-06 1.3543e-07 ] 1.0000e+00
 4.080e+01 1.5276e-06 1.5276e-06 [ 7.3676e-22 3.5569e-12 1.1253e-08 1.3911e-06 1.2522e-07 ] 1.0000e+00
 4.091e+01 1.4156e-06 1.4156e-06 [ 5.3252e-22 3.1480e-12 1.0425e-08 1.2894e-06 1.1580e-07 ] 1.0000e+00
 4.103e+01 1.3117e-06 1.3117e-06 [ 3.8537e-22 2.7865e-12 9.6530e-09 1.1950e-06 1.0709e-07 ] 1.0000e+00
 4.114e+01 1.2153e-06 1.2153e-06 [ 2.7925e-22 2.4667e-12 8.9330e-09 1.1073e-06 9.9036e-08 ] 1.0000e+00
 4.125e+01 1.1259e-06 1.1259e-06 [ 2.0262e-22 2.1836e-12 8.2621e-09 1.0260e-06 9.1596e-08 ] 1.0000e+00
 4.137e+01 1.0430e-06 1.0430e-06 [ 1.4723e-22 1.9328e-12 7.6374e-09 9.5062e-07 8.4719e-08 ] 1.0000e+00
 4.148e+01 9.6607e-07 9.6607e-07 [ 1.0714e-22 1.7105e-12 7.0560e-09 8.8065e-07 7.8361e-08 ] 1.0000e+00
 4.159e+01 8.9475e-07 8.9475e-07 [ 7.8080e-23 1.5135e-12 6.5153e-09 8.1575e-07 7.2484e-08 ] 1.0000e+00
 4.171e+01 8.2861e-07 8.2861e-07 [ 5.6992e-23 1.3388e-12 6.0127e-09 7.5554e-07 6.7049e-08 ] 1.0000e+00
 4.182e+01 7.6728e-07 7.6728e-07 [ 4.1665e-23 1.1839e-12 5.5459e-09 6.9971e-07 6.2024e-08 ] 1.0000e+00
 4.193e+01 7.1042e-07 7.1042e-07 [ 3.0508e-23 1.0466e-12 5.1126e-09 6.4793e-07 5.7376e-08 ] 1.0000e+00
 4.205e+01 6.5770e-07 6.5770e-07 [ 2.2374e-23 9.2487e-13 4.7106e-09 5.9991e-07 5.3078e-08 ] 1.0000e+00
 4.216e+01 6.0884e-07 6.0884e-07 [ 1.6435e-23 8.1694e-13 4.3380e-09 5.5540e-07 4.9103e-08 ] 1.0000e+00
 4.227e+01 5.6355e-07 5.6355e-07 [ 1.2092e-23 7.2129e-13 3.9927e-09 5.1413e-07 4.5425e-08 ] 1.0000e+00
 4.239e+01 5.2157e-07 5.2157e-07 [ 8.9096e-24 6.3653e-13 3.6730e-09 4.7587e-07 4.2024e-08 ] 1.0000e+00
 4.250e+01 4.8266e-07 4.8266e-07 [ 6.5749e-24 5.6145e-13 3.3771e-09 4.4041e-07 3.8877e-08 ] 1.0000e+00
 4.261e+01 4.4661e-07 4.4661e-07 [ 4.8591e-24 4.9498e-13 3.1035e-09 4.0754e-07 3.5966e-08 ] 1.0000e+00
 4.273e+01 4.1321e-07 4.1321e-07 [ 3.5961e-24 4.3614e-13 2.8506e-09 3.7709e-07 3.3273e-08 ] 1.0000e+00
 4.284e+01 3.8226e-07 3.8226e-07 [ 2.6649e-24 3.8409e-13 2.6170e-09 3.4886e-07 3.0781e-08 ] 1.0000e+00
 4.295e+01 3.5359e-07 3.5359e-07 [ 1.9774e-24 3.3806e-13 2.4014e-09 3.2272e-07 2.8475e-08 ] 1.0000e+00
 4.307e+01 3.2704e-07 3.2704e-07 [ 1.4690e-24 2.9738e-13 2.2024e-09 2.9849e-07 2.6342e-08 ] 1.0000e+00
 4.318e+01 3.0244e-07 3.0244e-07 [ 1.0925e-24 2.6144e-13 2.0190e-09 2.7606e-07 2.4368e-08 ] 1.0000e+00
 4.329e+01 2.7967e-07 2.7967e-07 [ 8.1335e-25 2.2971e-13 1.8499e-09 2.5528e-07 2.2542e-08 ] 1.0000e+00
 4.341e+01 2.5858e-07 2.5858e-07 [ 6.0609e-25 2.0171e-13 1.6942e-09 2.3603e-07 2.0852e-08 ] 1.0000e+00
 4.352e+01 2.3905e-07 2.3905e-07 [ 4.5203e-25 1.7701e-13 1.5508e-09 2.1821e-07 1.9288e-08 ] 1.0000e+00
 4.363e+01 2.2097e-07 2.2097e-07 [ 3.3738e-25 1.5525e-13 1.4189e-09 2.0171e-07 1.7841e-08 ] 1.0000e+00
 4.375e+01 2.0423e-07 2.0423e-07 [ 2.5199e-25 1.3607e-13 1.2976e-09 1.8643e-07 1.6502e-08 ] 1.0000e+00
 4.386e+01 1.8874e-07 1.8874e-07 [ 1.8831e-25 1.1920e-13 1.1862e-09 1.7229e-07 1.5262e-08 ] 1.0000e+00
 4.397e+01 1.7441e-07 1.7441e-07 [ 1.4080e-25 1.0435e-13 1.0838e-09 1.5921e-07 1.4116e-08 ] 1.0000e+00
 4.409e+01 1.6114e-07 1.6114e-07 [ 1.0531e-25 9.1292e-14 9.8982e-10 1.4710e-07 1.3055e-08 ] 1.0000e+00
 4.420e+01 1.4887e-07 1.4887e-07 [ 7.8798e-26 7.9820e-14 9.0358e-10 1.3589e-07 1.2073e-08 ] 1.0000e+00
 4.431e+01 1.3751e-07 1.3751e-07 [ 5.8973e-26 6.9747e-14 8.2449e-10 1.2552e-07 1.1164e-08 ] 1.0000e+00
 4.443e+01 1.2700e-07 1.2700e-07 [ 4.4144e-26 6.0907e-14 7.5199e-10 1.1593e-07 1.0324e-08 ] 1.0000e+00
 4.454e+01 1.1729e-07 1.1729e-07 [ 3.3046e-26 5.3155e-14 6.8557e-10 1.0706e-07 9.5456e-09 ] 1.0000e+00
 4.465e+01 1.0830e-07 1.0830e-07 [ 2.4739e-26 4.6361e-14 6.2475e-10 9.8850e-08 8.8259e-09 ] 1.0000e+00
 4.477e+01 9.9990e-08 9.9990e-08 [ 1.8520e-26 4.0410e-14 5.6909e-10 9.1261e-08 8.1599e-09 ] 1.0000e+00
 4.488e+01 9.2306e-08 9.2306e-08 [ 1.3862e-26 3.5201e-14 5.1816e-10 8.4244e-08 7.5437e-09 ] 1.0000e+00
 4.499e+01 8.5202e-08 8.5202e-08 [ 1.0375e-26 3.0645e-14 4.7160e-10 7.7756e-08 6.9737e-09 ] 1.0000e+00
 4.511e+01 7.8634e-08 7.8634e-08 [ 7.7628e-27 2.6663e-14 4.2905e-10 7.1759e-08 6.4463e-09 ] 1.0000e+00
 4.522e+01 7.2564e-08 7.2564e-08 [ 5.8070e-27 2.3183e-14 3.9017e-10 6.6216e-08 5.9583e-09 ] 1.0000e+00
 4.533e+01 6.6954e-08 6.6954e-08 [ 4.3426e-27 2.0146e-14 3.5468e-10 6.1093e-08 5.5070e-09 ] 1.0000e+00
 4.545e+01 6.1770e-08 6.1770e-08 [ 3.2463e-27 1.7496e-14 3.2228e-10 5.6359e-08 5.0894e-09 ] 1.0000e+00
 4.556e+01 5.6980e-08 5.6980e-08 [ 2.4259e-27 1.5185e-14 2.9273e-10 5.1985e-08 4.7032e-09 ] 1.0000e+00
 4.567e+01 5.2555e-08 5.2555e-08 [ 1.8120e-27 1.3172e-14 2.6578e-10 4.7944e-08 4.3460e-09 ] 1.0000e+00
 4.579e+01 4.8468e-08 4.8468e-08 [ 1.3529e-27 1.1418e-14 2.4122e-10 4.4211e-08 4.0155e-09 ] 1.0000e+00
 4.590e+01 4.4692e-08 4.4692e-08 [ 1.0096e-27 9.8926e-15 2.1885e-10 4.0763e-08 3.7100e-09 ] 1.0000e+00
 4.601e+01 4.1206e-08 4.1206e-08 [ 7.5298e-28 8.5657e-15 1.9847e-10 3.7580e-08 3.4273e-09 ] 1.0000e+00
 4.613e+01 3.7986e-08 3.7986e-08 [ 5.6131e-28 7.4123e-15 1.7993e-10 3.4640e-08 3.1660e-09 ] 1.0000e+00
 4.624e+01 3.5013e-08 3.5013e-08 [ 4.1819e-28 6.4106e-15 1.6305e-10 3.1926e-08 2.9243e-09 ] 1.0000e+00
 4.635e+01 3.2269e-08 3.2269e-08 [ 3.1138e-28 5.5410e-15 1.4771e-10 2.9421e-08 2.7009e-09 ] 1.0000e+00
 4.647e+01 2.9736e-08 2.9736e-08 [ 2.3171e-28 4.7865e-15 1.3376e-10 2.7108e-08 2.4943e-09 ] 1.0000e+00
 4.658e+01 2.7399e-08 2.7399e-08 [ 1.7232e-28 4.1325e-15 1.2108e-10 2.4974e-08 2.3033e-09 ] 1.0000e+00
 4.669e+01 2.5241e-08 2.5241e-08 [ 1.2807e-28 3.5657e-15 1.0956e-10 2.3005e-08 2.1267e-09 ] 1.0000e+00
 4.681e+01 2.3251e-08 2.3251e-08 [ 9.5116e-29 3.0750e-15 9.9107e-11 2.1188e-08 1.9635e-09 ] 1.0000e+00
 4.692e+01 2.1414e-08 2.1414e-08 [ 7.0597e-29 2.6502e-15 8.9617e-11 1.9512e-08 1.8126e-09 ] 1.0000e+00
 4.703e+01 1.9720e-08 1.9720e-08 [ 5.2363e-29 2.2829e-15 8.1008e-11 1.7966e-08 1.6732e-09 ] 1.0000e+00
 4.715e+01 1.8158e-08 1.8158e-08 [ 3.8811e-29 1.9654e-15 7.3200e-11 1.6540e-08 1.5443e-09 ] 1.0000e+00
 4.726e+01 1.6717e-08 1.6717e-08 [ 2.8747e-29 1.6911e-15 6.6121e-11 1.5226e-08 1.4252e-09 ] 1.0000e+00
 4.737e+01 1.5388e-08 1.5388e-08 [ 2.1278e-29 1.4543e-15 5.9707e-11 1.4013e-08 1.3152e-09 ] 1.0000e+00
 4.749e+01 1.4163e-08 1.4163e-08 [ 1.5738e-29 1.2499e-15 5.3896e-11 1.2896e-08 1.2135e-09 ] 1.0000e+00
 4.760e+01 1.3034e-08 1.3034e-08 [ 1.1632e-29 1.0737e-15 4.8635e-11 1.1866e-08 1.1196e-09 ] 1.0000e+00
 4.771e+01 1.1993e-08 1.1993e-08 [ 8.5913e-30 9.2184e-16 4.3872e-11 1.0917e-08 1.0329e-09 ] 1.0000e+00
 4.783e+01 1.1034e-08 1.1034e-08 [ 6.3408e-30 7.9102e-16 3.9563e-11 1.0042e-08 9.5271e-10 ] 1.0000e+00
 4.794e+01 1.0150e-08 1.0150e-08 [ 4.6764e-30 6.7840e-16 3.5665e-11 9.2359e-09 8.7869e-10 ] 1.0000e+00
 4.805e+01 9.3359e-09 9.3359e-09 [ 3.4463e-30 5.8151e-16 3.2141e-11 8.4934e-09 8.1034e-10 ] 1.0000e+00
 4.817e+01 8.5856e-09 8.5856e-09 [ 2.5380e-30 4.9819e-16 2.8955e-11 7.8095e-09 7.4721e-10 ] 1.0000e+00
 4.828e+01 7.8946e-09 7.8946e-09 [ 1.8676e-30 4.2659e-16 2.6077e-11 7.1796e-09 6.8893e-10 ] 1.0000e+00
 4.839e+01 7.2581e-09 7.2581e-09 [ 1.3734e-30 3.6508e-16 2.3477e-11 6.5995e-09 6.3512e-10 ] 1.0000e+00
 4.851e+01 6.6721e-09 6.6721e-09 [ 1.0091e-30 3.1228e-16 2.1130e-11 6.0655e-09 5.8545e-10 ] 1.0000e+00
 4.862e+01 6.1325e-09 6.1325e-09 [ 7.4096e-31 2.6698e-16 1.9011e-11 5.5738e-09 5.3959e-10 ] 1.0000e+00
 4.873e+01 5.6357e-09 5.6357e-09 [ 5.4365e-31 2.2813e-16 1.7100e-11 5.1213e-09 4.9727e-10 ] 1.0000e+00
 4.885e+01 5.1784e-09 5.1784e-09 [ 3.9859e-31 1.9484e-16 1.5376e-11 4.7048e-09 4.5822e-10 ] 1.0000e+00
 4.896e+01 4.7576e-09 4.7576e-09 [ 2.9202e-31 1.6632e-16 1.3821e-11 4.3216e-09 4.2218e-10 ] 1.0000e+00
 4.907e+01 4.3703e-09 4.3703e-09 [ 2.1378e-31 1.4190e-16 1.2420e-11 3.9690e-09 3.8893e-10 ] 1.0000e+00
 4.919e+01 4.0140e-09 4.0140e-09 [ 1.5639e-31 1.2100e-16 1.1157e-11 3.6446e-09 3.5825e-10 ] 1.0000e+00
 4.930e+01 3.6862e-09 3.6862e-09 [ 1.1432e-31 1.0314e-16 1.0020e-11 3.3462e-09 3.2995e-10 ] 1.0000e+00
 4.941e+01 3.3847e-09 3.3847e-09 [ 8.3509e-32 8.7862e-17 8.9955e-12 3.0719e-09 3.0385e-10 ] 1.0000e+00
 4.953e+01 3.1074e-09 3.1074e-09 [ 6.0956e-32 7.4813e-17 8.0736e-12 2.8195e-09 2.7978e-10 ] 1.0000e+00
 4.964e+01 2.8524e-09 2.8524e-09 [ 4.4461e-32 6.3671e-17 7.2440e-12 2.5876e-09 2.5758e-10 ] 1.0000e+00
 4.975e+01 2.6179e-09 2.6179e-09 [ 3.2406e-32 5.4161e-17 6.4977e-12 2.3743e-09 2.3712e-10 ] 1.0000e+00
 4.987e+01 2.4024e-09 2.4024e-09 [ 2.3602e-32 4.6050e-17 5.8265e-12 2.1783e-09 2.1825e-10 ] 1.0000e+00
 4.998e+01 2.2043e-09 2.2043e-09 [ 1.7178e-32 3.9134e-17 5.2232e-12 1.9982e-09 2.0086e-10 ] 1.0000e+00
 5.009e+01 2.0222e-09 2.0222e-09 [ 1.2493e-32 3.3241e-17 4.6809e-12 1.8327e-09 1.8482e-10 ] 1.0000e+00
 5.021e+01 1.8549e-09 1.8549e-09 [ 9.0792e-33 2.8221e-17 4.1937e-12 1.6807e-09 1.7005e-10 ] 1.0000e+00
 5.032e+01 1.7012e-09 1.7012e-09 [ 6.5935e-33 2.3949e-17 3.7561e-12 1.5410e-09 1.5644e-10 ] 1.0000e+00
 5.043e+01 1.5600e-09 1.5600e-09 [ 4.7849e-33 2.0313e-17 3.3632e-12 1.4127e-09 1.4389e-10 ] 1.0000e+00
 5.055e+01 1.4303e-09 1.4303e-09 [ 3.4700e-33 1.7221e-17 3.0105e-12 1.2949e-09 1.3234e-10 ] 1.0000e+00
 5.066e+01 1.3112e-09 1.3112e-09 [ 2.5146e-33 1.4593e-17 2.6940e-12 1.1868e-09 1.2169e-10 ] 1.0000e+00
 5.077e+01 1.2018e-09 1.2018e-09 [ 1.8209e-33 1.2360e-17 2.4101e-12 1.0875e-09 1.1189e-10 ] 1.0000e+00
 5.089e+01 1.1014e-09 1.1014e-09 [ 1.3177e-33 1.0464e-17 2.1555e-12 9.9634e-10 1.0286e-10 ] 1.0000e+00
 5.100e+01 1.0092e-09 1.0092e-09 [ 9.5285e-34 8.8549e-18 1.9273e-12 9.1270e-10 9.4547e-11 ] 1.0000e+00
 5.111e+01 9.2457e-10 9.2457e-10 [ 6.8854e-34 7.4896e-18 1.7227e-12 8.3595e-10 8.6894e-11 ] 1.0000e+00
 5.123e+01 8.4693e-10 8.4693e-10 [ 4.9720e-34 6.3319e-18 1.5394e-12 7.6554e-10 7.9850e-11 ] 1.0000e+00
 5.134e+01 7.7569e-10 7.7569e-10 [ 3.5878e-34 5.3507e-18 1.3752e-12 7.0095e-10 7.3366e-11 ] 1.0000e+00
 5.145e+01 7.1033e-10 7.1033e-10 [ 2.5872e-34 4.5194e-18 1.2282e-12 6.4170e-10 6.7399e-11 ] 1.0000e+00
 5.157e+01 6.5038e-10 6.5038e-10 [ 1.8644e-34 3.8156e-18 1.0966e-12 5.8738e-10 6.1908e-11 ] 1.0000e+00
 5.168e+01 5.9540e-10 5.9540e-10 [ 1.3425e-34 3.2200e-18 9.7881e-13 5.3756e-10 5.6856e-11 ] 1.0000e+00
 5.179e+01 5.4498e-10 5.4498e-10 [ 9.6610e-35 2.7160e-18 8.7344e-13 4.9190e-10 5.2209e-11 ] 1.0000e+00
 5.191e+01 4.9876e-10 4.9876e-10 [ 6.9474e-35 2.2900e-18 7.7920e-13 4.5004e-10 4.7935e-11 ] 1.0000e+00
 5.202e+01 4.5638e-10 4.5638e-10 [ 4.9926e-35 1.9299e-18 6.9493e-13 4.1168e-10 4.4005e-11 ] 1.0000e+00
 5.213e+01 4.1754e-10 4.1754e-10 [ 3.5854e-35 1.6257e-18 6.1960e-13 3.7653e-10 4.0390e-11 ] 1.0000e+00
 5.225e+01 3.8194e-10 3.8194e-10 [ 2.5731e-35 1.3688e-18 5.5229e-13 3.4432e-10 3.7067e-11 ] 1.0000e+00
 5.236e+01 3.4933e-10 3.4933e-10 [ 1.8453e-35 1.1520e-18 4.9216e-13 3.1482e-10 3.4013e-11 ] 1.0000e+00
 5.247e+01 3.1945e-10 3.1945e-10 [ 1.3225e-35 9.6916e-19 4.3845e-13 2.8781e-10 3.1205e-11 ] 1.0000e+00
 5.259e+01 2.9208e-10 2.9208e-10 [ 9.4720e-36 8.1496e-19 3.9049e-13 2.6306e-10 2.8625e-11 ] 1.0000e+00
 5.270e+01 2.6701e-10 2.6701e-10 [ 6.7794e-36 6.8499e-19 3.4769e-13 2.4041e-10 2.6254e-11 ] 1.0000e+00
 5.281e+01 2.4406e-10 2.4406e-10 [ 4.8490e-36 5.7550e-19 3.0950e-13 2.1967e-10 2.4076e-11 ] 1.0000e+00
 5.293e+01 2.2304e-10 2.2304e-10 [ 3.4660e-36 4.8330e-19 2.7542e-13 2.0069e-10 2.2076e-11 ] 1.0000e+00
 5.304e+01 2.0380e-10 2.0380e-10 [ 2.4758e-36 4.0569e-19 2.4503e-13 1.8332e-10 2.0238e-11 ] 1.0000e+00
 5.315e+01 1.8619e-10 1.8619e-10 [ 1.7673e-36 3.4040e-19 2.1794e-13 1.6742e-10 1.8551e-11 ] 1.0000e+00
 5.327e+01 1.7008e-10 1.7008e-10 [ 1.2608e-36 2.8550e-19 1.9378e-13 1.5288e-10 1.7001e-11 ] 1.0000e+00
 5.338e+01 1.5533e-10 1.5533e-10 [ 8.9883e-37 2.3934e-19 1.7226e-13 1.3958e-10 1.5579e-11 ] 1.0000e+00
 5.349e+01 1.4184e-10 1.4184e-10 [ 6.4037e-37 2.0057e-19 1.5309e-13 1.2742e-10 1.4273e-11 ] 1.0000e+00
 5.361e+01 1.2950e-10 1.2950e-10 [ 4.5594e-37 1.6800e-19 1.3601e-13 1.1629e-10 1.3075e-11 ] 1.0000e+00
 5.372e+01 1.1822e-10 1.1822e-10 [ 3.2442e-37 1.4066e-19 1.2081e-13 1.0612e-10 1.1976e-11 ] 1.0000e+00
 5.383e+01 1.0790e-10 1.0790e-10 [ 2.3069e-37 1.1772e-19 1.0728e-13 9.6825e-11 1.0967e-11 ] 1.0000e+00
 5.395e+01 9.8465e-11 9.8465e-11 [ 1.6393e-37 9.8483e-20 9.5237e-14 8.8328e-11 1.0041e-11 ] 1.0000e+00
 5.406e+01 8.9841e-11 8.9841e-11 [ 1.1642e-37 8.2353e-20 8.4524e-14 8.0564e-11 9.1926e-12 ] 1.0000e+00
 5.417e+01 8.1959e-11 8.1959e-11 [ 8.2626e-38 6.8836e-20 7.4996e-14 7.3470e-11 8.4143e-12 ] 1.0000e+00
 5.429e+01 7.4756e-11 7.4756e-11 [ 5.8605e-38 5.7513e-20 6.6525e-14 6.6989e-11 7.7006e-12 ] 1.0000e+00
 5.440e+01 6.8175e-11 6.8175e-11 [ 4.1541e-38 4.8033e-20 5.8995e-14 6.1070e-11 7.0463e-12 ] 1.0000e+00
 5.451e+01 6.2164e-11 6.2164e-11 [ 2.9427e-38 4.0099e-20 5.2303e-14 5.5665e-11 6.4466e-12 ] 1.0000e+00
 5.463e+01 5.6673e-11 5.6673e-11 [ 2.0833e-38 3.3461e-20 4.6358e-14 5.0729e-11 5.8969e-12 ] 1.0000e+00
 5.474e+01 5.1658e-11 5.1658e-11 [ 1.4740e-38 2.7911e-20 4.1078e-14 4.6224e-11 5.3933e-12 ] 1.0000e+00
 5.485e+01 4.7080e-11 4.7080e-11 [ 1.0422e-38 2.3271e-20 3.6389e-14 4.2112e-11 4.9318e-12 ] 1.0000e+00
 5.497e+01 4.2900e-11 4.2900e-11 [ 7.3645e-39 1.9395e-20 3.2228e-14 3.8359e-11 4.5091e-12 ] 1.0000e+00
 5.508e+01 3.9085e-11 3.9085e-11 [ 5.2008e-39 1.6158e-20 2.8534e-14 3.4934e-11 4.1220e-12 ] 1.0000e+00
 5.519e+01 3.5603e-11 3.5603e-11 [ 3.6706e-39 1.3455e-20 2.5258e-14 3.1810e-11 3.7675e-12 ] 1.0000e+00
 5.531e+01 3.2426e-11 3.2426e-11 [ 2.5890e-39 1.1200e-20 2.2351e-14 2.8960e-11 3.4429e-12 ] 1.0000e+00
 5.542e+01 2.9527e-11 2.9527e-11 [ 1.8250e-39 9.3195e-21 1.9774e-14 2.6362e-11 3.1457e-12 ] 1.0000e+00
 5.553e+01 2.6883e-11 2.6883e-11 [ 1.2857e-39 7.7513e-21 1.7490e-14 2.3992e-11 2.8738e-12 ] 1.0000e+00
 5.565e+01 2.4472e-11 2.4472e-11 [ 9.0521e-40 6.4443e-21 1.5465e-14 2.1832e-11 2.6249e-12 ] 1.0000e+00
 5.576e+01 2.2273e-11 2.2273e-11 [ 6.3694e-40 5.3556e-21 1.3671e-14 1.9862e-11 2.3971e-12 ] 1.0000e+00
 5.587e+01 2.0269e-11 2.0269e-11 [ 4.4791e-40 4.4490e-21 1.2082e-14 1.8068e-11 2.1888e-12 ] 1.0000e+00
 5.599e+01 1.8441e-11 1.8441e-11 [ 3.1479e-40 3.6943e-21 1.0675e-14 1.6433e-11 1.9982e-12 ] 1.0000e+00
 5.610e+01 1.6776e-11 1.6776e-11 [ 2.2110e-40 3.0665e-21 9.4293e-15 1.4943e-11 1.8239e-12 ] 1.0000e+00
 5.621e+01 1.5258e-11 1.5258e-11 [ 1.5521e-40 2.5443e-21 8.3268e-15 1.3586e-11 1.6646e-12 ] 1.0000e+00
 5.633e+01 1.3876e-11 1.3876e-11 [ 1.0888e-40 2.1102e-21 7.3513e-15 1.2350e-11 1.5189e-12 ] 1.0000e+00
 5.644e+01 1.2616e-11 1.2616e-11 [ 7.6343e-41 1.7494e-21 6.4884e-15 1.1224e-11 1.3857e-12 ] 1.0000e+00
 5.655e+01 1.1469e-11 1.1469e-11 [ 5.3496e-41 1.4497e-21 5.7253e-15 1.0199e-11 1.2640e-12 ] 1.0000e+00
 5.667e+01 1.0425e-11 1.0425e-11 [ 3.7464e-41 1.2009e-21 5.0506e-15 9.2668e-12 1.1527e-12 ] 1.0000e+00
 5.678e+01 9.4735e-12 9.4735e-12 [ 2.6222e-41 9.9443e-22 4.4542e-15 8.4179e-12 1.0511e-12 ] 1.0000e+00
 5.689e+01 8.6077e-12 8.6077e-12 [ 1.8342e-41 8.2311e-22 3.9273e-15 7.6455e-12 9.5830e-13 ] 1.0000e+00
 5.701e+01 7.8197e-12 7.8197e-12 [ 1.2823e-41 6.8103e-22 3.4618e-15 6.9427e-12 8.7353e-13 ] 1.0000e+00
 5.712e+01 7.1026e-12 7.1026e-12 [ 8.9595e-42 5.6325e-22 3.0506e-15 6.3035e-12 7.9612e-13 ] 1.0000e+00
 5.723e+01 6.4502e-12 6.4502e-12 [ 6.2564e-42 4.6566e-22 2.6876e-15 5.7221e-12 7.2544e-13 ] 1.0000e+00
 5.735e+01 5.8567e-12 5.8567e-12 [ 4.3663e-42 3.8482e-22 2.3672e-15 5.1934e-12 6.6093e-13 ] 1.0000e+00
 5.746e+01 5.3169e-12 5.3169e-12 [ 3.0455e-42 3.1789e-22 2.0844e-15 4.7128e-12 6.0204e-13 ] 1.0000e+00
 5.757e+01 4.8260e-12 4.8260e-12 [ 2.1231e-42 2.6250e-22 1.8350e-15 4.2759e-12 5.4831e-13 ] 1.0000e+00
 5.769e+01 4.3797e-12 4.3797e-12 [ 1.4792e-42 2.1667e-22 1.6149e-15 3.8788e-12 4.9929e-13 ] 1.0000e+00
 5.780e+01 3.9739e-12 3.9739e-12 [ 1.0300e-42 1.7877e-22 1.4209e-15 3.5180e-12 4.5457e-13 ] 1.0000e+00
 5.791e+01 3.6052e-12 3.6052e-12 [ 7.1678e-43 1.4745e-22 1.2499e-15 3.1901e-12 4.1379e-13 ] 1.0000e+00
 5.803e+01 3.2700e-12 3.2700e-12 [ 4.9855e-43 1.2156e-22 1.0992e-15 2.8924e-12 3.7659e-13 ] 1.0000e+00
 5.814e+01 2.9656e-12 2.9656e-12 [ 3.4657e-43 1.0018e-22 9.6636e-16 2.6219e-12 3.4268e-13 ] 1.0000e+00
 5.825e+01 2.6890e-12 2.6890e-12 [ 2.4078e-43 8.2529e-23 8.4939e-16 2.3763e-12 3.1177e-13 ] 1.0000e+00
 5.837e+01 2.4377e-12 2.4377e-12 [ 1.6719e-43 6.7961e-23 7.4637e-16 2.1534e-12 2.8360e-13 ] 1.0000e+00
 5.848e+01 2.2096e-12 2.2096e-12 [ 1.1603e-43 5.5942e-23 6.5569e-16 1.9510e-12 2.5793e-13 ] 1.0000e+00
 5.859e+01 2.0024e-12 2.0024e-12 [ 8.0479e-44 4.6031e-23 5.7587e-16 1.7673e-12 2.3454e-13 ] 1.0000e+00
 5.871e+01 1.8144e-12 1.8144e-12 [ 5.5790e-44 3.7861e-23 5.0563e-16 1.6007e-12 2.1323e-13 ] 1.0000e+00
 5.882e+01 1.6437e-12 1.6437e-12 [ 3.8654e-44 3.1129e-23 4.4385e-16 1.4495e-12 1.9383e-13 ] 1.0000e+00
 5.893e+01 1.4889e-12 1.4889e-12 [ 2.6767e-44 2.5584e-23 3.8952e-16 1.3123e-12 1.7616e-13 ] 1.0000e+00
 5.905e+01 1.3483e-12 1.3483e-12 [ 1.8525e-44 2.1018e-23 3.4174e-16 1.1879e-12 1.6007e-13 ] 1.0000e+00
 5.916e+01 1.2209e-12 1.2209e-12 [ 1.2814e-44 1.7261e-23 2.9975e-16 1.0751e-12 1.4542e-13 ] 1.0000e+00
 5.927e+01 1.1052e-12 1.1052e-12 [ 8.8589e-45 1.4170e-23 2.6286e-16 9.7289e-13 1.3210e-13 ] 1.0000e+00
 5.939e+01 1.0004e-12 1.0004e-12 [ 6.1212e-45 1.1627e-23 2.3044e-16 8.8020e-13 1.1997e-13 ] 1.0000e+00
 5.950e+01 9.0534e-13 9.0534e-13 [ 4.2273e-45 9.5377e-24 2.0197e-16 7.9620e-13 1.0893e-13 ] 1.0000e+00
 5.961e+01 8.1917e-13 8.1917e-13 [ 2.9178e-45 7.8205e-24 1.7697e-16 7.2009e-13 9.8897e-14 ] 1.0000e+00
 5.973e+01 7.4107e-13 7.4107e-13 [ 2.0129e-45 6.4100e-24 1.5502e-16 6.5114e-13 8.9769e-14 ] 1.0000e+00
 5.984e+01 6.7029e-13 6.7029e-13 [ 1.3878e-45 5.2518e-24 1.3577e-16 5.8869e-13 8.1468e-14 ] 1.0000e+00
 5.995e+01 6.0617e-13 6.0617e-13 [ 9.5640e-46 4.3013e-24 1.1887e-16 5.3213e-13 7.3922e-14 ] 1.0000e+00
 6.007e+01 5.4809e-13 5.4809e-13 [ 6.5873e-46 3.5214e-24 1.0405e-16 4.8092e-13 6.7063e-14 ] 1.0000e+00
 6.018e+01 4.9548e-13 4.9548e-13 [ 4.5346e-46 2.8818e-24 9.1051e-17 4.3456e-13 6.0829e-14 ] 1.0000e+00
 6.029e+01 4.4784e-13 4.4784e-13 [ 3.1200e-46 2.3575e-24 7.9657e-17 3.9260e-13 5.5164e-14 ] 1.0000e+00
 6.041e+01 4.0471e-13 4.0471e-13 [ 2.1455e-46 1.9278e-24 6.9671e-17 3.5462e-13 5.0018e-14 ] 1.0000e+00
 6.052e+01 3.6567e-13 3.6567e-13 [ 1.4746e-46 1.5758e-24 6.0921e-17 3.2026e-13 4.5344e-14 ] 1.0000e+00
 6.063e+01 3.3033e-13 3.3033e-13 [ 1.0130e-46 1.2876e-24 5.3256e-17 2.8918e-13 4.1099e-14 ] 1.0000e+00
 6.075e+01 2.9836e-13 2.9836e-13 [ 6.9551e-47 1.0517e-24 4.6544e-17 2.6107e-13 3.7245e-14 ] 1.0000e+00
 6.086e+01 2.6943e-13 2.6943e-13 [ 4.7728e-47 8.5873e-25 4.0667e-17 2.3565e-13 3.3746e-14 ] 1.0000e+00
 6.097e+01 2.4327e-13 2.4327e-13 [ 3.2736e-47 7.0087e-25 3.5523e-17 2.1266e-13 3.0570e-14 ] 1.0000e+00
 6.109e+01 2.1960e-13 2.1960e-13 [ 2.2441e-47 5.7181e-25 3.1022e-17 1.9188e-13 2.7689e-14 ] 1.0000e+00
 6.120e+01 1.9820e-13 1.9820e-13 [ 1.5376e-47 4.6634e-25 2.7084e-17 1.7310e-13 2.5074e-14 ] 1.0000e+00
 6.131e+01 1.7886e-13 1.7886e-13 [ 1.0530e-47 3.8017e-25 2.3639e-17 1.5613e-13 2.2702e-14 ] 1.0000e+00
 6.143e+01 1.6137e-13 1.6137e-13 [ 7.2074e-48 3.0981e-25 2.0628e-17 1.4080e-13 2.0550e-14 ] 1.0000e+00
 6.154e+01 1.4557e-13 1.4557e-13 [ 4.9307e-48 2.5238e-25 1.7995e-17 1.2695e-13 1.8599e-14 ] 1.0000e+00
 6.165e+01 1.3129e-13 1.3129e-13 [ 3.3715e-48 2.0551e-25 1.5695e-17 1.1444e-13 1.6830e-14 ] 1.0000e+00
 6.177e+01 1.1839e-13 1.1839e-13 [ 2.3042e-48 1.6728e-25 1.3685e-17 1.0315e-13 1.5227e-14 ] 1.0000e+00
 6.188e+01 1.0674e-13 1.0674e-13 [ 1.5739e-48 1.3611e-25 1.1929e-17 9.2953e-14 1.3774e-14 ] 1.0000e+00
 6.199e+01 9.6217e-14 9.6217e-14 [ 1.0746e-48 1.1071e-25 1.0396e-17 8.3749e-14 1.2457e-14 ] 1.0000e+00
 6.211e+01 8.6716e-14 8.6716e-14 [ 7.3328e-49 9.0014e-26 9.0576e-18 7.5443e-14 1.1264e-14 ] 1.0000e+00
 6.222e+01 7.8139e-14 7.8139e-14 [ 5.0013e-49 7.3159e-26 7.8894e-18 6.7948e-14 1.0183e-14 ] 1.0000e+00
 6.233e+01 7.0398e-14 7.0398e-14 [ 3.4095e-49 5.9437e-26 6.8702e-18 6.1186e-14 9.2046e-15 ] 1.0000e+00
 6.245e+01 6.3412e-14 6.3412e-14 [ 2.3231e-49 4.8271e-26 5.9810e-18 5.5088e-14 8.3184e-15 ] 1.0000e+00
 6.256e+01 5.7109e-14 5.7109e-14 [ 1.5821e-49 3.9187e-26 5.2056e-18 4.9588e-14 7.5162e-15 ] 1.0000e+00
 6.267e+01 5.1423e-14 5.1423e-14 [ 1.0769e-49 3.1801e-26 4.5296e-18 4.4629e-14 6.7901e-15 ] 1.0000e+00
 6.279e+01 4.6295e-14 4.6295e-14 [ 7.3267e-50 2.5797e-26 3.9403e-18 4.0158e-14 6.1330e-15 ] 1.0000e+00
 6.290e+01 4.1671e-14 4.1671e-14 [ 4.9823e-50 2.0919e-26 3.4268e-18 3.6129e-14 5.5384e-15 ] 1.0000e+00
 6.301e+01 3.7501e-14 3.7501e-14 [ 3.3864e-50 1.6957e-26 2.9795e-18 3.2498e-14 5.0006e-15 ] 1.0000e+00
 6.313e+01 3.3743e-14 3.3743e-14 [ 2.3005e-50 1.3740e-26 2.5899e-18 2.9226e-14 4.5141e-15 ] 1.0000e+00
 6.324e+01 3.0356e-14 3.0356e-14 [ 1.5621e-50 1.1129e-26 2.2506e-18 2.6279e-14 4.0742e-15 ] 1.0000e+00
 6.335e+01 2.7304e-14 2.7304e-14 [ 1.0602e-50 9.0106e-27 1.9553e-18 2.3625e-14 3.6765e-15 ] 1.0000e+00
 6.347e+01 2.4554e-14 2.4554e-14 [ 7.1916e-51 7.2928e-27 1.6983e-18 2.1235e-14 3.3170e-15 ] 1.0000e+00
 6.358e+01 2.2077e-14 2.2077e-14 [ 4.8761e-51 5.9003e-27 1.4747e-18 1.9083e-14 2.9921e-15 ] 1.0000e+00
 6.369e+01 1.9846e-14 1.9846e-14 [ 3.3045e-51 4.7719e-27 1.2802e-18 1.7146e-14 2.6985e-15 ] 1.0000e+00
 6.381e+01 1.7838e-14 1.7838e-14 [ 2.2383e-51 3.8578e-27 1.1111e-18 1.5403e-14 2.4333e-15 ] 1.0000e+00
 6.392e+01 1.6030e-14 1.6030e-14 [ 1.5154e-51 3.1176e-27 9.6405e-19 1.3835e-14 2.1937e-15 ] 1.0000e+00
 6.403e+01 1.4402e-14 1.4402e-14 [ 1.0255e-51 2.5185e-27 8.3626e-19 1.2424e-14 1.9773e-15 ] 1.0000e+00
 6.415e+01 1.2937e-14 1.2937e-14 [ 6.9365e-52 2.0338e-27 7.2522e-19 1.1155e-14 1.7820e-15 ] 1.0000e+00
 6.426e+01 1.1619e-14 1.1619e-14 [ 4.6895e-52 1.6417e-27 6.2876e-19 1.0013e-14 1.6056e-15 ] 1.0000e+00
 6.437e+01 1.0434e-14 1.0434e-14 [ 3.1689e-52 1.3247e-27 5.4499e-19 8.9869e-15 1.4464e-15 ] 1.0000e+00
 6.449e+01 9.3675e-15 9.3675e-15 [ 2.1403e-52 1.0686e-27 4.7226e-19 8.0643e-15 1.3028e-15 ] 1.0000e+00
 6.460e+01 8.4087e-15 8.4087e-15 [ 1.4449e-52 8.6160e-28 4.0913e-19 7.2351e-15 1.1732e-15 ] 1.0000e+00
 6.471e+01 7.5465e-15 7.5465e-15 [ 9.7502e-53 6.9446e-28 3.5435e-19 6.4899e-15 1.0563e-15 ] 1.0000e+00
 6.483e+01 6.7716e-15 6.7716e-15 [ 6.5761e-53 5.5953e-28 3.0682e-19 5.8204e-15 9.5085e-16 ] 1.0000e+00
 6.494e+01 6.0751e-15 6.0751e-15 [ 4.4333e-53 4.5065e-28 2.6560e-19 5.2190e-15 8.5578e-16 ] 1.0000e+00
 6.505e+01 5.4492e-15 5.4492e-15 [ 2.9873e-53 3.6282e-28 2.2986e-19 4.6789e-15 7.7007e-16 ] 1.0000e+00
 6.517e+01 4.8869e-15 4.8869e-15 [ 2.0119e-53 2.9200e-28 1.9888e-19 4.1939e-15 6.9281e-16 ] 1.0000e+00
 6.528e+01 4.3818e-15 4.3818e-15 [ 1.3544e-53 2.3491e-28 1.7203e-19 3.7584e-15 6.2318e-16 ] 1.0000e+00
 6.539e+01 3.9282e-15 3.9282e-15 [ 9.1138e-54 1.8891e-28 1.4876e-19 3.3676e-15 5.6045e-16 ] 1.0000e+00
 6.551e+01 3.5209e-15 3.5209e-15 [ 6.1297e-54 1.5187e-28 1.2861e-19 3.0168e-15 5.0393e-16 ] 1.0000e+00
 6.562e+01 3.1552e-15 3.1552e-15 [ 4.1207e-54 1.2204e-28 1.1116e-19 2.7021e-15 4.5303e-16 ] 1.0000e+00
 6.573e+01 2.8270e-15 2.8270e-15 [ 2.7689e-54 9.8033e-29 9.6052e-20 2.4197e-15 4.0719e-16 ] 1.0000e+00
 6.585e+01 2.5325e-15 2.5325e-15 [ 1.8597e-54 7.8720e-29 8.2976e-20 2.1665e-15 3.6592e-16 ] 1.0000e+00
 6.596e+01 2.2682e-15 2.2682e-15 [ 1.2485e-54 6.3188e-29 7.1662e-20 1.9393e-15 3.2878e-16 ] 1.0000e+00
 6.607e+01 2.0311e-15 2.0311e-15 [ 8.3775e-55 5.0702e-29 6.1875e-20 1.7357e-15 2.9534e-16 ] 1.0000e+00
 6.619e+01 1.8185e-15 1.8185e-15 [ 5.6189e-55 4.0667e-29 5.3411e-20 1.5532e-15 2.6526e-16 ] 1.0000e+00
 6.630e+01 1.6278e-15 1.6278e-15 [ 3.7669e-55 3.2607e-29 4.6092e-20 1.3896e-15 2.3819e-16 ] 1.0000e+00
 6.641e+01 1.4569e-15 1.4569e-15 [ 2.5242e-55 2.6134e-29 3.9766e-20 1.2430e-15 2.1385e-16 ] 1.0000e+00
 6.653e+01 1.3036e-15 1.3036e-15 [ 1.6907e-55 2.0938e-29 3.4300e-20 1.1116e-15 1.9195e-16 ] 1.0000e+00
 6.664e+01 1.1663e-15 1.1663e-15 [ 1.1319e-55 1.6769e-29 2.9577e-20 9.9398e-16 1.7227e-16 ] 1.0000e+00
 6.675e+01 1.0432e-15 1.0432e-15 [ 7.5748e-56 1.3426e-29 2.5498e-20 8.8862e-16 1.5457e-16 ] 1.0000e+00
 6.687e+01 9.3296e-16 9.3296e-16 [ 5.0667e-56 1.0744e-29 2.1976e-20 7.9427e-16 1.3867e-16 ] 1.0000e+00
 6.698e+01 8.3421e-16 8.3421e-16 [ 3.3875e-56 8.5955e-30 1.8936e-20 7.0981e-16 1.2438e-16 ] 1.0000e+00
 6.709e+01 7.4576e-16 7.4576e-16 [ 2.2638e-56 6.8738e-30 1.6312e-20 6.3421e-16 1.1154e-16 ] 1.0000e+00
 6.721e+01 6.6657e-16 6.6657e-16 [ 1.5122e-56 5.4950e-30 1.4048e-20 5.6655e-16 1.0000e-16 ] 1.0000e+00
 6.732e+01 5.9568e-16 5.9568e-16 [ 1.0097e-56 4.3911e-30 1.2095e-20 5.0602e-16 8.9647e-17 ] 1.0000e+00
 6.743e+01 5.3223e-16 5.3223e-16 [ 6.7387e-57 3.5076e-30 1.0411e-20 4.5187e-16 8.0346e-17 ] 1.0000e+00
 6.755e+01 4.7544e-16 4.7544e-16 [ 4.4954e-57 2.8009e-30 8.9587e-21 4.0344e-16 7.1996e-17 ] 1.0000e+00
 6.766e+01 4.2464e-16 4.2464e-16 [ 2.9975e-57 2.2357e-30 7.7073e-21 3.6013e-16 6.4502e-17 ] 1.0000e+00
 6.777e+01 3.7919e-16 3.7919e-16 [ 1.9979e-57 1.7839e-30 6.6290e-21 3.2141e-16 5.7777e-17 ] 1.0000e+00
 6.789e+01 3.3855e-16 3.3855e-16 [ 1.3310e-57 1.4229e-30 5.7001e-21 2.8680e-16 5.1743e-17 ] 1.0000e+00
 6.800e+01 3.0220e-16 3.0220e-16 [ 8.8635e-58 1.1345e-30 4.9001e-21 2.5587e-16 4.6330e-17 ] 1.0000e+00
 6.811e+01 2.6971e-16 2.6971e-16 [ 5.8998e-58 9.0424e-31 4.2113e-21 2.2823e-16 4.1476e-17 ] 1.0000e+00
 6.823e+01 2.4066e-16 2.4066e-16 [ 3.9253e-58 7.2044e-31 3.6183e-21 2.0354e-16 3.7123e-17 ] 1.0000e+00
 6.834e+01 2.1471e-16 2.1471e-16 [ 2.6105e-58 5.7379e-31 3.1081e-21 1.8148e-16 3.3220e-17 ] 1.0000e+00
 6.845e+01 1.9151e-16 1.9151e-16 [ 1.7354e-58 4.5682e-31 2.6691e-21 1.6179e-16 2.9722e-17 ] 1.0000e+00
 6.857e+01 1.7079e-16 1.7079e-16 [ 1.1531e-58 3.6356e-31 2.2916e-21 1.4420e-16 2.6588e-17 ] 1.0000e+00
 6.868e+01 1.5228e-16 1.5228e-16 [ 7.6587e-59 2.8923e-31 1.9669e-21 1.2850e-16 2.3779e-17 ] 1.0000e+00
 6.879e+01 1.3576e-16 1.3576e-16 [ 5.0846e-59 2.3001e-31 1.6878e-21 1.1449e-16 2.1263e-17 ] 1.0000e+00
 6.891e+01 1.2100e-16 1.2100e-16 [ 3.3742e-59 1.8285e-31 1.4479e-21 1.0199e-16 1.9009e-17 ] 1.0000e+00
 6.902e+01 1.0783e-16 1.0783e-16 [ 2.2382e-59 1.4531e-31 1.2418e-21 9.0835e-17 1.6991e-17 ] 1.0000e+00
 6.913e+01 9.6071e-17 9.6071e-17 [ 1.4840e-59 1.1543e-31 1.0648e-21 8.0886e-17 1.5185e-17 ] 1.0000e+00
 6.925e+01 8.5580e-17 8.5580e-17 [ 9.8353e-60 9.1662e-32 9.1276e-22 7.2012e-17 1.3567e-17 ] 1.0000e+00
 6.936e+01 7.6221e-17 7.6221e-17 [ 6.5156e-60 7.2761e-32 7.8223e-22 6.4100e-17 1.2120e-17 ] 1.0000e+00
 6.947e+01 6.7872e-17 6.7872e-17 [ 4.3146e-60 5.7736e-32 6.7019e-22 5.7046e-17 1.0825e-17 ] 1.0000e+00
 6.959e+01 6.0426e-17 6.0426e-17 [ 2.8559e-60 4.5797e-32 5.7406e-22 5.0759e-17 9.6666e-18 ] 1.0000e+00
 6.970e+01 5.3787e-17 5.3787e-17 [ 1.8895e-60 3.6313e-32 4.9159e-22 4.5156e-17 8.6304e-18 ] 1.0000e+00
 6.981e+01 4.7868e-17 4.7868e-17 [ 1.2496e-60 2.8782e-32 4.2085e-22 4.0164e-17 7.7038e-18 ] 1.0000e+00
 6.993e+01 4.2593e-17 4.2593e-17 [ 8.2610e-61 2.2805e-32 3.6021e-22 3.5717e-17 6.8754e-18 ] 1.0000e+00
 7.004e+01 3.7892e-17 3.7892e-17 [ 5.4588e-61 1.8063e-32 3.0822e-22 3.1757e-17 6.1348e-18 ] 1.0000e+00
 7.015e+01 3.3703e-17 3.3703e-17 [ 3.6056e-61 1.4301e-32 2.6367e-22 2.8230e-17 5.4730e-18 ] 1.0000e+00
 7.027e+01 2.9972e-17 2.9972e-17 [ 2.3806e-61 1.1319e-32 2.2550e-22 2.5090e-17 4.8816e-18 ] 1.0000e+00
 7.038e+01 2.6649e-17 2.6649e-17 [ 1.5711e-61 8.9551e-33 1.9280e-22 2.2295e-17 4.3533e-18 ] 1.0000e+00
 7.049e+01 2.3689e-17 2.3689e-17 [ 1.0364e-61 7.0824e-33 1.6481e-22 1.9808e-17 3.8814e-18 ] 1.0000e+00
 7.061e+01 2.1055e-17 2.1055e-17 [ 6.8345e-62 5.5992e-33 1.4084e-22 1.7595e-17 3.4599e-18 ] 1.0000e+00
 7.072e+01 1.8710e-17 1.8710e-17 [ 4.5049e-62 4.4251e-33 1.2033e-22 1.5626e-17 3.0837e-18 ] 1.0000e+00
 7.083e+01 1.6622e-17 1.6622e-17 [ 2.9681e-62 3.4958e-33 1.0278e-22 1.3875e-17 2.7478e-18 ] 1.0000e+00
 7.095e+01 1.4765e-17 1.4765e-17 [ 1.9548e-62 2.7607e-33 8.7761e-23 1.2317e-17 2.4481e-18 ] 1.0000e+00
 7.106e+01 1.3113e-17 1.3113e-17 [ 1.2869e-62 2.1794e-33 7.4921e-23 1.0933e-17 2.1806e-18 ] 1.0000e+00
 7.117e+01 1.1644e-17 1.1644e-17 [ 8.4686e-63 1.7198e-33 6.3943e-23 9.7020e-18 1.9419e-18 ] 1.0000e+00
 7.129e+01 1.0337e-17 1.0337e-17 [ 5.5706e-63 1.3567e-33 5.4560e-23 8.6081e-18 1.7291e-18 ] 1.0000e+00
 7.140e+01 9.1754e-18 9.1754e-18 [ 3.6628e-63 1.0698e-33 4.6542e-23 7.6361e-18 1.5392e-18 ] 1.0000e+00
 7.151e+01 8.1426e-18 8.1426e-18 [ 2.4074e-63 8.4333e-34 3.9691e-23 6.7726e-18 1.3700e-18 ] 1.0000e+00
 7.163e+01 7.2247e-18 7.2247e-18 [ 1.5816e-63 6.6453e-34 3.3841e-23 6.0056e-18 1.2191e-18 ] 1.0000e+00
 7.174e+01 6.4091e-18 6.4091e-18 [ 1.0387e-63 5.2345e-34 2.8845e-23 5.3244e-18 1.0846e-18 ] 1.0000e+00
 7.185e+01 5.6844e-18 5.6844e-18 [ 6.8185e-64 4.1217e-34 2.4581e-23 4.7196e-18 9.6482e-19 ] 1.0000e+00
 7.197e+01 5.0408e-18 5.0408e-18 [ 4.4742e-64 3.2443e-34 2.0941e-23 4.1827e-18 8.5807e-19 ] 1.0000e+00
 7.208e+01 4.4692e-18 4.4692e-18 [ 2.9348e-64 2.5527e-34 1.7836e-23 3.7062e-18 7.6297e-19 ] 1.0000e+00
 7.219e+01 3.9616e-18 3.9616e-18 [ 1.9242e-64 2.0078e-34 1.5187e-23 3.2833e-18 6.7829e-19 ] 1.0000e+00
 7.231e+01 3.5110e-18 3.5110e-18 [ 1.2611e-64 1.5787e-34 1.2929e-23 2.9081e-18 6.0288e-19 ] 1.0000e+00
 7.242e+01 3.1111e-18 3.1111e-18 [ 8.2622e-65 1.2408e-34 1.1003e-23 2.5753e-18 5.3576e-19 ] 1.0000e+00
 7.253e+01 2.7562e-18 2.7562e-18 [ 5.4107e-65 9.7488e-35 9.3620e-24 2.2802e-18 4.7601e-19 ] 1.0000e+00
 7.265e+01 2.4413e-18 2.4413e-18 [ 3.5420e-65 7.6567e-35 7.9636e-24 2.0185e-18 4.2285e-19 ] 1.0000e+00
 7.276e+01 2.1620e-18 2.1620e-18 [ 2.3177e-65 6.0114e-35 6.7723e-24 1.7864e-18 3.7555e-19 ] 1.0000e+00
 7.287e+01 1.9143e-18 1.9143e-18 [ 1.5160e-65 4.7180e-35 5.7577e-24 1.5808e-18 3.3348e-19 ] 1.0000e+00
 7.299e+01 1.6946e-18 1.6946e-18 [ 9.9124e-66 3.7015e-35 4.8939e-24 1.3986e-18 2.9606e-19 ] 1.0000e+00
 7.310e+01 1.4999e-18 1.4999e-18 [ 6.4786e-66 2.9029e-35 4.1586e-24 1.2371e-18 2.6279e-19 ] 1.0000e+00
 7.321e+01 1.3273e-18 1.3273e-18 [ 4.2327e-66 2.2758e-35 3.5329e-24 1.0941e-18 2.3321e-19 ] 1.0000e+00
 7.333e+01 1.1743e-18 1.1743e-18 [ 2.7642e-66 1.7835e-35 3.0005e-24 9.6738e-19 2.0692e-19 ] 1.0000e+00
 7.344e+01 1.0388e-18 1.0388e-18 [ 1.8045e-66 1.3972e-35 2.5478e-24 8.5520e-19 1.8356e-19 ] 1.0000e+00
 7.355e+01 9.1869e-19 9.1869e-19 [ 1.1776e-66 1.0942e-35 2.1627e-24 7.5589e-19 1.6280e-19 ] 1.0000e+00
 7.367e+01 8.1235e-19 8.1235e-19 [ 7.6815e-67 8.5659e-36 1.8354e-24 6.6798e-19 1.4437e-19 ] 1.0000e+00
 7.378e+01 7.1817e-19 7.1817e-19 [ 5.0088e-67 6.7033e-36 1.5573e-24 5.9018e-19 1.2799e-19 ] 1.0000e+00
 7.389e+01 6.3480e-19 6.3480e-19 [ 3.2647e-67 5.2438e-36 1.3209e-24 5.2134e-19 1.1346e-19 ] 1.0000e+00
 7.401e+01 5.6099e-19 5.6099e-19 [ 2.1272e-67 4.1006e-36 1.1201e-24 4.6044e-19 1.0055e-19 ] 1.0000e+00
 7.412e+01 4.9568e-19 4.9568e-19 [ 1.3854e-67 3.2055e-36 9.4965e-25 4.0658e-19 8.9092e-20 ] 1.0000e+00
 7.423e+01 4.3788e-19 4.3788e-19 [ 9.0198e-68 2.5049e-36 8.0490e-25 3.5895e-19 7.8926e-20 ] 1.0000e+00
 7.435e+01 3.8675e-19 3.8675e-19 [ 5.8701e-68 1.9567e-36 6.8203e-25 3.1684e-19 6.9906e-20 ] 1.0000e+00
 7.446e+01 3.4153e-19 3.4153e-19 [ 3.8188e-68 1.5279e-36 5.7778e-25 2.7962e-19 6.1905e-20 ] 1.0000e+00
 7.457e+01 3.0153e-19 3.0153e-19 [ 2.4834e-68 1.1926e-36 4.8933e-25 2.4672e-19 5.4809e-20 ] 1.0000e+00
 7.469e+01 2.6617e-19 2.6617e-19 [ 1.6143e-68 9.3060e-37 4.1432e-25 2.1765e-19 4.8517e-20 ] 1.0000e+00
 7.480e+01 2.3491e-19 2.3491e-19 [ 1.0490e-68 7.2588e-37 3.5071e-25 1.9197e-19 4.2938e-20 ] 1.0000e+00
 7.491e+01 2.0728e-19 2.0728e-19 [ 6.8141e-69 5.6600e-37 2.9680e-25 1.6929e-19 3.7994e-20 ] 1.0000e+00
 7.503e+01 1.8287e-19 1.8287e-19 [ 4.4245e-69 4.4117e-37 2.5111e-25 1.4926e-19 3.3613e-20 ] 1.0000e+00
 7.514e+01 1.6130e-19 1.6130e-19 [ 2.8718e-69 3.4375e-37 2.1240e-25 1.3157e-19 2.9730e-20 ] 1.0000e+00
 7.525e+01 1.4225e-19 1.4225e-19 [ 1.8633e-69 2.6774e-37 1.7961e-25 1.1596e-19 2.6292e-20 ] 1.0000e+00
 7.537e+01 1.2542e-19 1.2542e-19 [ 1.2085e-69 2.0847e-37 1.5184e-25 1.0218e-19 2.3246e-20 ] 1.0000e+00
 7.548e+01 1.1057e-19 1.1057e-19 [ 7.8354e-70 1.6226e-37 1.2833e-25 9.0016e-20 2.0549e-20 ] 1.0000e+00
 7.559e+01 9.7450e-20 9.7450e-20 [ 5.0781e-70 1.2624e-37 1.0844e-25 7.9288e-20 1.8162e-20 ] 1.0000e+00
 7.571e+01 8.5874e-20 8.5874e-20 [ 3.2899e-70 9.8190e-38 9.1601e-26 6.9826e-20 1.6048e-20 ] 1.0000e+00
 7.582e+01 7.5659e-20 7.5659e-20 [ 2.1306e-70 7.6342e-38 7.7361e-26 6.1480e-20 1.4178e-20 ] 1.0000e+00
 7.593e+01 6.6646e-20 6.6646e-20 [ 1.3793e-70 5.9334e-38 6.5317e-26 5.4122e-20 1.2524e-20 ] 1.0000e+00
 7.605e+01 5.8695e-20 5.8695e-20 [ 8.9259e-71 4.6099e-38 5.5134e-26 4.7635e-20 1.1060e-20 ] 1.0000e+00
 7.616e+01 5.1683e-20 5.1683e-20 [ 5.7742e-71 3.5803e-38 4.6527e-26 4.1918e-20 9.7652e-21 ] 1.0000e+00
 7.627e+01 4.5500e-20 4.5500e-20 [ 3.7339e-71 2.7797e-38 3.9253e-26 3.6880e-20 8.6205e-21 ] 1.0000e+00
 7.639e+01 4.0049e-20 4.0049e-20 [ 2.4137e-71 2.1573e-38 3.3108e-26 3.2441e-20 7.6085e-21 ] 1.0000e+00
 7.650e+01 3.5245e-20 3.5245e-20 [ 1.5597e-71 1.6737e-38 2.7918e-26 2.8531e-20 6.7140e-21 ] 1.0000e+00
 7.661e+01 3.1011e-20 3.1011e-20 [ 1.0075e-71 1.2980e-38 2.3536e-26 2.5087e-20 5.9234e-21 ] 1.0000e+00
 7.673e+01 2.7280e-20 2.7280e-20 [ 6.5053e-72 1.0063e-38 1.9836e-26 2.2055e-20 5.2250e-21 ] 1.0000e+00
 7.684e+01 2.3993e-20 2.3993e-20 [ 4.1990e-72 7.7990e-39 1.6714e-26 1.9385e-20 4.6080e-21 ] 1.0000e+00
 7.695e+01 2.1099e-20 2.1099e-20 [ 2.7094e-72 6.0420e-39 1.4079e-26 1.7036e-20 4.0630e-21 ] 1.0000e+00
 7.707e+01 1.8550e-20 1.8550e-20 [ 1.7475e-72 4.6791e-39 1.1857e-26 1.4968e-20 3.5818e-21 ] 1.0000e+00
 7.718e+01 1.6306e-20 1.6306e-20 [ 1.1268e-72 3.6224e-39 9.9828e-27 1.3149e-20 3.1570e-21 ] 1.0000e+00
 7.729e+01 1.4330e-20 1.4330e-20 [ 7.2624e-73 2.8033e-39 8.4028e-27 1.1548e-20 2.7820e-21 ] 1.0000e+00
 7.741e+01 1.2592e-20 1.2592e-20 [ 4.6792e-73 2.1687e-39 7.0710e-27 1.0141e-20 2.4511e-21 ] 1.0000e+00
 7.752e+01 1.1062e-20 1.1062e-20 [ 3.0137e-73 1.6771e-39 5.9488e-27 8.9031e-21 2.1591e-21 ] 1.0000e+00
 7.763e+01 9.7165e-21 9.7165e-21 [ 1.9403e-73 1.2965e-39 5.0034e-27 7.8149e-21 1.9015e-21 ] 1.0000e+00
 7.775e+01 8.5328e-21 8.5328e-21 [ 1.2488e-73 1.0019e-39 4.2072e-27 6.8585e-21 1.6743e-21 ] 1.0000e+00
 7.786e+01 7.4919e-21 7.4919e-21 [ 8.0345e-74 7.7399e-40 3.5368e-27 6.0179e-21 1.4740e-21 ] 1.0000e+00
 7.797e+01 6.5767e-21 6.5767e-21 [ 5.1674e-74 5.9770e-40 2.9725e-27 5.2793e-21 1.2974e-21 ] 1.0000e+00
 7.809e+01 5.7722e-21 5.7722e-21 [ 3.3222e-74 4.6140e-40 2.4975e-27 4.6305e-21 1.1417e-21 ] 1.0000e+00
 7.820e+01 5.0652e-21 5.0652e-21 [ 2.1351e-74 3.5606e-40 2.0979e-27 4.0606e-21 1.0045e-21 ] 1.0000e+00
 7.831e+01 4.4439e-21 4.4439e-21 [ 1.3717e-74 2.7467e-40 1.7618e-27 3.5602e-21 8.8366e-22 ] 1.0000e+00
 7.843e+01 3.8981e-21 3.8981e-21 [ 8.8095e-75 2.1180e-40 1.4792e-27 3.1209e-21 7.7717e-22 ] 1.0000e+00
 7.854e+01 3.4186e-21 3.4186e-21 [ 5.6557e-75 1.6327e-40 1.2416e-27 2.7352e-21 6.8338e-22 ] 1.0000e+00
 7.865e+01 2.9976e-21 2.9976e-21 [ 3.6297e-75 1.2582e-40 1.0419e-27 2.3968e-21 6.0079e-22 ] 1.0000e+00
 7.877e+01 2.6279e-21 2.6279e-21 [ 2.3286e-75 9.6917e-41 8.7405e-28 2.0998e-21 5.2808e-22 ] 1.0000e+00
 7.888e+01 2.3033e-21 2.3033e-21 [ 1.4934e-75 7.4630e-41 7.3308e-28 1.8392e-21 4.6408e-22 ] 1.0000e+00
 7.899e+01 2.0185e-21 2.0185e-21 [ 9.5738e-76 5.7448e-41 6.1469e-28 1.6107e-21 4.0775e-22 ] 1.0000e+00
 7.911e+01 1.7685e-21 1.7685e-21 [ 6.1355e-76 4.4206e-41 5.1529e-28 1.4103e-21 3.5819e-22 ] 1.0000e+00
 7.922e+01 1.5492e-21 1.5492e-21 [ 3.9306e-76 3.4004e-41 4.3185e-28 1.2346e-21 3.1460e-22 ] 1.0000e+00
 7.933e+01 1.3568e-21 1.3568e-21 [ 2.5172e-76 2.6147e-41 3.6183e-28 1.0806e-21 2.7625e-22 ] 1.0000e+00
 7.945e+01 1.1881e-21 1.1881e-21 [ 1.6115e-76 2.0099e-41 3.0309e-28 9.4559e-22 2.4253e-22 ] 1.0000e+00
 7.956e+01 1.0402e-21 1.0402e-21 [ 1.0313e-76 1.5444e-41 2.5382e-28 8.2730e-22 2.1289e-22 ] 1.0000e+00
 7.967e+01 9.1050e-22 9.1050e-22 [ 6.5976e-77 1.1863e-41 2.1250e-28 7.2367e-22 1.8683e-22 ] 1.0000e+00
 7.979e+01 7.9683e-22 7.9683e-22 [ 4.2193e-77 9.1092e-42 1.7786e-28 6.3290e-22 1.6393e-22 ] 1.0000e+00
 7.990e+01 6.9721e-22 6.9721e-22 [ 2.6974e-77 6.9921e-42 1.4884e-28 5.5341e-22 1.4381e-22 ] 1.0000e+00
 8.001e+01 6.0993e-22 6.0993e-22 [ 1.7238e-77 5.3652e-42 1.2451e-28 4.8380e-22 1.2613e-22 ] 1.0000e+00
 8.013e+01 5.3348e-22 5.3348e-22 [ 1.1012e-77 4.1153e-42 1.0414e-28 4.2288e-22 1.1060e-22 ] 1.0000e+00
 8.024e+01 4.6652e-22 4.6652e-22 [ 7.0328e-78 3.1555e-42 8.7076e-29 3.6955e-22 9.6970e-23 ] 1.0000e+00
 8.035e+01 4.0788e-22 4.0788e-22 [ 4.4897e-78 2.4187e-42 7.2790e-29 3.2288e-22 8.5000e-23 ] 1.0000e+00
 8.047e+01 3.5655e-22 3.5655e-22 [ 2.8653e-78 1.8533e-42 6.0832e-29 2.8206e-22 7.4493e-23 ] 1.0000e+00
 8.058e+01 3.1162e-22 3.1162e-22 [ 1.8279e-78 1.4195e-42 5.0826e-29 2.4635e-22 6.5272e-23 ] 1.0000e+00
 8.069e+01 2.7229e-22 2.7229e-22 [ 1.1657e-78 1.0869e-42 4.2455e-29 2.1511e-22 5.7181e-23 ] 1.0000e+00
 8.081e+01 2.3789e-22 2.3789e-22 [ 7.4317e-79 8.3194e-43 3.5454e-29 1.8780e-22 5.0084e-23 ] 1.0000e+00
 8.092e+01 2.0779e-22 2.0779e-22 [ 4.7362e-79 6.3656e-43 2.9599e-29 1.6393e-22 4.3858e-23 ] 1.0000e+00
 8.103e+01 1.8146e-22 1.8146e-22 [ 3.0173e-79 4.8689e-43 2.4705e-29 1.4307e-22 3.8399e-23 ] 1.0000e+00
 8.115e+01 1.5844e-22 1.5844e-22 [ 1.9216e-79 3.7227e-43 2.0615e-29 1.2483e-22 3.3613e-23 ] 1.0000e+00
 8.126e+01 1.3832e-22 1.3832e-22 [ 1.2233e-79 2.8454e-43 1.7198e-29 1.0890e-22 2.9418e-23 ] 1.0000e+00
 8.137e+01 1.2072e-22 1.2072e-22 [ 7.7855e-80 2.1741e-43 1.4344e-29 9.4983e-23 2.5741e-23 ] 1.0000e+00
 8.149e+01 1.0535e-22 1.0535e-22 [ 4.9531e-80 1.6605e-43 1.1960e-29 8.2829e-23 2.2519e-23 ] 1.0000e+00
 8.160e+01 9.1913e-23 9.1913e-23 [ 3.1500e-80 1.2678e-43 9.9697e-30 7.2216e-23 1.9697e-23 ] 1.0000e+00
 8.171e+01 8.0176e-23 8.0176e-23 [ 2.0026e-80 9.6768e-44 8.3086e-30 6.2951e-23 1.7225e-23 ] 1.0000e+00
 8.183e+01 6.9924e-23 6.9924e-23 [ 1.2728e-80 7.3831e-44 6.9225e-30 5.4864e-23 1.5060e-23 ] 1.0000e+00
 8.194e+01 6.0971e-23 6.0971e-23 [ 8.0860e-81 5.6312e-44 5.7661e-30 4.7807e-23 1.3165e-23 ] 1.0000e+00
 8.205e+01 5.3155e-23 5.3155e-23 [ 5.1354e-81 4.2934e-44 4.8017e-30 4.1649e-23 1.1506e-23 ] 1.0000e+00
 8.217e+01 4.6331e-23 4.6331e-23 [ 3.2603e-81 3.2723e-44 3.9976e-30 3.6277e-23 1.0054e-23 ] 1.0000e+00
 8.228e+01 4.0376e-23 4.0376e-23 [ 2.0692e-81 2.4931e-44 3.3273e-30 3.1593e-23 8.7835e-24 ] 1.0000e+00
 8.239e+01 3.5179e-23 3.5179e-23 [ 1.3128e-81 1.8988e-44 2.7687e-30 2.7507e-23 7.6721e-24 ] 1.0000e+00
 8.251e+01 3.0646e-23 3.0646e-23 [ 8.3259e-82 1.4456e-44 2.3033e-30 2.3946e-23 6.7000e-24 ] 1.0000e+00
 8.262e+01 2.6691e-23 2.6691e-23 [ 5.2786e-82 1.1002e-44 1.9156e-30 2.0841e-23 5.8499e-24 ] 1.0000e+00
 8.273e+01 2.3243e-23 2.3243e-23 [ 3.3455e-82 8.3707e-45 1.5928e-30 1.8136e-23 5.1067e-24 ] 1.0000e+00
 8.285e+01 2.0236e-23 2.0236e-23 [ 2.1196e-82 6.3662e-45 1.3240e-30 1.5779e-23 4.4570e-24 ] 1.0000e+00
 8.296e+01 1.7614e-23 1.7614e-23 [ 1.3424e-82 4.8400e-45 1.1003e-30 1.3725e-23 3.8892e-24 ] 1.0000e+00
 8.307e+01 1.5330e-23 1.5330e-23 [ 8.4992e-83 3.6783e-45 9.1420e-31 1.1936e-23 3.3931e-24 ] 1.0000e+00
 8.319e+01 1.3339e-23 1.3339e-23 [ 5.3792e-83 2.7945e-45 7.5936e-31 1.0379e-23 2.9597e-24 ] 1.0000e+00
 8.330e+01 1.1604e-23 1.1604e-23 [ 3.4033e-83 2.1222e-45 6.3058e-31 9.0229e-24 2.5811e-24 ] 1.0000e+00
 8.341e+01 1.0093e-23 1.0093e-23 [ 2.1525e-83 1.6111e-45 5.2351e-31 7.8425e-24 2.2506e-24 ] 1.0000e+00
 8.353e+01 8.7772e-24 8.7772e-24 [ 1.3609e-83 1.2227e-45 4.3451e-31 6.8152e-24 1.9619e-24 ] 1.0000e+00
 8.364e+01 7.6313e-24 7.6313e-24 [ 8.6013e-84 9.2756e-46 3.6055e-31 5.9214e-24 1.7100e-24 ] 1.0000e+00
 8.375e+01 6.6338e-24 6.6338e-24 [ 5.4344e-84 7.0341e-46 2.9910e-31 5.1437e-24 1.4901e-24 ] 1.0000e+00
 8.387e+01 5.7656e-24 5.7656e-24 [ 3.4323e-84 5.3324e-46 2.4806e-31 4.4674e-24 1.2982e-24 ] 1.0000e+00
 8.398e+01 5.0100e-24 5.0100e-24 [ 2.1670e-84 4.0409e-46 2.0568e-31 3.8792e-24 1.1308e-24 ] 1.0000e+00
 8.409e+01 4.3527e-24 4.3527e-24 [ 1.3677e-84 3.0610e-46 1.7049e-31 3.3678e-24 9.8484e-25 ] 1.0000e+00
 8.421e+01 3.7808e-24 3.7808e-24 [ 8.6293e-85 2.3180e-46 1.4129e-31 2.9233e-24 8.5752e-25 ] 1.0000e+00
 8.432e+01 3.2834e-24 3.2834e-24 [ 5.4425e-85 1.7546e-46 1.1706e-31 2.5369e-24 7.4652e-25 ] 1.0000e+00
 8.443e+01 2.8510e-24 2.8510e-24 [ 3.4314e-85 1.3277e-46 9.6963e-32 2.2012e-24 6.4976e-25 ] 1.0000e+00
 8.455e+01 2.4750e-24 2.4750e-24 [ 2.1627e-85 1.0043e-46 8.0294e-32 1.9095e-24 5.6543e-25 ] 1.0000e+00
 8.466e+01 2.1482e-24 2.1482e-24 [ 1.3626e-85 7.5939e-47 6.6473e-32 1.6562e-24 4.9194e-25 ] 1.0000e+00
 8.477e+01 1.8641e-24 1.8641e-24 [ 8.5819e-86 5.7399e-47 5.5017e-32 1.4362e-24 4.2793e-25 ] 1.0000e+00
 8.489e+01 1.6174e-24 1.6174e-24 [ 5.4031e-86 4.3370e-47 4.5524e-32 1.2452e-24 3.7217e-25 ] 1.0000e+00
 8.500e+01 1.4030e-24 1.4030e-24 [ 3.4006e-86 3.2757e-47 3.7659e-32 1.0794e-24 3.2361e-25 ] 1.0000e+00
 8.511e+01 1.2168e-24 1.2168e-24 [ 2.1395e-86 2.4732e-47 3.1145e-32 9.3545e-25 2.8133e-25 ] 1.0000e+00
 8.523e+01 1.0551e-24 1.0551e-24 [ 1.3456e-86 1.8666e-47 2.5751e-32 8.1056e-25 2.4453e-25 ] 1.0000e+00
 8.534e+01 9.1471e-25 9.1471e-25 [ 8.4598e-87 1.4083e-47 2.1286e-32 7.0221e-25 2.1250e-25 ] 1.0000e+00
 8.545e+01 7.9285e-25 7.9285e-25 [ 5.3168e-87 1.0621e-47 1.7590e-32 6.0822e-25 1.8463e-25 ] 1.0000e+00
 8.557e+01 6.8710e-25 6.8710e-25 [ 3.3403e-87 8.0070e-48 1.4533e-32 5.2672e-25 1.6038e-25 ] 1.0000e+00
 8.568e+01 5.9534e-25 5.9534e-25 [ 2.0978e-87 6.0341e-48 1.2003e-32 4.5604e-25 1.3929e-25 ] 1.0000e+00
 8.579e+01 5.1573e-25 5.1573e-25 [ 1.3170e-87 4.5456e-48 9.9116e-33 3.9478e-25 1.2095e-25 ] 1.0000e+00
 8.591e+01 4.4668e-25 4.4668e-25 [ 8.2652e-88 3.4230e-48 8.1823e-33 3.4168e-25 1.0501e-25 ] 1.0000e+00
 8.602e+01 3.8680e-25 3.8680e-25 [ 5.1852e-88 2.5766e-48 6.7530e-33 2.9566e-25 9.1144e-26 ] 1.0000e+00
 8.613e+01 3.3489e-25 3.3489e-25 [ 3.2517e-88 1.9388e-48 5.5719e-33 2.5579e-25 7.9097e-26 ] 1.0000e+00
 8.625e+01 2.8988e-25 2.8988e-25 [ 2.0385e-88 1.4583e-48 4.5961e-33 2.2126e-25 6.8628e-26 ] 1.0000e+00
 8.636e+01 2.5088e-25 2.5088e-25 [ 1.2775e-88 1.0965e-48 3.7903e-33 1.9135e-25 5.9534e-26 ] 1.0000e+00
 8.647e+01 2.1708e-25 2.1708e-25 [ 8.0024e-89 8.2409e-49 3.1249e-33 1.6545e-25 5.1634e-26 ] 1.0000e+00
 8.659e+01 1.8780e-25 1.8780e-25 [ 5.0111e-89 6.1913e-49 2.5756e-33 1.4303e-25 4.4774e-26 ] 1.0000e+00
 8.670e+01 1.6244e-25 1.6244e-25 [ 3.1368e-89 4.6496e-49 2.1224e-33 1.2362e-25 3.8818e-26 ] 1.0000e+00
 8.681e+01 1.4047e-25 1.4047e-25 [ 1.9628e-89 3.4905e-49 1.7484e-33 1.0683e-25 3.3647e-26 ] 1.0000e+00
 8.693e+01 1.2146e-25 1.2146e-25 [ 1.2278e-89 2.6193e-49 1.4399e-33 9.2297e-26 2.9159e-26 ] 1.0000e+00
 8.704e+01 1.0499e-25 1.0499e-25 [ 7.6770e-90 1.9647e-49 1.1856e-33 7.9728e-26 2.5265e-26 ] 1.0000e+00
 8.715e+01 9.0744e-26 9.0744e-26 [ 4.7984e-90 1.4732e-49 9.7588e-34 6.8857e-26 2.1887e-26 ] 1.0000e+00
 8.727e+01 7.8414e-26 7.8414e-26 [ 2.9981e-90 1.1042e-49 8.0307e-34 5.9457e-26 1.8957e-26 ] 1.0000e+00
 8.738e+01 6.7746e-26 6.7746e-26 [ 1.8725e-90 8.2724e-50 6.6067e-34 5.1330e-26 1.6416e-26 ] 1.0000e+00
 8.749e+01 5.8518e-26 5.8518e-26 [ 1.1691e-90 6.1952e-50 5.4338e-34 4.4305e-26 1.4212e-26 ] 1.0000e+00
 8.761e+01 5.0537e-26 5.0537e-26 [ 7.2960e-91 4.6377e-50 4.4679e-34 3.8235e-26 1.2302e-26 ] 1.0000e+00
 8.772e+01 4.3636e-26 4.3636e-26 [ 4.5517e-91 3.4703e-50 3.6727e-34 3.2990e-26 1.0647e-26 ] 1.0000e+00
 8.783e+01 3.7671e-26 3.7671e-26 [ 2.8385e-91 2.5957e-50 3.0181e-34 2.8458e-26 9.2123e-27 ] 1.0000e+00
 8.795e+01 3.2514e-26 3.2514e-26 [ 1.7694e-91 1.9407e-50 2.4796e-34 2.4545e-26 7.9695e-27 ] 1.0000e+00
 8.806e+01 2.8058e-26 2.8058e-26 [ 1.1026e-91 1.4504e-50 2.0365e-34 2.1165e-26 6.8931e-27 ] 1.0000e+00
 8.817e+01 2.4208e-26 2.4208e-26 [ 6.8679e-92 1.0835e-50 1.6722e-34 1.8248e-26 5.9608e-27 ] 1.0000e+00
 8.829e+01 2.0883e-26 2.0883e-26 [ 4.2762e-92 8.0907e-51 1.3726e-34 1.5729e-26 5.1537e-27 ] 1.0000e+00
 8.840e+01 1.8011e-26 1.8011e-26 [ 2.6615e-92 6.0389e-51 1.1264e-34 1.3556e-26 4.4549e-27 ] 1.0000e+00
 8.851e+01 1.5530e-26 1.5530e-26 [ 1.6559e-92 4.5055e-51 9.2409e-35 1.1680e-26 3.8502e-27 ] 1.0000e+00
 8.863e+01 1.3389e-26 1.3389e-26 [ 1.0298e-92 3.3600e-51 7.5789e-35 1.0062e-26 3.3268e-27 ] 1.0000e+00
 8.874e+01 1.1541e-26 1.1541e-26 [ 6.4016e-93 2.5047e-51 6.2140e-35 8.6667e-27 2.8741e-27 ] 1.0000e+00
 8.885e+01 9.9458e-27 9.9458e-27 [ 3.9780e-93 1.8663e-51 5.0934e-35 7.4633e-27 2.4825e-27 ] 1.0000e+00
 8.897e+01 8.5696e-27 8.5696e-27 [ 2.4709e-93 1.3899e-51 4.1736e-35 6.4258e-27 2.1438e-27 ] 1.0000e+00
 8.908e+01 7.3824e-27 7.3824e-27 [ 1.5342e-93 1.0347e-51 3.4189e-35 5.5314e-27 1.8509e-27 ] 1.0000e+00
 8.919e+01 6.3584e-27 6.3584e-27 [ 9.5216e-94 7.6996e-52 2.7998e-35 4.7606e-27 1.5978e-27 ] 1.0000e+00
 8.931e+01 5.4754e-27 5.4754e-27 [ 5.9070e-94 5.7268e-52 2.2921e-35 4.0964e-27 1.3790e-27 ] 1.0000e+00
 8.942e+01 4.7141e-27 4.7141e-27 [ 3.6631e-94 4.2575e-52 1.8759e-35 3.5242e-27 1.1899e-27 ] 1.0000e+00
 8.953e+01 4.0579e-27 4.0579e-27 [ 2.2706e-94 3.1637e-52 1.5347e-35 3.0313e-27 1.0266e-27 ] 1.0000e+00
 8.965e+01 3.4924e-27 3.4924e-27 [ 1.4069e-94 2.3498e-52 1.2552e-35 2.6069e-27 8.8547e-28 ] 1.0000e+00
 8.976e+01 3.0051e-27 3.0051e-27 [ 8.7132e-95 1.7445e-52 1.0263e-35 2.2415e-27 7.6362e-28 ] 1.0000e+00
 8.987e+01 2.5853e-27 2.5853e-27 [ 5.3940e-95 1.2945e-52 8.3885e-36 1.9269e-27 6.5840e-28 ] 1.0000e+00
 8.999e+01 2.2237e-27 2.2237e-27 [ 3.3378e-95 9.6013e-53 6.8541e-36 1.6561e-27 5.6757e-28 ] 1.0000e+00
 9.010e+01 1.9123e-27 1.9123e-27 [ 2.0646e-95 7.1178e-53 5.5984e-36 1.4231e-27 4.8918e-28 ] 1.0000e+00
 9.021e+01 1.6442e-27 1.6442e-27 [ 1.2764e-95 5.2741e-53 4.5712e-36 1.2227e-27 4.2153e-28 ] 1.0000e+00
 9.033e+01 1.4134e-27 1.4134e-27 [ 7.8883e-96 3.9061e-53 3.7312e-36 1.0503e-27 3.6316e-28 ] 1.0000e+00
 9.044e+01 1.2148e-27 1.2148e-27 [ 4.8727e-96 2.8915e-53 3.0445e-36 9.0199e-28 3.1282e-28 ] 1.0000e+00
 9.055e+01 1.0439e-27 1.0439e-27 [ 3.0085e-96 2.1393e-53 2.4832e-36 7.7450e-28 2.6940e-28 ] 1.0000e+00
 9.067e+01 8.9686e-28 8.9686e-28 [ 1.8567e-96 1.5821e-53 2.0247e-36 6.6490e-28 2.3196e-28 ] 1.0000e+00
 9.078e+01 7.7038e-28 7.7038e-28 [ 1.1454e-96 1.1693e-53 1.6502e-36 5.7069e-28 1.9969e-28 ] 1.0000e+00
 9.089e+01 6.6161e-28 6.6161e-28 [ 7.0622e-97 8.6385e-54 1.3445e-36 4.8974e-28 1.7187e-28 ] 1.0000e+00
 9.101e+01 5.6809e-28 5.6809e-28 [ 4.3524e-97 6.3783e-54 1.0950e-36 4.2020e-28 1.4790e-28 ] 1.0000e+00
 9.112e+01 4.8770e-28 4.8770e-28 [ 2.6811e-97 4.7070e-54 8.9147e-37 3.6045e-28 1.2725e-28 ] 1.0000e+00
 9.123e+01 4.1860e-28 4.1860e-28 [ 1.6508e-97 3.4718e-54 7.2547e-37 3.0915e-28 1.0945e-28 ] 1.0000e+00
 9.135e+01 3.5922e-28 3.5922e-28 [ 1.0159e-97 2.5594e-54 5.9014e-37 2.6509e-28 9.4133e-29 ] 1.0000e+00
 9.146e+01 3.0821e-28 3.0821e-28 [ 6.2492e-98 1.8857e-54 4.7985e-37 2.2727e-28 8.0941e-29 ] 1.0000e+00
 9.157e+01 2.6439e-28 2.6439e-28 [ 3.8421e-98 1.3886e-54 3.9001e-37 1.9480e-28 6.9583e-29 ] 1.0000e+00
 9.169e+01 2.2675e-28 2.2675e-28 [ 2.3610e-98 1.0220e-54 3.1686e-37 1.6695e-28 5.9808e-29 ] 1.0000e+00
 9.180e+01 1.9444e-28 1.9444e-28 [ 1.4502e-98 7.5170e-55 2.5731e-37 1.4304e-28 5.1396e-29 ] 1.0000e+00
 9.191e+01 1.6670e-28 1.6670e-28 [ 8.9025e-99 5.5260e-55 2.0886e-37 1.2254e-28 4.4158e-29 ] 1.0000e+00
 9.203e+01 1.4289e-28 1.4289e-28 [ 5.4624e-99 4.0600e-55 1.6946e-37 1.0496e-28 3.7932e-29 ] 1.0000e+00
 9.214e+01 1.2245e-28 1.2245e-28 [ 3.3498e-99 2.9812e-55 1.3742e-37 8.9877e-29 3.2578e-29 ] 1.0000e+00
 9.225e+01 1.0492e-28 1.0492e-28 [ 2.0532e-99 2.1877e-55 1.1139e-37 7.6949e-29 2.7973e-29 ] 1.0000e+00
 9.237e+01 8.9884e-29 8.9884e-29 [ 1.2578e-99 1.6045e-55 9.0246e-38 6.5868e-29 2.4015e-29 ] 1.0000e+00
 9.248e+01 7.6986e-29 7.6986e-29 [ 7.7014e-100 1.1760e-55 7.3079e-38 5.6372e-29 2.0613e-29 ] 1.0000e+00
 9.259e+01 6.5926e-29 6.5926e-29 [ 4.7128e-100 8.6142e-56 5.9147e-38 4.8236e-29 1.7690e-29 ] 1.0000e+00
 9.271e+01 5.6444e-29 5.6444e-29 [ 2.8824e-100 6.3060e-56 4.7846e-38 4.1266e-29 1.5178e-29 ] 1.0000e+00
 9.282e+01 4.8316e-29 4.8316e-29 [ 1.7619e-100 4.6133e-56 3.8684e-38 3.5296e-29 1.3020e-29 ] 1.0000e+00
 9.293e+01 4.1351e-29 4.1351e-29 [ 1.0764e-100 3.3728e-56 3.1259e-38 3.0184e-29 1.1167e-29 ] 1.0000e+00
 9.305e+01 3.5383e-29 3.5383e-29 [ 6.5717e-101 2.4642e-56 2.5245e-38 2.5807e-29 9.5754e-30 ] 1.0000e+00
 9.316e+01 3.0270e-29 3.0270e-29 [ 4.0100e-101 1.7992e-56 2.0377e-38 2.2061e-29 8.2092e-30 ] 1.0000e+00
 9.327e+01 2.5891e-29 2.5891e-29 [ 2.4454e-101 1.3128e-56 1.6437e-38 1.8855e-29 7.0366e-30 ] 1.0000e+00
 9.339e+01 2.2142e-29 2.2142e-29 [ 1.4904e-101 9.5719e-57 1.3252e-38 1.6111e-29 6.0303e-30 ] 1.0000e+00
 9.350e+01 1.8931e-29 1.8931e-29 [ 9.0775e-102 6.9743e-57 1.0677e-38 1.3765e-29 5.1669e-30 ] 1.0000e+00
 9.361e+01 1.6183e-29 1.6183e-29 [ 5.5254e-102 5.0780e-57 8.5968e-39 1.1757e-29 4.4263e-30 ] 1.0000e+00
 9.373e+01 1.3832e-29 1.3832e-29 [ 3.3611e-102 3.6947e-57 6.9175e-39 1.0041e-29 3.7911e-30 ] 1.0000e+00
 9.384e+01 1.1819e-29 1.1819e-29 [ 2.0432e-102 2.6861e-57 5.5626e-39 8.5729e-30 3.2464e-30 ] 1.0000e+00
 9.395e+01 1.0098e-29 1.0098e-29 [ 1.2412e-102 1.9514e-57 4.4700e-39 7.3183e-30 2.7794e-30 ] 1.0000e+00
 9.407e+01 8.6252e-30 8.6252e-30 [ 7.5352e-103 1.4166e-57 3.5895e-39 6.2460e-30 2.3791e-30 ] 1.0000e+00
 9.418e+01 7.3659e-30 7.3659e-30 [ 4.5712e-103 1.0275e-57 2.8803e-39 5.3298e-30 2.0361e-30 ] 1.0000e+00
 9.429e+01 6.2893e-30 6.2893e-30 [ 2.7712e-103 7.4474e-58 2.3095e-39 4.5471e-30 1.7422e-30 ] 1.0000e+00
 9.441e+01 5.3689e-30 5.3689e-30 [ 1.6787e-103 5.3932e-58 1.8505e-39 3.8785e-30 1.4904e-30 ] 1.0000e+00
 9.452e+01 4.5823e-30 4.5823e-30 [ 1.0161e-103 3.9023e-58 1.4815e-39 3.3075e-30 1.2748e-30 ] 1.0000e+00
 9.463e+01 3.9102e-30 3.9102e-30 [ 6.1462e-104 2.8212e-58 1.1851e-39 2.8200e-30 1.0901e-30 ] 1.0000e+00
 9.475e+01 3.3359e-30 3.3359e-30 [ 3.7146e-104 2.0378e-58 9.4724e-40 2.4039e-30 9.3203e-31 ] 1.0000e+00
 9.486e+01 2.8454e-30 2.8454e-30 [ 2.2432e-104 1.4706e-58 7.5646e-40 2.0487e-30 7.9672e-31 ] 1.0000e+00
 9.497e+01 2.4265e-30 2.4265e-30 [ 1.3535e-104 1.0603e-58 6.0357e-40 1.7456e-30 6.8091e-31 ] 1.0000e+00
 9.509e+01 2.0689e-30 2.0689e-30 [ 8.1600e-105 7.6370e-59 4.8114e-40 1.4871e-30 5.8183e-31 ] 1.0000e+00
 9.520e+01 1.7635e-30 1.7635e-30 [ 4.9151e-105 5.4955e-59 3.8318e-40 1.2665e-30 4.9706e-31 ] 1.0000e+00
 9.531e+01 1.5029e-30 1.5029e-30 [ 2.9578e-105 3.9505e-59 3.0486e-40 1.0784e-30 4.2456e-31 ] 1.0000e+00
 9.543e+01 1.2806e-30 1.2806e-30 [ 1.7783e-105 2.8370e-59 2.4231e-40 9.1800e-31 3.6257e-31 ] 1.0000e+00
 9.554e+01 1.0908e-30 1.0908e-30 [ 1.0681e-105 2.0351e-59 1.9239e-40 7.8127e-31 3.0956e-31 ] 1.0000e+00
 9.565e+01 9.2899e-31 9.2899e-31 [ 6.4090e-106 1.4582e-59 1.5258e-40 6.6473e-31 2.6426e-31 ] 1.0000e+00
 9.577e+01 7.9096e-31 7.9096e-31 [ 3.8416e-106 1.0437e-59 1.2088e-40 5.6542e-31 2.2554e-31 ] 1.0000e+00
 9.588e+01 6.7326e-31 6.7326e-31 [ 2.3001e-106 7.4610e-60 9.5648e-41 4.8081e-31 1.9245e-31 ] 1.0000e+00
 9.599e+01 5.7292e-31 5.7292e-31 [ 1.3756e-106 5.3271e-60 7.5591e-41 4.0873e-31 1.6419e-31 ] 1.0000e+00
 9.611e+01 4.8740e-31 4.8740e-31 [ 8.2175e-107 3.7986e-60 5.9663e-41 3.4735e-31 1.4005e-31 ] 1.0000e+00
 9.622e+01 4.1451e-31 4.1451e-31 [ 4.9028e-107 2.7050e-60 4.7029e-41 2.9508e-31 1.1944e-31 ] 1.0000e+00
 9.633e+01 3.5242e-31 3.5242e-31 [ 2.9213e-107 1.9236e-60 3.7017e-41 2.5058e-31 1.0183e-31 ] 1.0000e+00
 9.645e+01 2.9952e-31 2.9952e-31 [ 1.7383e-107 1.3659e-60 2.9095e-41 2.1270e-31 8.6811e-32 ] 1.0000e+00
 9.656e+01 2.5446e-31 2.5446e-31 [ 1.0329e-107 9.6837e-61 2.2832e-41 1.8047e-31 7.3989e-32 ] 1.0000e+00
 9.667e+01 2.1609e-31 2.1609e-31 [ 6.1283e-108 6.8545e-61 1.7889e-41 1.5305e-31 6.3047e-32 ] 1.0000e+00
 9.679e+01 1.8343e-31 1.8343e-31 [ 3.6301e-108 4.8436e-61 1.3991e-41 1.2972e-31 5.3713e-32 ] 1.0000e+00
 9.690e+01 1.5562e-31 1.5562e-31 [ 2.1467e-108 3.4165e-61 1.0923e-41 1.0987e-31 4.5751e-32 ] 1.0000e+00
 9.701e+01 1.3196e-31 1.3196e-31 [ 1.2672e-108 2.4052e-61 8.5114e-42 9.2997e-32 3.8961e-32 ] 1.0000e+00
 9.713e+01 1.1182e-31 1.1182e-31 [ 7.4657e-109 1.6899e-61 6.6185e-42 7.8649e-32 3.3171e-32 ] 1.0000e+00
 9.724e+01 9.4687e-32 9.4687e-32 [ 4.3895e-109 1.1847e-61 5.1353e-42 6.6452e-32 2.8235e-32 ] 1.0000e+00
 9.735e+01 8.0112e-32 8.0112e-32 [ 2.5751e-109 8.2862e-62 3.9751e-42 5.6085e-32 2.4027e-32 ] 1.0000e+00
 9.747e+01 6.7716e-32 6.7716e-32 [ 1.5071e-109 5.7812e-62 3.0692e-42 4.7275e-32 2.0441e-32 ] 1.0000e+00
 9.758e+01 5.7173e-32 5.7173e-32 [ 8.7978e-110 4.0226e-62 2.3633e-42 3.9788e-32 1.7385e-32 ] 1.0000e+00
 9.769e+01 4.8208e-32 4.8208e-32 [ 5.1213e-110 2.7907e-62 1.8142e-42 3.3428e-32 1.4781e-32 ] 1.0000e+00
 9.781e+01 4.0585e-32 4.0585e-32 [ 2.9719e-110 1.9299e-62 1.3882e-42 2.8024e-32 1.2561e-32 ] 1.0000e+00
 9.792e+01 3.4102e-32 3.4102e-32 [ 1.7188e-110 1.3299e-62 1.0583e-42 2.3433e-32 1.0669e-32 ] 1.0000e+00
 9.803e+01 2.8590e-32 2.8590e-32 [ 9.9027e-111 9.1286e-63 8.0360e-43 1.9533e-32 9.0568e-33 ] 1.0000e+00
 9.815e+01 2.3901e-32 2.3901e-32 [ 5.6814e-111 6.2387e-63 6.0740e-43 1.6219e-32 7.6815e-33 ] 1.0000e+00
 9.826e+01 1.9912e-32 1.9912e-32 [ 3.2440e-111 4.2428e-63 4.5674e-43 1.3404e-32 6.5077e-33 ] 1.0000e+00
 9.837e+01 1.6518e-32 1.6518e-32 [ 1.8423e-111 2.8693e-63 3.4139e-43 1.1013e-32 5.5047e-33 ] 1.0000e+00
 9.849e+01 1.3627e-32 1.3627e-32 [ 1.0397e-111 1.9279e-63 2.5338e-43 8.9811e-33 4.6462e-33 ] 1.0000e+00
 9.860e+01 1.1165e-32 1.1165e-32 [ 5.8250e-112 1.2856e-63 1.8648e-43 7.2556e-33 3.9094e-33 ] 1.0000e+00
 9.871e+01 9.0656e-33 9.0656e-33 [ 3.2355e-112 8.4954e-64 1.3584e-43 5.7912e-33 3.2745e-33 ] 1.0000e+00
 9.883e+01 7.2747e-33 7.2747e-33 [ 1.7785e-112 5.5514e-64 9.7674e-44 4.5504e-33 2.7243e-33 ] 1.0000e+00
 9.894e+01 5.7463e-33 5.7463e-33 [ 9.6512e-113 3.5767e-64 6.9068e-44 3.5025e-33 2.2437e-33 ] 1.0000e+00
 9.905e+01 4.4426e-33 4.4426e-33 [ 5.1519e-113 2.2617e-64 4.7761e-44 2.6226e-33 1.8200e-33 ] 1.0000e+00
 9.917e+01 3.3331e-33 3.3331e-33 [ 2.6903e-113 1.3937e-64 3.2021e-44 1.8912e-33 1.4419e-33 ] 1.0000e+00
 9.928e+01 2.3944e-33 2.3944e-33 [ 1.3617e-113 8.2675e-65 2.0526e-44 1.2932e-33 1.1012e-33 ] 1.0000e+00
 9.939e+01 1.6102e-33 1.6102e-33 [ 6.5637e-114 4.6190e-65 1.2280e-44 8.1744e-34 7.9274e-34 ] 1.0000e+00
 9.951e+01 9.7214e-34 9.7214e-34 [ 2.9031e-114 2.3260e-65 6.5457e-45 4.5573e-34 5.1642e-34 ] 1.0000e+00
 9.962e+01 4.8094e-34 4.8094e-34 [ 1.0720e-114 9.5230e-66 2.7975e-45 2.0167e-34 2.7927e-34 ] 1.0000e+00
 9.973e+01 1.4828e-34 1.4828e-34 [ 2.3823e-115 2.2633e-66 6.8291e-46 5.0507e-35 9.7772e-35 ] 1.0000e+00
 9.985e+01 0.0000e+00 0.0000e+00 [ 0.0000e+00 0.0000e+00 0.0000e+00 0.0000e+00 0.0000e+00 ] 1.0000e+00
