 0.000e+00 4.8605e-01 1.9582e-02 7.4076e-03 0.0000e+00
 1.133e-01 4.8605e-01 1.9582e-02 7.4076e-03 2.8334e-04
 2.267e-01 4.8742e-01 1.9609e-02 7.3975e-03 5.9733e-04
 3.400e-01 4.9012e-01 1.9662e-02 7.3776e-03 8.9191e-04
 4.533e-01 4.9412e-01 1.9741e-02 7.3481e-03 1.1920e-03
 5.667e-01 4.9942e-01 1.9846e-02 7.3093e-03 1.4971e-03
 6.800e-01 5.0598e-01 1.9976e-02 7.2615e-03 1.8117e-03
 7.933e-01 5.1379e-01 2.0133e-02 7.2050e-03 2.1392e-03
 9.067e-01 5.2284e-01 2.0316e-02 7.1401e-03 2.4830e-03
 1.020e+00 5.3312e-01 2.0526e-02 7.0671e-03 2.8465e-03
 1.133e+00 5.4461e-01 2.0763e-02 6.9863e-03 3.2337e-03
 1.247e+00 5.5732e-01 2.1029e-02 6.8981e-03 3.6485e-03
 1.360e+00 5.7123e-01 2.1323e-02 6.8028e-03 4.0954e-03
 1.473e+00 5.8634e-01 2.1648e-02 6.7008e-03 4.5791e-03
 1.587e+00 6.0264e-01 2.2004e-02 6.5925e-03 5.1045e-03
 1.700e+00 6.2012e-01 2.2392e-02 6.4783e-03 5.6772e-03
 1.813e+00 6.3877e-01 2.2813e-02 6.3585e-03 6.3033e-03
 1.927e+00 6.5859e-01 2.3270e-02 6.2337e-03 6.9890e-03
 2.040e+00 6.7957e-01 2.3763e-02 6.1043e-03 7.7414e-03
 2.153e+00 7.0168e-01 2.4294e-02 5.9708e-03 8.5681e-03
 2.267e+00 7.2492e-01 2.4866e-02 5.8337e-03 9.4772e-03
 2.380e+00 7.4925e-01 2.5478e-02 5.6935e-03 1.0477e-02
 2.493e+00 7.7465e-01 2.6133e-02 5.5507e-03 1.1578e-02
 2.607e+00 8.0108e-01 2.6833e-02 5.4059e-03 1.2788e-02
 2.720e+00 8.2850e-01 2.7579e-02 5.2596e-03 1.4118e-02
 2.833e+00 8.5687e-01 2.8373e-02 5.1125e-03 1.5578e-02
 2.947e+00 8.8612e-01 2.9215e-02 4.9652e-03 1.7178e-02
 3.060e+00 9.1618e-01 3.0107e-02 4.8181e-03 1.8929e-02
 3.173e+00 9.4697e-01 3.1048e-02 4.6720e-03 2.0839e-02
 3.287e+00 9.7840e-01 3.2039e-02 4.5275e-03 2.2917e-02
 3.400e+00 1.0104e+00 3.3080e-02 4.3851e-03 2.5169e-02
 3.513e+00 1.0427e+00 3.4168e-02 4.2455e-03 2.7600e-02
 3.627e+00 1.0753e+00 3.5301e-02 4.1092e-03 3.0211e-02
 3.740e+00 1.1081e+00 3.6475e-02 3.9769e-03 3.3000e-02
 3.853e+00 1.1408e+00 3.7687e-02 3.8490e-03 3.5961e-02
 3.967e+00 1.1732e+00 3.8930e-02 3.7262e-03 3.9080e-02
 4.080e+00 1.2052e+00 4.0195e-02 3.6088e-03 4.2339e-02
 4.193e+00 1.2365e+00 4.1474e-02 3.4975e-03 4.5713e-02
 4.307e+00 1.2670e+00 4.2757e-02 3.3927e-03 4.9170e-02
 4.420e+00 1.2963e+00 4.4029e-02 3.2946e-03 5.2669e-02
 4.533e+00 1.3242e+00 4.5276e-02 3.2038e-03 5.6165e-02
 4.647e+00 1.3505e+00 4.6484e-02 3.1206e-03 5.9603e-02
 4.760e+00 1.3750e+00 4.7636e-02 3.0452e-03 6.2926e-02
 4.873e+00 1.3974e+00 4.8713e-02 2.9778e-03 6.6072e-02
 4.987e+00 1.4174e+00 4.9698e-02 2.9188e-03 6.8980e-02
 5.100e+00 1.4349e+00 5.0574e-02 2.8682e-03 7.1589e-02
 5.213e+00 1.4496e+00 5.1325e-02 2.8263e-03 7.3840e-02
 5.327e+00 1.4614e+00 5.1935e-02 2.7931e-03 7.5684e-02
 5.440e+00 1.4702e+00 5.2393e-02 2.7686e-03 7.7076e-02
 5.553e+00 1.4758e+00 5.2689e-02 2.7531e-03 7.7985e-02
 5.667e+00 1.4782e+00 5.2815e-02 2.7465e-03 7.8389e-02
 5.780e+00 1.4774e+00 5.2771e-02 2.7488e-03 7.8279e-02
 5.893e+00 1.4733e+00 5.2555e-02 2.7601e-03 7.7658e-02
 6.007e+00 1.4660e+00 5.2174e-02 2.7803e-03 7.6543e-02
 6.120e+00 1.4556e+00 5.1634e-02 2.8094e-03 7.4962e-02
 6.233e+00 1.4422e+00 5.0946e-02 2.8473e-03 7.2953e-02
 6.347e+00 1.4259e+00 5.0124e-02 2.8940e-03 7.0564e-02
 6.460e+00 1.4070e+00 4.9184e-02 2.9493e-03 6.7850e-02
 6.573e+00 1.3856e+00 4.8141e-02 3.0132e-03 6.4871e-02
 6.687e+00 1.3619e+00 4.7014e-02 3.0854e-03 6.1687e-02
 6.800e+00 1.3362e+00 4.5820e-02 3.1658e-03 5.8360e-02
 6.913e+00 1.3086e+00 4.4576e-02 3.2542e-03 5.4950e-02
 7.027e+00 1.2795e+00 4.3298e-02 3.3502e-03 5.1511e-02
 7.140e+00 1.2491e+00 4.2000e-02 3.4537e-03 4.8092e-02
 7.253e+00 1.2176e+00 4.0697e-02 3.5643e-03 4.4736e-02
 7.367e+00 1.1852e+00 3.9400e-02 3.6817e-03 4.1477e-02
 7.480e+00 1.1521e+00 3.8119e-02 3.8054e-03 3.8345e-02
 7.593e+00 1.1186e+00 3.6863e-02 3.9351e-03 3.5359e-02
 7.707e+00 1.0848e+00 3.5638e-02 4.0704e-03 3.2536e-02
 7.820e+00 1.0509e+00 3.4450e-02 4.2107e-03 2.9884e-02
 7.933e+00 1.0171e+00 3.3302e-02 4.3558e-03 2.7407e-02
 8.047e+00 9.8338e-01 3.2199e-02 4.5050e-03 2.5106e-02
 8.160e+00 9.4998e-01 3.1142e-02 4.6580e-03 2.2978e-02
 8.273e+00 9.1700e-01 3.0131e-02 4.8142e-03 2.1018e-02
 8.387e+00 8.8450e-01 2.9168e-02 4.9732e-03 1.9218e-02
 8.500e+00 8.5258e-01 2.8251e-02 5.1345e-03 1.7570e-02
 8.613e+00 8.2129e-01 2.7381e-02 5.2977e-03 1.6065e-02
 8.727e+00 7.9069e-01 2.6556e-02 5.4623e-03 1.4693e-02
 8.840e+00 7.6083e-01 2.5775e-02 5.6279e-03 1.3445e-02
 8.953e+00 7.3174e-01 2.5036e-02 5.7940e-03 1.2310e-02
 9.067e+00 7.0344e-01 2.4337e-02 5.9603e-03 1.1280e-02
 9.180e+00 6.7596e-01 2.3678e-02 6.1264e-03 1.0345e-02
 9.293e+00 6.4931e-01 2.3055e-02 6.2919e-03 9.4973e-03
 9.407e+00 6.2349e-01 2.2467e-02 6.4564e-03 8.7287e-03
 9.520e+00 5.9850e-01 2.1913e-02 6.6198e-03 8.0318e-03
 9.633e+00 5.7435e-01 2.1390e-02 6.7816e-03 7.4000e-03
 9.747e+00 5.5103e-01 2.0897e-02 6.9416e-03 6.8270e-03
 9.860e+00 5.2853e-01 2.0432e-02 7.0996e-03 6.3071e-03
 9.973e+00 5.0683e-01 1.9993e-02 7.2553e-03 5.8351e-03
 1.009e+01 4.8593e-01 1.9580e-02 7.4086e-03 5.4064e-03
 1.020e+01 4.6580e-01 1.9190e-02 7.5592e-03 5.0165e-03
 1.031e+01 4.4643e-01 1.8821e-02 7.7071e-03 4.6617e-03
 1.043e+01 4.2780e-01 1.8474e-02 7.8520e-03 4.3386e-03
 1.054e+01 4.0989e-01 1.8146e-02 7.9939e-03 4.0439e-03
 1.065e+01 3.9269e-01 1.7837e-02 8.1326e-03 3.7748e-03
 1.077e+01 3.7616e-01 1.7544e-02 8.2681e-03 3.5289e-03
 1.088e+01 3.6030e-01 1.7268e-02 8.4003e-03 3.3038e-03
 1.099e+01 3.4507e-01 1.7007e-02 8.5292e-03 3.0975e-03
 1.111e+01 3.3046e-01 1.6761e-02 8.6547e-03 2.9082e-03
 1.122e+01 3.1645e-01 1.6527e-02 8.7768e-03 2.7341e-03
 1.133e+01 3.0302e-01 1.6307e-02 8.8955e-03 2.5739e-03
 1.145e+01 2.9014e-01 1.6098e-02 9.0109e-03 2.4262e-03
 1.156e+01 2.7779e-01 1.5901e-02 9.1228e-03 2.2898e-03
 1.167e+01 2.6596e-01 1.5714e-02 9.2314e-03 2.1637e-03
 1.179e+01 2.5463e-01 1.5537e-02 9.3366e-03 2.0469e-03
 1.190e+01 2.4377e-01 1.5369e-02 9.4385e-03 1.9385e-03
 1.201e+01 2.3337e-01 1.5210e-02 9.5372e-03 1.8378e-03
 1.213e+01 2.2341e-01 1.5059e-02 9.6326e-03 1.7440e-03
 1.224e+01 2.1387e-01 1.4916e-02 9.7249e-03 1.6567e-03
 1.235e+01 2.0474e-01 1.4781e-02 9.8141e-03 1.5751e-03
 1.247e+01 1.9600e-01 1.4652e-02 9.9003e-03 1.4988e-03
 1.258e+01 1.8764e-01 1.4530e-02 9.9835e-03 1.4273e-03
 1.269e+01 1.7963e-01 1.4414e-02 1.0064e-02 1.3603e-03
 1.281e+01 1.7196e-01 1.4304e-02 1.0141e-02 1.2974e-03
 1.292e+01 1.6462e-01 1.4199e-02 1.0216e-02 1.2382e-03
 1.303e+01 1.5760e-01 1.4100e-02 1.0288e-02 1.1825e-03
 1.315e+01 1.5088e-01 1.4005e-02 1.0357e-02 1.1299e-03
 1.326e+01 1.4445e-01 1.3916e-02 1.0424e-02 1.0802e-03
 1.337e+01 1.3830e-01 1.3830e-02 1.0488e-02 1.0333e-03
 1.349e+01 1.3241e-01 1.3749e-02 1.0550e-02 9.8881e-04
 1.360e+01 1.2677e-01 1.3672e-02 1.0610e-02 9.4669e-04
 1.371e+01 1.2138e-01 1.3598e-02 1.0667e-02 9.0673e-04
 1.383e+01 1.1622e-01 1.3528e-02 1.0723e-02 8.6878e-04
 1.394e+01 1.1128e-01 1.3462e-02 1.0776e-02 8.3271e-04
 1.405e+01 1.0656e-01 1.3398e-02 1.0827e-02 7.9838e-04
 1.417e+01 1.0204e-01 1.3338e-02 1.0876e-02 7.6570e-04
 1.428e+01 9.7711e-02 1.3280e-02 1.0923e-02 7.3454e-04
 1.439e+01 9.3571e-02 1.3225e-02 1.0968e-02 7.0483e-04
 1.451e+01 8.9609e-02 1.3173e-02 1.1012e-02 6.7646e-04
 1.462e+01 8.5818e-02 1.3123e-02 1.1054e-02 6.4937e-04
 1.473e+01 8.2189e-02 1.3076e-02 1.1094e-02 6.2348e-04
 1.485e+01 7.8717e-02 1.3030e-02 1.1132e-02 5.9872e-04
 1.496e+01 7.5394e-02 1.2987e-02 1.1169e-02 5.7503e-04
 1.507e+01 7.2213e-02 1.2946e-02 1.1205e-02 5.5235e-04
 1.519e+01 6.9169e-02 1.2907e-02 1.1239e-02 5.3063e-04
 1.530e+01 6.6256e-02 1.2869e-02 1.1272e-02 5.0981e-04
 1.541e+01 6.3467e-02 1.2833e-02 1.1303e-02 4.8986e-04
 1.553e+01 6.0798e-02 1.2799e-02 1.1334e-02 4.7073e-04
 1.564e+01 5.8243e-02 1.2766e-02 1.1363e-02 4.5238e-04
 1.575e+01 5.5797e-02 1.2735e-02 1.1390e-02 4.3478e-04
 1.587e+01 5.3456e-02 1.2705e-02 1.1417e-02 4.1788e-04
 1.598e+01 5.1214e-02 1.2677e-02 1.1443e-02 4.0166e-04
 1.609e+01 4.9069e-02 1.2650e-02 1.1467e-02 3.8608e-04
 1.621e+01 4.7014e-02 1.2624e-02 1.1491e-02 3.7112e-04
 1.632e+01 4.5047e-02 1.2599e-02 1.1513e-02 3.5675e-04
 1.643e+01 4.3164e-02 1.2575e-02 1.1535e-02 3.4294e-04
 1.655e+01 4.1361e-02 1.2553e-02 1.1556e-02 3.2968e-04
 1.666e+01 3.9634e-02 1.2531e-02 1.1576e-02 3.1692e-04
 1.677e+01 3.7981e-02 1.2510e-02 1.1595e-02 3.0467e-04
 1.689e+01 3.6397e-02 1.2490e-02 1.1614e-02 2.9289e-04
 1.700e+01 3.4881e-02 1.2472e-02 1.1631e-02 2.8156e-04
 1.711e+01 3.3429e-02 1.2453e-02 1.1648e-02 2.7068e-04
 1.723e+01 3.2038e-02 1.2436e-02 1.1664e-02 2.6021e-04
 1.734e+01 3.0706e-02 1.2420e-02 1.1680e-02 2.5014e-04
 1.745e+01 2.9430e-02 1.2404e-02 1.1695e-02 2.4046e-04
 1.757e+01 2.8208e-02 1.2389e-02 1.1709e-02 2.3116e-04
 1.768e+01 2.7038e-02 1.2374e-02 1.1723e-02 2.2221e-04
 1.779e+01 2.5916e-02 1.2360e-02 1.1736e-02 2.1360e-04
 1.791e+01 2.4842e-02 1.2347e-02 1.1748e-02 2.0532e-04
 1.802e+01 2.3813e-02 1.2334e-02 1.1761e-02 1.9736e-04
 1.813e+01 2.2828e-02 1.2322e-02 1.1772e-02 1.8970e-04
 1.825e+01 2.1883e-02 1.2310e-02 1.1783e-02 1.8234e-04
 1.836e+01 2.0978e-02 1.2299e-02 1.1794e-02 1.7526e-04
 1.847e+01 2.0112e-02 1.2289e-02 1.1804e-02 1.6845e-04
 1.859e+01 1.9281e-02 1.2278e-02 1.1814e-02 1.6190e-04
 1.870e+01 1.8485e-02 1.2269e-02 1.1823e-02 1.5560e-04
 1.881e+01 1.7722e-02 1.2259e-02 1.1832e-02 1.4955e-04
 1.893e+01 1.6992e-02 1.2250e-02 1.1841e-02 1.4372e-04
 1.904e+01 1.6291e-02 1.2242e-02 1.1849e-02 1.3812e-04
 1.915e+01 1.5620e-02 1.2234e-02 1.1857e-02 1.3273e-04
 1.927e+01 1.4977e-02 1.2226e-02 1.1865e-02 1.2755e-04
 1.938e+01 1.4361e-02 1.2218e-02 1.1872e-02 1.2257e-04
 1.949e+01 1.3770e-02 1.2211e-02 1.1879e-02 1.1778e-04
 1.961e+01 1.3204e-02 1.2204e-02 1.1886e-02 1.1318e-04
 1.972e+01 1.2661e-02 1.2197e-02 1.1892e-02 1.0875e-04
 1.983e+01 1.2141e-02 1.2191e-02 1.1899e-02 1.0449e-04
 1.995e+01 1.1643e-02 1.2185e-02 1.1905e-02 1.0040e-04
 2.006e+01 1.1165e-02 1.2179e-02 1.1910e-02 9.6467e-05
 2.017e+01 1.0707e-02 1.2174e-02 1.1916e-02 9.2684e-05
 2.029e+01 1.0268e-02 1.2168e-02 1.1921e-02 8.9047e-05
 2.040e+01 9.8469e-03 1.2163e-02 1.1926e-02 8.5551e-05
 2.051e+01 9.4435e-03 1.2158e-02 1.1931e-02 8.2190e-05
 2.063e+01 9.0567e-03 1.2154e-02 1.1935e-02 7.8959e-05
 2.074e+01 8.6858e-03 1.2149e-02 1.1940e-02 7.5854e-05
 2.085e+01 8.3303e-03 1.2145e-02 1.1944e-02 7.2868e-05
 2.097e+01 7.9895e-03 1.2141e-02 1.1948e-02 6.9999e-05
 2.108e+01 7.6627e-03 1.2137e-02 1.1952e-02 6.7241e-05
 2.119e+01 7.3494e-03 1.2133e-02 1.1956e-02 6.4591e-05
 2.131e+01 7.0490e-03 1.2129e-02 1.1959e-02 6.2043e-05
 2.142e+01 6.7610e-03 1.2126e-02 1.1963e-02 5.9595e-05
 2.153e+01 6.4848e-03 1.2122e-02 1.1966e-02 5.7242e-05
 2.165e+01 6.2200e-03 1.2119e-02 1.1969e-02 5.4981e-05
 2.176e+01 5.9661e-03 1.2116e-02 1.1972e-02 5.2808e-05
 2.187e+01 5.7226e-03 1.2113e-02 1.1975e-02 5.0720e-05
 2.199e+01 5.4892e-03 1.2110e-02 1.1978e-02 4.8714e-05
 2.210e+01 5.2653e-03 1.2108e-02 1.1981e-02 4.6786e-05
 2.221e+01 5.0506e-03 1.2105e-02 1.1983e-02 4.4933e-05
 2.233e+01 4.8447e-03 1.2102e-02 1.1986e-02 4.3153e-05
 2.244e+01 4.6473e-03 1.2100e-02 1.1988e-02 4.1442e-05
 2.255e+01 4.4579e-03 1.2098e-02 1.1990e-02 3.9799e-05
 2.267e+01 4.2763e-03 1.2096e-02 1.1993e-02 3.8220e-05
 2.278e+01 4.1022e-03 1.2094e-02 1.1995e-02 3.6703e-05
 2.289e+01 3.9351e-03 1.2091e-02 1.1997e-02 3.5246e-05
 2.301e+01 3.7750e-03 1.2090e-02 1.1999e-02 3.3846e-05
 2.312e+01 3.6213e-03 1.2088e-02 1.2000e-02 3.2501e-05
 2.323e+01 3.4740e-03 1.2086e-02 1.2002e-02 3.1209e-05
 2.335e+01 3.3327e-03 1.2084e-02 1.2004e-02 2.9967e-05
 2.346e+01 3.1971e-03 1.2083e-02 1.2006e-02 2.8775e-05
 2.357e+01 3.0671e-03 1.2081e-02 1.2007e-02 2.7630e-05
 2.369e+01 2.9424e-03 1.2079e-02 1.2009e-02 2.6529e-05
 2.380e+01 2.8228e-03 1.2078e-02 1.2010e-02 2.5472e-05
 2.391e+01 2.7081e-03 1.2077e-02 1.2011e-02 2.4457e-05
 2.403e+01 2.5980e-03 1.2075e-02 1.2013e-02 2.3482e-05
 2.414e+01 2.4925e-03 1.2074e-02 1.2014e-02 2.2546e-05
 2.425e+01 2.3912e-03 1.2073e-02 1.2015e-02 2.1646e-05
 2.437e+01 2.2941e-03 1.2072e-02 1.2016e-02 2.0782e-05
 2.448e+01 2.2009e-03 1.2071e-02 1.2018e-02 1.9952e-05
 2.459e+01 2.1116e-03 1.2069e-02 1.2019e-02 1.9155e-05
 2.471e+01 2.0259e-03 1.2068e-02 1.2020e-02 1.8390e-05
 2.482e+01 1.9436e-03 1.2067e-02 1.2021e-02 1.7655e-05
 2.493e+01 1.8647e-03 1.2066e-02 1.2022e-02 1.6949e-05
 2.505e+01 1.7891e-03 1.2066e-02 1.2022e-02 1.6271e-05
 2.516e+01 1.7165e-03 1.2065e-02 1.2023e-02 1.5620e-05
 2.527e+01 1.6468e-03 1.2064e-02 1.2024e-02 1.4995e-05
 2.539e+01 1.5800e-03 1.2063e-02 1.2025e-02 1.4394e-05
 2.550e+01 1.5159e-03 1.2062e-02 1.2026e-02 1.3818e-05
 2.561e+01 1.4544e-03 1.2062e-02 1.2026e-02 1.3264e-05
 2.573e+01 1.3954e-03 1.2061e-02 1.2027e-02 1.2732e-05
 2.584e+01 1.3388e-03 1.2060e-02 1.2028e-02 1.2222e-05
 2.595e+01 1.2846e-03 1.2059e-02 1.2029e-02 1.1731e-05
 2.607e+01 1.2325e-03 1.2059e-02 1.2029e-02 1.1261e-05
 2.618e+01 1.1825e-03 1.2058e-02 1.2030e-02 1.0809e-05
 2.629e+01 1.1346e-03 1.2058e-02 1.2030e-02 1.0375e-05
 2.641e+01 1.0886e-03 1.2057e-02 1.2031e-02 9.9579e-06
 2.652e+01 1.0444e-03 1.2057e-02 1.2031e-02 9.5578e-06
 2.663e+01 1.0021e-03 1.2056e-02 1.2032e-02 9.1737e-06
 2.675e+01 9.6148e-04 1.2056e-02 1.2032e-02 8.8048e-06
 2.686e+01 9.2251e-04 1.2055e-02 1.2033e-02 8.4507e-06
 2.697e+01 8.8512e-04 1.2055e-02 1.2033e-02 8.1107e-06
 2.709e+01 8.4925e-04 1.2054e-02 1.2034e-02 7.7842e-06
 2.720e+01 8.1483e-04 1.2054e-02 1.2034e-02 7.4708e-06
 2.731e+01 7.8181e-04 1.2053e-02 1.2035e-02 7.1699e-06
 2.743e+01 7.5013e-04 1.2053e-02 1.2035e-02 6.8810e-06
 2.754e+01 7.1973e-04 1.2053e-02 1.2035e-02 6.6037e-06
 2.765e+01 6.9057e-04 1.2052e-02 1.2036e-02 6.3375e-06
 2.777e+01 6.6259e-04 1.2052e-02 1.2036e-02 6.0819e-06
 2.788e+01 6.3574e-04 1.2052e-02 1.2036e-02 5.8365e-06
 2.799e+01 6.0997e-04 1.2051e-02 1.2037e-02 5.6010e-06
 2.811e+01 5.8526e-04 1.2051e-02 1.2037e-02 5.3748e-06
 2.822e+01 5.6154e-04 1.2051e-02 1.2037e-02 5.1578e-06
 2.833e+01 5.3879e-04 1.2050e-02 1.2038e-02 4.9494e-06
 2.845e+01 5.1695e-04 1.2050e-02 1.2038e-02 4.7494e-06
 2.856e+01 4.9601e-04 1.2050e-02 1.2038e-02 4.5574e-06
 2.867e+01 4.7590e-04 1.2050e-02 1.2038e-02 4.3730e-06
 2.879e+01 4.5662e-04 1.2050e-02 1.2039e-02 4.1961e-06
 2.890e+01 4.3811e-04 1.2049e-02 1.2039e-02 4.0263e-06
 2.901e+01 4.2036e-04 1.2049e-02 1.2039e-02 3.8633e-06
 2.913e+01 4.0332e-04 1.2049e-02 1.2039e-02 3.7068e-06
 2.924e+01 3.8697e-04 1.2049e-02 1.2039e-02 3.5566e-06
 2.935e+01 3.7129e-04 1.2048e-02 1.2040e-02 3.4125e-06
 2.947e+01 3.5624e-04 1.2048e-02 1.2040e-02 3.2741e-06
 2.958e+01 3.4180e-04 1.2048e-02 1.2040e-02 3.1413e-06
 2.969e+01 3.2794e-04 1.2048e-02 1.2040e-02 3.0139e-06
 2.981e+01 3.1465e-04 1.2048e-02 1.2040e-02 2.8915e-06
 2.992e+01 3.0189e-04 1.2048e-02 1.2040e-02 2.7741e-06
 3.003e+01 2.8965e-04 1.2047e-02 1.2041e-02 2.6614e-06
 3.015e+01 2.7790e-04 1.2047e-02 1.2041e-02 2.5533e-06
 3.026e+01 2.6663e-04 1.2047e-02 1.2041e-02 2.4495e-06
 3.037e+01 2.5582e-04 1.2047e-02 1.2041e-02 2.3499e-06
 3.049e+01 2.4544e-04 1.2047e-02 1.2041e-02 2.2543e-06
 3.060e+01 2.3549e-04 1.2047e-02 1.2041e-02 2.1625e-06
 3.071e+01 2.2593e-04 1.2047e-02 1.2041e-02 2.0745e-06
 3.083e+01 2.1677e-04 1.2047e-02 1.2041e-02 1.9900e-06
 3.094e+01 2.0797e-04 1.2047e-02 1.2041e-02 1.9089e-06
 3.105e+01 1.9953e-04 1.2046e-02 1.2042e-02 1.8311e-06
 3.117e+01 1.9144e-04 1.2046e-02 1.2042e-02 1.7564e-06
 3.128e+01 1.8367e-04 1.2046e-02 1.2042e-02 1.6847e-06
 3.139e+01 1.7621e-04 1.2046e-02 1.2042e-02 1.6160e-06
 3.151e+01 1.6906e-04 1.2046e-02 1.2042e-02 1.5500e-06
 3.162e+01 1.6219e-04 1.2046e-02 1.2042e-02 1.4867e-06
 3.173e+01 1.5561e-04 1.2046e-02 1.2042e-02 1.4259e-06
 3.185e+01 1.4929e-04 1.2046e-02 1.2042e-02 1.3676e-06
 3.196e+01 1.4322e-04 1.2046e-02 1.2042e-02 1.3117e-06
 3.207e+01 1.3740e-04 1.2046e-02 1.2042e-02 1.2580e-06
 3.219e+01 1.3182e-04 1.2046e-02 1.2042e-02 1.2065e-06
 3.230e+01 1.2646e-04 1.2046e-02 1.2042e-02 1.1571e-06
 3.241e+01 1.2133e-04 1.2045e-02 1.2043e-02 1.1096e-06
 3.253e+01 1.1639e-04 1.2045e-02 1.2043e-02 1.0641e-06
 3.264e+01 1.1166e-04 1.2045e-02 1.2043e-02 1.0205e-06
 3.275e+01 1.0712e-04 1.2045e-02 1.2043e-02 9.7862e-07
 3.287e+01 1.0276e-04 1.2045e-02 1.2043e-02 9.3844e-07
 3.298e+01 9.8585e-05 1.2045e-02 1.2043e-02 8.9990e-07
 3.309e+01 9.4574e-05 1.2045e-02 1.2043e-02 8.6292e-07
 3.321e+01 9.0726e-05 1.2045e-02 1.2043e-02 8.2744e-07
 3.332e+01 8.7034e-05 1.2045e-02 1.2043e-02 7.9340e-07
 3.343e+01 8.3491e-05 1.2045e-02 1.2043e-02 7.6075e-07
 3.355e+01 8.0092e-05 1.2045e-02 1.2043e-02 7.2942e-07
 3.366e+01 7.6831e-05 1.2045e-02 1.2043e-02 6.9937e-07
 3.377e+01 7.3702e-05 1.2045e-02 1.2043e-02 6.7055e-07
 3.389e+01 7.0699e-05 1.2045e-02 1.2043e-02 6.4289e-07
 3.400e+01 6.7819e-05 1.2045e-02 1.2043e-02 6.1637e-07
 3.411e+01 6.5055e-05 1.2045e-02 1.2043e-02 5.9092e-07
 3.423e+01 6.2403e-05 1.2045e-02 1.2043e-02 5.6652e-07
 3.434e+01 5.9859e-05 1.2045e-02 1.2043e-02 5.4310e-07
 3.445e+01 5.7418e-05 1.2045e-02 1.2043e-02 5.2065e-07
 3.457e+01 5.5076e-05 1.2045e-02 1.2043e-02 4.9911e-07
 3.468e+01 5.2829e-05 1.2045e-02 1.2043e-02 4.7845e-07
 3.479e+01 5.0673e-05 1.2045e-02 1.2043e-02 4.5863e-07
 3.491e+01 4.8605e-05 1.2045e-02 1.2043e-02 4.3963e-07
 3.502e+01 4.6621e-05 1.2045e-02 1.2043e-02 4.2140e-07
 3.513e+01 4.4717e-05 1.2045e-02 1.2043e-02 4.0392e-07
 3.525e+01 4.2890e-05 1.2045e-02 1.2043e-02 3.8715e-07
 3.536e+01 4.1138e-05 1.2044e-02 1.2044e-02 3.7107e-07
 3.547e+01 3.9457e-05 1.2044e-02 1.2044e-02 3.5565e-07
 3.559e+01 3.7844e-05 1.2044e-02 1.2044e-02 3.4086e-07
 3.570e+01 3.6297e-05 1.2044e-02 1.2044e-02 3.2668e-07
 3.581e+01 3.4812e-05 1.2044e-02 1.2044e-02 3.1308e-07
 3.593e+01 3.3388e-05 1.2044e-02 1.2044e-02 3.0004e-07
 3.604e+01 3.2022e-05 1.2044e-02 1.2044e-02 2.8753e-07
 3.615e+01 3.0711e-05 1.2044e-02 1.2044e-02 2.7554e-07
 3.627e+01 2.9453e-05 1.2044e-02 1.2044e-02 2.6404e-07
 3.638e+01 2.8247e-05 1.2044e-02 1.2044e-02 2.5302e-07
 3.649e+01 2.7090e-05 1.2044e-02 1.2044e-02 2.4245e-07
 3.661e+01 2.5980e-05 1.2044e-02 1.2044e-02 2.3231e-07
 3.672e+01 2.4915e-05 1.2044e-02 1.2044e-02 2.2259e-07
 3.683e+01 2.3893e-05 1.2044e-02 1.2044e-02 2.1327e-07
 3.695e+01 2.2913e-05 1.2044e-02 1.2044e-02 2.0434e-07
 3.706e+01 2.1973e-05 1.2044e-02 1.2044e-02 1.9577e-07
 3.717e+01 2.1071e-05 1.2044e-02 1.2044e-02 1.8756e-07
 3.729e+01 2.0206e-05 1.2044e-02 1.2044e-02 1.7969e-07
 3.740e+01 1.9376e-05 1.2044e-02 1.2044e-02 1.7214e-07
 3.751e+01 1.8580e-05 1.2044e-02 1.2044e-02 1.6491e-07
 3.763e+01 1.7817e-05 1.2044e-02 1.2044e-02 1.5797e-07
 3.774e+01 1.7084e-05 1.2044e-02 1.2044e-02 1.5132e-07
 3.785e+01 1.6382e-05 1.2044e-02 1.2044e-02 1.4495e-07
 3.797e+01 1.5708e-05 1.2044e-02 1.2044e-02 1.3884e-07
 3.808e+01 1.5061e-05 1.2044e-02 1.2044e-02 1.3298e-07
 3.819e+01 1.4441e-05 1.2044e-02 1.2044e-02 1.2737e-07
 3.831e+01 1.3847e-05 1.2044e-02 1.2044e-02 1.2199e-07
 3.842e+01 1.3276e-05 1.2044e-02 1.2044e-02 1.1684e-07
 3.853e+01 1.2729e-05 1.2044e-02 1.2044e-02 1.1190e-07
 3.865e+01 1.2204e-05 1.2044e-02 1.2044e-02 1.0716e-07
 3.876e+01 1.1701e-05 1.2044e-02 1.2044e-02 1.0262e-07
 3.887e+01 1.1218e-05 1.2044e-02 1.2044e-02 9.8272e-08
 3.899e+01 1.0755e-05 1.2044e-02 1.2044e-02 9.4103e-08
 3.910e+01 1.0311e-05 1.2044e-02 1.2044e-02 9.0109e-08
 3.921e+01 9.8853e-06 1.2044e-02 1.2044e-02 8.6281e-08
 3.933e+01 9.4768e-06 1.2044e-02 1.2044e-02 8.2613e-08
 3.944e+01 9.0851e-06 1.2044e-02 1.2044e-02 7.9099e-08
 3.955e+01 8.7094e-06 1.2044e-02 1.2044e-02 7.5731e-08
 3.967e+01 8.3491e-06 1.2044e-02 1.2044e-02 7.2504e-08
 3.978e+01 8.0036e-06 1.2044e-02 1.2044e-02 6.9412e-08
 3.989e+01 7.6722e-06 1.2044e-02 1.2044e-02 6.6450e-08
 4.001e+01 7.3545e-06 1.2044e-02 1.2044e-02 6.3612e-08
 4.012e+01 7.0497e-06 1.2044e-02 1.2044e-02 6.0894e-08
 4.023e+01 6.7575e-06 1.2044e-02 1.2044e-02 5.8289e-08
 4.035e+01 6.4772e-06 1.2044e-02 1.2044e-02 5.5794e-08
 4.046e+01 6.2085e-06 1.2044e-02 1.2044e-02 5.3403e-08
 4.057e+01 5.9508e-06 1.2044e-02 1.2044e-02 5.1114e-08
 4.069e+01 5.7037e-06 1.2044e-02 1.2044e-02 4.8920e-08
 4.080e+01 5.4668e-06 1.2044e-02 1.2044e-02 4.6819e-08
 4.091e+01 5.2396e-06 1.2044e-02 1.2044e-02 4.4807e-08
 4.103e+01 5.0217e-06 1.2044e-02 1.2044e-02 4.2879e-08
 4.114e+01 4.8128e-06 1.2044e-02 1.2044e-02 4.1033e-08
 4.125e+01 4.6126e-06 1.2044e-02 1.2044e-02 3.9265e-08
 4.137e+01 4.4205e-06 1.2044e-02 1.2044e-02 3.7572e-08
 4.148e+01 4.2364e-06 1.2044e-02 1.2044e-02 3.5950e-08
 4.159e+01 4.0598e-06 1.2044e-02 1.2044e-02 3.4397e-08
 4.171e+01 3.8906e-06 1.2044e-02 1.2044e-02 3.2910e-08
 4.182e+01 3.7283e-06 1.2044e-02 1.2044e-02 3.1486e-08
 4.193e+01 3.5727e-06 1.2044e-02 1.2044e-02 3.0123e-08
 4.205e+01 3.4235e-06 1.2044e-02 1.2044e-02 2.8817e-08
 4.216e+01 3.2805e-06 1.2044e-02 1.2044e-02 2.7567e-08
 4.227e+01 3.1434e-06 1.2044e-02 1.2044e-02 2.6370e-08
 4.239e+01 3.0120e-06 1.2044e-02 1.2044e-02 2.5224e-08
 4.250e+01 2.8860e-06 1.2044e-02 1.2044e-02 2.4127e-08
 4.261e+01 2.7652e-06 1.2044e-02 1.2044e-02 2.3076e-08
 4.273e+01 2.6494e-06 1.2044e-02 1.2044e-02 2.2071e-08
 4.284e+01 2.5384e-06 1.2044e-02 1.2044e-02 2.1108e-08
 4.295e+01 2.4320e-06 1.2044e-02 1.2044e-02 2.0187e-08
 4.307e+01 2.3300e-06 1.2044e-02 1.2044e-02 1.9305e-08
 4.318e+01 2.2323e-06 1.2044e-02 1.2044e-02 1.8461e-08
 4.329e+01 2.1386e-06 1.2044e-02 1.2044e-02 1.7653e-08
 4.341e+01 2.0488e-06 1.2044e-02 1.2044e-02 1.6879e-08
 4.352e+01 1.9627e-06 1.2044e-02 1.2044e-02 1.6139e-08
 4.363e+01 1.8801e-06 1.2044e-02 1.2044e-02 1.5431e-08
 4.375e+01 1.8011e-06 1.2044e-02 1.2044e-02 1.4753e-08
 4.386e+01 1.7252e-06 1.2044e-02 1.2044e-02 1.4104e-08
 4.397e+01 1.6526e-06 1.2044e-02 1.2044e-02 1.3483e-08
 4.409e+01 1.5830e-06 1.2044e-02 1.2044e-02 1.2889e-08
 4.420e+01 1.5162e-06 1.2044e-02 1.2044e-02 1.2321e-08
 4.431e+01 1.4523e-06 1.2044e-02 1.2044e-02 1.1777e-08
 4.443e+01 1.3910e-06 1.2044e-02 1.2044e-02 1.1257e-08
 4.454e+01 1.3323e-06 1.2044e-02 1.2044e-02 1.0759e-08
 4.465e+01 1.2760e-06 1.2044e-02 1.2044e-02 1.0283e-08
 4.477e+01 1.2220e-06 1.2044e-02 1.2044e-02 9.8273e-09
 4.488e+01 1.1704e-06 1.2044e-02 1.2044e-02 9.3915e-09
 4.499e+01 1.1208e-06 1.2044e-02 1.2044e-02 8.9746e-09
 4.511e+01 1.0734e-06 1.2044e-02 1.2044e-02 8.5758e-09
 4.522e+01 1.0279e-06 1.2044e-02 1.2044e-02 8.1944e-09
 4.533e+01 9.8432e-07 1.2044e-02 1.2044e-02 7.8295e-09
 4.545e+01 9.4257e-07 1.2044e-02 1.2044e-02 7.4806e-09
 4.556e+01 9.0257e-07 1.2044e-02 1.2044e-02 7.1469e-09
 4.567e+01 8.6425e-07 1.2044e-02 1.2044e-02 6.8278e-09
 4.579e+01 8.2753e-07 1.2044e-02 1.2044e-02 6.5226e-09
 4.590e+01 7.9235e-07 1.2044e-02 1.2044e-02 6.2308e-09
 4.601e+01 7.5864e-07 1.2044e-02 1.2044e-02 5.9517e-09
 4.613e+01 7.2636e-07 1.2044e-02 1.2044e-02 5.6849e-09
 4.624e+01 6.9542e-07 1.2044e-02 1.2044e-02 5.4298e-09
 4.635e+01 6.6579e-07 1.2044e-02 1.2044e-02 5.1859e-09
 4.647e+01 6.3740e-07 1.2044e-02 1.2044e-02 4.9527e-09
 4.658e+01 6.1021e-07 1.2044e-02 1.2044e-02 4.7297e-09
 4.669e+01 5.8416e-07 1.2044e-02 1.2044e-02 4.5166e-09
 4.681e+01 5.5921e-07 1.2044e-02 1.2044e-02 4.3129e-09
 4.692e+01 5.3531e-07 1.2044e-02 1.2044e-02 4.1182e-09
 4.703e+01 5.1242e-07 1.2044e-02 1.2044e-02 3.9321e-09
 4.715e+01 4.9049e-07 1.2044e-02 1.2044e-02 3.7542e-09
 4.726e+01 4.6949e-07 1.2044e-02 1.2044e-02 3.5841e-09
 4.737e+01 4.4938e-07 1.2044e-02 1.2044e-02 3.4217e-09
 4.749e+01 4.3011e-07 1.2044e-02 1.2044e-02 3.2664e-09
 4.760e+01 4.1166e-07 1.2044e-02 1.2044e-02 3.1180e-09
 4.771e+01 3.9399e-07 1.2044e-02 1.2044e-02 2.9762e-09
 4.783e+01 3.7707e-07 1.2044e-02 1.2044e-02 2.8407e-09
 4.794e+01 3.6087e-07 1.2044e-02 1.2044e-02 2.7112e-09
 4.805e+01 3.4535e-07 1.2044e-02 1.2044e-02 2.5875e-09
 4.817e+01 3.3049e-07 1.2044e-02 1.2044e-02 2.4694e-09
 4.828e+01 3.1626e-07 1.2044e-02 1.2044e-02 2.3565e-09
 4.839e+01 3.0263e-07 1.2044e-02 1.2044e-02 2.2486e-09
 4.851e+01 2.8959e-07 1.2044e-02 1.2044e-02 2.1456e-09
 4.862e+01 2.7710e-07 1.2044e-02 1.2044e-02 2.0472e-09
 4.873e+01 2.6513e-07 1.2044e-02 1.2044e-02 1.9532e-09
 4.885e+01 2.5368e-07 1.2044e-02 1.2044e-02 1.8635e-09
 4.896e+01 2.4272e-07 1.2044e-02 1.2044e-02 1.7777e-09
 4.907e+01 2.3222e-07 1.2044e-02 1.2044e-02 1.6958e-09
 4.919e+01 2.2217e-07 1.2044e-02 1.2044e-02 1.6176e-09
 4.930e+01 2.1255e-07 1.2044e-02 1.2044e-02 1.5430e-09
 4.941e+01 2.0334e-07 1.2044e-02 1.2044e-02 1.4717e-09
 4.953e+01 1.9452e-07 1.2044e-02 1.2044e-02 1.4036e-09
 4.964e+01 1.8608e-07 1.2044e-02 1.2044e-02 1.3386e-09
 4.975e+01 1.7800e-07 1.2044e-02 1.2044e-02 1.2766e-09
 4.987e+01 1.7027e-07 1.2044e-02 1.2044e-02 1.2173e-09
 4.998e+01 1.6287e-07 1.2044e-02 1.2044e-02 1.1608e-09
 5.009e+01 1.5578e-07 1.2044e-02 1.2044e-02 1.1068e-09
 5.021e+01 1.4900e-07 1.2044e-02 1.2044e-02 1.0552e-09
 5.032e+01 1.4251e-07 1.2044e-02 1.2044e-02 1.0061e-09
 5.043e+01 1.3630e-07 1.2044e-02 1.2044e-02 9.5911e-10
 5.055e+01 1.3035e-07 1.2044e-02 1.2044e-02 9.1430e-10
 5.066e+01 1.2467e-07 1.2044e-02 1.2044e-02 8.7155e-10
 5.077e+01 1.1922e-07 1.2044e-02 1.2044e-02 8.3074e-10
 5.089e+01 1.1401e-07 1.2044e-02 1.2044e-02 7.9181e-10
 5.100e+01 1.0902e-07 1.2044e-02 1.2044e-02 7.5466e-10
 5.111e+01 1.0425e-07 1.2044e-02 1.2044e-02 7.1921e-10
 5.123e+01 9.9687e-08 1.2044e-02 1.2044e-02 6.8539e-10
 5.134e+01 9.5319e-08 1.2044e-02 1.2044e-02 6.5312e-10
 5.145e+01 9.1139e-08 1.2044e-02 1.2044e-02 6.2234e-10
 5.157e+01 8.7140e-08 1.2044e-02 1.2044e-02 5.9298e-10
 5.168e+01 8.3314e-08 1.2044e-02 1.2044e-02 5.6497e-10
 5.179e+01 7.9653e-08 1.2044e-02 1.2044e-02 5.3826e-10
 5.191e+01 7.6151e-08 1.2044e-02 1.2044e-02 5.1278e-10
 5.202e+01 7.2800e-08 1.2044e-02 1.2044e-02 4.8848e-10
 5.213e+01 6.9595e-08 1.2044e-02 1.2044e-02 4.6530e-10
 5.225e+01 6.6528e-08 1.2044e-02 1.2044e-02 4.4320e-10
 5.236e+01 6.3595e-08 1.2044e-02 1.2044e-02 4.2213e-10
 5.247e+01 6.0790e-08 1.2044e-02 1.2044e-02 4.0203e-10
 5.259e+01 5.8106e-08 1.2044e-02 1.2044e-02 3.8287e-10
 5.270e+01 5.5539e-08 1.2044e-02 1.2044e-02 3.6460e-10
 5.281e+01 5.3083e-08 1.2044e-02 1.2044e-02 3.4719e-10
 5.293e+01 5.0735e-08 1.2044e-02 1.2044e-02 3.3059e-10
 5.304e+01 4.8489e-08 1.2044e-02 1.2044e-02 3.1476e-10
 5.315e+01 4.6341e-08 1.2044e-02 1.2044e-02 2.9968e-10
 5.327e+01 4.4287e-08 1.2044e-02 1.2044e-02 2.8530e-10
 5.338e+01 4.2322e-08 1.2044e-02 1.2044e-02 2.7159e-10
 5.349e+01 4.0443e-08 1.2044e-02 1.2044e-02 2.5853e-10
 5.361e+01 3.8647e-08 1.2044e-02 1.2044e-02 2.4609e-10
 5.372e+01 3.6929e-08 1.2044e-02 1.2044e-02 2.3422e-10
 5.383e+01 3.5286e-08 1.2044e-02 1.2044e-02 2.2292e-10
 5.395e+01 3.3716e-08 1.2044e-02 1.2044e-02 2.1215e-10
 5.406e+01 3.2214e-08 1.2044e-02 1.2044e-02 2.0189e-10
 5.417e+01 3.0778e-08 1.2044e-02 1.2044e-02 1.9212e-10
 5.429e+01 2.9405e-08 1.2044e-02 1.2044e-02 1.8281e-10
 5.440e+01 2.8092e-08 1.2044e-02 1.2044e-02 1.7394e-10
 5.451e+01 2.6838e-08 1.2044e-02 1.2044e-02 1.6549e-10
 5.463e+01 2.5638e-08 1.2044e-02 1.2044e-02 1.5744e-10
 5.474e+01 2.4491e-08 1.2044e-02 1.2044e-02 1.4977e-10
 5.485e+01 2.3395e-08 1.2044e-02 1.2044e-02 1.4247e-10
 5.497e+01 2.2347e-08 1.2044e-02 1.2044e-02 1.3552e-10
 5.508e+01 2.1346e-08 1.2044e-02 1.2044e-02 1.2890e-10
 5.519e+01 2.0388e-08 1.2044e-02 1.2044e-02 1.2259e-10
 5.531e+01 1.9473e-08 1.2044e-02 1.2044e-02 1.1659e-10
 5.542e+01 1.8599e-08 1.2044e-02 1.2044e-02 1.1087e-10
 5.553e+01 1.7763e-08 1.2044e-02 1.2044e-02 1.0543e-10
 5.565e+01 1.6964e-08 1.2044e-02 1.2044e-02 1.0025e-10
 5.576e+01 1.6200e-08 1.2044e-02 1.2044e-02 9.5317e-11
 5.587e+01 1.5471e-08 1.2044e-02 1.2044e-02 9.0623e-11
 5.599e+01 1.4773e-08 1.2044e-02 1.2044e-02 8.6154e-11
 5.610e+01 1.4107e-08 1.2044e-02 1.2044e-02 8.1902e-11
 5.621e+01 1.3471e-08 1.2044e-02 1.2044e-02 7.7854e-11
 5.633e+01 1.2862e-08 1.2044e-02 1.2044e-02 7.4002e-11
 5.644e+01 1.2281e-08 1.2044e-02 1.2044e-02 7.0337e-11
 5.655e+01 1.1726e-08 1.2044e-02 1.2044e-02 6.6849e-11
 5.667e+01 1.1195e-08 1.2044e-02 1.2044e-02 6.3530e-11
 5.678e+01 1.0688e-08 1.2044e-02 1.2044e-02 6.0373e-11
 5.689e+01 1.0204e-08 1.2044e-02 1.2044e-02 5.7369e-11
 5.701e+01 9.7409e-09 1.2044e-02 1.2044e-02 5.4511e-11
 5.712e+01 9.2989e-09 1.2044e-02 1.2044e-02 5.1793e-11
 5.723e+01 8.8766e-09 1.2044e-02 1.2044e-02 4.9207e-11
 5.735e+01 8.4732e-09 1.2044e-02 1.2044e-02 4.6747e-11
 5.746e+01 8.0880e-09 1.2044e-02 1.2044e-02 4.4408e-11
 5.757e+01 7.7199e-09 1.2044e-02 1.2044e-02 4.2183e-11
 5.769e+01 7.3684e-09 1.2044e-02 1.2044e-02 4.0067e-11
 5.780e+01 7.0327e-09 1.2044e-02 1.2044e-02 3.8055e-11
 5.791e+01 6.7120e-09 1.2044e-02 1.2044e-02 3.6142e-11
 5.803e+01 6.4058e-09 1.2044e-02 1.2044e-02 3.4324e-11
 5.814e+01 6.1133e-09 1.2044e-02 1.2044e-02 3.2594e-11
 5.825e+01 5.8340e-09 1.2044e-02 1.2044e-02 3.0950e-11
 5.837e+01 5.5673e-09 1.2044e-02 1.2044e-02 2.9387e-11
 5.848e+01 5.3126e-09 1.2044e-02 1.2044e-02 2.7902e-11
 5.859e+01 5.0694e-09 1.2044e-02 1.2044e-02 2.6489e-11
 5.871e+01 4.8371e-09 1.2044e-02 1.2044e-02 2.5147e-11
 5.882e+01 4.6154e-09 1.2044e-02 1.2044e-02 2.3871e-11
 5.893e+01 4.4037e-09 1.2044e-02 1.2044e-02 2.2659e-11
 5.905e+01 4.2015e-09 1.2044e-02 1.2044e-02 2.1507e-11
 5.916e+01 4.0085e-09 1.2044e-02 1.2044e-02 2.0412e-11
 5.927e+01 3.8243e-09 1.2044e-02 1.2044e-02 1.9372e-11
 5.939e+01 3.6484e-09 1.2044e-02 1.2044e-02 1.8384e-11
 5.950e+01 3.4804e-09 1.2044e-02 1.2044e-02 1.7445e-11
 5.961e+01 3.3201e-09 1.2044e-02 1.2044e-02 1.6553e-11
 5.973e+01 3.1671e-09 1.2044e-02 1.2044e-02 1.5706e-11
 5.984e+01 3.0211e-09 1.2044e-02 1.2044e-02 1.4901e-11
 5.995e+01 2.8816e-09 1.2044e-02 1.2044e-02 1.4137e-11
 6.007e+01 2.7486e-09 1.2044e-02 1.2044e-02 1.3411e-11
 6.018e+01 2.6216e-09 1.2044e-02 1.2044e-02 1.2721e-11
 6.029e+01 2.5003e-09 1.2044e-02 1.2044e-02 1.2066e-11
 6.041e+01 2.3846e-09 1.2044e-02 1.2044e-02 1.1444e-11
 6.052e+01 2.2742e-09 1.2044e-02 1.2044e-02 1.0854e-11
 6.063e+01 2.1689e-09 1.2044e-02 1.2044e-02 1.0293e-11
 6.075e+01 2.0683e-09 1.2044e-02 1.2044e-02 9.7613e-12
 6.086e+01 1.9724e-09 1.2044e-02 1.2044e-02 9.2560e-12
 6.097e+01 1.8808e-09 1.2044e-02 1.2044e-02 8.7763e-12
 6.109e+01 1.7934e-09 1.2044e-02 1.2044e-02 8.3211e-12
 6.120e+01 1.7101e-09 1.2044e-02 1.2044e-02 7.8889e-12
 6.131e+01 1.6305e-09 1.2044e-02 1.2044e-02 7.4787e-12
 6.143e+01 1.5547e-09 1.2044e-02 1.2044e-02 7.0895e-12
 6.154e+01 1.4822e-09 1.2044e-02 1.2044e-02 6.7201e-12
 6.165e+01 1.4132e-09 1.2044e-02 1.2044e-02 6.3695e-12
 6.177e+01 1.3473e-09 1.2044e-02 1.2044e-02 6.0369e-12
 6.188e+01 1.2844e-09 1.2044e-02 1.2044e-02 5.7213e-12
 6.199e+01 1.2244e-09 1.2044e-02 1.2044e-02 5.4218e-12
 6.211e+01 1.1672e-09 1.2044e-02 1.2044e-02 5.1378e-12
 6.222e+01 1.1127e-09 1.2044e-02 1.2044e-02 4.8683e-12
 6.233e+01 1.0606e-09 1.2044e-02 1.2044e-02 4.6126e-12
 6.245e+01 1.0110e-09 1.2044e-02 1.2044e-02 4.3702e-12
 6.256e+01 9.6363e-10 1.2044e-02 1.2044e-02 4.1402e-12
 6.267e+01 9.1847e-10 1.2044e-02 1.2044e-02 3.9221e-12
 6.279e+01 8.7539e-10 1.2044e-02 1.2044e-02 3.7152e-12
 6.290e+01 8.3432e-10 1.2044e-02 1.2044e-02 3.5191e-12
 6.301e+01 7.9514e-10 1.2044e-02 1.2044e-02 3.3331e-12
 6.313e+01 7.5779e-10 1.2044e-02 1.2044e-02 3.1567e-12
 6.324e+01 7.2216e-10 1.2044e-02 1.2044e-02 2.9895e-12
 6.335e+01 6.8819e-10 1.2044e-02 1.2044e-02 2.8310e-12
 6.347e+01 6.5580e-10 1.2044e-02 1.2044e-02 2.6807e-12
 6.358e+01 6.2491e-10 1.2044e-02 1.2044e-02 2.5382e-12
 6.369e+01 5.9546e-10 1.2044e-02 1.2044e-02 2.4032e-12
 6.381e+01 5.6738e-10 1.2044e-02 1.2044e-02 2.2752e-12
 6.392e+01 5.4061e-10 1.2044e-02 1.2044e-02 2.1539e-12
 6.403e+01 5.1509e-10 1.2044e-02 1.2044e-02 2.0390e-12
 6.415e+01 4.9076e-10 1.2044e-02 1.2044e-02 1.9301e-12
 6.426e+01 4.6756e-10 1.2044e-02 1.2044e-02 1.8268e-12
 6.437e+01 4.4545e-10 1.2044e-02 1.2044e-02 1.7290e-12
 6.449e+01 4.2437e-10 1.2044e-02 1.2044e-02 1.6364e-12
 6.460e+01 4.0427e-10 1.2044e-02 1.2044e-02 1.5486e-12
 6.471e+01 3.8512e-10 1.2044e-02 1.2044e-02 1.4654e-12
 6.483e+01 3.6686e-10 1.2044e-02 1.2044e-02 1.3866e-12
 6.494e+01 3.4946e-10 1.2044e-02 1.2044e-02 1.3120e-12
 6.505e+01 3.3287e-10 1.2044e-02 1.2044e-02 1.2413e-12
 6.517e+01 3.1707e-10 1.2044e-02 1.2044e-02 1.1743e-12
 6.528e+01 3.0200e-10 1.2044e-02 1.2044e-02 1.1109e-12
 6.539e+01 2.8764e-10 1.2044e-02 1.2044e-02 1.0509e-12
 6.551e+01 2.7396e-10 1.2044e-02 1.2044e-02 9.9402e-13
 6.562e+01 2.6092e-10 1.2044e-02 1.2044e-02 9.4018e-13
 6.573e+01 2.4849e-10 1.2044e-02 1.2044e-02 8.8920e-13
 6.585e+01 2.3665e-10 1.2044e-02 1.2044e-02 8.4094e-13
 6.596e+01 2.2537e-10 1.2044e-02 1.2044e-02 7.9525e-13
 6.607e+01 2.1462e-10 1.2044e-02 1.2044e-02 7.5200e-13
 6.619e+01 2.0437e-10 1.2044e-02 1.2044e-02 7.1106e-13
 6.630e+01 1.9461e-10 1.2044e-02 1.2044e-02 6.7231e-13
 6.641e+01 1.8531e-10 1.2044e-02 1.2044e-02 6.3563e-13
 6.653e+01 1.7645e-10 1.2044e-02 1.2044e-02 6.0092e-13
 6.664e+01 1.6801e-10 1.2044e-02 1.2044e-02 5.6807e-13
 6.675e+01 1.5997e-10 1.2044e-02 1.2044e-02 5.3699e-13
 6.687e+01 1.5231e-10 1.2044e-02 1.2044e-02 5.0757e-13
 6.698e+01 1.4501e-10 1.2044e-02 1.2044e-02 4.7974e-13
 6.709e+01 1.3806e-10 1.2044e-02 1.2044e-02 4.5341e-13
 6.721e+01 1.3143e-10 1.2044e-02 1.2044e-02 4.2850e-13
 6.732e+01 1.2513e-10 1.2044e-02 1.2044e-02 4.0493e-13
 6.743e+01 1.1912e-10 1.2044e-02 1.2044e-02 3.8264e-13
 6.755e+01 1.1340e-10 1.2044e-02 1.2044e-02 3.6155e-13
 6.766e+01 1.0794e-10 1.2044e-02 1.2044e-02 3.4161e-13
 6.777e+01 1.0275e-10 1.2044e-02 1.2044e-02 3.2274e-13
 6.789e+01 9.7808e-11 1.2044e-02 1.2044e-02 3.0490e-13
 6.800e+01 9.3099e-11 1.2044e-02 1.2044e-02 2.8804e-13
 6.811e+01 8.8615e-11 1.2044e-02 1.2044e-02 2.7208e-13
 6.823e+01 8.4344e-11 1.2044e-02 1.2044e-02 2.5700e-13
 6.834e+01 8.0277e-11 1.2044e-02 1.2044e-02 2.4274e-13
 6.845e+01 7.6404e-11 1.2044e-02 1.2044e-02 2.2926e-13
 6.857e+01 7.2716e-11 1.2044e-02 1.2044e-02 2.1651e-13
 6.868e+01 6.9204e-11 1.2044e-02 1.2044e-02 2.0446e-13
 6.879e+01 6.5860e-11 1.2044e-02 1.2044e-02 1.9307e-13
 6.891e+01 6.2677e-11 1.2044e-02 1.2044e-02 1.8230e-13
 6.902e+01 5.9645e-11 1.2044e-02 1.2044e-02 1.7213e-13
 6.913e+01 5.6759e-11 1.2044e-02 1.2044e-02 1.6251e-13
 6.925e+01 5.4011e-11 1.2044e-02 1.2044e-02 1.5342e-13
 6.936e+01 5.1395e-11 1.2044e-02 1.2044e-02 1.4484e-13
 6.947e+01 4.8905e-11 1.2044e-02 1.2044e-02 1.3672e-13
 6.959e+01 4.6533e-11 1.2044e-02 1.2044e-02 1.2905e-13
 6.970e+01 4.4276e-11 1.2044e-02 1.2044e-02 1.2181e-13
 6.981e+01 4.2128e-11 1.2044e-02 1.2044e-02 1.1496e-13
 6.993e+01 4.0082e-11 1.2044e-02 1.2044e-02 1.0850e-13
 7.004e+01 3.8135e-11 1.2044e-02 1.2044e-02 1.0239e-13
 7.015e+01 3.6282e-11 1.2044e-02 1.2044e-02 9.6622e-14
 7.027e+01 3.4518e-11 1.2044e-02 1.2044e-02 9.1172e-14
 7.038e+01 3.2839e-11 1.2044e-02 1.2044e-02 8.6025e-14
 7.049e+01 3.1240e-11 1.2044e-02 1.2044e-02 8.1165e-14
 7.061e+01 2.9719e-11 1.2044e-02 1.2044e-02 7.6574e-14
 7.072e+01 2.8272e-11 1.2044e-02 1.2044e-02 7.2240e-14
 7.083e+01 2.6894e-11 1.2044e-02 1.2044e-02 6.8147e-14
 7.095e+01 2.5583e-11 1.2044e-02 1.2044e-02 6.4282e-14
 7.106e+01 2.4335e-11 1.2044e-02 1.2044e-02 6.0633e-14
 7.117e+01 2.3147e-11 1.2044e-02 1.2044e-02 5.7188e-14
 7.129e+01 2.2017e-11 1.2044e-02 1.2044e-02 5.3936e-14
 7.140e+01 2.0942e-11 1.2044e-02 1.2044e-02 5.0866e-14
 7.151e+01 1.9919e-11 1.2044e-02 1.2044e-02 4.7968e-14
 7.163e+01 1.8945e-11 1.2044e-02 1.2044e-02 4.5233e-14
 7.174e+01 1.8018e-11 1.2044e-02 1.2044e-02 4.2652e-14
 7.185e+01 1.7137e-11 1.2044e-02 1.2044e-02 4.0215e-14
 7.197e+01 1.6298e-11 1.2044e-02 1.2044e-02 3.7916e-14
 7.208e+01 1.5500e-11 1.2044e-02 1.2044e-02 3.5747e-14
 7.219e+01 1.4741e-11 1.2044e-02 1.2044e-02 3.3699e-14
 7.231e+01 1.4018e-11 1.2044e-02 1.2044e-02 3.1768e-14
 7.242e+01 1.3331e-11 1.2044e-02 1.2044e-02 2.9945e-14
 7.253e+01 1.2677e-11 1.2044e-02 1.2044e-02 2.8226e-14
 7.265e+01 1.2055e-11 1.2044e-02 1.2044e-02 2.6603e-14
 7.276e+01 1.1463e-11 1.2044e-02 1.2044e-02 2.5073e-14
 7.287e+01 1.0900e-11 1.2044e-02 1.2044e-02 2.3630e-14
 7.299e+01 1.0365e-11 1.2044e-02 1.2044e-02 2.2268e-14
 7.310e+01 9.8551e-12 1.2044e-02 1.2044e-02 2.0984e-14
 7.321e+01 9.3705e-12 1.2044e-02 1.2044e-02 1.9773e-14
 7.333e+01 8.9096e-12 1.2044e-02 1.2044e-02 1.8631e-14
 7.344e+01 8.4712e-12 1.2044e-02 1.2044e-02 1.7553e-14
 7.355e+01 8.0542e-12 1.2044e-02 1.2044e-02 1.6538e-14
 7.367e+01 7.6575e-12 1.2044e-02 1.2044e-02 1.5580e-14
 7.378e+01 7.2803e-12 1.2044e-02 1.2044e-02 1.4677e-14
 7.389e+01 6.9215e-12 1.2044e-02 1.2044e-02 1.3826e-14
 7.401e+01 6.5802e-12 1.2044e-02 1.2044e-02 1.3023e-14
 7.412e+01 6.2557e-12 1.2044e-02 1.2044e-02 1.2266e-14
 7.423e+01 5.9470e-12 1.2044e-02 1.2044e-02 1.1553e-14
 7.435e+01 5.6535e-12 1.2044e-02 1.2044e-02 1.0881e-14
 7.446e+01 5.3743e-12 1.2044e-02 1.2044e-02 1.0247e-14
 7.457e+01 5.1089e-12 1.2044e-02 1.2044e-02 9.6496e-15
 7.469e+01 4.8564e-12 1.2044e-02 1.2044e-02 9.0867e-15
 7.480e+01 4.6164e-12 1.2044e-02 1.2044e-02 8.5562e-15
 7.491e+01 4.3881e-12 1.2044e-02 1.2044e-02 8.0562e-15
 7.503e+01 4.1710e-12 1.2044e-02 1.2044e-02 7.5851e-15
 7.514e+01 3.9646e-12 1.2044e-02 1.2044e-02 7.1412e-15
 7.525e+01 3.7684e-12 1.2044e-02 1.2044e-02 6.7230e-15
 7.537e+01 3.5818e-12 1.2044e-02 1.2044e-02 6.3289e-15
 7.548e+01 3.4044e-12 1.2044e-02 1.2044e-02 5.9576e-15
 7.559e+01 3.2357e-12 1.2044e-02 1.2044e-02 5.6079e-15
 7.571e+01 3.0753e-12 1.2044e-02 1.2044e-02 5.2784e-15
 7.582e+01 2.9228e-12 1.2044e-02 1.2044e-02 4.9681e-15
 7.593e+01 2.7778e-12 1.2044e-02 1.2044e-02 4.6758e-15
 7.605e+01 2.6400e-12 1.2044e-02 1.2044e-02 4.4004e-15
 7.616e+01 2.5090e-12 1.2044e-02 1.2044e-02 4.1411e-15
 7.627e+01 2.3844e-12 1.2044e-02 1.2044e-02 3.8969e-15
 7.639e+01 2.2660e-12 1.2044e-02 1.2044e-02 3.6669e-15
 7.650e+01 2.1534e-12 1.2044e-02 1.2044e-02 3.4503e-15
 7.661e+01 2.0464e-12 1.2044e-02 1.2044e-02 3.2464e-15
 7.673e+01 1.9446e-12 1.2044e-02 1.2044e-02 3.0544e-15
 7.684e+01 1.8479e-12 1.2044e-02 1.2044e-02 2.8736e-15
 7.695e+01 1.7560e-12 1.2044e-02 1.2044e-02 2.7034e-15
 7.707e+01 1.6686e-12 1.2044e-02 1.2044e-02 2.5431e-15
 7.718e+01 1.5856e-12 1.2044e-02 1.2044e-02 2.3923e-15
 7.729e+01 1.5066e-12 1.2044e-02 1.2044e-02 2.2503e-15
 7.741e+01 1.4316e-12 1.2044e-02 1.2044e-02 2.1166e-15
 7.752e+01 1.3603e-12 1.2044e-02 1.2044e-02 1.9908e-15
 7.763e+01 1.2925e-12 1.2044e-02 1.2044e-02 1.8723e-15
 7.775e+01 1.2280e-12 1.2044e-02 1.2044e-02 1.7609e-15
 7.786e+01 1.1668e-12 1.2044e-02 1.2044e-02 1.6560e-15
 7.797e+01 1.1086e-12 1.2044e-02 1.2044e-02 1.5573e-15
 7.809e+01 1.0533e-12 1.2044e-02 1.2044e-02 1.4644e-15
 7.820e+01 1.0007e-12 1.2044e-02 1.2044e-02 1.3770e-15
 7.831e+01 9.5076e-13 1.2044e-02 1.2044e-02 1.2947e-15
 7.843e+01 9.0329e-13 1.2044e-02 1.2044e-02 1.2173e-15
 7.854e+01 8.5817e-13 1.2044e-02 1.2044e-02 1.1445e-15
 7.865e+01 8.1529e-13 1.2044e-02 1.2044e-02 1.0760e-15
 7.877e+01 7.7454e-13 1.2044e-02 1.2044e-02 1.0116e-15
 7.888e+01 7.3582e-13 1.2044e-02 1.2044e-02 9.5092e-16
 7.899e+01 6.9903e-13 1.2044e-02 1.2044e-02 8.9389e-16
 7.911e+01 6.6407e-13 1.2044e-02 1.2044e-02 8.4025e-16
 7.922e+01 6.3084e-13 1.2044e-02 1.2044e-02 7.8979e-16
 7.933e+01 5.9928e-13 1.2044e-02 1.2044e-02 7.4233e-16
 7.945e+01 5.6928e-13 1.2044e-02 1.2044e-02 6.9770e-16
 7.956e+01 5.4077e-13 1.2044e-02 1.2044e-02 6.5572e-16
 7.967e+01 5.1369e-13 1.2044e-02 1.2044e-02 6.1624e-16
 7.979e+01 4.8796e-13 1.2044e-02 1.2044e-02 5.7912e-16
 7.990e+01 4.6351e-13 1.2044e-02 1.2044e-02 5.4421e-16
 8.001e+01 4.4028e-13 1.2044e-02 1.2044e-02 5.1138e-16
 8.013e+01 4.1821e-13 1.2044e-02 1.2044e-02 4.8052e-16
 8.024e+01 3.9724e-13 1.2044e-02 1.2044e-02 4.5150e-16
 8.035e+01 3.7731e-13 1.2044e-02 1.2044e-02 4.2422e-16
 8.047e+01 3.5838e-13 1.2044e-02 1.2044e-02 3.9857e-16
 8.058e+01 3.4040e-13 1.2044e-02 1.2044e-02 3.7445e-16
 8.069e+01 3.2332e-13 1.2044e-02 1.2044e-02 3.5178e-16
 8.081e+01 3.0709e-13 1.2044e-02 1.2044e-02 3.3048e-16
 8.092e+01 2.9167e-13 1.2044e-02 1.2044e-02 3.1045e-16
 8.103e+01 2.7702e-13 1.2044e-02 1.2044e-02 2.9162e-16
 8.115e+01 2.6310e-13 1.2044e-02 1.2044e-02 2.7392e-16
 8.126e+01 2.4988e-13 1.2044e-02 1.2044e-02 2.5729e-16
 8.137e+01 2.3732e-13 1.2044e-02 1.2044e-02 2.4166e-16
 8.149e+01 2.2539e-13 1.2044e-02 1.2044e-02 2.2697e-16
 8.160e+01 2.1406e-13 1.2044e-02 1.2044e-02 2.1317e-16
 8.171e+01 2.0329e-13 1.2044e-02 1.2044e-02 2.0020e-16
 8.183e+01 1.9307e-13 1.2044e-02 1.2044e-02 1.8801e-16
 8.194e+01 1.8335e-13 1.2044e-02 1.2044e-02 1.7656e-16
 8.205e+01 1.7413e-13 1.2044e-02 1.2044e-02 1.6580e-16
 8.217e+01 1.6536e-13 1.2044e-02 1.2044e-02 1.5568e-16
 8.228e+01 1.5704e-13 1.2044e-02 1.2044e-02 1.4619e-16
 8.239e+01 1.4913e-13 1.2044e-02 1.2044e-02 1.3726e-16
 8.251e+01 1.4162e-13 1.2044e-02 1.2044e-02 1.2888e-16
 8.262e+01 1.3449e-13 1.2044e-02 1.2044e-02 1.2100e-16
 8.273e+01 1.2771e-13 1.2044e-02 1.2044e-02 1.1360e-16
 8.285e+01 1.2127e-13 1.2044e-02 1.2044e-02 1.0665e-16
 8.296e+01 1.1516e-13 1.2044e-02 1.2044e-02 1.0012e-16
 8.307e+01 1.0936e-13 1.2044e-02 1.2044e-02 9.3992e-17
 8.319e+01 1.0384e-13 1.2044e-02 1.2044e-02 8.8233e-17
 8.330e+01 9.8605e-14 1.2044e-02 1.2044e-02 8.2824e-17
 8.341e+01 9.3631e-14 1.2044e-02 1.2044e-02 7.7745e-17
 8.353e+01 8.8908e-14 1.2044e-02 1.2044e-02 7.2974e-17
 8.364e+01 8.4421e-14 1.2044e-02 1.2044e-02 6.8494e-17
 8.375e+01 8.0161e-14 1.2044e-02 1.2044e-02 6.4287e-17
 8.387e+01 7.6115e-14 1.2044e-02 1.2044e-02 6.0336e-17
 8.398e+01 7.2272e-14 1.2044e-02 1.2044e-02 5.6627e-17
 8.409e+01 6.8623e-14 1.2044e-02 1.2044e-02 5.3144e-17
 8.421e+01 6.5157e-14 1.2044e-02 1.2044e-02 4.9873e-17
 8.432e+01 6.1866e-14 1.2044e-02 1.2044e-02 4.6803e-17
 8.443e+01 5.8740e-14 1.2044e-02 1.2044e-02 4.3920e-17
 8.455e+01 5.5772e-14 1.2044e-02 1.2044e-02 4.1213e-17
 8.466e+01 5.2954e-14 1.2044e-02 1.2044e-02 3.8672e-17
 8.477e+01 5.0277e-14 1.2044e-02 1.2044e-02 3.6287e-17
 8.489e+01 4.7735e-14 1.2044e-02 1.2044e-02 3.4048e-17
 8.500e+01 4.5322e-14 1.2044e-02 1.2044e-02 3.1946e-17
 8.511e+01 4.3030e-14 1.2044e-02 1.2044e-02 2.9973e-17
 8.523e+01 4.0854e-14 1.2044e-02 1.2044e-02 2.8121e-17
 8.534e+01 3.8787e-14 1.2044e-02 1.2044e-02 2.6383e-17
 8.545e+01 3.6825e-14 1.2044e-02 1.2044e-02 2.4751e-17
 8.557e+01 3.4961e-14 1.2044e-02 1.2044e-02 2.3220e-17
 8.568e+01 3.3192e-14 1.2044e-02 1.2044e-02 2.1783e-17
 8.579e+01 3.1512e-14 1.2044e-02 1.2044e-02 2.0434e-17
 8.591e+01 2.9917e-14 1.2044e-02 1.2044e-02 1.9168e-17
 8.602e+01 2.8402e-14 1.2044e-02 1.2044e-02 1.7980e-17
 8.613e+01 2.6964e-14 1.2044e-02 1.2044e-02 1.6866e-17
 8.625e+01 2.5598e-14 1.2044e-02 1.2044e-02 1.5820e-17
 8.636e+01 2.4302e-14 1.2044e-02 1.2044e-02 1.4838e-17
 8.647e+01 2.3071e-14 1.2044e-02 1.2044e-02 1.3917e-17
 8.659e+01 2.1902e-14 1.2044e-02 1.2044e-02 1.3053e-17
 8.670e+01 2.0792e-14 1.2044e-02 1.2044e-02 1.2242e-17
 8.681e+01 1.9738e-14 1.2044e-02 1.2044e-02 1.1482e-17
 8.693e+01 1.8738e-14 1.2044e-02 1.2044e-02 1.0768e-17
 8.704e+01 1.7788e-14 1.2044e-02 1.2044e-02 1.0098e-17
 8.715e+01 1.6886e-14 1.2044e-02 1.2044e-02 9.4701e-18
 8.727e+01 1.6030e-14 1.2044e-02 1.2044e-02 8.8808e-18
 8.738e+01 1.5217e-14 1.2044e-02 1.2044e-02 8.3279e-18
 8.749e+01 1.4445e-14 1.2044e-02 1.2044e-02 7.8093e-18
 8.761e+01 1.3713e-14 1.2044e-02 1.2044e-02 7.3228e-18
 8.772e+01 1.3017e-14 1.2044e-02 1.2044e-02 6.8665e-18
 8.783e+01 1.2356e-14 1.2044e-02 1.2044e-02 6.4384e-18
 8.795e+01 1.1729e-14 1.2044e-02 1.2044e-02 6.0369e-18
 8.806e+01 1.1134e-14 1.2044e-02 1.2044e-02 5.6603e-18
 8.817e+01 1.0569e-14 1.2044e-02 1.2044e-02 5.3071e-18
 8.829e+01 1.0033e-14 1.2044e-02 1.2044e-02 4.9758e-18
 8.840e+01 9.5233e-15 1.2044e-02 1.2044e-02 4.6651e-18
 8.851e+01 9.0398e-15 1.2044e-02 1.2044e-02 4.3737e-18
 8.863e+01 8.5808e-15 1.2044e-02 1.2044e-02 4.1004e-18
 8.874e+01 8.1450e-15 1.2044e-02 1.2044e-02 3.8441e-18
 8.885e+01 7.7314e-15 1.2044e-02 1.2044e-02 3.6038e-18
 8.897e+01 7.3387e-15 1.2044e-02 1.2044e-02 3.3784e-18
 8.908e+01 6.9659e-15 1.2044e-02 1.2044e-02 3.1670e-18
 8.919e+01 6.6120e-15 1.2044e-02 1.2044e-02 2.9688e-18
 8.931e+01 6.2760e-15 1.2044e-02 1.2044e-02 2.7830e-18
 8.942e+01 5.9571e-15 1.2044e-02 1.2044e-02 2.6087e-18
 8.953e+01 5.6544e-15 1.2044e-02 1.2044e-02 2.4453e-18
 8.965e+01 5.3670e-15 1.2044e-02 1.2044e-02 2.2921e-18
 8.976e+01 5.0942e-15 1.2044e-02 1.2044e-02 2.1485e-18
 8.987e+01 4.8352e-15 1.2044e-02 1.2044e-02 2.0138e-18
 8.999e+01 4.5894e-15 1.2044e-02 1.2044e-02 1.8875e-18
 9.010e+01 4.3560e-15 1.2044e-02 1.2044e-02 1.7691e-18
 9.021e+01 4.1345e-15 1.2044e-02 1.2044e-02 1.6581e-18
 9.033e+01 3.9243e-15 1.2044e-02 1.2044e-02 1.5541e-18
 9.044e+01 3.7247e-15 1.2044e-02 1.2044e-02 1.4565e-18
 9.055e+01 3.5352e-15 1.2044e-02 1.2044e-02 1.3650e-18
 9.067e+01 3.3554e-15 1.2044e-02 1.2044e-02 1.2793e-18
 9.078e+01 3.1847e-15 1.2044e-02 1.2044e-02 1.1989e-18
 9.089e+01 3.0227e-15 1.2044e-02 1.2044e-02 1.1236e-18
 9.101e+01 2.8689e-15 1.2044e-02 1.2044e-02 1.0530e-18
 9.112e+01 2.7229e-15 1.2044e-02 1.2044e-02 9.8677e-19
 9.123e+01 2.5843e-15 1.2044e-02 1.2044e-02 9.2472e-19
 9.135e+01 2.4528e-15 1.2044e-02 1.2044e-02 8.6655e-19
 9.146e+01 2.3279e-15 1.2044e-02 1.2044e-02 8.1203e-19
 9.157e+01 2.2094e-15 1.2044e-02 1.2044e-02 7.6093e-19
 9.169e+01 2.0970e-15 1.2044e-02 1.2044e-02 7.1303e-19
 9.180e+01 1.9902e-15 1.2044e-02 1.2044e-02 6.6814e-19
 9.191e+01 1.8889e-15 1.2044e-02 1.2044e-02 6.2607e-19
 9.203e+01 1.7927e-15 1.2044e-02 1.2044e-02 5.8663e-19
 9.214e+01 1.7014e-15 1.2044e-02 1.2044e-02 5.4967e-19
 9.225e+01 1.6148e-15 1.2044e-02 1.2044e-02 5.1504e-19
 9.237e+01 1.5325e-15 1.2044e-02 1.2044e-02 4.8257e-19
 9.248e+01 1.4545e-15 1.2044e-02 1.2044e-02 4.5215e-19
 9.259e+01 1.3804e-15 1.2044e-02 1.2044e-02 4.2364e-19
 9.271e+01 1.3101e-15 1.2044e-02 1.2044e-02 3.9692e-19
 9.282e+01 1.2433e-15 1.2044e-02 1.2044e-02 3.7189e-19
 9.293e+01 1.1800e-15 1.2044e-02 1.2044e-02 3.4842e-19
 9.305e+01 1.1198e-15 1.2044e-02 1.2044e-02 3.2644e-19
 9.316e+01 1.0628e-15 1.2044e-02 1.2044e-02 3.0583e-19
 9.327e+01 1.0086e-15 1.2044e-02 1.2044e-02 2.8652e-19
 9.339e+01 9.5722e-16 1.2044e-02 1.2044e-02 2.6843e-19
 9.350e+01 9.0843e-16 1.2044e-02 1.2044e-02 2.5148e-19
 9.361e+01 8.6213e-16 1.2044e-02 1.2044e-02 2.3560e-19
 9.373e+01 8.1818e-16 1.2044e-02 1.2044e-02 2.2071e-19
 9.384e+01 7.7648e-16 1.2044e-02 1.2044e-02 2.0677e-19
 9.395e+01 7.3689e-16 1.2044e-02 1.2044e-02 1.9370e-19
 9.407e+01 6.9932e-16 1.2044e-02 1.2044e-02 1.8145e-19
 9.418e+01 6.6367e-16 1.2044e-02 1.2044e-02 1.6998e-19
 9.429e+01 6.2983e-16 1.2044e-02 1.2044e-02 1.5924e-19
 9.441e+01 5.9771e-16 1.2044e-02 1.2044e-02 1.4916e-19
 9.452e+01 5.6723e-16 1.2044e-02 1.2044e-02 1.3973e-19
 9.463e+01 5.3830e-16 1.2044e-02 1.2044e-02 1.3089e-19
 9.475e+01 5.1085e-16 1.2044e-02 1.2044e-02 1.2261e-19
 9.486e+01 4.8479e-16 1.2044e-02 1.2044e-02 1.1485e-19
 9.497e+01 4.6007e-16 1.2044e-02 1.2044e-02 1.0758e-19
 9.509e+01 4.3660e-16 1.2044e-02 1.2044e-02 1.0077e-19
 9.520e+01 4.1433e-16 1.2044e-02 1.2044e-02 9.4391e-20
 9.531e+01 3.9319e-16 1.2044e-02 1.2044e-02 8.8414e-20
 9.543e+01 3.7313e-16 1.2044e-02 1.2044e-02 8.2815e-20
 9.554e+01 3.5409e-16 1.2044e-02 1.2044e-02 7.7569e-20
 9.565e+01 3.3603e-16 1.2044e-02 1.2044e-02 7.2655e-20
 9.577e+01 3.1888e-16 1.2044e-02 1.2044e-02 6.8052e-20
 9.588e+01 3.0261e-16 1.2044e-02 1.2044e-02 6.3740e-20
 9.599e+01 2.8717e-16 1.2044e-02 1.2044e-02 5.9701e-20
 9.611e+01 2.7251e-16 1.2044e-02 1.2044e-02 5.5917e-20
 9.622e+01 2.5860e-16 1.2044e-02 1.2044e-02 5.2372e-20
 9.633e+01 2.4540e-16 1.2044e-02 1.2044e-02 4.9052e-20
 9.645e+01 2.3288e-16 1.2044e-02 1.2044e-02 4.5941e-20
 9.656e+01 2.2099e-16 1.2044e-02 1.2044e-02 4.3028e-20
 9.667e+01 2.0971e-16 1.2044e-02 1.2044e-02 4.0299e-20
 9.679e+01 1.9901e-16 1.2044e-02 1.2044e-02 3.7743e-20
 9.690e+01 1.8885e-16 1.2044e-02 1.2044e-02 3.5348e-20
 9.701e+01 1.7921e-16 1.2044e-02 1.2044e-02 3.3106e-20
 9.713e+01 1.7006e-16 1.2044e-02 1.2044e-02 3.1005e-20
 9.724e+01 1.6137e-16 1.2044e-02 1.2044e-02 2.9037e-20
 9.735e+01 1.5313e-16 1.2044e-02 1.2044e-02 2.7194e-20
 9.747e+01 1.4531e-16 1.2044e-02 1.2044e-02 2.5468e-20
 9.758e+01 1.3789e-16 1.2044e-02 1.2044e-02 2.3851e-20
 9.769e+01 1.3085e-16 1.2044e-02 1.2044e-02 2.2337e-20
 9.781e+01 1.2417e-16 1.2044e-02 1.2044e-02 2.0919e-20
 9.792e+01 1.1783e-16 1.2044e-02 1.2044e-02 1.9590e-20
 9.803e+01 1.1181e-16 1.2044e-02 1.2044e-02 1.8346e-20
 9.815e+01 1.0610e-16 1.2044e-02 1.2044e-02 1.7181e-20
 9.826e+01 1.0068e-16 1.2044e-02 1.2044e-02 1.6090e-20
 9.837e+01 9.5539e-17 1.2044e-02 1.2044e-02 1.5067e-20
 9.849e+01 9.0659e-17 1.2044e-02 1.2044e-02 1.4110e-20
 9.860e+01 8.6028e-17 1.2044e-02 1.2044e-02 1.3213e-20
 9.871e+01 8.1633e-17 1.2044e-02 1.2044e-02 1.2374e-20
 9.883e+01 7.7463e-17 1.2044e-02 1.2044e-02 1.1587e-20
 9.894e+01 7.3506e-17 1.2044e-02 1.2044e-02 1.0851e-20
 9.905e+01 6.9750e-17 1.2044e-02 1.2044e-02 1.0161e-20
 9.917e+01 6.6187e-17 1.2044e-02 1.2044e-02 9.5151e-21
 9.928e+01 6.2805e-17 1.2044e-02 1.2044e-02 8.9101e-21
 9.939e+01 5.9596e-17 1.2044e-02 1.2044e-02 8.3436e-21
 9.951e+01 5.6551e-17 1.2044e-02 1.2044e-02 7.8130e-21
 9.962e+01 5.3661e-17 1.2044e-02 1.2044e-02 7.3161e-21
 9.973e+01 5.0919e-17 1.2044e-02 1.2044e-02 6.8508e-21
 9.985e+01 4.8317e-17 1.2044e-02 1.2044e-02 6.4151e-21
 9.996e+01 4.5848e-17 1.2044e-02 1.2044e-02 6.0070e-21
 1.001e+02 4.3505e-17 1.2044e-02 1.2044e-02 5.6248e-21
 1.002e+02 4.1282e-17 1.2044e-02 1.2044e-02 5.2670e-21
 1.003e+02 3.9172e-17 1.2044e-02 1.2044e-02 4.9318e-21
 1.004e+02 3.7170e-17 1.2044e-02 1.2044e-02 4.6180e-21
 1.005e+02 3.5270e-17 1.2044e-02 1.2044e-02 4.3241e-21
 1.006e+02 3.3467e-17 1.2044e-02 1.2044e-02 4.0489e-21
 1.008e+02 3.1757e-17 1.2044e-02 1.2044e-02 3.7912e-21
 1.009e+02 3.0134e-17 1.2044e-02 1.2044e-02 3.5499e-21
 1.010e+02 2.8593e-17 1.2044e-02 1.2044e-02 3.3239e-21
 1.011e+02 2.7132e-17 1.2044e-02 1.2044e-02 3.1123e-21
 1.012e+02 2.5745e-17 1.2044e-02 1.2044e-02 2.9141e-21
 1.013e+02 2.4429e-17 1.2044e-02 1.2044e-02 2.7286e-21
 1.014e+02 2.3180e-17 1.2044e-02 1.2044e-02 2.5548e-21
 1.015e+02 2.1995e-17 1.2044e-02 1.2044e-02 2.3921e-21
 1.017e+02 2.0870e-17 1.2044e-02 1.2044e-02 2.2398e-21
 1.018e+02 1.9803e-17 1.2044e-02 1.2044e-02 2.0971e-21
 1.019e+02 1.8791e-17 1.2044e-02 1.2044e-02 1.9635e-21
 1.020e+02 1.7830e-17 1.2044e-02 1.2044e-02 1.8384e-21
 1.021e+02 1.6918e-17 1.2044e-02 1.2044e-02 1.7213e-21
 1.022e+02 1.6053e-17 1.2044e-02 1.2044e-02 1.6117e-21
 1.023e+02 1.5233e-17 1.2044e-02 1.2044e-02 1.5090e-21
 1.025e+02 1.4454e-17 1.2044e-02 1.2044e-02 1.4128e-21
 1.026e+02 1.3715e-17 1.2044e-02 1.2044e-02 1.3228e-21
 1.027e+02 1.3013e-17 1.2044e-02 1.2044e-02 1.2385e-21
 1.028e+02 1.2348e-17 1.2044e-02 1.2044e-02 1.1595e-21
 1.029e+02 1.1716e-17 1.2044e-02 1.2044e-02 1.0856e-21
 1.030e+02 1.1117e-17 1.2044e-02 1.2044e-02 1.0164e-21
 1.031e+02 1.0549e-17 1.2044e-02 1.2044e-02 9.5163e-22
 1.032e+02 1.0009e-17 1.2044e-02 1.2044e-02 8.9096e-22
 1.034e+02 9.4973e-18 1.2044e-02 1.2044e-02 8.3416e-22
 1.035e+02 9.0115e-18 1.2044e-02 1.2044e-02 7.8097e-22
 1.036e+02 8.5507e-18 1.2044e-02 1.2044e-02 7.3117e-22
 1.037e+02 8.1133e-18 1.2044e-02 1.2044e-02 6.8454e-22
 1.038e+02 7.6984e-18 1.2044e-02 1.2044e-02 6.4088e-22
 1.039e+02 7.3046e-18 1.2044e-02 1.2044e-02 6.0001e-22
 1.040e+02 6.9310e-18 1.2044e-02 1.2044e-02 5.6174e-22
 1.042e+02 6.5765e-18 1.2044e-02 1.2044e-02 5.2590e-22
 1.043e+02 6.2401e-18 1.2044e-02 1.2044e-02 4.9235e-22
 1.044e+02 5.9209e-18 1.2044e-02 1.2044e-02 4.6094e-22
 1.045e+02 5.6180e-18 1.2044e-02 1.2044e-02 4.3153e-22
 1.046e+02 5.3306e-18 1.2044e-02 1.2044e-02 4.0400e-22
 1.047e+02 5.0579e-18 1.2044e-02 1.2044e-02 3.7822e-22
 1.048e+02 4.7992e-18 1.2044e-02 1.2044e-02 3.5408e-22
 1.049e+02 4.5537e-18 1.2044e-02 1.2044e-02 3.3148e-22
 1.051e+02 4.3207e-18 1.2044e-02 1.2044e-02 3.1033e-22
 1.052e+02 4.0997e-18 1.2044e-02 1.2044e-02 2.9052e-22
 1.053e+02 3.8900e-18 1.2044e-02 1.2044e-02 2.7197e-22
 1.054e+02 3.6909e-18 1.2044e-02 1.2044e-02 2.5461e-22
 1.055e+02 3.5021e-18 1.2044e-02 1.2044e-02 2.3835e-22
 1.056e+02 3.3229e-18 1.2044e-02 1.2044e-02 2.2314e-22
 1.057e+02 3.1529e-18 1.2044e-02 1.2044e-02 2.0889e-22
 1.059e+02 2.9916e-18 1.2044e-02 1.2044e-02 1.9555e-22
 1.060e+02 2.8385e-18 1.2044e-02 1.2044e-02 1.8306e-22
 1.061e+02 2.6933e-18 1.2044e-02 1.2044e-02 1.7137e-22
 1.062e+02 2.5555e-18 1.2044e-02 1.2044e-02 1.6042e-22
 1.063e+02 2.4248e-18 1.2044e-02 1.2044e-02 1.5017e-22
 1.064e+02 2.3007e-18 1.2044e-02 1.2044e-02 1.4058e-22
 1.065e+02 2.1830e-18 1.2044e-02 1.2044e-02 1.3160e-22
 1.066e+02 2.0713e-18 1.2044e-02 1.2044e-02 1.2319e-22
 1.068e+02 1.9653e-18 1.2044e-02 1.2044e-02 1.1532e-22
 1.069e+02 1.8647e-18 1.2044e-02 1.2044e-02 1.0795e-22
 1.070e+02 1.7693e-18 1.2044e-02 1.2044e-02 1.0105e-22
 1.071e+02 1.6788e-18 1.2044e-02 1.2044e-02 9.4592e-23
 1.072e+02 1.5929e-18 1.2044e-02 1.2044e-02 8.8546e-23
 1.073e+02 1.5113e-18 1.2044e-02 1.2044e-02 8.2885e-23
 1.074e+02 1.4340e-18 1.2044e-02 1.2044e-02 7.7586e-23
 1.076e+02 1.3606e-18 1.2044e-02 1.2044e-02 7.2626e-23
 1.077e+02 1.2910e-18 1.2044e-02 1.2044e-02 6.7982e-23
 1.078e+02 1.2249e-18 1.2044e-02 1.2044e-02 6.3635e-23
 1.079e+02 1.1622e-18 1.2044e-02 1.2044e-02 5.9565e-23
 1.080e+02 1.1028e-18 1.2044e-02 1.2044e-02 5.5756e-23
 1.081e+02 1.0463e-18 1.2044e-02 1.2044e-02 5.2189e-23
 1.082e+02 9.9277e-19 1.2044e-02 1.2044e-02 4.8851e-23
 1.083e+02 9.4196e-19 1.2044e-02 1.2044e-02 4.5726e-23
 1.085e+02 8.9375e-19 1.2044e-02 1.2044e-02 4.2800e-23
 1.086e+02 8.4801e-19 1.2044e-02 1.2044e-02 4.0061e-23
 1.087e+02 8.0460e-19 1.2044e-02 1.2044e-02 3.7498e-23
 1.088e+02 7.6342e-19 1.2044e-02 1.2044e-02 3.5098e-23
 1.089e+02 7.2435e-19 1.2044e-02 1.2044e-02 3.2852e-23
 1.090e+02 6.8728e-19 1.2044e-02 1.2044e-02 3.0749e-23
 1.091e+02 6.5210e-19 1.2044e-02 1.2044e-02 2.8780e-23
 1.093e+02 6.1872e-19 1.2044e-02 1.2044e-02 2.6938e-23
 1.094e+02 5.8705e-19 1.2044e-02 1.2044e-02 2.5213e-23
 1.095e+02 5.5701e-19 1.2044e-02 1.2044e-02 2.3598e-23
 1.096e+02 5.2849e-19 1.2044e-02 1.2044e-02 2.2087e-23
 1.097e+02 5.0144e-19 1.2044e-02 1.2044e-02 2.0672e-23
 1.098e+02 4.7578e-19 1.2044e-02 1.2044e-02 1.9348e-23
 1.099e+02 4.5142e-19 1.2044e-02 1.2044e-02 1.8109e-23
 1.100e+02 4.2832e-19 1.2044e-02 1.2044e-02 1.6948e-23
 1.102e+02 4.0639e-19 1.2044e-02 1.2044e-02 1.5862e-23
 1.103e+02 3.8559e-19 1.2044e-02 1.2044e-02 1.4846e-23
 1.104e+02 3.6585e-19 1.2044e-02 1.2044e-02 1.3894e-23
 1.105e+02 3.4712e-19 1.2044e-02 1.2044e-02 1.3004e-23
 1.106e+02 3.2935e-19 1.2044e-02 1.2044e-02 1.2170e-23
 1.107e+02 3.1249e-19 1.2044e-02 1.2044e-02 1.1390e-23
 1.108e+02 2.9650e-19 1.2044e-02 1.2044e-02 1.0660e-23
 1.110e+02 2.8132e-19 1.2044e-02 1.2044e-02 9.9761e-24
 1.111e+02 2.6692e-19 1.2044e-02 1.2044e-02 9.3363e-24
 1.112e+02 2.5325e-19 1.2044e-02 1.2044e-02 8.7375e-24
 1.113e+02 2.4029e-19 1.2044e-02 1.2044e-02 8.1769e-24
 1.114e+02 2.2799e-19 1.2044e-02 1.2044e-02 7.6523e-24
 1.115e+02 2.1632e-19 1.2044e-02 1.2044e-02 7.1613e-24
 1.116e+02 2.0524e-19 1.2044e-02 1.2044e-02 6.7018e-24
 1.117e+02 1.9474e-19 1.2044e-02 1.2044e-02 6.2716e-24
 1.119e+02 1.8477e-19 1.2044e-02 1.2044e-02 5.8691e-24
 1.120e+02 1.7531e-19 1.2044e-02 1.2044e-02 5.4923e-24
 1.121e+02 1.6633e-19 1.2044e-02 1.2044e-02 5.1396e-24
 1.122e+02 1.5782e-19 1.2044e-02 1.2044e-02 4.8096e-24
 1.123e+02 1.4974e-19 1.2044e-02 1.2044e-02 4.5007e-24
 1.124e+02 1.4207e-19 1.2044e-02 1.2044e-02 4.2116e-24
 1.125e+02 1.3480e-19 1.2044e-02 1.2044e-02 3.9411e-24
 1.127e+02 1.2790e-19 1.2044e-02 1.2044e-02 3.6879e-24
 1.128e+02 1.2135e-19 1.2044e-02 1.2044e-02 3.4509e-24
 1.129e+02 1.1514e-19 1.2044e-02 1.2044e-02 3.2291e-24
 1.130e+02 1.0924e-19 1.2044e-02 1.2044e-02 3.0216e-24
 1.131e+02 1.0365e-19 1.2044e-02 1.2044e-02 2.8273e-24
 1.132e+02 9.8341e-20 1.2044e-02 1.2044e-02 2.6455e-24
 1.133e+02 9.3306e-20 1.2044e-02 1.2044e-02 2.4754e-24
 1.134e+02 8.8529e-20 1.2044e-02 1.2044e-02 2.3162e-24
 1.136e+02 8.3996e-20 1.2044e-02 1.2044e-02 2.1672e-24
 1.137e+02 7.9696e-20 1.2044e-02 1.2044e-02 2.0278e-24
 1.138e+02 7.5615e-20 1.2044e-02 1.2044e-02 1.8973e-24
 1.139e+02 7.1743e-20 1.2044e-02 1.2044e-02 1.7752e-24
 1.140e+02 6.8070e-20 1.2044e-02 1.2044e-02 1.6610e-24
 1.141e+02 6.4585e-20 1.2044e-02 1.2044e-02 1.5540e-24
 1.142e+02 6.1278e-20 1.2044e-02 1.2044e-02 1.4540e-24
 1.144e+02 5.8140e-20 1.2044e-02 1.2044e-02 1.3604e-24
 1.145e+02 5.5163e-20 1.2044e-02 1.2044e-02 1.2727e-24
 1.146e+02 5.2339e-20 1.2044e-02 1.2044e-02 1.1908e-24
 1.147e+02 4.9659e-20 1.2044e-02 1.2044e-02 1.1140e-24
 1.148e+02 4.7116e-20 1.2044e-02 1.2044e-02 1.0423e-24
 1.149e+02 4.4704e-20 1.2044e-02 1.2044e-02 9.7509e-25
 1.150e+02 4.2415e-20 1.2044e-02 1.2044e-02 9.1224e-25
 1.151e+02 4.0243e-20 1.2044e-02 1.2044e-02 8.5342e-25
 1.153e+02 3.8182e-20 1.2044e-02 1.2044e-02 7.9839e-25
 1.154e+02 3.6227e-20 1.2044e-02 1.2044e-02 7.4690e-25
 1.155e+02 3.4372e-20 1.2044e-02 1.2044e-02 6.9872e-25
 1.156e+02 3.2612e-20 1.2044e-02 1.2044e-02 6.5365e-25
 1.157e+02 3.0942e-20 1.2044e-02 1.2044e-02 6.1147e-25
 1.158e+02 2.9358e-20 1.2044e-02 1.2044e-02 5.7200e-25
 1.159e+02 2.7854e-20 1.2044e-02 1.2044e-02 5.3508e-25
 1.161e+02 2.6428e-20 1.2044e-02 1.2044e-02 5.0053e-25
 1.162e+02 2.5075e-20 1.2044e-02 1.2044e-02 4.6821e-25
 1.163e+02 2.3791e-20 1.2044e-02 1.2044e-02 4.3797e-25
 1.164e+02 2.2573e-20 1.2044e-02 1.2044e-02 4.0968e-25
 1.165e+02 2.1417e-20 1.2044e-02 1.2044e-02 3.8320e-25
 1.166e+02 2.0320e-20 1.2044e-02 1.2044e-02 3.5844e-25
 1.167e+02 1.9279e-20 1.2044e-02 1.2044e-02 3.3527e-25
 1.168e+02 1.8292e-20 1.2044e-02 1.2044e-02 3.1359e-25
 1.170e+02 1.7355e-20 1.2044e-02 1.2044e-02 2.9332e-25
 1.171e+02 1.6467e-20 1.2044e-02 1.2044e-02 2.7434e-25
 1.172e+02 1.5623e-20 1.2044e-02 1.2044e-02 2.5660e-25
 1.173e+02 1.4823e-20 1.2044e-02 1.2044e-02 2.3999e-25
 1.174e+02 1.4064e-20 1.2044e-02 1.2044e-02 2.2446e-25
 1.175e+02 1.3344e-20 1.2044e-02 1.2044e-02 2.0993e-25
 1.176e+02 1.2661e-20 1.2044e-02 1.2044e-02 1.9634e-25
 1.178e+02 1.2012e-20 1.2044e-02 1.2044e-02 1.8362e-25
 1.179e+02 1.1397e-20 1.2044e-02 1.2044e-02 1.7173e-25
 1.180e+02 1.0814e-20 1.2044e-02 1.2044e-02 1.6060e-25
 1.181e+02 1.0260e-20 1.2044e-02 1.2044e-02 1.5020e-25
 1.182e+02 9.7344e-21 1.2044e-02 1.2044e-02 1.4046e-25
 1.183e+02 9.2359e-21 1.2044e-02 1.2044e-02 1.3135e-25
 1.184e+02 8.7629e-21 1.2044e-02 1.2044e-02 1.2284e-25
 1.185e+02 8.3142e-21 1.2044e-02 1.2044e-02 1.1487e-25
 1.187e+02 7.8884e-21 1.2044e-02 1.2044e-02 1.0742e-25
 1.188e+02 7.4844e-21 1.2044e-02 1.2044e-02 1.0045e-25
 1.189e+02 7.1011e-21 1.2044e-02 1.2044e-02 9.3926e-26
 1.190e+02 6.7375e-21 1.2044e-02 1.2044e-02 8.7828e-26
 1.191e+02 6.3924e-21 1.2044e-02 1.2044e-02 8.2124e-26
 1.192e+02 6.0651e-21 1.2044e-02 1.2044e-02 7.6790e-26
 1.193e+02 5.7544e-21 1.2044e-02 1.2044e-02 7.1801e-26
 1.195e+02 5.4597e-21 1.2044e-02 1.2044e-02 6.7135e-26
 1.196e+02 5.1801e-21 1.2044e-02 1.2044e-02 6.2771e-26
 1.197e+02 4.9148e-21 1.2044e-02 1.2044e-02 5.8690e-26
 1.198e+02 4.6631e-21 1.2044e-02 1.2044e-02 5.4873e-26
 1.199e+02 4.4243e-21 1.2044e-02 1.2044e-02 5.1303e-26
 1.200e+02 4.1977e-21 1.2044e-02 1.2044e-02 4.7965e-26
 1.201e+02 3.9828e-21 1.2044e-02 1.2044e-02 4.4843e-26
 1.202e+02 3.7788e-21 1.2044e-02 1.2044e-02 4.1924e-26
 1.204e+02 3.5853e-21 1.2044e-02 1.2044e-02 3.9194e-26
 1.205e+02 3.4016e-21 1.2044e-02 1.2044e-02 3.6641e-26
 1.206e+02 3.2274e-21 1.2044e-02 1.2044e-02 3.4254e-26
 1.207e+02 3.0621e-21 1.2044e-02 1.2044e-02 3.2021e-26
 1.208e+02 2.9053e-21 1.2044e-02 1.2044e-02 2.9934e-26
 1.209e+02 2.7565e-21 1.2044e-02 1.2044e-02 2.7982e-26
 1.210e+02 2.6154e-21 1.2044e-02 1.2044e-02 2.6157e-26
 1.212e+02 2.4814e-21 1.2044e-02 1.2044e-02 2.4451e-26
 1.213e+02 2.3543e-21 1.2044e-02 1.2044e-02 2.2855e-26
 1.214e+02 2.2337e-21 1.2044e-02 1.2044e-02 2.1363e-26
 1.215e+02 2.1193e-21 1.2044e-02 1.2044e-02 1.9968e-26
 1.216e+02 2.0108e-21 1.2044e-02 1.2044e-02 1.8664e-26
 1.217e+02 1.9078e-21 1.2044e-02 1.2044e-02 1.7445e-26
 1.218e+02 1.8101e-21 1.2044e-02 1.2044e-02 1.6305e-26
 1.219e+02 1.7174e-21 1.2044e-02 1.2044e-02 1.5239e-26
 1.221e+02 1.6294e-21 1.2044e-02 1.2044e-02 1.4242e-26
 1.222e+02 1.5460e-21 1.2044e-02 1.2044e-02 1.3311e-26
 1.223e+02 1.4668e-21 1.2044e-02 1.2044e-02 1.2440e-26
 1.224e+02 1.3917e-21 1.2044e-02 1.2044e-02 1.1626e-26
 1.225e+02 1.3204e-21 1.2044e-02 1.2044e-02 1.0865e-26
 1.226e+02 1.2528e-21 1.2044e-02 1.2044e-02 1.0153e-26
 1.227e+02 1.1886e-21 1.2044e-02 1.2044e-02 9.4880e-27
 1.229e+02 1.1277e-21 1.2044e-02 1.2044e-02 8.8663e-27
 1.230e+02 1.0700e-21 1.2044e-02 1.2044e-02 8.2852e-27
 1.231e+02 1.0152e-21 1.2044e-02 1.2044e-02 7.7419e-27
 1.232e+02 9.6319e-22 1.2044e-02 1.2044e-02 7.2342e-27
 1.233e+02 9.1385e-22 1.2044e-02 1.2044e-02 6.7596e-27
 1.234e+02 8.6705e-22 1.2044e-02 1.2044e-02 6.3159e-27
 1.235e+02 8.2264e-22 1.2044e-02 1.2044e-02 5.9013e-27
 1.236e+02 7.8051e-22 1.2044e-02 1.2044e-02 5.5138e-27
 1.238e+02 7.4053e-22 1.2044e-02 1.2044e-02 5.1516e-27
 1.239e+02 7.0260e-22 1.2044e-02 1.2044e-02 4.8131e-27
 1.240e+02 6.6662e-22 1.2044e-02 1.2044e-02 4.4967e-27
 1.241e+02 6.3248e-22 1.2044e-02 1.2044e-02 4.2010e-27
 1.242e+02 6.0008e-22 1.2044e-02 1.2044e-02 3.9247e-27
 1.243e+02 5.6935e-22 1.2044e-02 1.2044e-02 3.6665e-27
 1.244e+02 5.4019e-22 1.2044e-02 1.2044e-02 3.4251e-27
 1.246e+02 5.1252e-22 1.2044e-02 1.2044e-02 3.1996e-27
 1.247e+02 4.8627e-22 1.2044e-02 1.2044e-02 2.9889e-27
 1.248e+02 4.6136e-22 1.2044e-02 1.2044e-02 2.7920e-27
 1.249e+02 4.3773e-22 1.2044e-02 1.2044e-02 2.6080e-27
 1.250e+02 4.1531e-22 1.2044e-02 1.2044e-02 2.4360e-27
 1.251e+02 3.9404e-22 1.2044e-02 1.2044e-02 2.2754e-27
 1.252e+02 3.7386e-22 1.2044e-02 1.2044e-02 2.1252e-27
 1.253e+02 3.5471e-22 1.2044e-02 1.2044e-02 1.9850e-27
 1.255e+02 3.3654e-22 1.2044e-02 1.2044e-02 1.8539e-27
 1.256e+02 3.1930e-22 1.2044e-02 1.2044e-02 1.7315e-27
 1.257e+02 3.0295e-22 1.2044e-02 1.2044e-02 1.6171e-27
 1.258e+02 2.8743e-22 1.2044e-02 1.2044e-02 1.5102e-27
 1.259e+02 2.7271e-22 1.2044e-02 1.2044e-02 1.4104e-27
 1.260e+02 2.5874e-22 1.2044e-02 1.2044e-02 1.3171e-27
 1.261e+02 2.4549e-22 1.2044e-02 1.2044e-02 1.2300e-27
 1.263e+02 2.3292e-22 1.2044e-02 1.2044e-02 1.1486e-27
 1.264e+02 2.2099e-22 1.2044e-02 1.2044e-02 1.0725e-27
 1.265e+02 2.0967e-22 1.2044e-02 1.2044e-02 1.0015e-27
 1.266e+02 1.9893e-22 1.2044e-02 1.2044e-02 9.3512e-28
 1.267e+02 1.8874e-22 1.2044e-02 1.2044e-02 8.7314e-28
 1.268e+02 1.7907e-22 1.2044e-02 1.2044e-02 8.1525e-28
 1.269e+02 1.6990e-22 1.2044e-02 1.2044e-02 7.6117e-28
 1.270e+02 1.6120e-22 1.2044e-02 1.2044e-02 7.1066e-28
 1.272e+02 1.5294e-22 1.2044e-02 1.2044e-02 6.6349e-28
 1.273e+02 1.4511e-22 1.2044e-02 1.2044e-02 6.1943e-28
 1.274e+02 1.3768e-22 1.2044e-02 1.2044e-02 5.7828e-28
 1.275e+02 1.3062e-22 1.2044e-02 1.2044e-02 5.3985e-28
 1.276e+02 1.2393e-22 1.2044e-02 1.2044e-02 5.0396e-28
 1.277e+02 1.1759e-22 1.2044e-02 1.2044e-02 4.7045e-28
 1.278e+02 1.1156e-22 1.2044e-02 1.2044e-02 4.3915e-28
 1.280e+02 1.0585e-22 1.2044e-02 1.2044e-02 4.0992e-28
 1.281e+02 1.0043e-22 1.2044e-02 1.2044e-02 3.8262e-28
 1.282e+02 9.5283e-23 1.2044e-02 1.2044e-02 3.5714e-28
 1.283e+02 9.0402e-23 1.2044e-02 1.2044e-02 3.3334e-28
 1.284e+02 8.5772e-23 1.2044e-02 1.2044e-02 3.1112e-28
 1.285e+02 8.1379e-23 1.2044e-02 1.2044e-02 2.9037e-28
 1.286e+02 7.7210e-23 1.2044e-02 1.2044e-02 2.7100e-28
 1.287e+02 7.3256e-23 1.2044e-02 1.2044e-02 2.5291e-28
 1.289e+02 6.9503e-23 1.2044e-02 1.2044e-02 2.3603e-28
 1.290e+02 6.5943e-23 1.2044e-02 1.2044e-02 2.2026e-28
 1.291e+02 6.2566e-23 1.2044e-02 1.2044e-02 2.0554e-28
 1.292e+02 5.9361e-23 1.2044e-02 1.2044e-02 1.9180e-28
 1.293e+02 5.6321e-23 1.2044e-02 1.2044e-02 1.7898e-28
 1.294e+02 5.3436e-23 1.2044e-02 1.2044e-02 1.6700e-28
 1.295e+02 5.0699e-23 1.2044e-02 1.2044e-02 1.5582e-28
 1.297e+02 4.8102e-23 1.2044e-02 1.2044e-02 1.4539e-28
 1.298e+02 4.5638e-23 1.2044e-02 1.2044e-02 1.3565e-28
 1.299e+02 4.3300e-23 1.2044e-02 1.2044e-02 1.2656e-28
 1.300e+02 4.1083e-23 1.2044e-02 1.2044e-02 1.1808e-28
 1.301e+02 3.8978e-23 1.2044e-02 1.2044e-02 1.1016e-28
 1.302e+02 3.6982e-23 1.2044e-02 1.2044e-02 1.0277e-28
 1.303e+02 3.5087e-23 1.2044e-02 1.2044e-02 9.5867e-29
 1.304e+02 3.3290e-23 1.2044e-02 1.2044e-02 8.9429e-29
 1.306e+02 3.1585e-23 1.2044e-02 1.2044e-02 8.3421e-29
 1.307e+02 2.9967e-23 1.2044e-02 1.2044e-02 7.7814e-29
 1.308e+02 2.8432e-23 1.2044e-02 1.2044e-02 7.2582e-29
 1.309e+02 2.6976e-23 1.2044e-02 1.2044e-02 6.7699e-29
 1.310e+02 2.5594e-23 1.2044e-02 1.2044e-02 6.3143e-29
 1.311e+02 2.4283e-23 1.2044e-02 1.2044e-02 5.8892e-29
 1.312e+02 2.3039e-23 1.2044e-02 1.2044e-02 5.4925e-29
 1.314e+02 2.1859e-23 1.2044e-02 1.2044e-02 5.1224e-29
 1.315e+02 2.0740e-23 1.2044e-02 1.2044e-02 4.7771e-29
 1.316e+02 1.9677e-23 1.2044e-02 1.2044e-02 4.4549e-29
 1.317e+02 1.8669e-23 1.2044e-02 1.2044e-02 4.1543e-29
 1.318e+02 1.7713e-23 1.2044e-02 1.2044e-02 3.8739e-29
 1.319e+02 1.6806e-23 1.2044e-02 1.2044e-02 3.6123e-29
 1.320e+02 1.5945e-23 1.2044e-02 1.2044e-02 3.3682e-29
 1.321e+02 1.5128e-23 1.2044e-02 1.2044e-02 3.1405e-29
 1.323e+02 1.4353e-23 1.2044e-02 1.2044e-02 2.9282e-29
 1.324e+02 1.3618e-23 1.2044e-02 1.2044e-02 2.7301e-29
 1.325e+02 1.2921e-23 1.2044e-02 1.2044e-02 2.5453e-29
 1.326e+02 1.2259e-23 1.2044e-02 1.2044e-02 2.3729e-29
 1.327e+02 1.1631e-23 1.2044e-02 1.2044e-02 2.2122e-29
 1.328e+02 1.1035e-23 1.2044e-02 1.2044e-02 2.0622e-29
 1.329e+02 1.0470e-23 1.2044e-02 1.2044e-02 1.9224e-29
 1.331e+02 9.9335e-24 1.2044e-02 1.2044e-02 1.7920e-29
 1.332e+02 9.4247e-24 1.2044e-02 1.2044e-02 1.6704e-29
 1.333e+02 8.9420e-24 1.2044e-02 1.2044e-02 1.5569e-29
 1.334e+02 8.4839e-24 1.2044e-02 1.2044e-02 1.4512e-29
 1.335e+02 8.0494e-24 1.2044e-02 1.2044e-02 1.3526e-29
 1.336e+02 7.6371e-24 1.2044e-02 1.2044e-02 1.2606e-29
 1.337e+02 7.2459e-24 1.2044e-02 1.2044e-02 1.1748e-29
 1.338e+02 6.8747e-24 1.2044e-02 1.2044e-02 1.0949e-29
 1.340e+02 6.5226e-24 1.2044e-02 1.2044e-02 1.0203e-29
 1.341e+02 6.1885e-24 1.2044e-02 1.2044e-02 9.5082e-30
 1.342e+02 5.8715e-24 1.2044e-02 1.2044e-02 8.8602e-30
 1.343e+02 5.5707e-24 1.2044e-02 1.2044e-02 8.2560e-30
 1.344e+02 5.2854e-24 1.2044e-02 1.2044e-02 7.6928e-30
 1.345e+02 5.0147e-24 1.2044e-02 1.2044e-02 7.1678e-30
 1.346e+02 4.7578e-24 1.2044e-02 1.2044e-02 6.6784e-30
 1.348e+02 4.5141e-24 1.2044e-02 1.2044e-02 6.2221e-30
 1.349e+02 4.2829e-24 1.2044e-02 1.2044e-02 5.7968e-30
 1.350e+02 4.0635e-24 1.2044e-02 1.2044e-02 5.4004e-30
 1.351e+02 3.8553e-24 1.2044e-02 1.2044e-02 5.0310e-30
 1.352e+02 3.6579e-24 1.2044e-02 1.2044e-02 4.6866e-30
 1.353e+02 3.4705e-24 1.2044e-02 1.2044e-02 4.3657e-30
 1.354e+02 3.2927e-24 1.2044e-02 1.2044e-02 4.0666e-30
 1.355e+02 3.1241e-24 1.2044e-02 1.2044e-02 3.7878e-30
 1.357e+02 2.9640e-24 1.2044e-02 1.2044e-02 3.5280e-30
 1.358e+02 2.8122e-24 1.2044e-02 1.2044e-02 3.2860e-30
 1.359e+02 2.6682e-24 1.2044e-02 1.2044e-02 3.0604e-30
 1.360e+02 2.5315e-24 1.2044e-02 1.2044e-02 2.8502e-30
 1.361e+02 2.4018e-24 1.2044e-02 1.2044e-02 2.6544e-30
 1.362e+02 2.2788e-24 1.2044e-02 1.2044e-02 2.4719e-30
 1.363e+02 2.1621e-24 1.2044e-02 1.2044e-02 2.3018e-30
 1.365e+02 2.0513e-24 1.2044e-02 1.2044e-02 2.1434e-30
 1.366e+02 1.9462e-24 1.2044e-02 1.2044e-02 1.9958e-30
 1.367e+02 1.8465e-24 1.2044e-02 1.2044e-02 1.8584e-30
 1.368e+02 1.7520e-24 1.2044e-02 1.2044e-02 1.7303e-30
 1.369e+02 1.6622e-24 1.2044e-02 1.2044e-02 1.6110e-30
 1.370e+02 1.5771e-24 1.2044e-02 1.2044e-02 1.4998e-30
 1.371e+02 1.4963e-24 1.2044e-02 1.2044e-02 1.3963e-30
 1.372e+02 1.4196e-24 1.2044e-02 1.2044e-02 1.2999e-30
 1.374e+02 1.3469e-24 1.2044e-02 1.2044e-02 1.2100e-30
 1.375e+02 1.2779e-24 1.2044e-02 1.2044e-02 1.1264e-30
 1.376e+02 1.2125e-24 1.2044e-02 1.2044e-02 1.0485e-30
 1.377e+02 1.1504e-24 1.2044e-02 1.2044e-02 9.7591e-31
 1.378e+02 1.0914e-24 1.2044e-02 1.2044e-02 9.0833e-31
 1.379e+02 1.0355e-24 1.2044e-02 1.2044e-02 8.4541e-31
 1.380e+02 9.8248e-25 1.2044e-02 1.2044e-02 7.8681e-31
 1.382e+02 9.3216e-25 1.2044e-02 1.2044e-02 7.3224e-31
 1.383e+02 8.8441e-25 1.2044e-02 1.2044e-02 6.8143e-31
 1.384e+02 8.3910e-25 1.2044e-02 1.2044e-02 6.3412e-31
 1.385e+02 7.9612e-25 1.2044e-02 1.2044e-02 5.9007e-31
 1.386e+02 7.5534e-25 1.2044e-02 1.2044e-02 5.4906e-31
 1.387e+02 7.1665e-25 1.2044e-02 1.2044e-02 5.1088e-31
 1.388e+02 6.7993e-25 1.2044e-02 1.2044e-02 4.7533e-31
 1.389e+02 6.4510e-25 1.2044e-02 1.2044e-02 4.4224e-31
 1.391e+02 6.1206e-25 1.2044e-02 1.2044e-02 4.1144e-31
 1.392e+02 5.8070e-25 1.2044e-02 1.2044e-02 3.8276e-31
 1.393e+02 5.5095e-25 1.2044e-02 1.2044e-02 3.5607e-31
 1.394e+02 5.2273e-25 1.2044e-02 1.2044e-02 3.3122e-31
 1.395e+02 4.9595e-25 1.2044e-02 1.2044e-02 3.0810e-31
 1.396e+02 4.7054e-25 1.2044e-02 1.2044e-02 2.8658e-31
 1.397e+02 4.4644e-25 1.2044e-02 1.2044e-02 2.6655e-31
 1.399e+02 4.2357e-25 1.2044e-02 1.2044e-02 2.4790e-31
 1.400e+02 4.0186e-25 1.2044e-02 1.2044e-02 2.3055e-31
 1.401e+02 3.8128e-25 1.2044e-02 1.2044e-02 2.1441e-31
 1.402e+02 3.6174e-25 1.2044e-02 1.2044e-02 1.9939e-31
 1.403e+02 3.4321e-25 1.2044e-02 1.2044e-02 1.8541e-31
 1.404e+02 3.2562e-25 1.2044e-02 1.2044e-02 1.7240e-31
 1.405e+02 3.0894e-25 1.2044e-02 1.2044e-02 1.6030e-31
 1.406e+02 2.9311e-25 1.2044e-02 1.2044e-02 1.4904e-31
 1.408e+02 2.7809e-25 1.2044e-02 1.2044e-02 1.3856e-31
 1.409e+02 2.6384e-25 1.2044e-02 1.2044e-02 1.2881e-31
 1.410e+02 2.5032e-25 1.2044e-02 1.2044e-02 1.1975e-31
 1.411e+02 2.3749e-25 1.2044e-02 1.2044e-02 1.1131e-31
 1.412e+02 2.2532e-25 1.2044e-02 1.2044e-02 1.0346e-31
 1.413e+02 2.1377e-25 1.2044e-02 1.2044e-02 9.6165e-32
 1.414e+02 2.0281e-25 1.2044e-02 1.2044e-02 8.9376e-32
 1.416e+02 1.9241e-25 1.2044e-02 1.2044e-02 8.3062e-32
 1.417e+02 1.8255e-25 1.2044e-02 1.2044e-02 7.7188e-32
 1.418e+02 1.7319e-25 1.2044e-02 1.2044e-02 7.1726e-32
 1.419e+02 1.6431e-25 1.2044e-02 1.2044e-02 6.6646e-32
 1.420e+02 1.5588e-25 1.2044e-02 1.2044e-02 6.1921e-32
 1.421e+02 1.4789e-25 1.2044e-02 1.2044e-02 5.7528e-32
 1.422e+02 1.4030e-25 1.2044e-02 1.2044e-02 5.3442e-32
 1.423e+02 1.3310e-25 1.2044e-02 1.2044e-02 4.9643e-32
 1.425e+02 1.2627e-25 1.2044e-02 1.2044e-02 4.6111e-32
 1.426e+02 1.1979e-25 1.2044e-02 1.2044e-02 4.2826e-32
 1.427e+02 1.1364e-25 1.2044e-02 1.2044e-02 3.9773e-32
 1.428e+02 1.0781e-25 1.2044e-02 1.2044e-02 3.6933e-32
 1.429e+02 1.0227e-25 1.2044e-02 1.2044e-02 3.4294e-32
 1.430e+02 9.7015e-26 1.2044e-02 1.2044e-02 3.1840e-32
 1.431e+02 9.2028e-26 1.2044e-02 1.2044e-02 2.9559e-32
 1.433e+02 8.7297e-26 1.2044e-02 1.2044e-02 2.7438e-32
 1.434e+02 8.2807e-26 1.2044e-02 1.2044e-02 2.5467e-32
 1.435e+02 7.8545e-26 1.2044e-02 1.2044e-02 2.3634e-32
 1.436e+02 7.4501e-26 1.2044e-02 1.2044e-02 2.1931e-32
 1.437e+02 7.0663e-26 1.2044e-02 1.2044e-02 2.0348e-32
 1.438e+02 6.7021e-26 1.2044e-02 1.2044e-02 1.8877e-32
 1.439e+02 6.3563e-26 1.2044e-02 1.2044e-02 1.7510e-32
 1.440e+02 6.0282e-26 1.2044e-02 1.2044e-02 1.6239e-32
 1.442e+02 5.7167e-26 1.2044e-02 1.2044e-02 1.5058e-32
 1.443e+02 5.4211e-26 1.2044e-02 1.2044e-02 1.3960e-32
 1.444e+02 5.1404e-26 1.2044e-02 1.2044e-02 1.2940e-32
 1.445e+02 4.8739e-26 1.2044e-02 1.2044e-02 1.1993e-32
 1.446e+02 4.6210e-26 1.2044e-02 1.2044e-02 1.1112e-32
 1.447e+02 4.3808e-26 1.2044e-02 1.2044e-02 1.0294e-32
 1.448e+02 4.1527e-26 1.2044e-02 1.2044e-02 9.5332e-33
 1.450e+02 3.9361e-26 1.2044e-02 1.2044e-02 8.8267e-33
 1.451e+02 3.7304e-26 1.2044e-02 1.2044e-02 8.1702e-33
 1.452e+02 3.5350e-26 1.2044e-02 1.2044e-02 7.5603e-33
 1.453e+02 3.3494e-26 1.2044e-02 1.2044e-02 6.9936e-33
 1.454e+02 3.1730e-26 1.2044e-02 1.2044e-02 6.4670e-33
 1.455e+02 3.0054e-26 1.2044e-02 1.2044e-02 5.9778e-33
 1.456e+02 2.8462e-26 1.2044e-02 1.2044e-02 5.5232e-33
 1.457e+02 2.6948e-26 1.2044e-02 1.2044e-02 5.1008e-33
 1.459e+02 2.5508e-26 1.2044e-02 1.2044e-02 4.7084e-33
 1.460e+02 2.4139e-26 1.2044e-02 1.2044e-02 4.3437e-33
 1.461e+02 2.2837e-26 1.2044e-02 1.2044e-02 4.0049e-33
 1.462e+02 2.1598e-26 1.2044e-02 1.2044e-02 3.6900e-33
 1.463e+02 2.0419e-26 1.2044e-02 1.2044e-02 3.3974e-33
 1.464e+02 1.9296e-26 1.2044e-02 1.2044e-02 3.1254e-33
 1.465e+02 1.8226e-26 1.2044e-02 1.2044e-02 2.8727e-33
 1.467e+02 1.7207e-26 1.2044e-02 1.2044e-02 2.6377e-33
 1.468e+02 1.6236e-26 1.2044e-02 1.2044e-02 2.4193e-33
 1.469e+02 1.5309e-26 1.2044e-02 1.2044e-02 2.2162e-33
 1.470e+02 1.4425e-26 1.2044e-02 1.2044e-02 2.0274e-33
 1.471e+02 1.3581e-26 1.2044e-02 1.2044e-02 1.8518e-33
 1.472e+02 1.2774e-26 1.2044e-02 1.2044e-02 1.6885e-33
 1.473e+02 1.2003e-26 1.2044e-02 1.2044e-02 1.5365e-33
 1.474e+02 1.1264e-26 1.2044e-02 1.2044e-02 1.3952e-33
 1.476e+02 1.0557e-26 1.2044e-02 1.2044e-02 1.2637e-33
 1.477e+02 9.8795e-27 1.2044e-02 1.2044e-02 1.1413e-33
 1.478e+02 9.2289e-27 1.2044e-02 1.2044e-02 1.0275e-33
 1.479e+02 8.6039e-27 1.2044e-02 1.2044e-02 9.2153e-34
 1.480e+02 8.0026e-27 1.2044e-02 1.2044e-02 8.2296e-34
 1.481e+02 7.4235e-27 1.2044e-02 1.2044e-02 7.3129e-34
 1.482e+02 6.8649e-27 1.2044e-02 1.2044e-02 6.4607e-34
 1.484e+02 6.3253e-27 1.2044e-02 1.2044e-02 5.6692e-34
 1.485e+02 5.8032e-27 1.2044e-02 1.2044e-02 4.9350e-34
 1.486e+02 5.2971e-27 1.2044e-02 1.2044e-02 4.2550e-34
 1.487e+02 4.8057e-27 1.2044e-02 1.2044e-02 3.6267e-34
 1.488e+02 4.3276e-27 1.2044e-02 1.2044e-02 3.0482e-34
 1.489e+02 3.8614e-27 1.2044e-02 1.2044e-02 2.5181e-34
 1.490e+02 3.4059e-27 1.2044e-02 1.2044e-02 2.0354e-34
 1.491e+02 2.9599e-27 1.2044e-02 1.2044e-02 1.5997e-34
 1.493e+02 2.5220e-27 1.2044e-02 1.2044e-02 1.2116e-34
 1.494e+02 2.0911e-27 1.2044e-02 1.2044e-02 8.7194e-35
 1.495e+02 1.6660e-27 1.2044e-02 1.2044e-02 5.8266e-35
 1.496e+02 1.2455e-27 1.2044e-02 1.2044e-02 3.4650e-35
 1.497e+02 8.2840e-28 1.2044e-02 1.2044e-02 1.6720e-35
 1.498e+02 4.1363e-28 1.2044e-02 1.2044e-02 4.9643e-36
 1.499e+02 4.4466e-323 1.2044e-02 1.2044e-02 0.0000e+00
