 0.000e+00 1.5852e-01 3.5282e-02 2.5696e-02 0.0000e+00
 1.133e-01 1.5852e-01 3.5282e-02 2.5696e-02 2.9366e-04
 2.267e-01 1.5959e-01 3.5320e-02 2.5669e-02 6.1233e-04
 3.400e-01 1.6169e-01 3.5394e-02 2.5615e-02 9.2870e-04
 4.533e-01 1.6481e-01 3.5505e-02 2.5535e-02 1.2602e-03
 5.667e-01 1.6893e-01 3.5652e-02 2.5430e-02 1.6083e-03
 6.800e-01 1.7404e-01 3.5834e-02 2.5300e-02 1.9783e-03
 7.933e-01 1.8014e-01 3.6053e-02 2.5147e-02 2.3748e-03
 9.067e-01 1.8721e-01 3.6309e-02 2.4969e-02 2.8028e-03
 1.020e+00 1.9526e-01 3.6603e-02 2.4769e-02 3.2676e-03
 1.133e+00 2.0429e-01 3.6935e-02 2.4546e-02 3.7748e-03
 1.247e+00 2.1432e-01 3.7307e-02 2.4302e-02 4.3309e-03
 1.360e+00 2.2534e-01 3.7720e-02 2.4035e-02 4.9425e-03
 1.473e+00 2.3736e-01 3.8176e-02 2.3748e-02 5.6172e-03
 1.587e+00 2.5040e-01 3.8677e-02 2.3440e-02 6.3629e-03
 1.700e+00 2.6445e-01 3.9225e-02 2.3113e-02 7.1886e-03
 1.813e+00 2.7953e-01 3.9821e-02 2.2767e-02 8.1037e-03
 1.927e+00 2.9564e-01 4.0467e-02 2.2404e-02 9.1184e-03
 2.040e+00 3.1277e-01 4.1167e-02 2.2023e-02 1.0244e-02
 2.153e+00 3.3092e-01 4.1921e-02 2.1627e-02 1.1492e-02
 2.267e+00 3.5009e-01 4.2732e-02 2.1216e-02 1.2874e-02
 2.380e+00 3.7025e-01 4.3602e-02 2.0793e-02 1.4404e-02
 2.493e+00 3.9137e-01 4.4533e-02 2.0358e-02 1.6094e-02
 2.607e+00 4.1342e-01 4.5526e-02 1.9914e-02 1.7957e-02
 2.720e+00 4.3635e-01 4.6582e-02 1.9463e-02 2.0006e-02
 2.833e+00 4.6009e-01 4.7701e-02 1.9006e-02 2.2252e-02
 2.947e+00 4.8458e-01 4.8883e-02 1.8546e-02 2.4704e-02
 3.060e+00 5.0971e-01 5.0127e-02 1.8086e-02 2.7369e-02
 3.173e+00 5.3538e-01 5.1431e-02 1.7628e-02 3.0252e-02
 3.287e+00 5.6146e-01 5.2790e-02 1.7174e-02 3.3352e-02
 3.400e+00 5.8779e-01 5.4198e-02 1.6728e-02 3.6662e-02
 3.513e+00 6.1422e-01 5.5650e-02 1.6291e-02 4.0170e-02
 3.627e+00 6.4056e-01 5.7135e-02 1.5868e-02 4.3855e-02
 3.740e+00 6.6660e-01 5.8642e-02 1.5460e-02 4.7687e-02
 3.853e+00 6.9212e-01 6.0158e-02 1.5071e-02 5.1629e-02
 3.967e+00 7.1689e-01 6.1667e-02 1.4702e-02 5.5633e-02
 4.080e+00 7.4066e-01 6.3150e-02 1.4356e-02 5.9641e-02
 4.193e+00 7.6319e-01 6.4589e-02 1.4037e-02 6.3589e-02
 4.307e+00 7.8422e-01 6.5962e-02 1.3744e-02 6.7406e-02
 4.420e+00 8.0351e-01 6.7247e-02 1.3482e-02 7.1016e-02
 4.533e+00 8.2082e-01 6.8421e-02 1.3250e-02 7.4344e-02
 4.647e+00 8.3593e-01 6.9463e-02 1.3052e-02 7.7314e-02
 4.760e+00 8.4864e-01 7.0351e-02 1.2887e-02 7.9859e-02
 4.873e+00 8.5877e-01 7.1068e-02 1.2757e-02 8.1917e-02
 4.987e+00 8.6620e-01 7.1597e-02 1.2663e-02 8.3437e-02
 5.100e+00 8.7081e-01 7.1928e-02 1.2604e-02 8.4383e-02
 5.213e+00 8.7255e-01 7.2053e-02 1.2583e-02 8.4731e-02
 5.327e+00 8.7138e-01 7.1969e-02 1.2597e-02 8.4473e-02
 5.440e+00 8.6734e-01 7.1679e-02 1.2648e-02 8.3617e-02
 5.553e+00 8.6047e-01 7.1188e-02 1.2735e-02 8.2185e-02
 5.667e+00 8.5088e-01 7.0509e-02 1.2858e-02 8.0212e-02
 5.780e+00 8.3869e-01 6.9655e-02 1.3016e-02 7.7750e-02
 5.893e+00 8.2409e-01 6.8645e-02 1.3207e-02 7.4859e-02
 6.007e+00 8.0725e-01 6.7499e-02 1.3432e-02 7.1606e-02
 6.120e+00 7.8840e-01 6.6238e-02 1.3687e-02 6.8066e-02
 6.233e+00 7.6777e-01 6.4885e-02 1.3973e-02 6.4314e-02
 6.347e+00 7.4559e-01 6.3463e-02 1.4286e-02 6.0426e-02
 6.460e+00 7.2213e-01 6.1991e-02 1.4625e-02 5.6473e-02
 6.573e+00 6.9762e-01 6.0490e-02 1.4988e-02 5.2519e-02
 6.687e+00 6.7231e-01 5.8978e-02 1.5372e-02 4.8621e-02
 6.800e+00 6.4642e-01 5.7471e-02 1.5775e-02 4.4827e-02
 6.913e+00 6.2017e-01 5.5982e-02 1.6195e-02 4.1176e-02
 7.027e+00 5.9377e-01 5.4523e-02 1.6628e-02 3.7698e-02
 7.140e+00 5.6738e-01 5.3103e-02 1.7073e-02 3.4413e-02
 7.253e+00 5.4118e-01 5.1730e-02 1.7526e-02 3.1334e-02
 7.367e+00 5.1531e-01 5.0409e-02 1.7985e-02 2.8469e-02
 7.480e+00 4.8989e-01 4.9144e-02 1.8448e-02 2.5819e-02
 7.593e+00 4.6504e-01 4.7937e-02 1.8912e-02 2.3380e-02
 7.707e+00 4.4083e-01 4.6791e-02 1.9376e-02 2.1145e-02
 7.820e+00 4.1734e-01 4.5705e-02 1.9836e-02 1.9106e-02
 7.933e+00 3.9463e-01 4.4678e-02 2.0292e-02 1.7251e-02
 8.047e+00 3.7274e-01 4.3711e-02 2.0741e-02 1.5570e-02
 8.160e+00 3.5170e-01 4.2801e-02 2.1182e-02 1.4048e-02
 8.273e+00 3.3152e-01 4.1946e-02 2.1614e-02 1.2675e-02
 8.387e+00 3.1223e-01 4.1144e-02 2.2035e-02 1.1437e-02
 8.500e+00 2.9381e-01 4.0394e-02 2.2444e-02 1.0322e-02
 8.613e+00 2.7627e-01 3.9691e-02 2.2842e-02 9.3201e-03
 8.727e+00 2.5960e-01 3.9035e-02 2.3226e-02 8.4199e-03
 8.840e+00 2.4378e-01 3.8422e-02 2.3596e-02 7.6115e-03
 8.953e+00 2.2878e-01 3.7850e-02 2.3953e-02 6.8860e-03
 9.067e+00 2.1459e-01 3.7317e-02 2.4295e-02 6.2349e-03
 9.180e+00 2.0117e-01 3.6820e-02 2.4623e-02 5.6506e-03
 9.293e+00 1.8851e-01 3.6356e-02 2.4937e-02 5.1262e-03
 9.407e+00 1.7657e-01 3.5925e-02 2.5236e-02 4.6554e-03
 9.520e+00 1.6533e-01 3.5523e-02 2.5522e-02 4.2326e-03
 9.633e+00 1.5474e-01 3.5149e-02 2.5793e-02 3.8527e-03
 9.747e+00 1.4479e-01 3.4801e-02 2.6051e-02 3.5112e-03
 9.860e+00 1.3544e-01 3.4477e-02 2.6296e-02 3.2039e-03
 9.973e+00 1.2666e-01 3.4176e-02 2.6528e-02 2.9272e-03
 1.009e+01 1.1842e-01 3.3895e-02 2.6747e-02 2.6779e-03
 1.020e+01 1.1070e-01 3.3635e-02 2.6955e-02 2.4530e-03
 1.031e+01 1.0346e-01 3.3392e-02 2.7150e-02 2.2499e-03
 1.043e+01 9.6682e-02 3.3166e-02 2.7335e-02 2.0664e-03
 1.054e+01 9.0334e-02 3.2957e-02 2.7509e-02 1.9003e-03
 1.065e+01 8.4393e-02 3.2761e-02 2.7673e-02 1.7499e-03
 1.077e+01 7.8835e-02 3.2580e-02 2.7827e-02 1.6135e-03
 1.088e+01 7.3638e-02 3.2411e-02 2.7972e-02 1.4896e-03
 1.099e+01 6.8780e-02 3.2254e-02 2.8109e-02 1.3769e-03
 1.111e+01 6.4239e-02 3.2108e-02 2.8237e-02 1.2743e-03
 1.122e+01 5.9996e-02 3.1972e-02 2.8357e-02 1.1808e-03
 1.133e+01 5.6033e-02 3.1845e-02 2.8469e-02 1.0955e-03
 1.145e+01 5.2332e-02 3.1728e-02 2.8575e-02 1.0175e-03
 1.156e+01 4.8875e-02 3.1618e-02 2.8674e-02 9.4605e-04
 1.167e+01 4.5649e-02 3.1516e-02 2.8766e-02 8.8059e-04
 1.179e+01 4.2637e-02 3.1422e-02 2.8853e-02 8.2050e-04
 1.190e+01 3.9825e-02 3.1333e-02 2.8934e-02 7.6528e-04
 1.201e+01 3.7201e-02 3.1251e-02 2.9010e-02 7.1446e-04
 1.213e+01 3.4753e-02 3.1175e-02 2.9082e-02 6.6762e-04
 1.224e+01 3.2468e-02 3.1104e-02 2.9148e-02 6.2439e-04
 1.235e+01 3.0336e-02 3.1037e-02 2.9210e-02 5.8446e-04
 1.247e+01 2.8346e-02 3.0976e-02 2.9268e-02 5.4751e-04
 1.258e+01 2.6490e-02 3.0918e-02 2.9323e-02 5.1328e-04
 1.269e+01 2.4758e-02 3.0865e-02 2.9374e-02 4.8153e-04
 1.281e+01 2.3141e-02 3.0815e-02 2.9421e-02 4.5205e-04
 1.292e+01 2.1633e-02 3.0768e-02 2.9466e-02 4.2465e-04
 1.303e+01 2.0226e-02 3.0725e-02 2.9507e-02 3.9915e-04
 1.315e+01 1.8913e-02 3.0685e-02 2.9546e-02 3.7539e-04
 1.326e+01 1.7687e-02 3.0647e-02 2.9582e-02 3.5323e-04
 1.337e+01 1.6543e-02 3.0612e-02 2.9616e-02 3.3254e-04
 1.349e+01 1.5476e-02 3.0580e-02 2.9648e-02 3.1321e-04
 1.360e+01 1.4479e-02 3.0549e-02 2.9677e-02 2.9513e-04
 1.371e+01 1.3549e-02 3.0521e-02 2.9705e-02 2.7821e-04
 1.383e+01 1.2680e-02 3.0494e-02 2.9731e-02 2.6235e-04
 1.394e+01 1.1869e-02 3.0470e-02 2.9755e-02 2.4749e-04
 1.405e+01 1.1112e-02 3.0446e-02 2.9777e-02 2.3354e-04
 1.417e+01 1.0404e-02 3.0425e-02 2.9798e-02 2.2045e-04
 1.428e+01 9.7437e-03 3.0405e-02 2.9818e-02 2.0815e-04
 1.439e+01 9.1264e-03 3.0386e-02 2.9836e-02 1.9658e-04
 1.451e+01 8.5496e-03 3.0369e-02 2.9854e-02 1.8571e-04
 1.462e+01 8.0107e-03 3.0352e-02 2.9870e-02 1.7547e-04
 1.473e+01 7.5069e-03 3.0337e-02 2.9885e-02 1.6583e-04
 1.485e+01 7.0361e-03 3.0323e-02 2.9899e-02 1.5675e-04
 1.496e+01 6.5958e-03 3.0309e-02 2.9912e-02 1.4819e-04
 1.507e+01 6.1842e-03 3.0297e-02 2.9924e-02 1.4012e-04
 1.519e+01 5.7992e-03 3.0285e-02 2.9936e-02 1.3250e-04
 1.530e+01 5.4392e-03 3.0274e-02 2.9947e-02 1.2532e-04
 1.541e+01 5.1023e-03 3.0264e-02 2.9957e-02 1.1854e-04
 1.553e+01 4.7871e-03 3.0254e-02 2.9966e-02 1.1214e-04
 1.564e+01 4.4921e-03 3.0246e-02 2.9975e-02 1.0610e-04
 1.575e+01 4.2160e-03 3.0237e-02 2.9983e-02 1.0039e-04
 1.587e+01 3.9576e-03 3.0229e-02 2.9991e-02 9.4991e-05
 1.598e+01 3.7156e-03 3.0222e-02 2.9998e-02 8.9892e-05
 1.609e+01 3.4889e-03 3.0215e-02 3.0005e-02 8.5071e-05
 1.621e+01 3.2766e-03 3.0209e-02 3.0012e-02 8.0514e-05
 1.632e+01 3.0777e-03 3.0203e-02 3.0017e-02 7.6205e-05
 1.643e+01 2.8914e-03 3.0197e-02 3.0023e-02 7.2129e-05
 1.655e+01 2.7167e-03 3.0192e-02 3.0028e-02 6.8275e-05
 1.666e+01 2.5530e-03 3.0187e-02 3.0033e-02 6.4628e-05
 1.677e+01 2.3996e-03 3.0182e-02 3.0038e-02 6.1178e-05
 1.689e+01 2.2557e-03 3.0178e-02 3.0042e-02 5.7913e-05
 1.700e+01 2.1207e-03 3.0174e-02 3.0046e-02 5.4824e-05
 1.711e+01 1.9941e-03 3.0170e-02 3.0050e-02 5.1901e-05
 1.723e+01 1.8754e-03 3.0167e-02 3.0054e-02 4.9134e-05
 1.734e+01 1.7639e-03 3.0163e-02 3.0057e-02 4.6515e-05
 1.745e+01 1.6594e-03 3.0160e-02 3.0060e-02 4.4037e-05
 1.757e+01 1.5612e-03 3.0157e-02 3.0063e-02 4.1690e-05
 1.768e+01 1.4691e-03 3.0154e-02 3.0066e-02 3.9469e-05
 1.779e+01 1.3825e-03 3.0152e-02 3.0068e-02 3.7367e-05
 1.791e+01 1.3013e-03 3.0149e-02 3.0071e-02 3.5376e-05
 1.802e+01 1.2249e-03 3.0147e-02 3.0073e-02 3.3492e-05
 1.813e+01 1.1532e-03 3.0145e-02 3.0075e-02 3.1708e-05
 1.825e+01 1.0859e-03 3.0143e-02 3.0077e-02 3.0019e-05
 1.836e+01 1.0226e-03 3.0141e-02 3.0079e-02 2.8420e-05
 1.847e+01 9.6307e-04 3.0139e-02 3.0081e-02 2.6906e-05
 1.859e+01 9.0714e-04 3.0137e-02 3.0083e-02 2.5472e-05
 1.870e+01 8.5456e-04 3.0136e-02 3.0084e-02 2.4115e-05
 1.881e+01 8.0511e-04 3.0134e-02 3.0086e-02 2.2830e-05
 1.893e+01 7.5862e-04 3.0133e-02 3.0087e-02 2.1613e-05
 1.904e+01 7.1488e-04 3.0132e-02 3.0088e-02 2.0461e-05
 1.915e+01 6.7374e-04 3.0130e-02 3.0090e-02 1.9371e-05
 1.927e+01 6.3504e-04 3.0129e-02 3.0091e-02 1.8338e-05
 1.938e+01 5.9861e-04 3.0128e-02 3.0092e-02 1.7360e-05
 1.949e+01 5.6434e-04 3.0127e-02 3.0093e-02 1.6435e-05
 1.961e+01 5.3208e-04 3.0126e-02 3.0094e-02 1.5558e-05
 1.972e+01 5.0171e-04 3.0125e-02 3.0095e-02 1.4728e-05
 1.983e+01 4.7312e-04 3.0124e-02 3.0096e-02 1.3943e-05
 1.995e+01 4.4620e-04 3.0123e-02 3.0097e-02 1.3199e-05
 2.006e+01 4.2085e-04 3.0123e-02 3.0097e-02 1.2494e-05
 2.017e+01 3.9697e-04 3.0122e-02 3.0098e-02 1.1828e-05
 2.029e+01 3.7449e-04 3.0121e-02 3.0099e-02 1.1196e-05
 2.040e+01 3.5330e-04 3.0121e-02 3.0099e-02 1.0599e-05
 2.051e+01 3.3334e-04 3.0120e-02 3.0100e-02 1.0033e-05
 2.063e+01 3.1454e-04 3.0119e-02 3.0101e-02 9.4974e-06
 2.074e+01 2.9681e-04 3.0119e-02 3.0101e-02 8.9903e-06
 2.085e+01 2.8011e-04 3.0118e-02 3.0102e-02 8.5102e-06
 2.097e+01 2.6437e-04 3.0118e-02 3.0102e-02 8.0557e-06
 2.108e+01 2.4953e-04 3.0118e-02 3.0102e-02 7.6255e-06
 2.119e+01 2.3554e-04 3.0117e-02 3.0103e-02 7.2181e-06
 2.131e+01 2.2235e-04 3.0117e-02 3.0103e-02 6.8325e-06
 2.142e+01 2.0991e-04 3.0116e-02 3.0104e-02 6.4675e-06
 2.153e+01 1.9819e-04 3.0116e-02 3.0104e-02 6.1219e-06
 2.165e+01 1.8713e-04 3.0116e-02 3.0104e-02 5.7948e-06
 2.176e+01 1.7669e-04 3.0115e-02 3.0105e-02 5.4851e-06
 2.187e+01 1.6685e-04 3.0115e-02 3.0105e-02 5.1920e-06
 2.199e+01 1.5757e-04 3.0115e-02 3.0105e-02 4.9145e-06
 2.210e+01 1.4881e-04 3.0114e-02 3.0106e-02 4.6518e-06
 2.221e+01 1.4055e-04 3.0114e-02 3.0106e-02 4.4031e-06
 2.233e+01 1.3275e-04 3.0114e-02 3.0106e-02 4.1678e-06
 2.244e+01 1.2539e-04 3.0114e-02 3.0106e-02 3.9449e-06
 2.255e+01 1.1845e-04 3.0114e-02 3.0106e-02 3.7340e-06
 2.267e+01 1.1190e-04 3.0113e-02 3.0107e-02 3.5344e-06
 2.278e+01 1.0571e-04 3.0113e-02 3.0107e-02 3.3454e-06
 2.289e+01 9.9875e-05 3.0113e-02 3.0107e-02 3.1665e-06
 2.301e+01 9.4363e-05 3.0113e-02 3.0107e-02 2.9972e-06
 2.312e+01 8.9160e-05 3.0113e-02 3.0107e-02 2.8369e-06
 2.323e+01 8.4247e-05 3.0113e-02 3.0107e-02 2.6852e-06
 2.335e+01 7.9609e-05 3.0112e-02 3.0108e-02 2.5416e-06
 2.346e+01 7.5230e-05 3.0112e-02 3.0108e-02 2.4056e-06
 2.357e+01 7.1094e-05 3.0112e-02 3.0108e-02 2.2770e-06
 2.369e+01 6.7188e-05 3.0112e-02 3.0108e-02 2.1552e-06
 2.380e+01 6.3500e-05 3.0112e-02 3.0108e-02 2.0399e-06
 2.391e+01 6.0016e-05 3.0112e-02 3.0108e-02 1.9308e-06
 2.403e+01 5.6726e-05 3.0112e-02 3.0108e-02 1.8275e-06
 2.414e+01 5.3617e-05 3.0112e-02 3.0108e-02 1.7297e-06
 2.425e+01 5.0682e-05 3.0112e-02 3.0108e-02 1.6372e-06
 2.437e+01 4.7908e-05 3.0111e-02 3.0109e-02 1.5496e-06
 2.448e+01 4.5288e-05 3.0111e-02 3.0109e-02 1.4667e-06
 2.459e+01 4.2812e-05 3.0111e-02 3.0109e-02 1.3882e-06
 2.471e+01 4.0474e-05 3.0111e-02 3.0109e-02 1.3139e-06
 2.482e+01 3.8264e-05 3.0111e-02 3.0109e-02 1.2436e-06
 2.493e+01 3.6176e-05 3.0111e-02 3.0109e-02 1.1771e-06
 2.505e+01 3.4203e-05 3.0111e-02 3.0109e-02 1.1141e-06
 2.516e+01 3.2338e-05 3.0111e-02 3.0109e-02 1.0545e-06
 2.527e+01 3.0576e-05 3.0111e-02 3.0109e-02 9.9808e-07
 2.539e+01 2.8911e-05 3.0111e-02 3.0109e-02 9.4468e-07
 2.550e+01 2.7337e-05 3.0111e-02 3.0109e-02 8.9413e-07
 2.561e+01 2.5849e-05 3.0111e-02 3.0109e-02 8.4628e-07
 2.573e+01 2.4444e-05 3.0111e-02 3.0109e-02 8.0100e-07
 2.584e+01 2.3115e-05 3.0111e-02 3.0109e-02 7.5813e-07
 2.595e+01 2.1859e-05 3.0111e-02 3.0109e-02 7.1756e-07
 2.607e+01 2.0671e-05 3.0111e-02 3.0109e-02 6.7916e-07
 2.618e+01 1.9549e-05 3.0111e-02 3.0109e-02 6.4282e-07
 2.629e+01 1.8488e-05 3.0111e-02 3.0109e-02 6.0842e-07
 2.641e+01 1.7485e-05 3.0111e-02 3.0109e-02 5.7586e-07
 2.652e+01 1.6536e-05 3.0110e-02 3.0110e-02 5.4504e-07
 2.663e+01 1.5640e-05 3.0110e-02 3.0110e-02 5.1587e-07
 2.675e+01 1.4792e-05 3.0110e-02 3.0110e-02 4.8826e-07
 2.686e+01 1.3991e-05 3.0110e-02 3.0110e-02 4.6213e-07
 2.697e+01 1.3233e-05 3.0110e-02 3.0110e-02 4.3740e-07
 2.709e+01 1.2516e-05 3.0110e-02 3.0110e-02 4.1399e-07
 2.720e+01 1.1839e-05 3.0110e-02 3.0110e-02 3.9183e-07
 2.731e+01 1.1198e-05 3.0110e-02 3.0110e-02 3.7086e-07
 2.743e+01 1.0592e-05 3.0110e-02 3.0110e-02 3.5101e-07
 2.754e+01 1.0020e-05 3.0110e-02 3.0110e-02 3.3222e-07
 2.765e+01 9.4778e-06 3.0110e-02 3.0110e-02 3.1444e-07
 2.777e+01 8.9655e-06 3.0110e-02 3.0110e-02 2.9761e-07
 2.788e+01 8.4811e-06 3.0110e-02 3.0110e-02 2.8168e-07
 2.799e+01 8.0229e-06 3.0110e-02 3.0110e-02 2.6660e-07
 2.811e+01 7.5896e-06 3.0110e-02 3.0110e-02 2.5233e-07
 2.822e+01 7.1798e-06 3.0110e-02 3.0110e-02 2.3883e-07
 2.833e+01 6.7922e-06 3.0110e-02 3.0110e-02 2.2604e-07
 2.845e+01 6.4256e-06 3.0110e-02 3.0110e-02 2.1394e-07
 2.856e+01 6.0788e-06 3.0110e-02 3.0110e-02 2.0249e-07
 2.867e+01 5.7509e-06 3.0110e-02 3.0110e-02 1.9165e-07
 2.879e+01 5.4407e-06 3.0110e-02 3.0110e-02 1.8139e-07
 2.890e+01 5.1473e-06 3.0110e-02 3.0110e-02 1.7168e-07
 2.901e+01 4.8698e-06 3.0110e-02 3.0110e-02 1.6249e-07
 2.913e+01 4.6073e-06 3.0110e-02 3.0110e-02 1.5379e-07
 2.924e+01 4.3590e-06 3.0110e-02 3.0110e-02 1.4556e-07
 2.935e+01 4.1241e-06 3.0110e-02 3.0110e-02 1.3777e-07
 2.947e+01 3.9019e-06 3.0110e-02 3.0110e-02 1.3039e-07
 2.958e+01 3.6917e-06 3.0110e-02 3.0110e-02 1.2341e-07
 2.969e+01 3.4929e-06 3.0110e-02 3.0110e-02 1.1681e-07
 2.981e+01 3.3048e-06 3.0110e-02 3.0110e-02 1.1055e-07
 2.992e+01 3.1268e-06 3.0110e-02 3.0110e-02 1.0463e-07
 3.003e+01 2.9585e-06 3.0110e-02 3.0110e-02 9.9031e-08
 3.015e+01 2.7993e-06 3.0110e-02 3.0110e-02 9.3729e-08
 3.026e+01 2.6486e-06 3.0110e-02 3.0110e-02 8.8711e-08
 3.037e+01 2.5061e-06 3.0110e-02 3.0110e-02 8.3961e-08
 3.049e+01 2.3713e-06 3.0110e-02 3.0110e-02 7.9466e-08
 3.060e+01 2.2437e-06 3.0110e-02 3.0110e-02 7.5211e-08
 3.071e+01 2.1230e-06 3.0110e-02 3.0110e-02 7.1184e-08
 3.083e+01 2.0088e-06 3.0110e-02 3.0110e-02 6.7372e-08
 3.094e+01 1.9008e-06 3.0110e-02 3.0110e-02 6.3765e-08
 3.105e+01 1.7986e-06 3.0110e-02 3.0110e-02 6.0350e-08
 3.117e+01 1.7019e-06 3.0110e-02 3.0110e-02 5.7118e-08
 3.128e+01 1.6104e-06 3.0110e-02 3.0110e-02 5.4060e-08
 3.139e+01 1.5238e-06 3.0110e-02 3.0110e-02 5.1165e-08
 3.151e+01 1.4419e-06 3.0110e-02 3.0110e-02 4.8425e-08
 3.162e+01 1.3644e-06 3.0110e-02 3.0110e-02 4.5831e-08
 3.173e+01 1.2911e-06 3.0110e-02 3.0110e-02 4.3377e-08
 3.185e+01 1.2217e-06 3.0110e-02 3.0110e-02 4.1054e-08
 3.196e+01 1.1561e-06 3.0110e-02 3.0110e-02 3.8855e-08
 3.207e+01 1.0940e-06 3.0110e-02 3.0110e-02 3.6774e-08
 3.219e+01 1.0352e-06 3.0110e-02 3.0110e-02 3.4804e-08
 3.230e+01 9.7960e-07 3.0110e-02 3.0110e-02 3.2940e-08
 3.241e+01 9.2698e-07 3.0110e-02 3.0110e-02 3.1176e-08
 3.253e+01 8.7719e-07 3.0110e-02 3.0110e-02 2.9506e-08
 3.264e+01 8.3008e-07 3.0110e-02 3.0110e-02 2.7925e-08
 3.275e+01 7.8551e-07 3.0110e-02 3.0110e-02 2.6430e-08
 3.287e+01 7.4332e-07 3.0110e-02 3.0110e-02 2.5014e-08
 3.298e+01 7.0341e-07 3.0110e-02 3.0110e-02 2.3674e-08
 3.309e+01 6.6564e-07 3.0110e-02 3.0110e-02 2.2405e-08
 3.321e+01 6.2991e-07 3.0110e-02 3.0110e-02 2.1205e-08
 3.332e+01 5.9609e-07 3.0110e-02 3.0110e-02 2.0069e-08
 3.343e+01 5.6409e-07 3.0110e-02 3.0110e-02 1.8994e-08
 3.355e+01 5.3381e-07 3.0110e-02 3.0110e-02 1.7976e-08
 3.366e+01 5.0515e-07 3.0110e-02 3.0110e-02 1.7013e-08
 3.377e+01 4.7804e-07 3.0110e-02 3.0110e-02 1.6101e-08
 3.389e+01 4.5238e-07 3.0110e-02 3.0110e-02 1.5239e-08
 3.400e+01 4.2810e-07 3.0110e-02 3.0110e-02 1.4422e-08
 3.411e+01 4.0512e-07 3.0110e-02 3.0110e-02 1.3649e-08
 3.423e+01 3.8338e-07 3.0110e-02 3.0110e-02 1.2918e-08
 3.434e+01 3.6280e-07 3.0110e-02 3.0110e-02 1.2225e-08
 3.445e+01 3.4333e-07 3.0110e-02 3.0110e-02 1.1570e-08
 3.457e+01 3.2491e-07 3.0110e-02 3.0110e-02 1.0950e-08
 3.468e+01 3.0747e-07 3.0110e-02 3.0110e-02 1.0363e-08
 3.479e+01 2.9097e-07 3.0110e-02 3.0110e-02 9.8076e-09
 3.491e+01 2.7536e-07 3.0110e-02 3.0110e-02 9.2818e-09
 3.502e+01 2.6058e-07 3.0110e-02 3.0110e-02 8.7843e-09
 3.513e+01 2.4660e-07 3.0110e-02 3.0110e-02 8.3133e-09
 3.525e+01 2.3337e-07 3.0110e-02 3.0110e-02 7.8676e-09
 3.536e+01 2.2084e-07 3.0110e-02 3.0110e-02 7.4458e-09
 3.547e+01 2.0899e-07 3.0110e-02 3.0110e-02 7.0466e-09
 3.559e+01 1.9778e-07 3.0110e-02 3.0110e-02 6.6687e-09
 3.570e+01 1.8717e-07 3.0110e-02 3.0110e-02 6.3111e-09
 3.581e+01 1.7713e-07 3.0110e-02 3.0110e-02 5.9727e-09
 3.593e+01 1.6762e-07 3.0110e-02 3.0110e-02 5.6524e-09
 3.604e+01 1.5863e-07 3.0110e-02 3.0110e-02 5.3492e-09
 3.615e+01 1.5012e-07 3.0110e-02 3.0110e-02 5.0623e-09
 3.627e+01 1.4206e-07 3.0110e-02 3.0110e-02 4.7908e-09
 3.638e+01 1.3444e-07 3.0110e-02 3.0110e-02 4.5338e-09
 3.649e+01 1.2722e-07 3.0110e-02 3.0110e-02 4.2906e-09
 3.661e+01 1.2040e-07 3.0110e-02 3.0110e-02 4.0604e-09
 3.672e+01 1.1394e-07 3.0110e-02 3.0110e-02 3.8426e-09
 3.683e+01 1.0782e-07 3.0110e-02 3.0110e-02 3.6364e-09
 3.695e+01 1.0204e-07 3.0110e-02 3.0110e-02 3.4413e-09
 3.706e+01 9.6563e-08 3.0110e-02 3.0110e-02 3.2566e-09
 3.717e+01 9.1381e-08 3.0110e-02 3.0110e-02 3.0819e-09
 3.729e+01 8.6477e-08 3.0110e-02 3.0110e-02 2.9165e-09
 3.740e+01 8.1837e-08 3.0110e-02 3.0110e-02 2.7599e-09
 3.751e+01 7.7445e-08 3.0110e-02 3.0110e-02 2.6118e-09
 3.763e+01 7.3289e-08 3.0110e-02 3.0110e-02 2.4716e-09
 3.774e+01 6.9355e-08 3.0110e-02 3.0110e-02 2.3389e-09
 3.785e+01 6.5633e-08 3.0110e-02 3.0110e-02 2.2133e-09
 3.797e+01 6.2110e-08 3.0110e-02 3.0110e-02 2.0945e-09
 3.808e+01 5.8777e-08 3.0110e-02 3.0110e-02 1.9820e-09
 3.819e+01 5.5622e-08 3.0110e-02 3.0110e-02 1.8756e-09
 3.831e+01 5.2636e-08 3.0110e-02 3.0110e-02 1.7748e-09
 3.842e+01 4.9811e-08 3.0110e-02 3.0110e-02 1.6795e-09
 3.853e+01 4.7137e-08 3.0110e-02 3.0110e-02 1.5893e-09
 3.865e+01 4.4607e-08 3.0110e-02 3.0110e-02 1.5039e-09
 3.876e+01 4.2212e-08 3.0110e-02 3.0110e-02 1.4231e-09
 3.887e+01 3.9946e-08 3.0110e-02 3.0110e-02 1.3467e-09
 3.899e+01 3.7801e-08 3.0110e-02 3.0110e-02 1.2743e-09
 3.910e+01 3.5772e-08 3.0110e-02 3.0110e-02 1.2058e-09
 3.921e+01 3.3851e-08 3.0110e-02 3.0110e-02 1.1410e-09
 3.933e+01 3.2033e-08 3.0110e-02 3.0110e-02 1.0797e-09
 3.944e+01 3.0313e-08 3.0110e-02 3.0110e-02 1.0216e-09
 3.955e+01 2.8685e-08 3.0110e-02 3.0110e-02 9.6671e-10
 3.967e+01 2.7145e-08 3.0110e-02 3.0110e-02 9.1473e-10
 3.978e+01 2.5687e-08 3.0110e-02 3.0110e-02 8.6554e-10
 3.989e+01 2.4307e-08 3.0110e-02 3.0110e-02 8.1900e-10
 4.001e+01 2.3001e-08 3.0110e-02 3.0110e-02 7.7495e-10
 4.012e+01 2.1766e-08 3.0110e-02 3.0110e-02 7.3326e-10
 4.023e+01 2.0596e-08 3.0110e-02 3.0110e-02 6.9381e-10
 4.035e+01 1.9490e-08 3.0110e-02 3.0110e-02 6.5649e-10
 4.046e+01 1.8443e-08 3.0110e-02 3.0110e-02 6.2116e-10
 4.057e+01 1.7452e-08 3.0110e-02 3.0110e-02 5.8773e-10
 4.069e+01 1.6514e-08 3.0110e-02 3.0110e-02 5.5610e-10
 4.080e+01 1.5626e-08 3.0110e-02 3.0110e-02 5.2616e-10
 4.091e+01 1.4787e-08 3.0110e-02 3.0110e-02 4.9784e-10
 4.103e+01 1.3992e-08 3.0110e-02 3.0110e-02 4.7103e-10
 4.114e+01 1.3240e-08 3.0110e-02 3.0110e-02 4.4567e-10
 4.125e+01 1.2528e-08 3.0110e-02 3.0110e-02 4.2166e-10
 4.137e+01 1.1854e-08 3.0110e-02 3.0110e-02 3.9895e-10
 4.148e+01 1.1217e-08 3.0110e-02 3.0110e-02 3.7746e-10
 4.159e+01 1.0614e-08 3.0110e-02 3.0110e-02 3.5712e-10
 4.171e+01 1.0043e-08 3.0110e-02 3.0110e-02 3.3788e-10
 4.182e+01 9.5030e-09 3.0110e-02 3.0110e-02 3.1967e-10
 4.193e+01 8.9919e-09 3.0110e-02 3.0110e-02 3.0244e-10
 4.205e+01 8.5082e-09 3.0110e-02 3.0110e-02 2.8613e-10
 4.216e+01 8.0505e-09 3.0110e-02 3.0110e-02 2.7070e-10
 4.227e+01 7.6173e-09 3.0110e-02 3.0110e-02 2.5610e-10
 4.239e+01 7.2075e-09 3.0110e-02 3.0110e-02 2.4229e-10
 4.250e+01 6.8196e-09 3.0110e-02 3.0110e-02 2.2922e-10
 4.261e+01 6.4526e-09 3.0110e-02 3.0110e-02 2.1685e-10
 4.273e+01 6.1053e-09 3.0110e-02 3.0110e-02 2.0515e-10
 4.284e+01 5.7766e-09 3.0110e-02 3.0110e-02 1.9408e-10
 4.295e+01 5.4656e-09 3.0110e-02 3.0110e-02 1.8360e-10
 4.307e+01 5.1713e-09 3.0110e-02 3.0110e-02 1.7369e-10
 4.318e+01 4.8929e-09 3.0110e-02 3.0110e-02 1.6431e-10
 4.329e+01 4.6294e-09 3.0110e-02 3.0110e-02 1.5544e-10
 4.341e+01 4.3800e-09 3.0110e-02 3.0110e-02 1.4704e-10
 4.352e+01 4.1441e-09 3.0110e-02 3.0110e-02 1.3909e-10
 4.363e+01 3.9208e-09 3.0110e-02 3.0110e-02 1.3158e-10
 4.375e+01 3.7095e-09 3.0110e-02 3.0110e-02 1.2447e-10
 4.386e+01 3.5096e-09 3.0110e-02 3.0110e-02 1.1774e-10
 4.397e+01 3.3205e-09 3.0110e-02 3.0110e-02 1.1137e-10
 4.409e+01 3.1415e-09 3.0110e-02 3.0110e-02 1.0535e-10
 4.420e+01 2.9721e-09 3.0110e-02 3.0110e-02 9.9650e-11
 4.431e+01 2.8119e-09 3.0110e-02 3.0110e-02 9.4259e-11
 4.443e+01 2.6602e-09 3.0110e-02 3.0110e-02 8.9158e-11
 4.454e+01 2.5168e-09 3.0110e-02 3.0110e-02 8.4332e-11
 4.465e+01 2.3810e-09 3.0110e-02 3.0110e-02 7.9767e-11
 4.477e+01 2.2526e-09 3.0110e-02 3.0110e-02 7.5447e-11
 4.488e+01 2.1310e-09 3.0110e-02 3.0110e-02 7.1361e-11
 4.499e+01 2.0160e-09 3.0110e-02 3.0110e-02 6.7495e-11
 4.511e+01 1.9072e-09 3.0110e-02 3.0110e-02 6.3838e-11
 4.522e+01 1.8042e-09 3.0110e-02 3.0110e-02 6.0378e-11
 4.533e+01 1.7068e-09 3.0110e-02 3.0110e-02 5.7105e-11
 4.545e+01 1.6147e-09 3.0110e-02 3.0110e-02 5.4009e-11
 4.556e+01 1.5274e-09 3.0110e-02 3.0110e-02 5.1080e-11
 4.567e+01 1.4449e-09 3.0110e-02 3.0110e-02 4.8309e-11
 4.579e+01 1.3669e-09 3.0110e-02 3.0110e-02 4.5687e-11
 4.590e+01 1.2930e-09 3.0110e-02 3.0110e-02 4.3208e-11
 4.601e+01 1.2231e-09 3.0110e-02 3.0110e-02 4.0862e-11
 4.613e+01 1.1570e-09 3.0110e-02 3.0110e-02 3.8643e-11
 4.624e+01 1.0945e-09 3.0110e-02 3.0110e-02 3.6544e-11
 4.635e+01 1.0353e-09 3.0110e-02 3.0110e-02 3.4559e-11
 4.647e+01 9.7927e-10 3.0110e-02 3.0110e-02 3.2681e-11
 4.658e+01 9.2630e-10 3.0110e-02 3.0110e-02 3.0904e-11
 4.669e+01 8.7618e-10 3.0110e-02 3.0110e-02 2.9224e-11
 4.681e+01 8.2876e-10 3.0110e-02 3.0110e-02 2.7634e-11
 4.692e+01 7.8390e-10 3.0110e-02 3.0110e-02 2.6131e-11
 4.703e+01 7.4146e-10 3.0110e-02 3.0110e-02 2.4709e-11
 4.715e+01 7.0131e-10 3.0110e-02 3.0110e-02 2.3364e-11
 4.726e+01 6.6333e-10 3.0110e-02 3.0110e-02 2.2092e-11
 4.737e+01 6.2739e-10 3.0110e-02 3.0110e-02 2.0889e-11
 4.749e+01 5.9340e-10 3.0110e-02 3.0110e-02 1.9751e-11
 4.760e+01 5.6124e-10 3.0110e-02 3.0110e-02 1.8674e-11
 4.771e+01 5.3081e-10 3.0110e-02 3.0110e-02 1.7656e-11
 4.783e+01 5.0203e-10 3.0110e-02 3.0110e-02 1.6693e-11
 4.794e+01 4.7481e-10 3.0110e-02 3.0110e-02 1.5783e-11
 4.805e+01 4.4905e-10 3.0110e-02 3.0110e-02 1.4922e-11
 4.817e+01 4.2469e-10 3.0110e-02 3.0110e-02 1.4107e-11
 4.828e+01 4.0164e-10 3.0110e-02 3.0110e-02 1.3337e-11
 4.839e+01 3.7984e-10 3.0110e-02 3.0110e-02 1.2609e-11
 4.851e+01 3.5921e-10 3.0110e-02 3.0110e-02 1.1920e-11
 4.862e+01 3.3971e-10 3.0110e-02 3.0110e-02 1.1268e-11
 4.873e+01 3.2125e-10 3.0110e-02 3.0110e-02 1.0652e-11
 4.885e+01 3.0380e-10 3.0110e-02 3.0110e-02 1.0070e-11
 4.896e+01 2.8729e-10 3.0110e-02 3.0110e-02 9.5189e-12
 4.907e+01 2.7167e-10 3.0110e-02 3.0110e-02 8.9980e-12
 4.919e+01 2.5690e-10 3.0110e-02 3.0110e-02 8.5054e-12
 4.930e+01 2.4292e-10 3.0110e-02 3.0110e-02 8.0397e-12
 4.941e+01 2.2971e-10 3.0110e-02 3.0110e-02 7.5992e-12
 4.953e+01 2.1721e-10 3.0110e-02 3.0110e-02 7.1828e-12
 4.964e+01 2.0538e-10 3.0110e-02 3.0110e-02 6.7890e-12
 4.975e+01 1.9420e-10 3.0110e-02 3.0110e-02 6.4167e-12
 4.987e+01 1.8362e-10 3.0110e-02 3.0110e-02 6.0647e-12
 4.998e+01 1.7362e-10 3.0110e-02 3.0110e-02 5.7318e-12
 5.009e+01 1.6416e-10 3.0110e-02 3.0110e-02 5.4171e-12
 5.021e+01 1.5521e-10 3.0110e-02 3.0110e-02 5.1196e-12
 5.032e+01 1.4675e-10 3.0110e-02 3.0110e-02 4.8383e-12
 5.043e+01 1.3875e-10 3.0110e-02 3.0110e-02 4.5724e-12
 5.055e+01 1.3118e-10 3.0110e-02 3.0110e-02 4.3210e-12
 5.066e+01 1.2402e-10 3.0110e-02 3.0110e-02 4.0833e-12
 5.077e+01 1.1725e-10 3.0110e-02 3.0110e-02 3.8586e-12
 5.089e+01 1.1084e-10 3.0110e-02 3.0110e-02 3.6462e-12
 5.100e+01 1.0479e-10 3.0110e-02 3.0110e-02 3.4453e-12
 5.111e+01 9.9065e-11 3.0110e-02 3.0110e-02 3.2555e-12
 5.123e+01 9.3650e-11 3.0110e-02 3.0110e-02 3.0761e-12
 5.134e+01 8.8530e-11 3.0110e-02 3.0110e-02 2.9065e-12
 5.145e+01 8.3688e-11 3.0110e-02 3.0110e-02 2.7461e-12
 5.157e+01 7.9110e-11 3.0110e-02 3.0110e-02 2.5946e-12
 5.168e+01 7.4781e-11 3.0110e-02 3.0110e-02 2.4513e-12
 5.179e+01 7.0687e-11 3.0110e-02 3.0110e-02 2.3159e-12
 5.191e+01 6.6816e-11 3.0110e-02 3.0110e-02 2.1879e-12
 5.202e+01 6.3156e-11 3.0110e-02 3.0110e-02 2.0670e-12
 5.213e+01 5.9695e-11 3.0110e-02 3.0110e-02 1.9527e-12
 5.225e+01 5.6422e-11 3.0110e-02 3.0110e-02 1.8446e-12
 5.236e+01 5.3328e-11 3.0110e-02 3.0110e-02 1.7425e-12
 5.247e+01 5.0403e-11 3.0110e-02 3.0110e-02 1.6460e-12
 5.259e+01 4.7637e-11 3.0110e-02 3.0110e-02 1.5548e-12
 5.270e+01 4.5022e-11 3.0110e-02 3.0110e-02 1.4686e-12
 5.281e+01 4.2550e-11 3.0110e-02 3.0110e-02 1.3872e-12
 5.293e+01 4.0212e-11 3.0110e-02 3.0110e-02 1.3102e-12
 5.304e+01 3.8003e-11 3.0110e-02 3.0110e-02 1.2375e-12
 5.315e+01 3.5913e-11 3.0110e-02 3.0110e-02 1.1687e-12
 5.327e+01 3.3938e-11 3.0110e-02 3.0110e-02 1.1038e-12
 5.338e+01 3.2071e-11 3.0110e-02 3.0110e-02 1.0424e-12
 5.349e+01 3.0306e-11 3.0110e-02 3.0110e-02 9.8446e-13
 5.361e+01 2.8638e-11 3.0110e-02 3.0110e-02 9.2968e-13
 5.372e+01 2.7060e-11 3.0110e-02 3.0110e-02 8.7792e-13
 5.383e+01 2.5569e-11 3.0110e-02 3.0110e-02 8.2902e-13
 5.395e+01 2.4160e-11 3.0110e-02 3.0110e-02 7.8282e-13
 5.406e+01 2.2828e-11 3.0110e-02 3.0110e-02 7.3918e-13
 5.417e+01 2.1569e-11 3.0110e-02 3.0110e-02 6.9794e-13
 5.429e+01 2.0378e-11 3.0110e-02 3.0110e-02 6.5899e-13
 5.440e+01 1.9253e-11 3.0110e-02 3.0110e-02 6.2219e-13
 5.451e+01 1.8190e-11 3.0110e-02 3.0110e-02 5.8743e-13
 5.463e+01 1.7185e-11 3.0110e-02 3.0110e-02 5.5459e-13
 5.474e+01 1.6235e-11 3.0110e-02 3.0110e-02 5.2358e-13
 5.485e+01 1.5337e-11 3.0110e-02 3.0110e-02 4.9428e-13
 5.497e+01 1.4489e-11 3.0110e-02 3.0110e-02 4.6661e-13
 5.508e+01 1.3687e-11 3.0110e-02 3.0110e-02 4.4047e-13
 5.519e+01 1.2929e-11 3.0110e-02 3.0110e-02 4.1578e-13
 5.531e+01 1.2213e-11 3.0110e-02 3.0110e-02 3.9247e-13
 5.542e+01 1.1536e-11 3.0110e-02 3.0110e-02 3.7045e-13
 5.553e+01 1.0896e-11 3.0110e-02 3.0110e-02 3.4965e-13
 5.565e+01 1.0292e-11 3.0110e-02 3.0110e-02 3.3001e-13
 5.576e+01 9.7210e-12 3.0110e-02 3.0110e-02 3.1146e-13
 5.587e+01 9.1813e-12 3.0110e-02 3.0110e-02 2.9395e-13
 5.599e+01 8.6714e-12 3.0110e-02 3.0110e-02 2.7741e-13
 5.610e+01 8.1896e-12 3.0110e-02 3.0110e-02 2.6179e-13
 5.621e+01 7.7343e-12 3.0110e-02 3.0110e-02 2.4705e-13
 5.633e+01 7.3042e-12 3.0110e-02 3.0110e-02 2.3312e-13
 5.644e+01 6.8978e-12 3.0110e-02 3.0110e-02 2.1998e-13
 5.655e+01 6.5138e-12 3.0110e-02 3.0110e-02 2.0757e-13
 5.667e+01 6.1511e-12 3.0110e-02 3.0110e-02 1.9585e-13
 5.678e+01 5.8083e-12 3.0110e-02 3.0110e-02 1.8478e-13
 5.689e+01 5.4846e-12 3.0110e-02 3.0110e-02 1.7434e-13
 5.701e+01 5.1787e-12 3.0110e-02 3.0110e-02 1.6448e-13
 5.712e+01 4.8897e-12 3.0110e-02 3.0110e-02 1.5517e-13
 5.723e+01 4.6168e-12 3.0110e-02 3.0110e-02 1.4639e-13
 5.735e+01 4.3589e-12 3.0110e-02 3.0110e-02 1.3809e-13
 5.746e+01 4.1153e-12 3.0110e-02 3.0110e-02 1.3026e-13
 5.757e+01 3.8853e-12 3.0110e-02 3.0110e-02 1.2287e-13
 5.769e+01 3.6680e-12 3.0110e-02 3.0110e-02 1.1590e-13
 5.780e+01 3.4627e-12 3.0110e-02 3.0110e-02 1.0932e-13
 5.791e+01 3.2688e-12 3.0110e-02 3.0110e-02 1.0310e-13
 5.803e+01 3.0857e-12 3.0110e-02 3.0110e-02 9.7241e-14
 5.814e+01 2.9128e-12 3.0110e-02 3.0110e-02 9.1708e-14
 5.825e+01 2.7494e-12 3.0110e-02 3.0110e-02 8.6487e-14
 5.837e+01 2.5952e-12 3.0110e-02 3.0110e-02 8.1559e-14
 5.848e+01 2.4495e-12 3.0110e-02 3.0110e-02 7.6910e-14
 5.859e+01 2.3120e-12 3.0110e-02 3.0110e-02 7.2523e-14
 5.871e+01 2.1821e-12 3.0110e-02 3.0110e-02 6.8383e-14
 5.882e+01 2.0594e-12 3.0110e-02 3.0110e-02 6.4477e-14
 5.893e+01 1.9435e-12 3.0110e-02 3.0110e-02 6.0792e-14
 5.905e+01 1.8342e-12 3.0110e-02 3.0110e-02 5.7315e-14
 5.916e+01 1.7309e-12 3.0110e-02 3.0110e-02 5.4035e-14
 5.927e+01 1.6334e-12 3.0110e-02 3.0110e-02 5.0941e-14
 5.939e+01 1.5413e-12 3.0110e-02 3.0110e-02 4.8022e-14
 5.950e+01 1.4544e-12 3.0110e-02 3.0110e-02 4.5269e-14
 5.961e+01 1.3723e-12 3.0110e-02 3.0110e-02 4.2671e-14
 5.973e+01 1.2948e-12 3.0110e-02 3.0110e-02 4.0221e-14
 5.984e+01 1.2217e-12 3.0110e-02 3.0110e-02 3.7911e-14
 5.995e+01 1.1526e-12 3.0110e-02 3.0110e-02 3.5731e-14
 6.007e+01 1.0875e-12 3.0110e-02 3.0110e-02 3.3676e-14
 6.018e+01 1.0259e-12 3.0110e-02 3.0110e-02 3.1737e-14
 6.029e+01 9.6784e-13 3.0110e-02 3.0110e-02 2.9909e-14
 6.041e+01 9.1302e-13 3.0110e-02 3.0110e-02 2.8185e-14
 6.052e+01 8.6127e-13 3.0110e-02 3.0110e-02 2.6559e-14
 6.063e+01 8.1242e-13 3.0110e-02 3.0110e-02 2.5026e-14
 6.075e+01 7.6633e-13 3.0110e-02 3.0110e-02 2.3580e-14
 6.086e+01 7.2282e-13 3.0110e-02 3.0110e-02 2.2217e-14
 6.097e+01 6.8176e-13 3.0110e-02 3.0110e-02 2.0932e-14
 6.109e+01 6.4301e-13 3.0110e-02 3.0110e-02 1.9721e-14
 6.120e+01 6.0644e-13 3.0110e-02 3.0110e-02 1.8578e-14
 6.131e+01 5.7193e-13 3.0110e-02 3.0110e-02 1.7501e-14
 6.143e+01 5.3936e-13 3.0110e-02 3.0110e-02 1.6486e-14
 6.154e+01 5.0863e-13 3.0110e-02 3.0110e-02 1.5529e-14
 6.165e+01 4.7964e-13 3.0110e-02 3.0110e-02 1.4627e-14
 6.177e+01 4.5228e-13 3.0110e-02 3.0110e-02 1.3777e-14
 6.188e+01 4.2647e-13 3.0110e-02 3.0110e-02 1.2976e-14
 6.199e+01 4.0211e-13 3.0110e-02 3.0110e-02 1.2221e-14
 6.211e+01 3.7914e-13 3.0110e-02 3.0110e-02 1.1509e-14
 6.222e+01 3.5746e-13 3.0110e-02 3.0110e-02 1.0838e-14
 6.233e+01 3.3701e-13 3.0110e-02 3.0110e-02 1.0206e-14
 6.245e+01 3.1772e-13 3.0110e-02 3.0110e-02 9.6101e-15
 6.256e+01 2.9952e-13 3.0110e-02 3.0110e-02 9.0487e-15
 6.267e+01 2.8235e-13 3.0110e-02 3.0110e-02 8.5198e-15
 6.279e+01 2.6616e-13 3.0110e-02 3.0110e-02 8.0214e-15
 6.290e+01 2.5089e-13 3.0110e-02 3.0110e-02 7.5518e-15
 6.301e+01 2.3648e-13 3.0110e-02 3.0110e-02 7.1094e-15
 6.313e+01 2.2290e-13 3.0110e-02 3.0110e-02 6.6927e-15
 6.324e+01 2.1008e-13 3.0110e-02 3.0110e-02 6.3000e-15
 6.335e+01 1.9800e-13 3.0110e-02 3.0110e-02 5.9301e-15
 6.347e+01 1.8660e-13 3.0110e-02 3.0110e-02 5.5817e-15
 6.358e+01 1.7585e-13 3.0110e-02 3.0110e-02 5.2536e-15
 6.369e+01 1.6572e-13 3.0110e-02 3.0110e-02 4.9444e-15
 6.381e+01 1.5616e-13 3.0110e-02 3.0110e-02 4.6533e-15
 6.392e+01 1.4715e-13 3.0110e-02 3.0110e-02 4.3791e-15
 6.403e+01 1.3866e-13 3.0110e-02 3.0110e-02 4.1209e-15
 6.415e+01 1.3065e-13 3.0110e-02 3.0110e-02 3.8777e-15
 6.426e+01 1.2309e-13 3.0110e-02 3.0110e-02 3.6487e-15
 6.437e+01 1.1597e-13 3.0110e-02 3.0110e-02 3.4331e-15
 6.449e+01 1.0926e-13 3.0110e-02 3.0110e-02 3.2300e-15
 6.460e+01 1.0293e-13 3.0110e-02 3.0110e-02 3.0388e-15
 6.471e+01 9.6964e-14 3.0110e-02 3.0110e-02 2.8588e-15
 6.483e+01 9.1340e-14 3.0110e-02 3.0110e-02 2.6894e-15
 6.494e+01 8.6040e-14 3.0110e-02 3.0110e-02 2.5298e-15
 6.505e+01 8.1043e-14 3.0110e-02 3.0110e-02 2.3797e-15
 6.517e+01 7.6334e-14 3.0110e-02 3.0110e-02 2.2383e-15
 6.528e+01 7.1895e-14 3.0110e-02 3.0110e-02 2.1052e-15
 6.539e+01 6.7712e-14 3.0110e-02 3.0110e-02 1.9800e-15
 6.551e+01 6.3770e-14 3.0110e-02 3.0110e-02 1.8621e-15
 6.562e+01 6.0054e-14 3.0110e-02 3.0110e-02 1.7511e-15
 6.573e+01 5.6553e-14 3.0110e-02 3.0110e-02 1.6467e-15
 6.585e+01 5.3254e-14 3.0110e-02 3.0110e-02 1.5484e-15
 6.596e+01 5.0146e-14 3.0110e-02 3.0110e-02 1.4559e-15
 6.607e+01 4.7216e-14 3.0110e-02 3.0110e-02 1.3689e-15
 6.619e+01 4.4457e-14 3.0110e-02 3.0110e-02 1.2870e-15
 6.630e+01 4.1856e-14 3.0110e-02 3.0110e-02 1.2100e-15
 6.641e+01 3.9406e-14 3.0110e-02 3.0110e-02 1.1375e-15
 6.653e+01 3.7099e-14 3.0110e-02 3.0110e-02 1.0693e-15
 6.664e+01 3.4924e-14 3.0110e-02 3.0110e-02 1.0051e-15
 6.675e+01 3.2876e-14 3.0110e-02 3.0110e-02 9.4479e-16
 6.687e+01 3.0947e-14 3.0110e-02 3.0110e-02 8.8801e-16
 6.698e+01 2.9130e-14 3.0110e-02 3.0110e-02 8.3461e-16
 6.709e+01 2.7418e-14 3.0110e-02 3.0110e-02 7.8438e-16
 6.721e+01 2.5806e-14 3.0110e-02 3.0110e-02 7.3714e-16
 6.732e+01 2.4287e-14 3.0110e-02 3.0110e-02 6.9271e-16
 6.743e+01 2.2857e-14 3.0110e-02 3.0110e-02 6.5092e-16
 6.755e+01 2.1510e-14 3.0110e-02 3.0110e-02 6.1163e-16
 6.766e+01 2.0242e-14 3.0110e-02 3.0110e-02 5.7468e-16
 6.777e+01 1.9048e-14 3.0110e-02 3.0110e-02 5.3993e-16
 6.789e+01 1.7923e-14 3.0110e-02 3.0110e-02 5.0726e-16
 6.800e+01 1.6864e-14 3.0110e-02 3.0110e-02 4.7654e-16
 6.811e+01 1.5867e-14 3.0110e-02 3.0110e-02 4.4767e-16
 6.823e+01 1.4929e-14 3.0110e-02 3.0110e-02 4.2052e-16
 6.834e+01 1.4045e-14 3.0110e-02 3.0110e-02 3.9499e-16
 6.845e+01 1.3213e-14 3.0110e-02 3.0110e-02 3.7100e-16
 6.857e+01 1.2430e-14 3.0110e-02 3.0110e-02 3.4845e-16
 6.868e+01 1.1692e-14 3.0110e-02 3.0110e-02 3.2725e-16
 6.879e+01 1.0998e-14 3.0110e-02 3.0110e-02 3.0733e-16
 6.891e+01 1.0345e-14 3.0110e-02 3.0110e-02 2.8860e-16
 6.902e+01 9.7299e-15 3.0110e-02 3.0110e-02 2.7100e-16
 6.913e+01 9.1511e-15 3.0110e-02 3.0110e-02 2.5446e-16
 6.925e+01 8.6064e-15 3.0110e-02 3.0110e-02 2.3892e-16
 6.936e+01 8.0938e-15 3.0110e-02 3.0110e-02 2.2432e-16
 6.947e+01 7.6113e-15 3.0110e-02 3.0110e-02 2.1060e-16
 6.959e+01 7.1573e-15 3.0110e-02 3.0110e-02 1.9771e-16
 6.970e+01 6.7301e-15 3.0110e-02 3.0110e-02 1.8560e-16
 6.981e+01 6.3281e-15 3.0110e-02 3.0110e-02 1.7422e-16
 6.993e+01 5.9499e-15 3.0110e-02 3.0110e-02 1.6353e-16
 7.004e+01 5.5940e-15 3.0110e-02 3.0110e-02 1.5349e-16
 7.015e+01 5.2592e-15 3.0110e-02 3.0110e-02 1.4406e-16
 7.027e+01 4.9442e-15 3.0110e-02 3.0110e-02 1.3520e-16
 7.038e+01 4.6479e-15 3.0110e-02 3.0110e-02 1.2688e-16
 7.049e+01 4.3691e-15 3.0110e-02 3.0110e-02 1.1906e-16
 7.061e+01 4.1069e-15 3.0110e-02 3.0110e-02 1.1172e-16
 7.072e+01 3.8603e-15 3.0110e-02 3.0110e-02 1.0483e-16
 7.083e+01 3.6283e-15 3.0110e-02 3.0110e-02 9.8357e-17
 7.095e+01 3.4100e-15 3.0110e-02 3.0110e-02 9.2280e-17
 7.106e+01 3.2048e-15 3.0110e-02 3.0110e-02 8.6574e-17
 7.117e+01 3.0118e-15 3.0110e-02 3.0110e-02 8.1217e-17
 7.129e+01 2.8303e-15 3.0110e-02 3.0110e-02 7.6187e-17
 7.140e+01 2.6596e-15 3.0110e-02 3.0110e-02 7.1466e-17
 7.151e+01 2.4991e-15 3.0110e-02 3.0110e-02 6.7033e-17
 7.163e+01 2.3482e-15 3.0110e-02 3.0110e-02 6.2872e-17
 7.174e+01 2.2063e-15 3.0110e-02 3.0110e-02 5.8967e-17
 7.185e+01 2.0728e-15 3.0110e-02 3.0110e-02 5.5301e-17
 7.197e+01 1.9474e-15 3.0110e-02 3.0110e-02 5.1860e-17
 7.208e+01 1.8295e-15 3.0110e-02 3.0110e-02 4.8631e-17
 7.219e+01 1.7186e-15 3.0110e-02 3.0110e-02 4.5601e-17
 7.231e+01 1.6144e-15 3.0110e-02 3.0110e-02 4.2758e-17
 7.242e+01 1.5164e-15 3.0110e-02 3.0110e-02 4.0089e-17
 7.253e+01 1.4243e-15 3.0110e-02 3.0110e-02 3.7585e-17
 7.265e+01 1.3378e-15 3.0110e-02 3.0110e-02 3.5236e-17
 7.276e+01 1.2564e-15 3.0110e-02 3.0110e-02 3.3032e-17
 7.287e+01 1.1800e-15 3.0110e-02 3.0110e-02 3.0965e-17
 7.299e+01 1.1081e-15 3.0110e-02 3.0110e-02 2.9025e-17
 7.310e+01 1.0406e-15 3.0110e-02 3.0110e-02 2.7205e-17
 7.321e+01 9.7712e-16 3.0110e-02 3.0110e-02 2.5498e-17
 7.333e+01 9.1750e-16 3.0110e-02 3.0110e-02 2.3897e-17
 7.344e+01 8.6147e-16 3.0110e-02 3.0110e-02 2.2396e-17
 7.355e+01 8.0883e-16 3.0110e-02 3.0110e-02 2.0987e-17
 7.367e+01 7.5937e-16 3.0110e-02 3.0110e-02 1.9667e-17
 7.378e+01 7.1291e-16 3.0110e-02 3.0110e-02 1.8428e-17
 7.389e+01 6.6925e-16 3.0110e-02 3.0110e-02 1.7267e-17
 7.401e+01 6.2825e-16 3.0110e-02 3.0110e-02 1.6178e-17
 7.412e+01 5.8972e-16 3.0110e-02 3.0110e-02 1.5156e-17
 7.423e+01 5.5354e-16 3.0110e-02 3.0110e-02 1.4199e-17
 7.435e+01 5.1955e-16 3.0110e-02 3.0110e-02 1.3301e-17
 7.446e+01 4.8763e-16 3.0110e-02 3.0110e-02 1.2460e-17
 7.457e+01 4.5765e-16 3.0110e-02 3.0110e-02 1.1671e-17
 7.469e+01 4.2949e-16 3.0110e-02 3.0110e-02 1.0932e-17
 7.480e+01 4.0305e-16 3.0110e-02 3.0110e-02 1.0238e-17
 7.491e+01 3.7821e-16 3.0110e-02 3.0110e-02 9.5888e-18
 7.503e+01 3.5489e-16 3.0110e-02 3.0110e-02 8.9799e-18
 7.514e+01 3.3300e-16 3.0110e-02 3.0110e-02 8.4093e-18
 7.525e+01 3.1244e-16 3.0110e-02 3.0110e-02 7.8745e-18
 7.537e+01 2.9314e-16 3.0110e-02 3.0110e-02 7.3733e-18
 7.548e+01 2.7502e-16 3.0110e-02 3.0110e-02 6.9037e-18
 7.559e+01 2.5800e-16 3.0110e-02 3.0110e-02 6.4637e-18
 7.571e+01 2.4203e-16 3.0110e-02 3.0110e-02 6.0515e-18
 7.582e+01 2.2704e-16 3.0110e-02 3.0110e-02 5.6652e-18
 7.593e+01 2.1296e-16 3.0110e-02 3.0110e-02 5.3033e-18
 7.605e+01 1.9975e-16 3.0110e-02 3.0110e-02 4.9643e-18
 7.616e+01 1.8735e-16 3.0110e-02 3.0110e-02 4.6468e-18
 7.627e+01 1.7571e-16 3.0110e-02 3.0110e-02 4.3493e-18
 7.639e+01 1.6479e-16 3.0110e-02 3.0110e-02 4.0707e-18
 7.650e+01 1.5454e-16 3.0110e-02 3.0110e-02 3.8097e-18
 7.661e+01 1.4492e-16 3.0110e-02 3.0110e-02 3.5653e-18
 7.673e+01 1.3590e-16 3.0110e-02 3.0110e-02 3.3364e-18
 7.684e+01 1.2743e-16 3.0110e-02 3.0110e-02 3.1221e-18
 7.695e+01 1.1948e-16 3.0110e-02 3.0110e-02 2.9213e-18
 7.707e+01 1.1202e-16 3.0110e-02 3.0110e-02 2.7334e-18
 7.718e+01 1.0503e-16 3.0110e-02 3.0110e-02 2.5574e-18
 7.729e+01 9.8464e-17 3.0110e-02 3.0110e-02 2.3926e-18
 7.741e+01 9.2306e-17 3.0110e-02 3.0110e-02 2.2384e-18
 7.752e+01 8.6530e-17 3.0110e-02 3.0110e-02 2.0939e-18
 7.763e+01 8.1112e-17 3.0110e-02 3.0110e-02 1.9587e-18
 7.775e+01 7.6029e-17 3.0110e-02 3.0110e-02 1.8322e-18
 7.786e+01 7.1262e-17 3.0110e-02 3.0110e-02 1.7137e-18
 7.797e+01 6.6791e-17 3.0110e-02 3.0110e-02 1.6028e-18
 7.809e+01 6.2598e-17 3.0110e-02 3.0110e-02 1.4990e-18
 7.820e+01 5.8665e-17 3.0110e-02 3.0110e-02 1.4019e-18
 7.831e+01 5.4977e-17 3.0110e-02 3.0110e-02 1.3110e-18
 7.843e+01 5.1518e-17 3.0110e-02 3.0110e-02 1.2259e-18
 7.854e+01 4.8275e-17 3.0110e-02 3.0110e-02 1.1463e-18
 7.865e+01 4.5234e-17 3.0110e-02 3.0110e-02 1.0719e-18
 7.877e+01 4.2383e-17 3.0110e-02 3.0110e-02 1.0022e-18
 7.888e+01 3.9710e-17 3.0110e-02 3.0110e-02 9.3696e-19
 7.899e+01 3.7204e-17 3.0110e-02 3.0110e-02 8.7596e-19
 7.911e+01 3.4854e-17 3.0110e-02 3.0110e-02 8.1889e-19
 7.922e+01 3.2652e-17 3.0110e-02 3.0110e-02 7.6550e-19
 7.933e+01 3.0587e-17 3.0110e-02 3.0110e-02 7.1555e-19
 7.945e+01 2.8651e-17 3.0110e-02 3.0110e-02 6.6884e-19
 7.956e+01 2.6837e-17 3.0110e-02 3.0110e-02 6.2514e-19
 7.967e+01 2.5137e-17 3.0110e-02 3.0110e-02 5.8428e-19
 7.979e+01 2.3543e-17 3.0110e-02 3.0110e-02 5.4606e-19
 7.990e+01 2.2050e-17 3.0110e-02 3.0110e-02 5.1031e-19
 8.001e+01 2.0650e-17 3.0110e-02 3.0110e-02 4.7688e-19
 8.013e+01 1.9338e-17 3.0110e-02 3.0110e-02 4.4562e-19
 8.024e+01 1.8109e-17 3.0110e-02 3.0110e-02 4.1640e-19
 8.035e+01 1.6957e-17 3.0110e-02 3.0110e-02 3.8907e-19
 8.047e+01 1.5878e-17 3.0110e-02 3.0110e-02 3.6351e-19
 8.058e+01 1.4867e-17 3.0110e-02 3.0110e-02 3.3962e-19
 8.069e+01 1.3920e-17 3.0110e-02 3.0110e-02 3.1729e-19
 8.081e+01 1.3032e-17 3.0110e-02 3.0110e-02 2.9641e-19
 8.092e+01 1.2201e-17 3.0110e-02 3.0110e-02 2.7689e-19
 8.103e+01 1.1422e-17 3.0110e-02 3.0110e-02 2.5865e-19
 8.115e+01 1.0692e-17 3.0110e-02 3.0110e-02 2.4160e-19
 8.126e+01 1.0009e-17 3.0110e-02 3.0110e-02 2.2566e-19
 8.137e+01 9.3684e-18 3.0110e-02 3.0110e-02 2.1076e-19
 8.149e+01 8.7688e-18 3.0110e-02 3.0110e-02 1.9684e-19
 8.160e+01 8.2073e-18 3.0110e-02 3.0110e-02 1.8383e-19
 8.171e+01 7.6814e-18 3.0110e-02 3.0110e-02 1.7167e-19
 8.183e+01 7.1888e-18 3.0110e-02 3.0110e-02 1.6031e-19
 8.194e+01 6.7276e-18 3.0110e-02 3.0110e-02 1.4969e-19
 8.205e+01 6.2957e-18 3.0110e-02 3.0110e-02 1.3977e-19
 8.217e+01 5.8913e-18 3.0110e-02 3.0110e-02 1.3050e-19
 8.228e+01 5.5126e-18 3.0110e-02 3.0110e-02 1.2185e-19
 8.239e+01 5.1581e-18 3.0110e-02 3.0110e-02 1.1376e-19
 8.251e+01 4.8262e-18 3.0110e-02 3.0110e-02 1.0620e-19
 8.262e+01 4.5154e-18 3.0110e-02 3.0110e-02 9.9142e-20
 8.273e+01 4.2245e-18 3.0110e-02 3.0110e-02 9.2548e-20
 8.285e+01 3.9521e-18 3.0110e-02 3.0110e-02 8.6389e-20
 8.296e+01 3.6972e-18 3.0110e-02 3.0110e-02 8.0637e-20
 8.307e+01 3.4585e-18 3.0110e-02 3.0110e-02 7.5264e-20
 8.319e+01 3.2352e-18 3.0110e-02 3.0110e-02 7.0247e-20
 8.330e+01 3.0261e-18 3.0110e-02 3.0110e-02 6.5561e-20
 8.341e+01 2.8304e-18 3.0110e-02 3.0110e-02 6.1185e-20
 8.353e+01 2.6473e-18 3.0110e-02 3.0110e-02 5.7099e-20
 8.364e+01 2.4759e-18 3.0110e-02 3.0110e-02 5.3283e-20
 8.375e+01 2.3156e-18 3.0110e-02 3.0110e-02 4.9721e-20
 8.387e+01 2.1655e-18 3.0110e-02 3.0110e-02 4.6394e-20
 8.398e+01 2.0251e-18 3.0110e-02 3.0110e-02 4.3289e-20
 8.409e+01 1.8937e-18 3.0110e-02 3.0110e-02 4.0390e-20
 8.421e+01 1.7707e-18 3.0110e-02 3.0110e-02 3.7683e-20
 8.432e+01 1.6557e-18 3.0110e-02 3.0110e-02 3.5156e-20
 8.443e+01 1.5481e-18 3.0110e-02 3.0110e-02 3.2798e-20
 8.455e+01 1.4474e-18 3.0110e-02 3.0110e-02 3.0596e-20
 8.466e+01 1.3532e-18 3.0110e-02 3.0110e-02 2.8541e-20
 8.477e+01 1.2651e-18 3.0110e-02 3.0110e-02 2.6623e-20
 8.489e+01 1.1827e-18 3.0110e-02 3.0110e-02 2.4833e-20
 8.500e+01 1.1056e-18 3.0110e-02 3.0110e-02 2.3162e-20
 8.511e+01 1.0335e-18 3.0110e-02 3.0110e-02 2.1603e-20
 8.523e+01 9.6604e-19 3.0110e-02 3.0110e-02 2.0148e-20
 8.534e+01 9.0296e-19 3.0110e-02 3.0110e-02 1.8790e-20
 8.545e+01 8.4397e-19 3.0110e-02 3.0110e-02 1.7524e-20
 8.557e+01 7.8881e-19 3.0110e-02 3.0110e-02 1.6342e-20
 8.568e+01 7.3722e-19 3.0110e-02 3.0110e-02 1.5239e-20
 8.579e+01 6.8898e-19 3.0110e-02 3.0110e-02 1.4210e-20
 8.591e+01 6.4387e-19 3.0110e-02 3.0110e-02 1.3250e-20
 8.602e+01 6.0169e-19 3.0110e-02 3.0110e-02 1.2354e-20
 8.613e+01 5.6225e-19 3.0110e-02 3.0110e-02 1.1518e-20
 8.625e+01 5.2538e-19 3.0110e-02 3.0110e-02 1.0739e-20
 8.636e+01 4.9091e-19 3.0110e-02 3.0110e-02 1.0012e-20
 8.647e+01 4.5868e-19 3.0110e-02 3.0110e-02 9.3337e-21
 8.659e+01 4.2855e-19 3.0110e-02 3.0110e-02 8.7011e-21
 8.670e+01 4.0039e-19 3.0110e-02 3.0110e-02 8.1112e-21
 8.681e+01 3.7406e-19 3.0110e-02 3.0110e-02 7.5609e-21
 8.693e+01 3.4945e-19 3.0110e-02 3.0110e-02 7.0477e-21
 8.704e+01 3.2645e-19 3.0110e-02 3.0110e-02 6.5691e-21
 8.715e+01 3.0495e-19 3.0110e-02 3.0110e-02 6.1228e-21
 8.727e+01 2.8486e-19 3.0110e-02 3.0110e-02 5.7067e-21
 8.738e+01 2.6608e-19 3.0110e-02 3.0110e-02 5.3186e-21
 8.749e+01 2.4853e-19 3.0110e-02 3.0110e-02 4.9567e-21
 8.761e+01 2.3213e-19 3.0110e-02 3.0110e-02 4.6193e-21
 8.772e+01 2.1680e-19 3.0110e-02 3.0110e-02 4.3047e-21
 8.783e+01 2.0248e-19 3.0110e-02 3.0110e-02 4.0114e-21
 8.795e+01 1.8910e-19 3.0110e-02 3.0110e-02 3.7380e-21
 8.806e+01 1.7659e-19 3.0110e-02 3.0110e-02 3.4831e-21
 8.817e+01 1.6491e-19 3.0110e-02 3.0110e-02 3.2454e-21
 8.829e+01 1.5399e-19 3.0110e-02 3.0110e-02 3.0239e-21
 8.840e+01 1.4379e-19 3.0110e-02 3.0110e-02 2.8174e-21
 8.851e+01 1.3426e-19 3.0110e-02 3.0110e-02 2.6249e-21
 8.863e+01 1.2536e-19 3.0110e-02 3.0110e-02 2.4455e-21
 8.874e+01 1.1705e-19 3.0110e-02 3.0110e-02 2.2783e-21
 8.885e+01 1.0928e-19 3.0110e-02 3.0110e-02 2.1224e-21
 8.897e+01 1.0203e-19 3.0110e-02 3.0110e-02 1.9771e-21
 8.908e+01 9.5250e-20 3.0110e-02 3.0110e-02 1.8418e-21
 8.919e+01 8.8920e-20 3.0110e-02 3.0110e-02 1.7156e-21
 8.931e+01 8.3008e-20 3.0110e-02 3.0110e-02 1.5980e-21
 8.942e+01 7.7486e-20 3.0110e-02 3.0110e-02 1.4885e-21
 8.953e+01 7.2329e-20 3.0110e-02 3.0110e-02 1.3864e-21
 8.965e+01 6.7513e-20 3.0110e-02 3.0110e-02 1.2912e-21
 8.976e+01 6.3016e-20 3.0110e-02 3.0110e-02 1.2026e-21
 8.987e+01 5.8816e-20 3.0110e-02 3.0110e-02 1.1200e-21
 8.999e+01 5.4895e-20 3.0110e-02 3.0110e-02 1.0431e-21
 9.010e+01 5.1233e-20 3.0110e-02 3.0110e-02 9.7138e-22
 9.021e+01 4.7814e-20 3.0110e-02 3.0110e-02 9.0459e-22
 9.033e+01 4.4621e-20 3.0110e-02 3.0110e-02 8.4237e-22
 9.044e+01 4.1641e-20 3.0110e-02 3.0110e-02 7.8441e-22
 9.055e+01 3.8858e-20 3.0110e-02 3.0110e-02 7.3041e-22
 9.067e+01 3.6260e-20 3.0110e-02 3.0110e-02 6.8011e-22
 9.078e+01 3.3834e-20 3.0110e-02 3.0110e-02 6.3326e-22
 9.089e+01 3.1570e-20 3.0110e-02 3.0110e-02 5.8961e-22
 9.101e+01 2.9456e-20 3.0110e-02 3.0110e-02 5.4896e-22
 9.112e+01 2.7483e-20 3.0110e-02 3.0110e-02 5.1110e-22
 9.123e+01 2.5642e-20 3.0110e-02 3.0110e-02 4.7584e-22
 9.135e+01 2.3923e-20 3.0110e-02 3.0110e-02 4.4299e-22
 9.146e+01 2.2318e-20 3.0110e-02 3.0110e-02 4.1241e-22
 9.157e+01 2.0821e-20 3.0110e-02 3.0110e-02 3.8392e-22
 9.169e+01 1.9423e-20 3.0110e-02 3.0110e-02 3.5739e-22
 9.180e+01 1.8119e-20 3.0110e-02 3.0110e-02 3.3269e-22
 9.191e+01 1.6902e-20 3.0110e-02 3.0110e-02 3.0969e-22
 9.203e+01 1.5766e-20 3.0110e-02 3.0110e-02 2.8827e-22
 9.214e+01 1.4705e-20 3.0110e-02 3.0110e-02 2.6832e-22
 9.225e+01 1.3716e-20 3.0110e-02 3.0110e-02 2.4975e-22
 9.237e+01 1.2793e-20 3.0110e-02 3.0110e-02 2.3246e-22
 9.248e+01 1.1932e-20 3.0110e-02 3.0110e-02 2.1635e-22
 9.259e+01 1.1128e-20 3.0110e-02 3.0110e-02 2.0136e-22
 9.271e+01 1.0378e-20 3.0110e-02 3.0110e-02 1.8741e-22
 9.282e+01 9.6788e-21 3.0110e-02 3.0110e-02 1.7441e-22
 9.293e+01 9.0261e-21 3.0110e-02 3.0110e-02 1.6232e-22
 9.305e+01 8.4172e-21 3.0110e-02 3.0110e-02 1.5106e-22
 9.316e+01 7.8491e-21 3.0110e-02 3.0110e-02 1.4057e-22
 9.327e+01 7.3191e-21 3.0110e-02 3.0110e-02 1.3082e-22
 9.339e+01 6.8248e-21 3.0110e-02 3.0110e-02 1.2173e-22
 9.350e+01 6.3636e-21 3.0110e-02 3.0110e-02 1.1328e-22
 9.361e+01 5.9335e-21 3.0110e-02 3.0110e-02 1.0540e-22
 9.373e+01 5.5322e-21 3.0110e-02 3.0110e-02 9.8079e-23
 9.384e+01 5.1580e-21 3.0110e-02 3.0110e-02 9.1260e-23
 9.395e+01 4.8089e-21 3.0110e-02 3.0110e-02 8.4913e-23
 9.407e+01 4.4833e-21 3.0110e-02 3.0110e-02 7.9006e-23
 9.418e+01 4.1797e-21 3.0110e-02 3.0110e-02 7.3508e-23
 9.429e+01 3.8965e-21 3.0110e-02 3.0110e-02 6.8392e-23
 9.441e+01 3.6324e-21 3.0110e-02 3.0110e-02 6.3630e-23
 9.452e+01 3.3861e-21 3.0110e-02 3.0110e-02 5.9198e-23
 9.463e+01 3.1564e-21 3.0110e-02 3.0110e-02 5.5074e-23
 9.475e+01 2.9422e-21 3.0110e-02 3.0110e-02 5.1237e-23
 9.486e+01 2.7425e-21 3.0110e-02 3.0110e-02 4.7665e-23
 9.497e+01 2.5563e-21 3.0110e-02 3.0110e-02 4.4342e-23
 9.509e+01 2.3826e-21 3.0110e-02 3.0110e-02 4.1250e-23
 9.520e+01 2.2207e-21 3.0110e-02 3.0110e-02 3.8372e-23
 9.531e+01 2.0698e-21 3.0110e-02 3.0110e-02 3.5695e-23
 9.543e+01 1.9290e-21 3.0110e-02 3.0110e-02 3.3204e-23
 9.554e+01 1.7978e-21 3.0110e-02 3.0110e-02 3.0886e-23
 9.565e+01 1.6755e-21 3.0110e-02 3.0110e-02 2.8729e-23
 9.577e+01 1.5614e-21 3.0110e-02 3.0110e-02 2.6722e-23
 9.588e+01 1.4551e-21 3.0110e-02 3.0110e-02 2.4856e-23
 9.599e+01 1.3560e-21 3.0110e-02 3.0110e-02 2.3119e-23
 9.611e+01 1.2636e-21 3.0110e-02 3.0110e-02 2.1503e-23
 9.622e+01 1.1774e-21 3.0110e-02 3.0110e-02 2.0000e-23
 9.633e+01 1.0971e-21 3.0110e-02 3.0110e-02 1.8601e-23
 9.645e+01 1.0223e-21 3.0110e-02 3.0110e-02 1.7300e-23
 9.656e+01 9.5254e-22 3.0110e-02 3.0110e-02 1.6090e-23
 9.667e+01 8.8752e-22 3.0110e-02 3.0110e-02 1.4964e-23
 9.679e+01 8.2692e-22 3.0110e-02 3.0110e-02 1.3917e-23
 9.690e+01 7.7044e-22 3.0110e-02 3.0110e-02 1.2942e-23
 9.701e+01 7.1780e-22 3.0110e-02 3.0110e-02 1.2036e-23
 9.713e+01 6.6874e-22 3.0110e-02 3.0110e-02 1.1193e-23
 9.724e+01 6.2302e-22 3.0110e-02 3.0110e-02 1.0409e-23
 9.735e+01 5.8041e-22 3.0110e-02 3.0110e-02 9.6799e-24
 9.747e+01 5.4070e-22 3.0110e-02 3.0110e-02 9.0015e-24
 9.758e+01 5.0370e-22 3.0110e-02 3.0110e-02 8.3706e-24
 9.769e+01 4.6922e-22 3.0110e-02 3.0110e-02 7.7838e-24
 9.781e+01 4.3709e-22 3.0110e-02 3.0110e-02 7.2380e-24
 9.792e+01 4.0715e-22 3.0110e-02 3.0110e-02 6.7304e-24
 9.803e+01 3.7925e-22 3.0110e-02 3.0110e-02 6.2583e-24
 9.815e+01 3.5326e-22 3.0110e-02 3.0110e-02 5.8192e-24
 9.826e+01 3.2904e-22 3.0110e-02 3.0110e-02 5.4109e-24
 9.837e+01 3.0648e-22 3.0110e-02 3.0110e-02 5.0311e-24
 9.849e+01 2.8545e-22 3.0110e-02 3.0110e-02 4.6780e-24
 9.860e+01 2.6586e-22 3.0110e-02 3.0110e-02 4.3496e-24
 9.871e+01 2.4762e-22 3.0110e-02 3.0110e-02 4.0441e-24
 9.883e+01 2.3062e-22 3.0110e-02 3.0110e-02 3.7601e-24
 9.894e+01 2.1478e-22 3.0110e-02 3.0110e-02 3.4960e-24
 9.905e+01 2.0002e-22 3.0110e-02 3.0110e-02 3.2504e-24
 9.917e+01 1.8628e-22 3.0110e-02 3.0110e-02 3.0220e-24
 9.928e+01 1.7347e-22 3.0110e-02 3.0110e-02 2.8096e-24
 9.939e+01 1.6155e-22 3.0110e-02 3.0110e-02 2.6121e-24
 9.951e+01 1.5044e-22 3.0110e-02 3.0110e-02 2.4285e-24
 9.962e+01 1.4009e-22 3.0110e-02 3.0110e-02 2.2578e-24
 9.973e+01 1.3045e-22 3.0110e-02 3.0110e-02 2.0990e-24
 9.985e+01 1.2147e-22 3.0110e-02 3.0110e-02 1.9514e-24
 9.996e+01 1.1311e-22 3.0110e-02 3.0110e-02 1.8141e-24
 1.001e+02 1.0532e-22 3.0110e-02 3.0110e-02 1.6865e-24
 1.002e+02 9.8062e-23 3.0110e-02 3.0110e-02 1.5678e-24
 1.003e+02 9.1305e-23 3.0110e-02 3.0110e-02 1.4575e-24
 1.004e+02 8.5012e-23 3.0110e-02 3.0110e-02 1.3549e-24
 1.005e+02 7.9151e-23 3.0110e-02 3.0110e-02 1.2596e-24
 1.006e+02 7.3694e-23 3.0110e-02 3.0110e-02 1.1709e-24
 1.008e+02 6.8611e-23 3.0110e-02 3.0110e-02 1.0884e-24
 1.009e+02 6.3877e-23 3.0110e-02 3.0110e-02 1.0118e-24
 1.010e+02 5.9469e-23 3.0110e-02 3.0110e-02 9.4055e-25
 1.011e+02 5.5364e-23 3.0110e-02 3.0110e-02 8.7430e-25
 1.012e+02 5.1542e-23 3.0110e-02 3.0110e-02 8.1272e-25
 1.013e+02 4.7983e-23 3.0110e-02 3.0110e-02 7.5546e-25
 1.014e+02 4.4668e-23 3.0110e-02 3.0110e-02 7.0224e-25
 1.015e+02 4.1582e-23 3.0110e-02 3.0110e-02 6.5275e-25
 1.017e+02 3.8708e-23 3.0110e-02 3.0110e-02 6.0675e-25
 1.018e+02 3.6033e-23 3.0110e-02 3.0110e-02 5.6399e-25
 1.019e+02 3.3541e-23 3.0110e-02 3.0110e-02 5.2424e-25
 1.020e+02 3.1222e-23 3.0110e-02 3.0110e-02 4.8728e-25
 1.021e+02 2.9062e-23 3.0110e-02 3.0110e-02 4.5293e-25
 1.022e+02 2.7052e-23 3.0110e-02 3.0110e-02 4.2099e-25
 1.023e+02 2.5179e-23 3.0110e-02 3.0110e-02 3.9131e-25
 1.025e+02 2.3437e-23 3.0110e-02 3.0110e-02 3.6371e-25
 1.026e+02 2.1814e-23 3.0110e-02 3.0110e-02 3.3806e-25
 1.027e+02 2.0303e-23 3.0110e-02 3.0110e-02 3.1421e-25
 1.028e+02 1.8897e-23 3.0110e-02 3.0110e-02 2.9205e-25
 1.029e+02 1.7588e-23 3.0110e-02 3.0110e-02 2.7145e-25
 1.030e+02 1.6369e-23 3.0110e-02 3.0110e-02 2.5229e-25
 1.031e+02 1.5235e-23 3.0110e-02 3.0110e-02 2.3449e-25
 1.032e+02 1.4179e-23 3.0110e-02 3.0110e-02 2.1795e-25
 1.034e+02 1.3196e-23 3.0110e-02 3.0110e-02 2.0257e-25
 1.035e+02 1.2281e-23 3.0110e-02 3.0110e-02 1.8827e-25
 1.036e+02 1.1429e-23 3.0110e-02 3.0110e-02 1.7498e-25
 1.037e+02 1.0636e-23 3.0110e-02 3.0110e-02 1.6263e-25
 1.038e+02 9.8978e-24 3.0110e-02 3.0110e-02 1.5115e-25
 1.039e+02 9.2108e-24 3.0110e-02 3.0110e-02 1.4048e-25
 1.040e+02 8.5714e-24 3.0110e-02 3.0110e-02 1.3056e-25
 1.042e+02 7.9763e-24 3.0110e-02 3.0110e-02 1.2134e-25
 1.043e+02 7.4223e-24 3.0110e-02 3.0110e-02 1.1278e-25
 1.044e+02 6.9068e-24 3.0110e-02 3.0110e-02 1.0481e-25
 1.045e+02 6.4270e-24 3.0110e-02 3.0110e-02 9.7411e-26
 1.046e+02 5.9804e-24 3.0110e-02 3.0110e-02 9.0531e-26
 1.047e+02 5.5648e-24 3.0110e-02 3.0110e-02 8.4138e-26
 1.048e+02 5.1780e-24 3.0110e-02 3.0110e-02 7.8195e-26
 1.049e+02 4.8180e-24 3.0110e-02 3.0110e-02 7.2672e-26
 1.051e+02 4.4830e-24 3.0110e-02 3.0110e-02 6.7538e-26
 1.052e+02 4.1712e-24 3.0110e-02 3.0110e-02 6.2767e-26
 1.053e+02 3.8810e-24 3.0110e-02 3.0110e-02 5.8333e-26
 1.054e+02 3.6110e-24 3.0110e-02 3.0110e-02 5.4212e-26
 1.055e+02 3.3598e-24 3.0110e-02 3.0110e-02 5.0382e-26
 1.056e+02 3.1259e-24 3.0110e-02 3.0110e-02 4.6822e-26
 1.057e+02 2.9083e-24 3.0110e-02 3.0110e-02 4.3514e-26
 1.059e+02 2.7059e-24 3.0110e-02 3.0110e-02 4.0439e-26
 1.060e+02 2.5175e-24 3.0110e-02 3.0110e-02 3.7582e-26
 1.061e+02 2.3421e-24 3.0110e-02 3.0110e-02 3.4926e-26
 1.062e+02 2.1790e-24 3.0110e-02 3.0110e-02 3.2458e-26
 1.063e+02 2.0272e-24 3.0110e-02 3.0110e-02 3.0164e-26
 1.064e+02 1.8859e-24 3.0110e-02 3.0110e-02 2.8032e-26
 1.065e+02 1.7545e-24 3.0110e-02 3.0110e-02 2.6051e-26
 1.066e+02 1.6322e-24 3.0110e-02 3.0110e-02 2.4210e-26
 1.068e+02 1.5185e-24 3.0110e-02 3.0110e-02 2.2499e-26
 1.069e+02 1.4126e-24 3.0110e-02 3.0110e-02 2.0909e-26
 1.070e+02 1.3141e-24 3.0110e-02 3.0110e-02 1.9431e-26
 1.071e+02 1.2224e-24 3.0110e-02 3.0110e-02 1.8057e-26
 1.072e+02 1.1372e-24 3.0110e-02 3.0110e-02 1.6781e-26
 1.073e+02 1.0579e-24 3.0110e-02 3.0110e-02 1.5595e-26
 1.074e+02 9.8405e-25 3.0110e-02 3.0110e-02 1.4492e-26
 1.076e+02 9.1538e-25 3.0110e-02 3.0110e-02 1.3468e-26
 1.077e+02 8.5150e-25 3.0110e-02 3.0110e-02 1.2516e-26
 1.078e+02 7.9206e-25 3.0110e-02 3.0110e-02 1.1631e-26
 1.079e+02 7.3677e-25 3.0110e-02 3.0110e-02 1.0809e-26
 1.080e+02 6.8533e-25 3.0110e-02 3.0110e-02 1.0045e-26
 1.081e+02 6.3747e-25 3.0110e-02 3.0110e-02 9.3344e-27
 1.082e+02 5.9295e-25 3.0110e-02 3.0110e-02 8.6745e-27
 1.083e+02 5.5154e-25 3.0110e-02 3.0110e-02 8.0612e-27
 1.085e+02 5.1301e-25 3.0110e-02 3.0110e-02 7.4913e-27
 1.086e+02 4.7717e-25 3.0110e-02 3.0110e-02 6.9617e-27
 1.087e+02 4.4383e-25 3.0110e-02 3.0110e-02 6.4695e-27
 1.088e+02 4.1281e-25 3.0110e-02 3.0110e-02 6.0121e-27
 1.089e+02 3.8396e-25 3.0110e-02 3.0110e-02 5.5870e-27
 1.090e+02 3.5712e-25 3.0110e-02 3.0110e-02 5.1920e-27
 1.091e+02 3.3215e-25 3.0110e-02 3.0110e-02 4.8249e-27
 1.093e+02 3.0893e-25 3.0110e-02 3.0110e-02 4.4838e-27
 1.094e+02 2.8733e-25 3.0110e-02 3.0110e-02 4.1667e-27
 1.095e+02 2.6724e-25 3.0110e-02 3.0110e-02 3.8721e-27
 1.096e+02 2.4854e-25 3.0110e-02 3.0110e-02 3.5984e-27
 1.097e+02 2.3116e-25 3.0110e-02 3.0110e-02 3.3440e-27
 1.098e+02 2.1499e-25 3.0110e-02 3.0110e-02 3.1075e-27
 1.099e+02 1.9995e-25 3.0110e-02 3.0110e-02 2.8878e-27
 1.100e+02 1.8596e-25 3.0110e-02 3.0110e-02 2.6836e-27
 1.102e+02 1.7294e-25 3.0110e-02 3.0110e-02 2.4939e-27
 1.103e+02 1.6084e-25 3.0110e-02 3.0110e-02 2.3176e-27
 1.104e+02 1.4958e-25 3.0110e-02 3.0110e-02 2.1537e-27
 1.105e+02 1.3911e-25 3.0110e-02 3.0110e-02 2.0014e-27
 1.106e+02 1.2937e-25 3.0110e-02 3.0110e-02 1.8599e-27
 1.107e+02 1.2031e-25 3.0110e-02 3.0110e-02 1.7284e-27
 1.108e+02 1.1189e-25 3.0110e-02 3.0110e-02 1.6062e-27
 1.110e+02 1.0405e-25 3.0110e-02 3.0110e-02 1.4927e-27
 1.111e+02 9.6764e-26 3.0110e-02 3.0110e-02 1.3872e-27
 1.112e+02 8.9986e-26 3.0110e-02 3.0110e-02 1.2891e-27
 1.113e+02 8.3682e-26 3.0110e-02 3.0110e-02 1.1980e-27
 1.114e+02 7.7820e-26 3.0110e-02 3.0110e-02 1.1133e-27
 1.115e+02 7.2367e-26 3.0110e-02 3.0110e-02 1.0346e-27
 1.116e+02 6.7296e-26 3.0110e-02 3.0110e-02 9.6143e-28
 1.117e+02 6.2580e-26 3.0110e-02 3.0110e-02 8.9346e-28
 1.119e+02 5.8194e-26 3.0110e-02 3.0110e-02 8.3030e-28
 1.120e+02 5.4116e-26 3.0110e-02 3.0110e-02 7.7161e-28
 1.121e+02 5.0322e-26 3.0110e-02 3.0110e-02 7.1706e-28
 1.122e+02 4.6795e-26 3.0110e-02 3.0110e-02 6.6638e-28
 1.123e+02 4.3514e-26 3.0110e-02 3.0110e-02 6.1927e-28
 1.124e+02 4.0463e-26 3.0110e-02 3.0110e-02 5.7550e-28
 1.125e+02 3.7626e-26 3.0110e-02 3.0110e-02 5.3482e-28
 1.127e+02 3.4987e-26 3.0110e-02 3.0110e-02 4.9702e-28
 1.128e+02 3.2533e-26 3.0110e-02 3.0110e-02 4.6189e-28
 1.129e+02 3.0252e-26 3.0110e-02 3.0110e-02 4.2924e-28
 1.130e+02 2.8130e-26 3.0110e-02 3.0110e-02 3.9890e-28
 1.131e+02 2.6156e-26 3.0110e-02 3.0110e-02 3.7071e-28
 1.132e+02 2.4321e-26 3.0110e-02 3.0110e-02 3.4451e-28
 1.133e+02 2.2615e-26 3.0110e-02 3.0110e-02 3.2016e-28
 1.134e+02 2.1028e-26 3.0110e-02 3.0110e-02 2.9754e-28
 1.136e+02 1.9553e-26 3.0110e-02 3.0110e-02 2.7651e-28
 1.137e+02 1.8181e-26 3.0110e-02 3.0110e-02 2.5697e-28
 1.138e+02 1.6905e-26 3.0110e-02 3.0110e-02 2.3881e-28
 1.139e+02 1.5718e-26 3.0110e-02 3.0110e-02 2.2194e-28
 1.140e+02 1.4615e-26 3.0110e-02 3.0110e-02 2.0625e-28
 1.141e+02 1.3589e-26 3.0110e-02 3.0110e-02 1.9168e-28
 1.142e+02 1.2635e-26 3.0110e-02 3.0110e-02 1.7814e-28
 1.144e+02 1.1748e-26 3.0110e-02 3.0110e-02 1.6555e-28
 1.145e+02 1.0923e-26 3.0110e-02 3.0110e-02 1.5385e-28
 1.146e+02 1.0156e-26 3.0110e-02 3.0110e-02 1.4298e-28
 1.147e+02 9.4433e-27 3.0110e-02 3.0110e-02 1.3288e-28
 1.148e+02 8.7802e-27 3.0110e-02 3.0110e-02 1.2349e-28
 1.149e+02 8.1636e-27 3.0110e-02 3.0110e-02 1.1477e-28
 1.150e+02 7.5903e-27 3.0110e-02 3.0110e-02 1.0666e-28
 1.151e+02 7.0572e-27 3.0110e-02 3.0110e-02 9.9125e-29
 1.153e+02 6.5615e-27 3.0110e-02 3.0110e-02 9.2122e-29
 1.154e+02 6.1006e-27 3.0110e-02 3.0110e-02 8.5615e-29
 1.155e+02 5.6721e-27 3.0110e-02 3.0110e-02 7.9567e-29
 1.156e+02 5.2736e-27 3.0110e-02 3.0110e-02 7.3947e-29
 1.157e+02 4.9031e-27 3.0110e-02 3.0110e-02 6.8724e-29
 1.158e+02 4.5587e-27 3.0110e-02 3.0110e-02 6.3870e-29
 1.159e+02 4.2384e-27 3.0110e-02 3.0110e-02 5.9359e-29
 1.161e+02 3.9406e-27 3.0110e-02 3.0110e-02 5.5166e-29
 1.162e+02 3.6637e-27 3.0110e-02 3.0110e-02 5.1270e-29
 1.163e+02 3.4062e-27 3.0110e-02 3.0110e-02 4.7649e-29
 1.164e+02 3.1668e-27 3.0110e-02 3.0110e-02 4.4284e-29
 1.165e+02 2.9443e-27 3.0110e-02 3.0110e-02 4.1157e-29
 1.166e+02 2.7374e-27 3.0110e-02 3.0110e-02 3.8251e-29
 1.167e+02 2.5450e-27 3.0110e-02 3.0110e-02 3.5549e-29
 1.168e+02 2.3661e-27 3.0110e-02 3.0110e-02 3.3039e-29
 1.170e+02 2.1998e-27 3.0110e-02 3.0110e-02 3.0706e-29
 1.171e+02 2.0451e-27 3.0110e-02 3.0110e-02 2.8538e-29
 1.172e+02 1.9014e-27 3.0110e-02 3.0110e-02 2.6523e-29
 1.173e+02 1.7677e-27 3.0110e-02 3.0110e-02 2.4650e-29
 1.174e+02 1.6434e-27 3.0110e-02 3.0110e-02 2.2910e-29
 1.175e+02 1.5279e-27 3.0110e-02 3.0110e-02 2.1293e-29
 1.176e+02 1.4205e-27 3.0110e-02 3.0110e-02 1.9789e-29
 1.178e+02 1.3206e-27 3.0110e-02 3.0110e-02 1.8392e-29
 1.179e+02 1.2277e-27 3.0110e-02 3.0110e-02 1.7094e-29
 1.180e+02 1.1414e-27 3.0110e-02 3.0110e-02 1.5887e-29
 1.181e+02 1.0611e-27 3.0110e-02 3.0110e-02 1.4766e-29
 1.182e+02 9.8652e-28 3.0110e-02 3.0110e-02 1.3723e-29
 1.183e+02 9.1714e-28 3.0110e-02 3.0110e-02 1.2755e-29
 1.184e+02 8.5264e-28 3.0110e-02 3.0110e-02 1.1854e-29
 1.185e+02 7.9267e-28 3.0110e-02 3.0110e-02 1.1018e-29
 1.187e+02 7.3692e-28 3.0110e-02 3.0110e-02 1.0240e-29
 1.188e+02 6.8509e-28 3.0110e-02 3.0110e-02 9.5173e-30
 1.189e+02 6.3690e-28 3.0110e-02 3.0110e-02 8.8456e-30
 1.190e+02 5.9211e-28 3.0110e-02 3.0110e-02 8.2213e-30
 1.191e+02 5.5046e-28 3.0110e-02 3.0110e-02 7.6411e-30
 1.192e+02 5.1173e-28 3.0110e-02 3.0110e-02 7.1019e-30
 1.193e+02 4.7574e-28 3.0110e-02 3.0110e-02 6.6007e-30
 1.195e+02 4.4227e-28 3.0110e-02 3.0110e-02 6.1349e-30
 1.196e+02 4.1115e-28 3.0110e-02 3.0110e-02 5.7020e-30
 1.197e+02 3.8223e-28 3.0110e-02 3.0110e-02 5.2996e-30
 1.198e+02 3.5534e-28 3.0110e-02 3.0110e-02 4.9256e-30
 1.199e+02 3.3034e-28 3.0110e-02 3.0110e-02 4.5781e-30
 1.200e+02 3.0709e-28 3.0110e-02 3.0110e-02 4.2550e-30
 1.201e+02 2.8549e-28 3.0110e-02 3.0110e-02 3.9548e-30
 1.202e+02 2.6540e-28 3.0110e-02 3.0110e-02 3.6758e-30
 1.204e+02 2.4672e-28 3.0110e-02 3.0110e-02 3.4164e-30
 1.205e+02 2.2936e-28 3.0110e-02 3.0110e-02 3.1754e-30
 1.206e+02 2.1322e-28 3.0110e-02 3.0110e-02 2.9513e-30
 1.207e+02 1.9822e-28 3.0110e-02 3.0110e-02 2.7431e-30
 1.208e+02 1.8427e-28 3.0110e-02 3.0110e-02 2.5496e-30
 1.209e+02 1.7130e-28 3.0110e-02 3.0110e-02 2.3697e-30
 1.210e+02 1.5925e-28 3.0110e-02 3.0110e-02 2.2025e-30
 1.212e+02 1.4804e-28 3.0110e-02 3.0110e-02 2.0471e-30
 1.213e+02 1.3762e-28 3.0110e-02 3.0110e-02 1.9027e-30
 1.214e+02 1.2793e-28 3.0110e-02 3.0110e-02 1.7685e-30
 1.215e+02 1.1893e-28 3.0110e-02 3.0110e-02 1.6437e-30
 1.216e+02 1.1056e-28 3.0110e-02 3.0110e-02 1.5278e-30
 1.217e+02 1.0278e-28 3.0110e-02 3.0110e-02 1.4200e-30
 1.218e+02 9.5543e-29 3.0110e-02 3.0110e-02 1.3198e-30
 1.219e+02 8.8818e-29 3.0110e-02 3.0110e-02 1.2267e-30
 1.221e+02 8.2566e-29 3.0110e-02 3.0110e-02 1.1402e-30
 1.222e+02 7.6754e-29 3.0110e-02 3.0110e-02 1.0597e-30
 1.223e+02 7.1351e-29 3.0110e-02 3.0110e-02 9.8499e-31
 1.224e+02 6.6329e-29 3.0110e-02 3.0110e-02 9.1550e-31
 1.225e+02 6.1659e-29 3.0110e-02 3.0110e-02 8.5092e-31
 1.226e+02 5.7319e-29 3.0110e-02 3.0110e-02 7.9090e-31
 1.227e+02 5.3283e-29 3.0110e-02 3.0110e-02 7.3511e-31
 1.229e+02 4.9532e-29 3.0110e-02 3.0110e-02 6.8325e-31
 1.230e+02 4.6045e-29 3.0110e-02 3.0110e-02 6.3506e-31
 1.231e+02 4.2803e-29 3.0110e-02 3.0110e-02 5.9026e-31
 1.232e+02 3.9790e-29 3.0110e-02 3.0110e-02 5.4862e-31
 1.233e+02 3.6988e-29 3.0110e-02 3.0110e-02 5.0992e-31
 1.234e+02 3.4384e-29 3.0110e-02 3.0110e-02 4.7395e-31
 1.235e+02 3.1963e-29 3.0110e-02 3.0110e-02 4.4052e-31
 1.236e+02 2.9713e-29 3.0110e-02 3.0110e-02 4.0944e-31
 1.238e+02 2.7620e-29 3.0110e-02 3.0110e-02 3.8056e-31
 1.239e+02 2.5676e-29 3.0110e-02 3.0110e-02 3.5371e-31
 1.240e+02 2.3868e-29 3.0110e-02 3.0110e-02 3.2876e-31
 1.241e+02 2.2187e-29 3.0110e-02 3.0110e-02 3.0557e-31
 1.242e+02 2.0625e-29 3.0110e-02 3.0110e-02 2.8401e-31
 1.243e+02 1.9172e-29 3.0110e-02 3.0110e-02 2.6398e-31
 1.244e+02 1.7822e-29 3.0110e-02 3.0110e-02 2.4535e-31
 1.246e+02 1.6567e-29 3.0110e-02 3.0110e-02 2.2804e-31
 1.247e+02 1.5400e-29 3.0110e-02 3.0110e-02 2.1195e-31
 1.248e+02 1.4316e-29 3.0110e-02 3.0110e-02 1.9700e-31
 1.249e+02 1.3308e-29 3.0110e-02 3.0110e-02 1.8310e-31
 1.250e+02 1.2370e-29 3.0110e-02 3.0110e-02 1.7018e-31
 1.251e+02 1.1499e-29 3.0110e-02 3.0110e-02 1.5818e-31
 1.252e+02 1.0689e-29 3.0110e-02 3.0110e-02 1.4701e-31
 1.253e+02 9.9364e-30 3.0110e-02 3.0110e-02 1.3664e-31
 1.255e+02 9.2365e-30 3.0110e-02 3.0110e-02 1.2700e-31
 1.256e+02 8.5860e-30 3.0110e-02 3.0110e-02 1.1804e-31
 1.257e+02 7.9812e-30 3.0110e-02 3.0110e-02 1.0971e-31
 1.258e+02 7.4190e-30 3.0110e-02 3.0110e-02 1.0197e-31
 1.259e+02 6.8964e-30 3.0110e-02 3.0110e-02 9.4771e-32
 1.260e+02 6.4106e-30 3.0110e-02 3.0110e-02 8.8082e-32
 1.261e+02 5.9591e-30 3.0110e-02 3.0110e-02 8.1866e-32
 1.263e+02 5.5393e-30 3.0110e-02 3.0110e-02 7.6088e-32
 1.264e+02 5.1491e-30 3.0110e-02 3.0110e-02 7.0717e-32
 1.265e+02 4.7863e-30 3.0110e-02 3.0110e-02 6.5726e-32
 1.266e+02 4.4491e-30 3.0110e-02 3.0110e-02 6.1086e-32
 1.267e+02 4.1357e-30 3.0110e-02 3.0110e-02 5.6774e-32
 1.268e+02 3.8443e-30 3.0110e-02 3.0110e-02 5.2766e-32
 1.269e+02 3.5735e-30 3.0110e-02 3.0110e-02 4.9041e-32
 1.270e+02 3.3217e-30 3.0110e-02 3.0110e-02 4.5579e-32
 1.272e+02 3.0877e-30 3.0110e-02 3.0110e-02 4.2361e-32
 1.273e+02 2.8701e-30 3.0110e-02 3.0110e-02 3.9370e-32
 1.274e+02 2.6679e-30 3.0110e-02 3.0110e-02 3.6590e-32
 1.275e+02 2.4799e-30 3.0110e-02 3.0110e-02 3.4006e-32
 1.276e+02 2.3052e-30 3.0110e-02 3.0110e-02 3.1604e-32
 1.277e+02 2.1427e-30 3.0110e-02 3.0110e-02 2.9372e-32
 1.278e+02 1.9917e-30 3.0110e-02 3.0110e-02 2.7298e-32
 1.280e+02 1.8514e-30 3.0110e-02 3.0110e-02 2.5370e-32
 1.281e+02 1.7209e-30 3.0110e-02 3.0110e-02 2.3578e-32
 1.282e+02 1.5996e-30 3.0110e-02 3.0110e-02 2.1912e-32
 1.283e+02 1.4869e-30 3.0110e-02 3.0110e-02 2.0364e-32
 1.284e+02 1.3821e-30 3.0110e-02 3.0110e-02 1.8925e-32
 1.285e+02 1.2847e-30 3.0110e-02 3.0110e-02 1.7588e-32
 1.286e+02 1.1941e-30 3.0110e-02 3.0110e-02 1.6345e-32
 1.287e+02 1.1100e-30 3.0110e-02 3.0110e-02 1.5190e-32
 1.289e+02 1.0317e-30 3.0110e-02 3.0110e-02 1.4116e-32
 1.290e+02 9.5899e-31 3.0110e-02 3.0110e-02 1.3119e-32
 1.291e+02 8.9139e-31 3.0110e-02 3.0110e-02 1.2191e-32
 1.292e+02 8.2855e-31 3.0110e-02 3.0110e-02 1.1329e-32
 1.293e+02 7.7014e-31 3.0110e-02 3.0110e-02 1.0528e-32
 1.294e+02 7.1585e-31 3.0110e-02 3.0110e-02 9.7841e-33
 1.295e+02 6.6538e-31 3.0110e-02 3.0110e-02 9.0922e-33
 1.297e+02 6.1847e-31 3.0110e-02 3.0110e-02 8.4492e-33
 1.298e+02 5.7486e-31 3.0110e-02 3.0110e-02 7.8517e-33
 1.299e+02 5.3433e-31 3.0110e-02 3.0110e-02 7.2963e-33
 1.300e+02 4.9665e-31 3.0110e-02 3.0110e-02 6.7802e-33
 1.301e+02 4.6163e-31 3.0110e-02 3.0110e-02 6.3005e-33
 1.302e+02 4.2907e-31 3.0110e-02 3.0110e-02 5.8547e-33
 1.303e+02 3.9881e-31 3.0110e-02 3.0110e-02 5.4404e-33
 1.304e+02 3.7069e-31 3.0110e-02 3.0110e-02 5.0554e-33
 1.306e+02 3.4454e-31 3.0110e-02 3.0110e-02 4.6976e-33
 1.307e+02 3.2024e-31 3.0110e-02 3.0110e-02 4.3651e-33
 1.308e+02 2.9766e-31 3.0110e-02 3.0110e-02 4.0561e-33
 1.309e+02 2.7666e-31 3.0110e-02 3.0110e-02 3.7689e-33
 1.310e+02 2.5714e-31 3.0110e-02 3.0110e-02 3.5020e-33
 1.311e+02 2.3900e-31 3.0110e-02 3.0110e-02 3.2540e-33
 1.312e+02 2.2214e-31 3.0110e-02 3.0110e-02 3.0235e-33
 1.314e+02 2.0647e-31 3.0110e-02 3.0110e-02 2.8094e-33
 1.315e+02 1.9190e-31 3.0110e-02 3.0110e-02 2.6103e-33
 1.316e+02 1.7836e-31 3.0110e-02 3.0110e-02 2.4254e-33
 1.317e+02 1.6578e-31 3.0110e-02 3.0110e-02 2.2535e-33
 1.318e+02 1.5408e-31 3.0110e-02 3.0110e-02 2.0938e-33
 1.319e+02 1.4321e-31 3.0110e-02 3.0110e-02 1.9454e-33
 1.320e+02 1.3310e-31 3.0110e-02 3.0110e-02 1.8075e-33
 1.321e+02 1.2371e-31 3.0110e-02 3.0110e-02 1.6793e-33
 1.323e+02 1.1498e-31 3.0110e-02 3.0110e-02 1.5602e-33
 1.324e+02 1.0686e-31 3.0110e-02 3.0110e-02 1.4496e-33
 1.325e+02 9.9316e-32 3.0110e-02 3.0110e-02 1.3468e-33
 1.326e+02 9.2305e-32 3.0110e-02 3.0110e-02 1.2512e-33
 1.327e+02 8.5789e-32 3.0110e-02 3.0110e-02 1.1624e-33
 1.328e+02 7.9732e-32 3.0110e-02 3.0110e-02 1.0799e-33
 1.329e+02 7.4103e-32 3.0110e-02 3.0110e-02 1.0033e-33
 1.331e+02 6.8870e-32 3.0110e-02 3.0110e-02 9.3207e-34
 1.332e+02 6.4007e-32 3.0110e-02 3.0110e-02 8.6589e-34
 1.333e+02 5.9487e-32 3.0110e-02 3.0110e-02 8.0440e-34
 1.334e+02 5.5286e-32 3.0110e-02 3.0110e-02 7.4727e-34
 1.335e+02 5.1381e-32 3.0110e-02 3.0110e-02 6.9419e-34
 1.336e+02 4.7752e-32 3.0110e-02 3.0110e-02 6.4487e-34
 1.337e+02 4.4378e-32 3.0110e-02 3.0110e-02 5.9904e-34
 1.338e+02 4.1243e-32 3.0110e-02 3.0110e-02 5.5647e-34
 1.340e+02 3.8330e-32 3.0110e-02 3.0110e-02 5.1691e-34
 1.341e+02 3.5621e-32 3.0110e-02 3.0110e-02 4.8016e-34
 1.342e+02 3.3104e-32 3.0110e-02 3.0110e-02 4.4602e-34
 1.343e+02 3.0765e-32 3.0110e-02 3.0110e-02 4.1429e-34
 1.344e+02 2.8591e-32 3.0110e-02 3.0110e-02 3.8482e-34
 1.345e+02 2.6570e-32 3.0110e-02 3.0110e-02 3.5744e-34
 1.346e+02 2.4692e-32 3.0110e-02 3.0110e-02 3.3200e-34
 1.348e+02 2.2947e-32 3.0110e-02 3.0110e-02 3.0837e-34
 1.349e+02 2.1325e-32 3.0110e-02 3.0110e-02 2.8642e-34
 1.350e+02 1.9817e-32 3.0110e-02 3.0110e-02 2.6602e-34
 1.351e+02 1.8416e-32 3.0110e-02 3.0110e-02 2.4708e-34
 1.352e+02 1.7114e-32 3.0110e-02 3.0110e-02 2.2948e-34
 1.353e+02 1.5903e-32 3.0110e-02 3.0110e-02 2.1313e-34
 1.354e+02 1.4779e-32 3.0110e-02 3.0110e-02 1.9794e-34
 1.355e+02 1.3733e-32 3.0110e-02 3.0110e-02 1.8383e-34
 1.357e+02 1.2762e-32 3.0110e-02 3.0110e-02 1.7072e-34
 1.358e+02 1.1859e-32 3.0110e-02 3.0110e-02 1.5855e-34
 1.359e+02 1.1020e-32 3.0110e-02 3.0110e-02 1.4724e-34
 1.360e+02 1.0240e-32 3.0110e-02 3.0110e-02 1.3673e-34
 1.361e+02 9.5157e-33 3.0110e-02 3.0110e-02 1.2698e-34
 1.362e+02 8.8422e-33 3.0110e-02 3.0110e-02 1.1791e-34
 1.363e+02 8.2164e-33 3.0110e-02 3.0110e-02 1.0950e-34
 1.365e+02 7.6348e-33 3.0110e-02 3.0110e-02 1.0168e-34
 1.366e+02 7.0943e-33 3.0110e-02 3.0110e-02 9.4414e-35
 1.367e+02 6.5921e-33 3.0110e-02 3.0110e-02 8.7669e-35
 1.368e+02 6.1253e-33 3.0110e-02 3.0110e-02 8.1404e-35
 1.369e+02 5.6915e-33 3.0110e-02 3.0110e-02 7.5585e-35
 1.370e+02 5.2884e-33 3.0110e-02 3.0110e-02 7.0181e-35
 1.371e+02 4.9139e-33 3.0110e-02 3.0110e-02 6.5162e-35
 1.372e+02 4.5658e-33 3.0110e-02 3.0110e-02 6.0501e-35
 1.374e+02 4.2423e-33 3.0110e-02 3.0110e-02 5.6172e-35
 1.375e+02 3.9417e-33 3.0110e-02 3.0110e-02 5.2152e-35
 1.376e+02 3.6624e-33 3.0110e-02 3.0110e-02 4.8418e-35
 1.377e+02 3.4029e-33 3.0110e-02 3.0110e-02 4.4951e-35
 1.378e+02 3.1617e-33 3.0110e-02 3.0110e-02 4.1731e-35
 1.379e+02 2.9375e-33 3.0110e-02 3.0110e-02 3.8741e-35
 1.380e+02 2.7293e-33 3.0110e-02 3.0110e-02 3.5965e-35
 1.382e+02 2.5358e-33 3.0110e-02 3.0110e-02 3.3387e-35
 1.383e+02 2.3559e-33 3.0110e-02 3.0110e-02 3.0992e-35
 1.384e+02 2.1889e-33 3.0110e-02 3.0110e-02 2.8769e-35
 1.385e+02 2.0336e-33 3.0110e-02 3.0110e-02 2.6705e-35
 1.386e+02 1.8893e-33 3.0110e-02 3.0110e-02 2.4788e-35
 1.387e+02 1.7553e-33 3.0110e-02 3.0110e-02 2.3009e-35
 1.388e+02 1.6307e-33 3.0110e-02 3.0110e-02 2.1356e-35
 1.389e+02 1.5150e-33 3.0110e-02 3.0110e-02 1.9822e-35
 1.391e+02 1.4074e-33 3.0110e-02 3.0110e-02 1.8398e-35
 1.392e+02 1.3075e-33 3.0110e-02 3.0110e-02 1.7075e-35
 1.393e+02 1.2147e-33 3.0110e-02 3.0110e-02 1.5847e-35
 1.394e+02 1.1284e-33 3.0110e-02 3.0110e-02 1.4707e-35
 1.395e+02 1.0483e-33 3.0110e-02 3.0110e-02 1.3649e-35
 1.396e+02 9.7383e-34 3.0110e-02 3.0110e-02 1.2667e-35
 1.397e+02 9.0465e-34 3.0110e-02 3.0110e-02 1.1754e-35
 1.399e+02 8.4037e-34 3.0110e-02 3.0110e-02 1.0908e-35
 1.400e+02 7.8065e-34 3.0110e-02 3.0110e-02 1.0122e-35
 1.401e+02 7.2516e-34 3.0110e-02 3.0110e-02 9.3920e-36
 1.402e+02 6.7361e-34 3.0110e-02 3.0110e-02 8.7147e-36
 1.403e+02 6.2571e-34 3.0110e-02 3.0110e-02 8.0859e-36
 1.404e+02 5.8122e-34 3.0110e-02 3.0110e-02 7.5023e-36
 1.405e+02 5.3988e-34 3.0110e-02 3.0110e-02 6.9606e-36
 1.406e+02 5.0147e-34 3.0110e-02 3.0110e-02 6.4578e-36
 1.408e+02 4.6579e-34 3.0110e-02 3.0110e-02 5.9911e-36
 1.409e+02 4.3264e-34 3.0110e-02 3.0110e-02 5.5579e-36
 1.410e+02 4.0185e-34 3.0110e-02 3.0110e-02 5.1559e-36
 1.411e+02 3.7324e-34 3.0110e-02 3.0110e-02 4.7828e-36
 1.412e+02 3.4666e-34 3.0110e-02 3.0110e-02 4.4365e-36
 1.413e+02 3.2198e-34 3.0110e-02 3.0110e-02 4.1151e-36
 1.414e+02 2.9904e-34 3.0110e-02 3.0110e-02 3.8168e-36
 1.416e+02 2.7773e-34 3.0110e-02 3.0110e-02 3.5400e-36
 1.417e+02 2.5794e-34 3.0110e-02 3.0110e-02 3.2831e-36
 1.418e+02 2.3955e-34 3.0110e-02 3.0110e-02 3.0448e-36
 1.419e+02 2.2247e-34 3.0110e-02 3.0110e-02 2.8236e-36
 1.420e+02 2.0661e-34 3.0110e-02 3.0110e-02 2.6183e-36
 1.421e+02 1.9187e-34 3.0110e-02 3.0110e-02 2.4278e-36
 1.422e+02 1.7818e-34 3.0110e-02 3.0110e-02 2.2511e-36
 1.423e+02 1.6546e-34 3.0110e-02 3.0110e-02 2.0871e-36
 1.425e+02 1.5365e-34 3.0110e-02 3.0110e-02 1.9349e-36
 1.426e+02 1.4268e-34 3.0110e-02 3.0110e-02 1.7938e-36
 1.427e+02 1.3249e-34 3.0110e-02 3.0110e-02 1.6628e-36
 1.428e+02 1.2302e-34 3.0110e-02 3.0110e-02 1.5412e-36
 1.429e+02 1.1423e-34 3.0110e-02 3.0110e-02 1.4285e-36
 1.430e+02 1.0606e-34 3.0110e-02 3.0110e-02 1.3239e-36
 1.431e+02 9.8477e-35 3.0110e-02 3.0110e-02 1.2268e-36
 1.433e+02 9.1431e-35 3.0110e-02 3.0110e-02 1.1368e-36
 1.434e+02 8.4887e-35 3.0110e-02 3.0110e-02 1.0533e-36
 1.435e+02 7.8809e-35 3.0110e-02 3.0110e-02 9.7579e-37
 1.436e+02 7.3164e-35 3.0110e-02 3.0110e-02 9.0391e-37
 1.437e+02 6.7921e-35 3.0110e-02 3.0110e-02 8.3724e-37
 1.438e+02 6.3052e-35 3.0110e-02 3.0110e-02 7.7539e-37
 1.439e+02 5.8529e-35 3.0110e-02 3.0110e-02 7.1802e-37
 1.440e+02 5.4328e-35 3.0110e-02 3.0110e-02 6.6481e-37
 1.442e+02 5.0427e-35 3.0110e-02 3.0110e-02 6.1545e-37
 1.443e+02 4.6804e-35 3.0110e-02 3.0110e-02 5.6967e-37
 1.444e+02 4.3439e-35 3.0110e-02 3.0110e-02 5.2720e-37
 1.445e+02 4.0314e-35 3.0110e-02 3.0110e-02 4.8782e-37
 1.446e+02 3.7411e-35 3.0110e-02 3.0110e-02 4.5129e-37
 1.447e+02 3.4715e-35 3.0110e-02 3.0110e-02 4.1741e-37
 1.448e+02 3.2212e-35 3.0110e-02 3.0110e-02 3.8598e-37
 1.450e+02 2.9886e-35 3.0110e-02 3.0110e-02 3.5684e-37
 1.451e+02 2.7727e-35 3.0110e-02 3.0110e-02 3.2981e-37
 1.452e+02 2.5721e-35 3.0110e-02 3.0110e-02 3.0474e-37
 1.453e+02 2.3858e-35 3.0110e-02 3.0110e-02 2.8148e-37
 1.454e+02 2.2128e-35 3.0110e-02 3.0110e-02 2.5992e-37
 1.455e+02 2.0521e-35 3.0110e-02 3.0110e-02 2.3992e-37
 1.456e+02 1.9028e-35 3.0110e-02 3.0110e-02 2.2137e-37
 1.457e+02 1.7642e-35 3.0110e-02 3.0110e-02 2.0416e-37
 1.459e+02 1.6354e-35 3.0110e-02 3.0110e-02 1.8820e-37
 1.460e+02 1.5157e-35 3.0110e-02 3.0110e-02 1.7339e-37
 1.461e+02 1.4045e-35 3.0110e-02 3.0110e-02 1.5966e-37
 1.462e+02 1.3012e-35 3.0110e-02 3.0110e-02 1.4692e-37
 1.463e+02 1.2053e-35 3.0110e-02 3.0110e-02 1.3510e-37
 1.464e+02 1.1161e-35 3.0110e-02 3.0110e-02 1.2414e-37
 1.465e+02 1.0331e-35 3.0110e-02 3.0110e-02 1.1396e-37
 1.467e+02 9.5607e-36 3.0110e-02 3.0110e-02 1.0452e-37
 1.468e+02 8.8440e-36 3.0110e-02 3.0110e-02 9.5759e-38
 1.469e+02 8.1775e-36 3.0110e-02 3.0110e-02 8.7625e-38
 1.470e+02 7.5575e-36 3.0110e-02 3.0110e-02 8.0075e-38
 1.471e+02 6.9805e-36 3.0110e-02 3.0110e-02 7.3065e-38
 1.472e+02 6.4434e-36 3.0110e-02 3.0110e-02 6.6555e-38
 1.473e+02 5.9432e-36 3.0110e-02 3.0110e-02 6.0510e-38
 1.474e+02 5.4771e-36 3.0110e-02 3.0110e-02 5.4895e-38
 1.476e+02 5.0426e-36 3.0110e-02 3.0110e-02 4.9678e-38
 1.477e+02 4.6373e-36 3.0110e-02 3.0110e-02 4.4831e-38
 1.478e+02 4.2589e-36 3.0110e-02 3.0110e-02 4.0328e-38
 1.479e+02 3.9053e-36 3.0110e-02 3.0110e-02 3.6144e-38
 1.480e+02 3.5745e-36 3.0110e-02 3.0110e-02 3.2257e-38
 1.481e+02 3.2648e-36 3.0110e-02 3.0110e-02 2.8647e-38
 1.482e+02 2.9743e-36 3.0110e-02 3.0110e-02 2.5295e-38
 1.484e+02 2.7015e-36 3.0110e-02 3.0110e-02 2.2186e-38
 1.485e+02 2.4449e-36 3.0110e-02 3.0110e-02 1.9305e-38
 1.486e+02 2.2029e-36 3.0110e-02 3.0110e-02 1.6639e-38
 1.487e+02 1.9742e-36 3.0110e-02 3.0110e-02 1.4179e-38
 1.488e+02 1.7576e-36 3.0110e-02 3.0110e-02 1.1915e-38
 1.489e+02 1.5517e-36 3.0110e-02 3.0110e-02 9.8422e-39
 1.490e+02 1.3555e-36 3.0110e-02 3.0110e-02 7.9555e-39
 1.491e+02 1.1677e-36 3.0110e-02 3.0110e-02 6.2536e-39
 1.493e+02 9.8725e-37 3.0110e-02 3.0110e-02 4.7373e-39
 1.494e+02 8.1309e-37 3.0110e-02 3.0110e-02 3.4106e-39
 1.495e+02 6.4416e-37 3.0110e-02 3.0110e-02 2.2803e-39
 1.496e+02 4.7942e-37 3.0110e-02 3.0110e-02 1.3572e-39
 1.497e+02 3.1784e-37 3.0110e-02 3.0110e-02 6.5576e-40
 1.498e+02 1.5838e-37 3.0110e-02 3.0110e-02 1.9521e-40
 1.499e+02 -0.0000e+00 3.0110e-02 3.0110e-02 0.0000e+00
