 0.000e+00 9.4396e-02 4.6327e-02 3.8357e-02 0.0000e+00
 1.133e-01 9.4396e-02 4.6327e-02 3.8357e-02 2.9603e-04
 2.267e-01 9.5277e-02 4.6368e-02 3.8323e-02 6.1475e-04
 3.400e-01 9.7012e-02 4.6448e-02 3.8257e-02 9.3511e-04
 4.533e-01 9.9579e-02 4.6568e-02 3.8159e-02 1.2726e-03
 5.667e-01 1.0297e-01 4.6726e-02 3.8030e-02 1.6292e-03
 6.800e-01 1.0716e-01 4.6922e-02 3.7870e-02 2.0106e-03
 7.933e-01 1.1217e-01 4.7158e-02 3.7681e-02 2.4218e-03
 9.067e-01 1.1799e-01 4.7433e-02 3.7463e-02 2.8683e-03
 1.020e+00 1.2462e-01 4.7748e-02 3.7215e-02 3.3558e-03
 1.133e+00 1.3207e-01 4.8106e-02 3.6939e-02 3.8909e-03
 1.247e+00 1.4036e-01 4.8506e-02 3.6634e-02 4.4805e-03
 1.360e+00 1.4950e-01 4.8952e-02 3.6300e-02 5.1322e-03
 1.473e+00 1.5951e-01 4.9444e-02 3.5939e-02 5.8542e-03
 1.587e+00 1.7039e-01 4.9985e-02 3.5550e-02 6.6558e-03
 1.700e+00 1.8216e-01 5.0577e-02 3.5134e-02 7.5467e-03
 1.813e+00 1.9484e-01 5.1222e-02 3.4691e-02 8.5375e-03
 1.927e+00 2.0844e-01 5.1924e-02 3.4223e-02 9.6399e-03
 2.040e+00 2.2297e-01 5.2683e-02 3.3729e-02 1.0866e-02
 2.153e+00 2.3842e-01 5.3504e-02 3.3212e-02 1.2229e-02
 2.267e+00 2.5480e-01 5.4387e-02 3.2672e-02 1.3742e-02
 2.380e+00 2.7209e-01 5.5336e-02 3.2112e-02 1.5419e-02
 2.493e+00 2.9028e-01 5.6352e-02 3.1533e-02 1.7274e-02
 2.607e+00 3.0934e-01 5.7436e-02 3.0938e-02 1.9320e-02
 2.720e+00 3.2922e-01 5.8589e-02 3.0329e-02 2.1571e-02
 2.833e+00 3.4987e-01 5.9812e-02 2.9709e-02 2.4037e-02
 2.947e+00 3.7121e-01 6.1102e-02 2.9082e-02 2.6727e-02
 3.060e+00 3.9317e-01 6.2458e-02 2.8450e-02 2.9647e-02
 3.173e+00 4.1562e-01 6.3876e-02 2.7819e-02 3.2796e-02
 3.287e+00 4.3845e-01 6.5351e-02 2.7191e-02 3.6172e-02
 3.400e+00 4.6150e-01 6.6876e-02 2.6571e-02 3.9761e-02
 3.513e+00 4.8462e-01 6.8440e-02 2.5964e-02 4.3544e-02
 3.627e+00 5.0762e-01 7.0032e-02 2.5374e-02 4.7493e-02
 3.740e+00 5.3029e-01 7.1637e-02 2.4805e-02 5.1568e-02
 3.853e+00 5.5242e-01 7.3240e-02 2.4262e-02 5.5720e-02
 3.967e+00 5.7377e-01 7.4821e-02 2.3749e-02 5.9892e-02
 4.080e+00 5.9411e-01 7.6358e-02 2.3271e-02 6.4015e-02
 4.193e+00 6.1319e-01 7.7830e-02 2.2831e-02 6.8014e-02
 4.307e+00 6.3078e-01 7.9211e-02 2.2433e-02 7.1810e-02
 4.420e+00 6.4665e-01 8.0478e-02 2.2080e-02 7.5322e-02
 4.533e+00 6.6057e-01 8.1606e-02 2.1775e-02 7.8471e-02
 4.647e+00 6.7235e-01 8.2573e-02 2.1520e-02 8.1181e-02
 4.760e+00 6.8182e-01 8.3359e-02 2.1317e-02 8.3388e-02
 4.873e+00 6.8885e-01 8.3946e-02 2.1168e-02 8.5037e-02
 4.987e+00 6.9331e-01 8.4322e-02 2.1074e-02 8.6086e-02
 5.100e+00 6.9515e-01 8.4477e-02 2.1035e-02 8.6509e-02
 5.213e+00 6.9435e-01 8.4409e-02 2.1052e-02 8.6297e-02
 5.327e+00 6.9091e-01 8.4119e-02 2.1124e-02 8.5455e-02
 5.440e+00 6.8489e-01 8.3615e-02 2.1252e-02 8.4006e-02
 5.553e+00 6.7639e-01 8.2907e-02 2.1433e-02 8.1986e-02
 5.667e+00 6.6553e-01 8.2012e-02 2.1667e-02 7.9448e-02
 5.780e+00 6.5248e-01 8.0948e-02 2.1952e-02 7.6455e-02
 5.893e+00 6.3742e-01 7.9739e-02 2.2285e-02 7.3078e-02
 6.007e+00 6.2058e-01 7.8406e-02 2.2663e-02 6.9397e-02
 6.120e+00 6.0216e-01 7.6976e-02 2.3085e-02 6.5492e-02
 6.233e+00 5.8241e-01 7.5470e-02 2.3545e-02 6.1443e-02
 6.347e+00 5.6157e-01 7.3914e-02 2.4041e-02 5.7325e-02
 6.460e+00 5.3987e-01 7.2327e-02 2.4568e-02 5.3209e-02
 6.573e+00 5.1755e-01 7.0731e-02 2.5123e-02 4.9154e-02
 6.687e+00 4.9482e-01 6.9141e-02 2.5700e-02 4.5212e-02
 6.800e+00 4.7189e-01 6.7574e-02 2.6297e-02 4.1424e-02
 6.913e+00 4.4894e-01 6.6040e-02 2.6907e-02 3.7820e-02
 7.027e+00 4.2614e-01 6.4552e-02 2.7528e-02 3.4423e-02
 7.140e+00 4.0364e-01 6.3116e-02 2.8154e-02 3.1247e-02
 7.253e+00 3.8156e-01 6.1738e-02 2.8782e-02 2.8298e-02
 7.367e+00 3.6002e-01 6.0422e-02 2.9409e-02 2.5575e-02
 7.480e+00 3.3911e-01 5.9171e-02 3.0031e-02 2.3077e-02
 7.593e+00 3.1889e-01 5.7987e-02 3.0644e-02 2.0794e-02
 7.707e+00 2.9942e-01 5.6869e-02 3.1247e-02 1.8716e-02
 7.820e+00 2.8075e-01 5.5817e-02 3.1835e-02 1.6833e-02
 7.933e+00 2.6289e-01 5.4829e-02 3.2409e-02 1.5129e-02
 8.047e+00 2.4588e-01 5.3904e-02 3.2965e-02 1.3593e-02
 8.160e+00 2.2970e-01 5.3039e-02 3.3503e-02 1.2211e-02
 8.273e+00 2.1437e-01 5.2232e-02 3.4020e-02 1.0969e-02
 8.387e+00 1.9987e-01 5.1480e-02 3.4517e-02 9.8552e-03
 8.500e+00 1.8619e-01 5.0781e-02 3.4993e-02 8.8570e-03
 8.613e+00 1.7330e-01 5.0130e-02 3.5447e-02 7.9634e-03
 8.727e+00 1.6118e-01 4.9527e-02 3.5879e-02 7.1639e-03
 8.840e+00 1.4981e-01 4.8967e-02 3.6289e-02 6.4489e-03
 8.953e+00 1.3915e-01 4.8448e-02 3.6678e-02 5.8097e-03
 9.067e+00 1.2918e-01 4.7967e-02 3.7046e-02 5.2383e-03
 9.180e+00 1.1986e-01 4.7522e-02 3.7393e-02 4.7275e-03
 9.293e+00 1.1116e-01 4.7110e-02 3.7719e-02 4.2708e-03
 9.407e+00 1.0304e-01 4.6729e-02 3.8027e-02 3.8623e-03
 9.520e+00 9.5487e-02 4.6378e-02 3.8315e-02 3.4967e-03
 9.633e+00 8.8454e-02 4.6053e-02 3.8585e-02 3.1695e-03
 9.747e+00 8.1915e-02 4.5752e-02 3.8839e-02 2.8764e-03
 9.860e+00 7.5839e-02 4.5475e-02 3.9075e-02 2.6136e-03
 9.973e+00 7.0198e-02 4.5219e-02 3.9296e-02 2.3778e-03
 1.009e+01 6.4963e-02 4.4983e-02 3.9503e-02 2.1661e-03
 1.020e+01 6.0110e-02 4.4766e-02 3.9695e-02 1.9759e-03
 1.031e+01 5.5611e-02 4.4565e-02 3.9874e-02 1.8047e-03
 1.043e+01 5.1444e-02 4.4379e-02 4.0040e-02 1.6506e-03
 1.054e+01 4.7586e-02 4.4208e-02 4.0195e-02 1.5116e-03
 1.065e+01 4.4015e-02 4.4051e-02 4.0339e-02 1.3862e-03
 1.077e+01 4.0711e-02 4.3906e-02 4.0472e-02 1.2728e-03
 1.088e+01 3.7655e-02 4.3772e-02 4.0596e-02 1.1703e-03
 1.099e+01 3.4829e-02 4.3648e-02 4.0711e-02 1.0773e-03
 1.111e+01 3.2217e-02 4.3534e-02 4.0818e-02 9.9304e-04
 1.122e+01 2.9802e-02 4.3429e-02 4.0916e-02 9.1647e-04
 1.133e+01 2.7571e-02 4.3332e-02 4.1008e-02 8.4682e-04
 1.145e+01 2.5510e-02 4.3243e-02 4.1092e-02 7.8339e-04
 1.156e+01 2.3605e-02 4.3161e-02 4.1171e-02 7.2554e-04
 1.167e+01 2.1846e-02 4.3085e-02 4.1243e-02 6.7270e-04
 1.179e+01 2.0221e-02 4.3015e-02 4.1310e-02 6.2437e-04
 1.190e+01 1.8720e-02 4.2951e-02 4.1372e-02 5.8011e-04
 1.201e+01 1.7334e-02 4.2891e-02 4.1430e-02 5.3952e-04
 1.213e+01 1.6053e-02 4.2836e-02 4.1483e-02 5.0225e-04
 1.224e+01 1.4870e-02 4.2786e-02 4.1532e-02 4.6798e-04
 1.235e+01 1.3778e-02 4.2739e-02 4.1577e-02 4.3642e-04
 1.247e+01 1.2768e-02 4.2696e-02 4.1619e-02 4.0733e-04
 1.258e+01 1.1836e-02 4.2656e-02 4.1658e-02 3.8047e-04
 1.269e+01 1.0974e-02 4.2619e-02 4.1694e-02 3.5564e-04
 1.281e+01 1.0178e-02 4.2585e-02 4.1727e-02 3.3267e-04
 1.292e+01 9.4421e-03 4.2554e-02 4.1758e-02 3.1139e-04
 1.303e+01 8.7619e-03 4.2525e-02 4.1786e-02 2.9166e-04
 1.315e+01 8.1330e-03 4.2498e-02 4.1813e-02 2.7333e-04
 1.326e+01 7.5514e-03 4.2474e-02 4.1837e-02 2.5630e-04
 1.337e+01 7.0135e-03 4.2451e-02 4.1859e-02 2.4045e-04
 1.349e+01 6.5159e-03 4.2430e-02 4.1880e-02 2.2569e-04
 1.360e+01 6.0554e-03 4.2410e-02 4.1900e-02 2.1194e-04
 1.371e+01 5.6292e-03 4.2392e-02 4.1917e-02 1.9910e-04
 1.383e+01 5.2346e-03 4.2375e-02 4.1934e-02 1.8712e-04
 1.394e+01 4.8692e-03 4.2360e-02 4.1949e-02 1.7592e-04
 1.405e+01 4.5308e-03 4.2345e-02 4.1963e-02 1.6545e-04
 1.417e+01 4.2172e-03 4.2332e-02 4.1977e-02 1.5565e-04
 1.428e+01 3.9266e-03 4.2320e-02 4.1989e-02 1.4648e-04
 1.439e+01 3.6571e-03 4.2308e-02 4.2000e-02 1.3788e-04
 1.451e+01 3.4073e-03 4.2298e-02 4.2011e-02 1.2982e-04
 1.462e+01 3.1755e-03 4.2288e-02 4.2020e-02 1.2225e-04
 1.473e+01 2.9604e-03 4.2279e-02 4.2029e-02 1.1515e-04
 1.485e+01 2.7607e-03 4.2271e-02 4.2038e-02 1.0849e-04
 1.496e+01 2.5753e-03 4.2263e-02 4.2046e-02 1.0223e-04
 1.507e+01 2.4031e-03 4.2255e-02 4.2053e-02 9.6344e-05
 1.519e+01 2.2431e-03 4.2249e-02 4.2060e-02 9.0812e-05
 1.530e+01 2.0944e-03 4.2242e-02 4.2066e-02 8.5608e-05
 1.541e+01 1.9561e-03 4.2237e-02 4.2072e-02 8.0713e-05
 1.553e+01 1.8275e-03 4.2231e-02 4.2077e-02 7.6106e-05
 1.564e+01 1.7078e-03 4.2226e-02 4.2082e-02 7.1768e-05
 1.575e+01 1.5964e-03 4.2221e-02 4.2087e-02 6.7684e-05
 1.587e+01 1.4927e-03 4.2217e-02 4.2091e-02 6.3838e-05
 1.598e+01 1.3962e-03 4.2213e-02 4.2095e-02 6.0214e-05
 1.609e+01 1.3062e-03 4.2209e-02 4.2099e-02 5.6800e-05
 1.621e+01 1.2223e-03 4.2206e-02 4.2103e-02 5.3583e-05
 1.632e+01 1.1442e-03 4.2202e-02 4.2106e-02 5.0550e-05
 1.643e+01 1.0713e-03 4.2199e-02 4.2109e-02 4.7691e-05
 1.655e+01 1.0033e-03 4.2196e-02 4.2112e-02 4.4995e-05
 1.666e+01 9.3981e-04 4.2194e-02 4.2114e-02 4.2453e-05
 1.677e+01 8.8058e-04 4.2191e-02 4.2117e-02 4.0056e-05
 1.689e+01 8.2526e-04 4.2189e-02 4.2119e-02 3.7795e-05
 1.700e+01 7.7360e-04 4.2187e-02 4.2121e-02 3.5663e-05
 1.711e+01 7.2533e-04 4.2185e-02 4.2123e-02 3.3651e-05
 1.723e+01 6.8022e-04 4.2183e-02 4.2125e-02 3.1754e-05
 1.734e+01 6.3805e-04 4.2181e-02 4.2127e-02 2.9964e-05
 1.745e+01 5.9861e-04 4.2179e-02 4.2129e-02 2.8274e-05
 1.757e+01 5.6172e-04 4.2178e-02 4.2130e-02 2.6681e-05
 1.768e+01 5.2721e-04 4.2176e-02 4.2132e-02 2.5177e-05
 1.779e+01 4.9490e-04 4.2175e-02 4.2133e-02 2.3758e-05
 1.791e+01 4.6466e-04 4.2174e-02 4.2134e-02 2.2419e-05
 1.802e+01 4.3635e-04 4.2172e-02 4.2136e-02 2.1156e-05
 1.813e+01 4.0983e-04 4.2171e-02 4.2137e-02 1.9963e-05
 1.825e+01 3.8498e-04 4.2170e-02 4.2138e-02 1.8838e-05
 1.836e+01 3.6170e-04 4.2169e-02 4.2139e-02 1.7776e-05
 1.847e+01 3.3987e-04 4.2168e-02 4.2140e-02 1.6774e-05
 1.859e+01 3.1941e-04 4.2167e-02 4.2141e-02 1.5828e-05
 1.870e+01 3.0023e-04 4.2167e-02 4.2141e-02 1.4936e-05
 1.881e+01 2.8224e-04 4.2166e-02 4.2142e-02 1.4094e-05
 1.893e+01 2.6536e-04 4.2165e-02 4.2143e-02 1.3299e-05
 1.904e+01 2.4952e-04 4.2165e-02 4.2143e-02 1.2549e-05
 1.915e+01 2.3465e-04 4.2164e-02 4.2144e-02 1.1841e-05
 1.927e+01 2.2070e-04 4.2163e-02 4.2145e-02 1.1173e-05
 1.938e+01 2.0760e-04 4.2163e-02 4.2145e-02 1.0542e-05
 1.949e+01 1.9530e-04 4.2162e-02 4.2146e-02 9.9474e-06
 1.961e+01 1.8375e-04 4.2162e-02 4.2146e-02 9.3860e-06
 1.972e+01 1.7290e-04 4.2161e-02 4.2147e-02 8.8562e-06
 1.983e+01 1.6271e-04 4.2161e-02 4.2147e-02 8.3562e-06
 1.995e+01 1.5313e-04 4.2160e-02 4.2148e-02 7.8843e-06
 2.006e+01 1.4413e-04 4.2160e-02 4.2148e-02 7.4391e-06
 2.017e+01 1.3567e-04 4.2160e-02 4.2148e-02 7.0189e-06
 2.029e+01 1.2772e-04 4.2159e-02 4.2149e-02 6.6224e-06
 2.040e+01 1.2025e-04 4.2159e-02 4.2149e-02 6.2483e-06
 2.051e+01 1.1322e-04 4.2159e-02 4.2149e-02 5.8953e-06
 2.063e+01 1.0661e-04 4.2158e-02 4.2150e-02 5.5621e-06
 2.074e+01 1.0039e-04 4.2158e-02 4.2150e-02 5.2478e-06
 2.085e+01 9.4542e-05 4.2158e-02 4.2150e-02 4.9512e-06
 2.097e+01 8.9041e-05 4.2158e-02 4.2150e-02 4.6713e-06
 2.108e+01 8.3865e-05 4.2158e-02 4.2150e-02 4.4072e-06
 2.119e+01 7.8995e-05 4.2157e-02 4.2151e-02 4.1580e-06
 2.131e+01 7.4413e-05 4.2157e-02 4.2151e-02 3.9229e-06
 2.142e+01 7.0100e-05 4.2157e-02 4.2151e-02 3.7011e-06
 2.153e+01 6.6041e-05 4.2157e-02 4.2151e-02 3.4917e-06
 2.165e+01 6.2220e-05 4.2157e-02 4.2151e-02 3.2942e-06
 2.176e+01 5.8624e-05 4.2156e-02 4.2152e-02 3.1079e-06
 2.187e+01 5.5238e-05 4.2156e-02 4.2152e-02 2.9321e-06
 2.199e+01 5.2050e-05 4.2156e-02 4.2152e-02 2.7662e-06
 2.210e+01 4.9048e-05 4.2156e-02 4.2152e-02 2.6097e-06
 2.221e+01 4.6221e-05 4.2156e-02 4.2152e-02 2.4620e-06
 2.233e+01 4.3559e-05 4.2156e-02 4.2152e-02 2.3227e-06
 2.244e+01 4.1052e-05 4.2156e-02 4.2152e-02 2.1913e-06
 2.255e+01 3.8691e-05 4.2156e-02 4.2152e-02 2.0673e-06
 2.267e+01 3.6467e-05 4.2156e-02 4.2152e-02 1.9503e-06
 2.278e+01 3.4372e-05 4.2155e-02 4.2153e-02 1.8399e-06
 2.289e+01 3.2398e-05 4.2155e-02 4.2153e-02 1.7357e-06
 2.301e+01 3.0539e-05 4.2155e-02 4.2153e-02 1.6375e-06
 2.312e+01 2.8787e-05 4.2155e-02 4.2153e-02 1.5448e-06
 2.323e+01 2.7137e-05 4.2155e-02 4.2153e-02 1.4573e-06
 2.335e+01 2.5582e-05 4.2155e-02 4.2153e-02 1.3748e-06
 2.346e+01 2.4117e-05 4.2155e-02 4.2153e-02 1.2970e-06
 2.357e+01 2.2736e-05 4.2155e-02 4.2153e-02 1.2236e-06
 2.369e+01 2.1435e-05 4.2155e-02 4.2153e-02 1.1543e-06
 2.380e+01 2.0209e-05 4.2155e-02 4.2153e-02 1.0889e-06
 2.391e+01 1.9053e-05 4.2155e-02 4.2153e-02 1.0273e-06
 2.403e+01 1.7964e-05 4.2155e-02 4.2153e-02 9.6912e-07
 2.414e+01 1.6938e-05 4.2155e-02 4.2153e-02 9.1425e-07
 2.425e+01 1.5970e-05 4.2155e-02 4.2153e-02 8.6248e-07
 2.437e+01 1.5058e-05 4.2155e-02 4.2153e-02 8.1364e-07
 2.448e+01 1.4199e-05 4.2155e-02 4.2153e-02 7.6756e-07
 2.459e+01 1.3389e-05 4.2155e-02 4.2153e-02 7.2409e-07
 2.471e+01 1.2625e-05 4.2155e-02 4.2153e-02 6.8309e-07
 2.482e+01 1.1905e-05 4.2155e-02 4.2153e-02 6.4440e-07
 2.493e+01 1.1226e-05 4.2154e-02 4.2154e-02 6.0791e-07
 2.505e+01 1.0586e-05 4.2154e-02 4.2154e-02 5.7348e-07
 2.516e+01 9.9828e-06 4.2154e-02 4.2154e-02 5.4100e-07
 2.527e+01 9.4141e-06 4.2154e-02 4.2154e-02 5.1036e-07
 2.539e+01 8.8778e-06 4.2154e-02 4.2154e-02 4.8146e-07
 2.550e+01 8.3723e-06 4.2154e-02 4.2154e-02 4.5419e-07
 2.561e+01 7.8956e-06 4.2154e-02 4.2154e-02 4.2847e-07
 2.573e+01 7.4461e-06 4.2154e-02 4.2154e-02 4.0420e-07
 2.584e+01 7.0223e-06 4.2154e-02 4.2154e-02 3.8131e-07
 2.595e+01 6.6227e-06 4.2154e-02 4.2154e-02 3.5971e-07
 2.607e+01 6.2459e-06 4.2154e-02 4.2154e-02 3.3934e-07
 2.618e+01 5.8907e-06 4.2154e-02 4.2154e-02 3.2012e-07
 2.629e+01 5.5556e-06 4.2154e-02 4.2154e-02 3.0198e-07
 2.641e+01 5.2397e-06 4.2154e-02 4.2154e-02 2.8488e-07
 2.652e+01 4.9418e-06 4.2154e-02 4.2154e-02 2.6874e-07
 2.663e+01 4.6609e-06 4.2154e-02 4.2154e-02 2.5352e-07
 2.675e+01 4.3959e-06 4.2154e-02 4.2154e-02 2.3916e-07
 2.686e+01 4.1461e-06 4.2154e-02 4.2154e-02 2.2561e-07
 2.697e+01 3.9105e-06 4.2154e-02 4.2154e-02 2.1284e-07
 2.709e+01 3.6883e-06 4.2154e-02 4.2154e-02 2.0078e-07
 2.720e+01 3.4788e-06 4.2154e-02 4.2154e-02 1.8941e-07
 2.731e+01 3.2812e-06 4.2154e-02 4.2154e-02 1.7868e-07
 2.743e+01 3.0948e-06 4.2154e-02 4.2154e-02 1.6856e-07
 2.754e+01 2.9190e-06 4.2154e-02 4.2154e-02 1.5901e-07
 2.765e+01 2.7533e-06 4.2154e-02 4.2154e-02 1.5000e-07
 2.777e+01 2.5969e-06 4.2154e-02 4.2154e-02 1.4151e-07
 2.788e+01 2.4495e-06 4.2154e-02 4.2154e-02 1.3349e-07
 2.799e+01 2.3104e-06 4.2154e-02 4.2154e-02 1.2593e-07
 2.811e+01 2.1793e-06 4.2154e-02 4.2154e-02 1.1879e-07
 2.822e+01 2.0556e-06 4.2154e-02 4.2154e-02 1.1207e-07
 2.833e+01 1.9389e-06 4.2154e-02 4.2154e-02 1.0572e-07
 2.845e+01 1.8289e-06 4.2154e-02 4.2154e-02 9.9729e-08
 2.856e+01 1.7251e-06 4.2154e-02 4.2154e-02 9.4080e-08
 2.867e+01 1.6272e-06 4.2154e-02 4.2154e-02 8.8750e-08
 2.879e+01 1.5349e-06 4.2154e-02 4.2154e-02 8.3723e-08
 2.890e+01 1.4478e-06 4.2154e-02 4.2154e-02 7.8980e-08
 2.901e+01 1.3656e-06 4.2154e-02 4.2154e-02 7.4506e-08
 2.913e+01 1.2882e-06 4.2154e-02 4.2154e-02 7.0285e-08
 2.924e+01 1.2151e-06 4.2154e-02 4.2154e-02 6.6304e-08
 2.935e+01 1.1462e-06 4.2154e-02 4.2154e-02 6.2548e-08
 2.947e+01 1.0812e-06 4.2154e-02 4.2154e-02 5.9004e-08
 2.958e+01 1.0198e-06 4.2154e-02 4.2154e-02 5.5662e-08
 2.969e+01 9.6199e-07 4.2154e-02 4.2154e-02 5.2508e-08
 2.981e+01 9.0743e-07 4.2154e-02 4.2154e-02 4.9534e-08
 2.992e+01 8.5597e-07 4.2154e-02 4.2154e-02 4.6728e-08
 3.003e+01 8.0743e-07 4.2154e-02 4.2154e-02 4.4081e-08
 3.015e+01 7.6164e-07 4.2154e-02 4.2154e-02 4.1583e-08
 3.026e+01 7.1845e-07 4.2154e-02 4.2154e-02 3.9228e-08
 3.037e+01 6.7771e-07 4.2154e-02 4.2154e-02 3.7005e-08
 3.049e+01 6.3929e-07 4.2154e-02 4.2154e-02 3.4909e-08
 3.060e+01 6.0304e-07 4.2154e-02 4.2154e-02 3.2931e-08
 3.071e+01 5.6885e-07 4.2154e-02 4.2154e-02 3.1065e-08
 3.083e+01 5.3660e-07 4.2154e-02 4.2154e-02 2.9305e-08
 3.094e+01 5.0617e-07 4.2154e-02 4.2154e-02 2.7645e-08
 3.105e+01 4.7748e-07 4.2154e-02 4.2154e-02 2.6079e-08
 3.117e+01 4.5041e-07 4.2154e-02 4.2154e-02 2.4601e-08
 3.128e+01 4.2487e-07 4.2154e-02 4.2154e-02 2.3208e-08
 3.139e+01 4.0079e-07 4.2154e-02 4.2154e-02 2.1893e-08
 3.151e+01 3.7807e-07 4.2154e-02 4.2154e-02 2.0652e-08
 3.162e+01 3.5664e-07 4.2154e-02 4.2154e-02 1.9482e-08
 3.173e+01 3.3642e-07 4.2154e-02 4.2154e-02 1.8378e-08
 3.185e+01 3.1735e-07 4.2154e-02 4.2154e-02 1.7337e-08
 3.196e+01 2.9936e-07 4.2154e-02 4.2154e-02 1.6355e-08
 3.207e+01 2.8239e-07 4.2154e-02 4.2154e-02 1.5428e-08
 3.219e+01 2.6639e-07 4.2154e-02 4.2154e-02 1.4554e-08
 3.230e+01 2.5129e-07 4.2154e-02 4.2154e-02 1.3729e-08
 3.241e+01 2.3704e-07 4.2154e-02 4.2154e-02 1.2951e-08
 3.253e+01 2.2361e-07 4.2154e-02 4.2154e-02 1.2218e-08
 3.264e+01 2.1093e-07 4.2154e-02 4.2154e-02 1.1525e-08
 3.275e+01 1.9898e-07 4.2154e-02 4.2154e-02 1.0872e-08
 3.287e+01 1.8770e-07 4.2154e-02 4.2154e-02 1.0256e-08
 3.298e+01 1.7706e-07 4.2154e-02 4.2154e-02 9.6751e-09
 3.309e+01 1.6703e-07 4.2154e-02 4.2154e-02 9.1268e-09
 3.321e+01 1.5756e-07 4.2154e-02 4.2154e-02 8.6096e-09
 3.332e+01 1.4863e-07 4.2154e-02 4.2154e-02 8.1218e-09
 3.343e+01 1.4020e-07 4.2154e-02 4.2154e-02 7.6615e-09
 3.355e+01 1.3226e-07 4.2154e-02 4.2154e-02 7.2274e-09
 3.366e+01 1.2476e-07 4.2154e-02 4.2154e-02 6.8178e-09
 3.377e+01 1.1769e-07 4.2154e-02 4.2154e-02 6.4314e-09
 3.389e+01 1.1102e-07 4.2154e-02 4.2154e-02 6.0669e-09
 3.400e+01 1.0473e-07 4.2154e-02 4.2154e-02 5.7231e-09
 3.411e+01 9.8792e-08 4.2154e-02 4.2154e-02 5.3988e-09
 3.423e+01 9.3193e-08 4.2154e-02 4.2154e-02 5.0928e-09
 3.434e+01 8.7911e-08 4.2154e-02 4.2154e-02 4.8042e-09
 3.445e+01 8.2928e-08 4.2154e-02 4.2154e-02 4.5319e-09
 3.457e+01 7.8228e-08 4.2154e-02 4.2154e-02 4.2751e-09
 3.468e+01 7.3794e-08 4.2154e-02 4.2154e-02 4.0328e-09
 3.479e+01 6.9612e-08 4.2154e-02 4.2154e-02 3.8042e-09
 3.491e+01 6.5666e-08 4.2154e-02 4.2154e-02 3.5886e-09
 3.502e+01 6.1944e-08 4.2154e-02 4.2154e-02 3.3852e-09
 3.513e+01 5.8433e-08 4.2154e-02 4.2154e-02 3.1933e-09
 3.525e+01 5.5121e-08 4.2154e-02 4.2154e-02 3.0123e-09
 3.536e+01 5.1997e-08 4.2154e-02 4.2154e-02 2.8415e-09
 3.547e+01 4.9050e-08 4.2154e-02 4.2154e-02 2.6805e-09
 3.559e+01 4.6269e-08 4.2154e-02 4.2154e-02 2.5285e-09
 3.570e+01 4.3647e-08 4.2154e-02 4.2154e-02 2.3852e-09
 3.581e+01 4.1173e-08 4.2154e-02 4.2154e-02 2.2500e-09
 3.593e+01 3.8839e-08 4.2154e-02 4.2154e-02 2.1224e-09
 3.604e+01 3.6637e-08 4.2154e-02 4.2154e-02 2.0021e-09
 3.615e+01 3.4560e-08 4.2154e-02 4.2154e-02 1.8886e-09
 3.627e+01 3.2601e-08 4.2154e-02 4.2154e-02 1.7815e-09
 3.638e+01 3.0753e-08 4.2154e-02 4.2154e-02 1.6805e-09
 3.649e+01 2.9010e-08 4.2154e-02 4.2154e-02 1.5852e-09
 3.661e+01 2.7365e-08 4.2154e-02 4.2154e-02 1.4953e-09
 3.672e+01 2.5814e-08 4.2154e-02 4.2154e-02 1.4106e-09
 3.683e+01 2.4351e-08 4.2154e-02 4.2154e-02 1.3306e-09
 3.695e+01 2.2970e-08 4.2154e-02 4.2154e-02 1.2551e-09
 3.706e+01 2.1668e-08 4.2154e-02 4.2154e-02 1.1839e-09
 3.717e+01 2.0440e-08 4.2154e-02 4.2154e-02 1.1168e-09
 3.729e+01 1.9281e-08 4.2154e-02 4.2154e-02 1.0535e-09
 3.740e+01 1.8188e-08 4.2154e-02 4.2154e-02 9.9373e-10
 3.751e+01 1.7156e-08 4.2154e-02 4.2154e-02 9.3737e-10
 3.763e+01 1.6184e-08 4.2154e-02 4.2154e-02 8.8421e-10
 3.774e+01 1.5266e-08 4.2154e-02 4.2154e-02 8.3406e-10
 3.785e+01 1.4400e-08 4.2154e-02 4.2154e-02 7.8675e-10
 3.797e+01 1.3584e-08 4.2154e-02 4.2154e-02 7.4213e-10
 3.808e+01 1.2814e-08 4.2154e-02 4.2154e-02 7.0003e-10
 3.819e+01 1.2087e-08 4.2154e-02 4.2154e-02 6.6032e-10
 3.831e+01 1.1402e-08 4.2154e-02 4.2154e-02 6.2286e-10
 3.842e+01 1.0755e-08 4.2154e-02 4.2154e-02 5.8753e-10
 3.853e+01 1.0145e-08 4.2154e-02 4.2154e-02 5.5419e-10
 3.865e+01 9.5698e-09 4.2154e-02 4.2154e-02 5.2275e-10
 3.876e+01 9.0271e-09 4.2154e-02 4.2154e-02 4.9309e-10
 3.887e+01 8.5151e-09 4.2154e-02 4.2154e-02 4.6511e-10
 3.899e+01 8.0321e-09 4.2154e-02 4.2154e-02 4.3872e-10
 3.910e+01 7.5766e-09 4.2154e-02 4.2154e-02 4.1383e-10
 3.921e+01 7.1468e-09 4.2154e-02 4.2154e-02 3.9034e-10
 3.933e+01 6.7414e-09 4.2154e-02 4.2154e-02 3.6819e-10
 3.944e+01 6.3590e-09 4.2154e-02 4.2154e-02 3.4729e-10
 3.955e+01 5.9983e-09 4.2154e-02 4.2154e-02 3.2758e-10
 3.967e+01 5.6580e-09 4.2154e-02 4.2154e-02 3.0899e-10
 3.978e+01 5.3371e-09 4.2154e-02 4.2154e-02 2.9145e-10
 3.989e+01 5.0343e-09 4.2154e-02 4.2154e-02 2.7491e-10
 4.001e+01 4.7486e-09 4.2154e-02 4.2154e-02 2.5930e-10
 4.012e+01 4.4792e-09 4.2154e-02 4.2154e-02 2.4458e-10
 4.023e+01 4.2251e-09 4.2154e-02 4.2154e-02 2.3069e-10
 4.035e+01 3.9853e-09 4.2154e-02 4.2154e-02 2.1760e-10
 4.046e+01 3.7592e-09 4.2154e-02 4.2154e-02 2.0524e-10
 4.057e+01 3.5459e-09 4.2154e-02 4.2154e-02 1.9359e-10
 4.069e+01 3.3446e-09 4.2154e-02 4.2154e-02 1.8259e-10
 4.080e+01 3.1548e-09 4.2154e-02 4.2154e-02 1.7222e-10
 4.091e+01 2.9758e-09 4.2154e-02 4.2154e-02 1.6244e-10
 4.103e+01 2.8069e-09 4.2154e-02 4.2154e-02 1.5321e-10
 4.114e+01 2.6476e-09 4.2154e-02 4.2154e-02 1.4451e-10
 4.125e+01 2.4973e-09 4.2154e-02 4.2154e-02 1.3630e-10
 4.137e+01 2.3555e-09 4.2154e-02 4.2154e-02 1.2856e-10
 4.148e+01 2.2218e-09 4.2154e-02 4.2154e-02 1.2125e-10
 4.159e+01 2.0957e-09 4.2154e-02 4.2154e-02 1.1436e-10
 4.171e+01 1.9767e-09 4.2154e-02 4.2154e-02 1.0787e-10
 4.182e+01 1.8644e-09 4.2154e-02 4.2154e-02 1.0174e-10
 4.193e+01 1.7586e-09 4.2154e-02 4.2154e-02 9.5954e-11
 4.205e+01 1.6587e-09 4.2154e-02 4.2154e-02 9.0500e-11
 4.216e+01 1.5645e-09 4.2154e-02 4.2154e-02 8.5356e-11
 4.227e+01 1.4757e-09 4.2154e-02 4.2154e-02 8.0504e-11
 4.239e+01 1.3919e-09 4.2154e-02 4.2154e-02 7.5927e-11
 4.250e+01 1.3128e-09 4.2154e-02 4.2154e-02 7.1610e-11
 4.261e+01 1.2382e-09 4.2154e-02 4.2154e-02 6.7538e-11
 4.273e+01 1.1679e-09 4.2154e-02 4.2154e-02 6.3698e-11
 4.284e+01 1.1015e-09 4.2154e-02 4.2154e-02 6.0075e-11
 4.295e+01 1.0390e-09 4.2154e-02 4.2154e-02 5.6658e-11
 4.307e+01 9.7992e-10 4.2154e-02 4.2154e-02 5.3436e-11
 4.318e+01 9.2424e-10 4.2154e-02 4.2154e-02 5.0396e-11
 4.329e+01 8.7172e-10 4.2154e-02 4.2154e-02 4.7529e-11
 4.341e+01 8.2218e-10 4.2154e-02 4.2154e-02 4.4824e-11
 4.352e+01 7.7545e-10 4.2154e-02 4.2154e-02 4.2274e-11
 4.363e+01 7.3137e-10 4.2154e-02 4.2154e-02 3.9868e-11
 4.375e+01 6.8980e-10 4.2154e-02 4.2154e-02 3.7599e-11
 4.386e+01 6.5058e-10 4.2154e-02 4.2154e-02 3.5459e-11
 4.397e+01 6.1360e-10 4.2154e-02 4.2154e-02 3.3440e-11
 4.409e+01 5.7871e-10 4.2154e-02 4.2154e-02 3.1536e-11
 4.420e+01 5.4580e-10 4.2154e-02 4.2154e-02 2.9740e-11
 4.431e+01 5.1476e-10 4.2154e-02 4.2154e-02 2.8047e-11
 4.443e+01 4.8549e-10 4.2154e-02 4.2154e-02 2.6449e-11
 4.454e+01 4.5787e-10 4.2154e-02 4.2154e-02 2.4943e-11
 4.465e+01 4.3183e-10 4.2154e-02 4.2154e-02 2.3522e-11
 4.477e+01 4.0726e-10 4.2154e-02 4.2154e-02 2.2182e-11
 4.488e+01 3.8409e-10 4.2154e-02 4.2154e-02 2.0918e-11
 4.499e+01 3.6223e-10 4.2154e-02 4.2154e-02 1.9726e-11
 4.511e+01 3.4162e-10 4.2154e-02 4.2154e-02 1.8602e-11
 4.522e+01 3.2218e-10 4.2154e-02 4.2154e-02 1.7541e-11
 4.533e+01 3.0384e-10 4.2154e-02 4.2154e-02 1.6541e-11
 4.545e+01 2.8655e-10 4.2154e-02 4.2154e-02 1.5598e-11
 4.556e+01 2.7023e-10 4.2154e-02 4.2154e-02 1.4709e-11
 4.567e+01 2.5485e-10 4.2154e-02 4.2154e-02 1.3870e-11
 4.579e+01 2.4034e-10 4.2154e-02 4.2154e-02 1.3078e-11
 4.590e+01 2.2665e-10 4.2154e-02 4.2154e-02 1.2332e-11
 4.601e+01 2.1374e-10 4.2154e-02 4.2154e-02 1.1629e-11
 4.613e+01 2.0157e-10 4.2154e-02 4.2154e-02 1.0965e-11
 4.624e+01 1.9008e-10 4.2154e-02 4.2154e-02 1.0339e-11
 4.635e+01 1.7925e-10 4.2154e-02 4.2154e-02 9.7490e-12
 4.647e+01 1.6904e-10 4.2154e-02 4.2154e-02 9.1924e-12
 4.658e+01 1.5941e-10 4.2154e-02 4.2154e-02 8.6675e-12
 4.669e+01 1.5032e-10 4.2154e-02 4.2154e-02 8.1725e-12
 4.681e+01 1.4175e-10 4.2154e-02 4.2154e-02 7.7057e-12
 4.692e+01 1.3367e-10 4.2154e-02 4.2154e-02 7.2654e-12
 4.703e+01 1.2605e-10 4.2154e-02 4.2154e-02 6.8503e-12
 4.715e+01 1.1886e-10 4.2154e-02 4.2154e-02 6.4588e-12
 4.726e+01 1.1208e-10 4.2154e-02 4.2154e-02 6.0896e-12
 4.737e+01 1.0569e-10 4.2154e-02 4.2154e-02 5.7415e-12
 4.749e+01 9.9660e-11 4.2154e-02 4.2154e-02 5.4132e-12
 4.760e+01 9.3974e-11 4.2154e-02 4.2154e-02 5.1036e-12
 4.771e+01 8.8611e-11 4.2154e-02 4.2154e-02 4.8117e-12
 4.783e+01 8.3554e-11 4.2154e-02 4.2154e-02 4.5364e-12
 4.794e+01 7.8784e-11 4.2154e-02 4.2154e-02 4.2768e-12
 4.805e+01 7.4286e-11 4.2154e-02 4.2154e-02 4.0320e-12
 4.817e+01 7.0045e-11 4.2154e-02 4.2154e-02 3.8012e-12
 4.828e+01 6.6045e-11 4.2154e-02 4.2154e-02 3.5836e-12
 4.839e+01 6.2272e-11 4.2154e-02 4.2154e-02 3.3783e-12
 4.851e+01 5.8715e-11 4.2154e-02 4.2154e-02 3.1848e-12
 4.862e+01 5.5360e-11 4.2154e-02 4.2154e-02 3.0024e-12
 4.873e+01 5.2197e-11 4.2154e-02 4.2154e-02 2.8303e-12
 4.885e+01 4.9213e-11 4.2154e-02 4.2154e-02 2.6681e-12
 4.896e+01 4.6400e-11 4.2154e-02 4.2154e-02 2.5152e-12
 4.907e+01 4.3747e-11 4.2154e-02 4.2154e-02 2.3709e-12
 4.919e+01 4.1246e-11 4.2154e-02 4.2154e-02 2.2350e-12
 4.930e+01 3.8887e-11 4.2154e-02 4.2154e-02 2.1068e-12
 4.941e+01 3.6662e-11 4.2154e-02 4.2154e-02 1.9859e-12
 4.953e+01 3.4564e-11 4.2154e-02 4.2154e-02 1.8719e-12
 4.964e+01 3.2587e-11 4.2154e-02 4.2154e-02 1.7645e-12
 4.975e+01 3.0721e-11 4.2154e-02 4.2154e-02 1.6631e-12
 4.987e+01 2.8963e-11 4.2154e-02 4.2154e-02 1.5676e-12
 4.998e+01 2.7304e-11 4.2154e-02 4.2154e-02 1.4776e-12
 5.009e+01 2.5741e-11 4.2154e-02 4.2154e-02 1.3927e-12
 5.021e+01 2.4266e-11 4.2154e-02 4.2154e-02 1.3126e-12
 5.032e+01 2.2876e-11 4.2154e-02 4.2154e-02 1.2372e-12
 5.043e+01 2.1565e-11 4.2154e-02 4.2154e-02 1.1660e-12
 5.055e+01 2.0329e-11 4.2154e-02 4.2154e-02 1.0990e-12
 5.066e+01 1.9164e-11 4.2154e-02 4.2154e-02 1.0357e-12
 5.077e+01 1.8065e-11 4.2154e-02 4.2154e-02 9.7614e-13
 5.089e+01 1.7029e-11 4.2154e-02 4.2154e-02 9.1995e-13
 5.100e+01 1.6052e-11 4.2154e-02 4.2154e-02 8.6698e-13
 5.111e+01 1.5131e-11 4.2154e-02 4.2154e-02 8.1705e-13
 5.123e+01 1.4262e-11 4.2154e-02 4.2154e-02 7.6998e-13
 5.134e+01 1.3444e-11 4.2154e-02 4.2154e-02 7.2561e-13
 5.145e+01 1.2672e-11 4.2154e-02 4.2154e-02 6.8379e-13
 5.157e+01 1.1944e-11 4.2154e-02 4.2154e-02 6.4436e-13
 5.168e+01 1.1258e-11 4.2154e-02 4.2154e-02 6.0720e-13
 5.179e+01 1.0611e-11 4.2154e-02 4.2154e-02 5.7217e-13
 5.191e+01 1.0001e-11 4.2154e-02 4.2154e-02 5.3915e-13
 5.202e+01 9.4264e-12 4.2154e-02 4.2154e-02 5.0803e-13
 5.213e+01 8.8844e-12 4.2154e-02 4.2154e-02 4.7869e-13
 5.225e+01 8.3735e-12 4.2154e-02 4.2154e-02 4.5104e-13
 5.236e+01 7.8918e-12 4.2154e-02 4.2154e-02 4.2498e-13
 5.247e+01 7.4377e-12 4.2154e-02 4.2154e-02 4.0042e-13
 5.259e+01 7.0096e-12 4.2154e-02 4.2154e-02 3.7727e-13
 5.270e+01 6.6060e-12 4.2154e-02 4.2154e-02 3.5545e-13
 5.281e+01 6.2256e-12 4.2154e-02 4.2154e-02 3.3489e-13
 5.293e+01 5.8670e-12 4.2154e-02 4.2154e-02 3.1551e-13
 5.304e+01 5.5290e-12 4.2154e-02 4.2154e-02 2.9725e-13
 5.315e+01 5.2103e-12 4.2154e-02 4.2154e-02 2.8003e-13
 5.327e+01 4.9100e-12 4.2154e-02 4.2154e-02 2.6381e-13
 5.338e+01 4.6268e-12 4.2154e-02 4.2154e-02 2.4852e-13
 5.349e+01 4.3599e-12 4.2154e-02 4.2154e-02 2.3412e-13
 5.361e+01 4.1084e-12 4.2154e-02 4.2154e-02 2.2054e-13
 5.372e+01 3.8713e-12 4.2154e-02 4.2154e-02 2.0775e-13
 5.383e+01 3.6478e-12 4.2154e-02 4.2154e-02 1.9570e-13
 5.395e+01 3.4371e-12 4.2154e-02 4.2154e-02 1.8434e-13
 5.406e+01 3.2386e-12 4.2154e-02 4.2154e-02 1.7363e-13
 5.417e+01 3.0515e-12 4.2154e-02 4.2154e-02 1.6355e-13
 5.429e+01 2.8751e-12 4.2154e-02 4.2154e-02 1.5404e-13
 5.440e+01 2.7089e-12 4.2154e-02 4.2154e-02 1.4509e-13
 5.451e+01 2.5522e-12 4.2154e-02 4.2154e-02 1.3665e-13
 5.463e+01 2.4045e-12 4.2154e-02 4.2154e-02 1.2870e-13
 5.474e+01 2.2654e-12 4.2154e-02 4.2154e-02 1.2121e-13
 5.485e+01 2.1342e-12 4.2154e-02 4.2154e-02 1.1415e-13
 5.497e+01 2.0106e-12 4.2154e-02 4.2154e-02 1.0751e-13
 5.508e+01 1.8942e-12 4.2154e-02 4.2154e-02 1.0124e-13
 5.519e+01 1.7844e-12 4.2154e-02 4.2154e-02 9.5341e-14
 5.531e+01 1.6810e-12 4.2154e-02 4.2154e-02 8.9782e-14
 5.542e+01 1.5835e-12 4.2154e-02 4.2154e-02 8.4544e-14
 5.553e+01 1.4917e-12 4.2154e-02 4.2154e-02 7.9611e-14
 5.565e+01 1.4051e-12 4.2154e-02 4.2154e-02 7.4963e-14
 5.576e+01 1.3236e-12 4.2154e-02 4.2154e-02 7.0585e-14
 5.587e+01 1.2467e-12 4.2154e-02 4.2154e-02 6.6461e-14
 5.599e+01 1.1743e-12 4.2154e-02 4.2154e-02 6.2576e-14
 5.610e+01 1.1061e-12 4.2154e-02 4.2154e-02 5.8917e-14
 5.621e+01 1.0418e-12 4.2154e-02 4.2154e-02 5.5470e-14
 5.633e+01 9.8119e-13 4.2154e-02 4.2154e-02 5.2224e-14
 5.644e+01 9.2412e-13 4.2154e-02 4.2154e-02 4.9166e-14
 5.655e+01 8.7035e-13 4.2154e-02 4.2154e-02 4.6286e-14
 5.667e+01 8.1968e-13 4.2154e-02 4.2154e-02 4.3574e-14
 5.678e+01 7.7195e-13 4.2154e-02 4.2154e-02 4.1019e-14
 5.689e+01 7.2698e-13 4.2154e-02 4.2154e-02 3.8613e-14
 5.701e+01 6.8462e-13 4.2154e-02 4.2154e-02 3.6347e-14
 5.712e+01 6.4471e-13 4.2154e-02 4.2154e-02 3.4214e-14
 5.723e+01 6.0711e-13 4.2154e-02 4.2154e-02 3.2204e-14
 5.735e+01 5.7169e-13 4.2154e-02 4.2154e-02 3.0312e-14
 5.746e+01 5.3832e-13 4.2154e-02 4.2154e-02 2.8530e-14
 5.757e+01 5.0689e-13 4.2154e-02 4.2154e-02 2.6852e-14
 5.769e+01 4.7728e-13 4.2154e-02 4.2154e-02 2.5272e-14
 5.780e+01 4.4939e-13 4.2154e-02 4.2154e-02 2.3784e-14
 5.791e+01 4.2312e-13 4.2154e-02 4.2154e-02 2.2383e-14
 5.803e+01 3.9837e-13 4.2154e-02 4.2154e-02 2.1065e-14
 5.814e+01 3.7507e-13 4.2154e-02 4.2154e-02 1.9823e-14
 5.825e+01 3.5311e-13 4.2154e-02 4.2154e-02 1.8654e-14
 5.837e+01 3.3244e-13 4.2154e-02 4.2154e-02 1.7553e-14
 5.848e+01 3.1296e-13 4.2154e-02 4.2154e-02 1.6517e-14
 5.859e+01 2.9462e-13 4.2154e-02 4.2154e-02 1.5541e-14
 5.871e+01 2.7735e-13 4.2154e-02 4.2154e-02 1.4623e-14
 5.882e+01 2.6108e-13 4.2154e-02 4.2154e-02 1.3758e-14
 5.893e+01 2.4576e-13 4.2154e-02 4.2154e-02 1.2944e-14
 5.905e+01 2.3133e-13 4.2154e-02 4.2154e-02 1.2178e-14
 5.916e+01 2.1775e-13 4.2154e-02 4.2154e-02 1.1457e-14
 5.927e+01 2.0495e-13 4.2154e-02 4.2154e-02 1.0778e-14
 5.939e+01 1.9291e-13 4.2154e-02 4.2154e-02 1.0139e-14
 5.950e+01 1.8156e-13 4.2154e-02 4.2154e-02 9.5380e-15
 5.961e+01 1.7088e-13 4.2154e-02 4.2154e-02 8.9721e-15
 5.973e+01 1.6082e-13 4.2154e-02 4.2154e-02 8.4394e-15
 5.984e+01 1.5135e-13 4.2154e-02 4.2154e-02 7.9381e-15
 5.995e+01 1.4243e-13 4.2154e-02 4.2154e-02 7.4664e-15
 6.007e+01 1.3404e-13 4.2154e-02 4.2154e-02 7.0224e-15
 6.018e+01 1.2614e-13 4.2154e-02 4.2154e-02 6.6046e-15
 6.029e+01 1.1869e-13 4.2154e-02 4.2154e-02 6.2115e-15
 6.041e+01 1.1169e-13 4.2154e-02 4.2154e-02 5.8415e-15
 6.052e+01 1.0509e-13 4.2154e-02 4.2154e-02 5.4934e-15
 6.063e+01 9.8883e-14 4.2154e-02 4.2154e-02 5.1659e-15
 6.075e+01 9.3038e-14 4.2154e-02 4.2154e-02 4.8577e-15
 6.086e+01 8.7536e-14 4.2154e-02 4.2154e-02 4.5678e-15
 6.097e+01 8.2357e-14 4.2154e-02 4.2154e-02 4.2950e-15
 6.109e+01 7.7482e-14 4.2154e-02 4.2154e-02 4.0384e-15
 6.120e+01 7.2893e-14 4.2154e-02 4.2154e-02 3.7969e-15
 6.131e+01 6.8574e-14 4.2154e-02 4.2154e-02 3.5698e-15
 6.143e+01 6.4509e-14 4.2154e-02 4.2154e-02 3.3561e-15
 6.154e+01 6.0683e-14 4.2154e-02 4.2154e-02 3.1551e-15
 6.165e+01 5.7082e-14 4.2154e-02 4.2154e-02 2.9661e-15
 6.177e+01 5.3693e-14 4.2154e-02 4.2154e-02 2.7882e-15
 6.188e+01 5.0503e-14 4.2154e-02 4.2154e-02 2.6209e-15
 6.199e+01 4.7502e-14 4.2154e-02 4.2154e-02 2.4636e-15
 6.211e+01 4.4677e-14 4.2154e-02 4.2154e-02 2.3157e-15
 6.222e+01 4.2019e-14 4.2154e-02 4.2154e-02 2.1765e-15
 6.233e+01 3.9518e-14 4.2154e-02 4.2154e-02 2.0456e-15
 6.245e+01 3.7165e-14 4.2154e-02 4.2154e-02 1.9225e-15
 6.256e+01 3.4950e-14 4.2154e-02 4.2154e-02 1.8068e-15
 6.267e+01 3.2866e-14 4.2154e-02 4.2154e-02 1.6980e-15
 6.279e+01 3.0906e-14 4.2154e-02 4.2154e-02 1.5956e-15
 6.290e+01 2.9062e-14 4.2154e-02 4.2154e-02 1.4994e-15
 6.301e+01 2.7326e-14 4.2154e-02 4.2154e-02 1.4089e-15
 6.313e+01 2.5694e-14 4.2154e-02 4.2154e-02 1.3238e-15
 6.324e+01 2.4158e-14 4.2154e-02 4.2154e-02 1.2438e-15
 6.335e+01 2.2713e-14 4.2154e-02 4.2154e-02 1.1686e-15
 6.347e+01 2.1354e-14 4.2154e-02 4.2154e-02 1.0979e-15
 6.358e+01 2.0075e-14 4.2154e-02 4.2154e-02 1.0315e-15
 6.369e+01 1.8873e-14 4.2154e-02 4.2154e-02 9.6901e-16
 6.381e+01 1.7741e-14 4.2154e-02 4.2154e-02 9.1028e-16
 6.392e+01 1.6677e-14 4.2154e-02 4.2154e-02 8.5508e-16
 6.403e+01 1.5677e-14 4.2154e-02 4.2154e-02 8.0319e-16
 6.415e+01 1.4735e-14 4.2154e-02 4.2154e-02 7.5442e-16
 6.426e+01 1.3850e-14 4.2154e-02 4.2154e-02 7.0859e-16
 6.437e+01 1.3018e-14 4.2154e-02 4.2154e-02 6.6551e-16
 6.449e+01 1.2235e-14 4.2154e-02 4.2154e-02 6.2502e-16
 6.460e+01 1.1499e-14 4.2154e-02 4.2154e-02 5.8698e-16
 6.471e+01 1.0806e-14 4.2154e-02 4.2154e-02 5.5122e-16
 6.483e+01 1.0155e-14 4.2154e-02 4.2154e-02 5.1763e-16
 6.494e+01 9.5431e-15 4.2154e-02 4.2154e-02 4.8606e-16
 6.505e+01 8.9676e-15 4.2154e-02 4.2154e-02 4.5640e-16
 6.517e+01 8.4264e-15 4.2154e-02 4.2154e-02 4.2853e-16
 6.528e+01 7.9176e-15 4.2154e-02 4.2154e-02 4.0234e-16
 6.539e+01 7.4392e-15 4.2154e-02 4.2154e-02 3.7774e-16
 6.551e+01 6.9895e-15 4.2154e-02 4.2154e-02 3.5463e-16
 6.562e+01 6.5667e-15 4.2154e-02 4.2154e-02 3.3292e-16
 6.573e+01 6.1693e-15 4.2154e-02 4.2154e-02 3.1252e-16
 6.585e+01 5.7957e-15 4.2154e-02 4.2154e-02 2.9336e-16
 6.596e+01 5.4445e-15 4.2154e-02 4.2154e-02 2.7536e-16
 6.607e+01 5.1144e-15 4.2154e-02 4.2154e-02 2.5846e-16
 6.619e+01 4.8041e-15 4.2154e-02 4.2154e-02 2.4258e-16
 6.630e+01 4.5125e-15 4.2154e-02 4.2154e-02 2.2767e-16
 6.641e+01 4.2384e-15 4.2154e-02 4.2154e-02 2.1367e-16
 6.653e+01 3.9808e-15 4.2154e-02 4.2154e-02 2.0052e-16
 6.664e+01 3.7387e-15 4.2154e-02 4.2154e-02 1.8817e-16
 6.675e+01 3.5112e-15 4.2154e-02 4.2154e-02 1.7657e-16
 6.687e+01 3.2974e-15 4.2154e-02 4.2154e-02 1.6568e-16
 6.698e+01 3.0965e-15 4.2154e-02 4.2154e-02 1.5546e-16
 6.709e+01 2.9077e-15 4.2154e-02 4.2154e-02 1.4586e-16
 6.721e+01 2.7304e-15 4.2154e-02 4.2154e-02 1.3685e-16
 6.732e+01 2.5637e-15 4.2154e-02 4.2154e-02 1.2838e-16
 6.743e+01 2.4071e-15 4.2154e-02 4.2154e-02 1.2044e-16
 6.755e+01 2.2600e-15 4.2154e-02 4.2154e-02 1.1298e-16
 6.766e+01 2.1218e-15 4.2154e-02 4.2154e-02 1.0598e-16
 6.777e+01 1.9920e-15 4.2154e-02 4.2154e-02 9.9409e-17
 6.789e+01 1.8700e-15 4.2154e-02 4.2154e-02 9.3241e-17
 6.800e+01 1.7555e-15 4.2154e-02 4.2154e-02 8.7452e-17
 6.811e+01 1.6479e-15 4.2154e-02 4.2154e-02 8.2019e-17
 6.823e+01 1.5468e-15 4.2154e-02 4.2154e-02 7.6919e-17
 6.834e+01 1.4518e-15 4.2154e-02 4.2154e-02 7.2133e-17
 6.845e+01 1.3627e-15 4.2154e-02 4.2154e-02 6.7642e-17
 6.857e+01 1.2789e-15 4.2154e-02 4.2154e-02 6.3428e-17
 6.868e+01 1.2003e-15 4.2154e-02 4.2154e-02 5.9474e-17
 6.879e+01 1.1264e-15 4.2154e-02 4.2154e-02 5.5763e-17
 6.891e+01 1.0571e-15 4.2154e-02 4.2154e-02 5.2282e-17
 6.902e+01 9.9193e-16 4.2154e-02 4.2154e-02 4.9016e-17
 6.913e+01 9.3077e-16 4.2154e-02 4.2154e-02 4.5951e-17
 6.925e+01 8.7335e-16 4.2154e-02 4.2154e-02 4.3077e-17
 6.936e+01 8.1944e-16 4.2154e-02 4.2154e-02 4.0380e-17
 6.947e+01 7.6882e-16 4.2154e-02 4.2154e-02 3.7850e-17
 6.959e+01 7.2130e-16 4.2154e-02 4.2154e-02 3.5477e-17
 6.970e+01 6.7669e-16 4.2154e-02 4.2154e-02 3.3251e-17
 6.981e+01 6.3481e-16 4.2154e-02 4.2154e-02 3.1164e-17
 6.993e+01 5.9549e-16 4.2154e-02 4.2154e-02 2.9206e-17
 7.004e+01 5.5859e-16 4.2154e-02 4.2154e-02 2.7370e-17
 7.015e+01 5.2395e-16 4.2154e-02 4.2154e-02 2.5648e-17
 7.027e+01 4.9144e-16 4.2154e-02 4.2154e-02 2.4034e-17
 7.038e+01 4.6093e-16 4.2154e-02 4.2154e-02 2.2519e-17
 7.049e+01 4.3229e-16 4.2154e-02 4.2154e-02 2.1100e-17
 7.061e+01 4.0541e-16 4.2154e-02 4.2154e-02 1.9769e-17
 7.072e+01 3.8019e-16 4.2154e-02 4.2154e-02 1.8521e-17
 7.083e+01 3.5652e-16 4.2154e-02 4.2154e-02 1.7351e-17
 7.095e+01 3.3431e-16 4.2154e-02 4.2154e-02 1.6254e-17
 7.106e+01 3.1347e-16 4.2154e-02 4.2154e-02 1.5225e-17
 7.117e+01 2.9392e-16 4.2154e-02 4.2154e-02 1.4261e-17
 7.129e+01 2.7557e-16 4.2154e-02 4.2154e-02 1.3358e-17
 7.140e+01 2.5836e-16 4.2154e-02 4.2154e-02 1.2511e-17
 7.151e+01 2.4221e-16 4.2154e-02 4.2154e-02 1.1717e-17
 7.163e+01 2.2707e-16 4.2154e-02 4.2154e-02 1.0973e-17
 7.174e+01 2.1286e-16 4.2154e-02 4.2154e-02 1.0276e-17
 7.185e+01 1.9953e-16 4.2154e-02 4.2154e-02 9.6228e-18
 7.197e+01 1.8702e-16 4.2154e-02 4.2154e-02 9.0106e-18
 7.208e+01 1.7529e-16 4.2154e-02 4.2154e-02 8.4369e-18
 7.219e+01 1.6430e-16 4.2154e-02 4.2154e-02 7.8994e-18
 7.231e+01 1.5398e-16 4.2154e-02 4.2154e-02 7.3957e-18
 7.242e+01 1.4430e-16 4.2154e-02 4.2154e-02 6.9238e-18
 7.253e+01 1.3523e-16 4.2154e-02 4.2154e-02 6.4818e-18
 7.265e+01 1.2672e-16 4.2154e-02 4.2154e-02 6.0676e-18
 7.276e+01 1.1875e-16 4.2154e-02 4.2154e-02 5.6797e-18
 7.287e+01 1.1126e-16 4.2154e-02 4.2154e-02 5.3163e-18
 7.299e+01 1.0425e-16 4.2154e-02 4.2154e-02 4.9759e-18
 7.310e+01 9.7674e-17 4.2154e-02 4.2154e-02 4.6570e-18
 7.321e+01 9.1508e-17 4.2154e-02 4.2154e-02 4.3584e-18
 7.333e+01 8.5728e-17 4.2154e-02 4.2154e-02 4.0788e-18
 7.344e+01 8.0309e-17 4.2154e-02 4.2154e-02 3.8169e-18
 7.355e+01 7.5229e-17 4.2154e-02 4.2154e-02 3.5716e-18
 7.367e+01 7.0468e-17 4.2154e-02 4.2154e-02 3.3420e-18
 7.378e+01 6.6005e-17 4.2154e-02 4.2154e-02 3.1269e-18
 7.389e+01 6.1821e-17 4.2154e-02 4.2154e-02 2.9256e-18
 7.401e+01 5.7901e-17 4.2154e-02 4.2154e-02 2.7371e-18
 7.412e+01 5.4226e-17 4.2154e-02 4.2154e-02 2.5606e-18
 7.423e+01 5.0782e-17 4.2154e-02 4.2154e-02 2.3953e-18
 7.435e+01 4.7555e-17 4.2154e-02 4.2154e-02 2.2407e-18
 7.446e+01 4.4531e-17 4.2154e-02 4.2154e-02 2.0959e-18
 7.457e+01 4.1698e-17 4.2154e-02 4.2154e-02 1.9604e-18
 7.469e+01 3.9042e-17 4.2154e-02 4.2154e-02 1.8335e-18
 7.480e+01 3.6555e-17 4.2154e-02 4.2154e-02 1.7148e-18
 7.491e+01 3.4224e-17 4.2154e-02 4.2154e-02 1.6037e-18
 7.503e+01 3.2040e-17 4.2154e-02 4.2154e-02 1.4997e-18
 7.514e+01 2.9995e-17 4.2154e-02 4.2154e-02 1.4023e-18
 7.525e+01 2.8078e-17 4.2154e-02 4.2154e-02 1.3113e-18
 7.537e+01 2.6283e-17 4.2154e-02 4.2154e-02 1.2261e-18
 7.548e+01 2.4602e-17 4.2154e-02 4.2154e-02 1.1463e-18
 7.559e+01 2.3027e-17 4.2154e-02 4.2154e-02 1.0717e-18
 7.571e+01 2.1552e-17 4.2154e-02 4.2154e-02 1.0020e-18
 7.582e+01 2.0170e-17 4.2154e-02 4.2154e-02 9.3667e-19
 7.593e+01 1.8876e-17 4.2154e-02 4.2154e-02 8.7559e-19
 7.605e+01 1.7665e-17 4.2154e-02 4.2154e-02 8.1845e-19
 7.616e+01 1.6530e-17 4.2154e-02 4.2154e-02 7.6501e-19
 7.627e+01 1.5468e-17 4.2154e-02 4.2154e-02 7.1502e-19
 7.639e+01 1.4473e-17 4.2154e-02 4.2154e-02 6.6827e-19
 7.650e+01 1.3541e-17 4.2154e-02 4.2154e-02 6.2454e-19
 7.661e+01 1.2669e-17 4.2154e-02 4.2154e-02 5.8364e-19
 7.673e+01 1.1853e-17 4.2154e-02 4.2154e-02 5.4540e-19
 7.684e+01 1.1088e-17 4.2154e-02 4.2154e-02 5.0964e-19
 7.695e+01 1.0373e-17 4.2154e-02 4.2154e-02 4.7620e-19
 7.707e+01 9.7030e-18 4.2154e-02 4.2154e-02 4.4493e-19
 7.718e+01 9.0761e-18 4.2154e-02 4.2154e-02 4.1570e-19
 7.729e+01 8.4892e-18 4.2154e-02 4.2154e-02 3.8836e-19
 7.741e+01 7.9399e-18 4.2154e-02 4.2154e-02 3.6281e-19
 7.752e+01 7.4259e-18 4.2154e-02 4.2154e-02 3.3892e-19
 7.763e+01 6.9448e-18 4.2154e-02 4.2154e-02 3.1659e-19
 7.775e+01 6.4945e-18 4.2154e-02 4.2154e-02 2.9572e-19
 7.786e+01 6.0732e-18 4.2154e-02 4.2154e-02 2.7621e-19
 7.797e+01 5.6790e-18 4.2154e-02 4.2154e-02 2.5798e-19
 7.809e+01 5.3101e-18 4.2154e-02 4.2154e-02 2.4093e-19
 7.820e+01 4.9649e-18 4.2154e-02 4.2154e-02 2.2501e-19
 7.831e+01 4.6419e-18 4.2154e-02 4.2154e-02 2.1012e-19
 7.843e+01 4.3398e-18 4.2154e-02 4.2154e-02 1.9621e-19
 7.854e+01 4.0572e-18 4.2154e-02 4.2154e-02 1.8321e-19
 7.865e+01 3.7928e-18 4.2154e-02 4.2154e-02 1.7107e-19
 7.877e+01 3.5454e-18 4.2154e-02 4.2154e-02 1.5972e-19
 7.888e+01 3.3140e-18 4.2154e-02 4.2154e-02 1.4912e-19
 7.899e+01 3.0976e-18 4.2154e-02 4.2154e-02 1.3922e-19
 7.911e+01 2.8952e-18 4.2154e-02 4.2154e-02 1.2996e-19
 7.922e+01 2.7059e-18 4.2154e-02 4.2154e-02 1.2132e-19
 7.933e+01 2.5289e-18 4.2154e-02 4.2154e-02 1.1325e-19
 7.945e+01 2.3633e-18 4.2154e-02 4.2154e-02 1.0570e-19
 7.956e+01 2.2085e-18 4.2154e-02 4.2154e-02 9.8661e-20
 7.967e+01 2.0637e-18 4.2154e-02 4.2154e-02 9.2082e-20
 7.979e+01 1.9283e-18 4.2154e-02 4.2154e-02 8.5938e-20
 7.990e+01 1.8018e-18 4.2154e-02 4.2154e-02 8.0200e-20
 8.001e+01 1.6834e-18 4.2154e-02 4.2154e-02 7.4842e-20
 8.013e+01 1.5728e-18 4.2154e-02 4.2154e-02 6.9838e-20
 8.024e+01 1.4693e-18 4.2154e-02 4.2154e-02 6.5166e-20
 8.035e+01 1.3727e-18 4.2154e-02 4.2154e-02 6.0804e-20
 8.047e+01 1.2823e-18 4.2154e-02 4.2154e-02 5.6731e-20
 8.058e+01 1.1978e-18 4.2154e-02 4.2154e-02 5.2928e-20
 8.069e+01 1.1188e-18 4.2154e-02 4.2154e-02 4.9378e-20
 8.081e+01 1.0450e-18 4.2154e-02 4.2154e-02 4.6064e-20
 8.092e+01 9.7600e-19 4.2154e-02 4.2154e-02 4.2971e-20
 8.103e+01 9.1152e-19 4.2154e-02 4.2154e-02 4.0083e-20
 8.115e+01 8.5127e-19 4.2154e-02 4.2154e-02 3.7388e-20
 8.126e+01 7.9497e-19 4.2154e-02 4.2154e-02 3.4872e-20
 8.137e+01 7.4235e-19 4.2154e-02 4.2154e-02 3.2524e-20
 8.149e+01 6.9319e-19 4.2154e-02 4.2154e-02 3.0333e-20
 8.160e+01 6.4725e-19 4.2154e-02 4.2154e-02 2.8289e-20
 8.171e+01 6.0434e-19 4.2154e-02 4.2154e-02 2.6380e-20
 8.183e+01 5.6424e-19 4.2154e-02 4.2154e-02 2.4600e-20
 8.194e+01 5.2678e-19 4.2154e-02 4.2154e-02 2.2938e-20
 8.205e+01 4.9178e-19 4.2154e-02 4.2154e-02 2.1388e-20
 8.217e+01 4.5909e-19 4.2154e-02 4.2154e-02 1.9942e-20
 8.228e+01 4.2856e-19 4.2154e-02 4.2154e-02 1.8593e-20
 8.239e+01 4.0003e-19 4.2154e-02 4.2154e-02 1.7334e-20
 8.251e+01 3.7339e-19 4.2154e-02 4.2154e-02 1.6160e-20
 8.262e+01 3.4851e-19 4.2154e-02 4.2154e-02 1.5064e-20
 8.273e+01 3.2527e-19 4.2154e-02 4.2154e-02 1.4043e-20
 8.285e+01 3.0357e-19 4.2154e-02 4.2154e-02 1.3090e-20
 8.296e+01 2.8331e-19 4.2154e-02 4.2154e-02 1.2201e-20
 8.307e+01 2.6438e-19 4.2154e-02 4.2154e-02 1.1372e-20
 8.319e+01 2.4671e-19 4.2154e-02 4.2154e-02 1.0599e-20
 8.330e+01 2.3021e-19 4.2154e-02 4.2154e-02 9.8776e-21
 8.341e+01 2.1480e-19 4.2154e-02 4.2154e-02 9.2052e-21
 8.353e+01 2.0042e-19 4.2154e-02 4.2154e-02 8.5782e-21
 8.364e+01 1.8699e-19 4.2154e-02 4.2154e-02 7.9937e-21
 8.375e+01 1.7446e-19 4.2154e-02 4.2154e-02 7.4486e-21
 8.387e+01 1.6275e-19 4.2154e-02 4.2154e-02 6.9404e-21
 8.398e+01 1.5183e-19 4.2154e-02 4.2154e-02 6.4666e-21
 8.409e+01 1.4163e-19 4.2154e-02 4.2154e-02 6.0249e-21
 8.421e+01 1.3212e-19 4.2154e-02 4.2154e-02 5.6131e-21
 8.432e+01 1.2323e-19 4.2154e-02 4.2154e-02 5.2292e-21
 8.443e+01 1.1494e-19 4.2154e-02 4.2154e-02 4.8714e-21
 8.455e+01 1.0720e-19 4.2154e-02 4.2154e-02 4.5379e-21
 8.466e+01 9.9983e-20 4.2154e-02 4.2154e-02 4.2271e-21
 8.477e+01 9.3245e-20 4.2154e-02 4.2154e-02 3.9373e-21
 8.489e+01 8.6957e-20 4.2154e-02 4.2154e-02 3.6673e-21
 8.500e+01 8.1089e-20 4.2154e-02 4.2154e-02 3.4157e-21
 8.511e+01 7.5615e-20 4.2154e-02 4.2154e-02 3.1812e-21
 8.523e+01 7.0507e-20 4.2154e-02 4.2154e-02 2.9627e-21
 8.534e+01 6.5741e-20 4.2154e-02 4.2154e-02 2.7590e-21
 8.545e+01 6.1295e-20 4.2154e-02 4.2154e-02 2.5693e-21
 8.557e+01 5.7148e-20 4.2154e-02 4.2154e-02 2.3925e-21
 8.568e+01 5.3279e-20 4.2154e-02 4.2154e-02 2.2278e-21
 8.579e+01 4.9669e-20 4.2154e-02 4.2154e-02 2.0744e-21
 8.591e+01 4.6303e-20 4.2154e-02 4.2154e-02 1.9314e-21
 8.602e+01 4.3163e-20 4.2154e-02 4.2154e-02 1.7982e-21
 8.613e+01 4.0234e-20 4.2154e-02 4.2154e-02 1.6742e-21
 8.625e+01 3.7502e-20 4.2154e-02 4.2154e-02 1.5586e-21
 8.636e+01 3.4954e-20 4.2154e-02 4.2154e-02 1.4510e-21
 8.647e+01 3.2579e-20 4.2154e-02 4.2154e-02 1.3507e-21
 8.659e+01 3.0363e-20 4.2154e-02 4.2154e-02 1.2573e-21
 8.670e+01 2.8297e-20 4.2154e-02 4.2154e-02 1.1703e-21
 8.681e+01 2.6371e-20 4.2154e-02 4.2154e-02 1.0894e-21
 8.693e+01 2.4574e-20 4.2154e-02 4.2154e-02 1.0139e-21
 8.704e+01 2.2899e-20 4.2154e-02 4.2154e-02 9.4368e-22
 8.715e+01 2.1338e-20 4.2154e-02 4.2154e-02 8.7827e-22
 8.727e+01 1.9882e-20 4.2154e-02 4.2154e-02 8.1737e-22
 8.738e+01 1.8525e-20 4.2154e-02 4.2154e-02 7.6066e-22
 8.749e+01 1.7260e-20 4.2154e-02 4.2154e-02 7.0785e-22
 8.761e+01 1.6080e-20 4.2154e-02 4.2154e-02 6.5869e-22
 8.772e+01 1.4981e-20 4.2154e-02 4.2154e-02 6.1292e-22
 8.783e+01 1.3956e-20 4.2154e-02 4.2154e-02 5.7031e-22
 8.795e+01 1.3001e-20 4.2154e-02 4.2154e-02 5.3065e-22
 8.806e+01 1.2110e-20 4.2154e-02 4.2154e-02 4.9372e-22
 8.817e+01 1.1281e-20 4.2154e-02 4.2154e-02 4.5935e-22
 8.829e+01 1.0507e-20 4.2154e-02 4.2154e-02 4.2735e-22
 8.840e+01 9.7867e-21 4.2154e-02 4.2154e-02 3.9757e-22
 8.851e+01 9.1151e-21 4.2154e-02 4.2154e-02 3.6985e-22
 8.863e+01 8.4893e-21 4.2154e-02 4.2154e-02 3.4406e-22
 8.874e+01 7.9061e-21 4.2154e-02 4.2154e-02 3.2005e-22
 8.885e+01 7.3628e-21 4.2154e-02 4.2154e-02 2.9770e-22
 8.897e+01 6.8565e-21 4.2154e-02 4.2154e-02 2.7691e-22
 8.908e+01 6.3848e-21 4.2154e-02 4.2154e-02 2.5756e-22
 8.919e+01 5.9454e-21 4.2154e-02 4.2154e-02 2.3955e-22
 8.931e+01 5.5360e-21 4.2154e-02 4.2154e-02 2.2280e-22
 8.942e+01 5.1546e-21 4.2154e-02 4.2154e-02 2.0720e-22
 8.953e+01 4.7992e-21 4.2154e-02 4.2154e-02 1.9270e-22
 8.965e+01 4.4683e-21 4.2154e-02 4.2154e-02 1.7920e-22
 8.976e+01 4.1600e-21 4.2154e-02 4.2154e-02 1.6665e-22
 8.987e+01 3.8728e-21 4.2154e-02 4.2154e-02 1.5496e-22
 8.999e+01 3.6053e-21 4.2154e-02 4.2154e-02 1.4410e-22
 9.010e+01 3.3562e-21 4.2154e-02 4.2154e-02 1.3399e-22
 9.021e+01 3.1242e-21 4.2154e-02 4.2154e-02 1.2458e-22
 9.033e+01 2.9081e-21 4.2154e-02 4.2154e-02 1.1583e-22
 9.044e+01 2.7069e-21 4.2154e-02 4.2154e-02 1.0770e-22
 9.055e+01 2.5195e-21 4.2154e-02 4.2154e-02 1.0013e-22
 9.067e+01 2.3450e-21 4.2154e-02 4.2154e-02 9.3089e-23
 9.078e+01 2.1825e-21 4.2154e-02 4.2154e-02 8.6541e-23
 9.089e+01 2.0312e-21 4.2154e-02 4.2154e-02 8.0451e-23
 9.101e+01 1.8903e-21 4.2154e-02 4.2154e-02 7.4788e-23
 9.112e+01 1.7592e-21 4.2154e-02 4.2154e-02 6.9521e-23
 9.123e+01 1.6370e-21 4.2154e-02 4.2154e-02 6.4623e-23
 9.135e+01 1.5234e-21 4.2154e-02 4.2154e-02 6.0069e-23
 9.146e+01 1.4175e-21 4.2154e-02 4.2154e-02 5.5834e-23
 9.157e+01 1.3190e-21 4.2154e-02 4.2154e-02 5.1895e-23
 9.169e+01 1.2272e-21 4.2154e-02 4.2154e-02 4.8234e-23
 9.180e+01 1.1419e-21 4.2154e-02 4.2154e-02 4.4829e-23
 9.191e+01 1.0624e-21 4.2154e-02 4.2154e-02 4.1663e-23
 9.203e+01 9.8840e-22 4.2154e-02 4.2154e-02 3.8720e-23
 9.214e+01 9.1955e-22 4.2154e-02 4.2154e-02 3.5984e-23
 9.225e+01 8.5546e-22 4.2154e-02 4.2154e-02 3.3440e-23
 9.237e+01 7.9581e-22 4.2154e-02 4.2154e-02 3.1075e-23
 9.248e+01 7.4030e-22 4.2154e-02 4.2154e-02 2.8876e-23
 9.259e+01 6.8864e-22 4.2154e-02 4.2154e-02 2.6833e-23
 9.271e+01 6.4056e-22 4.2154e-02 4.2154e-02 2.4933e-23
 9.282e+01 5.9582e-22 4.2154e-02 4.2154e-02 2.3167e-23
 9.293e+01 5.5419e-22 4.2154e-02 4.2154e-02 2.1526e-23
 9.305e+01 5.1545e-22 4.2154e-02 4.2154e-02 2.0000e-23
 9.316e+01 4.7941e-22 4.2154e-02 4.2154e-02 1.8582e-23
 9.327e+01 4.4587e-22 4.2154e-02 4.2154e-02 1.7264e-23
 9.339e+01 4.1467e-22 4.2154e-02 4.2154e-02 1.6039e-23
 9.350e+01 3.8563e-22 4.2154e-02 4.2154e-02 1.4901e-23
 9.361e+01 3.5862e-22 4.2154e-02 4.2154e-02 1.3843e-23
 9.373e+01 3.3349e-22 4.2154e-02 4.2154e-02 1.2860e-23
 9.384e+01 3.1012e-22 4.2154e-02 4.2154e-02 1.1946e-23
 9.395e+01 2.8837e-22 4.2154e-02 4.2154e-02 1.1098e-23
 9.407e+01 2.6814e-22 4.2154e-02 4.2154e-02 1.0309e-23
 9.418e+01 2.4932e-22 4.2154e-02 4.2154e-02 9.5755e-24
 9.429e+01 2.3182e-22 4.2154e-02 4.2154e-02 8.8944e-24
 9.441e+01 2.1554e-22 4.2154e-02 4.2154e-02 8.2615e-24
 9.452e+01 2.0039e-22 4.2154e-02 4.2154e-02 7.6735e-24
 9.463e+01 1.8631e-22 4.2154e-02 4.2154e-02 7.1271e-24
 9.475e+01 1.7321e-22 4.2154e-02 4.2154e-02 6.6195e-24
 9.486e+01 1.6103e-22 4.2154e-02 4.2154e-02 6.1479e-24
 9.497e+01 1.4969e-22 4.2154e-02 4.2154e-02 5.7098e-24
 9.509e+01 1.3916e-22 4.2154e-02 4.2154e-02 5.3028e-24
 9.520e+01 1.2936e-22 4.2154e-02 4.2154e-02 4.9246e-24
 9.531e+01 1.2025e-22 4.2154e-02 4.2154e-02 4.5734e-24
 9.543e+01 1.1177e-22 4.2154e-02 4.2154e-02 4.2471e-24
 9.554e+01 1.0389e-22 4.2154e-02 4.2154e-02 3.9440e-24
 9.565e+01 9.6568e-23 4.2154e-02 4.2154e-02 3.6624e-24
 9.577e+01 8.9756e-23 4.2154e-02 4.2154e-02 3.4009e-24
 9.588e+01 8.3422e-23 4.2154e-02 4.2154e-02 3.1580e-24
 9.599e+01 7.7534e-23 4.2154e-02 4.2154e-02 2.9324e-24
 9.611e+01 7.2059e-23 4.2154e-02 4.2154e-02 2.7228e-24
 9.622e+01 6.6969e-23 4.2154e-02 4.2154e-02 2.5282e-24
 9.633e+01 6.2236e-23 4.2154e-02 4.2154e-02 2.3474e-24
 9.645e+01 5.7837e-23 4.2154e-02 4.2154e-02 2.1795e-24
 9.656e+01 5.3748e-23 4.2154e-02 4.2154e-02 2.0236e-24
 9.667e+01 4.9946e-23 4.2154e-02 4.2154e-02 1.8788e-24
 9.679e+01 4.6412e-23 4.2154e-02 4.2154e-02 1.7443e-24
 9.690e+01 4.3127e-23 4.2154e-02 4.2154e-02 1.6194e-24
 9.701e+01 4.0074e-23 4.2154e-02 4.2154e-02 1.5034e-24
 9.713e+01 3.7236e-23 4.2154e-02 4.2154e-02 1.3957e-24
 9.724e+01 3.4598e-23 4.2154e-02 4.2154e-02 1.2957e-24
 9.735e+01 3.2146e-23 4.2154e-02 4.2154e-02 1.2029e-24
 9.747e+01 2.9867e-23 4.2154e-02 4.2154e-02 1.1167e-24
 9.758e+01 2.7749e-23 4.2154e-02 4.2154e-02 1.0366e-24
 9.769e+01 2.5781e-23 4.2154e-02 4.2154e-02 9.6226e-25
 9.781e+01 2.3952e-23 4.2154e-02 4.2154e-02 8.9324e-25
 9.792e+01 2.2252e-23 4.2154e-02 4.2154e-02 8.2915e-25
 9.803e+01 2.0672e-23 4.2154e-02 4.2154e-02 7.6965e-25
 9.815e+01 1.9204e-23 4.2154e-02 4.2154e-02 7.1441e-25
 9.826e+01 1.7840e-23 4.2154e-02 4.2154e-02 6.6312e-25
 9.837e+01 1.6572e-23 4.2154e-02 4.2154e-02 6.1550e-25
 9.849e+01 1.5394e-23 4.2154e-02 4.2154e-02 5.7130e-25
 9.860e+01 1.4299e-23 4.2154e-02 4.2154e-02 5.3025e-25
 9.871e+01 1.3283e-23 4.2154e-02 4.2154e-02 4.9215e-25
 9.883e+01 1.2338e-23 4.2154e-02 4.2154e-02 4.5679e-25
 9.894e+01 1.1460e-23 4.2154e-02 4.2154e-02 4.2395e-25
 9.905e+01 1.0644e-23 4.2154e-02 4.2154e-02 3.9347e-25
 9.917e+01 9.8862e-24 4.2154e-02 4.2154e-02 3.6518e-25
 9.928e+01 9.1821e-24 4.2154e-02 4.2154e-02 3.3891e-25
 9.939e+01 8.5280e-24 4.2154e-02 4.2154e-02 3.1453e-25
 9.951e+01 7.9204e-24 4.2154e-02 4.2154e-02 2.9190e-25
 9.962e+01 7.3559e-24 4.2154e-02 4.2154e-02 2.7090e-25
 9.973e+01 6.8314e-24 4.2154e-02 4.2154e-02 2.5140e-25
 9.985e+01 6.3443e-24 4.2154e-02 4.2154e-02 2.3330e-25
 9.996e+01 5.8918e-24 4.2154e-02 4.2154e-02 2.1650e-25
 1.001e+02 5.4714e-24 4.2154e-02 4.2154e-02 2.0091e-25
 1.002e+02 5.0810e-24 4.2154e-02 4.2154e-02 1.8644e-25
 1.003e+02 4.7183e-24 4.2154e-02 4.2154e-02 1.7301e-25
 1.004e+02 4.3814e-24 4.2154e-02 4.2154e-02 1.6055e-25
 1.005e+02 4.0685e-24 4.2154e-02 4.2154e-02 1.4898e-25
 1.006e+02 3.7779e-24 4.2154e-02 4.2154e-02 1.3824e-25
 1.008e+02 3.5080e-24 4.2154e-02 4.2154e-02 1.2827e-25
 1.009e+02 3.2573e-24 4.2154e-02 4.2154e-02 1.1903e-25
 1.010e+02 3.0244e-24 4.2154e-02 4.2154e-02 1.1044e-25
 1.011e+02 2.8082e-24 4.2154e-02 4.2154e-02 1.0248e-25
 1.012e+02 2.6073e-24 4.2154e-02 4.2154e-02 9.5088e-26
 1.013e+02 2.4208e-24 4.2154e-02 4.2154e-02 8.8229e-26
 1.014e+02 2.2476e-24 4.2154e-02 4.2154e-02 8.1863e-26
 1.015e+02 2.0868e-24 4.2154e-02 4.2154e-02 7.5956e-26
 1.017e+02 1.9374e-24 4.2154e-02 4.2154e-02 7.0475e-26
 1.018e+02 1.7987e-24 4.2154e-02 4.2154e-02 6.5388e-26
 1.019e+02 1.6699e-24 4.2154e-02 4.2154e-02 6.0668e-26
 1.020e+02 1.5503e-24 4.2154e-02 4.2154e-02 5.6288e-26
 1.021e+02 1.4392e-24 4.2154e-02 4.2154e-02 5.2224e-26
 1.022e+02 1.3361e-24 4.2154e-02 4.2154e-02 4.8452e-26
 1.023e+02 1.2404e-24 4.2154e-02 4.2154e-02 4.4953e-26
 1.025e+02 1.1514e-24 4.2154e-02 4.2154e-02 4.1706e-26
 1.026e+02 1.0689e-24 4.2154e-02 4.2154e-02 3.8693e-26
 1.027e+02 9.9224e-25 4.2154e-02 4.2154e-02 3.5898e-26
 1.028e+02 9.2107e-25 4.2154e-02 4.2154e-02 3.3304e-26
 1.029e+02 8.5500e-25 4.2154e-02 4.2154e-02 3.0897e-26
 1.030e+02 7.9365e-25 4.2154e-02 4.2154e-02 2.8664e-26
 1.031e+02 7.3670e-25 4.2154e-02 4.2154e-02 2.6592e-26
 1.032e+02 6.8382e-25 4.2154e-02 4.2154e-02 2.4670e-26
 1.034e+02 6.3472e-25 4.2154e-02 4.2154e-02 2.2886e-26
 1.035e+02 5.8915e-25 4.2154e-02 4.2154e-02 2.1232e-26
 1.036e+02 5.4684e-25 4.2154e-02 4.2154e-02 1.9696e-26
 1.037e+02 5.0756e-25 4.2154e-02 4.2154e-02 1.8272e-26
 1.038e+02 4.7110e-25 4.2154e-02 4.2154e-02 1.6950e-26
 1.039e+02 4.3725e-25 4.2154e-02 4.2154e-02 1.5724e-26
 1.040e+02 4.0582e-25 4.2154e-02 4.2154e-02 1.4587e-26
 1.042e+02 3.7665e-25 4.2154e-02 4.2154e-02 1.3532e-26
 1.043e+02 3.4958e-25 4.2154e-02 4.2154e-02 1.2553e-26
 1.044e+02 3.2444e-25 4.2154e-02 4.2154e-02 1.1644e-26
 1.045e+02 3.0111e-25 4.2154e-02 4.2154e-02 1.0802e-26
 1.046e+02 2.7945e-25 4.2154e-02 4.2154e-02 1.0020e-26
 1.047e+02 2.5935e-25 4.2154e-02 4.2154e-02 9.2948e-27
 1.048e+02 2.4069e-25 4.2154e-02 4.2154e-02 8.6220e-27
 1.049e+02 2.2337e-25 4.2154e-02 4.2154e-02 7.9979e-27
 1.051e+02 2.0730e-25 4.2154e-02 4.2154e-02 7.4189e-27
 1.052e+02 1.9237e-25 4.2154e-02 4.2154e-02 6.8818e-27
 1.053e+02 1.7853e-25 4.2154e-02 4.2154e-02 6.3836e-27
 1.054e+02 1.6567e-25 4.2154e-02 4.2154e-02 5.9214e-27
 1.055e+02 1.5374e-25 4.2154e-02 4.2154e-02 5.4926e-27
 1.056e+02 1.4267e-25 4.2154e-02 4.2154e-02 5.0948e-27
 1.057e+02 1.3239e-25 4.2154e-02 4.2154e-02 4.7259e-27
 1.059e+02 1.2286e-25 4.2154e-02 4.2154e-02 4.3836e-27
 1.060e+02 1.1400e-25 4.2154e-02 4.2154e-02 4.0661e-27
 1.061e+02 1.0579e-25 4.2154e-02 4.2154e-02 3.7716e-27
 1.062e+02 9.8166e-26 4.2154e-02 4.2154e-02 3.4984e-27
 1.063e+02 9.1090e-26 4.2154e-02 4.2154e-02 3.2449e-27
 1.064e+02 8.4524e-26 4.2154e-02 4.2154e-02 3.0099e-27
 1.065e+02 7.8431e-26 4.2154e-02 4.2154e-02 2.7918e-27
 1.066e+02 7.2776e-26 4.2154e-02 4.2154e-02 2.5895e-27
 1.068e+02 6.7528e-26 4.2154e-02 4.2154e-02 2.4019e-27
 1.069e+02 6.2658e-26 4.2154e-02 4.2154e-02 2.2279e-27
 1.070e+02 5.8138e-26 4.2154e-02 4.2154e-02 2.0664e-27
 1.071e+02 5.3944e-26 4.2154e-02 4.2154e-02 1.9167e-27
 1.072e+02 5.0053e-26 4.2154e-02 4.2154e-02 1.7778e-27
 1.073e+02 4.6441e-26 4.2154e-02 4.2154e-02 1.6489e-27
 1.074e+02 4.3090e-26 4.2154e-02 4.2154e-02 1.5294e-27
 1.076e+02 3.9980e-26 4.2154e-02 4.2154e-02 1.4186e-27
 1.077e+02 3.7095e-26 4.2154e-02 4.2154e-02 1.3158e-27
 1.078e+02 3.4417e-26 4.2154e-02 4.2154e-02 1.2204e-27
 1.079e+02 3.1933e-26 4.2154e-02 4.2154e-02 1.1319e-27
 1.080e+02 2.9627e-26 4.2154e-02 4.2154e-02 1.0499e-27
 1.081e+02 2.7488e-26 4.2154e-02 4.2154e-02 9.7379e-28
 1.082e+02 2.5503e-26 4.2154e-02 4.2154e-02 9.0320e-28
 1.083e+02 2.3661e-26 4.2154e-02 4.2154e-02 8.3772e-28
 1.085e+02 2.1953e-26 4.2154e-02 4.2154e-02 7.7699e-28
 1.086e+02 2.0367e-26 4.2154e-02 4.2154e-02 7.2067e-28
 1.087e+02 1.8896e-26 4.2154e-02 4.2154e-02 6.6842e-28
 1.088e+02 1.7531e-26 4.2154e-02 4.2154e-02 6.1996e-28
 1.089e+02 1.6264e-26 4.2154e-02 4.2154e-02 5.7501e-28
 1.090e+02 1.5089e-26 4.2154e-02 4.2154e-02 5.3332e-28
 1.091e+02 1.3999e-26 4.2154e-02 4.2154e-02 4.9466e-28
 1.093e+02 1.2987e-26 4.2154e-02 4.2154e-02 4.5879e-28
 1.094e+02 1.2048e-26 4.2154e-02 4.2154e-02 4.2553e-28
 1.095e+02 1.1178e-26 4.2154e-02 4.2154e-02 3.9467e-28
 1.096e+02 1.0370e-26 4.2154e-02 4.2154e-02 3.6606e-28
 1.097e+02 9.6201e-27 4.2154e-02 4.2154e-02 3.3952e-28
 1.098e+02 8.9246e-27 4.2154e-02 4.2154e-02 3.1490e-28
 1.099e+02 8.2794e-27 4.2154e-02 4.2154e-02 2.9207e-28
 1.100e+02 7.6808e-27 4.2154e-02 4.2154e-02 2.7089e-28
 1.102e+02 7.1254e-27 4.2154e-02 4.2154e-02 2.5125e-28
 1.103e+02 6.6102e-27 4.2154e-02 4.2154e-02 2.3303e-28
 1.104e+02 6.1321e-27 4.2154e-02 4.2154e-02 2.1613e-28
 1.105e+02 5.6887e-27 4.2154e-02 4.2154e-02 2.0046e-28
 1.106e+02 5.2772e-27 4.2154e-02 4.2154e-02 1.8592e-28
 1.107e+02 4.8955e-27 4.2154e-02 4.2154e-02 1.7244e-28
 1.108e+02 4.5414e-27 4.2154e-02 4.2154e-02 1.5994e-28
 1.110e+02 4.2129e-27 4.2154e-02 4.2154e-02 1.4834e-28
 1.111e+02 3.9082e-27 4.2154e-02 4.2154e-02 1.3759e-28
 1.112e+02 3.6254e-27 4.2154e-02 4.2154e-02 1.2761e-28
 1.113e+02 3.3631e-27 4.2154e-02 4.2154e-02 1.1836e-28
 1.114e+02 3.1198e-27 4.2154e-02 4.2154e-02 1.0978e-28
 1.115e+02 2.8941e-27 4.2154e-02 4.2154e-02 1.0182e-28
 1.116e+02 2.6847e-27 4.2154e-02 4.2154e-02 9.4434e-29
 1.117e+02 2.4904e-27 4.2154e-02 4.2154e-02 8.7587e-29
 1.119e+02 2.3102e-27 4.2154e-02 4.2154e-02 8.1236e-29
 1.120e+02 2.1430e-27 4.2154e-02 4.2154e-02 7.5347e-29
 1.121e+02 1.9879e-27 4.2154e-02 4.2154e-02 6.9884e-29
 1.122e+02 1.8440e-27 4.2154e-02 4.2154e-02 6.4817e-29
 1.123e+02 1.7106e-27 4.2154e-02 4.2154e-02 6.0118e-29
 1.124e+02 1.5868e-27 4.2154e-02 4.2154e-02 5.5759e-29
 1.125e+02 1.4719e-27 4.2154e-02 4.2154e-02 5.1717e-29
 1.127e+02 1.3654e-27 4.2154e-02 4.2154e-02 4.7968e-29
 1.128e+02 1.2665e-27 4.2154e-02 4.2154e-02 4.4490e-29
 1.129e+02 1.1748e-27 4.2154e-02 4.2154e-02 4.1265e-29
 1.130e+02 1.0898e-27 4.2154e-02 4.2154e-02 3.8274e-29
 1.131e+02 1.0109e-27 4.2154e-02 4.2154e-02 3.5499e-29
 1.132e+02 9.3772e-28 4.2154e-02 4.2154e-02 3.2926e-29
 1.133e+02 8.6984e-28 4.2154e-02 4.2154e-02 3.0539e-29
 1.134e+02 8.0686e-28 4.2154e-02 4.2154e-02 2.8325e-29
 1.136e+02 7.4845e-28 4.2154e-02 4.2154e-02 2.6272e-29
 1.137e+02 6.9426e-28 4.2154e-02 4.2154e-02 2.4368e-29
 1.138e+02 6.4399e-28 4.2154e-02 4.2154e-02 2.2602e-29
 1.139e+02 5.9736e-28 4.2154e-02 4.2154e-02 2.0964e-29
 1.140e+02 5.5411e-28 4.2154e-02 4.2154e-02 1.9444e-29
 1.141e+02 5.1399e-28 4.2154e-02 4.2154e-02 1.8035e-29
 1.142e+02 4.7677e-28 4.2154e-02 4.2154e-02 1.6728e-29
 1.144e+02 4.4225e-28 4.2154e-02 4.2154e-02 1.5516e-29
 1.145e+02 4.1023e-28 4.2154e-02 4.2154e-02 1.4392e-29
 1.146e+02 3.8052e-28 4.2154e-02 4.2154e-02 1.3349e-29
 1.147e+02 3.5297e-28 4.2154e-02 4.2154e-02 1.2381e-29
 1.148e+02 3.2741e-28 4.2154e-02 4.2154e-02 1.1484e-29
 1.149e+02 3.0370e-28 4.2154e-02 4.2154e-02 1.0652e-29
 1.150e+02 2.8171e-28 4.2154e-02 4.2154e-02 9.8804e-30
 1.151e+02 2.6131e-28 4.2154e-02 4.2154e-02 9.1646e-30
 1.153e+02 2.4238e-28 4.2154e-02 4.2154e-02 8.5006e-30
 1.154e+02 2.2483e-28 4.2154e-02 4.2154e-02 7.8848e-30
 1.155e+02 2.0855e-28 4.2154e-02 4.2154e-02 7.3136e-30
 1.156e+02 1.9345e-28 4.2154e-02 4.2154e-02 6.7838e-30
 1.157e+02 1.7944e-28 4.2154e-02 4.2154e-02 6.2924e-30
 1.158e+02 1.6645e-28 4.2154e-02 4.2154e-02 5.8366e-30
 1.159e+02 1.5439e-28 4.2154e-02 4.2154e-02 5.4139e-30
 1.161e+02 1.4321e-28 4.2154e-02 4.2154e-02 5.0217e-30
 1.162e+02 1.3284e-28 4.2154e-02 4.2154e-02 4.6580e-30
 1.163e+02 1.2322e-28 4.2154e-02 4.2154e-02 4.3207e-30
 1.164e+02 1.1430e-28 4.2154e-02 4.2154e-02 4.0078e-30
 1.165e+02 1.0602e-28 4.2154e-02 4.2154e-02 3.7176e-30
 1.166e+02 9.8344e-29 4.2154e-02 4.2154e-02 3.4484e-30
 1.167e+02 9.1223e-29 4.2154e-02 4.2154e-02 3.1987e-30
 1.168e+02 8.4617e-29 4.2154e-02 4.2154e-02 2.9671e-30
 1.170e+02 7.8490e-29 4.2154e-02 4.2154e-02 2.7523e-30
 1.171e+02 7.2806e-29 4.2154e-02 4.2154e-02 2.5530e-30
 1.172e+02 6.7534e-29 4.2154e-02 4.2154e-02 2.3682e-30
 1.173e+02 6.2644e-29 4.2154e-02 4.2154e-02 2.1967e-30
 1.174e+02 5.8108e-29 4.2154e-02 4.2154e-02 2.0377e-30
 1.175e+02 5.3901e-29 4.2154e-02 4.2154e-02 1.8902e-30
 1.176e+02 4.9998e-29 4.2154e-02 4.2154e-02 1.7534e-30
 1.178e+02 4.6378e-29 4.2154e-02 4.2154e-02 1.6265e-30
 1.179e+02 4.3020e-29 4.2154e-02 4.2154e-02 1.5088e-30
 1.180e+02 3.9905e-29 4.2154e-02 4.2154e-02 1.3996e-30
 1.181e+02 3.7016e-29 4.2154e-02 4.2154e-02 1.2983e-30
 1.182e+02 3.4336e-29 4.2154e-02 4.2154e-02 1.2044e-30
 1.183e+02 3.1850e-29 4.2154e-02 4.2154e-02 1.1172e-30
 1.184e+02 2.9544e-29 4.2154e-02 4.2154e-02 1.0364e-30
 1.185e+02 2.7405e-29 4.2154e-02 4.2154e-02 9.6139e-31
 1.187e+02 2.5421e-29 4.2154e-02 4.2154e-02 8.9183e-31
 1.188e+02 2.3581e-29 4.2154e-02 4.2154e-02 8.2731e-31
 1.189e+02 2.1874e-29 4.2154e-02 4.2154e-02 7.6746e-31
 1.190e+02 2.0290e-29 4.2154e-02 4.2154e-02 7.1195e-31
 1.191e+02 1.8822e-29 4.2154e-02 4.2154e-02 6.6045e-31
 1.192e+02 1.7459e-29 4.2154e-02 4.2154e-02 6.1268e-31
 1.193e+02 1.6195e-29 4.2154e-02 4.2154e-02 5.6837e-31
 1.195e+02 1.5023e-29 4.2154e-02 4.2154e-02 5.2726e-31
 1.196e+02 1.3936e-29 4.2154e-02 4.2154e-02 4.8913e-31
 1.197e+02 1.2927e-29 4.2154e-02 4.2154e-02 4.5376e-31
 1.198e+02 1.1992e-29 4.2154e-02 4.2154e-02 4.2095e-31
 1.199e+02 1.1124e-29 4.2154e-02 4.2154e-02 3.9051e-31
 1.200e+02 1.0319e-29 4.2154e-02 4.2154e-02 3.6228e-31
 1.201e+02 9.5719e-30 4.2154e-02 4.2154e-02 3.3608e-31
 1.202e+02 8.8792e-30 4.2154e-02 4.2154e-02 3.1179e-31
 1.204e+02 8.2366e-30 4.2154e-02 4.2154e-02 2.8925e-31
 1.205e+02 7.6406e-30 4.2154e-02 4.2154e-02 2.6834e-31
 1.206e+02 7.0877e-30 4.2154e-02 4.2154e-02 2.4894e-31
 1.207e+02 6.5749e-30 4.2154e-02 4.2154e-02 2.3095e-31
 1.208e+02 6.0991e-30 4.2154e-02 4.2154e-02 2.1426e-31
 1.209e+02 5.6578e-30 4.2154e-02 4.2154e-02 1.9877e-31
 1.210e+02 5.2485e-30 4.2154e-02 4.2154e-02 1.8441e-31
 1.212e+02 4.8688e-30 4.2154e-02 4.2154e-02 1.7108e-31
 1.213e+02 4.5165e-30 4.2154e-02 4.2154e-02 1.5872e-31
 1.214e+02 4.1898e-30 4.2154e-02 4.2154e-02 1.4725e-31
 1.215e+02 3.8867e-30 4.2154e-02 4.2154e-02 1.3661e-31
 1.216e+02 3.6055e-30 4.2154e-02 4.2154e-02 1.2674e-31
 1.217e+02 3.3447e-30 4.2154e-02 4.2154e-02 1.1759e-31
 1.218e+02 3.1028e-30 4.2154e-02 4.2154e-02 1.0909e-31
 1.219e+02 2.8784e-30 4.2154e-02 4.2154e-02 1.0121e-31
 1.221e+02 2.6702e-30 4.2154e-02 4.2154e-02 9.3901e-32
 1.222e+02 2.4771e-30 4.2154e-02 4.2154e-02 8.7119e-32
 1.223e+02 2.2979e-30 4.2154e-02 4.2154e-02 8.0827e-32
 1.224e+02 2.1317e-30 4.2154e-02 4.2154e-02 7.4989e-32
 1.225e+02 1.9776e-30 4.2154e-02 4.2154e-02 6.9574e-32
 1.226e+02 1.8346e-30 4.2154e-02 4.2154e-02 6.4549e-32
 1.227e+02 1.7019e-30 4.2154e-02 4.2154e-02 5.9888e-32
 1.229e+02 1.5788e-30 4.2154e-02 4.2154e-02 5.5564e-32
 1.230e+02 1.4647e-30 4.2154e-02 4.2154e-02 5.1552e-32
 1.231e+02 1.3588e-30 4.2154e-02 4.2154e-02 4.7830e-32
 1.232e+02 1.2605e-30 4.2154e-02 4.2154e-02 4.4377e-32
 1.233e+02 1.1694e-30 4.2154e-02 4.2154e-02 4.1173e-32
 1.234e+02 1.0849e-30 4.2154e-02 4.2154e-02 3.8201e-32
 1.235e+02 1.0064e-30 4.2154e-02 4.2154e-02 3.5444e-32
 1.236e+02 9.3369e-31 4.2154e-02 4.2154e-02 3.2885e-32
 1.238e+02 8.6619e-31 4.2154e-02 4.2154e-02 3.0512e-32
 1.239e+02 8.0358e-31 4.2154e-02 4.2154e-02 2.8310e-32
 1.240e+02 7.4550e-31 4.2154e-02 4.2154e-02 2.6266e-32
 1.241e+02 6.9162e-31 4.2154e-02 4.2154e-02 2.4371e-32
 1.242e+02 6.4163e-31 4.2154e-02 4.2154e-02 2.2612e-32
 1.243e+02 5.9526e-31 4.2154e-02 4.2154e-02 2.0980e-32
 1.244e+02 5.5224e-31 4.2154e-02 4.2154e-02 1.9466e-32
 1.246e+02 5.1234e-31 4.2154e-02 4.2154e-02 1.8062e-32
 1.247e+02 4.7531e-31 4.2154e-02 4.2154e-02 1.6759e-32
 1.248e+02 4.4097e-31 4.2154e-02 4.2154e-02 1.5550e-32
 1.249e+02 4.0911e-31 4.2154e-02 4.2154e-02 1.4428e-32
 1.250e+02 3.7955e-31 4.2154e-02 4.2154e-02 1.3387e-32
 1.251e+02 3.5212e-31 4.2154e-02 4.2154e-02 1.2421e-32
 1.252e+02 3.2668e-31 4.2154e-02 4.2154e-02 1.1525e-32
 1.253e+02 3.0308e-31 4.2154e-02 4.2154e-02 1.0694e-32
 1.255e+02 2.8119e-31 4.2154e-02 4.2154e-02 9.9223e-33
 1.256e+02 2.6088e-31 4.2154e-02 4.2154e-02 9.2066e-33
 1.257e+02 2.4203e-31 4.2154e-02 4.2154e-02 8.5426e-33
 1.258e+02 2.2455e-31 4.2154e-02 4.2154e-02 7.9264e-33
 1.259e+02 2.0833e-31 4.2154e-02 4.2154e-02 7.3548e-33
 1.260e+02 1.9328e-31 4.2154e-02 4.2154e-02 6.8243e-33
 1.261e+02 1.7932e-31 4.2154e-02 4.2154e-02 6.3322e-33
 1.263e+02 1.6637e-31 4.2154e-02 4.2154e-02 5.8755e-33
 1.264e+02 1.5436e-31 4.2154e-02 4.2154e-02 5.4518e-33
 1.265e+02 1.4321e-31 4.2154e-02 4.2154e-02 5.0587e-33
 1.266e+02 1.3287e-31 4.2154e-02 4.2154e-02 4.6939e-33
 1.267e+02 1.2327e-31 4.2154e-02 4.2154e-02 4.3554e-33
 1.268e+02 1.1437e-31 4.2154e-02 4.2154e-02 4.0414e-33
 1.269e+02 1.0611e-31 4.2154e-02 4.2154e-02 3.7500e-33
 1.270e+02 9.8451e-32 4.2154e-02 4.2154e-02 3.4796e-33
 1.272e+02 9.1343e-32 4.2154e-02 4.2154e-02 3.2287e-33
 1.273e+02 8.4748e-32 4.2154e-02 4.2154e-02 2.9959e-33
 1.274e+02 7.8629e-32 4.2154e-02 4.2154e-02 2.7799e-33
 1.275e+02 7.2953e-32 4.2154e-02 4.2154e-02 2.5795e-33
 1.276e+02 6.7686e-32 4.2154e-02 4.2154e-02 2.3935e-33
 1.277e+02 6.2800e-32 4.2154e-02 4.2154e-02 2.2210e-33
 1.278e+02 5.8267e-32 4.2154e-02 4.2154e-02 2.0608e-33
 1.280e+02 5.4061e-32 4.2154e-02 4.2154e-02 1.9123e-33
 1.281e+02 5.0158e-32 4.2154e-02 4.2154e-02 1.7744e-33
 1.282e+02 4.6538e-32 4.2154e-02 4.2154e-02 1.6465e-33
 1.283e+02 4.3179e-32 4.2154e-02 4.2154e-02 1.5278e-33
 1.284e+02 4.0062e-32 4.2154e-02 4.2154e-02 1.4177e-33
 1.285e+02 3.7171e-32 4.2154e-02 4.2154e-02 1.3155e-33
 1.286e+02 3.4488e-32 4.2154e-02 4.2154e-02 1.2206e-33
 1.287e+02 3.1999e-32 4.2154e-02 4.2154e-02 1.1326e-33
 1.289e+02 2.9690e-32 4.2154e-02 4.2154e-02 1.0510e-33
 1.290e+02 2.7547e-32 4.2154e-02 4.2154e-02 9.7522e-34
 1.291e+02 2.5559e-32 4.2154e-02 4.2154e-02 9.0492e-34
 1.292e+02 2.3715e-32 4.2154e-02 4.2154e-02 8.3968e-34
 1.293e+02 2.2003e-32 4.2154e-02 4.2154e-02 7.7915e-34
 1.294e+02 2.0416e-32 4.2154e-02 4.2154e-02 7.2298e-34
 1.295e+02 1.8942e-32 4.2154e-02 4.2154e-02 6.7086e-34
 1.297e+02 1.7576e-32 4.2154e-02 4.2154e-02 6.2249e-34
 1.298e+02 1.6307e-32 4.2154e-02 4.2154e-02 5.7762e-34
 1.299e+02 1.5131e-32 4.2154e-02 4.2154e-02 5.3597e-34
 1.300e+02 1.4039e-32 4.2154e-02 4.2154e-02 4.9733e-34
 1.301e+02 1.3026e-32 4.2154e-02 4.2154e-02 4.6148e-34
 1.302e+02 1.2086e-32 4.2154e-02 4.2154e-02 4.2821e-34
 1.303e+02 1.1214e-32 4.2154e-02 4.2154e-02 3.9733e-34
 1.304e+02 1.0405e-32 4.2154e-02 4.2154e-02 3.6869e-34
 1.306e+02 9.6543e-33 4.2154e-02 4.2154e-02 3.4210e-34
 1.307e+02 8.9578e-33 4.2154e-02 4.2154e-02 3.1744e-34
 1.308e+02 8.3115e-33 4.2154e-02 4.2154e-02 2.9455e-34
 1.309e+02 7.7118e-33 4.2154e-02 4.2154e-02 2.7331e-34
 1.310e+02 7.1554e-33 4.2154e-02 4.2154e-02 2.5360e-34
 1.311e+02 6.6392e-33 4.2154e-02 4.2154e-02 2.3531e-34
 1.312e+02 6.1602e-33 4.2154e-02 4.2154e-02 2.1834e-34
 1.314e+02 5.7158e-33 4.2154e-02 4.2154e-02 2.0260e-34
 1.315e+02 5.3034e-33 4.2154e-02 4.2154e-02 1.8798e-34
 1.316e+02 4.9208e-33 4.2154e-02 4.2154e-02 1.7443e-34
 1.317e+02 4.5658e-33 4.2154e-02 4.2154e-02 1.6185e-34
 1.318e+02 4.2364e-33 4.2154e-02 4.2154e-02 1.5017e-34
 1.319e+02 3.9307e-33 4.2154e-02 4.2154e-02 1.3934e-34
 1.320e+02 3.6471e-33 4.2154e-02 4.2154e-02 1.2929e-34
 1.321e+02 3.3840e-33 4.2154e-02 4.2154e-02 1.1996e-34
 1.323e+02 3.1398e-33 4.2154e-02 4.2154e-02 1.1131e-34
 1.324e+02 2.9133e-33 4.2154e-02 4.2154e-02 1.0328e-34
 1.325e+02 2.7031e-33 4.2154e-02 4.2154e-02 9.5824e-35
 1.326e+02 2.5081e-33 4.2154e-02 4.2154e-02 8.8909e-35
 1.327e+02 2.3271e-33 4.2154e-02 4.2154e-02 8.2494e-35
 1.328e+02 2.1592e-33 4.2154e-02 4.2154e-02 7.6540e-35
 1.329e+02 2.0034e-33 4.2154e-02 4.2154e-02 7.1016e-35
 1.331e+02 1.8589e-33 4.2154e-02 4.2154e-02 6.5891e-35
 1.332e+02 1.7247e-33 4.2154e-02 4.2154e-02 6.1135e-35
 1.333e+02 1.6003e-33 4.2154e-02 4.2154e-02 5.6722e-35
 1.334e+02 1.4848e-33 4.2154e-02 4.2154e-02 5.2627e-35
 1.335e+02 1.3777e-33 4.2154e-02 4.2154e-02 4.8827e-35
 1.336e+02 1.2783e-33 4.2154e-02 4.2154e-02 4.5302e-35
 1.337e+02 1.1860e-33 4.2154e-02 4.2154e-02 4.2031e-35
 1.338e+02 1.1004e-33 4.2154e-02 4.2154e-02 3.8995e-35
 1.340e+02 1.0210e-33 4.2154e-02 4.2154e-02 3.6179e-35
 1.341e+02 9.4732e-34 4.2154e-02 4.2154e-02 3.3566e-35
 1.342e+02 8.7895e-34 4.2154e-02 4.2154e-02 3.1141e-35
 1.343e+02 8.1551e-34 4.2154e-02 4.2154e-02 2.8892e-35
 1.344e+02 7.5665e-34 4.2154e-02 4.2154e-02 2.6804e-35
 1.345e+02 7.0203e-34 4.2154e-02 4.2154e-02 2.4868e-35
 1.346e+02 6.5135e-34 4.2154e-02 4.2154e-02 2.3071e-35
 1.348e+02 6.0434e-34 4.2154e-02 4.2154e-02 2.1403e-35
 1.349e+02 5.6071e-34 4.2154e-02 4.2154e-02 1.9856e-35
 1.350e+02 5.2023e-34 4.2154e-02 4.2154e-02 1.8421e-35
 1.351e+02 4.8267e-34 4.2154e-02 4.2154e-02 1.7089e-35
 1.352e+02 4.4782e-34 4.2154e-02 4.2154e-02 1.5854e-35
 1.353e+02 4.1549e-34 4.2154e-02 4.2154e-02 1.4707e-35
 1.354e+02 3.8548e-34 4.2154e-02 4.2154e-02 1.3644e-35
 1.355e+02 3.5765e-34 4.2154e-02 4.2154e-02 1.2657e-35
 1.357e+02 3.3182e-34 4.2154e-02 4.2154e-02 1.1741e-35
 1.358e+02 3.0786e-34 4.2154e-02 4.2154e-02 1.0892e-35
 1.359e+02 2.8562e-34 4.2154e-02 4.2154e-02 1.0104e-35
 1.360e+02 2.6499e-34 4.2154e-02 4.2154e-02 9.3727e-36
 1.361e+02 2.4585e-34 4.2154e-02 4.2154e-02 8.6944e-36
 1.362e+02 2.2809e-34 4.2154e-02 4.2154e-02 8.0651e-36
 1.363e+02 2.1161e-34 4.2154e-02 4.2154e-02 7.4812e-36
 1.365e+02 1.9632e-34 4.2154e-02 4.2154e-02 6.9395e-36
 1.366e+02 1.8214e-34 4.2154e-02 4.2154e-02 6.4370e-36
 1.367e+02 1.6898e-34 4.2154e-02 4.2154e-02 5.9708e-36
 1.368e+02 1.5677e-34 4.2154e-02 4.2154e-02 5.5383e-36
 1.369e+02 1.4544e-34 4.2154e-02 4.2154e-02 5.1371e-36
 1.370e+02 1.3492e-34 4.2154e-02 4.2154e-02 4.7648e-36
 1.371e+02 1.2517e-34 4.2154e-02 4.2154e-02 4.4195e-36
 1.372e+02 1.1612e-34 4.2154e-02 4.2154e-02 4.0992e-36
 1.374e+02 1.0773e-34 4.2154e-02 4.2154e-02 3.8020e-36
 1.375e+02 9.9938e-35 4.2154e-02 4.2154e-02 3.5263e-36
 1.376e+02 9.2712e-35 4.2154e-02 4.2154e-02 3.2706e-36
 1.377e+02 8.6007e-35 4.2154e-02 4.2154e-02 3.0334e-36
 1.378e+02 7.9787e-35 4.2154e-02 4.2154e-02 2.8133e-36
 1.379e+02 7.4016e-35 4.2154e-02 4.2154e-02 2.6092e-36
 1.380e+02 6.8662e-35 4.2154e-02 4.2154e-02 2.4198e-36
 1.382e+02 6.3694e-35 4.2154e-02 4.2154e-02 2.2442e-36
 1.383e+02 5.9086e-35 4.2154e-02 4.2154e-02 2.0812e-36
 1.384e+02 5.4810e-35 4.2154e-02 4.2154e-02 1.9301e-36
 1.385e+02 5.0843e-35 4.2154e-02 4.2154e-02 1.7899e-36
 1.386e+02 4.7163e-35 4.2154e-02 4.2154e-02 1.6599e-36
 1.387e+02 4.3749e-35 4.2154e-02 4.2154e-02 1.5393e-36
 1.388e+02 4.0582e-35 4.2154e-02 4.2154e-02 1.4274e-36
 1.389e+02 3.7644e-35 4.2154e-02 4.2154e-02 1.3236e-36
 1.391e+02 3.4918e-35 4.2154e-02 4.2154e-02 1.2274e-36
 1.392e+02 3.2389e-35 4.2154e-02 4.2154e-02 1.1381e-36
 1.393e+02 3.0043e-35 4.2154e-02 4.2154e-02 1.0553e-36
 1.394e+02 2.7866e-35 4.2154e-02 4.2154e-02 9.7852e-37
 1.395e+02 2.5847e-35 4.2154e-02 4.2154e-02 9.0730e-37
 1.396e+02 2.3974e-35 4.2154e-02 4.2154e-02 8.4125e-37
 1.397e+02 2.2236e-35 4.2154e-02 4.2154e-02 7.7999e-37
 1.399e+02 2.0624e-35 4.2154e-02 4.2154e-02 7.2317e-37
 1.400e+02 1.9129e-35 4.2154e-02 4.2154e-02 6.7048e-37
 1.401e+02 1.7742e-35 4.2154e-02 4.2154e-02 6.2161e-37
 1.402e+02 1.6455e-35 4.2154e-02 4.2154e-02 5.7629e-37
 1.403e+02 1.5262e-35 4.2154e-02 4.2154e-02 5.3426e-37
 1.404e+02 1.4154e-35 4.2154e-02 4.2154e-02 4.9528e-37
 1.405e+02 1.3127e-35 4.2154e-02 4.2154e-02 4.5914e-37
 1.406e+02 1.2174e-35 4.2154e-02 4.2154e-02 4.2562e-37
 1.408e+02 1.1291e-35 4.2154e-02 4.2154e-02 3.9454e-37
 1.409e+02 1.0471e-35 4.2154e-02 4.2154e-02 3.6571e-37
 1.410e+02 9.7104e-36 4.2154e-02 4.2154e-02 3.3899e-37
 1.411e+02 9.0050e-36 4.2154e-02 4.2154e-02 3.1420e-37
 1.412e+02 8.3507e-36 4.2154e-02 4.2154e-02 2.9122e-37
 1.413e+02 7.7439e-36 4.2154e-02 4.2154e-02 2.6991e-37
 1.414e+02 7.1809e-36 4.2154e-02 4.2154e-02 2.5015e-37
 1.416e+02 6.6588e-36 4.2154e-02 4.2154e-02 2.3183e-37
 1.417e+02 6.1745e-36 4.2154e-02 4.2154e-02 2.1484e-37
 1.418e+02 5.7253e-36 4.2154e-02 4.2154e-02 1.9909e-37
 1.419e+02 5.3087e-36 4.2154e-02 4.2154e-02 1.8449e-37
 1.420e+02 4.9223e-36 4.2154e-02 4.2154e-02 1.7095e-37
 1.421e+02 4.5639e-36 4.2154e-02 4.2154e-02 1.5839e-37
 1.422e+02 4.2314e-36 4.2154e-02 4.2154e-02 1.4675e-37
 1.423e+02 3.9231e-36 4.2154e-02 4.2154e-02 1.3596e-37
 1.425e+02 3.6372e-36 4.2154e-02 4.2154e-02 1.2596e-37
 1.426e+02 3.3720e-36 4.2154e-02 4.2154e-02 1.1669e-37
 1.427e+02 3.1260e-36 4.2154e-02 4.2154e-02 1.0809e-37
 1.428e+02 2.8979e-36 4.2154e-02 4.2154e-02 1.0012e-37
 1.429e+02 2.6864e-36 4.2154e-02 4.2154e-02 9.2728e-38
 1.430e+02 2.4902e-36 4.2154e-02 4.2154e-02 8.5878e-38
 1.431e+02 2.3082e-36 4.2154e-02 4.2154e-02 7.9528e-38
 1.433e+02 2.1395e-36 4.2154e-02 4.2154e-02 7.3642e-38
 1.434e+02 1.9830e-36 4.2154e-02 4.2154e-02 6.8185e-38
 1.435e+02 1.8378e-36 4.2154e-02 4.2154e-02 6.3127e-38
 1.436e+02 1.7033e-36 4.2154e-02 4.2154e-02 5.8439e-38
 1.437e+02 1.5784e-36 4.2154e-02 4.2154e-02 5.4093e-38
 1.438e+02 1.4627e-36 4.2154e-02 4.2154e-02 5.0065e-38
 1.439e+02 1.3554e-36 4.2154e-02 4.2154e-02 4.6331e-38
 1.440e+02 1.2558e-36 4.2154e-02 4.2154e-02 4.2870e-38
 1.442e+02 1.1635e-36 4.2154e-02 4.2154e-02 3.9662e-38
 1.443e+02 1.0780e-36 4.2154e-02 4.2154e-02 3.6689e-38
 1.444e+02 9.9860e-37 4.2154e-02 4.2154e-02 3.3933e-38
 1.445e+02 9.2500e-37 4.2154e-02 4.2154e-02 3.1379e-38
 1.446e+02 8.5676e-37 4.2154e-02 4.2154e-02 2.9012e-38
 1.447e+02 7.9347e-37 4.2154e-02 4.2154e-02 2.6818e-38
 1.448e+02 7.3479e-37 4.2154e-02 4.2154e-02 2.4785e-38
 1.450e+02 6.8038e-37 4.2154e-02 4.2154e-02 2.2900e-38
 1.451e+02 6.2992e-37 4.2154e-02 4.2154e-02 2.1153e-38
 1.452e+02 5.8313e-37 4.2154e-02 4.2154e-02 1.9534e-38
 1.453e+02 5.3975e-37 4.2154e-02 4.2154e-02 1.8034e-38
 1.454e+02 4.9951e-37 4.2154e-02 4.2154e-02 1.6643e-38
 1.455e+02 4.6220e-37 4.2154e-02 4.2154e-02 1.5354e-38
 1.456e+02 4.2761e-37 4.2154e-02 4.2154e-02 1.4159e-38
 1.457e+02 3.9552e-37 4.2154e-02 4.2154e-02 1.3052e-38
 1.459e+02 3.6577e-37 4.2154e-02 4.2154e-02 1.2026e-38
 1.460e+02 3.3817e-37 4.2154e-02 4.2154e-02 1.1074e-38
 1.461e+02 3.1258e-37 4.2154e-02 4.2154e-02 1.0192e-38
 1.462e+02 2.8884e-37 4.2154e-02 4.2154e-02 9.3742e-39
 1.463e+02 2.6682e-37 4.2154e-02 4.2154e-02 8.6161e-39
 1.464e+02 2.4640e-37 4.2154e-02 4.2154e-02 7.9131e-39
 1.465e+02 2.2745e-37 4.2154e-02 4.2154e-02 7.2613e-39
 1.467e+02 2.0987e-37 4.2154e-02 4.2154e-02 6.6568e-39
 1.468e+02 1.9355e-37 4.2154e-02 4.2154e-02 6.0961e-39
 1.469e+02 1.7841e-37 4.2154e-02 4.2154e-02 5.5760e-39
 1.470e+02 1.6436e-37 4.2154e-02 4.2154e-02 5.0935e-39
 1.471e+02 1.5131e-37 4.2154e-02 4.2154e-02 4.6458e-39
 1.472e+02 1.3920e-37 4.2154e-02 4.2154e-02 4.2303e-39
 1.473e+02 1.2794e-37 4.2154e-02 4.2154e-02 3.8447e-39
 1.474e+02 1.1748e-37 4.2154e-02 4.2154e-02 3.4867e-39
 1.476e+02 1.0776e-37 4.2154e-02 4.2154e-02 3.1543e-39
 1.477e+02 9.8725e-38 4.2154e-02 4.2154e-02 2.8457e-39
 1.478e+02 9.0315e-38 4.2154e-02 4.2154e-02 2.5591e-39
 1.479e+02 8.2485e-38 4.2154e-02 4.2154e-02 2.2930e-39
 1.480e+02 7.5190e-38 4.2154e-02 4.2154e-02 2.0459e-39
 1.481e+02 6.8387e-38 4.2154e-02 4.2154e-02 1.8165e-39
 1.482e+02 6.2039e-38 4.2154e-02 4.2154e-02 1.6036e-39
 1.484e+02 5.6106e-38 4.2154e-02 4.2154e-02 1.4063e-39
 1.485e+02 5.0556e-38 4.2154e-02 4.2154e-02 1.2235e-39
 1.486e+02 4.5354e-38 4.2154e-02 4.2154e-02 1.0544e-39
 1.487e+02 4.0470e-38 4.2154e-02 4.2154e-02 8.9839e-40
 1.488e+02 3.5875e-38 4.2154e-02 4.2154e-02 7.5492e-40
 1.489e+02 3.1540e-38 4.2154e-02 4.2154e-02 6.2355e-40
 1.490e+02 2.7439e-38 4.2154e-02 4.2154e-02 5.0402e-40
 1.491e+02 2.3546e-38 4.2154e-02 4.2154e-02 3.9621e-40
 1.493e+02 1.9835e-38 4.2154e-02 4.2154e-02 3.0017e-40
 1.494e+02 1.6282e-38 4.2154e-02 4.2154e-02 2.1613e-40
 1.495e+02 1.2861e-38 4.2154e-02 4.2154e-02 1.4454e-40
 1.496e+02 9.5485e-39 4.2154e-02 4.2154e-02 8.6052e-41
 1.497e+02 6.3184e-39 4.2154e-02 4.2154e-02 4.1598e-41
 1.498e+02 3.1447e-39 4.2154e-02 4.2154e-02 1.2396e-41
 1.499e+02 -0.0000e+00 4.2154e-02 4.2154e-02 0.0000e+00
