 0.000e+00 6.3253e-01 1.7003e-02 4.7987e-03 0.0000e+00
 1.133e-01 6.3253e-01 1.7003e-02 4.7987e-03 2.7919e-04
 2.267e-01 6.3390e-01 1.7027e-02 4.7922e-03 5.9117e-04
 3.400e-01 6.3661e-01 1.7073e-02 4.7792e-03 8.7709e-04
 4.533e-01 6.4062e-01 1.7142e-02 4.7601e-03 1.1649e-03
 5.667e-01 6.4593e-01 1.7233e-02 4.7349e-03 1.4535e-03
 6.800e-01 6.5250e-01 1.7346e-02 4.7039e-03 1.7471e-03
 7.933e-01 6.6032e-01 1.7483e-02 4.6672e-03 2.0488e-03
 9.067e-01 6.6938e-01 1.7642e-02 4.6251e-03 2.3613e-03
 1.020e+00 6.7967e-01 1.7824e-02 4.5778e-03 2.6879e-03
 1.133e+00 6.9116e-01 1.8030e-02 4.5255e-03 3.0317e-03
 1.247e+00 7.0386e-01 1.8261e-02 4.4684e-03 3.3962e-03
 1.360e+00 7.1775e-01 1.8516e-02 4.4067e-03 3.7850e-03
 1.473e+00 7.3283e-01 1.8797e-02 4.3408e-03 4.2020e-03
 1.587e+00 7.4908e-01 1.9105e-02 4.2708e-03 4.6514e-03
 1.700e+00 7.6650e-01 1.9441e-02 4.1971e-03 5.1377e-03
 1.813e+00 7.8509e-01 1.9806e-02 4.1198e-03 5.6657e-03
 1.927e+00 8.0482e-01 2.0200e-02 4.0393e-03 6.2408e-03
 2.040e+00 8.2569e-01 2.0626e-02 3.9558e-03 6.8686e-03
 2.153e+00 8.4769e-01 2.1085e-02 3.8698e-03 7.5554e-03
 2.267e+00 8.7080e-01 2.1578e-02 3.7814e-03 8.3079e-03
 2.380e+00 8.9499e-01 2.2107e-02 3.6910e-03 9.1331e-03
 2.493e+00 9.2025e-01 2.2672e-02 3.5989e-03 1.0039e-02
 2.607e+00 9.4655e-01 2.3276e-02 3.5055e-03 1.1033e-02
 2.720e+00 9.7386e-01 2.3921e-02 3.4111e-03 1.2125e-02
 2.833e+00 1.0021e+00 2.4606e-02 3.3160e-03 1.3323e-02
 2.947e+00 1.0313e+00 2.5335e-02 3.2207e-03 1.4637e-02
 3.060e+00 1.0613e+00 2.6108e-02 3.1253e-03 1.6075e-02
 3.173e+00 1.0922e+00 2.6925e-02 3.0305e-03 1.7648e-02
 3.287e+00 1.1237e+00 2.7788e-02 2.9363e-03 1.9364e-02
 3.400e+00 1.1559e+00 2.8697e-02 2.8434e-03 2.1231e-02
 3.513e+00 1.1886e+00 2.9651e-02 2.7519e-03 2.3257e-02
 3.627e+00 1.2217e+00 3.0650e-02 2.6622e-03 2.5447e-02
 3.740e+00 1.2552e+00 3.1691e-02 2.5747e-03 2.7804e-02
 3.853e+00 1.2887e+00 3.2773e-02 2.4897e-03 3.0328e-02
 3.967e+00 1.3223e+00 3.3892e-02 2.4075e-03 3.3016e-02
 4.080e+00 1.3557e+00 3.5042e-02 2.3285e-03 3.5861e-02
 4.193e+00 1.3887e+00 3.6219e-02 2.2528e-03 3.8850e-02
 4.307e+00 1.4212e+00 3.7414e-02 2.1809e-03 4.1963e-02
 4.420e+00 1.4529e+00 3.8619e-02 2.1128e-03 4.5177e-02
 4.533e+00 1.4836e+00 3.9823e-02 2.0489e-03 4.8460e-02
 4.647e+00 1.5130e+00 4.1014e-02 1.9894e-03 5.1774e-02
 4.760e+00 1.5410e+00 4.2179e-02 1.9345e-03 5.5074e-02
 4.873e+00 1.5673e+00 4.3303e-02 1.8843e-03 5.8311e-02
 4.987e+00 1.5917e+00 4.4371e-02 1.8389e-03 6.1430e-02
 5.100e+00 1.6139e+00 4.5367e-02 1.7985e-03 6.4375e-02
 5.213e+00 1.6337e+00 4.6275e-02 1.7633e-03 6.7088e-02
 5.327e+00 1.6509e+00 4.7078e-02 1.7332e-03 6.9513e-02
 5.440e+00 1.6654e+00 4.7763e-02 1.7083e-03 7.1597e-02
 5.553e+00 1.6769e+00 4.8316e-02 1.6888e-03 7.3293e-02
 5.667e+00 1.6853e+00 4.8726e-02 1.6746e-03 7.4564e-02
 5.780e+00 1.6906e+00 4.8984e-02 1.6657e-03 7.5378e-02
 5.893e+00 1.6927e+00 4.9086e-02 1.6623e-03 7.5718e-02
 6.007e+00 1.6915e+00 4.9028e-02 1.6643e-03 7.5577e-02
 6.120e+00 1.6871e+00 4.8811e-02 1.6716e-03 7.4958e-02
 6.233e+00 1.6795e+00 4.8441e-02 1.6844e-03 7.3877e-02
 6.347e+00 1.6687e+00 4.7924e-02 1.7026e-03 7.2362e-02
 6.460e+00 1.6550e+00 4.7271e-02 1.7261e-03 7.0449e-02
 6.573e+00 1.6384e+00 4.6493e-02 1.7550e-03 6.8183e-02
 6.687e+00 1.6191e+00 4.5605e-02 1.7892e-03 6.5615e-02
 6.800e+00 1.5974e+00 4.4623e-02 1.8286e-03 6.2801e-02
 6.913e+00 1.5733e+00 4.3561e-02 1.8731e-03 5.9796e-02
 7.027e+00 1.5471e+00 4.2436e-02 1.9228e-03 5.6658e-02
 7.140e+00 1.5191e+00 4.1264e-02 1.9774e-03 5.3442e-02
 7.253e+00 1.4895e+00 4.0059e-02 2.0369e-03 5.0197e-02
 7.367e+00 1.4584e+00 3.8835e-02 2.1011e-03 4.6969e-02
 7.480e+00 1.4262e+00 3.7604e-02 2.1699e-03 4.3796e-02
 7.593e+00 1.3930e+00 3.6377e-02 2.2431e-03 4.0713e-02
 7.707e+00 1.3591e+00 3.5163e-02 2.3205e-03 3.7744e-02
 7.820e+00 1.3246e+00 3.3971e-02 2.4019e-03 3.4910e-02
 7.933e+00 1.2898e+00 3.2807e-02 2.4871e-03 3.2225e-02
 8.047e+00 1.2547e+00 3.1676e-02 2.5760e-03 2.9698e-02
 8.160e+00 1.2195e+00 3.0581e-02 2.6681e-03 2.7333e-02
 8.273e+00 1.1844e+00 2.9527e-02 2.7634e-03 2.5131e-02
 8.387e+00 1.1495e+00 2.8514e-02 2.8616e-03 2.3089e-02
 8.500e+00 1.1149e+00 2.7544e-02 2.9624e-03 2.1205e-02
 8.613e+00 1.0807e+00 2.6617e-02 3.0655e-03 1.9470e-02
 8.727e+00 1.0469e+00 2.5734e-02 3.1708e-03 1.7878e-02
 8.840e+00 1.0137e+00 2.4893e-02 3.2778e-03 1.6420e-02
 8.953e+00 9.8108e-01 2.4094e-02 3.3865e-03 1.5088e-02
 9.067e+00 9.4910e-01 2.3336e-02 3.4966e-03 1.3873e-02
 9.180e+00 9.1781e-01 2.2617e-02 3.6077e-03 1.2765e-02
 9.293e+00 8.8723e-01 2.1936e-02 3.7197e-03 1.1757e-02
 9.407e+00 8.5740e-01 2.1291e-02 3.8324e-03 1.0840e-02
 9.520e+00 8.2833e-01 2.0681e-02 3.9454e-03 1.0006e-02
 9.633e+00 8.0003e-01 2.0104e-02 4.0587e-03 9.2485e-03
 9.747e+00 7.7251e-01 1.9558e-02 4.1719e-03 8.5597e-03
 9.860e+00 7.4577e-01 1.9042e-02 4.2850e-03 7.9334e-03
 9.973e+00 7.1982e-01 1.8554e-02 4.3976e-03 7.3640e-03
 1.009e+01 6.9465e-01 1.8093e-02 4.5097e-03 6.8460e-03
 1.020e+01 6.7025e-01 1.7657e-02 4.6211e-03 6.3744e-03
 1.031e+01 6.4661e-01 1.7245e-02 4.7316e-03 5.9450e-03
 1.043e+01 6.2373e-01 1.6855e-02 4.8411e-03 5.5534e-03
 1.054e+01 6.0159e-01 1.6485e-02 4.9495e-03 5.1962e-03
 1.065e+01 5.8018e-01 1.6136e-02 5.0566e-03 4.8698e-03
 1.077e+01 5.5949e-01 1.5806e-02 5.1624e-03 4.5714e-03
 1.088e+01 5.3949e-01 1.5493e-02 5.2667e-03 4.2982e-03
 1.099e+01 5.2016e-01 1.5196e-02 5.3694e-03 4.0478e-03
 1.111e+01 5.0151e-01 1.4915e-02 5.4705e-03 3.8179e-03
 1.122e+01 4.8350e-01 1.4649e-02 5.5700e-03 3.6066e-03
 1.133e+01 4.6612e-01 1.4397e-02 5.6676e-03 3.4121e-03
 1.145e+01 4.4934e-01 1.4157e-02 5.7635e-03 3.2327e-03
 1.156e+01 4.3316e-01 1.3930e-02 5.8575e-03 3.0671e-03
 1.167e+01 4.1756e-01 1.3714e-02 5.9496e-03 2.9139e-03
 1.179e+01 4.0251e-01 1.3510e-02 6.0398e-03 2.7720e-03
 1.190e+01 3.8800e-01 1.3315e-02 6.1281e-03 2.6402e-03
 1.201e+01 3.7402e-01 1.3130e-02 6.2144e-03 2.5178e-03
 1.213e+01 3.6053e-01 1.2954e-02 6.2987e-03 2.4038e-03
 1.224e+01 3.4754e-01 1.2787e-02 6.3811e-03 2.2974e-03
 1.235e+01 3.3502e-01 1.2628e-02 6.4615e-03 2.1980e-03
 1.247e+01 3.2295e-01 1.2476e-02 6.5400e-03 2.1050e-03
 1.258e+01 3.1133e-01 1.2332e-02 6.6164e-03 2.0178e-03
 1.269e+01 3.0013e-01 1.2195e-02 6.6910e-03 1.9359e-03
 1.281e+01 2.8933e-01 1.2064e-02 6.7636e-03 1.8588e-03
 1.292e+01 2.7894e-01 1.1939e-02 6.8343e-03 1.7862e-03
 1.303e+01 2.6892e-01 1.1820e-02 6.9031e-03 1.7176e-03
 1.315e+01 2.5927e-01 1.1707e-02 6.9700e-03 1.6528e-03
 1.326e+01 2.4998e-01 1.1598e-02 7.0351e-03 1.5915e-03
 1.337e+01 2.4102e-01 1.1495e-02 7.0983e-03 1.5333e-03
 1.349e+01 2.3240e-01 1.1396e-02 7.1598e-03 1.4780e-03
 1.360e+01 2.2409e-01 1.1302e-02 7.2196e-03 1.4255e-03
 1.371e+01 2.1609e-01 1.1212e-02 7.2776e-03 1.3755e-03
 1.383e+01 2.0838e-01 1.1126e-02 7.3339e-03 1.3278e-03
 1.394e+01 2.0095e-01 1.1043e-02 7.3886e-03 1.2822e-03
 1.405e+01 1.9380e-01 1.0965e-02 7.4416e-03 1.2387e-03
 1.417e+01 1.8691e-01 1.0889e-02 7.4931e-03 1.1971e-03
 1.428e+01 1.8027e-01 1.0817e-02 7.5430e-03 1.1572e-03
 1.439e+01 1.7387e-01 1.0748e-02 7.5914e-03 1.1190e-03
 1.451e+01 1.6771e-01 1.0682e-02 7.6383e-03 1.0823e-03
 1.462e+01 1.6177e-01 1.0619e-02 7.6838e-03 1.0471e-03
 1.473e+01 1.5605e-01 1.0559e-02 7.7279e-03 1.0132e-03
 1.485e+01 1.5054e-01 1.0501e-02 7.7706e-03 9.8061e-04
 1.496e+01 1.4523e-01 1.0445e-02 7.8119e-03 9.4923e-04
 1.507e+01 1.4011e-01 1.0392e-02 7.8520e-03 9.1900e-04
 1.519e+01 1.3518e-01 1.0340e-02 7.8908e-03 8.8986e-04
 1.530e+01 1.3043e-01 1.0291e-02 7.9284e-03 8.6174e-04
 1.541e+01 1.2585e-01 1.0244e-02 7.9648e-03 8.3461e-04
 1.553e+01 1.2144e-01 1.0199e-02 8.0000e-03 8.0841e-04
 1.564e+01 1.1718e-01 1.0156e-02 8.0341e-03 7.8310e-04
 1.575e+01 1.1308e-01 1.0114e-02 8.0672e-03 7.5864e-04
 1.587e+01 1.0913e-01 1.0075e-02 8.0991e-03 7.3499e-04
 1.598e+01 1.0532e-01 1.0036e-02 8.1300e-03 7.1212e-04
 1.609e+01 1.0165e-01 9.9995e-03 8.1599e-03 6.8998e-04
 1.621e+01 9.8108e-02 9.9641e-03 8.1889e-03 6.6856e-04
 1.632e+01 9.4694e-02 9.9302e-03 8.2169e-03 6.4782e-04
 1.643e+01 9.1402e-02 9.8975e-03 8.2440e-03 6.2774e-04
 1.655e+01 8.8229e-02 9.8662e-03 8.2702e-03 6.0829e-04
 1.666e+01 8.5168e-02 9.8360e-03 8.2955e-03 5.8945e-04
 1.677e+01 8.2217e-02 9.8071e-03 8.3200e-03 5.7119e-04
 1.689e+01 7.9371e-02 9.7792e-03 8.3438e-03 5.5350e-04
 1.700e+01 7.6626e-02 9.7524e-03 8.3667e-03 5.3636e-04
 1.711e+01 7.3979e-02 9.7266e-03 8.3889e-03 5.1974e-04
 1.723e+01 7.1426e-02 9.7018e-03 8.4103e-03 5.0362e-04
 1.734e+01 6.8963e-02 9.6779e-03 8.4311e-03 4.8800e-04
 1.745e+01 6.6587e-02 9.6550e-03 8.4511e-03 4.7285e-04
 1.757e+01 6.4296e-02 9.6329e-03 8.4705e-03 4.5817e-04
 1.768e+01 6.2085e-02 9.6116e-03 8.4892e-03 4.4392e-04
 1.779e+01 5.9952e-02 9.5911e-03 8.5074e-03 4.3011e-04
 1.791e+01 5.7893e-02 9.5714e-03 8.5249e-03 4.1672e-04
 1.802e+01 5.5908e-02 9.5524e-03 8.5418e-03 4.0373e-04
 1.813e+01 5.3992e-02 9.5341e-03 8.5582e-03 3.9113e-04
 1.825e+01 5.2143e-02 9.5165e-03 8.5741e-03 3.7891e-04
 1.836e+01 5.0359e-02 9.4995e-03 8.5894e-03 3.6706e-04
 1.847e+01 4.8637e-02 9.4832e-03 8.6042e-03 3.5556e-04
 1.859e+01 4.6975e-02 9.4674e-03 8.6185e-03 3.4441e-04
 1.870e+01 4.5371e-02 9.4523e-03 8.6323e-03 3.3360e-04
 1.881e+01 4.3823e-02 9.4377e-03 8.6457e-03 3.2311e-04
 1.893e+01 4.2329e-02 9.4236e-03 8.6586e-03 3.1294e-04
 1.904e+01 4.0887e-02 9.4100e-03 8.6711e-03 3.0308e-04
 1.915e+01 3.9494e-02 9.3969e-03 8.6832e-03 2.9351e-04
 1.927e+01 3.8150e-02 9.3843e-03 8.6949e-03 2.8424e-04
 1.938e+01 3.6853e-02 9.3721e-03 8.7062e-03 2.7524e-04
 1.949e+01 3.5600e-02 9.3604e-03 8.7171e-03 2.6652e-04
 1.961e+01 3.4391e-02 9.3491e-03 8.7276e-03 2.5807e-04
 1.972e+01 3.3223e-02 9.3381e-03 8.7378e-03 2.4986e-04
 1.983e+01 3.2096e-02 9.3276e-03 8.7477e-03 2.4191e-04
 1.995e+01 3.1007e-02 9.3175e-03 8.7572e-03 2.3421e-04
 2.006e+01 2.9956e-02 9.3077e-03 8.7664e-03 2.2673e-04
 2.017e+01 2.8941e-02 9.2982e-03 8.7753e-03 2.1949e-04
 2.029e+01 2.7961e-02 9.2891e-03 8.7839e-03 2.1246e-04
 2.040e+01 2.7014e-02 9.2803e-03 8.7922e-03 2.0566e-04
 2.051e+01 2.6100e-02 9.2719e-03 8.8003e-03 1.9906e-04
 2.063e+01 2.5217e-02 9.2637e-03 8.8081e-03 1.9266e-04
 2.074e+01 2.4364e-02 9.2558e-03 8.8156e-03 1.8646e-04
 2.085e+01 2.3541e-02 9.2482e-03 8.8228e-03 1.8046e-04
 2.097e+01 2.2745e-02 9.2408e-03 8.8299e-03 1.7464e-04
 2.108e+01 2.1977e-02 9.2337e-03 8.8366e-03 1.6899e-04
 2.119e+01 2.1235e-02 9.2269e-03 8.8432e-03 1.6353e-04
 2.131e+01 2.0518e-02 9.2203e-03 8.8495e-03 1.5823e-04
 2.142e+01 1.9826e-02 9.2139e-03 8.8557e-03 1.5310e-04
 2.153e+01 1.9157e-02 9.2077e-03 8.8616e-03 1.4813e-04
 2.165e+01 1.8510e-02 9.2018e-03 8.8673e-03 1.4331e-04
 2.176e+01 1.7886e-02 9.1960e-03 8.8729e-03 1.3864e-04
 2.187e+01 1.7283e-02 9.1905e-03 8.8782e-03 1.3412e-04
 2.199e+01 1.6700e-02 9.1851e-03 8.8834e-03 1.2974e-04
 2.210e+01 1.6138e-02 9.1800e-03 8.8884e-03 1.2550e-04
 2.221e+01 1.5594e-02 9.1750e-03 8.8932e-03 1.2139e-04
 2.233e+01 1.5068e-02 9.1701e-03 8.8979e-03 1.1742e-04
 2.244e+01 1.4561e-02 9.1655e-03 8.9024e-03 1.1356e-04
 2.255e+01 1.4070e-02 9.1610e-03 8.9068e-03 1.0983e-04
 2.267e+01 1.3596e-02 9.1567e-03 8.9110e-03 1.0622e-04
 2.278e+01 1.3138e-02 9.1525e-03 8.9151e-03 1.0272e-04
 2.289e+01 1.2696e-02 9.1484e-03 8.9190e-03 9.9335e-05
 2.301e+01 1.2269e-02 9.1445e-03 8.9229e-03 9.6056e-05
 2.312e+01 1.1855e-02 9.1407e-03 8.9265e-03 9.2881e-05
 2.323e+01 1.1456e-02 9.1371e-03 8.9301e-03 8.9807e-05
 2.335e+01 1.1071e-02 9.1336e-03 8.9336e-03 8.6832e-05
 2.346e+01 1.0698e-02 9.1302e-03 8.9369e-03 8.3952e-05
 2.357e+01 1.0338e-02 9.1269e-03 8.9401e-03 8.1164e-05
 2.369e+01 9.9897e-03 9.1237e-03 8.9432e-03 7.8466e-05
 2.380e+01 9.6533e-03 9.1206e-03 8.9462e-03 7.5854e-05
 2.391e+01 9.3283e-03 9.1177e-03 8.9491e-03 7.3327e-05
 2.403e+01 9.0143e-03 9.1148e-03 8.9519e-03 7.0880e-05
 2.414e+01 8.7107e-03 9.1120e-03 8.9547e-03 6.8513e-05
 2.425e+01 8.4174e-03 9.1094e-03 8.9573e-03 6.6223e-05
 2.437e+01 8.1340e-03 9.1068e-03 8.9598e-03 6.4006e-05
 2.448e+01 7.8600e-03 9.1043e-03 8.9623e-03 6.1861e-05
 2.459e+01 7.5953e-03 9.1019e-03 8.9647e-03 5.9786e-05
 2.471e+01 7.3394e-03 9.0995e-03 8.9669e-03 5.7779e-05
 2.482e+01 7.0922e-03 9.0973e-03 8.9692e-03 5.5836e-05
 2.493e+01 6.8532e-03 9.0951e-03 8.9713e-03 5.3957e-05
 2.505e+01 6.6223e-03 9.0930e-03 8.9734e-03 5.2139e-05
 2.516e+01 6.3991e-03 9.0910e-03 8.9754e-03 5.0381e-05
 2.527e+01 6.1834e-03 9.0890e-03 8.9773e-03 4.8680e-05
 2.539e+01 5.9749e-03 9.0871e-03 8.9792e-03 4.7035e-05
 2.550e+01 5.7734e-03 9.0853e-03 8.9810e-03 4.5444e-05
 2.561e+01 5.5787e-03 9.0835e-03 8.9827e-03 4.3905e-05
 2.573e+01 5.3905e-03 9.0818e-03 8.9844e-03 4.2416e-05
 2.584e+01 5.2087e-03 9.0802e-03 8.9861e-03 4.0977e-05
 2.595e+01 5.0329e-03 9.0786e-03 8.9877e-03 3.9585e-05
 2.607e+01 4.8630e-03 9.0770e-03 8.9892e-03 3.8239e-05
 2.618e+01 4.6988e-03 9.0755e-03 8.9907e-03 3.6937e-05
 2.629e+01 4.5402e-03 9.0741e-03 8.9921e-03 3.5678e-05
 2.641e+01 4.3868e-03 9.0727e-03 8.9935e-03 3.4461e-05
 2.652e+01 4.2386e-03 9.0714e-03 8.9948e-03 3.3285e-05
 2.663e+01 4.0953e-03 9.0701e-03 8.9961e-03 3.2147e-05
 2.675e+01 3.9569e-03 9.0688e-03 8.9973e-03 3.1047e-05
 2.686e+01 3.8231e-03 9.0676e-03 8.9985e-03 2.9984e-05
 2.697e+01 3.6938e-03 9.0664e-03 8.9997e-03 2.8956e-05
 2.709e+01 3.5688e-03 9.0653e-03 9.0008e-03 2.7962e-05
 2.720e+01 3.4480e-03 9.0642e-03 9.0019e-03 2.7002e-05
 2.731e+01 3.3313e-03 9.0631e-03 9.0030e-03 2.6074e-05
 2.743e+01 3.2185e-03 9.0621e-03 9.0040e-03 2.5176e-05
 2.754e+01 3.1095e-03 9.0611e-03 9.0050e-03 2.4309e-05
 2.765e+01 3.0041e-03 9.0602e-03 9.0059e-03 2.3471e-05
 2.777e+01 2.9023e-03 9.0593e-03 9.0068e-03 2.2660e-05
 2.788e+01 2.8039e-03 9.0584e-03 9.0077e-03 2.1877e-05
 2.799e+01 2.7087e-03 9.0575e-03 9.0086e-03 2.1121e-05
 2.811e+01 2.6168e-03 9.0567e-03 9.0094e-03 2.0390e-05
 2.822e+01 2.5280e-03 9.0559e-03 9.0102e-03 1.9683e-05
 2.833e+01 2.4422e-03 9.0551e-03 9.0110e-03 1.9000e-05
 2.845e+01 2.3592e-03 9.0543e-03 9.0117e-03 1.8340e-05
 2.856e+01 2.2790e-03 9.0536e-03 9.0124e-03 1.7703e-05
 2.867e+01 2.2015e-03 9.0529e-03 9.0131e-03 1.7087e-05
 2.879e+01 2.1267e-03 9.0522e-03 9.0138e-03 1.6492e-05
 2.890e+01 2.0543e-03 9.0516e-03 9.0145e-03 1.5917e-05
 2.901e+01 1.9844e-03 9.0509e-03 9.0151e-03 1.5362e-05
 2.913e+01 1.9168e-03 9.0503e-03 9.0157e-03 1.4825e-05
 2.924e+01 1.8515e-03 9.0497e-03 9.0163e-03 1.4307e-05
 2.935e+01 1.7884e-03 9.0492e-03 9.0169e-03 1.3806e-05
 2.947e+01 1.7274e-03 9.0486e-03 9.0174e-03 1.3323e-05
 2.958e+01 1.6685e-03 9.0481e-03 9.0179e-03 1.2856e-05
 2.969e+01 1.6116e-03 9.0476e-03 9.0185e-03 1.2405e-05
 2.981e+01 1.5565e-03 9.0471e-03 9.0190e-03 1.1969e-05
 2.992e+01 1.5034e-03 9.0466e-03 9.0194e-03 1.1548e-05
 3.003e+01 1.4520e-03 9.0461e-03 9.0199e-03 1.1141e-05
 3.015e+01 1.4024e-03 9.0457e-03 9.0203e-03 1.0749e-05
 3.026e+01 1.3544e-03 9.0452e-03 9.0208e-03 1.0370e-05
 3.037e+01 1.3080e-03 9.0448e-03 9.0212e-03 1.0004e-05
 3.049e+01 1.2633e-03 9.0444e-03 9.0216e-03 9.6502e-06
 3.060e+01 1.2200e-03 9.0440e-03 9.0220e-03 9.3088e-06
 3.071e+01 1.1782e-03 9.0436e-03 9.0224e-03 8.9792e-06
 3.083e+01 1.1378e-03 9.0433e-03 9.0227e-03 8.6609e-06
 3.094e+01 1.0987e-03 9.0429e-03 9.0231e-03 8.3536e-06
 3.105e+01 1.0610e-03 9.0426e-03 9.0234e-03 8.0570e-06
 3.117e+01 1.0246e-03 9.0423e-03 9.0237e-03 7.7705e-06
 3.128e+01 9.8940e-04 9.0419e-03 9.0241e-03 7.4940e-06
 3.139e+01 9.5539e-04 9.0416e-03 9.0244e-03 7.2271e-06
 3.151e+01 9.2253e-04 9.0413e-03 9.0247e-03 6.9694e-06
 3.162e+01 8.9078e-04 9.0411e-03 9.0250e-03 6.7206e-06
 3.173e+01 8.6011e-04 9.0408e-03 9.0252e-03 6.4805e-06
 3.185e+01 8.3048e-04 9.0405e-03 9.0255e-03 6.2487e-06
 3.196e+01 8.0186e-04 9.0402e-03 9.0258e-03 6.0250e-06
 3.207e+01 7.7420e-04 9.0400e-03 9.0260e-03 5.8091e-06
 3.219e+01 7.4749e-04 9.0398e-03 9.0263e-03 5.6007e-06
 3.230e+01 7.2168e-04 9.0395e-03 9.0265e-03 5.3995e-06
 3.241e+01 6.9675e-04 9.0393e-03 9.0267e-03 5.2054e-06
 3.253e+01 6.7267e-04 9.0391e-03 9.0269e-03 5.0181e-06
 3.264e+01 6.4941e-04 9.0389e-03 9.0271e-03 4.8373e-06
 3.275e+01 6.2693e-04 9.0387e-03 9.0273e-03 4.6629e-06
 3.287e+01 6.0523e-04 9.0385e-03 9.0275e-03 4.4945e-06
 3.298e+01 5.8426e-04 9.0383e-03 9.0277e-03 4.3321e-06
 3.309e+01 5.6401e-04 9.0381e-03 9.0279e-03 4.1754e-06
 3.321e+01 5.4445e-04 9.0379e-03 9.0281e-03 4.0242e-06
 3.332e+01 5.2555e-04 9.0377e-03 9.0283e-03 3.8783e-06
 3.343e+01 5.0730e-04 9.0376e-03 9.0284e-03 3.7376e-06
 3.355e+01 4.8967e-04 9.0374e-03 9.0286e-03 3.6018e-06
 3.366e+01 4.7265e-04 9.0373e-03 9.0287e-03 3.4708e-06
 3.377e+01 4.5620e-04 9.0371e-03 9.0289e-03 3.3444e-06
 3.389e+01 4.4032e-04 9.0370e-03 9.0290e-03 3.2226e-06
 3.400e+01 4.2499e-04 9.0368e-03 9.0292e-03 3.1050e-06
 3.411e+01 4.1017e-04 9.0367e-03 9.0293e-03 2.9916e-06
 3.423e+01 3.9587e-04 9.0366e-03 9.0294e-03 2.8822e-06
 3.434e+01 3.8205e-04 9.0365e-03 9.0295e-03 2.7767e-06
 3.445e+01 3.6871e-04 9.0363e-03 9.0297e-03 2.6749e-06
 3.457e+01 3.5583e-04 9.0362e-03 9.0298e-03 2.5768e-06
 3.468e+01 3.4339e-04 9.0361e-03 9.0299e-03 2.4822e-06
 3.479e+01 3.3137e-04 9.0360e-03 9.0300e-03 2.3909e-06
 3.491e+01 3.1977e-04 9.0359e-03 9.0301e-03 2.3029e-06
 3.502e+01 3.0857e-04 9.0358e-03 9.0302e-03 2.2181e-06
 3.513e+01 2.9775e-04 9.0357e-03 9.0303e-03 2.1363e-06
 3.525e+01 2.8730e-04 9.0356e-03 9.0304e-03 2.0574e-06
 3.536e+01 2.7722e-04 9.0355e-03 9.0305e-03 1.9813e-06
 3.547e+01 2.6748e-04 9.0354e-03 9.0306e-03 1.9080e-06
 3.559e+01 2.5808e-04 9.0353e-03 9.0307e-03 1.8373e-06
 3.570e+01 2.4900e-04 9.0352e-03 9.0308e-03 1.7691e-06
 3.581e+01 2.4024e-04 9.0352e-03 9.0308e-03 1.7034e-06
 3.593e+01 2.3177e-04 9.0351e-03 9.0309e-03 1.6401e-06
 3.604e+01 2.2361e-04 9.0350e-03 9.0310e-03 1.5790e-06
 3.615e+01 2.1572e-04 9.0349e-03 9.0311e-03 1.5202e-06
 3.627e+01 2.0810e-04 9.0349e-03 9.0311e-03 1.4635e-06
 3.638e+01 2.0075e-04 9.0348e-03 9.0312e-03 1.4088e-06
 3.649e+01 1.9366e-04 9.0347e-03 9.0313e-03 1.3561e-06
 3.661e+01 1.8681e-04 9.0347e-03 9.0313e-03 1.3054e-06
 3.672e+01 1.8020e-04 9.0346e-03 9.0314e-03 1.2564e-06
 3.683e+01 1.7381e-04 9.0346e-03 9.0314e-03 1.2093e-06
 3.695e+01 1.6765e-04 9.0345e-03 9.0315e-03 1.1638e-06
 3.706e+01 1.6171e-04 9.0345e-03 9.0315e-03 1.1201e-06
 3.717e+01 1.5597e-04 9.0344e-03 9.0316e-03 1.0779e-06
 3.729e+01 1.5043e-04 9.0344e-03 9.0316e-03 1.0372e-06
 3.740e+01 1.4508e-04 9.0343e-03 9.0317e-03 9.9809e-07
 3.751e+01 1.3992e-04 9.0343e-03 9.0317e-03 9.6037e-07
 3.763e+01 1.3494e-04 9.0342e-03 9.0318e-03 9.2403e-07
 3.774e+01 1.3013e-04 9.0342e-03 9.0318e-03 8.8902e-07
 3.785e+01 1.2549e-04 9.0341e-03 9.0319e-03 8.5530e-07
 3.797e+01 1.2101e-04 9.0341e-03 9.0319e-03 8.2282e-07
 3.808e+01 1.1669e-04 9.0341e-03 9.0319e-03 7.9154e-07
 3.819e+01 1.1252e-04 9.0340e-03 9.0320e-03 7.6140e-07
 3.831e+01 1.0850e-04 9.0340e-03 9.0320e-03 7.3238e-07
 3.842e+01 1.0462e-04 9.0339e-03 9.0321e-03 7.0444e-07
 3.853e+01 1.0087e-04 9.0339e-03 9.0321e-03 6.7752e-07
 3.865e+01 9.7257e-05 9.0339e-03 9.0321e-03 6.5160e-07
 3.876e+01 9.3769e-05 9.0338e-03 9.0322e-03 6.2664e-07
 3.887e+01 9.0403e-05 9.0338e-03 9.0322e-03 6.0261e-07
 3.899e+01 8.7156e-05 9.0338e-03 9.0322e-03 5.7947e-07
 3.910e+01 8.4023e-05 9.0338e-03 9.0322e-03 5.5720e-07
 3.921e+01 8.1000e-05 9.0337e-03 9.0323e-03 5.3575e-07
 3.933e+01 7.8084e-05 9.0337e-03 9.0323e-03 5.1510e-07
 3.944e+01 7.5271e-05 9.0337e-03 9.0323e-03 4.9522e-07
 3.955e+01 7.2556e-05 9.0337e-03 9.0323e-03 4.7609e-07
 3.967e+01 6.9938e-05 9.0336e-03 9.0324e-03 4.5767e-07
 3.978e+01 6.7412e-05 9.0336e-03 9.0324e-03 4.3994e-07
 3.989e+01 6.4976e-05 9.0336e-03 9.0324e-03 4.2288e-07
 4.001e+01 6.2626e-05 9.0336e-03 9.0324e-03 4.0646e-07
 4.012e+01 6.0359e-05 9.0335e-03 9.0325e-03 3.9066e-07
 4.023e+01 5.8172e-05 9.0335e-03 9.0325e-03 3.7545e-07
 4.035e+01 5.6063e-05 9.0335e-03 9.0325e-03 3.6081e-07
 4.046e+01 5.4029e-05 9.0335e-03 9.0325e-03 3.4673e-07
 4.057e+01 5.2067e-05 9.0335e-03 9.0325e-03 3.3318e-07
 4.069e+01 5.0175e-05 9.0335e-03 9.0325e-03 3.2014e-07
 4.080e+01 4.8350e-05 9.0334e-03 9.0326e-03 3.0760e-07
 4.091e+01 4.6590e-05 9.0334e-03 9.0326e-03 2.9553e-07
 4.103e+01 4.4892e-05 9.0334e-03 9.0326e-03 2.8392e-07
 4.114e+01 4.3256e-05 9.0334e-03 9.0326e-03 2.7275e-07
 4.125e+01 4.1677e-05 9.0334e-03 9.0326e-03 2.6201e-07
 4.137e+01 4.0155e-05 9.0334e-03 9.0326e-03 2.5168e-07
 4.148e+01 3.8688e-05 9.0333e-03 9.0327e-03 2.4174e-07
 4.159e+01 3.7273e-05 9.0333e-03 9.0327e-03 2.3218e-07
 4.171e+01 3.5908e-05 9.0333e-03 9.0327e-03 2.2299e-07
 4.182e+01 3.4593e-05 9.0333e-03 9.0327e-03 2.1415e-07
 4.193e+01 3.3324e-05 9.0333e-03 9.0327e-03 2.0565e-07
 4.205e+01 3.2102e-05 9.0333e-03 9.0327e-03 1.9748e-07
 4.216e+01 3.0923e-05 9.0333e-03 9.0327e-03 1.8962e-07
 4.227e+01 2.9786e-05 9.0333e-03 9.0327e-03 1.8206e-07
 4.239e+01 2.8690e-05 9.0333e-03 9.0327e-03 1.7480e-07
 4.250e+01 2.7634e-05 9.0332e-03 9.0328e-03 1.6781e-07
 4.261e+01 2.6616e-05 9.0332e-03 9.0328e-03 1.6110e-07
 4.273e+01 2.5634e-05 9.0332e-03 9.0328e-03 1.5464e-07
 4.284e+01 2.4688e-05 9.0332e-03 9.0328e-03 1.4844e-07
 4.295e+01 2.3776e-05 9.0332e-03 9.0328e-03 1.4248e-07
 4.307e+01 2.2897e-05 9.0332e-03 9.0328e-03 1.3675e-07
 4.318e+01 2.2050e-05 9.0332e-03 9.0328e-03 1.3124e-07
 4.329e+01 2.1234e-05 9.0332e-03 9.0328e-03 1.2595e-07
 4.341e+01 2.0447e-05 9.0332e-03 9.0328e-03 1.2086e-07
 4.352e+01 1.9688e-05 9.0332e-03 9.0328e-03 1.1597e-07
 4.363e+01 1.8957e-05 9.0332e-03 9.0328e-03 1.1128e-07
 4.375e+01 1.8253e-05 9.0332e-03 9.0328e-03 1.0676e-07
 4.386e+01 1.7574e-05 9.0332e-03 9.0328e-03 1.0243e-07
 4.397e+01 1.6920e-05 9.0332e-03 9.0328e-03 9.8265e-08
 4.409e+01 1.6290e-05 9.0331e-03 9.0329e-03 9.4265e-08
 4.420e+01 1.5683e-05 9.0331e-03 9.0329e-03 9.0422e-08
 4.431e+01 1.5098e-05 9.0331e-03 9.0329e-03 8.6731e-08
 4.443e+01 1.4534e-05 9.0331e-03 9.0329e-03 8.3186e-08
 4.454e+01 1.3991e-05 9.0331e-03 9.0329e-03 7.9781e-08
 4.465e+01 1.3468e-05 9.0331e-03 9.0329e-03 7.6511e-08
 4.477e+01 1.2963e-05 9.0331e-03 9.0329e-03 7.3371e-08
 4.488e+01 1.2478e-05 9.0331e-03 9.0329e-03 7.0355e-08
 4.499e+01 1.2010e-05 9.0331e-03 9.0329e-03 6.7460e-08
 4.511e+01 1.1559e-05 9.0331e-03 9.0329e-03 6.4680e-08
 4.522e+01 1.1125e-05 9.0331e-03 9.0329e-03 6.2010e-08
 4.533e+01 1.0707e-05 9.0331e-03 9.0329e-03 5.9448e-08
 4.545e+01 1.0304e-05 9.0331e-03 9.0329e-03 5.6988e-08
 4.556e+01 9.9159e-06 9.0331e-03 9.0329e-03 5.4627e-08
 4.567e+01 9.5422e-06 9.0331e-03 9.0329e-03 5.2360e-08
 4.579e+01 9.1822e-06 9.0331e-03 9.0329e-03 5.0185e-08
 4.590e+01 8.8356e-06 9.0331e-03 9.0329e-03 4.8097e-08
 4.601e+01 8.5018e-06 9.0331e-03 9.0329e-03 4.6093e-08
 4.613e+01 8.1803e-06 9.0331e-03 9.0329e-03 4.4170e-08
 4.624e+01 7.8707e-06 9.0331e-03 9.0329e-03 4.2324e-08
 4.635e+01 7.5725e-06 9.0331e-03 9.0329e-03 4.0554e-08
 4.647e+01 7.2855e-06 9.0331e-03 9.0329e-03 3.8855e-08
 4.658e+01 7.0090e-06 9.0331e-03 9.0329e-03 3.7225e-08
 4.669e+01 6.7429e-06 9.0331e-03 9.0329e-03 3.5661e-08
 4.681e+01 6.4866e-06 9.0331e-03 9.0329e-03 3.4161e-08
 4.692e+01 6.2398e-06 9.0331e-03 9.0329e-03 3.2722e-08
 4.703e+01 6.0023e-06 9.0331e-03 9.0329e-03 3.1342e-08
 4.715e+01 5.7736e-06 9.0331e-03 9.0329e-03 3.0018e-08
 4.726e+01 5.5534e-06 9.0331e-03 9.0329e-03 2.8748e-08
 4.737e+01 5.3414e-06 9.0330e-03 9.0330e-03 2.7530e-08
 4.749e+01 5.1374e-06 9.0330e-03 9.0330e-03 2.6363e-08
 4.760e+01 4.9410e-06 9.0330e-03 9.0330e-03 2.5243e-08
 4.771e+01 4.7519e-06 9.0330e-03 9.0330e-03 2.4169e-08
 4.783e+01 4.5699e-06 9.0330e-03 9.0330e-03 2.3140e-08
 4.794e+01 4.3948e-06 9.0330e-03 9.0330e-03 2.2153e-08
 4.805e+01 4.2262e-06 9.0330e-03 9.0330e-03 2.1207e-08
 4.817e+01 4.0639e-06 9.0330e-03 9.0330e-03 2.0300e-08
 4.828e+01 3.9078e-06 9.0330e-03 9.0330e-03 1.9431e-08
 4.839e+01 3.7575e-06 9.0330e-03 9.0330e-03 1.8597e-08
 4.851e+01 3.6128e-06 9.0330e-03 9.0330e-03 1.7799e-08
 4.862e+01 3.4737e-06 9.0330e-03 9.0330e-03 1.7033e-08
 4.873e+01 3.3397e-06 9.0330e-03 9.0330e-03 1.6300e-08
 4.885e+01 3.2109e-06 9.0330e-03 9.0330e-03 1.5597e-08
 4.896e+01 3.0869e-06 9.0330e-03 9.0330e-03 1.4923e-08
 4.907e+01 2.9676e-06 9.0330e-03 9.0330e-03 1.4278e-08
 4.919e+01 2.8528e-06 9.0330e-03 9.0330e-03 1.3660e-08
 4.930e+01 2.7423e-06 9.0330e-03 9.0330e-03 1.3067e-08
 4.941e+01 2.6361e-06 9.0330e-03 9.0330e-03 1.2500e-08
 4.953e+01 2.5338e-06 9.0330e-03 9.0330e-03 1.1956e-08
 4.964e+01 2.4355e-06 9.0330e-03 9.0330e-03 1.1436e-08
 4.975e+01 2.3409e-06 9.0330e-03 9.0330e-03 1.0937e-08
 4.987e+01 2.2499e-06 9.0330e-03 9.0330e-03 1.0460e-08
 4.998e+01 2.1623e-06 9.0330e-03 9.0330e-03 1.0002e-08
 5.009e+01 2.0781e-06 9.0330e-03 9.0330e-03 9.5645e-09
 5.021e+01 1.9971e-06 9.0330e-03 9.0330e-03 9.1451e-09
 5.032e+01 1.9192e-06 9.0330e-03 9.0330e-03 8.7436e-09
 5.043e+01 1.8443e-06 9.0330e-03 9.0330e-03 8.3592e-09
 5.055e+01 1.7723e-06 9.0330e-03 9.0330e-03 7.9912e-09
 5.066e+01 1.7030e-06 9.0330e-03 9.0330e-03 7.6389e-09
 5.077e+01 1.6363e-06 9.0330e-03 9.0330e-03 7.3017e-09
 5.089e+01 1.5722e-06 9.0330e-03 9.0330e-03 6.9789e-09
 5.100e+01 1.5106e-06 9.0330e-03 9.0330e-03 6.6699e-09
 5.111e+01 1.4513e-06 9.0330e-03 9.0330e-03 6.3743e-09
 5.123e+01 1.3944e-06 9.0330e-03 9.0330e-03 6.0913e-09
 5.134e+01 1.3396e-06 9.0330e-03 9.0330e-03 5.8206e-09
 5.145e+01 1.2869e-06 9.0330e-03 9.0330e-03 5.5615e-09
 5.157e+01 1.2362e-06 9.0330e-03 9.0330e-03 5.3136e-09
 5.168e+01 1.1875e-06 9.0330e-03 9.0330e-03 5.0764e-09
 5.179e+01 1.1407e-06 9.0330e-03 9.0330e-03 4.8495e-09
 5.191e+01 1.0957e-06 9.0330e-03 9.0330e-03 4.6325e-09
 5.202e+01 1.0525e-06 9.0330e-03 9.0330e-03 4.4249e-09
 5.213e+01 1.0109e-06 9.0330e-03 9.0330e-03 4.2263e-09
 5.225e+01 9.7090e-07 9.0330e-03 9.0330e-03 4.0363e-09
 5.236e+01 9.3247e-07 9.0330e-03 9.0330e-03 3.8547e-09
 5.247e+01 8.9554e-07 9.0330e-03 9.0330e-03 3.6810e-09
 5.259e+01 8.6004e-07 9.0330e-03 9.0330e-03 3.5149e-09
 5.270e+01 8.2592e-07 9.0330e-03 9.0330e-03 3.3561e-09
 5.281e+01 7.9312e-07 9.0330e-03 9.0330e-03 3.2042e-09
 5.293e+01 7.6161e-07 9.0330e-03 9.0330e-03 3.0590e-09
 5.304e+01 7.3132e-07 9.0330e-03 9.0330e-03 2.9202e-09
 5.315e+01 7.0222e-07 9.0330e-03 9.0330e-03 2.7876e-09
 5.327e+01 6.7425e-07 9.0330e-03 9.0330e-03 2.6607e-09
 5.338e+01 6.4737e-07 9.0330e-03 9.0330e-03 2.5395e-09
 5.349e+01 6.2155e-07 9.0330e-03 9.0330e-03 2.4237e-09
 5.361e+01 5.9674e-07 9.0330e-03 9.0330e-03 2.3130e-09
 5.372e+01 5.7289e-07 9.0330e-03 9.0330e-03 2.2072e-09
 5.383e+01 5.4999e-07 9.0330e-03 9.0330e-03 2.1061e-09
 5.395e+01 5.2798e-07 9.0330e-03 9.0330e-03 2.0095e-09
 5.406e+01 5.0684e-07 9.0330e-03 9.0330e-03 1.9172e-09
 5.417e+01 4.8653e-07 9.0330e-03 9.0330e-03 1.8290e-09
 5.429e+01 4.6701e-07 9.0330e-03 9.0330e-03 1.7448e-09
 5.440e+01 4.4827e-07 9.0330e-03 9.0330e-03 1.6643e-09
 5.451e+01 4.3026e-07 9.0330e-03 9.0330e-03 1.5875e-09
 5.463e+01 4.1297e-07 9.0330e-03 9.0330e-03 1.5141e-09
 5.474e+01 3.9635e-07 9.0330e-03 9.0330e-03 1.4440e-09
 5.485e+01 3.8040e-07 9.0330e-03 9.0330e-03 1.3770e-09
 5.497e+01 3.6507e-07 9.0330e-03 9.0330e-03 1.3131e-09
 5.508e+01 3.5035e-07 9.0330e-03 9.0330e-03 1.2521e-09
 5.519e+01 3.3622e-07 9.0330e-03 9.0330e-03 1.1938e-09
 5.531e+01 3.2264e-07 9.0330e-03 9.0330e-03 1.1382e-09
 5.542e+01 3.0960e-07 9.0330e-03 9.0330e-03 1.0850e-09
 5.553e+01 2.9709e-07 9.0330e-03 9.0330e-03 1.0343e-09
 5.565e+01 2.8506e-07 9.0330e-03 9.0330e-03 9.8593e-10
 5.576e+01 2.7352e-07 9.0330e-03 9.0330e-03 9.3973e-10
 5.587e+01 2.6243e-07 9.0330e-03 9.0330e-03 8.9564e-10
 5.599e+01 2.5179e-07 9.0330e-03 9.0330e-03 8.5356e-10
 5.610e+01 2.4157e-07 9.0330e-03 9.0330e-03 8.1341e-10
 5.621e+01 2.3176e-07 9.0330e-03 9.0330e-03 7.7509e-10
 5.633e+01 2.2234e-07 9.0330e-03 9.0330e-03 7.3854e-10
 5.644e+01 2.1330e-07 9.0330e-03 9.0330e-03 7.0366e-10
 5.655e+01 2.0462e-07 9.0330e-03 9.0330e-03 6.7038e-10
 5.667e+01 1.9628e-07 9.0330e-03 9.0330e-03 6.3863e-10
 5.678e+01 1.8828e-07 9.0330e-03 9.0330e-03 6.0835e-10
 5.689e+01 1.8060e-07 9.0330e-03 9.0330e-03 5.7947e-10
 5.701e+01 1.7323e-07 9.0330e-03 9.0330e-03 5.5192e-10
 5.712e+01 1.6615e-07 9.0330e-03 9.0330e-03 5.2565e-10
 5.723e+01 1.5936e-07 9.0330e-03 9.0330e-03 5.0060e-10
 5.735e+01 1.5285e-07 9.0330e-03 9.0330e-03 4.7671e-10
 5.746e+01 1.4659e-07 9.0330e-03 9.0330e-03 4.5393e-10
 5.757e+01 1.4059e-07 9.0330e-03 9.0330e-03 4.3221e-10
 5.769e+01 1.3482e-07 9.0330e-03 9.0330e-03 4.1150e-10
 5.780e+01 1.2929e-07 9.0330e-03 9.0330e-03 3.9176e-10
 5.791e+01 1.2399e-07 9.0330e-03 9.0330e-03 3.7294e-10
 5.803e+01 1.1889e-07 9.0330e-03 9.0330e-03 3.5501e-10
 5.814e+01 1.1401e-07 9.0330e-03 9.0330e-03 3.3791e-10
 5.825e+01 1.0932e-07 9.0330e-03 9.0330e-03 3.2162e-10
 5.837e+01 1.0482e-07 9.0330e-03 9.0330e-03 3.0609e-10
 5.848e+01 1.0050e-07 9.0330e-03 9.0330e-03 2.9129e-10
 5.859e+01 9.6363e-08 9.0330e-03 9.0330e-03 2.7719e-10
 5.871e+01 9.2389e-08 9.0330e-03 9.0330e-03 2.6376e-10
 5.882e+01 8.8577e-08 9.0330e-03 9.0330e-03 2.5096e-10
 5.893e+01 8.4920e-08 9.0330e-03 9.0330e-03 2.3877e-10
 5.905e+01 8.1411e-08 9.0330e-03 9.0330e-03 2.2715e-10
 5.916e+01 7.8046e-08 9.0330e-03 9.0330e-03 2.1609e-10
 5.927e+01 7.4817e-08 9.0330e-03 9.0330e-03 2.0555e-10
 5.939e+01 7.1720e-08 9.0330e-03 9.0330e-03 1.9551e-10
 5.950e+01 6.8749e-08 9.0330e-03 9.0330e-03 1.8595e-10
 5.961e+01 6.5900e-08 9.0330e-03 9.0330e-03 1.7685e-10
 5.973e+01 6.3167e-08 9.0330e-03 9.0330e-03 1.6818e-10
 5.984e+01 6.0545e-08 9.0330e-03 9.0330e-03 1.5993e-10
 5.995e+01 5.8031e-08 9.0330e-03 9.0330e-03 1.5207e-10
 6.007e+01 5.5620e-08 9.0330e-03 9.0330e-03 1.4459e-10
 6.018e+01 5.3307e-08 9.0330e-03 9.0330e-03 1.3746e-10
 6.029e+01 5.1090e-08 9.0330e-03 9.0330e-03 1.3068e-10
 6.041e+01 4.8963e-08 9.0330e-03 9.0330e-03 1.2423e-10
 6.052e+01 4.6923e-08 9.0330e-03 9.0330e-03 1.1809e-10
 6.063e+01 4.4968e-08 9.0330e-03 9.0330e-03 1.1224e-10
 6.075e+01 4.3092e-08 9.0330e-03 9.0330e-03 1.0668e-10
 6.086e+01 4.1294e-08 9.0330e-03 9.0330e-03 1.0138e-10
 6.097e+01 3.9570e-08 9.0330e-03 9.0330e-03 9.6347e-11
 6.109e+01 3.7917e-08 9.0330e-03 9.0330e-03 9.1554e-11
 6.120e+01 3.6332e-08 9.0330e-03 9.0330e-03 8.6994e-11
 6.131e+01 3.4812e-08 9.0330e-03 9.0330e-03 8.2656e-11
 6.143e+01 3.3355e-08 9.0330e-03 9.0330e-03 7.8529e-11
 6.154e+01 3.1958e-08 9.0330e-03 9.0330e-03 7.4604e-11
 6.165e+01 3.0619e-08 9.0330e-03 9.0330e-03 7.0870e-11
 6.177e+01 2.9336e-08 9.0330e-03 9.0330e-03 6.7319e-11
 6.188e+01 2.8105e-08 9.0330e-03 9.0330e-03 6.3942e-11
 6.199e+01 2.6925e-08 9.0330e-03 9.0330e-03 6.0730e-11
 6.211e+01 2.5795e-08 9.0330e-03 9.0330e-03 5.7676e-11
 6.222e+01 2.4711e-08 9.0330e-03 9.0330e-03 5.4772e-11
 6.233e+01 2.3672e-08 9.0330e-03 9.0330e-03 5.2011e-11
 6.245e+01 2.2676e-08 9.0330e-03 9.0330e-03 4.9386e-11
 6.256e+01 2.1722e-08 9.0330e-03 9.0330e-03 4.6891e-11
 6.267e+01 2.0807e-08 9.0330e-03 9.0330e-03 4.4519e-11
 6.279e+01 1.9930e-08 9.0330e-03 9.0330e-03 4.2264e-11
 6.290e+01 1.9090e-08 9.0330e-03 9.0330e-03 4.0121e-11
 6.301e+01 1.8285e-08 9.0330e-03 9.0330e-03 3.8085e-11
 6.313e+01 1.7513e-08 9.0330e-03 9.0330e-03 3.6149e-11
 6.324e+01 1.6774e-08 9.0330e-03 9.0330e-03 3.4310e-11
 6.335e+01 1.6065e-08 9.0330e-03 9.0330e-03 3.2562e-11
 6.347e+01 1.5386e-08 9.0330e-03 9.0330e-03 3.0901e-11
 6.358e+01 1.4735e-08 9.0330e-03 9.0330e-03 2.9323e-11
 6.369e+01 1.4112e-08 9.0330e-03 9.0330e-03 2.7825e-11
 6.381e+01 1.3514e-08 9.0330e-03 9.0330e-03 2.6401e-11
 6.392e+01 1.2942e-08 9.0330e-03 9.0330e-03 2.5048e-11
 6.403e+01 1.2394e-08 9.0330e-03 9.0330e-03 2.3763e-11
 6.415e+01 1.1868e-08 9.0330e-03 9.0330e-03 2.2543e-11
 6.426e+01 1.1365e-08 9.0330e-03 9.0330e-03 2.1384e-11
 6.437e+01 1.0882e-08 9.0330e-03 9.0330e-03 2.0283e-11
 6.449e+01 1.0420e-08 9.0330e-03 9.0330e-03 1.9238e-11
 6.460e+01 9.9776e-09 9.0330e-03 9.0330e-03 1.8246e-11
 6.471e+01 9.5535e-09 9.0330e-03 9.0330e-03 1.7304e-11
 6.483e+01 9.1472e-09 9.0330e-03 9.0330e-03 1.6409e-11
 6.494e+01 8.7581e-09 9.0330e-03 9.0330e-03 1.5560e-11
 6.505e+01 8.3853e-09 9.0330e-03 9.0330e-03 1.4754e-11
 6.517e+01 8.0282e-09 9.0330e-03 9.0330e-03 1.3988e-11
 6.528e+01 7.6862e-09 9.0330e-03 9.0330e-03 1.3262e-11
 6.539e+01 7.3586e-09 9.0330e-03 9.0330e-03 1.2573e-11
 6.551e+01 7.0448e-09 9.0330e-03 9.0330e-03 1.1918e-11
 6.562e+01 6.7442e-09 9.0330e-03 9.0330e-03 1.1297e-11
 6.573e+01 6.4564e-09 9.0330e-03 9.0330e-03 1.0708e-11
 6.585e+01 6.1807e-09 9.0330e-03 9.0330e-03 1.0149e-11
 6.596e+01 5.9166e-09 9.0330e-03 9.0330e-03 9.6185e-12
 6.607e+01 5.6638e-09 9.0330e-03 9.0330e-03 9.1152e-12
 6.619e+01 5.4216e-09 9.0330e-03 9.0330e-03 8.6378e-12
 6.630e+01 5.1897e-09 9.0330e-03 9.0330e-03 8.1848e-12
 6.641e+01 4.9676e-09 9.0330e-03 9.0330e-03 7.7552e-12
 6.653e+01 4.7549e-09 9.0330e-03 9.0330e-03 7.3476e-12
 6.664e+01 4.5512e-09 9.0330e-03 9.0330e-03 6.9611e-12
 6.675e+01 4.3562e-09 9.0330e-03 9.0330e-03 6.5945e-12
 6.687e+01 4.1694e-09 9.0330e-03 9.0330e-03 6.2469e-12
 6.698e+01 3.9906e-09 9.0330e-03 9.0330e-03 5.9172e-12
 6.709e+01 3.8194e-09 9.0330e-03 9.0330e-03 5.6046e-12
 6.721e+01 3.6555e-09 9.0330e-03 9.0330e-03 5.3082e-12
 6.732e+01 3.4985e-09 9.0330e-03 9.0330e-03 5.0272e-12
 6.743e+01 3.3482e-09 9.0330e-03 9.0330e-03 4.7608e-12
 6.755e+01 3.2043e-09 9.0330e-03 9.0330e-03 4.5083e-12
 6.766e+01 3.0666e-09 9.0330e-03 9.0330e-03 4.2689e-12
 6.777e+01 2.9347e-09 9.0330e-03 9.0330e-03 4.0420e-12
 6.789e+01 2.8084e-09 9.0330e-03 9.0330e-03 3.8269e-12
 6.800e+01 2.6875e-09 9.0330e-03 9.0330e-03 3.6231e-12
 6.811e+01 2.5718e-09 9.0330e-03 9.0330e-03 3.4299e-12
 6.823e+01 2.4610e-09 9.0330e-03 9.0330e-03 3.2468e-12
 6.834e+01 2.3550e-09 9.0330e-03 9.0330e-03 3.0734e-12
 6.845e+01 2.2535e-09 9.0330e-03 9.0330e-03 2.9090e-12
 6.857e+01 2.1563e-09 9.0330e-03 9.0330e-03 2.7533e-12
 6.868e+01 2.0633e-09 9.0330e-03 9.0330e-03 2.6057e-12
 6.879e+01 1.9742e-09 9.0330e-03 9.0330e-03 2.4660e-12
 6.891e+01 1.8890e-09 9.0330e-03 9.0330e-03 2.3336e-12
 6.902e+01 1.8074e-09 9.0330e-03 9.0330e-03 2.2081e-12
 6.913e+01 1.7293e-09 9.0330e-03 9.0330e-03 2.0894e-12
 6.925e+01 1.6546e-09 9.0330e-03 9.0330e-03 1.9768e-12
 6.936e+01 1.5831e-09 9.0330e-03 9.0330e-03 1.8703e-12
 6.947e+01 1.5146e-09 9.0330e-03 9.0330e-03 1.7694e-12
 6.959e+01 1.4491e-09 9.0330e-03 9.0330e-03 1.6738e-12
 6.970e+01 1.3864e-09 9.0330e-03 9.0330e-03 1.5833e-12
 6.981e+01 1.3263e-09 9.0330e-03 9.0330e-03 1.4977e-12
 6.993e+01 1.2689e-09 9.0330e-03 9.0330e-03 1.4165e-12
 7.004e+01 1.2139e-09 9.0330e-03 9.0330e-03 1.3398e-12
 7.015e+01 1.1613e-09 9.0330e-03 9.0330e-03 1.2671e-12
 7.027e+01 1.1110e-09 9.0330e-03 9.0330e-03 1.1982e-12
 7.038e+01 1.0628e-09 9.0330e-03 9.0330e-03 1.1331e-12
 7.049e+01 1.0167e-09 9.0330e-03 9.0330e-03 1.0714e-12
 7.061e+01 9.7258e-10 9.0330e-03 9.0330e-03 1.0131e-12
 7.072e+01 9.3037e-10 9.0330e-03 9.0330e-03 9.5784e-13
 7.083e+01 8.8997e-10 9.0330e-03 9.0330e-03 9.0558e-13
 7.095e+01 8.5132e-10 9.0330e-03 9.0330e-03 8.5612e-13
 7.106e+01 8.1434e-10 9.0330e-03 9.0330e-03 8.0932e-13
 7.117e+01 7.7895e-10 9.0330e-03 9.0330e-03 7.6503e-13
 7.129e+01 7.4508e-10 9.0330e-03 9.0330e-03 7.2314e-13
 7.140e+01 7.1269e-10 9.0330e-03 9.0330e-03 6.8350e-13
 7.151e+01 6.8169e-10 9.0330e-03 9.0330e-03 6.4600e-13
 7.163e+01 6.5203e-10 9.0330e-03 9.0330e-03 6.1052e-13
 7.174e+01 6.2365e-10 9.0330e-03 9.0330e-03 5.7697e-13
 7.185e+01 5.9650e-10 9.0330e-03 9.0330e-03 5.4523e-13
 7.197e+01 5.7052e-10 9.0330e-03 9.0330e-03 5.1521e-13
 7.208e+01 5.4567e-10 9.0330e-03 9.0330e-03 4.8682e-13
 7.219e+01 5.2190e-10 9.0330e-03 9.0330e-03 4.5997e-13
 7.231e+01 4.9915e-10 9.0330e-03 9.0330e-03 4.3458e-13
 7.242e+01 4.7739e-10 9.0330e-03 9.0330e-03 4.1057e-13
 7.253e+01 4.5657e-10 9.0330e-03 9.0330e-03 3.8786e-13
 7.265e+01 4.3666e-10 9.0330e-03 9.0330e-03 3.6640e-13
 7.276e+01 4.1761e-10 9.0330e-03 9.0330e-03 3.4610e-13
 7.287e+01 3.9938e-10 9.0330e-03 9.0330e-03 3.2692e-13
 7.299e+01 3.8195e-10 9.0330e-03 9.0330e-03 3.0878e-13
 7.310e+01 3.6527e-10 9.0330e-03 9.0330e-03 2.9163e-13
 7.321e+01 3.4932e-10 9.0330e-03 9.0330e-03 2.7542e-13
 7.333e+01 3.3406e-10 9.0330e-03 9.0330e-03 2.6010e-13
 7.344e+01 3.1946e-10 9.0330e-03 9.0330e-03 2.4562e-13
 7.355e+01 3.0550e-10 9.0330e-03 9.0330e-03 2.3194e-13
 7.367e+01 2.9214e-10 9.0330e-03 9.0330e-03 2.1900e-13
 7.378e+01 2.7937e-10 9.0330e-03 9.0330e-03 2.0678e-13
 7.389e+01 2.6715e-10 9.0330e-03 9.0330e-03 1.9523e-13
 7.401e+01 2.5546e-10 9.0330e-03 9.0330e-03 1.8432e-13
 7.412e+01 2.4428e-10 9.0330e-03 9.0330e-03 1.7401e-13
 7.423e+01 2.3359e-10 9.0330e-03 9.0330e-03 1.6427e-13
 7.435e+01 2.2337e-10 9.0330e-03 9.0330e-03 1.5506e-13
 7.446e+01 2.1359e-10 9.0330e-03 9.0330e-03 1.4637e-13
 7.457e+01 2.0423e-10 9.0330e-03 9.0330e-03 1.3816e-13
 7.469e+01 1.9528e-10 9.0330e-03 9.0330e-03 1.3040e-13
 7.480e+01 1.8673e-10 9.0330e-03 9.0330e-03 1.2307e-13
 7.491e+01 1.7854e-10 9.0330e-03 9.0330e-03 1.1615e-13
 7.503e+01 1.7072e-10 9.0330e-03 9.0330e-03 1.0961e-13
 7.514e+01 1.6323e-10 9.0330e-03 9.0330e-03 1.0343e-13
 7.525e+01 1.5607e-10 9.0330e-03 9.0330e-03 9.7604e-14
 7.537e+01 1.4923e-10 9.0330e-03 9.0330e-03 9.2097e-14
 7.548e+01 1.4268e-10 9.0330e-03 9.0330e-03 8.6898e-14
 7.559e+01 1.3642e-10 9.0330e-03 9.0330e-03 8.1988e-14
 7.571e+01 1.3043e-10 9.0330e-03 9.0330e-03 7.7352e-14
 7.582e+01 1.2471e-10 9.0330e-03 9.0330e-03 7.2975e-14
 7.593e+01 1.1923e-10 9.0330e-03 9.0330e-03 6.8843e-14
 7.605e+01 1.1400e-10 9.0330e-03 9.0330e-03 6.4942e-14
 7.616e+01 1.0899e-10 9.0330e-03 9.0330e-03 6.1259e-14
 7.627e+01 1.0420e-10 9.0330e-03 9.0330e-03 5.7783e-14
 7.639e+01 9.9623e-11 9.0330e-03 9.0330e-03 5.4502e-14
 7.650e+01 9.5245e-11 9.0330e-03 9.0330e-03 5.1405e-14
 7.661e+01 9.1058e-11 9.0330e-03 9.0330e-03 4.8482e-14
 7.673e+01 8.7055e-11 9.0330e-03 9.0330e-03 4.5723e-14
 7.684e+01 8.3227e-11 9.0330e-03 9.0330e-03 4.3119e-14
 7.695e+01 7.9567e-11 9.0330e-03 9.0330e-03 4.0662e-14
 7.707e+01 7.6067e-11 9.0330e-03 9.0330e-03 3.8343e-14
 7.718e+01 7.2721e-11 9.0330e-03 9.0330e-03 3.6155e-14
 7.729e+01 6.9521e-11 9.0330e-03 9.0330e-03 3.4091e-14
 7.741e+01 6.6462e-11 9.0330e-03 9.0330e-03 3.2143e-14
 7.752e+01 6.3536e-11 9.0330e-03 9.0330e-03 3.0305e-14
 7.763e+01 6.0739e-11 9.0330e-03 9.0330e-03 2.8571e-14
 7.775e+01 5.8065e-11 9.0330e-03 9.0330e-03 2.6935e-14
 7.786e+01 5.5508e-11 9.0330e-03 9.0330e-03 2.5392e-14
 7.797e+01 5.3063e-11 9.0330e-03 9.0330e-03 2.3936e-14
 7.809e+01 5.0726e-11 9.0330e-03 9.0330e-03 2.2563e-14
 7.820e+01 4.8491e-11 9.0330e-03 9.0330e-03 2.1268e-14
 7.831e+01 4.6355e-11 9.0330e-03 9.0330e-03 2.0047e-14
 7.843e+01 4.4312e-11 9.0330e-03 9.0330e-03 1.8895e-14
 7.854e+01 4.2359e-11 9.0330e-03 9.0330e-03 1.7808e-14
 7.865e+01 4.0491e-11 9.0330e-03 9.0330e-03 1.6783e-14
 7.877e+01 3.8706e-11 9.0330e-03 9.0330e-03 1.5817e-14
 7.888e+01 3.6999e-11 9.0330e-03 9.0330e-03 1.4905e-14
 7.899e+01 3.5368e-11 9.0330e-03 9.0330e-03 1.4046e-14
 7.911e+01 3.3808e-11 9.0330e-03 9.0330e-03 1.3236e-14
 7.922e+01 3.2316e-11 9.0330e-03 9.0330e-03 1.2472e-14
 7.933e+01 3.0891e-11 9.0330e-03 9.0330e-03 1.1752e-14
 7.945e+01 2.9528e-11 9.0330e-03 9.0330e-03 1.1073e-14
 7.956e+01 2.8225e-11 9.0330e-03 9.0330e-03 1.0432e-14
 7.967e+01 2.6979e-11 9.0330e-03 9.0330e-03 9.8287e-15
 7.979e+01 2.5788e-11 9.0330e-03 9.0330e-03 9.2597e-15
 7.990e+01 2.4649e-11 9.0330e-03 9.0330e-03 8.7234e-15
 8.001e+01 2.3561e-11 9.0330e-03 9.0330e-03 8.2178e-15
 8.013e+01 2.2521e-11 9.0330e-03 9.0330e-03 7.7413e-15
 8.024e+01 2.1526e-11 9.0330e-03 9.0330e-03 7.2921e-15
 8.035e+01 2.0575e-11 9.0330e-03 9.0330e-03 6.8688e-15
 8.047e+01 1.9666e-11 9.0330e-03 9.0330e-03 6.4698e-15
 8.058e+01 1.8798e-11 9.0330e-03 9.0330e-03 6.0938e-15
 8.069e+01 1.7967e-11 9.0330e-03 9.0330e-03 5.7395e-15
 8.081e+01 1.7173e-11 9.0330e-03 9.0330e-03 5.4056e-15
 8.092e+01 1.6414e-11 9.0330e-03 9.0330e-03 5.0909e-15
 8.103e+01 1.5689e-11 9.0330e-03 9.0330e-03 4.7944e-15
 8.115e+01 1.4995e-11 9.0330e-03 9.0330e-03 4.5150e-15
 8.126e+01 1.4332e-11 9.0330e-03 9.0330e-03 4.2518e-15
 8.137e+01 1.3699e-11 9.0330e-03 9.0330e-03 4.0038e-15
 8.149e+01 1.3093e-11 9.0330e-03 9.0330e-03 3.7701e-15
 8.160e+01 1.2514e-11 9.0330e-03 9.0330e-03 3.5500e-15
 8.171e+01 1.1960e-11 9.0330e-03 9.0330e-03 3.3426e-15
 8.183e+01 1.1431e-11 9.0330e-03 9.0330e-03 3.1472e-15
 8.194e+01 1.0926e-11 9.0330e-03 9.0330e-03 2.9632e-15
 8.205e+01 1.0442e-11 9.0330e-03 9.0330e-03 2.7898e-15
 8.217e+01 9.9804e-12 9.0330e-03 9.0330e-03 2.6265e-15
 8.228e+01 9.5388e-12 9.0330e-03 9.0330e-03 2.4727e-15
 8.239e+01 9.1167e-12 9.0330e-03 9.0330e-03 2.3278e-15
 8.251e+01 8.7132e-12 9.0330e-03 9.0330e-03 2.1913e-15
 8.262e+01 8.3276e-12 9.0330e-03 9.0330e-03 2.0628e-15
 8.273e+01 7.9590e-12 9.0330e-03 9.0330e-03 1.9418e-15
 8.285e+01 7.6066e-12 9.0330e-03 9.0330e-03 1.8278e-15
 8.296e+01 7.2699e-12 9.0330e-03 9.0330e-03 1.7205e-15
 8.307e+01 6.9480e-12 9.0330e-03 9.0330e-03 1.6194e-15
 8.319e+01 6.6404e-12 9.0330e-03 9.0330e-03 1.5242e-15
 8.330e+01 6.3463e-12 9.0330e-03 9.0330e-03 1.4345e-15
 8.341e+01 6.0653e-12 9.0330e-03 9.0330e-03 1.3501e-15
 8.353e+01 5.7966e-12 9.0330e-03 9.0330e-03 1.2707e-15
 8.364e+01 5.5399e-12 9.0330e-03 9.0330e-03 1.1959e-15
 8.375e+01 5.2945e-12 9.0330e-03 9.0330e-03 1.1254e-15
 8.387e+01 5.0599e-12 9.0330e-03 9.0330e-03 1.0591e-15
 8.398e+01 4.8357e-12 9.0330e-03 9.0330e-03 9.9664e-16
 8.409e+01 4.6215e-12 9.0330e-03 9.0330e-03 9.3785e-16
 8.421e+01 4.4167e-12 9.0330e-03 9.0330e-03 8.8251e-16
 8.432e+01 4.2210e-12 9.0330e-03 9.0330e-03 8.3042e-16
 8.443e+01 4.0339e-12 9.0330e-03 9.0330e-03 7.8137e-16
 8.455e+01 3.8551e-12 9.0330e-03 9.0330e-03 7.3521e-16
 8.466e+01 3.6843e-12 9.0330e-03 9.0330e-03 6.9176e-16
 8.477e+01 3.5210e-12 9.0330e-03 9.0330e-03 6.5086e-16
 8.489e+01 3.3649e-12 9.0330e-03 9.0330e-03 6.1236e-16
 8.500e+01 3.2157e-12 9.0330e-03 9.0330e-03 5.7612e-16
 8.511e+01 3.0731e-12 9.0330e-03 9.0330e-03 5.4202e-16
 8.523e+01 2.9369e-12 9.0330e-03 9.0330e-03 5.0992e-16
 8.534e+01 2.8067e-12 9.0330e-03 9.0330e-03 4.7971e-16
 8.545e+01 2.6822e-12 9.0330e-03 9.0330e-03 4.5129e-16
 8.557e+01 2.5633e-12 9.0330e-03 9.0330e-03 4.2453e-16
 8.568e+01 2.4496e-12 9.0330e-03 9.0330e-03 3.9936e-16
 8.579e+01 2.3409e-12 9.0330e-03 9.0330e-03 3.7566e-16
 8.591e+01 2.2371e-12 9.0330e-03 9.0330e-03 3.5337e-16
 8.602e+01 2.1379e-12 9.0330e-03 9.0330e-03 3.3239e-16
 8.613e+01 2.0430e-12 9.0330e-03 9.0330e-03 3.1265e-16
 8.625e+01 1.9524e-12 9.0330e-03 9.0330e-03 2.9408e-16
 8.636e+01 1.8658e-12 9.0330e-03 9.0330e-03 2.7660e-16
 8.647e+01 1.7830e-12 9.0330e-03 9.0330e-03 2.6016e-16
 8.659e+01 1.7039e-12 9.0330e-03 9.0330e-03 2.4468e-16
 8.670e+01 1.6283e-12 9.0330e-03 9.0330e-03 2.3013e-16
 8.681e+01 1.5560e-12 9.0330e-03 9.0330e-03 2.1643e-16
 8.693e+01 1.4870e-12 9.0330e-03 9.0330e-03 2.0355e-16
 8.704e+01 1.4210e-12 9.0330e-03 9.0330e-03 1.9143e-16
 8.715e+01 1.3579e-12 9.0330e-03 9.0330e-03 1.8003e-16
 8.727e+01 1.2977e-12 9.0330e-03 9.0330e-03 1.6930e-16
 8.738e+01 1.2401e-12 9.0330e-03 9.0330e-03 1.5921e-16
 8.749e+01 1.1850e-12 9.0330e-03 9.0330e-03 1.4972e-16
 8.761e+01 1.1324e-12 9.0330e-03 9.0330e-03 1.4079e-16
 8.772e+01 1.0822e-12 9.0330e-03 9.0330e-03 1.3239e-16
 8.783e+01 1.0341e-12 9.0330e-03 9.0330e-03 1.2449e-16
 8.795e+01 9.8820e-13 9.0330e-03 9.0330e-03 1.1706e-16
 8.806e+01 9.4433e-13 9.0330e-03 9.0330e-03 1.1007e-16
 8.817e+01 9.0240e-13 9.0330e-03 9.0330e-03 1.0350e-16
 8.829e+01 8.6233e-13 9.0330e-03 9.0330e-03 9.7313e-17
 8.840e+01 8.2404e-13 9.0330e-03 9.0330e-03 9.1497e-17
 8.851e+01 7.8745e-13 9.0330e-03 9.0330e-03 8.6028e-17
 8.863e+01 7.5248e-13 9.0330e-03 9.0330e-03 8.0884e-17
 8.874e+01 7.1907e-13 9.0330e-03 9.0330e-03 7.6047e-17
 8.885e+01 6.8713e-13 9.0330e-03 9.0330e-03 7.1497e-17
 8.897e+01 6.5661e-13 9.0330e-03 9.0330e-03 6.7219e-17
 8.908e+01 6.2745e-13 9.0330e-03 9.0330e-03 6.3196e-17
 8.919e+01 5.9958e-13 9.0330e-03 9.0330e-03 5.9412e-17
 8.931e+01 5.7295e-13 9.0330e-03 9.0330e-03 5.5854e-17
 8.942e+01 5.4750e-13 9.0330e-03 9.0330e-03 5.2508e-17
 8.953e+01 5.2318e-13 9.0330e-03 9.0330e-03 4.9362e-17
 8.965e+01 4.9994e-13 9.0330e-03 9.0330e-03 4.6404e-17
 8.976e+01 4.7773e-13 9.0330e-03 9.0330e-03 4.3622e-17
 8.987e+01 4.5651e-13 9.0330e-03 9.0330e-03 4.1007e-17
 8.999e+01 4.3623e-13 9.0330e-03 9.0330e-03 3.8547e-17
 9.010e+01 4.1685e-13 9.0330e-03 9.0330e-03 3.6235e-17
 9.021e+01 3.9833e-13 9.0330e-03 9.0330e-03 3.4061e-17
 9.033e+01 3.8063e-13 9.0330e-03 9.0330e-03 3.2016e-17
 9.044e+01 3.6371e-13 9.0330e-03 9.0330e-03 3.0094e-17
 9.055e+01 3.4755e-13 9.0330e-03 9.0330e-03 2.8287e-17
 9.067e+01 3.3211e-13 9.0330e-03 9.0330e-03 2.6589e-17
 9.078e+01 3.1735e-13 9.0330e-03 9.0330e-03 2.4991e-17
 9.089e+01 3.0325e-13 9.0330e-03 9.0330e-03 2.3490e-17
 9.101e+01 2.8977e-13 9.0330e-03 9.0330e-03 2.2078e-17
 9.112e+01 2.7690e-13 9.0330e-03 9.0330e-03 2.0751e-17
 9.123e+01 2.6459e-13 9.0330e-03 9.0330e-03 1.9503e-17
 9.135e+01 2.5283e-13 9.0330e-03 9.0330e-03 1.8331e-17
 9.146e+01 2.4159e-13 9.0330e-03 9.0330e-03 1.7228e-17
 9.157e+01 2.3086e-13 9.0330e-03 9.0330e-03 1.6192e-17
 9.169e+01 2.2060e-13 9.0330e-03 9.0330e-03 1.5217e-17
 9.180e+01 2.1079e-13 9.0330e-03 9.0330e-03 1.4302e-17
 9.191e+01 2.0142e-13 9.0330e-03 9.0330e-03 1.3441e-17
 9.203e+01 1.9247e-13 9.0330e-03 9.0330e-03 1.2631e-17
 9.214e+01 1.8391e-13 9.0330e-03 9.0330e-03 1.1871e-17
 9.225e+01 1.7574e-13 9.0330e-03 9.0330e-03 1.1156e-17
 9.237e+01 1.6792e-13 9.0330e-03 9.0330e-03 1.0484e-17
 9.248e+01 1.6046e-13 9.0330e-03 9.0330e-03 9.8521e-18
 9.259e+01 1.5333e-13 9.0330e-03 9.0330e-03 9.2584e-18
 9.271e+01 1.4651e-13 9.0330e-03 9.0330e-03 8.7003e-18
 9.282e+01 1.4000e-13 9.0330e-03 9.0330e-03 8.1758e-18
 9.293e+01 1.3377e-13 9.0330e-03 9.0330e-03 7.6828e-18
 9.305e+01 1.2782e-13 9.0330e-03 9.0330e-03 7.2195e-18
 9.316e+01 1.2214e-13 9.0330e-03 9.0330e-03 6.7840e-18
 9.327e+01 1.1671e-13 9.0330e-03 9.0330e-03 6.3748e-18
 9.339e+01 1.1152e-13 9.0330e-03 9.0330e-03 5.9901e-18
 9.350e+01 1.0656e-13 9.0330e-03 9.0330e-03 5.6286e-18
 9.361e+01 1.0182e-13 9.0330e-03 9.0330e-03 5.2889e-18
 9.373e+01 9.7297e-14 9.0330e-03 9.0330e-03 4.9696e-18
 9.384e+01 9.2971e-14 9.0330e-03 9.0330e-03 4.6695e-18
 9.395e+01 8.8837e-14 9.0330e-03 9.0330e-03 4.3875e-18
 9.407e+01 8.4886e-14 9.0330e-03 9.0330e-03 4.1225e-18
 9.418e+01 8.1111e-14 9.0330e-03 9.0330e-03 3.8735e-18
 9.429e+01 7.7504e-14 9.0330e-03 9.0330e-03 3.6395e-18
 9.441e+01 7.4058e-14 9.0330e-03 9.0330e-03 3.4196e-18
 9.452e+01 7.0764e-14 9.0330e-03 9.0330e-03 3.2129e-18
 9.463e+01 6.7617e-14 9.0330e-03 9.0330e-03 3.0187e-18
 9.475e+01 6.4610e-14 9.0330e-03 9.0330e-03 2.8362e-18
 9.486e+01 6.1737e-14 9.0330e-03 9.0330e-03 2.6647e-18
 9.497e+01 5.8991e-14 9.0330e-03 9.0330e-03 2.5035e-18
 9.509e+01 5.6367e-14 9.0330e-03 9.0330e-03 2.3521e-18
 9.520e+01 5.3860e-14 9.0330e-03 9.0330e-03 2.2098e-18
 9.531e+01 5.1465e-14 9.0330e-03 9.0330e-03 2.0761e-18
 9.543e+01 4.9176e-14 9.0330e-03 9.0330e-03 1.9505e-18
 9.554e+01 4.6989e-14 9.0330e-03 9.0330e-03 1.8325e-18
 9.565e+01 4.4899e-14 9.0330e-03 9.0330e-03 1.7216e-18
 9.577e+01 4.2902e-14 9.0330e-03 9.0330e-03 1.6173e-18
 9.588e+01 4.0993e-14 9.0330e-03 9.0330e-03 1.5194e-18
 9.599e+01 3.9170e-14 9.0330e-03 9.0330e-03 1.4274e-18
 9.611e+01 3.7428e-14 9.0330e-03 9.0330e-03 1.3410e-18
 9.622e+01 3.5763e-14 9.0330e-03 9.0330e-03 1.2597e-18
 9.633e+01 3.4172e-14 9.0330e-03 9.0330e-03 1.1834e-18
 9.645e+01 3.2652e-14 9.0330e-03 9.0330e-03 1.1117e-18
 9.656e+01 3.1200e-14 9.0330e-03 9.0330e-03 1.0444e-18
 9.667e+01 2.9812e-14 9.0330e-03 9.0330e-03 9.8107e-19
 9.679e+01 2.8485e-14 9.0330e-03 9.0330e-03 9.2161e-19
 9.690e+01 2.7218e-14 9.0330e-03 9.0330e-03 8.6574e-19
 9.701e+01 2.6007e-14 9.0330e-03 9.0330e-03 8.1325e-19
 9.713e+01 2.4851e-14 9.0330e-03 9.0330e-03 7.6394e-19
 9.724e+01 2.3745e-14 9.0330e-03 9.0330e-03 7.1761e-19
 9.735e+01 2.2689e-14 9.0330e-03 9.0330e-03 6.7409e-19
 9.747e+01 2.1679e-14 9.0330e-03 9.0330e-03 6.3320e-19
 9.758e+01 2.0715e-14 9.0330e-03 9.0330e-03 5.9478e-19
 9.769e+01 1.9793e-14 9.0330e-03 9.0330e-03 5.5869e-19
 9.781e+01 1.8913e-14 9.0330e-03 9.0330e-03 5.2479e-19
 9.792e+01 1.8071e-14 9.0330e-03 9.0330e-03 4.9294e-19
 9.803e+01 1.7267e-14 9.0330e-03 9.0330e-03 4.6302e-19
 9.815e+01 1.6499e-14 9.0330e-03 9.0330e-03 4.3491e-19
 9.826e+01 1.5765e-14 9.0330e-03 9.0330e-03 4.0850e-19
 9.837e+01 1.5064e-14 9.0330e-03 9.0330e-03 3.8370e-19
 9.849e+01 1.4393e-14 9.0330e-03 9.0330e-03 3.6040e-19
 9.860e+01 1.3753e-14 9.0330e-03 9.0330e-03 3.3851e-19
 9.871e+01 1.3141e-14 9.0330e-03 9.0330e-03 3.1794e-19
 9.883e+01 1.2556e-14 9.0330e-03 9.0330e-03 2.9863e-19
 9.894e+01 1.1998e-14 9.0330e-03 9.0330e-03 2.8048e-19
 9.905e+01 1.1464e-14 9.0330e-03 9.0330e-03 2.6344e-19
 9.917e+01 1.0954e-14 9.0330e-03 9.0330e-03 2.4743e-19
 9.928e+01 1.0466e-14 9.0330e-03 9.0330e-03 2.3239e-19
 9.939e+01 1.0001e-14 9.0330e-03 9.0330e-03 2.1826e-19
 9.951e+01 9.5557e-15 9.0330e-03 9.0330e-03 2.0499e-19
 9.962e+01 9.1305e-15 9.0330e-03 9.0330e-03 1.9252e-19
 9.973e+01 8.7242e-15 9.0330e-03 9.0330e-03 1.8082e-19
 9.985e+01 8.3360e-15 9.0330e-03 9.0330e-03 1.6982e-19
 9.996e+01 7.9651e-15 9.0330e-03 9.0330e-03 1.5949e-19
 1.001e+02 7.6107e-15 9.0330e-03 9.0330e-03 1.4979e-19
 1.002e+02 7.2720e-15 9.0330e-03 9.0330e-03 1.4067e-19
 1.003e+02 6.9484e-15 9.0330e-03 9.0330e-03 1.3211e-19
 1.004e+02 6.6392e-15 9.0330e-03 9.0330e-03 1.2407e-19
 1.005e+02 6.3438e-15 9.0330e-03 9.0330e-03 1.1652e-19
 1.006e+02 6.0615e-15 9.0330e-03 9.0330e-03 1.0942e-19
 1.008e+02 5.7917e-15 9.0330e-03 9.0330e-03 1.0276e-19
 1.009e+02 5.5340e-15 9.0330e-03 9.0330e-03 9.6505e-20
 1.010e+02 5.2878e-15 9.0330e-03 9.0330e-03 9.0627e-20
 1.011e+02 5.0524e-15 9.0330e-03 9.0330e-03 8.5107e-20
 1.012e+02 4.8276e-15 9.0330e-03 9.0330e-03 7.9923e-20
 1.013e+02 4.6128e-15 9.0330e-03 9.0330e-03 7.5054e-20
 1.014e+02 4.4075e-15 9.0330e-03 9.0330e-03 7.0480e-20
 1.015e+02 4.2114e-15 9.0330e-03 9.0330e-03 6.6185e-20
 1.017e+02 4.0239e-15 9.0330e-03 9.0330e-03 6.2151e-20
 1.018e+02 3.8449e-15 9.0330e-03 9.0330e-03 5.8363e-20
 1.019e+02 3.6738e-15 9.0330e-03 9.0330e-03 5.4805e-20
 1.020e+02 3.5103e-15 9.0330e-03 9.0330e-03 5.1463e-20
 1.021e+02 3.3541e-15 9.0330e-03 9.0330e-03 4.8325e-20
 1.022e+02 3.2048e-15 9.0330e-03 9.0330e-03 4.5377e-20
 1.023e+02 3.0622e-15 9.0330e-03 9.0330e-03 4.2609e-20
 1.025e+02 2.9259e-15 9.0330e-03 9.0330e-03 4.0010e-20
 1.026e+02 2.7957e-15 9.0330e-03 9.0330e-03 3.7569e-20
 1.027e+02 2.6713e-15 9.0330e-03 9.0330e-03 3.5276e-20
 1.028e+02 2.5524e-15 9.0330e-03 9.0330e-03 3.3123e-20
 1.029e+02 2.4388e-15 9.0330e-03 9.0330e-03 3.1101e-20
 1.030e+02 2.3302e-15 9.0330e-03 9.0330e-03 2.9202e-20
 1.031e+02 2.2265e-15 9.0330e-03 9.0330e-03 2.7419e-20
 1.032e+02 2.1274e-15 9.0330e-03 9.0330e-03 2.5745e-20
 1.034e+02 2.0328e-15 9.0330e-03 9.0330e-03 2.4173e-20
 1.035e+02 1.9423e-15 9.0330e-03 9.0330e-03 2.2696e-20
 1.036e+02 1.8558e-15 9.0330e-03 9.0330e-03 2.1310e-20
 1.037e+02 1.7732e-15 9.0330e-03 9.0330e-03 2.0007e-20
 1.038e+02 1.6943e-15 9.0330e-03 9.0330e-03 1.8785e-20
 1.039e+02 1.6189e-15 9.0330e-03 9.0330e-03 1.7637e-20
 1.040e+02 1.5469e-15 9.0330e-03 9.0330e-03 1.6559e-20
 1.042e+02 1.4780e-15 9.0330e-03 9.0330e-03 1.5546e-20
 1.043e+02 1.4122e-15 9.0330e-03 9.0330e-03 1.4596e-20
 1.044e+02 1.3494e-15 9.0330e-03 9.0330e-03 1.3703e-20
 1.045e+02 1.2893e-15 9.0330e-03 9.0330e-03 1.2865e-20
 1.046e+02 1.2319e-15 9.0330e-03 9.0330e-03 1.2078e-20
 1.047e+02 1.1771e-15 9.0330e-03 9.0330e-03 1.1339e-20
 1.048e+02 1.1247e-15 9.0330e-03 9.0330e-03 1.0645e-20
 1.049e+02 1.0747e-15 9.0330e-03 9.0330e-03 9.9934e-21
 1.051e+02 1.0268e-15 9.0330e-03 9.0330e-03 9.3817e-21
 1.052e+02 9.8113e-16 9.0330e-03 9.0330e-03 8.8073e-21
 1.053e+02 9.3746e-16 9.0330e-03 9.0330e-03 8.2680e-21
 1.054e+02 8.9573e-16 9.0330e-03 9.0330e-03 7.7616e-21
 1.055e+02 8.5586e-16 9.0330e-03 9.0330e-03 7.2862e-21
 1.056e+02 8.1777e-16 9.0330e-03 9.0330e-03 6.8398e-21
 1.057e+02 7.8137e-16 9.0330e-03 9.0330e-03 6.4207e-21
 1.059e+02 7.4659e-16 9.0330e-03 9.0330e-03 6.0272e-21
 1.060e+02 7.1336e-16 9.0330e-03 9.0330e-03 5.6578e-21
 1.061e+02 6.8161e-16 9.0330e-03 9.0330e-03 5.3109e-21
 1.062e+02 6.5127e-16 9.0330e-03 9.0330e-03 4.9853e-21
 1.063e+02 6.2229e-16 9.0330e-03 9.0330e-03 4.6795e-21
 1.064e+02 5.9459e-16 9.0330e-03 9.0330e-03 4.3925e-21
 1.065e+02 5.6812e-16 9.0330e-03 9.0330e-03 4.1230e-21
 1.066e+02 5.4283e-16 9.0330e-03 9.0330e-03 3.8701e-21
 1.068e+02 5.1867e-16 9.0330e-03 9.0330e-03 3.6326e-21
 1.069e+02 4.9559e-16 9.0330e-03 9.0330e-03 3.4096e-21
 1.070e+02 4.7353e-16 9.0330e-03 9.0330e-03 3.2003e-21
 1.071e+02 4.5245e-16 9.0330e-03 9.0330e-03 3.0038e-21
 1.072e+02 4.3231e-16 9.0330e-03 9.0330e-03 2.8193e-21
 1.073e+02 4.1307e-16 9.0330e-03 9.0330e-03 2.6461e-21
 1.074e+02 3.9468e-16 9.0330e-03 9.0330e-03 2.4835e-21
 1.076e+02 3.7711e-16 9.0330e-03 9.0330e-03 2.3309e-21
 1.077e+02 3.6033e-16 9.0330e-03 9.0330e-03 2.1877e-21
 1.078e+02 3.4429e-16 9.0330e-03 9.0330e-03 2.0532e-21
 1.079e+02 3.2896e-16 9.0330e-03 9.0330e-03 1.9269e-21
 1.080e+02 3.1432e-16 9.0330e-03 9.0330e-03 1.8084e-21
 1.081e+02 3.0033e-16 9.0330e-03 9.0330e-03 1.6972e-21
 1.082e+02 2.8696e-16 9.0330e-03 9.0330e-03 1.5928e-21
 1.083e+02 2.7419e-16 9.0330e-03 9.0330e-03 1.4948e-21
 1.085e+02 2.6198e-16 9.0330e-03 9.0330e-03 1.4028e-21
 1.086e+02 2.5032e-16 9.0330e-03 9.0330e-03 1.3164e-21
 1.087e+02 2.3918e-16 9.0330e-03 9.0330e-03 1.2354e-21
 1.088e+02 2.2853e-16 9.0330e-03 9.0330e-03 1.1593e-21
 1.089e+02 2.1836e-16 9.0330e-03 9.0330e-03 1.0879e-21
 1.090e+02 2.0864e-16 9.0330e-03 9.0330e-03 1.0209e-21
 1.091e+02 1.9935e-16 9.0330e-03 9.0330e-03 9.5796e-22
 1.093e+02 1.9048e-16 9.0330e-03 9.0330e-03 8.9891e-22
 1.094e+02 1.8200e-16 9.0330e-03 9.0330e-03 8.4350e-22
 1.095e+02 1.7390e-16 9.0330e-03 9.0330e-03 7.9149e-22
 1.096e+02 1.6616e-16 9.0330e-03 9.0330e-03 7.4267e-22
 1.097e+02 1.5876e-16 9.0330e-03 9.0330e-03 6.9686e-22
 1.098e+02 1.5170e-16 9.0330e-03 9.0330e-03 6.5386e-22
 1.099e+02 1.4494e-16 9.0330e-03 9.0330e-03 6.1350e-22
 1.100e+02 1.3849e-16 9.0330e-03 9.0330e-03 5.7563e-22
 1.102e+02 1.3233e-16 9.0330e-03 9.0330e-03 5.4009e-22
 1.103e+02 1.2644e-16 9.0330e-03 9.0330e-03 5.0673e-22
 1.104e+02 1.2081e-16 9.0330e-03 9.0330e-03 4.7543e-22
 1.105e+02 1.1543e-16 9.0330e-03 9.0330e-03 4.4606e-22
 1.106e+02 1.1029e-16 9.0330e-03 9.0330e-03 4.1849e-22
 1.107e+02 1.0538e-16 9.0330e-03 9.0330e-03 3.9262e-22
 1.108e+02 1.0069e-16 9.0330e-03 9.0330e-03 3.6834e-22
 1.110e+02 9.6210e-17 9.0330e-03 9.0330e-03 3.4556e-22
 1.111e+02 9.1927e-17 9.0330e-03 9.0330e-03 3.2419e-22
 1.112e+02 8.7835e-17 9.0330e-03 9.0330e-03 3.0413e-22
 1.113e+02 8.3925e-17 9.0330e-03 9.0330e-03 2.8530e-22
 1.114e+02 8.0189e-17 9.0330e-03 9.0330e-03 2.6764e-22
 1.115e+02 7.6620e-17 9.0330e-03 9.0330e-03 2.5107e-22
 1.116e+02 7.3209e-17 9.0330e-03 9.0330e-03 2.3552e-22
 1.117e+02 6.9950e-17 9.0330e-03 9.0330e-03 2.2093e-22
 1.119e+02 6.6836e-17 9.0330e-03 9.0330e-03 2.0724e-22
 1.120e+02 6.3861e-17 9.0330e-03 9.0330e-03 1.9439e-22
 1.121e+02 6.1018e-17 9.0330e-03 9.0330e-03 1.8234e-22
 1.122e+02 5.8302e-17 9.0330e-03 9.0330e-03 1.7103e-22
 1.123e+02 5.5707e-17 9.0330e-03 9.0330e-03 1.6042e-22
 1.124e+02 5.3227e-17 9.0330e-03 9.0330e-03 1.5047e-22
 1.125e+02 5.0858e-17 9.0330e-03 9.0330e-03 1.4113e-22
 1.127e+02 4.8594e-17 9.0330e-03 9.0330e-03 1.3237e-22
 1.128e+02 4.6431e-17 9.0330e-03 9.0330e-03 1.2415e-22
 1.129e+02 4.4364e-17 9.0330e-03 9.0330e-03 1.1643e-22
 1.130e+02 4.2389e-17 9.0330e-03 9.0330e-03 1.0920e-22
 1.131e+02 4.0502e-17 9.0330e-03 9.0330e-03 1.0241e-22
 1.132e+02 3.8699e-17 9.0330e-03 9.0330e-03 9.6047e-23
 1.133e+02 3.6976e-17 9.0330e-03 9.0330e-03 9.0074e-23
 1.134e+02 3.5330e-17 9.0330e-03 9.0330e-03 8.4471e-23
 1.136e+02 3.3758e-17 9.0330e-03 9.0330e-03 7.9216e-23
 1.137e+02 3.2255e-17 9.0330e-03 9.0330e-03 7.4285e-23
 1.138e+02 3.0819e-17 9.0330e-03 9.0330e-03 6.9661e-23
 1.139e+02 2.9447e-17 9.0330e-03 9.0330e-03 6.5323e-23
 1.140e+02 2.8136e-17 9.0330e-03 9.0330e-03 6.1254e-23
 1.141e+02 2.6884e-17 9.0330e-03 9.0330e-03 5.7437e-23
 1.142e+02 2.5687e-17 9.0330e-03 9.0330e-03 5.3857e-23
 1.144e+02 2.4544e-17 9.0330e-03 9.0330e-03 5.0499e-23
 1.145e+02 2.3451e-17 9.0330e-03 9.0330e-03 4.7350e-23
 1.146e+02 2.2407e-17 9.0330e-03 9.0330e-03 4.4396e-23
 1.147e+02 2.1410e-17 9.0330e-03 9.0330e-03 4.1626e-23
 1.148e+02 2.0457e-17 9.0330e-03 9.0330e-03 3.9027e-23
 1.149e+02 1.9546e-17 9.0330e-03 9.0330e-03 3.6590e-23
 1.150e+02 1.8676e-17 9.0330e-03 9.0330e-03 3.4305e-23
 1.151e+02 1.7844e-17 9.0330e-03 9.0330e-03 3.2162e-23
 1.153e+02 1.7050e-17 9.0330e-03 9.0330e-03 3.0152e-23
 1.154e+02 1.6291e-17 9.0330e-03 9.0330e-03 2.8267e-23
 1.155e+02 1.5566e-17 9.0330e-03 9.0330e-03 2.6499e-23
 1.156e+02 1.4873e-17 9.0330e-03 9.0330e-03 2.4841e-23
 1.157e+02 1.4211e-17 9.0330e-03 9.0330e-03 2.3287e-23
 1.158e+02 1.3578e-17 9.0330e-03 9.0330e-03 2.1829e-23
 1.159e+02 1.2974e-17 9.0330e-03 9.0330e-03 2.0462e-23
 1.161e+02 1.2396e-17 9.0330e-03 9.0330e-03 1.9180e-23
 1.162e+02 1.1844e-17 9.0330e-03 9.0330e-03 1.7979e-23
 1.163e+02 1.1317e-17 9.0330e-03 9.0330e-03 1.6852e-23
 1.164e+02 1.0813e-17 9.0330e-03 9.0330e-03 1.5795e-23
 1.165e+02 1.0332e-17 9.0330e-03 9.0330e-03 1.4804e-23
 1.166e+02 9.8720e-18 9.0330e-03 9.0330e-03 1.3876e-23
 1.167e+02 9.4326e-18 9.0330e-03 9.0330e-03 1.3005e-23
 1.168e+02 9.0127e-18 9.0330e-03 9.0330e-03 1.2188e-23
 1.170e+02 8.6115e-18 9.0330e-03 9.0330e-03 1.1423e-23
 1.171e+02 8.2281e-18 9.0330e-03 9.0330e-03 1.0705e-23
 1.172e+02 7.8618e-18 9.0330e-03 9.0330e-03 1.0032e-23
 1.173e+02 7.5118e-18 9.0330e-03 9.0330e-03 9.4015e-24
 1.174e+02 7.1774e-18 9.0330e-03 9.0330e-03 8.8103e-24
 1.175e+02 6.8579e-18 9.0330e-03 9.0330e-03 8.2560e-24
 1.176e+02 6.5526e-18 9.0330e-03 9.0330e-03 7.7364e-24
 1.178e+02 6.2609e-18 9.0330e-03 9.0330e-03 7.2493e-24
 1.179e+02 5.9822e-18 9.0330e-03 9.0330e-03 6.7928e-24
 1.180e+02 5.7159e-18 9.0330e-03 9.0330e-03 6.3648e-24
 1.181e+02 5.4615e-18 9.0330e-03 9.0330e-03 5.9637e-24
 1.182e+02 5.2183e-18 9.0330e-03 9.0330e-03 5.5877e-24
 1.183e+02 4.9860e-18 9.0330e-03 9.0330e-03 5.2352e-24
 1.184e+02 4.7641e-18 9.0330e-03 9.0330e-03 4.9049e-24
 1.185e+02 4.5520e-18 9.0330e-03 9.0330e-03 4.5953e-24
 1.187e+02 4.3494e-18 9.0330e-03 9.0330e-03 4.3052e-24
 1.188e+02 4.1557e-18 9.0330e-03 9.0330e-03 4.0333e-24
 1.189e+02 3.9707e-18 9.0330e-03 9.0330e-03 3.7784e-24
 1.190e+02 3.7940e-18 9.0330e-03 9.0330e-03 3.5396e-24
 1.191e+02 3.6251e-18 9.0330e-03 9.0330e-03 3.3158e-24
 1.192e+02 3.4637e-18 9.0330e-03 9.0330e-03 3.1060e-24
 1.193e+02 3.3095e-18 9.0330e-03 9.0330e-03 2.9095e-24
 1.195e+02 3.1622e-18 9.0330e-03 9.0330e-03 2.7253e-24
 1.196e+02 3.0214e-18 9.0330e-03 9.0330e-03 2.5527e-24
 1.197e+02 2.8869e-18 9.0330e-03 9.0330e-03 2.3910e-24
 1.198e+02 2.7584e-18 9.0330e-03 9.0330e-03 2.2394e-24
 1.199e+02 2.6356e-18 9.0330e-03 9.0330e-03 2.0974e-24
 1.200e+02 2.5183e-18 9.0330e-03 9.0330e-03 1.9644e-24
 1.201e+02 2.4062e-18 9.0330e-03 9.0330e-03 1.8398e-24
 1.202e+02 2.2990e-18 9.0330e-03 9.0330e-03 1.7230e-24
 1.204e+02 2.1967e-18 9.0330e-03 9.0330e-03 1.6136e-24
 1.205e+02 2.0989e-18 9.0330e-03 9.0330e-03 1.5111e-24
 1.206e+02 2.0055e-18 9.0330e-03 9.0330e-03 1.4150e-24
 1.207e+02 1.9162e-18 9.0330e-03 9.0330e-03 1.3251e-24
 1.208e+02 1.8309e-18 9.0330e-03 9.0330e-03 1.2408e-24
 1.209e+02 1.7494e-18 9.0330e-03 9.0330e-03 1.1618e-24
 1.210e+02 1.6715e-18 9.0330e-03 9.0330e-03 1.0879e-24
 1.212e+02 1.5971e-18 9.0330e-03 9.0330e-03 1.0186e-24
 1.213e+02 1.5260e-18 9.0330e-03 9.0330e-03 9.5371e-25
 1.214e+02 1.4581e-18 9.0330e-03 9.0330e-03 8.9293e-25
 1.215e+02 1.3932e-18 9.0330e-03 9.0330e-03 8.3599e-25
 1.216e+02 1.3311e-18 9.0330e-03 9.0330e-03 7.8267e-25
 1.217e+02 1.2719e-18 9.0330e-03 9.0330e-03 7.3273e-25
 1.218e+02 1.2153e-18 9.0330e-03 9.0330e-03 6.8595e-25
 1.219e+02 1.1612e-18 9.0330e-03 9.0330e-03 6.4214e-25
 1.221e+02 1.1095e-18 9.0330e-03 9.0330e-03 6.0111e-25
 1.222e+02 1.0601e-18 9.0330e-03 9.0330e-03 5.6269e-25
 1.223e+02 1.0129e-18 9.0330e-03 9.0330e-03 5.2671e-25
 1.224e+02 9.6780e-19 9.0330e-03 9.0330e-03 4.9302e-25
 1.225e+02 9.2471e-19 9.0330e-03 9.0330e-03 4.6146e-25
 1.226e+02 8.8355e-19 9.0330e-03 9.0330e-03 4.3192e-25
 1.227e+02 8.4421e-19 9.0330e-03 9.0330e-03 4.0425e-25
 1.229e+02 8.0663e-19 9.0330e-03 9.0330e-03 3.7834e-25
 1.230e+02 7.7072e-19 9.0330e-03 9.0330e-03 3.5409e-25
 1.231e+02 7.3641e-19 9.0330e-03 9.0330e-03 3.3138e-25
 1.232e+02 7.0363e-19 9.0330e-03 9.0330e-03 3.1012e-25
 1.233e+02 6.7231e-19 9.0330e-03 9.0330e-03 2.9021e-25
 1.234e+02 6.4238e-19 9.0330e-03 9.0330e-03 2.7157e-25
 1.235e+02 6.1378e-19 9.0330e-03 9.0330e-03 2.5412e-25
 1.236e+02 5.8646e-19 9.0330e-03 9.0330e-03 2.3779e-25
 1.238e+02 5.6035e-19 9.0330e-03 9.0330e-03 2.2250e-25
 1.239e+02 5.3540e-19 9.0330e-03 9.0330e-03 2.0818e-25
 1.240e+02 5.1157e-19 9.0330e-03 9.0330e-03 1.9478e-25
 1.241e+02 4.8880e-19 9.0330e-03 9.0330e-03 1.8224e-25
 1.242e+02 4.6704e-19 9.0330e-03 9.0330e-03 1.7050e-25
 1.243e+02 4.4624e-19 9.0330e-03 9.0330e-03 1.5951e-25
 1.244e+02 4.2638e-19 9.0330e-03 9.0330e-03 1.4923e-25
 1.246e+02 4.0740e-19 9.0330e-03 9.0330e-03 1.3960e-25
 1.247e+02 3.8926e-19 9.0330e-03 9.0330e-03 1.3059e-25
 1.248e+02 3.7193e-19 9.0330e-03 9.0330e-03 1.2216e-25
 1.249e+02 3.5537e-19 9.0330e-03 9.0330e-03 1.1427e-25
 1.250e+02 3.3955e-19 9.0330e-03 9.0330e-03 1.0688e-25
 1.251e+02 3.2444e-19 9.0330e-03 9.0330e-03 9.9971e-26
 1.252e+02 3.1000e-19 9.0330e-03 9.0330e-03 9.3504e-26
 1.253e+02 2.9620e-19 9.0330e-03 9.0330e-03 8.7453e-26
 1.255e+02 2.8301e-19 9.0330e-03 9.0330e-03 8.1790e-26
 1.256e+02 2.7041e-19 9.0330e-03 9.0330e-03 7.6492e-26
 1.257e+02 2.5837e-19 9.0330e-03 9.0330e-03 7.1535e-26
 1.258e+02 2.4687e-19 9.0330e-03 9.0330e-03 6.6897e-26
 1.259e+02 2.3588e-19 9.0330e-03 9.0330e-03 6.2557e-26
 1.260e+02 2.2538e-19 9.0330e-03 9.0330e-03 5.8497e-26
 1.261e+02 2.1535e-19 9.0330e-03 9.0330e-03 5.4699e-26
 1.263e+02 2.0576e-19 9.0330e-03 9.0330e-03 5.1146e-26
 1.264e+02 1.9660e-19 9.0330e-03 9.0330e-03 4.7822e-26
 1.265e+02 1.8785e-19 9.0330e-03 9.0330e-03 4.4712e-26
 1.266e+02 1.7949e-19 9.0330e-03 9.0330e-03 4.1804e-26
 1.267e+02 1.7150e-19 9.0330e-03 9.0330e-03 3.9083e-26
 1.268e+02 1.6386e-19 9.0330e-03 9.0330e-03 3.6538e-26
 1.269e+02 1.5657e-19 9.0330e-03 9.0330e-03 3.4157e-26
 1.270e+02 1.4960e-19 9.0330e-03 9.0330e-03 3.1931e-26
 1.272e+02 1.4294e-19 9.0330e-03 9.0330e-03 2.9849e-26
 1.273e+02 1.3657e-19 9.0330e-03 9.0330e-03 2.7901e-26
 1.274e+02 1.3049e-19 9.0330e-03 9.0330e-03 2.6080e-26
 1.275e+02 1.2468e-19 9.0330e-03 9.0330e-03 2.4377e-26
 1.276e+02 1.1913e-19 9.0330e-03 9.0330e-03 2.2784e-26
 1.277e+02 1.1383e-19 9.0330e-03 9.0330e-03 2.1295e-26
 1.278e+02 1.0876e-19 9.0330e-03 9.0330e-03 1.9902e-26
 1.280e+02 1.0392e-19 9.0330e-03 9.0330e-03 1.8600e-26
 1.281e+02 9.9294e-20 9.0330e-03 9.0330e-03 1.7382e-26
 1.282e+02 9.4874e-20 9.0330e-03 9.0330e-03 1.6244e-26
 1.283e+02 9.0651e-20 9.0330e-03 9.0330e-03 1.5179e-26
 1.284e+02 8.6615e-20 9.0330e-03 9.0330e-03 1.4184e-26
 1.285e+02 8.2759e-20 9.0330e-03 9.0330e-03 1.3253e-26
 1.286e+02 7.9075e-20 9.0330e-03 9.0330e-03 1.2384e-26
 1.287e+02 7.5555e-20 9.0330e-03 9.0330e-03 1.1570e-26
 1.289e+02 7.2191e-20 9.0330e-03 9.0330e-03 1.0810e-26
 1.290e+02 6.8977e-20 9.0330e-03 9.0330e-03 1.0100e-26
 1.291e+02 6.5907e-20 9.0330e-03 9.0330e-03 9.4355e-27
 1.292e+02 6.2973e-20 9.0330e-03 9.0330e-03 8.8147e-27
 1.293e+02 6.0169e-20 9.0330e-03 9.0330e-03 8.2344e-27
 1.294e+02 5.7491e-20 9.0330e-03 9.0330e-03 7.6921e-27
 1.295e+02 5.4931e-20 9.0330e-03 9.0330e-03 7.1852e-27
 1.297e+02 5.2486e-20 9.0330e-03 9.0330e-03 6.7115e-27
 1.298e+02 5.0149e-20 9.0330e-03 9.0330e-03 6.2688e-27
 1.299e+02 4.7917e-20 9.0330e-03 9.0330e-03 5.8550e-27
 1.300e+02 4.5784e-20 9.0330e-03 9.0330e-03 5.4684e-27
 1.301e+02 4.3746e-20 9.0330e-03 9.0330e-03 5.1071e-27
 1.302e+02 4.1798e-20 9.0330e-03 9.0330e-03 4.7695e-27
 1.303e+02 3.9937e-20 9.0330e-03 9.0330e-03 4.4541e-27
 1.304e+02 3.8159e-20 9.0330e-03 9.0330e-03 4.1594e-27
 1.306e+02 3.6461e-20 9.0330e-03 9.0330e-03 3.8840e-27
 1.307e+02 3.4838e-20 9.0330e-03 9.0330e-03 3.6268e-27
 1.308e+02 3.3287e-20 9.0330e-03 9.0330e-03 3.3864e-27
 1.309e+02 3.1805e-20 9.0330e-03 9.0330e-03 3.1619e-27
 1.310e+02 3.0389e-20 9.0330e-03 9.0330e-03 2.9521e-27
 1.311e+02 2.9036e-20 9.0330e-03 9.0330e-03 2.7561e-27
 1.312e+02 2.7744e-20 9.0330e-03 9.0330e-03 2.5731e-27
 1.314e+02 2.6508e-20 9.0330e-03 9.0330e-03 2.4021e-27
 1.315e+02 2.5328e-20 9.0330e-03 9.0330e-03 2.2424e-27
 1.316e+02 2.4201e-20 9.0330e-03 9.0330e-03 2.0933e-27
 1.317e+02 2.3123e-20 9.0330e-03 9.0330e-03 1.9540e-27
 1.318e+02 2.2094e-20 9.0330e-03 9.0330e-03 1.8238e-27
 1.319e+02 2.1110e-20 9.0330e-03 9.0330e-03 1.7023e-27
 1.320e+02 2.0171e-20 9.0330e-03 9.0330e-03 1.5889e-27
 1.321e+02 1.9273e-20 9.0330e-03 9.0330e-03 1.4829e-27
 1.323e+02 1.8415e-20 9.0330e-03 9.0330e-03 1.3839e-27
 1.324e+02 1.7595e-20 9.0330e-03 9.0330e-03 1.2915e-27
 1.325e+02 1.6812e-20 9.0330e-03 9.0330e-03 1.2053e-27
 1.326e+02 1.6063e-20 9.0330e-03 9.0330e-03 1.1247e-27
 1.327e+02 1.5348e-20 9.0330e-03 9.0330e-03 1.0495e-27
 1.328e+02 1.4665e-20 9.0330e-03 9.0330e-03 9.7927e-28
 1.329e+02 1.4012e-20 9.0330e-03 9.0330e-03 9.1372e-28
 1.331e+02 1.3388e-20 9.0330e-03 9.0330e-03 8.5251e-28
 1.332e+02 1.2792e-20 9.0330e-03 9.0330e-03 7.9538e-28
 1.333e+02 1.2223e-20 9.0330e-03 9.0330e-03 7.4205e-28
 1.334e+02 1.1679e-20 9.0330e-03 9.0330e-03 6.9226e-28
 1.335e+02 1.1159e-20 9.0330e-03 9.0330e-03 6.4579e-28
 1.336e+02 1.0662e-20 9.0330e-03 9.0330e-03 6.0242e-28
 1.337e+02 1.0187e-20 9.0330e-03 9.0330e-03 5.6193e-28
 1.338e+02 9.7338e-21 9.0330e-03 9.0330e-03 5.2415e-28
 1.340e+02 9.3005e-21 9.0330e-03 9.0330e-03 4.8889e-28
 1.341e+02 8.8865e-21 9.0330e-03 9.0330e-03 4.5598e-28
 1.342e+02 8.4908e-21 9.0330e-03 9.0330e-03 4.2527e-28
 1.343e+02 8.1129e-21 9.0330e-03 9.0330e-03 3.9661e-28
 1.344e+02 7.7517e-21 9.0330e-03 9.0330e-03 3.6987e-28
 1.345e+02 7.4066e-21 9.0330e-03 9.0330e-03 3.4492e-28
 1.346e+02 7.0769e-21 9.0330e-03 9.0330e-03 3.2164e-28
 1.348e+02 6.7618e-21 9.0330e-03 9.0330e-03 2.9992e-28
 1.349e+02 6.4608e-21 9.0330e-03 9.0330e-03 2.7965e-28
 1.350e+02 6.1732e-21 9.0330e-03 9.0330e-03 2.6074e-28
 1.351e+02 5.8984e-21 9.0330e-03 9.0330e-03 2.4311e-28
 1.352e+02 5.6358e-21 9.0330e-03 9.0330e-03 2.2665e-28
 1.353e+02 5.3849e-21 9.0330e-03 9.0330e-03 2.1130e-28
 1.354e+02 5.1452e-21 9.0330e-03 9.0330e-03 1.9698e-28
 1.355e+02 4.9161e-21 9.0330e-03 9.0330e-03 1.8363e-28
 1.357e+02 4.6972e-21 9.0330e-03 9.0330e-03 1.7117e-28
 1.358e+02 4.4881e-21 9.0330e-03 9.0330e-03 1.5955e-28
 1.359e+02 4.2883e-21 9.0330e-03 9.0330e-03 1.4872e-28
 1.360e+02 4.0974e-21 9.0330e-03 9.0330e-03 1.3861e-28
 1.361e+02 3.9150e-21 9.0330e-03 9.0330e-03 1.2919e-28
 1.362e+02 3.7407e-21 9.0330e-03 9.0330e-03 1.2040e-28
 1.363e+02 3.5742e-21 9.0330e-03 9.0330e-03 1.1220e-28
 1.365e+02 3.4151e-21 9.0330e-03 9.0330e-03 1.0456e-28
 1.366e+02 3.2630e-21 9.0330e-03 9.0330e-03 9.7435e-29
 1.367e+02 3.1178e-21 9.0330e-03 9.0330e-03 9.0791e-29
 1.368e+02 2.9790e-21 9.0330e-03 9.0330e-03 8.4597e-29
 1.369e+02 2.8463e-21 9.0330e-03 9.0330e-03 7.8822e-29
 1.370e+02 2.7196e-21 9.0330e-03 9.0330e-03 7.3438e-29
 1.371e+02 2.5985e-21 9.0330e-03 9.0330e-03 6.8419e-29
 1.372e+02 2.4828e-21 9.0330e-03 9.0330e-03 6.3741e-29
 1.374e+02 2.3723e-21 9.0330e-03 9.0330e-03 5.9379e-29
 1.375e+02 2.2667e-21 9.0330e-03 9.0330e-03 5.5314e-29
 1.376e+02 2.1658e-21 9.0330e-03 9.0330e-03 5.1525e-29
 1.377e+02 2.0693e-21 9.0330e-03 9.0330e-03 4.7993e-29
 1.378e+02 1.9772e-21 9.0330e-03 9.0330e-03 4.4702e-29
 1.379e+02 1.8892e-21 9.0330e-03 9.0330e-03 4.1634e-29
 1.380e+02 1.8051e-21 9.0330e-03 9.0330e-03 3.8775e-29
 1.382e+02 1.7247e-21 9.0330e-03 9.0330e-03 3.6111e-29
 1.383e+02 1.6479e-21 9.0330e-03 9.0330e-03 3.3629e-29
 1.384e+02 1.5745e-21 9.0330e-03 9.0330e-03 3.1315e-29
 1.385e+02 1.5044e-21 9.0330e-03 9.0330e-03 2.9160e-29
 1.386e+02 1.4374e-21 9.0330e-03 9.0330e-03 2.7152e-29
 1.387e+02 1.3734e-21 9.0330e-03 9.0330e-03 2.5280e-29
 1.388e+02 1.3123e-21 9.0330e-03 9.0330e-03 2.3537e-29
 1.389e+02 1.2538e-21 9.0330e-03 9.0330e-03 2.1913e-29
 1.391e+02 1.1980e-21 9.0330e-03 9.0330e-03 2.0400e-29
 1.392e+02 1.1447e-21 9.0330e-03 9.0330e-03 1.8991e-29
 1.393e+02 1.0937e-21 9.0330e-03 9.0330e-03 1.7678e-29
 1.394e+02 1.0450e-21 9.0330e-03 9.0330e-03 1.6455e-29
 1.395e+02 9.9843e-22 9.0330e-03 9.0330e-03 1.5316e-29
 1.396e+02 9.5397e-22 9.0330e-03 9.0330e-03 1.4255e-29
 1.397e+02 9.1148e-22 9.0330e-03 9.0330e-03 1.3267e-29
 1.399e+02 8.7088e-22 9.0330e-03 9.0330e-03 1.2347e-29
 1.400e+02 8.3208e-22 9.0330e-03 9.0330e-03 1.1490e-29
 1.401e+02 7.9502e-22 9.0330e-03 9.0330e-03 1.0692e-29
 1.402e+02 7.5960e-22 9.0330e-03 9.0330e-03 9.9494e-30
 1.403e+02 7.2575e-22 9.0330e-03 9.0330e-03 9.2575e-30
 1.404e+02 6.9342e-22 9.0330e-03 9.0330e-03 8.6133e-30
 1.405e+02 6.6252e-22 9.0330e-03 9.0330e-03 8.0135e-30
 1.406e+02 6.3299e-22 9.0330e-03 9.0330e-03 7.4550e-30
 1.408e+02 6.0478e-22 9.0330e-03 9.0330e-03 6.9351e-30
 1.409e+02 5.7782e-22 9.0330e-03 9.0330e-03 6.4511e-30
 1.410e+02 5.5206e-22 9.0330e-03 9.0330e-03 6.0006e-30
 1.411e+02 5.2745e-22 9.0330e-03 9.0330e-03 5.5811e-30
 1.412e+02 5.0393e-22 9.0330e-03 9.0330e-03 5.1907e-30
 1.413e+02 4.8145e-22 9.0330e-03 9.0330e-03 4.8274e-30
 1.414e+02 4.5998e-22 9.0330e-03 9.0330e-03 4.4891e-30
 1.416e+02 4.3945e-22 9.0330e-03 9.0330e-03 4.1743e-30
 1.417e+02 4.1984e-22 9.0330e-03 9.0330e-03 3.8814e-30
 1.418e+02 4.0110e-22 9.0330e-03 9.0330e-03 3.6087e-30
 1.419e+02 3.8320e-22 9.0330e-03 9.0330e-03 3.3550e-30
 1.420e+02 3.6608e-22 9.0330e-03 9.0330e-03 3.1189e-30
 1.421e+02 3.4973e-22 9.0330e-03 9.0330e-03 2.8992e-30
 1.422e+02 3.3410e-22 9.0330e-03 9.0330e-03 2.6948e-30
 1.423e+02 3.1916e-22 9.0330e-03 9.0330e-03 2.5046e-30
 1.425e+02 3.0489e-22 9.0330e-03 9.0330e-03 2.3276e-30
 1.426e+02 2.9125e-22 9.0330e-03 9.0330e-03 2.1630e-30
 1.427e+02 2.7821e-22 9.0330e-03 9.0330e-03 2.0098e-30
 1.428e+02 2.6575e-22 9.0330e-03 9.0330e-03 1.8673e-30
 1.429e+02 2.5384e-22 9.0330e-03 9.0330e-03 1.7348e-30
 1.430e+02 2.4246e-22 9.0330e-03 9.0330e-03 1.6115e-30
 1.431e+02 2.3158e-22 9.0330e-03 9.0330e-03 1.4968e-30
 1.433e+02 2.2118e-22 9.0330e-03 9.0330e-03 1.3901e-30
 1.434e+02 2.1124e-22 9.0330e-03 9.0330e-03 1.2909e-30
 1.435e+02 2.0174e-22 9.0330e-03 9.0330e-03 1.1986e-30
 1.436e+02 1.9266e-22 9.0330e-03 9.0330e-03 1.1128e-30
 1.437e+02 1.8397e-22 9.0330e-03 9.0330e-03 1.0330e-30
 1.438e+02 1.7567e-22 9.0330e-03 9.0330e-03 9.5875e-31
 1.439e+02 1.6773e-22 9.0330e-03 9.0330e-03 8.8974e-31
 1.440e+02 1.6014e-22 9.0330e-03 9.0330e-03 8.2556e-31
 1.442e+02 1.5288e-22 9.0330e-03 9.0330e-03 7.6588e-31
 1.443e+02 1.4594e-22 9.0330e-03 9.0330e-03 7.1039e-31
 1.444e+02 1.3930e-22 9.0330e-03 9.0330e-03 6.5880e-31
 1.445e+02 1.3295e-22 9.0330e-03 9.0330e-03 6.1083e-31
 1.446e+02 1.2688e-22 9.0330e-03 9.0330e-03 5.6623e-31
 1.447e+02 1.2107e-22 9.0330e-03 9.0330e-03 5.2477e-31
 1.448e+02 1.1551e-22 9.0330e-03 9.0330e-03 4.8622e-31
 1.450e+02 1.1019e-22 9.0330e-03 9.0330e-03 4.5039e-31
 1.451e+02 1.0510e-22 9.0330e-03 9.0330e-03 4.1707e-31
 1.452e+02 1.0022e-22 9.0330e-03 9.0330e-03 3.8610e-31
 1.453e+02 9.5560e-23 9.0330e-03 9.0330e-03 3.5731e-31
 1.454e+02 9.1092e-23 9.0330e-03 9.0330e-03 3.3055e-31
 1.455e+02 8.6814e-23 9.0330e-03 9.0330e-03 3.0567e-31
 1.456e+02 8.2716e-23 9.0330e-03 9.0330e-03 2.8254e-31
 1.457e+02 7.8789e-23 9.0330e-03 9.0330e-03 2.6104e-31
 1.459e+02 7.5026e-23 9.0330e-03 9.0330e-03 2.4105e-31
 1.460e+02 7.1418e-23 9.0330e-03 9.0330e-03 2.2247e-31
 1.461e+02 6.7959e-23 9.0330e-03 9.0330e-03 2.0519e-31
 1.462e+02 6.4641e-23 9.0330e-03 9.0330e-03 1.8913e-31
 1.463e+02 6.1456e-23 9.0330e-03 9.0330e-03 1.7420e-31
 1.464e+02 5.8399e-23 9.0330e-03 9.0330e-03 1.6031e-31
 1.465e+02 5.5463e-23 9.0330e-03 9.0330e-03 1.4740e-31
 1.467e+02 5.2643e-23 9.0330e-03 9.0330e-03 1.3539e-31
 1.468e+02 4.9931e-23 9.0330e-03 9.0330e-03 1.2422e-31
 1.469e+02 4.7323e-23 9.0330e-03 9.0330e-03 1.1383e-31
 1.470e+02 4.4813e-23 9.0330e-03 9.0330e-03 1.0416e-31
 1.471e+02 4.2396e-23 9.0330e-03 9.0330e-03 9.5168e-32
 1.472e+02 4.0067e-23 9.0330e-03 9.0330e-03 8.6800e-32
 1.473e+02 3.7821e-23 9.0330e-03 9.0330e-03 7.9012e-32
 1.474e+02 3.5654e-23 9.0330e-03 9.0330e-03 7.1763e-32
 1.476e+02 3.3560e-23 9.0330e-03 9.0330e-03 6.5016e-32
 1.477e+02 3.1537e-23 9.0330e-03 9.0330e-03 5.8734e-32
 1.478e+02 2.9578e-23 9.0330e-03 9.0330e-03 5.2887e-32
 1.479e+02 2.7681e-23 9.0330e-03 9.0330e-03 4.7443e-32
 1.480e+02 2.5841e-23 9.0330e-03 9.0330e-03 4.2377e-32
 1.481e+02 2.4055e-23 9.0330e-03 9.0330e-03 3.7663e-32
 1.482e+02 2.2319e-23 9.0330e-03 9.0330e-03 3.3279e-32
 1.484e+02 2.0629e-23 9.0330e-03 9.0330e-03 2.9206e-32
 1.485e+02 1.8982e-23 9.0330e-03 9.0330e-03 2.5426e-32
 1.486e+02 1.7374e-23 9.0330e-03 9.0330e-03 2.1925e-32
 1.487e+02 1.5802e-23 9.0330e-03 9.0330e-03 1.8689e-32
 1.488e+02 1.4264e-23 9.0330e-03 9.0330e-03 1.5709e-32
 1.489e+02 1.2754e-23 9.0330e-03 9.0330e-03 1.2977e-32
 1.490e+02 1.1271e-23 9.0330e-03 9.0330e-03 1.0489e-32
 1.491e+02 9.8118e-24 9.0330e-03 9.0330e-03 8.2439e-33
 1.493e+02 8.3726e-24 9.0330e-03 9.0330e-03 6.2431e-33
 1.494e+02 6.9508e-24 9.0330e-03 9.0330e-03 4.4924e-33
 1.495e+02 5.5434e-24 9.0330e-03 9.0330e-03 3.0015e-33
 1.496e+02 4.1475e-24 9.0330e-03 9.0330e-03 1.7845e-33
 1.497e+02 2.7603e-24 9.0330e-03 9.0330e-03 8.6076e-34
 1.498e+02 1.3787e-24 9.0330e-03 9.0330e-03 2.5536e-34
 1.499e+02 4.4466e-323 9.0330e-03 9.0330e-03 0.0000e+00
