 0.000e+00 0.0000e+00 0.0000e+00 [ 0.0000e+00 0.0000e+00 0.0000e+00 0.0000e+00 ] 0.0000e+00 [ 0.0000e+00 ] 1.0000e+00
 1.133e-01 5.3443e-03 5.3443e-03 [ 5.0337e-03 1.6811e-04 1.1053e-04 3.2030e-05 ] 0.0000e+00 [ 0.0000e+00 ] 9.9466e-01
 2.267e-01 1.0044e-02 1.0044e-02 [ 8.8158e-03 6.6231e-04 4.3962e-04 1.2627e-04 ] 0.0000e+00 [ 0.0000e+00 ] 9.8996e-01
 3.400e-01 1.4493e-02 1.4493e-02 [ 1.1783e-02 1.4517e-03 9.7887e-04 2.7946e-04 ] 0.0000e+00 [ 0.0000e+00 ] 9.8551e-01
 4.533e-01 1.8806e-02 1.8806e-02 [ 1.4120e-02 2.4860e-03 1.7130e-03 4.8740e-04 ] 0.0000e+00 [ 0.0000e+00 ] 9.8119e-01
 5.667e-01 2.3023e-02 2.3023e-02 [ 1.5959e-02 3.7000e-03 2.6198e-03 7.4483e-04 ] 0.0000e+00 [ 0.0000e+00 ] 9.7698e-01
 6.800e-01 2.7118e-02 2.7118e-02 [ 1.7382e-02 5.0198e-03 3.6707e-03 1.0453e-03 ] 0.0000e+00 [ 0.0000e+00 ] 9.7288e-01
 7.933e-01 3.1024e-02 3.1024e-02 [ 1.8441e-02 6.3696e-03 4.8320e-03 1.3816e-03 ] 0.0000e+00 [ 0.0000e+00 ] 9.6898e-01
 9.067e-01 3.4659e-02 3.4659e-02 [ 1.9168e-02 7.6793e-03 6.0665e-03 1.7452e-03 ] 0.0000e+00 [ 0.0000e+00 ] 9.6534e-01
 1.020e+00 3.7942e-02 3.7942e-02 [ 1.9590e-02 8.8890e-03 7.3356e-03 2.1275e-03 ] 0.0000e+00 [ 0.0000e+00 ] 9.6206e-01
 1.133e+00 4.0804e-02 4.0804e-02 [ 1.9730e-02 9.9534e-03 8.6012e-03 2.5193e-03 ] 0.0000e+00 [ 0.0000e+00 ] 9.5920e-01
 1.247e+00 4.3198e-02 4.3198e-02 [ 1.9615e-02 1.0843e-02 9.8277e-03 2.9117e-03 ] 0.0000e+00 [ 0.0000e+00 ] 9.5680e-01
 1.360e+00 4.5101e-02 4.5101e-02 [ 1.9276e-02 1.1545e-02 1.0984e-02 3.2962e-03 ] 0.0000e+00 [ 0.0000e+00 ] 9.5490e-01
 1.473e+00 4.6514e-02 4.6514e-02 [ 1.8746e-02 1.2059e-02 1.2044e-02 3.6652e-03 ] 0.0000e+00 [ 0.0000e+00 ] 9.5349e-01
 1.587e+00 4.7459e-02 4.7459e-02 [ 1.8061e-02 1.2397e-02 1.2989e-02 4.0122e-03 ] 0.0000e+00 [ 0.0000e+00 ] 9.5254e-01
 1.700e+00 4.7974e-02 4.7974e-02 [ 1.7259e-02 1.2578e-02 1.3805e-02 4.3318e-03 ] 0.0000e+00 [ 0.0000e+00 ] 9.5203e-01
 1.813e+00 4.8110e-02 4.8110e-02 [ 1.6377e-02 1.2628e-02 1.4485e-02 4.6199e-03 ] 0.0000e+00 [ 0.0000e+00 ] 9.5189e-01
 1.927e+00 4.7921e-02 4.7921e-02 [ 1.5447e-02 1.2571e-02 1.5029e-02 4.8740e-03 ] 0.0000e+00 [ 0.0000e+00 ] 9.5208e-01
 2.040e+00 4.7466e-02 4.7466e-02 [ 1.4498e-02 1.2435e-02 1.5441e-02 5.0925e-03 ] 0.0000e+00 [ 0.0000e+00 ] 9.5253e-01
 2.153e+00 4.6798e-02 4.6798e-02 [ 1.3554e-02 1.2244e-02 1.5726e-02 5.2751e-03 ] 0.0000e+00 [ 0.0000e+00 ] 9.5320e-01
 2.267e+00 4.5970e-02 4.5970e-02 [ 1.2633e-02 1.2018e-02 1.5896e-02 5.4223e-03 ] 0.0000e+00 [ 0.0000e+00 ] 9.5403e-01
 2.380e+00 4.5023e-02 4.5023e-02 [ 1.1748e-02 1.1777e-02 1.5963e-02 5.5356e-03 ] 0.0000e+00 [ 0.0000e+00 ] 9.5498e-01
 2.493e+00 4.3997e-02 4.3997e-02 [ 1.0908e-02 1.1534e-02 1.5939e-02 5.6167e-03 ] 0.0000e+00 [ 0.0000e+00 ] 9.5600e-01
 2.607e+00 4.2922e-02 4.2922e-02 [ 1.0116e-02 1.1300e-02 1.5837e-02 5.6681e-03 ] 0.0000e+00 [ 0.0000e+00 ] 9.5708e-01
 2.720e+00 4.1823e-02 4.1823e-02 [ 9.3758e-03 1.1084e-02 1.5671e-02 5.6924e-03 ] 0.0000e+00 [ 0.0000e+00 ] 9.5818e-01
 2.833e+00 4.0720e-02 4.0720e-02 [ 8.6848e-03 1.0889e-02 1.5453e-02 5.6922e-03 ] 0.0000e+00 [ 0.0000e+00 ] 9.5928e-01
 2.947e+00 3.9626e-02 3.9626e-02 [ 8.0413e-03 1.0720e-02 1.5194e-02 5.6705e-03 ] 0.0000e+00 [ 0.0000e+00 ] 9.6037e-01
 3.060e+00 3.8554e-02 3.8554e-02 [ 7.4420e-03 1.0577e-02 1.4905e-02 5.6300e-03 ] 0.0000e+00 [ 0.0000e+00 ] 9.6145e-01
 3.173e+00 3.7512e-02 3.7512e-02 [ 6.8834e-03 1.0460e-02 1.4595e-02 5.5734e-03 ] 0.0000e+00 [ 0.0000e+00 ] 9.6249e-01
 3.287e+00 3.6505e-02 3.6505e-02 [ 6.3620e-03 1.0368e-02 1.4272e-02 5.5032e-03 ] 0.0000e+00 [ 0.0000e+00 ] 9.6350e-01
 3.400e+00 3.5537e-02 3.5537e-02 [ 5.8744e-03 1.0298e-02 1.3943e-02 5.4217e-03 ] 0.0000e+00 [ 0.0000e+00 ] 9.6446e-01
 3.513e+00 3.4612e-02 3.4612e-02 [ 5.4176e-03 1.0249e-02 1.3614e-02 5.3313e-03 ] 0.0000e+00 [ 0.0000e+00 ] 9.6539e-01
 3.627e+00 3.3731e-02 3.3731e-02 [ 4.9889e-03 1.0217e-02 1.3291e-02 5.2338e-03 ] 0.0000e+00 [ 0.0000e+00 ] 9.6627e-01
 3.740e+00 3.2894e-02 3.2894e-02 [ 4.5863e-03 1.0199e-02 1.2977e-02 5.1312e-03 ] 0.0000e+00 [ 0.0000e+00 ] 9.6711e-01
 3.853e+00 3.2102e-02 3.2102e-02 [ 4.2078e-03 1.0194e-02 1.2675e-02 5.0250e-03 ] 0.0000e+00 [ 0.0000e+00 ] 9.6790e-01
 3.967e+00 3.1355e-02 3.1355e-02 [ 3.8521e-03 1.0197e-02 1.2389e-02 4.9167e-03 ] 0.0000e+00 [ 0.0000e+00 ] 9.6864e-01
 4.080e+00 3.0653e-02 3.0653e-02 [ 3.5178e-03 1.0207e-02 1.2121e-02 4.8076e-03 ] 0.0000e+00 [ 0.0000e+00 ] 9.6935e-01
 4.193e+00 2.9995e-02 2.9995e-02 [ 3.2041e-03 1.0222e-02 1.1871e-02 4.6986e-03 ] 0.0000e+00 [ 0.0000e+00 ] 9.7000e-01
 4.307e+00 2.9380e-02 2.9380e-02 [ 2.9102e-03 1.0238e-02 1.1641e-02 4.5909e-03 ] 0.0000e+00 [ 0.0000e+00 ] 9.7062e-01
 4.420e+00 2.8806e-02 2.8806e-02 [ 2.6353e-03 1.0254e-02 1.1432e-02 4.4851e-03 ] 0.0000e+00 [ 0.0000e+00 ] 9.7119e-01
 4.533e+00 2.8274e-02 2.8274e-02 [ 2.3788e-03 1.0268e-02 1.1245e-02 4.3820e-03 ] 0.0000e+00 [ 0.0000e+00 ] 9.7173e-01
 4.647e+00 2.7781e-02 2.7781e-02 [ 2.1403e-03 1.0280e-02 1.1078e-02 4.2821e-03 ] 0.0000e+00 [ 0.0000e+00 ] 9.7222e-01
 4.760e+00 2.7326e-02 2.7326e-02 [ 1.9192e-03 1.0287e-02 1.0933e-02 4.1859e-03 ] 0.0000e+00 [ 0.0000e+00 ] 9.7267e-01
 4.873e+00 2.6907e-02 2.6907e-02 [ 1.7148e-03 1.0289e-02 1.0809e-02 4.0938e-03 ] 0.0000e+00 [ 0.0000e+00 ] 9.7309e-01
 4.987e+00 2.6524e-02 2.6524e-02 [ 1.5266e-03 1.0285e-02 1.0706e-02 4.0060e-03 ] 0.0000e+00 [ 0.0000e+00 ] 9.7348e-01
 5.100e+00 2.6175e-02 2.6175e-02 [ 1.3540e-03 1.0275e-02 1.0623e-02 3.9228e-03 ] 0.0000e+00 [ 0.0000e+00 ] 9.7382e-01
 5.213e+00 2.5858e-02 2.5858e-02 [ 1.1963e-03 1.0257e-02 1.0560e-02 3.8443e-03 ] 0.0000e+00 [ 0.0000e+00 ] 9.7414e-01
 5.327e+00 2.5573e-02 2.5573e-02 [ 1.0529e-03 1.0233e-02 1.0516e-02 3.7707e-03 ] 0.0000e+00 [ 0.0000e+00 ] 9.7443e-01
 5.440e+00 2.5316e-02 2.5316e-02 [ 9.2293e-04 1.0200e-02 1.0491e-02 3.7020e-03 ] 0.0000e+00 [ 0.0000e+00 ] 9.7468e-01
 5.553e+00 2.5088e-02 2.5088e-02 [ 8.0575e-04 1.0160e-02 1.0484e-02 3.6382e-03 ] 0.0000e+00 [ 0.0000e+00 ] 9.7491e-01
 5.667e+00 2.4887e-02 2.4887e-02 [ 7.0055e-04 1.0113e-02 1.0494e-02 3.5795e-03 ] 0.0000e+00 [ 0.0000e+00 ] 9.7511e-01
 5.780e+00 2.4711e-02 2.4711e-02 [ 6.0654e-04 1.0058e-02 1.0520e-02 3.5257e-03 ] 0.0000e+00 [ 0.0000e+00 ] 9.7529e-01
 5.893e+00 2.4559e-02 2.4559e-02 [ 5.2292e-04 9.9962e-03 1.0563e-02 3.4768e-03 ] 0.0000e+00 [ 0.0000e+00 ] 9.7544e-01
 6.007e+00 2.4430e-02 2.4430e-02 [ 4.4889e-04 9.9271e-03 1.0621e-02 3.4329e-03 ] 0.0000e+00 [ 0.0000e+00 ] 9.7557e-01
 6.120e+00 2.4322e-02 2.4322e-02 [ 3.8367e-04 9.8513e-03 1.0694e-02 3.3937e-03 ] 0.0000e+00 [ 0.0000e+00 ] 9.7568e-01
 6.233e+00 2.4235e-02 2.4235e-02 [ 3.2649e-04 9.7690e-03 1.0781e-02 3.3593e-03 ] 0.0000e+00 [ 0.0000e+00 ] 9.7576e-01
 6.347e+00 2.4168e-02 2.4168e-02 [ 2.7660e-04 9.6805e-03 1.0881e-02 3.3296e-03 ] 0.0000e+00 [ 0.0000e+00 ] 9.7583e-01
 6.460e+00 2.4119e-02 2.4119e-02 [ 2.3328e-04 9.5861e-03 1.0995e-02 3.3045e-03 ] 0.0000e+00 [ 0.0000e+00 ] 9.7588e-01
 6.573e+00 2.4087e-02 2.4087e-02 [ 1.9587e-04 9.4861e-03 1.1121e-02 3.2840e-03 ] 0.0000e+00 [ 0.0000e+00 ] 9.7591e-01
 6.687e+00 2.4072e-02 2.4072e-02 [ 1.6370e-04 9.3809e-03 1.1259e-02 3.2679e-03 ] 0.0000e+00 [ 0.0000e+00 ] 9.7593e-01
 6.800e+00 2.4072e-02 2.4072e-02 [ 1.3620e-04 9.2706e-03 1.1409e-02 3.2563e-03 ] 0.0000e+00 [ 0.0000e+00 ] 9.7593e-01
 6.913e+00 2.4087e-02 2.4087e-02 [ 1.1279e-04 9.1557e-03 1.1570e-02 3.2490e-03 ] 0.0000e+00 [ 0.0000e+00 ] 9.7591e-01
 7.027e+00 2.4116e-02 2.4116e-02 [ 9.2977e-05 9.0362e-03 1.1741e-02 3.2460e-03 ] 0.0000e+00 [ 0.0000e+00 ] 9.7588e-01
 7.140e+00 2.4159e-02 2.4159e-02 [ 7.6288e-05 8.9126e-03 1.1923e-02 3.2471e-03 ] 0.0000e+00 [ 0.0000e+00 ] 9.7584e-01
 7.253e+00 2.4214e-02 2.4214e-02 [ 6.2303e-05 8.7850e-03 1.2114e-02 3.2525e-03 ] 0.0000e+00 [ 0.0000e+00 ] 9.7579e-01
 7.367e+00 2.4281e-02 2.4281e-02 [ 5.0644e-05 8.6537e-03 1.2314e-02 3.2620e-03 ] 0.0000e+00 [ 0.0000e+00 ] 9.7572e-01
 7.480e+00 2.4359e-02 2.4359e-02 [ 4.0974e-05 8.5188e-03 1.2523e-02 3.2755e-03 ] 0.0000e+00 [ 0.0000e+00 ] 9.7564e-01
 7.593e+00 2.4448e-02 2.4448e-02 [ 3.2995e-05 8.3806e-03 1.2741e-02 3.2931e-03 ] 0.0000e+00 [ 0.0000e+00 ] 9.7555e-01
 7.707e+00 2.4547e-02 2.4547e-02 [ 2.6444e-05 8.2392e-03 1.2966e-02 3.3146e-03 ] 0.0000e+00 [ 0.0000e+00 ] 9.7545e-01
 7.820e+00 2.4655e-02 2.4655e-02 [ 2.1094e-05 8.0948e-03 1.3199e-02 3.3401e-03 ] 0.0000e+00 [ 0.0000e+00 ] 9.7534e-01
 7.933e+00 2.4773e-02 2.4773e-02 [ 1.6748e-05 7.9477e-03 1.3439e-02 3.3695e-03 ] 0.0000e+00 [ 0.0000e+00 ] 9.7523e-01
 8.047e+00 2.4900e-02 2.4900e-02 [ 1.3234e-05 7.7979e-03 1.3686e-02 3.4028e-03 ] 0.0000e+00 [ 0.0000e+00 ] 9.7510e-01
 8.160e+00 2.5035e-02 2.5035e-02 [ 1.0408e-05 7.6456e-03 1.3939e-02 3.4399e-03 ] 0.0000e+00 [ 0.0000e+00 ] 9.7497e-01
 8.273e+00 2.5178e-02 2.5178e-02 [ 8.1471e-06 7.4910e-03 1.4198e-02 3.4809e-03 ] 0.0000e+00 [ 0.0000e+00 ] 9.7482e-01
 8.387e+00 2.5328e-02 2.5328e-02 [ 6.3472e-06 7.3342e-03 1.4462e-02 3.5257e-03 ] 0.0000e+00 [ 0.0000e+00 ] 9.7467e-01
 8.500e+00 2.5485e-02 2.5485e-02 [ 4.9218e-06 7.1755e-03 1.4730e-02 3.5742e-03 ] 0.0000e+00 [ 0.0000e+00 ] 9.7451e-01
 8.613e+00 2.5649e-02 2.5649e-02 [ 3.7985e-06 7.0149e-03 1.5004e-02 3.6266e-03 ] 0.0000e+00 [ 0.0000e+00 ] 9.7435e-01
 8.727e+00 2.5820e-02 2.5820e-02 [ 2.9179e-06 6.8527e-03 1.5281e-02 3.6827e-03 ] 0.0000e+00 [ 0.0000e+00 ] 9.7418e-01
 8.840e+00 2.5996e-02 2.5996e-02 [ 2.2310e-06 6.6890e-03 1.5562e-02 3.7425e-03 ] 0.0000e+00 [ 0.0000e+00 ] 9.7400e-01
 8.953e+00 2.6178e-02 2.6178e-02 [ 1.6979e-06 6.5239e-03 1.5846e-02 3.8059e-03 ] 0.0000e+00 [ 0.0000e+00 ] 9.7382e-01
 9.067e+00 2.6365e-02 2.6365e-02 [ 1.2862e-06 6.3578e-03 1.6133e-02 3.8731e-03 ] 0.0000e+00 [ 0.0000e+00 ] 9.7364e-01
 9.180e+00 2.6557e-02 2.6557e-02 [ 9.6977e-07 6.1907e-03 1.6421e-02 3.9439e-03 ] 0.0000e+00 [ 0.0000e+00 ] 9.7344e-01
 9.293e+00 2.6753e-02 2.6753e-02 [ 7.2784e-07 6.0229e-03 1.6711e-02 4.0183e-03 ] 0.0000e+00 [ 0.0000e+00 ] 9.7325e-01
 9.407e+00 2.6954e-02 2.6954e-02 [ 5.4377e-07 5.8545e-03 1.7003e-02 4.0962e-03 ] 0.0000e+00 [ 0.0000e+00 ] 9.7305e-01
 9.520e+00 2.7158e-02 2.7158e-02 [ 4.0439e-07 5.6858e-03 1.7294e-02 4.1777e-03 ] 0.0000e+00 [ 0.0000e+00 ] 9.7284e-01
 9.633e+00 2.7366e-02 2.7366e-02 [ 2.9938e-07 5.5169e-03 1.7586e-02 4.2627e-03 ] 0.0000e+00 [ 0.0000e+00 ] 9.7263e-01
 9.747e+00 2.7577e-02 2.7577e-02 [ 2.2064e-07 5.3482e-03 1.7878e-02 4.3511e-03 ] 0.0000e+00 [ 0.0000e+00 ] 9.7242e-01
 9.860e+00 2.7791e-02 2.7791e-02 [ 1.6187e-07 5.1797e-03 1.8168e-02 4.4428e-03 ] 0.0000e+00 [ 0.0000e+00 ] 9.7221e-01
 9.973e+00 2.8007e-02 2.8007e-02 [ 1.1823e-07 5.0117e-03 1.8457e-02 4.5378e-03 ] 0.0000e+00 [ 0.0000e+00 ] 9.7199e-01
 1.009e+01 2.8224e-02 2.8224e-02 [ 8.5973e-08 4.8445e-03 1.8744e-02 4.6361e-03 ] 0.0000e+00 [ 0.0000e+00 ] 9.7178e-01
 1.020e+01 2.8444e-02 2.8444e-02 [ 6.2240e-08 4.6782e-03 1.9028e-02 4.7376e-03 ] 0.0000e+00 [ 0.0000e+00 ] 9.7156e-01
 1.031e+01 2.8664e-02 2.8664e-02 [ 4.4862e-08 4.5131e-03 1.9309e-02 4.8420e-03 ] 0.0000e+00 [ 0.0000e+00 ] 9.7134e-01
 1.043e+01 2.8885e-02 2.8885e-02 [ 3.2195e-08 4.3494e-03 1.9586e-02 4.9495e-03 ] 0.0000e+00 [ 0.0000e+00 ] 9.7112e-01
 1.054e+01 2.9106e-02 2.9106e-02 [ 2.3005e-08 4.1872e-03 1.9859e-02 5.0598e-03 ] 0.0000e+00 [ 0.0000e+00 ] 9.7089e-01
 1.065e+01 2.9328e-02 2.9328e-02 [ 1.6368e-08 4.0269e-03 2.0128e-02 5.1729e-03 ] 0.0000e+00 [ 0.0000e+00 ] 9.7067e-01
 1.077e+01 2.9548e-02 2.9548e-02 [ 1.1596e-08 3.8685e-03 2.0391e-02 5.2886e-03 ] 0.0000e+00 [ 0.0000e+00 ] 9.7045e-01
 1.088e+01 2.9768e-02 2.9768e-02 [ 8.1812e-09 3.7124e-03 2.0649e-02 5.4069e-03 ] 0.0000e+00 [ 0.0000e+00 ] 9.7023e-01
 1.099e+01 2.9986e-02 2.9986e-02 [ 5.7476e-09 3.5586e-03 2.0900e-02 5.5275e-03 ] 0.0000e+00 [ 0.0000e+00 ] 9.7001e-01
 1.111e+01 3.0202e-02 3.0202e-02 [ 4.0211e-09 3.4075e-03 2.1145e-02 5.6504e-03 ] 0.0000e+00 [ 0.0000e+00 ] 9.6980e-01
 1.122e+01 3.0417e-02 3.0417e-02 [ 2.8017e-09 3.2590e-03 2.1382e-02 5.7753e-03 ] 0.0000e+00 [ 0.0000e+00 ] 9.6958e-01
 1.133e+01 3.0628e-02 3.0628e-02 [ 1.9441e-09 3.1135e-03 2.1612e-02 5.9022e-03 ] 0.0000e+00 [ 0.0000e+00 ] 9.6937e-01
 1.145e+01 3.0836e-02 3.0836e-02 [ 1.3436e-09 2.9711e-03 2.1834e-02 6.0309e-03 ] 0.0000e+00 [ 0.0000e+00 ] 9.6916e-01
 1.156e+01 3.1041e-02 3.1041e-02 [ 9.2485e-10 2.8319e-03 2.2048e-02 6.1611e-03 ] 0.0000e+00 [ 0.0000e+00 ] 9.6896e-01
 1.167e+01 3.1242e-02 3.1242e-02 [ 6.3408e-10 2.6960e-03 2.2253e-02 6.2928e-03 ] 0.0000e+00 [ 0.0000e+00 ] 9.6876e-01
 1.179e+01 3.1439e-02 3.1439e-02 [ 4.3302e-10 2.5635e-03 2.2449e-02 6.4258e-03 ] 0.0000e+00 [ 0.0000e+00 ] 9.6856e-01
 1.190e+01 3.1630e-02 3.1630e-02 [ 2.9457e-10 2.4347e-03 2.2636e-02 6.5598e-03 ] 0.0000e+00 [ 0.0000e+00 ] 9.6837e-01
 1.201e+01 3.1817e-02 3.1817e-02 [ 1.9961e-10 2.3095e-03 2.2813e-02 6.6946e-03 ] 0.0000e+00 [ 0.0000e+00 ] 9.6818e-01
 1.213e+01 3.1998e-02 3.1998e-02 [ 1.3474e-10 2.1881e-03 2.2980e-02 6.8302e-03 ] 0.0000e+00 [ 0.0000e+00 ] 9.6800e-01
 1.224e+01 3.2173e-02 3.2173e-02 [ 9.0614e-11 2.0705e-03 2.3137e-02 6.9662e-03 ] 0.0000e+00 [ 0.0000e+00 ] 9.6783e-01
 1.235e+01 3.2342e-02 3.2342e-02 [ 6.0709e-11 1.9567e-03 2.3283e-02 7.1025e-03 ] 0.0000e+00 [ 0.0000e+00 ] 9.6766e-01
 1.247e+01 3.2505e-02 3.2505e-02 [ 4.0523e-11 1.8469e-03 2.3419e-02 7.2389e-03 ] 0.0000e+00 [ 0.0000e+00 ] 9.6750e-01
 1.258e+01 3.2661e-02 3.2661e-02 [ 2.6949e-11 1.7410e-03 2.3544e-02 7.3752e-03 ] 0.0000e+00 [ 0.0000e+00 ] 9.6734e-01
 1.269e+01 3.2809e-02 3.2809e-02 [ 1.7857e-11 1.6391e-03 2.3659e-02 7.5112e-03 ] 0.0000e+00 [ 0.0000e+00 ] 9.6719e-01
 1.281e+01 3.2950e-02 3.2950e-02 [ 1.1790e-11 1.5412e-03 2.3762e-02 7.6467e-03 ] 0.0000e+00 [ 0.0000e+00 ] 9.6705e-01
 1.292e+01 3.3084e-02 3.3084e-02 [ 7.7565e-12 1.4473e-03 2.3855e-02 7.7815e-03 ] 0.0000e+00 [ 0.0000e+00 ] 9.6692e-01
 1.303e+01 3.3210e-02 3.3210e-02 [ 5.0850e-12 1.3573e-03 2.3937e-02 7.9154e-03 ] 0.0000e+00 [ 0.0000e+00 ] 9.6679e-01
 1.315e+01 3.3327e-02 3.3327e-02 [ 3.3219e-12 1.2712e-03 2.4008e-02 8.0483e-03 ] 0.0000e+00 [ 0.0000e+00 ] 9.6667e-01
 1.326e+01 3.3437e-02 3.3437e-02 [ 2.1627e-12 1.1890e-03 2.4068e-02 8.1799e-03 ] 0.0000e+00 [ 0.0000e+00 ] 9.6656e-01
 1.337e+01 3.3538e-02 3.3538e-02 [ 1.4031e-12 1.1106e-03 2.4117e-02 8.3101e-03 ] 0.0000e+00 [ 0.0000e+00 ] 9.6646e-01
 1.349e+01 3.3631e-02 3.3631e-02 [ 9.0729e-13 1.0360e-03 2.4156e-02 8.4388e-03 ] 0.0000e+00 [ 0.0000e+00 ] 9.6637e-01
 1.360e+01 3.3715e-02 3.3715e-02 [ 5.8469e-13 9.6508e-04 2.4184e-02 8.5657e-03 ] 0.0000e+00 [ 0.0000e+00 ] 9.6629e-01
 1.371e+01 3.3790e-02 3.3790e-02 [ 3.7555e-13 8.9781e-04 2.4201e-02 8.6907e-03 ] 0.0000e+00 [ 0.0000e+00 ] 9.6621e-01
 1.383e+01 3.3857e-02 3.3857e-02 [ 2.4043e-13 8.3408e-04 2.4209e-02 8.8137e-03 ] 0.0000e+00 [ 0.0000e+00 ] 9.6614e-01
 1.394e+01 3.3915e-02 3.3915e-02 [ 1.5342e-13 7.7380e-04 2.4206e-02 8.9346e-03 ] 0.0000e+00 [ 0.0000e+00 ] 9.6609e-01
 1.405e+01 3.3964e-02 3.3964e-02 [ 9.7586e-14 7.1688e-04 2.4194e-02 9.0531e-03 ] 0.0000e+00 [ 0.0000e+00 ] 9.6604e-01
 1.417e+01 3.4005e-02 3.4005e-02 [ 6.1873e-14 6.6323e-04 2.4172e-02 9.1693e-03 ] 0.0000e+00 [ 0.0000e+00 ] 9.6600e-01
 1.428e+01 3.4037e-02 3.4037e-02 [ 3.9106e-14 6.1273e-04 2.4141e-02 9.2830e-03 ] 0.0000e+00 [ 0.0000e+00 ] 9.6596e-01
 1.439e+01 3.4060e-02 3.4060e-02 [ 2.4640e-14 5.6527e-04 2.4101e-02 9.3940e-03 ] 0.0000e+00 [ 0.0000e+00 ] 9.6594e-01
 1.451e+01 3.4075e-02 3.4075e-02 [ 1.5477e-14 5.2075e-04 2.4052e-02 9.5024e-03 ] 0.0000e+00 [ 0.0000e+00 ] 9.6592e-01
 1.462e+01 3.4082e-02 3.4082e-02 [ 9.6913e-15 4.7905e-04 2.3995e-02 9.6080e-03 ] 0.0000e+00 [ 0.0000e+00 ] 9.6592e-01
 1.473e+01 3.4080e-02 3.4080e-02 [ 6.0502e-15 4.4006e-04 2.3929e-02 9.7108e-03 ] 0.0000e+00 [ 0.0000e+00 ] 9.6592e-01
 1.485e+01 3.4071e-02 3.4071e-02 [ 3.7657e-15 4.0365e-04 2.3856e-02 9.8108e-03 ] 0.0000e+00 [ 0.0000e+00 ] 9.6593e-01
 1.496e+01 3.4053e-02 3.4053e-02 [ 2.3369e-15 3.6972e-04 2.3776e-02 9.9078e-03 ] 0.0000e+00 [ 0.0000e+00 ] 9.6595e-01
 1.507e+01 3.4028e-02 3.4028e-02 [ 1.4459e-15 3.3815e-04 2.3688e-02 1.0002e-02 ] 0.0000e+00 [ 0.0000e+00 ] 9.6597e-01
 1.519e+01 3.3995e-02 3.3995e-02 [ 8.9201e-16 3.0882e-04 2.3593e-02 1.0093e-02 ] 0.0000e+00 [ 0.0000e+00 ] 9.6601e-01
 1.530e+01 3.3955e-02 3.3955e-02 [ 5.4871e-16 2.8162e-04 2.3492e-02 1.0181e-02 ] 0.0000e+00 [ 0.0000e+00 ] 9.6605e-01
 1.541e+01 3.3907e-02 3.3907e-02 [ 3.3656e-16 2.5643e-04 2.3385e-02 1.0266e-02 ] 0.0000e+00 [ 0.0000e+00 ] 9.6609e-01
 1.553e+01 3.3853e-02 3.3853e-02 [ 2.0585e-16 2.3315e-04 2.3272e-02 1.0348e-02 ] 0.0000e+00 [ 0.0000e+00 ] 9.6615e-01
 1.564e+01 3.3792e-02 3.3792e-02 [ 1.2555e-16 2.1166e-04 2.3153e-02 1.0427e-02 ] 0.0000e+00 [ 0.0000e+00 ] 9.6621e-01
 1.575e+01 3.3724e-02 3.3724e-02 [ 7.6359e-17 1.9186e-04 2.3029e-02 1.0503e-02 ] 0.0000e+00 [ 0.0000e+00 ] 9.6628e-01
 1.587e+01 3.3650e-02 3.3650e-02 [ 4.6313e-17 1.7366e-04 2.2901e-02 1.0576e-02 ] 0.0000e+00 [ 0.0000e+00 ] 9.6635e-01
 1.598e+01 3.3571e-02 3.3571e-02 [ 2.8012e-17 1.5694e-04 2.2767e-02 1.0646e-02 ] 0.0000e+00 [ 0.0000e+00 ] 9.6643e-01
 1.609e+01 3.3485e-02 3.3485e-02 [ 1.6897e-17 1.4161e-04 2.2630e-02 1.0714e-02 ] 0.0000e+00 [ 0.0000e+00 ] 9.6652e-01
 1.621e+01 3.3394e-02 3.3394e-02 [ 1.0165e-17 1.2758e-04 2.2488e-02 1.0778e-02 ] 0.0000e+00 [ 0.0000e+00 ] 9.6661e-01
 1.632e+01 3.3297e-02 3.3297e-02 [ 6.0984e-18 1.1477e-04 2.2343e-02 1.0839e-02 ] 0.0000e+00 [ 0.0000e+00 ] 9.6670e-01
 1.643e+01 3.3195e-02 3.3195e-02 [ 3.6490e-18 1.0308e-04 2.2194e-02 1.0898e-02 ] 0.0000e+00 [ 0.0000e+00 ] 9.6680e-01
 1.655e+01 3.3089e-02 3.3089e-02 [ 2.1777e-18 9.2438e-05 2.2042e-02 1.0954e-02 ] 0.0000e+00 [ 0.0000e+00 ] 9.6691e-01
 1.666e+01 3.2978e-02 3.2978e-02 [ 1.2962e-18 8.2764e-05 2.1887e-02 1.1008e-02 ] 0.0000e+00 [ 0.0000e+00 ] 9.6702e-01
 1.677e+01 3.2862e-02 3.2862e-02 [ 7.6955e-19 7.3986e-05 2.1730e-02 1.1058e-02 ] 0.0000e+00 [ 0.0000e+00 ] 9.6714e-01
 1.689e+01 3.2742e-02 3.2742e-02 [ 4.5569e-19 6.6034e-05 2.1570e-02 1.1106e-02 ] 0.0000e+00 [ 0.0000e+00 ] 9.6726e-01
 1.700e+01 3.2619e-02 3.2619e-02 [ 2.6915e-19 5.8843e-05 2.1408e-02 1.1152e-02 ] 0.0000e+00 [ 0.0000e+00 ] 9.6738e-01
 1.711e+01 3.2491e-02 3.2491e-02 [ 1.5857e-19 5.2351e-05 2.1244e-02 1.1195e-02 ] 0.0000e+00 [ 0.0000e+00 ] 9.6751e-01
 1.723e+01 3.2360e-02 3.2360e-02 [ 9.3185e-20 4.6501e-05 2.1078e-02 1.1236e-02 ] 0.0000e+00 [ 0.0000e+00 ] 9.6764e-01
 1.734e+01 3.2226e-02 3.2226e-02 [ 5.4624e-20 4.1237e-05 2.0910e-02 1.1275e-02 ] 0.0000e+00 [ 0.0000e+00 ] 9.6777e-01
 1.745e+01 3.2088e-02 3.2088e-02 [ 3.1941e-20 3.6510e-05 2.0741e-02 1.1311e-02 ] 0.0000e+00 [ 0.0000e+00 ] 9.6791e-01
 1.757e+01 3.1947e-02 3.1947e-02 [ 1.8631e-20 3.2273e-05 2.0570e-02 1.1345e-02 ] 0.0000e+00 [ 0.0000e+00 ] 9.6805e-01
 1.768e+01 3.1804e-02 3.1804e-02 [ 1.0841e-20 2.8480e-05 2.0399e-02 1.1377e-02 ] 0.0000e+00 [ 0.0000e+00 ] 9.6820e-01
 1.779e+01 3.1658e-02 3.1658e-02 [ 6.2930e-21 2.5092e-05 2.0226e-02 1.1407e-02 ] 0.0000e+00 [ 0.0000e+00 ] 9.6834e-01
 1.791e+01 3.1509e-02 3.1509e-02 [ 3.6441e-21 2.2070e-05 2.0053e-02 1.1435e-02 ] 0.0000e+00 [ 0.0000e+00 ] 9.6849e-01
 1.802e+01 3.1359e-02 3.1359e-02 [ 2.1051e-21 1.9380e-05 1.9878e-02 1.1461e-02 ] 0.0000e+00 [ 0.0000e+00 ] 9.6864e-01
 1.813e+01 3.1206e-02 3.1206e-02 [ 1.2132e-21 1.6990e-05 1.9704e-02 1.1485e-02 ] 0.0000e+00 [ 0.0000e+00 ] 9.6879e-01
 1.825e+01 3.1050e-02 3.1050e-02 [ 6.9754e-22 1.4869e-05 1.9528e-02 1.1507e-02 ] 0.0000e+00 [ 0.0000e+00 ] 9.6895e-01
 1.836e+01 3.0893e-02 3.0893e-02 [ 4.0011e-22 1.2992e-05 1.9353e-02 1.1528e-02 ] 0.0000e+00 [ 0.0000e+00 ] 9.6911e-01
 1.847e+01 3.0735e-02 3.0735e-02 [ 2.2897e-22 1.1332e-05 1.9176e-02 1.1547e-02 ] 0.0000e+00 [ 0.0000e+00 ] 9.6927e-01
 1.859e+01 3.0574e-02 3.0574e-02 [ 1.3073e-22 9.8676e-06 1.9000e-02 1.1564e-02 ] 0.0000e+00 [ 0.0000e+00 ] 9.6943e-01
 1.870e+01 3.0412e-02 3.0412e-02 [ 7.4468e-23 8.5778e-06 1.8824e-02 1.1580e-02 ] 0.0000e+00 [ 0.0000e+00 ] 9.6959e-01
 1.881e+01 3.0249e-02 3.0249e-02 [ 4.2323e-23 7.4438e-06 1.8647e-02 1.1594e-02 ] 0.0000e+00 [ 0.0000e+00 ] 9.6975e-01
 1.893e+01 3.0084e-02 3.0084e-02 [ 2.3999e-23 6.4487e-06 1.8471e-02 1.1607e-02 ] 0.0000e+00 [ 0.0000e+00 ] 9.6992e-01
 1.904e+01 2.9919e-02 2.9919e-02 [ 1.3578e-23 5.5770e-06 1.8294e-02 1.1619e-02 ] 0.0000e+00 [ 0.0000e+00 ] 9.7008e-01
 1.915e+01 2.9752e-02 2.9752e-02 [ 7.6645e-24 4.8148e-06 1.8118e-02 1.1629e-02 ] 0.0000e+00 [ 0.0000e+00 ] 9.7025e-01
 1.927e+01 2.9583e-02 2.9583e-02 [ 4.3169e-24 4.1496e-06 1.7942e-02 1.1638e-02 ] 0.0000e+00 [ 0.0000e+00 ] 9.7042e-01
 1.938e+01 2.9414e-02 2.9414e-02 [ 2.4261e-24 3.5701e-06 1.7766e-02 1.1645e-02 ] 0.0000e+00 [ 0.0000e+00 ] 9.7059e-01
 1.949e+01 2.9244e-02 2.9244e-02 [ 1.3604e-24 3.0661e-06 1.7590e-02 1.1652e-02 ] 0.0000e+00 [ 0.0000e+00 ] 9.7076e-01
 1.961e+01 2.9074e-02 2.9074e-02 [ 7.6118e-25 2.6287e-06 1.7414e-02 1.1657e-02 ] 0.0000e+00 [ 0.0000e+00 ] 9.7093e-01
 1.972e+01 2.8902e-02 2.8902e-02 [ 4.2497e-25 2.2497e-06 1.7239e-02 1.1661e-02 ] 0.0000e+00 [ 0.0000e+00 ] 9.7110e-01
 1.983e+01 2.8730e-02 2.8730e-02 [ 2.3674e-25 1.9219e-06 1.7064e-02 1.1664e-02 ] 0.0000e+00 [ 0.0000e+00 ] 9.7127e-01
 1.995e+01 2.8557e-02 2.8557e-02 [ 1.3160e-25 1.6390e-06 1.6889e-02 1.1666e-02 ] 0.0000e+00 [ 0.0000e+00 ] 9.7144e-01
 2.006e+01 2.8383e-02 2.8383e-02 [ 7.3000e-26 1.3953e-06 1.6715e-02 1.1667e-02 ] 0.0000e+00 [ 0.0000e+00 ] 9.7162e-01
 2.017e+01 2.8209e-02 2.8209e-02 [ 4.0407e-26 1.1856e-06 1.6541e-02 1.1667e-02 ] 0.0000e+00 [ 0.0000e+00 ] 9.7179e-01
 2.029e+01 2.8035e-02 2.8035e-02 [ 2.2318e-26 1.0057e-06 1.6368e-02 1.1666e-02 ] 0.0000e+00 [ 0.0000e+00 ] 9.7197e-01
 2.040e+01 2.7860e-02 2.7860e-02 [ 1.2301e-26 8.5157e-07 1.6195e-02 1.1664e-02 ] 0.0000e+00 [ 0.0000e+00 ] 9.7214e-01
 2.051e+01 2.7684e-02 2.7684e-02 [ 6.7657e-27 7.1975e-07 1.6023e-02 1.1661e-02 ] 0.0000e+00 [ 0.0000e+00 ] 9.7232e-01
 2.063e+01 2.7509e-02 2.7509e-02 [ 3.7134e-27 6.0723e-07 1.5851e-02 1.1657e-02 ] 0.0000e+00 [ 0.0000e+00 ] 9.7249e-01
 2.074e+01 2.7332e-02 2.7332e-02 [ 2.0339e-27 5.1138e-07 1.5679e-02 1.1653e-02 ] 0.0000e+00 [ 0.0000e+00 ] 9.7267e-01
 2.085e+01 2.7156e-02 2.7156e-02 [ 1.1117e-27 4.2987e-07 1.5508e-02 1.1648e-02 ] 0.0000e+00 [ 0.0000e+00 ] 9.7284e-01
 2.097e+01 2.6979e-02 2.6979e-02 [ 6.0635e-28 3.6070e-07 1.5337e-02 1.1642e-02 ] 0.0000e+00 [ 0.0000e+00 ] 9.7302e-01
 2.108e+01 2.6802e-02 2.6802e-02 [ 3.3005e-28 3.0211e-07 1.5167e-02 1.1635e-02 ] 0.0000e+00 [ 0.0000e+00 ] 9.7320e-01
 2.119e+01 2.6625e-02 2.6625e-02 [ 1.7929e-28 2.5257e-07 1.4997e-02 1.1627e-02 ] 0.0000e+00 [ 0.0000e+00 ] 9.7338e-01
 2.131e+01 2.6447e-02 2.6447e-02 [ 9.7190e-29 2.1077e-07 1.4828e-02 1.1619e-02 ] 0.0000e+00 [ 0.0000e+00 ] 9.7355e-01
 2.142e+01 2.6269e-02 2.6269e-02 [ 5.2579e-29 1.7556e-07 1.4659e-02 1.1610e-02 ] 0.0000e+00 [ 0.0000e+00 ] 9.7373e-01
 2.153e+01 2.6091e-02 2.6091e-02 [ 2.8387e-29 1.4596e-07 1.4491e-02 1.1600e-02 ] 0.0000e+00 [ 0.0000e+00 ] 9.7391e-01
 2.165e+01 2.5913e-02 2.5913e-02 [ 1.5295e-29 1.2113e-07 1.4323e-02 1.1590e-02 ] 0.0000e+00 [ 0.0000e+00 ] 9.7409e-01
 2.176e+01 2.5735e-02 2.5735e-02 [ 8.2241e-30 1.0033e-07 1.4156e-02 1.1579e-02 ] 0.0000e+00 [ 0.0000e+00 ] 9.7427e-01
 2.187e+01 2.5556e-02 2.5556e-02 [ 4.4133e-30 8.2954e-08 1.3989e-02 1.1567e-02 ] 0.0000e+00 [ 0.0000e+00 ] 9.7444e-01
 2.199e+01 2.5378e-02 2.5378e-02 [ 2.3636e-30 6.8458e-08 1.3823e-02 1.1555e-02 ] 0.0000e+00 [ 0.0000e+00 ] 9.7462e-01
 2.210e+01 2.5199e-02 2.5199e-02 [ 1.2633e-30 5.6389e-08 1.3657e-02 1.1542e-02 ] 0.0000e+00 [ 0.0000e+00 ] 9.7480e-01
 2.221e+01 2.5020e-02 2.5020e-02 [ 6.7384e-31 4.6360e-08 1.3492e-02 1.1528e-02 ] 0.0000e+00 [ 0.0000e+00 ] 9.7498e-01
 2.233e+01 2.4841e-02 2.4841e-02 [ 3.5872e-31 3.8044e-08 1.3327e-02 1.1514e-02 ] 0.0000e+00 [ 0.0000e+00 ] 9.7516e-01
 2.244e+01 2.4662e-02 2.4662e-02 [ 1.9059e-31 3.1160e-08 1.3163e-02 1.1499e-02 ] 0.0000e+00 [ 0.0000e+00 ] 9.7534e-01
 2.255e+01 2.4483e-02 2.4483e-02 [ 1.0106e-31 2.5474e-08 1.2999e-02 1.1483e-02 ] 0.0000e+00 [ 0.0000e+00 ] 9.7552e-01
 2.267e+01 2.4303e-02 2.4303e-02 [ 5.3477e-32 2.0786e-08 1.2836e-02 1.1467e-02 ] 0.0000e+00 [ 0.0000e+00 ] 9.7570e-01
 2.278e+01 2.4123e-02 2.4123e-02 [ 2.8243e-32 1.6928e-08 1.2673e-02 1.1451e-02 ] 0.0000e+00 [ 0.0000e+00 ] 9.7588e-01
 2.289e+01 2.3944e-02 2.3944e-02 [ 1.4887e-32 1.3761e-08 1.2510e-02 1.1433e-02 ] 0.0000e+00 [ 0.0000e+00 ] 9.7606e-01
 2.301e+01 2.3764e-02 2.3764e-02 [ 7.8314e-33 1.1164e-08 1.2348e-02 1.1415e-02 ] 0.0000e+00 [ 0.0000e+00 ] 9.7624e-01
 2.312e+01 2.3584e-02 2.3584e-02 [ 4.1117e-33 9.0405e-09 1.2187e-02 1.1397e-02 ] 0.0000e+00 [ 0.0000e+00 ] 9.7642e-01
 2.323e+01 2.3404e-02 2.3404e-02 [ 2.1545e-33 7.3067e-09 1.2026e-02 1.1378e-02 ] 0.0000e+00 [ 0.0000e+00 ] 9.7660e-01
 2.335e+01 2.3223e-02 2.3223e-02 [ 1.1267e-33 5.8941e-09 1.1865e-02 1.1358e-02 ] 0.0000e+00 [ 0.0000e+00 ] 9.7678e-01
 2.346e+01 2.3043e-02 2.3043e-02 [ 5.8804e-34 4.7454e-09 1.1705e-02 1.1338e-02 ] 0.0000e+00 [ 0.0000e+00 ] 9.7696e-01
 2.357e+01 2.2862e-02 2.2862e-02 [ 3.0631e-34 3.8132e-09 1.1546e-02 1.1316e-02 ] 0.0000e+00 [ 0.0000e+00 ] 9.7714e-01
 2.369e+01 2.2681e-02 2.2681e-02 [ 1.5924e-34 3.0582e-09 1.1387e-02 1.1295e-02 ] 0.0000e+00 [ 0.0000e+00 ] 9.7732e-01
 2.380e+01 2.2500e-02 2.2500e-02 [ 8.2625e-35 2.4480e-09 1.1228e-02 1.1272e-02 ] 0.0000e+00 [ 0.0000e+00 ] 9.7750e-01
 2.391e+01 2.2319e-02 2.2319e-02 [ 4.2786e-35 1.9557e-09 1.1070e-02 1.1249e-02 ] 0.0000e+00 [ 0.0000e+00 ] 9.7768e-01
 2.403e+01 2.2137e-02 2.2137e-02 [ 2.2113e-35 1.5594e-09 1.0912e-02 1.1226e-02 ] 0.0000e+00 [ 0.0000e+00 ] 9.7786e-01
 2.414e+01 2.1956e-02 2.1956e-02 [ 1.1406e-35 1.2410e-09 1.0754e-02 1.1201e-02 ] 0.0000e+00 [ 0.0000e+00 ] 9.7804e-01
 2.425e+01 2.1774e-02 2.1774e-02 [ 5.8715e-36 9.8562e-10 1.0598e-02 1.1176e-02 ] 0.0000e+00 [ 0.0000e+00 ] 9.7823e-01
 2.437e+01 2.1591e-02 2.1591e-02 [ 3.0166e-36 7.8128e-10 1.0441e-02 1.1150e-02 ] 0.0000e+00 [ 0.0000e+00 ] 9.7841e-01
 2.448e+01 2.1409e-02 2.1409e-02 [ 1.5468e-36 6.1810e-10 1.0285e-02 1.1123e-02 ] 0.0000e+00 [ 0.0000e+00 ] 9.7859e-01
 2.459e+01 2.1226e-02 2.1226e-02 [ 7.9155e-37 4.8804e-10 1.0130e-02 1.1096e-02 ] 0.0000e+00 [ 0.0000e+00 ] 9.7877e-01
 2.471e+01 2.1042e-02 2.1042e-02 [ 4.0427e-37 3.8458e-10 9.9746e-03 1.1068e-02 ] 0.0000e+00 [ 0.0000e+00 ] 9.7896e-01
 2.482e+01 2.0859e-02 2.0859e-02 [ 2.0607e-37 3.0246e-10 9.8200e-03 1.1039e-02 ] 0.0000e+00 [ 0.0000e+00 ] 9.7914e-01
 2.493e+01 2.0675e-02 2.0675e-02 [ 1.0483e-37 2.3741e-10 9.6658e-03 1.1009e-02 ] 0.0000e+00 [ 0.0000e+00 ] 9.7933e-01
 2.505e+01 2.0490e-02 2.0490e-02 [ 5.3221e-38 1.8597e-10 9.5122e-03 1.0978e-02 ] 0.0000e+00 [ 0.0000e+00 ] 9.7951e-01
 2.516e+01 2.0305e-02 2.0305e-02 [ 2.6967e-38 1.4539e-10 9.3589e-03 1.0946e-02 ] 0.0000e+00 [ 0.0000e+00 ] 9.7969e-01
 2.527e+01 2.0120e-02 2.0120e-02 [ 1.3636e-38 1.1344e-10 9.2062e-03 1.0914e-02 ] 0.0000e+00 [ 0.0000e+00 ] 9.7988e-01
 2.539e+01 1.9934e-02 1.9934e-02 [ 6.8819e-39 8.8336e-11 9.0539e-03 1.0880e-02 ] 0.0000e+00 [ 0.0000e+00 ] 9.8007e-01
 2.550e+01 1.9748e-02 1.9748e-02 [ 3.4661e-39 6.8648e-11 8.9022e-03 1.0846e-02 ] 0.0000e+00 [ 0.0000e+00 ] 9.8025e-01
 2.561e+01 1.9561e-02 1.9561e-02 [ 1.7422e-39 5.3242e-11 8.7509e-03 1.0810e-02 ] 0.0000e+00 [ 0.0000e+00 ] 9.8044e-01
 2.573e+01 1.9373e-02 1.9373e-02 [ 8.7397e-40 4.1210e-11 8.6001e-03 1.0773e-02 ] 0.0000e+00 [ 0.0000e+00 ] 9.8063e-01
 2.584e+01 1.9185e-02 1.9185e-02 [ 4.3753e-40 3.1833e-11 8.4498e-03 1.0735e-02 ] 0.0000e+00 [ 0.0000e+00 ] 9.8081e-01
 2.595e+01 1.8997e-02 1.8997e-02 [ 2.1859e-40 2.4540e-11 8.3000e-03 1.0697e-02 ] 0.0000e+00 [ 0.0000e+00 ] 9.8100e-01
 2.607e+01 1.8807e-02 1.8807e-02 [ 1.0899e-40 1.8880e-11 8.1508e-03 1.0656e-02 ] 0.0000e+00 [ 0.0000e+00 ] 9.8119e-01
 2.618e+01 1.8617e-02 1.8617e-02 [ 5.4232e-41 1.4496e-11 8.0020e-03 1.0615e-02 ] 0.0000e+00 [ 0.0000e+00 ] 9.8138e-01
 2.629e+01 1.8426e-02 1.8426e-02 [ 2.6930e-41 1.1107e-11 7.8539e-03 1.0572e-02 ] 0.0000e+00 [ 0.0000e+00 ] 9.8157e-01
 2.641e+01 1.8235e-02 1.8235e-02 [ 1.3345e-41 8.4930e-12 7.7062e-03 1.0529e-02 ] 0.0000e+00 [ 0.0000e+00 ] 9.8177e-01
 2.652e+01 1.8042e-02 1.8042e-02 [ 6.5995e-42 6.4811e-12 7.5592e-03 1.0483e-02 ] 0.0000e+00 [ 0.0000e+00 ] 9.8196e-01
 2.663e+01 1.7849e-02 1.7849e-02 [ 3.2569e-42 4.9356e-12 7.4128e-03 1.0437e-02 ] 0.0000e+00 [ 0.0000e+00 ] 9.8215e-01
 2.675e+01 1.7655e-02 1.7655e-02 [ 1.6040e-42 3.7510e-12 7.2669e-03 1.0389e-02 ] 0.0000e+00 [ 0.0000e+00 ] 9.8234e-01
 2.686e+01 1.7461e-02 1.7461e-02 [ 7.8832e-43 2.8449e-12 7.1217e-03 1.0339e-02 ] 0.0000e+00 [ 0.0000e+00 ] 9.8254e-01
 2.697e+01 1.7265e-02 1.7265e-02 [ 3.8663e-43 2.1532e-12 6.9771e-03 1.0288e-02 ] 0.0000e+00 [ 0.0000e+00 ] 9.8274e-01
 2.709e+01 1.7068e-02 1.7068e-02 [ 1.8922e-43 1.6263e-12 6.8332e-03 1.0235e-02 ] 0.0000e+00 [ 0.0000e+00 ] 9.8293e-01
 2.720e+01 1.6871e-02 1.6871e-02 [ 9.2416e-44 1.2258e-12 6.6900e-03 1.0181e-02 ] 0.0000e+00 [ 0.0000e+00 ] 9.8313e-01
 2.731e+01 1.6672e-02 1.6672e-02 [ 4.5040e-44 9.2202e-13 6.5475e-03 1.0125e-02 ] 0.0000e+00 [ 0.0000e+00 ] 9.8333e-01
 2.743e+01 1.6473e-02 1.6473e-02 [ 2.1905e-44 6.9208e-13 6.4057e-03 1.0067e-02 ] 0.0000e+00 [ 0.0000e+00 ] 9.8353e-01
 2.754e+01 1.6272e-02 1.6272e-02 [ 1.0630e-44 5.1840e-13 6.2646e-03 1.0008e-02 ] 0.0000e+00 [ 0.0000e+00 ] 9.8373e-01
 2.765e+01 1.6071e-02 1.6071e-02 [ 5.1480e-45 3.8750e-13 6.1244e-03 9.9467e-03 ] 0.0000e+00 [ 0.0000e+00 ] 9.8393e-01
 2.777e+01 1.5869e-02 1.5869e-02 [ 2.4877e-45 2.8904e-13 5.9849e-03 9.8836e-03 ] 0.0000e+00 [ 0.0000e+00 ] 9.8413e-01
 2.788e+01 1.5665e-02 1.5665e-02 [ 1.1995e-45 2.1515e-13 5.8463e-03 9.8187e-03 ] 0.0000e+00 [ 0.0000e+00 ] 9.8433e-01
 2.799e+01 1.5460e-02 1.5460e-02 [ 5.7717e-46 1.5981e-13 5.7086e-03 9.7519e-03 ] 0.0000e+00 [ 0.0000e+00 ] 9.8454e-01
 2.811e+01 1.5255e-02 1.5255e-02 [ 2.7711e-46 1.1845e-13 5.5718e-03 9.6831e-03 ] 0.0000e+00 [ 0.0000e+00 ] 9.8475e-01
 2.822e+01 1.5048e-02 1.5048e-02 [ 1.3276e-46 8.7614e-14 5.4359e-03 9.6123e-03 ] 0.0000e+00 [ 0.0000e+00 ] 9.8495e-01
 2.833e+01 1.4840e-02 1.4840e-02 [ 6.3461e-47 6.4666e-14 5.3010e-03 9.5395e-03 ] 0.0000e+00 [ 0.0000e+00 ] 9.8516e-01
 2.845e+01 1.4632e-02 1.4632e-02 [ 3.0270e-47 4.7627e-14 5.1671e-03 9.4646e-03 ] 0.0000e+00 [ 0.0000e+00 ] 9.8537e-01
 2.856e+01 1.4422e-02 1.4422e-02 [ 1.4407e-47 3.5003e-14 5.0343e-03 9.3877e-03 ] 0.0000e+00 [ 0.0000e+00 ] 9.8558e-01
 2.867e+01 1.4211e-02 1.4211e-02 [ 6.8415e-48 2.5670e-14 4.9025e-03 9.3086e-03 ] 0.0000e+00 [ 0.0000e+00 ] 9.8579e-01
 2.879e+01 1.3999e-02 1.3999e-02 [ 3.2417e-48 1.8785e-14 4.7719e-03 9.2274e-03 ] 0.0000e+00 [ 0.0000e+00 ] 9.8600e-01
 2.890e+01 1.3786e-02 1.3786e-02 [ 1.5326e-48 1.3717e-14 4.6424e-03 9.1440e-03 ] 0.0000e+00 [ 0.0000e+00 ] 9.8621e-01
 2.901e+01 1.3573e-02 1.3573e-02 [ 7.2298e-49 9.9951e-15 4.5141e-03 9.0584e-03 ] 0.0000e+00 [ 0.0000e+00 ] 9.8643e-01
 2.913e+01 1.3358e-02 1.3358e-02 [ 3.4028e-49 7.2671e-15 4.3871e-03 8.9707e-03 ] 0.0000e+00 [ 0.0000e+00 ] 9.8664e-01
 2.924e+01 1.3142e-02 1.3142e-02 [ 1.5980e-49 5.2723e-15 4.2614e-03 8.8807e-03 ] 0.0000e+00 [ 0.0000e+00 ] 9.8686e-01
 2.935e+01 1.2926e-02 1.2926e-02 [ 7.4876e-50 3.8167e-15 4.1370e-03 8.7885e-03 ] 0.0000e+00 [ 0.0000e+00 ] 9.8707e-01
 2.947e+01 1.2708e-02 1.2708e-02 [ 3.5004e-50 2.7569e-15 4.0140e-03 8.6942e-03 ] 0.0000e+00 [ 0.0000e+00 ] 9.8729e-01
 2.958e+01 1.2490e-02 1.2490e-02 [ 1.6327e-50 1.9871e-15 3.8925e-03 8.5976e-03 ] 0.0000e+00 [ 0.0000e+00 ] 9.8751e-01
 2.969e+01 1.2271e-02 1.2271e-02 [ 7.5980e-51 1.4291e-15 3.7724e-03 8.4988e-03 ] 0.0000e+00 [ 0.0000e+00 ] 9.8773e-01
 2.981e+01 1.2052e-02 1.2052e-02 [ 3.5278e-51 1.0255e-15 3.6538e-03 8.3978e-03 ] 0.0000e+00 [ 0.0000e+00 ] 9.8795e-01
 2.992e+01 1.1832e-02 1.1832e-02 [ 1.6342e-51 7.3426e-16 3.5368e-03 8.2947e-03 ] 0.0000e+00 [ 0.0000e+00 ] 9.8817e-01
 3.003e+01 1.1611e-02 1.1611e-02 [ 7.5529e-52 5.2458e-16 3.4214e-03 8.1894e-03 ] 0.0000e+00 [ 0.0000e+00 ] 9.8839e-01
 3.015e+01 1.1390e-02 1.1390e-02 [ 3.4827e-52 3.7394e-16 3.3077e-03 8.0820e-03 ] 0.0000e+00 [ 0.0000e+00 ] 9.8861e-01
 3.026e+01 1.1168e-02 1.1168e-02 [ 1.6022e-52 2.6597e-16 3.1957e-03 7.9726e-03 ] 0.0000e+00 [ 0.0000e+00 ] 9.8883e-01
 3.037e+01 1.0946e-02 1.0946e-02 [ 7.3536e-53 1.8875e-16 3.0854e-03 7.8611e-03 ] 0.0000e+00 [ 0.0000e+00 ] 9.8905e-01
 3.049e+01 1.0725e-02 1.0725e-02 [ 3.3673e-53 1.3365e-16 2.9769e-03 7.7476e-03 ] 0.0000e+00 [ 0.0000e+00 ] 9.8928e-01
 3.060e+01 1.0502e-02 1.0502e-02 [ 1.5383e-53 9.4426e-17 2.8703e-03 7.6322e-03 ] 0.0000e+00 [ 0.0000e+00 ] 9.8950e-01
 3.071e+01 1.0280e-02 1.0280e-02 [ 7.0111e-54 6.6562e-17 2.7655e-03 7.5149e-03 ] 0.0000e+00 [ 0.0000e+00 ] 9.8972e-01
 3.083e+01 1.0058e-02 1.0058e-02 [ 3.1880e-54 4.6815e-17 2.6627e-03 7.3958e-03 ] 0.0000e+00 [ 0.0000e+00 ] 9.8994e-01
 3.094e+01 9.8367e-03 9.8367e-03 [ 1.4462e-54 3.2851e-17 2.5618e-03 7.2749e-03 ] 0.0000e+00 [ 0.0000e+00 ] 9.9016e-01
 3.105e+01 9.6153e-03 9.6153e-03 [ 6.5449e-55 2.3001e-17 2.4629e-03 7.1524e-03 ] 0.0000e+00 [ 0.0000e+00 ] 9.9038e-01
 3.117e+01 9.3943e-03 9.3943e-03 [ 2.9550e-55 1.6067e-17 2.3661e-03 7.0283e-03 ] 0.0000e+00 [ 0.0000e+00 ] 9.9061e-01
 3.128e+01 9.1740e-03 9.1740e-03 [ 1.3310e-55 1.1198e-17 2.2713e-03 6.9027e-03 ] 0.0000e+00 [ 0.0000e+00 ] 9.9083e-01
 3.139e+01 8.9542e-03 8.9542e-03 [ 5.9813e-56 7.7868e-18 2.1786e-03 6.7757e-03 ] 0.0000e+00 [ 0.0000e+00 ] 9.9105e-01
 3.151e+01 8.7353e-03 8.7353e-03 [ 2.6814e-56 5.4023e-18 2.0880e-03 6.6473e-03 ] 0.0000e+00 [ 0.0000e+00 ] 9.9126e-01
 3.162e+01 8.5174e-03 8.5174e-03 [ 1.1993e-56 3.7394e-18 1.9996e-03 6.5178e-03 ] 0.0000e+00 [ 0.0000e+00 ] 9.9148e-01
 3.173e+01 8.3005e-03 8.3005e-03 [ 5.3508e-57 2.5824e-18 1.9134e-03 6.3872e-03 ] 0.0000e+00 [ 0.0000e+00 ] 9.9170e-01
 3.185e+01 8.0849e-03 8.0849e-03 [ 2.3818e-57 1.7793e-18 1.8293e-03 6.2555e-03 ] 0.0000e+00 [ 0.0000e+00 ] 9.9192e-01
 3.196e+01 7.8705e-03 7.8705e-03 [ 1.0577e-57 1.2231e-18 1.7475e-03 6.1230e-03 ] 0.0000e+00 [ 0.0000e+00 ] 9.9213e-01
 3.207e+01 7.6577e-03 7.6577e-03 [ 4.6855e-58 8.3880e-19 1.6679e-03 5.9898e-03 ] 0.0000e+00 [ 0.0000e+00 ] 9.9234e-01
 3.219e+01 7.4465e-03 7.4465e-03 [ 2.0708e-58 5.7393e-19 1.5906e-03 5.8559e-03 ] 0.0000e+00 [ 0.0000e+00 ] 9.9255e-01
 3.230e+01 7.2370e-03 7.2370e-03 [ 9.1302e-59 3.9178e-19 1.5155e-03 5.7215e-03 ] 0.0000e+00 [ 0.0000e+00 ] 9.9276e-01
 3.241e+01 7.0294e-03 7.0294e-03 [ 4.0160e-59 2.6682e-19 1.4427e-03 5.5867e-03 ] 0.0000e+00 [ 0.0000e+00 ] 9.9297e-01
 3.253e+01 6.8238e-03 6.8238e-03 [ 1.7623e-59 1.8129e-19 1.3721e-03 5.4517e-03 ] 0.0000e+00 [ 0.0000e+00 ] 9.9318e-01
 3.264e+01 6.6203e-03 6.6203e-03 [ 7.7146e-60 1.2289e-19 1.3038e-03 5.3165e-03 ] 0.0000e+00 [ 0.0000e+00 ] 9.9338e-01
 3.275e+01 6.4191e-03 6.4191e-03 [ 3.3692e-60 8.3107e-20 1.2377e-03 5.1814e-03 ] 0.0000e+00 [ 0.0000e+00 ] 9.9358e-01
 3.287e+01 6.2203e-03 6.2203e-03 [ 1.4679e-60 5.6071e-20 1.1739e-03 5.0464e-03 ] 0.0000e+00 [ 0.0000e+00 ] 9.9378e-01
 3.298e+01 6.0240e-03 6.0240e-03 [ 6.3804e-61 3.7741e-20 1.1124e-03 4.9117e-03 ] 0.0000e+00 [ 0.0000e+00 ] 9.9398e-01
 3.309e+01 5.8304e-03 5.8304e-03 [ 2.7668e-61 2.5344e-20 1.0530e-03 4.7774e-03 ] 0.0000e+00 [ 0.0000e+00 ] 9.9417e-01
 3.321e+01 5.6395e-03 5.6395e-03 [ 1.1969e-61 1.6979e-20 9.9587e-04 4.6437e-03 ] 0.0000e+00 [ 0.0000e+00 ] 9.9436e-01
 3.332e+01 5.4515e-03 5.4515e-03 [ 5.1657e-62 1.1348e-20 9.4091e-04 4.5106e-03 ] 0.0000e+00 [ 0.0000e+00 ] 9.9455e-01
 3.343e+01 5.2665e-03 5.2665e-03 [ 2.2242e-62 7.5663e-21 8.8810e-04 4.3784e-03 ] 0.0000e+00 [ 0.0000e+00 ] 9.9473e-01
 3.355e+01 5.0845e-03 5.0845e-03 [ 9.5542e-63 5.0331e-21 8.3743e-04 4.2471e-03 ] 0.0000e+00 [ 0.0000e+00 ] 9.9492e-01
 3.366e+01 4.9057e-03 4.9057e-03 [ 4.0945e-63 3.3400e-21 7.8885e-04 4.1168e-03 ] 0.0000e+00 [ 0.0000e+00 ] 9.9509e-01
 3.377e+01 4.7302e-03 4.7302e-03 [ 1.7506e-63 2.2113e-21 7.4234e-04 3.9878e-03 ] 0.0000e+00 [ 0.0000e+00 ] 9.9527e-01
 3.389e+01 4.5580e-03 4.5580e-03 [ 7.4672e-64 1.4605e-21 6.9786e-04 3.8601e-03 ] 0.0000e+00 [ 0.0000e+00 ] 9.9544e-01
 3.400e+01 4.3892e-03 4.3892e-03 [ 3.1777e-64 9.6232e-22 6.5537e-04 3.7338e-03 ] 0.0000e+00 [ 0.0000e+00 ] 9.9561e-01
 3.411e+01 4.2239e-03 4.2239e-03 [ 1.3492e-64 6.3258e-22 6.1483e-04 3.6091e-03 ] 0.0000e+00 [ 0.0000e+00 ] 9.9578e-01
 3.423e+01 4.0622e-03 4.0622e-03 [ 5.7151e-65 4.1483e-22 5.7619e-04 3.4860e-03 ] 0.0000e+00 [ 0.0000e+00 ] 9.9594e-01
 3.434e+01 3.9041e-03 3.9041e-03 [ 2.4153e-65 2.7139e-22 5.3942e-04 3.3647e-03 ] 0.0000e+00 [ 0.0000e+00 ] 9.9610e-01
 3.445e+01 3.7497e-03 3.7497e-03 [ 1.0184e-65 1.7713e-22 5.0446e-04 3.2452e-03 ] 0.0000e+00 [ 0.0000e+00 ] 9.9625e-01
 3.457e+01 3.5990e-03 3.5990e-03 [ 4.2844e-66 1.1533e-22 4.7126e-04 3.1277e-03 ] 0.0000e+00 [ 0.0000e+00 ] 9.9640e-01
 3.468e+01 3.4521e-03 3.4521e-03 [ 1.7983e-66 7.4918e-23 4.3978e-04 3.0123e-03 ] 0.0000e+00 [ 0.0000e+00 ] 9.9655e-01
 3.479e+01 3.3089e-03 3.3089e-03 [ 7.5312e-67 4.8549e-23 4.0995e-04 2.8989e-03 ] 0.0000e+00 [ 0.0000e+00 ] 9.9669e-01
 3.491e+01 3.1695e-03 3.1695e-03 [ 3.1468e-67 3.1386e-23 3.8174e-04 2.7878e-03 ] 0.0000e+00 [ 0.0000e+00 ] 9.9683e-01
 3.502e+01 3.0340e-03 3.0340e-03 [ 1.3119e-67 2.0243e-23 3.5508e-04 2.6789e-03 ] 0.0000e+00 [ 0.0000e+00 ] 9.9697e-01
 3.513e+01 2.9023e-03 2.9023e-03 [ 5.4574e-68 1.3025e-23 3.2993e-04 2.5724e-03 ] 0.0000e+00 [ 0.0000e+00 ] 9.9710e-01
 3.525e+01 2.7745e-03 2.7745e-03 [ 2.2651e-68 8.3607e-24 3.0622e-04 2.4683e-03 ] 0.0000e+00 [ 0.0000e+00 ] 9.9723e-01
 3.536e+01 2.6505e-03 2.6505e-03 [ 9.3808e-69 5.3541e-24 2.8390e-04 2.3666e-03 ] 0.0000e+00 [ 0.0000e+00 ] 9.9735e-01
 3.547e+01 2.5303e-03 2.5303e-03 [ 3.8765e-69 3.4205e-24 2.6292e-04 2.2674e-03 ] 0.0000e+00 [ 0.0000e+00 ] 9.9747e-01
 3.559e+01 2.4139e-03 2.4139e-03 [ 1.5984e-69 2.1801e-24 2.4322e-04 2.1707e-03 ] 0.0000e+00 [ 0.0000e+00 ] 9.9759e-01
 3.570e+01 2.3013e-03 2.3013e-03 [ 6.5766e-70 1.3862e-24 2.2474e-04 2.0766e-03 ] 0.0000e+00 [ 0.0000e+00 ] 9.9770e-01
 3.581e+01 2.1925e-03 2.1925e-03 [ 2.7001e-70 8.7937e-25 2.0744e-04 1.9850e-03 ] 0.0000e+00 [ 0.0000e+00 ] 9.9781e-01
 3.593e+01 2.0874e-03 2.0874e-03 [ 1.1062e-70 5.5652e-25 1.9126e-04 1.8961e-03 ] 0.0000e+00 [ 0.0000e+00 ] 9.9791e-01
 3.604e+01 1.9859e-03 1.9859e-03 [ 4.5221e-71 3.5138e-25 1.7614e-04 1.8098e-03 ] 0.0000e+00 [ 0.0000e+00 ] 9.9801e-01
 3.615e+01 1.8882e-03 1.8882e-03 [ 1.8448e-71 2.2133e-25 1.6204e-04 1.7261e-03 ] 0.0000e+00 [ 0.0000e+00 ] 9.9811e-01
 3.627e+01 1.7940e-03 1.7940e-03 [ 7.5102e-72 1.3909e-25 1.4889e-04 1.6451e-03 ] 0.0000e+00 [ 0.0000e+00 ] 9.9821e-01
 3.638e+01 1.7033e-03 1.7033e-03 [ 3.0510e-72 8.7204e-26 1.3666e-04 1.5667e-03 ] 0.0000e+00 [ 0.0000e+00 ] 9.9830e-01
 3.649e+01 1.6162e-03 1.6162e-03 [ 1.2369e-72 5.4546e-26 1.2530e-04 1.4909e-03 ] 0.0000e+00 [ 0.0000e+00 ] 9.9838e-01
 3.661e+01 1.5324e-03 1.5324e-03 [ 5.0045e-73 3.4039e-26 1.1475e-04 1.4177e-03 ] 0.0000e+00 [ 0.0000e+00 ] 9.9847e-01
 3.672e+01 1.4520e-03 1.4520e-03 [ 2.0207e-73 2.1193e-26 1.0497e-04 1.3470e-03 ] 0.0000e+00 [ 0.0000e+00 ] 9.9855e-01
 3.683e+01 1.3749e-03 1.3749e-03 [ 8.1424e-74 1.3164e-26 9.5915e-05 1.2790e-03 ] 0.0000e+00 [ 0.0000e+00 ] 9.9863e-01
 3.695e+01 1.3010e-03 1.3010e-03 [ 3.2745e-74 8.1581e-27 8.7544e-05 1.2135e-03 ] 0.0000e+00 [ 0.0000e+00 ] 9.9870e-01
 3.706e+01 1.2302e-03 1.2302e-03 [ 1.3142e-74 5.0442e-27 7.9814e-05 1.1504e-03 ] 0.0000e+00 [ 0.0000e+00 ] 9.9877e-01
 3.717e+01 1.1626e-03 1.1626e-03 [ 5.2645e-75 3.1117e-27 7.2684e-05 1.0899e-03 ] 0.0000e+00 [ 0.0000e+00 ] 9.9884e-01
 3.729e+01 1.0978e-03 1.0978e-03 [ 2.1047e-75 1.9151e-27 6.6117e-05 1.0317e-03 ] 0.0000e+00 [ 0.0000e+00 ] 9.9890e-01
 3.740e+01 1.0360e-03 1.0360e-03 [ 8.3983e-76 1.1760e-27 6.0077e-05 9.7596e-04 ] 0.0000e+00 [ 0.0000e+00 ] 9.9896e-01
 3.751e+01 9.7706e-04 9.7706e-04 [ 3.3448e-76 7.2054e-28 5.4527e-05 9.2253e-04 ] 0.0000e+00 [ 0.0000e+00 ] 9.9902e-01
 3.763e+01 9.2082e-04 9.2082e-04 [ 1.3296e-76 4.4046e-28 4.9434e-05 8.7139e-04 ] 0.0000e+00 [ 0.0000e+00 ] 9.9908e-01
 3.774e+01 8.6724e-04 8.6724e-04 [ 5.2754e-77 2.6864e-28 4.4768e-05 8.2247e-04 ] 0.0000e+00 [ 0.0000e+00 ] 9.9913e-01
 3.785e+01 8.1623e-04 8.1623e-04 [ 2.0892e-77 1.6348e-28 4.0496e-05 7.7574e-04 ] 0.0000e+00 [ 0.0000e+00 ] 9.9918e-01
 3.797e+01 7.6772e-04 7.6772e-04 [ 8.2590e-78 9.9263e-29 3.6592e-05 7.3112e-04 ] 0.0000e+00 [ 0.0000e+00 ] 9.9923e-01
 3.808e+01 7.2161e-04 7.2161e-04 [ 3.2589e-78 6.0136e-29 3.3027e-05 6.8858e-04 ] 0.0000e+00 [ 0.0000e+00 ] 9.9928e-01
 3.819e+01 6.7782e-04 6.7782e-04 [ 1.2836e-78 3.6352e-29 2.9777e-05 6.4804e-04 ] 0.0000e+00 [ 0.0000e+00 ] 9.9932e-01
 3.831e+01 6.3627e-04 6.3627e-04 [ 5.0471e-79 2.1925e-29 2.6817e-05 6.0945e-04 ] 0.0000e+00 [ 0.0000e+00 ] 9.9936e-01
 3.842e+01 5.9687e-04 5.9687e-04 [ 1.9809e-79 1.3195e-29 2.4125e-05 5.7275e-04 ] 0.0000e+00 [ 0.0000e+00 ] 9.9940e-01
 3.853e+01 5.5955e-04 5.5955e-04 [ 7.7615e-80 7.9238e-30 2.1679e-05 5.3787e-04 ] 0.0000e+00 [ 0.0000e+00 ] 9.9944e-01
 3.865e+01 5.2422e-04 5.2422e-04 [ 3.0358e-80 4.7479e-30 1.9460e-05 5.0476e-04 ] 0.0000e+00 [ 0.0000e+00 ] 9.9948e-01
 3.876e+01 4.9080e-04 4.9080e-04 [ 1.1854e-80 2.8387e-30 1.7449e-05 4.7335e-04 ] 0.0000e+00 [ 0.0000e+00 ] 9.9951e-01
 3.887e+01 4.5922e-04 4.5922e-04 [ 4.6208e-81 1.6936e-30 1.5629e-05 4.4359e-04 ] 0.0000e+00 [ 0.0000e+00 ] 9.9954e-01
 3.899e+01 4.2939e-04 4.2939e-04 [ 1.7983e-81 1.0082e-30 1.3984e-05 4.1540e-04 ] 0.0000e+00 [ 0.0000e+00 ] 9.9957e-01
 3.910e+01 4.0124e-04 4.0124e-04 [ 6.9867e-82 5.9892e-31 1.2499e-05 3.8874e-04 ] 0.0000e+00 [ 0.0000e+00 ] 9.9960e-01
 3.921e+01 3.7469e-04 3.7469e-04 [ 2.7101e-82 3.5503e-31 1.1159e-05 3.6353e-04 ] 0.0000e+00 [ 0.0000e+00 ] 9.9963e-01
 3.933e+01 3.4968e-04 3.4968e-04 [ 1.0495e-82 2.1001e-31 9.9521e-06 3.3973e-04 ] 0.0000e+00 [ 0.0000e+00 ] 9.9965e-01
 3.944e+01 3.2613e-04 3.2613e-04 [ 4.0581e-83 1.2396e-31 8.8664e-06 3.1726e-04 ] 0.0000e+00 [ 0.0000e+00 ] 9.9967e-01
 3.955e+01 3.0397e-04 3.0397e-04 [ 1.5666e-83 7.3017e-32 7.8909e-06 2.9608e-04 ] 0.0000e+00 [ 0.0000e+00 ] 9.9970e-01
 3.967e+01 2.8314e-04 2.8314e-04 [ 6.0386e-84 4.2920e-32 7.0152e-06 2.7613e-04 ] 0.0000e+00 [ 0.0000e+00 ] 9.9972e-01
 3.978e+01 2.6357e-04 2.6357e-04 [ 2.3240e-84 2.5176e-32 6.2302e-06 2.5734e-04 ] 0.0000e+00 [ 0.0000e+00 ] 9.9974e-01
 3.989e+01 2.4520e-04 2.4520e-04 [ 8.9308e-85 1.4738e-32 5.5273e-06 2.3968e-04 ] 0.0000e+00 [ 0.0000e+00 ] 9.9975e-01
 4.001e+01 2.2797e-04 2.2797e-04 [ 3.4268e-85 8.6093e-33 4.8986e-06 2.2307e-04 ] 0.0000e+00 [ 0.0000e+00 ] 9.9977e-01
 4.012e+01 2.1182e-04 2.1182e-04 [ 1.3129e-85 5.0190e-33 4.3369e-06 2.0748e-04 ] 0.0000e+00 [ 0.0000e+00 ] 9.9979e-01
 4.023e+01 1.9669e-04 1.9669e-04 [ 5.0230e-86 2.9201e-33 3.8357e-06 1.9285e-04 ] 0.0000e+00 [ 0.0000e+00 ] 9.9980e-01
 4.035e+01 1.8252e-04 1.8252e-04 [ 1.9190e-86 1.6955e-33 3.3889e-06 1.7914e-04 ] 0.0000e+00 [ 0.0000e+00 ] 9.9982e-01
 4.046e+01 1.6928e-04 1.6928e-04 [ 7.3206e-87 9.8245e-34 2.9912e-06 1.6629e-04 ] 0.0000e+00 [ 0.0000e+00 ] 9.9983e-01
 4.057e+01 1.5690e-04 1.5690e-04 [ 2.7888e-87 5.6815e-34 2.6374e-06 1.5426e-04 ] 0.0000e+00 [ 0.0000e+00 ] 9.9984e-01
 4.069e+01 1.4533e-04 1.4533e-04 [ 1.0609e-87 3.2791e-34 2.3231e-06 1.4301e-04 ] 0.0000e+00 [ 0.0000e+00 ] 9.9985e-01
 4.080e+01 1.3454e-04 1.3454e-04 [ 4.0306e-88 1.8888e-34 2.0443e-06 1.3249e-04 ] 0.0000e+00 [ 0.0000e+00 ] 9.9987e-01
 4.091e+01 1.2447e-04 1.2447e-04 [ 1.5292e-88 1.0859e-34 1.7971e-06 1.2267e-04 ] 0.0000e+00 [ 0.0000e+00 ] 9.9988e-01
 4.103e+01 1.1508e-04 1.1508e-04 [ 5.7940e-89 6.2304e-35 1.5782e-06 1.1350e-04 ] 0.0000e+00 [ 0.0000e+00 ] 9.9988e-01
 4.114e+01 1.0634e-04 1.0634e-04 [ 2.1924e-89 3.5679e-35 1.3847e-06 1.0496e-04 ] 0.0000e+00 [ 0.0000e+00 ] 9.9989e-01
 4.125e+01 9.8206e-05 9.8206e-05 [ 8.2853e-90 2.0393e-35 1.2136e-06 9.6992e-05 ] 0.0000e+00 [ 0.0000e+00 ] 9.9990e-01
 4.137e+01 9.0638e-05 9.0638e-05 [ 3.1270e-90 1.1633e-35 1.0627e-06 8.9576e-05 ] 0.0000e+00 [ 0.0000e+00 ] 9.9991e-01
 4.148e+01 8.3604e-05 8.3604e-05 [ 1.1787e-90 6.6238e-36 9.2964e-07 8.2674e-05 ] 0.0000e+00 [ 0.0000e+00 ] 9.9992e-01
 4.159e+01 7.7069e-05 7.7069e-05 [ 4.4377e-91 3.7644e-36 8.1245e-07 7.6257e-05 ] 0.0000e+00 [ 0.0000e+00 ] 9.9992e-01
 4.171e+01 7.1004e-05 7.1004e-05 [ 1.6686e-91 2.1353e-36 7.0936e-07 7.0294e-05 ] 0.0000e+00 [ 0.0000e+00 ] 9.9993e-01
 4.182e+01 6.5377e-05 6.5377e-05 [ 6.2667e-92 1.2090e-36 6.1875e-07 6.4758e-05 ] 0.0000e+00 [ 0.0000e+00 ] 9.9993e-01
 4.193e+01 6.0161e-05 6.0161e-05 [ 2.3507e-92 6.8324e-37 5.3921e-07 5.9621e-05 ] 0.0000e+00 [ 0.0000e+00 ] 9.9994e-01
 4.205e+01 5.5328e-05 5.5328e-05 [ 8.8076e-93 3.8542e-37 4.6945e-07 5.4859e-05 ] 0.0000e+00 [ 0.0000e+00 ] 9.9994e-01
 4.216e+01 5.0854e-05 5.0854e-05 [ 3.2961e-93 2.1702e-37 4.0833e-07 5.0445e-05 ] 0.0000e+00 [ 0.0000e+00 ] 9.9995e-01
 4.227e+01 4.6714e-05 4.6714e-05 [ 1.2321e-93 1.2197e-37 3.5484e-07 4.6359e-05 ] 0.0000e+00 [ 0.0000e+00 ] 9.9995e-01
 4.239e+01 4.2887e-05 4.2887e-05 [ 4.6006e-94 6.8431e-38 3.0807e-07 4.2579e-05 ] 0.0000e+00 [ 0.0000e+00 ] 9.9996e-01
 4.250e+01 3.9350e-05 3.9350e-05 [ 1.7159e-94 3.8323e-38 2.6722e-07 3.9083e-05 ] 0.0000e+00 [ 0.0000e+00 ] 9.9996e-01
 4.261e+01 3.6084e-05 3.6084e-05 [ 6.3927e-95 2.1424e-38 2.3157e-07 3.5853e-05 ] 0.0000e+00 [ 0.0000e+00 ] 9.9996e-01
 4.273e+01 3.3070e-05 3.3070e-05 [ 2.3791e-95 1.1956e-38 2.0050e-07 3.2870e-05 ] 0.0000e+00 [ 0.0000e+00 ] 9.9997e-01
 4.284e+01 3.0291e-05 3.0291e-05 [ 8.8447e-96 6.6600e-39 1.7344e-07 3.0117e-05 ] 0.0000e+00 [ 0.0000e+00 ] 9.9997e-01
 4.295e+01 2.7729e-05 2.7729e-05 [ 3.2847e-96 3.7036e-39 1.4989e-07 2.7579e-05 ] 0.0000e+00 [ 0.0000e+00 ] 9.9997e-01
 4.307e+01 2.5369e-05 2.5369e-05 [ 1.2186e-96 2.0560e-39 1.2943e-07 2.5240e-05 ] 0.0000e+00 [ 0.0000e+00 ] 9.9997e-01
 4.318e+01 2.3197e-05 2.3197e-05 [ 4.5161e-97 1.1394e-39 1.1166e-07 2.3086e-05 ] 0.0000e+00 [ 0.0000e+00 ] 9.9998e-01
 4.329e+01 2.1199e-05 2.1199e-05 [ 1.6720e-97 6.3033e-40 9.6246e-08 2.1103e-05 ] 0.0000e+00 [ 0.0000e+00 ] 9.9998e-01
 4.341e+01 1.9362e-05 1.9362e-05 [ 6.1841e-98 3.4813e-40 8.2886e-08 1.9279e-05 ] 0.0000e+00 [ 0.0000e+00 ] 9.9998e-01
 4.352e+01 1.7675e-05 1.7675e-05 [ 2.2851e-98 1.9194e-40 7.1318e-08 1.7603e-05 ] 0.0000e+00 [ 0.0000e+00 ] 9.9998e-01
 4.363e+01 1.6125e-05 1.6125e-05 [ 8.4352e-99 1.0565e-40 6.1311e-08 1.6063e-05 ] 0.0000e+00 [ 0.0000e+00 ] 9.9998e-01
 4.375e+01 1.4703e-05 1.4703e-05 [ 3.1108e-99 5.8058e-41 5.2662e-08 1.4650e-05 ] 0.0000e+00 [ 0.0000e+00 ] 9.9999e-01
 4.386e+01 1.3398e-05 1.3398e-05 [ 1.1462e-99 3.1852e-41 4.5195e-08 1.3353e-05 ] 0.0000e+00 [ 0.0000e+00 ] 9.9999e-01
 4.397e+01 1.2203e-05 1.2203e-05 [ 4.2192e-100 1.7446e-41 3.8753e-08 1.2164e-05 ] 0.0000e+00 [ 0.0000e+00 ] 9.9999e-01
 4.409e+01 1.1108e-05 1.1108e-05 [ 1.5517e-100 9.5396e-42 3.3201e-08 1.1075e-05 ] 0.0000e+00 [ 0.0000e+00 ] 9.9999e-01
 4.420e+01 1.0106e-05 1.0106e-05 [ 5.7015e-101 5.2081e-42 2.8421e-08 1.0078e-05 ] 0.0000e+00 [ 0.0000e+00 ] 9.9999e-01
 4.431e+01 9.1891e-06 9.1891e-06 [ 2.0931e-101 2.8387e-42 2.4308e-08 9.1648e-06 ] 0.0000e+00 [ 0.0000e+00 ] 9.9999e-01
 4.443e+01 8.3507e-06 8.3507e-06 [ 7.6773e-102 1.5448e-42 2.0773e-08 8.3299e-06 ] 0.0000e+00 [ 0.0000e+00 ] 9.9999e-01
 4.454e+01 7.5846e-06 7.5846e-06 [ 2.8136e-102 8.3934e-43 1.7737e-08 7.5669e-06 ] 0.0000e+00 [ 0.0000e+00 ] 9.9999e-01
 4.465e+01 6.8850e-06 6.8850e-06 [ 1.0302e-102 4.5532e-43 1.5133e-08 6.8699e-06 ] 0.0000e+00 [ 0.0000e+00 ] 9.9999e-01
 4.477e+01 6.2465e-06 6.2465e-06 [ 3.7692e-103 2.4662e-43 1.2900e-08 6.2336e-06 ] 0.0000e+00 [ 0.0000e+00 ] 9.9999e-01
 4.488e+01 5.6641e-06 5.6641e-06 [ 1.3778e-103 1.3337e-43 1.0987e-08 5.6531e-06 ] 0.0000e+00 [ 0.0000e+00 ] 9.9999e-01
 4.499e+01 5.1332e-06 5.1332e-06 [ 5.0327e-104 7.2012e-44 9.3509e-09 5.1239e-06 ] 0.0000e+00 [ 0.0000e+00 ] 9.9999e-01
 4.511e+01 4.6495e-06 4.6495e-06 [ 1.8367e-104 3.8824e-44 7.9516e-09 4.6416e-06 ] 0.0000e+00 [ 0.0000e+00 ] 1.0000e+00
 4.522e+01 4.2091e-06 4.2091e-06 [ 6.6981e-105 2.0899e-44 6.7563e-09 4.2024e-06 ] 0.0000e+00 [ 0.0000e+00 ] 1.0000e+00
 4.533e+01 3.8083e-06 3.8083e-06 [ 2.4407e-105 1.1233e-44 5.7360e-09 3.8026e-06 ] 0.0000e+00 [ 0.0000e+00 ] 1.0000e+00
 4.545e+01 3.4439e-06 3.4439e-06 [ 8.8869e-106 6.0287e-45 4.8660e-09 3.4390e-06 ] 0.0000e+00 [ 0.0000e+00 ] 1.0000e+00
 4.556e+01 3.1126e-06 3.1126e-06 [ 3.2334e-106 3.2307e-45 4.1246e-09 3.1085e-06 ] 0.0000e+00 [ 0.0000e+00 ] 1.0000e+00
 4.567e+01 2.8116e-06 2.8116e-06 [ 1.1755e-106 1.7288e-45 3.4933e-09 2.8081e-06 ] 0.0000e+00 [ 0.0000e+00 ] 1.0000e+00
 4.579e+01 2.5384e-06 2.5384e-06 [ 4.2706e-107 9.2370e-46 2.9564e-09 2.5355e-06 ] 0.0000e+00 [ 0.0000e+00 ] 1.0000e+00
 4.590e+01 2.2905e-06 2.2905e-06 [ 1.5503e-107 4.9282e-46 2.5000e-09 2.2880e-06 ] 0.0000e+00 [ 0.0000e+00 ] 1.0000e+00
 4.601e+01 2.0657e-06 2.0657e-06 [ 5.6241e-108 2.6256e-46 2.1124e-09 2.0636e-06 ] 0.0000e+00 [ 0.0000e+00 ] 1.0000e+00
 4.613e+01 1.8620e-06 1.8620e-06 [ 2.0388e-108 1.3968e-46 1.7835e-09 1.8602e-06 ] 0.0000e+00 [ 0.0000e+00 ] 1.0000e+00
 4.624e+01 1.6774e-06 1.6774e-06 [ 7.3857e-109 7.4201e-47 1.5047e-09 1.6759e-06 ] 0.0000e+00 [ 0.0000e+00 ] 1.0000e+00
 4.635e+01 1.5104e-06 1.5104e-06 [ 2.6737e-109 3.9362e-47 1.2685e-09 1.5091e-06 ] 0.0000e+00 [ 0.0000e+00 ] 1.0000e+00
 4.647e+01 1.3592e-06 1.3592e-06 [ 9.6723e-110 2.0851e-47 1.0685e-09 1.3581e-06 ] 0.0000e+00 [ 0.0000e+00 ] 1.0000e+00
 4.658e+01 1.2225e-06 1.2225e-06 [ 3.4967e-110 1.1030e-47 8.9937e-10 1.2216e-06 ] 0.0000e+00 [ 0.0000e+00 ] 1.0000e+00
 4.669e+01 1.0990e-06 1.0990e-06 [ 1.2633e-110 5.8266e-48 7.5643e-10 1.0982e-06 ] 0.0000e+00 [ 0.0000e+00 ] 1.0000e+00
 4.681e+01 9.8743e-07 9.8743e-07 [ 4.5610e-111 3.0736e-48 6.3573e-10 9.8679e-07 ] 0.0000e+00 [ 0.0000e+00 ] 1.0000e+00
 4.692e+01 8.8672e-07 8.8672e-07 [ 1.6457e-111 1.6192e-48 5.3388e-10 8.8618e-07 ] 0.0000e+00 [ 0.0000e+00 ] 1.0000e+00
 4.703e+01 7.9585e-07 7.9585e-07 [ 5.9340e-112 8.5180e-49 4.4802e-10 7.9540e-07 ] 0.0000e+00 [ 0.0000e+00 ] 1.0000e+00
 4.715e+01 7.1392e-07 7.1392e-07 [ 2.1383e-112 4.4751e-49 3.7568e-10 7.1355e-07 ] 0.0000e+00 [ 0.0000e+00 ] 1.0000e+00
 4.726e+01 6.4009e-07 6.4009e-07 [ 7.7009e-113 2.3479e-49 3.1478e-10 6.3977e-07 ] 0.0000e+00 [ 0.0000e+00 ] 1.0000e+00
 4.737e+01 5.7359e-07 5.7359e-07 [ 2.7717e-113 1.2302e-49 2.6356e-10 5.7332e-07 ] 0.0000e+00 [ 0.0000e+00 ] 1.0000e+00
 4.749e+01 5.1372e-07 5.1372e-07 [ 9.9696e-114 6.4369e-50 2.2051e-10 5.1350e-07 ] 0.0000e+00 [ 0.0000e+00 ] 1.0000e+00
 4.760e+01 4.5986e-07 4.5986e-07 [ 3.5839e-114 3.3637e-50 1.8436e-10 4.5968e-07 ] 0.0000e+00 [ 0.0000e+00 ] 1.0000e+00
 4.771e+01 4.1144e-07 4.1144e-07 [ 1.2876e-114 1.7554e-50 1.5402e-10 4.1128e-07 ] 0.0000e+00 [ 0.0000e+00 ] 1.0000e+00
 4.783e+01 3.6792e-07 3.6792e-07 [ 4.6233e-115 9.1492e-51 1.2858e-10 3.6779e-07 ] 0.0000e+00 [ 0.0000e+00 ] 1.0000e+00
 4.794e+01 3.2883e-07 3.2883e-07 [ 1.6591e-115 4.7624e-51 1.0726e-10 3.2872e-07 ] 0.0000e+00 [ 0.0000e+00 ] 1.0000e+00
 4.805e+01 2.9373e-07 2.9373e-07 [ 5.9506e-116 2.4757e-51 8.9414e-11 2.9365e-07 ] 0.0000e+00 [ 0.0000e+00 ] 1.0000e+00
 4.817e+01 2.6225e-07 2.6225e-07 [ 2.1330e-116 1.2854e-51 7.4482e-11 2.6218e-07 ] 0.0000e+00 [ 0.0000e+00 ] 1.0000e+00
 4.828e+01 2.3402e-07 2.3402e-07 [ 7.6418e-117 6.6649e-52 6.1998e-11 2.3396e-07 ] 0.0000e+00 [ 0.0000e+00 ] 1.0000e+00
 4.839e+01 2.0872e-07 2.0872e-07 [ 2.7363e-117 3.4515e-52 5.1570e-11 2.0867e-07 ] 0.0000e+00 [ 0.0000e+00 ] 1.0000e+00
 4.851e+01 1.8606e-07 1.8606e-07 [ 9.7923e-118 1.7852e-52 4.2865e-11 1.8601e-07 ] 0.0000e+00 [ 0.0000e+00 ] 1.0000e+00
 4.862e+01 1.6577e-07 1.6577e-07 [ 3.5026e-118 9.2218e-53 3.5604e-11 1.6573e-07 ] 0.0000e+00 [ 0.0000e+00 ] 1.0000e+00
 4.873e+01 1.4762e-07 1.4762e-07 [ 1.2522e-118 4.7578e-53 2.9552e-11 1.4759e-07 ] 0.0000e+00 [ 0.0000e+00 ] 1.0000e+00
 4.885e+01 1.3138e-07 1.3138e-07 [ 4.4741e-119 2.4517e-53 2.4511e-11 1.3136e-07 ] 0.0000e+00 [ 0.0000e+00 ] 1.0000e+00
 4.896e+01 1.1688e-07 1.1688e-07 [ 1.5979e-119 1.2618e-53 2.0315e-11 1.1685e-07 ] 0.0000e+00 [ 0.0000e+00 ] 1.0000e+00
 4.907e+01 1.0392e-07 1.0392e-07 [ 5.7036e-120 6.4861e-54 1.6826e-11 1.0390e-07 ] 0.0000e+00 [ 0.0000e+00 ] 1.0000e+00
 4.919e+01 9.2345e-08 9.2345e-08 [ 2.0349e-120 3.3300e-54 1.3927e-11 9.2331e-08 ] 0.0000e+00 [ 0.0000e+00 ] 1.0000e+00
 4.930e+01 8.2020e-08 8.2020e-08 [ 7.2563e-121 1.7076e-54 1.1518e-11 8.2008e-08 ] 0.0000e+00 [ 0.0000e+00 ] 1.0000e+00
 4.941e+01 7.2812e-08 7.2812e-08 [ 2.5863e-121 8.7461e-55 9.5201e-12 7.2803e-08 ] 0.0000e+00 [ 0.0000e+00 ] 1.0000e+00
 4.953e+01 6.4605e-08 6.4605e-08 [ 9.2139e-122 4.4743e-55 7.8629e-12 6.4597e-08 ] 0.0000e+00 [ 0.0000e+00 ] 1.0000e+00
 4.964e+01 5.7293e-08 5.7293e-08 [ 3.2809e-122 2.2862e-55 6.4897e-12 5.7287e-08 ] 0.0000e+00 [ 0.0000e+00 ] 1.0000e+00
 4.975e+01 5.0783e-08 5.0783e-08 [ 1.1677e-122 1.1668e-55 5.3526e-12 5.0777e-08 ] 0.0000e+00 [ 0.0000e+00 ] 1.0000e+00
 4.987e+01 4.4989e-08 4.4989e-08 [ 4.1543e-123 5.9480e-56 4.4117e-12 4.4985e-08 ] 0.0000e+00 [ 0.0000e+00 ] 1.0000e+00
 4.998e+01 3.9836e-08 3.9836e-08 [ 1.4772e-123 3.0286e-56 3.6336e-12 3.9832e-08 ] 0.0000e+00 [ 0.0000e+00 ] 1.0000e+00
 5.009e+01 3.5255e-08 3.5255e-08 [ 5.2505e-124 1.5403e-56 2.9908e-12 3.5252e-08 ] 0.0000e+00 [ 0.0000e+00 ] 1.0000e+00
 5.021e+01 3.1185e-08 3.1185e-08 [ 1.8653e-124 7.8248e-57 2.4599e-12 3.1183e-08 ] 0.0000e+00 [ 0.0000e+00 ] 1.0000e+00
 5.032e+01 2.7571e-08 2.7571e-08 [ 6.6241e-125 3.9705e-57 2.0219e-12 2.7569e-08 ] 0.0000e+00 [ 0.0000e+00 ] 1.0000e+00
 5.043e+01 2.4363e-08 2.4363e-08 [ 2.3513e-125 2.0124e-57 1.6608e-12 2.4362e-08 ] 0.0000e+00 [ 0.0000e+00 ] 1.0000e+00
 5.055e+01 2.1518e-08 2.1518e-08 [ 8.3424e-126 1.0188e-57 1.3632e-12 2.1516e-08 ] 0.0000e+00 [ 0.0000e+00 ] 1.0000e+00
 5.066e+01 1.8995e-08 1.8995e-08 [ 2.9586e-126 5.1523e-58 1.1182e-12 1.8994e-08 ] 0.0000e+00 [ 0.0000e+00 ] 1.0000e+00
 5.077e+01 1.6759e-08 1.6759e-08 [ 1.0488e-126 2.6026e-58 9.1662e-13 1.6758e-08 ] 0.0000e+00 [ 0.0000e+00 ] 1.0000e+00
 5.089e+01 1.4779e-08 1.4779e-08 [ 3.7166e-127 1.3132e-58 7.5086e-13 1.4779e-08 ] 0.0000e+00 [ 0.0000e+00 ] 1.0000e+00
 5.100e+01 1.3027e-08 1.3027e-08 [ 1.3164e-127 6.6189e-59 6.1466e-13 1.3026e-08 ] 0.0000e+00 [ 0.0000e+00 ] 1.0000e+00
 5.111e+01 1.1476e-08 1.1476e-08 [ 4.6610e-128 3.3324e-59 5.0282e-13 1.1476e-08 ] 0.0000e+00 [ 0.0000e+00 ] 1.0000e+00
 5.123e+01 1.0105e-08 1.0105e-08 [ 1.6496e-128 1.6759e-59 4.1106e-13 1.0105e-08 ] 0.0000e+00 [ 0.0000e+00 ] 1.0000e+00
 5.134e+01 8.8932e-09 8.8932e-09 [ 5.8360e-129 8.4192e-60 3.3582e-13 8.8928e-09 ] 0.0000e+00 [ 0.0000e+00 ] 1.0000e+00
 5.145e+01 7.8227e-09 7.8227e-09 [ 2.0638e-129 4.2250e-60 2.7417e-13 7.8224e-09 ] 0.0000e+00 [ 0.0000e+00 ] 1.0000e+00
 5.157e+01 6.8777e-09 6.8777e-09 [ 7.2955e-130 2.1179e-60 2.2369e-13 6.8774e-09 ] 0.0000e+00 [ 0.0000e+00 ] 1.0000e+00
 5.168e+01 6.0437e-09 6.0437e-09 [ 2.5779e-130 1.0605e-60 1.8238e-13 6.0436e-09 ] 0.0000e+00 [ 0.0000e+00 ] 1.0000e+00
 5.179e+01 5.3083e-09 5.3083e-09 [ 9.1058e-131 5.3049e-61 1.4860e-13 5.3081e-09 ] 0.0000e+00 [ 0.0000e+00 ] 1.0000e+00
 5.191e+01 4.6599e-09 4.6599e-09 [ 3.2151e-131 2.6508e-61 1.2100e-13 4.6598e-09 ] 0.0000e+00 [ 0.0000e+00 ] 1.0000e+00
 5.202e+01 4.0888e-09 4.0888e-09 [ 1.1348e-131 1.3231e-61 9.8458e-14 4.0887e-09 ] 0.0000e+00 [ 0.0000e+00 ] 1.0000e+00
 5.213e+01 3.5858e-09 3.5858e-09 [ 4.0038e-132 6.5976e-62 8.0064e-14 3.5857e-09 ] 0.0000e+00 [ 0.0000e+00 ] 1.0000e+00
 5.225e+01 3.1431e-09 3.1431e-09 [ 1.4121e-132 3.2864e-62 6.5063e-14 3.1431e-09 ] 0.0000e+00 [ 0.0000e+00 ] 1.0000e+00
 5.236e+01 2.7537e-09 2.7537e-09 [ 4.9786e-133 1.6353e-62 5.2838e-14 2.7537e-09 ] 0.0000e+00 [ 0.0000e+00 ] 1.0000e+00
 5.247e+01 2.4114e-09 2.4114e-09 [ 1.7546e-133 8.1286e-63 4.2882e-14 2.4113e-09 ] 0.0000e+00 [ 0.0000e+00 ] 1.0000e+00
 5.259e+01 2.1105e-09 2.1105e-09 [ 6.1817e-134 4.0364e-63 3.4779e-14 2.1105e-09 ] 0.0000e+00 [ 0.0000e+00 ] 1.0000e+00
 5.270e+01 1.8463e-09 1.8463e-09 [ 2.1771e-134 2.0023e-63 2.8189e-14 1.8463e-09 ] 0.0000e+00 [ 0.0000e+00 ] 1.0000e+00
 5.281e+01 1.6143e-09 1.6143e-09 [ 7.6645e-135 9.9225e-64 2.2833e-14 1.6143e-09 ] 0.0000e+00 [ 0.0000e+00 ] 1.0000e+00
 5.293e+01 1.4108e-09 1.4108e-09 [ 2.6974e-135 4.9122e-64 1.8482e-14 1.4108e-09 ] 0.0000e+00 [ 0.0000e+00 ] 1.0000e+00
 5.304e+01 1.2323e-09 1.2323e-09 [ 9.4898e-136 2.4293e-64 1.4951e-14 1.2323e-09 ] 0.0000e+00 [ 0.0000e+00 ] 1.0000e+00
 5.315e+01 1.0759e-09 1.0759e-09 [ 3.3375e-136 1.2002e-64 1.2087e-14 1.0759e-09 ] 0.0000e+00 [ 0.0000e+00 ] 1.0000e+00
 5.327e+01 9.3888e-10 9.3888e-10 [ 1.1734e-136 5.9239e-65 9.7647e-15 9.3888e-10 ] 0.0000e+00 [ 0.0000e+00 ] 1.0000e+00
 5.338e+01 8.1890e-10 8.1890e-10 [ 4.1238e-137 2.9209e-65 7.8838e-15 8.1889e-10 ] 0.0000e+00 [ 0.0000e+00 ] 1.0000e+00
 5.349e+01 7.1389e-10 7.1389e-10 [ 1.4488e-137 1.4388e-65 6.3610e-15 7.1389e-10 ] 0.0000e+00 [ 0.0000e+00 ] 1.0000e+00
 5.361e+01 6.2205e-10 6.2205e-10 [ 5.0886e-138 7.0804e-66 5.1291e-15 6.2204e-10 ] 0.0000e+00 [ 0.0000e+00 ] 1.0000e+00
 5.372e+01 5.4175e-10 5.4175e-10 [ 1.7866e-138 3.4809e-66 4.1331e-15 5.4174e-10 ] 0.0000e+00 [ 0.0000e+00 ] 1.0000e+00
 5.383e+01 4.7158e-10 4.7158e-10 [ 6.2708e-139 1.7096e-66 3.3284e-15 4.7158e-10 ] 0.0000e+00 [ 0.0000e+00 ] 1.0000e+00
 5.395e+01 4.1030e-10 4.1030e-10 [ 2.2003e-139 8.3883e-67 2.6786e-15 4.1030e-10 ] 0.0000e+00 [ 0.0000e+00 ] 1.0000e+00
 5.406e+01 3.5681e-10 3.5681e-10 [ 7.7176e-140 4.1118e-67 2.1544e-15 3.5681e-10 ] 0.0000e+00 [ 0.0000e+00 ] 1.0000e+00
 5.417e+01 3.1014e-10 3.1014e-10 [ 2.7062e-140 2.0136e-67 1.7316e-15 3.1014e-10 ] 0.0000e+00 [ 0.0000e+00 ] 1.0000e+00
 5.429e+01 2.6944e-10 2.6944e-10 [ 9.4862e-141 9.8516e-68 1.3909e-15 2.6944e-10 ] 0.0000e+00 [ 0.0000e+00 ] 1.0000e+00
 5.440e+01 2.3397e-10 2.3397e-10 [ 3.3243e-141 4.8153e-68 1.1165e-15 2.3397e-10 ] 0.0000e+00 [ 0.0000e+00 ] 1.0000e+00
 5.451e+01 2.0307e-10 2.0307e-10 [ 1.1646e-141 2.3514e-68 8.9571e-16 2.0307e-10 ] 0.0000e+00 [ 0.0000e+00 ] 1.0000e+00
 5.463e+01 1.7617e-10 1.7617e-10 [ 4.0784e-142 1.1471e-68 7.1811e-16 1.7616e-10 ] 0.0000e+00 [ 0.0000e+00 ] 1.0000e+00
 5.474e+01 1.5275e-10 1.5275e-10 [ 1.4279e-142 5.5910e-69 5.7537e-16 1.5275e-10 ] 0.0000e+00 [ 0.0000e+00 ] 1.0000e+00
 5.485e+01 1.3238e-10 1.3238e-10 [ 4.9975e-143 2.7225e-69 4.6070e-16 1.3238e-10 ] 0.0000e+00 [ 0.0000e+00 ] 1.0000e+00
 5.497e+01 1.1467e-10 1.1467e-10 [ 1.7486e-143 1.3244e-69 3.6866e-16 1.1467e-10 ] 0.0000e+00 [ 0.0000e+00 ] 1.0000e+00
 5.508e+01 9.9286e-11 9.9286e-11 [ 6.1163e-144 6.4373e-70 2.9482e-16 9.9286e-11 ] 0.0000e+00 [ 0.0000e+00 ] 1.0000e+00
 5.519e+01 8.5922e-11 8.5922e-11 [ 2.1388e-144 3.1258e-70 2.3562e-16 8.5922e-11 ] 0.0000e+00 [ 0.0000e+00 ] 1.0000e+00
 5.531e+01 7.4320e-11 7.4320e-11 [ 7.4768e-145 1.5165e-70 1.8819e-16 7.4320e-11 ] 0.0000e+00 [ 0.0000e+00 ] 1.0000e+00
 5.542e+01 6.4254e-11 6.4254e-11 [ 2.6130e-145 7.3501e-71 1.5021e-16 6.4254e-11 ] 0.0000e+00 [ 0.0000e+00 ] 1.0000e+00
 5.553e+01 5.5524e-11 5.5524e-11 [ 9.1291e-146 3.5593e-71 1.1983e-16 5.5524e-11 ] 0.0000e+00 [ 0.0000e+00 ] 1.0000e+00
 5.565e+01 4.7958e-11 4.7958e-11 [ 3.1886e-146 1.7220e-71 9.5527e-17 4.7957e-11 ] 0.0000e+00 [ 0.0000e+00 ] 1.0000e+00
 5.576e+01 4.1402e-11 4.1402e-11 [ 1.1134e-146 8.3237e-72 7.6107e-17 4.1402e-11 ] 0.0000e+00 [ 0.0000e+00 ] 1.0000e+00
 5.587e+01 3.5725e-11 3.5725e-11 [ 3.8865e-147 4.0198e-72 6.0598e-17 3.5725e-11 ] 0.0000e+00 [ 0.0000e+00 ] 1.0000e+00
 5.599e+01 3.0812e-11 3.0812e-11 [ 1.3563e-147 1.9396e-72 4.8219e-17 3.0812e-11 ] 0.0000e+00 [ 0.0000e+00 ] 1.0000e+00
 5.610e+01 2.6562e-11 2.6562e-11 [ 4.7318e-148 9.3500e-73 3.8345e-17 2.6561e-11 ] 0.0000e+00 [ 0.0000e+00 ] 1.0000e+00
 5.621e+01 2.2887e-11 2.2887e-11 [ 1.6504e-148 4.5033e-73 3.0474e-17 2.2886e-11 ] 0.0000e+00 [ 0.0000e+00 ] 1.0000e+00
 5.633e+01 1.9710e-11 1.9710e-11 [ 5.7546e-149 2.1671e-73 2.4204e-17 1.9710e-11 ] 0.0000e+00 [ 0.0000e+00 ] 1.0000e+00
 5.644e+01 1.6967e-11 1.6967e-11 [ 2.0060e-149 1.0419e-73 1.9212e-17 1.6967e-11 ] 0.0000e+00 [ 0.0000e+00 ] 1.0000e+00
 5.655e+01 1.4598e-11 1.4598e-11 [ 6.9907e-150 5.0050e-74 1.5240e-17 1.4598e-11 ] 0.0000e+00 [ 0.0000e+00 ] 1.0000e+00
 5.667e+01 1.2555e-11 1.2555e-11 [ 2.4356e-150 2.4021e-74 1.2082e-17 1.2555e-11 ] 0.0000e+00 [ 0.0000e+00 ] 1.0000e+00
 5.678e+01 1.0792e-11 1.0792e-11 [ 8.4831e-151 1.1519e-74 9.5727e-18 1.0792e-11 ] 0.0000e+00 [ 0.0000e+00 ] 1.0000e+00
 5.689e+01 9.2718e-12 9.2718e-12 [ 2.9539e-151 5.5187e-75 7.5797e-18 9.2718e-12 ] 0.0000e+00 [ 0.0000e+00 ] 1.0000e+00
 5.701e+01 7.9622e-12 7.9622e-12 [ 1.0283e-151 2.6418e-75 5.9980e-18 7.9622e-12 ] 0.0000e+00 [ 0.0000e+00 ] 1.0000e+00
 5.712e+01 6.8344e-12 6.8344e-12 [ 3.5788e-152 1.2635e-75 4.7434e-18 6.8344e-12 ] 0.0000e+00 [ 0.0000e+00 ] 1.0000e+00
 5.723e+01 5.8635e-12 5.8635e-12 [ 1.2452e-152 6.0380e-76 3.7490e-18 5.8635e-12 ] 0.0000e+00 [ 0.0000e+00 ] 1.0000e+00
 5.735e+01 5.0281e-12 5.0281e-12 [ 4.3312e-153 2.8829e-76 2.9612e-18 5.0281e-12 ] 0.0000e+00 [ 0.0000e+00 ] 1.0000e+00
 5.746e+01 4.3097e-12 4.3097e-12 [ 1.5062e-153 1.3753e-76 2.3376e-18 4.3097e-12 ] 0.0000e+00 [ 0.0000e+00 ] 1.0000e+00
 5.757e+01 3.6922e-12 3.6922e-12 [ 5.2364e-154 6.5555e-77 1.8441e-18 3.6922e-12 ] 0.0000e+00 [ 0.0000e+00 ] 1.0000e+00
 5.769e+01 3.1617e-12 3.1617e-12 [ 1.8200e-154 3.1220e-77 1.4540e-18 3.1617e-12 ] 0.0000e+00 [ 0.0000e+00 ] 1.0000e+00
 5.780e+01 2.7061e-12 2.7061e-12 [ 6.3243e-155 1.4856e-77 1.1457e-18 2.7061e-12 ] 0.0000e+00 [ 0.0000e+00 ] 1.0000e+00
 5.791e+01 2.3151e-12 2.3151e-12 [ 2.1970e-155 7.0633e-78 9.0217e-19 2.3151e-12 ] 0.0000e+00 [ 0.0000e+00 ] 1.0000e+00
 5.803e+01 1.9796e-12 1.9796e-12 [ 7.6303e-156 3.3554e-78 7.1001e-19 1.9796e-12 ] 0.0000e+00 [ 0.0000e+00 ] 1.0000e+00
 5.814e+01 1.6920e-12 1.6920e-12 [ 2.6494e-156 1.5927e-78 5.5844e-19 1.6920e-12 ] 0.0000e+00 [ 0.0000e+00 ] 1.0000e+00
 5.825e+01 1.4454e-12 1.4454e-12 [ 9.1968e-157 7.5535e-79 4.3896e-19 1.4454e-12 ] 0.0000e+00 [ 0.0000e+00 ] 1.0000e+00
 5.837e+01 1.2342e-12 1.2342e-12 [ 3.1917e-157 3.5794e-79 3.4483e-19 1.2342e-12 ] 0.0000e+00 [ 0.0000e+00 ] 1.0000e+00
 5.848e+01 1.0534e-12 1.0534e-12 [ 1.1074e-157 1.6948e-79 2.7073e-19 1.0534e-12 ] 0.0000e+00 [ 0.0000e+00 ] 1.0000e+00
 5.859e+01 8.9863e-13 8.9863e-13 [ 3.8412e-158 8.0178e-80 2.1242e-19 8.9863e-13 ] 0.0000e+00 [ 0.0000e+00 ] 1.0000e+00
 5.871e+01 7.6625e-13 7.6625e-13 [ 1.3321e-158 3.7901e-80 1.6657e-19 7.6625e-13 ] 0.0000e+00 [ 0.0000e+00 ] 1.0000e+00
 5.882e+01 6.5306e-13 6.5306e-13 [ 4.6183e-159 1.7901e-80 1.3054e-19 6.5306e-13 ] 0.0000e+00 [ 0.0000e+00 ] 1.0000e+00
 5.893e+01 5.5633e-13 5.5633e-13 [ 1.6008e-159 8.4483e-81 1.0224e-19 5.5633e-13 ] 0.0000e+00 [ 0.0000e+00 ] 1.0000e+00
 5.905e+01 4.7371e-13 4.7371e-13 [ 5.5473e-160 3.9838e-81 8.0028e-20 4.7371e-13 ] 0.0000e+00 [ 0.0000e+00 ] 1.0000e+00
 5.916e+01 4.0317e-13 4.0317e-13 [ 1.9218e-160 1.8771e-81 6.2604e-20 4.0317e-13 ] 0.0000e+00 [ 0.0000e+00 ] 1.0000e+00
 5.927e+01 3.4297e-13 3.4297e-13 [ 6.6566e-161 8.8373e-82 4.8945e-20 3.4297e-13 ] 0.0000e+00 [ 0.0000e+00 ] 1.0000e+00
 5.939e+01 2.9162e-13 2.9162e-13 [ 2.3051e-161 4.1573e-82 3.8243e-20 2.9162e-13 ] 0.0000e+00 [ 0.0000e+00 ] 1.0000e+00
 5.950e+01 2.4785e-13 2.4785e-13 [ 7.9803e-162 1.9541e-82 2.9863e-20 2.4785e-13 ] 0.0000e+00 [ 0.0000e+00 ] 1.0000e+00
 5.961e+01 2.1055e-13 2.1055e-13 [ 2.7621e-162 9.1781e-83 2.3305e-20 2.1055e-13 ] 0.0000e+00 [ 0.0000e+00 ] 1.0000e+00
 5.973e+01 1.7878e-13 1.7878e-13 [ 9.5580e-163 4.3073e-83 1.8177e-20 1.7878e-13 ] 0.0000e+00 [ 0.0000e+00 ] 1.0000e+00
 5.984e+01 1.5173e-13 1.5173e-13 [ 3.3067e-163 2.0198e-83 1.4169e-20 1.5173e-13 ] 0.0000e+00 [ 0.0000e+00 ] 1.0000e+00
 5.995e+01 1.2872e-13 1.2872e-13 [ 1.1437e-163 9.4643e-84 1.1038e-20 1.2872e-13 ] 0.0000e+00 [ 0.0000e+00 ] 1.0000e+00
 6.007e+01 1.0914e-13 1.0914e-13 [ 3.9549e-164 4.4312e-84 8.5937e-21 1.0914e-13 ] 0.0000e+00 [ 0.0000e+00 ] 1.0000e+00
 6.018e+01 9.2500e-14 9.2500e-14 [ 1.3673e-164 2.0731e-84 6.6868e-21 9.2500e-14 ] 0.0000e+00 [ 0.0000e+00 ] 1.0000e+00
 6.029e+01 7.8360e-14 7.8360e-14 [ 4.7257e-165 9.6910e-85 5.1999e-21 7.8360e-14 ] 0.0000e+00 [ 0.0000e+00 ] 1.0000e+00
 6.041e+01 6.6351e-14 6.6351e-14 [ 1.6330e-165 4.5268e-85 4.0413e-21 6.6351e-14 ] 0.0000e+00 [ 0.0000e+00 ] 1.0000e+00
 6.052e+01 5.6157e-14 5.6157e-14 [ 5.6417e-166 2.1129e-85 3.1390e-21 5.6157e-14 ] 0.0000e+00 [ 0.0000e+00 ] 1.0000e+00
 6.063e+01 4.7506e-14 4.7506e-14 [ 1.9486e-166 9.8543e-86 2.4367e-21 4.7506e-14 ] 0.0000e+00 [ 0.0000e+00 ] 1.0000e+00
 6.075e+01 4.0170e-14 4.0170e-14 [ 6.7290e-167 4.5924e-86 1.8904e-21 4.0170e-14 ] 0.0000e+00 [ 0.0000e+00 ] 1.0000e+00
 6.086e+01 3.3951e-14 3.3951e-14 [ 2.3232e-167 2.1386e-86 1.4658e-21 3.3951e-14 ] 0.0000e+00 [ 0.0000e+00 ] 1.0000e+00
 6.097e+01 2.8682e-14 2.8682e-14 [ 8.0187e-168 9.9514e-87 1.1358e-21 2.8682e-14 ] 0.0000e+00 [ 0.0000e+00 ] 1.0000e+00
 6.109e+01 2.4219e-14 2.4219e-14 [ 2.7672e-168 4.6271e-87 8.7963e-22 2.4219e-14 ] 0.0000e+00 [ 0.0000e+00 ] 1.0000e+00
 6.120e+01 2.0441e-14 2.0441e-14 [ 9.5469e-169 2.1498e-87 6.8083e-22 2.0441e-14 ] 0.0000e+00 [ 0.0000e+00 ] 1.0000e+00
 6.131e+01 1.7245e-14 1.7245e-14 [ 3.2931e-169 9.9811e-88 5.2665e-22 1.7245e-14 ] 0.0000e+00 [ 0.0000e+00 ] 1.0000e+00
 6.143e+01 1.4542e-14 1.4542e-14 [ 1.1356e-169 4.6304e-88 4.0715e-22 1.4542e-14 ] 0.0000e+00 [ 0.0000e+00 ] 1.0000e+00
 6.154e+01 1.2257e-14 1.2257e-14 [ 3.9154e-170 2.1465e-88 3.1458e-22 1.2257e-14 ] 0.0000e+00 [ 0.0000e+00 ] 1.0000e+00
 6.165e+01 1.0326e-14 1.0326e-14 [ 1.3497e-170 9.9434e-89 2.4291e-22 1.0326e-14 ] 0.0000e+00 [ 0.0000e+00 ] 1.0000e+00
 6.177e+01 8.6953e-15 8.6953e-15 [ 4.6513e-171 4.6026e-89 1.8746e-22 8.6953e-15 ] 0.0000e+00 [ 0.0000e+00 ] 1.0000e+00
 6.188e+01 7.3189e-15 7.3189e-15 [ 1.6026e-171 2.1289e-89 1.4459e-22 7.3189e-15 ] 0.0000e+00 [ 0.0000e+00 ] 1.0000e+00
 6.199e+01 6.1575e-15 6.1575e-15 [ 5.5206e-172 9.8398e-90 1.1146e-22 6.1575e-15 ] 0.0000e+00 [ 0.0000e+00 ] 1.0000e+00
 6.211e+01 5.1781e-15 5.1781e-15 [ 1.9013e-172 4.5446e-90 8.5864e-23 5.1781e-15 ] 0.0000e+00 [ 0.0000e+00 ] 1.0000e+00
 6.222e+01 4.3524e-15 4.3524e-15 [ 6.5467e-173 2.0974e-90 6.6111e-23 4.3524e-15 ] 0.0000e+00 [ 0.0000e+00 ] 1.0000e+00
 6.233e+01 3.6568e-15 3.6568e-15 [ 2.2537e-173 9.6729e-91 5.0872e-23 3.6568e-15 ] 0.0000e+00 [ 0.0000e+00 ] 1.0000e+00
 6.245e+01 3.0709e-15 3.0709e-15 [ 7.7567e-174 4.4577e-91 3.9123e-23 3.0709e-15 ] 0.0000e+00 [ 0.0000e+00 ] 1.0000e+00
 6.256e+01 2.5778e-15 2.5778e-15 [ 2.6691e-174 2.0528e-91 3.0071e-23 2.5778e-15 ] 0.0000e+00 [ 0.0000e+00 ] 1.0000e+00
 6.267e+01 2.1628e-15 2.1628e-15 [ 9.1824e-175 9.4465e-92 2.3099e-23 2.1628e-15 ] 0.0000e+00 [ 0.0000e+00 ] 1.0000e+00
 6.279e+01 1.8139e-15 1.8139e-15 [ 3.1583e-175 4.3439e-92 1.7734e-23 1.8139e-15 ] 0.0000e+00 [ 0.0000e+00 ] 1.0000e+00
 6.290e+01 1.5205e-15 1.5205e-15 [ 1.0861e-175 1.9961e-92 1.3607e-23 1.5205e-15 ] 0.0000e+00 [ 0.0000e+00 ] 1.0000e+00
 6.301e+01 1.2740e-15 1.2740e-15 [ 3.7339e-176 9.1656e-93 1.0434e-23 1.2740e-15 ] 0.0000e+00 [ 0.0000e+00 ] 1.0000e+00
 6.313e+01 1.0670e-15 1.0670e-15 [ 1.2835e-176 4.2056e-93 7.9967e-24 1.0670e-15 ] 0.0000e+00 [ 0.0000e+00 ] 1.0000e+00
 6.324e+01 8.9322e-16 8.9322e-16 [ 4.4107e-177 1.9284e-93 6.1251e-24 8.9322e-16 ] 0.0000e+00 [ 0.0000e+00 ] 1.0000e+00
 6.335e+01 7.4740e-16 7.4740e-16 [ 1.5154e-177 8.8357e-94 4.6888e-24 7.4740e-16 ] 0.0000e+00 [ 0.0000e+00 ] 1.0000e+00
 6.347e+01 6.2511e-16 6.2511e-16 [ 5.2057e-178 4.0456e-94 3.5873e-24 6.2511e-16 ] 0.0000e+00 [ 0.0000e+00 ] 1.0000e+00
 6.358e+01 5.2260e-16 5.2260e-16 [ 1.7878e-178 1.8510e-94 2.7430e-24 5.2260e-16 ] 0.0000e+00 [ 0.0000e+00 ] 1.0000e+00
 6.369e+01 4.3669e-16 4.3669e-16 [ 6.1387e-179 8.4634e-95 2.0962e-24 4.3669e-16 ] 0.0000e+00 [ 0.0000e+00 ] 1.0000e+00
 6.381e+01 3.6475e-16 3.6475e-16 [ 2.1073e-179 3.8669e-95 1.6010e-24 3.6475e-16 ] 0.0000e+00 [ 0.0000e+00 ] 1.0000e+00
 6.392e+01 3.0452e-16 3.0452e-16 [ 7.2327e-180 1.7655e-95 1.2221e-24 3.0452e-16 ] 0.0000e+00 [ 0.0000e+00 ] 1.0000e+00
 6.403e+01 2.5412e-16 2.5412e-16 [ 2.4818e-180 8.0553e-96 9.3232e-25 2.5412e-16 ] 0.0000e+00 [ 0.0000e+00 ] 1.0000e+00
 6.415e+01 2.1197e-16 2.1197e-16 [ 8.5143e-181 3.6727e-96 7.1085e-25 2.1197e-16 ] 0.0000e+00 [ 0.0000e+00 ] 1.0000e+00
 6.426e+01 1.7673e-16 1.7673e-16 [ 2.9203e-181 1.6733e-96 5.4168e-25 1.7673e-16 ] 0.0000e+00 [ 0.0000e+00 ] 1.0000e+00
 6.437e+01 1.4729e-16 1.4729e-16 [ 1.0014e-181 7.6187e-97 4.1254e-25 1.4729e-16 ] 0.0000e+00 [ 0.0000e+00 ] 1.0000e+00
 6.449e+01 1.2269e-16 1.2269e-16 [ 3.4334e-182 3.4664e-97 3.1400e-25 1.2269e-16 ] 0.0000e+00 [ 0.0000e+00 ] 1.0000e+00
 6.460e+01 1.0216e-16 1.0216e-16 [ 1.1769e-182 1.5760e-97 2.3887e-25 1.0216e-16 ] 0.0000e+00 [ 0.0000e+00 ] 1.0000e+00
 6.471e+01 8.5021e-17 8.5021e-17 [ 4.0331e-183 7.1607e-98 1.8161e-25 8.5021e-17 ] 0.0000e+00 [ 0.0000e+00 ] 1.0000e+00
 6.483e+01 7.0729e-17 7.0729e-17 [ 1.3818e-183 3.2512e-98 1.3800e-25 7.0729e-17 ] 0.0000e+00 [ 0.0000e+00 ] 1.0000e+00
 6.494e+01 5.8813e-17 5.8813e-17 [ 4.7335e-184 1.4751e-98 1.0480e-25 5.8813e-17 ] 0.0000e+00 [ 0.0000e+00 ] 1.0000e+00
 6.505e+01 4.8883e-17 4.8883e-17 [ 1.6211e-184 6.6884e-99 7.9543e-26 4.8883e-17 ] 0.0000e+00 [ 0.0000e+00 ] 1.0000e+00
 6.517e+01 4.0611e-17 4.0611e-17 [ 5.5507e-185 3.0305e-99 6.0339e-26 4.0611e-17 ] 0.0000e+00 [ 0.0000e+00 ] 1.0000e+00
 6.528e+01 3.3724e-17 3.3724e-17 [ 1.9002e-185 1.3722e-99 4.5745e-26 3.3724e-17 ] 0.0000e+00 [ 0.0000e+00 ] 1.0000e+00
 6.539e+01 2.7993e-17 2.7993e-17 [ 6.5034e-186 6.2087e-100 3.4662e-26 2.7993e-17 ] 0.0000e+00 [ 0.0000e+00 ] 1.0000e+00
 6.551e+01 2.3225e-17 2.3225e-17 [ 2.2253e-186 2.8073e-100 2.6249e-26 2.3225e-17 ] 0.0000e+00 [ 0.0000e+00 ] 1.0000e+00
 6.562e+01 1.9261e-17 1.9261e-17 [ 7.6128e-187 1.2685e-100 1.9867e-26 1.9261e-17 ] 0.0000e+00 [ 0.0000e+00 ] 1.0000e+00
 6.573e+01 1.5966e-17 1.5966e-17 [ 2.6038e-187 5.7279e-101 1.5028e-26 1.5966e-17 ] 0.0000e+00 [ 0.0000e+00 ] 1.0000e+00
 6.585e+01 1.3229e-17 1.3229e-17 [ 8.9037e-188 2.5847e-101 1.1361e-26 1.3229e-17 ] 0.0000e+00 [ 0.0000e+00 ] 1.0000e+00
 6.596e+01 1.0957e-17 1.0957e-17 [ 3.0439e-188 1.1655e-101 8.5842e-27 1.0957e-17 ] 0.0000e+00 [ 0.0000e+00 ] 1.0000e+00
 6.607e+01 9.0706e-18 9.0706e-18 [ 1.0404e-188 5.2520e-102 6.4824e-27 9.0706e-18 ] 0.0000e+00 [ 0.0000e+00 ] 1.0000e+00
 6.619e+01 7.5058e-18 7.5058e-18 [ 3.5553e-189 2.3651e-102 4.8925e-27 7.5058e-18 ] 0.0000e+00 [ 0.0000e+00 ] 1.0000e+00
 6.630e+01 6.2082e-18 6.2082e-18 [ 1.2147e-189 1.0643e-102 3.6904e-27 6.2082e-18 ] 0.0000e+00 [ 0.0000e+00 ] 1.0000e+00
 6.641e+01 5.1327e-18 5.1327e-18 [ 4.1489e-190 4.7862e-103 2.7822e-27 5.1327e-18 ] 0.0000e+00 [ 0.0000e+00 ] 1.0000e+00
 6.653e+01 4.2416e-18 4.2416e-18 [ 1.4168e-190 2.1509e-103 2.0963e-27 4.2416e-18 ] 0.0000e+00 [ 0.0000e+00 ] 1.0000e+00
 6.664e+01 3.5037e-18 3.5037e-18 [ 4.8371e-191 9.6596e-104 1.5786e-27 3.5037e-18 ] 0.0000e+00 [ 0.0000e+00 ] 1.0000e+00
 6.675e+01 2.8929e-18 2.8929e-18 [ 1.6511e-191 4.3351e-104 1.1881e-27 2.8929e-18 ] 0.0000e+00 [ 0.0000e+00 ] 1.0000e+00
 6.687e+01 2.3875e-18 2.3875e-18 [ 5.6344e-192 1.9442e-104 8.9367e-28 2.3875e-18 ] 0.0000e+00 [ 0.0000e+00 ] 1.0000e+00
 6.698e+01 1.9696e-18 1.9696e-18 [ 1.9223e-192 8.7136e-105 6.7185e-28 1.9696e-18 ] 0.0000e+00 [ 0.0000e+00 ] 1.0000e+00
 6.709e+01 1.6241e-18 1.6241e-18 [ 6.5569e-193 3.9026e-105 5.0480e-28 1.6241e-18 ] 0.0000e+00 [ 0.0000e+00 ] 1.0000e+00
 6.721e+01 1.3386e-18 1.3386e-18 [ 2.2360e-193 1.7467e-105 3.7908e-28 1.3386e-18 ] 0.0000e+00 [ 0.0000e+00 ] 1.0000e+00
 6.732e+01 1.1028e-18 1.1028e-18 [ 7.6232e-194 7.8124e-106 2.8451e-28 1.1028e-18 ] 0.0000e+00 [ 0.0000e+00 ] 1.0000e+00
 6.743e+01 9.0818e-19 9.0818e-19 [ 2.5984e-194 3.4918e-106 2.1341e-28 9.0818e-19 ] 0.0000e+00 [ 0.0000e+00 ] 1.0000e+00
 6.755e+01 7.4756e-19 7.4756e-19 [ 8.8544e-195 1.5597e-106 1.5999e-28 7.4756e-19 ] 0.0000e+00 [ 0.0000e+00 ] 1.0000e+00
 6.766e+01 6.1508e-19 6.1508e-19 [ 3.0166e-195 6.9617e-107 1.1988e-28 6.1508e-19 ] 0.0000e+00 [ 0.0000e+00 ] 1.0000e+00
 6.777e+01 5.0586e-19 5.0586e-19 [ 1.0274e-195 3.1053e-107 8.9770e-29 5.0586e-19 ] 0.0000e+00 [ 0.0000e+00 ] 1.0000e+00
 6.789e+01 4.1585e-19 4.1585e-19 [ 3.4986e-196 1.3842e-107 6.7187e-29 4.1585e-19 ] 0.0000e+00 [ 0.0000e+00 ] 1.0000e+00
 6.800e+01 3.4171e-19 3.4171e-19 [ 1.1911e-196 6.1657e-108 5.0257e-29 3.4171e-19 ] 0.0000e+00 [ 0.0000e+00 ] 1.0000e+00
 6.811e+01 2.8067e-19 2.8067e-19 [ 4.0537e-197 2.7446e-108 3.7572e-29 2.8067e-19 ] 0.0000e+00 [ 0.0000e+00 ] 1.0000e+00
 6.823e+01 2.3043e-19 2.3043e-19 [ 1.3793e-197 1.2209e-108 2.8074e-29 2.3043e-19 ] 0.0000e+00 [ 0.0000e+00 ] 1.0000e+00
 6.834e+01 1.8910e-19 1.8910e-19 [ 4.6920e-198 5.4272e-109 2.0965e-29 1.8910e-19 ] 0.0000e+00 [ 0.0000e+00 ] 1.0000e+00
 6.845e+01 1.5511e-19 1.5511e-19 [ 1.5957e-198 2.4109e-109 1.5647e-29 1.5511e-19 ] 0.0000e+00 [ 0.0000e+00 ] 1.0000e+00
 6.857e+01 1.2718e-19 1.2718e-19 [ 5.4252e-199 1.0702e-109 1.1672e-29 1.2718e-19 ] 0.0000e+00 [ 0.0000e+00 ] 1.0000e+00
 6.868e+01 1.0424e-19 1.0424e-19 [ 1.8441e-199 4.7477e-110 8.7016e-30 1.0424e-19 ] 0.0000e+00 [ 0.0000e+00 ] 1.0000e+00
 6.879e+01 8.5393e-20 8.5393e-20 [ 6.2664e-200 2.1047e-110 6.4836e-30 8.5393e-20 ] 0.0000e+00 [ 0.0000e+00 ] 1.0000e+00
 6.891e+01 6.9925e-20 6.9925e-20 [ 2.1288e-200 9.3238e-111 4.8283e-30 6.9925e-20 ] 0.0000e+00 [ 0.0000e+00 ] 1.0000e+00
 6.902e+01 5.7235e-20 5.7235e-20 [ 7.2301e-201 4.1276e-111 3.5936e-30 5.7235e-20 ] 0.0000e+00 [ 0.0000e+00 ] 1.0000e+00
 6.913e+01 4.6828e-20 4.6828e-20 [ 2.4549e-201 1.8260e-111 2.6731e-30 4.6828e-20 ] 0.0000e+00 [ 0.0000e+00 ] 1.0000e+00
 6.925e+01 3.8296e-20 3.8296e-20 [ 8.3328e-202 8.0722e-112 1.9873e-30 3.8296e-20 ] 0.0000e+00 [ 0.0000e+00 ] 1.0000e+00
 6.936e+01 3.1305e-20 3.1305e-20 [ 2.8277e-202 3.5660e-112 1.4766e-30 3.1305e-20 ] 0.0000e+00 [ 0.0000e+00 ] 1.0000e+00
 6.947e+01 2.5580e-20 2.5580e-20 [ 9.5928e-203 1.5742e-112 1.0966e-30 2.5580e-20 ] 0.0000e+00 [ 0.0000e+00 ] 1.0000e+00
 6.959e+01 2.0892e-20 2.0892e-20 [ 3.2534e-203 6.9447e-113 8.1386e-31 2.0892e-20 ] 0.0000e+00 [ 0.0000e+00 ] 1.0000e+00
 6.970e+01 1.7057e-20 1.7057e-20 [ 1.1031e-203 3.0614e-113 6.0370e-31 1.7057e-20 ] 0.0000e+00 [ 0.0000e+00 ] 1.0000e+00
 6.981e+01 1.3919e-20 1.3919e-20 [ 3.7388e-204 1.3486e-113 4.4756e-31 1.3919e-20 ] 0.0000e+00 [ 0.0000e+00 ] 1.0000e+00
 6.993e+01 1.1354e-20 1.1354e-20 [ 1.2669e-204 5.9367e-114 3.3161e-31 1.1354e-20 ] 0.0000e+00 [ 0.0000e+00 ] 1.0000e+00
 7.004e+01 9.2574e-21 9.2574e-21 [ 4.2914e-205 2.6115e-114 2.4556e-31 9.2574e-21 ] 0.0000e+00 [ 0.0000e+00 ] 1.0000e+00
 7.015e+01 7.5448e-21 7.5448e-21 [ 1.4532e-205 1.1480e-114 1.8173e-31 7.5448e-21 ] 0.0000e+00 [ 0.0000e+00 ] 1.0000e+00
 7.027e+01 6.1465e-21 6.1465e-21 [ 4.9196e-206 5.0424e-115 1.3442e-31 6.1465e-21 ] 0.0000e+00 [ 0.0000e+00 ] 1.0000e+00
 7.038e+01 5.0051e-21 5.0051e-21 [ 1.6649e-206 2.2133e-115 9.9369e-32 5.0051e-21 ] 0.0000e+00 [ 0.0000e+00 ] 1.0000e+00
 7.049e+01 4.0740e-21 4.0740e-21 [ 5.6326e-207 9.7080e-116 7.3414e-32 4.0740e-21 ] 0.0000e+00 [ 0.0000e+00 ] 1.0000e+00
 7.061e+01 3.3146e-21 3.3146e-21 [ 1.9050e-207 4.2550e-116 5.4207e-32 3.3146e-21 ] 0.0000e+00 [ 0.0000e+00 ] 1.0000e+00
 7.072e+01 2.6957e-21 2.6957e-21 [ 6.4404e-208 1.8636e-116 4.0002e-32 2.6957e-21 ] 0.0000e+00 [ 0.0000e+00 ] 1.0000e+00
 7.083e+01 2.1914e-21 2.1914e-21 [ 2.1767e-208 8.1559e-117 2.9501e-32 2.1914e-21 ] 0.0000e+00 [ 0.0000e+00 ] 1.0000e+00
 7.095e+01 1.7806e-21 1.7806e-21 [ 7.3542e-209 3.5667e-117 2.1745e-32 1.7806e-21 ] 0.0000e+00 [ 0.0000e+00 ] 1.0000e+00
 7.106e+01 1.4463e-21 1.4463e-21 [ 2.4838e-209 1.5586e-117 1.6018e-32 1.4463e-21 ] 0.0000e+00 [ 0.0000e+00 ] 1.0000e+00
 7.117e+01 1.1742e-21 1.1742e-21 [ 8.3860e-210 6.8061e-118 1.1792e-32 1.1742e-21 ] 0.0000e+00 [ 0.0000e+00 ] 1.0000e+00
 7.129e+01 9.5291e-22 9.5291e-22 [ 2.8303e-210 2.9697e-118 8.6757e-33 9.5291e-22 ] 0.0000e+00 [ 0.0000e+00 ] 1.0000e+00
 7.140e+01 7.7300e-22 7.7300e-22 [ 9.5487e-211 1.2948e-118 6.3791e-33 7.7300e-22 ] 0.0000e+00 [ 0.0000e+00 ] 1.0000e+00
 7.151e+01 6.2678e-22 6.2678e-22 [ 3.2203e-211 5.6410e-119 4.6875e-33 6.2678e-22 ] 0.0000e+00 [ 0.0000e+00 ] 1.0000e+00
 7.163e+01 5.0801e-22 5.0801e-22 [ 1.0857e-211 2.4557e-119 3.4424e-33 5.0801e-22 ] 0.0000e+00 [ 0.0000e+00 ] 1.0000e+00
 7.174e+01 4.1157e-22 4.1157e-22 [ 3.6586e-212 1.0682e-119 2.5264e-33 4.1157e-22 ] 0.0000e+00 [ 0.0000e+00 ] 1.0000e+00
 7.185e+01 3.3330e-22 3.3330e-22 [ 1.2325e-212 4.6428e-120 1.8529e-33 3.3330e-22 ] 0.0000e+00 [ 0.0000e+00 ] 1.0000e+00
 7.197e+01 2.6980e-22 2.6980e-22 [ 4.1501e-213 2.0164e-120 1.3581e-33 2.6980e-22 ] 0.0000e+00 [ 0.0000e+00 ] 1.0000e+00
 7.208e+01 2.1830e-22 2.1830e-22 [ 1.3969e-213 8.7501e-121 9.9478e-34 2.1830e-22 ] 0.0000e+00 [ 0.0000e+00 ] 1.0000e+00
 7.219e+01 1.7656e-22 1.7656e-22 [ 4.6999e-214 3.7941e-121 7.2817e-34 1.7656e-22 ] 0.0000e+00 [ 0.0000e+00 ] 1.0000e+00
 7.231e+01 1.4274e-22 1.4274e-22 [ 1.5807e-214 1.6438e-121 5.3265e-34 1.4274e-22 ] 0.0000e+00 [ 0.0000e+00 ] 1.0000e+00
 7.242e+01 1.1535e-22 1.1535e-22 [ 5.3137e-215 7.1159e-122 3.8937e-34 1.1535e-22 ] 0.0000e+00 [ 0.0000e+00 ] 1.0000e+00
 7.253e+01 9.3175e-23 9.3175e-23 [ 1.7855e-215 3.0779e-122 2.8443e-34 9.3175e-23 ] 0.0000e+00 [ 0.0000e+00 ] 1.0000e+00
 7.265e+01 7.5232e-23 7.5232e-23 [ 5.9971e-216 1.3302e-122 2.0762e-34 7.5232e-23 ] 0.0000e+00 [ 0.0000e+00 ] 1.0000e+00
 7.276e+01 6.0719e-23 6.0719e-23 [ 2.0134e-216 5.7439e-123 1.5145e-34 6.0719e-23 ] 0.0000e+00 [ 0.0000e+00 ] 1.0000e+00
 7.287e+01 4.8985e-23 4.8985e-23 [ 6.7562e-217 2.4782e-123 1.1039e-34 4.8985e-23 ] 0.0000e+00 [ 0.0000e+00 ] 1.0000e+00
 7.299e+01 3.9502e-23 3.9502e-23 [ 2.2661e-217 1.0683e-123 8.0408e-35 3.9502e-23 ] 0.0000e+00 [ 0.0000e+00 ] 1.0000e+00
 7.310e+01 3.1841e-23 3.1841e-23 [ 7.5970e-218 4.6010e-124 5.8522e-35 3.1841e-23 ] 0.0000e+00 [ 0.0000e+00 ] 1.0000e+00
 7.321e+01 2.5656e-23 2.5656e-23 [ 2.5456e-218 1.9799e-124 4.2561e-35 2.5656e-23 ] 0.0000e+00 [ 0.0000e+00 ] 1.0000e+00
 7.333e+01 2.0663e-23 2.0663e-23 [ 8.5256e-219 8.5122e-125 3.0928e-35 2.0663e-23 ] 0.0000e+00 [ 0.0000e+00 ] 1.0000e+00
 7.344e+01 1.6635e-23 1.6635e-23 [ 2.8538e-219 3.6564e-125 2.2457e-35 1.6635e-23 ] 0.0000e+00 [ 0.0000e+00 ] 1.0000e+00
 7.355e+01 1.3386e-23 1.3386e-23 [ 9.5479e-220 1.5691e-125 1.6292e-35 1.3386e-23 ] 0.0000e+00 [ 0.0000e+00 ] 1.0000e+00
 7.367e+01 1.0768e-23 1.0768e-23 [ 3.1927e-220 6.7278e-126 1.1810e-35 1.0768e-23 ] 0.0000e+00 [ 0.0000e+00 ] 1.0000e+00
 7.378e+01 8.6578e-24 8.6578e-24 [ 1.0670e-220 2.8819e-126 8.5538e-36 8.6578e-24 ] 0.0000e+00 [ 0.0000e+00 ] 1.0000e+00
 7.389e+01 6.9584e-24 6.9584e-24 [ 3.5638e-221 1.2333e-126 6.1898e-36 6.9584e-24 ] 0.0000e+00 [ 0.0000e+00 ] 1.0000e+00
 7.401e+01 5.5902e-24 5.5902e-24 [ 1.1896e-221 5.2727e-127 4.4751e-36 5.5902e-24 ] 0.0000e+00 [ 0.0000e+00 ] 1.0000e+00
 7.412e+01 4.4892e-24 4.4892e-24 [ 3.9688e-222 2.2521e-127 3.2324e-36 4.4892e-24 ] 0.0000e+00 [ 0.0000e+00 ] 1.0000e+00
 7.423e+01 3.6035e-24 3.6035e-24 [ 1.3233e-222 9.6093e-128 2.3326e-36 3.6035e-24 ] 0.0000e+00 [ 0.0000e+00 ] 1.0000e+00
 7.435e+01 2.8913e-24 2.8913e-24 [ 4.4091e-223 4.0961e-128 1.6816e-36 2.8913e-24 ] 0.0000e+00 [ 0.0000e+00 ] 1.0000e+00
 7.446e+01 2.3189e-24 2.3189e-24 [ 1.4682e-223 1.7442e-128 1.2111e-36 2.3189e-24 ] 0.0000e+00 [ 0.0000e+00 ] 1.0000e+00
 7.457e+01 1.8591e-24 1.8591e-24 [ 4.8855e-224 7.4193e-129 8.7139e-37 1.8591e-24 ] 0.0000e+00 [ 0.0000e+00 ] 1.0000e+00
 7.469e+01 1.4898e-24 1.4898e-24 [ 1.6246e-224 3.1526e-129 6.2629e-37 1.4898e-24 ] 0.0000e+00 [ 0.0000e+00 ] 1.0000e+00
 7.480e+01 1.1934e-24 1.1934e-24 [ 5.3985e-225 1.3381e-129 4.4964e-37 1.1934e-24 ] 0.0000e+00 [ 0.0000e+00 ] 1.0000e+00
 7.491e+01 9.5555e-25 9.5555e-25 [ 1.7926e-225 5.6736e-130 3.2246e-37 9.5555e-25 ] 0.0000e+00 [ 0.0000e+00 ] 1.0000e+00
 7.503e+01 7.6479e-25 7.6479e-25 [ 5.9480e-226 2.4028e-130 2.3099e-37 7.6479e-25 ] 0.0000e+00 [ 0.0000e+00 ] 1.0000e+00
 7.514e+01 6.1185e-25 6.1185e-25 [ 1.9721e-226 1.0164e-130 1.6527e-37 6.1185e-25 ] 0.0000e+00 [ 0.0000e+00 ] 1.0000e+00
 7.525e+01 4.8930e-25 4.8930e-25 [ 6.5331e-227 4.2946e-131 1.1811e-37 4.8930e-25 ] 0.0000e+00 [ 0.0000e+00 ] 1.0000e+00
 7.537e+01 3.9113e-25 3.9113e-25 [ 2.1625e-227 1.8123e-131 8.4295e-38 3.9113e-25 ] 0.0000e+00 [ 0.0000e+00 ] 1.0000e+00
 7.548e+01 3.1252e-25 3.1252e-25 [ 7.1517e-228 7.6386e-132 6.0086e-38 3.1252e-25 ] 0.0000e+00 [ 0.0000e+00 ] 1.0000e+00
 7.559e+01 2.4961e-25 2.4961e-25 [ 2.3631e-228 3.2154e-132 4.2773e-38 2.4961e-25 ] 0.0000e+00 [ 0.0000e+00 ] 1.0000e+00
 7.571e+01 1.9928e-25 1.9928e-25 [ 7.8007e-229 1.3517e-132 3.0406e-38 1.9928e-25 ] 0.0000e+00 [ 0.0000e+00 ] 1.0000e+00
 7.582e+01 1.5903e-25 1.5903e-25 [ 2.5726e-229 5.6748e-133 2.1584e-38 1.5903e-25 ] 0.0000e+00 [ 0.0000e+00 ] 1.0000e+00
 7.593e+01 1.2685e-25 1.2685e-25 [ 8.4755e-230 2.3791e-133 1.5299e-38 1.2685e-25 ] 0.0000e+00 [ 0.0000e+00 ] 1.0000e+00
 7.605e+01 1.0115e-25 1.0115e-25 [ 2.7893e-230 9.9596e-134 1.0828e-38 1.0115e-25 ] 0.0000e+00 [ 0.0000e+00 ] 1.0000e+00
 7.616e+01 8.0614e-26 8.0614e-26 [ 9.1694e-231 4.1633e-134 7.6508e-39 8.0614e-26 ] 0.0000e+00 [ 0.0000e+00 ] 1.0000e+00
 7.627e+01 6.4221e-26 6.4221e-26 [ 3.0108e-231 1.7376e-134 5.3971e-39 6.4221e-26 ] 0.0000e+00 [ 0.0000e+00 ] 1.0000e+00
 7.639e+01 5.1140e-26 5.1140e-26 [ 9.8739e-232 7.2407e-135 3.8008e-39 5.1140e-26 ] 0.0000e+00 [ 0.0000e+00 ] 1.0000e+00
 7.650e+01 4.0704e-26 4.0704e-26 [ 3.2340e-232 3.0122e-135 2.6717e-39 4.0704e-26 ] 0.0000e+00 [ 0.0000e+00 ] 1.0000e+00
 7.661e+01 3.2384e-26 3.2384e-26 [ 1.0578e-232 1.2509e-135 1.8746e-39 3.2384e-26 ] 0.0000e+00 [ 0.0000e+00 ] 1.0000e+00
 7.673e+01 2.5752e-26 2.5752e-26 [ 3.4548e-233 5.1855e-136 1.3127e-39 2.5752e-26 ] 0.0000e+00 [ 0.0000e+00 ] 1.0000e+00
 7.684e+01 2.0468e-26 2.0468e-26 [ 1.1266e-233 2.1455e-136 9.1732e-40 2.0468e-26 ] 0.0000e+00 [ 0.0000e+00 ] 1.0000e+00
 7.695e+01 1.6261e-26 1.6261e-26 [ 3.6681e-234 8.8593e-137 6.3964e-40 1.6261e-26 ] 0.0000e+00 [ 0.0000e+00 ] 1.0000e+00
 7.707e+01 1.2911e-26 1.2911e-26 [ 1.1922e-234 3.6505e-137 4.4500e-40 1.2911e-26 ] 0.0000e+00 [ 0.0000e+00 ] 1.0000e+00
 7.718e+01 1.0246e-26 1.0246e-26 [ 3.8676e-235 1.5009e-137 3.0885e-40 1.0246e-26 ] 0.0000e+00 [ 0.0000e+00 ] 1.0000e+00
 7.729e+01 8.1261e-27 8.1261e-27 [ 1.2522e-235 6.1561e-138 2.1380e-40 8.1261e-27 ] 0.0000e+00 [ 0.0000e+00 ] 1.0000e+00
 7.741e+01 6.4407e-27 6.4407e-27 [ 4.0455e-236 2.5187e-138 1.4760e-40 6.4407e-27 ] 0.0000e+00 [ 0.0000e+00 ] 1.0000e+00
 7.752e+01 5.1012e-27 5.1012e-27 [ 1.3039e-236 1.0277e-138 1.0160e-40 5.1012e-27 ] 0.0000e+00 [ 0.0000e+00 ] 1.0000e+00
 7.763e+01 4.0371e-27 4.0371e-27 [ 4.1922e-237 4.1814e-139 6.9724e-41 4.0371e-27 ] 0.0000e+00 [ 0.0000e+00 ] 1.0000e+00
 7.775e+01 3.1921e-27 3.1921e-27 [ 1.3441e-237 1.6960e-139 4.7687e-41 3.1921e-27 ] 0.0000e+00 [ 0.0000e+00 ] 1.0000e+00
 7.786e+01 2.5214e-27 2.5214e-27 [ 4.2965e-238 6.8553e-140 3.2496e-41 2.5214e-27 ] 0.0000e+00 [ 0.0000e+00 ] 1.0000e+00
 7.797e+01 1.9891e-27 1.9891e-27 [ 1.3688e-238 2.7607e-140 2.2057e-41 1.9891e-27 ] 0.0000e+00 [ 0.0000e+00 ] 1.0000e+00
 7.809e+01 1.5670e-27 1.5670e-27 [ 4.3444e-239 1.1073e-140 1.4906e-41 1.5670e-27 ] 0.0000e+00 [ 0.0000e+00 ] 1.0000e+00
 7.820e+01 1.2322e-27 1.2322e-27 [ 1.3732e-239 4.4208e-141 1.0026e-41 1.2322e-27 ] 0.0000e+00 [ 0.0000e+00 ] 1.0000e+00
 7.831e+01 9.6689e-28 9.6689e-28 [ 4.3198e-240 1.7561e-141 6.7070e-42 9.6689e-28 ] 0.0000e+00 [ 0.0000e+00 ] 1.0000e+00
 7.843e+01 7.5659e-28 7.5659e-28 [ 1.3517e-240 6.9360e-142 4.4599e-42 7.5659e-28 ] 0.0000e+00 [ 0.0000e+00 ] 1.0000e+00
 7.854e+01 5.8993e-28 5.8993e-28 [ 4.2032e-241 2.7216e-142 2.9453e-42 5.8993e-28 ] 0.0000e+00 [ 0.0000e+00 ] 1.0000e+00
 7.865e+01 4.5786e-28 4.5786e-28 [ 1.2977e-241 1.0598e-142 1.9295e-42 4.5786e-28 ] 0.0000e+00 [ 0.0000e+00 ] 1.0000e+00
 7.877e+01 3.5316e-28 3.5316e-28 [ 3.9721e-242 4.0905e-143 1.2522e-42 3.5316e-28 ] 0.0000e+00 [ 0.0000e+00 ] 1.0000e+00
 7.888e+01 2.7012e-28 2.7012e-28 [ 1.2034e-242 1.5620e-143 8.0341e-43 2.7012e-28 ] 0.0000e+00 [ 0.0000e+00 ] 1.0000e+00
 7.899e+01 2.0419e-28 2.0419e-28 [ 3.5997e-243 5.8876e-144 5.0812e-43 2.0419e-28 ] 0.0000e+00 [ 0.0000e+00 ] 1.0000e+00
 7.911e+01 1.5178e-28 1.5178e-28 [ 1.0597e-243 2.1831e-144 3.1543e-43 1.5178e-28 ] 0.0000e+00 [ 0.0000e+00 ] 1.0000e+00
 7.922e+01 1.1007e-28 1.1007e-28 [ 3.0552e-244 7.9246e-145 1.9088e-43 1.1007e-28 ] 0.0000e+00 [ 0.0000e+00 ] 1.0000e+00
 7.933e+01 7.6865e-29 7.6865e-29 [ 8.5613e-245 2.7946e-145 1.1129e-43 7.6865e-29 ] 0.0000e+00 [ 0.0000e+00 ] 1.0000e+00
 7.945e+01 5.0534e-29 5.0534e-29 [ 2.3022e-245 9.4490e-146 6.1195e-44 5.0534e-29 ] 0.0000e+00 [ 0.0000e+00 ] 1.0000e+00
 7.956e+01 2.9946e-29 2.9946e-29 [ 5.7957e-246 2.9819e-146 3.0396e-44 2.9946e-29 ] 0.0000e+00 [ 0.0000e+00 ] 1.0000e+00
 7.967e+01 1.4502e-29 1.4502e-29 [ 1.2836e-246 8.1786e-147 1.2312e-44 1.4502e-29 ] 0.0000e+00 [ 0.0000e+00 ] 1.0000e+00
 7.979e+01 4.2318e-30 4.2318e-30 [ 1.9374e-247 1.4657e-147 2.9064e-45 4.2318e-30 ] 0.0000e+00 [ 0.0000e+00 ] 1.0000e+00
 7.990e+01 0.0000e+00 0.0000e+00 [ 0.0000e+00 0.0000e+00 0.0000e+00 0.0000e+00 ] 0.0000e+00 [ 0.0000e+00 ] 1.0000e+00
