 0.000e+00 0.0000e+00 0.0000e+00 [ 0.0000e+00 0.0000e+00 0.0000e+00 0.0000e+00 ] 0.0000e+00 [ 0.0000e+00 ] 1.0000e+00
 1.133e-01 5.3280e-03 5.3280e-03 [ 4.9934e-03 2.0348e-04 1.0417e-04 2.6967e-05 ] 0.0000e+00 [ 0.0000e+00 ] 9.9467e-01
 2.267e-01 1.0221e-02 1.0221e-02 [ 8.8985e-03 8.0147e-04 4.1434e-04 1.0630e-04 ] 0.0000e+00 [ 0.0000e+00 ] 9.8978e-01
 3.400e-01 1.4932e-02 1.4932e-02 [ 1.2018e-02 1.7560e-03 9.2261e-04 2.3523e-04 ] 0.0000e+00 [ 0.0000e+00 ] 9.8507e-01
 4.533e-01 1.9555e-02 1.9555e-02 [ 1.4525e-02 3.0055e-03 1.6146e-03 4.1022e-04 ] 0.0000e+00 [ 0.0000e+00 ] 9.8044e-01
 5.667e-01 2.4095e-02 2.4095e-02 [ 1.6529e-02 4.4698e-03 2.4691e-03 6.2678e-04 ] 0.0000e+00 [ 0.0000e+00 ] 9.7590e-01
 6.800e-01 2.8497e-02 2.8497e-02 [ 1.8099e-02 6.0588e-03 3.4592e-03 8.7944e-04 ] 0.0000e+00 [ 0.0000e+00 ] 9.7150e-01
 7.933e-01 3.2671e-02 3.2671e-02 [ 1.9276e-02 7.6802e-03 4.5526e-03 1.1619e-03 ] 0.0000e+00 [ 0.0000e+00 ] 9.6733e-01
 9.067e-01 3.6516e-02 3.6516e-02 [ 2.0086e-02 9.2491e-03 5.7141e-03 1.4670e-03 ] 0.0000e+00 [ 0.0000e+00 ] 9.6348e-01
 1.020e+00 3.9941e-02 3.9941e-02 [ 2.0553e-02 1.0694e-02 6.9069e-03 1.7871e-03 ] 0.0000e+00 [ 0.0000e+00 ] 9.6006e-01
 1.133e+00 4.2870e-02 4.2870e-02 [ 2.0699e-02 1.1961e-02 8.0953e-03 2.1147e-03 ] 0.0000e+00 [ 0.0000e+00 ] 9.5713e-01
 1.247e+00 4.5258e-02 4.5258e-02 [ 2.0554e-02 1.3016e-02 9.2459e-03 2.4419e-03 ] 0.0000e+00 [ 0.0000e+00 ] 9.5474e-01
 1.360e+00 4.7087e-02 4.7087e-02 [ 2.0150e-02 1.3846e-02 1.0330e-02 2.7618e-03 ] 0.0000e+00 [ 0.0000e+00 ] 9.5291e-01
 1.473e+00 4.8370e-02 4.8370e-02 [ 1.9526e-02 1.4452e-02 1.1324e-02 3.0679e-03 ] 0.0000e+00 [ 0.0000e+00 ] 9.5163e-01
 1.587e+00 4.9143e-02 4.9143e-02 [ 1.8727e-02 1.4849e-02 1.2212e-02 3.3550e-03 ] 0.0000e+00 [ 0.0000e+00 ] 9.5086e-01
 1.700e+00 4.9458e-02 4.9458e-02 [ 1.7796e-02 1.5063e-02 1.2981e-02 3.6188e-03 ] 0.0000e+00 [ 0.0000e+00 ] 9.5054e-01
 1.813e+00 4.9382e-02 4.9382e-02 [ 1.6775e-02 1.5123e-02 1.3628e-02 3.8563e-03 ] 0.0000e+00 [ 0.0000e+00 ] 9.5062e-01
 1.927e+00 4.8982e-02 4.8982e-02 [ 1.5704e-02 1.5060e-02 1.4152e-02 4.0655e-03 ] 0.0000e+00 [ 0.0000e+00 ] 9.5102e-01
 2.040e+00 4.8327e-02 4.8327e-02 [ 1.4617e-02 1.4906e-02 1.4559e-02 4.2457e-03 ] 0.0000e+00 [ 0.0000e+00 ] 9.5167e-01
 2.153e+00 4.7482e-02 4.7482e-02 [ 1.3541e-02 1.4689e-02 1.4856e-02 4.3969e-03 ] 0.0000e+00 [ 0.0000e+00 ] 9.5252e-01
 2.267e+00 4.6503e-02 4.6503e-02 [ 1.2497e-02 1.4433e-02 1.5053e-02 4.5199e-03 ] 0.0000e+00 [ 0.0000e+00 ] 9.5350e-01
 2.380e+00 4.5438e-02 4.5438e-02 [ 1.1500e-02 1.4159e-02 1.5163e-02 4.6161e-03 ] 0.0000e+00 [ 0.0000e+00 ] 9.5456e-01
 2.493e+00 4.4326e-02 4.4326e-02 [ 1.0560e-02 1.3882e-02 1.5196e-02 4.6873e-03 ] 0.0000e+00 [ 0.0000e+00 ] 9.5567e-01
 2.607e+00 4.3199e-02 4.3199e-02 [ 9.6815e-03 1.3615e-02 1.5167e-02 4.7357e-03 ] 0.0000e+00 [ 0.0000e+00 ] 9.5680e-01
 2.720e+00 4.2079e-02 4.2079e-02 [ 8.8651e-03 1.3366e-02 1.5085e-02 4.7636e-03 ] 0.0000e+00 [ 0.0000e+00 ] 9.5792e-01
 2.833e+00 4.0985e-02 4.0985e-02 [ 8.1101e-03 1.3139e-02 1.4962e-02 4.7733e-03 ] 0.0000e+00 [ 0.0000e+00 ] 9.5902e-01
 2.947e+00 3.9928e-02 3.9928e-02 [ 7.4133e-03 1.2938e-02 1.4809e-02 4.7671e-03 ] 0.0000e+00 [ 0.0000e+00 ] 9.6007e-01
 3.060e+00 3.8916e-02 3.8916e-02 [ 6.7709e-03 1.2763e-02 1.4635e-02 4.7473e-03 ] 0.0000e+00 [ 0.0000e+00 ] 9.6108e-01
 3.173e+00 3.7954e-02 3.7954e-02 [ 6.1786e-03 1.2614e-02 1.4446e-02 4.7160e-03 ] 0.0000e+00 [ 0.0000e+00 ] 9.6205e-01
 3.287e+00 3.7045e-02 3.7045e-02 [ 5.6321e-03 1.2488e-02 1.4250e-02 4.6753e-03 ] 0.0000e+00 [ 0.0000e+00 ] 9.6295e-01
 3.400e+00 3.6191e-02 3.6191e-02 [ 5.1275e-03 1.2384e-02 1.4053e-02 4.6269e-03 ] 0.0000e+00 [ 0.0000e+00 ] 9.6381e-01
 3.513e+00 3.5391e-02 3.5391e-02 [ 4.6609e-03 1.2298e-02 1.3859e-02 4.5727e-03 ] 0.0000e+00 [ 0.0000e+00 ] 9.6461e-01
 3.627e+00 3.4644e-02 3.4644e-02 [ 4.2293e-03 1.2227e-02 1.3673e-02 4.5141e-03 ] 0.0000e+00 [ 0.0000e+00 ] 9.6536e-01
 3.740e+00 3.3949e-02 3.3949e-02 [ 3.8297e-03 1.2169e-02 1.3498e-02 4.4525e-03 ] 0.0000e+00 [ 0.0000e+00 ] 9.6605e-01
 3.853e+00 3.3305e-02 3.3305e-02 [ 3.4598e-03 1.2120e-02 1.3336e-02 4.3891e-03 ] 0.0000e+00 [ 0.0000e+00 ] 9.6669e-01
 3.967e+00 3.2710e-02 3.2710e-02 [ 3.1176e-03 1.2077e-02 1.3190e-02 4.3250e-03 ] 0.0000e+00 [ 0.0000e+00 ] 9.6729e-01
 4.080e+00 3.2162e-02 3.2162e-02 [ 2.8014e-03 1.2039e-02 1.3061e-02 4.2611e-03 ] 0.0000e+00 [ 0.0000e+00 ] 9.6784e-01
 4.193e+00 3.1659e-02 3.1659e-02 [ 2.5097e-03 1.2001e-02 1.2950e-02 4.1982e-03 ] 0.0000e+00 [ 0.0000e+00 ] 9.6834e-01
 4.307e+00 3.1199e-02 3.1199e-02 [ 2.2410e-03 1.1963e-02 1.2858e-02 4.1371e-03 ] 0.0000e+00 [ 0.0000e+00 ] 9.6880e-01
 4.420e+00 3.0781e-02 3.0781e-02 [ 1.9944e-03 1.1923e-02 1.2786e-02 4.0784e-03 ] 0.0000e+00 [ 0.0000e+00 ] 9.6922e-01
 4.533e+00 3.0403e-02 3.0403e-02 [ 1.7685e-03 1.1879e-02 1.2733e-02 4.0225e-03 ] 0.0000e+00 [ 0.0000e+00 ] 9.6960e-01
 4.647e+00 3.0063e-02 3.0063e-02 [ 1.5623e-03 1.1830e-02 1.2701e-02 3.9699e-03 ] 0.0000e+00 [ 0.0000e+00 ] 9.6994e-01
 4.760e+00 2.9759e-02 2.9759e-02 [ 1.3749e-03 1.1775e-02 1.2688e-02 3.9209e-03 ] 0.0000e+00 [ 0.0000e+00 ] 9.7024e-01
 4.873e+00 2.9489e-02 2.9489e-02 [ 1.2051e-03 1.1713e-02 1.2695e-02 3.8759e-03 ] 0.0000e+00 [ 0.0000e+00 ] 9.7051e-01
 4.987e+00 2.9253e-02 2.9253e-02 [ 1.0520e-03 1.1644e-02 1.2722e-02 3.8351e-03 ] 0.0000e+00 [ 0.0000e+00 ] 9.7075e-01
 5.100e+00 2.9048e-02 2.9048e-02 [ 9.1443e-04 1.1568e-02 1.2767e-02 3.7987e-03 ] 0.0000e+00 [ 0.0000e+00 ] 9.7095e-01
 5.213e+00 2.8874e-02 2.8874e-02 [ 7.9146e-04 1.1484e-02 1.2832e-02 3.7668e-03 ] 0.0000e+00 [ 0.0000e+00 ] 9.7113e-01
 5.327e+00 2.8727e-02 2.8727e-02 [ 6.8202e-04 1.1391e-02 1.2914e-02 3.7396e-03 ] 0.0000e+00 [ 0.0000e+00 ] 9.7127e-01
 5.440e+00 2.8609e-02 2.8609e-02 [ 5.8509e-04 1.1292e-02 1.3015e-02 3.7172e-03 ] 0.0000e+00 [ 0.0000e+00 ] 9.7139e-01
 5.553e+00 2.8516e-02 2.8516e-02 [ 4.9966e-04 1.1184e-02 1.3133e-02 3.6996e-03 ] 0.0000e+00 [ 0.0000e+00 ] 9.7148e-01
 5.667e+00 2.8448e-02 2.8448e-02 [ 4.2474e-04 1.1069e-02 1.3267e-02 3.6870e-03 ] 0.0000e+00 [ 0.0000e+00 ] 9.7155e-01
 5.780e+00 2.8403e-02 2.8403e-02 [ 3.5937e-04 1.0947e-02 1.3418e-02 3.6793e-03 ] 0.0000e+00 [ 0.0000e+00 ] 9.7160e-01
 5.893e+00 2.8381e-02 2.8381e-02 [ 3.0264e-04 1.0818e-02 1.3585e-02 3.6767e-03 ] 0.0000e+00 [ 0.0000e+00 ] 9.7162e-01
 6.007e+00 2.8381e-02 2.8381e-02 [ 2.5364e-04 1.0681e-02 1.3766e-02 3.6790e-03 ] 0.0000e+00 [ 0.0000e+00 ] 9.7162e-01
 6.120e+00 2.8400e-02 2.8400e-02 [ 2.1156e-04 1.0539e-02 1.3963e-02 3.6864e-03 ] 0.0000e+00 [ 0.0000e+00 ] 9.7160e-01
 6.233e+00 2.8439e-02 2.8439e-02 [ 1.7560e-04 1.0390e-02 1.4174e-02 3.6989e-03 ] 0.0000e+00 [ 0.0000e+00 ] 9.7156e-01
 6.347e+00 2.8496e-02 2.8496e-02 [ 1.4504e-04 1.0236e-02 1.4398e-02 3.7165e-03 ] 0.0000e+00 [ 0.0000e+00 ] 9.7150e-01
 6.460e+00 2.8570e-02 2.8570e-02 [ 1.1921e-04 1.0076e-02 1.4636e-02 3.7391e-03 ] 0.0000e+00 [ 0.0000e+00 ] 9.7143e-01
 6.573e+00 2.8662e-02 2.8662e-02 [ 9.7500e-05 9.9112e-03 1.4886e-02 3.7668e-03 ] 0.0000e+00 [ 0.0000e+00 ] 9.7134e-01
 6.687e+00 2.8769e-02 2.8769e-02 [ 7.9345e-05 9.7413e-03 1.5148e-02 3.7997e-03 ] 0.0000e+00 [ 0.0000e+00 ] 9.7123e-01
 6.800e+00 2.8891e-02 2.8891e-02 [ 6.4249e-05 9.5667e-03 1.5422e-02 3.8376e-03 ] 0.0000e+00 [ 0.0000e+00 ] 9.7111e-01
 6.913e+00 2.9027e-02 2.9027e-02 [ 5.1764e-05 9.3878e-03 1.5707e-02 3.8807e-03 ] 0.0000e+00 [ 0.0000e+00 ] 9.7097e-01
 7.027e+00 2.9178e-02 2.9178e-02 [ 4.1496e-05 9.2047e-03 1.6002e-02 3.9289e-03 ] 0.0000e+00 [ 0.0000e+00 ] 9.7082e-01
 7.140e+00 2.9341e-02 2.9341e-02 [ 3.3097e-05 9.0178e-03 1.6308e-02 3.9822e-03 ] 0.0000e+00 [ 0.0000e+00 ] 9.7066e-01
 7.253e+00 2.9516e-02 2.9516e-02 [ 2.6265e-05 8.8274e-03 1.6622e-02 4.0407e-03 ] 0.0000e+00 [ 0.0000e+00 ] 9.7048e-01
 7.367e+00 2.9704e-02 2.9704e-02 [ 2.0739e-05 8.6335e-03 1.6945e-02 4.1044e-03 ] 0.0000e+00 [ 0.0000e+00 ] 9.7030e-01
 7.480e+00 2.9902e-02 2.9902e-02 [ 1.6292e-05 8.4366e-03 1.7276e-02 4.1732e-03 ] 0.0000e+00 [ 0.0000e+00 ] 9.7010e-01
 7.593e+00 3.0111e-02 3.0111e-02 [ 1.2734e-05 8.2368e-03 1.7615e-02 4.2472e-03 ] 0.0000e+00 [ 0.0000e+00 ] 9.6989e-01
 7.707e+00 3.0331e-02 3.0331e-02 [ 9.9032e-06 8.0344e-03 1.7960e-02 4.3263e-03 ] 0.0000e+00 [ 0.0000e+00 ] 9.6967e-01
 7.820e+00 3.0559e-02 3.0559e-02 [ 7.6627e-06 7.8297e-03 1.8311e-02 4.4106e-03 ] 0.0000e+00 [ 0.0000e+00 ] 9.6944e-01
 7.933e+00 3.0797e-02 3.0797e-02 [ 5.8992e-06 7.6229e-03 1.8668e-02 4.5001e-03 ] 0.0000e+00 [ 0.0000e+00 ] 9.6920e-01
 8.047e+00 3.1043e-02 3.1043e-02 [ 4.5188e-06 7.4142e-03 1.9029e-02 4.5947e-03 ] 0.0000e+00 [ 0.0000e+00 ] 9.6896e-01
 8.160e+00 3.1297e-02 3.1297e-02 [ 3.4441e-06 7.2040e-03 1.9395e-02 4.6945e-03 ] 0.0000e+00 [ 0.0000e+00 ] 9.6870e-01
 8.273e+00 3.1558e-02 3.1558e-02 [ 2.6118e-06 6.9926e-03 1.9763e-02 4.7993e-03 ] 0.0000e+00 [ 0.0000e+00 ] 9.6844e-01
 8.387e+00 3.1826e-02 3.1826e-02 [ 1.9708e-06 6.7803e-03 2.0134e-02 4.9092e-03 ] 0.0000e+00 [ 0.0000e+00 ] 9.6817e-01
 8.500e+00 3.2099e-02 3.2099e-02 [ 1.4798e-06 6.5673e-03 2.0507e-02 5.0241e-03 ] 0.0000e+00 [ 0.0000e+00 ] 9.6790e-01
 8.613e+00 3.2379e-02 3.2379e-02 [ 1.1056e-06 6.3539e-03 2.0880e-02 5.1440e-03 ] 0.0000e+00 [ 0.0000e+00 ] 9.6762e-01
 8.727e+00 3.2663e-02 3.2663e-02 [ 8.2193e-07 6.1406e-03 2.1253e-02 5.2688e-03 ] 0.0000e+00 [ 0.0000e+00 ] 9.6734e-01
 8.840e+00 3.2952e-02 3.2952e-02 [ 6.0807e-07 5.9276e-03 2.1626e-02 5.3984e-03 ] 0.0000e+00 [ 0.0000e+00 ] 9.6705e-01
 8.953e+00 3.3245e-02 3.3245e-02 [ 4.4767e-07 5.7153e-03 2.1996e-02 5.5328e-03 ] 0.0000e+00 [ 0.0000e+00 ] 9.6676e-01
 9.067e+00 3.3540e-02 3.3540e-02 [ 3.2798e-07 5.5040e-03 2.2364e-02 5.6718e-03 ] 0.0000e+00 [ 0.0000e+00 ] 9.6646e-01
 9.180e+00 3.3839e-02 3.3839e-02 [ 2.3914e-07 5.2940e-03 2.2729e-02 5.8153e-03 ] 0.0000e+00 [ 0.0000e+00 ] 9.6616e-01
 9.293e+00 3.4139e-02 3.4139e-02 [ 1.7353e-07 5.0857e-03 2.3090e-02 5.9631e-03 ] 0.0000e+00 [ 0.0000e+00 ] 9.6586e-01
 9.407e+00 3.4440e-02 3.4440e-02 [ 1.2532e-07 4.8795e-03 2.3445e-02 6.1152e-03 ] 0.0000e+00 [ 0.0000e+00 ] 9.6556e-01
 9.520e+00 3.4742e-02 3.4742e-02 [ 9.0075e-08 4.6756e-03 2.3795e-02 6.2714e-03 ] 0.0000e+00 [ 0.0000e+00 ] 9.6526e-01
 9.633e+00 3.5043e-02 3.5043e-02 [ 6.4441e-08 4.4744e-03 2.4137e-02 6.4315e-03 ] 0.0000e+00 [ 0.0000e+00 ] 9.6496e-01
 9.747e+00 3.5344e-02 3.5344e-02 [ 4.5887e-08 4.2761e-03 2.4472e-02 6.5953e-03 ] 0.0000e+00 [ 0.0000e+00 ] 9.6466e-01
 9.860e+00 3.5643e-02 3.5643e-02 [ 3.2525e-08 4.0812e-03 2.4799e-02 6.7626e-03 ] 0.0000e+00 [ 0.0000e+00 ] 9.6436e-01
 9.973e+00 3.5939e-02 3.5939e-02 [ 2.2948e-08 3.8899e-03 2.5116e-02 6.9332e-03 ] 0.0000e+00 [ 0.0000e+00 ] 9.6406e-01
 1.009e+01 3.6233e-02 3.6233e-02 [ 1.6118e-08 3.7025e-03 2.5424e-02 7.1068e-03 ] 0.0000e+00 [ 0.0000e+00 ] 9.6377e-01
 1.020e+01 3.6523e-02 3.6523e-02 [ 1.1269e-08 3.5192e-03 2.5721e-02 7.2833e-03 ] 0.0000e+00 [ 0.0000e+00 ] 9.6348e-01
 1.031e+01 3.6809e-02 3.6809e-02 [ 7.8442e-09 3.3403e-03 2.6006e-02 7.4622e-03 ] 0.0000e+00 [ 0.0000e+00 ] 9.6319e-01
 1.043e+01 3.7089e-02 3.7089e-02 [ 5.4360e-09 3.1659e-03 2.6280e-02 7.6435e-03 ] 0.0000e+00 [ 0.0000e+00 ] 9.6291e-01
 1.054e+01 3.7364e-02 3.7364e-02 [ 3.7506e-09 2.9964e-03 2.6540e-02 7.8268e-03 ] 0.0000e+00 [ 0.0000e+00 ] 9.6264e-01
 1.065e+01 3.7632e-02 3.7632e-02 [ 2.5765e-09 2.8319e-03 2.6788e-02 8.0117e-03 ] 0.0000e+00 [ 0.0000e+00 ] 9.6237e-01
 1.077e+01 3.7893e-02 3.7893e-02 [ 1.7623e-09 2.6725e-03 2.7022e-02 8.1981e-03 ] 0.0000e+00 [ 0.0000e+00 ] 9.6211e-01
 1.088e+01 3.8146e-02 3.8146e-02 [ 1.2003e-09 2.5184e-03 2.7242e-02 8.3855e-03 ] 0.0000e+00 [ 0.0000e+00 ] 9.6185e-01
 1.099e+01 3.8391e-02 3.8391e-02 [ 8.1406e-10 2.3697e-03 2.7447e-02 8.5737e-03 ] 0.0000e+00 [ 0.0000e+00 ] 9.6161e-01
 1.111e+01 3.8627e-02 3.8627e-02 [ 5.4980e-10 2.2265e-03 2.7638e-02 8.7624e-03 ] 0.0000e+00 [ 0.0000e+00 ] 9.6137e-01
 1.122e+01 3.8853e-02 3.8853e-02 [ 3.6978e-10 2.0888e-03 2.7813e-02 8.9513e-03 ] 0.0000e+00 [ 0.0000e+00 ] 9.6115e-01
 1.133e+01 3.9069e-02 3.9069e-02 [ 2.4769e-10 1.9567e-03 2.7973e-02 9.1400e-03 ] 0.0000e+00 [ 0.0000e+00 ] 9.6093e-01
 1.145e+01 3.9275e-02 3.9275e-02 [ 1.6524e-10 1.8301e-03 2.8117e-02 9.3282e-03 ] 0.0000e+00 [ 0.0000e+00 ] 9.6073e-01
 1.156e+01 3.9470e-02 3.9470e-02 [ 1.0979e-10 1.7092e-03 2.8245e-02 9.5156e-03 ] 0.0000e+00 [ 0.0000e+00 ] 9.6053e-01
 1.167e+01 3.9653e-02 3.9653e-02 [ 7.2656e-11 1.5938e-03 2.8357e-02 9.7019e-03 ] 0.0000e+00 [ 0.0000e+00 ] 9.6035e-01
 1.179e+01 3.9825e-02 3.9825e-02 [ 4.7893e-11 1.4840e-03 2.8454e-02 9.8868e-03 ] 0.0000e+00 [ 0.0000e+00 ] 9.6018e-01
 1.190e+01 3.9984e-02 3.9984e-02 [ 3.1447e-11 1.3796e-03 2.8534e-02 1.0070e-02 ] 0.0000e+00 [ 0.0000e+00 ] 9.6002e-01
 1.201e+01 4.0131e-02 4.0131e-02 [ 2.0568e-11 1.2806e-03 2.8599e-02 1.0251e-02 ] 0.0000e+00 [ 0.0000e+00 ] 9.5987e-01
 1.213e+01 4.0266e-02 4.0266e-02 [ 1.3402e-11 1.1869e-03 2.8648e-02 1.0430e-02 ] 0.0000e+00 [ 0.0000e+00 ] 9.5973e-01
 1.224e+01 4.0387e-02 4.0387e-02 [ 8.6991e-12 1.0983e-03 2.8682e-02 1.0607e-02 ] 0.0000e+00 [ 0.0000e+00 ] 9.5961e-01
 1.235e+01 4.0496e-02 4.0496e-02 [ 5.6254e-12 1.0148e-03 2.8701e-02 1.0781e-02 ] 0.0000e+00 [ 0.0000e+00 ] 9.5950e-01
 1.247e+01 4.0592e-02 4.0592e-02 [ 3.6242e-12 9.3615e-04 2.8704e-02 1.0951e-02 ] 0.0000e+00 [ 0.0000e+00 ] 9.5941e-01
 1.258e+01 4.0674e-02 4.0674e-02 [ 2.3264e-12 8.6227e-04 2.8693e-02 1.1119e-02 ] 0.0000e+00 [ 0.0000e+00 ] 9.5933e-01
 1.269e+01 4.0744e-02 4.0744e-02 [ 1.4878e-12 7.9299e-04 2.8668e-02 1.1283e-02 ] 0.0000e+00 [ 0.0000e+00 ] 9.5926e-01
 1.281e+01 4.0800e-02 4.0800e-02 [ 9.4812e-13 7.2813e-04 2.8628e-02 1.1444e-02 ] 0.0000e+00 [ 0.0000e+00 ] 9.5920e-01
 1.292e+01 4.0844e-02 4.0844e-02 [ 6.0202e-13 6.6753e-04 2.8576e-02 1.1601e-02 ] 0.0000e+00 [ 0.0000e+00 ] 9.5916e-01
 1.303e+01 4.0874e-02 4.0874e-02 [ 3.8091e-13 6.1102e-04 2.8510e-02 1.1754e-02 ] 0.0000e+00 [ 0.0000e+00 ] 9.5913e-01
 1.315e+01 4.0892e-02 4.0892e-02 [ 2.4016e-13 5.5841e-04 2.8431e-02 1.1903e-02 ] 0.0000e+00 [ 0.0000e+00 ] 9.5911e-01
 1.326e+01 4.0897e-02 4.0897e-02 [ 1.5089e-13 5.0952e-04 2.8340e-02 1.2047e-02 ] 0.0000e+00 [ 0.0000e+00 ] 9.5910e-01
 1.337e+01 4.0890e-02 4.0890e-02 [ 9.4475e-14 4.6419e-04 2.8238e-02 1.2188e-02 ] 0.0000e+00 [ 0.0000e+00 ] 9.5911e-01
 1.349e+01 4.0871e-02 4.0871e-02 [ 5.8950e-14 4.2221e-04 2.8125e-02 1.2324e-02 ] 0.0000e+00 [ 0.0000e+00 ] 9.5913e-01
 1.360e+01 4.0840e-02 4.0840e-02 [ 3.6659e-14 3.8343e-04 2.8000e-02 1.2456e-02 ] 0.0000e+00 [ 0.0000e+00 ] 9.5916e-01
 1.371e+01 4.0797e-02 4.0797e-02 [ 2.2720e-14 3.4765e-04 2.7866e-02 1.2583e-02 ] 0.0000e+00 [ 0.0000e+00 ] 9.5920e-01
 1.383e+01 4.0743e-02 4.0743e-02 [ 1.4034e-14 3.1471e-04 2.7722e-02 1.2706e-02 ] 0.0000e+00 [ 0.0000e+00 ] 9.5926e-01
 1.394e+01 4.0679e-02 4.0679e-02 [ 8.6400e-15 2.8443e-04 2.7569e-02 1.2825e-02 ] 0.0000e+00 [ 0.0000e+00 ] 9.5932e-01
 1.405e+01 4.0603e-02 4.0603e-02 [ 5.3017e-15 2.5665e-04 2.7408e-02 1.2939e-02 ] 0.0000e+00 [ 0.0000e+00 ] 9.5940e-01
 1.417e+01 4.0518e-02 4.0518e-02 [ 3.2427e-15 2.3122e-04 2.7238e-02 1.3049e-02 ] 0.0000e+00 [ 0.0000e+00 ] 9.5948e-01
 1.428e+01 4.0422e-02 4.0422e-02 [ 1.9769e-15 2.0797e-04 2.7061e-02 1.3154e-02 ] 0.0000e+00 [ 0.0000e+00 ] 9.5958e-01
 1.439e+01 4.0317e-02 4.0317e-02 [ 1.2013e-15 1.8675e-04 2.6876e-02 1.3254e-02 ] 0.0000e+00 [ 0.0000e+00 ] 9.5968e-01
 1.451e+01 4.0203e-02 4.0203e-02 [ 7.2770e-16 1.6743e-04 2.6685e-02 1.3351e-02 ] 0.0000e+00 [ 0.0000e+00 ] 9.5980e-01
 1.462e+01 4.0081e-02 4.0081e-02 [ 4.3940e-16 1.4986e-04 2.6488e-02 1.3443e-02 ] 0.0000e+00 [ 0.0000e+00 ] 9.5992e-01
 1.473e+01 3.9949e-02 3.9949e-02 [ 2.6449e-16 1.3391e-04 2.6285e-02 1.3531e-02 ] 0.0000e+00 [ 0.0000e+00 ] 9.6005e-01
 1.485e+01 3.9810e-02 3.9810e-02 [ 1.5871e-16 1.1946e-04 2.6076e-02 1.3614e-02 ] 0.0000e+00 [ 0.0000e+00 ] 9.6019e-01
 1.496e+01 3.9663e-02 3.9663e-02 [ 9.4937e-17 1.0640e-04 2.5863e-02 1.3694e-02 ] 0.0000e+00 [ 0.0000e+00 ] 9.6034e-01
 1.507e+01 3.9509e-02 3.9509e-02 [ 5.6615e-17 9.4610e-05 2.5645e-02 1.3770e-02 ] 0.0000e+00 [ 0.0000e+00 ] 9.6049e-01
 1.519e+01 3.9349e-02 3.9349e-02 [ 3.3659e-17 8.3985e-05 2.5423e-02 1.3841e-02 ] 0.0000e+00 [ 0.0000e+00 ] 9.6065e-01
 1.530e+01 3.9181e-02 3.9181e-02 [ 1.9950e-17 7.4429e-05 2.5198e-02 1.3909e-02 ] 0.0000e+00 [ 0.0000e+00 ] 9.6082e-01
 1.541e+01 3.9008e-02 3.9008e-02 [ 1.1789e-17 6.5850e-05 2.4969e-02 1.3973e-02 ] 0.0000e+00 [ 0.0000e+00 ] 9.6099e-01
 1.553e+01 3.8828e-02 3.8828e-02 [ 6.9455e-18 5.8161e-05 2.4736e-02 1.4033e-02 ] 0.0000e+00 [ 0.0000e+00 ] 9.6117e-01
 1.564e+01 3.8643e-02 3.8643e-02 [ 4.0797e-18 5.1283e-05 2.4501e-02 1.4090e-02 ] 0.0000e+00 [ 0.0000e+00 ] 9.6136e-01
 1.575e+01 3.8453e-02 3.8453e-02 [ 2.3893e-18 4.5142e-05 2.4264e-02 1.4144e-02 ] 0.0000e+00 [ 0.0000e+00 ] 9.6155e-01
 1.587e+01 3.8258e-02 3.8258e-02 [ 1.3951e-18 3.9669e-05 2.4024e-02 1.4194e-02 ] 0.0000e+00 [ 0.0000e+00 ] 9.6174e-01
 1.598e+01 3.8058e-02 3.8058e-02 [ 8.1226e-19 3.4799e-05 2.3782e-02 1.4241e-02 ] 0.0000e+00 [ 0.0000e+00 ] 9.6194e-01
 1.609e+01 3.7853e-02 3.7853e-02 [ 4.7153e-19 3.0475e-05 2.3538e-02 1.4285e-02 ] 0.0000e+00 [ 0.0000e+00 ] 9.6215e-01
 1.621e+01 3.7645e-02 3.7645e-02 [ 2.7293e-19 2.6642e-05 2.3293e-02 1.4325e-02 ] 0.0000e+00 [ 0.0000e+00 ] 9.6235e-01
 1.632e+01 3.7433e-02 3.7433e-02 [ 1.5753e-19 2.3250e-05 2.3047e-02 1.4363e-02 ] 0.0000e+00 [ 0.0000e+00 ] 9.6257e-01
 1.643e+01 3.7217e-02 3.7217e-02 [ 9.0657e-20 2.0255e-05 2.2799e-02 1.4398e-02 ] 0.0000e+00 [ 0.0000e+00 ] 9.6278e-01
 1.655e+01 3.6998e-02 3.6998e-02 [ 5.2025e-20 1.7615e-05 2.2550e-02 1.4430e-02 ] 0.0000e+00 [ 0.0000e+00 ] 9.6300e-01
 1.666e+01 3.6775e-02 3.6775e-02 [ 2.9770e-20 1.5292e-05 2.2301e-02 1.4459e-02 ] 0.0000e+00 [ 0.0000e+00 ] 9.6322e-01
 1.677e+01 3.6550e-02 3.6550e-02 [ 1.6988e-20 1.3252e-05 2.2050e-02 1.4486e-02 ] 0.0000e+00 [ 0.0000e+00 ] 9.6345e-01
 1.689e+01 3.6321e-02 3.6321e-02 [ 9.6662e-21 1.1463e-05 2.1799e-02 1.4510e-02 ] 0.0000e+00 [ 0.0000e+00 ] 9.6368e-01
 1.700e+01 3.6090e-02 3.6090e-02 [ 5.4849e-21 9.8986e-06 2.1548e-02 1.4532e-02 ] 0.0000e+00 [ 0.0000e+00 ] 9.6391e-01
 1.711e+01 3.5857e-02 3.5857e-02 [ 3.1036e-21 8.5322e-06 2.1296e-02 1.4552e-02 ] 0.0000e+00 [ 0.0000e+00 ] 9.6414e-01
 1.723e+01 3.5621e-02 3.5621e-02 [ 1.7513e-21 7.3411e-06 2.1045e-02 1.4569e-02 ] 0.0000e+00 [ 0.0000e+00 ] 9.6438e-01
 1.734e+01 3.5383e-02 3.5383e-02 [ 9.8549e-22 6.3049e-06 2.0792e-02 1.4584e-02 ] 0.0000e+00 [ 0.0000e+00 ] 9.6462e-01
 1.745e+01 3.5143e-02 3.5143e-02 [ 5.5304e-22 5.4052e-06 2.0540e-02 1.4597e-02 ] 0.0000e+00 [ 0.0000e+00 ] 9.6486e-01
 1.757e+01 3.4900e-02 3.4900e-02 [ 3.0950e-22 4.6253e-06 2.0288e-02 1.4607e-02 ] 0.0000e+00 [ 0.0000e+00 ] 9.6510e-01
 1.768e+01 3.4656e-02 3.4656e-02 [ 1.7274e-22 3.9508e-06 2.0036e-02 1.4616e-02 ] 0.0000e+00 [ 0.0000e+00 ] 9.6534e-01
 1.779e+01 3.4410e-02 3.4410e-02 [ 9.6149e-23 3.3684e-06 1.9784e-02 1.4623e-02 ] 0.0000e+00 [ 0.0000e+00 ] 9.6559e-01
 1.791e+01 3.4163e-02 3.4163e-02 [ 5.3373e-23 2.8665e-06 1.9533e-02 1.4627e-02 ] 0.0000e+00 [ 0.0000e+00 ] 9.6584e-01
 1.802e+01 3.3913e-02 3.3913e-02 [ 2.9548e-23 2.4349e-06 1.9281e-02 1.4630e-02 ] 0.0000e+00 [ 0.0000e+00 ] 9.6609e-01
 1.813e+01 3.3662e-02 3.3662e-02 [ 1.6314e-23 2.0645e-06 1.9030e-02 1.4631e-02 ] 0.0000e+00 [ 0.0000e+00 ] 9.6634e-01
 1.825e+01 3.3410e-02 3.3410e-02 [ 8.9833e-24 1.7471e-06 1.8779e-02 1.4629e-02 ] 0.0000e+00 [ 0.0000e+00 ] 9.6659e-01
 1.836e+01 3.3156e-02 3.3156e-02 [ 4.9334e-24 1.4757e-06 1.8528e-02 1.4626e-02 ] 0.0000e+00 [ 0.0000e+00 ] 9.6684e-01
 1.847e+01 3.2901e-02 3.2901e-02 [ 2.7022e-24 1.2441e-06 1.8278e-02 1.4622e-02 ] 0.0000e+00 [ 0.0000e+00 ] 9.6710e-01
 1.859e+01 3.2644e-02 3.2644e-02 [ 1.4761e-24 1.0469e-06 1.8028e-02 1.4615e-02 ] 0.0000e+00 [ 0.0000e+00 ] 9.6736e-01
 1.870e+01 3.2386e-02 3.2386e-02 [ 8.0424e-25 8.7930e-07 1.7779e-02 1.4607e-02 ] 0.0000e+00 [ 0.0000e+00 ] 9.6761e-01
 1.881e+01 3.2127e-02 3.2127e-02 [ 4.3702e-25 7.3710e-07 1.7530e-02 1.4596e-02 ] 0.0000e+00 [ 0.0000e+00 ] 9.6787e-01
 1.893e+01 3.1866e-02 3.1866e-02 [ 2.3685e-25 6.1671e-07 1.7281e-02 1.4584e-02 ] 0.0000e+00 [ 0.0000e+00 ] 9.6813e-01
 1.904e+01 3.1604e-02 3.1604e-02 [ 1.2803e-25 5.1499e-07 1.7033e-02 1.4571e-02 ] 0.0000e+00 [ 0.0000e+00 ] 9.6840e-01
 1.915e+01 3.1341e-02 3.1341e-02 [ 6.9027e-26 4.2922e-07 1.6785e-02 1.4555e-02 ] 0.0000e+00 [ 0.0000e+00 ] 9.6866e-01
 1.927e+01 3.1076e-02 3.1076e-02 [ 3.7118e-26 3.5704e-07 1.6538e-02 1.4538e-02 ] 0.0000e+00 [ 0.0000e+00 ] 9.6892e-01
 1.938e+01 3.0810e-02 3.0810e-02 [ 1.9908e-26 2.9642e-07 1.6292e-02 1.4518e-02 ] 0.0000e+00 [ 0.0000e+00 ] 9.6919e-01
 1.949e+01 3.0543e-02 3.0543e-02 [ 1.0649e-26 2.4561e-07 1.6045e-02 1.4497e-02 ] 0.0000e+00 [ 0.0000e+00 ] 9.6946e-01
 1.961e+01 3.0275e-02 3.0275e-02 [ 5.6820e-27 2.0311e-07 1.5800e-02 1.4474e-02 ] 0.0000e+00 [ 0.0000e+00 ] 9.6973e-01
 1.972e+01 3.0005e-02 3.0005e-02 [ 3.0238e-27 1.6764e-07 1.5555e-02 1.4450e-02 ] 0.0000e+00 [ 0.0000e+00 ] 9.7000e-01
 1.983e+01 2.9734e-02 2.9734e-02 [ 1.6050e-27 1.3808e-07 1.5310e-02 1.4423e-02 ] 0.0000e+00 [ 0.0000e+00 ] 9.7027e-01
 1.995e+01 2.9461e-02 2.9461e-02 [ 8.4974e-28 1.1352e-07 1.5066e-02 1.4395e-02 ] 0.0000e+00 [ 0.0000e+00 ] 9.7054e-01
 2.006e+01 2.9187e-02 2.9187e-02 [ 4.4871e-28 9.3133e-08 1.4823e-02 1.4364e-02 ] 0.0000e+00 [ 0.0000e+00 ] 9.7081e-01
 2.017e+01 2.8912e-02 2.8912e-02 [ 2.3633e-28 7.6257e-08 1.4580e-02 1.4332e-02 ] 0.0000e+00 [ 0.0000e+00 ] 9.7109e-01
 2.029e+01 2.8635e-02 2.8635e-02 [ 1.2416e-28 6.2314e-08 1.4338e-02 1.4297e-02 ] 0.0000e+00 [ 0.0000e+00 ] 9.7136e-01
 2.040e+01 2.8357e-02 2.8357e-02 [ 6.5056e-29 5.0818e-08 1.4096e-02 1.4261e-02 ] 0.0000e+00 [ 0.0000e+00 ] 9.7164e-01
 2.051e+01 2.8077e-02 2.8077e-02 [ 3.4001e-29 4.1359e-08 1.3855e-02 1.4222e-02 ] 0.0000e+00 [ 0.0000e+00 ] 9.7192e-01
 2.063e+01 2.7796e-02 2.7796e-02 [ 1.7724e-29 3.3592e-08 1.3615e-02 1.4181e-02 ] 0.0000e+00 [ 0.0000e+00 ] 9.7220e-01
 2.074e+01 2.7513e-02 2.7513e-02 [ 9.2159e-30 2.7228e-08 1.3375e-02 1.4138e-02 ] 0.0000e+00 [ 0.0000e+00 ] 9.7249e-01
 2.085e+01 2.7229e-02 2.7229e-02 [ 4.7795e-30 2.2025e-08 1.3136e-02 1.4093e-02 ] 0.0000e+00 [ 0.0000e+00 ] 9.7277e-01
 2.097e+01 2.6943e-02 2.6943e-02 [ 2.4723e-30 1.7780e-08 1.2898e-02 1.4046e-02 ] 0.0000e+00 [ 0.0000e+00 ] 9.7306e-01
 2.108e+01 2.6656e-02 2.6656e-02 [ 1.2756e-30 1.4323e-08 1.2660e-02 1.3996e-02 ] 0.0000e+00 [ 0.0000e+00 ] 9.7334e-01
 2.119e+01 2.6366e-02 2.6366e-02 [ 6.5645e-31 1.1515e-08 1.2423e-02 1.3943e-02 ] 0.0000e+00 [ 0.0000e+00 ] 9.7363e-01
 2.131e+01 2.6075e-02 2.6075e-02 [ 3.3696e-31 9.2376e-09 1.2187e-02 1.3889e-02 ] 0.0000e+00 [ 0.0000e+00 ] 9.7392e-01
 2.142e+01 2.5783e-02 2.5783e-02 [ 1.7251e-31 7.3955e-09 1.1951e-02 1.3831e-02 ] 0.0000e+00 [ 0.0000e+00 ] 9.7422e-01
 2.153e+01 2.5488e-02 2.5488e-02 [ 8.8094e-32 5.9083e-09 1.1717e-02 1.3772e-02 ] 0.0000e+00 [ 0.0000e+00 ] 9.7451e-01
 2.165e+01 2.5192e-02 2.5192e-02 [ 4.4870e-32 4.7104e-09 1.1483e-02 1.3709e-02 ] 0.0000e+00 [ 0.0000e+00 ] 9.7481e-01
 2.176e+01 2.4894e-02 2.4894e-02 [ 2.2795e-32 3.7474e-09 1.1250e-02 1.3644e-02 ] 0.0000e+00 [ 0.0000e+00 ] 9.7511e-01
 2.187e+01 2.4594e-02 2.4594e-02 [ 1.1550e-32 2.9750e-09 1.1018e-02 1.3576e-02 ] 0.0000e+00 [ 0.0000e+00 ] 9.7541e-01
 2.199e+01 2.4292e-02 2.4292e-02 [ 5.8374e-33 2.3568e-09 1.0786e-02 1.3506e-02 ] 0.0000e+00 [ 0.0000e+00 ] 9.7571e-01
 2.210e+01 2.3988e-02 2.3988e-02 [ 2.9426e-33 1.8631e-09 1.0556e-02 1.3432e-02 ] 0.0000e+00 [ 0.0000e+00 ] 9.7601e-01
 2.221e+01 2.3683e-02 2.3683e-02 [ 1.4795e-33 1.4696e-09 1.0327e-02 1.3356e-02 ] 0.0000e+00 [ 0.0000e+00 ] 9.7632e-01
 2.233e+01 2.3375e-02 2.3375e-02 [ 7.4190e-34 1.1568e-09 1.0099e-02 1.3276e-02 ] 0.0000e+00 [ 0.0000e+00 ] 9.7662e-01
 2.244e+01 2.3066e-02 2.3066e-02 [ 3.7107e-34 9.0862e-10 9.8721e-03 1.3194e-02 ] 0.0000e+00 [ 0.0000e+00 ] 9.7693e-01
 2.255e+01 2.2755e-02 2.2755e-02 [ 1.8511e-34 7.1213e-10 9.6463e-03 1.3108e-02 ] 0.0000e+00 [ 0.0000e+00 ] 9.7725e-01
 2.267e+01 2.2441e-02 2.2441e-02 [ 9.2105e-35 5.5692e-10 9.4216e-03 1.3020e-02 ] 0.0000e+00 [ 0.0000e+00 ] 9.7756e-01
 2.278e+01 2.2126e-02 2.2126e-02 [ 4.5708e-35 4.3459e-10 9.1983e-03 1.2928e-02 ] 0.0000e+00 [ 0.0000e+00 ] 9.7787e-01
 2.289e+01 2.1809e-02 2.1809e-02 [ 2.2623e-35 3.3839e-10 8.9763e-03 1.2833e-02 ] 0.0000e+00 [ 0.0000e+00 ] 9.7819e-01
 2.301e+01 2.1491e-02 2.1491e-02 [ 1.1168e-35 2.6291e-10 8.7557e-03 1.2735e-02 ] 0.0000e+00 [ 0.0000e+00 ] 9.7851e-01
 2.312e+01 2.1170e-02 2.1170e-02 [ 5.4988e-36 2.0382e-10 8.5365e-03 1.2634e-02 ] 0.0000e+00 [ 0.0000e+00 ] 9.7883e-01
 2.323e+01 2.0848e-02 2.0848e-02 [ 2.7003e-36 1.5766e-10 8.3188e-03 1.2529e-02 ] 0.0000e+00 [ 0.0000e+00 ] 9.7915e-01
 2.335e+01 2.0524e-02 2.0524e-02 [ 1.3225e-36 1.2168e-10 8.1028e-03 1.2421e-02 ] 0.0000e+00 [ 0.0000e+00 ] 9.7948e-01
 2.346e+01 2.0198e-02 2.0198e-02 [ 6.4601e-37 9.3703e-11 7.8884e-03 1.2309e-02 ] 0.0000e+00 [ 0.0000e+00 ] 9.7980e-01
 2.357e+01 1.9870e-02 1.9870e-02 [ 3.1472e-37 7.1998e-11 7.6757e-03 1.2195e-02 ] 0.0000e+00 [ 0.0000e+00 ] 9.8013e-01
 2.369e+01 1.9541e-02 1.9541e-02 [ 1.5292e-37 5.5197e-11 7.4648e-03 1.2077e-02 ] 0.0000e+00 [ 0.0000e+00 ] 9.8046e-01
 2.380e+01 1.9211e-02 1.9211e-02 [ 7.4106e-38 4.2221e-11 7.2558e-03 1.1955e-02 ] 0.0000e+00 [ 0.0000e+00 ] 9.8079e-01
 2.391e+01 1.8879e-02 1.8879e-02 [ 3.5816e-38 3.2222e-11 7.0488e-03 1.1830e-02 ] 0.0000e+00 [ 0.0000e+00 ] 9.8112e-01
 2.403e+01 1.8546e-02 1.8546e-02 [ 1.7264e-38 2.4536e-11 6.8438e-03 1.1702e-02 ] 0.0000e+00 [ 0.0000e+00 ] 9.8145e-01
 2.414e+01 1.8212e-02 1.8212e-02 [ 8.2995e-39 1.8640e-11 6.6410e-03 1.1571e-02 ] 0.0000e+00 [ 0.0000e+00 ] 9.8179e-01
 2.425e+01 1.7876e-02 1.7876e-02 [ 3.9792e-39 1.4129e-11 6.4403e-03 1.1436e-02 ] 0.0000e+00 [ 0.0000e+00 ] 9.8212e-01
 2.437e+01 1.7540e-02 1.7540e-02 [ 1.9027e-39 1.0685e-11 6.2420e-03 1.1298e-02 ] 0.0000e+00 [ 0.0000e+00 ] 9.8246e-01
 2.448e+01 1.7203e-02 1.7203e-02 [ 9.0739e-40 8.0618e-12 6.0460e-03 1.1157e-02 ] 0.0000e+00 [ 0.0000e+00 ] 9.8280e-01
 2.459e+01 1.6865e-02 1.6865e-02 [ 4.3156e-40 6.0686e-12 5.8525e-03 1.1012e-02 ] 0.0000e+00 [ 0.0000e+00 ] 9.8313e-01
 2.471e+01 1.6527e-02 1.6527e-02 [ 2.0470e-40 4.5575e-12 5.6616e-03 1.0865e-02 ] 0.0000e+00 [ 0.0000e+00 ] 9.8347e-01
 2.482e+01 1.6188e-02 1.6188e-02 [ 9.6833e-41 3.4148e-12 5.4733e-03 1.0714e-02 ] 0.0000e+00 [ 0.0000e+00 ] 9.8381e-01
 2.493e+01 1.5849e-02 1.5849e-02 [ 4.5683e-41 2.5526e-12 5.2877e-03 1.0561e-02 ] 0.0000e+00 [ 0.0000e+00 ] 9.8415e-01
 2.505e+01 1.5510e-02 1.5510e-02 [ 2.1494e-41 1.9036e-12 5.1049e-03 1.0405e-02 ] 0.0000e+00 [ 0.0000e+00 ] 9.8449e-01
 2.516e+01 1.5170e-02 1.5170e-02 [ 1.0086e-41 1.4162e-12 4.9250e-03 1.0245e-02 ] 0.0000e+00 [ 0.0000e+00 ] 9.8483e-01
 2.527e+01 1.4832e-02 1.4832e-02 [ 4.7198e-42 1.0512e-12 4.7481e-03 1.0084e-02 ] 0.0000e+00 [ 0.0000e+00 ] 9.8517e-01
 2.539e+01 1.4493e-02 1.4493e-02 [ 2.2027e-42 7.7837e-13 4.5742e-03 9.9193e-03 ] 0.0000e+00 [ 0.0000e+00 ] 9.8551e-01
 2.550e+01 1.4156e-02 1.4156e-02 [ 1.0252e-42 5.7499e-13 4.4035e-03 9.7524e-03 ] 0.0000e+00 [ 0.0000e+00 ] 9.8584e-01
 2.561e+01 1.3819e-02 1.3819e-02 [ 4.7589e-43 4.2374e-13 4.2359e-03 9.5832e-03 ] 0.0000e+00 [ 0.0000e+00 ] 9.8618e-01
 2.573e+01 1.3484e-02 1.3484e-02 [ 2.2030e-43 3.1152e-13 4.0717e-03 9.4119e-03 ] 0.0000e+00 [ 0.0000e+00 ] 9.8652e-01
 2.584e+01 1.3149e-02 1.3149e-02 [ 1.0170e-43 2.2847e-13 3.9107e-03 9.2384e-03 ] 0.0000e+00 [ 0.0000e+00 ] 9.8685e-01
 2.595e+01 1.2816e-02 1.2816e-02 [ 4.6827e-44 1.6716e-13 3.7532e-03 9.0631e-03 ] 0.0000e+00 [ 0.0000e+00 ] 9.8718e-01
 2.607e+01 1.2485e-02 1.2485e-02 [ 2.1502e-44 1.2200e-13 3.5992e-03 8.8860e-03 ] 0.0000e+00 [ 0.0000e+00 ] 9.8751e-01
 2.618e+01 1.2156e-02 1.2156e-02 [ 9.8462e-45 8.8830e-14 3.4486e-03 8.7073e-03 ] 0.0000e+00 [ 0.0000e+00 ] 9.8784e-01
 2.629e+01 1.1829e-02 1.1829e-02 [ 4.4967e-45 6.4519e-14 3.3017e-03 8.5271e-03 ] 0.0000e+00 [ 0.0000e+00 ] 9.8817e-01
 2.641e+01 1.1504e-02 1.1504e-02 [ 2.0481e-45 4.6747e-14 3.1584e-03 8.3458e-03 ] 0.0000e+00 [ 0.0000e+00 ] 9.8850e-01
 2.652e+01 1.1182e-02 1.1182e-02 [ 9.3030e-46 3.3787e-14 3.0187e-03 8.1633e-03 ] 0.0000e+00 [ 0.0000e+00 ] 9.8882e-01
 2.663e+01 1.0863e-02 1.0863e-02 [ 4.2143e-46 2.4361e-14 2.8828e-03 7.9799e-03 ] 0.0000e+00 [ 0.0000e+00 ] 9.8914e-01
 2.675e+01 1.0546e-02 1.0546e-02 [ 1.9040e-46 1.7521e-14 2.7505e-03 7.7958e-03 ] 0.0000e+00 [ 0.0000e+00 ] 9.8945e-01
 2.686e+01 1.0233e-02 1.0233e-02 [ 8.5788e-47 1.2570e-14 2.6221e-03 7.6112e-03 ] 0.0000e+00 [ 0.0000e+00 ] 9.8977e-01
 2.697e+01 9.9236e-03 9.9236e-03 [ 3.8550e-47 8.9959e-15 2.4974e-03 7.4262e-03 ] 0.0000e+00 [ 0.0000e+00 ] 9.9008e-01
 2.709e+01 9.6175e-03 9.6175e-03 [ 1.7277e-47 6.4221e-15 2.3765e-03 7.2411e-03 ] 0.0000e+00 [ 0.0000e+00 ] 9.9038e-01
 2.720e+01 9.3153e-03 9.3153e-03 [ 7.7220e-48 4.5732e-15 2.2593e-03 7.0560e-03 ] 0.0000e+00 [ 0.0000e+00 ] 9.9068e-01
 2.731e+01 9.0172e-03 9.0172e-03 [ 3.4422e-48 3.2486e-15 2.1460e-03 6.8711e-03 ] 0.0000e+00 [ 0.0000e+00 ] 9.9098e-01
 2.743e+01 8.7232e-03 8.7232e-03 [ 1.5304e-48 2.3018e-15 2.0365e-03 6.6867e-03 ] 0.0000e+00 [ 0.0000e+00 ] 9.9128e-01
 2.754e+01 8.4336e-03 8.4336e-03 [ 6.7857e-49 1.6269e-15 1.9307e-03 6.5029e-03 ] 0.0000e+00 [ 0.0000e+00 ] 9.9157e-01
 2.765e+01 8.1486e-03 8.1486e-03 [ 3.0009e-49 1.1470e-15 1.8287e-03 6.3199e-03 ] 0.0000e+00 [ 0.0000e+00 ] 9.9185e-01
 2.777e+01 7.8683e-03 7.8683e-03 [ 1.3236e-49 8.0663e-16 1.7304e-03 6.1379e-03 ] 0.0000e+00 [ 0.0000e+00 ] 9.9213e-01
 2.788e+01 7.5929e-03 7.5929e-03 [ 5.8226e-50 5.6584e-16 1.6359e-03 5.9570e-03 ] 0.0000e+00 [ 0.0000e+00 ] 9.9241e-01
 2.799e+01 7.3225e-03 7.3225e-03 [ 2.5547e-50 3.9592e-16 1.5450e-03 5.7775e-03 ] 0.0000e+00 [ 0.0000e+00 ] 9.9268e-01
 2.811e+01 7.0572e-03 7.0572e-03 [ 1.1180e-50 2.7634e-16 1.4577e-03 5.5996e-03 ] 0.0000e+00 [ 0.0000e+00 ] 9.9294e-01
 2.822e+01 6.7973e-03 6.7973e-03 [ 4.8798e-51 1.9238e-16 1.3739e-03 5.4233e-03 ] 0.0000e+00 [ 0.0000e+00 ] 9.9320e-01
 2.833e+01 6.5427e-03 6.5427e-03 [ 2.1244e-51 1.3360e-16 1.2938e-03 5.2489e-03 ] 0.0000e+00 [ 0.0000e+00 ] 9.9346e-01
 2.845e+01 6.2936e-03 6.2936e-03 [ 9.2250e-52 9.2541e-17 1.2170e-03 5.0766e-03 ] 0.0000e+00 [ 0.0000e+00 ] 9.9371e-01
 2.856e+01 6.0501e-03 6.0501e-03 [ 3.9955e-52 6.3939e-17 1.1437e-03 4.9064e-03 ] 0.0000e+00 [ 0.0000e+00 ] 9.9395e-01
 2.867e+01 5.8123e-03 5.8123e-03 [ 1.7261e-52 4.4065e-17 1.0737e-03 4.7386e-03 ] 0.0000e+00 [ 0.0000e+00 ] 9.9419e-01
 2.879e+01 5.5802e-03 5.5802e-03 [ 7.4383e-53 3.0292e-17 1.0069e-03 4.5733e-03 ] 0.0000e+00 [ 0.0000e+00 ] 9.9442e-01
 2.890e+01 5.3539e-03 5.3539e-03 [ 3.1972e-53 2.0771e-17 9.4336e-04 4.4105e-03 ] 0.0000e+00 [ 0.0000e+00 ] 9.9465e-01
 2.901e+01 5.1334e-03 5.1334e-03 [ 1.3708e-53 1.4207e-17 8.8290e-04 4.2505e-03 ] 0.0000e+00 [ 0.0000e+00 ] 9.9487e-01
 2.913e+01 4.9189e-03 4.9189e-03 [ 5.8630e-54 9.6923e-18 8.2546e-04 4.0934e-03 ] 0.0000e+00 [ 0.0000e+00 ] 9.9508e-01
 2.924e+01 4.7102e-03 4.7102e-03 [ 2.5013e-54 6.5957e-18 7.7096e-04 3.9392e-03 ] 0.0000e+00 [ 0.0000e+00 ] 9.9529e-01
 2.935e+01 4.5074e-03 4.5074e-03 [ 1.0645e-54 4.4771e-18 7.1931e-04 3.7881e-03 ] 0.0000e+00 [ 0.0000e+00 ] 9.9549e-01
 2.947e+01 4.3106e-03 4.3106e-03 [ 4.5194e-55 3.0313e-18 6.7042e-04 3.6402e-03 ] 0.0000e+00 [ 0.0000e+00 ] 9.9569e-01
 2.958e+01 4.1197e-03 4.1197e-03 [ 1.9140e-55 2.0472e-18 6.2420e-04 3.4955e-03 ] 0.0000e+00 [ 0.0000e+00 ] 9.9588e-01
 2.969e+01 3.9346e-03 3.9346e-03 [ 8.0867e-56 1.3791e-18 5.8056e-04 3.3541e-03 ] 0.0000e+00 [ 0.0000e+00 ] 9.9607e-01
 2.981e+01 3.7554e-03 3.7554e-03 [ 3.4084e-56 9.2673e-19 5.3940e-04 3.2161e-03 ] 0.0000e+00 [ 0.0000e+00 ] 9.9624e-01
 2.992e+01 3.5821e-03 3.5821e-03 [ 1.4332e-56 6.2116e-19 5.0063e-04 3.0815e-03 ] 0.0000e+00 [ 0.0000e+00 ] 9.9642e-01
 3.003e+01 3.4145e-03 3.4145e-03 [ 6.0121e-57 4.1530e-19 4.6416e-04 2.9504e-03 ] 0.0000e+00 [ 0.0000e+00 ] 9.9659e-01
 3.015e+01 3.2527e-03 3.2527e-03 [ 2.5161e-57 2.7697e-19 4.2989e-04 2.8228e-03 ] 0.0000e+00 [ 0.0000e+00 ] 9.9675e-01
 3.026e+01 3.0965e-03 3.0965e-03 [ 1.0506e-57 1.8425e-19 3.9773e-04 2.6988e-03 ] 0.0000e+00 [ 0.0000e+00 ] 9.9690e-01
 3.037e+01 2.9459e-03 2.9459e-03 [ 4.3766e-58 1.2227e-19 3.6759e-04 2.5783e-03 ] 0.0000e+00 [ 0.0000e+00 ] 9.9705e-01
 3.049e+01 2.8008e-03 2.8008e-03 [ 1.8191e-58 8.0932e-20 3.3938e-04 2.4615e-03 ] 0.0000e+00 [ 0.0000e+00 ] 9.9720e-01
 3.060e+01 2.6612e-03 2.6612e-03 [ 7.5438e-59 5.3438e-20 3.1300e-04 2.3482e-03 ] 0.0000e+00 [ 0.0000e+00 ] 9.9734e-01
 3.071e+01 2.5269e-03 2.5269e-03 [ 3.1214e-59 3.5196e-20 2.8836e-04 2.2385e-03 ] 0.0000e+00 [ 0.0000e+00 ] 9.9747e-01
 3.083e+01 2.3978e-03 2.3978e-03 [ 1.2887e-59 2.3124e-20 2.6539e-04 2.1324e-03 ] 0.0000e+00 [ 0.0000e+00 ] 9.9760e-01
 3.094e+01 2.2739e-03 2.2739e-03 [ 5.3088e-60 1.5155e-20 2.4398e-04 2.0299e-03 ] 0.0000e+00 [ 0.0000e+00 ] 9.9773e-01
 3.105e+01 2.1549e-03 2.1549e-03 [ 2.1822e-60 9.9083e-21 2.2407e-04 1.9309e-03 ] 0.0000e+00 [ 0.0000e+00 ] 9.9785e-01
 3.117e+01 2.0410e-03 2.0410e-03 [ 8.9507e-61 6.4619e-21 2.0557e-04 1.8354e-03 ] 0.0000e+00 [ 0.0000e+00 ] 9.9796e-01
 3.128e+01 1.9318e-03 1.9318e-03 [ 3.6635e-61 4.2040e-21 1.8839e-04 1.7434e-03 ] 0.0000e+00 [ 0.0000e+00 ] 9.9807e-01
 3.139e+01 1.8273e-03 1.8273e-03 [ 1.4963e-61 2.7283e-21 1.7248e-04 1.6548e-03 ] 0.0000e+00 [ 0.0000e+00 ] 9.9817e-01
 3.151e+01 1.7273e-03 1.7273e-03 [ 6.0986e-62 1.7664e-21 1.5774e-04 1.5696e-03 ] 0.0000e+00 [ 0.0000e+00 ] 9.9827e-01
 3.162e+01 1.6318e-03 1.6318e-03 [ 2.4806e-62 1.1408e-21 1.4411e-04 1.4877e-03 ] 0.0000e+00 [ 0.0000e+00 ] 9.9837e-01
 3.173e+01 1.5406e-03 1.5406e-03 [ 1.0069e-62 7.3499e-22 1.3152e-04 1.4091e-03 ] 0.0000e+00 [ 0.0000e+00 ] 9.9846e-01
 3.185e+01 1.4536e-03 1.4536e-03 [ 4.0788e-63 4.7241e-22 1.1991e-04 1.3337e-03 ] 0.0000e+00 [ 0.0000e+00 ] 9.9855e-01
 3.196e+01 1.3707e-03 1.3707e-03 [ 1.6490e-63 3.0291e-22 1.0920e-04 1.2615e-03 ] 0.0000e+00 [ 0.0000e+00 ] 9.9863e-01
 3.207e+01 1.2917e-03 1.2917e-03 [ 6.6534e-64 1.9376e-22 9.9357e-05 1.1923e-03 ] 0.0000e+00 [ 0.0000e+00 ] 9.9871e-01
 3.219e+01 1.2165e-03 1.2165e-03 [ 2.6793e-64 1.2365e-22 9.0304e-05 1.1262e-03 ] 0.0000e+00 [ 0.0000e+00 ] 9.9878e-01
 3.230e+01 1.1450e-03 1.1450e-03 [ 1.0769e-64 7.8719e-23 8.1992e-05 1.0630e-03 ] 0.0000e+00 [ 0.0000e+00 ] 9.9886e-01
 3.241e+01 1.0770e-03 1.0770e-03 [ 4.3200e-65 4.9998e-23 7.4370e-05 1.0026e-03 ] 0.0000e+00 [ 0.0000e+00 ] 9.9892e-01
 3.253e+01 1.0124e-03 1.0124e-03 [ 1.7297e-65 3.1681e-23 6.7387e-05 9.4503e-04 ] 0.0000e+00 [ 0.0000e+00 ] 9.9899e-01
 3.264e+01 9.5114e-04 9.5114e-04 [ 6.9130e-66 2.0028e-23 6.0999e-05 8.9014e-04 ] 0.0000e+00 [ 0.0000e+00 ] 9.9905e-01
 3.275e+01 8.9304e-04 8.9304e-04 [ 2.7578e-66 1.2632e-23 5.5161e-05 8.3788e-04 ] 0.0000e+00 [ 0.0000e+00 ] 9.9911e-01
 3.287e+01 8.3798e-04 8.3798e-04 [ 1.0981e-66 7.9485e-24 4.9831e-05 7.8815e-04 ] 0.0000e+00 [ 0.0000e+00 ] 9.9916e-01
 3.298e+01 7.8584e-04 7.8584e-04 [ 4.3650e-67 4.9901e-24 4.4972e-05 7.4087e-04 ] 0.0000e+00 [ 0.0000e+00 ] 9.9921e-01
 3.309e+01 7.3651e-04 7.3651e-04 [ 1.7320e-67 3.1256e-24 4.0546e-05 6.9596e-04 ] 0.0000e+00 [ 0.0000e+00 ] 9.9926e-01
 3.321e+01 6.8986e-04 6.8986e-04 [ 6.8603e-68 1.9533e-24 3.6520e-05 6.5334e-04 ] 0.0000e+00 [ 0.0000e+00 ] 9.9931e-01
 3.332e+01 6.4578e-04 6.4578e-04 [ 2.7126e-68 1.2179e-24 3.2861e-05 6.1292e-04 ] 0.0000e+00 [ 0.0000e+00 ] 9.9935e-01
 3.343e+01 6.0417e-04 6.0417e-04 [ 1.0708e-68 7.5770e-25 2.9540e-05 5.7463e-04 ] 0.0000e+00 [ 0.0000e+00 ] 9.9940e-01
 3.355e+01 5.6490e-04 5.6490e-04 [ 4.2197e-69 4.7033e-25 2.6528e-05 5.3837e-04 ] 0.0000e+00 [ 0.0000e+00 ] 9.9944e-01
 3.366e+01 5.2788e-04 5.2788e-04 [ 1.6602e-69 2.9129e-25 2.3801e-05 5.0407e-04 ] 0.0000e+00 [ 0.0000e+00 ] 9.9947e-01
 3.377e+01 4.9299e-04 4.9299e-04 [ 6.5208e-70 1.8001e-25 2.1334e-05 4.7166e-04 ] 0.0000e+00 [ 0.0000e+00 ] 9.9951e-01
 3.389e+01 4.6014e-04 4.6014e-04 [ 2.5572e-70 1.1100e-25 1.9104e-05 4.4104e-04 ] 0.0000e+00 [ 0.0000e+00 ] 9.9954e-01
 3.400e+01 4.2924e-04 4.2924e-04 [ 1.0012e-70 6.8292e-26 1.7090e-05 4.1215e-04 ] 0.0000e+00 [ 0.0000e+00 ] 9.9957e-01
 3.411e+01 4.0018e-04 4.0018e-04 [ 3.9139e-71 4.1926e-26 1.5275e-05 3.8490e-04 ] 0.0000e+00 [ 0.0000e+00 ] 9.9960e-01
 3.423e+01 3.7287e-04 3.7287e-04 [ 1.5277e-71 2.5683e-26 1.3640e-05 3.5923e-04 ] 0.0000e+00 [ 0.0000e+00 ] 9.9963e-01
 3.434e+01 3.4723e-04 3.4723e-04 [ 5.9536e-72 1.5699e-26 1.2168e-05 3.3506e-04 ] 0.0000e+00 [ 0.0000e+00 ] 9.9965e-01
 3.445e+01 3.2316e-04 3.2316e-04 [ 2.3167e-72 9.5761e-27 1.0845e-05 3.1232e-04 ] 0.0000e+00 [ 0.0000e+00 ] 9.9968e-01
 3.457e+01 3.0060e-04 3.0060e-04 [ 9.0019e-73 5.8287e-27 9.6567e-06 2.9094e-04 ] 0.0000e+00 [ 0.0000e+00 ] 9.9970e-01
 3.468e+01 2.7945e-04 2.7945e-04 [ 3.4927e-73 3.5402e-27 8.5908e-06 2.7086e-04 ] 0.0000e+00 [ 0.0000e+00 ] 9.9972e-01
 3.479e+01 2.5964e-04 2.5964e-04 [ 1.3532e-73 2.1457e-27 7.6356e-06 2.5201e-04 ] 0.0000e+00 [ 0.0000e+00 ] 9.9974e-01
 3.491e+01 2.4110e-04 2.4110e-04 [ 5.2353e-74 1.2978e-27 6.7805e-06 2.3432e-04 ] 0.0000e+00 [ 0.0000e+00 ] 9.9976e-01
 3.502e+01 2.2376e-04 2.2376e-04 [ 2.0226e-74 7.8335e-28 6.0156e-06 2.1775e-04 ] 0.0000e+00 [ 0.0000e+00 ] 9.9978e-01
 3.513e+01 2.0756e-04 2.0756e-04 [ 7.8036e-75 4.7185e-28 5.3323e-06 2.0222e-04 ] 0.0000e+00 [ 0.0000e+00 ] 9.9979e-01
 3.525e+01 1.9242e-04 1.9242e-04 [ 3.0067e-75 2.8363e-28 4.7224e-06 1.8769e-04 ] 0.0000e+00 [ 0.0000e+00 ] 9.9981e-01
 3.536e+01 1.7828e-04 1.7828e-04 [ 1.1569e-75 1.7015e-28 4.1785e-06 1.7410e-04 ] 0.0000e+00 [ 0.0000e+00 ] 9.9982e-01
 3.547e+01 1.6509e-04 1.6509e-04 [ 4.4456e-76 1.0186e-28 3.6940e-06 1.6140e-04 ] 0.0000e+00 [ 0.0000e+00 ] 9.9983e-01
 3.559e+01 1.5280e-04 1.5280e-04 [ 1.7061e-76 6.0859e-29 3.2628e-06 1.4953e-04 ] 0.0000e+00 [ 0.0000e+00 ] 9.9985e-01
 3.570e+01 1.4134e-04 1.4134e-04 [ 6.5392e-77 3.6289e-29 2.8795e-06 1.3846e-04 ] 0.0000e+00 [ 0.0000e+00 ] 9.9986e-01
 3.581e+01 1.3067e-04 1.3067e-04 [ 2.5032e-77 2.1595e-29 2.5390e-06 1.2813e-04 ] 0.0000e+00 [ 0.0000e+00 ] 9.9987e-01
 3.593e+01 1.2074e-04 1.2074e-04 [ 9.5703e-78 1.2826e-29 2.2368e-06 1.1850e-04 ] 0.0000e+00 [ 0.0000e+00 ] 9.9988e-01
 3.604e+01 1.1151e-04 1.1151e-04 [ 3.6545e-78 7.6028e-30 1.9689e-06 1.0954e-04 ] 0.0000e+00 [ 0.0000e+00 ] 9.9989e-01
 3.615e+01 1.0292e-04 1.0292e-04 [ 1.3938e-78 4.4979e-30 1.7316e-06 1.0119e-04 ] 0.0000e+00 [ 0.0000e+00 ] 9.9990e-01
 3.627e+01 9.4946e-05 9.4946e-05 [ 5.3096e-79 2.6558e-30 1.5216e-06 9.3425e-05 ] 0.0000e+00 [ 0.0000e+00 ] 9.9991e-01
 3.638e+01 8.7542e-05 8.7542e-05 [ 2.0203e-79 1.5652e-30 1.3360e-06 8.6206e-05 ] 0.0000e+00 [ 0.0000e+00 ] 9.9991e-01
 3.649e+01 8.0673e-05 8.0673e-05 [ 7.6784e-80 9.2065e-31 1.1720e-06 7.9501e-05 ] 0.0000e+00 [ 0.0000e+00 ] 9.9992e-01
 3.661e+01 7.4302e-05 7.4302e-05 [ 2.9150e-80 5.4051e-31 1.0273e-06 7.3275e-05 ] 0.0000e+00 [ 0.0000e+00 ] 9.9993e-01
 3.672e+01 6.8399e-05 6.8399e-05 [ 1.1054e-80 3.1674e-31 8.9976e-07 6.7499e-05 ] 0.0000e+00 [ 0.0000e+00 ] 9.9993e-01
 3.683e+01 6.2931e-05 6.2931e-05 [ 4.1870e-81 1.8526e-31 7.8738e-07 6.2143e-05 ] 0.0000e+00 [ 0.0000e+00 ] 9.9994e-01
 3.695e+01 5.7869e-05 5.7869e-05 [ 1.5843e-81 1.0816e-31 6.8847e-07 5.7181e-05 ] 0.0000e+00 [ 0.0000e+00 ] 9.9994e-01
 3.706e+01 5.3187e-05 5.3187e-05 [ 5.9882e-82 6.3028e-32 6.0150e-07 5.2585e-05 ] 0.0000e+00 [ 0.0000e+00 ] 9.9995e-01
 3.717e+01 4.8857e-05 4.8857e-05 [ 2.2610e-82 3.6662e-32 5.2510e-07 4.8332e-05 ] 0.0000e+00 [ 0.0000e+00 ] 9.9995e-01
 3.729e+01 4.4857e-05 4.4857e-05 [ 8.5281e-83 2.1286e-32 4.5803e-07 4.4399e-05 ] 0.0000e+00 [ 0.0000e+00 ] 9.9996e-01
 3.740e+01 4.1162e-05 4.1162e-05 [ 3.2134e-83 1.2337e-32 3.9920e-07 4.0763e-05 ] 0.0000e+00 [ 0.0000e+00 ] 9.9996e-01
 3.751e+01 3.7753e-05 3.7753e-05 [ 1.2096e-83 7.1373e-33 3.4766e-07 3.7405e-05 ] 0.0000e+00 [ 0.0000e+00 ] 9.9996e-01
 3.763e+01 3.4607e-05 3.4607e-05 [ 4.5486e-84 4.1218e-33 3.0253e-07 3.4305e-05 ] 0.0000e+00 [ 0.0000e+00 ] 9.9997e-01
 3.774e+01 3.1707e-05 3.1707e-05 [ 1.7088e-84 2.3761e-33 2.6306e-07 3.1444e-05 ] 0.0000e+00 [ 0.0000e+00 ] 9.9997e-01
 3.785e+01 2.9035e-05 2.9035e-05 [ 6.4136e-85 1.3674e-33 2.2855e-07 2.8807e-05 ] 0.0000e+00 [ 0.0000e+00 ] 9.9997e-01
 3.797e+01 2.6575e-05 2.6575e-05 [ 2.4048e-85 7.8550e-34 1.9842e-07 2.6376e-05 ] 0.0000e+00 [ 0.0000e+00 ] 9.9997e-01
 3.808e+01 2.4310e-05 2.4310e-05 [ 9.0088e-86 4.5045e-34 1.7213e-07 2.4138e-05 ] 0.0000e+00 [ 0.0000e+00 ] 9.9998e-01
 3.819e+01 2.2227e-05 2.2227e-05 [ 3.3717e-86 2.5787e-34 1.4921e-07 2.2078e-05 ] 0.0000e+00 [ 0.0000e+00 ] 9.9998e-01
 3.831e+01 2.0312e-05 2.0312e-05 [ 1.2608e-86 1.4737e-34 1.2924e-07 2.0183e-05 ] 0.0000e+00 [ 0.0000e+00 ] 9.9998e-01
 3.842e+01 1.8552e-05 1.8552e-05 [ 4.7102e-87 8.4081e-35 1.1186e-07 1.8440e-05 ] 0.0000e+00 [ 0.0000e+00 ] 9.9998e-01
 3.853e+01 1.6936e-05 1.6936e-05 [ 1.7581e-87 4.7889e-35 9.6738e-08 1.6840e-05 ] 0.0000e+00 [ 0.0000e+00 ] 9.9998e-01
 3.865e+01 1.5453e-05 1.5453e-05 [ 6.5567e-88 2.7230e-35 8.3601e-08 1.5370e-05 ] 0.0000e+00 [ 0.0000e+00 ] 9.9998e-01
 3.876e+01 1.4093e-05 1.4093e-05 [ 2.4432e-88 1.5457e-35 7.2194e-08 1.4021e-05 ] 0.0000e+00 [ 0.0000e+00 ] 9.9999e-01
 3.887e+01 1.2846e-05 1.2846e-05 [ 9.0960e-89 8.7600e-36 6.2296e-08 1.2784e-05 ] 0.0000e+00 [ 0.0000e+00 ] 9.9999e-01
 3.899e+01 1.1703e-05 1.1703e-05 [ 3.3837e-89 4.9563e-36 5.3716e-08 1.1649e-05 ] 0.0000e+00 [ 0.0000e+00 ] 9.9999e-01
 3.910e+01 1.0657e-05 1.0657e-05 [ 1.2577e-89 2.7996e-36 4.6283e-08 1.0610e-05 ] 0.0000e+00 [ 0.0000e+00 ] 9.9999e-01
 3.921e+01 9.6989e-06 9.6989e-06 [ 4.6708e-90 1.5789e-36 3.9850e-08 9.6590e-06 ] 0.0000e+00 [ 0.0000e+00 ] 9.9999e-01
 3.933e+01 8.8227e-06 8.8227e-06 [ 1.7333e-90 8.8895e-37 3.4285e-08 8.7884e-06 ] 0.0000e+00 [ 0.0000e+00 ] 9.9999e-01
 3.944e+01 8.0216e-06 8.0216e-06 [ 6.4271e-91 4.9971e-37 2.9476e-08 7.9921e-06 ] 0.0000e+00 [ 0.0000e+00 ] 9.9999e-01
 3.955e+01 7.2895e-06 7.2895e-06 [ 2.3813e-91 2.8046e-37 2.5323e-08 7.2642e-06 ] 0.0000e+00 [ 0.0000e+00 ] 9.9999e-01
 3.967e+01 6.6209e-06 6.6209e-06 [ 8.8163e-92 1.5716e-37 2.1740e-08 6.5992e-06 ] 0.0000e+00 [ 0.0000e+00 ] 9.9999e-01
 3.978e+01 6.0107e-06 6.0107e-06 [ 3.2616e-92 8.7925e-38 1.8650e-08 5.9920e-06 ] 0.0000e+00 [ 0.0000e+00 ] 9.9999e-01
 3.989e+01 5.4539e-06 5.4539e-06 [ 1.2057e-92 4.9115e-38 1.5988e-08 5.4379e-06 ] 0.0000e+00 [ 0.0000e+00 ] 9.9999e-01
 4.001e+01 4.9462e-06 4.9462e-06 [ 4.4539e-93 2.7393e-38 1.3696e-08 4.9325e-06 ] 0.0000e+00 [ 0.0000e+00 ] 1.0000e+00
 4.012e+01 4.4836e-06 4.4836e-06 [ 1.6441e-93 1.5254e-38 1.1724e-08 4.4718e-06 ] 0.0000e+00 [ 0.0000e+00 ] 1.0000e+00
 4.023e+01 4.0621e-06 4.0621e-06 [ 6.0645e-94 8.4817e-39 1.0029e-08 4.0521e-06 ] 0.0000e+00 [ 0.0000e+00 ] 1.0000e+00
 4.035e+01 3.6785e-06 3.6785e-06 [ 2.2354e-94 4.7088e-39 8.5734e-09 3.6699e-06 ] 0.0000e+00 [ 0.0000e+00 ] 1.0000e+00
 4.046e+01 3.3294e-06 3.3294e-06 [ 8.2341e-95 2.6102e-39 7.3236e-09 3.3221e-06 ] 0.0000e+00 [ 0.0000e+00 ] 1.0000e+00
 4.057e+01 3.0120e-06 3.0120e-06 [ 3.0310e-95 1.4447e-39 6.2517e-09 3.0057e-06 ] 0.0000e+00 [ 0.0000e+00 ] 1.0000e+00
 4.069e+01 2.7235e-06 2.7235e-06 [ 1.1149e-95 7.9847e-40 5.3329e-09 2.7181e-06 ] 0.0000e+00 [ 0.0000e+00 ] 1.0000e+00
 4.080e+01 2.4613e-06 2.4613e-06 [ 4.0985e-96 4.4063e-40 4.5460e-09 2.4568e-06 ] 0.0000e+00 [ 0.0000e+00 ] 1.0000e+00
 4.091e+01 2.2233e-06 2.2233e-06 [ 1.5056e-96 2.4280e-40 3.8725e-09 2.2195e-06 ] 0.0000e+00 [ 0.0000e+00 ] 1.0000e+00
 4.103e+01 2.0074e-06 2.0074e-06 [ 5.5273e-97 1.3360e-40 3.2965e-09 2.0041e-06 ] 0.0000e+00 [ 0.0000e+00 ] 1.0000e+00
 4.114e+01 1.8115e-06 1.8115e-06 [ 2.0278e-97 7.3401e-41 2.8042e-09 1.8087e-06 ] 0.0000e+00 [ 0.0000e+00 ] 1.0000e+00
 4.125e+01 1.6339e-06 1.6339e-06 [ 7.4349e-98 4.0269e-41 2.3839e-09 1.6315e-06 ] 0.0000e+00 [ 0.0000e+00 ] 1.0000e+00
 4.137e+01 1.4730e-06 1.4730e-06 [ 2.7242e-98 2.2061e-41 2.0251e-09 1.4710e-06 ] 0.0000e+00 [ 0.0000e+00 ] 1.0000e+00
 4.148e+01 1.3273e-06 1.3273e-06 [ 9.9758e-99 1.2068e-41 1.7192e-09 1.3256e-06 ] 0.0000e+00 [ 0.0000e+00 ] 1.0000e+00
 4.159e+01 1.1954e-06 1.1954e-06 [ 3.6507e-99 6.5925e-42 1.4585e-09 1.1939e-06 ] 0.0000e+00 [ 0.0000e+00 ] 1.0000e+00
 4.171e+01 1.0761e-06 1.0761e-06 [ 1.3352e-99 3.5961e-42 1.2365e-09 1.0749e-06 ] 0.0000e+00 [ 0.0000e+00 ] 1.0000e+00
 4.182e+01 9.6821e-07 9.6821e-07 [ 4.8804e-100 1.9589e-42 1.0475e-09 9.6717e-07 ] 0.0000e+00 [ 0.0000e+00 ] 1.0000e+00
 4.193e+01 8.7072e-07 8.7072e-07 [ 1.7828e-100 1.0656e-42 8.8690e-10 8.6984e-07 ] 0.0000e+00 [ 0.0000e+00 ] 1.0000e+00
 4.205e+01 7.8267e-07 7.8267e-07 [ 6.5087e-101 5.7882e-43 7.5038e-10 7.8192e-07 ] 0.0000e+00 [ 0.0000e+00 ] 1.0000e+00
 4.216e+01 7.0317e-07 7.0317e-07 [ 2.3749e-101 3.1398e-43 6.3445e-10 7.0254e-07 ] 0.0000e+00 [ 0.0000e+00 ] 1.0000e+00
 4.227e+01 6.3144e-07 6.3144e-07 [ 8.6603e-102 1.7008e-43 5.3607e-10 6.3091e-07 ] 0.0000e+00 [ 0.0000e+00 ] 1.0000e+00
 4.239e+01 5.6675e-07 5.6675e-07 [ 3.1563e-102 9.2007e-44 4.5264e-10 5.6630e-07 ] 0.0000e+00 [ 0.0000e+00 ] 1.0000e+00
 4.250e+01 5.0844e-07 5.0844e-07 [ 1.1497e-102 4.9704e-44 3.8195e-10 5.0806e-07 ] 0.0000e+00 [ 0.0000e+00 ] 1.0000e+00
 4.261e+01 4.5591e-07 4.5591e-07 [ 4.1854e-103 2.6815e-44 3.2208e-10 4.5559e-07 ] 0.0000e+00 [ 0.0000e+00 ] 1.0000e+00
 4.273e+01 4.0860e-07 4.0860e-07 [ 1.5229e-103 1.4447e-44 2.7142e-10 4.0833e-07 ] 0.0000e+00 [ 0.0000e+00 ] 1.0000e+00
 4.284e+01 3.6603e-07 3.6603e-07 [ 5.5380e-104 7.7729e-45 2.2858e-10 3.6580e-07 ] 0.0000e+00 [ 0.0000e+00 ] 1.0000e+00
 4.295e+01 3.2773e-07 3.2773e-07 [ 2.0128e-104 4.1766e-45 1.9237e-10 3.2754e-07 ] 0.0000e+00 [ 0.0000e+00 ] 1.0000e+00
 4.307e+01 2.9330e-07 2.9330e-07 [ 7.3118e-105 2.2412e-45 1.6179e-10 2.9314e-07 ] 0.0000e+00 [ 0.0000e+00 ] 1.0000e+00
 4.318e+01 2.6236e-07 2.6236e-07 [ 2.6547e-105 1.2010e-45 1.3598e-10 2.6222e-07 ] 0.0000e+00 [ 0.0000e+00 ] 1.0000e+00
 4.329e+01 2.3457e-07 2.3457e-07 [ 9.6335e-106 6.4279e-46 1.1422e-10 2.3445e-07 ] 0.0000e+00 [ 0.0000e+00 ] 1.0000e+00
 4.341e+01 2.0962e-07 2.0962e-07 [ 3.4941e-106 3.4357e-46 9.5875e-11 2.0952e-07 ] 0.0000e+00 [ 0.0000e+00 ] 1.0000e+00
 4.352e+01 1.8723e-07 1.8723e-07 [ 1.2666e-106 1.8340e-46 8.0425e-11 1.8715e-07 ] 0.0000e+00 [ 0.0000e+00 ] 1.0000e+00
 4.363e+01 1.6716e-07 1.6716e-07 [ 4.5894e-107 9.7772e-47 6.7421e-11 1.6709e-07 ] 0.0000e+00 [ 0.0000e+00 ] 1.0000e+00
 4.375e+01 1.4916e-07 1.4916e-07 [ 1.6620e-107 5.2056e-47 5.6483e-11 1.4911e-07 ] 0.0000e+00 [ 0.0000e+00 ] 1.0000e+00
 4.386e+01 1.3304e-07 1.3304e-07 [ 6.0160e-108 2.7681e-47 4.7289e-11 1.3299e-07 ] 0.0000e+00 [ 0.0000e+00 ] 1.0000e+00
 4.397e+01 1.1860e-07 1.1860e-07 [ 2.1765e-108 1.4700e-47 3.9567e-11 1.1856e-07 ] 0.0000e+00 [ 0.0000e+00 ] 1.0000e+00
 4.409e+01 1.0568e-07 1.0568e-07 [ 7.8707e-109 7.7969e-48 3.3084e-11 1.0565e-07 ] 0.0000e+00 [ 0.0000e+00 ] 1.0000e+00
 4.420e+01 9.4125e-08 9.4125e-08 [ 2.8448e-109 4.1302e-48 2.7645e-11 9.4097e-08 ] 0.0000e+00 [ 0.0000e+00 ] 1.0000e+00
 4.431e+01 8.3791e-08 8.3791e-08 [ 1.0277e-109 2.1851e-48 2.3086e-11 8.3768e-08 ] 0.0000e+00 [ 0.0000e+00 ] 1.0000e+00
 4.443e+01 7.4555e-08 7.4555e-08 [ 3.7111e-110 1.1546e-48 1.9267e-11 7.4536e-08 ] 0.0000e+00 [ 0.0000e+00 ] 1.0000e+00
 4.454e+01 6.6306e-08 6.6306e-08 [ 1.3394e-110 6.0935e-49 1.6069e-11 6.6290e-08 ] 0.0000e+00 [ 0.0000e+00 ] 1.0000e+00
 4.465e+01 5.8941e-08 5.8941e-08 [ 4.8322e-111 3.2118e-49 1.3393e-11 5.8928e-08 ] 0.0000e+00 [ 0.0000e+00 ] 1.0000e+00
 4.477e+01 5.2370e-08 5.2370e-08 [ 1.7425e-111 1.6908e-49 1.1156e-11 5.2359e-08 ] 0.0000e+00 [ 0.0000e+00 ] 1.0000e+00
 4.488e+01 4.6509e-08 4.6509e-08 [ 6.2804e-112 8.8903e-50 9.2867e-12 4.6499e-08 ] 0.0000e+00 [ 0.0000e+00 ] 1.0000e+00
 4.499e+01 4.1284e-08 4.1284e-08 [ 2.2626e-112 4.6688e-50 7.7257e-12 4.1276e-08 ] 0.0000e+00 [ 0.0000e+00 ] 1.0000e+00
 4.511e+01 3.6628e-08 3.6628e-08 [ 8.1479e-113 2.4489e-50 6.4230e-12 3.6622e-08 ] 0.0000e+00 [ 0.0000e+00 ] 1.0000e+00
 4.522e+01 3.2483e-08 3.2483e-08 [ 2.9328e-113 1.2829e-50 5.3367e-12 3.2477e-08 ] 0.0000e+00 [ 0.0000e+00 ] 1.0000e+00
 4.533e+01 2.8792e-08 2.8792e-08 [ 1.0552e-113 6.7129e-51 4.4312e-12 2.8788e-08 ] 0.0000e+00 [ 0.0000e+00 ] 1.0000e+00
 4.545e+01 2.5509e-08 2.5509e-08 [ 3.7948e-114 3.5084e-51 3.6771e-12 2.5506e-08 ] 0.0000e+00 [ 0.0000e+00 ] 1.0000e+00
 4.556e+01 2.2590e-08 2.2590e-08 [ 1.3641e-114 1.8314e-51 3.0494e-12 2.2587e-08 ] 0.0000e+00 [ 0.0000e+00 ] 1.0000e+00
 4.567e+01 1.9995e-08 1.9995e-08 [ 4.9016e-115 9.5486e-52 2.5273e-12 1.9993e-08 ] 0.0000e+00 [ 0.0000e+00 ] 1.0000e+00
 4.579e+01 1.7690e-08 1.7690e-08 [ 1.7605e-115 4.9726e-52 2.0933e-12 1.7688e-08 ] 0.0000e+00 [ 0.0000e+00 ] 1.0000e+00
 4.590e+01 1.5643e-08 1.5643e-08 [ 6.3205e-116 2.5866e-52 1.7327e-12 1.5641e-08 ] 0.0000e+00 [ 0.0000e+00 ] 1.0000e+00
 4.601e+01 1.3827e-08 1.3827e-08 [ 2.2682e-116 1.3438e-52 1.4334e-12 1.3825e-08 ] 0.0000e+00 [ 0.0000e+00 ] 1.0000e+00
 4.613e+01 1.2215e-08 1.2215e-08 [ 8.1365e-117 6.9738e-53 1.1850e-12 1.2214e-08 ] 0.0000e+00 [ 0.0000e+00 ] 1.0000e+00
 4.624e+01 1.0787e-08 1.0787e-08 [ 2.9175e-117 3.6148e-53 9.7906e-13 1.0786e-08 ] 0.0000e+00 [ 0.0000e+00 ] 1.0000e+00
 4.635e+01 9.5208e-09 9.5208e-09 [ 1.0457e-117 1.8715e-53 8.0840e-13 9.5199e-09 ] 0.0000e+00 [ 0.0000e+00 ] 1.0000e+00
 4.647e+01 8.3994e-09 8.3994e-09 [ 3.7465e-118 9.6787e-54 6.6708e-13 8.3987e-09 ] 0.0000e+00 [ 0.0000e+00 ] 1.0000e+00
 4.658e+01 7.4066e-09 7.4066e-09 [ 1.3417e-118 4.9996e-54 5.5013e-13 7.4061e-09 ] 0.0000e+00 [ 0.0000e+00 ] 1.0000e+00
 4.669e+01 6.5281e-09 6.5281e-09 [ 4.8032e-119 2.5796e-54 4.5340e-13 6.5276e-09 ] 0.0000e+00 [ 0.0000e+00 ] 1.0000e+00
 4.681e+01 5.7511e-09 5.7511e-09 [ 1.7188e-119 1.3295e-54 3.7345e-13 5.7507e-09 ] 0.0000e+00 [ 0.0000e+00 ] 1.0000e+00
 4.692e+01 5.0642e-09 5.0642e-09 [ 6.1483e-120 6.8442e-55 3.0741e-13 5.0639e-09 ] 0.0000e+00 [ 0.0000e+00 ] 1.0000e+00
 4.703e+01 4.4573e-09 4.4573e-09 [ 2.1984e-120 3.5194e-55 2.5289e-13 4.4570e-09 ] 0.0000e+00 [ 0.0000e+00 ] 1.0000e+00
 4.715e+01 3.9213e-09 3.9213e-09 [ 7.8576e-121 1.8077e-55 2.0791e-13 3.9211e-09 ] 0.0000e+00 [ 0.0000e+00 ] 1.0000e+00
 4.726e+01 3.4481e-09 3.4481e-09 [ 2.8074e-121 9.2748e-56 1.7083e-13 3.4479e-09 ] 0.0000e+00 [ 0.0000e+00 ] 1.0000e+00
 4.737e+01 3.0306e-09 3.0306e-09 [ 1.0027e-121 4.7533e-56 1.4028e-13 3.0305e-09 ] 0.0000e+00 [ 0.0000e+00 ] 1.0000e+00
 4.749e+01 2.6624e-09 2.6624e-09 [ 3.5797e-122 2.4334e-56 1.1512e-13 2.6623e-09 ] 0.0000e+00 [ 0.0000e+00 ] 1.0000e+00
 4.760e+01 2.3379e-09 2.3379e-09 [ 1.2775e-122 1.2444e-56 9.4414e-14 2.3378e-09 ] 0.0000e+00 [ 0.0000e+00 ] 1.0000e+00
 4.771e+01 2.0519e-09 2.0519e-09 [ 4.5574e-123 6.3562e-57 7.7387e-14 2.0519e-09 ] 0.0000e+00 [ 0.0000e+00 ] 1.0000e+00
 4.783e+01 1.8001e-09 1.8001e-09 [ 1.6252e-123 3.2433e-57 6.3391e-14 1.8001e-09 ] 0.0000e+00 [ 0.0000e+00 ] 1.0000e+00
 4.794e+01 1.5785e-09 1.5785e-09 [ 5.7936e-124 1.6531e-57 5.1895e-14 1.5785e-09 ] 0.0000e+00 [ 0.0000e+00 ] 1.0000e+00
 4.805e+01 1.3835e-09 1.3835e-09 [ 2.0645e-124 8.4164e-58 4.2459e-14 1.3835e-09 ] 0.0000e+00 [ 0.0000e+00 ] 1.0000e+00
 4.817e+01 1.2121e-09 1.2121e-09 [ 7.3541e-125 4.2805e-58 3.4717e-14 1.2120e-09 ] 0.0000e+00 [ 0.0000e+00 ] 1.0000e+00
 4.828e+01 1.0614e-09 1.0614e-09 [ 2.6187e-125 2.1747e-58 2.8370e-14 1.0613e-09 ] 0.0000e+00 [ 0.0000e+00 ] 1.0000e+00
 4.839e+01 9.2897e-10 9.2897e-10 [ 9.3215e-126 1.1036e-58 2.3169e-14 9.2895e-10 ] 0.0000e+00 [ 0.0000e+00 ] 1.0000e+00
 4.851e+01 8.1271e-10 8.1271e-10 [ 3.3169e-126 5.5949e-59 1.8910e-14 8.1269e-10 ] 0.0000e+00 [ 0.0000e+00 ] 1.0000e+00
 4.862e+01 7.1068e-10 7.1068e-10 [ 1.1798e-126 2.8334e-59 1.5425e-14 7.1066e-10 ] 0.0000e+00 [ 0.0000e+00 ] 1.0000e+00
 4.873e+01 6.2117e-10 6.2117e-10 [ 4.1951e-127 1.4333e-59 1.2574e-14 6.2116e-10 ] 0.0000e+00 [ 0.0000e+00 ] 1.0000e+00
 4.885e+01 5.4268e-10 5.4268e-10 [ 1.4912e-127 7.2434e-60 1.0245e-14 5.4267e-10 ] 0.0000e+00 [ 0.0000e+00 ] 1.0000e+00
 4.896e+01 4.7390e-10 4.7390e-10 [ 5.2985e-128 3.6566e-60 8.3414e-15 4.7389e-10 ] 0.0000e+00 [ 0.0000e+00 ] 1.0000e+00
 4.907e+01 4.1364e-10 4.1364e-10 [ 1.8820e-128 1.8440e-60 6.7878e-15 4.1363e-10 ] 0.0000e+00 [ 0.0000e+00 ] 1.0000e+00
 4.919e+01 3.6088e-10 3.6088e-10 [ 6.6826e-129 9.2892e-61 5.5202e-15 3.6087e-10 ] 0.0000e+00 [ 0.0000e+00 ] 1.0000e+00
 4.930e+01 3.1470e-10 3.1470e-10 [ 2.3720e-129 4.6747e-61 4.4866e-15 3.1470e-10 ] 0.0000e+00 [ 0.0000e+00 ] 1.0000e+00
 4.941e+01 2.7431e-10 2.7431e-10 [ 8.4168e-130 2.3500e-61 3.6444e-15 2.7430e-10 ] 0.0000e+00 [ 0.0000e+00 ] 1.0000e+00
 4.953e+01 2.3899e-10 2.3899e-10 [ 2.9856e-130 1.1802e-61 2.9585e-15 2.3899e-10 ] 0.0000e+00 [ 0.0000e+00 ] 1.0000e+00
 4.964e+01 2.0812e-10 2.0812e-10 [ 1.0587e-130 5.9208e-62 2.4003e-15 2.0812e-10 ] 0.0000e+00 [ 0.0000e+00 ] 1.0000e+00
 4.975e+01 1.8116e-10 1.8116e-10 [ 3.7526e-131 2.9674e-62 1.9463e-15 1.8116e-10 ] 0.0000e+00 [ 0.0000e+00 ] 1.0000e+00
 4.987e+01 1.5762e-10 1.5762e-10 [ 1.3298e-131 1.4856e-62 1.5772e-15 1.5762e-10 ] 0.0000e+00 [ 0.0000e+00 ] 1.0000e+00
 4.998e+01 1.3708e-10 1.3708e-10 [ 4.7105e-132 7.4305e-63 1.2773e-15 1.3707e-10 ] 0.0000e+00 [ 0.0000e+00 ] 1.0000e+00
 5.009e+01 1.1915e-10 1.1915e-10 [ 1.6681e-132 3.7126e-63 1.0338e-15 1.1915e-10 ] 0.0000e+00 [ 0.0000e+00 ] 1.0000e+00
 5.021e+01 1.0353e-10 1.0353e-10 [ 5.9051e-133 1.8531e-63 8.3630e-16 1.0353e-10 ] 0.0000e+00 [ 0.0000e+00 ] 1.0000e+00
 5.032e+01 8.9913e-11 8.9913e-11 [ 2.0897e-133 9.2405e-64 6.7610e-16 8.9912e-11 ] 0.0000e+00 [ 0.0000e+00 ] 1.0000e+00
 5.043e+01 7.8051e-11 7.8051e-11 [ 7.3928e-134 4.6031e-64 5.4626e-16 7.8051e-11 ] 0.0000e+00 [ 0.0000e+00 ] 1.0000e+00
 5.055e+01 6.7724e-11 6.7724e-11 [ 2.6145e-134 2.2907e-64 4.4110e-16 6.7723e-11 ] 0.0000e+00 [ 0.0000e+00 ] 1.0000e+00
 5.066e+01 5.8736e-11 5.8736e-11 [ 9.2434e-135 1.1389e-64 3.5597e-16 5.8736e-11 ] 0.0000e+00 [ 0.0000e+00 ] 1.0000e+00
 5.077e+01 5.0919e-11 5.0919e-11 [ 3.2669e-135 5.6563e-65 2.8710e-16 5.0918e-11 ] 0.0000e+00 [ 0.0000e+00 ] 1.0000e+00
 5.089e+01 4.4121e-11 4.4121e-11 [ 1.1542e-135 2.8065e-65 2.3142e-16 4.4121e-11 ] 0.0000e+00 [ 0.0000e+00 ] 1.0000e+00
 5.100e+01 3.8214e-11 3.8214e-11 [ 4.0768e-136 1.3912e-65 1.8643e-16 3.8214e-11 ] 0.0000e+00 [ 0.0000e+00 ] 1.0000e+00
 5.111e+01 3.3083e-11 3.3083e-11 [ 1.4395e-136 6.8891e-66 1.5010e-16 3.3083e-11 ] 0.0000e+00 [ 0.0000e+00 ] 1.0000e+00
 5.123e+01 2.8628e-11 2.8628e-11 [ 5.0811e-137 3.4082e-66 1.2078e-16 2.8628e-11 ] 0.0000e+00 [ 0.0000e+00 ] 1.0000e+00
 5.134e+01 2.4762e-11 2.4762e-11 [ 1.7930e-137 1.6845e-66 9.7126e-17 2.4762e-11 ] 0.0000e+00 [ 0.0000e+00 ] 1.0000e+00
 5.145e+01 2.1408e-11 2.1408e-11 [ 6.3249e-138 8.3173e-67 7.8061e-17 2.1408e-11 ] 0.0000e+00 [ 0.0000e+00 ] 1.0000e+00
 5.157e+01 1.8500e-11 1.8500e-11 [ 2.2305e-138 4.1028e-67 6.2701e-17 1.8500e-11 ] 0.0000e+00 [ 0.0000e+00 ] 1.0000e+00
 5.168e+01 1.5980e-11 1.5980e-11 [ 7.8634e-139 2.0219e-67 5.0335e-17 1.5980e-11 ] 0.0000e+00 [ 0.0000e+00 ] 1.0000e+00
 5.179e+01 1.3797e-11 1.3797e-11 [ 2.7713e-139 9.9549e-68 4.0384e-17 1.3797e-11 ] 0.0000e+00 [ 0.0000e+00 ] 1.0000e+00
 5.191e+01 1.1907e-11 1.1907e-11 [ 9.7642e-140 4.8965e-68 3.2381e-17 1.1907e-11 ] 0.0000e+00 [ 0.0000e+00 ] 1.0000e+00
 5.202e+01 1.0271e-11 1.0271e-11 [ 3.4392e-140 2.4062e-68 2.5949e-17 1.0271e-11 ] 0.0000e+00 [ 0.0000e+00 ] 1.0000e+00
 5.213e+01 8.8561e-12 8.8561e-12 [ 1.2110e-140 1.1813e-68 2.0783e-17 8.8561e-12 ] 0.0000e+00 [ 0.0000e+00 ] 1.0000e+00
 5.225e+01 7.6327e-12 7.6327e-12 [ 4.2627e-141 5.7941e-69 1.6635e-17 7.6326e-12 ] 0.0000e+00 [ 0.0000e+00 ] 1.0000e+00
 5.236e+01 6.5753e-12 6.5753e-12 [ 1.5001e-141 2.8392e-69 1.3308e-17 6.5753e-12 ] 0.0000e+00 [ 0.0000e+00 ] 1.0000e+00
 5.247e+01 5.6618e-12 5.6618e-12 [ 5.2772e-142 1.3900e-69 1.0640e-17 5.6618e-12 ] 0.0000e+00 [ 0.0000e+00 ] 1.0000e+00
 5.259e+01 4.8731e-12 4.8731e-12 [ 1.8560e-142 6.7985e-70 8.5017e-18 4.8731e-12 ] 0.0000e+00 [ 0.0000e+00 ] 1.0000e+00
 5.270e+01 4.1924e-12 4.1924e-12 [ 6.5254e-143 3.3221e-70 6.7894e-18 4.1924e-12 ] 0.0000e+00 [ 0.0000e+00 ] 1.0000e+00
 5.281e+01 3.6052e-12 3.6052e-12 [ 2.2936e-143 1.6218e-70 5.4188e-18 3.6052e-12 ] 0.0000e+00 [ 0.0000e+00 ] 1.0000e+00
 5.293e+01 3.0988e-12 3.0988e-12 [ 8.0593e-144 7.9106e-71 4.3224e-18 3.0988e-12 ] 0.0000e+00 [ 0.0000e+00 ] 1.0000e+00
 5.304e+01 2.6624e-12 2.6624e-12 [ 2.8311e-144 3.8548e-71 3.4458e-18 2.6624e-12 ] 0.0000e+00 [ 0.0000e+00 ] 1.0000e+00
 5.315e+01 2.2865e-12 2.2865e-12 [ 9.9422e-145 1.8767e-71 2.7455e-18 2.2865e-12 ] 0.0000e+00 [ 0.0000e+00 ] 1.0000e+00
 5.327e+01 1.9627e-12 1.9627e-12 [ 3.4905e-145 9.1287e-72 2.1862e-18 1.9627e-12 ] 0.0000e+00 [ 0.0000e+00 ] 1.0000e+00
 5.338e+01 1.6841e-12 1.6841e-12 [ 1.2251e-145 4.4363e-72 1.7398e-18 1.6841e-12 ] 0.0000e+00 [ 0.0000e+00 ] 1.0000e+00
 5.349e+01 1.4443e-12 1.4443e-12 [ 4.2986e-146 2.1539e-72 1.3838e-18 1.4443e-12 ] 0.0000e+00 [ 0.0000e+00 ] 1.0000e+00
 5.361e+01 1.2382e-12 1.2382e-12 [ 1.5079e-146 1.0449e-72 1.1000e-18 1.2382e-12 ] 0.0000e+00 [ 0.0000e+00 ] 1.0000e+00
 5.372e+01 1.0610e-12 1.0610e-12 [ 5.2878e-147 5.0639e-73 8.7394e-19 1.0610e-12 ] 0.0000e+00 [ 0.0000e+00 ] 1.0000e+00
 5.383e+01 9.0874e-13 9.0874e-13 [ 1.8538e-147 2.4521e-73 6.9392e-19 9.0874e-13 ] 0.0000e+00 [ 0.0000e+00 ] 1.0000e+00
 5.395e+01 7.7801e-13 7.7801e-13 [ 6.4972e-148 1.1863e-73 5.5066e-19 7.7801e-13 ] 0.0000e+00 [ 0.0000e+00 ] 1.0000e+00
 5.406e+01 6.6579e-13 6.6579e-13 [ 2.2765e-148 5.7340e-74 4.3673e-19 6.6579e-13 ] 0.0000e+00 [ 0.0000e+00 ] 1.0000e+00
 5.417e+01 5.6950e-13 5.6950e-13 [ 7.9744e-149 2.7691e-74 3.4618e-19 5.6950e-13 ] 0.0000e+00 [ 0.0000e+00 ] 1.0000e+00
 5.429e+01 4.8693e-13 4.8693e-13 [ 2.7926e-149 1.3361e-74 2.7424e-19 4.8693e-13 ] 0.0000e+00 [ 0.0000e+00 ] 1.0000e+00
 5.440e+01 4.1614e-13 4.1614e-13 [ 9.7766e-150 6.4410e-75 2.1713e-19 4.1614e-13 ] 0.0000e+00 [ 0.0000e+00 ] 1.0000e+00
 5.451e+01 3.5549e-13 3.5549e-13 [ 3.4218e-150 3.1024e-75 1.7181e-19 3.5549e-13 ] 0.0000e+00 [ 0.0000e+00 ] 1.0000e+00
 5.463e+01 3.0355e-13 3.0355e-13 [ 1.1973e-150 1.4930e-75 1.3588e-19 3.0355e-13 ] 0.0000e+00 [ 0.0000e+00 ] 1.0000e+00
 5.474e+01 2.5908e-13 2.5908e-13 [ 4.1882e-151 7.1784e-76 1.0740e-19 2.5908e-13 ] 0.0000e+00 [ 0.0000e+00 ] 1.0000e+00
 5.485e+01 2.2103e-13 2.2103e-13 [ 1.4647e-151 3.4485e-76 8.4839e-20 2.2103e-13 ] 0.0000e+00 [ 0.0000e+00 ] 1.0000e+00
 5.497e+01 1.8849e-13 1.8849e-13 [ 5.1208e-152 1.6552e-76 6.6981e-20 1.8849e-13 ] 0.0000e+00 [ 0.0000e+00 ] 1.0000e+00
 5.508e+01 1.6066e-13 1.6066e-13 [ 1.7899e-152 7.9378e-77 5.2851e-20 1.6066e-13 ] 0.0000e+00 [ 0.0000e+00 ] 1.0000e+00
 5.519e+01 1.3689e-13 1.3689e-13 [ 6.2543e-153 3.8034e-77 4.1679e-20 1.3689e-13 ] 0.0000e+00 [ 0.0000e+00 ] 1.0000e+00
 5.531e+01 1.1658e-13 1.1658e-13 [ 2.1849e-153 1.8209e-77 3.2850e-20 1.1658e-13 ] 0.0000e+00 [ 0.0000e+00 ] 1.0000e+00
 5.542e+01 9.9242e-14 9.9242e-14 [ 7.6307e-154 8.7099e-78 2.5876e-20 9.9242e-14 ] 0.0000e+00 [ 0.0000e+00 ] 1.0000e+00
 5.553e+01 8.4445e-14 8.4445e-14 [ 2.6643e-154 4.1627e-78 2.0372e-20 8.4445e-14 ] 0.0000e+00 [ 0.0000e+00 ] 1.0000e+00
 5.565e+01 7.1824e-14 7.1824e-14 [ 9.3000e-155 1.9878e-78 1.6029e-20 7.1824e-14 ] 0.0000e+00 [ 0.0000e+00 ] 1.0000e+00
 5.576e+01 6.1062e-14 6.1062e-14 [ 3.2455e-155 9.4842e-79 1.2605e-20 6.1062e-14 ] 0.0000e+00 [ 0.0000e+00 ] 1.0000e+00
 5.587e+01 5.1890e-14 5.1890e-14 [ 1.1323e-155 4.5213e-79 9.9068e-21 5.1890e-14 ] 0.0000e+00 [ 0.0000e+00 ] 1.0000e+00
 5.599e+01 4.4077e-14 4.4077e-14 [ 3.9493e-156 2.1536e-79 7.7818e-21 4.4077e-14 ] 0.0000e+00 [ 0.0000e+00 ] 1.0000e+00
 5.610e+01 3.7424e-14 3.7424e-14 [ 1.3771e-156 1.0249e-79 6.1091e-21 3.7424e-14 ] 0.0000e+00 [ 0.0000e+00 ] 1.0000e+00
 5.621e+01 3.1762e-14 3.1762e-14 [ 4.8008e-157 4.8739e-80 4.7933e-21 3.1761e-14 ] 0.0000e+00 [ 0.0000e+00 ] 1.0000e+00
 5.633e+01 2.6944e-14 2.6944e-14 [ 1.6732e-157 2.3157e-80 3.7588e-21 2.6944e-14 ] 0.0000e+00 [ 0.0000e+00 ] 1.0000e+00
 5.644e+01 2.2847e-14 2.2847e-14 [ 5.8299e-158 1.0994e-80 2.9459e-21 2.2847e-14 ] 0.0000e+00 [ 0.0000e+00 ] 1.0000e+00
 5.655e+01 1.9365e-14 1.9365e-14 [ 2.0308e-158 5.2148e-81 2.3075e-21 1.9365e-14 ] 0.0000e+00 [ 0.0000e+00 ] 1.0000e+00
 5.667e+01 1.6407e-14 1.6407e-14 [ 7.0725e-159 2.4716e-81 1.8065e-21 1.6407e-14 ] 0.0000e+00 [ 0.0000e+00 ] 1.0000e+00
 5.678e+01 1.3894e-14 1.3894e-14 [ 2.4624e-159 1.1705e-81 1.4134e-21 1.3894e-14 ] 0.0000e+00 [ 0.0000e+00 ] 1.0000e+00
 5.689e+01 1.1762e-14 1.1762e-14 [ 8.5713e-160 5.5385e-82 1.1053e-21 1.1762e-14 ] 0.0000e+00 [ 0.0000e+00 ] 1.0000e+00
 5.701e+01 9.9518e-15 9.9518e-15 [ 2.9828e-160 2.6186e-82 8.6381e-22 9.9518e-15 ] 0.0000e+00 [ 0.0000e+00 ] 1.0000e+00
 5.712e+01 8.4169e-15 8.4169e-15 [ 1.0377e-160 1.2371e-82 6.7473e-22 8.4169e-15 ] 0.0000e+00 [ 0.0000e+00 ] 1.0000e+00
 5.723e+01 7.1157e-15 7.1157e-15 [ 3.6094e-161 5.8394e-83 5.2675e-22 7.1157e-15 ] 0.0000e+00 [ 0.0000e+00 ] 1.0000e+00
 5.735e+01 6.0131e-15 6.0131e-15 [ 1.2551e-161 2.7542e-83 4.1099e-22 6.0131e-15 ] 0.0000e+00 [ 0.0000e+00 ] 1.0000e+00
 5.746e+01 5.0791e-15 5.0791e-15 [ 4.3635e-162 1.2980e-83 3.2049e-22 5.0791e-15 ] 0.0000e+00 [ 0.0000e+00 ] 1.0000e+00
 5.757e+01 4.2884e-15 4.2884e-15 [ 1.5166e-162 6.1121e-84 2.4978e-22 4.2884e-15 ] 0.0000e+00 [ 0.0000e+00 ] 1.0000e+00
 5.769e+01 3.6192e-15 3.6192e-15 [ 5.2699e-163 2.8759e-84 1.9456e-22 3.6192e-15 ] 0.0000e+00 [ 0.0000e+00 ] 1.0000e+00
 5.780e+01 3.0532e-15 3.0532e-15 [ 1.8307e-163 1.3521e-84 1.5147e-22 3.0532e-15 ] 0.0000e+00 [ 0.0000e+00 ] 1.0000e+00
 5.791e+01 2.5745e-15 2.5745e-15 [ 6.3584e-164 6.3518e-85 1.1785e-22 2.5745e-15 ] 0.0000e+00 [ 0.0000e+00 ] 1.0000e+00
 5.803e+01 2.1700e-15 2.1700e-15 [ 2.2078e-164 2.9816e-85 9.1649e-23 2.1700e-15 ] 0.0000e+00 [ 0.0000e+00 ] 1.0000e+00
 5.814e+01 1.8283e-15 1.8283e-15 [ 7.6644e-165 1.3985e-85 7.1230e-23 1.8283e-15 ] 0.0000e+00 [ 0.0000e+00 ] 1.0000e+00
 5.825e+01 1.5397e-15 1.5397e-15 [ 2.6600e-165 6.5543e-86 5.5330e-23 1.5397e-15 ] 0.0000e+00 [ 0.0000e+00 ] 1.0000e+00
 5.837e+01 1.2961e-15 1.2961e-15 [ 9.2297e-166 3.0694e-86 4.2956e-23 1.2961e-15 ] 0.0000e+00 [ 0.0000e+00 ] 1.0000e+00
 5.848e+01 1.0906e-15 1.0906e-15 [ 3.2018e-166 1.4363e-86 3.3330e-23 1.0906e-15 ] 0.0000e+00 [ 0.0000e+00 ] 1.0000e+00
 5.859e+01 9.1727e-16 9.1727e-16 [ 1.1104e-166 6.7157e-87 2.5847e-23 9.1727e-16 ] 0.0000e+00 [ 0.0000e+00 ] 1.0000e+00
 5.871e+01 7.7117e-16 7.7117e-16 [ 3.8502e-167 3.1377e-87 2.0033e-23 7.7117e-16 ] 0.0000e+00 [ 0.0000e+00 ] 1.0000e+00
 5.882e+01 6.4807e-16 6.4807e-16 [ 1.3347e-167 1.4648e-87 1.5519e-23 6.4807e-16 ] 0.0000e+00 [ 0.0000e+00 ] 1.0000e+00
 5.893e+01 5.4438e-16 5.4438e-16 [ 4.6257e-168 6.8335e-88 1.2015e-23 5.4438e-16 ] 0.0000e+00 [ 0.0000e+00 ] 1.0000e+00
 5.905e+01 4.5709e-16 4.5709e-16 [ 1.6027e-168 3.1854e-88 9.2967e-24 4.5709e-16 ] 0.0000e+00 [ 0.0000e+00 ] 1.0000e+00
 5.916e+01 3.8364e-16 3.8364e-16 [ 5.5521e-169 1.4837e-88 7.1897e-24 3.8364e-16 ] 0.0000e+00 [ 0.0000e+00 ] 1.0000e+00
 5.927e+01 3.2185e-16 3.2185e-16 [ 1.9229e-169 6.9055e-89 5.5572e-24 3.2185e-16 ] 0.0000e+00 [ 0.0000e+00 ] 1.0000e+00
 5.939e+01 2.6990e-16 2.6990e-16 [ 6.6579e-170 3.2116e-89 4.2929e-24 2.6990e-16 ] 0.0000e+00 [ 0.0000e+00 ] 1.0000e+00
 5.950e+01 2.2624e-16 2.2624e-16 [ 2.3048e-170 1.4925e-89 3.3145e-24 2.2624e-16 ] 0.0000e+00 [ 0.0000e+00 ] 1.0000e+00
 5.961e+01 1.8956e-16 1.8956e-16 [ 7.9766e-171 6.9308e-90 2.5577e-24 1.8956e-16 ] 0.0000e+00 [ 0.0000e+00 ] 1.0000e+00
 5.973e+01 1.5876e-16 1.5876e-16 [ 2.7600e-171 3.2161e-90 1.9726e-24 1.5876e-16 ] 0.0000e+00 [ 0.0000e+00 ] 1.0000e+00
 5.984e+01 1.3291e-16 1.3291e-16 [ 9.5477e-172 1.4912e-90 1.5205e-24 1.3291e-16 ] 0.0000e+00 [ 0.0000e+00 ] 1.0000e+00
 5.995e+01 1.1122e-16 1.1122e-16 [ 3.3021e-172 6.9094e-91 1.1714e-24 1.1122e-16 ] 0.0000e+00 [ 0.0000e+00 ] 1.0000e+00
 6.007e+01 9.3032e-17 9.3032e-17 [ 1.1418e-172 3.1990e-91 9.0192e-25 9.3032e-17 ] 0.0000e+00 [ 0.0000e+00 ] 1.0000e+00
 6.018e+01 7.7786e-17 7.7786e-17 [ 3.9472e-173 1.4800e-91 6.9407e-25 7.7786e-17 ] 0.0000e+00 [ 0.0000e+00 ] 1.0000e+00
 6.029e+01 6.5010e-17 6.5010e-17 [ 1.3642e-173 6.8420e-92 5.3383e-25 6.5010e-17 ] 0.0000e+00 [ 0.0000e+00 ] 1.0000e+00
 6.041e+01 5.4310e-17 5.4310e-17 [ 4.7140e-174 3.1608e-92 4.1036e-25 5.4310e-17 ] 0.0000e+00 [ 0.0000e+00 ] 1.0000e+00
 6.052e+01 4.5352e-17 4.5352e-17 [ 1.6285e-174 1.4591e-92 3.1528e-25 4.5352e-17 ] 0.0000e+00 [ 0.0000e+00 ] 1.0000e+00
 6.063e+01 3.7856e-17 3.7856e-17 [ 5.6248e-175 6.7306e-93 2.4209e-25 3.7856e-17 ] 0.0000e+00 [ 0.0000e+00 ] 1.0000e+00
 6.075e+01 3.1585e-17 3.1585e-17 [ 1.9423e-175 3.1025e-93 1.8579e-25 3.1585e-17 ] 0.0000e+00 [ 0.0000e+00 ] 1.0000e+00
 6.086e+01 2.6343e-17 2.6343e-17 [ 6.7057e-176 1.4290e-93 1.4251e-25 2.6343e-17 ] 0.0000e+00 [ 0.0000e+00 ] 1.0000e+00
 6.097e+01 2.1961e-17 2.1961e-17 [ 2.3145e-176 6.5776e-94 1.0925e-25 2.1961e-17 ] 0.0000e+00 [ 0.0000e+00 ] 1.0000e+00
 6.109e+01 1.8300e-17 1.8300e-17 [ 7.9871e-177 3.0254e-94 8.3708e-26 1.8300e-17 ] 0.0000e+00 [ 0.0000e+00 ] 1.0000e+00
 6.120e+01 1.5243e-17 1.5243e-17 [ 2.7556e-177 1.3905e-94 6.4102e-26 1.5243e-17 ] 0.0000e+00 [ 0.0000e+00 ] 1.0000e+00
 6.131e+01 1.2692e-17 1.2692e-17 [ 9.5051e-178 6.3864e-95 4.9062e-26 1.2692e-17 ] 0.0000e+00 [ 0.0000e+00 ] 1.0000e+00
 6.143e+01 1.0563e-17 1.0563e-17 [ 3.2779e-178 2.9311e-95 3.7530e-26 1.0563e-17 ] 0.0000e+00 [ 0.0000e+00 ] 1.0000e+00
 6.154e+01 8.7876e-18 8.7876e-18 [ 1.1302e-178 1.3443e-95 2.8693e-26 8.7876e-18 ] 0.0000e+00 [ 0.0000e+00 ] 1.0000e+00
 6.165e+01 7.3075e-18 7.3075e-18 [ 3.8958e-179 6.1609e-96 2.1925e-26 7.3075e-18 ] 0.0000e+00 [ 0.0000e+00 ] 1.0000e+00
 6.177e+01 6.0742e-18 6.0742e-18 [ 1.3426e-179 2.8215e-96 1.6744e-26 6.0742e-18 ] 0.0000e+00 [ 0.0000e+00 ] 1.0000e+00
 6.188e+01 5.0469e-18 5.0469e-18 [ 4.6261e-180 1.2913e-96 1.2781e-26 5.0469e-18 ] 0.0000e+00 [ 0.0000e+00 ] 1.0000e+00
 6.199e+01 4.1916e-18 4.1916e-18 [ 1.5936e-180 5.9055e-97 9.7504e-27 4.1916e-18 ] 0.0000e+00 [ 0.0000e+00 ] 1.0000e+00
 6.211e+01 3.4799e-18 3.4799e-18 [ 5.4886e-181 2.6989e-97 7.4344e-27 3.4799e-18 ] 0.0000e+00 [ 0.0000e+00 ] 1.0000e+00
 6.222e+01 2.8877e-18 2.8877e-18 [ 1.8899e-181 1.2325e-97 5.6654e-27 2.8877e-18 ] 0.0000e+00 [ 0.0000e+00 ] 1.0000e+00
 6.233e+01 2.3954e-18 2.3954e-18 [ 6.5063e-182 5.6249e-98 4.3151e-27 2.3954e-18 ] 0.0000e+00 [ 0.0000e+00 ] 1.0000e+00
 6.245e+01 1.9861e-18 1.9861e-18 [ 2.2394e-182 2.5652e-98 3.2848e-27 1.9861e-18 ] 0.0000e+00 [ 0.0000e+00 ] 1.0000e+00
 6.256e+01 1.6461e-18 1.6461e-18 [ 7.7060e-183 1.1691e-98 2.4992e-27 1.6461e-18 ] 0.0000e+00 [ 0.0000e+00 ] 1.0000e+00
 6.267e+01 1.3638e-18 1.3638e-18 [ 2.6512e-183 5.3241e-99 1.9004e-27 1.3638e-18 ] 0.0000e+00 [ 0.0000e+00 ] 1.0000e+00
 6.279e+01 1.1294e-18 1.1294e-18 [ 9.1192e-184 2.4230e-99 1.4443e-27 1.1294e-18 ] 0.0000e+00 [ 0.0000e+00 ] 1.0000e+00
 6.290e+01 9.3488e-19 9.3488e-19 [ 3.1360e-184 1.1020e-99 1.0971e-27 9.3488e-19 ] 0.0000e+00 [ 0.0000e+00 ] 1.0000e+00
 6.301e+01 7.7356e-19 7.7356e-19 [ 1.0782e-184 5.0081e-100 8.3292e-28 7.7356e-19 ] 0.0000e+00 [ 0.0000e+00 ] 1.0000e+00
 6.313e+01 6.3981e-19 6.3981e-19 [ 3.7064e-185 2.2745e-100 6.3201e-28 6.3981e-19 ] 0.0000e+00 [ 0.0000e+00 ] 1.0000e+00
 6.324e+01 5.2897e-19 5.2897e-19 [ 1.2738e-185 1.0323e-100 4.7930e-28 5.2897e-19 ] 0.0000e+00 [ 0.0000e+00 ] 1.0000e+00
 6.335e+01 4.3715e-19 4.3715e-19 [ 4.3768e-186 4.6819e-101 3.6330e-28 4.3715e-19 ] 0.0000e+00 [ 0.0000e+00 ] 1.0000e+00
 6.347e+01 3.6112e-19 3.6112e-19 [ 1.5035e-186 2.1220e-101 2.7522e-28 3.6112e-19 ] 0.0000e+00 [ 0.0000e+00 ] 1.0000e+00
 6.358e+01 2.9819e-19 2.9819e-19 [ 5.1640e-187 9.6110e-102 2.0838e-28 2.9819e-19 ] 0.0000e+00 [ 0.0000e+00 ] 1.0000e+00
 6.369e+01 2.4612e-19 2.4612e-19 [ 1.7732e-187 4.3501e-102 1.5770e-28 2.4612e-19 ] 0.0000e+00 [ 0.0000e+00 ] 1.0000e+00
 6.381e+01 2.0306e-19 2.0306e-19 [ 6.0876e-188 1.9676e-102 1.1927e-28 2.0306e-19 ] 0.0000e+00 [ 0.0000e+00 ] 1.0000e+00
 6.392e+01 1.6747e-19 1.6747e-19 [ 2.0895e-188 8.8937e-103 9.0164e-29 1.6747e-19 ] 0.0000e+00 [ 0.0000e+00 ] 1.0000e+00
 6.403e+01 1.3806e-19 1.3806e-19 [ 7.1704e-189 4.0173e-103 6.8122e-29 1.3806e-19 ] 0.0000e+00 [ 0.0000e+00 ] 1.0000e+00
 6.415e+01 1.1377e-19 1.1377e-19 [ 2.4601e-189 1.8134e-103 5.1441e-29 1.1377e-19 ] 0.0000e+00 [ 0.0000e+00 ] 1.0000e+00
 6.426e+01 9.3709e-20 9.3709e-20 [ 8.4385e-190 8.1802e-104 3.8825e-29 9.3709e-20 ] 0.0000e+00 [ 0.0000e+00 ] 1.0000e+00
 6.437e+01 7.7156e-20 7.7156e-20 [ 2.8939e-190 3.6876e-104 2.9287e-29 7.7156e-20 ] 0.0000e+00 [ 0.0000e+00 ] 1.0000e+00
 6.449e+01 6.3502e-20 6.3502e-20 [ 9.9224e-191 1.6612e-104 2.2080e-29 6.3502e-20 ] 0.0000e+00 [ 0.0000e+00 ] 1.0000e+00
 6.460e+01 5.2242e-20 5.2242e-20 [ 3.4014e-191 7.4787e-105 1.6638e-29 5.2242e-20 ] 0.0000e+00 [ 0.0000e+00 ] 1.0000e+00
 6.471e+01 4.2961e-20 4.2961e-20 [ 1.1657e-191 3.3646e-105 1.2530e-29 4.2961e-20 ] 0.0000e+00 [ 0.0000e+00 ] 1.0000e+00
 6.483e+01 3.5315e-20 3.5315e-20 [ 3.9944e-192 1.5127e-105 9.4319e-30 3.5315e-20 ] 0.0000e+00 [ 0.0000e+00 ] 1.0000e+00
 6.494e+01 2.9017e-20 2.9017e-20 [ 1.3684e-192 6.7965e-106 7.0959e-30 2.9017e-20 ] 0.0000e+00 [ 0.0000e+00 ] 1.0000e+00
 6.505e+01 2.3833e-20 2.3833e-20 [ 4.6867e-193 3.0516e-106 5.3356e-30 2.3833e-20 ] 0.0000e+00 [ 0.0000e+00 ] 1.0000e+00
 6.517e+01 1.9567e-20 1.9567e-20 [ 1.6049e-193 1.3693e-106 4.0098e-30 1.9567e-20 ] 0.0000e+00 [ 0.0000e+00 ] 1.0000e+00
 6.528e+01 1.6058e-20 1.6058e-20 [ 5.4943e-194 6.1399e-107 3.0119e-30 1.6058e-20 ] 0.0000e+00 [ 0.0000e+00 ] 1.0000e+00
 6.539e+01 1.3173e-20 1.3173e-20 [ 1.8806e-194 2.7513e-107 2.2611e-30 1.3173e-20 ] 0.0000e+00 [ 0.0000e+00 ] 1.0000e+00
 6.551e+01 1.0802e-20 1.0802e-20 [ 6.4354e-195 1.2321e-107 1.6966e-30 1.0802e-20 ] 0.0000e+00 [ 0.0000e+00 ] 1.0000e+00
 6.562e+01 8.8541e-21 8.8541e-21 [ 2.2017e-195 5.5138e-108 1.2723e-30 8.8541e-21 ] 0.0000e+00 [ 0.0000e+00 ] 1.0000e+00
 6.573e+01 7.2545e-21 7.2545e-21 [ 7.5311e-196 2.4659e-108 9.5364e-31 7.2545e-21 ] 0.0000e+00 [ 0.0000e+00 ] 1.0000e+00
 6.585e+01 5.9415e-21 5.9415e-21 [ 2.5755e-196 1.1021e-108 7.1441e-31 5.9415e-21 ] 0.0000e+00 [ 0.0000e+00 ] 1.0000e+00
 6.596e+01 4.8641e-21 4.8641e-21 [ 8.8057e-197 4.9225e-109 5.3491e-31 4.8641e-21 ] 0.0000e+00 [ 0.0000e+00 ] 1.0000e+00
 6.607e+01 3.9805e-21 3.9805e-21 [ 3.0100e-197 2.1971e-109 4.0030e-31 3.9805e-21 ] 0.0000e+00 [ 0.0000e+00 ] 1.0000e+00
 6.619e+01 3.2560e-21 3.2560e-21 [ 1.0287e-197 9.8004e-110 2.9940e-31 3.2560e-21 ] 0.0000e+00 [ 0.0000e+00 ] 1.0000e+00
 6.630e+01 2.6624e-21 2.6624e-21 [ 3.5147e-198 4.3686e-110 2.2382e-31 2.6624e-21 ] 0.0000e+00 [ 0.0000e+00 ] 1.0000e+00
 6.641e+01 2.1761e-21 2.1761e-21 [ 1.2006e-198 1.9461e-110 1.6723e-31 2.1761e-21 ] 0.0000e+00 [ 0.0000e+00 ] 1.0000e+00
 6.653e+01 1.7779e-21 1.7779e-21 [ 4.1003e-199 8.6637e-111 1.2488e-31 1.7779e-21 ] 0.0000e+00 [ 0.0000e+00 ] 1.0000e+00
 6.664e+01 1.4519e-21 1.4519e-21 [ 1.4000e-199 3.8544e-111 9.3208e-32 1.4519e-21 ] 0.0000e+00 [ 0.0000e+00 ] 1.0000e+00
 6.675e+01 1.1853e-21 1.1853e-21 [ 4.7791e-200 1.7137e-111 6.9531e-32 1.1853e-21 ] 0.0000e+00 [ 0.0000e+00 ] 1.0000e+00
 6.687e+01 9.6722e-22 9.6722e-22 [ 1.6310e-200 7.6139e-112 5.1841e-32 9.6722e-22 ] 0.0000e+00 [ 0.0000e+00 ] 1.0000e+00
 6.698e+01 7.8895e-22 7.8895e-22 [ 5.5652e-201 3.3807e-112 3.8632e-32 7.8895e-22 ] 0.0000e+00 [ 0.0000e+00 ] 1.0000e+00
 6.709e+01 6.4327e-22 6.4327e-22 [ 1.8984e-201 1.5001e-112 2.8773e-32 6.4327e-22 ] 0.0000e+00 [ 0.0000e+00 ] 1.0000e+00
 6.721e+01 5.2429e-22 5.2429e-22 [ 6.4744e-202 6.6521e-113 2.1419e-32 5.2429e-22 ] 0.0000e+00 [ 0.0000e+00 ] 1.0000e+00
 6.732e+01 4.2714e-22 4.2714e-22 [ 2.2075e-202 2.9479e-113 1.5936e-32 4.2714e-22 ] 0.0000e+00 [ 0.0000e+00 ] 1.0000e+00
 6.743e+01 3.4785e-22 3.4785e-22 [ 7.5250e-203 1.3055e-113 1.1850e-32 3.4785e-22 ] 0.0000e+00 [ 0.0000e+00 ] 1.0000e+00
 6.755e+01 2.8316e-22 2.8316e-22 [ 2.5645e-203 5.7776e-114 8.8075e-33 2.8316e-22 ] 0.0000e+00 [ 0.0000e+00 ] 1.0000e+00
 6.766e+01 2.3041e-22 2.3041e-22 [ 8.7377e-204 2.5553e-114 6.5426e-33 2.3041e-22 ] 0.0000e+00 [ 0.0000e+00 ] 1.0000e+00
 6.777e+01 1.8741e-22 1.8741e-22 [ 2.9763e-204 1.1294e-114 4.8575e-33 1.8741e-22 ] 0.0000e+00 [ 0.0000e+00 ] 1.0000e+00
 6.789e+01 1.5238e-22 1.5238e-22 [ 1.0136e-204 4.9886e-115 3.6046e-33 1.5238e-22 ] 0.0000e+00 [ 0.0000e+00 ] 1.0000e+00
 6.800e+01 1.2384e-22 1.2384e-22 [ 3.4509e-205 2.2020e-115 2.6734e-33 1.2384e-22 ] 0.0000e+00 [ 0.0000e+00 ] 1.0000e+00
 6.811e+01 1.0061e-22 1.0061e-22 [ 1.1746e-205 9.7133e-116 1.9817e-33 1.0061e-22 ] 0.0000e+00 [ 0.0000e+00 ] 1.0000e+00
 6.823e+01 8.1704e-23 8.1704e-23 [ 3.9970e-206 4.2818e-116 1.4682e-33 8.1704e-23 ] 0.0000e+00 [ 0.0000e+00 ] 1.0000e+00
 6.834e+01 6.6324e-23 6.6324e-23 [ 1.3598e-206 1.8863e-116 1.0872e-33 6.6324e-23 ] 0.0000e+00 [ 0.0000e+00 ] 1.0000e+00
 6.845e+01 5.3817e-23 5.3817e-23 [ 4.6249e-207 8.3042e-117 8.0466e-34 5.3817e-23 ] 0.0000e+00 [ 0.0000e+00 ] 1.0000e+00
 6.857e+01 4.3651e-23 4.3651e-23 [ 1.5726e-207 3.6534e-117 5.9522e-34 4.3651e-23 ] 0.0000e+00 [ 0.0000e+00 ] 1.0000e+00
 6.868e+01 3.5391e-23 3.5391e-23 [ 5.3457e-208 1.6062e-117 4.4006e-34 3.5391e-23 ] 0.0000e+00 [ 0.0000e+00 ] 1.0000e+00
 6.879e+01 2.8683e-23 2.8683e-23 [ 1.8167e-208 7.0572e-118 3.2518e-34 2.8683e-23 ] 0.0000e+00 [ 0.0000e+00 ] 1.0000e+00
 6.891e+01 2.3237e-23 2.3237e-23 [ 6.1723e-209 3.0986e-118 2.4016e-34 2.3237e-23 ] 0.0000e+00 [ 0.0000e+00 ] 1.0000e+00
 6.902e+01 1.8817e-23 1.8817e-23 [ 2.0965e-209 1.3596e-118 1.7727e-34 1.8817e-23 ] 0.0000e+00 [ 0.0000e+00 ] 1.0000e+00
 6.913e+01 1.5232e-23 1.5232e-23 [ 7.1189e-210 5.9614e-119 1.3078e-34 1.5232e-23 ] 0.0000e+00 [ 0.0000e+00 ] 1.0000e+00
 6.925e+01 1.2325e-23 1.2325e-23 [ 2.4167e-210 2.6122e-119 9.6435e-35 1.2325e-23 ] 0.0000e+00 [ 0.0000e+00 ] 1.0000e+00
 6.936e+01 9.9690e-24 9.9690e-24 [ 8.2015e-211 1.1438e-119 7.1070e-35 9.9690e-24 ] 0.0000e+00 [ 0.0000e+00 ] 1.0000e+00
 6.947e+01 8.0600e-24 8.0600e-24 [ 2.7826e-211 5.0052e-120 5.2348e-35 8.0600e-24 ] 0.0000e+00 [ 0.0000e+00 ] 1.0000e+00
 6.959e+01 6.5140e-24 6.5140e-24 [ 9.4379e-212 2.1887e-120 3.8538e-35 6.5140e-24 ] 0.0000e+00 [ 0.0000e+00 ] 1.0000e+00
 6.970e+01 5.2624e-24 5.2624e-24 [ 3.2002e-212 9.5645e-121 2.8356e-35 5.2624e-24 ] 0.0000e+00 [ 0.0000e+00 ] 1.0000e+00
 6.981e+01 4.2496e-24 4.2496e-24 [ 1.0848e-212 4.1767e-121 2.0853e-35 4.2496e-24 ] 0.0000e+00 [ 0.0000e+00 ] 1.0000e+00
 6.993e+01 3.4304e-24 3.4304e-24 [ 3.6761e-213 1.8227e-121 1.5326e-35 3.4304e-24 ] 0.0000e+00 [ 0.0000e+00 ] 1.0000e+00
 7.004e+01 2.7680e-24 2.7680e-24 [ 1.2454e-213 7.9483e-122 1.1259e-35 2.7680e-24 ] 0.0000e+00 [ 0.0000e+00 ] 1.0000e+00
 7.015e+01 2.2326e-24 2.2326e-24 [ 4.2176e-214 3.4637e-122 8.2661e-36 2.2326e-24 ] 0.0000e+00 [ 0.0000e+00 ] 1.0000e+00
 7.027e+01 1.8001e-24 1.8001e-24 [ 1.4279e-214 1.5084e-122 6.0656e-36 1.8001e-24 ] 0.0000e+00 [ 0.0000e+00 ] 1.0000e+00
 7.038e+01 1.4507e-24 1.4507e-24 [ 4.8328e-215 6.5639e-123 4.4484e-36 1.4507e-24 ] 0.0000e+00 [ 0.0000e+00 ] 1.0000e+00
 7.049e+01 1.1687e-24 1.1687e-24 [ 1.6351e-215 2.8544e-123 3.2606e-36 1.1687e-24 ] 0.0000e+00 [ 0.0000e+00 ] 1.0000e+00
 7.061e+01 9.4118e-25 9.4118e-25 [ 5.5306e-216 1.2404e-123 2.3886e-36 9.4118e-25 ] 0.0000e+00 [ 0.0000e+00 ] 1.0000e+00
 7.072e+01 7.5762e-25 7.5762e-25 [ 1.8700e-216 5.3863e-124 1.7489e-36 7.5762e-25 ] 0.0000e+00 [ 0.0000e+00 ] 1.0000e+00
 7.083e+01 6.0963e-25 6.0963e-25 [ 6.3207e-217 2.3373e-124 1.2797e-36 6.0963e-25 ] 0.0000e+00 [ 0.0000e+00 ] 1.0000e+00
 7.095e+01 4.9035e-25 4.9035e-25 [ 2.1357e-217 1.0135e-124 9.3591e-37 4.9035e-25 ] 0.0000e+00 [ 0.0000e+00 ] 1.0000e+00
 7.106e+01 3.9425e-25 3.9425e-25 [ 7.2138e-218 4.3914e-125 6.8407e-37 3.9425e-25 ] 0.0000e+00 [ 0.0000e+00 ] 1.0000e+00
 7.117e+01 3.1686e-25 3.1686e-25 [ 2.4357e-218 1.9014e-125 4.9971e-37 3.1686e-25 ] 0.0000e+00 [ 0.0000e+00 ] 1.0000e+00
 7.129e+01 2.5456e-25 2.5456e-25 [ 8.2214e-219 8.2265e-126 3.6482e-37 2.5456e-25 ] 0.0000e+00 [ 0.0000e+00 ] 1.0000e+00
 7.140e+01 2.0443e-25 2.0443e-25 [ 2.7740e-219 3.5567e-126 2.6619e-37 2.0443e-25 ] 0.0000e+00 [ 0.0000e+00 ] 1.0000e+00
 7.151e+01 1.6410e-25 1.6410e-25 [ 9.3561e-220 1.5365e-126 1.9410e-37 1.6410e-25 ] 0.0000e+00 [ 0.0000e+00 ] 1.0000e+00
 7.163e+01 1.3168e-25 1.3168e-25 [ 3.1545e-220 6.6331e-127 1.4146e-37 1.3168e-25 ] 0.0000e+00 [ 0.0000e+00 ] 1.0000e+00
 7.174e+01 1.0562e-25 1.0562e-25 [ 1.0631e-220 2.8613e-127 1.0303e-37 1.0562e-25 ] 0.0000e+00 [ 0.0000e+00 ] 1.0000e+00
 7.185e+01 8.4689e-26 8.4689e-26 [ 3.5816e-221 1.2333e-127 7.4990e-38 8.4689e-26 ] 0.0000e+00 [ 0.0000e+00 ] 1.0000e+00
 7.197e+01 6.7877e-26 6.7877e-26 [ 1.2061e-221 5.3119e-128 5.4549e-38 6.7877e-26 ] 0.0000e+00 [ 0.0000e+00 ] 1.0000e+00
 7.208e+01 5.4380e-26 5.4380e-26 [ 4.0602e-222 2.2861e-128 3.9655e-38 5.4380e-26 ] 0.0000e+00 [ 0.0000e+00 ] 1.0000e+00
 7.219e+01 4.3550e-26 4.3550e-26 [ 1.3662e-222 9.8308e-129 2.8809e-38 4.3550e-26 ] 0.0000e+00 [ 0.0000e+00 ] 1.0000e+00
 7.231e+01 3.4863e-26 3.4863e-26 [ 4.5951e-223 4.2242e-129 2.0916e-38 3.4863e-26 ] 0.0000e+00 [ 0.0000e+00 ] 1.0000e+00
 7.242e+01 2.7898e-26 2.7898e-26 [ 1.5449e-223 1.8136e-129 1.5175e-38 2.7898e-26 ] 0.0000e+00 [ 0.0000e+00 ] 1.0000e+00
 7.253e+01 2.2316e-26 2.2316e-26 [ 5.1916e-224 7.7804e-130 1.1003e-38 2.2316e-26 ] 0.0000e+00 [ 0.0000e+00 ] 1.0000e+00
 7.265e+01 1.7844e-26 1.7844e-26 [ 1.7439e-224 3.3351e-130 7.9722e-39 1.7844e-26 ] 0.0000e+00 [ 0.0000e+00 ] 1.0000e+00
 7.276e+01 1.4262e-26 1.4262e-26 [ 5.8550e-225 1.4284e-130 5.7723e-39 1.4262e-26 ] 0.0000e+00 [ 0.0000e+00 ] 1.0000e+00
 7.287e+01 1.1395e-26 1.1395e-26 [ 1.9649e-225 6.1127e-131 4.1765e-39 1.1395e-26 ] 0.0000e+00 [ 0.0000e+00 ] 1.0000e+00
 7.299e+01 9.1003e-27 9.1003e-27 [ 6.5911e-226 2.6137e-131 3.0197e-39 9.1003e-27 ] 0.0000e+00 [ 0.0000e+00 ] 1.0000e+00
 7.310e+01 7.2651e-27 7.2651e-27 [ 2.2098e-226 1.1166e-131 2.1817e-39 7.2651e-27 ] 0.0000e+00 [ 0.0000e+00 ] 1.0000e+00
 7.321e+01 5.7977e-27 5.7977e-27 [ 7.4053e-227 4.7662e-132 1.5751e-39 5.7977e-27 ] 0.0000e+00 [ 0.0000e+00 ] 1.0000e+00
 7.333e+01 4.6248e-27 4.6248e-27 [ 2.4803e-227 2.0327e-132 1.1362e-39 4.6248e-27 ] 0.0000e+00 [ 0.0000e+00 ] 1.0000e+00
 7.344e+01 3.6878e-27 3.6878e-27 [ 8.3034e-228 8.6613e-133 8.1904e-40 3.6878e-27 ] 0.0000e+00 [ 0.0000e+00 ] 1.0000e+00
 7.355e+01 2.9395e-27 2.9395e-27 [ 2.7782e-228 3.6873e-133 5.8991e-40 2.9395e-27 ] 0.0000e+00 [ 0.0000e+00 ] 1.0000e+00
 7.367e+01 2.3421e-27 2.3421e-27 [ 9.2908e-229 1.5683e-133 4.2454e-40 2.3421e-27 ] 0.0000e+00 [ 0.0000e+00 ] 1.0000e+00
 7.378e+01 1.8654e-27 1.8654e-27 [ 3.1052e-229 6.6645e-134 3.0527e-40 1.8654e-27 ] 0.0000e+00 [ 0.0000e+00 ] 1.0000e+00
 7.389e+01 1.4851e-27 1.4851e-27 [ 1.0373e-229 2.8294e-134 2.1932e-40 1.4851e-27 ] 0.0000e+00 [ 0.0000e+00 ] 1.0000e+00
 7.401e+01 1.1819e-27 1.1819e-27 [ 3.4628e-230 1.2001e-134 1.5743e-40 1.1819e-27 ] 0.0000e+00 [ 0.0000e+00 ] 1.0000e+00
 7.412e+01 9.4022e-28 9.4022e-28 [ 1.1553e-230 5.0853e-135 1.1290e-40 9.4022e-28 ] 0.0000e+00 [ 0.0000e+00 ] 1.0000e+00
 7.423e+01 7.4768e-28 7.4768e-28 [ 3.8523e-231 2.1527e-135 8.0894e-41 7.4768e-28 ] 0.0000e+00 [ 0.0000e+00 ] 1.0000e+00
 7.435e+01 5.9433e-28 5.9433e-28 [ 1.2837e-231 9.1042e-136 5.7906e-41 5.9433e-28 ] 0.0000e+00 [ 0.0000e+00 ] 1.0000e+00
 7.446e+01 4.7225e-28 4.7225e-28 [ 4.2749e-232 3.8463e-136 4.1410e-41 4.7225e-28 ] 0.0000e+00 [ 0.0000e+00 ] 1.0000e+00
 7.457e+01 3.7510e-28 3.7510e-28 [ 1.4226e-232 1.6233e-136 2.9583e-41 3.7510e-28 ] 0.0000e+00 [ 0.0000e+00 ] 1.0000e+00
 7.469e+01 2.9781e-28 2.9781e-28 [ 4.7312e-233 6.8441e-137 2.1113e-41 2.9781e-28 ] 0.0000e+00 [ 0.0000e+00 ] 1.0000e+00
 7.480e+01 2.3636e-28 2.3636e-28 [ 1.5723e-233 2.8824e-137 1.5052e-41 2.3636e-28 ] 0.0000e+00 [ 0.0000e+00 ] 1.0000e+00
 7.491e+01 1.8752e-28 1.8752e-28 [ 5.2213e-234 1.2126e-137 1.0719e-41 1.8752e-28 ] 0.0000e+00 [ 0.0000e+00 ] 1.0000e+00
 7.503e+01 1.4871e-28 1.4871e-28 [ 1.7326e-234 5.0958e-138 7.6249e-42 1.4871e-28 ] 0.0000e+00 [ 0.0000e+00 ] 1.0000e+00
 7.514e+01 1.1789e-28 1.1789e-28 [ 5.7449e-235 2.1390e-138 5.4177e-42 1.1789e-28 ] 0.0000e+00 [ 0.0000e+00 ] 1.0000e+00
 7.525e+01 9.3415e-29 9.3415e-29 [ 1.9033e-235 8.9679e-139 3.8448e-42 9.3415e-29 ] 0.0000e+00 [ 0.0000e+00 ] 1.0000e+00
 7.537e+01 7.3995e-29 7.3995e-29 [ 6.3007e-236 3.7554e-139 2.7252e-42 7.3995e-29 ] 0.0000e+00 [ 0.0000e+00 ] 1.0000e+00
 7.548e+01 5.8589e-29 5.8589e-29 [ 2.0839e-236 1.5707e-139 1.9292e-42 5.8589e-29 ] 0.0000e+00 [ 0.0000e+00 ] 1.0000e+00
 7.559e+01 4.6372e-29 4.6372e-29 [ 6.8862e-237 6.5612e-140 1.3638e-42 4.6372e-29 ] 0.0000e+00 [ 0.0000e+00 ] 1.0000e+00
 7.571e+01 3.6689e-29 3.6689e-29 [ 2.2734e-237 2.7372e-140 9.6289e-43 3.6689e-29 ] 0.0000e+00 [ 0.0000e+00 ] 1.0000e+00
 7.582e+01 2.9016e-29 2.9016e-29 [ 7.4980e-238 1.1404e-140 6.7885e-43 2.9016e-29 ] 0.0000e+00 [ 0.0000e+00 ] 1.0000e+00
 7.593e+01 2.2938e-29 2.2938e-29 [ 2.4704e-238 4.7447e-141 4.7790e-43 2.2938e-29 ] 0.0000e+00 [ 0.0000e+00 ] 1.0000e+00
 7.605e+01 1.8127e-29 1.8127e-29 [ 8.1309e-239 1.9713e-141 3.3593e-43 1.8127e-29 ] 0.0000e+00 [ 0.0000e+00 ] 1.0000e+00
 7.616e+01 1.4319e-29 1.4319e-29 [ 2.6731e-239 8.1780e-142 2.3576e-43 1.4319e-29 ] 0.0000e+00 [ 0.0000e+00 ] 1.0000e+00
 7.627e+01 1.1306e-29 1.1306e-29 [ 8.7779e-240 3.3876e-142 1.6519e-43 1.1306e-29 ] 0.0000e+00 [ 0.0000e+00 ] 1.0000e+00
 7.639e+01 8.9234e-30 8.9234e-30 [ 2.8789e-240 1.4010e-142 1.1554e-43 8.9234e-30 ] 0.0000e+00 [ 0.0000e+00 ] 1.0000e+00
 7.650e+01 7.0400e-30 7.0400e-30 [ 9.4301e-241 5.7846e-143 8.0676e-44 7.0400e-30 ] 0.0000e+00 [ 0.0000e+00 ] 1.0000e+00
 7.661e+01 5.5518e-30 5.5518e-30 [ 3.0846e-241 2.3843e-143 5.6226e-44 5.5518e-30 ] 0.0000e+00 [ 0.0000e+00 ] 1.0000e+00
 7.673e+01 4.3763e-30 4.3763e-30 [ 1.0075e-241 9.8103e-144 3.9109e-44 4.3763e-30 ] 0.0000e+00 [ 0.0000e+00 ] 1.0000e+00
 7.684e+01 3.4481e-30 3.4481e-30 [ 3.2859e-242 4.0288e-144 2.7148e-44 3.4481e-30 ] 0.0000e+00 [ 0.0000e+00 ] 1.0000e+00
 7.695e+01 2.7156e-30 2.7156e-30 [ 1.0699e-242 1.6513e-144 1.8804e-44 2.7156e-30 ] 0.0000e+00 [ 0.0000e+00 ] 1.0000e+00
 7.707e+01 2.1376e-30 2.1376e-30 [ 3.4777e-243 6.7538e-145 1.2995e-44 2.1376e-30 ] 0.0000e+00 [ 0.0000e+00 ] 1.0000e+00
 7.718e+01 1.6818e-30 1.6818e-30 [ 1.1283e-243 2.7563e-145 8.9595e-45 1.6818e-30 ] 0.0000e+00 [ 0.0000e+00 ] 1.0000e+00
 7.729e+01 1.3224e-30 1.3224e-30 [ 3.6533e-244 1.1222e-145 6.1614e-45 1.3224e-30 ] 0.0000e+00 [ 0.0000e+00 ] 1.0000e+00
 7.741e+01 1.0393e-30 1.0393e-30 [ 1.1804e-244 4.5578e-146 4.2257e-45 1.0393e-30 ] 0.0000e+00 [ 0.0000e+00 ] 1.0000e+00
 7.752e+01 8.1619e-31 8.1619e-31 [ 3.8048e-245 1.8461e-146 2.8897e-45 8.1619e-31 ] 0.0000e+00 [ 0.0000e+00 ] 1.0000e+00
 7.763e+01 6.4053e-31 6.4053e-31 [ 1.2234e-245 7.4564e-147 1.9700e-45 6.4053e-31 ] 0.0000e+00 [ 0.0000e+00 ] 1.0000e+00
 7.775e+01 5.0227e-31 5.0227e-31 [ 3.9227e-246 3.0022e-147 1.3386e-45 5.0227e-31 ] 0.0000e+00 [ 0.0000e+00 ] 1.0000e+00
 7.786e+01 3.9347e-31 3.9347e-31 [ 1.2540e-246 1.2047e-147 9.0622e-46 3.9347e-31 ] 0.0000e+00 [ 0.0000e+00 ] 1.0000e+00
 7.797e+01 3.0789e-31 3.0789e-31 [ 3.9952e-247 4.8165e-148 6.1110e-46 3.0789e-31 ] 0.0000e+00 [ 0.0000e+00 ] 1.0000e+00
 7.809e+01 2.4061e-31 2.4061e-31 [ 1.2682e-247 1.9178e-148 4.1031e-46 2.4061e-31 ] 0.0000e+00 [ 0.0000e+00 ] 1.0000e+00
 7.820e+01 1.8772e-31 1.8772e-31 [ 4.0086e-248 7.6018e-149 2.7418e-46 1.8772e-31 ] 0.0000e+00 [ 0.0000e+00 ] 1.0000e+00
 7.831e+01 1.4616e-31 1.4616e-31 [ 1.2612e-248 2.9980e-149 1.8224e-46 1.4616e-31 ] 0.0000e+00 [ 0.0000e+00 ] 1.0000e+00
 7.843e+01 1.1350e-31 1.1350e-31 [ 3.9465e-249 1.1756e-149 1.2040e-46 1.1350e-31 ] 0.0000e+00 [ 0.0000e+00 ] 1.0000e+00
 7.854e+01 8.7852e-32 8.7852e-32 [ 1.2273e-249 4.5799e-150 7.9004e-47 8.7852e-32 ] 0.0000e+00 [ 0.0000e+00 ] 1.0000e+00
 7.865e+01 6.7701e-32 6.7701e-32 [ 3.7894e-250 1.7708e-150 5.1428e-47 6.7701e-32 ] 0.0000e+00 [ 0.0000e+00 ] 1.0000e+00
 7.877e+01 5.1868e-32 5.1868e-32 [ 1.1600e-250 6.7859e-151 3.3164e-47 5.1868e-32 ] 0.0000e+00 [ 0.0000e+00 ] 1.0000e+00
 7.888e+01 3.9419e-32 3.9419e-32 [ 3.5145e-251 2.5729e-151 2.1144e-47 3.9419e-32 ] 0.0000e+00 [ 0.0000e+00 ] 1.0000e+00
 7.899e+01 2.9623e-32 2.9623e-32 [ 1.0514e-251 9.6291e-152 1.3290e-47 2.9623e-32 ] 0.0000e+00 [ 0.0000e+00 ] 1.0000e+00
 7.911e+01 2.1904e-32 2.1904e-32 [ 3.0955e-252 3.5452e-152 8.2000e-48 2.1904e-32 ] 0.0000e+00 [ 0.0000e+00 ] 1.0000e+00
 7.922e+01 1.5813e-32 1.5813e-32 [ 8.9250e-253 1.2779e-152 4.9331e-48 1.5813e-32 ] 0.0000e+00 [ 0.0000e+00 ] 1.0000e+00
 7.933e+01 1.1004e-32 1.1004e-32 [ 2.5011e-253 4.4748e-153 2.8603e-48 1.1004e-32 ] 0.0000e+00 [ 0.0000e+00 ] 1.0000e+00
 7.945e+01 7.2176e-33 7.2176e-33 [ 6.7262e-254 1.5025e-153 1.5649e-48 7.2176e-33 ] 0.0000e+00 [ 0.0000e+00 ] 1.0000e+00
 7.956e+01 4.2730e-33 4.2730e-33 [ 1.6934e-254 4.7091e-154 7.7396e-49 4.2730e-33 ] 0.0000e+00 [ 0.0000e+00 ] 1.0000e+00
 7.967e+01 2.0712e-33 2.0712e-33 [ 3.7507e-255 1.2835e-154 3.1246e-49 2.0712e-33 ] 0.0000e+00 [ 0.0000e+00 ] 1.0000e+00
 7.979e+01 6.0682e-34 6.0682e-34 [ 5.6617e-256 2.2889e-155 7.3603e-50 6.0682e-34 ] 0.0000e+00 [ 0.0000e+00 ] 1.0000e+00
 7.990e+01 0.0000e+00 0.0000e+00 [ 0.0000e+00 0.0000e+00 0.0000e+00 0.0000e+00 ] 0.0000e+00 [ 0.0000e+00 ] 1.0000e+00
