 0.000e+00 0.0000e+00 0.0000e+00 [ 0.0000e+00 0.0000e+00 0.0000e+00 0.0000e+00 ] 0.0000e+00 [ 0.0000e+00 ] 1.0000e+00
 1.133e-01 5.3933e-03 5.3933e-03 [ 5.0137e-03 2.5938e-04 9.9127e-05 2.1055e-05 ] 0.0000e+00 [ 0.0000e+00 ] 9.9461e-01
 2.267e-01 1.0670e-02 1.0670e-02 [ 9.1693e-03 1.0223e-03 3.9488e-04 8.3016e-05 ] 0.0000e+00 [ 0.0000e+00 ] 9.8933e-01
 3.400e-01 1.5905e-02 1.5905e-02 [ 1.2598e-02 2.2422e-03 8.8138e-04 1.8393e-04 ] 0.0000e+00 [ 0.0000e+00 ] 9.8409e-01
 4.533e-01 2.1171e-02 2.1171e-02 [ 1.5460e-02 3.8427e-03 1.5472e-03 3.2139e-04 ] 0.0000e+00 [ 0.0000e+00 ] 9.7883e-01
 5.667e-01 2.6427e-02 2.6427e-02 [ 1.7836e-02 5.7241e-03 2.3751e-03 4.9233e-04 ] 0.0000e+00 [ 0.0000e+00 ] 9.7357e-01
 6.800e-01 3.1578e-02 3.1578e-02 [ 1.9770e-02 7.7729e-03 3.3418e-03 6.9292e-04 ] 0.0000e+00 [ 0.0000e+00 ] 9.6842e-01
 7.933e-01 3.6495e-02 3.6495e-02 [ 2.1285e-02 9.8724e-03 4.4190e-03 9.1855e-04 ] 0.0000e+00 [ 0.0000e+00 ] 9.6351e-01
 9.067e-01 4.1042e-02 4.1042e-02 [ 2.2390e-02 1.1914e-02 5.5746e-03 1.1639e-03 ] 0.0000e+00 [ 0.0000e+00 ] 9.5896e-01
 1.020e+00 4.5095e-02 4.5095e-02 [ 2.3092e-02 1.3805e-02 6.7743e-03 1.4232e-03 ] 0.0000e+00 [ 0.0000e+00 ] 9.5490e-01
 1.133e+00 4.8556e-02 4.8556e-02 [ 2.3406e-02 1.5476e-02 7.9839e-03 1.6901e-03 ] 0.0000e+00 [ 0.0000e+00 ] 9.5144e-01
 1.247e+00 5.1362e-02 5.1362e-02 [ 2.3351e-02 1.6881e-02 9.1712e-03 1.9587e-03 ] 0.0000e+00 [ 0.0000e+00 ] 9.4864e-01
 1.360e+00 5.3489e-02 5.3489e-02 [ 2.2959e-02 1.8000e-02 1.0307e-02 2.2230e-03 ] 0.0000e+00 [ 0.0000e+00 ] 9.4651e-01
 1.473e+00 5.4951e-02 5.4951e-02 [ 2.2272e-02 1.8832e-02 1.1369e-02 2.4779e-03 ] 0.0000e+00 [ 0.0000e+00 ] 9.4505e-01
 1.587e+00 5.5794e-02 5.5794e-02 [ 2.1342e-02 1.9395e-02 1.2339e-02 2.7187e-03 ] 0.0000e+00 [ 0.0000e+00 ] 9.4421e-01
 1.700e+00 5.6087e-02 5.6087e-02 [ 2.0221e-02 1.9719e-02 1.3205e-02 2.9422e-03 ] 0.0000e+00 [ 0.0000e+00 ] 9.4391e-01
 1.813e+00 5.5915e-02 5.5915e-02 [ 1.8967e-02 1.9839e-02 1.3962e-02 3.1457e-03 ] 0.0000e+00 [ 0.0000e+00 ] 9.4409e-01
 1.927e+00 5.5368e-02 5.5368e-02 [ 1.7633e-02 1.9796e-02 1.4611e-02 3.3280e-03 ] 0.0000e+00 [ 0.0000e+00 ] 9.4463e-01
 2.040e+00 5.4536e-02 5.4536e-02 [ 1.6265e-02 1.9628e-02 1.5155e-02 3.4883e-03 ] 0.0000e+00 [ 0.0000e+00 ] 9.4546e-01
 2.153e+00 5.3502e-02 5.3502e-02 [ 1.4903e-02 1.9370e-02 1.5602e-02 3.6271e-03 ] 0.0000e+00 [ 0.0000e+00 ] 9.4650e-01
 2.267e+00 5.2339e-02 5.2339e-02 [ 1.3579e-02 1.9053e-02 1.5962e-02 3.7451e-03 ] 0.0000e+00 [ 0.0000e+00 ] 9.4766e-01
 2.380e+00 5.1109e-02 5.1109e-02 [ 1.2317e-02 1.8701e-02 1.6247e-02 3.8440e-03 ] 0.0000e+00 [ 0.0000e+00 ] 9.4889e-01
 2.493e+00 4.9859e-02 4.9859e-02 [ 1.1130e-02 1.8336e-02 1.6468e-02 3.9252e-03 ] 0.0000e+00 [ 0.0000e+00 ] 9.5014e-01
 2.607e+00 4.8627e-02 4.8627e-02 [ 1.0027e-02 1.7972e-02 1.6637e-02 3.9909e-03 ] 0.0000e+00 [ 0.0000e+00 ] 9.5137e-01
 2.720e+00 4.7441e-02 4.7441e-02 [ 9.0127e-03 1.7620e-02 1.6765e-02 4.0431e-03 ] 0.0000e+00 [ 0.0000e+00 ] 9.5256e-01
 2.833e+00 4.6318e-02 4.6318e-02 [ 8.0852e-03 1.7286e-02 1.6863e-02 4.0838e-03 ] 0.0000e+00 [ 0.0000e+00 ] 9.5368e-01
 2.947e+00 4.5270e-02 4.5270e-02 [ 7.2414e-03 1.6974e-02 1.6940e-02 4.1150e-03 ] 0.0000e+00 [ 0.0000e+00 ] 9.5473e-01
 3.060e+00 4.4304e-02 4.4304e-02 [ 6.4764e-03 1.6686e-02 1.7003e-02 4.1386e-03 ] 0.0000e+00 [ 0.0000e+00 ] 9.5570e-01
 3.173e+00 4.3423e-02 4.3423e-02 [ 5.7843e-03 1.6421e-02 1.7061e-02 4.1564e-03 ] 0.0000e+00 [ 0.0000e+00 ] 9.5658e-01
 3.287e+00 4.2625e-02 4.2625e-02 [ 5.1587e-03 1.6176e-02 1.7120e-02 4.1700e-03 ] 0.0000e+00 [ 0.0000e+00 ] 9.5738e-01
 3.400e+00 4.1908e-02 4.1908e-02 [ 4.5936e-03 1.5951e-02 1.7183e-02 4.1809e-03 ] 0.0000e+00 [ 0.0000e+00 ] 9.5809e-01
 3.513e+00 4.1271e-02 4.1271e-02 [ 4.0834e-03 1.5741e-02 1.7256e-02 4.1905e-03 ] 0.0000e+00 [ 0.0000e+00 ] 9.5873e-01
 3.627e+00 4.0708e-02 4.0708e-02 [ 3.6227e-03 1.5543e-02 1.7342e-02 4.1999e-03 ] 0.0000e+00 [ 0.0000e+00 ] 9.5929e-01
 3.740e+00 4.0215e-02 4.0215e-02 [ 3.2070e-03 1.5355e-02 1.7443e-02 4.2103e-03 ] 0.0000e+00 [ 0.0000e+00 ] 9.5978e-01
 3.853e+00 3.9790e-02 3.9790e-02 [ 2.8319e-03 1.5173e-02 1.7562e-02 4.2227e-03 ] 0.0000e+00 [ 0.0000e+00 ] 9.6021e-01
 3.967e+00 3.9427e-02 3.9427e-02 [ 2.4940e-03 1.4994e-02 1.7701e-02 4.2378e-03 ] 0.0000e+00 [ 0.0000e+00 ] 9.6057e-01
 4.080e+00 3.9123e-02 3.9123e-02 [ 2.1899e-03 1.4815e-02 1.7861e-02 4.2565e-03 ] 0.0000e+00 [ 0.0000e+00 ] 9.6088e-01
 4.193e+00 3.8874e-02 3.8874e-02 [ 1.9167e-03 1.4635e-02 1.8042e-02 4.2795e-03 ] 0.0000e+00 [ 0.0000e+00 ] 9.6113e-01
 4.307e+00 3.8678e-02 3.8678e-02 [ 1.6718e-03 1.4452e-02 1.8247e-02 4.3074e-03 ] 0.0000e+00 [ 0.0000e+00 ] 9.6132e-01
 4.420e+00 3.8531e-02 3.8531e-02 [ 1.4530e-03 1.4263e-02 1.8474e-02 4.3408e-03 ] 0.0000e+00 [ 0.0000e+00 ] 9.6147e-01
 4.533e+00 3.8431e-02 3.8431e-02 [ 1.2580e-03 1.4068e-02 1.8724e-02 4.3803e-03 ] 0.0000e+00 [ 0.0000e+00 ] 9.6157e-01
 4.647e+00 3.8375e-02 3.8375e-02 [ 1.0848e-03 1.3866e-02 1.8998e-02 4.4262e-03 ] 0.0000e+00 [ 0.0000e+00 ] 9.6162e-01
 4.760e+00 3.8362e-02 3.8362e-02 [ 9.3161e-04 1.3656e-02 1.9295e-02 4.4791e-03 ] 0.0000e+00 [ 0.0000e+00 ] 9.6164e-01
 4.873e+00 3.8388e-02 3.8388e-02 [ 7.9664e-04 1.3437e-02 1.9615e-02 4.5393e-03 ] 0.0000e+00 [ 0.0000e+00 ] 9.6161e-01
 4.987e+00 3.8454e-02 3.8454e-02 [ 6.7823e-04 1.3210e-02 1.9958e-02 4.6073e-03 ] 0.0000e+00 [ 0.0000e+00 ] 9.6155e-01
 5.100e+00 3.8555e-02 3.8555e-02 [ 5.7482e-04 1.2973e-02 2.0324e-02 4.6835e-03 ] 0.0000e+00 [ 0.0000e+00 ] 9.6144e-01
 5.213e+00 3.8693e-02 3.8693e-02 [ 4.8494e-04 1.2728e-02 2.0711e-02 4.7681e-03 ] 0.0000e+00 [ 0.0000e+00 ] 9.6131e-01
 5.327e+00 3.8864e-02 3.8864e-02 [ 4.0720e-04 1.2475e-02 2.1120e-02 4.8616e-03 ] 0.0000e+00 [ 0.0000e+00 ] 9.6114e-01
 5.440e+00 3.9067e-02 3.9067e-02 [ 3.4029e-04 1.2213e-02 2.1550e-02 4.9642e-03 ] 0.0000e+00 [ 0.0000e+00 ] 9.6093e-01
 5.553e+00 3.9302e-02 3.9302e-02 [ 2.8301e-04 1.1943e-02 2.2000e-02 5.0763e-03 ] 0.0000e+00 [ 0.0000e+00 ] 9.6070e-01
 5.667e+00 3.9566e-02 3.9566e-02 [ 2.3422e-04 1.1665e-02 2.2469e-02 5.1982e-03 ] 0.0000e+00 [ 0.0000e+00 ] 9.6043e-01
 5.780e+00 3.9860e-02 3.9860e-02 [ 1.9289e-04 1.1381e-02 2.2956e-02 5.3303e-03 ] 0.0000e+00 [ 0.0000e+00 ] 9.6014e-01
 5.893e+00 4.0181e-02 4.0181e-02 [ 1.5806e-04 1.1089e-02 2.3461e-02 5.4727e-03 ] 0.0000e+00 [ 0.0000e+00 ] 9.5982e-01
 6.007e+00 4.0529e-02 4.0529e-02 [ 1.2887e-04 1.0792e-02 2.3983e-02 5.6258e-03 ] 0.0000e+00 [ 0.0000e+00 ] 9.5947e-01
 6.120e+00 4.0903e-02 4.0903e-02 [ 1.0454e-04 1.0489e-02 2.4520e-02 5.7899e-03 ] 0.0000e+00 [ 0.0000e+00 ] 9.5910e-01
 6.233e+00 4.1302e-02 4.1302e-02 [ 8.4380e-05 1.0182e-02 2.5071e-02 5.9652e-03 ] 0.0000e+00 [ 0.0000e+00 ] 9.5870e-01
 6.347e+00 4.1724e-02 4.1724e-02 [ 6.7761e-05 9.8701e-03 2.5634e-02 6.1520e-03 ] 0.0000e+00 [ 0.0000e+00 ] 9.5828e-01
 6.460e+00 4.2169e-02 4.2169e-02 [ 5.4139e-05 9.5548e-03 2.6210e-02 6.3504e-03 ] 0.0000e+00 [ 0.0000e+00 ] 9.5783e-01
 6.573e+00 4.2636e-02 4.2636e-02 [ 4.3036e-05 9.2366e-03 2.6795e-02 6.5608e-03 ] 0.0000e+00 [ 0.0000e+00 ] 9.5736e-01
 6.687e+00 4.3123e-02 4.3123e-02 [ 3.4037e-05 8.9161e-03 2.7390e-02 6.7833e-03 ] 0.0000e+00 [ 0.0000e+00 ] 9.5688e-01
 6.800e+00 4.3630e-02 4.3630e-02 [ 2.6783e-05 8.5942e-03 2.7991e-02 7.0180e-03 ] 0.0000e+00 [ 0.0000e+00 ] 9.5637e-01
 6.913e+00 4.4155e-02 4.4155e-02 [ 2.0968e-05 8.2714e-03 2.8597e-02 7.2650e-03 ] 0.0000e+00 [ 0.0000e+00 ] 9.5585e-01
 7.027e+00 4.4697e-02 4.4697e-02 [ 1.6333e-05 7.9485e-03 2.9208e-02 7.5246e-03 ] 0.0000e+00 [ 0.0000e+00 ] 9.5530e-01
 7.140e+00 4.5255e-02 4.5255e-02 [ 1.2659e-05 7.6262e-03 2.9820e-02 7.7966e-03 ] 0.0000e+00 [ 0.0000e+00 ] 9.5474e-01
 7.253e+00 4.5828e-02 4.5828e-02 [ 9.7623e-06 7.3053e-03 3.0432e-02 8.0811e-03 ] 0.0000e+00 [ 0.0000e+00 ] 9.5417e-01
 7.367e+00 4.6414e-02 4.6414e-02 [ 7.4911e-06 6.9865e-03 3.1042e-02 8.3780e-03 ] 0.0000e+00 [ 0.0000e+00 ] 9.5359e-01
 7.480e+00 4.7012e-02 4.7012e-02 [ 5.7199e-06 6.6704e-03 3.1648e-02 8.6874e-03 ] 0.0000e+00 [ 0.0000e+00 ] 9.5299e-01
 7.593e+00 4.7620e-02 4.7620e-02 [ 4.3462e-06 6.3579e-03 3.2249e-02 9.0089e-03 ] 0.0000e+00 [ 0.0000e+00 ] 9.5238e-01
 7.707e+00 4.8237e-02 4.8237e-02 [ 3.2863e-06 6.0496e-03 3.2842e-02 9.3424e-03 ] 0.0000e+00 [ 0.0000e+00 ] 9.5176e-01
 7.820e+00 4.8861e-02 4.8861e-02 [ 2.4730e-06 5.7462e-03 3.3425e-02 9.6876e-03 ] 0.0000e+00 [ 0.0000e+00 ] 9.5114e-01
 7.933e+00 4.9491e-02 4.9491e-02 [ 1.8520e-06 5.4484e-03 3.3996e-02 1.0044e-02 ] 0.0000e+00 [ 0.0000e+00 ] 9.5051e-01
 8.047e+00 5.0124e-02 5.0124e-02 [ 1.3805e-06 5.1568e-03 3.4554e-02 1.0412e-02 ] 0.0000e+00 [ 0.0000e+00 ] 9.4988e-01
 8.160e+00 5.0759e-02 5.0759e-02 [ 1.0242e-06 4.8719e-03 3.5096e-02 1.0790e-02 ] 0.0000e+00 [ 0.0000e+00 ] 9.4924e-01
 8.273e+00 5.1393e-02 5.1393e-02 [ 7.5631e-07 4.5944e-03 3.5620e-02 1.1178e-02 ] 0.0000e+00 [ 0.0000e+00 ] 9.4861e-01
 8.387e+00 5.2025e-02 5.2025e-02 [ 5.5596e-07 4.3247e-03 3.6125e-02 1.1575e-02 ] 0.0000e+00 [ 0.0000e+00 ] 9.4798e-01
 8.500e+00 5.2652e-02 5.2652e-02 [ 4.0683e-07 4.0633e-03 3.6608e-02 1.1981e-02 ] 0.0000e+00 [ 0.0000e+00 ] 9.4735e-01
 8.613e+00 5.3273e-02 5.3273e-02 [ 2.9638e-07 3.8106e-03 3.7068e-02 1.2394e-02 ] 0.0000e+00 [ 0.0000e+00 ] 9.4673e-01
 8.727e+00 5.3886e-02 5.3886e-02 [ 2.1496e-07 3.5670e-03 3.7503e-02 1.2815e-02 ] 0.0000e+00 [ 0.0000e+00 ] 9.4611e-01
 8.840e+00 5.4487e-02 5.4487e-02 [ 1.5523e-07 3.3326e-03 3.7913e-02 1.3242e-02 ] 0.0000e+00 [ 0.0000e+00 ] 9.4551e-01
 8.953e+00 5.5075e-02 5.5075e-02 [ 1.1161e-07 3.1079e-03 3.8294e-02 1.3674e-02 ] 0.0000e+00 [ 0.0000e+00 ] 9.4492e-01
 9.067e+00 5.5649e-02 5.5649e-02 [ 7.9906e-08 2.8928e-03 3.8646e-02 1.4109e-02 ] 0.0000e+00 [ 0.0000e+00 ] 9.4435e-01
 9.180e+00 5.6204e-02 5.6204e-02 [ 5.6967e-08 2.6876e-03 3.8968e-02 1.4548e-02 ] 0.0000e+00 [ 0.0000e+00 ] 9.4380e-01
 9.293e+00 5.6740e-02 5.6740e-02 [ 4.0444e-08 2.4923e-03 3.9259e-02 1.4989e-02 ] 0.0000e+00 [ 0.0000e+00 ] 9.4326e-01
 9.407e+00 5.7255e-02 5.7255e-02 [ 2.8596e-08 2.3069e-03 3.9517e-02 1.5431e-02 ] 0.0000e+00 [ 0.0000e+00 ] 9.4274e-01
 9.520e+00 5.7746e-02 5.7746e-02 [ 2.0136e-08 2.1314e-03 3.9742e-02 1.5872e-02 ] 0.0000e+00 [ 0.0000e+00 ] 9.4225e-01
 9.633e+00 5.8211e-02 5.8211e-02 [ 1.4121e-08 1.9655e-03 3.9934e-02 1.6312e-02 ] 0.0000e+00 [ 0.0000e+00 ] 9.4179e-01
 9.747e+00 5.8649e-02 5.8649e-02 [ 9.8639e-09 1.8093e-03 4.0091e-02 1.6748e-02 ] 0.0000e+00 [ 0.0000e+00 ] 9.4135e-01
 9.860e+00 5.9058e-02 5.9058e-02 [ 6.8627e-09 1.6624e-03 4.0214e-02 1.7181e-02 ] 0.0000e+00 [ 0.0000e+00 ] 9.4094e-01
 9.973e+00 5.9436e-02 5.9436e-02 [ 4.7558e-09 1.5247e-03 4.0303e-02 1.7608e-02 ] 0.0000e+00 [ 0.0000e+00 ] 9.4056e-01
 1.009e+01 5.9782e-02 5.9782e-02 [ 3.2829e-09 1.3960e-03 4.0357e-02 1.8029e-02 ] 0.0000e+00 [ 0.0000e+00 ] 9.4022e-01
 1.020e+01 6.0094e-02 6.0094e-02 [ 2.2574e-09 1.2758e-03 4.0376e-02 1.8442e-02 ] 0.0000e+00 [ 0.0000e+00 ] 9.3991e-01
 1.031e+01 6.0371e-02 6.0371e-02 [ 1.5462e-09 1.1639e-03 4.0361e-02 1.8846e-02 ] 0.0000e+00 [ 0.0000e+00 ] 9.3963e-01
 1.043e+01 6.0612e-02 6.0612e-02 [ 1.0551e-09 1.0600e-03 4.0312e-02 1.9240e-02 ] 0.0000e+00 [ 0.0000e+00 ] 9.3939e-01
 1.054e+01 6.0816e-02 6.0816e-02 [ 7.1714e-10 9.6369e-04 4.0229e-02 1.9623e-02 ] 0.0000e+00 [ 0.0000e+00 ] 9.3918e-01
 1.065e+01 6.0983e-02 6.0983e-02 [ 4.8560e-10 8.7464e-04 4.0114e-02 1.9994e-02 ] 0.0000e+00 [ 0.0000e+00 ] 9.3902e-01
 1.077e+01 6.1112e-02 6.1112e-02 [ 3.2756e-10 7.9247e-04 3.9967e-02 2.0352e-02 ] 0.0000e+00 [ 0.0000e+00 ] 9.3889e-01
 1.088e+01 6.1202e-02 6.1202e-02 [ 2.2012e-10 7.1682e-04 3.9789e-02 2.0696e-02 ] 0.0000e+00 [ 0.0000e+00 ] 9.3880e-01
 1.099e+01 6.1253e-02 6.1253e-02 [ 1.4736e-10 6.4731e-04 3.9581e-02 2.1025e-02 ] 0.0000e+00 [ 0.0000e+00 ] 9.3875e-01
 1.111e+01 6.1265e-02 6.1265e-02 [ 9.8272e-11 5.8358e-04 3.9344e-02 2.1338e-02 ] 0.0000e+00 [ 0.0000e+00 ] 9.3873e-01
 1.122e+01 6.1238e-02 6.1238e-02 [ 6.5288e-11 5.2527e-04 3.9078e-02 2.1635e-02 ] 0.0000e+00 [ 0.0000e+00 ] 9.3876e-01
 1.133e+01 6.1173e-02 6.1173e-02 [ 4.3210e-11 4.7201e-04 3.8786e-02 2.1915e-02 ] 0.0000e+00 [ 0.0000e+00 ] 9.3883e-01
 1.145e+01 6.1069e-02 6.1069e-02 [ 2.8489e-11 4.2347e-04 3.8467e-02 2.2178e-02 ] 0.0000e+00 [ 0.0000e+00 ] 9.3893e-01
 1.156e+01 6.0927e-02 6.0927e-02 [ 1.8711e-11 3.7931e-04 3.8125e-02 2.2423e-02 ] 0.0000e+00 [ 0.0000e+00 ] 9.3907e-01
 1.167e+01 6.0747e-02 6.0747e-02 [ 1.2242e-11 3.3922e-04 3.7759e-02 2.2650e-02 ] 0.0000e+00 [ 0.0000e+00 ] 9.3925e-01
 1.179e+01 6.0531e-02 6.0531e-02 [ 7.9789e-12 3.0288e-04 3.7371e-02 2.2858e-02 ] 0.0000e+00 [ 0.0000e+00 ] 9.3947e-01
 1.190e+01 6.0279e-02 6.0279e-02 [ 5.1802e-12 2.7001e-04 3.6962e-02 2.3047e-02 ] 0.0000e+00 [ 0.0000e+00 ] 9.3972e-01
 1.201e+01 5.9991e-02 5.9991e-02 [ 3.3502e-12 2.4033e-04 3.6534e-02 2.3218e-02 ] 0.0000e+00 [ 0.0000e+00 ] 9.4001e-01
 1.213e+01 5.9670e-02 5.9670e-02 [ 2.1582e-12 2.1358e-04 3.6087e-02 2.3369e-02 ] 0.0000e+00 [ 0.0000e+00 ] 9.4033e-01
 1.224e+01 5.9315e-02 5.9315e-02 [ 1.3849e-12 1.8951e-04 3.5624e-02 2.3501e-02 ] 0.0000e+00 [ 0.0000e+00 ] 9.4069e-01
 1.235e+01 5.8927e-02 5.8927e-02 [ 8.8521e-13 1.6788e-04 3.5145e-02 2.3615e-02 ] 0.0000e+00 [ 0.0000e+00 ] 9.4107e-01
 1.247e+01 5.8509e-02 5.8509e-02 [ 5.6357e-13 1.4850e-04 3.4651e-02 2.3710e-02 ] 0.0000e+00 [ 0.0000e+00 ] 9.4149e-01
 1.258e+01 5.8061e-02 5.8061e-02 [ 3.5738e-13 1.3114e-04 3.4144e-02 2.3786e-02 ] 0.0000e+00 [ 0.0000e+00 ] 9.4194e-01
 1.269e+01 5.7584e-02 5.7584e-02 [ 2.2573e-13 1.1563e-04 3.3625e-02 2.3844e-02 ] 0.0000e+00 [ 0.0000e+00 ] 9.4242e-01
 1.281e+01 5.7079e-02 5.7079e-02 [ 1.4200e-13 1.0180e-04 3.3094e-02 2.3883e-02 ] 0.0000e+00 [ 0.0000e+00 ] 9.4292e-01
 1.292e+01 5.6548e-02 5.6548e-02 [ 8.8973e-14 8.9476e-05 3.2554e-02 2.3905e-02 ] 0.0000e+00 [ 0.0000e+00 ] 9.4345e-01
 1.303e+01 5.5992e-02 5.5992e-02 [ 5.5522e-14 7.8521e-05 3.2005e-02 2.3909e-02 ] 0.0000e+00 [ 0.0000e+00 ] 9.4401e-01
 1.315e+01 5.5412e-02 5.5412e-02 [ 3.4507e-14 6.8797e-05 3.1448e-02 2.3895e-02 ] 0.0000e+00 [ 0.0000e+00 ] 9.4459e-01
 1.326e+01 5.4809e-02 5.4809e-02 [ 2.1359e-14 6.0181e-05 3.0883e-02 2.3865e-02 ] 0.0000e+00 [ 0.0000e+00 ] 9.4519e-01
 1.337e+01 5.4184e-02 5.4184e-02 [ 1.3167e-14 5.2559e-05 3.0313e-02 2.3819e-02 ] 0.0000e+00 [ 0.0000e+00 ] 9.4582e-01
 1.349e+01 5.3539e-02 5.3539e-02 [ 8.0834e-15 4.5827e-05 2.9737e-02 2.3757e-02 ] 0.0000e+00 [ 0.0000e+00 ] 9.4646e-01
 1.360e+01 5.2875e-02 5.2875e-02 [ 4.9421e-15 3.9893e-05 2.9157e-02 2.3679e-02 ] 0.0000e+00 [ 0.0000e+00 ] 9.4712e-01
 1.371e+01 5.2193e-02 5.2193e-02 [ 3.0091e-15 3.4669e-05 2.8572e-02 2.3586e-02 ] 0.0000e+00 [ 0.0000e+00 ] 9.4781e-01
 1.383e+01 5.1494e-02 5.1494e-02 [ 1.8245e-15 3.0079e-05 2.7985e-02 2.3478e-02 ] 0.0000e+00 [ 0.0000e+00 ] 9.4851e-01
 1.394e+01 5.0779e-02 5.0779e-02 [ 1.1017e-15 2.6052e-05 2.7396e-02 2.3357e-02 ] 0.0000e+00 [ 0.0000e+00 ] 9.4922e-01
 1.405e+01 5.0049e-02 5.0049e-02 [ 6.6245e-16 2.2527e-05 2.6805e-02 2.3221e-02 ] 0.0000e+00 [ 0.0000e+00 ] 9.4995e-01
 1.417e+01 4.9306e-02 4.9306e-02 [ 3.9666e-16 1.9444e-05 2.6213e-02 2.3073e-02 ] 0.0000e+00 [ 0.0000e+00 ] 9.5069e-01
 1.428e+01 4.8550e-02 4.8550e-02 [ 2.3652e-16 1.6755e-05 2.5621e-02 2.2912e-02 ] 0.0000e+00 [ 0.0000e+00 ] 9.5145e-01
 1.439e+01 4.7782e-02 4.7782e-02 [ 1.4044e-16 1.4412e-05 2.5029e-02 2.2739e-02 ] 0.0000e+00 [ 0.0000e+00 ] 9.5222e-01
 1.451e+01 4.7004e-02 4.7004e-02 [ 8.3033e-17 1.2375e-05 2.4438e-02 2.2554e-02 ] 0.0000e+00 [ 0.0000e+00 ] 9.5300e-01
 1.462e+01 4.6216e-02 4.6216e-02 [ 4.8887e-17 1.0606e-05 2.3848e-02 2.2357e-02 ] 0.0000e+00 [ 0.0000e+00 ] 9.5378e-01
 1.473e+01 4.5419e-02 4.5419e-02 [ 2.8660e-17 9.0742e-06 2.3259e-02 2.2150e-02 ] 0.0000e+00 [ 0.0000e+00 ] 9.5458e-01
 1.485e+01 4.4614e-02 4.4614e-02 [ 1.6731e-17 7.7491e-06 2.2673e-02 2.1933e-02 ] 0.0000e+00 [ 0.0000e+00 ] 9.5539e-01
 1.496e+01 4.3802e-02 4.3802e-02 [ 9.7259e-18 6.6053e-06 2.2090e-02 2.1706e-02 ] 0.0000e+00 [ 0.0000e+00 ] 9.5620e-01
 1.507e+01 4.2985e-02 4.2985e-02 [ 5.6296e-18 5.6196e-06 2.1509e-02 2.1470e-02 ] 0.0000e+00 [ 0.0000e+00 ] 9.5702e-01
 1.519e+01 4.2161e-02 4.2161e-02 [ 3.2447e-18 4.7720e-06 2.0933e-02 2.1224e-02 ] 0.0000e+00 [ 0.0000e+00 ] 9.5784e-01
 1.530e+01 4.1334e-02 4.1334e-02 [ 1.8621e-18 4.0444e-06 2.0360e-02 2.0970e-02 ] 0.0000e+00 [ 0.0000e+00 ] 9.5867e-01
 1.541e+01 4.0503e-02 4.0503e-02 [ 1.0641e-18 3.4211e-06 1.9791e-02 2.0708e-02 ] 0.0000e+00 [ 0.0000e+00 ] 9.5950e-01
 1.553e+01 3.9669e-02 3.9669e-02 [ 6.0552e-19 2.8882e-06 1.9227e-02 2.0439e-02 ] 0.0000e+00 [ 0.0000e+00 ] 9.6033e-01
 1.564e+01 3.8833e-02 3.8833e-02 [ 3.4308e-19 2.4334e-06 1.8668e-02 2.0162e-02 ] 0.0000e+00 [ 0.0000e+00 ] 9.6117e-01
 1.575e+01 3.7996e-02 3.7996e-02 [ 1.9356e-19 2.0461e-06 1.8115e-02 1.9879e-02 ] 0.0000e+00 [ 0.0000e+00 ] 9.6200e-01
 1.587e+01 3.7158e-02 3.7158e-02 [ 1.0873e-19 1.7170e-06 1.7567e-02 1.9589e-02 ] 0.0000e+00 [ 0.0000e+00 ] 9.6284e-01
 1.598e+01 3.6320e-02 3.6320e-02 [ 6.0823e-20 1.4378e-06 1.7025e-02 1.9293e-02 ] 0.0000e+00 [ 0.0000e+00 ] 9.6368e-01
 1.609e+01 3.5484e-02 3.5484e-02 [ 3.3878e-20 1.2015e-06 1.6490e-02 1.8992e-02 ] 0.0000e+00 [ 0.0000e+00 ] 9.6452e-01
 1.621e+01 3.4649e-02 3.4649e-02 [ 1.8789e-20 1.0019e-06 1.5962e-02 1.8686e-02 ] 0.0000e+00 [ 0.0000e+00 ] 9.6535e-01
 1.632e+01 3.3816e-02 3.3816e-02 [ 1.0377e-20 8.3375e-07 1.5440e-02 1.8376e-02 ] 0.0000e+00 [ 0.0000e+00 ] 9.6618e-01
 1.643e+01 3.2987e-02 3.2987e-02 [ 5.7062e-21 6.9229e-07 1.4926e-02 1.8061e-02 ] 0.0000e+00 [ 0.0000e+00 ] 9.6701e-01
 1.655e+01 3.2161e-02 3.2161e-02 [ 3.1246e-21 5.7359e-07 1.4419e-02 1.7742e-02 ] 0.0000e+00 [ 0.0000e+00 ] 9.6784e-01
 1.666e+01 3.1340e-02 3.1340e-02 [ 1.7037e-21 4.7420e-07 1.3920e-02 1.7419e-02 ] 0.0000e+00 [ 0.0000e+00 ] 9.6866e-01
 1.677e+01 3.0524e-02 3.0524e-02 [ 9.2506e-22 3.9116e-07 1.3429e-02 1.7094e-02 ] 0.0000e+00 [ 0.0000e+00 ] 9.6948e-01
 1.689e+01 2.9713e-02 2.9713e-02 [ 5.0015e-22 3.2195e-07 1.2947e-02 1.6766e-02 ] 0.0000e+00 [ 0.0000e+00 ] 9.7029e-01
 1.700e+01 2.8909e-02 2.8909e-02 [ 2.6928e-22 2.6438e-07 1.2473e-02 1.6435e-02 ] 0.0000e+00 [ 0.0000e+00 ] 9.7109e-01
 1.711e+01 2.8112e-02 2.8112e-02 [ 1.4437e-22 2.1661e-07 1.2008e-02 1.6103e-02 ] 0.0000e+00 [ 0.0000e+00 ] 9.7189e-01
 1.723e+01 2.7322e-02 2.7322e-02 [ 7.7078e-23 1.7707e-07 1.1552e-02 1.5769e-02 ] 0.0000e+00 [ 0.0000e+00 ] 9.7268e-01
 1.734e+01 2.6540e-02 2.6540e-02 [ 4.0980e-23 1.4440e-07 1.1106e-02 1.5434e-02 ] 0.0000e+00 [ 0.0000e+00 ] 9.7346e-01
 1.745e+01 2.5766e-02 2.5766e-02 [ 2.1697e-23 1.1749e-07 1.0668e-02 1.5098e-02 ] 0.0000e+00 [ 0.0000e+00 ] 9.7423e-01
 1.757e+01 2.5002e-02 2.5002e-02 [ 1.1440e-23 9.5371e-08 1.0241e-02 1.4761e-02 ] 0.0000e+00 [ 0.0000e+00 ] 9.7500e-01
 1.768e+01 2.4248e-02 2.4248e-02 [ 6.0070e-24 7.7231e-08 9.8228e-03 1.4425e-02 ] 0.0000e+00 [ 0.0000e+00 ] 9.7575e-01
 1.779e+01 2.3503e-02 2.3503e-02 [ 3.1412e-24 6.2391e-08 9.4148e-03 1.4088e-02 ] 0.0000e+00 [ 0.0000e+00 ] 9.7650e-01
 1.791e+01 2.2769e-02 2.2769e-02 [ 1.6359e-24 5.0281e-08 9.0168e-03 1.3752e-02 ] 0.0000e+00 [ 0.0000e+00 ] 9.7723e-01
 1.802e+01 2.2046e-02 2.2046e-02 [ 8.4848e-25 4.0424e-08 8.6290e-03 1.3417e-02 ] 0.0000e+00 [ 0.0000e+00 ] 9.7795e-01
 1.813e+01 2.1334e-02 2.1334e-02 [ 4.3829e-25 3.2419e-08 8.2514e-03 1.3083e-02 ] 0.0000e+00 [ 0.0000e+00 ] 9.7867e-01
 1.825e+01 2.0635e-02 2.0635e-02 [ 2.2548e-25 2.5936e-08 7.8841e-03 1.2750e-02 ] 0.0000e+00 [ 0.0000e+00 ] 9.7937e-01
 1.836e+01 1.9947e-02 1.9947e-02 [ 1.1554e-25 2.0698e-08 7.5272e-03 1.2420e-02 ] 0.0000e+00 [ 0.0000e+00 ] 9.8005e-01
 1.847e+01 1.9272e-02 1.9272e-02 [ 5.8966e-26 1.6477e-08 7.1807e-03 1.2091e-02 ] 0.0000e+00 [ 0.0000e+00 ] 9.8073e-01
 1.859e+01 1.8609e-02 1.8609e-02 [ 2.9974e-26 1.3083e-08 6.8446e-03 1.1764e-02 ] 0.0000e+00 [ 0.0000e+00 ] 9.8139e-01
 1.870e+01 1.7959e-02 1.7959e-02 [ 1.5176e-26 1.0363e-08 6.5189e-03 1.1440e-02 ] 0.0000e+00 [ 0.0000e+00 ] 9.8204e-01
 1.881e+01 1.7323e-02 1.7323e-02 [ 7.6538e-27 8.1874e-09 6.2037e-03 1.1119e-02 ] 0.0000e+00 [ 0.0000e+00 ] 9.8268e-01
 1.893e+01 1.6700e-02 1.6700e-02 [ 3.8449e-27 6.4521e-09 5.8989e-03 1.0801e-02 ] 0.0000e+00 [ 0.0000e+00 ] 9.8330e-01
 1.904e+01 1.6091e-02 1.6091e-02 [ 1.9240e-27 5.0717e-09 5.6044e-03 1.0487e-02 ] 0.0000e+00 [ 0.0000e+00 ] 9.8391e-01
 1.915e+01 1.5496e-02 1.5496e-02 [ 9.5909e-28 3.9764e-09 5.3202e-03 1.0176e-02 ] 0.0000e+00 [ 0.0000e+00 ] 9.8450e-01
 1.927e+01 1.4914e-02 1.4914e-02 [ 4.7625e-28 3.1096e-09 5.0462e-03 9.8683e-03 ] 0.0000e+00 [ 0.0000e+00 ] 9.8509e-01
 1.938e+01 1.4347e-02 1.4347e-02 [ 2.3559e-28 2.4255e-09 4.7823e-03 9.5649e-03 ] 0.0000e+00 [ 0.0000e+00 ] 9.8565e-01
 1.949e+01 1.3794e-02 1.3794e-02 [ 1.1611e-28 1.8870e-09 4.5284e-03 9.2658e-03 ] 0.0000e+00 [ 0.0000e+00 ] 9.8621e-01
 1.961e+01 1.3255e-02 1.3255e-02 [ 5.7004e-29 1.4643e-09 4.2844e-03 8.9710e-03 ] 0.0000e+00 [ 0.0000e+00 ] 9.8674e-01
 1.972e+01 1.2731e-02 1.2731e-02 [ 2.7883e-29 1.1333e-09 4.0501e-03 8.6807e-03 ] 0.0000e+00 [ 0.0000e+00 ] 9.8727e-01
 1.983e+01 1.2220e-02 1.2220e-02 [ 1.3589e-29 8.7480e-10 3.8253e-03 8.3952e-03 ] 0.0000e+00 [ 0.0000e+00 ] 9.8778e-01
 1.995e+01 1.1724e-02 1.1724e-02 [ 6.5982e-30 6.7352e-10 3.6100e-03 8.1145e-03 ] 0.0000e+00 [ 0.0000e+00 ] 9.8828e-01
 2.006e+01 1.1243e-02 1.1243e-02 [ 3.1922e-30 5.1720e-10 3.4039e-03 7.8387e-03 ] 0.0000e+00 [ 0.0000e+00 ] 9.8876e-01
 2.017e+01 1.0775e-02 1.0775e-02 [ 1.5388e-30 3.9611e-10 3.2068e-03 7.5681e-03 ] 0.0000e+00 [ 0.0000e+00 ] 9.8923e-01
 2.029e+01 1.0321e-02 1.0321e-02 [ 7.3917e-31 3.0258e-10 3.0186e-03 7.3027e-03 ] 0.0000e+00 [ 0.0000e+00 ] 9.8968e-01
 2.040e+01 9.8816e-03 9.8816e-03 [ 3.5380e-31 2.3053e-10 2.8390e-03 7.0426e-03 ] 0.0000e+00 [ 0.0000e+00 ] 9.9012e-01
 2.051e+01 9.4557e-03 9.4557e-03 [ 1.6875e-31 1.7517e-10 2.6677e-03 6.7880e-03 ] 0.0000e+00 [ 0.0000e+00 ] 9.9054e-01
 2.063e+01 9.0436e-03 9.0436e-03 [ 8.0212e-32 1.3276e-10 2.5047e-03 6.5389e-03 ] 0.0000e+00 [ 0.0000e+00 ] 9.9096e-01
 2.074e+01 8.6449e-03 8.6449e-03 [ 3.7996e-32 1.0035e-10 2.3497e-03 6.2953e-03 ] 0.0000e+00 [ 0.0000e+00 ] 9.9136e-01
 2.085e+01 8.2597e-03 8.2597e-03 [ 1.7937e-32 7.5652e-11 2.2023e-03 6.0573e-03 ] 0.0000e+00 [ 0.0000e+00 ] 9.9174e-01
 2.097e+01 7.8875e-03 7.8875e-03 [ 8.4392e-33 5.6883e-11 2.0625e-03 5.8251e-03 ] 0.0000e+00 [ 0.0000e+00 ] 9.9211e-01
 2.108e+01 7.5284e-03 7.5284e-03 [ 3.9573e-33 4.2658e-11 1.9298e-03 5.5985e-03 ] 0.0000e+00 [ 0.0000e+00 ] 9.9247e-01
 2.119e+01 7.1819e-03 7.1819e-03 [ 1.8496e-33 3.1907e-11 1.8042e-03 5.3777e-03 ] 0.0000e+00 [ 0.0000e+00 ] 9.9282e-01
 2.131e+01 6.8480e-03 6.8480e-03 [ 8.6164e-34 2.3803e-11 1.6853e-03 5.1627e-03 ] 0.0000e+00 [ 0.0000e+00 ] 9.9315e-01
 2.142e+01 6.5264e-03 6.5264e-03 [ 4.0011e-34 1.7710e-11 1.5730e-03 4.9534e-03 ] 0.0000e+00 [ 0.0000e+00 ] 9.9347e-01
 2.153e+01 6.2167e-03 6.2167e-03 [ 1.8520e-34 1.3143e-11 1.4668e-03 4.7499e-03 ] 0.0000e+00 [ 0.0000e+00 ] 9.9378e-01
 2.165e+01 5.9189e-03 5.9189e-03 [ 8.5453e-35 9.7277e-12 1.3667e-03 4.5522e-03 ] 0.0000e+00 [ 0.0000e+00 ] 9.9408e-01
 2.176e+01 5.6325e-03 5.6325e-03 [ 3.9306e-35 7.1812e-12 1.2724e-03 4.3602e-03 ] 0.0000e+00 [ 0.0000e+00 ] 9.9437e-01
 2.187e+01 5.3574e-03 5.3574e-03 [ 1.8024e-35 5.2876e-12 1.1835e-03 4.1739e-03 ] 0.0000e+00 [ 0.0000e+00 ] 9.9464e-01
 2.199e+01 5.0932e-03 5.0932e-03 [ 8.2400e-36 3.8832e-12 1.1000e-03 3.9933e-03 ] 0.0000e+00 [ 0.0000e+00 ] 9.9491e-01
 2.210e+01 4.8397e-03 4.8397e-03 [ 3.7557e-36 2.8444e-12 1.0215e-03 3.8183e-03 ] 0.0000e+00 [ 0.0000e+00 ] 9.9516e-01
 2.221e+01 4.5967e-03 4.5967e-03 [ 1.7067e-36 2.0781e-12 9.4780e-04 3.6489e-03 ] 0.0000e+00 [ 0.0000e+00 ] 9.9540e-01
 2.233e+01 4.3637e-03 4.3637e-03 [ 7.7330e-37 1.5144e-12 8.7870e-04 3.4850e-03 ] 0.0000e+00 [ 0.0000e+00 ] 9.9564e-01
 2.244e+01 4.1405e-03 4.1405e-03 [ 3.4936e-37 1.1007e-12 8.1397e-04 3.3266e-03 ] 0.0000e+00 [ 0.0000e+00 ] 9.9586e-01
 2.255e+01 3.9269e-03 3.9269e-03 [ 1.5738e-37 7.9799e-13 7.5339e-04 3.1735e-03 ] 0.0000e+00 [ 0.0000e+00 ] 9.9607e-01
 2.267e+01 3.7226e-03 3.7226e-03 [ 7.0699e-38 5.7705e-13 6.9675e-04 3.0258e-03 ] 0.0000e+00 [ 0.0000e+00 ] 9.9628e-01
 2.278e+01 3.5272e-03 3.5272e-03 [ 3.1670e-38 4.1622e-13 6.4384e-04 2.8833e-03 ] 0.0000e+00 [ 0.0000e+00 ] 9.9647e-01
 2.289e+01 3.3405e-03 3.3405e-03 [ 1.4148e-38 2.9946e-13 5.9447e-04 2.7460e-03 ] 0.0000e+00 [ 0.0000e+00 ] 9.9666e-01
 2.301e+01 3.1622e-03 3.1622e-03 [ 6.3030e-39 2.1490e-13 5.4844e-04 2.6137e-03 ] 0.0000e+00 [ 0.0000e+00 ] 9.9684e-01
 2.312e+01 2.9920e-03 2.9920e-03 [ 2.8005e-39 1.5384e-13 5.0557e-04 2.4864e-03 ] 0.0000e+00 [ 0.0000e+00 ] 9.9701e-01
 2.323e+01 2.8296e-03 2.8296e-03 [ 1.2410e-39 1.0984e-13 4.6568e-04 2.3639e-03 ] 0.0000e+00 [ 0.0000e+00 ] 9.9717e-01
 2.335e+01 2.6748e-03 2.6748e-03 [ 5.4850e-40 7.8238e-14 4.2860e-04 2.2462e-03 ] 0.0000e+00 [ 0.0000e+00 ] 9.9733e-01
 2.346e+01 2.5273e-03 2.5273e-03 [ 2.4180e-40 5.5587e-14 3.9415e-04 2.1332e-03 ] 0.0000e+00 [ 0.0000e+00 ] 9.9747e-01
 2.357e+01 2.3869e-03 2.3869e-03 [ 1.0632e-40 3.9396e-14 3.6219e-04 2.0247e-03 ] 0.0000e+00 [ 0.0000e+00 ] 9.9761e-01
 2.369e+01 2.2532e-03 2.2532e-03 [ 4.6635e-41 2.7852e-14 3.3256e-04 1.9206e-03 ] 0.0000e+00 [ 0.0000e+00 ] 9.9775e-01
 2.380e+01 2.1260e-03 2.1260e-03 [ 2.0404e-41 1.9643e-14 3.0512e-04 1.8209e-03 ] 0.0000e+00 [ 0.0000e+00 ] 9.9787e-01
 2.391e+01 2.0051e-03 2.0051e-03 [ 8.9056e-42 1.3819e-14 2.7972e-04 1.7254e-03 ] 0.0000e+00 [ 0.0000e+00 ] 9.9799e-01
 2.403e+01 1.8902e-03 1.8902e-03 [ 3.8776e-42 9.6984e-15 2.5624e-04 1.6340e-03 ] 0.0000e+00 [ 0.0000e+00 ] 9.9811e-01
 2.414e+01 1.7811e-03 1.7811e-03 [ 1.6844e-42 6.7899e-15 2.3455e-04 1.5465e-03 ] 0.0000e+00 [ 0.0000e+00 ] 9.9822e-01
 2.425e+01 1.6775e-03 1.6775e-03 [ 7.2995e-43 4.7423e-15 2.1453e-04 1.4630e-03 ] 0.0000e+00 [ 0.0000e+00 ] 9.9832e-01
 2.437e+01 1.5792e-03 1.5792e-03 [ 3.1560e-43 3.3042e-15 1.9607e-04 1.3831e-03 ] 0.0000e+00 [ 0.0000e+00 ] 9.9842e-01
 2.448e+01 1.4860e-03 1.4860e-03 [ 1.3615e-43 2.2967e-15 1.7906e-04 1.3069e-03 ] 0.0000e+00 [ 0.0000e+00 ] 9.9851e-01
 2.459e+01 1.3977e-03 1.3977e-03 [ 5.8600e-44 1.5926e-15 1.6340e-04 1.2343e-03 ] 0.0000e+00 [ 0.0000e+00 ] 9.9860e-01
 2.471e+01 1.3140e-03 1.3140e-03 [ 2.5167e-44 1.1018e-15 1.4901e-04 1.1650e-03 ] 0.0000e+00 [ 0.0000e+00 ] 9.9869e-01
 2.482e+01 1.2348e-03 1.2348e-03 [ 1.0785e-44 7.6042e-16 1.3577e-04 1.0990e-03 ] 0.0000e+00 [ 0.0000e+00 ] 9.9877e-01
 2.493e+01 1.1598e-03 1.1598e-03 [ 4.6118e-45 5.2360e-16 1.2363e-04 1.0362e-03 ] 0.0000e+00 [ 0.0000e+00 ] 9.9884e-01
 2.505e+01 1.0889e-03 1.0889e-03 [ 1.9679e-45 3.5969e-16 1.1248e-04 9.7641e-04 ] 0.0000e+00 [ 0.0000e+00 ] 9.9891e-01
 2.516e+01 1.0219e-03 1.0219e-03 [ 8.3798e-46 2.4652e-16 1.0227e-04 9.1960e-04 ] 0.0000e+00 [ 0.0000e+00 ] 9.9898e-01
 2.527e+01 9.5854e-04 9.5854e-04 [ 3.5610e-46 1.6857e-16 9.2911e-05 8.6563e-04 ] 0.0000e+00 [ 0.0000e+00 ] 9.9904e-01
 2.539e+01 8.9873e-04 8.9873e-04 [ 1.5102e-46 1.1501e-16 8.4350e-05 8.1438e-04 ] 0.0000e+00 [ 0.0000e+00 ] 9.9910e-01
 2.550e+01 8.4227e-04 8.4227e-04 [ 6.3918e-47 7.8283e-17 7.6522e-05 7.6575e-04 ] 0.0000e+00 [ 0.0000e+00 ] 9.9916e-01
 2.561e+01 7.8902e-04 7.8902e-04 [ 2.7000e-47 5.3165e-17 6.9370e-05 7.1965e-04 ] 0.0000e+00 [ 0.0000e+00 ] 9.9921e-01
 2.573e+01 7.3879e-04 7.3879e-04 [ 1.1383e-47 3.6025e-17 6.2842e-05 6.7595e-04 ] 0.0000e+00 [ 0.0000e+00 ] 9.9926e-01
 2.584e+01 6.9146e-04 6.9146e-04 [ 4.7900e-48 2.4356e-17 5.6887e-05 6.3457e-04 ] 0.0000e+00 [ 0.0000e+00 ] 9.9931e-01
 2.595e+01 6.4687e-04 6.4687e-04 [ 2.0118e-48 1.6431e-17 5.1460e-05 5.9541e-04 ] 0.0000e+00 [ 0.0000e+00 ] 9.9935e-01
 2.607e+01 6.0489e-04 6.0489e-04 [ 8.4341e-49 1.1059e-17 4.6518e-05 5.5837e-04 ] 0.0000e+00 [ 0.0000e+00 ] 9.9940e-01
 2.618e+01 5.6538e-04 5.6538e-04 [ 3.5294e-49 7.4276e-18 4.2020e-05 5.2336e-04 ] 0.0000e+00 [ 0.0000e+00 ] 9.9943e-01
 2.629e+01 5.2822e-04 5.2822e-04 [ 1.4743e-49 4.9776e-18 3.7931e-05 4.9029e-04 ] 0.0000e+00 [ 0.0000e+00 ] 9.9947e-01
 2.641e+01 4.9328e-04 4.9328e-04 [ 6.1472e-50 3.3284e-18 3.4216e-05 4.5907e-04 ] 0.0000e+00 [ 0.0000e+00 ] 9.9951e-01
 2.652e+01 4.6045e-04 4.6045e-04 [ 2.5587e-50 2.2209e-18 3.0843e-05 4.2961e-04 ] 0.0000e+00 [ 0.0000e+00 ] 9.9954e-01
 2.663e+01 4.2962e-04 4.2962e-04 [ 1.0632e-50 1.4786e-18 2.7784e-05 4.0183e-04 ] 0.0000e+00 [ 0.0000e+00 ] 9.9957e-01
 2.675e+01 4.0067e-04 4.0067e-04 [ 4.4105e-51 9.8238e-19 2.5010e-05 3.7566e-04 ] 0.0000e+00 [ 0.0000e+00 ] 9.9960e-01
 2.686e+01 3.7350e-04 3.7350e-04 [ 1.8265e-51 6.5128e-19 2.2498e-05 3.5100e-04 ] 0.0000e+00 [ 0.0000e+00 ] 9.9963e-01
 2.697e+01 3.4803e-04 3.4803e-04 [ 7.5518e-52 4.3086e-19 2.0225e-05 3.2780e-04 ] 0.0000e+00 [ 0.0000e+00 ] 9.9965e-01
 2.709e+01 3.2415e-04 3.2415e-04 [ 3.1172e-52 2.8444e-19 1.8168e-05 3.0598e-04 ] 0.0000e+00 [ 0.0000e+00 ] 9.9968e-01
 2.720e+01 3.0177e-04 3.0177e-04 [ 1.2847e-52 1.8738e-19 1.6310e-05 2.8546e-04 ] 0.0000e+00 [ 0.0000e+00 ] 9.9970e-01
 2.731e+01 2.8081e-04 2.8081e-04 [ 5.2859e-53 1.2319e-19 1.4632e-05 2.6618e-04 ] 0.0000e+00 [ 0.0000e+00 ] 9.9972e-01
 2.743e+01 2.6120e-04 2.6120e-04 [ 2.1716e-53 8.0815e-20 1.3118e-05 2.4808e-04 ] 0.0000e+00 [ 0.0000e+00 ] 9.9974e-01
 2.754e+01 2.4285e-04 2.4285e-04 [ 8.9078e-54 5.2909e-20 1.1752e-05 2.3109e-04 ] 0.0000e+00 [ 0.0000e+00 ] 9.9976e-01
 2.765e+01 2.2568e-04 2.2568e-04 [ 3.6485e-54 3.4569e-20 1.0522e-05 2.1516e-04 ] 0.0000e+00 [ 0.0000e+00 ] 9.9977e-01
 2.777e+01 2.0964e-04 2.0964e-04 [ 1.4921e-54 2.2539e-20 9.4143e-06 2.0023e-04 ] 0.0000e+00 [ 0.0000e+00 ] 9.9979e-01
 2.788e+01 1.9465e-04 1.9465e-04 [ 6.0932e-55 1.4666e-20 8.4175e-06 1.8624e-04 ] 0.0000e+00 [ 0.0000e+00 ] 9.9981e-01
 2.799e+01 1.8066e-04 1.8066e-04 [ 2.4847e-55 9.5243e-21 7.5213e-06 1.7314e-04 ] 0.0000e+00 [ 0.0000e+00 ] 9.9982e-01
 2.811e+01 1.6760e-04 1.6760e-04 [ 1.0117e-55 6.1726e-21 6.7161e-06 1.6088e-04 ] 0.0000e+00 [ 0.0000e+00 ] 9.9983e-01
 2.822e+01 1.5541e-04 1.5541e-04 [ 4.1139e-56 3.9924e-21 5.9931e-06 1.4942e-04 ] 0.0000e+00 [ 0.0000e+00 ] 9.9984e-01
 2.833e+01 1.4404e-04 1.4404e-04 [ 1.6704e-56 2.5771e-21 5.3445e-06 1.3870e-04 ] 0.0000e+00 [ 0.0000e+00 ] 9.9986e-01
 2.845e+01 1.3345e-04 1.3345e-04 [ 6.7735e-57 1.6603e-21 4.7630e-06 1.2869e-04 ] 0.0000e+00 [ 0.0000e+00 ] 9.9987e-01
 2.856e+01 1.2359e-04 1.2359e-04 [ 2.7429e-57 1.0675e-21 4.2420e-06 1.1934e-04 ] 0.0000e+00 [ 0.0000e+00 ] 9.9988e-01
 2.867e+01 1.1440e-04 1.1440e-04 [ 1.1092e-57 6.8505e-22 3.7755e-06 1.1062e-04 ] 0.0000e+00 [ 0.0000e+00 ] 9.9989e-01
 2.879e+01 1.0585e-04 1.0585e-04 [ 4.4799e-58 4.3876e-22 3.3582e-06 1.0249e-04 ] 0.0000e+00 [ 0.0000e+00 ] 9.9989e-01
 2.890e+01 9.7891e-05 9.7891e-05 [ 1.8070e-58 2.8047e-22 2.9850e-06 9.4906e-05 ] 0.0000e+00 [ 0.0000e+00 ] 9.9990e-01
 2.901e+01 9.0494e-05 9.0494e-05 [ 7.2789e-59 1.7894e-22 2.6517e-06 8.7842e-05 ] 0.0000e+00 [ 0.0000e+00 ] 9.9991e-01
 2.913e+01 8.3619e-05 8.3619e-05 [ 2.9284e-59 1.1395e-22 2.3540e-06 8.1265e-05 ] 0.0000e+00 [ 0.0000e+00 ] 9.9992e-01
 2.924e+01 7.7233e-05 7.7233e-05 [ 1.1767e-59 7.2423e-23 2.0884e-06 7.5145e-05 ] 0.0000e+00 [ 0.0000e+00 ] 9.9992e-01
 2.935e+01 7.1303e-05 7.1303e-05 [ 4.7222e-60 4.5943e-23 1.8517e-06 6.9452e-05 ] 0.0000e+00 [ 0.0000e+00 ] 9.9993e-01
 2.947e+01 6.5800e-05 6.5800e-05 [ 1.8928e-60 2.9090e-23 1.6407e-06 6.4159e-05 ] 0.0000e+00 [ 0.0000e+00 ] 9.9993e-01
 2.958e+01 6.0695e-05 6.0695e-05 [ 7.5776e-61 1.8385e-23 1.4528e-06 5.9242e-05 ] 0.0000e+00 [ 0.0000e+00 ] 9.9994e-01
 2.969e+01 5.5961e-05 5.5961e-05 [ 3.0300e-61 1.1597e-23 1.2857e-06 5.4675e-05 ] 0.0000e+00 [ 0.0000e+00 ] 9.9994e-01
 2.981e+01 5.1574e-05 5.1574e-05 [ 1.2102e-61 7.3023e-24 1.1370e-06 5.0437e-05 ] 0.0000e+00 [ 0.0000e+00 ] 9.9995e-01
 2.992e+01 4.7510e-05 4.7510e-05 [ 4.8279e-62 4.5893e-24 1.0049e-06 4.6505e-05 ] 0.0000e+00 [ 0.0000e+00 ] 9.9995e-01
 3.003e+01 4.3747e-05 4.3747e-05 [ 1.9238e-62 2.8790e-24 8.8764e-07 4.2860e-05 ] 0.0000e+00 [ 0.0000e+00 ] 9.9996e-01
 3.015e+01 4.0265e-05 4.0265e-05 [ 7.6571e-63 1.8028e-24 7.8355e-07 3.9481e-05 ] 0.0000e+00 [ 0.0000e+00 ] 9.9996e-01
 3.026e+01 3.7043e-05 3.7043e-05 [ 3.0443e-63 1.1268e-24 6.9124e-07 3.6352e-05 ] 0.0000e+00 [ 0.0000e+00 ] 9.9996e-01
 3.037e+01 3.4065e-05 3.4065e-05 [ 1.2090e-63 7.0303e-25 6.0942e-07 3.3455e-05 ] 0.0000e+00 [ 0.0000e+00 ] 9.9997e-01
 3.049e+01 3.1312e-05 3.1312e-05 [ 4.7962e-64 4.3783e-25 5.3695e-07 3.0775e-05 ] 0.0000e+00 [ 0.0000e+00 ] 9.9997e-01
 3.060e+01 2.8769e-05 2.8769e-05 [ 1.9006e-64 2.7219e-25 4.7281e-07 2.8296e-05 ] 0.0000e+00 [ 0.0000e+00 ] 9.9997e-01
 3.071e+01 2.6421e-05 2.6421e-05 [ 7.5235e-65 1.6891e-25 4.1608e-07 2.6005e-05 ] 0.0000e+00 [ 0.0000e+00 ] 9.9997e-01
 3.083e+01 2.4254e-05 2.4254e-05 [ 2.9750e-65 1.0463e-25 3.6593e-07 2.3889e-05 ] 0.0000e+00 [ 0.0000e+00 ] 9.9998e-01
 3.094e+01 2.2256e-05 2.2256e-05 [ 1.1752e-65 6.4698e-26 3.2162e-07 2.1934e-05 ] 0.0000e+00 [ 0.0000e+00 ] 9.9998e-01
 3.105e+01 2.0413e-05 2.0413e-05 [ 4.6374e-66 3.9936e-26 2.8251e-07 2.0130e-05 ] 0.0000e+00 [ 0.0000e+00 ] 9.9998e-01
 3.117e+01 1.8714e-05 1.8714e-05 [ 1.8281e-66 2.4608e-26 2.4801e-07 1.8466e-05 ] 0.0000e+00 [ 0.0000e+00 ] 9.9998e-01
 3.128e+01 1.7149e-05 1.7149e-05 [ 7.1992e-67 1.5137e-26 2.1758e-07 1.6932e-05 ] 0.0000e+00 [ 0.0000e+00 ] 9.9998e-01
 3.139e+01 1.5709e-05 1.5709e-05 [ 2.8322e-67 9.2945e-27 1.9077e-07 1.5518e-05 ] 0.0000e+00 [ 0.0000e+00 ] 9.9998e-01
 3.151e+01 1.4383e-05 1.4383e-05 [ 1.1131e-67 5.6973e-27 1.6717e-07 1.4216e-05 ] 0.0000e+00 [ 0.0000e+00 ] 9.9999e-01
 3.162e+01 1.3163e-05 1.3163e-05 [ 4.3706e-68 3.4863e-27 1.4639e-07 1.3017e-05 ] 0.0000e+00 [ 0.0000e+00 ] 9.9999e-01
 3.173e+01 1.2041e-05 1.2041e-05 [ 1.7144e-68 2.1297e-27 1.2813e-07 1.1913e-05 ] 0.0000e+00 [ 0.0000e+00 ] 9.9999e-01
 3.185e+01 1.1011e-05 1.1011e-05 [ 6.7184e-69 1.2987e-27 1.1207e-07 1.0899e-05 ] 0.0000e+00 [ 0.0000e+00 ] 9.9999e-01
 3.196e+01 1.0064e-05 1.0064e-05 [ 2.6303e-69 7.9065e-28 9.7966e-08 9.9658e-06 ] 0.0000e+00 [ 0.0000e+00 ] 9.9999e-01
 3.207e+01 9.1943e-06 9.1943e-06 [ 1.0288e-69 4.8053e-28 8.5586e-08 9.1087e-06 ] 0.0000e+00 [ 0.0000e+00 ] 9.9999e-01
 3.219e+01 8.3963e-06 8.3963e-06 [ 4.0204e-70 2.9155e-28 7.4726e-08 8.3216e-06 ] 0.0000e+00 [ 0.0000e+00 ] 9.9999e-01
 3.230e+01 7.6643e-06 7.6643e-06 [ 1.5696e-70 1.7660e-28 6.5205e-08 7.5990e-06 ] 0.0000e+00 [ 0.0000e+00 ] 9.9999e-01
 3.241e+01 6.9930e-06 6.9930e-06 [ 6.1224e-71 1.0679e-28 5.6864e-08 6.9361e-06 ] 0.0000e+00 [ 0.0000e+00 ] 9.9999e-01
 3.253e+01 6.3778e-06 6.3778e-06 [ 2.3860e-71 6.4467e-29 4.9560e-08 6.3282e-06 ] 0.0000e+00 [ 0.0000e+00 ] 9.9999e-01
 3.264e+01 5.8141e-06 5.8141e-06 [ 9.2899e-72 3.8854e-29 4.3168e-08 5.7710e-06 ] 0.0000e+00 [ 0.0000e+00 ] 9.9999e-01
 3.275e+01 5.2980e-06 5.2980e-06 [ 3.6139e-72 2.3378e-29 3.7579e-08 5.2604e-06 ] 0.0000e+00 [ 0.0000e+00 ] 9.9999e-01
 3.287e+01 4.8256e-06 4.8256e-06 [ 1.4046e-72 1.4043e-29 3.2694e-08 4.7929e-06 ] 0.0000e+00 [ 0.0000e+00 ] 1.0000e+00
 3.298e+01 4.3935e-06 4.3935e-06 [ 5.4546e-73 8.4222e-30 2.8427e-08 4.3650e-06 ] 0.0000e+00 [ 0.0000e+00 ] 1.0000e+00
 3.309e+01 3.9983e-06 3.9983e-06 [ 2.1164e-73 5.0427e-30 2.4703e-08 3.9736e-06 ] 0.0000e+00 [ 0.0000e+00 ] 1.0000e+00
 3.321e+01 3.6371e-06 3.6371e-06 [ 8.2044e-74 3.0144e-30 2.1454e-08 3.6156e-06 ] 0.0000e+00 [ 0.0000e+00 ] 1.0000e+00
 3.332e+01 3.3071e-06 3.3071e-06 [ 3.1779e-74 1.7990e-30 1.8621e-08 3.2884e-06 ] 0.0000e+00 [ 0.0000e+00 ] 1.0000e+00
 3.343e+01 3.0057e-06 3.0057e-06 [ 1.2299e-74 1.0719e-30 1.6153e-08 2.9895e-06 ] 0.0000e+00 [ 0.0000e+00 ] 1.0000e+00
 3.355e+01 2.7306e-06 2.7306e-06 [ 4.7559e-75 6.3765e-31 1.4004e-08 2.7166e-06 ] 0.0000e+00 [ 0.0000e+00 ] 1.0000e+00
 3.366e+01 2.4796e-06 2.4796e-06 [ 1.8375e-75 3.7872e-31 1.2133e-08 2.4675e-06 ] 0.0000e+00 [ 0.0000e+00 ] 1.0000e+00
 3.377e+01 2.2508e-06 2.2508e-06 [ 7.0939e-76 2.2457e-31 1.0507e-08 2.2403e-06 ] 0.0000e+00 [ 0.0000e+00 ] 1.0000e+00
 3.389e+01 2.0421e-06 2.0421e-06 [ 2.7364e-76 1.3295e-31 9.0930e-09 2.0331e-06 ] 0.0000e+00 [ 0.0000e+00 ] 1.0000e+00
 3.400e+01 1.8521e-06 1.8521e-06 [ 1.0547e-76 7.8589e-32 7.8649e-09 1.8442e-06 ] 0.0000e+00 [ 0.0000e+00 ] 1.0000e+00
 3.411e+01 1.6789e-06 1.6789e-06 [ 4.0620e-77 4.6381e-32 6.7986e-09 1.6721e-06 ] 0.0000e+00 [ 0.0000e+00 ] 1.0000e+00
 3.423e+01 1.5214e-06 1.5214e-06 [ 1.5631e-77 2.7330e-32 5.8736e-09 1.5155e-06 ] 0.0000e+00 [ 0.0000e+00 ] 1.0000e+00
 3.434e+01 1.3780e-06 1.3780e-06 [ 6.0106e-78 1.6078e-32 5.0714e-09 1.3729e-06 ] 0.0000e+00 [ 0.0000e+00 ] 1.0000e+00
 3.445e+01 1.2476e-06 1.2476e-06 [ 2.3094e-78 9.4445e-33 4.3763e-09 1.2432e-06 ] 0.0000e+00 [ 0.0000e+00 ] 1.0000e+00
 3.457e+01 1.1290e-06 1.1290e-06 [ 8.8665e-79 5.5391e-33 3.7743e-09 1.1252e-06 ] 0.0000e+00 [ 0.0000e+00 ] 1.0000e+00
 3.468e+01 1.0213e-06 1.0213e-06 [ 3.4015e-79 3.2436e-33 3.2532e-09 1.0180e-06 ] 0.0000e+00 [ 0.0000e+00 ] 1.0000e+00
 3.479e+01 9.2344e-07 9.2344e-07 [ 1.3039e-79 1.8965e-33 2.8025e-09 9.2063e-07 ] 0.0000e+00 [ 0.0000e+00 ] 1.0000e+00
 3.491e+01 8.3461e-07 8.3461e-07 [ 4.9948e-80 1.1071e-33 2.4128e-09 8.3220e-07 ] 0.0000e+00 [ 0.0000e+00 ] 1.0000e+00
 3.502e+01 7.5401e-07 7.5401e-07 [ 1.9118e-80 6.4532e-34 2.0761e-09 7.5193e-07 ] 0.0000e+00 [ 0.0000e+00 ] 1.0000e+00
 3.513e+01 6.8090e-07 6.8090e-07 [ 7.3125e-81 3.7557e-34 1.7854e-09 6.7911e-07 ] 0.0000e+00 [ 0.0000e+00 ] 1.0000e+00
 3.525e+01 6.1461e-07 6.1461e-07 [ 2.7949e-81 2.1825e-34 1.5345e-09 6.1308e-07 ] 0.0000e+00 [ 0.0000e+00 ] 1.0000e+00
 3.536e+01 5.5455e-07 5.5455e-07 [ 1.0674e-81 1.2663e-34 1.3181e-09 5.5323e-07 ] 0.0000e+00 [ 0.0000e+00 ] 1.0000e+00
 3.547e+01 5.0013e-07 5.0013e-07 [ 4.0738e-82 7.3366e-35 1.1316e-09 4.9900e-07 ] 0.0000e+00 [ 0.0000e+00 ] 1.0000e+00
 3.559e+01 4.5087e-07 4.5087e-07 [ 1.5537e-82 4.2441e-35 9.7092e-10 4.4990e-07 ] 0.0000e+00 [ 0.0000e+00 ] 1.0000e+00
 3.570e+01 4.0628e-07 4.0628e-07 [ 5.9210e-83 2.4515e-35 8.3258e-10 4.0545e-07 ] 0.0000e+00 [ 0.0000e+00 ] 1.0000e+00
 3.581e+01 3.6595e-07 3.6595e-07 [ 2.2549e-83 1.4139e-35 7.1355e-10 3.6524e-07 ] 0.0000e+00 [ 0.0000e+00 ] 1.0000e+00
 3.593e+01 3.2948e-07 3.2948e-07 [ 8.5815e-84 8.1426e-36 6.1119e-10 3.2887e-07 ] 0.0000e+00 [ 0.0000e+00 ] 1.0000e+00
 3.604e+01 2.9652e-07 2.9652e-07 [ 3.2635e-84 4.6823e-36 5.2322e-10 2.9600e-07 ] 0.0000e+00 [ 0.0000e+00 ] 1.0000e+00
 3.615e+01 2.6675e-07 2.6675e-07 [ 1.2403e-84 2.6886e-36 4.4766e-10 2.6630e-07 ] 0.0000e+00 [ 0.0000e+00 ] 1.0000e+00
 3.627e+01 2.3986e-07 2.3986e-07 [ 4.7102e-85 1.5415e-36 3.8279e-10 2.3948e-07 ] 0.0000e+00 [ 0.0000e+00 ] 1.0000e+00
 3.638e+01 2.1559e-07 2.1559e-07 [ 1.7876e-85 8.8251e-37 3.2714e-10 2.1526e-07 ] 0.0000e+00 [ 0.0000e+00 ] 1.0000e+00
 3.649e+01 1.9369e-07 1.9369e-07 [ 6.7798e-86 5.0450e-37 2.7942e-10 1.9341e-07 ] 0.0000e+00 [ 0.0000e+00 ] 1.0000e+00
 3.661e+01 1.7395e-07 1.7395e-07 [ 2.5696e-86 2.8799e-37 2.3853e-10 1.7371e-07 ] 0.0000e+00 [ 0.0000e+00 ] 1.0000e+00
 3.672e+01 1.5615e-07 1.5615e-07 [ 9.7323e-87 1.6415e-37 2.0351e-10 1.5595e-07 ] 0.0000e+00 [ 0.0000e+00 ] 1.0000e+00
 3.683e+01 1.4011e-07 1.4011e-07 [ 3.6837e-87 9.3434e-38 1.7353e-10 1.3994e-07 ] 0.0000e+00 [ 0.0000e+00 ] 1.0000e+00
 3.695e+01 1.2567e-07 1.2567e-07 [ 1.3934e-87 5.3104e-38 1.4788e-10 1.2552e-07 ] 0.0000e+00 [ 0.0000e+00 ] 1.0000e+00
 3.706e+01 1.1267e-07 1.1267e-07 [ 5.2670e-88 3.0139e-38 1.2596e-10 1.1254e-07 ] 0.0000e+00 [ 0.0000e+00 ] 1.0000e+00
 3.717e+01 1.0097e-07 1.0097e-07 [ 1.9897e-88 1.7081e-38 1.0722e-10 1.0086e-07 ] 0.0000e+00 [ 0.0000e+00 ] 1.0000e+00
 3.729e+01 9.0445e-08 9.0445e-08 [ 7.5113e-89 9.6663e-39 9.1224e-11 9.0354e-08 ] 0.0000e+00 [ 0.0000e+00 ] 1.0000e+00
 3.740e+01 8.0985e-08 8.0985e-08 [ 2.8338e-89 5.4626e-39 7.7569e-11 8.0907e-08 ] 0.0000e+00 [ 0.0000e+00 ] 1.0000e+00
 3.751e+01 7.2484e-08 7.2484e-08 [ 1.0684e-89 3.0826e-39 6.5921e-11 7.2418e-08 ] 0.0000e+00 [ 0.0000e+00 ] 1.0000e+00
 3.763e+01 6.4848e-08 6.4848e-08 [ 4.0258e-90 1.7371e-39 5.5991e-11 6.4792e-08 ] 0.0000e+00 [ 0.0000e+00 ] 1.0000e+00
 3.774e+01 5.7992e-08 5.7992e-08 [ 1.5160e-90 9.7752e-40 4.7530e-11 5.7944e-08 ] 0.0000e+00 [ 0.0000e+00 ] 1.0000e+00
 3.785e+01 5.1839e-08 5.1839e-08 [ 5.7050e-91 5.4931e-40 4.0326e-11 5.1798e-08 ] 0.0000e+00 [ 0.0000e+00 ] 1.0000e+00
 3.797e+01 4.6319e-08 4.6319e-08 [ 2.1456e-91 3.0824e-40 3.4194e-11 4.6285e-08 ] 0.0000e+00 [ 0.0000e+00 ] 1.0000e+00
 3.808e+01 4.1370e-08 4.1370e-08 [ 8.0644e-92 1.7273e-40 2.8979e-11 4.1341e-08 ] 0.0000e+00 [ 0.0000e+00 ] 1.0000e+00
 3.819e+01 3.6934e-08 3.6934e-08 [ 3.0292e-92 9.6658e-41 2.4545e-11 3.6909e-08 ] 0.0000e+00 [ 0.0000e+00 ] 1.0000e+00
 3.831e+01 3.2960e-08 3.2960e-08 [ 1.1372e-92 5.4014e-41 2.0778e-11 3.2939e-08 ] 0.0000e+00 [ 0.0000e+00 ] 1.0000e+00
 3.842e+01 2.9401e-08 2.9401e-08 [ 4.2664e-93 3.0142e-41 1.7580e-11 2.9384e-08 ] 0.0000e+00 [ 0.0000e+00 ] 1.0000e+00
 3.853e+01 2.6216e-08 2.6216e-08 [ 1.5997e-93 1.6798e-41 1.4866e-11 2.6201e-08 ] 0.0000e+00 [ 0.0000e+00 ] 1.0000e+00
 3.865e+01 2.3366e-08 2.3366e-08 [ 5.9944e-94 9.3481e-42 1.2564e-11 2.3353e-08 ] 0.0000e+00 [ 0.0000e+00 ] 1.0000e+00
 3.876e+01 2.0817e-08 2.0817e-08 [ 2.2449e-94 5.1952e-42 1.0612e-11 2.0806e-08 ] 0.0000e+00 [ 0.0000e+00 ] 1.0000e+00
 3.887e+01 1.8538e-08 1.8538e-08 [ 8.4024e-95 2.8833e-42 8.9588e-12 1.8529e-08 ] 0.0000e+00 [ 0.0000e+00 ] 1.0000e+00
 3.899e+01 1.6502e-08 1.6502e-08 [ 3.1430e-95 1.5981e-42 7.5589e-12 1.6494e-08 ] 0.0000e+00 [ 0.0000e+00 ] 1.0000e+00
 3.910e+01 1.4683e-08 1.4683e-08 [ 1.1750e-95 8.8453e-43 6.3743e-12 1.4677e-08 ] 0.0000e+00 [ 0.0000e+00 ] 1.0000e+00
 3.921e+01 1.3060e-08 1.3060e-08 [ 4.3902e-96 4.8892e-43 5.3723e-12 1.3054e-08 ] 0.0000e+00 [ 0.0000e+00 ] 1.0000e+00
 3.933e+01 1.1611e-08 1.1611e-08 [ 1.6394e-96 2.6989e-43 4.5254e-12 1.1606e-08 ] 0.0000e+00 [ 0.0000e+00 ] 1.0000e+00
 3.944e+01 1.0318e-08 1.0318e-08 [ 6.1182e-97 1.4878e-43 3.8098e-12 1.0314e-08 ] 0.0000e+00 [ 0.0000e+00 ] 1.0000e+00
 3.955e+01 9.1659e-09 9.1659e-09 [ 2.2820e-97 8.1910e-44 3.2057e-12 9.1627e-09 ] 0.0000e+00 [ 0.0000e+00 ] 1.0000e+00
 3.967e+01 8.1388e-09 8.1388e-09 [ 8.5070e-98 4.5034e-44 2.6959e-12 8.1361e-09 ] 0.0000e+00 [ 0.0000e+00 ] 1.0000e+00
 3.978e+01 7.2238e-09 7.2238e-09 [ 3.1695e-98 2.4727e-44 2.2659e-12 7.2216e-09 ] 0.0000e+00 [ 0.0000e+00 ] 1.0000e+00
 3.989e+01 6.4091e-09 6.4091e-09 [ 1.1802e-98 1.3559e-44 1.9035e-12 6.4072e-09 ] 0.0000e+00 [ 0.0000e+00 ] 1.0000e+00
 4.001e+01 5.6838e-09 5.6838e-09 [ 4.3922e-99 7.4253e-45 1.5981e-12 5.6822e-09 ] 0.0000e+00 [ 0.0000e+00 ] 1.0000e+00
 4.012e+01 5.0386e-09 5.0386e-09 [ 1.6337e-99 4.0610e-45 1.3410e-12 5.0373e-09 ] 0.0000e+00 [ 0.0000e+00 ] 1.0000e+00
 4.023e+01 4.4647e-09 4.4647e-09 [ 6.0732e-100 2.2181e-45 1.1247e-12 4.4636e-09 ] 0.0000e+00 [ 0.0000e+00 ] 1.0000e+00
 4.035e+01 3.9546e-09 3.9546e-09 [ 2.2565e-100 1.2099e-45 9.4273e-13 3.9537e-09 ] 0.0000e+00 [ 0.0000e+00 ] 1.0000e+00
 4.046e+01 3.5013e-09 3.5013e-09 [ 8.3794e-101 6.5915e-46 7.8978e-13 3.5005e-09 ] 0.0000e+00 [ 0.0000e+00 ] 1.0000e+00
 4.057e+01 3.0987e-09 3.0987e-09 [ 3.1100e-101 3.5862e-46 6.6128e-13 3.0981e-09 ] 0.0000e+00 [ 0.0000e+00 ] 1.0000e+00
 4.069e+01 2.7413e-09 2.7413e-09 [ 1.1536e-101 1.9487e-46 5.5339e-13 2.7407e-09 ] 0.0000e+00 [ 0.0000e+00 ] 1.0000e+00
 4.080e+01 2.4241e-09 2.4241e-09 [ 4.2771e-102 1.0575e-46 4.6285e-13 2.4236e-09 ] 0.0000e+00 [ 0.0000e+00 ] 1.0000e+00
 4.091e+01 2.1427e-09 2.1427e-09 [ 1.5849e-102 5.7313e-47 3.8691e-13 2.1423e-09 ] 0.0000e+00 [ 0.0000e+00 ] 1.0000e+00
 4.103e+01 1.8932e-09 1.8932e-09 [ 5.8699e-103 3.1023e-47 3.2326e-13 1.8929e-09 ] 0.0000e+00 [ 0.0000e+00 ] 1.0000e+00
 4.114e+01 1.6720e-09 1.6720e-09 [ 2.1728e-103 1.6771e-47 2.6993e-13 1.6718e-09 ] 0.0000e+00 [ 0.0000e+00 ] 1.0000e+00
 4.125e+01 1.4761e-09 1.4761e-09 [ 8.0390e-104 9.0548e-48 2.2528e-13 1.4759e-09 ] 0.0000e+00 [ 0.0000e+00 ] 1.0000e+00
 4.137e+01 1.3026e-09 1.3026e-09 [ 2.9727e-104 4.8826e-48 1.8791e-13 1.3024e-09 ] 0.0000e+00 [ 0.0000e+00 ] 1.0000e+00
 4.148e+01 1.1491e-09 1.1491e-09 [ 1.0987e-104 2.6296e-48 1.5666e-13 1.1489e-09 ] 0.0000e+00 [ 0.0000e+00 ] 1.0000e+00
 4.159e+01 1.0132e-09 1.0132e-09 [ 4.0586e-105 1.4144e-48 1.3053e-13 1.0131e-09 ] 0.0000e+00 [ 0.0000e+00 ] 1.0000e+00
 4.171e+01 8.9300e-10 8.9300e-10 [ 1.4985e-105 7.5981e-49 1.0870e-13 8.9289e-10 ] 0.0000e+00 [ 0.0000e+00 ] 1.0000e+00
 4.182e+01 7.8675e-10 7.8675e-10 [ 5.5300e-106 4.0766e-49 9.0475e-14 7.8666e-10 ] 0.0000e+00 [ 0.0000e+00 ] 1.0000e+00
 4.193e+01 6.9287e-10 6.9287e-10 [ 2.0397e-106 2.1845e-49 7.5264e-14 6.9279e-10 ] 0.0000e+00 [ 0.0000e+00 ] 1.0000e+00
 4.205e+01 6.0993e-10 6.0993e-10 [ 7.5196e-107 1.1692e-49 6.2577e-14 6.0987e-10 ] 0.0000e+00 [ 0.0000e+00 ] 1.0000e+00
 4.216e+01 5.3671e-10 5.3671e-10 [ 2.7708e-107 6.2498e-50 5.2000e-14 5.3665e-10 ] 0.0000e+00 [ 0.0000e+00 ] 1.0000e+00
 4.227e+01 4.7208e-10 4.7208e-10 [ 1.0205e-107 3.3367e-50 4.3187e-14 4.7204e-10 ] 0.0000e+00 [ 0.0000e+00 ] 1.0000e+00
 4.239e+01 4.1506e-10 4.1506e-10 [ 3.7566e-108 1.7792e-50 3.5849e-14 4.1503e-10 ] 0.0000e+00 [ 0.0000e+00 ] 1.0000e+00
 4.250e+01 3.6479e-10 3.6479e-10 [ 1.3822e-108 9.4759e-51 2.9742e-14 3.6476e-10 ] 0.0000e+00 [ 0.0000e+00 ] 1.0000e+00
 4.261e+01 3.2047e-10 3.2047e-10 [ 5.0831e-109 5.0406e-51 2.4662e-14 3.2044e-10 ] 0.0000e+00 [ 0.0000e+00 ] 1.0000e+00
 4.273e+01 2.8142e-10 2.8142e-10 [ 1.8684e-109 2.6780e-51 2.0438e-14 2.8140e-10 ] 0.0000e+00 [ 0.0000e+00 ] 1.0000e+00
 4.284e+01 2.4703e-10 2.4703e-10 [ 6.8647e-110 1.4211e-51 1.6929e-14 2.4701e-10 ] 0.0000e+00 [ 0.0000e+00 ] 1.0000e+00
 4.295e+01 2.1675e-10 2.1675e-10 [ 2.5209e-110 7.5318e-52 1.4015e-14 2.1674e-10 ] 0.0000e+00 [ 0.0000e+00 ] 1.0000e+00
 4.307e+01 1.9011e-10 1.9011e-10 [ 9.2531e-111 3.9872e-52 1.1596e-14 1.9010e-10 ] 0.0000e+00 [ 0.0000e+00 ] 1.0000e+00
 4.318e+01 1.6668e-10 1.6668e-10 [ 3.3948e-111 2.1082e-52 9.5895e-15 1.6667e-10 ] 0.0000e+00 [ 0.0000e+00 ] 1.0000e+00
 4.329e+01 1.4607e-10 1.4607e-10 [ 1.2449e-111 1.1133e-52 7.9260e-15 1.4606e-10 ] 0.0000e+00 [ 0.0000e+00 ] 1.0000e+00
 4.341e+01 1.2796e-10 1.2796e-10 [ 4.5630e-112 5.8727e-53 6.5475e-15 1.2795e-10 ] 0.0000e+00 [ 0.0000e+00 ] 1.0000e+00
 4.352e+01 1.1205e-10 1.1205e-10 [ 1.6717e-112 3.0941e-53 5.4059e-15 1.1204e-10 ] 0.0000e+00 [ 0.0000e+00 ] 1.0000e+00
 4.363e+01 9.8079e-11 9.8079e-11 [ 6.1218e-113 1.6282e-53 4.4609e-15 9.8074e-11 ] 0.0000e+00 [ 0.0000e+00 ] 1.0000e+00
 4.375e+01 8.5814e-11 8.5814e-11 [ 2.2407e-113 8.5582e-54 3.6792e-15 8.5811e-11 ] 0.0000e+00 [ 0.0000e+00 ] 1.0000e+00
 4.386e+01 7.5054e-11 7.5054e-11 [ 8.1980e-114 4.4931e-54 3.0328e-15 7.5051e-11 ] 0.0000e+00 [ 0.0000e+00 ] 1.0000e+00
 4.397e+01 6.5616e-11 6.5616e-11 [ 2.9980e-114 2.3561e-54 2.4987e-15 6.5613e-11 ] 0.0000e+00 [ 0.0000e+00 ] 1.0000e+00
 4.409e+01 5.7341e-11 5.7341e-11 [ 1.0958e-114 1.2341e-54 2.0575e-15 5.7339e-11 ] 0.0000e+00 [ 0.0000e+00 ] 1.0000e+00
 4.420e+01 5.0090e-11 5.0090e-11 [ 4.0038e-115 6.4564e-55 1.6933e-15 5.0089e-11 ] 0.0000e+00 [ 0.0000e+00 ] 1.0000e+00
 4.431e+01 4.3738e-11 4.3738e-11 [ 1.4622e-115 3.3739e-55 1.3929e-15 4.3737e-11 ] 0.0000e+00 [ 0.0000e+00 ] 1.0000e+00
 4.443e+01 3.8177e-11 3.8177e-11 [ 5.3375e-116 1.7611e-55 1.1451e-15 3.8176e-11 ] 0.0000e+00 [ 0.0000e+00 ] 1.0000e+00
 4.454e+01 3.3309e-11 3.3309e-11 [ 1.9475e-116 9.1815e-56 9.4090e-16 3.3308e-11 ] 0.0000e+00 [ 0.0000e+00 ] 1.0000e+00
 4.465e+01 2.9050e-11 2.9050e-11 [ 7.1030e-117 4.7815e-56 7.7271e-16 2.9049e-11 ] 0.0000e+00 [ 0.0000e+00 ] 1.0000e+00
 4.477e+01 2.5326e-11 2.5326e-11 [ 2.5894e-117 2.4872e-56 6.3425e-16 2.5325e-11 ] 0.0000e+00 [ 0.0000e+00 ] 1.0000e+00
 4.488e+01 2.2070e-11 2.2070e-11 [ 9.4357e-118 1.2923e-56 5.2032e-16 2.2069e-11 ] 0.0000e+00 [ 0.0000e+00 ] 1.0000e+00
 4.499e+01 1.9225e-11 1.9225e-11 [ 3.4368e-118 6.7071e-57 4.2663e-16 1.9224e-11 ] 0.0000e+00 [ 0.0000e+00 ] 1.0000e+00
 4.511e+01 1.6740e-11 1.6740e-11 [ 1.2513e-118 3.4770e-57 3.4962e-16 1.6740e-11 ] 0.0000e+00 [ 0.0000e+00 ] 1.0000e+00
 4.522e+01 1.4570e-11 1.4570e-11 [ 4.5537e-119 1.8005e-57 2.8636e-16 1.4570e-11 ] 0.0000e+00 [ 0.0000e+00 ] 1.0000e+00
 4.533e+01 1.2677e-11 1.2677e-11 [ 1.6565e-119 9.3131e-58 2.3442e-16 1.2677e-11 ] 0.0000e+00 [ 0.0000e+00 ] 1.0000e+00
 4.545e+01 1.1025e-11 1.1025e-11 [ 6.0232e-120 4.8118e-58 1.9180e-16 1.1025e-11 ] 0.0000e+00 [ 0.0000e+00 ] 1.0000e+00
 4.556e+01 9.5846e-12 9.5846e-12 [ 2.1892e-120 2.4834e-58 1.5685e-16 9.5844e-12 ] 0.0000e+00 [ 0.0000e+00 ] 1.0000e+00
 4.567e+01 8.3290e-12 8.3290e-12 [ 7.9535e-121 1.2802e-58 1.2820e-16 8.3289e-12 ] 0.0000e+00 [ 0.0000e+00 ] 1.0000e+00
 4.579e+01 7.2351e-12 7.2351e-12 [ 2.8883e-121 6.5927e-59 1.0472e-16 7.2350e-12 ] 0.0000e+00 [ 0.0000e+00 ] 1.0000e+00
 4.590e+01 6.2823e-12 6.2823e-12 [ 1.0485e-121 3.3912e-59 8.5502e-17 6.2822e-12 ] 0.0000e+00 [ 0.0000e+00 ] 1.0000e+00
 4.601e+01 5.4528e-12 5.4528e-12 [ 3.8044e-122 1.7425e-59 6.9771e-17 5.4527e-12 ] 0.0000e+00 [ 0.0000e+00 ] 1.0000e+00
 4.613e+01 4.7310e-12 4.7310e-12 [ 1.3799e-122 8.9435e-60 5.6905e-17 4.7309e-12 ] 0.0000e+00 [ 0.0000e+00 ] 1.0000e+00
 4.624e+01 4.1030e-12 4.1030e-12 [ 5.0028e-123 4.5854e-60 4.6387e-17 4.1030e-12 ] 0.0000e+00 [ 0.0000e+00 ] 1.0000e+00
 4.635e+01 3.5570e-12 3.5570e-12 [ 1.8130e-123 2.3484e-60 3.7793e-17 3.5570e-12 ] 0.0000e+00 [ 0.0000e+00 ] 1.0000e+00
 4.647e+01 3.0825e-12 3.0825e-12 [ 6.5678e-124 1.2014e-60 3.0775e-17 3.0824e-12 ] 0.0000e+00 [ 0.0000e+00 ] 1.0000e+00
 4.658e+01 2.6702e-12 2.6702e-12 [ 2.3783e-124 6.1397e-61 2.5047e-17 2.6701e-12 ] 0.0000e+00 [ 0.0000e+00 ] 1.0000e+00
 4.669e+01 2.3121e-12 2.3121e-12 [ 8.6086e-125 3.1343e-61 2.0374e-17 2.3121e-12 ] 0.0000e+00 [ 0.0000e+00 ] 1.0000e+00
 4.681e+01 2.0012e-12 2.0012e-12 [ 3.1148e-125 1.5983e-61 1.6564e-17 2.0012e-12 ] 0.0000e+00 [ 0.0000e+00 ] 1.0000e+00
 4.692e+01 1.7315e-12 1.7315e-12 [ 1.1265e-125 8.1418e-62 1.3460e-17 1.7315e-12 ] 0.0000e+00 [ 0.0000e+00 ] 1.0000e+00
 4.703e+01 1.4975e-12 1.4975e-12 [ 4.0728e-126 4.1430e-62 1.0931e-17 1.4975e-12 ] 0.0000e+00 [ 0.0000e+00 ] 1.0000e+00
 4.715e+01 1.2946e-12 1.2946e-12 [ 1.4719e-126 2.1060e-62 8.8731e-18 1.2946e-12 ] 0.0000e+00 [ 0.0000e+00 ] 1.0000e+00
 4.726e+01 1.1188e-12 1.1188e-12 [ 5.3171e-127 1.0694e-62 7.1987e-18 1.1188e-12 ] 0.0000e+00 [ 0.0000e+00 ] 1.0000e+00
 4.737e+01 9.6647e-13 9.6647e-13 [ 1.9201e-127 5.4244e-63 5.8372e-18 9.6646e-13 ] 0.0000e+00 [ 0.0000e+00 ] 1.0000e+00
 4.749e+01 8.3454e-13 8.3454e-13 [ 6.9307e-128 2.7487e-63 4.7306e-18 8.3454e-13 ] 0.0000e+00 [ 0.0000e+00 ] 1.0000e+00
 4.760e+01 7.2034e-13 7.2034e-13 [ 2.5008e-128 1.3913e-63 3.8319e-18 7.2034e-13 ] 0.0000e+00 [ 0.0000e+00 ] 1.0000e+00
 4.771e+01 6.2153e-13 6.2153e-13 [ 9.0201e-129 7.0354e-64 3.1022e-18 6.2152e-13 ] 0.0000e+00 [ 0.0000e+00 ] 1.0000e+00
 4.783e+01 5.3605e-13 5.3605e-13 [ 3.2522e-129 3.5539e-64 2.5102e-18 5.3605e-13 ] 0.0000e+00 [ 0.0000e+00 ] 1.0000e+00
 4.794e+01 4.6215e-13 4.6215e-13 [ 1.1721e-129 1.7933e-64 2.0300e-18 4.6215e-13 ] 0.0000e+00 [ 0.0000e+00 ] 1.0000e+00
 4.805e+01 3.9828e-13 3.9828e-13 [ 4.2229e-130 9.0401e-65 1.6409e-18 3.9828e-13 ] 0.0000e+00 [ 0.0000e+00 ] 1.0000e+00
 4.817e+01 3.4310e-13 3.4310e-13 [ 1.5208e-130 4.5524e-65 1.3256e-18 3.4310e-13 ] 0.0000e+00 [ 0.0000e+00 ] 1.0000e+00
 4.828e+01 2.9545e-13 2.9545e-13 [ 5.4751e-131 2.2901e-65 1.0704e-18 2.9545e-13 ] 0.0000e+00 [ 0.0000e+00 ] 1.0000e+00
 4.839e+01 2.5432e-13 2.5432e-13 [ 1.9703e-131 1.1509e-65 8.6383e-19 2.5432e-13 ] 0.0000e+00 [ 0.0000e+00 ] 1.0000e+00
 4.851e+01 2.1883e-13 2.1883e-13 [ 7.0879e-132 5.7779e-66 6.9676e-19 2.1883e-13 ] 0.0000e+00 [ 0.0000e+00 ] 1.0000e+00
 4.862e+01 1.8822e-13 1.8822e-13 [ 2.5488e-132 2.8978e-66 5.6171e-19 1.8822e-13 ] 0.0000e+00 [ 0.0000e+00 ] 1.0000e+00
 4.873e+01 1.6182e-13 1.6182e-13 [ 9.1623e-133 1.4519e-66 4.5260e-19 1.6182e-13 ] 0.0000e+00 [ 0.0000e+00 ] 1.0000e+00
 4.885e+01 1.3908e-13 1.3908e-13 [ 3.2924e-133 7.2669e-67 3.6449e-19 1.3907e-13 ] 0.0000e+00 [ 0.0000e+00 ] 1.0000e+00
 4.896e+01 1.1948e-13 1.1948e-13 [ 1.1826e-133 3.6336e-67 2.9338e-19 1.1948e-13 ] 0.0000e+00 [ 0.0000e+00 ] 1.0000e+00
 4.907e+01 1.0260e-13 1.0260e-13 [ 4.2466e-134 1.8150e-67 2.3602e-19 1.0260e-13 ] 0.0000e+00 [ 0.0000e+00 ] 1.0000e+00
 4.919e+01 8.8077e-14 8.8077e-14 [ 1.5243e-134 9.0574e-68 1.8977e-19 8.8077e-14 ] 0.0000e+00 [ 0.0000e+00 ] 1.0000e+00
 4.930e+01 7.5577e-14 7.5577e-14 [ 5.4694e-135 4.5154e-68 1.5251e-19 7.5577e-14 ] 0.0000e+00 [ 0.0000e+00 ] 1.0000e+00
 4.941e+01 6.4827e-14 6.4827e-14 [ 1.9618e-135 2.2488e-68 1.2250e-19 6.4826e-14 ] 0.0000e+00 [ 0.0000e+00 ] 1.0000e+00
 4.953e+01 5.5583e-14 5.5583e-14 [ 7.0343e-136 1.1189e-68 9.8341e-20 5.5583e-14 ] 0.0000e+00 [ 0.0000e+00 ] 1.0000e+00
 4.964e+01 4.7639e-14 4.7639e-14 [ 2.5213e-136 5.5615e-69 7.8906e-20 4.7639e-14 ] 0.0000e+00 [ 0.0000e+00 ] 1.0000e+00
 4.975e+01 4.0815e-14 4.0815e-14 [ 9.0341e-137 2.7617e-69 6.3278e-20 4.0815e-14 ] 0.0000e+00 [ 0.0000e+00 ] 1.0000e+00
 4.987e+01 3.4954e-14 3.4954e-14 [ 3.2358e-137 1.3700e-69 5.0719e-20 3.4954e-14 ] 0.0000e+00 [ 0.0000e+00 ] 1.0000e+00
 4.998e+01 2.9924e-14 2.9924e-14 [ 1.1586e-137 6.7900e-70 4.0632e-20 2.9923e-14 ] 0.0000e+00 [ 0.0000e+00 ] 1.0000e+00
 5.009e+01 2.5607e-14 2.5607e-14 [ 4.1470e-138 3.3619e-70 3.2533e-20 2.5607e-14 ] 0.0000e+00 [ 0.0000e+00 ] 1.0000e+00
 5.021e+01 2.1904e-14 2.1904e-14 [ 1.4838e-138 1.6630e-70 2.6035e-20 2.1904e-14 ] 0.0000e+00 [ 0.0000e+00 ] 1.0000e+00
 5.032e+01 1.8730e-14 1.8730e-14 [ 5.3073e-139 8.2179e-71 2.0824e-20 1.8730e-14 ] 0.0000e+00 [ 0.0000e+00 ] 1.0000e+00
 5.043e+01 1.6009e-14 1.6009e-14 [ 1.8977e-139 4.0572e-71 1.6648e-20 1.6009e-14 ] 0.0000e+00 [ 0.0000e+00 ] 1.0000e+00
 5.055e+01 1.3679e-14 1.3679e-14 [ 6.7830e-140 2.0011e-71 1.3302e-20 1.3679e-14 ] 0.0000e+00 [ 0.0000e+00 ] 1.0000e+00
 5.066e+01 1.1683e-14 1.1683e-14 [ 2.4237e-140 9.8608e-72 1.0622e-20 1.1683e-14 ] 0.0000e+00 [ 0.0000e+00 ] 1.0000e+00
 5.077e+01 9.9740e-15 9.9740e-15 [ 8.6572e-141 4.8544e-72 8.4785e-21 9.9740e-15 ] 0.0000e+00 [ 0.0000e+00 ] 1.0000e+00
 5.089e+01 8.5120e-15 8.5120e-15 [ 3.0913e-141 2.3875e-72 6.7638e-21 8.5120e-15 ] 0.0000e+00 [ 0.0000e+00 ] 1.0000e+00
 5.100e+01 7.2615e-15 7.2615e-15 [ 1.1034e-141 1.1732e-72 5.3930e-21 7.2614e-15 ] 0.0000e+00 [ 0.0000e+00 ] 1.0000e+00
 5.111e+01 6.1922e-15 6.1922e-15 [ 3.9374e-142 5.7591e-73 4.2978e-21 6.1922e-15 ] 0.0000e+00 [ 0.0000e+00 ] 1.0000e+00
 5.123e+01 5.2784e-15 5.2784e-15 [ 1.4045e-142 2.8246e-73 3.4232e-21 5.2784e-15 ] 0.0000e+00 [ 0.0000e+00 ] 1.0000e+00
 5.134e+01 4.4977e-15 4.4977e-15 [ 5.0086e-143 1.3840e-73 2.7251e-21 4.4977e-15 ] 0.0000e+00 [ 0.0000e+00 ] 1.0000e+00
 5.145e+01 3.8310e-15 3.8310e-15 [ 1.7855e-143 6.7752e-74 2.1683e-21 3.8310e-15 ] 0.0000e+00 [ 0.0000e+00 ] 1.0000e+00
 5.157e+01 3.2618e-15 3.2618e-15 [ 6.3627e-144 3.3137e-74 1.7243e-21 3.2618e-15 ] 0.0000e+00 [ 0.0000e+00 ] 1.0000e+00
 5.168e+01 2.7762e-15 2.7762e-15 [ 2.2667e-144 1.6192e-74 1.3705e-21 2.7762e-15 ] 0.0000e+00 [ 0.0000e+00 ] 1.0000e+00
 5.179e+01 2.3619e-15 2.3619e-15 [ 8.0723e-145 7.9046e-75 1.0888e-21 2.3619e-15 ] 0.0000e+00 [ 0.0000e+00 ] 1.0000e+00
 5.191e+01 2.0087e-15 2.0087e-15 [ 2.8739e-145 3.8554e-75 8.6450e-22 2.0087e-15 ] 0.0000e+00 [ 0.0000e+00 ] 1.0000e+00
 5.202e+01 1.7076e-15 1.7076e-15 [ 1.0228e-145 1.8787e-75 6.8605e-22 1.7076e-15 ] 0.0000e+00 [ 0.0000e+00 ] 1.0000e+00
 5.213e+01 1.4511e-15 1.4511e-15 [ 3.6390e-146 9.1466e-76 5.4415e-22 1.4511e-15 ] 0.0000e+00 [ 0.0000e+00 ] 1.0000e+00
 5.225e+01 1.2327e-15 1.2327e-15 [ 1.2943e-146 4.4490e-76 4.3138e-22 1.2327e-15 ] 0.0000e+00 [ 0.0000e+00 ] 1.0000e+00
 5.236e+01 1.0467e-15 1.0467e-15 [ 4.6019e-147 2.1621e-76 3.4180e-22 1.0467e-15 ] 0.0000e+00 [ 0.0000e+00 ] 1.0000e+00
 5.247e+01 8.8845e-16 8.8845e-16 [ 1.6357e-147 1.0498e-76 2.7068e-22 8.8845e-16 ] 0.0000e+00 [ 0.0000e+00 ] 1.0000e+00
 5.259e+01 7.5384e-16 7.5384e-16 [ 5.8123e-148 5.0926e-77 2.1425e-22 7.5384e-16 ] 0.0000e+00 [ 0.0000e+00 ] 1.0000e+00
 5.270e+01 6.3937e-16 6.3937e-16 [ 2.0647e-148 2.4682e-77 1.6949e-22 6.3937e-16 ] 0.0000e+00 [ 0.0000e+00 ] 1.0000e+00
 5.281e+01 5.4208e-16 5.4208e-16 [ 7.3318e-149 1.1952e-77 1.3401e-22 5.4208e-16 ] 0.0000e+00 [ 0.0000e+00 ] 1.0000e+00
 5.293e+01 4.5941e-16 4.5941e-16 [ 2.6028e-149 5.7825e-78 1.0591e-22 4.5941e-16 ] 0.0000e+00 [ 0.0000e+00 ] 1.0000e+00
 5.304e+01 3.8920e-16 3.8920e-16 [ 9.2370e-150 2.7952e-78 8.3650e-23 3.8920e-16 ] 0.0000e+00 [ 0.0000e+00 ] 1.0000e+00
 5.315e+01 3.2960e-16 3.2960e-16 [ 3.2771e-150 1.3500e-78 6.6037e-23 3.2960e-16 ] 0.0000e+00 [ 0.0000e+00 ] 1.0000e+00
 5.327e+01 2.7901e-16 2.7901e-16 [ 1.1623e-150 6.5140e-79 5.2105e-23 2.7901e-16 ] 0.0000e+00 [ 0.0000e+00 ] 1.0000e+00
 5.338e+01 2.3610e-16 2.3610e-16 [ 4.1211e-151 3.1405e-79 4.1091e-23 2.3610e-16 ] 0.0000e+00 [ 0.0000e+00 ] 1.0000e+00
 5.349e+01 1.9971e-16 1.9971e-16 [ 1.4607e-151 1.5128e-79 3.2388e-23 1.9971e-16 ] 0.0000e+00 [ 0.0000e+00 ] 1.0000e+00
 5.361e+01 1.6887e-16 1.6887e-16 [ 5.1761e-152 7.2806e-80 2.5515e-23 1.6887e-16 ] 0.0000e+00 [ 0.0000e+00 ] 1.0000e+00
 5.372e+01 1.4273e-16 1.4273e-16 [ 1.8336e-152 3.5009e-80 2.0090e-23 1.4273e-16 ] 0.0000e+00 [ 0.0000e+00 ] 1.0000e+00
 5.383e+01 1.2059e-16 1.2059e-16 [ 6.4933e-153 1.6820e-80 1.5810e-23 1.2059e-16 ] 0.0000e+00 [ 0.0000e+00 ] 1.0000e+00
 5.395e+01 1.0185e-16 1.0185e-16 [ 2.2988e-153 8.0742e-81 1.2436e-23 1.0185e-16 ] 0.0000e+00 [ 0.0000e+00 ] 1.0000e+00
 5.406e+01 8.5989e-17 8.5989e-17 [ 8.1359e-154 3.8726e-81 9.7765e-24 8.5989e-17 ] 0.0000e+00 [ 0.0000e+00 ] 1.0000e+00
 5.417e+01 7.2569e-17 7.2569e-17 [ 2.8786e-154 1.8558e-81 7.6817e-24 7.2569e-17 ] 0.0000e+00 [ 0.0000e+00 ] 1.0000e+00
 5.429e+01 6.1220e-17 6.1220e-17 [ 1.0182e-154 8.8857e-82 6.0327e-24 6.1220e-17 ] 0.0000e+00 [ 0.0000e+00 ] 1.0000e+00
 5.440e+01 5.1626e-17 5.1626e-17 [ 3.6004e-155 4.2509e-82 4.7352e-24 5.1626e-17 ] 0.0000e+00 [ 0.0000e+00 ] 1.0000e+00
 5.451e+01 4.3519e-17 4.3519e-17 [ 1.2728e-155 2.0319e-82 3.7148e-24 4.3519e-17 ] 0.0000e+00 [ 0.0000e+00 ] 1.0000e+00
 5.463e+01 3.6671e-17 3.6671e-17 [ 4.4980e-156 9.7045e-83 2.9127e-24 3.6671e-17 ] 0.0000e+00 [ 0.0000e+00 ] 1.0000e+00
 5.474e+01 3.0889e-17 3.0889e-17 [ 1.5891e-156 4.6309e-83 2.2827e-24 3.0889e-17 ] 0.0000e+00 [ 0.0000e+00 ] 1.0000e+00
 5.485e+01 2.6008e-17 2.6008e-17 [ 5.6127e-157 2.2080e-83 1.7880e-24 2.6008e-17 ] 0.0000e+00 [ 0.0000e+00 ] 1.0000e+00
 5.497e+01 2.1891e-17 2.1891e-17 [ 1.9818e-157 1.0519e-83 1.3998e-24 2.1891e-17 ] 0.0000e+00 [ 0.0000e+00 ] 1.0000e+00
 5.508e+01 1.8418e-17 1.8418e-17 [ 6.9957e-158 5.0072e-84 1.0953e-24 1.8418e-17 ] 0.0000e+00 [ 0.0000e+00 ] 1.0000e+00
 5.519e+01 1.5490e-17 1.5490e-17 [ 2.4687e-158 2.3815e-84 8.5655e-25 1.5490e-17 ] 0.0000e+00 [ 0.0000e+00 ] 1.0000e+00
 5.531e+01 1.3023e-17 1.3023e-17 [ 8.7094e-159 1.1317e-84 6.6952e-25 1.3023e-17 ] 0.0000e+00 [ 0.0000e+00 ] 1.0000e+00
 5.542e+01 1.0944e-17 1.0944e-17 [ 3.0717e-159 5.3739e-85 5.2305e-25 1.0944e-17 ] 0.0000e+00 [ 0.0000e+00 ] 1.0000e+00
 5.553e+01 9.1942e-18 9.1942e-18 [ 1.0831e-159 2.5496e-85 4.0841e-25 9.1942e-18 ] 0.0000e+00 [ 0.0000e+00 ] 1.0000e+00
 5.565e+01 7.7209e-18 7.7209e-18 [ 3.8177e-160 1.2087e-85 3.1873e-25 7.7209e-18 ] 0.0000e+00 [ 0.0000e+00 ] 1.0000e+00
 5.576e+01 6.4813e-18 6.4813e-18 [ 1.3453e-160 5.7251e-86 2.4862e-25 6.4813e-18 ] 0.0000e+00 [ 0.0000e+00 ] 1.0000e+00
 5.587e+01 5.4386e-18 5.4386e-18 [ 4.7396e-161 2.7096e-86 1.9382e-25 5.4386e-18 ] 0.0000e+00 [ 0.0000e+00 ] 1.0000e+00
 5.599e+01 4.5619e-18 4.5619e-18 [ 1.6693e-161 1.2814e-86 1.5103e-25 4.5619e-18 ] 0.0000e+00 [ 0.0000e+00 ] 1.0000e+00
 5.610e+01 3.8250e-18 3.8250e-18 [ 5.8775e-162 6.0551e-87 1.1762e-25 3.8250e-18 ] 0.0000e+00 [ 0.0000e+00 ] 1.0000e+00
 5.621e+01 3.2060e-18 3.2060e-18 [ 2.0689e-162 2.8589e-87 9.1554e-26 3.2060e-18 ] 0.0000e+00 [ 0.0000e+00 ] 1.0000e+00
 5.633e+01 2.6862e-18 2.6862e-18 [ 7.2806e-163 1.3488e-87 7.1227e-26 2.6862e-18 ] 0.0000e+00 [ 0.0000e+00 ] 1.0000e+00
 5.644e+01 2.2497e-18 2.2497e-18 [ 2.5614e-163 6.3581e-88 5.5384e-26 2.2497e-18 ] 0.0000e+00 [ 0.0000e+00 ] 1.0000e+00
 5.655e+01 1.8835e-18 1.8835e-18 [ 9.0088e-164 2.9948e-88 4.3043e-26 1.8835e-18 ] 0.0000e+00 [ 0.0000e+00 ] 1.0000e+00
 5.667e+01 1.5763e-18 1.5763e-18 [ 3.1677e-164 1.4095e-88 3.3434e-26 1.5763e-18 ] 0.0000e+00 [ 0.0000e+00 ] 1.0000e+00
 5.678e+01 1.3187e-18 1.3187e-18 [ 1.1135e-164 6.6288e-89 2.5957e-26 1.3187e-18 ] 0.0000e+00 [ 0.0000e+00 ] 1.0000e+00
 5.689e+01 1.1028e-18 1.1028e-18 [ 3.9132e-165 3.1150e-89 2.0142e-26 1.1028e-18 ] 0.0000e+00 [ 0.0000e+00 ] 1.0000e+00
 5.701e+01 9.2185e-19 9.2185e-19 [ 1.3749e-165 1.4626e-89 1.5621e-26 9.2185e-19 ] 0.0000e+00 [ 0.0000e+00 ] 1.0000e+00
 5.712e+01 7.7032e-19 7.7032e-19 [ 4.8291e-166 6.8625e-90 1.2108e-26 7.7032e-19 ] 0.0000e+00 [ 0.0000e+00 ] 1.0000e+00
 5.723e+01 6.4346e-19 6.4346e-19 [ 1.6957e-166 3.2173e-90 9.3809e-27 6.4346e-19 ] 0.0000e+00 [ 0.0000e+00 ] 1.0000e+00
 5.735e+01 5.3728e-19 5.3728e-19 [ 5.9529e-167 1.5072e-90 7.2640e-27 5.3728e-19 ] 0.0000e+00 [ 0.0000e+00 ] 1.0000e+00
 5.746e+01 4.4846e-19 4.4846e-19 [ 2.0893e-167 7.0549e-91 5.6219e-27 4.4846e-19 ] 0.0000e+00 [ 0.0000e+00 ] 1.0000e+00
 5.757e+01 3.7418e-19 3.7418e-19 [ 7.3306e-168 3.2999e-91 4.3487e-27 3.7418e-19 ] 0.0000e+00 [ 0.0000e+00 ] 1.0000e+00
 5.769e+01 3.1208e-19 3.1208e-19 [ 2.5714e-168 1.5423e-91 3.3621e-27 3.1208e-19 ] 0.0000e+00 [ 0.0000e+00 ] 1.0000e+00
 5.780e+01 2.6019e-19 2.6019e-19 [ 9.0176e-169 7.2028e-92 2.5980e-27 2.6019e-19 ] 0.0000e+00 [ 0.0000e+00 ] 1.0000e+00
 5.791e+01 2.1685e-19 2.1685e-19 [ 3.1616e-169 3.3613e-92 2.0065e-27 2.1685e-19 ] 0.0000e+00 [ 0.0000e+00 ] 1.0000e+00
 5.803e+01 1.8066e-19 1.8066e-19 [ 1.1081e-169 1.5674e-92 1.5488e-27 1.8066e-19 ] 0.0000e+00 [ 0.0000e+00 ] 1.0000e+00
 5.814e+01 1.5045e-19 1.5045e-19 [ 3.8831e-170 7.3037e-93 1.1950e-27 1.5045e-19 ] 0.0000e+00 [ 0.0000e+00 ] 1.0000e+00
 5.825e+01 1.2525e-19 1.2525e-19 [ 1.3604e-170 3.4007e-93 9.2145e-28 1.2525e-19 ] 0.0000e+00 [ 0.0000e+00 ] 1.0000e+00
 5.837e+01 1.0423e-19 1.0423e-19 [ 4.7645e-171 1.5822e-93 7.1017e-28 1.0423e-19 ] 0.0000e+00 [ 0.0000e+00 ] 1.0000e+00
 5.848e+01 8.6700e-20 8.6700e-20 [ 1.6683e-171 7.3560e-94 5.4705e-28 8.6700e-20 ] 0.0000e+00 [ 0.0000e+00 ] 1.0000e+00
 5.859e+01 7.2094e-20 7.2094e-20 [ 5.8399e-172 3.4174e-94 4.2118e-28 7.2094e-20 ] 0.0000e+00 [ 0.0000e+00 ] 1.0000e+00
 5.871e+01 5.9926e-20 5.9926e-20 [ 2.0438e-172 1.5864e-94 3.2410e-28 5.9926e-20 ] 0.0000e+00 [ 0.0000e+00 ] 1.0000e+00
 5.882e+01 4.9793e-20 4.9793e-20 [ 7.1508e-173 7.3592e-95 2.4927e-28 4.9793e-20 ] 0.0000e+00 [ 0.0000e+00 ] 1.0000e+00
 5.893e+01 4.1358e-20 4.1358e-20 [ 2.5013e-173 3.4113e-95 1.9162e-28 4.1358e-20 ] 0.0000e+00 [ 0.0000e+00 ] 1.0000e+00
 5.905e+01 3.4339e-20 3.4339e-20 [ 8.7473e-174 1.5801e-95 1.4722e-28 3.4339e-20 ] 0.0000e+00 [ 0.0000e+00 ] 1.0000e+00
 5.916e+01 2.8500e-20 2.8500e-20 [ 3.0582e-174 7.3137e-96 1.1305e-28 2.8500e-20 ] 0.0000e+00 [ 0.0000e+00 ] 1.0000e+00
 5.927e+01 2.3645e-20 2.3645e-20 [ 1.0689e-174 3.3828e-96 8.6769e-29 2.3645e-20 ] 0.0000e+00 [ 0.0000e+00 ] 1.0000e+00
 5.939e+01 1.9610e-20 1.9610e-20 [ 3.7354e-175 1.5635e-96 6.6561e-29 1.9610e-20 ] 0.0000e+00 [ 0.0000e+00 ] 1.0000e+00
 5.950e+01 1.6258e-20 1.6258e-20 [ 1.3050e-175 7.2209e-97 5.1033e-29 1.6258e-20 ] 0.0000e+00 [ 0.0000e+00 ] 1.0000e+00
 5.961e+01 1.3473e-20 1.3473e-20 [ 4.5580e-176 3.3326e-97 3.9107e-29 1.3473e-20 ] 0.0000e+00 [ 0.0000e+00 ] 1.0000e+00
 5.973e+01 1.1161e-20 1.1161e-20 [ 1.5916e-176 1.5370e-97 2.9952e-29 1.1161e-20 ] 0.0000e+00 [ 0.0000e+00 ] 1.0000e+00
 5.984e+01 9.2427e-21 9.2427e-21 [ 5.5563e-177 7.0832e-98 2.2929e-29 9.2427e-21 ] 0.0000e+00 [ 0.0000e+00 ] 1.0000e+00
 5.995e+01 7.6510e-21 7.6510e-21 [ 1.9393e-177 3.2620e-98 1.7543e-29 7.6510e-21 ] 0.0000e+00 [ 0.0000e+00 ] 1.0000e+00
 6.007e+01 6.3311e-21 6.3311e-21 [ 6.7667e-178 1.5012e-98 1.3416e-29 6.3311e-21 ] 0.0000e+00 [ 0.0000e+00 ] 1.0000e+00
 6.018e+01 5.2369e-21 5.2369e-21 [ 2.3606e-178 6.9034e-99 1.0254e-29 5.2369e-21 ] 0.0000e+00 [ 0.0000e+00 ] 1.0000e+00
 6.029e+01 4.3302e-21 4.3302e-21 [ 8.2328e-179 3.1724e-99 7.8331e-30 4.3302e-21 ] 0.0000e+00 [ 0.0000e+00 ] 1.0000e+00
 6.041e+01 3.5791e-21 3.5791e-21 [ 2.8706e-179 1.4569e-99 5.9807e-30 3.5791e-21 ] 0.0000e+00 [ 0.0000e+00 ] 1.0000e+00
 6.052e+01 2.9572e-21 2.9572e-21 [ 1.0007e-179 6.6855e-100 4.5641e-30 2.9572e-21 ] 0.0000e+00 [ 0.0000e+00 ] 1.0000e+00
 6.063e+01 2.4425e-21 2.4425e-21 [ 3.4876e-180 3.0658e-100 3.4811e-30 2.4425e-21 ] 0.0000e+00 [ 0.0000e+00 ] 1.0000e+00
 6.075e+01 2.0166e-21 2.0166e-21 [ 1.2152e-180 1.4049e-100 2.6538e-30 2.0166e-21 ] 0.0000e+00 [ 0.0000e+00 ] 1.0000e+00
 6.086e+01 1.6643e-21 1.6643e-21 [ 4.2331e-181 6.4337e-101 2.0220e-30 1.6643e-21 ] 0.0000e+00 [ 0.0000e+00 ] 1.0000e+00
 6.097e+01 1.3730e-21 1.3730e-21 [ 1.4742e-181 2.9442e-101 1.5398e-30 1.3730e-21 ] 0.0000e+00 [ 0.0000e+00 ] 1.0000e+00
 6.109e+01 1.1323e-21 1.1323e-21 [ 5.1331e-182 1.3464e-101 1.1720e-30 1.1323e-21 ] 0.0000e+00 [ 0.0000e+00 ] 1.0000e+00
 6.120e+01 9.3350e-22 9.3350e-22 [ 1.7868e-182 6.1529e-102 8.9162e-31 9.3350e-22 ] 0.0000e+00 [ 0.0000e+00 ] 1.0000e+00
 6.131e+01 7.6928e-22 7.6928e-22 [ 6.2185e-183 2.8099e-102 6.7794e-31 7.6928e-22 ] 0.0000e+00 [ 0.0000e+00 ] 1.0000e+00
 6.143e+01 6.3371e-22 6.3371e-22 [ 2.1637e-183 1.2823e-102 5.1521e-31 6.3371e-22 ] 0.0000e+00 [ 0.0000e+00 ] 1.0000e+00
 6.154e+01 5.2184e-22 5.2184e-22 [ 7.5265e-184 5.8480e-103 3.9133e-31 5.2184e-22 ] 0.0000e+00 [ 0.0000e+00 ] 1.0000e+00
 6.165e+01 4.2955e-22 4.2955e-22 [ 2.6175e-184 2.6652e-103 2.9709e-31 4.2955e-22 ] 0.0000e+00 [ 0.0000e+00 ] 1.0000e+00
 6.177e+01 3.5346e-22 3.5346e-22 [ 9.1011e-185 1.2138e-103 2.2542e-31 3.5346e-22 ] 0.0000e+00 [ 0.0000e+00 ] 1.0000e+00
 6.188e+01 2.9073e-22 2.9073e-22 [ 3.1637e-185 5.5242e-104 1.7095e-31 2.9073e-22 ] 0.0000e+00 [ 0.0000e+00 ] 1.0000e+00
 6.199e+01 2.3905e-22 2.3905e-22 [ 1.0995e-185 2.5125e-104 1.2958e-31 2.3905e-22 ] 0.0000e+00 [ 0.0000e+00 ] 1.0000e+00
 6.211e+01 1.9648e-22 1.9648e-22 [ 3.8202e-186 1.1419e-104 9.8168e-32 1.9648e-22 ] 0.0000e+00 [ 0.0000e+00 ] 1.0000e+00
 6.222e+01 1.6143e-22 1.6143e-22 [ 1.3270e-186 5.1867e-105 7.4332e-32 1.6143e-22 ] 0.0000e+00 [ 0.0000e+00 ] 1.0000e+00
 6.233e+01 1.3259e-22 1.3259e-22 [ 4.6088e-187 2.3543e-105 5.6255e-32 1.3259e-22 ] 0.0000e+00 [ 0.0000e+00 ] 1.0000e+00
 6.245e+01 1.0886e-22 1.0886e-22 [ 1.6002e-187 1.0679e-105 4.2552e-32 1.0886e-22 ] 0.0000e+00 [ 0.0000e+00 ] 1.0000e+00
 6.256e+01 8.9339e-23 8.9339e-23 [ 5.5550e-188 4.8406e-106 3.2170e-32 8.9339e-23 ] 0.0000e+00 [ 0.0000e+00 ] 1.0000e+00
 6.267e+01 7.3293e-23 7.3293e-23 [ 1.9279e-188 2.1928e-106 2.4308e-32 7.3293e-23 ] 0.0000e+00 [ 0.0000e+00 ] 1.0000e+00
 6.279e+01 6.0107e-23 6.0107e-23 [ 6.6893e-189 9.9266e-107 1.8358e-32 6.0107e-23 ] 0.0000e+00 [ 0.0000e+00 ] 1.0000e+00
 6.290e+01 4.9275e-23 4.9275e-23 [ 2.3205e-189 4.4908e-107 1.3857e-32 4.9275e-23 ] 0.0000e+00 [ 0.0000e+00 ] 1.0000e+00
 6.301e+01 4.0380e-23 4.0380e-23 [ 8.0479e-190 2.0303e-107 1.0455e-32 4.0380e-23 ] 0.0000e+00 [ 0.0000e+00 ] 1.0000e+00
 6.313e+01 3.3078e-23 3.3078e-23 [ 2.7905e-190 9.1728e-108 7.8834e-33 3.3078e-23 ] 0.0000e+00 [ 0.0000e+00 ] 1.0000e+00
 6.324e+01 2.7087e-23 2.7087e-23 [ 9.6736e-191 4.1416e-108 5.9415e-33 2.7087e-23 ] 0.0000e+00 [ 0.0000e+00 ] 1.0000e+00
 6.335e+01 2.2172e-23 2.2172e-23 [ 3.3527e-191 1.8687e-108 4.4755e-33 2.2172e-23 ] 0.0000e+00 [ 0.0000e+00 ] 1.0000e+00
 6.347e+01 1.8143e-23 1.8143e-23 [ 1.1617e-191 8.4264e-109 3.3695e-33 1.8143e-23 ] 0.0000e+00 [ 0.0000e+00 ] 1.0000e+00
 6.358e+01 1.4840e-23 1.4840e-23 [ 4.0244e-192 3.7971e-109 2.5356e-33 1.4840e-23 ] 0.0000e+00 [ 0.0000e+00 ] 1.0000e+00
 6.369e+01 1.2134e-23 1.2134e-23 [ 1.3938e-192 1.7100e-109 1.9070e-33 1.2134e-23 ] 0.0000e+00 [ 0.0000e+00 ] 1.0000e+00
 6.381e+01 9.9178e-24 9.9178e-24 [ 4.8264e-193 7.6956e-110 1.4335e-33 9.9178e-24 ] 0.0000e+00 [ 0.0000e+00 ] 1.0000e+00
 6.392e+01 8.1033e-24 8.1033e-24 [ 1.6708e-193 3.4611e-110 1.0770e-33 8.1033e-24 ] 0.0000e+00 [ 0.0000e+00 ] 1.0000e+00
 6.403e+01 6.6183e-24 6.6183e-24 [ 5.7829e-194 1.5556e-110 8.0876e-34 6.6183e-24 ] 0.0000e+00 [ 0.0000e+00 ] 1.0000e+00
 6.415e+01 5.4034e-24 5.4034e-24 [ 2.0011e-194 6.9876e-111 6.0701e-34 5.4034e-24 ] 0.0000e+00 [ 0.0000e+00 ] 1.0000e+00
 6.426e+01 4.4099e-24 4.4099e-24 [ 6.9227e-195 3.1366e-111 4.5535e-34 4.4099e-24 ] 0.0000e+00 [ 0.0000e+00 ] 1.0000e+00
 6.437e+01 3.5978e-24 3.5978e-24 [ 2.3944e-195 1.4071e-111 3.4140e-34 3.5978e-24 ] 0.0000e+00 [ 0.0000e+00 ] 1.0000e+00
 6.449e+01 2.9341e-24 2.9341e-24 [ 8.2795e-196 6.3082e-112 2.5584e-34 2.9341e-24 ] 0.0000e+00 [ 0.0000e+00 ] 1.0000e+00
 6.460e+01 2.3919e-24 2.3919e-24 [ 2.8624e-196 2.8262e-112 1.9162e-34 2.3919e-24 ] 0.0000e+00 [ 0.0000e+00 ] 1.0000e+00
 6.471e+01 1.9493e-24 1.9493e-24 [ 9.8933e-197 1.2654e-112 1.4345e-34 1.9493e-24 ] 0.0000e+00 [ 0.0000e+00 ] 1.0000e+00
 6.483e+01 1.5879e-24 1.5879e-24 [ 3.4187e-197 5.6623e-113 1.0733e-34 1.5879e-24 ] 0.0000e+00 [ 0.0000e+00 ] 1.0000e+00
 6.494e+01 1.2931e-24 1.2931e-24 [ 1.1811e-197 2.5321e-113 8.0262e-35 1.2931e-24 ] 0.0000e+00 [ 0.0000e+00 ] 1.0000e+00
 6.505e+01 1.0526e-24 1.0526e-24 [ 4.0794e-198 1.1316e-113 5.9990e-35 1.0526e-24 ] 0.0000e+00 [ 0.0000e+00 ] 1.0000e+00
 6.517e+01 8.5650e-25 8.5650e-25 [ 1.4087e-198 5.0537e-114 4.4816e-35 8.5650e-25 ] 0.0000e+00 [ 0.0000e+00 ] 1.0000e+00
 6.528e+01 6.9669e-25 6.9669e-25 [ 4.8634e-199 2.2556e-114 3.3462e-35 6.9669e-25 ] 0.0000e+00 [ 0.0000e+00 ] 1.0000e+00
 6.539e+01 5.6649e-25 5.6649e-25 [ 1.6786e-199 1.0061e-114 2.4972e-35 5.6649e-25 ] 0.0000e+00 [ 0.0000e+00 ] 1.0000e+00
 6.551e+01 4.6045e-25 4.6045e-25 [ 5.7926e-200 4.4850e-115 1.8626e-35 4.6045e-25 ] 0.0000e+00 [ 0.0000e+00 ] 1.0000e+00
 6.562e+01 3.7412e-25 3.7412e-25 [ 1.9984e-200 1.9980e-115 1.3886e-35 3.7412e-25 ] 0.0000e+00 [ 0.0000e+00 ] 1.0000e+00
 6.573e+01 3.0386e-25 3.0386e-25 [ 6.8930e-201 8.8955e-116 1.0346e-35 3.0386e-25 ] 0.0000e+00 [ 0.0000e+00 ] 1.0000e+00
 6.585e+01 2.4671e-25 2.4671e-25 [ 2.3770e-201 3.9579e-116 7.7053e-36 2.4671e-25 ] 0.0000e+00 [ 0.0000e+00 ] 1.0000e+00
 6.596e+01 2.0023e-25 2.0023e-25 [ 8.1947e-202 1.7599e-116 5.7354e-36 2.0023e-25 ] 0.0000e+00 [ 0.0000e+00 ] 1.0000e+00
 6.607e+01 1.6245e-25 1.6245e-25 [ 2.8245e-202 7.8206e-117 4.2669e-36 1.6245e-25 ] 0.0000e+00 [ 0.0000e+00 ] 1.0000e+00
 6.619e+01 1.3175e-25 1.3175e-25 [ 9.7331e-203 3.4731e-117 3.1727e-36 1.3175e-25 ] 0.0000e+00 [ 0.0000e+00 ] 1.0000e+00
 6.630e+01 1.0681e-25 1.0681e-25 [ 3.3531e-203 1.5414e-117 2.3579e-36 1.0681e-25 ] 0.0000e+00 [ 0.0000e+00 ] 1.0000e+00
 6.641e+01 8.6559e-26 8.6559e-26 [ 1.1549e-203 6.8370e-118 1.7515e-36 8.6559e-26 ] 0.0000e+00 [ 0.0000e+00 ] 1.0000e+00
 6.653e+01 7.0123e-26 7.0123e-26 [ 3.9769e-204 3.0306e-118 1.3003e-36 7.0123e-26 ] 0.0000e+00 [ 0.0000e+00 ] 1.0000e+00
 6.664e+01 5.6786e-26 5.6786e-26 [ 1.3691e-204 1.3425e-118 9.6488e-37 5.6786e-26 ] 0.0000e+00 [ 0.0000e+00 ] 1.0000e+00
 6.675e+01 4.5969e-26 4.5969e-26 [ 4.7121e-205 5.9437e-119 7.1560e-37 4.5969e-26 ] 0.0000e+00 [ 0.0000e+00 ] 1.0000e+00
 6.687e+01 3.7198e-26 3.7198e-26 [ 1.6214e-205 2.6297e-119 5.3045e-37 3.7198e-26 ] 0.0000e+00 [ 0.0000e+00 ] 1.0000e+00
 6.698e+01 3.0090e-26 3.0090e-26 [ 5.5778e-206 1.1628e-119 3.9300e-37 3.0090e-26 ] 0.0000e+00 [ 0.0000e+00 ] 1.0000e+00
 6.709e+01 2.4331e-26 2.4331e-26 [ 1.9184e-206 5.1381e-120 2.9102e-37 2.4331e-26 ] 0.0000e+00 [ 0.0000e+00 ] 1.0000e+00
 6.721e+01 1.9667e-26 1.9667e-26 [ 6.5961e-207 2.2691e-120 2.1538e-37 1.9667e-26 ] 0.0000e+00 [ 0.0000e+00 ] 1.0000e+00
 6.732e+01 1.5892e-26 1.5892e-26 [ 2.2674e-207 1.0014e-120 1.5933e-37 1.5892e-26 ] 0.0000e+00 [ 0.0000e+00 ] 1.0000e+00
 6.743e+01 1.2836e-26 1.2836e-26 [ 7.7923e-208 4.4168e-121 1.1780e-37 1.2836e-26 ] 0.0000e+00 [ 0.0000e+00 ] 1.0000e+00
 6.755e+01 1.0364e-26 1.0364e-26 [ 2.6773e-208 1.9469e-121 8.7048e-38 1.0364e-26 ] 0.0000e+00 [ 0.0000e+00 ] 1.0000e+00
 6.766e+01 8.3649e-27 8.3649e-27 [ 9.1962e-209 8.5762e-122 6.4292e-38 8.3649e-27 ] 0.0000e+00 [ 0.0000e+00 ] 1.0000e+00
 6.777e+01 6.7490e-27 6.7490e-27 [ 3.1580e-209 3.7755e-122 4.7460e-38 6.7490e-27 ] 0.0000e+00 [ 0.0000e+00 ] 1.0000e+00
 6.789e+01 5.4433e-27 5.4433e-27 [ 1.0842e-209 1.6611e-122 3.5017e-38 5.4433e-27 ] 0.0000e+00 [ 0.0000e+00 ] 1.0000e+00
 6.800e+01 4.3885e-27 4.3885e-27 [ 3.7211e-210 7.3034e-123 2.5822e-38 4.3885e-27 ] 0.0000e+00 [ 0.0000e+00 ] 1.0000e+00
 6.811e+01 3.5368e-27 3.5368e-27 [ 1.2768e-210 3.2091e-123 1.9032e-38 3.5368e-27 ] 0.0000e+00 [ 0.0000e+00 ] 1.0000e+00
 6.823e+01 2.8494e-27 2.8494e-27 [ 4.3801e-211 1.4092e-123 1.4020e-38 2.8494e-27 ] 0.0000e+00 [ 0.0000e+00 ] 1.0000e+00
 6.834e+01 2.2947e-27 2.2947e-27 [ 1.5021e-211 6.1843e-124 1.0323e-38 2.2947e-27 ] 0.0000e+00 [ 0.0000e+00 ] 1.0000e+00
 6.845e+01 1.8473e-27 1.8473e-27 [ 5.1501e-212 2.7122e-124 7.5966e-39 1.8473e-27 ] 0.0000e+00 [ 0.0000e+00 ] 1.0000e+00
 6.857e+01 1.4866e-27 1.4866e-27 [ 1.7653e-212 1.1888e-124 5.5874e-39 1.4866e-27 ] 0.0000e+00 [ 0.0000e+00 ] 1.0000e+00
 6.868e+01 1.1959e-27 1.1959e-27 [ 6.0489e-213 5.2069e-125 4.1075e-39 1.1959e-27 ] 0.0000e+00 [ 0.0000e+00 ] 1.0000e+00
 6.879e+01 9.6169e-28 9.6169e-28 [ 2.0722e-213 2.2792e-125 3.0179e-39 9.6169e-28 ] 0.0000e+00 [ 0.0000e+00 ] 1.0000e+00
 6.891e+01 7.7306e-28 7.7306e-28 [ 7.0966e-214 9.9706e-126 2.2163e-39 7.7306e-28 ] 0.0000e+00 [ 0.0000e+00 ] 1.0000e+00
 6.902e+01 6.2119e-28 6.2119e-28 [ 2.4297e-214 4.3589e-126 1.6267e-39 6.2119e-28 ] 0.0000e+00 [ 0.0000e+00 ] 1.0000e+00
 6.913e+01 4.9898e-28 4.9898e-28 [ 8.3162e-215 1.9044e-126 1.1933e-39 4.9898e-28 ] 0.0000e+00 [ 0.0000e+00 ] 1.0000e+00
 6.925e+01 4.0066e-28 4.0066e-28 [ 2.8456e-215 8.3146e-127 8.7494e-40 4.0066e-28 ] 0.0000e+00 [ 0.0000e+00 ] 1.0000e+00
 6.936e+01 3.2160e-28 3.2160e-28 [ 9.7341e-216 3.6279e-127 6.4117e-40 3.2160e-28 ] 0.0000e+00 [ 0.0000e+00 ] 1.0000e+00
 6.947e+01 2.5804e-28 2.5804e-28 [ 3.3288e-216 1.5819e-127 4.6961e-40 2.5804e-28 ] 0.0000e+00 [ 0.0000e+00 ] 1.0000e+00
 6.959e+01 2.0697e-28 2.0697e-28 [ 1.1380e-216 6.8934e-128 3.4377e-40 2.0697e-28 ] 0.0000e+00 [ 0.0000e+00 ] 1.0000e+00
 6.970e+01 1.6595e-28 1.6595e-28 [ 3.8893e-217 3.0019e-128 2.5152e-40 1.6595e-28 ] 0.0000e+00 [ 0.0000e+00 ] 1.0000e+00
 6.981e+01 1.3300e-28 1.3300e-28 [ 1.3288e-217 1.3064e-128 1.8392e-40 1.3300e-28 ] 0.0000e+00 [ 0.0000e+00 ] 1.0000e+00
 6.993e+01 1.0656e-28 1.0656e-28 [ 4.5385e-218 5.6814e-129 1.3442e-40 1.0656e-28 ] 0.0000e+00 [ 0.0000e+00 ] 1.0000e+00
 7.004e+01 8.5345e-29 8.5345e-29 [ 1.5496e-218 2.4692e-129 9.8192e-41 8.5345e-29 ] 0.0000e+00 [ 0.0000e+00 ] 1.0000e+00
 7.015e+01 6.8327e-29 6.8327e-29 [ 5.2894e-219 1.0724e-129 7.1688e-41 6.8327e-29 ] 0.0000e+00 [ 0.0000e+00 ] 1.0000e+00
 7.027e+01 5.4683e-29 5.4683e-29 [ 1.8049e-219 4.6545e-130 5.2309e-41 5.4683e-29 ] 0.0000e+00 [ 0.0000e+00 ] 1.0000e+00
 7.038e+01 4.3747e-29 4.3747e-29 [ 6.1566e-220 2.0188e-130 3.8148e-41 4.3747e-29 ] 0.0000e+00 [ 0.0000e+00 ] 1.0000e+00
 7.049e+01 3.4985e-29 3.4985e-29 [ 2.0993e-220 8.7505e-131 2.7805e-41 3.4985e-29 ] 0.0000e+00 [ 0.0000e+00 ] 1.0000e+00
 7.061e+01 2.7968e-29 2.7968e-29 [ 7.1562e-221 3.7902e-131 2.0255e-41 2.7968e-29 ] 0.0000e+00 [ 0.0000e+00 ] 1.0000e+00
 7.072e+01 2.2350e-29 2.2350e-29 [ 2.4386e-221 1.6406e-131 1.4747e-41 2.2350e-29 ] 0.0000e+00 [ 0.0000e+00 ] 1.0000e+00
 7.083e+01 1.7854e-29 1.7854e-29 [ 8.3067e-222 7.0963e-132 1.0731e-41 1.7854e-29 ] 0.0000e+00 [ 0.0000e+00 ] 1.0000e+00
 7.095e+01 1.4257e-29 1.4257e-29 [ 2.8286e-222 3.0674e-132 7.8040e-42 1.4257e-29 ] 0.0000e+00 [ 0.0000e+00 ] 1.0000e+00
 7.106e+01 1.1381e-29 1.1381e-29 [ 9.6286e-223 1.3249e-132 5.6722e-42 1.1381e-29 ] 0.0000e+00 [ 0.0000e+00 ] 1.0000e+00
 7.117e+01 9.0816e-30 9.0816e-30 [ 3.2764e-223 5.7190e-133 4.1204e-42 9.0816e-30 ] 0.0000e+00 [ 0.0000e+00 ] 1.0000e+00
 7.129e+01 7.2440e-30 7.2440e-30 [ 1.1144e-223 2.4668e-133 2.9914e-42 7.2440e-30 ] 0.0000e+00 [ 0.0000e+00 ] 1.0000e+00
 7.140e+01 5.7762e-30 5.7762e-30 [ 3.7893e-224 1.0633e-133 2.1704e-42 5.7762e-30 ] 0.0000e+00 [ 0.0000e+00 ] 1.0000e+00
 7.151e+01 4.6041e-30 4.6041e-30 [ 1.2880e-224 4.5796e-134 1.5739e-42 4.6041e-30 ] 0.0000e+00 [ 0.0000e+00 ] 1.0000e+00
 7.163e+01 3.6685e-30 3.6685e-30 [ 4.3759e-225 1.9711e-134 1.1406e-42 3.6685e-30 ] 0.0000e+00 [ 0.0000e+00 ] 1.0000e+00
 7.174e+01 2.9219e-30 2.9219e-30 [ 1.4862e-225 8.4775e-135 8.2608e-43 2.9219e-30 ] 0.0000e+00 [ 0.0000e+00 ] 1.0000e+00
 7.185e+01 2.3264e-30 2.3264e-30 [ 5.0453e-226 3.6434e-135 5.9793e-43 2.3264e-30 ] 0.0000e+00 [ 0.0000e+00 ] 1.0000e+00
 7.197e+01 1.8516e-30 1.8516e-30 [ 1.7121e-226 1.5647e-135 4.3252e-43 1.8516e-30 ] 0.0000e+00 [ 0.0000e+00 ] 1.0000e+00
 7.208e+01 1.4732e-30 1.4732e-30 [ 5.8076e-227 6.7145e-136 3.1267e-43 1.4732e-30 ] 0.0000e+00 [ 0.0000e+00 ] 1.0000e+00
 7.219e+01 1.1717e-30 1.1717e-30 [ 1.9691e-227 2.8792e-136 2.2589e-43 1.1717e-30 ] 0.0000e+00 [ 0.0000e+00 ] 1.0000e+00
 7.231e+01 9.3151e-31 9.3151e-31 [ 6.6737e-228 1.2337e-136 1.6309e-43 9.3151e-31 ] 0.0000e+00 [ 0.0000e+00 ] 1.0000e+00
 7.242e+01 7.4031e-31 7.4031e-31 [ 2.2608e-228 5.2821e-137 1.1767e-43 7.4031e-31 ] 0.0000e+00 [ 0.0000e+00 ] 1.0000e+00
 7.253e+01 5.8813e-31 5.8813e-31 [ 7.6556e-229 2.2598e-137 8.4842e-44 5.8813e-31 ] 0.0000e+00 [ 0.0000e+00 ] 1.0000e+00
 7.265e+01 4.6707e-31 4.6707e-31 [ 2.5911e-229 9.6600e-138 6.1131e-44 4.6707e-31 ] 0.0000e+00 [ 0.0000e+00 ] 1.0000e+00
 7.276e+01 3.7079e-31 3.7079e-31 [ 8.7659e-230 4.1262e-138 4.4016e-44 3.7079e-31 ] 0.0000e+00 [ 0.0000e+00 ] 1.0000e+00
 7.287e+01 2.9425e-31 2.9425e-31 [ 2.9641e-230 1.7610e-138 3.1670e-44 2.9425e-31 ] 0.0000e+00 [ 0.0000e+00 ] 1.0000e+00
 7.299e+01 2.3343e-31 2.3343e-31 [ 1.0018e-230 7.5099e-139 2.2771e-44 2.3343e-31 ] 0.0000e+00 [ 0.0000e+00 ] 1.0000e+00
 7.310e+01 1.8510e-31 1.8510e-31 [ 3.3843e-231 3.2000e-139 1.6360e-44 1.8510e-31 ] 0.0000e+00 [ 0.0000e+00 ] 1.0000e+00
 7.321e+01 1.4673e-31 1.4673e-31 [ 1.1427e-231 1.3624e-139 1.1745e-44 1.4673e-31 ] 0.0000e+00 [ 0.0000e+00 ] 1.0000e+00
 7.333e+01 1.1627e-31 1.1627e-31 [ 3.8562e-232 5.7953e-140 8.4259e-45 1.1627e-31 ] 0.0000e+00 [ 0.0000e+00 ] 1.0000e+00
 7.344e+01 9.2102e-32 9.2102e-32 [ 1.3007e-232 2.4631e-140 6.0399e-45 9.2102e-32 ] 0.0000e+00 [ 0.0000e+00 ] 1.0000e+00
 7.355e+01 7.2929e-32 7.2929e-32 [ 4.3847e-233 1.0460e-140 4.3260e-45 7.2929e-32 ] 0.0000e+00 [ 0.0000e+00 ] 1.0000e+00
 7.367e+01 5.7726e-32 5.7726e-32 [ 1.4773e-233 4.4379e-141 3.0960e-45 5.7726e-32 ] 0.0000e+00 [ 0.0000e+00 ] 1.0000e+00
 7.378e+01 4.5676e-32 4.5676e-32 [ 4.9746e-234 1.8812e-141 2.2138e-45 4.5676e-32 ] 0.0000e+00 [ 0.0000e+00 ] 1.0000e+00
 7.389e+01 3.6128e-32 3.6128e-32 [ 1.6741e-234 7.9674e-142 1.5816e-45 3.6128e-32 ] 0.0000e+00 [ 0.0000e+00 ] 1.0000e+00
 7.401e+01 2.8565e-32 2.8565e-32 [ 5.6308e-235 3.3713e-142 1.1290e-45 2.8565e-32 ] 0.0000e+00 [ 0.0000e+00 ] 1.0000e+00
 7.412e+01 2.2577e-32 2.2577e-32 [ 1.8927e-235 1.4252e-142 8.0517e-46 2.2577e-32 ] 0.0000e+00 [ 0.0000e+00 ] 1.0000e+00
 7.423e+01 1.7838e-32 1.7838e-32 [ 6.3581e-236 6.0190e-143 5.7370e-46 1.7838e-32 ] 0.0000e+00 [ 0.0000e+00 ] 1.0000e+00
 7.435e+01 1.4089e-32 1.4089e-32 [ 2.1345e-236 2.5396e-143 4.0838e-46 1.4089e-32 ] 0.0000e+00 [ 0.0000e+00 ] 1.0000e+00
 7.446e+01 1.1123e-32 1.1123e-32 [ 7.1611e-237 1.0705e-143 2.9042e-46 1.1123e-32 ] 0.0000e+00 [ 0.0000e+00 ] 1.0000e+00
 7.457e+01 8.7787e-33 8.7787e-33 [ 2.4008e-237 4.5077e-144 2.0632e-46 8.7787e-33 ] 0.0000e+00 [ 0.0000e+00 ] 1.0000e+00
 7.469e+01 6.9258e-33 6.9258e-33 [ 8.0435e-238 1.8962e-144 1.4643e-46 6.9258e-33 ] 0.0000e+00 [ 0.0000e+00 ] 1.0000e+00
 7.480e+01 5.4620e-33 5.4620e-33 [ 2.6929e-238 7.9685e-145 1.0381e-46 5.4620e-33 ] 0.0000e+00 [ 0.0000e+00 ] 1.0000e+00
 7.491e+01 4.3060e-33 4.3060e-33 [ 9.0088e-239 3.3450e-145 7.3514e-47 4.3060e-33 ] 0.0000e+00 [ 0.0000e+00 ] 1.0000e+00
 7.503e+01 3.3934e-33 3.3934e-33 [ 3.0115e-239 1.4027e-145 5.2002e-47 3.3934e-33 ] 0.0000e+00 [ 0.0000e+00 ] 1.0000e+00
 7.514e+01 2.6732e-33 2.6732e-33 [ 1.0059e-239 5.8751e-146 3.6743e-47 2.6732e-33 ] 0.0000e+00 [ 0.0000e+00 ] 1.0000e+00
 7.525e+01 2.1051e-33 2.1051e-33 [ 3.3572e-240 2.4580e-146 2.5930e-47 2.1051e-33 ] 0.0000e+00 [ 0.0000e+00 ] 1.0000e+00
 7.537e+01 1.6571e-33 1.6571e-33 [ 1.1195e-240 1.0272e-146 1.8277e-47 1.6571e-33 ] 0.0000e+00 [ 0.0000e+00 ] 1.0000e+00
 7.548e+01 1.3040e-33 1.3040e-33 [ 3.7300e-241 4.2875e-147 1.2866e-47 1.3040e-33 ] 0.0000e+00 [ 0.0000e+00 ] 1.0000e+00
 7.559e+01 1.0258e-33 1.0258e-33 [ 1.2416e-241 1.7874e-147 9.0450e-48 1.0258e-33 ] 0.0000e+00 [ 0.0000e+00 ] 1.0000e+00
 7.571e+01 8.0657e-34 8.0657e-34 [ 4.1290e-242 7.4418e-148 6.3502e-48 8.0657e-34 ] 0.0000e+00 [ 0.0000e+00 ] 1.0000e+00
 7.582e+01 6.3399e-34 6.3399e-34 [ 1.3718e-242 3.0944e-148 4.4519e-48 6.3399e-34 ] 0.0000e+00 [ 0.0000e+00 ] 1.0000e+00
 7.593e+01 4.9815e-34 4.9815e-34 [ 4.5527e-243 1.2849e-148 3.1166e-48 4.9815e-34 ] 0.0000e+00 [ 0.0000e+00 ] 1.0000e+00
 7.605e+01 3.9127e-34 3.9127e-34 [ 1.5093e-243 5.3283e-149 2.1785e-48 3.9127e-34 ] 0.0000e+00 [ 0.0000e+00 ] 1.0000e+00
 7.616e+01 3.0720e-34 3.0720e-34 [ 4.9983e-244 2.2063e-149 1.5203e-48 3.0720e-34 ] 0.0000e+00 [ 0.0000e+00 ] 1.0000e+00
 7.627e+01 2.4111e-34 2.4111e-34 [ 1.6533e-244 9.1221e-150 1.0593e-48 2.4111e-34 ] 0.0000e+00 [ 0.0000e+00 ] 1.0000e+00
 7.639e+01 1.8916e-34 1.8916e-34 [ 5.4617e-245 3.7657e-150 7.3679e-49 1.8916e-34 ] 0.0000e+00 [ 0.0000e+00 ] 1.0000e+00
 7.650e+01 1.4835e-34 1.4835e-34 [ 1.8020e-245 1.5520e-150 5.1156e-49 1.4835e-34 ] 0.0000e+00 [ 0.0000e+00 ] 1.0000e+00
 7.661e+01 1.1629e-34 1.1629e-34 [ 5.9371e-246 6.3858e-151 3.5452e-49 1.1629e-34 ] 0.0000e+00 [ 0.0000e+00 ] 1.0000e+00
 7.673e+01 9.1126e-35 9.1126e-35 [ 1.9533e-246 2.6228e-151 2.4521e-49 9.1126e-35 ] 0.0000e+00 [ 0.0000e+00 ] 1.0000e+00
 7.684e+01 7.1377e-35 7.1377e-35 [ 6.4163e-247 1.0753e-151 1.6926e-49 7.1377e-35 ] 0.0000e+00 [ 0.0000e+00 ] 1.0000e+00
 7.695e+01 5.5883e-35 5.5883e-35 [ 2.1043e-247 4.3996e-152 1.1658e-49 5.5883e-35 ] 0.0000e+00 [ 0.0000e+00 ] 1.0000e+00
 7.707e+01 4.3733e-35 4.3733e-35 [ 6.8890e-248 1.7964e-152 8.0117e-50 4.3733e-35 ] 0.0000e+00 [ 0.0000e+00 ] 1.0000e+00
 7.718e+01 3.4208e-35 3.4208e-35 [ 2.2511e-248 7.3193e-153 5.4925e-50 3.4208e-35 ] 0.0000e+00 [ 0.0000e+00 ] 1.0000e+00
 7.729e+01 2.6744e-35 2.6744e-35 [ 7.3413e-249 2.9752e-153 3.7559e-50 2.6744e-35 ] 0.0000e+00 [ 0.0000e+00 ] 1.0000e+00
 7.741e+01 2.0897e-35 2.0897e-35 [ 2.3889e-249 1.2064e-153 2.5614e-50 2.0897e-35 ] 0.0000e+00 [ 0.0000e+00 ] 1.0000e+00
 7.752e+01 1.6318e-35 1.6318e-35 [ 7.7558e-250 4.8789e-154 1.7418e-50 1.6318e-35 ] 0.0000e+00 [ 0.0000e+00 ] 1.0000e+00
 7.763e+01 1.2734e-35 1.2734e-35 [ 2.5116e-250 1.9675e-154 1.1807e-50 1.2734e-35 ] 0.0000e+00 [ 0.0000e+00 ] 1.0000e+00
 7.775e+01 9.9293e-36 9.9293e-36 [ 8.1108e-251 7.9097e-155 7.9774e-51 9.9293e-36 ] 0.0000e+00 [ 0.0000e+00 ] 1.0000e+00
 7.786e+01 7.7355e-36 7.7355e-36 [ 2.6113e-251 3.1692e-155 5.3703e-51 7.7355e-36 ] 0.0000e+00 [ 0.0000e+00 ] 1.0000e+00
 7.797e+01 6.0200e-36 6.0200e-36 [ 8.3790e-252 1.2652e-155 3.6010e-51 6.0200e-36 ] 0.0000e+00 [ 0.0000e+00 ] 1.0000e+00
 7.809e+01 4.6790e-36 4.6790e-36 [ 2.6786e-252 5.0304e-156 2.4042e-51 4.6790e-36 ] 0.0000e+00 [ 0.0000e+00 ] 1.0000e+00
 7.820e+01 3.6311e-36 3.6311e-36 [ 8.5271e-253 1.9911e-156 1.5975e-51 3.6311e-36 ] 0.0000e+00 [ 0.0000e+00 ] 1.0000e+00
 7.831e+01 2.8124e-36 2.8124e-36 [ 2.7017e-253 7.8415e-157 1.0558e-51 2.8124e-36 ] 0.0000e+00 [ 0.0000e+00 ] 1.0000e+00
 7.843e+01 2.1729e-36 2.1729e-36 [ 8.5143e-254 3.0707e-157 6.9359e-52 2.1729e-36 ] 0.0000e+00 [ 0.0000e+00 ] 1.0000e+00
 7.854e+01 1.6735e-36 1.6735e-36 [ 2.6666e-254 1.1947e-157 4.5254e-52 1.6735e-36 ] 0.0000e+00 [ 0.0000e+00 ] 1.0000e+00
 7.865e+01 1.2835e-36 1.2835e-36 [ 8.2914e-255 4.6129e-158 2.9292e-52 1.2835e-36 ] 0.0000e+00 [ 0.0000e+00 ] 1.0000e+00
 7.877e+01 9.7883e-37 9.7883e-37 [ 2.5561e-255 1.7654e-158 1.8783e-52 9.7883e-37 ] 0.0000e+00 [ 0.0000e+00 ] 1.0000e+00
 7.888e+01 7.4069e-37 7.4069e-37 [ 7.7989e-256 6.6852e-159 1.1908e-52 7.4069e-37 ] 0.0000e+00 [ 0.0000e+00 ] 1.0000e+00
 7.899e+01 5.5440e-37 5.5440e-37 [ 2.3495e-256 2.4988e-159 7.4432e-53 5.5440e-37 ] 0.0000e+00 [ 0.0000e+00 ] 1.0000e+00
 7.911e+01 4.0847e-37 4.0847e-37 [ 6.9659e-257 9.1887e-160 4.5676e-53 4.0847e-37 ] 0.0000e+00 [ 0.0000e+00 ] 1.0000e+00
 7.922e+01 2.9398e-37 2.9398e-37 [ 2.0225e-257 3.3080e-160 2.7334e-53 2.9398e-37 ] 0.0000e+00 [ 0.0000e+00 ] 1.0000e+00
 7.933e+01 2.0408e-37 2.0408e-37 [ 5.7077e-258 1.1570e-160 1.5770e-53 2.0408e-37 ] 0.0000e+00 [ 0.0000e+00 ] 1.0000e+00
 7.945e+01 1.3363e-37 1.3363e-37 [ 1.5457e-258 3.8804e-161 8.5885e-54 1.3363e-37 ] 0.0000e+00 [ 0.0000e+00 ] 1.0000e+00
 7.956e+01 7.9059e-38 7.9059e-38 [ 3.9185e-259 1.2149e-161 4.2309e-54 7.9059e-38 ] 0.0000e+00 [ 0.0000e+00 ] 1.0000e+00
 7.967e+01 3.8344e-38 3.8344e-38 [ 8.7369e-260 3.3078e-162 1.7029e-54 3.8344e-38 ] 0.0000e+00 [ 0.0000e+00 ] 1.0000e+00
 7.979e+01 1.1266e-38 1.1266e-38 [ 1.3261e-260 5.8946e-163 4.0035e-55 1.1266e-38 ] 0.0000e+00 [ 0.0000e+00 ] 1.0000e+00
 7.990e+01 0.0000e+00 0.0000e+00 [ 0.0000e+00 0.0000e+00 0.0000e+00 0.0000e+00 ] 0.0000e+00 [ 0.0000e+00 ] 1.0000e+00
