 0.000e+00 0.0000e+00 0.0000e+00 [ 0.0000e+00 0.0000e+00 0.0000e+00 0.0000e+00 0.0000e+00 ] 1.0000e+00
 1.133e-01 4.1921e-02 4.1921e-02 [ 4.1511e-02 2.0218e-04 9.8872e-05 9.7692e-05 1.1030e-05 ] 9.5808e-01
 2.267e-01 8.2101e-02 8.2101e-02 [ 8.0359e-02 8.6281e-04 4.2193e-04 4.1658e-04 4.0471e-05 ] 9.1790e-01
 3.400e-01 1.1480e-01 1.1480e-01 [ 1.1050e-01 2.1376e-03 1.0453e-03 1.0302e-03 8.5444e-05 ] 8.8520e-01
 4.533e-01 1.5113e-01 1.5113e-01 [ 1.4253e-01 4.2909e-03 2.0982e-03 2.0630e-03 1.4577e-04 ] 8.4887e-01
 5.667e-01 1.9683e-01 1.9683e-01 [ 1.8145e-01 7.7033e-03 3.7668e-03 3.6937e-03 2.2323e-04 ] 8.0317e-01
 6.800e-01 2.5717e-01 2.5717e-01 [ 2.3157e-01 1.2849e-02 6.2827e-03 6.1429e-03 3.2041e-04 ] 7.4283e-01
 7.933e-01 3.3587e-01 3.3587e-01 [ 2.9574e-01 2.0189e-02 9.8712e-03 9.6218e-03 4.3877e-04 ] 6.6413e-01
 9.067e-01 4.3277e-01 4.3277e-01 [ 3.7342e-01 2.9930e-02 1.4633e-02 1.4218e-02 5.7551e-04 ] 5.6723e-01
 1.020e+00 5.4103e-01 5.4103e-01 [ 4.5851e-01 4.1686e-02 2.0380e-02 1.9735e-02 7.2052e-04 ] 4.5897e-01
 1.133e+00 6.4675e-01 6.4675e-01 [ 5.3944e-01 5.4297e-02 2.6543e-02 2.5615e-02 8.5668e-04 ] 3.5325e-01
 1.247e+00 7.3442e-01 7.3442e-01 [ 6.0379e-01 6.6196e-02 3.2358e-02 3.1113e-02 9.6673e-04 ] 2.6558e-01
 1.360e+00 7.9554e-01 7.9554e-01 [ 6.4529e-01 7.6248e-02 3.7268e-02 3.5694e-02 1.0432e-03 ] 2.0446e-01
 1.473e+00 8.3189e-01 8.3189e-01 [ 6.6609e-01 8.4255e-02 4.1178e-02 3.9274e-02 1.0911e-03 ] 1.6811e-01
 1.587e+00 8.5090e-01 8.5090e-01 [ 6.7270e-01 9.0684e-02 4.4315e-02 4.2076e-02 1.1213e-03 ] 1.4910e-01
 1.700e+00 8.5979e-01 8.5979e-01 [ 6.7117e-01 9.6123e-02 4.6967e-02 4.4382e-02 1.1430e-03 ] 1.4021e-01
 1.813e+00 8.6337e-01 8.6337e-01 [ 6.6546e-01 1.0101e-01 4.9349e-02 4.6397e-02 1.1620e-03 ] 1.3663e-01
 1.927e+00 8.6434e-01 8.6434e-01 [ 6.5772e-01 1.0560e-01 5.1587e-02 4.8247e-02 1.1809e-03 ] 1.3566e-01
 2.040e+00 8.6407e-01 8.6407e-01 [ 6.4907e-01 1.1005e-01 5.3753e-02 5.0001e-02 1.2008e-03 ] 1.3593e-01
 2.153e+00 8.6325e-01 8.6325e-01 [ 6.4003e-01 1.1442e-01 5.5884e-02 5.1695e-02 1.2219e-03 ] 1.3675e-01
 2.267e+00 8.6221e-01 8.6221e-01 [ 6.3086e-01 1.1875e-01 5.8000e-02 5.3349e-02 1.2440e-03 ] 1.3779e-01
 2.380e+00 8.6110e-01 8.6110e-01 [ 6.2167e-01 1.2308e-01 6.0110e-02 5.4975e-02 1.2669e-03 ] 1.3890e-01
 2.493e+00 8.6001e-01 8.6001e-01 [ 6.1252e-01 1.2740e-01 6.2221e-02 5.6578e-02 1.2904e-03 ] 1.3999e-01
 2.607e+00 8.5897e-01 8.5897e-01 [ 6.0344e-01 1.3172e-01 6.4336e-02 5.8163e-02 1.3144e-03 ] 1.4103e-01
 2.720e+00 8.5799e-01 8.5799e-01 [ 5.9443e-01 1.3604e-01 6.6456e-02 5.9732e-02 1.3387e-03 ] 1.4201e-01
 2.833e+00 8.5708e-01 8.5708e-01 [ 5.8548e-01 1.4036e-01 6.8584e-02 6.1288e-02 1.3632e-03 ] 1.4292e-01
 2.947e+00 8.5624e-01 8.5624e-01 [ 5.7661e-01 1.4469e-01 7.0719e-02 6.2832e-02 1.3880e-03 ] 1.4376e-01
 3.060e+00 8.5547e-01 8.5547e-01 [ 5.6781e-01 1.4902e-01 7.2862e-02 6.4365e-02 1.4129e-03 ] 1.4453e-01
 3.173e+00 8.5476e-01 8.5476e-01 [ 5.5906e-01 1.5336e-01 7.5015e-02 6.5889e-02 1.4380e-03 ] 1.4524e-01
 3.287e+00 8.5411e-01 8.5411e-01 [ 5.5037e-01 1.5769e-01 7.7177e-02 6.7406e-02 1.4632e-03 ] 1.4589e-01
 3.400e+00 8.5351e-01 8.5351e-01 [ 5.4174e-01 1.6202e-01 7.9349e-02 6.8915e-02 1.4886e-03 ] 1.4649e-01
 3.513e+00 8.5296e-01 8.5296e-01 [ 5.3315e-01 1.6634e-01 8.1531e-02 7.0420e-02 1.5142e-03 ] 1.4704e-01
 3.627e+00 8.5245e-01 8.5245e-01 [ 5.2461e-01 1.7066e-01 8.3724e-02 7.1919e-02 1.5400e-03 ] 1.4755e-01
 3.740e+00 8.5199e-01 8.5199e-01 [ 5.1612e-01 1.7496e-01 8.5928e-02 7.3416e-02 1.5660e-03 ] 1.4801e-01
 3.853e+00 8.5157e-01 8.5157e-01 [ 5.0766e-01 1.7926e-01 8.8143e-02 7.4910e-02 1.5921e-03 ] 1.4843e-01
 3.967e+00 8.5118e-01 8.5118e-01 [ 4.9925e-01 1.8354e-01 9.0370e-02 7.6403e-02 1.6186e-03 ] 1.4882e-01
 4.080e+00 8.5082e-01 8.5082e-01 [ 4.9087e-01 1.8780e-01 9.2609e-02 7.7896e-02 1.6452e-03 ] 1.4918e-01
 4.193e+00 8.5050e-01 8.5050e-01 [ 4.8253e-01 1.9205e-01 9.4860e-02 7.9390e-02 1.6721e-03 ] 1.4950e-01
 4.307e+00 8.5020e-01 8.5020e-01 [ 4.7422e-01 1.9626e-01 9.7123e-02 8.0886e-02 1.6993e-03 ] 1.4980e-01
 4.420e+00 8.4992e-01 8.4992e-01 [ 4.6595e-01 2.0046e-01 9.9399e-02 8.2384e-02 1.7268e-03 ] 1.5008e-01
 4.533e+00 8.4967e-01 8.4967e-01 [ 4.5772e-01 2.0462e-01 1.0169e-01 8.3887e-02 1.7545e-03 ] 1.5033e-01
 4.647e+00 8.4943e-01 8.4943e-01 [ 4.4952e-01 2.0874e-01 1.0399e-01 8.5394e-02 1.7825e-03 ] 1.5057e-01
 4.760e+00 8.4922e-01 8.4922e-01 [ 4.4136e-01 2.1283e-01 1.0631e-01 8.6907e-02 1.8109e-03 ] 1.5078e-01
 4.873e+00 8.4901e-01 8.4901e-01 [ 4.3323e-01 2.1688e-01 1.0864e-01 8.8427e-02 1.8396e-03 ] 1.5099e-01
 4.987e+00 8.4883e-01 8.4883e-01 [ 4.2514e-01 2.2089e-01 1.1098e-01 8.9955e-02 1.8686e-03 ] 1.5117e-01
 5.100e+00 8.4866e-01 8.4866e-01 [ 4.1709e-01 2.2484e-01 1.1334e-01 9.1491e-02 1.8980e-03 ] 1.5134e-01
 5.213e+00 8.4849e-01 8.4849e-01 [ 4.0908e-01 2.2874e-01 1.1571e-01 9.3037e-02 1.9277e-03 ] 1.5151e-01
 5.327e+00 8.4834e-01 8.4834e-01 [ 4.0111e-01 2.3259e-01 1.1810e-01 9.4593e-02 1.9578e-03 ] 1.5166e-01
 5.440e+00 8.4820e-01 8.4820e-01 [ 3.9318e-01 2.3637e-01 1.2050e-01 9.6161e-02 1.9883e-03 ] 1.5180e-01
 5.553e+00 8.4807e-01 8.4807e-01 [ 3.8530e-01 2.4009e-01 1.2291e-01 9.7742e-02 2.0191e-03 ] 1.5193e-01
 5.667e+00 8.4794e-01 8.4794e-01 [ 3.7747e-01 2.4375e-01 1.2534e-01 9.9335e-02 2.0504e-03 ] 1.5206e-01
 5.780e+00 8.4782e-01 8.4782e-01 [ 3.6968e-01 2.4733e-01 1.2779e-01 1.0094e-01 2.0821e-03 ] 1.5218e-01
 5.893e+00 8.4771e-01 8.4771e-01 [ 3.6195e-01 2.5083e-01 1.3025e-01 1.0257e-01 2.1142e-03 ] 1.5229e-01
 6.007e+00 8.4760e-01 8.4760e-01 [ 3.5427e-01 2.5425e-01 1.3272e-01 1.0420e-01 2.1468e-03 ] 1.5240e-01
 6.120e+00 8.4750e-01 8.4750e-01 [ 3.4665e-01 2.5759e-01 1.3521e-01 1.0586e-01 2.1798e-03 ] 1.5250e-01
 6.233e+00 8.4740e-01 8.4740e-01 [ 3.3909e-01 2.6084e-01 1.3772e-01 1.0753e-01 2.2133e-03 ] 1.5260e-01
 6.347e+00 8.4730e-01 8.4730e-01 [ 3.3159e-01 2.6400e-01 1.4024e-01 1.0923e-01 2.2472e-03 ] 1.5270e-01
 6.460e+00 8.4721e-01 8.4721e-01 [ 3.2415e-01 2.6706e-01 1.4278e-01 1.1094e-01 2.2817e-03 ] 1.5279e-01
 6.573e+00 8.4712e-01 8.4712e-01 [ 3.1679e-01 2.7002e-01 1.4533e-01 1.1267e-01 2.3166e-03 ] 1.5288e-01
 6.687e+00 8.4703e-01 8.4703e-01 [ 3.0949e-01 2.7288e-01 1.4789e-01 1.1442e-01 2.3520e-03 ] 1.5297e-01
 6.800e+00 8.4694e-01 8.4694e-01 [ 3.0226e-01 2.7563e-01 1.5047e-01 1.1620e-01 2.3880e-03 ] 1.5306e-01
 6.913e+00 8.4686e-01 8.4686e-01 [ 2.9511e-01 2.7827e-01 1.5306e-01 1.1799e-01 2.4244e-03 ] 1.5314e-01
 7.027e+00 8.4678e-01 8.4678e-01 [ 2.8804e-01 2.8079e-01 1.5567e-01 1.1982e-01 2.4615e-03 ] 1.5322e-01
 7.140e+00 8.4670e-01 8.4670e-01 [ 2.8105e-01 2.8320e-01 1.5829e-01 1.2166e-01 2.4990e-03 ] 1.5330e-01
 7.253e+00 8.4662e-01 8.4662e-01 [ 2.7414e-01 2.8548e-01 1.6092e-01 1.2353e-01 2.5372e-03 ] 1.5338e-01
 7.367e+00 8.4654e-01 8.4654e-01 [ 2.6732e-01 2.8765e-01 1.6356e-01 1.2543e-01 2.5759e-03 ] 1.5346e-01
 7.480e+00 8.4646e-01 8.4646e-01 [ 2.6059e-01 2.8968e-01 1.6622e-01 1.2735e-01 2.6151e-03 ] 1.5354e-01
 7.593e+00 8.4638e-01 8.4638e-01 [ 2.5395e-01 2.9159e-01 1.6889e-01 1.2930e-01 2.6550e-03 ] 1.5362e-01
 7.707e+00 8.4631e-01 8.4631e-01 [ 2.4740e-01 2.9336e-01 1.7157e-01 1.3128e-01 2.6955e-03 ] 1.5369e-01
 7.820e+00 8.4623e-01 8.4623e-01 [ 2.4094e-01 2.9500e-01 1.7426e-01 1.3329e-01 2.7366e-03 ] 1.5377e-01
 7.933e+00 8.4615e-01 8.4615e-01 [ 2.3459e-01 2.9650e-01 1.7695e-01 1.3533e-01 2.7783e-03 ] 1.5385e-01
 8.047e+00 8.4608e-01 8.4608e-01 [ 2.2833e-01 2.9786e-01 1.7966e-01 1.3740e-01 2.8206e-03 ] 1.5392e-01
 8.160e+00 8.4600e-01 8.4600e-01 [ 2.2218e-01 2.9908e-01 1.8237e-01 1.3951e-01 2.8636e-03 ] 1.5400e-01
 8.273e+00 8.4592e-01 8.4592e-01 [ 2.1613e-01 3.0016e-01 1.8509e-01 1.4164e-01 2.9073e-03 ] 1.5408e-01
 8.387e+00 8.4585e-01 8.4585e-01 [ 2.1018e-01 3.0109e-01 1.8782e-01 1.4381e-01 2.9516e-03 ] 1.5415e-01
 8.500e+00 8.4577e-01 8.4577e-01 [ 2.0434e-01 3.0188e-01 1.9055e-01 1.4601e-01 2.9966e-03 ] 1.5423e-01
 8.613e+00 8.4569e-01 8.4569e-01 [ 1.9860e-01 3.0252e-01 1.9328e-01 1.4825e-01 3.0422e-03 ] 1.5431e-01
 8.727e+00 8.4562e-01 8.4562e-01 [ 1.9298e-01 3.0301e-01 1.9601e-01 1.5052e-01 3.0886e-03 ] 1.5438e-01
 8.840e+00 8.4554e-01 8.4554e-01 [ 1.8746e-01 3.0336e-01 1.9875e-01 1.5283e-01 3.1356e-03 ] 1.5446e-01
 8.953e+00 8.4546e-01 8.4546e-01 [ 1.8206e-01 3.0356e-01 2.0148e-01 1.5518e-01 3.1833e-03 ] 1.5454e-01
 9.067e+00 8.4539e-01 8.4539e-01 [ 1.7677e-01 3.0361e-01 2.0421e-01 1.5757e-01 3.2318e-03 ] 1.5461e-01
 9.180e+00 8.4531e-01 8.4531e-01 [ 1.7159e-01 3.0351e-01 2.0694e-01 1.5999e-01 3.2809e-03 ] 1.5469e-01
 9.293e+00 8.4523e-01 8.4523e-01 [ 1.6652e-01 3.0327e-01 2.0966e-01 1.6246e-01 3.3308e-03 ] 1.5477e-01
 9.407e+00 8.4516e-01 8.4516e-01 [ 1.6156e-01 3.0287e-01 2.1238e-01 1.6496e-01 3.3814e-03 ] 1.5484e-01
 9.520e+00 8.4508e-01 8.4508e-01 [ 1.5672e-01 3.0234e-01 2.1508e-01 1.6751e-01 3.4328e-03 ] 1.5492e-01
 9.633e+00 8.4500e-01 8.4500e-01 [ 1.5199e-01 3.0165e-01 2.1778e-01 1.7010e-01 3.4848e-03 ] 1.5500e-01
 9.747e+00 8.4492e-01 8.4492e-01 [ 1.4737e-01 3.0083e-01 2.2046e-01 1.7273e-01 3.5377e-03 ] 1.5508e-01
 9.860e+00 8.4484e-01 8.4484e-01 [ 1.4287e-01 2.9986e-01 2.2313e-01 1.7540e-01 3.5912e-03 ] 1.5516e-01
 9.973e+00 8.4477e-01 8.4477e-01 [ 1.3847e-01 2.9875e-01 2.2578e-01 1.7812e-01 3.6455e-03 ] 1.5523e-01
 1.009e+01 8.4469e-01 8.4469e-01 [ 1.3419e-01 2.9750e-01 2.2842e-01 1.8088e-01 3.7005e-03 ] 1.5531e-01
 1.020e+01 8.4461e-01 8.4461e-01 [ 1.3002e-01 2.9612e-01 2.3103e-01 1.8369e-01 3.7563e-03 ] 1.5539e-01
 1.031e+01 8.4454e-01 8.4454e-01 [ 1.2595e-01 2.9460e-01 2.3362e-01 1.8654e-01 3.8128e-03 ] 1.5546e-01
 1.043e+01 8.4446e-01 8.4446e-01 [ 1.2200e-01 2.9296e-01 2.3619e-01 1.8945e-01 3.8701e-03 ] 1.5554e-01
 1.054e+01 8.4439e-01 8.4439e-01 [ 1.1815e-01 2.9118e-01 2.3873e-01 1.9239e-01 3.9280e-03 ] 1.5561e-01
 1.065e+01 8.4431e-01 8.4431e-01 [ 1.1441e-01 2.8928e-01 2.4125e-01 1.9539e-01 3.9867e-03 ] 1.5569e-01
 1.077e+01 8.4424e-01 8.4424e-01 [ 1.1077e-01 2.8726e-01 2.4373e-01 1.9843e-01 4.0461e-03 ] 1.5576e-01
 1.088e+01 8.4417e-01 8.4417e-01 [ 1.0723e-01 2.8512e-01 2.4618e-01 2.0153e-01 4.1063e-03 ] 1.5583e-01
 1.099e+01 8.4410e-01 8.4410e-01 [ 1.0380e-01 2.8287e-01 2.4859e-01 2.0467e-01 4.1671e-03 ] 1.5590e-01
 1.111e+01 8.4403e-01 8.4403e-01 [ 1.0046e-01 2.8051e-01 2.5097e-01 2.0786e-01 4.2286e-03 ] 1.5597e-01
 1.122e+01 8.4396e-01 8.4396e-01 [ 9.7223e-02 2.7805e-01 2.5330e-01 2.1110e-01 4.2907e-03 ] 1.5604e-01
 1.133e+01 8.4390e-01 8.4390e-01 [ 9.4080e-02 2.7548e-01 2.5560e-01 2.1439e-01 4.3536e-03 ] 1.5610e-01
 1.145e+01 8.4384e-01 8.4384e-01 [ 9.1031e-02 2.7281e-01 2.5785e-01 2.1773e-01 4.4170e-03 ] 1.5616e-01
 1.156e+01 8.4378e-01 8.4378e-01 [ 8.8074e-02 2.7005e-01 2.6006e-01 2.2111e-01 4.4811e-03 ] 1.5622e-01
 1.167e+01 8.4372e-01 8.4372e-01 [ 8.5206e-02 2.6720e-01 2.6221e-01 2.2455e-01 4.5457e-03 ] 1.5628e-01
 1.179e+01 8.4367e-01 8.4367e-01 [ 8.2425e-02 2.6427e-01 2.6432e-01 2.2804e-01 4.6110e-03 ] 1.5633e-01
 1.190e+01 8.4362e-01 8.4362e-01 [ 7.9730e-02 2.6127e-01 2.6637e-01 2.3158e-01 4.6767e-03 ] 1.5638e-01
 1.201e+01 8.4358e-01 8.4358e-01 [ 7.7118e-02 2.5818e-01 2.6838e-01 2.3516e-01 4.7430e-03 ] 1.5642e-01
 1.213e+01 8.4355e-01 8.4355e-01 [ 7.4586e-02 2.5504e-01 2.7032e-01 2.3880e-01 4.8097e-03 ] 1.5645e-01
 1.224e+01 8.4352e-01 8.4352e-01 [ 7.2134e-02 2.5182e-01 2.7221e-01 2.4248e-01 4.8769e-03 ] 1.5648e-01
 1.235e+01 8.4350e-01 8.4350e-01 [ 6.9757e-02 2.4855e-01 2.7404e-01 2.4620e-01 4.9445e-03 ] 1.5650e-01
 1.247e+01 8.4349e-01 8.4349e-01 [ 6.7455e-02 2.4523e-01 2.7581e-01 2.4998e-01 5.0125e-03 ] 1.5651e-01
 1.258e+01 8.4348e-01 8.4348e-01 [ 6.5225e-02 2.4187e-01 2.7751e-01 2.5380e-01 5.0808e-03 ] 1.5652e-01
 1.269e+01 8.4349e-01 8.4349e-01 [ 6.3065e-02 2.3846e-01 2.7916e-01 2.5766e-01 5.1493e-03 ] 1.5651e-01
 1.281e+01 8.4351e-01 8.4351e-01 [ 6.0972e-02 2.3502e-01 2.8074e-01 2.6156e-01 5.2181e-03 ] 1.5649e-01
 1.292e+01 8.4354e-01 8.4354e-01 [ 5.8945e-02 2.3155e-01 2.8225e-01 2.6551e-01 5.2871e-03 ] 1.5646e-01
 1.303e+01 8.4358e-01 8.4358e-01 [ 5.6981e-02 2.2805e-01 2.8370e-01 2.6949e-01 5.3561e-03 ] 1.5642e-01
 1.315e+01 8.4365e-01 8.4365e-01 [ 5.5078e-02 2.2454e-01 2.8509e-01 2.7351e-01 5.4253e-03 ] 1.5635e-01
 1.326e+01 8.4373e-01 8.4373e-01 [ 5.3234e-02 2.2102e-01 2.8641e-01 2.7757e-01 5.4944e-03 ] 1.5627e-01
 1.337e+01 8.4383e-01 8.4383e-01 [ 5.1448e-02 2.1750e-01 2.8766e-01 2.8166e-01 5.5635e-03 ] 1.5617e-01
 1.349e+01 8.4395e-01 8.4395e-01 [ 4.9717e-02 2.1398e-01 2.8885e-01 2.8578e-01 5.6325e-03 ] 1.5605e-01
 1.360e+01 8.4409e-01 8.4409e-01 [ 4.8039e-02 2.1047e-01 2.8997e-01 2.8992e-01 5.7012e-03 ] 1.5591e-01
 1.371e+01 8.4427e-01 8.4427e-01 [ 4.6413e-02 2.0697e-01 2.9102e-01 2.9409e-01 5.7697e-03 ] 1.5573e-01
 1.383e+01 8.4447e-01 8.4447e-01 [ 4.4836e-02 2.0349e-01 2.9202e-01 2.9829e-01 5.8379e-03 ] 1.5553e-01
 1.394e+01 8.4471e-01 8.4471e-01 [ 4.3308e-02 2.0005e-01 2.9295e-01 3.0250e-01 5.9056e-03 ] 1.5529e-01
 1.405e+01 8.4498e-01 8.4498e-01 [ 4.1827e-02 1.9664e-01 2.9381e-01 3.0673e-01 5.9728e-03 ] 1.5502e-01
 1.417e+01 8.4529e-01 8.4529e-01 [ 4.0390e-02 1.9327e-01 2.9462e-01 3.1097e-01 6.0395e-03 ] 1.5471e-01
 1.428e+01 8.4564e-01 8.4564e-01 [ 3.8997e-02 1.8995e-01 2.9537e-01 3.1521e-01 6.1055e-03 ] 1.5436e-01
 1.439e+01 8.4604e-01 8.4604e-01 [ 3.7647e-02 1.8670e-01 2.9607e-01 3.1946e-01 6.1707e-03 ] 1.5396e-01
 1.451e+01 8.4650e-01 8.4650e-01 [ 3.6337e-02 1.8350e-01 2.9671e-01 3.2371e-01 6.2351e-03 ] 1.5350e-01
 1.462e+01 8.4700e-01 8.4700e-01 [ 3.5068e-02 1.8039e-01 2.9729e-01 3.2796e-01 6.2986e-03 ] 1.5300e-01
 1.473e+01 8.4757e-01 8.4757e-01 [ 3.3838e-02 1.7735e-01 2.9783e-01 3.3219e-01 6.3611e-03 ] 1.5243e-01
 1.485e+01 8.4821e-01 8.4821e-01 [ 3.2646e-02 1.7441e-01 2.9833e-01 3.3641e-01 6.4224e-03 ] 1.5179e-01
 1.496e+01 8.4891e-01 8.4891e-01 [ 3.1491e-02 1.7156e-01 2.9878e-01 3.4060e-01 6.4826e-03 ] 1.5109e-01
 1.507e+01 8.4970e-01 8.4970e-01 [ 3.0373e-02 1.6883e-01 2.9919e-01 3.4477e-01 6.5414e-03 ] 1.5030e-01
 1.519e+01 8.5056e-01 8.5056e-01 [ 2.9292e-02 1.6622e-01 2.9956e-01 3.4890e-01 6.5988e-03 ] 1.4944e-01
 1.530e+01 8.5152e-01 8.5152e-01 [ 2.8248e-02 1.6373e-01 2.9989e-01 3.5299e-01 6.6548e-03 ] 1.4848e-01
 1.541e+01 8.5256e-01 8.5256e-01 [ 2.7239e-02 1.6140e-01 3.0019e-01 3.5702e-01 6.7091e-03 ] 1.4744e-01
 1.553e+01 8.5371e-01 8.5371e-01 [ 2.6268e-02 1.5921e-01 3.0046e-01 3.6100e-01 6.7618e-03 ] 1.4629e-01
 1.564e+01 8.5496e-01 8.5496e-01 [ 2.5335e-02 1.5720e-01 3.0070e-01 3.6491e-01 6.8128e-03 ] 1.4504e-01
 1.575e+01 8.5633e-01 8.5633e-01 [ 2.4440e-02 1.5537e-01 3.0091e-01 3.6874e-01 6.8620e-03 ] 1.4367e-01
 1.587e+01 8.5781e-01 8.5781e-01 [ 2.3586e-02 1.5373e-01 3.0109e-01 3.7248e-01 6.9094e-03 ] 1.4219e-01
 1.598e+01 8.5941e-01 8.5941e-01 [ 2.2775e-02 1.5232e-01 3.0124e-01 3.7611e-01 6.9553e-03 ] 1.4059e-01
 1.609e+01 8.6113e-01 8.6113e-01 [ 2.2008e-02 1.5114e-01 3.0136e-01 3.7962e-01 6.9998e-03 ] 1.3887e-01
 1.621e+01 8.6297e-01 8.6297e-01 [ 2.1291e-02 1.5022e-01 3.0143e-01 3.8298e-01 7.0435e-03 ] 1.3703e-01
 1.632e+01 8.6492e-01 8.6492e-01 [ 2.0627e-02 1.4958e-01 3.0145e-01 3.8617e-01 7.0873e-03 ] 1.3508e-01
 1.643e+01 8.6696e-01 8.6696e-01 [ 2.0022e-02 1.4924e-01 3.0141e-01 3.8916e-01 7.1325e-03 ] 1.3304e-01
 1.655e+01 8.6904e-01 8.6904e-01 [ 1.9482e-02 1.4922e-01 3.0128e-01 3.9188e-01 7.1810e-03 ] 1.3096e-01
 1.666e+01 8.7103e-01 8.7103e-01 [ 1.9013e-02 1.4954e-01 3.0100e-01 3.9425e-01 7.2354e-03 ] 1.2897e-01
 1.677e+01 8.7269e-01 8.7269e-01 [ 1.8622e-02 1.5018e-01 3.0047e-01 3.9612e-01 7.2985e-03 ] 1.2731e-01
 1.689e+01 8.7347e-01 8.7347e-01 [ 1.8309e-02 1.5111e-01 2.9949e-01 3.9720e-01 7.3722e-03 ] 1.2653e-01
 1.700e+01 8.7218e-01 8.7218e-01 [ 1.8068e-02 1.5214e-01 2.9763e-01 3.9689e-01 7.4549e-03 ] 1.2782e-01
 1.711e+01 8.6632e-01 8.6632e-01 [ 1.7863e-02 1.5288e-01 2.9404e-01 3.9400e-01 7.5343e-03 ] 1.3368e-01
 1.723e+01 8.5085e-01 8.5085e-01 [ 1.7610e-02 1.5247e-01 2.8700e-01 3.8620e-01 7.5756e-03 ] 1.4915e-01
 1.734e+01 8.1714e-01 8.1714e-01 [ 1.7141e-02 1.4931e-01 2.7363e-01 3.6956e-01 7.5050e-03 ] 1.8286e-01
 1.745e+01 7.5453e-01 7.5453e-01 [ 1.6222e-02 1.4129e-01 2.5049e-01 3.3932e-01 7.2135e-03 ] 2.4547e-01
 1.757e+01 6.5806e-01 6.5806e-01 [ 1.4697e-02 1.2711e-01 2.1615e-01 2.9348e-01 6.6175e-03 ] 3.4194e-01
 1.768e+01 5.3704e-01 5.3704e-01 [ 1.2667e-02 1.0799e-01 1.7399e-01 2.3665e-01 5.7474e-03 ] 4.6296e-01
 1.779e+01 4.1189e-01 4.1189e-01 [ 1.0475e-02 8.7322e-02 1.3101e-01 1.7833e-01 4.7478e-03 ] 5.8811e-01
 1.791e+01 3.0132e-01 3.0132e-01 [ 8.4721e-03 6.8514e-02 9.3424e-02 1.2712e-01 3.7816e-03 ] 6.9868e-01
 1.802e+01 2.1436e-01 2.1436e-01 [ 6.8518e-03 5.3409e-02 6.4116e-02 8.7037e-02 2.9499e-03 ] 7.8564e-01
 1.813e+01 1.5125e-01 1.5125e-01 [ 5.6441e-03 4.2281e-02 4.2998e-02 5.8044e-02 2.2829e-03 ] 8.4875e-01
 1.825e+01 1.0777e-01 1.0777e-01 [ 4.7891e-03 3.4545e-02 2.8549e-02 3.8122e-02 1.7679e-03 ] 8.9223e-01
 1.836e+01 7.8789e-02 7.8789e-02 [ 4.2009e-03 2.9375e-02 1.8979e-02 2.4858e-02 1.3762e-03 ] 9.2121e-01
 1.847e+01 5.9846e-02 5.9846e-02 [ 3.8006e-03 2.6018e-02 1.2764e-02 1.6184e-02 1.0789e-03 ] 9.4015e-01
 1.859e+01 4.7608e-02 4.7608e-02 [ 3.5275e-03 2.3892e-02 8.7727e-03 1.0564e-02 8.5195e-04 ] 9.5239e-01
 1.870e+01 3.9759e-02 3.9759e-02 [ 3.3380e-03 2.2582e-02 6.2272e-03 6.9348e-03 6.7710e-04 ] 9.6024e-01
 1.881e+01 3.4748e-02 3.4748e-02 [ 3.2027e-03 2.1805e-02 4.6107e-03 4.5887e-03 5.4113e-04 ] 9.6525e-01
 1.893e+01 3.1565e-02 3.1565e-02 [ 3.1019e-03 2.1374e-02 3.5880e-03 3.0670e-03 4.3444e-04 ] 9.6843e-01
 1.904e+01 2.9558e-02 2.9558e-02 [ 3.0229e-03 2.1165e-02 2.9445e-03 2.0746e-03 3.5010e-04 ] 9.7044e-01
 1.915e+01 2.8306e-02 2.8306e-02 [ 2.9574e-03 2.1099e-02 2.5433e-03 1.4229e-03 2.8300e-04 ] 9.7169e-01
 1.927e+01 2.7541e-02 2.7541e-02 [ 2.9000e-03 2.1123e-02 2.2972e-03 9.9133e-04 2.2936e-04 ] 9.7246e-01
 1.938e+01 2.7089e-02 2.7089e-02 [ 2.8475e-03 2.1202e-02 2.1506e-03 7.0287e-04 1.8631e-04 ] 9.7291e-01
 1.949e+01 2.6839e-02 2.6839e-02 [ 2.7975e-03 2.1314e-02 2.0681e-03 5.0805e-04 1.5165e-04 ] 9.7316e-01
 1.961e+01 2.6718e-02 2.6718e-02 [ 2.7487e-03 2.1444e-02 2.0271e-03 3.7499e-04 1.2368e-04 ] 9.7328e-01
 1.972e+01 2.6679e-02 2.6679e-02 [ 2.7003e-03 2.1582e-02 2.0127e-03 2.8302e-04 1.0107e-04 ] 9.7332e-01
 1.983e+01 2.6691e-02 2.6691e-02 [ 2.6517e-03 2.1723e-02 2.0158e-03 2.1868e-04 8.2792e-05 ] 9.7331e-01
 1.995e+01 2.6734e-02 2.6734e-02 [ 2.6026e-03 2.1860e-02 2.0299e-03 1.7312e-04 6.8010e-05 ] 9.7327e-01
 2.006e+01 2.6793e-02 2.6793e-02 [ 2.5529e-03 2.1992e-02 2.0513e-03 1.4048e-04 5.6075e-05 ] 9.7321e-01
 2.017e+01 2.6858e-02 2.6858e-02 [ 2.5024e-03 2.2115e-02 2.0772e-03 1.1688e-04 4.6470e-05 ] 9.7314e-01
 2.029e+01 2.6925e-02 2.6925e-02 [ 2.4513e-03 2.2230e-02 2.1059e-03 9.9691e-05 3.8785e-05 ] 9.7307e-01
 2.040e+01 2.6989e-02 2.6989e-02 [ 2.3994e-03 2.2333e-02 2.1363e-03 8.7152e-05 3.2700e-05 ] 9.7301e-01
 2.051e+01 2.7046e-02 2.7046e-02 [ 2.3470e-03 2.2425e-02 2.1675e-03 7.8062e-05 2.7965e-05 ] 9.7295e-01
 2.063e+01 2.7094e-02 2.7094e-02 [ 2.2939e-03 2.2505e-02 2.1991e-03 7.1608e-05 2.4388e-05 ] 9.7291e-01
 2.074e+01 2.7133e-02 2.7133e-02 [ 2.2405e-03 2.2573e-02 2.2306e-03 6.7246e-05 2.1828e-05 ] 9.7287e-01
 2.085e+01 2.7162e-02 2.7162e-02 [ 2.1867e-03 2.2628e-02 2.2619e-03 6.4629e-05 2.0190e-05 ] 9.7284e-01
 2.097e+01 2.7179e-02 2.7179e-02 [ 2.1326e-03 2.2670e-02 2.2927e-03 6.3563e-05 1.9416e-05 ] 9.7282e-01
 2.108e+01 2.7184e-02 2.7184e-02 [ 2.0784e-03 2.2699e-02 2.3231e-03 6.3982e-05 1.9487e-05 ] 9.7282e-01
 2.119e+01 2.7179e-02 2.7179e-02 [ 2.0241e-03 2.2716e-02 2.3531e-03 6.5946e-05 2.0420e-05 ] 9.7282e-01
 2.131e+01 2.7164e-02 2.7164e-02 [ 1.9699e-03 2.2719e-02 2.3828e-03 6.9658e-05 2.2273e-05 ] 9.7284e-01
 2.142e+01 2.7140e-02 2.7140e-02 [ 1.9159e-03 2.2711e-02 2.4125e-03 7.5495e-05 2.5142e-05 ] 9.7286e-01
 2.153e+01 2.7108e-02 2.7108e-02 [ 1.8621e-03 2.2690e-02 2.4426e-03 8.4078e-05 2.9173e-05 ] 9.7289e-01
 2.165e+01 2.7073e-02 2.7073e-02 [ 1.8087e-03 2.2659e-02 2.4741e-03 9.6377e-05 3.4565e-05 ] 9.7293e-01
 2.176e+01 2.7038e-02 2.7038e-02 [ 1.7558e-03 2.2618e-02 2.5083e-03 1.1388e-04 4.1585e-05 ] 9.7296e-01
 2.187e+01 2.7010e-02 2.7010e-02 [ 1.7035e-03 2.2570e-02 2.5473e-03 1.3888e-04 5.0579e-05 ] 9.7299e-01
 2.199e+01 2.7001e-02 2.7001e-02 [ 1.6520e-03 2.2518e-02 2.5944e-03 1.7486e-04 6.1993e-05 ] 9.7300e-01
 2.210e+01 2.7025e-02 2.7025e-02 [ 1.6013e-03 2.2466e-02 2.6548e-03 2.2724e-04 7.6400e-05 ] 9.7297e-01
 2.221e+01 2.7108e-02 2.7108e-02 [ 1.5518e-03 2.2421e-02 2.7369e-03 3.0437e-04 9.4531e-05 ] 9.7289e-01
 2.233e+01 2.7288e-02 2.7288e-02 [ 1.5036e-03 2.2394e-02 2.8536e-03 4.1929e-04 1.1732e-04 ] 9.7271e-01
 2.244e+01 2.7622e-02 2.7622e-02 [ 1.4570e-03 2.2401e-02 3.0255e-03 5.9244e-04 1.4599e-04 ] 9.7238e-01
 2.255e+01 2.8203e-02 2.8203e-02 [ 1.4124e-03 2.2467e-02 3.2852e-03 8.5596e-04 1.8208e-04 ] 9.7180e-01
 2.267e+01 2.9173e-02 2.9173e-02 [ 1.3706e-03 2.2630e-02 3.6841e-03 1.2607e-03 2.2765e-04 ] 9.7083e-01
 2.278e+01 3.0758e-02 3.0758e-02 [ 1.3323e-03 2.2948e-02 4.3043e-03 1.8872e-03 2.8539e-04 ] 9.6924e-01
 2.289e+01 3.3310e-02 3.3310e-02 [ 1.2989e-03 2.3513e-02 5.2757e-03 2.8634e-03 3.5893e-04 ] 9.6669e-01
 2.301e+01 3.7385e-02 3.7385e-02 [ 1.2721e-03 2.4463e-02 6.8047e-03 4.3923e-03 4.5318e-04 ] 9.6261e-01
 2.312e+01 4.3856e-02 4.3856e-02 [ 1.2547e-03 2.6014e-02 9.2172e-03 6.7948e-03 5.7497e-04 ] 9.5614e-01
 2.323e+01 5.4072e-02 5.4072e-02 [ 1.2503e-03 2.8492e-02 1.3023e-02 1.0573e-02 7.3374e-04 ] 9.4593e-01
 2.335e+01 7.0096e-02 7.0096e-02 [ 1.2641e-03 3.2381e-02 1.9006e-02 1.6502e-02 9.4263e-04 ] 9.2990e-01
 2.346e+01 9.4967e-02 9.4967e-02 [ 1.3027e-03 3.8379e-02 2.8332e-02 2.5734e-02 1.2195e-03 ] 9.0503e-01
 2.357e+01 1.3291e-01 1.3291e-01 [ 1.3738e-03 4.7418e-02 4.2638e-02 3.9894e-02 1.5870e-03 ] 8.6709e-01
 2.369e+01 1.8917e-01 1.8917e-01 [ 1.4840e-03 6.0595e-02 6.3987e-02 6.1033e-02 2.0701e-03 ] 8.1083e-01
 2.380e+01 2.6885e-01 2.6885e-01 [ 1.6343e-03 7.8859e-02 9.4446e-02 9.1224e-02 2.6871e-03 ] 7.3115e-01
 2.391e+01 3.7394e-01 3.7394e-01 [ 1.8120e-03 1.0229e-01 1.3496e-01 1.3145e-01 3.4302e-03 ] 6.2606e-01
 2.403e+01 4.9861e-01 4.9861e-01 [ 1.9835e-03 1.2908e-01 1.8353e-01 1.7978e-01 4.2399e-03 ] 5.0139e-01
 2.414e+01 6.2621e-01 6.2621e-01 [ 2.0974e-03 1.5504e-01 2.3395e-01 2.3012e-01 4.9963e-03 ] 3.7379e-01
 2.425e+01 7.3439e-01 7.3439e-01 [ 2.1099e-03 1.7512e-01 2.7763e-01 2.7397e-01 5.5657e-03 ] 2.6561e-01
 2.437e+01 8.0872e-01 8.0872e-01 [ 2.0168e-03 1.8652e-01 3.0876e-01 3.0553e-01 5.8881e-03 ] 1.9128e-01
 2.448e+01 8.5069e-01 8.5069e-01 [ 1.8533e-03 1.9025e-01 3.2761e-01 3.2497e-01 6.0097e-03 ] 1.4931e-01
 2.459e+01 8.7107e-01 8.7107e-01 [ 1.6628e-03 1.8918e-01 3.3806e-01 3.3614e-01 6.0218e-03 ] 1.2893e-01
 2.471e+01 8.7996e-01 8.7996e-01 [ 1.4735e-03 1.8579e-01 3.4393e-01 3.4277e-01 5.9951e-03 ] 1.2004e-01
 2.482e+01 8.8354e-01 8.8354e-01 [ 1.2984e-03 1.8152e-01 3.4756e-01 3.4720e-01 5.9659e-03 ] 1.1646e-01
 2.493e+01 8.8491e-01 8.8491e-01 [ 1.1417e-03 1.7707e-01 3.5014e-01 3.5060e-01 5.9482e-03 ] 1.1509e-01
 2.505e+01 8.8548e-01 8.8548e-01 [ 1.0038e-03 1.7276e-01 3.5223e-01 3.5354e-01 5.9458e-03 ] 1.1452e-01
 2.516e+01 8.8585e-01 8.8585e-01 [ 8.8338e-04 1.6872e-01 3.5404e-01 3.5625e-01 5.9593e-03 ] 1.1415e-01
 2.527e+01 8.8622e-01 8.8622e-01 [ 7.7910e-04 1.6499e-01 3.5567e-01 3.5879e-01 5.9885e-03 ] 1.1378e-01
 2.539e+01 8.8649e-01 8.8649e-01 [ 6.8927e-04 1.6157e-01 3.5707e-01 3.6114e-01 6.0343e-03 ] 1.1351e-01
 2.550e+01 8.8625e-01 8.8625e-01 [ 6.1223e-04 1.5838e-01 3.5807e-01 3.6309e-01 6.0976e-03 ] 1.1375e-01
 2.561e+01 8.8440e-01 8.8440e-01 [ 5.4616e-04 1.5525e-01 3.5823e-01 3.6420e-01 6.1772e-03 ] 1.1560e-01
 2.573e+01 8.7847e-01 8.7847e-01 [ 4.8876e-04 1.5175e-01 3.5654e-01 3.6342e-01 6.2640e-03 ] 1.2153e-01
 2.584e+01 8.6318e-01 8.6318e-01 [ 4.3673e-04 1.4701e-01 3.5086e-01 3.5855e-01 6.3290e-03 ] 1.3682e-01
 2.595e+01 8.2885e-01 8.2885e-01 [ 3.8526e-04 1.3942e-01 3.3725e-01 3.4549e-01 6.3050e-03 ] 1.7115e-01
 2.607e+01 7.6278e-01 7.6278e-01 [ 3.2902e-04 1.2692e-01 3.1053e-01 3.1892e-01 6.0857e-03 ] 2.3722e-01
 2.618e+01 6.5864e-01 6.5864e-01 [ 2.6597e-04 1.0853e-01 2.6816e-01 2.7610e-01 5.5844e-03 ] 3.4136e-01
 2.629e+01 5.2738e-01 5.2738e-01 [ 2.0072e-04 8.6127e-02 2.1464e-01 2.2158e-01 4.8275e-03 ] 4.7262e-01
 2.641e+01 3.9293e-01 3.9293e-01 [ 1.4159e-04 6.3616e-02 1.5978e-01 1.6544e-01 3.9546e-03 ] 6.0708e-01
 2.652e+01 2.7623e-01 2.7623e-01 [ 9.4484e-05 4.4332e-02 1.1215e-01 1.1654e-01 3.1189e-03 ] 7.2377e-01
 2.663e+01 1.8636e-01 1.8636e-01 [ 6.0570e-05 2.9632e-02 7.5486e-02 7.8775e-02 2.4097e-03 ] 8.1364e-01
 2.675e+01 1.2248e-01 1.2248e-01 [ 3.7820e-05 1.9276e-02 4.9440e-02 5.1874e-02 1.8494e-03 ] 8.7752e-01
 2.686e+01 7.9309e-02 7.9309e-02 [ 2.3244e-05 1.2340e-02 3.1862e-02 3.3662e-02 1.4223e-03 ] 9.2069e-01
 2.697e+01 5.1012e-02 5.1012e-02 [ 1.4164e-05 7.8324e-03 2.0361e-02 2.1704e-02 1.1012e-03 ] 9.4899e-01
 2.709e+01 3.2773e-02 3.2773e-02 [ 8.5986e-06 4.9546e-03 1.2967e-02 1.3982e-02 8.5961e-04 ] 9.6723e-01
 2.720e+01 2.1110e-02 2.1110e-02 [ 5.2168e-06 3.1336e-03 8.2574e-03 9.0372e-03 6.7650e-04 ] 9.7889e-01
 2.731e+01 1.3670e-02 1.3670e-02 [ 3.1691e-06 1.9854e-03 5.2683e-03 5.8767e-03 5.3627e-04 ] 9.8633e-01
 2.743e+01 8.9168e-03 8.9168e-03 [ 1.9299e-06 1.2618e-03 3.3717e-03 3.8536e-03 4.2775e-04 ] 9.9108e-01
 2.754e+01 5.8683e-03 5.8683e-03 [ 1.1789e-06 8.0490e-04 2.1662e-03 2.5530e-03 3.4296e-04 ] 9.9413e-01
 2.765e+01 3.9018e-03 3.9018e-03 [ 7.2266e-07 5.1560e-04 1.3977e-03 1.7116e-03 2.7618e-04 ] 9.9610e-01
 2.777e+01 2.6243e-03 2.6243e-03 [ 4.4463e-07 3.3172e-04 9.0590e-04 1.1630e-03 2.2322e-04 ] 9.9738e-01
 2.788e+01 1.7874e-03 1.7874e-03 [ 2.7459e-07 2.1437e-04 5.8982e-04 8.0194e-04 1.8099e-04 ] 9.9821e-01
 2.799e+01 1.2342e-03 1.2342e-03 [ 1.7022e-07 1.3916e-04 3.8579e-04 5.6187e-04 1.4717e-04 ] 9.9877e-01
 2.811e+01 8.6464e-04 8.6464e-04 [ 1.0591e-07 9.0728e-05 2.5348e-04 4.0036e-04 1.1997e-04 ] 9.9914e-01
 2.822e+01 6.1507e-04 6.1507e-04 [ 6.6137e-08 5.9411e-05 1.6729e-04 2.9028e-04 9.8028e-05 ] 9.9938e-01
 2.833e+01 4.4447e-04 4.4447e-04 [ 4.1445e-08 3.9069e-05 1.1089e-04 2.1420e-04 8.0274e-05 ] 9.9956e-01
 2.845e+01 3.2633e-04 3.2633e-04 [ 2.6061e-08 2.5798e-05 7.3815e-05 1.6082e-04 6.5872e-05 ] 9.9967e-01
 2.856e+01 2.4339e-04 2.4339e-04 [ 1.6441e-08 1.7104e-05 4.9341e-05 1.2276e-04 5.4161e-05 ] 9.9976e-01
 2.867e+01 1.8432e-04 1.8432e-04 [ 1.0406e-08 1.1384e-05 3.3115e-05 9.5194e-05 4.4616e-05 ] 9.9982e-01
 2.879e+01 1.4163e-04 1.4163e-04 [ 6.6062e-09 7.6061e-06 2.2313e-05 7.4882e-05 3.6821e-05 ] 9.9986e-01
 2.890e+01 1.1031e-04 1.1031e-04 [ 4.2064e-09 5.1006e-06 1.5091e-05 5.9671e-05 3.0441e-05 ] 9.9989e-01
 2.901e+01 8.6987e-05 8.6987e-05 [ 2.6861e-09 3.4327e-06 1.0245e-05 4.8097e-05 2.5209e-05 ] 9.9991e-01
 2.913e+01 6.9368e-05 6.9368e-05 [ 1.7199e-09 2.3182e-06 6.9799e-06 3.9156e-05 2.0911e-05 ] 9.9993e-01
 2.924e+01 5.5871e-05 5.5871e-05 [ 1.1042e-09 1.5708e-06 4.7721e-06 3.2153e-05 1.7374e-05 ] 9.9994e-01
 2.935e+01 4.5397e-05 4.5397e-05 [ 7.1072e-10 1.0679e-06 3.2736e-06 2.6597e-05 1.4457e-05 ] 9.9995e-01
 2.947e+01 3.7170e-05 3.7170e-05 [ 4.5857e-10 7.2824e-07 2.2531e-06 2.2140e-05 1.2049e-05 ] 9.9996e-01
 2.958e+01 3.0636e-05 3.0636e-05 [ 2.9656e-10 4.9815e-07 1.5556e-06 1.8527e-05 1.0056e-05 ] 9.9997e-01
 2.969e+01 2.5397e-05 2.5397e-05 [ 1.9222e-10 3.4177e-07 1.0774e-06 1.5573e-05 8.4045e-06 ] 9.9997e-01
 2.981e+01 2.1157e-05 2.1157e-05 [ 1.2486e-10 2.3515e-07 7.4841e-07 1.3139e-05 7.0340e-06 ] 9.9998e-01
 2.992e+01 1.7701e-05 1.7701e-05 [ 8.1274e-11 1.6224e-07 5.2139e-07 1.1122e-05 5.8948e-06 ] 9.9998e-01
 3.003e+01 1.4863e-05 1.4863e-05 [ 5.3006e-11 1.1224e-07 3.6425e-07 9.4401e-06 4.9465e-06 ] 9.9999e-01
 3.015e+01 1.2520e-05 1.2520e-05 [ 3.4635e-11 7.7849e-08 2.5517e-07 8.0312e-06 4.1560e-06 ] 9.9999e-01
 3.026e+01 1.0576e-05 1.0576e-05 [ 2.2672e-11 5.4131e-08 1.7922e-07 6.8464e-06 3.4961e-06 ] 9.9999e-01
 3.037e+01 8.9548e-06 8.9548e-06 [ 1.4867e-11 3.7731e-08 1.2620e-07 5.8465e-06 2.9444e-06 ] 9.9999e-01
 3.049e+01 7.5983e-06 7.5983e-06 [ 9.7645e-12 2.6362e-08 8.9088e-08 5.0002e-06 2.4826e-06 ] 9.9999e-01
 3.060e+01 6.4592e-06 6.4592e-06 [ 6.4234e-12 1.8460e-08 6.3039e-08 4.2821e-06 2.0956e-06 ] 9.9999e-01
 3.071e+01 5.4999e-06 5.4999e-06 [ 4.2318e-12 1.2955e-08 4.4710e-08 3.6715e-06 1.7708e-06 ] 9.9999e-01
 3.083e+01 4.6900e-06 4.6900e-06 [ 2.7920e-12 9.1110e-09 3.1781e-08 3.1513e-06 1.4979e-06 ] 1.0000e+00
 3.094e+01 4.0047e-06 4.0047e-06 [ 1.8445e-12 6.4207e-09 2.2640e-08 2.7073e-06 1.2683e-06 ] 1.0000e+00
 3.105e+01 3.4236e-06 3.4236e-06 [ 1.2201e-12 4.5337e-09 1.6162e-08 2.3279e-06 1.0750e-06 ] 1.0000e+00
 3.117e+01 2.9299e-06 2.9299e-06 [ 8.0810e-13 3.2075e-09 1.1562e-08 2.0032e-06 9.1198e-07 ] 1.0000e+00
 3.128e+01 2.5100e-06 2.5100e-06 [ 5.3583e-13 2.2733e-09 8.2867e-09 1.7250e-06 7.7441e-07 ] 1.0000e+00
 3.139e+01 2.1522e-06 2.1522e-06 [ 3.5568e-13 1.6141e-09 5.9508e-09 1.4864e-06 6.5817e-07 ] 1.0000e+00
 3.151e+01 1.8469e-06 1.8469e-06 [ 2.3635e-13 1.1481e-09 4.2812e-09 1.2816e-06 5.5986e-07 ] 1.0000e+00
 3.162e+01 1.5862e-06 1.5862e-06 [ 1.5720e-13 8.1790e-10 3.0855e-09 1.1057e-06 4.7663e-07 ] 1.0000e+00
 3.173e+01 1.3633e-06 1.3633e-06 [ 1.0466e-13 5.8363e-10 2.2276e-09 9.5437e-07 4.0611e-07 ] 1.0000e+00
 3.185e+01 1.1725e-06 1.1725e-06 [ 6.9736e-14 4.1710e-10 1.6110e-09 8.2418e-07 3.4628e-07 ] 1.0000e+00
 3.196e+01 1.0090e-06 1.0090e-06 [ 4.6505e-14 2.9853e-10 1.1669e-09 7.1208e-07 2.9550e-07 ] 1.0000e+00
 3.207e+01 8.6889e-07 8.6889e-07 [ 3.1036e-14 2.1397e-10 8.4655e-10 6.1549e-07 2.5234e-07 ] 1.0000e+00
 3.219e+01 7.4863e-07 7.4863e-07 [ 2.0728e-14 1.5357e-10 6.1508e-10 5.3222e-07 2.1564e-07 ] 1.0000e+00
 3.230e+01 6.4536e-07 6.4536e-07 [ 1.3853e-14 1.1037e-10 4.4755e-10 4.6039e-07 1.8441e-07 ] 1.0000e+00
 3.241e+01 5.5661e-07 5.5661e-07 [ 9.2635e-15 7.9424e-11 3.2612e-10 3.9840e-07 1.5780e-07 ] 1.0000e+00
 3.253e+01 4.8029e-07 4.8029e-07 [ 6.1982e-15 5.7225e-11 2.3796e-10 3.4488e-07 1.3512e-07 ] 1.0000e+00
 3.264e+01 4.1463e-07 4.1463e-07 [ 4.1495e-15 4.1279e-11 1.7387e-10 2.9865e-07 1.1577e-07 ] 1.0000e+00
 3.275e+01 3.5810e-07 3.5810e-07 [ 2.7793e-15 2.9810e-11 1.2720e-10 2.5869e-07 9.9248e-08 ] 1.0000e+00
 3.287e+01 3.0940e-07 3.0940e-07 [ 1.8624e-15 2.1552e-11 9.3176e-11 2.2415e-07 8.5134e-08 ] 1.0000e+00
 3.298e+01 2.6743e-07 2.6743e-07 [ 1.2485e-15 1.5597e-11 6.8338e-11 1.9427e-07 7.3069e-08 ] 1.0000e+00
 3.309e+01 2.3123e-07 2.3123e-07 [ 8.3725e-16 1.1300e-11 5.0181e-11 1.6842e-07 6.2748e-08 ] 1.0000e+00
 3.321e+01 2.0001e-07 2.0001e-07 [ 5.6166e-16 8.1940e-12 3.6891e-11 1.4605e-07 5.3912e-08 ] 1.0000e+00
 3.332e+01 1.7306e-07 1.7306e-07 [ 3.7690e-16 5.9474e-12 2.7153e-11 1.2668e-07 4.6344e-08 ] 1.0000e+00
 3.343e+01 1.4979e-07 1.4979e-07 [ 2.5299e-16 4.3207e-12 2.0008e-11 1.0990e-07 3.9858e-08 ] 1.0000e+00
 3.355e+01 1.2969e-07 1.2969e-07 [ 1.6985e-16 3.1416e-12 1.4759e-11 9.5371e-08 3.4296e-08 ] 1.0000e+00
 3.366e+01 1.1231e-07 1.1231e-07 [ 1.1406e-16 2.2862e-12 1.0900e-11 8.2777e-08 2.9524e-08 ] 1.0000e+00
 3.377e+01 9.7297e-08 9.7297e-08 [ 7.6604e-17 1.6650e-12 8.0593e-12 7.1860e-08 2.5426e-08 ] 1.0000e+00
 3.389e+01 8.4310e-08 8.4310e-08 [ 5.1457e-17 1.2135e-12 5.9656e-12 6.2395e-08 2.1907e-08 ] 1.0000e+00
 3.400e+01 7.3075e-08 7.3075e-08 [ 3.4569e-17 8.8509e-13 4.4210e-12 5.4187e-08 1.8883e-08 ] 1.0000e+00
 3.411e+01 6.3352e-08 6.3352e-08 [ 2.3225e-17 6.4600e-13 3.2804e-12 4.7066e-08 1.6282e-08 ] 1.0000e+00
 3.423e+01 5.4936e-08 5.4936e-08 [ 1.5605e-17 4.7181e-13 2.4371e-12 4.0888e-08 1.4045e-08 ] 1.0000e+00
 3.434e+01 4.7649e-08 4.7649e-08 [ 1.0485e-17 3.4481e-13 1.8130e-12 3.5526e-08 1.2120e-08 ] 1.0000e+00
 3.445e+01 4.1336e-08 4.1336e-08 [ 7.0451e-18 2.5214e-13 1.3506e-12 3.0872e-08 1.0463e-08 ] 1.0000e+00
 3.457e+01 3.5868e-08 3.5868e-08 [ 4.7336e-18 1.8449e-13 1.0077e-12 2.6832e-08 9.0350e-09 ] 1.0000e+00
 3.468e+01 3.1129e-08 3.1129e-08 [ 3.1803e-18 1.3506e-13 7.5310e-13 2.3323e-08 7.8047e-09 ] 1.0000e+00
 3.479e+01 2.7021e-08 2.7021e-08 [ 2.1366e-18 9.8932e-14 5.6385e-13 2.0276e-08 6.7441e-09 ] 1.0000e+00
 3.491e+01 2.3459e-08 2.3459e-08 [ 1.4353e-18 7.2502e-14 4.2301e-13 1.7629e-08 5.8295e-09 ] 1.0000e+00
 3.502e+01 2.0370e-08 2.0370e-08 [ 9.6409e-19 5.3159e-14 3.1806e-13 1.5330e-08 5.0404e-09 ] 1.0000e+00
 3.513e+01 1.7691e-08 1.7691e-08 [ 6.4749e-19 3.8994e-14 2.3975e-13 1.3332e-08 4.3593e-09 ] 1.0000e+00
 3.525e+01 1.5367e-08 1.5367e-08 [ 4.3479e-19 2.8616e-14 1.8123e-13 1.1595e-08 3.7714e-09 ] 1.0000e+00
 3.536e+01 1.3350e-08 1.3350e-08 [ 2.9191e-19 2.1008e-14 1.3743e-13 1.0086e-08 3.2636e-09 ] 1.0000e+00
 3.547e+01 1.1599e-08 1.1599e-08 [ 1.9595e-19 1.5429e-14 1.0458e-13 8.7739e-09 2.8249e-09 ] 1.0000e+00
 3.559e+01 1.0079e-08 1.0079e-08 [ 1.3150e-19 1.1336e-14 7.9904e-14 7.6333e-09 2.4458e-09 ] 1.0000e+00
 3.570e+01 8.7598e-09 8.7598e-09 [ 8.8236e-20 8.3318e-15 6.1320e-14 6.6416e-09 2.1181e-09 ] 1.0000e+00
 3.581e+01 7.6140e-09 7.6140e-09 [ 5.9189e-20 6.1257e-15 4.7290e-14 5.7792e-09 1.8348e-09 ] 1.0000e+00
 3.593e+01 6.6189e-09 6.6189e-09 [ 3.9695e-20 4.5051e-15 3.6668e-14 5.0292e-09 1.5897e-09 ] 1.0000e+00
 3.604e+01 5.7545e-09 5.7545e-09 [ 2.6613e-20 3.3143e-15 2.8600e-14 4.3768e-09 1.3776e-09 ] 1.0000e+00
 3.615e+01 5.0035e-09 5.0035e-09 [ 1.7838e-20 2.4389e-15 2.2451e-14 3.8094e-09 1.1941e-09 ] 1.0000e+00
 3.627e+01 4.3510e-09 4.3510e-09 [ 1.1952e-20 1.7952e-15 1.7745e-14 3.3157e-09 1.0352e-09 ] 1.0000e+00
 3.638e+01 3.7839e-09 3.7839e-09 [ 8.0063e-21 1.3217e-15 1.4127e-14 2.8862e-09 8.9766e-10 ] 1.0000e+00
 3.649e+01 3.2911e-09 3.2911e-09 [ 5.3612e-21 9.7331e-16 1.1332e-14 2.5125e-09 7.7853e-10 ] 1.0000e+00
 3.661e+01 2.8627e-09 2.8627e-09 [ 3.5888e-21 7.1691e-16 9.1600e-15 2.1873e-09 6.7534e-10 ] 1.0000e+00
 3.672e+01 2.4903e-09 2.4903e-09 [ 2.4015e-21 5.2816e-16 7.4624e-15 1.9043e-09 5.8592e-10 ] 1.0000e+00
 3.683e+01 2.1665e-09 2.1665e-09 [ 1.6064e-21 3.8918e-16 6.1268e-15 1.6581e-09 5.0843e-10 ] 1.0000e+00
 3.695e+01 1.8850e-09 1.8850e-09 [ 1.0741e-21 2.8682e-16 5.0687e-15 1.4437e-09 4.4126e-10 ] 1.0000e+00
 3.706e+01 1.6401e-09 1.6401e-09 [ 7.1794e-22 2.1142e-16 4.2242e-15 1.2571e-09 3.8303e-10 ] 1.0000e+00
 3.717e+01 1.4272e-09 1.4272e-09 [ 4.7968e-22 1.5586e-16 3.5449e-15 1.0947e-09 3.3253e-10 ] 1.0000e+00
 3.729e+01 1.2420e-09 1.2420e-09 [ 3.2035e-22 1.1492e-16 2.9944e-15 9.5330e-10 2.8873e-10 ] 1.0000e+00
 3.740e+01 1.0809e-09 1.0809e-09 [ 2.1386e-22 8.4739e-17 2.5446e-15 8.3020e-10 2.5073e-10 ] 1.0000e+00
 3.751e+01 9.4080e-10 9.4080e-10 [ 1.4271e-22 6.2493e-17 2.1743e-15 7.2303e-10 2.1777e-10 ] 1.0000e+00
 3.763e+01 8.1888e-10 8.1888e-10 [ 9.5183e-23 4.6092e-17 1.8670e-15 6.2972e-10 1.8916e-10 ] 1.0000e+00
 3.774e+01 7.1280e-10 7.1280e-10 [ 6.3458e-23 3.3999e-17 1.6102e-15 5.4847e-10 1.6433e-10 ] 1.0000e+00
 3.785e+01 6.2050e-10 6.2050e-10 [ 4.2287e-23 2.5080e-17 1.3941e-15 4.7772e-10 1.4278e-10 ] 1.0000e+00
 3.797e+01 5.4018e-10 5.4018e-10 [ 2.8166e-23 1.8502e-17 1.2110e-15 4.1611e-10 1.2407e-10 ] 1.0000e+00
 3.808e+01 4.7028e-10 4.7028e-10 [ 1.8752e-23 1.3650e-17 1.0550e-15 3.6246e-10 1.0783e-10 ] 1.0000e+00
 3.819e+01 4.0945e-10 4.0945e-10 [ 1.2478e-23 1.0071e-17 9.2135e-16 3.1573e-10 9.3716e-11 ] 1.0000e+00
 3.831e+01 3.5650e-10 3.5650e-10 [ 8.2993e-24 7.4311e-18 8.0630e-16 2.7504e-10 8.1462e-11 ] 1.0000e+00
 3.842e+01 3.1041e-10 3.1041e-10 [ 5.5172e-24 5.4831e-18 7.0683e-16 2.3960e-10 7.0817e-11 ] 1.0000e+00
 3.853e+01 2.7030e-10 2.7030e-10 [ 3.6658e-24 4.0459e-18 6.2052e-16 2.0873e-10 6.1570e-11 ] 1.0000e+00
 3.865e+01 2.3537e-10 2.3537e-10 [ 2.4345e-24 2.9854e-18 5.4538e-16 1.8184e-10 5.3535e-11 ] 1.0000e+00
 3.876e+01 2.0497e-10 2.0497e-10 [ 1.6159e-24 2.2029e-18 4.7979e-16 1.5842e-10 4.6552e-11 ] 1.0000e+00
 3.887e+01 1.7850e-10 1.7850e-10 [ 1.0720e-24 1.6255e-18 4.2240e-16 1.3802e-10 4.0484e-11 ] 1.0000e+00
 3.899e+01 1.5546e-10 1.5546e-10 [ 7.1079e-25 1.1995e-18 3.7209e-16 1.2025e-10 3.5210e-11 ] 1.0000e+00
 3.910e+01 1.3539e-10 1.3539e-10 [ 4.7104e-25 8.8507e-19 3.2790e-16 1.0477e-10 3.0626e-11 ] 1.0000e+00
 3.921e+01 1.1792e-10 1.1792e-10 [ 3.1199e-25 6.5307e-19 2.8905e-16 9.1280e-11 2.6640e-11 ] 1.0000e+00
 3.933e+01 1.0271e-10 1.0271e-10 [ 2.0653e-25 4.8187e-19 2.5485e-16 7.9531e-11 2.3175e-11 ] 1.0000e+00
 3.944e+01 8.9459e-11 8.9459e-11 [ 1.3664e-25 3.5554e-19 2.2473e-16 6.9296e-11 2.0162e-11 ] 1.0000e+00
 3.955e+01 7.7922e-11 7.7922e-11 [ 9.0352e-26 2.6232e-19 1.9817e-16 6.0380e-11 1.7542e-11 ] 1.0000e+00
 3.967e+01 6.7875e-11 6.7875e-11 [ 5.9710e-26 1.9353e-19 1.7474e-16 5.2611e-11 1.5264e-11 ] 1.0000e+00
 3.978e+01 5.9125e-11 5.9125e-11 [ 3.9438e-26 1.4278e-19 1.5407e-16 4.5843e-11 1.3282e-11 ] 1.0000e+00
 3.989e+01 5.1504e-11 5.1504e-11 [ 2.6034e-26 1.0533e-19 1.3583e-16 3.9945e-11 1.1558e-11 ] 1.0000e+00
 4.001e+01 4.4867e-11 4.4867e-11 [ 1.7175e-26 7.7699e-20 1.1973e-16 3.4807e-11 1.0059e-11 ] 1.0000e+00
 4.012e+01 3.9085e-11 3.9085e-11 [ 1.1324e-26 5.7315e-20 1.0552e-16 3.0331e-11 8.7546e-12 ] 1.0000e+00
 4.023e+01 3.4050e-11 3.4050e-11 [ 7.4623e-27 4.2276e-20 9.2971e-17 2.6430e-11 7.6198e-12 ] 1.0000e+00
 4.035e+01 2.9664e-11 2.9664e-11 [ 4.9145e-27 3.1182e-20 8.1898e-17 2.3031e-11 6.6324e-12 ] 1.0000e+00
 4.046e+01 2.5843e-11 2.5843e-11 [ 3.2346e-27 2.2998e-20 7.2126e-17 2.0070e-11 5.7733e-12 ] 1.0000e+00
 4.057e+01 2.2515e-11 2.2515e-11 [ 2.1277e-27 1.6961e-20 6.3504e-17 1.7490e-11 5.0258e-12 ] 1.0000e+00
 4.069e+01 1.9616e-11 1.9616e-11 [ 1.3987e-27 1.2509e-20 5.5897e-17 1.5241e-11 4.3752e-12 ] 1.0000e+00
 4.080e+01 1.7091e-11 1.7091e-11 [ 9.1897e-28 9.2246e-21 4.9188e-17 1.3282e-11 3.8090e-12 ] 1.0000e+00
 4.091e+01 1.4891e-11 1.4891e-11 [ 6.0340e-28 6.8026e-21 4.3272e-17 1.1574e-11 3.3163e-12 ] 1.0000e+00
 4.103e+01 1.2974e-11 1.2974e-11 [ 3.9595e-28 5.0165e-21 3.8057e-17 1.0087e-11 2.8874e-12 ] 1.0000e+00
 4.114e+01 1.1304e-11 1.1304e-11 [ 2.5966e-28 3.6994e-21 3.3461e-17 8.7902e-12 2.5141e-12 ] 1.0000e+00
 4.125e+01 9.8496e-12 9.8496e-12 [ 1.7018e-28 2.7281e-21 2.9411e-17 7.6605e-12 2.1891e-12 ] 1.0000e+00
 4.137e+01 8.5822e-12 8.5822e-12 [ 1.1147e-28 2.0119e-21 2.5844e-17 6.6760e-12 1.9062e-12 ] 1.0000e+00
 4.148e+01 7.4780e-12 7.4780e-12 [ 7.2963e-29 1.4838e-21 2.2703e-17 5.8180e-12 1.6599e-12 ] 1.0000e+00
 4.159e+01 6.5159e-12 6.5159e-12 [ 4.7731e-29 1.0944e-21 1.9938e-17 5.0704e-12 1.4455e-12 ] 1.0000e+00
 4.171e+01 5.6777e-12 5.6777e-12 [ 3.1204e-29 8.0734e-22 1.7505e-17 4.4188e-12 1.2589e-12 ] 1.0000e+00
 4.182e+01 4.9474e-12 4.9474e-12 [ 2.0387e-29 5.9565e-22 1.5365e-17 3.8510e-12 1.0964e-12 ] 1.0000e+00
 4.193e+01 4.3111e-12 4.3111e-12 [ 1.3312e-29 4.3955e-22 1.3482e-17 3.3562e-12 9.5485e-13 ] 1.0000e+00
 4.205e+01 3.7566e-12 3.7566e-12 [ 8.6862e-30 3.2445e-22 1.1827e-17 2.9250e-12 8.3162e-13 ] 1.0000e+00
 4.216e+01 3.2735e-12 3.2735e-12 [ 5.6644e-30 2.3956e-22 1.0372e-17 2.5492e-12 7.2433e-13 ] 1.0000e+00
 4.227e+01 2.8526e-12 2.8526e-12 [ 3.6915e-30 1.7696e-22 9.0942e-18 2.2217e-12 6.3089e-13 ] 1.0000e+00
 4.239e+01 2.4858e-12 2.4858e-12 [ 2.4042e-30 1.3077e-22 7.9714e-18 1.9363e-12 5.4952e-13 ] 1.0000e+00
 4.250e+01 2.1662e-12 2.1662e-12 [ 1.5648e-30 9.6698e-23 6.9854e-18 1.6875e-12 4.7866e-13 ] 1.0000e+00
 4.261e+01 1.8877e-12 1.8877e-12 [ 1.0178e-30 7.1550e-23 6.1198e-18 1.4707e-12 4.1695e-13 ] 1.0000e+00
 4.273e+01 1.6450e-12 1.6450e-12 [ 6.6159e-31 5.2985e-23 5.3602e-18 1.2818e-12 3.6320e-13 ] 1.0000e+00
 4.284e+01 1.4335e-12 1.4335e-12 [ 4.2977e-31 3.9274e-23 4.6936e-18 1.1171e-12 3.1639e-13 ] 1.0000e+00
 4.295e+01 1.2492e-12 1.2492e-12 [ 2.7900e-31 2.9143e-23 4.1090e-18 9.7363e-13 2.7561e-13 ] 1.0000e+00
 4.307e+01 1.0887e-12 1.0887e-12 [ 1.8100e-31 2.1653e-23 3.5963e-18 8.4856e-13 2.4010e-13 ] 1.0000e+00
 4.318e+01 9.4874e-13 9.4874e-13 [ 1.1735e-31 1.6112e-23 3.1468e-18 7.3956e-13 2.0917e-13 ] 1.0000e+00
 4.329e+01 8.2679e-13 8.2679e-13 [ 7.6033e-32 1.2009e-23 2.7529e-18 6.4457e-13 1.8222e-13 ] 1.0000e+00
 4.341e+01 7.2053e-13 7.2053e-13 [ 4.9231e-32 8.9685e-24 2.4078e-18 5.6178e-13 1.5875e-13 ] 1.0000e+00
 4.352e+01 6.2793e-13 6.2793e-13 [ 3.1855e-32 6.7123e-24 2.1054e-18 4.8962e-13 1.3831e-13 ] 1.0000e+00
 4.363e+01 5.4723e-13 5.4723e-13 [ 2.0599e-32 5.0362e-24 1.8406e-18 4.2673e-13 1.2050e-13 ] 1.0000e+00
 4.375e+01 4.7691e-13 4.7691e-13 [ 1.3311e-32 3.7891e-24 1.6088e-18 3.7192e-13 1.0498e-13 ] 1.0000e+00
 4.386e+01 4.1562e-13 4.1562e-13 [ 8.5964e-33 2.8596e-24 1.4059e-18 3.2415e-13 9.1469e-14 ] 1.0000e+00
 4.397e+01 3.6221e-13 3.6221e-13 [ 5.5478e-33 2.1654e-24 1.2283e-18 2.8252e-13 7.9695e-14 ] 1.0000e+00
 4.409e+01 3.1567e-13 3.1567e-13 [ 3.5780e-33 1.6458e-24 1.0729e-18 2.4623e-13 6.9437e-14 ] 1.0000e+00
 4.420e+01 2.7511e-13 2.7511e-13 [ 2.3060e-33 1.2560e-24 9.3700e-19 2.1461e-13 6.0500e-14 ] 1.0000e+00
 4.431e+01 2.3976e-13 2.3976e-13 [ 1.4853e-33 9.6261e-25 8.1815e-19 1.8704e-13 5.2715e-14 ] 1.0000e+00
 4.443e+01 2.0895e-13 2.0895e-13 [ 9.5601e-34 7.4116e-25 7.1423e-19 1.6302e-13 4.5932e-14 ] 1.0000e+00
 4.454e+01 1.8210e-13 1.8210e-13 [ 6.1493e-34 5.7342e-25 6.2340e-19 1.4208e-13 4.0022e-14 ] 1.0000e+00
 4.465e+01 1.5871e-13 1.5871e-13 [ 3.9528e-34 4.4588e-25 5.4401e-19 1.2383e-13 3.4873e-14 ] 1.0000e+00
 4.477e+01 1.3832e-13 1.3832e-13 [ 2.5392e-34 3.4850e-25 4.7465e-19 1.0793e-13 3.0386e-14 ] 1.0000e+00
 4.488e+01 1.2055e-13 1.2055e-13 [ 1.6300e-34 2.7383e-25 4.1406e-19 9.4067e-14 2.6478e-14 ] 1.0000e+00
 4.499e+01 1.0506e-13 1.0506e-13 [ 1.0457e-34 2.1630e-25 3.6114e-19 8.1986e-14 2.3072e-14 ] 1.0000e+00
 4.511e+01 9.1561e-14 9.1561e-14 [ 6.7036e-35 1.7176e-25 3.1492e-19 7.1456e-14 2.0104e-14 ] 1.0000e+00
 4.522e+01 7.9797e-14 7.9797e-14 [ 4.2947e-35 1.3710e-25 2.7458e-19 6.2278e-14 1.7519e-14 ] 1.0000e+00
 4.533e+01 6.9546e-14 6.9546e-14 [ 2.7496e-35 1.0998e-25 2.3936e-19 5.4280e-14 1.5266e-14 ] 1.0000e+00
 4.545e+01 6.0611e-14 6.0611e-14 [ 1.7592e-35 8.8656e-26 2.0862e-19 4.7308e-14 1.3303e-14 ] 1.0000e+00
 4.556e+01 5.2824e-14 5.2824e-14 [ 1.1248e-35 7.1792e-26 1.8180e-19 4.1232e-14 1.1592e-14 ] 1.0000e+00
 4.567e+01 4.6038e-14 4.6038e-14 [ 7.1867e-36 5.8385e-26 1.5841e-19 3.5936e-14 1.0102e-14 ] 1.0000e+00
 4.579e+01 4.0124e-14 4.0124e-14 [ 4.5888e-36 4.7672e-26 1.3800e-19 3.1321e-14 8.8028e-15 ] 1.0000e+00
 4.590e+01 3.4969e-14 3.4969e-14 [ 2.9280e-36 3.9068e-26 1.2020e-19 2.7298e-14 7.6710e-15 ] 1.0000e+00
 4.601e+01 3.0477e-14 3.0477e-14 [ 1.8671e-36 3.2124e-26 1.0468e-19 2.3792e-14 6.6848e-15 ] 1.0000e+00
 4.613e+01 2.6561e-14 2.6561e-14 [ 1.1897e-36 2.6494e-26 9.1154e-20 2.0736e-14 5.8254e-15 ] 1.0000e+00
 4.624e+01 2.3149e-14 2.3149e-14 [ 7.5762e-37 2.1910e-26 7.9362e-20 1.8072e-14 5.0765e-15 ] 1.0000e+00
 4.635e+01 2.0175e-14 2.0175e-14 [ 4.8213e-37 1.8162e-26 6.9085e-20 1.5751e-14 4.4240e-15 ] 1.0000e+00
 4.647e+01 1.7583e-14 1.7583e-14 [ 3.0661e-37 1.5088e-26 6.0130e-20 1.3728e-14 3.8553e-15 ] 1.0000e+00
 4.658e+01 1.5324e-14 1.5324e-14 [ 1.9485e-37 1.2557e-26 5.2329e-20 1.1965e-14 3.3597e-15 ] 1.0000e+00
 4.669e+01 1.3356e-14 1.3356e-14 [ 1.2375e-37 1.0467e-26 4.5533e-20 1.0428e-14 2.9279e-15 ] 1.0000e+00
 4.681e+01 1.1640e-14 1.1640e-14 [ 7.8537e-38 8.7366e-27 3.9614e-20 9.0882e-15 2.5516e-15 ] 1.0000e+00
 4.692e+01 1.0144e-14 1.0144e-14 [ 4.9810e-38 7.3010e-27 3.4459e-20 7.9208e-15 2.2236e-15 ] 1.0000e+00
 4.703e+01 8.8412e-15 8.8412e-15 [ 3.1570e-38 6.1071e-27 2.9971e-20 6.9033e-15 1.9378e-15 ] 1.0000e+00
 4.715e+01 7.7053e-15 7.7053e-15 [ 1.9996e-38 5.1126e-27 2.6065e-20 6.0165e-15 1.6888e-15 ] 1.0000e+00
 4.726e+01 6.7154e-15 6.7154e-15 [ 1.2656e-38 4.2829e-27 2.2664e-20 5.2436e-15 1.4717e-15 ] 1.0000e+00
 4.737e+01 5.8526e-15 5.8526e-15 [ 8.0054e-39 3.5897e-27 1.9704e-20 4.5700e-15 1.2826e-15 ] 1.0000e+00
 4.749e+01 5.1007e-15 5.1007e-15 [ 5.0602e-39 3.0099e-27 1.7129e-20 3.9829e-15 1.1178e-15 ] 1.0000e+00
 4.760e+01 4.4453e-15 4.4453e-15 [ 3.1964e-39 2.5246e-27 1.4888e-20 3.4712e-15 9.7411e-16 ] 1.0000e+00
 4.771e+01 3.8742e-15 3.8742e-15 [ 2.0177e-39 2.1179e-27 1.2939e-20 3.0253e-15 8.4893e-16 ] 1.0000e+00
 4.783e+01 3.3764e-15 3.3764e-15 [ 1.2728e-39 1.7770e-27 1.1244e-20 2.6366e-15 7.3983e-16 ] 1.0000e+00
 4.794e+01 2.9426e-15 2.9426e-15 [ 8.0240e-40 1.4911e-27 9.7690e-21 2.2978e-15 6.4476e-16 ] 1.0000e+00
 4.805e+01 2.5645e-15 2.5645e-15 [ 5.0550e-40 1.2512e-27 8.4868e-21 2.0026e-15 5.6190e-16 ] 1.0000e+00
 4.817e+01 2.2350e-15 2.2350e-15 [ 3.1824e-40 1.0499e-27 7.3719e-21 1.7453e-15 4.8969e-16 ] 1.0000e+00
 4.828e+01 1.9478e-15 1.9478e-15 [ 2.0022e-40 8.8085e-28 6.4027e-21 1.5211e-15 4.2677e-16 ] 1.0000e+00
 4.839e+01 1.6975e-15 1.6975e-15 [ 1.2588e-40 7.3894e-28 5.5603e-21 1.3256e-15 3.7192e-16 ] 1.0000e+00
 4.851e+01 1.4794e-15 1.4794e-15 [ 7.9094e-41 6.1980e-28 4.8281e-21 1.1553e-15 3.2413e-16 ] 1.0000e+00
 4.862e+01 1.2893e-15 1.2893e-15 [ 4.9663e-41 5.1977e-28 4.1918e-21 1.0068e-15 2.8248e-16 ] 1.0000e+00
 4.873e+01 1.1236e-15 1.1236e-15 [ 3.1163e-41 4.3580e-28 3.6389e-21 8.7744e-16 2.4618e-16 ] 1.0000e+00
 4.885e+01 9.7923e-16 9.7923e-16 [ 1.9541e-41 3.6530e-28 3.1586e-21 7.6468e-16 2.1454e-16 ] 1.0000e+00
 4.896e+01 8.5339e-16 8.5339e-16 [ 1.2246e-41 3.0613e-28 2.7413e-21 6.6641e-16 1.8697e-16 ] 1.0000e+00
 4.907e+01 7.4372e-16 7.4372e-16 [ 7.6690e-42 2.5648e-28 2.3789e-21 5.8077e-16 1.6295e-16 ] 1.0000e+00
 4.919e+01 6.4814e-16 6.4814e-16 [ 4.7997e-42 2.1482e-28 2.0642e-21 5.0613e-16 1.4201e-16 ] 1.0000e+00
 4.930e+01 5.6484e-16 5.6484e-16 [ 3.0020e-42 1.7987e-28 1.7908e-21 4.4108e-16 1.2376e-16 ] 1.0000e+00
 4.941e+01 4.9224e-16 4.9224e-16 [ 1.8764e-42 1.5057e-28 1.5535e-21 3.8439e-16 1.0785e-16 ] 1.0000e+00
 4.953e+01 4.2898e-16 4.2898e-16 [ 1.1722e-42 1.2600e-28 1.3475e-21 3.3498e-16 9.3994e-17 ] 1.0000e+00
 4.964e+01 3.7384e-16 3.7384e-16 [ 7.3176e-43 1.0540e-28 1.1687e-21 2.9192e-16 8.1915e-17 ] 1.0000e+00
 4.975e+01 3.2579e-16 3.2579e-16 [ 4.5655e-43 8.8145e-29 1.0135e-21 2.5440e-16 7.1388e-17 ] 1.0000e+00
 4.987e+01 2.8391e-16 2.8391e-16 [ 2.8468e-43 7.3690e-29 8.7877e-22 2.2169e-16 6.2214e-17 ] 1.0000e+00
 4.998e+01 2.4741e-16 2.4741e-16 [ 1.7740e-43 6.1584e-29 7.6188e-22 1.9319e-16 5.4218e-17 ] 1.0000e+00
 5.009e+01 2.1561e-16 2.1561e-16 [ 1.1049e-43 5.1450e-29 6.6047e-22 1.6836e-16 4.7250e-17 ] 1.0000e+00
 5.021e+01 1.8789e-16 1.8789e-16 [ 6.8775e-44 4.2969e-29 5.7249e-22 1.4671e-16 4.1178e-17 ] 1.0000e+00
 5.032e+01 1.6374e-16 1.6374e-16 [ 4.2787e-44 3.5874e-29 4.9617e-22 1.2785e-16 3.5886e-17 ] 1.0000e+00
 5.043e+01 1.4269e-16 1.4269e-16 [ 2.6605e-44 2.9940e-29 4.2997e-22 1.1141e-16 3.1273e-17 ] 1.0000e+00
 5.055e+01 1.2434e-16 1.2434e-16 [ 1.6535e-44 2.4979e-29 3.7257e-22 9.7086e-17 2.7254e-17 ] 1.0000e+00
 5.066e+01 1.0835e-16 1.0835e-16 [ 1.0272e-44 2.0833e-29 3.2279e-22 8.4602e-17 2.3751e-17 ] 1.0000e+00
 5.077e+01 9.4421e-17 9.4421e-17 [ 6.3782e-45 1.7369e-29 2.7963e-22 7.3722e-17 2.0698e-17 ] 1.0000e+00
 5.089e+01 8.2280e-17 8.2280e-17 [ 3.9589e-45 1.4476e-29 2.4222e-22 6.4242e-17 1.8038e-17 ] 1.0000e+00
 5.100e+01 7.1699e-17 7.1699e-17 [ 2.4563e-45 1.2061e-29 2.0978e-22 5.5980e-17 1.5719e-17 ] 1.0000e+00
 5.111e+01 6.2479e-17 6.2479e-17 [ 1.5236e-45 1.0045e-29 1.8167e-22 4.8780e-17 1.3699e-17 ] 1.0000e+00
 5.123e+01 5.4444e-17 5.4444e-17 [ 9.4476e-46 8.3630e-30 1.5731e-22 4.2506e-17 1.1938e-17 ] 1.0000e+00
 5.134e+01 4.7442e-17 4.7442e-17 [ 5.8572e-46 6.9604e-30 1.3620e-22 3.7039e-17 1.0403e-17 ] 1.0000e+00
 5.145e+01 4.1340e-17 4.1340e-17 [ 3.6308e-46 5.7909e-30 1.1791e-22 3.2274e-17 9.0658e-18 ] 1.0000e+00
 5.157e+01 3.6023e-17 3.6023e-17 [ 2.2505e-46 4.8163e-30 1.0206e-22 2.8122e-17 7.9003e-18 ] 1.0000e+00
 5.168e+01 3.1389e-17 3.1389e-17 [ 1.3950e-46 4.0043e-30 8.8334e-23 2.4504e-17 6.8846e-18 ] 1.0000e+00
 5.179e+01 2.7351e-17 2.7351e-17 [ 8.6476e-47 3.3281e-30 7.6445e-23 2.1352e-17 5.9995e-18 ] 1.0000e+00
 5.191e+01 2.3833e-17 2.3833e-17 [ 5.3619e-47 2.7651e-30 6.6148e-23 1.8605e-17 5.2281e-18 ] 1.0000e+00
 5.202e+01 2.0767e-17 2.0767e-17 [ 3.3258e-47 2.2965e-30 5.7232e-23 1.6211e-17 4.5559e-18 ] 1.0000e+00
 5.213e+01 1.8095e-17 1.8095e-17 [ 2.0638e-47 1.9067e-30 4.9512e-23 1.4125e-17 3.9701e-18 ] 1.0000e+00
 5.225e+01 1.5767e-17 1.5767e-17 [ 1.2815e-47 1.5825e-30 4.2828e-23 1.2307e-17 3.4596e-18 ] 1.0000e+00
 5.236e+01 1.3738e-17 1.3738e-17 [ 7.9631e-48 1.3130e-30 3.7042e-23 1.0723e-17 3.0148e-18 ] 1.0000e+00
 5.247e+01 1.1970e-17 1.1970e-17 [ 4.9531e-48 1.0890e-30 3.2035e-23 9.3430e-18 2.6271e-18 ] 1.0000e+00
 5.259e+01 1.0430e-17 1.0430e-17 [ 3.0843e-48 9.0286e-31 2.7701e-23 8.1405e-18 2.2892e-18 ] 1.0000e+00
 5.270e+01 9.0875e-18 9.0875e-18 [ 1.9233e-48 7.4831e-31 2.3950e-23 7.0926e-18 1.9948e-18 ] 1.0000e+00
 5.281e+01 7.9179e-18 7.9179e-18 [ 1.2011e-48 6.2000e-31 2.0705e-23 6.1796e-18 1.7383e-18 ] 1.0000e+00
 5.293e+01 6.8987e-18 6.8987e-18 [ 7.5151e-49 5.1351e-31 1.7898e-23 5.3840e-18 1.5147e-18 ] 1.0000e+00
 5.304e+01 6.0107e-18 6.0107e-18 [ 4.7116e-49 4.2517e-31 1.5469e-23 4.6908e-18 1.3199e-18 ] 1.0000e+00
 5.315e+01 5.2370e-18 5.2370e-18 [ 2.9608e-49 3.5191e-31 1.3368e-23 4.0868e-18 1.1501e-18 ] 1.0000e+00
 5.327e+01 4.5628e-18 4.5628e-18 [ 1.8654e-49 2.9117e-31 1.1552e-23 3.5606e-18 1.0021e-18 ] 1.0000e+00
 5.338e+01 3.9753e-18 3.9753e-18 [ 1.1785e-49 2.4083e-31 9.9805e-24 3.1021e-18 8.7323e-19 ] 1.0000e+00
 5.349e+01 3.4635e-18 3.4635e-18 [ 7.4689e-50 1.9912e-31 8.6221e-24 2.7026e-18 7.6089e-19 ] 1.0000e+00
 5.361e+01 3.0175e-18 3.0175e-18 [ 4.7491e-50 1.6458e-31 7.4477e-24 2.3545e-18 6.6299e-19 ] 1.0000e+00
 5.372e+01 2.6289e-18 2.6289e-18 [ 3.0304e-50 1.3599e-31 6.4325e-24 2.0512e-18 5.7769e-19 ] 1.0000e+00
 5.383e+01 2.2903e-18 2.2903e-18 [ 1.9409e-50 1.1233e-31 5.5550e-24 1.7870e-18 5.0336e-19 ] 1.0000e+00
 5.395e+01 1.9953e-18 1.9953e-18 [ 1.2480e-50 9.2747e-32 4.7966e-24 1.5567e-18 4.3859e-19 ] 1.0000e+00
 5.406e+01 1.7383e-18 1.7383e-18 [ 8.0570e-51 7.6555e-32 4.1413e-24 1.3562e-18 3.8215e-19 ] 1.0000e+00
 5.417e+01 1.5144e-18 1.5144e-18 [ 5.2229e-51 6.3169e-32 3.5751e-24 1.1814e-18 3.3297e-19 ] 1.0000e+00
 5.429e+01 1.3193e-18 1.3193e-18 [ 3.3999e-51 5.2105e-32 3.0859e-24 1.0292e-18 2.9011e-19 ] 1.0000e+00
 5.440e+01 1.1493e-18 1.1493e-18 [ 2.2223e-51 4.2965e-32 2.6633e-24 8.9655e-19 2.5277e-19 ] 1.0000e+00
 5.451e+01 1.0012e-18 1.0012e-18 [ 1.4586e-51 3.5416e-32 2.2983e-24 7.8099e-19 2.2024e-19 ] 1.0000e+00
 5.463e+01 8.7221e-19 8.7221e-19 [ 9.6119e-52 2.9183e-32 1.9831e-24 6.8032e-19 1.9189e-19 ] 1.0000e+00
 5.474e+01 7.5981e-19 7.5981e-19 [ 6.3585e-52 2.4039e-32 1.7109e-24 5.9262e-19 1.6718e-19 ] 1.0000e+00
 5.485e+01 6.6188e-19 6.6188e-19 [ 4.2219e-52 1.9795e-32 1.4759e-24 5.1622e-19 1.4566e-19 ] 1.0000e+00
 5.497e+01 5.7656e-19 5.7656e-19 [ 2.8131e-52 1.6295e-32 1.2730e-24 4.4966e-19 1.2691e-19 ] 1.0000e+00
 5.508e+01 5.0224e-19 5.0224e-19 [ 1.8805e-52 1.3409e-32 1.0979e-24 3.9167e-19 1.1057e-19 ] 1.0000e+00
 5.519e+01 4.3749e-19 4.3749e-19 [ 1.2609e-52 1.1031e-32 9.4669e-25 3.4116e-19 9.6327e-20 ] 1.0000e+00
 5.531e+01 3.8108e-19 3.8108e-19 [ 8.4780e-53 9.0709e-33 8.1624e-25 2.9716e-19 8.3922e-20 ] 1.0000e+00
 5.542e+01 3.3194e-19 3.3194e-19 [ 5.7148e-53 7.4569e-33 7.0367e-25 2.5883e-19 7.3114e-20 ] 1.0000e+00
 5.553e+01 2.8914e-19 2.8914e-19 [ 3.8608e-53 6.1279e-33 6.0655e-25 2.2544e-19 6.3697e-20 ] 1.0000e+00
 5.565e+01 2.5185e-19 2.5185e-19 [ 2.6136e-53 5.0341e-33 5.2277e-25 1.9635e-19 5.5492e-20 ] 1.0000e+00
 5.576e+01 2.1936e-19 2.1936e-19 [ 1.7724e-53 4.1342e-33 4.5050e-25 1.7102e-19 4.8343e-20 ] 1.0000e+00
 5.587e+01 1.9106e-19 1.9106e-19 [ 1.2038e-53 3.3940e-33 3.8818e-25 1.4895e-19 4.2115e-20 ] 1.0000e+00
 5.599e+01 1.6641e-19 1.6641e-19 [ 8.1866e-54 2.7853e-33 3.3443e-25 1.2972e-19 3.6689e-20 ] 1.0000e+00
 5.610e+01 1.4494e-19 1.4494e-19 [ 5.5737e-54 2.2851e-33 2.8809e-25 1.1298e-19 3.1961e-20 ] 1.0000e+00
 5.621e+01 1.2624e-19 1.2624e-19 [ 3.7982e-54 1.8740e-33 2.4813e-25 9.8395e-20 2.7842e-20 ] 1.0000e+00
 5.633e+01 1.0995e-19 1.0995e-19 [ 2.5902e-54 1.5364e-33 2.1369e-25 8.5692e-20 2.4254e-20 ] 1.0000e+00
 5.644e+01 9.5755e-20 9.5755e-20 [ 1.7675e-54 1.2592e-33 1.8401e-25 7.4627e-20 2.1128e-20 ] 1.0000e+00
 5.655e+01 8.3394e-20 8.3394e-20 [ 1.2066e-54 1.0316e-33 1.5843e-25 6.4989e-20 1.8405e-20 ] 1.0000e+00
 5.667e+01 7.2628e-20 7.2628e-20 [ 8.2397e-55 8.4492e-34 1.3638e-25 5.6596e-20 1.6032e-20 ] 1.0000e+00
 5.678e+01 6.3250e-20 6.3250e-20 [ 5.6279e-55 6.9176e-34 1.1739e-25 4.9285e-20 1.3965e-20 ] 1.0000e+00
 5.689e+01 5.5082e-20 5.5082e-20 [ 3.8444e-55 5.6618e-34 1.0103e-25 4.2918e-20 1.2164e-20 ] 1.0000e+00
 5.701e+01 4.7968e-20 4.7968e-20 [ 2.6261e-55 4.6323e-34 8.6936e-26 3.7372e-20 1.0596e-20 ] 1.0000e+00
 5.712e+01 4.1772e-20 4.1772e-20 [ 1.7937e-55 3.7888e-34 7.4799e-26 3.2543e-20 9.2293e-21 ] 1.0000e+00
 5.723e+01 3.6376e-20 3.6376e-20 [ 1.2250e-55 3.0978e-34 6.4348e-26 2.8337e-20 8.0390e-21 ] 1.0000e+00
 5.735e+01 3.1676e-20 3.1676e-20 [ 8.3645e-56 2.5320e-34 5.5350e-26 2.4674e-20 7.0020e-21 ] 1.0000e+00
 5.746e+01 2.7583e-20 2.7583e-20 [ 5.7098e-56 2.0688e-34 4.7603e-26 2.1484e-20 6.0987e-21 ] 1.0000e+00
 5.757e+01 2.4018e-20 2.4018e-20 [ 3.8964e-56 1.6898e-34 4.0935e-26 1.8706e-20 5.3119e-21 ] 1.0000e+00
 5.769e+01 2.0914e-20 2.0914e-20 [ 2.6580e-56 1.3798e-34 3.5196e-26 1.6287e-20 4.6265e-21 ] 1.0000e+00
 5.780e+01 1.8210e-20 1.8210e-20 [ 1.8124e-56 1.1262e-34 3.0257e-26 1.4181e-20 4.0294e-21 ] 1.0000e+00
 5.791e+01 1.5856e-20 1.5856e-20 [ 1.2354e-56 9.1897e-35 2.6008e-26 1.2347e-20 3.5094e-21 ] 1.0000e+00
 5.803e+01 1.3806e-20 1.3806e-20 [ 8.4164e-57 7.4960e-35 2.2353e-26 1.0749e-20 3.0564e-21 ] 1.0000e+00
 5.814e+01 1.2020e-20 1.2020e-20 [ 5.7313e-57 6.1124e-35 1.9208e-26 9.3583e-21 2.6618e-21 ] 1.0000e+00
 5.825e+01 1.0465e-20 1.0465e-20 [ 3.9008e-57 4.9824e-35 1.6504e-26 8.1472e-21 2.3182e-21 ] 1.0000e+00
 5.837e+01 9.1115e-21 9.1115e-21 [ 2.6536e-57 4.0600e-35 1.4178e-26 7.0927e-21 2.0188e-21 ] 1.0000e+00
 5.848e+01 7.9326e-21 7.9326e-21 [ 1.8042e-57 3.3072e-35 1.2178e-26 6.1745e-21 1.7581e-21 ] 1.0000e+00
 5.859e+01 6.9061e-21 6.9061e-21 [ 1.2260e-57 2.6931e-35 1.0459e-26 5.3750e-21 1.5310e-21 ] 1.0000e+00
 5.871e+01 6.0122e-21 6.0122e-21 [ 8.3259e-58 2.1923e-35 8.9813e-27 4.6790e-21 1.3333e-21 ] 1.0000e+00
 5.882e+01 5.2340e-21 5.2340e-21 [ 5.6512e-58 1.7840e-35 7.7112e-27 4.0729e-21 1.1610e-21 ] 1.0000e+00
 5.893e+01 4.5563e-21 4.5563e-21 [ 3.8334e-58 1.4512e-35 6.6198e-27 3.5453e-21 1.0110e-21 ] 1.0000e+00
 5.905e+01 3.9663e-21 3.9663e-21 [ 2.5989e-58 1.1802e-35 5.6820e-27 3.0860e-21 8.8036e-22 ] 1.0000e+00
 5.916e+01 3.4526e-21 3.4526e-21 [ 1.7608e-58 9.5939e-36 4.8764e-27 2.6860e-21 7.6658e-22 ] 1.0000e+00
 5.927e+01 3.0054e-21 3.0054e-21 [ 1.1923e-58 7.7965e-36 4.1843e-27 2.3379e-21 6.6749e-22 ] 1.0000e+00
 5.939e+01 2.6160e-21 2.6160e-21 [ 8.0685e-59 6.3337e-36 3.5900e-27 2.0348e-21 5.8120e-22 ] 1.0000e+00
 5.950e+01 2.2770e-21 2.2770e-21 [ 5.4567e-59 5.1436e-36 3.0796e-27 1.7710e-21 5.0605e-22 ] 1.0000e+00
 5.961e+01 1.9819e-21 1.9819e-21 [ 3.6881e-59 4.1757e-36 2.6414e-27 1.5413e-21 4.4061e-22 ] 1.0000e+00
 5.973e+01 1.7250e-21 1.7250e-21 [ 2.4912e-59 3.3888e-36 2.2652e-27 1.3414e-21 3.8362e-22 ] 1.0000e+00
 5.984e+01 1.5014e-21 1.5014e-21 [ 1.6816e-59 2.7493e-36 1.9423e-27 1.1674e-21 3.3400e-22 ] 1.0000e+00
 5.995e+01 1.3067e-21 1.3067e-21 [ 1.1345e-59 2.2296e-36 1.6652e-27 1.0159e-21 2.9079e-22 ] 1.0000e+00
 6.007e+01 1.1372e-21 1.1372e-21 [ 7.6485e-60 1.8076e-36 1.4274e-27 8.8405e-22 2.5316e-22 ] 1.0000e+00
 6.018e+01 9.8969e-22 9.8969e-22 [ 5.1533e-60 1.4650e-36 1.2233e-27 7.6929e-22 2.2040e-22 ] 1.0000e+00
 6.029e+01 8.6128e-22 8.6128e-22 [ 3.4700e-60 1.1869e-36 1.0483e-27 6.6941e-22 1.9187e-22 ] 1.0000e+00
 6.041e+01 7.4951e-22 7.4951e-22 [ 2.3350e-60 9.6124e-37 8.9819e-28 5.8248e-22 1.6703e-22 ] 1.0000e+00
 6.052e+01 6.5223e-22 6.5223e-22 [ 1.5703e-60 7.7823e-37 7.6945e-28 5.0682e-22 1.4540e-22 ] 1.0000e+00
 6.063e+01 5.6755e-22 5.6755e-22 [ 1.0554e-60 6.2985e-37 6.5906e-28 4.4098e-22 1.2657e-22 ] 1.0000e+00
 6.075e+01 4.9385e-22 4.9385e-22 [ 7.0884e-61 5.0959e-37 5.6442e-28 3.8367e-22 1.1018e-22 ] 1.0000e+00
 6.086e+01 4.2971e-22 4.2971e-22 [ 4.7579e-61 4.1215e-37 4.8329e-28 3.3381e-22 9.5906e-23 ] 1.0000e+00
 6.097e+01 3.7389e-22 3.7389e-22 [ 3.1916e-61 3.3323e-37 4.1377e-28 2.9041e-22 8.3480e-23 ] 1.0000e+00
 6.109e+01 3.2531e-22 3.2531e-22 [ 2.1396e-61 2.6933e-37 3.5419e-28 2.5265e-22 7.2662e-23 ] 1.0000e+00
 6.120e+01 2.8303e-22 2.8303e-22 [ 1.4335e-61 2.1760e-37 3.0314e-28 2.1979e-22 6.3244e-23 ] 1.0000e+00
 6.131e+01 2.4624e-22 2.4624e-22 [ 9.5976e-62 1.7575e-37 2.5940e-28 1.9120e-22 5.5045e-23 ] 1.0000e+00
 6.143e+01 2.1423e-22 2.1423e-22 [ 6.4219e-62 1.4190e-37 2.2195e-28 1.6632e-22 4.7908e-23 ] 1.0000e+00
 6.154e+01 1.8637e-22 1.8637e-22 [ 4.2943e-62 1.1453e-37 1.8987e-28 1.4467e-22 4.1695e-23 ] 1.0000e+00
 6.165e+01 1.6213e-22 1.6213e-22 [ 2.8698e-62 9.2412e-38 1.6240e-28 1.2584e-22 3.6286e-23 ] 1.0000e+00
 6.177e+01 1.4103e-22 1.4103e-22 [ 1.9166e-62 7.4537e-38 1.3888e-28 1.0945e-22 3.1579e-23 ] 1.0000e+00
 6.188e+01 1.2268e-22 1.2268e-22 [ 1.2792e-62 6.0099e-38 1.1875e-28 9.5198e-23 2.7481e-23 ] 1.0000e+00
 6.199e+01 1.0671e-22 1.0671e-22 [ 8.5325e-63 4.8441e-38 1.0152e-28 8.2797e-23 2.3914e-23 ] 1.0000e+00
 6.211e+01 9.2818e-23 9.2818e-23 [ 5.6877e-63 3.9031e-38 8.6779e-29 7.2008e-23 2.0810e-23 ] 1.0000e+00
 6.222e+01 8.0730e-23 8.0730e-23 [ 3.7891e-63 3.1438e-38 7.4164e-29 6.2622e-23 1.8108e-23 ] 1.0000e+00
 6.233e+01 7.0214e-23 7.0214e-23 [ 2.5226e-63 2.5314e-38 6.3374e-29 5.4458e-23 1.5756e-23 ] 1.0000e+00
 6.245e+01 6.1066e-23 6.1066e-23 [ 1.6784e-63 2.0375e-38 5.4144e-29 4.7356e-23 1.3710e-23 ] 1.0000e+00
 6.256e+01 5.3108e-23 5.3108e-23 [ 1.1161e-63 1.6395e-38 4.6251e-29 4.1179e-23 1.1928e-23 ] 1.0000e+00
 6.267e+01 4.6185e-23 4.6185e-23 [ 7.4165e-64 1.3187e-38 3.9502e-29 3.5807e-23 1.0378e-23 ] 1.0000e+00
 6.279e+01 4.0163e-23 4.0163e-23 [ 4.9254e-64 1.0603e-38 3.3732e-29 3.1133e-23 9.0294e-24 ] 1.0000e+00
 6.290e+01 3.4925e-23 3.4925e-23 [ 3.2690e-64 8.5231e-39 2.8801e-29 2.7069e-23 7.8555e-24 ] 1.0000e+00
 6.301e+01 3.0369e-23 3.0369e-23 [ 2.1683e-64 6.8485e-39 2.4586e-29 2.3535e-23 6.8340e-24 ] 1.0000e+00
 6.313e+01 2.6406e-23 2.6406e-23 [ 1.4373e-64 5.5011e-39 2.0985e-29 2.0461e-23 5.9451e-24 ] 1.0000e+00
 6.324e+01 2.2959e-23 2.2959e-23 [ 9.5216e-65 4.4172e-39 1.7908e-29 1.7787e-23 5.1717e-24 ] 1.0000e+00
 6.335e+01 1.9962e-23 1.9962e-23 [ 6.3039e-65 3.5457e-39 1.5279e-29 1.5463e-23 4.4987e-24 ] 1.0000e+00
 6.347e+01 1.7355e-23 1.7355e-23 [ 4.1710e-65 2.8451e-39 1.3035e-29 1.3441e-23 3.9132e-24 ] 1.0000e+00
 6.358e+01 1.5088e-23 1.5088e-23 [ 2.7580e-65 2.2822e-39 1.1118e-29 1.1684e-23 3.4037e-24 ] 1.0000e+00
 6.369e+01 1.3116e-23 1.3116e-23 [ 1.8226e-65 1.8300e-39 9.4813e-30 1.0156e-23 2.9605e-24 ] 1.0000e+00
 6.381e+01 1.1402e-23 1.1402e-23 [ 1.2037e-65 1.4669e-39 8.0843e-30 8.8269e-24 2.5749e-24 ] 1.0000e+00
 6.392e+01 9.9111e-24 9.9111e-24 [ 7.9448e-66 1.1754e-39 6.8920e-30 7.6716e-24 2.2394e-24 ] 1.0000e+00
 6.403e+01 8.6149e-24 8.6149e-24 [ 5.2405e-66 9.4155e-40 5.8745e-30 6.6673e-24 1.9476e-24 ] 1.0000e+00
 6.415e+01 7.4879e-24 7.4879e-24 [ 3.4547e-66 7.5395e-40 5.0064e-30 5.7942e-24 1.6937e-24 ] 1.0000e+00
 6.426e+01 6.5081e-24 6.5081e-24 [ 2.2760e-66 6.0352e-40 4.2658e-30 5.0352e-24 1.4729e-24 ] 1.0000e+00
 6.437e+01 5.6562e-24 5.6562e-24 [ 1.4985e-66 4.8293e-40 3.6341e-30 4.3754e-24 1.2808e-24 ] 1.0000e+00
 6.449e+01 4.9156e-24 4.9156e-24 [ 9.8606e-67 3.8631e-40 3.0955e-30 3.8019e-24 1.1137e-24 ] 1.0000e+00
 6.460e+01 4.2718e-24 4.2718e-24 [ 6.4845e-67 3.0891e-40 2.6362e-30 3.3034e-24 9.6841e-25 ] 1.0000e+00
 6.471e+01 3.7121e-24 3.7121e-24 [ 4.2617e-67 2.4693e-40 2.2447e-30 2.8701e-24 8.4202e-25 ] 1.0000e+00
 6.483e+01 3.2256e-24 3.2256e-24 [ 2.7992e-67 1.9732e-40 1.9110e-30 2.4935e-24 7.3209e-25 ] 1.0000e+00
 6.494e+01 2.8028e-24 2.8028e-24 [ 1.8374e-67 1.5762e-40 1.6266e-30 2.1663e-24 6.3648e-25 ] 1.0000e+00
 6.505e+01 2.4352e-24 2.4352e-24 [ 1.2054e-67 1.2586e-40 1.3843e-30 1.8819e-24 5.5334e-25 ] 1.0000e+00
 6.517e+01 2.1158e-24 2.1158e-24 [ 7.9028e-68 1.0047e-40 1.1779e-30 1.6347e-24 4.8104e-25 ] 1.0000e+00
 6.528e+01 1.8381e-24 1.8381e-24 [ 5.1782e-68 8.0174e-41 1.0021e-30 1.4200e-24 4.1817e-25 ] 1.0000e+00
 6.539e+01 1.5968e-24 1.5968e-24 [ 3.3908e-68 6.3955e-41 8.5237e-31 1.2334e-24 3.6350e-25 ] 1.0000e+00
 6.551e+01 1.3872e-24 1.3872e-24 [ 2.2191e-68 5.0999e-41 7.2489e-31 1.0712e-24 3.1596e-25 ] 1.0000e+00
 6.562e+01 1.2050e-24 1.2050e-24 [ 1.4514e-68 4.0653e-41 6.1637e-31 9.3033e-25 2.7463e-25 ] 1.0000e+00
 6.573e+01 1.0466e-24 1.0466e-24 [ 9.4872e-69 3.2395e-41 5.2400e-31 8.0794e-25 2.3869e-25 ] 1.0000e+00
 6.585e+01 9.0907e-25 9.0907e-25 [ 6.1977e-69 2.5805e-41 4.4539e-31 7.0162e-25 2.0745e-25 ] 1.0000e+00
 6.596e+01 7.8954e-25 7.8954e-25 [ 4.0463e-69 2.0549e-41 3.7851e-31 6.0925e-25 1.8029e-25 ] 1.0000e+00
 6.607e+01 6.8569e-25 6.8569e-25 [ 2.6402e-69 1.6358e-41 3.2161e-31 5.2901e-25 1.5668e-25 ] 1.0000e+00
 6.619e+01 5.9547e-25 5.9547e-25 [ 1.7216e-69 1.3017e-41 2.7322e-31 4.5932e-25 1.3615e-25 ] 1.0000e+00
 6.630e+01 5.1709e-25 5.1709e-25 [ 1.1220e-69 1.0354e-41 2.3207e-31 3.9879e-25 1.1831e-25 ] 1.0000e+00
 6.641e+01 4.4901e-25 4.4901e-25 [ 7.3079e-70 8.2339e-42 1.9708e-31 3.4621e-25 1.0280e-25 ] 1.0000e+00
 6.653e+01 3.8987e-25 3.8987e-25 [ 4.7570e-70 6.5452e-42 1.6733e-31 3.0055e-25 8.9317e-26 ] 1.0000e+00
 6.664e+01 3.3850e-25 3.3850e-25 [ 3.0946e-70 5.2011e-42 1.4205e-31 2.6090e-25 7.7600e-26 ] 1.0000e+00
 6.675e+01 2.9388e-25 2.9388e-25 [ 2.0120e-70 4.1316e-42 1.2057e-31 2.2646e-25 6.7417e-26 ] 1.0000e+00
 6.687e+01 2.5513e-25 2.5513e-25 [ 1.3074e-70 3.2808e-42 1.0231e-31 1.9656e-25 5.8568e-26 ] 1.0000e+00
 6.698e+01 2.2147e-25 2.2147e-25 [ 8.4900e-71 2.6043e-42 8.6809e-32 1.7060e-25 5.0877e-26 ] 1.0000e+00
 6.709e+01 1.9225e-25 1.9225e-25 [ 5.5101e-71 2.0666e-42 7.3639e-32 1.4805e-25 4.4195e-26 ] 1.0000e+00
 6.721e+01 1.6687e-25 1.6687e-25 [ 3.5741e-71 1.6394e-42 6.2456e-32 1.2848e-25 3.8388e-26 ] 1.0000e+00
 6.732e+01 1.4483e-25 1.4483e-25 [ 2.3169e-71 1.3000e-42 5.2962e-32 1.1149e-25 3.3342e-26 ] 1.0000e+00
 6.743e+01 1.2570e-25 1.2570e-25 [ 1.5010e-71 1.0305e-42 4.4903e-32 9.6742e-26 2.8958e-26 ] 1.0000e+00
 6.755e+01 1.0909e-25 1.0909e-25 [ 9.7191e-72 8.1657e-43 3.8063e-32 8.3938e-26 2.5149e-26 ] 1.0000e+00
 6.766e+01 9.4665e-26 9.4665e-26 [ 6.2893e-72 6.4683e-43 3.2259e-32 7.2825e-26 2.1840e-26 ] 1.0000e+00
 6.777e+01 8.2144e-26 8.2144e-26 [ 4.0675e-72 5.1220e-43 2.7334e-32 6.3179e-26 1.8965e-26 ] 1.0000e+00
 6.789e+01 7.1275e-26 7.1275e-26 [ 2.6291e-72 4.0545e-43 2.3158e-32 5.4807e-26 1.6468e-26 ] 1.0000e+00
 6.800e+01 6.1840e-26 6.1840e-26 [ 1.6983e-72 3.2084e-43 1.9615e-32 4.7541e-26 1.4299e-26 ] 1.0000e+00
 6.811e+01 5.3651e-26 5.3651e-26 [ 1.0964e-72 2.5379e-43 1.6612e-32 4.1236e-26 1.2415e-26 ] 1.0000e+00
 6.823e+01 4.6543e-26 4.6543e-26 [ 7.0746e-73 2.0068e-43 1.4066e-32 3.5765e-26 1.0778e-26 ] 1.0000e+00
 6.834e+01 4.0375e-26 4.0375e-26 [ 4.5621e-73 1.5864e-43 1.1907e-32 3.1018e-26 9.3568e-27 ] 1.0000e+00
 6.845e+01 3.5022e-26 3.5022e-26 [ 2.9402e-73 1.2535e-43 1.0079e-32 2.6899e-26 8.1225e-27 ] 1.0000e+00
 6.857e+01 3.0376e-26 3.0376e-26 [ 1.8938e-73 9.9018e-44 8.5289e-33 2.3326e-26 7.0506e-27 ] 1.0000e+00
 6.868e+01 2.6346e-26 2.6346e-26 [ 1.2191e-73 7.8188e-44 7.2161e-33 2.0226e-26 6.1198e-27 ] 1.0000e+00
 6.879e+01 2.2848e-26 2.2848e-26 [ 7.8434e-74 6.1719e-44 6.1043e-33 1.7536e-26 5.3116e-27 ] 1.0000e+00
 6.891e+01 1.9814e-26 1.9814e-26 [ 5.0433e-74 4.8701e-44 5.1628e-33 1.5204e-26 4.6098e-27 ] 1.0000e+00
 6.902e+01 1.7181e-26 1.7181e-26 [ 3.2409e-74 3.8416e-44 4.3656e-33 1.3180e-26 4.0005e-27 ] 1.0000e+00
 6.913e+01 1.4897e-26 1.4897e-26 [ 2.0815e-74 3.0292e-44 3.6909e-33 1.1426e-26 3.4716e-27 ] 1.0000e+00
 6.925e+01 1.2916e-26 1.2916e-26 [ 1.3361e-74 2.3877e-44 3.1198e-33 9.9038e-27 3.0124e-27 ] 1.0000e+00
 6.936e+01 1.1198e-26 1.1198e-26 [ 8.5714e-75 1.8815e-44 2.6366e-33 8.5840e-27 2.6137e-27 ] 1.0000e+00
 6.947e+01 9.7073e-27 9.7073e-27 [ 5.4956e-75 1.4820e-44 2.2278e-33 7.4396e-27 2.2677e-27 ] 1.0000e+00
 6.959e+01 8.4147e-27 8.4147e-27 [ 3.5215e-75 1.1670e-44 1.8820e-33 6.4473e-27 1.9674e-27 ] 1.0000e+00
 6.970e+01 7.2937e-27 7.2937e-27 [ 2.2553e-75 9.1856e-45 1.5896e-33 5.5869e-27 1.7067e-27 ] 1.0000e+00
 6.981e+01 6.3216e-27 6.3216e-27 [ 1.4435e-75 7.2277e-45 1.3424e-33 4.8411e-27 1.4805e-27 ] 1.0000e+00
 6.993e+01 5.4786e-27 5.4786e-27 [ 9.2341e-76 5.6852e-45 1.1334e-33 4.1944e-27 1.2842e-27 ] 1.0000e+00
 7.004e+01 4.7478e-27 4.7478e-27 [ 5.9037e-76 4.4703e-45 9.5672e-34 3.6339e-27 1.1138e-27 ] 1.0000e+00
 7.015e+01 4.1141e-27 4.1141e-27 [ 3.7723e-76 3.5138e-45 8.0745e-34 3.1481e-27 9.6600e-28 ] 1.0000e+00
 7.027e+01 3.5648e-27 3.5648e-27 [ 2.4090e-76 2.7609e-45 6.8133e-34 2.7270e-27 8.3774e-28 ] 1.0000e+00
 7.038e+01 3.0885e-27 3.0885e-27 [ 1.5376e-76 2.1686e-45 5.7480e-34 2.3621e-27 7.2646e-28 ] 1.0000e+00
 7.049e+01 2.6757e-27 2.6757e-27 [ 9.8079e-77 1.7028e-45 4.8483e-34 2.0458e-27 6.2992e-28 ] 1.0000e+00
 7.061e+01 2.3180e-27 2.3180e-27 [ 6.2529e-77 1.3365e-45 4.0887e-34 1.7718e-27 5.4618e-28 ] 1.0000e+00
 7.072e+01 2.0079e-27 2.0079e-27 [ 3.9842e-77 1.0487e-45 3.4474e-34 1.5343e-27 4.7353e-28 ] 1.0000e+00
 7.083e+01 1.7391e-27 1.7391e-27 [ 2.5372e-77 8.2256e-46 2.9061e-34 1.3286e-27 4.1052e-28 ] 1.0000e+00
 7.095e+01 1.5062e-27 1.5062e-27 [ 1.6148e-77 6.4496e-46 2.4493e-34 1.1504e-27 3.5587e-28 ] 1.0000e+00
 7.106e+01 1.3044e-27 1.3044e-27 [ 1.0272e-77 5.0552e-46 2.0639e-34 9.9596e-28 3.0847e-28 ] 1.0000e+00
 7.117e+01 1.1296e-27 1.1296e-27 [ 6.5303e-78 3.9609e-46 1.7388e-34 8.6222e-28 2.6737e-28 ] 1.0000e+00
 7.129e+01 9.7810e-28 9.7810e-28 [ 4.1493e-78 3.1024e-46 1.4646e-34 7.4637e-28 2.3173e-28 ] 1.0000e+00
 7.140e+01 8.4686e-28 8.4686e-28 [ 2.6350e-78 2.4291e-46 1.2334e-34 6.4604e-28 2.0082e-28 ] 1.0000e+00
 7.151e+01 7.3318e-28 7.3318e-28 [ 1.6724e-78 1.9012e-46 1.0385e-34 5.5915e-28 1.7403e-28 ] 1.0000e+00
 7.163e+01 6.3471e-28 6.3471e-28 [ 1.0608e-78 1.4875e-46 8.7425e-35 4.8391e-28 1.5079e-28 ] 1.0000e+00
 7.174e+01 5.4942e-28 5.4942e-28 [ 6.7255e-79 1.1635e-46 7.3582e-35 4.1876e-28 1.3065e-28 ] 1.0000e+00
 7.185e+01 4.7555e-28 4.7555e-28 [ 4.2615e-79 9.0967e-47 6.1917e-35 3.6235e-28 1.1320e-28 ] 1.0000e+00
 7.197e+01 4.1158e-28 4.1158e-28 [ 2.6987e-79 7.1099e-47 5.2092e-35 3.1352e-28 9.8064e-29 ] 1.0000e+00
 7.208e+01 3.5619e-28 3.5619e-28 [ 1.7081e-79 5.5550e-47 4.3817e-35 2.7124e-28 8.4948e-29 ] 1.0000e+00
 7.219e+01 3.0823e-28 3.0823e-28 [ 1.0805e-79 4.3386e-47 3.6849e-35 2.3465e-28 7.3580e-29 ] 1.0000e+00
 7.231e+01 2.6670e-28 2.6670e-28 [ 6.8313e-80 3.3874e-47 3.0983e-35 2.0297e-28 6.3729e-29 ] 1.0000e+00
 7.242e+01 2.3075e-28 2.3075e-28 [ 4.3166e-80 2.6438e-47 2.6045e-35 1.7556e-28 5.5193e-29 ] 1.0000e+00
 7.253e+01 1.9963e-28 1.9963e-28 [ 2.7261e-80 2.0627e-47 2.1890e-35 1.5183e-28 4.7796e-29 ] 1.0000e+00
 7.265e+01 1.7269e-28 1.7269e-28 [ 1.7207e-80 1.6087e-47 1.8394e-35 1.3130e-28 4.1388e-29 ] 1.0000e+00
 7.276e+01 1.4938e-28 1.4938e-28 [ 1.0855e-80 1.2542e-47 1.5454e-35 1.1354e-28 3.5836e-29 ] 1.0000e+00
 7.287e+01 1.2920e-28 1.2920e-28 [ 6.8442e-81 9.7752e-48 1.2980e-35 9.8172e-29 3.1026e-29 ] 1.0000e+00
 7.299e+01 1.1174e-28 1.1174e-28 [ 4.3129e-81 7.6158e-48 1.0901e-35 8.4876e-29 2.6860e-29 ] 1.0000e+00
 7.310e+01 9.6626e-29 9.6626e-29 [ 2.7164e-81 5.9313e-48 9.1525e-36 7.3375e-29 2.3251e-29 ] 1.0000e+00
 7.321e+01 8.3552e-29 8.3552e-29 [ 1.7099e-81 4.6177e-48 7.6830e-36 6.3427e-29 2.0126e-29 ] 1.0000e+00
 7.333e+01 7.2241e-29 7.2241e-29 [ 1.0757e-81 3.5938e-48 6.4481e-36 5.4822e-29 1.7419e-29 ] 1.0000e+00
 7.344e+01 6.2456e-29 6.2456e-29 [ 6.7642e-82 2.7959e-48 5.4107e-36 4.7381e-29 1.5075e-29 ] 1.0000e+00
 7.355e+01 5.3991e-29 5.3991e-29 [ 4.2509e-82 2.1744e-48 4.5392e-36 4.0946e-29 1.3045e-29 ] 1.0000e+00
 7.367e+01 4.6670e-29 4.6670e-29 [ 2.6701e-82 1.6905e-48 3.8073e-36 3.5382e-29 1.1288e-29 ] 1.0000e+00
 7.378e+01 4.0338e-29 4.0338e-29 [ 1.6762e-82 1.3138e-48 3.1928e-36 3.0571e-29 9.7668e-30 ] 1.0000e+00
 7.389e+01 3.4861e-29 3.4861e-29 [ 1.0517e-82 1.0206e-48 2.6769e-36 2.6412e-29 8.4498e-30 ] 1.0000e+00
 7.401e+01 3.0126e-29 3.0126e-29 [ 6.5952e-83 7.9262e-49 2.2439e-36 2.2816e-29 7.3097e-30 ] 1.0000e+00
 7.412e+01 2.6032e-29 2.6032e-29 [ 4.1336e-83 6.1533e-49 1.8805e-36 1.9709e-29 6.3230e-30 ] 1.0000e+00
 7.423e+01 2.2492e-29 2.2492e-29 [ 2.5894e-83 4.7753e-49 1.5757e-36 1.7023e-29 5.4689e-30 ] 1.0000e+00
 7.435e+01 1.9431e-29 1.9431e-29 [ 1.6212e-83 3.7046e-49 1.3200e-36 1.4701e-29 4.7299e-30 ] 1.0000e+00
 7.446e+01 1.6786e-29 1.6786e-29 [ 1.0145e-83 2.8729e-49 1.1056e-36 1.2695e-29 4.0903e-30 ] 1.0000e+00
 7.457e+01 1.4499e-29 1.4499e-29 [ 6.3447e-84 2.2271e-49 9.2577e-37 1.0962e-29 3.5369e-30 ] 1.0000e+00
 7.469e+01 1.2523e-29 1.2523e-29 [ 3.9660e-84 1.7259e-49 7.7506e-37 9.4646e-30 3.0582e-30 ] 1.0000e+00
 7.480e+01 1.0815e-29 1.0815e-29 [ 2.4778e-84 1.3370e-49 6.4875e-37 8.1709e-30 2.6440e-30 ] 1.0000e+00
 7.491e+01 9.3390e-30 9.3390e-30 [ 1.5472e-84 1.0354e-49 5.4291e-37 7.0533e-30 2.2857e-30 ] 1.0000e+00
 7.503e+01 8.0638e-30 8.0638e-30 [ 9.6558e-85 8.0149e-50 4.5425e-37 6.0880e-30 1.9758e-30 ] 1.0000e+00
 7.514e+01 6.9620e-30 6.9620e-30 [ 6.0229e-85 6.2023e-50 3.7998e-37 5.2543e-30 1.7077e-30 ] 1.0000e+00
 7.525e+01 6.0103e-30 6.0103e-30 [ 3.7549e-85 4.7979e-50 3.1779e-37 4.5344e-30 1.4759e-30 ] 1.0000e+00
 7.537e+01 5.1881e-30 5.1881e-30 [ 2.3397e-85 3.7101e-50 2.6573e-37 3.9127e-30 1.2754e-30 ] 1.0000e+00
 7.548e+01 4.4780e-30 4.4780e-30 [ 1.4571e-85 2.8680e-50 2.2214e-37 3.3759e-30 1.1021e-30 ] 1.0000e+00
 7.559e+01 3.8647e-30 3.8647e-30 [ 9.0695e-86 2.2162e-50 1.8567e-37 2.9125e-30 9.5223e-31 ] 1.0000e+00
 7.571e+01 3.3351e-30 3.3351e-30 [ 5.6423e-86 1.7119e-50 1.5515e-37 2.5124e-30 8.2266e-31 ] 1.0000e+00
 7.582e+01 2.8778e-30 2.8778e-30 [ 3.5083e-86 1.3219e-50 1.2962e-37 2.1671e-30 7.1067e-31 ] 1.0000e+00
 7.593e+01 2.4829e-30 2.4829e-30 [ 2.1803e-86 1.0204e-50 1.0827e-37 1.8690e-30 6.1386e-31 ] 1.0000e+00
 7.605e+01 2.1420e-30 2.1420e-30 [ 1.3543e-86 7.8740e-51 9.0419e-38 1.6118e-30 5.3019e-31 ] 1.0000e+00
 7.616e+01 1.8478e-30 1.8478e-30 [ 8.4075e-87 6.0737e-51 7.5494e-38 1.3899e-30 4.5788e-31 ] 1.0000e+00
 7.627e+01 1.5938e-30 1.5938e-30 [ 5.2167e-87 4.6833e-51 6.3019e-38 1.1984e-30 3.9540e-31 ] 1.0000e+00
 7.639e+01 1.3745e-30 1.3745e-30 [ 3.2352e-87 3.6100e-51 5.2594e-38 1.0331e-30 3.4141e-31 ] 1.0000e+00
 7.650e+01 1.1853e-30 1.1853e-30 [ 2.0053e-87 2.7816e-51 4.3885e-38 8.9059e-31 2.9476e-31 ] 1.0000e+00
 7.661e+01 1.0221e-30 1.0221e-30 [ 1.2424e-87 2.1426e-51 3.6610e-38 7.6764e-31 2.5446e-31 ] 1.0000e+00
 7.673e+01 8.8124e-31 8.8124e-31 [ 7.6926e-88 1.6497e-51 3.0534e-38 6.6159e-31 2.1965e-31 ] 1.0000e+00
 7.684e+01 7.5972e-31 7.5972e-31 [ 4.7608e-88 1.2698e-51 2.5462e-38 5.7014e-31 1.8959e-31 ] 1.0000e+00
 7.695e+01 6.5489e-31 6.5489e-31 [ 2.9448e-88 9.7705e-52 2.1227e-38 4.9127e-31 1.6362e-31 ] 1.0000e+00
 7.707e+01 5.6447e-31 5.6447e-31 [ 1.8206e-88 7.5151e-52 1.7693e-38 4.2327e-31 1.4120e-31 ] 1.0000e+00
 7.718e+01 4.8648e-31 4.8648e-31 [ 1.1250e-88 5.7782e-52 1.4745e-38 3.6465e-31 1.2184e-31 ] 1.0000e+00
 7.729e+01 4.1923e-31 4.1923e-31 [ 6.9479e-89 4.4412e-52 1.2285e-38 3.1411e-31 1.0512e-31 ] 1.0000e+00
 7.741e+01 3.6123e-31 3.6123e-31 [ 4.2888e-89 3.4123e-52 1.0233e-38 2.7055e-31 9.0684e-32 ] 1.0000e+00
 7.752e+01 3.1123e-31 3.1123e-31 [ 2.6460e-89 2.6209e-52 8.5220e-39 2.3300e-31 7.8225e-32 ] 1.0000e+00
 7.763e+01 2.6811e-31 2.6811e-31 [ 1.6317e-89 2.0123e-52 7.0956e-39 2.0064e-31 6.7471e-32 ] 1.0000e+00
 7.775e+01 2.3095e-31 2.3095e-31 [ 1.0056e-89 1.5445e-52 5.9068e-39 1.7276e-31 5.8190e-32 ] 1.0000e+00
 7.786e+01 1.9892e-31 1.9892e-31 [ 6.1949e-90 1.1850e-52 4.9160e-39 1.4874e-31 5.0180e-32 ] 1.0000e+00
 7.797e+01 1.7131e-31 1.7131e-31 [ 3.8142e-90 9.0882e-53 4.0906e-39 1.2804e-31 4.3268e-32 ] 1.0000e+00
 7.809e+01 1.4752e-31 1.4752e-31 [ 2.3472e-90 6.9678e-53 3.4030e-39 1.1021e-31 3.7305e-32 ] 1.0000e+00
 7.820e+01 1.2702e-31 1.2702e-31 [ 1.4437e-90 5.3402e-53 2.8304e-39 9.4856e-32 3.2160e-32 ] 1.0000e+00
 7.831e+01 1.0935e-31 1.0935e-31 [ 8.8751e-91 4.0914e-53 2.3536e-39 8.1630e-32 2.7722e-32 ] 1.0000e+00
 7.843e+01 9.4134e-32 9.4134e-32 [ 5.4532e-91 3.1334e-53 1.9568e-39 7.0241e-32 2.3894e-32 ] 1.0000e+00
 7.854e+01 8.1026e-32 8.1026e-32 [ 3.3490e-91 2.3989e-53 1.6264e-39 6.0434e-32 2.0592e-32 ] 1.0000e+00
 7.865e+01 6.9735e-32 6.9735e-32 [ 2.0557e-91 1.8359e-53 1.3516e-39 5.1990e-32 1.7745e-32 ] 1.0000e+00
 7.877e+01 6.0011e-32 6.0011e-32 [ 1.2612e-91 1.4046e-53 1.1230e-39 4.4721e-32 1.5289e-32 ] 1.0000e+00
 7.888e+01 5.1637e-32 5.1637e-32 [ 7.7333e-92 1.0742e-53 9.3280e-40 3.8465e-32 1.3173e-32 ] 1.0000e+00
 7.899e+01 4.4427e-32 4.4427e-32 [ 4.7396e-92 8.2120e-54 7.7467e-40 3.3079e-32 1.1348e-32 ] 1.0000e+00
 7.911e+01 3.8219e-32 3.8219e-32 [ 2.9034e-92 6.2758e-54 6.4321e-40 2.8445e-32 9.7743e-33 ] 1.0000e+00
 7.922e+01 3.2875e-32 3.2875e-32 [ 1.7776e-92 4.7943e-54 5.3394e-40 2.4457e-32 8.4183e-33 ] 1.0000e+00
 7.933e+01 2.8276e-32 2.8276e-32 [ 1.0878e-92 3.6613e-54 4.4313e-40 2.1026e-32 7.2497e-33 ] 1.0000e+00
 7.945e+01 2.4317e-32 2.4317e-32 [ 6.6536e-93 2.7950e-54 3.6769e-40 1.8074e-32 6.2426e-33 ] 1.0000e+00
 7.956e+01 2.0910e-32 2.0910e-32 [ 4.0676e-93 2.1329e-54 3.0503e-40 1.5535e-32 5.3748e-33 ] 1.0000e+00
 7.967e+01 1.7978e-32 1.7978e-32 [ 2.4854e-93 1.6271e-54 2.5299e-40 1.3351e-32 4.6271e-33 ] 1.0000e+00
 7.979e+01 1.5456e-32 1.5456e-32 [ 1.5179e-93 1.2408e-54 2.0978e-40 1.1472e-32 3.9831e-33 ] 1.0000e+00
 7.990e+01 1.3286e-32 1.3286e-32 [ 9.2655e-94 9.4585e-55 1.7392e-40 9.8573e-33 3.4282e-33 ] 1.0000e+00
 8.001e+01 1.1419e-32 1.1419e-32 [ 5.6529e-94 7.2076e-55 1.4415e-40 8.4685e-33 2.9504e-33 ] 1.0000e+00
 8.013e+01 9.8134e-33 9.8134e-33 [ 3.4472e-94 5.4904e-55 1.1945e-40 7.2746e-33 2.5389e-33 ] 1.0000e+00
 8.024e+01 8.4327e-33 8.4327e-33 [ 2.1010e-94 4.1808e-55 9.8966e-41 6.2482e-33 2.1845e-33 ] 1.0000e+00
 8.035e+01 7.2454e-33 7.2454e-33 [ 1.2799e-94 3.1824e-55 8.1974e-41 5.3660e-33 1.8794e-33 ] 1.0000e+00
 8.047e+01 6.2246e-33 6.2246e-33 [ 7.7933e-95 2.4216e-55 6.7885e-41 4.6079e-33 1.6167e-33 ] 1.0000e+00
 8.058e+01 5.3469e-33 5.3469e-33 [ 4.7428e-95 1.8420e-55 5.6205e-41 3.9564e-33 1.3906e-33 ] 1.0000e+00
 8.069e+01 4.5925e-33 4.5925e-33 [ 2.8849e-95 1.4006e-55 4.6524e-41 3.3966e-33 1.1959e-33 ] 1.0000e+00
 8.081e+01 3.9441e-33 3.9441e-33 [ 1.7540e-95 1.0646e-55 3.8502e-41 2.9156e-33 1.0284e-33 ] 1.0000e+00
 8.092e+01 3.3868e-33 3.3868e-33 [ 1.0658e-95 8.0892e-56 3.1857e-41 2.5025e-33 8.8429e-34 ] 1.0000e+00
 8.103e+01 2.9079e-33 2.9079e-33 [ 6.4734e-96 6.1441e-56 2.6352e-41 2.1477e-33 7.6026e-34 ] 1.0000e+00
 8.115e+01 2.4964e-33 2.4964e-33 [ 3.9298e-96 4.6651e-56 2.1794e-41 1.8429e-33 6.5355e-34 ] 1.0000e+00
 8.126e+01 2.1430e-33 2.1430e-33 [ 2.3844e-96 3.5408e-56 1.8021e-41 1.5812e-33 5.6176e-34 ] 1.0000e+00
 8.137e+01 1.8393e-33 1.8393e-33 [ 1.4460e-96 2.6865e-56 1.4897e-41 1.3565e-33 4.8280e-34 ] 1.0000e+00
 8.149e+01 1.5785e-33 1.5785e-33 [ 8.7652e-97 2.0376e-56 1.2312e-41 1.1636e-33 4.1489e-34 ] 1.0000e+00
 8.160e+01 1.3545e-33 1.3545e-33 [ 5.3104e-97 1.5448e-56 1.0174e-41 9.9798e-34 3.5649e-34 ] 1.0000e+00
 8.171e+01 1.1621e-33 1.1621e-33 [ 3.2157e-97 1.1708e-56 8.4045e-42 8.5585e-34 3.0628e-34 ] 1.0000e+00
 8.183e+01 9.9697e-34 9.9697e-34 [ 1.9463e-97 8.8705e-57 6.9416e-42 7.3387e-34 2.6311e-34 ] 1.0000e+00
 8.194e+01 8.5519e-34 8.5519e-34 [ 1.1774e-97 6.7181e-57 5.7320e-42 6.2920e-34 2.2599e-34 ] 1.0000e+00
 8.205e+01 7.3348e-34 7.3348e-34 [ 7.1190e-98 5.0860e-57 4.7322e-42 5.3939e-34 1.9409e-34 ] 1.0000e+00
 8.217e+01 6.2901e-34 6.2901e-34 [ 4.3023e-98 3.8491e-57 3.9059e-42 4.6234e-34 1.6667e-34 ] 1.0000e+00
 8.228e+01 5.3936e-34 5.3936e-34 [ 2.5988e-98 2.9119e-57 3.2231e-42 3.9625e-34 1.4311e-34 ] 1.0000e+00
 8.239e+01 4.6243e-34 4.6243e-34 [ 1.5690e-98 2.2021e-57 2.6591e-42 3.3956e-34 1.2287e-34 ] 1.0000e+00
 8.251e+01 3.9642e-34 3.9642e-34 [ 9.4680e-99 1.6647e-57 2.1933e-42 2.9095e-34 1.0547e-34 ] 1.0000e+00
 8.262e+01 3.3980e-34 3.3980e-34 [ 5.7105e-99 1.2580e-57 1.8087e-42 2.4927e-34 9.0530e-35 ] 1.0000e+00
 8.273e+01 2.9122e-34 2.9122e-34 [ 3.4425e-99 9.5028e-58 1.4912e-42 2.1353e-34 7.7695e-35 ] 1.0000e+00
 8.285e+01 2.4956e-34 2.4956e-34 [ 2.0743e-99 7.1758e-58 1.2292e-42 1.8289e-34 6.6672e-35 ] 1.0000e+00
 8.296e+01 2.1383e-34 2.1383e-34 [ 1.2492e-99 5.4167e-58 1.0130e-42 1.5663e-34 5.7205e-35 ] 1.0000e+00
 8.307e+01 1.8320e-34 1.8320e-34 [ 7.5194e-100 4.0873e-58 8.3460e-43 1.3412e-34 4.9077e-35 ] 1.0000e+00
 8.319e+01 1.5693e-34 1.5693e-34 [ 4.5240e-100 3.0830e-58 6.8748e-43 1.1483e-34 4.2099e-35 ] 1.0000e+00
 8.330e+01 1.3441e-34 1.3441e-34 [ 2.7205e-100 2.3246e-58 5.6617e-43 9.8305e-35 3.6108e-35 ] 1.0000e+00
 8.341e+01 1.1511e-34 1.1511e-34 [ 1.6351e-100 1.7521e-58 4.6616e-43 8.4147e-35 3.0966e-35 ] 1.0000e+00
 8.353e+01 9.8571e-35 9.8571e-35 [ 9.8227e-101 1.3201e-58 3.8373e-43 7.2018e-35 2.6553e-35 ] 1.0000e+00
 8.364e+01 8.4396e-35 8.4396e-35 [ 5.8979e-101 9.9427e-59 3.1580e-43 6.1630e-35 2.2766e-35 ] 1.0000e+00
 8.375e+01 7.2250e-35 7.2250e-35 [ 3.5396e-101 7.4857e-59 2.5984e-43 5.2733e-35 1.9517e-35 ] 1.0000e+00
 8.387e+01 6.1844e-35 6.1844e-35 [ 2.1232e-101 5.6338e-59 2.1375e-43 4.5115e-35 1.6729e-35 ] 1.0000e+00
 8.398e+01 5.2930e-35 5.2930e-35 [ 1.2729e-101 4.2384e-59 1.7579e-43 3.8592e-35 1.4338e-35 ] 1.0000e+00
 8.409e+01 4.5296e-35 4.5296e-35 [ 7.6279e-102 3.1874e-59 1.4454e-43 3.3008e-35 1.2287e-35 ] 1.0000e+00
 8.421e+01 3.8757e-35 3.8757e-35 [ 4.5687e-102 2.3962e-59 1.1882e-43 2.8229e-35 1.0528e-35 ] 1.0000e+00
 8.432e+01 3.3158e-35 3.3158e-35 [ 2.7350e-102 1.8006e-59 9.7657e-44 2.4138e-35 9.0199e-36 ] 1.0000e+00
 8.443e+01 2.8364e-35 2.8364e-35 [ 1.6364e-102 1.3526e-59 8.0243e-44 2.0638e-35 7.7268e-36 ] 1.0000e+00
 8.455e+01 2.4260e-35 2.4260e-35 [ 9.7865e-103 1.0157e-59 6.5919e-44 1.7642e-35 6.6181e-36 ] 1.0000e+00
 8.466e+01 2.0748e-35 2.0748e-35 [ 5.8498e-103 7.6237e-60 5.4140e-44 1.5080e-35 5.6679e-36 ] 1.0000e+00
 8.477e+01 1.7741e-35 1.7741e-35 [ 3.4949e-103 5.7202e-60 4.4455e-44 1.2888e-35 4.8534e-36 ] 1.0000e+00
 8.489e+01 1.5168e-35 1.5168e-35 [ 2.0869e-103 4.2904e-60 3.6495e-44 1.1013e-35 4.1555e-36 ] 1.0000e+00
 8.500e+01 1.2967e-35 1.2967e-35 [ 1.2455e-103 3.2167e-60 2.9953e-44 9.4096e-36 3.5574e-36 ] 1.0000e+00
 8.511e+01 1.1084e-35 1.1084e-35 [ 7.4300e-104 2.4108e-60 2.4578e-44 8.0387e-36 3.0451e-36 ] 1.0000e+00
 8.523e+01 9.4727e-36 9.4727e-36 [ 4.4300e-104 1.8060e-60 2.0163e-44 6.8665e-36 2.6062e-36 ] 1.0000e+00
 8.534e+01 8.0947e-36 8.0947e-36 [ 2.6400e-104 1.3525e-60 1.6537e-44 5.8645e-36 2.2302e-36 ] 1.0000e+00
 8.545e+01 6.9163e-36 6.9163e-36 [ 1.5724e-104 1.0125e-60 1.3560e-44 5.0081e-36 1.9083e-36 ] 1.0000e+00
 8.557e+01 5.9087e-36 5.9087e-36 [ 9.3610e-105 7.5761e-61 1.1116e-44 4.2761e-36 1.6326e-36 ] 1.0000e+00
 8.568e+01 5.0472e-36 5.0472e-36 [ 5.5700e-105 5.6668e-61 9.1110e-45 3.6506e-36 1.3966e-36 ] 1.0000e+00
 8.579e+01 4.3107e-36 4.3107e-36 [ 3.3125e-105 4.2371e-61 7.4657e-45 3.1162e-36 1.1945e-36 ] 1.0000e+00
 8.591e+01 3.6812e-36 3.6812e-36 [ 1.9690e-105 3.1668e-61 6.1161e-45 2.6597e-36 1.0215e-36 ] 1.0000e+00
 8.602e+01 3.1432e-36 3.1432e-36 [ 1.1698e-105 2.3659e-61 5.0092e-45 2.2698e-36 8.7348e-37 ] 1.0000e+00
 8.613e+01 2.6835e-36 2.6835e-36 [ 6.9463e-106 1.7669e-61 4.1017e-45 1.9367e-36 7.4680e-37 ] 1.0000e+00
 8.625e+01 2.2907e-36 2.2907e-36 [ 4.1226e-106 1.3190e-61 3.3578e-45 1.6523e-36 6.3841e-37 ] 1.0000e+00
 8.636e+01 1.9552e-36 1.9552e-36 [ 2.4455e-106 9.8422e-62 2.7482e-45 1.4095e-36 5.4567e-37 ] 1.0000e+00
 8.647e+01 1.6685e-36 1.6685e-36 [ 1.4499e-106 7.3413e-62 2.2487e-45 1.2022e-36 4.6635e-37 ] 1.0000e+00
 8.659e+01 1.4237e-36 1.4237e-36 [ 8.5918e-107 5.4736e-62 1.8396e-45 1.0252e-36 3.9850e-37 ] 1.0000e+00
 8.670e+01 1.2147e-36 1.2147e-36 [ 5.0887e-107 4.0794e-62 1.5045e-45 8.7419e-37 3.4048e-37 ] 1.0000e+00
 8.681e+01 1.0362e-36 1.0362e-36 [ 3.0123e-107 3.0391e-62 1.2302e-45 7.4531e-37 2.9087e-37 ] 1.0000e+00
 8.693e+01 8.8379e-37 8.8379e-37 [ 1.7822e-107 2.2632e-62 1.0057e-45 6.3534e-37 2.4845e-37 ] 1.0000e+00
 8.704e+01 7.5372e-37 7.5372e-37 [ 1.0539e-107 1.6846e-62 8.2189e-46 5.4152e-37 2.1219e-37 ] 1.0000e+00
 8.715e+01 6.4269e-37 6.4269e-37 [ 6.2290e-108 1.2534e-62 6.7154e-46 4.6150e-37 1.8120e-37 ] 1.0000e+00
 8.727e+01 5.4795e-37 5.4795e-37 [ 3.6797e-108 9.3224e-63 5.4856e-46 3.9324e-37 1.5471e-37 ] 1.0000e+00
 8.738e+01 4.6711e-37 4.6711e-37 [ 2.1725e-108 6.9305e-63 4.4799e-46 3.3503e-37 1.3208e-37 ] 1.0000e+00
 8.749e+01 3.9814e-37 3.9814e-37 [ 1.2820e-108 5.1501e-63 3.6576e-46 2.8540e-37 1.1274e-37 ] 1.0000e+00
 8.761e+01 3.3931e-37 3.3931e-37 [ 7.5611e-109 3.8255e-63 2.9856e-46 2.4309e-37 9.6223e-38 ] 1.0000e+00
 8.772e+01 2.8913e-37 2.8913e-37 [ 4.4571e-109 2.8403e-63 2.4364e-46 2.0702e-37 8.2113e-38 ] 1.0000e+00
 8.783e+01 2.4634e-37 2.4634e-37 [ 2.6259e-109 2.1079e-63 1.9877e-46 1.7628e-37 7.0063e-38 ] 1.0000e+00
 8.795e+01 2.0985e-37 2.0985e-37 [ 1.5463e-109 1.5637e-63 1.6212e-46 1.5008e-37 5.9772e-38 ] 1.0000e+00
 8.806e+01 1.7875e-37 1.7875e-37 [ 9.1003e-110 1.1595e-63 1.3220e-46 1.2776e-37 5.0986e-38 ] 1.0000e+00
 8.817e+01 1.5223e-37 1.5223e-37 [ 5.3529e-110 8.5940e-64 1.0777e-46 1.0874e-37 4.3486e-38 ] 1.0000e+00
 8.829e+01 1.2963e-37 1.2963e-37 [ 3.1469e-110 6.3669e-64 8.7832e-47 9.2542e-38 3.7084e-38 ] 1.0000e+00
 8.840e+01 1.1036e-37 1.1036e-37 [ 1.8491e-110 4.7147e-64 7.1564e-47 7.8744e-38 3.1620e-38 ] 1.0000e+00
 8.851e+01 9.3952e-38 9.3952e-38 [ 1.0859e-110 3.4898e-64 5.8293e-47 6.6995e-38 2.6957e-38 ] 1.0000e+00
 8.863e+01 7.9969e-38 7.9969e-38 [ 6.3734e-111 2.5819e-64 4.7471e-47 5.6990e-38 2.2979e-38 ] 1.0000e+00
 8.874e+01 6.8057e-38 6.8057e-38 [ 3.7387e-111 1.9093e-64 3.8647e-47 4.8472e-38 1.9585e-38 ] 1.0000e+00
 8.885e+01 5.7912e-38 5.7912e-38 [ 2.1920e-111 1.4113e-64 3.1455e-47 4.1222e-38 1.6690e-38 ] 1.0000e+00
 8.897e+01 4.9272e-38 4.9272e-38 [ 1.2844e-111 1.0427e-64 2.5594e-47 3.5051e-38 1.4221e-38 ] 1.0000e+00
 8.908e+01 4.1915e-38 4.1915e-38 [ 7.5220e-112 7.7002e-65 2.0819e-47 2.9800e-38 1.2115e-38 ] 1.0000e+00
 8.919e+01 3.5651e-38 3.5651e-38 [ 4.4027e-112 5.6837e-65 1.6930e-47 2.5331e-38 1.0320e-38 ] 1.0000e+00
 8.931e+01 3.0320e-38 3.0320e-38 [ 2.5755e-112 4.1933e-65 1.3764e-47 2.1530e-38 8.7896e-39 ] 1.0000e+00
 8.942e+01 2.5782e-38 2.5782e-38 [ 1.5058e-112 3.0923e-65 1.1186e-47 1.8296e-38 7.4851e-39 ] 1.0000e+00
 8.953e+01 2.1920e-38 2.1920e-38 [ 8.7986e-113 2.2792e-65 9.0887e-48 1.5546e-38 6.3733e-39 ] 1.0000e+00
 8.965e+01 1.8634e-38 1.8634e-38 [ 5.1383e-113 1.6791e-65 7.3823e-48 1.3208e-38 5.4259e-39 ] 1.0000e+00
 8.976e+01 1.5838e-38 1.5838e-38 [ 2.9990e-113 1.2364e-65 5.9944e-48 1.1219e-38 4.6186e-39 ] 1.0000e+00
 8.987e+01 1.3460e-38 1.3460e-38 [ 1.7494e-113 9.0999e-66 4.8660e-48 9.5287e-39 3.9309e-39 ] 1.0000e+00
 8.999e+01 1.1437e-38 1.1437e-38 [ 1.0199e-113 6.6940e-66 3.9487e-48 8.0917e-39 3.3451e-39 ] 1.0000e+00
 9.010e+01 9.7167e-39 9.7167e-39 [ 5.9421e-114 4.9218e-66 3.2033e-48 6.8705e-39 2.8462e-39 ] 1.0000e+00
 9.021e+01 8.2541e-39 8.2541e-39 [ 3.4601e-114 3.6169e-66 2.5978e-48 5.8327e-39 2.4214e-39 ] 1.0000e+00
 9.033e+01 7.0106e-39 7.0106e-39 [ 2.0137e-114 2.6566e-66 2.1061e-48 4.9510e-39 2.0597e-39 ] 1.0000e+00
 9.044e+01 5.9536e-39 5.9536e-39 [ 1.1712e-114 1.9502e-66 1.7068e-48 4.2019e-39 1.7517e-39 ] 1.0000e+00
 9.055e+01 5.0552e-39 5.0552e-39 [ 6.8077e-115 1.4309e-66 1.3828e-48 3.5656e-39 1.4896e-39 ] 1.0000e+00
 9.067e+01 4.2918e-39 4.2918e-39 [ 3.9548e-115 1.0494e-66 1.1199e-48 3.0253e-39 1.2665e-39 ] 1.0000e+00
 9.078e+01 3.6431e-39 3.6431e-39 [ 2.2960e-115 7.6913e-67 9.0666e-49 2.5664e-39 1.0767e-39 ] 1.0000e+00
 9.089e+01 3.0921e-39 3.0921e-39 [ 1.3322e-115 5.6343e-67 7.3376e-49 2.1769e-39 9.1520e-40 ] 1.0000e+00
 9.101e+01 2.6240e-39 2.6240e-39 [ 7.7250e-116 4.1251e-67 5.9361e-49 1.8462e-39 7.7781e-40 ] 1.0000e+00
 9.112e+01 2.2264e-39 2.2264e-39 [ 4.4767e-116 3.0186e-67 4.8006e-49 1.5655e-39 6.6095e-40 ] 1.0000e+00
 9.123e+01 1.8888e-39 1.8888e-39 [ 2.5927e-116 2.2076e-67 3.8807e-49 1.3272e-39 5.6156e-40 ] 1.0000e+00
 9.135e+01 1.6022e-39 1.6022e-39 [ 1.5006e-116 1.6136e-67 3.1359e-49 1.1251e-39 4.7705e-40 ] 1.0000e+00
 9.146e+01 1.3588e-39 1.3588e-39 [ 8.6798e-117 1.1788e-67 2.5331e-49 9.5361e-40 4.0520e-40 ] 1.0000e+00
 9.157e+01 1.1523e-39 1.1523e-39 [ 5.0174e-117 8.6061e-68 2.0453e-49 8.0814e-40 3.4412e-40 ] 1.0000e+00
 9.169e+01 9.7696e-40 9.7696e-40 [ 2.8985e-117 6.2796e-68 1.6508e-49 6.8476e-40 2.9220e-40 ] 1.0000e+00
 9.180e+01 8.2821e-40 8.2821e-40 [ 1.6733e-117 4.5793e-68 1.3318e-49 5.8013e-40 2.4808e-40 ] 1.0000e+00
 9.191e+01 7.0200e-40 7.0200e-40 [ 9.6542e-118 3.3374e-68 1.0739e-49 4.9141e-40 2.1059e-40 ] 1.0000e+00
 9.203e+01 5.9494e-40 5.9494e-40 [ 5.5662e-118 2.4308e-68 8.6566e-50 4.1620e-40 1.7874e-40 ] 1.0000e+00
 9.214e+01 5.0413e-40 5.0413e-40 [ 3.2071e-118 1.7694e-68 6.9745e-50 3.5244e-40 1.5169e-40 ] 1.0000e+00
 9.225e+01 4.2712e-40 4.2712e-40 [ 1.8466e-118 1.2872e-68 5.6167e-50 2.9841e-40 1.2871e-40 ] 1.0000e+00
 9.237e+01 3.6182e-40 3.6182e-40 [ 1.0626e-118 9.3581e-69 4.5211e-50 2.5262e-40 1.0919e-40 ] 1.0000e+00
 9.248e+01 3.0645e-40 3.0645e-40 [ 6.1098e-119 6.7990e-69 3.6375e-50 2.1383e-40 9.2623e-41 ] 1.0000e+00
 9.259e+01 2.5952e-40 2.5952e-40 [ 3.5108e-119 4.9366e-69 2.9251e-50 1.8097e-40 7.8556e-41 ] 1.0000e+00
 9.271e+01 2.1975e-40 2.1975e-40 [ 2.0159e-119 3.5820e-69 2.3511e-50 1.5313e-40 6.6616e-41 ] 1.0000e+00
 9.282e+01 1.8604e-40 1.8604e-40 [ 1.1567e-119 2.5974e-69 1.8887e-50 1.2956e-40 5.6482e-41 ] 1.0000e+00
 9.293e+01 1.5748e-40 1.5748e-40 [ 6.6328e-120 1.8821e-69 1.5165e-50 1.0959e-40 4.7883e-41 ] 1.0000e+00
 9.305e+01 1.3328e-40 1.3328e-40 [ 3.8005e-120 1.3629e-69 1.2169e-50 9.2694e-41 4.0587e-41 ] 1.0000e+00
 9.316e+01 1.1279e-40 1.1279e-40 [ 2.1760e-120 9.8625e-70 9.7599e-51 7.8388e-41 3.4397e-41 ] 1.0000e+00
 9.327e+01 9.5427e-41 9.5427e-41 [ 1.2450e-120 7.1317e-70 7.8233e-51 6.6280e-41 2.9147e-41 ] 1.0000e+00
 9.339e+01 8.0728e-41 8.0728e-41 [ 7.1176e-121 5.1534e-70 6.2672e-51 5.6033e-41 2.4695e-41 ] 1.0000e+00
 9.350e+01 6.8283e-41 6.8283e-41 [ 4.0661e-121 3.7211e-70 5.0176e-51 4.7363e-41 2.0919e-41 ] 1.0000e+00
 9.361e+01 5.7747e-41 5.7747e-41 [ 2.3210e-121 2.6849e-70 4.0147e-51 4.0029e-41 1.7718e-41 ] 1.0000e+00
 9.373e+01 4.8830e-41 4.8830e-41 [ 1.3239e-121 1.9358e-70 3.2102e-51 3.3825e-41 1.5005e-41 ] 1.0000e+00
 9.384e+01 4.1283e-41 4.1283e-41 [ 7.5451e-122 1.3946e-70 2.5653e-51 2.8578e-41 1.2705e-41 ] 1.0000e+00
 9.395e+01 3.4897e-41 3.4897e-41 [ 4.2967e-122 1.0039e-70 2.0485e-51 2.4141e-41 1.0756e-41 ] 1.0000e+00
 9.407e+01 2.9495e-41 2.9495e-41 [ 2.4448e-122 7.2213e-71 1.6348e-51 2.0390e-41 9.1049e-42 ] 1.0000e+00
 9.418e+01 2.4925e-41 2.4925e-41 [ 1.3899e-122 5.1900e-71 1.3036e-51 1.7219e-41 7.7059e-42 ] 1.0000e+00
 9.429e+01 2.1059e-41 2.1059e-41 [ 7.8951e-123 3.7270e-71 1.0388e-51 1.4538e-41 6.5208e-42 ] 1.0000e+00
 9.441e+01 1.7791e-41 1.7791e-41 [ 4.4807e-123 2.6741e-71 8.2719e-52 1.2273e-41 5.5172e-42 ] 1.0000e+00
 9.452e+01 1.5027e-41 1.5027e-41 [ 2.5407e-123 1.9170e-71 6.5816e-52 1.0360e-41 4.6673e-42 ] 1.0000e+00
 9.463e+01 1.2690e-41 1.2690e-41 [ 1.4394e-123 1.3730e-71 5.2325e-52 8.7426e-42 3.9478e-42 ] 1.0000e+00
 9.475e+01 1.0716e-41 1.0716e-41 [ 8.1467e-124 9.8249e-72 4.1566e-52 7.3769e-42 3.3386e-42 ] 1.0000e+00
 9.486e+01 9.0465e-42 9.0465e-42 [ 4.6066e-124 7.0239e-72 3.2991e-52 6.2234e-42 2.8231e-42 ] 1.0000e+00
 9.497e+01 7.6361e-42 7.6361e-42 [ 2.6023e-124 5.0167e-72 2.6162e-52 5.2494e-42 2.3867e-42 ] 1.0000e+00
 9.509e+01 6.4445e-42 6.4445e-42 [ 1.4686e-124 3.5795e-72 2.0728e-52 4.4270e-42 2.0175e-42 ] 1.0000e+00
 9.520e+01 5.4379e-42 5.4379e-42 [ 8.2793e-125 2.5515e-72 1.6407e-52 3.7328e-42 1.7052e-42 ] 1.0000e+00
 9.531e+01 4.5878e-42 4.5878e-42 [ 4.6627e-125 1.8168e-72 1.2975e-52 3.1468e-42 1.4410e-42 ] 1.0000e+00
 9.543e+01 3.8698e-42 3.8698e-42 [ 2.6230e-125 1.2923e-72 1.0250e-52 2.6523e-42 1.2175e-42 ] 1.0000e+00
 9.554e+01 3.2636e-42 3.2636e-42 [ 1.4740e-125 9.1819e-73 8.0889e-53 2.2350e-42 1.0285e-42 ] 1.0000e+00
 9.565e+01 2.7518e-42 2.7518e-42 [ 8.2734e-126 6.5163e-73 6.3766e-53 1.8830e-42 8.6876e-43 ] 1.0000e+00
 9.577e+01 2.3198e-42 2.3198e-42 [ 4.6383e-126 4.6192e-73 5.0212e-53 1.5861e-42 7.3369e-43 ] 1.0000e+00
 9.588e+01 1.9552e-42 1.9552e-42 [ 2.5972e-126 3.2703e-73 3.9493e-53 1.3357e-42 6.1953e-43 ] 1.0000e+00
 9.599e+01 1.6476e-42 1.6476e-42 [ 1.4524e-126 2.3124e-73 3.1024e-53 1.1245e-42 5.2305e-43 ] 1.0000e+00
 9.611e+01 1.3880e-42 1.3880e-42 [ 8.1117e-127 1.6329e-73 2.4341e-53 9.4648e-43 4.4152e-43 ] 1.0000e+00
 9.622e+01 1.1690e-42 1.1690e-42 [ 4.5241e-127 1.1515e-73 1.9072e-53 7.9639e-43 3.7264e-43 ] 1.0000e+00
 9.633e+01 9.8434e-43 9.8434e-43 [ 2.5196e-127 8.1089e-74 1.4922e-53 6.6988e-43 3.1446e-43 ] 1.0000e+00
 9.645e+01 8.2860e-43 8.2860e-43 [ 1.4012e-127 5.7015e-74 1.1659e-53 5.6327e-43 2.6532e-43 ] 1.0000e+00
 9.656e+01 6.9727e-43 6.9727e-43 [ 7.7796e-128 4.0026e-74 9.0950e-54 4.7345e-43 2.2383e-43 ] 1.0000e+00
 9.667e+01 5.8656e-43 5.8656e-43 [ 4.3123e-128 2.8053e-74 7.0836e-54 3.9777e-43 1.8879e-43 ] 1.0000e+00
 9.679e+01 4.9323e-43 4.9323e-43 [ 2.3863e-128 1.9627e-74 5.5076e-54 3.3402e-43 1.5921e-43 ] 1.0000e+00
 9.690e+01 4.1458e-43 4.1458e-43 [ 1.3180e-128 1.3707e-74 4.2745e-54 2.8033e-43 1.3424e-43 ] 1.0000e+00
 9.701e+01 3.4830e-43 3.4830e-43 [ 7.2661e-129 9.5537e-75 3.3111e-54 2.3512e-43 1.1317e-43 ] 1.0000e+00
 9.713e+01 2.9245e-43 2.9245e-43 [ 3.9975e-129 6.6453e-75 2.5597e-54 1.9706e-43 9.5393e-44 ] 1.0000e+00
 9.724e+01 2.4540e-43 2.4540e-43 [ 2.1944e-129 4.6121e-75 1.9744e-54 1.6501e-43 8.0391e-44 ] 1.0000e+00
 9.735e+01 2.0577e-43 2.0577e-43 [ 1.2018e-129 3.1934e-75 1.5194e-54 1.3804e-43 6.7735e-44 ] 1.0000e+00
 9.747e+01 1.7239e-43 1.7239e-43 [ 6.5651e-130 2.2055e-75 1.1663e-54 1.1533e-43 5.7059e-44 ] 1.0000e+00
 9.758e+01 1.4428e-43 1.4428e-43 [ 3.5767e-130 1.5191e-75 8.9282e-55 9.6229e-44 4.8054e-44 ] 1.0000e+00
 9.769e+01 1.2061e-43 1.2061e-43 [ 1.9428e-130 1.0432e-75 6.8143e-55 8.0152e-44 4.0459e-44 ] 1.0000e+00
 9.781e+01 1.0068e-43 1.0068e-43 [ 1.0519e-130 7.1407e-76 5.1839e-55 6.6625e-44 3.4053e-44 ] 1.0000e+00
 9.792e+01 8.3893e-44 8.3893e-44 [ 5.6754e-131 4.8704e-76 3.9294e-55 5.5243e-44 2.8650e-44 ] 1.0000e+00
 9.803e+01 6.9758e-44 6.9758e-44 [ 3.0500e-131 3.3088e-76 2.9665e-55 4.5667e-44 2.4091e-44 ] 1.0000e+00
 9.815e+01 5.7853e-44 5.7853e-44 [ 1.6320e-131 2.2381e-76 2.2295e-55 3.7610e-44 2.0243e-44 ] 1.0000e+00
 9.826e+01 4.7824e-44 4.7824e-44 [ 8.6899e-132 1.5064e-76 1.6669e-55 3.0830e-44 1.6994e-44 ] 1.0000e+00
 9.837e+01 3.9373e-44 3.9373e-44 [ 4.6013e-132 1.0082e-76 1.2390e-55 2.5127e-44 1.4246e-44 ] 1.0000e+00
 9.849e+01 3.2247e-44 3.2247e-44 [ 2.4209e-132 6.7042e-77 9.1447e-56 2.0329e-44 1.1918e-44 ] 1.0000e+00
 9.860e+01 2.6236e-44 2.6236e-44 [ 1.2643e-132 4.4243e-77 6.6936e-56 1.6294e-44 9.9414e-45 ] 1.0000e+00
 9.871e+01 2.1160e-44 2.1160e-44 [ 6.5454e-133 2.8934e-77 4.8497e-56 1.2905e-44 8.2549e-45 ] 1.0000e+00
 9.883e+01 1.6872e-44 1.6872e-44 [ 3.3531e-133 1.8713e-77 3.4692e-56 1.0064e-44 6.8076e-45 ] 1.0000e+00
 9.894e+01 1.3247e-44 1.3247e-44 [ 1.6957e-133 1.1934e-77 2.4410e-56 7.6909e-45 5.5556e-45 ] 1.0000e+00
 9.905e+01 1.0182e-44 1.0182e-44 [ 8.4361e-134 7.4713e-78 1.6800e-56 5.7204e-45 4.4615e-45 ] 1.0000e+00
 9.917e+01 7.5958e-45 7.5958e-45 [ 4.1074e-134 4.5597e-78 1.1215e-56 4.1006e-45 3.4953e-45 ] 1.0000e+00
 9.928e+01 5.4247e-45 5.4247e-45 [ 1.9404e-134 2.6806e-78 7.1607e-57 2.7899e-45 2.6347e-45 ] 1.0000e+00
 9.939e+01 3.6236e-45 3.6236e-45 [ 8.7523e-135 1.4854e-78 4.2694e-57 1.7563e-45 1.8673e-45 ] 1.0000e+00
 9.951e+01 2.1676e-45 2.1676e-45 [ 3.6417e-135 7.4279e-79 2.2695e-57 9.7533e-46 1.1923e-45 ] 1.0000e+00
 9.962e+01 1.0550e-45 1.0550e-45 [ 1.2778e-135 3.0249e-79 9.6796e-58 4.2956e-46 6.2539e-46 ] 1.0000e+00
 9.973e+01 3.1162e-46 3.1162e-46 [ 2.7427e-136 7.1648e-80 2.3600e-58 1.0696e-46 2.0466e-46 ] 1.0000e+00
 9.985e+01 0.0000e+00 0.0000e+00 [ 0.0000e+00 0.0000e+00 0.0000e+00 0.0000e+00 0.0000e+00 ] 1.0000e+00
