 0.000e+00 0.0000e+00 0.0000e+00 [ 0.0000e+00 0.0000e+00 0.0000e+00 0.0000e+00 0.0000e+00 ] 1.0000e+00
 1.133e-01 4.2180e-02 4.2180e-02 [ 4.1796e-02 1.8928e-04 9.2231e-05 9.1395e-05 1.0566e-05 ] 9.5782e-01
 2.267e-01 8.2459e-02 8.2459e-02 [ 8.0835e-02 8.0495e-04 3.9222e-04 3.8835e-04 3.8688e-05 ] 9.1754e-01
 3.400e-01 1.1486e-01 1.1486e-01 [ 1.1087e-01 1.9838e-03 9.6660e-04 9.5520e-04 8.1371e-05 ] 8.8514e-01
 4.533e-01 1.5001e-01 1.5001e-01 [ 1.4209e-01 3.9559e-03 1.9274e-03 1.9001e-03 1.3807e-04 ] 8.4999e-01
 5.667e-01 1.9317e-01 1.9317e-01 [ 1.7910e-01 7.0507e-03 3.4351e-03 3.3768e-03 2.1000e-04 ] 8.0683e-01
 6.800e-01 2.4911e-01 2.4911e-01 [ 2.2586e-01 1.1680e-02 5.6899e-03 5.5760e-03 2.9921e-04 ] 7.5089e-01
 7.933e-01 3.2135e-01 3.2135e-01 [ 2.8510e-01 1.8256e-02 8.8933e-03 8.6866e-03 4.0701e-04 ] 6.7865e-01
 9.067e-01 4.1035e-01 4.1035e-01 [ 3.5684e-01 2.7013e-02 1.3158e-02 1.2808e-02 5.3154e-04 ] 5.8965e-01
 1.020e+00 5.1122e-01 5.1122e-01 [ 4.3662e-01 3.7729e-02 1.8376e-02 1.7825e-02 6.6533e-04 ] 4.8878e-01
 1.133e+00 6.1287e-01 6.1287e-01 [ 5.1509e-01 4.9539e-02 2.4126e-02 2.3318e-02 7.9480e-04 ] 3.8713e-01
 1.247e+00 7.0151e-01 7.0151e-01 [ 5.8106e-01 6.1123e-02 2.9764e-02 2.8659e-02 9.0471e-04 ] 2.9849e-01
 1.360e+00 7.6751e-01 7.6751e-01 [ 6.2717e-01 7.1323e-02 3.4727e-02 3.3303e-02 9.8600e-04 ] 2.3249e-01
 1.473e+00 8.0978e-01 8.0978e-01 [ 6.5320e-01 7.9693e-02 3.8797e-02 3.7048e-02 1.0400e-03 ] 1.9022e-01
 1.587e+00 8.3361e-01 8.3361e-01 [ 6.6397e-01 8.6467e-02 4.2088e-02 4.0008e-02 1.0747e-03 ] 1.6639e-01
 1.700e+00 8.4569e-01 8.4569e-01 [ 6.6520e-01 9.2136e-02 4.4839e-02 4.2417e-02 1.0991e-03 ] 1.5431e-01
 1.813e+00 8.5113e-01 8.5113e-01 [ 6.6112e-01 9.7136e-02 4.7263e-02 4.4484e-02 1.1190e-03 ] 1.4887e-01
 1.927e+00 8.5307e-01 8.5307e-01 [ 6.5432e-01 1.0176e-01 4.9504e-02 4.6347e-02 1.1379e-03 ] 1.4693e-01
 2.040e+00 8.5326e-01 8.5326e-01 [ 6.4619e-01 1.0618e-01 5.1645e-02 4.8088e-02 1.1572e-03 ] 1.4674e-01
 2.153e+00 8.5260e-01 8.5260e-01 [ 6.3744e-01 1.1050e-01 5.3734e-02 4.9754e-02 1.1774e-03 ] 1.4740e-01
 2.267e+00 8.5157e-01 8.5157e-01 [ 6.2844e-01 1.1476e-01 5.5797e-02 5.1370e-02 1.1985e-03 ] 1.4843e-01
 2.380e+00 8.5038e-01 8.5038e-01 [ 6.1936e-01 1.1900e-01 5.7849e-02 5.2951e-02 1.2204e-03 ] 1.4962e-01
 2.493e+00 8.4918e-01 8.4918e-01 [ 6.1030e-01 1.2323e-01 5.9896e-02 5.4507e-02 1.2429e-03 ] 1.5082e-01
 2.607e+00 8.4800e-01 8.4800e-01 [ 6.0130e-01 1.2745e-01 6.1945e-02 5.6042e-02 1.2658e-03 ] 1.5200e-01
 2.720e+00 8.4688e-01 8.4688e-01 [ 5.9236e-01 1.3167e-01 6.3997e-02 5.7560e-02 1.2891e-03 ] 1.5312e-01
 2.833e+00 8.4583e-01 8.4583e-01 [ 5.8350e-01 1.3590e-01 6.6055e-02 5.9063e-02 1.3126e-03 ] 1.5417e-01
 2.947e+00 8.4486e-01 8.4486e-01 [ 5.7472e-01 1.4014e-01 6.8119e-02 6.0553e-02 1.3364e-03 ] 1.5514e-01
 3.060e+00 8.4396e-01 8.4396e-01 [ 5.6601e-01 1.4437e-01 7.0190e-02 6.2032e-02 1.3603e-03 ] 1.5604e-01
 3.173e+00 8.4313e-01 8.4313e-01 [ 5.5736e-01 1.4861e-01 7.2270e-02 6.3502e-02 1.3843e-03 ] 1.5687e-01
 3.287e+00 8.4237e-01 8.4237e-01 [ 5.4878e-01 1.5285e-01 7.4359e-02 6.4963e-02 1.4086e-03 ] 1.5763e-01
 3.400e+00 8.4167e-01 8.4167e-01 [ 5.4027e-01 1.5710e-01 7.6457e-02 6.6417e-02 1.4329e-03 ] 1.5833e-01
 3.513e+00 8.4102e-01 8.4102e-01 [ 5.3180e-01 1.6134e-01 7.8564e-02 6.7865e-02 1.4575e-03 ] 1.5898e-01
 3.627e+00 8.4043e-01 8.4043e-01 [ 5.2339e-01 1.6557e-01 8.0682e-02 6.9309e-02 1.4822e-03 ] 1.5957e-01
 3.740e+00 8.3989e-01 8.3989e-01 [ 5.1503e-01 1.6980e-01 8.2810e-02 7.0748e-02 1.5071e-03 ] 1.6011e-01
 3.853e+00 8.3940e-01 8.3940e-01 [ 5.0671e-01 1.7402e-01 8.4948e-02 7.2185e-02 1.5321e-03 ] 1.6060e-01
 3.967e+00 8.3894e-01 8.3894e-01 [ 4.9843e-01 1.7823e-01 8.7098e-02 7.3620e-02 1.5574e-03 ] 1.6106e-01
 4.080e+00 8.3852e-01 8.3852e-01 [ 4.9019e-01 1.8243e-01 8.9260e-02 7.5055e-02 1.5830e-03 ] 1.6148e-01
 4.193e+00 8.3814e-01 8.3814e-01 [ 4.8200e-01 1.8661e-01 9.1433e-02 7.6490e-02 1.6087e-03 ] 1.6186e-01
 4.307e+00 8.3779e-01 8.3779e-01 [ 4.7384e-01 1.9077e-01 9.3618e-02 7.7926e-02 1.6347e-03 ] 1.6221e-01
 4.420e+00 8.3746e-01 8.3746e-01 [ 4.6571e-01 1.9491e-01 9.5815e-02 7.9364e-02 1.6610e-03 ] 1.6254e-01
 4.533e+00 8.3717e-01 8.3717e-01 [ 4.5762e-01 1.9903e-01 9.8025e-02 8.0805e-02 1.6875e-03 ] 1.6283e-01
 4.647e+00 8.3689e-01 8.3689e-01 [ 4.4957e-01 2.0311e-01 1.0025e-01 8.2251e-02 1.7143e-03 ] 1.6311e-01
 4.760e+00 8.3664e-01 8.3664e-01 [ 4.4155e-01 2.0716e-01 1.0248e-01 8.3702e-02 1.7414e-03 ] 1.6336e-01
 4.873e+00 8.3640e-01 8.3640e-01 [ 4.3356e-01 2.1118e-01 1.0473e-01 8.5158e-02 1.7688e-03 ] 1.6360e-01
 4.987e+00 8.3618e-01 8.3618e-01 [ 4.2561e-01 2.1515e-01 1.0700e-01 8.6622e-02 1.7965e-03 ] 1.6382e-01
 5.100e+00 8.3598e-01 8.3598e-01 [ 4.1770e-01 2.1909e-01 1.0927e-01 8.8093e-02 1.8245e-03 ] 1.6402e-01
 5.213e+00 8.3579e-01 8.3579e-01 [ 4.0983e-01 2.2297e-01 1.1156e-01 8.9573e-02 1.8529e-03 ] 1.6421e-01
 5.327e+00 8.3561e-01 8.3561e-01 [ 4.0199e-01 2.2681e-01 1.1387e-01 9.1063e-02 1.8816e-03 ] 1.6439e-01
 5.440e+00 8.3545e-01 8.3545e-01 [ 3.9420e-01 2.3059e-01 1.1619e-01 9.2563e-02 1.9107e-03 ] 1.6455e-01
 5.553e+00 8.3529e-01 8.3529e-01 [ 3.8645e-01 2.3431e-01 1.1852e-01 9.4074e-02 1.9402e-03 ] 1.6471e-01
 5.667e+00 8.3515e-01 8.3515e-01 [ 3.7874e-01 2.3797e-01 1.2087e-01 9.5597e-02 1.9700e-03 ] 1.6485e-01
 5.780e+00 8.3501e-01 8.3501e-01 [ 3.7107e-01 2.4157e-01 1.2323e-01 9.7134e-02 2.0002e-03 ] 1.6499e-01
 5.893e+00 8.3488e-01 8.3488e-01 [ 3.6346e-01 2.4509e-01 1.2561e-01 9.8684e-02 2.0308e-03 ] 1.6512e-01
 6.007e+00 8.3475e-01 8.3475e-01 [ 3.5590e-01 2.4854e-01 1.2800e-01 1.0025e-01 2.0618e-03 ] 1.6525e-01
 6.120e+00 8.3463e-01 8.3463e-01 [ 3.4838e-01 2.5191e-01 1.3041e-01 1.0183e-01 2.0933e-03 ] 1.6537e-01
 6.233e+00 8.3452e-01 8.3452e-01 [ 3.4093e-01 2.5520e-01 1.3284e-01 1.0343e-01 2.1252e-03 ] 1.6548e-01
 6.347e+00 8.3441e-01 8.3441e-01 [ 3.3353e-01 2.5841e-01 1.3527e-01 1.0504e-01 2.1575e-03 ] 1.6559e-01
 6.460e+00 8.3430e-01 8.3430e-01 [ 3.2619e-01 2.6152e-01 1.3773e-01 1.0667e-01 2.1903e-03 ] 1.6570e-01
 6.573e+00 8.3420e-01 8.3420e-01 [ 3.1891e-01 2.6454e-01 1.4020e-01 1.0832e-01 2.2235e-03 ] 1.6580e-01
 6.687e+00 8.3410e-01 8.3410e-01 [ 3.1170e-01 2.6746e-01 1.4268e-01 1.0999e-01 2.2572e-03 ] 1.6590e-01
 6.800e+00 8.3400e-01 8.3400e-01 [ 3.0456e-01 2.7029e-01 1.4518e-01 1.1168e-01 2.2914e-03 ] 1.6600e-01
 6.913e+00 8.3390e-01 8.3390e-01 [ 2.9749e-01 2.7301e-01 1.4769e-01 1.1340e-01 2.3261e-03 ] 1.6610e-01
 7.027e+00 8.3381e-01 8.3381e-01 [ 2.9049e-01 2.7562e-01 1.5022e-01 1.1513e-01 2.3613e-03 ] 1.6619e-01
 7.140e+00 8.3372e-01 8.3372e-01 [ 2.8356e-01 2.7811e-01 1.5276e-01 1.1688e-01 2.3970e-03 ] 1.6628e-01
 7.253e+00 8.3362e-01 8.3362e-01 [ 2.7672e-01 2.8050e-01 1.5531e-01 1.1866e-01 2.4333e-03 ] 1.6638e-01
 7.367e+00 8.3353e-01 8.3353e-01 [ 2.6996e-01 2.8276e-01 1.5788e-01 1.2047e-01 2.4701e-03 ] 1.6647e-01
 7.480e+00 8.3345e-01 8.3345e-01 [ 2.6328e-01 2.8491e-01 1.6046e-01 1.2230e-01 2.5074e-03 ] 1.6655e-01
 7.593e+00 8.3336e-01 8.3336e-01 [ 2.5668e-01 2.8693e-01 1.6305e-01 1.2415e-01 2.5453e-03 ] 1.6664e-01
 7.707e+00 8.3327e-01 8.3327e-01 [ 2.5018e-01 2.8883e-01 1.6565e-01 1.2603e-01 2.5838e-03 ] 1.6673e-01
 7.820e+00 8.3318e-01 8.3318e-01 [ 2.4376e-01 2.9059e-01 1.6826e-01 1.2794e-01 2.6228e-03 ] 1.6682e-01
 7.933e+00 8.3310e-01 8.3310e-01 [ 2.3744e-01 2.9223e-01 1.7089e-01 1.2988e-01 2.6624e-03 ] 1.6690e-01
 8.047e+00 8.3301e-01 8.3301e-01 [ 2.3121e-01 2.9373e-01 1.7352e-01 1.3184e-01 2.7027e-03 ] 1.6699e-01
 8.160e+00 8.3292e-01 8.3292e-01 [ 2.2508e-01 2.9509e-01 1.7617e-01 1.3384e-01 2.7435e-03 ] 1.6708e-01
 8.273e+00 8.3283e-01 8.3283e-01 [ 2.1905e-01 2.9632e-01 1.7882e-01 1.3586e-01 2.7850e-03 ] 1.6717e-01
 8.387e+00 8.3275e-01 8.3275e-01 [ 2.1311e-01 2.9741e-01 1.8148e-01 1.3792e-01 2.8271e-03 ] 1.6725e-01
 8.500e+00 8.3266e-01 8.3266e-01 [ 2.0728e-01 2.9836e-01 1.8414e-01 1.4001e-01 2.8698e-03 ] 1.6734e-01
 8.613e+00 8.3257e-01 8.3257e-01 [ 2.0155e-01 2.9917e-01 1.8681e-01 1.4213e-01 2.9132e-03 ] 1.6743e-01
 8.727e+00 8.3249e-01 8.3249e-01 [ 1.9593e-01 2.9983e-01 1.8948e-01 1.4429e-01 2.9573e-03 ] 1.6751e-01
 8.840e+00 8.3240e-01 8.3240e-01 [ 1.9041e-01 3.0035e-01 1.9216e-01 1.4647e-01 3.0020e-03 ] 1.6760e-01
 8.953e+00 8.3231e-01 8.3231e-01 [ 1.8500e-01 3.0073e-01 1.9483e-01 1.4870e-01 3.0474e-03 ] 1.6769e-01
 9.067e+00 8.3222e-01 8.3222e-01 [ 1.7970e-01 3.0096e-01 1.9751e-01 1.5096e-01 3.0934e-03 ] 1.6778e-01
 9.180e+00 8.3213e-01 8.3213e-01 [ 1.7451e-01 3.0104e-01 2.0019e-01 1.5326e-01 3.1402e-03 ] 1.6787e-01
 9.293e+00 8.3205e-01 8.3205e-01 [ 1.6942e-01 3.0099e-01 2.0286e-01 1.5559e-01 3.1876e-03 ] 1.6795e-01
 9.407e+00 8.3196e-01 8.3196e-01 [ 1.6445e-01 3.0078e-01 2.0553e-01 1.5796e-01 3.2358e-03 ] 1.6804e-01
 9.520e+00 8.3187e-01 8.3187e-01 [ 1.5958e-01 3.0044e-01 2.0819e-01 1.6037e-01 3.2847e-03 ] 1.6813e-01
 9.633e+00 8.3178e-01 8.3178e-01 [ 1.5482e-01 2.9995e-01 2.1085e-01 1.6282e-01 3.3343e-03 ] 1.6822e-01
 9.747e+00 8.3169e-01 8.3169e-01 [ 1.5018e-01 2.9932e-01 2.1349e-01 1.6531e-01 3.3846e-03 ] 1.6831e-01
 9.860e+00 8.3160e-01 8.3160e-01 [ 1.4564e-01 2.9855e-01 2.1613e-01 1.6784e-01 3.4356e-03 ] 1.6840e-01
 9.973e+00 8.3151e-01 8.3151e-01 [ 1.4121e-01 2.9764e-01 2.1875e-01 1.7042e-01 3.4874e-03 ] 1.6849e-01
 1.009e+01 8.3142e-01 8.3142e-01 [ 1.3689e-01 2.9660e-01 2.2136e-01 1.7303e-01 3.5399e-03 ] 1.6858e-01
 1.020e+01 8.3133e-01 8.3133e-01 [ 1.3268e-01 2.9541e-01 2.2395e-01 1.7569e-01 3.5931e-03 ] 1.6867e-01
 1.031e+01 8.3124e-01 8.3124e-01 [ 1.2857e-01 2.9410e-01 2.2652e-01 1.7840e-01 3.6470e-03 ] 1.6876e-01
 1.043e+01 8.3115e-01 8.3115e-01 [ 1.2457e-01 2.9265e-01 2.2908e-01 1.8115e-01 3.7017e-03 ] 1.6885e-01
 1.054e+01 8.3106e-01 8.3106e-01 [ 1.2068e-01 2.9108e-01 2.3160e-01 1.8394e-01 3.7572e-03 ] 1.6894e-01
 1.065e+01 8.3097e-01 8.3097e-01 [ 1.1689e-01 2.8938e-01 2.3411e-01 1.8678e-01 3.8133e-03 ] 1.6903e-01
 1.077e+01 8.3089e-01 8.3089e-01 [ 1.1320e-01 2.8756e-01 2.3659e-01 1.8966e-01 3.8702e-03 ] 1.6911e-01
 1.088e+01 8.3080e-01 8.3080e-01 [ 1.0962e-01 2.8562e-01 2.3903e-01 1.9259e-01 3.9278e-03 ] 1.6920e-01
 1.099e+01 8.3071e-01 8.3071e-01 [ 1.0613e-01 2.8357e-01 2.4145e-01 1.9557e-01 3.9862e-03 ] 1.6929e-01
 1.111e+01 8.3063e-01 8.3063e-01 [ 1.0275e-01 2.8140e-01 2.4383e-01 1.9860e-01 4.0452e-03 ] 1.6937e-01
 1.122e+01 8.3055e-01 8.3055e-01 [ 9.9457e-02 2.7913e-01 2.4618e-01 2.0168e-01 4.1049e-03 ] 1.6945e-01
 1.133e+01 8.3047e-01 8.3047e-01 [ 9.6262e-02 2.7675e-01 2.4849e-01 2.0480e-01 4.1654e-03 ] 1.6953e-01
 1.145e+01 8.3039e-01 8.3039e-01 [ 9.3160e-02 2.7426e-01 2.5076e-01 2.0797e-01 4.2265e-03 ] 1.6961e-01
 1.156e+01 8.3031e-01 8.3031e-01 [ 9.0149e-02 2.7169e-01 2.5299e-01 2.1120e-01 4.2882e-03 ] 1.6969e-01
 1.167e+01 8.3024e-01 8.3024e-01 [ 8.7227e-02 2.6902e-01 2.5517e-01 2.1447e-01 4.3506e-03 ] 1.6976e-01
 1.179e+01 8.3017e-01 8.3017e-01 [ 8.4393e-02 2.6626e-01 2.5731e-01 2.1779e-01 4.4137e-03 ] 1.6983e-01
 1.190e+01 8.3010e-01 8.3010e-01 [ 8.1644e-02 2.6342e-01 2.5940e-01 2.2116e-01 4.4773e-03 ] 1.6990e-01
 1.201e+01 8.3004e-01 8.3004e-01 [ 7.8978e-02 2.6050e-01 2.6144e-01 2.2458e-01 4.5415e-03 ] 1.6996e-01
 1.213e+01 8.2998e-01 8.2998e-01 [ 7.6394e-02 2.5751e-01 2.6342e-01 2.2805e-01 4.6063e-03 ] 1.7002e-01
 1.224e+01 8.2993e-01 8.2993e-01 [ 7.3888e-02 2.5445e-01 2.6535e-01 2.3157e-01 4.6716e-03 ] 1.7007e-01
 1.235e+01 8.2989e-01 8.2989e-01 [ 7.1459e-02 2.5133e-01 2.6723e-01 2.3513e-01 4.7374e-03 ] 1.7011e-01
 1.247e+01 8.2985e-01 8.2985e-01 [ 6.9105e-02 2.4815e-01 2.6905e-01 2.3875e-01 4.8036e-03 ] 1.7015e-01
 1.258e+01 8.2982e-01 8.2982e-01 [ 6.6823e-02 2.4491e-01 2.7081e-01 2.4241e-01 4.8703e-03 ] 1.7018e-01
 1.269e+01 8.2980e-01 8.2980e-01 [ 6.4612e-02 2.4163e-01 2.7250e-01 2.4612e-01 4.9374e-03 ] 1.7020e-01
 1.281e+01 8.2980e-01 8.2980e-01 [ 6.2469e-02 2.3831e-01 2.7414e-01 2.4987e-01 5.0048e-03 ] 1.7020e-01
 1.292e+01 8.2980e-01 8.2980e-01 [ 6.0392e-02 2.3495e-01 2.7572e-01 2.5367e-01 5.0726e-03 ] 1.7020e-01
 1.303e+01 8.2981e-01 8.2981e-01 [ 5.8379e-02 2.3155e-01 2.7723e-01 2.5751e-01 5.1406e-03 ] 1.7019e-01
 1.315e+01 8.2984e-01 8.2984e-01 [ 5.6429e-02 2.2813e-01 2.7867e-01 2.6140e-01 5.2088e-03 ] 1.7016e-01
 1.326e+01 8.2989e-01 8.2989e-01 [ 5.4538e-02 2.2469e-01 2.8005e-01 2.6533e-01 5.2772e-03 ] 1.7011e-01
 1.337e+01 8.2995e-01 8.2995e-01 [ 5.2705e-02 2.2124e-01 2.8137e-01 2.6929e-01 5.3456e-03 ] 1.7005e-01
 1.349e+01 8.3004e-01 8.3004e-01 [ 5.0929e-02 2.1778e-01 2.8262e-01 2.7329e-01 5.4142e-03 ] 1.6996e-01
 1.360e+01 8.3014e-01 8.3014e-01 [ 4.9207e-02 2.1432e-01 2.8380e-01 2.7733e-01 5.4827e-03 ] 1.6986e-01
 1.371e+01 8.3027e-01 8.3027e-01 [ 4.7538e-02 2.1086e-01 2.8492e-01 2.8140e-01 5.5511e-03 ] 1.6973e-01
 1.383e+01 8.3043e-01 8.3043e-01 [ 4.5919e-02 2.0741e-01 2.8598e-01 2.8551e-01 5.6194e-03 ] 1.6957e-01
 1.394e+01 8.3062e-01 8.3062e-01 [ 4.4349e-02 2.0397e-01 2.8697e-01 2.8964e-01 5.6875e-03 ] 1.6938e-01
 1.405e+01 8.3084e-01 8.3084e-01 [ 4.2827e-02 2.0056e-01 2.8790e-01 2.9380e-01 5.7553e-03 ] 1.6916e-01
 1.417e+01 8.3110e-01 8.3110e-01 [ 4.1351e-02 1.9718e-01 2.8877e-01 2.9798e-01 5.8228e-03 ] 1.6890e-01
 1.428e+01 8.3140e-01 8.3140e-01 [ 3.9919e-02 1.9384e-01 2.8958e-01 3.0218e-01 5.8898e-03 ] 1.6860e-01
 1.439e+01 8.3174e-01 8.3174e-01 [ 3.8530e-02 1.9053e-01 2.9033e-01 3.0639e-01 5.9564e-03 ] 1.6826e-01
 1.451e+01 8.3213e-01 8.3213e-01 [ 3.7183e-02 1.8728e-01 2.9102e-01 3.1062e-01 6.0223e-03 ] 1.6787e-01
 1.462e+01 8.3257e-01 8.3257e-01 [ 3.5877e-02 1.8408e-01 2.9166e-01 3.1486e-01 6.0876e-03 ] 1.6743e-01
 1.473e+01 8.3307e-01 8.3307e-01 [ 3.4609e-02 1.8095e-01 2.9225e-01 3.1911e-01 6.1521e-03 ] 1.6693e-01
 1.485e+01 8.3363e-01 8.3363e-01 [ 3.3380e-02 1.7789e-01 2.9279e-01 3.2335e-01 6.2157e-03 ] 1.6637e-01
 1.496e+01 8.3426e-01 8.3426e-01 [ 3.2189e-02 1.7491e-01 2.9329e-01 3.2760e-01 6.2785e-03 ] 1.6574e-01
 1.507e+01 8.3497e-01 8.3497e-01 [ 3.1034e-02 1.7202e-01 2.9374e-01 3.3183e-01 6.3402e-03 ] 1.6503e-01
 1.519e+01 8.3575e-01 8.3575e-01 [ 2.9915e-02 1.6923e-01 2.9416e-01 3.3605e-01 6.4008e-03 ] 1.6425e-01
 1.530e+01 8.3662e-01 8.3662e-01 [ 2.8832e-02 1.6654e-01 2.9453e-01 3.4025e-01 6.4601e-03 ] 1.6338e-01
 1.541e+01 8.3758e-01 8.3758e-01 [ 2.7784e-02 1.6397e-01 2.9488e-01 3.4442e-01 6.5182e-03 ] 1.6242e-01
 1.553e+01 8.3863e-01 8.3863e-01 [ 2.6770e-02 1.6153e-01 2.9519e-01 3.4856e-01 6.5749e-03 ] 1.6137e-01
 1.564e+01 8.3979e-01 8.3979e-01 [ 2.5792e-02 1.5923e-01 2.9548e-01 3.5267e-01 6.6301e-03 ] 1.6021e-01
 1.575e+01 8.4106e-01 8.4106e-01 [ 2.4848e-02 1.5707e-01 2.9573e-01 3.5672e-01 6.6837e-03 ] 1.5894e-01
 1.587e+01 8.4244e-01 8.4244e-01 [ 2.3941e-02 1.5508e-01 2.9597e-01 3.6071e-01 6.7357e-03 ] 1.5756e-01
 1.598e+01 8.4395e-01 8.4395e-01 [ 2.3070e-02 1.5327e-01 2.9618e-01 3.6464e-01 6.7860e-03 ] 1.5605e-01
 1.609e+01 8.4558e-01 8.4558e-01 [ 2.2237e-02 1.5165e-01 2.9637e-01 3.6848e-01 6.8346e-03 ] 1.5442e-01
 1.621e+01 8.4734e-01 8.4734e-01 [ 2.1444e-02 1.5025e-01 2.9654e-01 3.7223e-01 6.8817e-03 ] 1.5266e-01
 1.632e+01 8.4923e-01 8.4923e-01 [ 2.0694e-02 1.4907e-01 2.9668e-01 3.7587e-01 6.9274e-03 ] 1.5077e-01
 1.643e+01 8.5125e-01 8.5125e-01 [ 1.9988e-02 1.4814e-01 2.9678e-01 3.7937e-01 6.9722e-03 ] 1.4875e-01
 1.655e+01 8.5339e-01 8.5339e-01 [ 1.9331e-02 1.4748e-01 2.9685e-01 3.8271e-01 7.0169e-03 ] 1.4661e-01
 1.666e+01 8.5562e-01 8.5562e-01 [ 1.8728e-02 1.4711e-01 2.9685e-01 3.8586e-01 7.0625e-03 ] 1.4438e-01
 1.677e+01 8.5787e-01 8.5787e-01 [ 1.8183e-02 1.4706e-01 2.9677e-01 3.8875e-01 7.1107e-03 ] 1.4213e-01
 1.689e+01 8.6005e-01 8.6005e-01 [ 1.7703e-02 1.4733e-01 2.9655e-01 3.9130e-01 7.1637e-03 ] 1.3995e-01
 1.700e+01 8.6189e-01 8.6189e-01 [ 1.7290e-02 1.4792e-01 2.9610e-01 3.9336e-01 7.2237e-03 ] 1.3811e-01
 1.711e+01 8.6289e-01 8.6289e-01 [ 1.6948e-02 1.4878e-01 2.9521e-01 3.9466e-01 7.2924e-03 ] 1.3711e-01
 1.723e+01 8.6200e-01 8.6200e-01 [ 1.6670e-02 1.4977e-01 2.9353e-01 3.9466e-01 7.3686e-03 ] 1.3800e-01
 1.734e+01 8.5708e-01 8.5708e-01 [ 1.6431e-02 1.5056e-01 2.9031e-01 3.9234e-01 7.4426e-03 ] 1.4292e-01
 1.745e+01 8.4400e-01 8.4400e-01 [ 1.6168e-02 1.5045e-01 2.8415e-01 3.8575e-01 7.4870e-03 ] 1.5600e-01
 1.757e+01 8.1568e-01 8.1568e-01 [ 1.5759e-02 1.4815e-01 2.7270e-01 3.7164e-01 7.4437e-03 ] 1.8432e-01
 1.768e+01 7.6285e-01 7.6285e-01 [ 1.5022e-02 1.4186e-01 2.5293e-01 3.4582e-01 7.2221e-03 ] 2.3715e-01
 1.779e+01 6.7930e-01 6.7930e-01 [ 1.3805e-02 1.3012e-01 2.2298e-01 3.0566e-01 6.7370e-03 ] 3.2070e-01
 1.791e+01 5.6963e-01 5.6963e-01 [ 1.2127e-02 1.1332e-01 1.8463e-01 2.5357e-01 5.9828e-03 ] 4.3037e-01
 1.802e+01 4.4986e-01 4.4986e-01 [ 1.0219e-02 9.3989e-02 1.4342e-01 1.9717e-01 5.0613e-03 ] 5.5014e-01
 1.813e+01 3.3821e-01 3.3821e-01 [ 8.3822e-03 7.5339e-02 1.0544e-01 1.4493e-01 4.1198e-03 ] 6.6179e-01
 1.825e+01 2.4611e-01 2.4611e-01 [ 6.8249e-03 5.9576e-02 7.4384e-02 1.0205e-01 3.2718e-03 ] 7.5389e-01
 1.836e+01 1.7651e-01 1.7651e-01 [ 5.6178e-03 4.7451e-02 5.1098e-02 6.9771e-02 2.5676e-03 ] 8.2349e-01
 1.847e+01 1.2693e-01 1.2693e-01 [ 4.7354e-03 3.8713e-02 3.4627e-02 4.6840e-02 2.0100e-03 ] 8.7307e-01
 1.859e+01 9.2936e-02 9.2936e-02 [ 4.1126e-03 3.2690e-02 2.3411e-02 3.1144e-02 1.5783e-03 ] 9.0706e-01
 1.870e+01 7.0186e-02 7.0186e-02 [ 3.6803e-03 2.8669e-02 1.5952e-02 2.0639e-02 1.2465e-03 ] 9.2981e-01
 1.881e+01 5.5178e-02 5.5178e-02 [ 3.3808e-03 2.6051e-02 1.1062e-02 1.3693e-02 9.9104e-04 ] 9.4482e-01
 1.893e+01 4.5362e-02 4.5362e-02 [ 3.1711e-03 2.4389e-02 7.8837e-03 9.1251e-03 7.9291e-04 ] 9.5464e-01
 1.904e+01 3.8979e-02 3.8979e-02 [ 3.0209e-03 2.3368e-02 5.8286e-03 6.1240e-03 6.3795e-04 ] 9.6102e-01
 1.915e+01 3.4848e-02 3.4848e-02 [ 2.9094e-03 2.2770e-02 4.5055e-03 4.1477e-03 5.1573e-04 ] 9.6515e-01
 1.927e+01 3.2189e-02 3.2189e-02 [ 2.8229e-03 2.2450e-02 3.6578e-03 2.8403e-03 4.1859e-04 ] 9.6781e-01
 1.938e+01 3.0493e-02 3.0493e-02 [ 2.7523e-03 2.2311e-02 3.1187e-03 1.9700e-03 3.4087e-04 ] 9.6951e-01
 1.949e+01 2.9427e-02 2.9427e-02 [ 2.6916e-03 2.2290e-02 2.7804e-03 1.3863e-03 2.7837e-04 ] 9.7057e-01
 1.961e+01 2.8772e-02 2.8772e-02 [ 2.6369e-03 2.2343e-02 2.5729e-03 9.9133e-04 2.2787e-04 ] 9.7123e-01
 1.972e+01 2.8388e-02 2.8388e-02 [ 2.5857e-03 2.2443e-02 2.4510e-03 7.2152e-04 1.8694e-04 ] 9.7161e-01
 1.983e+01 2.8180e-02 2.8180e-02 [ 2.5364e-03 2.2569e-02 2.3852e-03 5.3525e-04 1.5368e-04 ] 9.7182e-01
 1.995e+01 2.8087e-02 2.8087e-02 [ 2.4880e-03 2.2711e-02 2.3562e-03 4.0520e-04 1.2658e-04 ] 9.7191e-01
 2.006e+01 2.8066e-02 2.8066e-02 [ 2.4397e-03 2.2857e-02 2.3515e-03 3.1336e-04 1.0449e-04 ] 9.7193e-01
 2.017e+01 2.8092e-02 2.8092e-02 [ 2.3913e-03 2.3004e-02 2.3628e-03 2.4773e-04 8.6473e-05 ] 9.7191e-01
 2.029e+01 2.8145e-02 2.8145e-02 [ 2.3424e-03 2.3146e-02 2.3846e-03 2.0030e-04 7.1778e-05 ] 9.7185e-01
 2.040e+01 2.8212e-02 2.8212e-02 [ 2.2930e-03 2.3281e-02 2.4131e-03 1.6568e-04 5.9819e-05 ] 9.7179e-01
 2.051e+01 2.8286e-02 2.8286e-02 [ 2.2430e-03 2.3406e-02 2.4461e-03 1.4019e-04 5.0123e-05 ] 9.7171e-01
 2.063e+01 2.8358e-02 2.8358e-02 [ 2.1925e-03 2.3521e-02 2.4817e-03 1.2133e-04 4.2313e-05 ] 9.7164e-01
 2.074e+01 2.8427e-02 2.8427e-02 [ 2.1414e-03 2.3623e-02 2.5188e-03 1.0739e-04 3.6093e-05 ] 9.7157e-01
 2.085e+01 2.8488e-02 2.8488e-02 [ 2.0899e-03 2.3713e-02 2.5567e-03 9.7167e-05 3.1230e-05 ] 9.7151e-01
 2.097e+01 2.8539e-02 2.8539e-02 [ 2.0381e-03 2.3789e-02 2.5949e-03 8.9852e-05 2.7547e-05 ] 9.7146e-01
 2.108e+01 2.8580e-02 2.8580e-02 [ 1.9860e-03 2.3851e-02 2.6329e-03 8.4895e-05 2.4913e-05 ] 9.7142e-01
 2.119e+01 2.8608e-02 2.8608e-02 [ 1.9337e-03 2.3899e-02 2.6705e-03 8.1944e-05 2.3239e-05 ] 9.7139e-01
 2.131e+01 2.8625e-02 2.8625e-02 [ 1.8814e-03 2.3933e-02 2.7075e-03 8.0802e-05 2.2475e-05 ] 9.7138e-01
 2.142e+01 2.8629e-02 2.8629e-02 [ 1.8291e-03 2.3952e-02 2.7439e-03 8.1412e-05 2.2607e-05 ] 9.7137e-01
 2.153e+01 2.8621e-02 2.8621e-02 [ 1.7769e-03 2.3957e-02 2.7798e-03 8.3853e-05 2.3654e-05 ] 9.7138e-01
 2.165e+01 2.8603e-02 2.8603e-02 [ 1.7250e-03 2.3948e-02 2.8152e-03 8.8354e-05 2.5677e-05 ] 9.7140e-01
 2.176e+01 2.8574e-02 2.8574e-02 [ 1.6734e-03 2.3926e-02 2.8505e-03 9.5339e-05 2.8775e-05 ] 9.7143e-01
 2.187e+01 2.8538e-02 2.8538e-02 [ 1.6222e-03 2.3891e-02 2.8862e-03 1.0549e-04 3.3093e-05 ] 9.7146e-01
 2.199e+01 2.8497e-02 2.8497e-02 [ 1.5716e-03 2.3843e-02 2.9234e-03 1.1986e-04 3.8831e-05 ] 9.7150e-01
 2.210e+01 2.8457e-02 2.8457e-02 [ 1.5216e-03 2.3786e-02 2.9633e-03 1.4003e-04 4.6250e-05 ] 9.7154e-01
 2.221e+01 2.8425e-02 2.8425e-02 [ 1.4724e-03 2.3720e-02 3.0082e-03 1.6842e-04 5.5691e-05 ] 9.7158e-01
 2.233e+01 2.8411e-02 2.8411e-02 [ 1.4240e-03 2.3649e-02 3.0616e-03 2.0863e-04 6.7587e-05 ] 9.7159e-01
 2.244e+01 2.8433e-02 2.8433e-02 [ 1.3766e-03 2.3578e-02 3.1288e-03 2.6619e-04 8.2492e-05 ] 9.7157e-01
 2.255e+01 2.8513e-02 2.8513e-02 [ 1.3303e-03 2.3514e-02 3.2182e-03 3.4947e-04 1.0111e-04 ] 9.7149e-01
 2.267e+01 2.8690e-02 2.8690e-02 [ 1.2854e-03 2.3466e-02 3.3426e-03 4.7135e-04 1.2433e-04 ] 9.7131e-01
 2.278e+01 2.9020e-02 2.9020e-02 [ 1.2420e-03 2.3451e-02 3.5221e-03 6.5165e-04 1.5329e-04 ] 9.7098e-01
 2.289e+01 2.9590e-02 2.9590e-02 [ 1.2005e-03 2.3491e-02 3.7877e-03 9.2108e-04 1.8947e-04 ] 9.7041e-01
 2.301e+01 3.0532e-02 3.0532e-02 [ 1.1614e-03 2.3620e-02 4.1880e-03 1.3274e-03 2.3474e-04 ] 9.6947e-01
 2.312e+01 3.2052e-02 3.2052e-02 [ 1.1252e-03 2.3892e-02 4.7987e-03 1.9451e-03 2.9161e-04 ] 9.6795e-01
 2.323e+01 3.4470e-02 3.4470e-02 [ 1.0928e-03 2.4386e-02 5.7382e-03 2.8905e-03 3.6334e-04 ] 9.6553e-01
 2.335e+01 3.8279e-02 3.8279e-02 [ 1.0655e-03 2.5222e-02 7.1914e-03 4.3453e-03 4.5435e-04 ] 9.6172e-01
 2.346e+01 4.4237e-02 4.4237e-02 [ 1.0451e-03 2.6583e-02 9.4458e-03 6.5926e-03 5.7064e-04 ] 9.5576e-01
 2.357e+01 5.3511e-02 5.3511e-02 [ 1.0340e-03 2.8742e-02 1.2945e-02 1.0070e-02 7.2044e-04 ] 9.4649e-01
 2.369e+01 6.7853e-02 6.7853e-02 [ 1.0356e-03 3.2100e-02 1.8361e-02 1.5441e-02 9.1501e-04 ] 9.3215e-01
 2.380e+01 8.9830e-02 8.9830e-02 [ 1.0541e-03 3.7225e-02 2.6690e-02 2.3692e-02 1.1695e-03 ] 9.1017e-01
 2.391e+01 1.2301e-01 1.2301e-01 [ 1.0944e-03 4.4882e-02 3.9326e-02 3.6209e-02 1.5033e-03 ] 8.7698e-01
 2.403e+01 1.7193e-01 1.7193e-01 [ 1.1611e-03 5.5990e-02 5.8062e-02 5.4778e-02 1.9384e-03 ] 8.2807e-01
 2.414e+01 2.4132e-01 2.4132e-01 [ 1.2556e-03 7.1420e-02 8.4822e-02 8.1331e-02 2.4933e-03 ] 7.5868e-01
 2.425e+01 3.3409e-01 3.3409e-01 [ 1.3717e-03 9.1500e-02 1.2088e-01 1.1717e-01 3.1692e-03 ] 6.6591e-01
 2.437e+01 4.4765e-01 4.4765e-01 [ 1.4907e-03 1.1523e-01 1.6543e-01 1.6157e-01 3.9292e-03 ] 5.5235e-01
 2.448e+01 5.7043e-01 5.7043e-01 [ 1.5805e-03 1.3964e-01 2.1419e-01 2.1034e-01 4.6833e-03 ] 4.2957e-01
 2.459e+01 6.8337e-01 6.8337e-01 [ 1.6077e-03 1.6041e-01 2.5982e-01 2.5622e-01 5.3101e-03 ] 3.1663e-01
 2.471e+01 7.6939e-01 7.6939e-01 [ 1.5586e-03 1.7410e-01 2.9554e-01 2.9246e-01 5.7227e-03 ] 2.3061e-01
 2.482e+01 8.2358e-01 8.2358e-01 [ 1.4486e-03 1.8023e-01 3.1917e-01 3.1681e-01 5.9238e-03 ] 1.7642e-01
 2.493e+01 8.5268e-01 8.5268e-01 [ 1.3078e-03 1.8081e-01 3.3304e-01 3.3153e-01 5.9839e-03 ] 1.4732e-01
 2.505e+01 8.6659e-01 8.6659e-01 [ 1.1612e-03 1.7829e-01 3.4088e-01 3.4028e-01 5.9782e-03 ] 1.3341e-01
 2.516e+01 8.7272e-01 8.7272e-01 [ 1.0224e-03 1.7439e-01 3.4551e-01 3.4585e-01 5.9545e-03 ] 1.2728e-01
 2.527e+01 8.7526e-01 8.7526e-01 [ 8.9685e-04 1.7003e-01 3.4855e-01 3.4985e-01 5.9351e-03 ] 1.2474e-01
 2.539e+01 8.7632e-01 8.7632e-01 [ 7.8574e-04 1.6567e-01 3.5082e-01 3.5312e-01 5.9283e-03 ] 1.2368e-01
 2.550e+01 8.7685e-01 8.7685e-01 [ 6.8863e-04 1.6151e-01 3.5269e-01 3.5602e-01 5.9362e-03 ] 1.2315e-01
 2.561e+01 8.7726e-01 8.7726e-01 [ 6.0444e-04 1.5765e-01 3.5434e-01 3.5871e-01 5.9591e-03 ] 1.2274e-01
 2.573e+01 8.7757e-01 8.7757e-01 [ 5.3187e-04 1.5409e-01 3.5576e-01 3.6120e-01 5.9975e-03 ] 1.2243e-01
 2.584e+01 8.7750e-01 8.7750e-01 [ 4.6962e-04 1.5078e-01 3.5684e-01 3.6336e-01 6.0521e-03 ] 1.2250e-01
 2.595e+01 8.7622e-01 8.7622e-01 [ 4.1630e-04 1.4761e-01 3.5725e-01 3.6483e-01 6.1223e-03 ] 1.2378e-01
 2.607e+01 8.7191e-01 8.7191e-01 [ 3.7033e-04 1.4427e-01 3.5622e-01 3.6484e-01 6.2025e-03 ] 1.2809e-01
 2.618e+01 8.6070e-01 8.6070e-01 [ 3.2963e-04 1.4016e-01 3.5220e-01 3.6174e-01 6.2736e-03 ] 1.3930e-01
 2.629e+01 8.3535e-01 8.3535e-01 [ 2.9132e-04 1.3412e-01 3.4220e-01 3.5245e-01 6.2888e-03 ] 1.6465e-01
 2.641e+01 7.8510e-01 7.8510e-01 [ 2.5187e-04 1.2449e-01 3.2182e-01 3.3237e-01 6.1645e-03 ] 2.1490e-01
 2.652e+01 7.0078e-01 7.0078e-01 [ 2.0878e-04 1.0991e-01 2.8731e-01 2.9754e-01 5.8071e-03 ] 2.9922e-01
 2.663e+01 5.8499e-01 5.8499e-01 [ 1.6312e-04 9.0833e-02 2.3978e-01 2.4902e-01 5.1885e-03 ] 4.1502e-01
 2.675e+01 4.5514e-01 4.5514e-01 [ 1.1945e-04 7.0006e-02 1.8642e-01 1.9421e-01 4.3924e-03 ] 5.4486e-01
 2.686e+01 3.3292e-01 3.3292e-01 [ 8.2534e-05 5.0730e-02 1.3618e-01 1.4237e-01 3.5608e-03 ] 6.6708e-01
 2.697e+01 2.3233e-01 2.3233e-01 [ 5.4504e-05 3.5061e-02 9.4839e-02 9.9566e-02 2.8079e-03 ] 7.6767e-01
 2.709e+01 1.5700e-01 1.5700e-01 [ 3.4874e-05 2.3449e-02 6.3901e-02 6.7433e-02 2.1855e-03 ] 8.4300e-01
 2.720e+01 1.0403e-01 1.0403e-01 [ 2.1866e-05 1.5361e-02 4.2165e-02 4.4785e-02 1.6969e-03 ] 8.9597e-01
 2.731e+01 6.8214e-02 6.8214e-02 [ 1.3549e-05 9.9431e-03 2.7492e-02 2.9442e-02 1.3226e-03 ] 9.3179e-01
 2.743e+01 4.4554e-02 4.4554e-02 [ 8.3446e-06 6.3987e-03 1.7822e-02 1.9288e-02 1.0380e-03 ] 9.5545e-01
 2.754e+01 2.9119e-02 2.9119e-02 [ 5.1280e-06 4.1103e-03 1.1532e-02 1.2651e-02 8.2082e-04 ] 9.7088e-01
 2.765e+01 1.9104e-02 1.9104e-02 [ 3.1521e-06 2.6424e-03 7.4691e-03 8.3357e-03 6.5386e-04 ] 9.8090e-01
 2.777e+01 1.2610e-02 1.2610e-02 [ 1.9410e-06 1.7028e-03 4.8497e-03 5.5319e-03 5.2424e-04 ] 9.8739e-01
 2.788e+01 8.3898e-03 8.3898e-03 [ 1.1985e-06 1.1010e-03 3.1599e-03 3.7050e-03 4.2266e-04 ] 9.9161e-01
 2.799e+01 5.6339e-03 5.6339e-03 [ 7.4249e-07 7.1480e-04 2.0675e-03 2.5086e-03 3.4237e-04 ] 9.9437e-01
 2.811e+01 3.8234e-03 3.8234e-03 [ 4.6163e-07 4.6606e-04 1.3587e-03 1.7197e-03 2.7846e-04 ] 9.9618e-01
 2.822e+01 2.6251e-03 2.6251e-03 [ 2.8809e-07 3.0525e-04 8.9707e-04 1.1952e-03 2.2726e-04 ] 9.9737e-01
 2.833e+01 1.8253e-03 1.8253e-03 [ 1.8047e-07 2.0083e-04 5.9506e-04 8.4321e-04 1.8605e-04 ] 9.9817e-01
 2.845e+01 1.2865e-03 1.2865e-03 [ 1.1348e-07 1.3274e-04 3.9658e-04 6.0439e-04 1.5273e-04 ] 9.9871e-01
 2.856e+01 9.1985e-04 9.1985e-04 [ 7.1622e-08 8.8127e-05 2.6552e-04 4.4043e-04 1.2569e-04 ] 9.9908e-01
 2.867e+01 6.6750e-04 6.6750e-04 [ 4.5368e-08 5.8767e-05 1.7859e-04 3.2641e-04 1.0369e-04 ] 9.9933e-01
 2.879e+01 4.9178e-04 4.9178e-04 [ 2.8840e-08 3.9358e-05 1.2065e-04 2.4601e-04 8.5725e-05 ] 9.9951e-01
 2.890e+01 3.6786e-04 3.6786e-04 [ 1.8396e-08 2.6471e-05 8.1870e-05 1.8847e-04 7.1024e-05 ] 9.9963e-01
 2.901e+01 2.7930e-04 2.7930e-04 [ 1.1773e-08 1.7876e-05 5.5789e-05 1.4666e-04 5.8963e-05 ] 9.9972e-01
 2.913e+01 2.1514e-04 2.1514e-04 [ 7.5586e-09 1.2121e-05 3.8174e-05 1.1579e-04 4.9046e-05 ] 9.9978e-01
 2.924e+01 1.6800e-04 1.6800e-04 [ 4.8679e-09 8.2501e-06 2.6226e-05 9.2643e-05 4.0873e-05 ] 9.9983e-01
 2.935e+01 1.3286e-04 1.3286e-04 [ 3.1444e-09 5.6367e-06 1.8088e-05 7.5010e-05 3.4124e-05 ] 9.9987e-01
 2.947e+01 1.0631e-04 1.0631e-04 [ 2.0369e-09 3.8653e-06 1.2523e-05 6.1376e-05 2.8540e-05 ] 9.9989e-01
 2.958e+01 8.5958e-05 8.5958e-05 [ 1.3231e-09 2.6600e-06 8.7023e-06 5.0684e-05 2.3910e-05 ] 9.9991e-01
 2.969e+01 7.0161e-05 7.0161e-05 [ 8.6177e-10 1.8368e-06 6.0689e-06 4.2189e-05 2.0065e-05 ] 9.9993e-01
 2.981e+01 5.7745e-05 5.7745e-05 [ 5.6271e-10 1.2726e-06 4.2471e-06 3.5359e-05 1.6865e-05 ] 9.9994e-01
 2.992e+01 4.7874e-05 4.7874e-05 [ 3.6833e-10 8.8459e-07 2.9823e-06 2.9809e-05 1.4197e-05 ] 9.9995e-01
 3.003e+01 3.9943e-05 3.9943e-05 [ 2.4166e-10 6.1679e-07 2.1010e-06 2.5255e-05 1.1970e-05 ] 9.9996e-01
 3.015e+01 3.3512e-05 3.3512e-05 [ 1.5891e-10 4.3138e-07 1.4849e-06 2.1488e-05 1.0107e-05 ] 9.9997e-01
 3.026e+01 2.8251e-05 2.8251e-05 [ 1.0473e-10 3.0258e-07 1.0526e-06 1.8350e-05 8.5459e-06 ] 9.9997e-01
 3.037e+01 2.3916e-05 2.3916e-05 [ 6.9157e-11 2.1285e-07 7.4848e-07 1.5718e-05 7.2361e-06 ] 9.9998e-01
 3.049e+01 2.0319e-05 2.0319e-05 [ 4.5760e-11 1.5014e-07 5.3375e-07 1.3500e-05 6.1353e-06 ] 9.9998e-01
 3.060e+01 1.7319e-05 1.7319e-05 [ 3.0335e-11 1.0619e-07 3.8170e-07 1.1622e-05 5.2088e-06 ] 9.9998e-01
 3.071e+01 1.4802e-05 1.4802e-05 [ 2.0147e-11 7.5296e-08 2.7371e-07 1.0025e-05 4.4277e-06 ] 9.9999e-01
 3.083e+01 1.2681e-05 1.2681e-05 [ 1.3403e-11 5.3525e-08 1.9679e-07 8.6624e-06 3.7685e-06 ] 9.9999e-01
 3.094e+01 1.0888e-05 1.0888e-05 [ 8.9315e-12 3.8140e-08 1.4185e-07 7.4966e-06 3.2112e-06 ] 9.9999e-01
 3.105e+01 9.3658e-06 9.3658e-06 [ 5.9611e-12 2.7241e-08 1.0250e-07 6.4966e-06 2.7395e-06 ] 9.9999e-01
 3.117e+01 8.0702e-06 8.0702e-06 [ 3.9845e-12 1.9500e-08 7.4246e-08 5.6368e-06 2.3397e-06 ] 9.9999e-01
 3.128e+01 6.9644e-06 6.9644e-06 [ 2.6671e-12 1.3990e-08 5.3906e-08 4.8961e-06 2.0004e-06 ] 9.9999e-01
 3.139e+01 6.0184e-06 6.0184e-06 [ 1.7877e-12 1.0057e-08 3.9227e-08 4.2569e-06 1.7122e-06 ] 9.9999e-01
 3.151e+01 5.2073e-06 5.2073e-06 [ 1.1998e-12 7.2451e-09 2.8607e-08 3.7045e-06 1.4669e-06 ] 9.9999e-01
 3.162e+01 4.5107e-06 4.5107e-06 [ 8.0625e-13 5.2295e-09 2.0907e-08 3.2264e-06 1.2581e-06 ] 1.0000e+00
 3.173e+01 3.9112e-06 3.9112e-06 [ 5.4240e-13 3.7818e-09 1.5311e-08 2.8121e-06 1.0800e-06 ] 1.0000e+00
 3.185e+01 3.3947e-06 3.3947e-06 [ 3.6530e-13 2.7398e-09 1.1235e-08 2.4528e-06 9.2799e-07 ] 1.0000e+00
 3.196e+01 2.9490e-06 2.9490e-06 [ 2.4628e-13 1.9885e-09 8.2603e-09 2.1407e-06 7.9810e-07 ] 1.0000e+00
 3.207e+01 2.5639e-06 2.5639e-06 [ 1.6620e-13 1.4456e-09 6.0845e-09 1.8694e-06 6.8698e-07 ] 1.0000e+00
 3.219e+01 2.2308e-06 2.2308e-06 [ 1.1226e-13 1.0527e-09 4.4901e-09 1.6334e-06 5.9184e-07 ] 1.0000e+00
 3.230e+01 1.9424e-06 1.9424e-06 [ 7.5892e-14 7.6779e-10 3.3193e-09 1.4280e-06 5.1029e-07 ] 1.0000e+00
 3.241e+01 1.6924e-06 1.6924e-06 [ 5.1348e-14 5.6084e-10 2.4580e-09 1.2490e-06 4.4033e-07 ] 1.0000e+00
 3.253e+01 1.4755e-06 1.4755e-06 [ 3.4768e-14 4.1028e-10 1.8233e-09 1.0930e-06 3.8025e-07 ] 1.0000e+00
 3.264e+01 1.2871e-06 1.2871e-06 [ 2.3559e-14 3.0056e-10 1.3547e-09 9.5684e-07 3.2862e-07 ] 1.0000e+00
 3.275e+01 1.1234e-06 1.1234e-06 [ 1.5974e-14 2.2048e-10 1.0082e-09 8.3800e-07 2.8420e-07 ] 1.0000e+00
 3.287e+01 9.8108e-07 9.8108e-07 [ 1.0837e-14 1.6195e-10 7.5144e-10 7.3421e-07 2.4595e-07 ] 1.0000e+00
 3.298e+01 8.5719e-07 8.5719e-07 [ 7.3568e-15 1.1911e-10 5.6097e-10 6.4351e-07 2.1300e-07 ] 1.0000e+00
 3.309e+01 7.4930e-07 7.4930e-07 [ 4.9968e-15 8.7705e-11 4.1942e-10 5.6421e-07 1.8458e-07 ] 1.0000e+00
 3.321e+01 6.5528e-07 6.5528e-07 [ 3.3954e-15 6.4658e-11 3.1407e-10 4.9485e-07 1.6006e-07 ] 1.0000e+00
 3.332e+01 5.7330e-07 5.7330e-07 [ 2.3083e-15 4.7720e-11 2.3554e-10 4.3415e-07 1.3887e-07 ] 1.0000e+00
 3.343e+01 5.0179e-07 5.0179e-07 [ 1.5699e-15 3.5257e-11 1.7692e-10 3.8101e-07 1.2057e-07 ] 1.0000e+00
 3.355e+01 4.3936e-07 4.3936e-07 [ 1.0681e-15 2.6076e-11 1.3309e-10 3.3447e-07 1.0473e-07 ] 1.0000e+00
 3.366e+01 3.8484e-07 3.8484e-07 [ 7.2689e-16 1.9305e-11 1.0029e-10 2.9369e-07 9.1028e-08 ] 1.0000e+00
 3.377e+01 3.3720e-07 3.3720e-07 [ 4.9484e-16 1.4306e-11 7.5692e-11 2.5795e-07 7.9159e-08 ] 1.0000e+00
 3.389e+01 2.9555e-07 2.9555e-07 [ 3.3696e-16 1.0611e-11 5.7228e-11 2.2661e-07 6.8873e-08 ] 1.0000e+00
 3.400e+01 2.5913e-07 2.5913e-07 [ 2.2950e-16 7.8772e-12 4.3347e-11 1.9913e-07 5.9954e-08 ] 1.0000e+00
 3.411e+01 2.2727e-07 2.2727e-07 [ 1.5634e-16 5.8527e-12 3.2897e-11 1.7502e-07 5.2215e-08 ] 1.0000e+00
 3.423e+01 1.9938e-07 1.9938e-07 [ 1.0652e-16 4.3520e-12 2.5018e-11 1.5386e-07 4.5496e-08 ] 1.0000e+00
 3.434e+01 1.7496e-07 1.7496e-07 [ 7.2582e-17 3.2386e-12 1.9070e-11 1.3528e-07 3.9659e-08 ] 1.0000e+00
 3.445e+01 1.5358e-07 1.5358e-07 [ 4.9463e-17 2.4118e-12 1.4572e-11 1.1897e-07 3.4587e-08 ] 1.0000e+00
 3.457e+01 1.3484e-07 1.3484e-07 [ 3.3711e-17 1.7974e-12 1.1165e-11 1.0465e-07 3.0176e-08 ] 1.0000e+00
 3.468e+01 1.1841e-07 1.1841e-07 [ 2.2976e-17 1.3403e-12 8.5805e-12 9.2064e-08 2.6338e-08 ] 1.0000e+00
 3.479e+01 1.0401e-07 1.0401e-07 [ 1.5659e-17 1.0002e-12 6.6163e-12 8.1006e-08 2.2997e-08 ] 1.0000e+00
 3.491e+01 9.1381e-08 9.1381e-08 [ 1.0673e-17 7.4681e-13 5.1206e-12 7.1287e-08 2.0088e-08 ] 1.0000e+00
 3.502e+01 8.0301e-08 8.0301e-08 [ 7.2738e-18 5.5794e-13 3.9793e-12 6.2743e-08 1.7553e-08 ] 1.0000e+00
 3.513e+01 7.0578e-08 7.0578e-08 [ 4.9570e-18 4.1707e-13 3.1063e-12 5.5232e-08 1.5343e-08 ] 1.0000e+00
 3.525e+01 6.2045e-08 6.2045e-08 [ 3.3779e-18 3.1194e-13 2.4370e-12 4.8625e-08 1.3417e-08 ] 1.0000e+00
 3.536e+01 5.4552e-08 5.4552e-08 [ 2.3015e-18 2.3342e-13 1.9223e-12 4.2815e-08 1.1736e-08 ] 1.0000e+00
 3.547e+01 4.7973e-08 4.7973e-08 [ 1.5680e-18 1.7475e-13 1.5254e-12 3.7703e-08 1.0268e-08 ] 1.0000e+00
 3.559e+01 4.2194e-08 4.2194e-08 [ 1.0681e-18 1.3089e-13 1.2181e-12 3.3205e-08 8.9876e-09 ] 1.0000e+00
 3.570e+01 3.7117e-08 3.7117e-08 [ 7.2742e-19 9.8075e-14 9.7931e-13 2.9247e-08 7.8688e-09 ] 1.0000e+00
 3.581e+01 3.2656e-08 3.2656e-08 [ 4.9532e-19 7.3519e-14 7.9298e-13 2.5764e-08 6.8912e-09 ] 1.0000e+00
 3.593e+01 2.8735e-08 2.8735e-08 [ 3.3721e-19 5.5132e-14 6.4686e-13 2.2697e-08 6.0368e-09 ] 1.0000e+00
 3.604e+01 2.5288e-08 2.5288e-08 [ 2.2952e-19 4.1359e-14 5.3168e-13 1.9998e-08 5.2897e-09 ] 1.0000e+00
 3.615e+01 2.2257e-08 2.2257e-08 [ 1.5618e-19 3.1038e-14 4.4037e-13 1.7621e-08 4.6362e-09 ] 1.0000e+00
 3.627e+01 1.9592e-08 1.9592e-08 [ 1.0625e-19 2.3300e-14 3.6752e-13 1.5527e-08 4.0645e-09 ] 1.0000e+00
 3.638e+01 1.7248e-08 1.7248e-08 [ 7.2260e-20 1.7496e-14 3.0902e-13 1.3684e-08 3.5642e-09 ] 1.0000e+00
 3.649e+01 1.5187e-08 1.5187e-08 [ 4.9130e-20 1.3142e-14 2.6171e-13 1.2060e-08 3.1262e-09 ] 1.0000e+00
 3.661e+01 1.3373e-08 1.3373e-08 [ 3.3394e-20 9.8738e-15 2.2316e-13 1.0630e-08 2.7426e-09 ] 1.0000e+00
 3.672e+01 1.1777e-08 1.1777e-08 [ 2.2691e-20 7.4204e-15 1.9151e-13 9.3699e-09 2.4066e-09 ] 1.0000e+00
 3.683e+01 1.0372e-08 1.0372e-08 [ 1.5413e-20 5.5779e-15 1.6533e-13 8.2598e-09 2.1122e-09 ] 1.0000e+00
 3.695e+01 9.1359e-09 9.1359e-09 [ 1.0466e-20 4.1938e-15 1.4350e-13 7.2816e-09 1.8542e-09 ] 1.0000e+00
 3.706e+01 8.0478e-09 8.0478e-09 [ 7.1037e-21 3.1538e-15 1.2516e-13 6.4197e-09 1.6280e-09 ] 1.0000e+00
 3.717e+01 7.0898e-09 7.0898e-09 [ 4.8200e-21 2.3722e-15 1.0964e-13 5.6601e-09 1.4297e-09 ] 1.0000e+00
 3.729e+01 6.2464e-09 6.2464e-09 [ 3.2692e-21 1.7846e-15 9.6408e-14 4.9906e-09 1.2557e-09 ] 1.0000e+00
 3.740e+01 5.5037e-09 5.5037e-09 [ 2.2165e-21 1.3427e-15 8.5058e-14 4.4005e-09 1.1031e-09 ] 1.0000e+00
 3.751e+01 4.8497e-09 4.8497e-09 [ 1.5021e-21 1.0105e-15 7.5259e-14 3.8804e-09 9.6927e-10 ] 1.0000e+00
 3.763e+01 4.2737e-09 4.2737e-09 [ 1.0176e-21 7.6051e-16 6.6753e-14 3.4219e-09 8.5177e-10 ] 1.0000e+00
 3.774e+01 3.7664e-09 3.7664e-09 [ 6.8903e-22 5.7246e-16 5.9330e-14 3.0177e-09 7.4864e-10 ] 1.0000e+00
 3.785e+01 3.3195e-09 3.3195e-09 [ 4.6636e-22 4.3096e-16 5.2824e-14 2.6613e-09 6.5809e-10 ] 1.0000e+00
 3.797e+01 2.9258e-09 2.9258e-09 [ 3.1550e-22 3.2447e-16 4.7098e-14 2.3471e-09 5.7858e-10 ] 1.0000e+00
 3.808e+01 2.5789e-09 2.5789e-09 [ 2.1335e-22 2.4432e-16 4.2041e-14 2.0701e-09 5.0874e-10 ] 1.0000e+00
 3.819e+01 2.2733e-09 2.2733e-09 [ 1.4420e-22 1.8398e-16 3.7562e-14 1.8259e-09 4.4740e-10 ] 1.0000e+00
 3.831e+01 2.0040e-09 2.0040e-09 [ 9.7418e-23 1.3856e-16 3.3585e-14 1.6105e-09 3.9350e-10 ] 1.0000e+00
 3.842e+01 1.7667e-09 1.7667e-09 [ 6.5781e-23 1.0436e-16 3.0045e-14 1.4205e-09 3.4614e-10 ] 1.0000e+00
 3.853e+01 1.5576e-09 1.5576e-09 [ 4.4396e-23 7.8604e-17 2.6889e-14 1.2530e-09 3.0452e-10 ] 1.0000e+00
 3.865e+01 1.3733e-09 1.3733e-09 [ 2.9948e-23 5.9211e-17 2.4071e-14 1.1053e-09 2.6793e-10 ] 1.0000e+00
 3.876e+01 1.2108e-09 1.2108e-09 [ 2.0192e-23 4.4605e-17 2.1552e-14 9.7502e-10 2.3577e-10 ] 1.0000e+00
 3.887e+01 1.0676e-09 1.0676e-09 [ 1.3607e-23 3.3605e-17 1.9298e-14 8.6011e-10 2.0748e-10 ] 1.0000e+00
 3.899e+01 9.4140e-10 9.4140e-10 [ 9.1644e-24 2.5319e-17 1.7280e-14 7.5877e-10 1.8261e-10 ] 1.0000e+00
 3.910e+01 8.3013e-10 8.3013e-10 [ 6.1691e-24 1.9078e-17 1.5472e-14 6.6938e-10 1.6074e-10 ] 1.0000e+00
 3.921e+01 7.3205e-10 7.3205e-10 [ 4.1506e-24 1.4376e-17 1.3851e-14 5.9053e-10 1.4150e-10 ] 1.0000e+00
 3.933e+01 6.4557e-10 6.4557e-10 [ 2.7910e-24 1.0834e-17 1.2398e-14 5.2098e-10 1.2458e-10 ] 1.0000e+00
 3.944e+01 5.6933e-10 5.6933e-10 [ 1.8757e-24 8.1660e-18 1.1095e-14 4.5963e-10 1.0969e-10 ] 1.0000e+00
 3.955e+01 5.0210e-10 5.0210e-10 [ 1.2599e-24 6.1555e-18 9.9268e-15 4.0551e-10 9.6585e-11 ] 1.0000e+00
 3.967e+01 4.4283e-10 4.4283e-10 [ 8.4579e-25 4.6406e-18 8.8791e-15 3.5777e-10 8.5055e-11 ] 1.0000e+00
 3.978e+01 3.9057e-10 3.9057e-10 [ 5.6747e-25 3.4991e-18 7.9397e-15 3.1565e-10 7.4907e-11 ] 1.0000e+00
 3.989e+01 3.4448e-10 3.4448e-10 [ 3.8051e-25 2.6389e-18 7.0976e-15 2.7850e-10 6.5975e-11 ] 1.0000e+00
 4.001e+01 3.0384e-10 3.0384e-10 [ 2.5500e-25 1.9906e-18 6.3427e-15 2.4572e-10 5.8113e-11 ] 1.0000e+00
 4.012e+01 2.6800e-10 2.6800e-10 [ 1.7079e-25 1.5019e-18 5.6663e-15 2.1680e-10 5.1191e-11 ] 1.0000e+00
 4.023e+01 2.3639e-10 2.3639e-10 [ 1.1433e-25 1.1336e-18 5.0603e-15 1.9129e-10 4.5097e-11 ] 1.0000e+00
 4.035e+01 2.0852e-10 2.0852e-10 [ 7.6481e-26 8.5590e-19 4.5176e-15 1.6878e-10 3.9731e-11 ] 1.0000e+00
 4.046e+01 1.8394e-10 1.8394e-10 [ 5.1134e-26 6.4651e-19 4.0317e-15 1.4893e-10 3.5005e-11 ] 1.0000e+00
 4.057e+01 1.6225e-10 1.6225e-10 [ 3.4167e-26 4.8858e-19 3.5968e-15 1.3141e-10 3.0844e-11 ] 1.0000e+00
 4.069e+01 1.4313e-10 1.4313e-10 [ 2.2816e-26 3.6945e-19 3.2077e-15 1.1595e-10 2.7179e-11 ] 1.0000e+00
 4.080e+01 1.2626e-10 1.2626e-10 [ 1.5226e-26 2.7955e-19 2.8597e-15 1.0231e-10 2.3951e-11 ] 1.0000e+00
 4.091e+01 1.1138e-10 1.1138e-10 [ 1.0155e-26 2.1170e-19 2.5486e-15 9.0275e-11 2.1107e-11 ] 1.0000e+00
 4.103e+01 9.8262e-11 9.8262e-11 [ 6.7691e-27 1.6046e-19 2.2705e-15 7.9658e-11 1.8602e-11 ] 1.0000e+00
 4.114e+01 8.6686e-11 8.6686e-11 [ 4.5092e-27 1.2175e-19 2.0220e-15 7.0289e-11 1.6395e-11 ] 1.0000e+00
 4.125e+01 7.6475e-11 7.6475e-11 [ 3.0019e-27 9.2485e-20 1.8001e-15 6.2023e-11 1.4451e-11 ] 1.0000e+00
 4.137e+01 6.7468e-11 6.7468e-11 [ 1.9972e-27 7.0352e-20 1.6021e-15 5.4729e-11 1.2738e-11 ] 1.0000e+00
 4.148e+01 5.9523e-11 5.9523e-11 [ 1.3279e-27 5.3600e-20 1.4253e-15 4.8293e-11 1.1228e-11 ] 1.0000e+00
 4.159e+01 5.2514e-11 5.2514e-11 [ 8.8236e-28 4.0908e-20 1.2676e-15 4.2614e-11 9.8978e-12 ] 1.0000e+00
 4.171e+01 4.6330e-11 4.6330e-11 [ 5.8593e-28 3.1284e-20 1.1270e-15 3.7604e-11 8.7255e-12 ] 1.0000e+00
 4.182e+01 4.0876e-11 4.0876e-11 [ 3.8884e-28 2.3976e-20 1.0017e-15 3.3182e-11 7.6924e-12 ] 1.0000e+00
 4.193e+01 3.6063e-11 3.6063e-11 [ 2.5788e-28 1.8421e-20 8.8998e-16 2.9281e-11 6.7819e-12 ] 1.0000e+00
 4.205e+01 3.1818e-11 3.1818e-11 [ 1.7092e-28 1.4192e-20 7.9049e-16 2.5838e-11 5.9794e-12 ] 1.0000e+00
 4.216e+01 2.8073e-11 2.8073e-11 [ 1.1321e-28 1.0966e-20 7.0191e-16 2.2800e-11 5.2720e-12 ] 1.0000e+00
 4.227e+01 2.4769e-11 2.4769e-11 [ 7.4936e-29 8.5014e-21 6.2305e-16 2.0120e-11 4.6485e-12 ] 1.0000e+00
 4.239e+01 2.1854e-11 2.1854e-11 [ 4.9570e-29 6.6138e-21 5.5289e-16 1.7754e-11 4.0988e-12 ] 1.0000e+00
 4.250e+01 1.9282e-11 1.9282e-11 [ 3.2769e-29 5.1648e-21 4.9048e-16 1.5667e-11 3.6143e-12 ] 1.0000e+00
 4.261e+01 1.7013e-11 1.7013e-11 [ 2.1649e-29 4.0495e-21 4.3499e-16 1.3825e-11 3.1871e-12 ] 1.0000e+00
 4.273e+01 1.5011e-11 1.5011e-11 [ 1.4293e-29 3.1885e-21 3.8567e-16 1.2200e-11 2.8105e-12 ] 1.0000e+00
 4.284e+01 1.3244e-11 1.3244e-11 [ 9.4299e-30 2.5217e-21 3.4183e-16 1.0765e-11 2.4785e-12 ] 1.0000e+00
 4.295e+01 1.1686e-11 1.1686e-11 [ 6.2175e-30 2.0035e-21 3.0290e-16 9.4999e-12 2.1858e-12 ] 1.0000e+00
 4.307e+01 1.0311e-11 1.0311e-11 [ 4.0967e-30 1.5992e-21 2.6832e-16 8.3830e-12 1.9277e-12 ] 1.0000e+00
 4.318e+01 9.0978e-12 9.0978e-12 [ 2.6976e-30 1.2825e-21 2.3763e-16 7.3975e-12 1.7001e-12 ] 1.0000e+00
 4.329e+01 8.0275e-12 8.0275e-12 [ 1.7751e-30 1.0334e-21 2.1039e-16 6.5279e-12 1.4994e-12 ] 1.0000e+00
 4.341e+01 7.0831e-12 7.0831e-12 [ 1.1673e-30 8.3652e-22 1.8622e-16 5.7605e-12 1.3224e-12 ] 1.0000e+00
 4.352e+01 6.2498e-12 6.2498e-12 [ 7.6711e-31 6.8028e-22 1.6479e-16 5.0833e-12 1.1664e-12 ] 1.0000e+00
 4.363e+01 5.5146e-12 5.5146e-12 [ 5.0378e-31 5.5567e-22 1.4579e-16 4.4857e-12 1.0287e-12 ] 1.0000e+00
 4.375e+01 4.8658e-12 4.8658e-12 [ 3.3063e-31 4.5582e-22 1.2894e-16 3.9583e-12 9.0738e-13 ] 1.0000e+00
 4.386e+01 4.2934e-12 4.2934e-12 [ 2.1684e-31 3.7541e-22 1.1401e-16 3.4930e-12 8.0035e-13 ] 1.0000e+00
 4.397e+01 3.7884e-12 3.7884e-12 [ 1.4212e-31 3.1036e-22 1.0079e-16 3.0823e-12 7.0596e-13 ] 1.0000e+00
 4.409e+01 3.3428e-12 3.3428e-12 [ 9.3086e-32 2.5748e-22 8.9079e-17 2.7200e-12 6.2271e-13 ] 1.0000e+00
 4.420e+01 2.9496e-12 2.9496e-12 [ 6.0928e-32 2.1431e-22 7.8709e-17 2.4002e-12 5.4929e-13 ] 1.0000e+00
 4.431e+01 2.6026e-12 2.6026e-12 [ 3.9853e-32 1.7890e-22 6.9531e-17 2.1180e-12 4.8453e-13 ] 1.0000e+00
 4.443e+01 2.2965e-12 2.2965e-12 [ 2.6050e-32 1.4974e-22 6.1408e-17 1.8690e-12 4.2742e-13 ] 1.0000e+00
 4.454e+01 2.0263e-12 2.0263e-12 [ 1.7017e-32 1.2564e-22 5.4222e-17 1.6492e-12 3.7704e-13 ] 1.0000e+00
 4.465e+01 1.7880e-12 1.7880e-12 [ 1.1108e-32 1.0564e-22 4.7866e-17 1.4553e-12 3.3260e-13 ] 1.0000e+00
 4.477e+01 1.5777e-12 1.5777e-12 [ 7.2465e-33 8.8990e-23 4.2246e-17 1.2842e-12 2.9341e-13 ] 1.0000e+00
 4.488e+01 1.3921e-12 1.3921e-12 [ 4.7240e-33 7.5089e-23 3.7278e-17 1.1332e-12 2.5883e-13 ] 1.0000e+00
 4.499e+01 1.2284e-12 1.2284e-12 [ 3.0776e-33 6.3450e-23 3.2887e-17 9.9998e-13 2.2834e-13 ] 1.0000e+00
 4.511e+01 1.0839e-12 1.0839e-12 [ 2.0036e-33 5.3680e-23 2.9007e-17 8.8240e-13 2.0144e-13 ] 1.0000e+00
 4.522e+01 9.5637e-13 9.5637e-13 [ 1.3036e-33 4.5462e-23 2.5579e-17 7.7864e-13 1.7771e-13 ] 1.0000e+00
 4.533e+01 8.4388e-13 8.4388e-13 [ 8.4754e-34 3.8535e-23 2.2552e-17 6.8708e-13 1.5677e-13 ] 1.0000e+00
 4.545e+01 7.4461e-13 7.4461e-13 [ 5.5068e-34 3.2687e-23 1.9879e-17 6.0628e-13 1.3831e-13 ] 1.0000e+00
 4.556e+01 6.5702e-13 6.5702e-13 [ 3.5756e-34 2.7743e-23 1.7519e-17 5.3499e-13 1.2202e-13 ] 1.0000e+00
 4.567e+01 5.7973e-13 5.7973e-13 [ 2.3201e-34 2.3557e-23 1.5436e-17 4.7207e-13 1.0765e-13 ] 1.0000e+00
 4.579e+01 5.1154e-13 5.1154e-13 [ 1.5045e-34 2.0009e-23 1.3599e-17 4.1655e-13 9.4972e-14 ] 1.0000e+00
 4.590e+01 4.5136e-13 4.5136e-13 [ 9.7492e-35 1.7000e-23 1.1978e-17 3.6756e-13 8.3788e-14 ] 1.0000e+00
 4.601e+01 3.9826e-13 3.9826e-13 [ 6.3135e-35 1.4446e-23 1.0548e-17 3.2433e-13 7.3922e-14 ] 1.0000e+00
 4.613e+01 3.5141e-13 3.5141e-13 [ 4.0859e-35 1.2277e-23 9.2865e-18 2.8618e-13 6.5218e-14 ] 1.0000e+00
 4.624e+01 3.1007e-13 3.1007e-13 [ 2.6426e-35 1.0433e-23 8.1748e-18 2.5252e-13 5.7539e-14 ] 1.0000e+00
 4.635e+01 2.7359e-13 2.7359e-13 [ 1.7080e-35 8.8665e-24 7.1948e-18 2.2282e-13 5.0765e-14 ] 1.0000e+00
 4.647e+01 2.4140e-13 2.4140e-13 [ 1.1033e-35 7.5342e-24 6.3311e-18 1.9661e-13 4.4788e-14 ] 1.0000e+00
 4.658e+01 2.1300e-13 2.1300e-13 [ 7.1219e-36 6.4013e-24 5.5701e-18 1.7348e-13 3.9515e-14 ] 1.0000e+00
 4.669e+01 1.8794e-13 1.8794e-13 [ 4.5945e-36 5.4378e-24 4.8997e-18 1.5307e-13 3.4863e-14 ] 1.0000e+00
 4.681e+01 1.6583e-13 1.6583e-13 [ 2.9622e-36 4.6183e-24 4.3093e-18 1.3506e-13 3.0759e-14 ] 1.0000e+00
 4.692e+01 1.4631e-13 1.4631e-13 [ 1.9087e-36 3.9215e-24 3.7893e-18 1.1917e-13 2.7138e-14 ] 1.0000e+00
 4.703e+01 1.2910e-13 1.2910e-13 [ 1.2291e-36 3.3289e-24 3.3315e-18 1.0515e-13 2.3944e-14 ] 1.0000e+00
 4.715e+01 1.1391e-13 1.1391e-13 [ 7.9106e-37 2.8250e-24 2.9285e-18 9.2778e-14 2.1125e-14 ] 1.0000e+00
 4.726e+01 1.0050e-13 1.0050e-13 [ 5.0883e-37 2.3967e-24 2.5738e-18 8.1860e-14 1.8639e-14 ] 1.0000e+00
 4.737e+01 8.8674e-14 8.8674e-14 [ 3.2712e-37 2.0327e-24 2.2617e-18 7.2227e-14 1.6445e-14 ] 1.0000e+00
 4.749e+01 7.8238e-14 7.8238e-14 [ 2.1019e-37 1.7234e-24 1.9871e-18 6.3727e-14 1.4509e-14 ] 1.0000e+00
 4.760e+01 6.9030e-14 6.9030e-14 [ 1.3498e-37 1.4607e-24 1.7456e-18 5.6227e-14 1.2801e-14 ] 1.0000e+00
 4.771e+01 6.0905e-14 6.0905e-14 [ 8.6647e-38 1.2376e-24 1.5331e-18 4.9609e-14 1.1294e-14 ] 1.0000e+00
 4.783e+01 5.3736e-14 5.3736e-14 [ 5.5594e-38 1.0482e-24 1.3463e-18 4.3770e-14 9.9649e-15 ] 1.0000e+00
 4.794e+01 4.7411e-14 4.7411e-14 [ 3.5655e-38 8.8741e-25 1.1821e-18 3.8618e-14 8.7920e-15 ] 1.0000e+00
 4.805e+01 4.1830e-14 4.1830e-14 [ 2.2859e-38 7.5103e-25 1.0377e-18 3.4072e-14 7.7571e-15 ] 1.0000e+00
 4.817e+01 3.6905e-14 3.6905e-14 [ 1.4650e-38 6.3537e-25 9.1086e-19 3.0060e-14 6.8440e-15 ] 1.0000e+00
 4.828e+01 3.2560e-14 3.2560e-14 [ 9.3859e-39 5.3731e-25 7.9936e-19 2.6521e-14 6.0384e-15 ] 1.0000e+00
 4.839e+01 2.8727e-14 2.8727e-14 [ 6.0119e-39 4.5421e-25 7.0141e-19 2.3399e-14 5.3276e-15 ] 1.0000e+00
 4.851e+01 2.5344e-14 2.5344e-14 [ 3.8501e-39 3.8382e-25 6.1536e-19 2.0643e-14 4.7005e-15 ] 1.0000e+00
 4.862e+01 2.2360e-14 2.2360e-14 [ 2.4653e-39 3.2420e-25 5.3978e-19 1.8212e-14 4.1472e-15 ] 1.0000e+00
 4.873e+01 1.9727e-14 1.9727e-14 [ 1.5785e-39 2.7374e-25 4.7342e-19 1.6067e-14 3.6590e-15 ] 1.0000e+00
 4.885e+01 1.7404e-14 1.7404e-14 [ 1.0107e-39 2.3104e-25 4.1514e-19 1.4175e-14 3.2283e-15 ] 1.0000e+00
 4.896e+01 1.5354e-14 1.5354e-14 [ 6.4723e-40 1.9493e-25 3.6399e-19 1.2505e-14 2.8482e-15 ] 1.0000e+00
 4.907e+01 1.3546e-14 1.3546e-14 [ 4.1455e-40 1.6439e-25 3.1909e-19 1.1032e-14 2.5129e-15 ] 1.0000e+00
 4.919e+01 1.1950e-14 1.1950e-14 [ 2.6561e-40 1.3858e-25 2.7968e-19 9.7327e-15 2.2171e-15 ] 1.0000e+00
 4.930e+01 1.0542e-14 1.0542e-14 [ 1.7025e-40 1.1678e-25 2.4511e-19 8.5860e-15 1.9560e-15 ] 1.0000e+00
 4.941e+01 9.3003e-15 9.3003e-15 [ 1.0919e-40 9.8369e-26 2.1478e-19 7.5744e-15 1.7258e-15 ] 1.0000e+00
 4.953e+01 8.2046e-15 8.2046e-15 [ 7.0075e-41 8.2827e-26 1.8817e-19 6.6818e-15 1.5226e-15 ] 1.0000e+00
 4.964e+01 7.2379e-15 7.2379e-15 [ 4.5012e-41 6.9713e-26 1.6483e-19 5.8944e-15 1.3433e-15 ] 1.0000e+00
 4.975e+01 6.3850e-15 6.3850e-15 [ 2.8942e-41 5.8653e-26 1.4437e-19 5.1997e-15 1.1851e-15 ] 1.0000e+00
 4.987e+01 5.6325e-15 5.6325e-15 [ 1.8632e-41 4.9327e-26 1.2643e-19 4.5869e-15 1.0456e-15 ] 1.0000e+00
 4.998e+01 4.9687e-15 4.9687e-15 [ 1.2010e-41 4.1468e-26 1.1070e-19 4.0462e-15 9.2244e-16 ] 1.0000e+00
 5.009e+01 4.3831e-15 4.3831e-15 [ 7.7544e-42 3.4848e-26 9.6911e-20 3.5692e-15 8.1381e-16 ] 1.0000e+00
 5.021e+01 3.8664e-15 3.8664e-15 [ 5.0153e-42 2.9273e-26 8.4829e-20 3.1484e-15 7.1797e-16 ] 1.0000e+00
 5.032e+01 3.4106e-15 3.4106e-15 [ 3.2501e-42 2.4580e-26 7.4242e-20 2.7771e-15 6.3341e-16 ] 1.0000e+00
 5.043e+01 3.0085e-15 3.0085e-15 [ 2.1107e-42 2.0631e-26 6.4967e-20 2.4496e-15 5.5881e-16 ] 1.0000e+00
 5.055e+01 2.6538e-15 2.6538e-15 [ 1.3740e-42 1.7310e-26 5.6843e-20 2.1607e-15 4.9299e-16 ] 1.0000e+00
 5.066e+01 2.3408e-15 2.3408e-15 [ 8.9672e-43 1.4518e-26 4.9727e-20 1.9059e-15 4.3491e-16 ] 1.0000e+00
 5.077e+01 2.0648e-15 2.0648e-15 [ 5.8683e-43 1.2172e-26 4.3495e-20 1.6811e-15 3.8368e-16 ] 1.0000e+00
 5.089e+01 1.8212e-15 1.8212e-15 [ 3.8515e-43 1.0201e-26 3.8039e-20 1.4827e-15 3.3848e-16 ] 1.0000e+00
 5.100e+01 1.6064e-15 1.6064e-15 [ 2.5355e-43 8.5453e-27 3.3262e-20 1.3078e-15 2.9860e-16 ] 1.0000e+00
 5.111e+01 1.4169e-15 1.4169e-15 [ 1.6745e-43 7.1559e-27 2.9081e-20 1.1535e-15 2.6342e-16 ] 1.0000e+00
 5.123e+01 1.2497e-15 1.2497e-15 [ 1.1095e-43 5.9901e-27 2.5422e-20 1.0173e-15 2.3238e-16 ] 1.0000e+00
 5.134e+01 1.1023e-15 1.1023e-15 [ 7.3762e-44 5.0123e-27 2.2219e-20 8.9726e-16 2.0500e-16 ] 1.0000e+00
 5.145e+01 9.7220e-16 9.7220e-16 [ 4.9205e-44 4.1925e-27 1.9418e-20 7.9134e-16 1.8084e-16 ] 1.0000e+00
 5.157e+01 8.5746e-16 8.5746e-16 [ 3.2935e-44 3.5055e-27 1.6967e-20 6.9792e-16 1.5952e-16 ] 1.0000e+00
 5.168e+01 7.5625e-16 7.5625e-16 [ 2.2119e-44 2.9299e-27 1.4823e-20 6.1551e-16 1.4072e-16 ] 1.0000e+00
 5.179e+01 6.6697e-16 6.6697e-16 [ 1.4904e-44 2.4479e-27 1.2948e-20 5.4283e-16 1.2413e-16 ] 1.0000e+00
 5.191e+01 5.8823e-16 5.8823e-16 [ 1.0075e-44 2.0444e-27 1.1309e-20 4.7872e-16 1.0950e-16 ] 1.0000e+00
 5.202e+01 5.1877e-16 5.1877e-16 [ 6.8319e-45 1.7068e-27 9.8758e-21 4.2217e-16 9.6590e-17 ] 1.0000e+00
 5.213e+01 4.5751e-16 4.5751e-16 [ 4.6463e-45 1.4244e-27 8.6229e-21 3.7230e-16 8.5202e-17 ] 1.0000e+00
 5.225e+01 4.0347e-16 4.0347e-16 [ 3.1688e-45 1.1883e-27 7.5279e-21 3.2831e-16 7.5155e-17 ] 1.0000e+00
 5.236e+01 3.5581e-16 3.5581e-16 [ 2.1667e-45 9.9092e-28 6.5709e-21 2.8951e-16 6.6292e-17 ] 1.0000e+00
 5.247e+01 3.1378e-16 3.1378e-16 [ 1.4851e-45 8.2604e-28 5.7347e-21 2.5530e-16 5.8474e-17 ] 1.0000e+00
 5.259e+01 2.7670e-16 2.7670e-16 [ 1.0202e-45 6.8833e-28 5.0042e-21 2.2512e-16 5.1577e-17 ] 1.0000e+00
 5.270e+01 2.4400e-16 2.4400e-16 [ 7.0223e-46 5.7337e-28 4.3661e-21 1.9851e-16 4.5493e-17 ] 1.0000e+00
 5.281e+01 2.1516e-16 2.1516e-16 [ 4.8425e-46 4.7743e-28 3.8088e-21 1.7504e-16 4.0126e-17 ] 1.0000e+00
 5.293e+01 1.8973e-16 1.8973e-16 [ 3.3447e-46 3.9739e-28 3.3221e-21 1.5434e-16 3.5391e-17 ] 1.0000e+00
 5.304e+01 1.6730e-16 1.6730e-16 [ 2.3135e-46 3.3065e-28 2.8972e-21 1.3608e-16 3.1215e-17 ] 1.0000e+00
 5.315e+01 1.4752e-16 1.4752e-16 [ 1.6022e-46 2.7502e-28 2.5263e-21 1.1998e-16 2.7532e-17 ] 1.0000e+00
 5.327e+01 1.3007e-16 1.3007e-16 [ 1.1107e-46 2.2866e-28 2.2025e-21 1.0579e-16 2.4282e-17 ] 1.0000e+00
 5.338e+01 1.1469e-16 1.1469e-16 [ 7.7073e-47 1.9005e-28 1.9199e-21 9.3270e-17 2.1416e-17 ] 1.0000e+00
 5.349e+01 1.0112e-16 1.0112e-16 [ 5.3520e-47 1.5790e-28 1.6733e-21 8.2231e-17 1.8888e-17 ] 1.0000e+00
 5.361e+01 8.9157e-17 8.9157e-17 [ 3.7187e-47 1.3114e-28 1.4582e-21 7.2497e-17 1.6658e-17 ] 1.0000e+00
 5.372e+01 7.8606e-17 7.8606e-17 [ 2.5851e-47 1.0887e-28 1.2705e-21 6.3914e-17 1.4691e-17 ] 1.0000e+00
 5.383e+01 6.9303e-17 6.9303e-17 [ 1.7976e-47 9.0355e-29 1.1069e-21 5.6346e-17 1.2956e-17 ] 1.0000e+00
 5.395e+01 6.1099e-17 6.1099e-17 [ 1.2504e-47 7.4959e-29 9.6411e-22 4.9673e-17 1.1426e-17 ] 1.0000e+00
 5.406e+01 5.3865e-17 5.3865e-17 [ 8.6980e-48 6.2164e-29 8.3965e-22 4.3788e-17 1.0076e-17 ] 1.0000e+00
 5.417e+01 4.7487e-17 4.7487e-17 [ 6.0510e-48 5.1534e-29 7.3114e-22 3.8600e-17 8.8858e-18 ] 1.0000e+00
 5.429e+01 4.1863e-17 4.1863e-17 [ 4.2094e-48 4.2706e-29 6.3656e-22 3.4026e-17 7.8359e-18 ] 1.0000e+00
 5.440e+01 3.6904e-17 3.6904e-17 [ 2.9280e-48 3.5378e-29 5.5413e-22 2.9993e-17 6.9099e-18 ] 1.0000e+00
 5.451e+01 3.2531e-17 3.2531e-17 [ 2.0363e-48 2.9296e-29 4.8229e-22 2.6438e-17 6.0932e-18 ] 1.0000e+00
 5.463e+01 2.8676e-17 2.8676e-17 [ 1.4158e-48 2.4251e-29 4.1971e-22 2.3303e-17 5.3730e-18 ] 1.0000e+00
 5.474e+01 2.5278e-17 2.5278e-17 [ 9.8410e-49 2.0068e-29 3.6518e-22 2.0539e-17 4.7378e-18 ] 1.0000e+00
 5.485e+01 2.2281e-17 2.2281e-17 [ 6.8381e-49 1.6600e-29 3.1770e-22 1.8103e-17 4.1776e-18 ] 1.0000e+00
 5.497e+01 1.9639e-17 1.9639e-17 [ 4.7497e-49 1.3727e-29 2.7634e-22 1.5955e-17 3.6836e-18 ] 1.0000e+00
 5.508e+01 1.7310e-17 1.7310e-17 [ 3.2978e-49 1.1346e-29 2.4033e-22 1.4062e-17 3.2479e-18 ] 1.0000e+00
 5.519e+01 1.5257e-17 1.5257e-17 [ 2.2887e-49 9.3756e-30 2.0898e-22 1.2393e-17 2.8637e-18 ] 1.0000e+00
 5.531e+01 1.3447e-17 1.3447e-17 [ 1.5876e-49 7.7442e-30 1.8169e-22 1.0922e-17 2.5249e-18 ] 1.0000e+00
 5.542e+01 1.1851e-17 1.1851e-17 [ 1.1007e-49 6.3944e-30 1.5794e-22 9.6247e-18 2.2261e-18 ] 1.0000e+00
 5.553e+01 1.0444e-17 1.0444e-17 [ 7.6276e-50 5.2780e-30 1.3727e-22 8.4816e-18 1.9626e-18 ] 1.0000e+00
 5.565e+01 9.2044e-18 9.2044e-18 [ 5.2829e-50 4.3549e-30 1.1929e-22 7.4740e-18 1.7303e-18 ] 1.0000e+00
 5.576e+01 8.1115e-18 8.1115e-18 [ 3.6568e-50 3.5920e-30 1.0364e-22 6.5859e-18 1.5255e-18 ] 1.0000e+00
 5.587e+01 7.1481e-18 7.1481e-18 [ 2.5299e-50 2.9616e-30 9.0035e-23 5.8031e-18 1.3448e-18 ] 1.0000e+00
 5.599e+01 6.2989e-18 6.2989e-18 [ 1.7492e-50 2.4410e-30 7.8203e-23 5.1133e-18 1.1856e-18 ] 1.0000e+00
 5.610e+01 5.5504e-18 5.5504e-18 [ 1.2087e-50 2.0112e-30 6.7914e-23 4.5053e-18 1.0451e-18 ] 1.0000e+00
 5.621e+01 4.8908e-18 4.8908e-18 [ 8.3469e-51 1.6565e-30 5.8970e-23 3.9694e-18 9.2131e-19 ] 1.0000e+00
 5.633e+01 4.3094e-18 4.3094e-18 [ 5.7607e-51 1.3638e-30 5.1195e-23 3.4972e-18 8.1214e-19 ] 1.0000e+00
 5.644e+01 3.7970e-18 3.7970e-18 [ 3.9733e-51 1.1225e-30 4.4438e-23 3.0810e-18 7.1588e-19 ] 1.0000e+00
 5.655e+01 3.3454e-18 3.3454e-18 [ 2.7388e-51 9.2352e-31 3.8566e-23 2.7143e-18 6.3102e-19 ] 1.0000e+00
 5.667e+01 2.9474e-18 2.9474e-18 [ 1.8866e-51 7.5955e-31 3.3465e-23 2.3911e-18 5.5620e-19 ] 1.0000e+00
 5.678e+01 2.5967e-18 2.5967e-18 [ 1.2988e-51 6.2446e-31 2.9034e-23 2.1064e-18 4.9024e-19 ] 1.0000e+00
 5.689e+01 2.2876e-18 2.2876e-18 [ 8.9354e-52 5.1322e-31 2.5185e-23 1.8555e-18 4.3209e-19 ] 1.0000e+00
 5.701e+01 2.0152e-18 2.0152e-18 [ 6.1434e-52 4.2164e-31 2.1843e-23 1.6344e-18 3.8083e-19 ] 1.0000e+00
 5.712e+01 1.7753e-18 1.7753e-18 [ 4.2211e-52 3.4628e-31 1.8941e-23 1.4396e-18 3.3564e-19 ] 1.0000e+00
 5.723e+01 1.5638e-18 1.5638e-18 [ 2.8984e-52 2.8429e-31 1.6422e-23 1.2680e-18 2.9580e-19 ] 1.0000e+00
 5.735e+01 1.3775e-18 1.3775e-18 [ 1.9888e-52 2.3331e-31 1.4236e-23 1.1168e-18 2.6069e-19 ] 1.0000e+00
 5.746e+01 1.2133e-18 1.2133e-18 [ 1.3638e-52 1.9140e-31 1.2339e-23 9.8356e-19 2.2973e-19 ] 1.0000e+00
 5.757e+01 1.0687e-18 1.0687e-18 [ 9.3463e-53 1.5697e-31 1.0692e-23 8.6620e-19 2.0245e-19 ] 1.0000e+00
 5.769e+01 9.4123e-19 9.4123e-19 [ 6.4008e-53 1.2868e-31 9.2641e-24 7.6282e-19 1.7840e-19 ] 1.0000e+00
 5.780e+01 8.2896e-19 8.2896e-19 [ 4.3807e-53 1.0546e-31 8.0253e-24 6.7175e-19 1.5720e-19 ] 1.0000e+00
 5.791e+01 7.3005e-19 7.3005e-19 [ 2.9962e-53 8.6393e-32 6.9510e-24 5.9153e-19 1.3852e-19 ] 1.0000e+00
 5.803e+01 6.4292e-19 6.4292e-19 [ 2.0479e-53 7.0749e-32 6.0195e-24 5.2086e-19 1.2205e-19 ] 1.0000e+00
 5.814e+01 5.6617e-19 5.6617e-19 [ 1.3988e-53 5.7917e-32 5.2119e-24 4.5862e-19 1.0754e-19 ] 1.0000e+00
 5.825e+01 4.9856e-19 4.9856e-19 [ 9.5481e-54 4.7396e-32 4.5119e-24 4.0380e-19 9.4750e-20 ] 1.0000e+00
 5.837e+01 4.3900e-19 4.3900e-19 [ 6.5132e-54 3.8772e-32 3.9052e-24 3.5552e-19 8.3478e-20 ] 1.0000e+00
 5.848e+01 3.8655e-19 3.8655e-19 [ 4.4401e-54 3.1706e-32 3.3795e-24 3.1300e-19 7.3545e-20 ] 1.0000e+00
 5.859e+01 3.4034e-19 3.4034e-19 [ 3.0248e-54 2.5919e-32 2.9241e-24 2.7555e-19 6.4792e-20 ] 1.0000e+00
 5.871e+01 2.9965e-19 2.9965e-19 [ 2.0593e-54 2.1180e-32 2.5296e-24 2.4257e-19 5.7078e-20 ] 1.0000e+00
 5.882e+01 2.6381e-19 2.6381e-19 [ 1.4011e-54 1.7301e-32 2.1880e-24 2.1353e-19 5.0281e-20 ] 1.0000e+00
 5.893e+01 2.3225e-19 2.3225e-19 [ 9.5260e-55 1.4128e-32 1.8921e-24 1.8796e-19 4.4292e-20 ] 1.0000e+00
 5.905e+01 2.0446e-19 2.0446e-19 [ 6.4726e-55 1.1533e-32 1.6360e-24 1.6544e-19 3.9014e-20 ] 1.0000e+00
 5.916e+01 1.7998e-19 1.7998e-19 [ 4.3950e-55 9.4108e-33 1.4143e-24 1.4561e-19 3.4365e-20 ] 1.0000e+00
 5.927e+01 1.5843e-19 1.5843e-19 [ 2.9824e-55 7.6765e-33 1.2224e-24 1.2816e-19 3.0268e-20 ] 1.0000e+00
 5.939e+01 1.3945e-19 1.3945e-19 [ 2.0225e-55 6.2596e-33 1.0564e-24 1.1279e-19 2.6659e-20 ] 1.0000e+00
 5.950e+01 1.2274e-19 1.2274e-19 [ 1.3706e-55 5.1024e-33 9.1276e-25 9.9257e-20 2.3479e-20 ] 1.0000e+00
 5.961e+01 1.0802e-19 1.0802e-19 [ 9.2825e-56 4.1576e-33 7.8851e-25 8.7345e-20 2.0677e-20 ] 1.0000e+00
 5.973e+01 9.5069e-20 9.5069e-20 [ 6.2825e-56 3.3866e-33 6.8105e-25 7.6859e-20 1.8210e-20 ] 1.0000e+00
 5.984e+01 8.3665e-20 8.3665e-20 [ 4.2493e-56 2.7576e-33 5.8814e-25 6.7628e-20 1.6036e-20 ] 1.0000e+00
 5.995e+01 7.3625e-20 7.3625e-20 [ 2.8723e-56 2.2446e-33 5.0780e-25 5.9503e-20 1.4121e-20 ] 1.0000e+00
 6.007e+01 6.4786e-20 6.4786e-20 [ 1.9402e-56 1.8264e-33 4.3836e-25 5.2352e-20 1.2434e-20 ] 1.0000e+00
 6.018e+01 5.7006e-20 5.7006e-20 [ 1.3097e-56 1.4855e-33 3.7835e-25 4.6058e-20 1.0948e-20 ] 1.0000e+00
 6.029e+01 5.0158e-20 5.0158e-20 [ 8.8359e-57 1.2079e-33 3.2650e-25 4.0518e-20 9.6395e-21 ] 1.0000e+00
 6.041e+01 4.4130e-20 4.4130e-20 [ 5.9570e-57 9.8178e-34 2.8170e-25 3.5643e-20 8.4869e-21 ] 1.0000e+00
 6.052e+01 3.8825e-20 3.8825e-20 [ 4.0136e-57 7.9771e-34 2.4300e-25 3.1353e-20 7.4719e-21 ] 1.0000e+00
 6.063e+01 3.4155e-20 3.4155e-20 [ 2.7024e-57 6.4792e-34 2.0958e-25 2.7577e-20 6.5779e-21 ] 1.0000e+00
 6.075e+01 3.0046e-20 3.0046e-20 [ 1.8184e-57 5.2607e-34 1.8073e-25 2.4255e-20 5.7906e-21 ] 1.0000e+00
 6.086e+01 2.6430e-20 2.6430e-20 [ 1.2228e-57 4.2698e-34 1.5582e-25 2.1332e-20 5.0974e-21 ] 1.0000e+00
 6.097e+01 2.3247e-20 2.3247e-20 [ 8.2176e-58 3.4644e-34 1.3431e-25 1.8760e-20 4.4869e-21 ] 1.0000e+00
 6.109e+01 2.0447e-20 2.0447e-20 [ 5.5189e-58 2.8098e-34 1.1576e-25 1.6498e-20 3.9493e-21 ] 1.0000e+00
 6.120e+01 1.7983e-20 1.7983e-20 [ 3.7041e-58 2.2781e-34 9.9746e-26 1.4507e-20 3.4760e-21 ] 1.0000e+00
 6.131e+01 1.5815e-20 1.5815e-20 [ 2.4845e-58 1.8464e-34 8.5933e-26 1.2756e-20 3.0593e-21 ] 1.0000e+00
 6.143e+01 1.3908e-20 1.3908e-20 [ 1.6654e-58 1.4959e-34 7.4020e-26 1.1216e-20 2.6924e-21 ] 1.0000e+00
 6.154e+01 1.2230e-20 1.2230e-20 [ 1.1156e-58 1.2116e-34 6.3746e-26 9.8607e-21 2.3694e-21 ] 1.0000e+00
 6.165e+01 1.0754e-20 1.0754e-20 [ 7.4687e-59 9.8091e-35 5.4888e-26 8.6689e-21 2.0850e-21 ] 1.0000e+00
 6.177e+01 9.4555e-21 9.4555e-21 [ 4.9969e-59 7.9388e-35 4.7252e-26 7.6207e-21 1.8347e-21 ] 1.0000e+00
 6.188e+01 8.3133e-21 8.3133e-21 [ 3.3410e-59 6.4227e-35 4.0671e-26 6.6989e-21 1.6144e-21 ] 1.0000e+00
 6.199e+01 7.3086e-21 7.3086e-21 [ 2.2324e-59 5.1944e-35 3.5000e-26 5.8882e-21 1.4204e-21 ] 1.0000e+00
 6.211e+01 6.4250e-21 6.4250e-21 [ 1.4907e-59 4.1994e-35 3.0114e-26 5.1753e-21 1.2497e-21 ] 1.0000e+00
 6.222e+01 5.6479e-21 5.6479e-21 [ 9.9484e-60 3.3939e-35 2.5905e-26 4.5484e-21 1.0994e-21 ] 1.0000e+00
 6.233e+01 4.9645e-21 4.9645e-21 [ 6.6349e-60 2.7418e-35 2.2280e-26 3.9972e-21 9.6719e-22 ] 1.0000e+00
 6.245e+01 4.3635e-21 4.3635e-21 [ 4.4223e-60 2.2143e-35 1.9159e-26 3.5126e-21 8.5081e-22 ] 1.0000e+00
 6.256e+01 3.8350e-21 3.8350e-21 [ 2.9456e-60 1.7876e-35 1.6472e-26 3.0866e-21 7.4839e-22 ] 1.0000e+00
 6.267e+01 3.3703e-21 3.3703e-21 [ 1.9608e-60 1.4426e-35 1.4159e-26 2.7120e-21 6.5827e-22 ] 1.0000e+00
 6.279e+01 2.9617e-21 2.9617e-21 [ 1.3045e-60 1.1638e-35 1.2168e-26 2.3828e-21 5.7897e-22 ] 1.0000e+00
 6.290e+01 2.6025e-21 2.6025e-21 [ 8.6727e-61 9.3850e-36 1.0456e-26 2.0933e-21 5.0919e-22 ] 1.0000e+00
 6.301e+01 2.2868e-21 2.2868e-21 [ 5.7624e-61 7.5657e-36 8.9823e-27 1.8390e-21 4.4780e-22 ] 1.0000e+00
 6.313e+01 2.0092e-21 2.0092e-21 [ 3.8263e-61 6.0968e-36 7.7151e-27 1.6154e-21 3.9378e-22 ] 1.0000e+00
 6.324e+01 1.7652e-21 1.7652e-21 [ 2.5392e-61 4.9114e-36 6.6254e-27 1.4189e-21 3.4627e-22 ] 1.0000e+00
 6.335e+01 1.5507e-21 1.5507e-21 [ 1.6840e-61 3.9550e-36 5.6885e-27 1.2462e-21 3.0447e-22 ] 1.0000e+00
 6.347e+01 1.3622e-21 1.3622e-21 [ 1.1161e-61 3.1837e-36 4.8832e-27 1.0945e-21 2.6769e-22 ] 1.0000e+00
 6.358e+01 1.1965e-21 1.1965e-21 [ 7.3927e-62 2.5620e-36 4.1910e-27 9.6115e-22 2.3535e-22 ] 1.0000e+00
 6.369e+01 1.0509e-21 1.0509e-21 [ 4.8937e-62 2.0609e-36 3.5963e-27 8.4400e-22 2.0690e-22 ] 1.0000e+00
 6.381e+01 9.2297e-22 9.2297e-22 [ 3.2374e-62 1.6572e-36 3.0853e-27 7.4108e-22 1.8188e-22 ] 1.0000e+00
 6.392e+01 8.1055e-22 8.1055e-22 [ 2.1404e-62 1.3321e-36 2.6465e-27 6.5067e-22 1.5988e-22 ] 1.0000e+00
 6.403e+01 7.1177e-22 7.1177e-22 [ 1.4143e-62 1.0704e-36 2.2696e-27 5.7125e-22 1.4053e-22 ] 1.0000e+00
 6.415e+01 6.2499e-22 6.2499e-22 [ 9.3389e-63 8.5980e-37 1.9460e-27 5.0148e-22 1.2351e-22 ] 1.0000e+00
 6.426e+01 5.4875e-22 5.4875e-22 [ 6.1630e-63 6.9039e-37 1.6682e-27 4.4020e-22 1.0855e-22 ] 1.0000e+00
 6.437e+01 4.8178e-22 4.8178e-22 [ 4.0646e-63 5.5416e-37 1.4298e-27 3.8639e-22 9.5392e-23 ] 1.0000e+00
 6.449e+01 4.2295e-22 4.2295e-22 [ 2.6791e-63 4.4465e-37 1.2252e-27 3.3912e-22 8.3825e-23 ] 1.0000e+00
 6.460e+01 3.7127e-22 3.7127e-22 [ 1.7648e-63 3.5665e-37 1.0497e-27 2.9762e-22 7.3656e-23 ] 1.0000e+00
 6.471e+01 3.2589e-22 3.2589e-22 [ 1.1618e-63 2.8597e-37 8.9914e-28 2.6117e-22 6.4716e-23 ] 1.0000e+00
 6.483e+01 2.8603e-22 2.8603e-22 [ 7.6435e-64 2.2921e-37 7.7002e-28 2.2918e-22 5.6858e-23 ] 1.0000e+00
 6.494e+01 2.5103e-22 2.5103e-22 [ 5.0258e-64 1.8365e-37 6.5932e-28 2.0108e-22 4.9950e-23 ] 1.0000e+00
 6.505e+01 2.2030e-22 2.2030e-22 [ 3.3025e-64 1.4709e-37 5.6442e-28 1.7642e-22 4.3879e-23 ] 1.0000e+00
 6.517e+01 1.9331e-22 1.9331e-22 [ 2.1688e-64 1.1777e-37 4.8308e-28 1.5477e-22 3.8543e-23 ] 1.0000e+00
 6.528e+01 1.6962e-22 1.6962e-22 [ 1.4234e-64 9.4261e-38 4.1339e-28 1.3577e-22 3.3854e-23 ] 1.0000e+00
 6.539e+01 1.4882e-22 1.4882e-22 [ 9.3367e-65 7.5416e-38 3.5367e-28 1.1909e-22 2.9733e-23 ] 1.0000e+00
 6.551e+01 1.3056e-22 1.3056e-22 [ 6.1205e-65 6.0317e-38 3.0252e-28 1.0445e-22 2.6112e-23 ] 1.0000e+00
 6.562e+01 1.1453e-22 1.1453e-22 [ 4.0097e-65 4.8224e-38 2.5872e-28 9.1600e-23 2.2930e-23 ] 1.0000e+00
 6.573e+01 1.0046e-22 1.0046e-22 [ 2.6253e-65 3.8541e-38 2.2121e-28 8.0327e-23 2.0135e-23 ] 1.0000e+00
 6.585e+01 8.8115e-23 8.8115e-23 [ 1.7179e-65 3.0792e-38 1.8911e-28 7.0436e-23 1.7679e-23 ] 1.0000e+00
 6.596e+01 7.7279e-23 7.7279e-23 [ 1.1234e-65 2.4592e-38 1.6163e-28 6.1757e-23 1.5521e-23 ] 1.0000e+00
 6.607e+01 6.7770e-23 6.7770e-23 [ 7.3422e-66 1.9633e-38 1.3811e-28 5.4144e-23 1.3626e-23 ] 1.0000e+00
 6.619e+01 5.9427e-23 5.9427e-23 [ 4.7957e-66 1.5668e-38 1.1800e-28 4.7465e-23 1.1962e-23 ] 1.0000e+00
 6.630e+01 5.2106e-23 5.2106e-23 [ 3.1306e-66 1.2500e-38 1.0079e-28 4.1607e-23 1.0500e-23 ] 1.0000e+00
 6.641e+01 4.5684e-23 4.5684e-23 [ 2.0424e-66 9.9684e-39 8.6073e-29 3.6468e-23 9.2156e-24 ] 1.0000e+00
 6.653e+01 4.0050e-23 4.0050e-23 [ 1.3316e-66 7.9468e-39 7.3491e-29 3.1962e-23 8.0880e-24 ] 1.0000e+00
 6.664e+01 3.5108e-23 3.5108e-23 [ 8.6771e-67 6.3329e-39 6.2735e-29 2.8010e-23 7.0978e-24 ] 1.0000e+00
 6.675e+01 3.0773e-23 3.0773e-23 [ 5.6508e-67 5.0449e-39 5.3543e-29 2.4544e-23 6.2284e-24 ] 1.0000e+00
 6.687e+01 2.6971e-23 2.6971e-23 [ 3.6778e-67 4.0175e-39 4.5688e-29 2.1506e-23 5.4650e-24 ] 1.0000e+00
 6.698e+01 2.3637e-23 2.3637e-23 [ 2.3922e-67 3.1981e-39 3.8977e-29 1.8842e-23 4.7949e-24 ] 1.0000e+00
 6.709e+01 2.0713e-23 2.0713e-23 [ 1.5551e-67 2.5449e-39 3.3245e-29 1.6506e-23 4.2066e-24 ] 1.0000e+00
 6.721e+01 1.8149e-23 1.8149e-23 [ 1.0103e-67 2.0244e-39 2.8350e-29 1.4459e-23 3.6902e-24 ] 1.0000e+00
 6.732e+01 1.5901e-23 1.5901e-23 [ 6.5602e-68 1.6098e-39 2.4171e-29 1.2665e-23 3.2369e-24 ] 1.0000e+00
 6.743e+01 1.3931e-23 1.3931e-23 [ 4.2571e-68 1.2796e-39 2.0604e-29 1.1092e-23 2.8391e-24 ] 1.0000e+00
 6.755e+01 1.2203e-23 1.2203e-23 [ 2.7609e-68 1.0168e-39 1.7560e-29 9.7135e-24 2.4899e-24 ] 1.0000e+00
 6.766e+01 1.0689e-23 1.0689e-23 [ 1.7895e-68 8.0768e-40 1.4962e-29 8.5057e-24 2.1835e-24 ] 1.0000e+00
 6.777e+01 9.3622e-24 9.3622e-24 [ 1.1592e-68 6.4133e-40 1.2746e-29 7.4475e-24 1.9147e-24 ] 1.0000e+00
 6.789e+01 8.1991e-24 8.1991e-24 [ 7.5048e-69 5.0906e-40 1.0856e-29 6.5202e-24 1.6788e-24 ] 1.0000e+00
 6.800e+01 7.1799e-24 7.1799e-24 [ 4.8558e-69 4.0392e-40 9.2440e-30 5.7079e-24 1.4719e-24 ] 1.0000e+00
 6.811e+01 6.2868e-24 6.2868e-24 [ 3.1400e-69 3.2038e-40 7.8699e-30 4.9964e-24 1.2904e-24 ] 1.0000e+00
 6.823e+01 5.5042e-24 5.5042e-24 [ 2.0293e-69 2.5403e-40 6.6986e-30 4.3731e-24 1.1311e-24 ] 1.0000e+00
 6.834e+01 4.8187e-24 4.8187e-24 [ 1.3107e-69 2.0134e-40 5.7005e-30 3.8272e-24 9.9145e-25 ] 1.0000e+00
 6.845e+01 4.2181e-24 4.2181e-24 [ 8.4609e-70 1.5953e-40 4.8501e-30 3.3492e-24 8.6895e-25 ] 1.0000e+00
 6.857e+01 3.6921e-24 3.6921e-24 [ 5.4585e-70 1.2635e-40 4.1257e-30 2.9306e-24 7.6152e-25 ] 1.0000e+00
 6.868e+01 3.2313e-24 3.2313e-24 [ 3.5195e-70 1.0004e-40 3.5087e-30 2.5640e-24 6.6731e-25 ] 1.0000e+00
 6.879e+01 2.8278e-24 2.8278e-24 [ 2.2680e-70 7.9175e-41 2.9834e-30 2.2431e-24 5.8471e-25 ] 1.0000e+00
 6.891e+01 2.4745e-24 2.4745e-24 [ 1.4606e-70 6.2641e-41 2.5362e-30 1.9622e-24 5.1228e-25 ] 1.0000e+00
 6.902e+01 2.1651e-24 2.1651e-24 [ 9.4016e-71 4.9541e-41 2.1556e-30 1.7163e-24 4.4879e-25 ] 1.0000e+00
 6.913e+01 1.8942e-24 1.8942e-24 [ 6.0479e-71 3.9167e-41 1.8317e-30 1.5010e-24 3.9313e-25 ] 1.0000e+00
 6.925e+01 1.6570e-24 1.6570e-24 [ 3.8883e-71 3.0954e-41 1.5561e-30 1.3127e-24 3.4435e-25 ] 1.0000e+00
 6.936e+01 1.4494e-24 1.4494e-24 [ 2.4984e-71 2.4455e-41 1.3217e-30 1.1478e-24 3.0159e-25 ] 1.0000e+00
 6.947e+01 1.2677e-24 1.2677e-24 [ 1.6044e-71 1.9313e-41 1.1224e-30 1.0036e-24 2.6411e-25 ] 1.0000e+00
 6.959e+01 1.1086e-24 1.1086e-24 [ 1.0298e-71 1.5247e-41 9.5296e-31 8.7735e-25 2.3128e-25 ] 1.0000e+00
 6.970e+01 9.6944e-25 9.6944e-25 [ 6.6053e-72 1.2032e-41 8.0891e-31 7.6694e-25 2.0250e-25 ] 1.0000e+00
 6.981e+01 8.4765e-25 8.4765e-25 [ 4.2346e-72 9.4918e-42 6.8649e-31 6.7036e-25 1.7729e-25 ] 1.0000e+00
 6.993e+01 7.4108e-25 7.4108e-25 [ 2.7132e-72 7.4852e-42 5.8247e-31 5.8588e-25 1.5520e-25 ] 1.0000e+00
 7.004e+01 6.4785e-25 6.4785e-25 [ 1.7374e-72 5.9006e-42 4.9411e-31 5.1199e-25 1.3586e-25 ] 1.0000e+00
 7.015e+01 5.6629e-25 5.6629e-25 [ 1.1119e-72 4.6498e-42 4.1906e-31 4.4738e-25 1.1891e-25 ] 1.0000e+00
 7.027e+01 4.9495e-25 4.9495e-25 [ 7.1120e-73 3.6628e-42 3.5534e-31 3.9088e-25 1.0407e-25 ] 1.0000e+00
 7.038e+01 4.3255e-25 4.3255e-25 [ 4.5465e-73 2.8843e-42 3.0124e-31 3.4148e-25 9.1068e-26 ] 1.0000e+00
 7.049e+01 3.7798e-25 3.7798e-25 [ 2.9048e-73 2.2704e-42 2.5532e-31 2.9829e-25 7.9685e-26 ] 1.0000e+00
 7.061e+01 3.3026e-25 3.3026e-25 [ 1.8548e-73 1.7866e-42 2.1635e-31 2.6054e-25 6.9719e-26 ] 1.0000e+00
 7.072e+01 2.8853e-25 2.8853e-25 [ 1.1837e-73 1.4053e-42 1.8330e-31 2.2754e-25 6.0993e-26 ] 1.0000e+00
 7.083e+01 2.5205e-25 2.5205e-25 [ 7.5500e-74 1.1050e-42 1.5526e-31 1.9870e-25 5.3353e-26 ] 1.0000e+00
 7.095e+01 2.2016e-25 2.2016e-25 [ 4.8129e-74 8.6855e-43 1.3148e-31 1.7350e-25 4.6666e-26 ] 1.0000e+00
 7.106e+01 1.9229e-25 1.9229e-25 [ 3.0663e-74 6.8246e-43 1.1131e-31 1.5147e-25 4.0814e-26 ] 1.0000e+00
 7.117e+01 1.6792e-25 1.6792e-25 [ 1.9525e-74 5.3604e-43 9.4225e-32 1.3223e-25 3.5691e-26 ] 1.0000e+00
 7.129e+01 1.4663e-25 1.4663e-25 [ 1.2426e-74 4.2088e-43 7.9741e-32 1.1542e-25 3.1209e-26 ] 1.0000e+00
 7.140e+01 1.2803e-25 1.2803e-25 [ 7.9032e-75 3.3034e-43 6.7469e-32 1.0074e-25 2.7286e-26 ] 1.0000e+00
 7.151e+01 1.1177e-25 1.1177e-25 [ 5.0240e-75 2.5919e-43 5.7074e-32 8.7914e-26 2.3854e-26 ] 1.0000e+00
 7.163e+01 9.7566e-26 9.7566e-26 [ 3.1919e-75 2.0328e-43 4.8269e-32 7.6714e-26 2.0852e-26 ] 1.0000e+00
 7.174e+01 8.5159e-26 8.5159e-26 [ 2.0268e-75 1.5938e-43 4.0814e-32 6.6933e-26 1.8226e-26 ] 1.0000e+00
 7.185e+01 7.4321e-26 7.4321e-26 [ 1.2863e-75 1.2491e-43 3.4503e-32 5.8392e-26 1.5929e-26 ] 1.0000e+00
 7.197e+01 6.4856e-26 6.4856e-26 [ 8.1585e-76 9.7864e-44 2.9161e-32 5.0936e-26 1.3920e-26 ] 1.0000e+00
 7.208e+01 5.6590e-26 5.6590e-26 [ 5.1719e-76 7.6645e-44 2.4641e-32 4.4427e-26 1.2163e-26 ] 1.0000e+00
 7.219e+01 4.9372e-26 4.9372e-26 [ 3.2768e-76 6.0004e-44 2.0817e-32 3.8745e-26 1.0626e-26 ] 1.0000e+00
 7.231e+01 4.3070e-26 4.3070e-26 [ 2.0750e-76 4.6960e-44 1.7583e-32 3.3786e-26 9.2833e-27 ] 1.0000e+00
 7.242e+01 3.7568e-26 3.7568e-26 [ 1.3132e-76 3.6738e-44 1.4848e-32 2.9459e-26 8.1090e-27 ] 1.0000e+00
 7.253e+01 3.2765e-26 3.2765e-26 [ 8.3064e-77 2.8730e-44 1.2535e-32 2.5683e-26 7.0825e-27 ] 1.0000e+00
 7.265e+01 2.8573e-26 2.8573e-26 [ 5.2512e-77 2.2460e-44 1.0581e-32 2.2388e-26 6.1853e-27 ] 1.0000e+00
 7.276e+01 2.4915e-26 2.4915e-26 [ 3.3179e-77 1.7552e-44 8.9289e-33 1.9514e-26 5.4012e-27 ] 1.0000e+00
 7.287e+01 2.1723e-26 2.1723e-26 [ 2.0952e-77 1.3711e-44 7.5333e-33 1.7007e-26 4.7160e-27 ] 1.0000e+00
 7.299e+01 1.8937e-26 1.8937e-26 [ 1.3224e-77 1.0707e-44 6.3545e-33 1.4820e-26 4.1172e-27 ] 1.0000e+00
 7.310e+01 1.6507e-26 1.6507e-26 [ 8.3417e-78 8.3582e-45 5.3589e-33 1.2913e-26 3.5941e-27 ] 1.0000e+00
 7.321e+01 1.4387e-26 1.4387e-26 [ 5.2591e-78 6.5222e-45 4.5183e-33 1.1250e-26 3.1371e-27 ] 1.0000e+00
 7.333e+01 1.2538e-26 1.2538e-26 [ 3.3139e-78 5.0877e-45 3.8088e-33 9.8001e-27 2.7379e-27 ] 1.0000e+00
 7.344e+01 1.0925e-26 1.0925e-26 [ 2.0870e-78 3.9672e-45 3.2099e-33 8.5360e-27 2.3893e-27 ] 1.0000e+00
 7.355e+01 9.5189e-27 9.5189e-27 [ 1.3136e-78 3.0924e-45 2.7046e-33 7.4341e-27 2.0848e-27 ] 1.0000e+00
 7.367e+01 8.2926e-27 8.2926e-27 [ 8.2640e-79 2.4096e-45 2.2784e-33 6.4737e-27 1.8189e-27 ] 1.0000e+00
 7.378e+01 7.2234e-27 7.2234e-27 [ 5.1960e-79 1.8769e-45 1.9188e-33 5.6367e-27 1.5867e-27 ] 1.0000e+00
 7.389e+01 6.2914e-27 6.2914e-27 [ 3.2653e-79 1.4614e-45 1.6157e-33 4.9073e-27 1.3841e-27 ] 1.0000e+00
 7.401e+01 5.4789e-27 5.4789e-27 [ 2.0508e-79 1.1375e-45 1.3602e-33 4.2718e-27 1.2071e-27 ] 1.0000e+00
 7.412e+01 4.7709e-27 4.7709e-27 [ 1.2874e-79 8.8504e-46 1.1448e-33 3.7182e-27 1.0527e-27 ] 1.0000e+00
 7.423e+01 4.1538e-27 4.1538e-27 [ 8.0771e-80 6.8837e-46 9.6329e-34 3.2359e-27 9.1793e-28 ] 1.0000e+00
 7.435e+01 3.6161e-27 3.6161e-27 [ 5.0649e-80 5.3521e-46 8.1039e-34 2.8158e-27 8.0032e-28 ] 1.0000e+00
 7.446e+01 3.1477e-27 3.1477e-27 [ 3.1743e-80 4.1598e-46 6.8160e-34 2.4500e-27 6.9769e-28 ] 1.0000e+00
 7.457e+01 2.7396e-27 2.7396e-27 [ 1.9884e-80 3.2319e-46 5.7316e-34 2.1314e-27 6.0816e-28 ] 1.0000e+00
 7.469e+01 2.3841e-27 2.3841e-27 [ 1.2448e-80 2.5101e-46 4.8186e-34 1.8541e-27 5.3005e-28 ] 1.0000e+00
 7.480e+01 2.0745e-27 2.0745e-27 [ 7.7894e-81 1.9488e-46 4.0501e-34 1.6126e-27 4.6193e-28 ] 1.0000e+00
 7.491e+01 1.8049e-27 1.8049e-27 [ 4.8714e-81 1.5124e-46 3.4034e-34 1.4024e-27 4.0251e-28 ] 1.0000e+00
 7.503e+01 1.5701e-27 1.5701e-27 [ 3.0450e-81 1.1733e-46 2.8594e-34 1.2195e-27 3.5069e-28 ] 1.0000e+00
 7.514e+01 1.3657e-27 1.3657e-27 [ 1.9023e-81 9.0996e-47 2.4018e-34 1.0602e-27 3.0551e-28 ] 1.0000e+00
 7.525e+01 1.1878e-27 1.1878e-27 [ 1.1878e-81 7.0544e-47 2.0169e-34 9.2170e-28 2.6612e-28 ] 1.0000e+00
 7.537e+01 1.0329e-27 1.0329e-27 [ 7.4126e-82 5.4669e-47 1.6934e-34 8.0117e-28 2.3178e-28 ] 1.0000e+00
 7.548e+01 8.9815e-28 8.9815e-28 [ 4.6236e-82 4.2351e-47 1.4214e-34 6.9631e-28 2.0184e-28 ] 1.0000e+00
 7.559e+01 7.8085e-28 7.8085e-28 [ 2.8824e-82 3.2797e-47 1.1928e-34 6.0509e-28 1.7575e-28 ] 1.0000e+00
 7.571e+01 6.7878e-28 6.7878e-28 [ 1.7960e-82 2.5389e-47 1.0008e-34 5.2577e-28 1.5302e-28 ] 1.0000e+00
 7.582e+01 5.8999e-28 5.8999e-28 [ 1.1184e-82 1.9647e-47 8.3949e-35 4.5678e-28 1.3321e-28 ] 1.0000e+00
 7.593e+01 5.1274e-28 5.1274e-28 [ 6.9616e-83 1.5198e-47 7.0402e-35 3.9679e-28 1.1595e-28 ] 1.0000e+00
 7.605e+01 4.4556e-28 4.4556e-28 [ 4.3308e-83 1.1752e-47 5.9028e-35 3.4464e-28 1.0091e-28 ] 1.0000e+00
 7.616e+01 3.8712e-28 3.8712e-28 [ 2.6928e-83 9.0843e-48 4.9481e-35 2.9931e-28 8.7817e-29 ] 1.0000e+00
 7.627e+01 3.3631e-28 3.3631e-28 [ 1.6734e-83 7.0196e-48 4.1468e-35 2.5990e-28 7.6411e-29 ] 1.0000e+00
 7.639e+01 2.9213e-28 2.9213e-28 [ 1.0394e-83 5.4221e-48 3.4745e-35 2.2566e-28 6.6478e-29 ] 1.0000e+00
 7.650e+01 2.5373e-28 2.5373e-28 [ 6.4528e-84 4.1867e-48 2.9105e-35 1.9590e-28 5.7830e-29 ] 1.0000e+00
 7.661e+01 2.2034e-28 2.2034e-28 [ 4.0039e-84 3.2316e-48 2.4375e-35 1.7004e-28 5.0300e-29 ] 1.0000e+00
 7.673e+01 1.9132e-28 1.9132e-28 [ 2.4830e-84 2.4935e-48 2.0410e-35 1.4758e-28 4.3745e-29 ] 1.0000e+00
 7.684e+01 1.6611e-28 1.6611e-28 [ 1.5391e-84 1.9232e-48 1.7085e-35 1.2807e-28 3.8040e-29 ] 1.0000e+00
 7.695e+01 1.4419e-28 1.4419e-28 [ 9.5348e-85 1.4829e-48 1.4299e-35 1.1112e-28 3.3074e-29 ] 1.0000e+00
 7.707e+01 1.2516e-28 1.2516e-28 [ 5.9039e-85 1.1429e-48 1.1964e-35 9.6403e-29 2.8753e-29 ] 1.0000e+00
 7.718e+01 1.0862e-28 1.0862e-28 [ 3.6538e-85 8.8057e-49 1.0009e-35 8.3625e-29 2.4994e-29 ] 1.0000e+00
 7.729e+01 9.4254e-29 9.4254e-29 [ 2.2601e-85 6.7821e-49 8.3709e-36 7.2530e-29 2.1723e-29 ] 1.0000e+00
 7.741e+01 8.1778e-29 8.1778e-29 [ 1.3973e-85 5.2215e-49 6.9994e-36 6.2900e-29 1.8878e-29 ] 1.0000e+00
 7.752e+01 7.0944e-29 7.0944e-29 [ 8.6339e-86 4.0186e-49 5.8513e-36 5.4541e-29 1.6404e-29 ] 1.0000e+00
 7.763e+01 6.1538e-29 6.1538e-29 [ 5.3323e-86 3.0917e-49 4.8904e-36 4.7286e-29 1.4252e-29 ] 1.0000e+00
 7.775e+01 5.3371e-29 5.3371e-29 [ 3.2916e-86 2.3777e-49 4.0864e-36 4.0991e-29 1.2380e-29 ] 1.0000e+00
 7.786e+01 4.6283e-29 4.6283e-29 [ 2.0308e-86 1.8280e-49 3.4137e-36 3.5529e-29 1.0753e-29 ] 1.0000e+00
 7.797e+01 4.0130e-29 4.0130e-29 [ 1.2523e-86 1.4048e-49 2.8512e-36 3.0791e-29 9.3389e-30 ] 1.0000e+00
 7.809e+01 3.4791e-29 3.4791e-29 [ 7.7183e-87 1.0792e-49 2.3808e-36 2.6681e-29 8.1096e-30 ] 1.0000e+00
 7.820e+01 3.0158e-29 3.0158e-29 [ 4.7547e-87 8.2877e-50 1.9875e-36 2.3117e-29 7.0411e-30 ] 1.0000e+00
 7.831e+01 2.6139e-29 2.6139e-29 [ 2.9275e-87 6.3622e-50 1.6589e-36 2.0026e-29 6.1126e-30 ] 1.0000e+00
 7.843e+01 2.2652e-29 2.2652e-29 [ 1.8015e-87 4.8823e-50 1.3842e-36 1.7346e-29 5.3059e-30 ] 1.0000e+00
 7.854e+01 1.9628e-29 1.9628e-29 [ 1.1081e-87 3.7452e-50 1.1548e-36 1.5023e-29 4.6050e-30 ] 1.0000e+00
 7.865e+01 1.7005e-29 1.7005e-29 [ 6.8122e-88 2.8720e-50 9.6316e-37 1.3009e-29 3.9962e-30 ] 1.0000e+00
 7.877e+01 1.4731e-29 1.4731e-29 [ 4.1858e-88 2.2015e-50 8.0314e-37 1.1263e-29 3.4674e-30 ] 1.0000e+00
 7.888e+01 1.2759e-29 1.2759e-29 [ 2.5707e-88 1.6869e-50 6.6956e-37 9.7508e-30 3.0082e-30 ] 1.0000e+00
 7.899e+01 1.1050e-29 1.1050e-29 [ 1.5780e-88 1.2922e-50 5.5807e-37 8.4401e-30 2.6095e-30 ] 1.0000e+00
 7.911e+01 9.5680e-30 9.5680e-30 [ 9.6811e-89 9.8943e-51 4.6503e-37 7.3047e-30 2.2633e-30 ] 1.0000e+00
 7.922e+01 8.2839e-30 8.2839e-30 [ 5.9366e-89 7.5734e-51 3.8742e-37 6.3211e-30 1.9628e-30 ] 1.0000e+00
 7.933e+01 7.1711e-30 7.1711e-30 [ 3.6385e-89 5.7948e-51 3.2268e-37 5.4692e-30 1.7019e-30 ] 1.0000e+00
 7.945e+01 6.2070e-30 6.2070e-30 [ 2.2289e-89 4.4323e-51 2.6870e-37 4.7315e-30 1.4755e-30 ] 1.0000e+00
 7.956e+01 5.3718e-30 5.3718e-30 [ 1.3647e-89 3.3889e-51 2.2370e-37 4.0927e-30 1.2791e-30 ] 1.0000e+00
 7.967e+01 4.6483e-30 4.6483e-30 [ 8.3518e-90 2.5902e-51 1.8619e-37 3.5396e-30 1.1087e-30 ] 1.0000e+00
 7.979e+01 4.0217e-30 4.0217e-30 [ 5.1085e-90 1.9790e-51 1.5494e-37 3.0609e-30 9.6081e-31 ] 1.0000e+00
 7.990e+01 3.4791e-30 3.4791e-30 [ 3.1231e-90 1.5115e-51 1.2890e-37 2.6465e-30 8.3256e-31 ] 1.0000e+00
 8.001e+01 3.0093e-30 3.0093e-30 [ 1.9084e-90 1.1540e-51 1.0721e-37 2.2880e-30 7.2133e-31 ] 1.0000e+00
 8.013e+01 2.6026e-30 2.6026e-30 [ 1.1655e-90 8.8070e-52 8.9154e-38 1.9777e-30 6.2488e-31 ] 1.0000e+00
 8.024e+01 2.2505e-30 2.2505e-30 [ 7.1149e-91 6.7190e-52 7.4120e-38 1.7092e-30 5.4124e-31 ] 1.0000e+00
 8.035e+01 1.9458e-30 1.9458e-30 [ 4.3410e-91 5.1242e-52 6.1606e-38 1.4770e-30 4.6874e-31 ] 1.0000e+00
 8.047e+01 1.6821e-30 1.6821e-30 [ 2.6473e-91 3.9065e-52 5.1194e-38 1.2762e-30 4.0590e-31 ] 1.0000e+00
 8.058e+01 1.4539e-30 1.4539e-30 [ 1.6136e-91 2.9770e-52 4.2531e-38 1.1025e-30 3.5143e-31 ] 1.0000e+00
 8.069e+01 1.2565e-30 1.2565e-30 [ 9.8301e-92 2.2679e-52 3.5326e-38 9.5231e-31 3.0423e-31 ] 1.0000e+00
 8.081e+01 1.0858e-30 1.0858e-30 [ 5.9857e-92 1.7271e-52 2.9335e-38 8.2247e-31 2.6333e-31 ] 1.0000e+00
 8.092e+01 9.3812e-31 9.3812e-31 [ 3.6429e-92 1.3147e-52 2.4354e-38 7.1023e-31 2.2790e-31 ] 1.0000e+00
 8.103e+01 8.1042e-31 8.1042e-31 [ 2.2160e-92 1.0004e-52 2.0214e-38 6.1321e-31 1.9720e-31 ] 1.0000e+00
 8.115e+01 7.0000e-31 7.0000e-31 [ 1.3473e-92 7.6102e-53 1.6774e-38 5.2938e-31 1.7062e-31 ] 1.0000e+00
 8.126e+01 6.0454e-31 6.0454e-31 [ 8.1877e-93 5.7868e-53 1.3917e-38 4.5694e-31 1.4760e-31 ] 1.0000e+00
 8.137e+01 5.2203e-31 5.2203e-31 [ 4.9731e-93 4.3987e-53 1.1543e-38 3.9436e-31 1.2767e-31 ] 1.0000e+00
 8.149e+01 4.5071e-31 4.5071e-31 [ 3.0191e-93 3.3423e-53 9.5718e-39 3.4029e-31 1.1041e-31 ] 1.0000e+00
 8.160e+01 3.8908e-31 3.8908e-31 [ 1.8320e-93 2.5387e-53 7.9355e-39 2.9360e-31 9.5478e-32 ] 1.0000e+00
 8.171e+01 3.3583e-31 3.3583e-31 [ 1.1111e-93 1.9276e-53 6.5774e-39 2.5328e-31 8.2550e-32 ] 1.0000e+00
 8.183e+01 2.8983e-31 2.8983e-31 [ 6.7351e-94 1.4630e-53 5.4504e-39 2.1846e-31 7.1362e-32 ] 1.0000e+00
 8.194e+01 2.5009e-31 2.5009e-31 [ 4.0807e-94 1.1100e-53 4.5155e-39 1.8841e-31 6.1682e-32 ] 1.0000e+00
 8.205e+01 2.1577e-31 2.1577e-31 [ 2.4712e-94 8.4190e-54 3.7401e-39 1.6246e-31 5.3307e-32 ] 1.0000e+00
 8.217e+01 1.8613e-31 1.8613e-31 [ 1.4957e-94 6.3829e-54 3.0971e-39 1.4007e-31 4.6063e-32 ] 1.0000e+00
 8.228e+01 1.6054e-31 1.6054e-31 [ 9.0489e-95 4.8375e-54 2.5640e-39 1.2074e-31 3.9798e-32 ] 1.0000e+00
 8.239e+01 1.3845e-31 1.3845e-31 [ 5.4717e-95 3.6648e-54 2.1222e-39 1.0407e-31 3.4379e-32 ] 1.0000e+00
 8.251e+01 1.1938e-31 1.1938e-31 [ 3.3069e-95 2.7754e-54 1.7562e-39 8.9685e-32 2.9695e-32 ] 1.0000e+00
 8.262e+01 1.0292e-31 1.0292e-31 [ 1.9976e-95 2.1011e-54 1.4529e-39 7.7278e-32 2.5645e-32 ] 1.0000e+00
 8.273e+01 8.8721e-32 8.8721e-32 [ 1.2061e-95 1.5900e-54 1.2017e-39 6.6577e-32 2.2144e-32 ] 1.0000e+00
 8.285e+01 7.6468e-32 7.6468e-32 [ 7.2786e-96 1.2028e-54 9.9369e-40 5.7350e-32 1.9118e-32 ] 1.0000e+00
 8.296e+01 6.5897e-32 6.5897e-32 [ 4.3902e-96 9.0953e-55 8.2151e-40 4.9394e-32 1.6503e-32 ] 1.0000e+00
 8.307e+01 5.6780e-32 5.6780e-32 [ 2.6468e-96 6.8751e-55 6.7900e-40 4.2536e-32 1.4244e-32 ] 1.0000e+00
 8.319e+01 4.8917e-32 4.8917e-32 [ 1.5949e-96 5.1950e-55 5.6108e-40 3.6624e-32 1.2292e-32 ] 1.0000e+00
 8.330e+01 4.2136e-32 4.2136e-32 [ 9.6054e-97 3.9239e-55 4.6353e-40 3.1529e-32 1.0607e-32 ] 1.0000e+00
 8.341e+01 3.6290e-32 3.6290e-32 [ 5.7822e-97 2.9628e-55 3.8285e-40 2.7139e-32 9.1507e-33 ] 1.0000e+00
 8.353e+01 3.1251e-32 3.1251e-32 [ 3.4790e-97 2.2362e-55 3.1613e-40 2.3357e-32 7.8935e-33 ] 1.0000e+00
 8.364e+01 2.6907e-32 2.6907e-32 [ 2.0921e-97 1.6872e-55 2.6098e-40 2.0099e-32 6.8079e-33 ] 1.0000e+00
 8.375e+01 2.3164e-32 2.3164e-32 [ 1.2575e-97 1.2724e-55 2.1541e-40 1.7293e-32 5.8708e-33 ] 1.0000e+00
 8.387e+01 1.9938e-32 1.9938e-32 [ 7.5548e-98 9.5930e-56 1.7774e-40 1.4876e-32 5.0620e-33 ] 1.0000e+00
 8.398e+01 1.7159e-32 1.7159e-32 [ 4.5364e-98 7.2295e-56 1.4663e-40 1.2795e-32 4.3639e-33 ] 1.0000e+00
 8.409e+01 1.4765e-32 1.4765e-32 [ 2.7226e-98 5.4462e-56 1.2094e-40 1.1004e-32 3.7616e-33 ] 1.0000e+00
 8.421e+01 1.2704e-32 1.2704e-32 [ 1.6332e-98 4.1012e-56 9.9722e-41 9.4618e-33 3.2419e-33 ] 1.0000e+00
 8.432e+01 1.0928e-32 1.0928e-32 [ 9.7922e-99 3.0872e-56 8.2209e-41 8.1346e-33 2.7936e-33 ] 1.0000e+00
 8.443e+01 9.3995e-33 9.3995e-33 [ 5.8682e-99 2.3230e-56 6.7755e-41 6.9926e-33 2.4069e-33 ] 1.0000e+00
 8.455e+01 8.0834e-33 8.0834e-33 [ 3.5148e-99 1.7473e-56 5.5829e-41 6.0099e-33 2.0735e-33 ] 1.0000e+00
 8.466e+01 6.9505e-33 6.9505e-33 [ 2.1042e-99 1.3138e-56 4.5991e-41 5.1646e-33 1.7859e-33 ] 1.0000e+00
 8.477e+01 5.9755e-33 5.9755e-33 [ 1.2591e-99 9.8745e-57 3.7878e-41 4.4375e-33 1.5380e-33 ] 1.0000e+00
 8.489e+01 5.1365e-33 5.1365e-33 [ 7.5301e-100 7.4187e-57 3.1189e-41 3.8121e-33 1.3244e-33 ] 1.0000e+00
 8.500e+01 4.4146e-33 4.4146e-33 [ 4.5012e-100 5.5715e-57 2.5674e-41 3.2744e-33 1.1402e-33 ] 1.0000e+00
 8.511e+01 3.7937e-33 3.7937e-33 [ 2.6893e-100 4.1827e-57 2.1130e-41 2.8122e-33 9.8150e-34 ] 1.0000e+00
 8.523e+01 3.2595e-33 3.2595e-33 [ 1.6059e-100 3.1388e-57 1.7386e-41 2.4148e-33 8.4476e-34 ] 1.0000e+00
 8.534e+01 2.8002e-33 2.8002e-33 [ 9.5849e-101 2.3545e-57 1.4302e-41 2.0732e-33 7.2696e-34 ] 1.0000e+00
 8.545e+01 2.4052e-33 2.4052e-33 [ 5.7179e-101 1.7655e-57 1.1762e-41 1.7797e-33 6.2549e-34 ] 1.0000e+00
 8.557e+01 2.0656e-33 2.0656e-33 [ 3.4093e-101 1.3233e-57 9.6705e-42 1.5275e-33 5.3811e-34 ] 1.0000e+00
 8.568e+01 1.7737e-33 1.7737e-33 [ 2.0317e-101 9.9144e-58 7.9492e-42 1.3108e-33 4.6286e-34 ] 1.0000e+00
 8.579e+01 1.5228e-33 1.5228e-33 [ 1.2102e-101 7.4253e-58 6.5327e-42 1.1247e-33 3.9807e-34 ] 1.0000e+00
 8.591e+01 1.3072e-33 1.3072e-33 [ 7.2047e-102 5.5588e-58 5.3673e-42 9.6491e-34 3.4230e-34 ] 1.0000e+00
 8.602e+01 1.1220e-33 1.1220e-33 [ 4.2870e-102 4.1599e-58 4.4087e-42 8.2766e-34 2.9430e-34 ] 1.0000e+00
 8.613e+01 9.6282e-34 9.6282e-34 [ 2.5496e-102 3.1117e-58 3.6205e-42 7.0983e-34 2.5299e-34 ] 1.0000e+00
 8.625e+01 8.2613e-34 8.2613e-34 [ 1.5155e-102 2.3267e-58 2.9724e-42 6.0868e-34 2.1745e-34 ] 1.0000e+00
 8.636e+01 7.0873e-34 7.0873e-34 [ 9.0040e-103 1.7391e-58 2.4397e-42 5.2186e-34 1.8687e-34 ] 1.0000e+00
 8.647e+01 6.0792e-34 6.0792e-34 [ 5.3466e-103 1.2993e-58 2.0020e-42 4.4736e-34 1.6057e-34 ] 1.0000e+00
 8.659e+01 5.2137e-34 5.2137e-34 [ 3.1732e-103 9.7032e-59 1.6424e-42 3.8343e-34 1.3794e-34 ] 1.0000e+00
 8.670e+01 4.4708e-34 4.4708e-34 [ 1.8823e-103 7.2435e-59 1.3471e-42 3.2858e-34 1.1849e-34 ] 1.0000e+00
 8.681e+01 3.8331e-34 3.8331e-34 [ 1.1160e-103 5.4050e-59 1.1046e-42 2.8154e-34 1.0177e-34 ] 1.0000e+00
 8.693e+01 3.2858e-34 3.2858e-34 [ 6.6132e-104 4.0315e-59 9.0553e-43 2.4120e-34 8.7387e-35 ] 1.0000e+00
 8.704e+01 2.8163e-34 2.8163e-34 [ 3.9168e-104 3.0058e-59 7.4214e-43 2.0660e-34 7.5029e-35 ] 1.0000e+00
 8.715e+01 2.4135e-34 2.4135e-34 [ 2.3186e-104 2.2400e-59 6.0808e-43 1.7694e-34 6.4408e-35 ] 1.0000e+00
 8.727e+01 2.0679e-34 2.0679e-34 [ 1.3718e-104 1.6687e-59 4.9811e-43 1.5151e-34 5.5283e-35 ] 1.0000e+00
 8.738e+01 1.7716e-34 1.7716e-34 [ 8.1118e-105 1.2425e-59 4.0792e-43 1.2972e-34 4.7442e-35 ] 1.0000e+00
 8.749e+01 1.5175e-34 1.5175e-34 [ 4.7942e-105 9.2482e-60 3.3397e-43 1.1104e-34 4.0708e-35 ] 1.0000e+00
 8.761e+01 1.2996e-34 1.2996e-34 [ 2.8320e-105 6.8805e-60 2.7336e-43 9.5039e-35 3.4924e-35 ] 1.0000e+00
 8.772e+01 1.1129e-34 1.1129e-34 [ 1.6720e-105 5.1167e-60 2.2369e-43 8.1331e-35 2.9957e-35 ] 1.0000e+00
 8.783e+01 9.5280e-35 9.5280e-35 [ 9.8661e-106 3.8034e-60 1.8300e-43 6.9588e-35 2.5692e-35 ] 1.0000e+00
 8.795e+01 8.1563e-35 8.1563e-35 [ 5.8187e-106 2.8260e-60 1.4967e-43 5.9532e-35 2.2031e-35 ] 1.0000e+00
 8.806e+01 6.9809e-35 6.9809e-35 [ 3.4298e-106 2.0988e-60 1.2238e-43 5.0920e-35 1.8889e-35 ] 1.0000e+00
 8.817e+01 5.9740e-35 5.9740e-35 [ 2.0206e-106 1.5580e-60 1.0003e-43 4.3548e-35 1.6193e-35 ] 1.0000e+00
 8.829e+01 5.1115e-35 5.1115e-35 [ 1.1898e-106 1.1561e-60 8.1749e-44 3.7237e-35 1.3879e-35 ] 1.0000e+00
 8.840e+01 4.3729e-35 4.3729e-35 [ 7.0017e-107 8.5743e-61 6.6787e-44 3.1835e-35 1.1894e-35 ] 1.0000e+00
 8.851e+01 3.7404e-35 3.7404e-35 [ 4.1182e-107 6.3565e-61 5.4549e-44 2.7213e-35 1.0191e-35 ] 1.0000e+00
 8.863e+01 3.1989e-35 3.1989e-35 [ 2.4209e-107 4.7102e-61 4.4541e-44 2.3258e-35 8.7305e-36 ] 1.0000e+00
 8.874e+01 2.7353e-35 2.7353e-35 [ 1.4223e-107 3.4886e-61 3.6359e-44 1.9875e-35 7.4783e-36 ] 1.0000e+00
 8.885e+01 2.3386e-35 2.3386e-35 [ 8.3521e-108 2.5827e-61 2.9671e-44 1.6981e-35 6.4046e-36 ] 1.0000e+00
 8.897e+01 1.9990e-35 1.9990e-35 [ 4.9017e-108 1.9111e-61 2.4207e-44 1.4506e-35 5.4842e-36 ] 1.0000e+00
 8.908e+01 1.7085e-35 1.7085e-35 [ 2.8751e-108 1.4135e-61 1.9743e-44 1.2390e-35 4.6953e-36 ] 1.0000e+00
 8.919e+01 1.4600e-35 1.4600e-35 [ 1.6855e-108 1.0450e-61 1.6097e-44 1.0581e-35 4.0193e-36 ] 1.0000e+00
 8.931e+01 1.2475e-35 1.2475e-35 [ 9.8751e-109 7.7215e-62 1.3121e-44 9.0346e-36 3.4401e-36 ] 1.0000e+00
 8.942e+01 1.0657e-35 1.0657e-35 [ 5.7826e-109 5.7028e-62 1.0692e-44 7.7130e-36 2.9438e-36 ] 1.0000e+00
 8.953e+01 9.1024e-36 9.1024e-36 [ 3.3842e-109 4.2098e-62 8.7099e-45 6.5836e-36 2.5188e-36 ] 1.0000e+00
 8.965e+01 7.7734e-36 7.7734e-36 [ 1.9794e-109 3.1062e-62 7.0931e-45 5.6187e-36 2.1547e-36 ] 1.0000e+00
 8.976e+01 6.6375e-36 6.6375e-36 [ 1.1571e-109 2.2907e-62 5.7746e-45 4.7944e-36 1.8430e-36 ] 1.0000e+00
 8.987e+01 5.6666e-36 5.6666e-36 [ 6.7603e-110 1.6885e-62 4.6996e-45 4.0904e-36 1.5762e-36 ] 1.0000e+00
 8.999e+01 4.8369e-36 4.8369e-36 [ 3.9473e-110 1.2440e-62 3.8236e-45 3.4892e-36 1.3477e-36 ] 1.0000e+00
 9.010e+01 4.1281e-36 4.1281e-36 [ 2.3035e-110 9.1603e-63 3.1098e-45 2.9759e-36 1.1522e-36 ] 1.0000e+00
 9.021e+01 3.5226e-36 3.5226e-36 [ 1.3434e-110 6.7418e-63 2.5284e-45 2.5377e-36 9.8488e-37 ] 1.0000e+00
 9.033e+01 3.0054e-36 3.0054e-36 [ 7.8305e-111 4.9593e-63 2.0551e-45 2.1637e-36 8.4173e-37 ] 1.0000e+00
 9.044e+01 2.5637e-36 2.5637e-36 [ 4.5615e-111 3.6462e-63 1.6697e-45 1.8445e-36 7.1927e-37 ] 1.0000e+00
 9.055e+01 2.1866e-36 2.1866e-36 [ 2.6556e-111 2.6794e-63 1.3562e-45 1.5721e-36 6.1452e-37 ] 1.0000e+00
 9.067e+01 1.8647e-36 1.8647e-36 [ 1.5451e-111 1.9678e-63 1.1011e-45 1.3397e-36 5.2495e-37 ] 1.0000e+00
 9.078e+01 1.5899e-36 1.5899e-36 [ 8.9847e-112 1.4445e-63 8.9372e-46 1.1415e-36 4.4836e-37 ] 1.0000e+00
 9.089e+01 1.3554e-36 1.3554e-36 [ 5.2213e-112 1.0597e-63 7.2511e-46 9.7250e-37 3.8288e-37 ] 1.0000e+00
 9.101e+01 1.1553e-36 1.1553e-36 [ 3.0324e-112 7.7706e-64 5.8809e-46 8.2835e-37 3.2691e-37 ] 1.0000e+00
 9.112e+01 9.8453e-37 9.8453e-37 [ 1.7601e-112 5.6946e-64 4.7678e-46 7.0546e-37 2.7908e-37 ] 1.0000e+00
 9.123e+01 8.3890e-37 8.3890e-37 [ 1.0209e-112 4.1709e-64 3.8638e-46 6.0070e-37 2.3820e-37 ] 1.0000e+00
 9.135e+01 7.1469e-37 7.1469e-37 [ 5.9184e-113 3.0532e-64 3.1300e-46 5.1141e-37 2.0328e-37 ] 1.0000e+00
 9.146e+01 6.0878e-37 6.0878e-37 [ 3.4287e-113 2.2337e-64 2.5346e-46 4.3532e-37 1.7346e-37 ] 1.0000e+00
 9.157e+01 5.1847e-37 5.1847e-37 [ 1.9851e-113 1.6332e-64 2.0516e-46 3.7049e-37 1.4798e-37 ] 1.0000e+00
 9.169e+01 4.4149e-37 4.4149e-37 [ 1.1486e-113 1.1935e-64 1.6599e-46 3.1527e-37 1.2622e-37 ] 1.0000e+00
 9.180e+01 3.7588e-37 3.7588e-37 [ 6.6414e-114 8.7160e-65 1.3424e-46 2.6823e-37 1.0765e-37 ] 1.0000e+00
 9.191e+01 3.1997e-37 3.1997e-37 [ 3.8377e-114 6.3616e-65 1.0852e-46 2.2817e-37 9.1794e-38 ] 1.0000e+00
 9.203e+01 2.7233e-37 2.7233e-37 [ 2.2161e-114 4.6403e-65 8.7685e-47 1.9407e-37 7.8261e-38 ] 1.0000e+00
 9.214e+01 2.3174e-37 2.3174e-37 [ 1.2789e-114 3.3827e-65 7.0819e-47 1.6503e-37 6.6712e-38 ] 1.0000e+00
 9.225e+01 1.9717e-37 1.9717e-37 [ 7.3754e-115 2.4644e-65 5.7171e-47 1.4032e-37 5.6857e-38 ] 1.0000e+00
 9.237e+01 1.6773e-37 1.6773e-37 [ 4.2505e-115 1.7942e-65 4.6130e-47 1.1928e-37 4.8451e-38 ] 1.0000e+00
 9.248e+01 1.4267e-37 1.4267e-37 [ 2.4479e-115 1.3055e-65 3.7204e-47 1.0138e-37 4.1281e-38 ] 1.0000e+00
 9.259e+01 1.2132e-37 1.2132e-37 [ 1.4088e-115 9.4926e-66 2.9989e-47 8.6158e-38 3.5166e-38 ] 1.0000e+00
 9.271e+01 1.0316e-37 1.0316e-37 [ 8.1025e-116 6.8978e-66 2.4162e-47 7.3207e-38 2.9951e-38 ] 1.0000e+00
 9.282e+01 8.7698e-38 8.7698e-38 [ 4.6566e-116 5.0090e-66 1.9456e-47 6.2192e-38 2.5506e-38 ] 1.0000e+00
 9.293e+01 7.4542e-38 7.4542e-38 [ 2.6743e-116 3.6349e-66 1.5659e-47 5.2825e-38 2.1717e-38 ] 1.0000e+00
 9.305e+01 6.3350e-38 6.3350e-38 [ 1.5347e-116 2.6359e-66 1.2596e-47 4.4862e-38 1.8488e-38 ] 1.0000e+00
 9.316e+01 5.3829e-38 5.3829e-38 [ 8.8012e-117 1.9102e-66 1.0126e-47 3.8092e-38 1.5736e-38 ] 1.0000e+00
 9.327e+01 4.5731e-38 4.5731e-38 [ 5.0434e-117 1.3833e-66 8.1357e-48 3.2339e-38 1.3392e-38 ] 1.0000e+00
 9.339e+01 3.8845e-38 3.8845e-38 [ 2.8879e-117 1.0010e-66 6.5328e-48 2.7450e-38 1.1395e-38 ] 1.0000e+00
 9.350e+01 3.2991e-38 3.2991e-38 [ 1.6524e-117 7.2381e-67 5.2426e-48 2.3296e-38 9.6941e-39 ] 1.0000e+00
 9.361e+01 2.8014e-38 2.8014e-38 [ 9.4473e-118 5.2300e-67 4.2045e-48 1.9768e-38 8.2458e-39 ] 1.0000e+00
 9.373e+01 2.3784e-38 2.3784e-38 [ 5.3971e-118 3.7762e-67 3.3698e-48 1.6771e-38 7.0127e-39 ] 1.0000e+00
 9.384e+01 2.0189e-38 2.0189e-38 [ 3.0808e-118 2.7244e-67 2.6991e-48 1.4226e-38 5.9630e-39 ] 1.0000e+00
 9.395e+01 1.7134e-38 1.7134e-38 [ 1.7572e-118 1.9640e-67 2.1604e-48 1.2065e-38 5.0696e-39 ] 1.0000e+00
 9.407e+01 1.4540e-38 1.4540e-38 [ 1.0014e-118 1.4147e-67 1.7280e-48 1.0230e-38 4.3093e-39 ] 1.0000e+00
 9.418e+01 1.2336e-38 1.2336e-38 [ 5.7022e-119 1.0182e-67 1.3811e-48 8.6734e-39 3.6625e-39 ] 1.0000e+00
 9.429e+01 1.0464e-38 1.0464e-38 [ 3.2442e-119 7.3219e-68 1.1031e-48 7.3520e-39 3.1122e-39 ] 1.0000e+00
 9.441e+01 8.8750e-39 8.8750e-39 [ 1.8441e-119 5.2608e-68 8.8039e-49 6.2309e-39 2.6441e-39 ] 1.0000e+00
 9.452e+01 7.5258e-39 7.5258e-39 [ 1.0473e-119 3.7766e-68 7.0209e-49 5.2798e-39 2.2461e-39 ] 1.0000e+00
 9.463e+01 6.3807e-39 6.3807e-39 [ 5.9426e-120 2.7087e-68 5.5945e-49 4.4730e-39 1.9076e-39 ] 1.0000e+00
 9.475e+01 5.4088e-39 5.4088e-39 [ 3.3688e-120 1.9410e-68 4.4542e-49 3.7888e-39 1.6199e-39 ] 1.0000e+00
 9.486e+01 4.5841e-39 4.5841e-39 [ 1.9079e-120 1.3896e-68 3.5433e-49 3.2087e-39 1.3754e-39 ] 1.0000e+00
 9.497e+01 3.8844e-39 3.8844e-39 [ 1.0795e-120 9.9388e-69 2.8162e-49 2.7169e-39 1.1676e-39 ] 1.0000e+00
 9.509e+01 3.2910e-39 3.2910e-39 [ 6.1018e-121 7.1014e-69 2.2362e-49 2.3000e-39 9.9096e-40 ] 1.0000e+00
 9.520e+01 2.7876e-39 2.7876e-39 [ 3.4454e-121 5.0689e-69 1.7741e-49 1.9467e-39 8.4094e-40 ] 1.0000e+00
 9.531e+01 2.3608e-39 2.3608e-39 [ 1.9434e-121 3.6144e-69 1.4060e-49 1.6473e-39 7.1351e-40 ] 1.0000e+00
 9.543e+01 1.9990e-39 1.9990e-39 [ 1.0951e-121 2.5745e-69 1.1132e-49 1.3937e-39 6.0528e-40 ] 1.0000e+00
 9.554e+01 1.6922e-39 1.6922e-39 [ 6.1633e-122 1.8317e-69 8.8049e-50 1.1788e-39 5.1339e-40 ] 1.0000e+00
 9.565e+01 1.4323e-39 1.4323e-39 [ 3.4649e-122 1.3018e-69 6.9565e-50 9.9689e-40 4.3537e-40 ] 1.0000e+00
 9.577e+01 1.2120e-39 1.2120e-39 [ 1.9456e-122 9.2403e-70 5.4899e-50 8.4282e-40 3.6915e-40 ] 1.0000e+00
 9.588e+01 1.0253e-39 1.0253e-39 [ 1.0912e-122 6.5511e-70 4.3274e-50 7.1237e-40 3.1294e-40 ] 1.0000e+00
 9.599e+01 8.6721e-40 8.6721e-40 [ 6.1119e-123 4.6386e-70 3.4069e-50 6.0195e-40 2.6525e-40 ] 1.0000e+00
 9.611e+01 7.3329e-40 7.3329e-40 [ 3.4189e-123 3.2801e-70 2.6788e-50 5.0850e-40 2.2479e-40 ] 1.0000e+00
 9.622e+01 6.1989e-40 6.1989e-40 [ 1.9098e-123 2.3162e-70 2.1035e-50 4.2942e-40 1.9047e-40 ] 1.0000e+00
 9.633e+01 5.2387e-40 5.2387e-40 [ 1.0653e-123 1.6333e-70 1.6494e-50 3.6251e-40 1.6136e-40 ] 1.0000e+00
 9.645e+01 4.4259e-40 4.4259e-40 [ 5.9337e-124 1.1500e-70 1.2915e-50 3.0592e-40 1.3667e-40 ] 1.0000e+00
 9.656e+01 3.7379e-40 3.7379e-40 [ 3.2998e-124 8.0839e-71 1.0097e-50 2.5805e-40 1.1575e-40 ] 1.0000e+00
 9.667e+01 3.1557e-40 3.1557e-40 [ 1.8320e-124 5.6734e-71 7.8808e-51 2.1757e-40 9.8006e-41 ] 1.0000e+00
 9.679e+01 2.6631e-40 2.6631e-40 [ 1.0154e-124 3.9748e-71 6.1406e-51 1.8334e-40 8.2969e-41 ] 1.0000e+00
 9.690e+01 2.2463e-40 2.2463e-40 [ 5.6174e-125 2.7796e-71 4.7760e-51 1.5441e-40 7.0227e-41 ] 1.0000e+00
 9.701e+01 1.8938e-40 1.8938e-40 [ 3.1017e-125 1.9400e-71 3.7076e-51 1.2995e-40 5.9431e-41 ] 1.0000e+00
 9.713e+01 1.5957e-40 1.5957e-40 [ 1.7091e-125 1.3512e-71 2.8722e-51 1.0929e-40 5.0284e-41 ] 1.0000e+00
 9.724e+01 1.3436e-40 1.3436e-40 [ 9.3970e-126 9.3907e-72 2.2202e-51 9.1822e-41 4.2537e-41 ] 1.0000e+00
 9.735e+01 1.1304e-40 1.1304e-40 [ 5.1546e-126 6.5109e-72 1.7122e-51 7.7068e-41 3.5975e-41 ] 1.0000e+00
 9.747e+01 9.5024e-41 9.5024e-41 [ 2.8204e-126 4.5028e-72 1.3171e-51 6.4605e-41 3.0419e-41 ] 1.0000e+00
 9.758e+01 7.9792e-41 7.9792e-41 [ 1.5390e-126 3.1055e-72 1.0103e-51 5.4078e-41 2.5714e-41 ] 1.0000e+00
 9.769e+01 6.6917e-41 6.6917e-41 [ 8.3729e-127 2.1355e-72 7.7274e-52 4.5188e-41 2.1730e-41 ] 1.0000e+00
 9.781e+01 5.6036e-41 5.6036e-41 [ 4.5407e-127 1.4637e-72 5.8908e-52 3.7679e-41 1.8356e-41 ] 1.0000e+00
 9.792e+01 4.6839e-41 4.6839e-41 [ 2.4537e-127 9.9965e-73 4.4745e-52 3.1339e-41 1.5500e-41 ] 1.0000e+00
 9.803e+01 3.9065e-41 3.9065e-41 [ 1.3208e-127 6.8005e-73 3.3850e-52 2.5984e-41 1.3081e-41 ] 1.0000e+00
 9.815e+01 3.2493e-41 3.2493e-41 [ 7.0786e-128 4.6060e-73 2.5492e-52 2.1463e-41 1.1030e-41 ] 1.0000e+00
 9.826e+01 2.6937e-41 2.6937e-41 [ 3.7751e-128 3.1042e-73 1.9099e-52 1.7645e-41 9.2921e-42 ] 1.0000e+00
 9.837e+01 2.2236e-41 2.2236e-41 [ 2.0021e-128 2.0804e-73 1.4224e-52 1.4420e-41 7.8163e-42 ] 1.0000e+00
 9.849e+01 1.8259e-41 1.8259e-41 [ 1.0551e-128 1.3852e-73 1.0520e-52 1.1698e-41 6.5610e-42 ] 1.0000e+00
 9.860e+01 1.4891e-41 1.4891e-41 [ 5.5190e-129 9.1532e-74 7.7152e-53 9.4005e-42 5.4903e-42 ] 1.0000e+00
 9.871e+01 1.2037e-41 1.2037e-41 [ 2.8617e-129 5.9938e-74 5.6006e-53 7.4636e-42 4.5730e-42 ] 1.0000e+00
 9.883e+01 9.6163e-42 9.6163e-42 [ 1.4684e-129 3.8815e-74 4.0138e-53 5.8341e-42 3.7823e-42 ] 1.0000e+00
 9.894e+01 7.5630e-42 7.5630e-42 [ 7.4375e-130 2.4785e-74 2.8292e-53 4.4680e-42 3.0950e-42 ] 1.0000e+00
 9.905e+01 5.8216e-42 5.8216e-42 [ 3.7061e-130 1.5536e-74 1.9505e-53 3.3299e-42 2.4917e-42 ] 1.0000e+00
 9.917e+01 4.3476e-42 4.3476e-42 [ 1.8073e-130 9.4929e-75 1.3041e-53 2.3913e-42 1.9564e-42 ] 1.0000e+00
 9.928e+01 3.1070e-42 3.1070e-42 [ 8.5511e-131 5.5869e-75 8.3383e-54 1.6296e-42 1.4775e-42 ] 1.0000e+00
 9.939e+01 2.0758e-42 2.0758e-42 [ 3.8630e-131 3.0991e-75 4.9775e-54 1.0272e-42 1.0486e-42 ] 1.0000e+00
 9.951e+01 1.2413e-42 1.2413e-42 [ 1.6096e-131 1.5511e-75 2.6486e-54 5.7107e-43 6.7025e-43 ] 1.0000e+00
 9.962e+01 6.0342e-43 6.0342e-43 [ 5.6546e-132 6.3205e-76 1.1305e-54 2.5171e-43 3.5171e-43 ] 1.0000e+00
 9.973e+01 1.7775e-43 1.7775e-43 [ 1.2147e-132 1.4977e-76 2.7574e-55 6.2701e-44 1.1504e-43 ] 1.0000e+00
 9.985e+01 0.0000e+00 0.0000e+00 [ 0.0000e+00 0.0000e+00 0.0000e+00 0.0000e+00 0.0000e+00 ] 1.0000e+00
