 0.000e+00 0.0000e+00 0.0000e+00 [ 0.0000e+00 0.0000e+00 0.0000e+00 ] 0.0000e+00 [ 0.0000e+00 ] 1.0000e+00
 1.133e-01 1.5396e-03 1.5396e-03 [ 1.4079e-03 1.8474e-05 1.1326e-04 ] 0.0000e+00 [ 0.0000e+00 ] 9.9846e-01
 2.267e-01 3.1210e-03 3.1210e-03 [ 2.5954e-03 7.3890e-05 4.5171e-04 ] 0.0000e+00 [ 0.0000e+00 ] 9.9688e-01
 3.400e-01 4.7471e-03 4.7471e-03 [ 3.5662e-03 1.6617e-04 1.0148e-03 ] 0.0000e+00 [ 0.0000e+00 ] 9.9525e-01
 4.533e-01 6.4609e-03 6.4609e-03 [ 4.3628e-03 2.9510e-04 1.8031e-03 ] 0.0000e+00 [ 0.0000e+00 ] 9.9354e-01
 5.667e-01 8.2883e-03 8.2883e-03 [ 5.0100e-03 4.6022e-04 2.8181e-03 ] 0.0000e+00 [ 0.0000e+00 ] 9.9171e-01
 6.800e-01 1.0250e-02 1.0250e-02 [ 5.5279e-03 6.6077e-04 4.0616e-03 ] 0.0000e+00 [ 0.0000e+00 ] 9.8975e-01
 7.933e-01 1.2364e-02 1.2364e-02 [ 5.9327e-03 8.9562e-04 5.5354e-03 ] 0.0000e+00 [ 0.0000e+00 ] 9.8764e-01
 9.067e-01 1.4642e-02 1.4642e-02 [ 6.2378e-03 1.1632e-03 7.2406e-03 ] 0.0000e+00 [ 0.0000e+00 ] 9.8536e-01
 1.020e+00 1.7093e-02 1.7093e-02 [ 6.4542e-03 1.4613e-03 9.1773e-03 ] 0.0000e+00 [ 0.0000e+00 ] 9.8291e-01
 1.133e+00 1.9722e-02 1.9722e-02 [ 6.5910e-03 1.7874e-03 1.1344e-02 ] 0.0000e+00 [ 0.0000e+00 ] 9.8028e-01
 1.247e+00 2.2531e-02 2.2531e-02 [ 6.6559e-03 2.1380e-03 1.3737e-02 ] 0.0000e+00 [ 0.0000e+00 ] 9.7747e-01
 1.360e+00 2.5514e-02 2.5514e-02 [ 6.6557e-03 2.5092e-03 1.6349e-02 ] 0.0000e+00 [ 0.0000e+00 ] 9.7449e-01
 1.473e+00 2.8664e-02 2.8664e-02 [ 6.5963e-03 2.8961e-03 1.9171e-02 ] 0.0000e+00 [ 0.0000e+00 ] 9.7134e-01
 1.587e+00 3.1965e-02 3.1965e-02 [ 6.4832e-03 3.2932e-03 2.2189e-02 ] 0.0000e+00 [ 0.0000e+00 ] 9.6803e-01
 1.700e+00 3.5399e-02 3.5399e-02 [ 6.3216e-03 3.6945e-03 2.5383e-02 ] 0.0000e+00 [ 0.0000e+00 ] 9.6460e-01
 1.813e+00 3.8941e-02 3.8941e-02 [ 6.1165e-03 4.0929e-03 2.8732e-02 ] 0.0000e+00 [ 0.0000e+00 ] 9.6106e-01
 1.927e+00 4.2559e-02 4.2559e-02 [ 5.8729e-03 4.4813e-03 3.2205e-02 ] 0.0000e+00 [ 0.0000e+00 ] 9.5744e-01
 2.040e+00 4.6217e-02 4.6217e-02 [ 5.5960e-03 4.8519e-03 3.5769e-02 ] 0.0000e+00 [ 0.0000e+00 ] 9.5378e-01
 2.153e+00 4.9873e-02 4.9873e-02 [ 5.2911e-03 5.1968e-03 3.9385e-02 ] 0.0000e+00 [ 0.0000e+00 ] 9.5013e-01
 2.267e+00 5.3482e-02 5.3482e-02 [ 4.9637e-03 5.5084e-03 4.3010e-02 ] 0.0000e+00 [ 0.0000e+00 ] 9.4652e-01
 2.380e+00 5.6994e-02 5.6994e-02 [ 4.6192e-03 5.7792e-03 4.6595e-02 ] 0.0000e+00 [ 0.0000e+00 ] 9.4301e-01
 2.493e+00 6.0357e-02 6.0357e-02 [ 4.2634e-03 6.0024e-03 5.0091e-02 ] 0.0000e+00 [ 0.0000e+00 ] 9.3964e-01
 2.607e+00 6.3520e-02 6.3520e-02 [ 3.9019e-03 6.1725e-03 5.3446e-02 ] 0.0000e+00 [ 0.0000e+00 ] 9.3648e-01
 2.720e+00 6.6432e-02 6.6432e-02 [ 3.5403e-03 6.2848e-03 5.6607e-02 ] 0.0000e+00 [ 0.0000e+00 ] 9.3357e-01
 2.833e+00 6.9045e-02 6.9045e-02 [ 3.1838e-03 6.3365e-03 5.9524e-02 ] 0.0000e+00 [ 0.0000e+00 ] 9.3096e-01
 2.947e+00 7.1314e-02 7.1314e-02 [ 2.8373e-03 6.3262e-03 6.2151e-02 ] 0.0000e+00 [ 0.0000e+00 ] 9.2869e-01
 3.060e+00 7.3204e-02 7.3204e-02 [ 2.5052e-03 6.2545e-03 6.4445e-02 ] 0.0000e+00 [ 0.0000e+00 ] 9.2680e-01
 3.173e+00 7.4685e-02 7.4685e-02 [ 2.1912e-03 6.1238e-03 6.6370e-02 ] 0.0000e+00 [ 0.0000e+00 ] 9.2532e-01
 3.287e+00 7.5735e-02 7.5735e-02 [ 1.8982e-03 5.9379e-03 6.7899e-02 ] 0.0000e+00 [ 0.0000e+00 ] 9.2426e-01
 3.400e+00 7.6345e-02 7.6345e-02 [ 1.6286e-03 5.7026e-03 6.9014e-02 ] 0.0000e+00 [ 0.0000e+00 ] 9.2365e-01
 3.513e+00 7.6513e-02 7.6513e-02 [ 1.3837e-03 5.4246e-03 6.9705e-02 ] 0.0000e+00 [ 0.0000e+00 ] 9.2349e-01
 3.627e+00 7.6248e-02 7.6248e-02 [ 1.1642e-03 5.1117e-03 6.9972e-02 ] 0.0000e+00 [ 0.0000e+00 ] 9.2375e-01
 3.740e+00 7.5567e-02 7.5567e-02 [ 9.6988e-04 4.7721e-03 6.9825e-02 ] 0.0000e+00 [ 0.0000e+00 ] 9.2443e-01
 3.853e+00 7.4495e-02 7.4495e-02 [ 8.0012e-04 4.4145e-03 6.9281e-02 ] 0.0000e+00 [ 0.0000e+00 ] 9.2550e-01
 3.967e+00 7.3067e-02 7.3067e-02 [ 6.5367e-04 4.0471e-03 6.8366e-02 ] 0.0000e+00 [ 0.0000e+00 ] 9.2693e-01
 4.080e+00 7.1319e-02 7.1319e-02 [ 5.2887e-04 3.6778e-03 6.7112e-02 ] 0.0000e+00 [ 0.0000e+00 ] 9.2868e-01
 4.193e+00 6.9293e-02 6.9293e-02 [ 4.2383e-04 3.3136e-03 6.5555e-02 ] 0.0000e+00 [ 0.0000e+00 ] 9.3071e-01
 4.307e+00 6.7033e-02 6.7033e-02 [ 3.3646e-04 2.9607e-03 6.3736e-02 ] 0.0000e+00 [ 0.0000e+00 ] 9.3297e-01
 4.420e+00 6.4585e-02 6.4585e-02 [ 2.6463e-04 2.6240e-03 6.1696e-02 ] 0.0000e+00 [ 0.0000e+00 ] 9.3542e-01
 4.533e+00 6.1991e-02 6.1991e-02 [ 2.0624e-04 2.3075e-03 5.9478e-02 ] 0.0000e+00 [ 0.0000e+00 ] 9.3801e-01
 4.647e+00 5.9295e-02 5.9295e-02 [ 1.5931e-04 2.0140e-03 5.7122e-02 ] 0.0000e+00 [ 0.0000e+00 ] 9.4071e-01
 4.760e+00 5.6535e-02 5.6535e-02 [ 1.2198e-04 1.7452e-03 5.4668e-02 ] 0.0000e+00 [ 0.0000e+00 ] 9.4346e-01
 4.873e+00 5.3748e-02 5.3748e-02 [ 9.2611e-05 1.5018e-03 5.2153e-02 ] 0.0000e+00 [ 0.0000e+00 ] 9.4625e-01
 4.987e+00 5.0965e-02 5.0965e-02 [ 6.9729e-05 1.2838e-03 4.9611e-02 ] 0.0000e+00 [ 0.0000e+00 ] 9.4904e-01
 5.100e+00 4.8214e-02 4.8214e-02 [ 5.2077e-05 1.0906e-03 4.7071e-02 ] 0.0000e+00 [ 0.0000e+00 ] 9.5179e-01
 5.213e+00 4.5518e-02 4.5518e-02 [ 3.8588e-05 9.2093e-04 4.4558e-02 ] 0.0000e+00 [ 0.0000e+00 ] 9.5448e-01
 5.327e+00 4.2896e-02 4.2896e-02 [ 2.8375e-05 7.7326e-04 4.2095e-02 ] 0.0000e+00 [ 0.0000e+00 ] 9.5710e-01
 5.440e+00 4.0365e-02 4.0365e-02 [ 2.0711e-05 6.4580e-04 3.9698e-02 ] 0.0000e+00 [ 0.0000e+00 ] 9.5964e-01
 5.553e+00 3.7935e-02 3.7935e-02 [ 1.5008e-05 5.3662e-04 3.7383e-02 ] 0.0000e+00 [ 0.0000e+00 ] 9.6207e-01
 5.667e+00 3.5614e-02 3.5614e-02 [ 1.0800e-05 4.4378e-04 3.5160e-02 ] 0.0000e+00 [ 0.0000e+00 ] 9.6439e-01
 5.780e+00 3.3409e-02 3.3409e-02 [ 7.7189e-06 3.6536e-04 3.3036e-02 ] 0.0000e+00 [ 0.0000e+00 ] 9.6659e-01
 5.893e+00 3.1321e-02 3.1321e-02 [ 5.4808e-06 2.9953e-04 3.1016e-02 ] 0.0000e+00 [ 0.0000e+00 ] 9.6868e-01
 6.007e+00 2.9352e-02 2.9352e-02 [ 3.8669e-06 2.4458e-04 2.9104e-02 ] 0.0000e+00 [ 0.0000e+00 ] 9.7065e-01
 6.120e+00 2.7501e-02 2.7501e-02 [ 2.7115e-06 1.9898e-04 2.7300e-02 ] 0.0000e+00 [ 0.0000e+00 ] 9.7250e-01
 6.233e+00 2.5766e-02 2.5766e-02 [ 1.8901e-06 1.6131e-04 2.5603e-02 ] 0.0000e+00 [ 0.0000e+00 ] 9.7423e-01
 6.347e+00 2.4143e-02 2.4143e-02 [ 1.3099e-06 1.3035e-04 2.4011e-02 ] 0.0000e+00 [ 0.0000e+00 ] 9.7586e-01
 6.460e+00 2.2628e-02 2.2628e-02 [ 9.0275e-07 1.0501e-04 2.2522e-02 ] 0.0000e+00 [ 0.0000e+00 ] 9.7737e-01
 6.573e+00 2.1215e-02 2.1215e-02 [ 6.1881e-07 8.4351e-05 2.1130e-02 ] 0.0000e+00 [ 0.0000e+00 ] 9.7878e-01
 6.687e+00 1.9901e-02 1.9901e-02 [ 4.2197e-07 6.7573e-05 1.9833e-02 ] 0.0000e+00 [ 0.0000e+00 ] 9.8010e-01
 6.800e+00 1.8680e-02 1.8680e-02 [ 2.8630e-07 5.3995e-05 1.8626e-02 ] 0.0000e+00 [ 0.0000e+00 ] 9.8132e-01
 6.913e+00 1.7546e-02 1.7546e-02 [ 1.9331e-07 4.3041e-05 1.7502e-02 ] 0.0000e+00 [ 0.0000e+00 ] 9.8245e-01
 7.027e+00 1.6493e-02 1.6493e-02 [ 1.2991e-07 3.4232e-05 1.6459e-02 ] 0.0000e+00 [ 0.0000e+00 ] 9.8351e-01
 7.140e+00 1.5517e-02 1.5517e-02 [ 8.6905e-08 2.7168e-05 1.5489e-02 ] 0.0000e+00 [ 0.0000e+00 ] 9.8448e-01
 7.253e+00 1.4611e-02 1.4611e-02 [ 5.7883e-08 2.1518e-05 1.4589e-02 ] 0.0000e+00 [ 0.0000e+00 ] 9.8539e-01
 7.367e+00 1.3771e-02 1.3771e-02 [ 3.8390e-08 1.7009e-05 1.3754e-02 ] 0.0000e+00 [ 0.0000e+00 ] 9.8623e-01
 7.480e+00 1.2993e-02 1.2993e-02 [ 2.5357e-08 1.3421e-05 1.2979e-02 ] 0.0000e+00 [ 0.0000e+00 ] 9.8701e-01
 7.593e+00 1.2271e-02 1.2271e-02 [ 1.6683e-08 1.0571e-05 1.2260e-02 ] 0.0000e+00 [ 0.0000e+00 ] 9.8773e-01
 7.707e+00 1.1601e-02 1.1601e-02 [ 1.0934e-08 8.3115e-06 1.1593e-02 ] 0.0000e+00 [ 0.0000e+00 ] 9.8840e-01
 7.820e+00 1.0979e-02 1.0979e-02 [ 7.1393e-09 6.5246e-06 1.0972e-02 ] 0.0000e+00 [ 0.0000e+00 ] 9.8902e-01
 7.933e+00 1.0401e-02 1.0401e-02 [ 4.6450e-09 5.1136e-06 1.0396e-02 ] 0.0000e+00 [ 0.0000e+00 ] 9.8960e-01
 8.047e+00 9.8646e-03 9.8646e-03 [ 3.0116e-09 4.0016e-06 9.8606e-03 ] 0.0000e+00 [ 0.0000e+00 ] 9.9014e-01
 8.160e+00 9.3653e-03 9.3653e-03 [ 1.9460e-09 3.1267e-06 9.3622e-03 ] 0.0000e+00 [ 0.0000e+00 ] 9.9063e-01
 8.273e+00 8.9005e-03 8.9005e-03 [ 1.2533e-09 2.4395e-06 8.8980e-03 ] 0.0000e+00 [ 0.0000e+00 ] 9.9110e-01
 8.387e+00 8.4673e-03 8.4673e-03 [ 8.0464e-10 1.9006e-06 8.4654e-03 ] 0.0000e+00 [ 0.0000e+00 ] 9.9153e-01
 8.500e+00 8.0631e-03 8.0631e-03 [ 5.1496e-10 1.4786e-06 8.0617e-03 ] 0.0000e+00 [ 0.0000e+00 ] 9.9194e-01
 8.613e+00 7.6857e-03 7.6857e-03 [ 3.2857e-10 1.1486e-06 7.6846e-03 ] 0.0000e+00 [ 0.0000e+00 ] 9.9231e-01
 8.727e+00 7.3328e-03 7.3328e-03 [ 2.0901e-10 8.9107e-07 7.3319e-03 ] 0.0000e+00 [ 0.0000e+00 ] 9.9267e-01
 8.840e+00 7.0024e-03 7.0024e-03 [ 1.3257e-10 6.9030e-07 7.0018e-03 ] 0.0000e+00 [ 0.0000e+00 ] 9.9300e-01
 8.953e+00 6.6927e-03 6.6927e-03 [ 8.3845e-11 5.3401e-07 6.6922e-03 ] 0.0000e+00 [ 0.0000e+00 ] 9.9331e-01
 9.067e+00 6.4020e-03 6.4020e-03 [ 5.2877e-11 4.1253e-07 6.4016e-03 ] 0.0000e+00 [ 0.0000e+00 ] 9.9360e-01
 9.180e+00 6.1288e-03 6.1288e-03 [ 3.3254e-11 3.1824e-07 6.1285e-03 ] 0.0000e+00 [ 0.0000e+00 ] 9.9387e-01
 9.293e+00 5.8716e-03 5.8716e-03 [ 2.0855e-11 2.4515e-07 5.8713e-03 ] 0.0000e+00 [ 0.0000e+00 ] 9.9413e-01
 9.407e+00 5.6292e-03 5.6292e-03 [ 1.3044e-11 1.8858e-07 5.6290e-03 ] 0.0000e+00 [ 0.0000e+00 ] 9.9437e-01
 9.520e+00 5.4003e-03 5.4003e-03 [ 8.1356e-12 1.4485e-07 5.4002e-03 ] 0.0000e+00 [ 0.0000e+00 ] 9.9460e-01
 9.633e+00 5.1840e-03 5.1840e-03 [ 5.0606e-12 1.1110e-07 5.1839e-03 ] 0.0000e+00 [ 0.0000e+00 ] 9.9482e-01
 9.747e+00 4.9793e-03 4.9793e-03 [ 3.1393e-12 8.5090e-08 4.9792e-03 ] 0.0000e+00 [ 0.0000e+00 ] 9.9502e-01
 9.860e+00 4.7852e-03 4.7852e-03 [ 1.9422e-12 6.5071e-08 4.7851e-03 ] 0.0000e+00 [ 0.0000e+00 ] 9.9521e-01
 9.973e+00 4.6010e-03 4.6010e-03 [ 1.1984e-12 4.9686e-08 4.6009e-03 ] 0.0000e+00 [ 0.0000e+00 ] 9.9540e-01
 1.009e+01 4.4259e-03 4.4259e-03 [ 7.3740e-13 3.7880e-08 4.4258e-03 ] 0.0000e+00 [ 0.0000e+00 ] 9.9557e-01
 1.020e+01 4.2592e-03 4.2592e-03 [ 4.5253e-13 2.8834e-08 4.2592e-03 ] 0.0000e+00 [ 0.0000e+00 ] 9.9574e-01
 1.031e+01 4.1003e-03 4.1003e-03 [ 2.7695e-13 2.1914e-08 4.1003e-03 ] 0.0000e+00 [ 0.0000e+00 ] 9.9590e-01
 1.043e+01 3.9487e-03 3.9487e-03 [ 1.6904e-13 1.6627e-08 3.9487e-03 ] 0.0000e+00 [ 0.0000e+00 ] 9.9605e-01
 1.054e+01 3.8039e-03 3.8039e-03 [ 1.0289e-13 1.2595e-08 3.8039e-03 ] 0.0000e+00 [ 0.0000e+00 ] 9.9620e-01
 1.065e+01 3.6653e-03 3.6653e-03 [ 6.2453e-14 9.5254e-09 3.6653e-03 ] 0.0000e+00 [ 0.0000e+00 ] 9.9633e-01
 1.077e+01 3.5327e-03 3.5327e-03 [ 3.7805e-14 7.1914e-09 3.5327e-03 ] 0.0000e+00 [ 0.0000e+00 ] 9.9647e-01
 1.088e+01 3.4055e-03 3.4055e-03 [ 2.2821e-14 5.4200e-09 3.4055e-03 ] 0.0000e+00 [ 0.0000e+00 ] 9.9659e-01
 1.099e+01 3.2834e-03 3.2834e-03 [ 1.3738e-14 4.0778e-09 3.2834e-03 ] 0.0000e+00 [ 0.0000e+00 ] 9.9672e-01
 1.111e+01 3.1661e-03 3.1661e-03 [ 8.2464e-15 3.0625e-09 3.1661e-03 ] 0.0000e+00 [ 0.0000e+00 ] 9.9683e-01
 1.122e+01 3.0534e-03 3.0534e-03 [ 4.9362e-15 2.2959e-09 3.0534e-03 ] 0.0000e+00 [ 0.0000e+00 ] 9.9695e-01
 1.133e+01 2.9449e-03 2.9449e-03 [ 2.9464e-15 1.7180e-09 2.9449e-03 ] 0.0000e+00 [ 0.0000e+00 ] 9.9706e-01
 1.145e+01 2.8404e-03 2.8404e-03 [ 1.7537e-15 1.2832e-09 2.8404e-03 ] 0.0000e+00 [ 0.0000e+00 ] 9.9716e-01
 1.156e+01 2.7397e-03 2.7397e-03 [ 1.0408e-15 9.5667e-10 2.7397e-03 ] 0.0000e+00 [ 0.0000e+00 ] 9.9726e-01
 1.167e+01 2.6426e-03 2.6426e-03 [ 6.1597e-16 7.1186e-10 2.6426e-03 ] 0.0000e+00 [ 0.0000e+00 ] 9.9736e-01
 1.179e+01 2.5489e-03 2.5489e-03 [ 3.6348e-16 5.2868e-10 2.5489e-03 ] 0.0000e+00 [ 0.0000e+00 ] 9.9745e-01
 1.190e+01 2.4585e-03 2.4585e-03 [ 2.1387e-16 3.9187e-10 2.4585e-03 ] 0.0000e+00 [ 0.0000e+00 ] 9.9754e-01
 1.201e+01 2.3711e-03 2.3711e-03 [ 1.2547e-16 2.8989e-10 2.3711e-03 ] 0.0000e+00 [ 0.0000e+00 ] 9.9763e-01
 1.213e+01 2.2866e-03 2.2866e-03 [ 7.3401e-17 2.1403e-10 2.2866e-03 ] 0.0000e+00 [ 0.0000e+00 ] 9.9771e-01
 1.224e+01 2.2049e-03 2.2049e-03 [ 4.2814e-17 1.5770e-10 2.2049e-03 ] 0.0000e+00 [ 0.0000e+00 ] 9.9780e-01
 1.235e+01 2.1259e-03 2.1259e-03 [ 2.4900e-17 1.1596e-10 2.1259e-03 ] 0.0000e+00 [ 0.0000e+00 ] 9.9787e-01
 1.247e+01 2.0495e-03 2.0495e-03 [ 1.4439e-17 8.5092e-11 2.0495e-03 ] 0.0000e+00 [ 0.0000e+00 ] 9.9795e-01
 1.258e+01 1.9756e-03 1.9756e-03 [ 8.3486e-18 6.2313e-11 1.9756e-03 ] 0.0000e+00 [ 0.0000e+00 ] 9.9802e-01
 1.269e+01 1.9040e-03 1.9040e-03 [ 4.8130e-18 4.5537e-11 1.9040e-03 ] 0.0000e+00 [ 0.0000e+00 ] 9.9810e-01
 1.281e+01 1.8348e-03 1.8348e-03 [ 2.7666e-18 3.3207e-11 1.8348e-03 ] 0.0000e+00 [ 0.0000e+00 ] 9.9817e-01
 1.292e+01 1.7677e-03 1.7677e-03 [ 1.5856e-18 2.4165e-11 1.7677e-03 ] 0.0000e+00 [ 0.0000e+00 ] 9.9823e-01
 1.303e+01 1.7027e-03 1.7027e-03 [ 9.0614e-19 1.7547e-11 1.7027e-03 ] 0.0000e+00 [ 0.0000e+00 ] 9.9830e-01
 1.315e+01 1.6399e-03 1.6399e-03 [ 5.1632e-19 1.2714e-11 1.6399e-03 ] 0.0000e+00 [ 0.0000e+00 ] 9.9836e-01
 1.326e+01 1.5790e-03 1.5790e-03 [ 2.9334e-19 9.1929e-12 1.5790e-03 ] 0.0000e+00 [ 0.0000e+00 ] 9.9842e-01
 1.337e+01 1.5200e-03 1.5200e-03 [ 1.6618e-19 6.6324e-12 1.5200e-03 ] 0.0000e+00 [ 0.0000e+00 ] 9.9848e-01
 1.349e+01 1.4629e-03 1.4629e-03 [ 9.3865e-20 4.7746e-12 1.4629e-03 ] 0.0000e+00 [ 0.0000e+00 ] 9.9854e-01
 1.360e+01 1.4076e-03 1.4076e-03 [ 5.2867e-20 3.4297e-12 1.4076e-03 ] 0.0000e+00 [ 0.0000e+00 ] 9.9859e-01
 1.371e+01 1.3541e-03 1.3541e-03 [ 2.9690e-20 2.4582e-12 1.3541e-03 ] 0.0000e+00 [ 0.0000e+00 ] 9.9865e-01
 1.383e+01 1.3023e-03 1.3023e-03 [ 1.6626e-20 1.7580e-12 1.3023e-03 ] 0.0000e+00 [ 0.0000e+00 ] 9.9870e-01
 1.394e+01 1.2522e-03 1.2522e-03 [ 9.2833e-21 1.2544e-12 1.2522e-03 ] 0.0000e+00 [ 0.0000e+00 ] 9.9875e-01
 1.405e+01 1.2037e-03 1.2037e-03 [ 5.1688e-21 8.9312e-13 1.2037e-03 ] 0.0000e+00 [ 0.0000e+00 ] 9.9880e-01
 1.417e+01 1.1568e-03 1.1568e-03 [ 2.8698e-21 6.3447e-13 1.1568e-03 ] 0.0000e+00 [ 0.0000e+00 ] 9.9884e-01
 1.428e+01 1.1114e-03 1.1114e-03 [ 1.5888e-21 4.4971e-13 1.1114e-03 ] 0.0000e+00 [ 0.0000e+00 ] 9.9889e-01
 1.439e+01 1.0674e-03 1.0674e-03 [ 8.7714e-22 3.1804e-13 1.0674e-03 ] 0.0000e+00 [ 0.0000e+00 ] 9.9893e-01
 1.451e+01 1.0250e-03 1.0250e-03 [ 4.8290e-22 2.2441e-13 1.0250e-03 ] 0.0000e+00 [ 0.0000e+00 ] 9.9897e-01
 1.462e+01 9.8394e-04 9.8394e-04 [ 2.6511e-22 1.5799e-13 9.8394e-04 ] 0.0000e+00 [ 0.0000e+00 ] 9.9902e-01
 1.473e+01 9.4427e-04 9.4427e-04 [ 1.4514e-22 1.1098e-13 9.4427e-04 ] 0.0000e+00 [ 0.0000e+00 ] 9.9906e-01
 1.485e+01 9.0595e-04 9.0595e-04 [ 7.9243e-23 7.7781e-14 9.0595e-04 ] 0.0000e+00 [ 0.0000e+00 ] 9.9909e-01
 1.496e+01 8.6893e-04 8.6893e-04 [ 4.3146e-23 5.4389e-14 8.6893e-04 ] 0.0000e+00 [ 0.0000e+00 ] 9.9913e-01
 1.507e+01 8.3318e-04 8.3318e-04 [ 2.3428e-23 3.7946e-14 8.3318e-04 ] 0.0000e+00 [ 0.0000e+00 ] 9.9917e-01
 1.519e+01 7.9867e-04 7.9867e-04 [ 1.2687e-23 2.6414e-14 7.9867e-04 ] 0.0000e+00 [ 0.0000e+00 ] 9.9920e-01
 1.530e+01 7.6537e-04 7.6537e-04 [ 6.8518e-24 1.8345e-14 7.6537e-04 ] 0.0000e+00 [ 0.0000e+00 ] 9.9923e-01
 1.541e+01 7.3324e-04 7.3324e-04 [ 3.6906e-24 1.2711e-14 7.3324e-04 ] 0.0000e+00 [ 0.0000e+00 ] 9.9927e-01
 1.553e+01 7.0225e-04 7.0225e-04 [ 1.9826e-24 8.7881e-15 7.0225e-04 ] 0.0000e+00 [ 0.0000e+00 ] 9.9930e-01
 1.564e+01 6.7237e-04 6.7237e-04 [ 1.0622e-24 6.0619e-15 6.7237e-04 ] 0.0000e+00 [ 0.0000e+00 ] 9.9933e-01
 1.575e+01 6.4357e-04 6.4357e-04 [ 5.6764e-25 4.1718e-15 6.4357e-04 ] 0.0000e+00 [ 0.0000e+00 ] 9.9936e-01
 1.587e+01 6.1582e-04 6.1582e-04 [ 3.0255e-25 2.8646e-15 6.1582e-04 ] 0.0000e+00 [ 0.0000e+00 ] 9.9938e-01
 1.598e+01 5.8909e-04 5.8909e-04 [ 1.6084e-25 1.9625e-15 5.8909e-04 ] 0.0000e+00 [ 0.0000e+00 ] 9.9941e-01
 1.609e+01 5.6335e-04 5.6335e-04 [ 8.5289e-26 1.3414e-15 5.6335e-04 ] 0.0000e+00 [ 0.0000e+00 ] 9.9944e-01
 1.621e+01 5.3857e-04 5.3857e-04 [ 4.5111e-26 9.1478e-16 5.3857e-04 ] 0.0000e+00 [ 0.0000e+00 ] 9.9946e-01
 1.632e+01 5.1473e-04 5.1473e-04 [ 2.3800e-26 6.2244e-16 5.1473e-04 ] 0.0000e+00 [ 0.0000e+00 ] 9.9949e-01
 1.643e+01 4.9180e-04 4.9180e-04 [ 1.2525e-26 4.2256e-16 4.9180e-04 ] 0.0000e+00 [ 0.0000e+00 ] 9.9951e-01
 1.655e+01 4.6975e-04 4.6975e-04 [ 6.5751e-27 2.8621e-16 4.6975e-04 ] 0.0000e+00 [ 0.0000e+00 ] 9.9953e-01
 1.666e+01 4.4855e-04 4.4855e-04 [ 3.4432e-27 1.9342e-16 4.4855e-04 ] 0.0000e+00 [ 0.0000e+00 ] 9.9955e-01
 1.677e+01 4.2817e-04 4.2817e-04 [ 1.7987e-27 1.3042e-16 4.2817e-04 ] 0.0000e+00 [ 0.0000e+00 ] 9.9957e-01
 1.689e+01 4.0860e-04 4.0860e-04 [ 9.3734e-28 8.7740e-17 4.0860e-04 ] 0.0000e+00 [ 0.0000e+00 ] 9.9959e-01
 1.700e+01 3.8981e-04 3.8981e-04 [ 4.8729e-28 5.8893e-17 3.8981e-04 ] 0.0000e+00 [ 0.0000e+00 ] 9.9961e-01
 1.711e+01 3.7177e-04 3.7177e-04 [ 2.5273e-28 3.9442e-17 3.7177e-04 ] 0.0000e+00 [ 0.0000e+00 ] 9.9963e-01
 1.723e+01 3.5446e-04 3.5446e-04 [ 1.3076e-28 2.6355e-17 3.5446e-04 ] 0.0000e+00 [ 0.0000e+00 ] 9.9965e-01
 1.734e+01 3.3785e-04 3.3785e-04 [ 6.7500e-29 1.7571e-17 3.3785e-04 ] 0.0000e+00 [ 0.0000e+00 ] 9.9966e-01
 1.745e+01 3.2193e-04 3.2193e-04 [ 3.4762e-29 1.1689e-17 3.2193e-04 ] 0.0000e+00 [ 0.0000e+00 ] 9.9968e-01
 1.757e+01 3.0666e-04 3.0666e-04 [ 1.7861e-29 7.7580e-18 3.0666e-04 ] 0.0000e+00 [ 0.0000e+00 ] 9.9969e-01
 1.768e+01 2.9203e-04 2.9203e-04 [ 9.1564e-30 5.1377e-18 2.9203e-04 ] 0.0000e+00 [ 0.0000e+00 ] 9.9971e-01
 1.779e+01 2.7801e-04 2.7801e-04 [ 4.6833e-30 3.3948e-18 2.7801e-04 ] 0.0000e+00 [ 0.0000e+00 ] 9.9972e-01
 1.791e+01 2.6459e-04 2.6459e-04 [ 2.3900e-30 2.2382e-18 2.6459e-04 ] 0.0000e+00 [ 0.0000e+00 ] 9.9974e-01
 1.802e+01 2.5174e-04 2.5174e-04 [ 1.2170e-30 1.4723e-18 2.5174e-04 ] 0.0000e+00 [ 0.0000e+00 ] 9.9975e-01
 1.813e+01 2.3944e-04 2.3944e-04 [ 6.1832e-31 9.6639e-19 2.3944e-04 ] 0.0000e+00 [ 0.0000e+00 ] 9.9976e-01
 1.825e+01 2.2768e-04 2.2768e-04 [ 3.1347e-31 6.3291e-19 2.2768e-04 ] 0.0000e+00 [ 0.0000e+00 ] 9.9977e-01
 1.836e+01 2.1643e-04 2.1643e-04 [ 1.5857e-31 4.1359e-19 2.1643e-04 ] 0.0000e+00 [ 0.0000e+00 ] 9.9978e-01
 1.847e+01 2.0567e-04 2.0567e-04 [ 8.0043e-32 2.6968e-19 2.0567e-04 ] 0.0000e+00 [ 0.0000e+00 ] 9.9979e-01
 1.859e+01 1.9539e-04 1.9539e-04 [ 4.0318e-32 1.7546e-19 1.9539e-04 ] 0.0000e+00 [ 0.0000e+00 ] 9.9980e-01
 1.870e+01 1.8557e-04 1.8557e-04 [ 2.0265e-32 1.1390e-19 1.8557e-04 ] 0.0000e+00 [ 0.0000e+00 ] 9.9981e-01
 1.881e+01 1.7619e-04 1.7619e-04 [ 1.0165e-32 7.3783e-20 1.7619e-04 ] 0.0000e+00 [ 0.0000e+00 ] 9.9982e-01
 1.893e+01 1.6724e-04 1.6724e-04 [ 5.0880e-33 4.7690e-20 1.6724e-04 ] 0.0000e+00 [ 0.0000e+00 ] 9.9983e-01
 1.904e+01 1.5869e-04 1.5869e-04 [ 2.5416e-33 3.0758e-20 1.5869e-04 ] 0.0000e+00 [ 0.0000e+00 ] 9.9984e-01
 1.915e+01 1.5054e-04 1.5054e-04 [ 1.2670e-33 1.9795e-20 1.5054e-04 ] 0.0000e+00 [ 0.0000e+00 ] 9.9985e-01
 1.927e+01 1.4276e-04 1.4276e-04 [ 6.3032e-34 1.2712e-20 1.4276e-04 ] 0.0000e+00 [ 0.0000e+00 ] 9.9986e-01
 1.938e+01 1.3535e-04 1.3535e-04 [ 3.1296e-34 8.1454e-21 1.3535e-04 ] 0.0000e+00 [ 0.0000e+00 ] 9.9986e-01
 1.949e+01 1.2828e-04 1.2828e-04 [ 1.5508e-34 5.2083e-21 1.2828e-04 ] 0.0000e+00 [ 0.0000e+00 ] 9.9987e-01
 1.961e+01 1.2155e-04 1.2155e-04 [ 7.6694e-35 3.3231e-21 1.2155e-04 ] 0.0000e+00 [ 0.0000e+00 ] 9.9988e-01
 1.972e+01 1.1514e-04 1.1514e-04 [ 3.7855e-35 2.1158e-21 1.1514e-04 ] 0.0000e+00 [ 0.0000e+00 ] 9.9988e-01
 1.983e+01 1.0903e-04 1.0903e-04 [ 1.8649e-35 1.3442e-21 1.0903e-04 ] 0.0000e+00 [ 0.0000e+00 ] 9.9989e-01
 1.995e+01 1.0322e-04 1.0322e-04 [ 9.1694e-36 8.5224e-22 1.0322e-04 ] 0.0000e+00 [ 0.0000e+00 ] 9.9990e-01
 2.006e+01 9.7684e-05 9.7684e-05 [ 4.5000e-36 5.3917e-22 9.7684e-05 ] 0.0000e+00 [ 0.0000e+00 ] 9.9990e-01
 2.017e+01 9.2422e-05 9.2422e-05 [ 2.2043e-36 3.4039e-22 9.2422e-05 ] 0.0000e+00 [ 0.0000e+00 ] 9.9991e-01
 2.029e+01 8.7418e-05 8.7418e-05 [ 1.0777e-36 2.1444e-22 8.7418e-05 ] 0.0000e+00 [ 0.0000e+00 ] 9.9991e-01
 2.040e+01 8.2661e-05 8.2661e-05 [ 5.2597e-37 1.3482e-22 8.2661e-05 ] 0.0000e+00 [ 0.0000e+00 ] 9.9992e-01
 2.051e+01 7.8140e-05 7.8140e-05 [ 2.5622e-37 8.4579e-23 7.8140e-05 ] 0.0000e+00 [ 0.0000e+00 ] 9.9992e-01
 2.063e+01 7.3845e-05 7.3845e-05 [ 1.2459e-37 5.2952e-23 7.3845e-05 ] 0.0000e+00 [ 0.0000e+00 ] 9.9993e-01
 2.074e+01 6.9766e-05 6.9766e-05 [ 6.0474e-38 3.3083e-23 6.9766e-05 ] 0.0000e+00 [ 0.0000e+00 ] 9.9993e-01
 2.085e+01 6.5894e-05 6.5894e-05 [ 2.9301e-38 2.0627e-23 6.5894e-05 ] 0.0000e+00 [ 0.0000e+00 ] 9.9993e-01
 2.097e+01 6.2218e-05 6.2218e-05 [ 1.4172e-38 1.2834e-23 6.2218e-05 ] 0.0000e+00 [ 0.0000e+00 ] 9.9994e-01
 2.108e+01 5.8730e-05 5.8730e-05 [ 6.8426e-39 7.9691e-24 5.8730e-05 ] 0.0000e+00 [ 0.0000e+00 ] 9.9994e-01
 2.119e+01 5.5423e-05 5.5423e-05 [ 3.2981e-39 4.9382e-24 5.5423e-05 ] 0.0000e+00 [ 0.0000e+00 ] 9.9994e-01
 2.131e+01 5.2286e-05 5.2286e-05 [ 1.5869e-39 3.0538e-24 5.2286e-05 ] 0.0000e+00 [ 0.0000e+00 ] 9.9995e-01
 2.142e+01 4.9313e-05 4.9313e-05 [ 7.6227e-40 1.8847e-24 4.9313e-05 ] 0.0000e+00 [ 0.0000e+00 ] 9.9995e-01
 2.153e+01 4.6495e-05 4.6495e-05 [ 3.6554e-40 1.1608e-24 4.6495e-05 ] 0.0000e+00 [ 0.0000e+00 ] 9.9995e-01
 2.165e+01 4.3826e-05 4.3826e-05 [ 1.7500e-40 7.1350e-25 4.3826e-05 ] 0.0000e+00 [ 0.0000e+00 ] 9.9996e-01
 2.176e+01 4.1298e-05 4.1298e-05 [ 8.3639e-41 4.3769e-25 4.1298e-05 ] 0.0000e+00 [ 0.0000e+00 ] 9.9996e-01
 2.187e+01 3.8905e-05 3.8905e-05 [ 3.9909e-41 2.6797e-25 3.8905e-05 ] 0.0000e+00 [ 0.0000e+00 ] 9.9996e-01
 2.199e+01 3.6640e-05 3.6640e-05 [ 1.9012e-41 1.6373e-25 3.6640e-05 ] 0.0000e+00 [ 0.0000e+00 ] 9.9996e-01
 2.210e+01 3.4497e-05 3.4497e-05 [ 9.0426e-42 9.9841e-26 3.4497e-05 ] 0.0000e+00 [ 0.0000e+00 ] 9.9997e-01
 2.221e+01 3.2470e-05 3.2470e-05 [ 4.2940e-42 6.0763e-26 3.2470e-05 ] 0.0000e+00 [ 0.0000e+00 ] 9.9997e-01
 2.233e+01 3.0554e-05 3.0554e-05 [ 2.0358e-42 3.6907e-26 3.0554e-05 ] 0.0000e+00 [ 0.0000e+00 ] 9.9997e-01
 2.244e+01 2.8742e-05 2.8742e-05 [ 9.6368e-43 2.2374e-26 2.8742e-05 ] 0.0000e+00 [ 0.0000e+00 ] 9.9997e-01
 2.255e+01 2.7031e-05 2.7031e-05 [ 4.5546e-43 1.3537e-26 2.7031e-05 ] 0.0000e+00 [ 0.0000e+00 ] 9.9997e-01
 2.267e+01 2.5413e-05 2.5413e-05 [ 2.1493e-43 8.1743e-27 2.5413e-05 ] 0.0000e+00 [ 0.0000e+00 ] 9.9997e-01
 2.278e+01 2.3886e-05 2.3886e-05 [ 1.0127e-43 4.9266e-27 2.3886e-05 ] 0.0000e+00 [ 0.0000e+00 ] 9.9998e-01
 2.289e+01 2.2444e-05 2.2444e-05 [ 4.7644e-44 2.9635e-27 2.2444e-05 ] 0.0000e+00 [ 0.0000e+00 ] 9.9998e-01
 2.301e+01 2.1084e-05 2.1084e-05 [ 2.2381e-44 1.7792e-27 2.1084e-05 ] 0.0000e+00 [ 0.0000e+00 ] 9.9998e-01
 2.312e+01 1.9800e-05 1.9800e-05 [ 1.0498e-44 1.0662e-27 1.9800e-05 ] 0.0000e+00 [ 0.0000e+00 ] 9.9998e-01
 2.323e+01 1.8589e-05 1.8589e-05 [ 4.9169e-45 6.3767e-28 1.8589e-05 ] 0.0000e+00 [ 0.0000e+00 ] 9.9998e-01
 2.335e+01 1.7447e-05 1.7447e-05 [ 2.2995e-45 3.8066e-28 1.7447e-05 ] 0.0000e+00 [ 0.0000e+00 ] 9.9998e-01
 2.346e+01 1.6370e-05 1.6370e-05 [ 1.0739e-45 2.2681e-28 1.6370e-05 ] 0.0000e+00 [ 0.0000e+00 ] 9.9998e-01
 2.357e+01 1.5356e-05 1.5356e-05 [ 5.0077e-46 1.3489e-28 1.5356e-05 ] 0.0000e+00 [ 0.0000e+00 ] 9.9998e-01
 2.369e+01 1.4401e-05 1.4401e-05 [ 2.3319e-46 8.0071e-29 1.4401e-05 ] 0.0000e+00 [ 0.0000e+00 ] 9.9999e-01
 2.380e+01 1.3501e-05 1.3501e-05 [ 1.0843e-46 4.7442e-29 1.3501e-05 ] 0.0000e+00 [ 0.0000e+00 ] 9.9999e-01
 2.391e+01 1.2653e-05 1.2653e-05 [ 5.0350e-47 2.8057e-29 1.2653e-05 ] 0.0000e+00 [ 0.0000e+00 ] 9.9999e-01
 2.403e+01 1.1856e-05 1.1856e-05 [ 2.3347e-47 1.6562e-29 1.1856e-05 ] 0.0000e+00 [ 0.0000e+00 ] 9.9999e-01
 2.414e+01 1.1105e-05 1.1105e-05 [ 1.0811e-47 9.7586e-30 1.1105e-05 ] 0.0000e+00 [ 0.0000e+00 ] 9.9999e-01
 2.425e+01 1.0400e-05 1.0400e-05 [ 4.9993e-48 5.7394e-30 1.0400e-05 ] 0.0000e+00 [ 0.0000e+00 ] 9.9999e-01
 2.437e+01 9.7359e-06 9.7359e-06 [ 2.3086e-48 3.3694e-30 9.7359e-06 ] 0.0000e+00 [ 0.0000e+00 ] 9.9999e-01
 2.448e+01 9.1120e-06 9.1120e-06 [ 1.0647e-48 1.9744e-30 9.1120e-06 ] 0.0000e+00 [ 0.0000e+00 ] 9.9999e-01
 2.459e+01 8.5256e-06 8.5256e-06 [ 4.9033e-49 1.1549e-30 8.5256e-06 ] 0.0000e+00 [ 0.0000e+00 ] 9.9999e-01
 2.471e+01 7.9747e-06 7.9747e-06 [ 2.2552e-49 6.7432e-31 7.9747e-06 ] 0.0000e+00 [ 0.0000e+00 ] 9.9999e-01
 2.482e+01 7.4573e-06 7.4573e-06 [ 1.0359e-49 3.9301e-31 7.4573e-06 ] 0.0000e+00 [ 0.0000e+00 ] 9.9999e-01
 2.493e+01 6.9715e-06 6.9715e-06 [ 4.7519e-50 2.2865e-31 6.9715e-06 ] 0.0000e+00 [ 0.0000e+00 ] 9.9999e-01
 2.505e+01 6.5155e-06 6.5155e-06 [ 2.1770e-50 1.3279e-31 6.5155e-06 ] 0.0000e+00 [ 0.0000e+00 ] 9.9999e-01
 2.516e+01 6.0876e-06 6.0876e-06 [ 9.9607e-51 7.6979e-32 6.0876e-06 ] 0.0000e+00 [ 0.0000e+00 ] 9.9999e-01
 2.527e+01 5.6862e-06 5.6862e-06 [ 4.5516e-51 4.4547e-32 5.6862e-06 ] 0.0000e+00 [ 0.0000e+00 ] 9.9999e-01
 2.539e+01 5.3097e-06 5.3097e-06 [ 2.0773e-51 2.5733e-32 5.3097e-06 ] 0.0000e+00 [ 0.0000e+00 ] 9.9999e-01
 2.550e+01 4.9568e-06 4.9568e-06 [ 9.4682e-52 1.4839e-32 4.9568e-06 ] 0.0000e+00 [ 0.0000e+00 ] 1.0000e+00
 2.561e+01 4.6260e-06 4.6260e-06 [ 4.3102e-52 8.5422e-33 4.6260e-06 ] 0.0000e+00 [ 0.0000e+00 ] 1.0000e+00
 2.573e+01 4.3161e-06 4.3161e-06 [ 1.9597e-52 4.9087e-33 4.3161e-06 ] 0.0000e+00 [ 0.0000e+00 ] 1.0000e+00
 2.584e+01 4.0258e-06 4.0258e-06 [ 8.8990e-53 2.8159e-33 4.0258e-06 ] 0.0000e+00 [ 0.0000e+00 ] 1.0000e+00
 2.595e+01 3.7539e-06 3.7539e-06 [ 4.0361e-53 1.6125e-33 3.7539e-06 ] 0.0000e+00 [ 0.0000e+00 ] 1.0000e+00
 2.607e+01 3.4995e-06 3.4995e-06 [ 1.8283e-53 9.2184e-34 3.4995e-06 ] 0.0000e+00 [ 0.0000e+00 ] 1.0000e+00
 2.618e+01 3.2613e-06 3.2613e-06 [ 8.2722e-54 5.2609e-34 3.2613e-06 ] 0.0000e+00 [ 0.0000e+00 ] 1.0000e+00
 2.629e+01 3.0385e-06 3.0385e-06 [ 3.7382e-54 2.9972e-34 3.0385e-06 ] 0.0000e+00 [ 0.0000e+00 ] 1.0000e+00
 2.641e+01 2.8301e-06 2.8301e-06 [ 1.6873e-54 1.7046e-34 2.8301e-06 ] 0.0000e+00 [ 0.0000e+00 ] 1.0000e+00
 2.652e+01 2.6353e-06 2.6353e-06 [ 7.6069e-55 9.6786e-35 2.6353e-06 ] 0.0000e+00 [ 0.0000e+00 ] 1.0000e+00
 2.663e+01 2.4532e-06 2.4532e-06 [ 3.4253e-55 5.4860e-35 2.4532e-06 ] 0.0000e+00 [ 0.0000e+00 ] 1.0000e+00
 2.675e+01 2.2830e-06 2.2830e-06 [ 1.5406e-55 3.1044e-35 2.2830e-06 ] 0.0000e+00 [ 0.0000e+00 ] 1.0000e+00
 2.686e+01 2.1240e-06 2.1240e-06 [ 6.9212e-56 1.7537e-35 2.1240e-06 ] 0.0000e+00 [ 0.0000e+00 ] 1.0000e+00
 2.697e+01 1.9755e-06 1.9755e-06 [ 3.1057e-56 9.8905e-36 1.9755e-06 ] 0.0000e+00 [ 0.0000e+00 ] 1.0000e+00
 2.709e+01 1.8369e-06 1.8369e-06 [ 1.3920e-56 5.5687e-36 1.8369e-06 ] 0.0000e+00 [ 0.0000e+00 ] 1.0000e+00
 2.720e+01 1.7076e-06 1.7076e-06 [ 6.2321e-57 3.1301e-36 1.7076e-06 ] 0.0000e+00 [ 0.0000e+00 ] 1.0000e+00
 2.731e+01 1.5869e-06 1.5869e-06 [ 2.7870e-57 1.7565e-36 1.5869e-06 ] 0.0000e+00 [ 0.0000e+00 ] 1.0000e+00
 2.743e+01 1.4743e-06 1.4743e-06 [ 1.2449e-57 9.8409e-37 1.4743e-06 ] 0.0000e+00 [ 0.0000e+00 ] 1.0000e+00
 2.754e+01 1.3693e-06 1.3693e-06 [ 5.5546e-58 5.5042e-37 1.3693e-06 ] 0.0000e+00 [ 0.0000e+00 ] 1.0000e+00
 2.765e+01 1.2714e-06 1.2714e-06 [ 2.4756e-58 3.0736e-37 1.2714e-06 ] 0.0000e+00 [ 0.0000e+00 ] 1.0000e+00
 2.777e+01 1.1802e-06 1.1802e-06 [ 1.1021e-58 1.7135e-37 1.1802e-06 ] 0.0000e+00 [ 0.0000e+00 ] 1.0000e+00
 2.788e+01 1.0952e-06 1.0952e-06 [ 4.9012e-59 9.5373e-38 1.0952e-06 ] 0.0000e+00 [ 0.0000e+00 ] 1.0000e+00
 2.799e+01 1.0161e-06 1.0161e-06 [ 2.1772e-59 5.2998e-38 1.0161e-06 ] 0.0000e+00 [ 0.0000e+00 ] 1.0000e+00
 2.811e+01 9.4235e-07 9.4235e-07 [ 9.6608e-60 2.9402e-38 9.4235e-07 ] 0.0000e+00 [ 0.0000e+00 ] 1.0000e+00
 2.822e+01 8.7375e-07 8.7375e-07 [ 4.2821e-60 1.6286e-38 8.7375e-07 ] 0.0000e+00 [ 0.0000e+00 ] 1.0000e+00
 2.833e+01 8.0992e-07 8.0992e-07 [ 1.8960e-60 9.0062e-39 8.0992e-07 ] 0.0000e+00 [ 0.0000e+00 ] 1.0000e+00
 2.845e+01 7.5053e-07 7.5053e-07 [ 8.3857e-61 4.9725e-39 7.5053e-07 ] 0.0000e+00 [ 0.0000e+00 ] 1.0000e+00
 2.856e+01 6.9530e-07 6.9530e-07 [ 3.7049e-61 2.7410e-39 6.9530e-07 ] 0.0000e+00 [ 0.0000e+00 ] 1.0000e+00
 2.867e+01 6.4395e-07 6.4395e-07 [ 1.6351e-61 1.5085e-39 6.4395e-07 ] 0.0000e+00 [ 0.0000e+00 ] 1.0000e+00
 2.879e+01 5.9623e-07 5.9623e-07 [ 7.2089e-62 8.2892e-40 5.9623e-07 ] 0.0000e+00 [ 0.0000e+00 ] 1.0000e+00
 2.890e+01 5.5188e-07 5.5188e-07 [ 3.1749e-62 4.5476e-40 5.5188e-07 ] 0.0000e+00 [ 0.0000e+00 ] 1.0000e+00
 2.901e+01 5.1069e-07 5.1069e-07 [ 1.3968e-62 2.4909e-40 5.1069e-07 ] 0.0000e+00 [ 0.0000e+00 ] 1.0000e+00
 2.913e+01 4.7243e-07 4.7243e-07 [ 6.1385e-63 1.3623e-40 4.7243e-07 ] 0.0000e+00 [ 0.0000e+00 ] 1.0000e+00
 2.924e+01 4.3692e-07 4.3692e-07 [ 2.6949e-63 7.4382e-41 4.3692e-07 ] 0.0000e+00 [ 0.0000e+00 ] 1.0000e+00
 2.935e+01 4.0396e-07 4.0396e-07 [ 1.1819e-63 4.0551e-41 4.0396e-07 ] 0.0000e+00 [ 0.0000e+00 ] 1.0000e+00
 2.947e+01 3.7338e-07 3.7338e-07 [ 5.1780e-64 2.2073e-41 3.7338e-07 ] 0.0000e+00 [ 0.0000e+00 ] 1.0000e+00
 2.958e+01 3.4502e-07 3.4502e-07 [ 2.2662e-64 1.1996e-41 3.4502e-07 ] 0.0000e+00 [ 0.0000e+00 ] 1.0000e+00
 2.969e+01 3.1872e-07 3.1872e-07 [ 9.9078e-65 6.5092e-42 3.1872e-07 ] 0.0000e+00 [ 0.0000e+00 ] 1.0000e+00
 2.981e+01 2.9434e-07 2.9434e-07 [ 4.3273e-65 3.5265e-42 2.9434e-07 ] 0.0000e+00 [ 0.0000e+00 ] 1.0000e+00
 2.992e+01 2.7175e-07 2.7175e-07 [ 1.8880e-65 1.9076e-42 2.7175e-07 ] 0.0000e+00 [ 0.0000e+00 ] 1.0000e+00
 3.003e+01 2.5082e-07 2.5082e-07 [ 8.2290e-66 1.0303e-42 2.5082e-07 ] 0.0000e+00 [ 0.0000e+00 ] 1.0000e+00
 3.015e+01 2.3144e-07 2.3144e-07 [ 3.5830e-66 5.5562e-43 2.3144e-07 ] 0.0000e+00 [ 0.0000e+00 ] 1.0000e+00
 3.026e+01 2.1349e-07 2.1349e-07 [ 1.5585e-66 2.9917e-43 2.1349e-07 ] 0.0000e+00 [ 0.0000e+00 ] 1.0000e+00
 3.037e+01 1.9688e-07 1.9688e-07 [ 6.7722e-67 1.6084e-43 1.9688e-07 ] 0.0000e+00 [ 0.0000e+00 ] 1.0000e+00
 3.049e+01 1.8151e-07 1.8151e-07 [ 2.9397e-67 8.6334e-44 1.8151e-07 ] 0.0000e+00 [ 0.0000e+00 ] 1.0000e+00
 3.060e+01 1.6729e-07 1.6729e-07 [ 1.2748e-67 4.6271e-44 1.6729e-07 ] 0.0000e+00 [ 0.0000e+00 ] 1.0000e+00
 3.071e+01 1.5414e-07 1.5414e-07 [ 5.5226e-68 2.4762e-44 1.5414e-07 ] 0.0000e+00 [ 0.0000e+00 ] 1.0000e+00
 3.083e+01 1.4198e-07 1.4198e-07 [ 2.3900e-68 1.3231e-44 1.4198e-07 ] 0.0000e+00 [ 0.0000e+00 ] 1.0000e+00
 3.094e+01 1.3075e-07 1.3075e-07 [ 1.0333e-68 7.0586e-45 1.3075e-07 ] 0.0000e+00 [ 0.0000e+00 ] 1.0000e+00
 3.105e+01 1.2036e-07 1.2036e-07 [ 4.4628e-69 3.7601e-45 1.2036e-07 ] 0.0000e+00 [ 0.0000e+00 ] 1.0000e+00
 3.117e+01 1.1077e-07 1.1077e-07 [ 1.9255e-69 1.9999e-45 1.1077e-07 ] 0.0000e+00 [ 0.0000e+00 ] 1.0000e+00
 3.128e+01 1.0192e-07 1.0192e-07 [ 8.2996e-70 1.0621e-45 1.0192e-07 ] 0.0000e+00 [ 0.0000e+00 ] 1.0000e+00
 3.139e+01 9.3745e-08 9.3745e-08 [ 3.5738e-70 5.6317e-46 9.3745e-08 ] 0.0000e+00 [ 0.0000e+00 ] 1.0000e+00
 3.151e+01 8.6201e-08 8.6201e-08 [ 1.5373e-70 2.9817e-46 8.6201e-08 ] 0.0000e+00 [ 0.0000e+00 ] 1.0000e+00
 3.162e+01 7.9241e-08 7.9241e-08 [ 6.6063e-71 1.5763e-46 7.9241e-08 ] 0.0000e+00 [ 0.0000e+00 ] 1.0000e+00
 3.173e+01 7.2822e-08 7.2822e-08 [ 2.8361e-71 8.3203e-47 7.2822e-08 ] 0.0000e+00 [ 0.0000e+00 ] 1.0000e+00
 3.185e+01 6.6903e-08 6.6903e-08 [ 1.2163e-71 4.3851e-47 6.6903e-08 ] 0.0000e+00 [ 0.0000e+00 ] 1.0000e+00
 3.196e+01 6.1447e-08 6.1447e-08 [ 5.2110e-72 2.3076e-47 6.1447e-08 ] 0.0000e+00 [ 0.0000e+00 ] 1.0000e+00
 3.207e+01 5.6419e-08 5.6419e-08 [ 2.2303e-72 1.2125e-47 5.6419e-08 ] 0.0000e+00 [ 0.0000e+00 ] 1.0000e+00
 3.219e+01 5.1788e-08 5.1788e-08 [ 9.5360e-73 6.3612e-48 5.1788e-08 ] 0.0000e+00 [ 0.0000e+00 ] 1.0000e+00
 3.230e+01 4.7522e-08 4.7522e-08 [ 4.0731e-73 3.3323e-48 4.7522e-08 ] 0.0000e+00 [ 0.0000e+00 ] 1.0000e+00
 3.241e+01 4.3595e-08 4.3595e-08 [ 1.7380e-73 1.7429e-48 4.3595e-08 ] 0.0000e+00 [ 0.0000e+00 ] 1.0000e+00
 3.253e+01 3.9981e-08 3.9981e-08 [ 7.4085e-74 9.1021e-49 3.9981e-08 ] 0.0000e+00 [ 0.0000e+00 ] 1.0000e+00
 3.264e+01 3.6655e-08 3.6655e-08 [ 3.1547e-74 4.7462e-49 3.6655e-08 ] 0.0000e+00 [ 0.0000e+00 ] 1.0000e+00
 3.275e+01 3.3595e-08 3.3595e-08 [ 1.3420e-74 2.4711e-49 3.3595e-08 ] 0.0000e+00 [ 0.0000e+00 ] 1.0000e+00
 3.287e+01 3.0782e-08 3.0782e-08 [ 5.7029e-75 1.2846e-49 3.0782e-08 ] 0.0000e+00 [ 0.0000e+00 ] 1.0000e+00
 3.298e+01 2.8195e-08 2.8195e-08 [ 2.4209e-75 6.6676e-50 2.8195e-08 ] 0.0000e+00 [ 0.0000e+00 ] 1.0000e+00
 3.309e+01 2.5818e-08 2.5818e-08 [ 1.0267e-75 3.4555e-50 2.5818e-08 ] 0.0000e+00 [ 0.0000e+00 ] 1.0000e+00
 3.321e+01 2.3634e-08 2.3634e-08 [ 4.3492e-76 1.7880e-50 2.3634e-08 ] 0.0000e+00 [ 0.0000e+00 ] 1.0000e+00
 3.332e+01 2.1628e-08 2.1628e-08 [ 1.8405e-76 9.2377e-51 2.1628e-08 ] 0.0000e+00 [ 0.0000e+00 ] 1.0000e+00
 3.343e+01 1.9786e-08 1.9786e-08 [ 7.7806e-77 4.7652e-51 1.9786e-08 ] 0.0000e+00 [ 0.0000e+00 ] 1.0000e+00
 3.355e+01 1.8095e-08 1.8095e-08 [ 3.2857e-77 2.4543e-51 1.8095e-08 ] 0.0000e+00 [ 0.0000e+00 ] 1.0000e+00
 3.366e+01 1.6543e-08 1.6543e-08 [ 1.3860e-77 1.2621e-51 1.6543e-08 ] 0.0000e+00 [ 0.0000e+00 ] 1.0000e+00
 3.377e+01 1.5120e-08 1.5120e-08 [ 5.8405e-78 6.4797e-52 1.5120e-08 ] 0.0000e+00 [ 0.0000e+00 ] 1.0000e+00
 3.389e+01 1.3814e-08 1.3814e-08 [ 2.4584e-78 3.3215e-52 1.3814e-08 ] 0.0000e+00 [ 0.0000e+00 ] 1.0000e+00
 3.400e+01 1.2617e-08 1.2617e-08 [ 1.0337e-78 1.6999e-52 1.2617e-08 ] 0.0000e+00 [ 0.0000e+00 ] 1.0000e+00
 3.411e+01 1.1520e-08 1.1520e-08 [ 4.3414e-79 8.6864e-53 1.1520e-08 ] 0.0000e+00 [ 0.0000e+00 ] 1.0000e+00
 3.423e+01 1.0514e-08 1.0514e-08 [ 1.8213e-79 4.4314e-53 1.0514e-08 ] 0.0000e+00 [ 0.0000e+00 ] 1.0000e+00
 3.434e+01 9.5932e-09 9.5932e-09 [ 7.6324e-80 2.2570e-53 9.5932e-09 ] 0.0000e+00 [ 0.0000e+00 ] 1.0000e+00
 3.445e+01 8.7496e-09 8.7496e-09 [ 3.1947e-80 1.1477e-53 8.7496e-09 ] 0.0000e+00 [ 0.0000e+00 ] 1.0000e+00
 3.457e+01 7.9773e-09 7.9773e-09 [ 1.3357e-80 5.8265e-54 7.9773e-09 ] 0.0000e+00 [ 0.0000e+00 ] 1.0000e+00
 3.468e+01 7.2705e-09 7.2705e-09 [ 5.5778e-81 2.9530e-54 7.2705e-09 ] 0.0000e+00 [ 0.0000e+00 ] 1.0000e+00
 3.479e+01 6.6237e-09 6.6237e-09 [ 2.3265e-81 1.4942e-54 6.6237e-09 ] 0.0000e+00 [ 0.0000e+00 ] 1.0000e+00
 3.491e+01 6.0321e-09 6.0321e-09 [ 9.6923e-82 7.5473e-55 6.0321e-09 ] 0.0000e+00 [ 0.0000e+00 ] 1.0000e+00
 3.502e+01 5.4911e-09 5.4911e-09 [ 4.0328e-82 3.8058e-55 5.4911e-09 ] 0.0000e+00 [ 0.0000e+00 ] 1.0000e+00
 3.513e+01 4.9965e-09 4.9965e-09 [ 1.6759e-82 1.9158e-55 4.9965e-09 ] 0.0000e+00 [ 0.0000e+00 ] 1.0000e+00
 3.525e+01 4.5444e-09 4.5444e-09 [ 6.9558e-83 9.6270e-56 4.5444e-09 ] 0.0000e+00 [ 0.0000e+00 ] 1.0000e+00
 3.536e+01 4.1314e-09 4.1314e-09 [ 2.8832e-83 4.8291e-56 4.1314e-09 ] 0.0000e+00 [ 0.0000e+00 ] 1.0000e+00
 3.547e+01 3.7542e-09 3.7542e-09 [ 1.1935e-83 2.4180e-56 3.7542e-09 ] 0.0000e+00 [ 0.0000e+00 ] 1.0000e+00
 3.559e+01 3.4097e-09 3.4097e-09 [ 4.9340e-84 1.2085e-56 3.4097e-09 ] 0.0000e+00 [ 0.0000e+00 ] 1.0000e+00
 3.570e+01 3.0953e-09 3.0953e-09 [ 2.0369e-84 6.0290e-57 3.0953e-09 ] 0.0000e+00 [ 0.0000e+00 ] 1.0000e+00
 3.581e+01 2.8083e-09 2.8083e-09 [ 8.3967e-85 3.0020e-57 2.8083e-09 ] 0.0000e+00 [ 0.0000e+00 ] 1.0000e+00
 3.593e+01 2.5464e-09 2.5464e-09 [ 3.4564e-85 1.4919e-57 2.5464e-09 ] 0.0000e+00 [ 0.0000e+00 ] 1.0000e+00
 3.604e+01 2.3076e-09 2.3076e-09 [ 1.4207e-85 7.3999e-58 2.3076e-09 ] 0.0000e+00 [ 0.0000e+00 ] 1.0000e+00
 3.615e+01 2.0898e-09 2.0898e-09 [ 5.8302e-86 3.6629e-58 2.0898e-09 ] 0.0000e+00 [ 0.0000e+00 ] 1.0000e+00
 3.627e+01 1.8912e-09 1.8912e-09 [ 2.3888e-86 1.8094e-58 1.8912e-09 ] 0.0000e+00 [ 0.0000e+00 ] 1.0000e+00
 3.638e+01 1.7102e-09 1.7102e-09 [ 9.7716e-87 8.9193e-59 1.7102e-09 ] 0.0000e+00 [ 0.0000e+00 ] 1.0000e+00
 3.649e+01 1.5453e-09 1.5453e-09 [ 3.9903e-87 4.3871e-59 1.5453e-09 ] 0.0000e+00 [ 0.0000e+00 ] 1.0000e+00
 3.661e+01 1.3950e-09 1.3950e-09 [ 1.6266e-87 2.1530e-59 1.3950e-09 ] 0.0000e+00 [ 0.0000e+00 ] 1.0000e+00
 3.672e+01 1.2582e-09 1.2582e-09 [ 6.6181e-88 1.0542e-59 1.2582e-09 ] 0.0000e+00 [ 0.0000e+00 ] 1.0000e+00
 3.683e+01 1.1336e-09 1.1336e-09 [ 2.6875e-88 5.1493e-60 1.1336e-09 ] 0.0000e+00 [ 0.0000e+00 ] 1.0000e+00
 3.695e+01 1.0201e-09 1.0201e-09 [ 1.0892e-88 2.5090e-60 1.0201e-09 ] 0.0000e+00 [ 0.0000e+00 ] 1.0000e+00
 3.706e+01 9.1684e-10 9.1684e-10 [ 4.4046e-89 1.2193e-60 9.1684e-10 ] 0.0000e+00 [ 0.0000e+00 ] 1.0000e+00
 3.717e+01 8.2283e-10 8.2283e-10 [ 1.7772e-89 5.9096e-61 8.2283e-10 ] 0.0000e+00 [ 0.0000e+00 ] 1.0000e+00
 3.729e+01 7.3727e-10 7.3727e-10 [ 7.1537e-90 2.8561e-61 7.3727e-10 ] 0.0000e+00 [ 0.0000e+00 ] 1.0000e+00
 3.740e+01 6.5940e-10 6.5940e-10 [ 2.8722e-90 1.3762e-61 6.5940e-10 ] 0.0000e+00 [ 0.0000e+00 ] 1.0000e+00
 3.751e+01 5.8854e-10 5.8854e-10 [ 1.1501e-90 6.6104e-62 5.8854e-10 ] 0.0000e+00 [ 0.0000e+00 ] 1.0000e+00
 3.763e+01 5.2406e-10 5.2406e-10 [ 4.5918e-91 3.1645e-62 5.2406e-10 ] 0.0000e+00 [ 0.0000e+00 ] 1.0000e+00
 3.774e+01 4.6539e-10 4.6539e-10 [ 1.8275e-91 1.5095e-62 4.6539e-10 ] 0.0000e+00 [ 0.0000e+00 ] 1.0000e+00
 3.785e+01 4.1199e-10 4.1199e-10 [ 7.2488e-92 7.1726e-63 4.1199e-10 ] 0.0000e+00 [ 0.0000e+00 ] 1.0000e+00
 3.797e+01 3.6340e-10 3.6340e-10 [ 2.8645e-92 3.3941e-63 3.6340e-10 ] 0.0000e+00 [ 0.0000e+00 ] 1.0000e+00
 3.808e+01 3.1918e-10 3.1918e-10 [ 1.1273e-92 1.5988e-63 3.1918e-10 ] 0.0000e+00 [ 0.0000e+00 ] 1.0000e+00
 3.819e+01 2.7893e-10 2.7893e-10 [ 4.4166e-93 7.4936e-64 2.7893e-10 ] 0.0000e+00 [ 0.0000e+00 ] 1.0000e+00
 3.831e+01 2.4231e-10 2.4231e-10 [ 1.7215e-93 3.4930e-64 2.4231e-10 ] 0.0000e+00 [ 0.0000e+00 ] 1.0000e+00
 3.842e+01 2.0900e-10 2.0900e-10 [ 6.6720e-94 1.6182e-64 2.0900e-10 ] 0.0000e+00 [ 0.0000e+00 ] 1.0000e+00
 3.853e+01 1.7872e-10 1.7872e-10 [ 2.5689e-94 7.4442e-65 1.7872e-10 ] 0.0000e+00 [ 0.0000e+00 ] 1.0000e+00
 3.865e+01 1.5121e-10 1.5121e-10 [ 9.8162e-95 3.3973e-65 1.5121e-10 ] 0.0000e+00 [ 0.0000e+00 ] 1.0000e+00
 3.876e+01 1.2628e-10 1.2628e-10 [ 3.7176e-95 1.5360e-65 1.2628e-10 ] 0.0000e+00 [ 0.0000e+00 ] 1.0000e+00
 3.887e+01 1.0374e-10 1.0374e-10 [ 1.3930e-95 6.8678e-66 1.0374e-10 ] 0.0000e+00 [ 0.0000e+00 ] 1.0000e+00
 3.899e+01 8.3447e-11 8.3447e-11 [ 5.1523e-96 3.0297e-66 8.3447e-11 ] 0.0000e+00 [ 0.0000e+00 ] 1.0000e+00
 3.910e+01 6.5307e-11 6.5307e-11 [ 1.8747e-96 1.3143e-66 6.5307e-11 ] 0.0000e+00 [ 0.0000e+00 ] 1.0000e+00
 3.921e+01 4.9255e-11 4.9255e-11 [ 6.6779e-97 5.5785e-67 4.9255e-11 ] 0.0000e+00 [ 0.0000e+00 ] 1.0000e+00
 3.933e+01 3.5276e-11 3.5276e-11 [ 2.3110e-97 2.2986e-67 3.5276e-11 ] 0.0000e+00 [ 0.0000e+00 ] 1.0000e+00
 3.944e+01 2.3408e-11 2.3408e-11 [ 7.6689e-98 9.0653e-68 2.3408e-11 ] 0.0000e+00 [ 0.0000e+00 ] 1.0000e+00
 3.955e+01 1.3743e-11 1.3743e-11 [ 2.3761e-98 3.3208e-68 1.3743e-11 ] 0.0000e+00 [ 0.0000e+00 ] 1.0000e+00
 3.967e+01 6.4445e-12 6.4445e-12 [ 6.4069e-99 1.0428e-68 6.4445e-12 ] 0.0000e+00 [ 0.0000e+00 ] 1.0000e+00
 3.978e+01 1.7523e-12 1.7523e-12 [ 1.1332e-99 2.0686e-69 1.7523e-12 ] 0.0000e+00 [ 0.0000e+00 ] 1.0000e+00
 3.989e+01 0.0000e+00 0.0000e+00 [ 0.0000e+00 0.0000e+00 0.0000e+00 ] 0.0000e+00 [ 0.0000e+00 ] 1.0000e+00
