 0.000e+00 0.0000e+00 0.0000e+00 [ 0.0000e+00 0.0000e+00 0.0000e+00 ] 0.0000e+00 [ 0.0000e+00 ] 1.0000e+00
 1.133e-01 1.5614e-03 1.5614e-03 [ 1.3959e-03 1.7631e-05 1.4785e-04 ] 0.0000e+00 [ 0.0000e+00 ] 9.9844e-01
 2.267e-01 3.2195e-03 3.2195e-03 [ 2.5581e-03 7.0632e-05 5.9075e-04 ] 0.0000e+00 [ 0.0000e+00 ] 9.9678e-01
 3.400e-01 4.9900e-03 4.9900e-03 [ 3.4991e-03 1.5927e-04 1.3317e-03 ] 0.0000e+00 [ 0.0000e+00 ] 9.9501e-01
 4.533e-01 6.9305e-03 6.9305e-03 [ 4.2686e-03 2.8389e-04 2.3780e-03 ] 0.0000e+00 [ 0.0000e+00 ] 9.9307e-01
 5.667e-01 9.0819e-03 9.0819e-03 [ 4.8961e-03 4.4484e-04 3.7409e-03 ] 0.0000e+00 [ 0.0000e+00 ] 9.9092e-01
 6.800e-01 1.1482e-02 1.1482e-02 [ 5.4049e-03 6.4234e-04 5.4344e-03 ] 0.0000e+00 [ 0.0000e+00 ] 9.8852e-01
 7.933e-01 1.4164e-02 1.4164e-02 [ 5.8129e-03 8.7644e-04 7.4748e-03 ] 0.0000e+00 [ 0.0000e+00 ] 9.8584e-01
 9.067e-01 1.7161e-02 1.7161e-02 [ 6.1342e-03 1.1469e-03 9.8797e-03 ] 0.0000e+00 [ 0.0000e+00 ] 9.8284e-01
 1.020e+00 2.0499e-02 2.0499e-02 [ 6.3796e-03 1.4529e-03 1.2667e-02 ] 0.0000e+00 [ 0.0000e+00 ] 9.7950e-01
 1.133e+00 2.4202e-02 2.4202e-02 [ 6.5574e-03 1.7931e-03 1.5851e-02 ] 0.0000e+00 [ 0.0000e+00 ] 9.7580e-01
 1.247e+00 2.8286e-02 2.8286e-02 [ 6.6739e-03 2.1655e-03 1.9446e-02 ] 0.0000e+00 [ 0.0000e+00 ] 9.7171e-01
 1.360e+00 3.2759e-02 3.2759e-02 [ 6.7340e-03 2.5669e-03 2.3458e-02 ] 0.0000e+00 [ 0.0000e+00 ] 9.6724e-01
 1.473e+00 3.7621e-02 3.7621e-02 [ 6.7410e-03 2.9932e-03 2.7887e-02 ] 0.0000e+00 [ 0.0000e+00 ] 9.6238e-01
 1.587e+00 4.2856e-02 4.2856e-02 [ 6.6976e-03 3.4389e-03 3.2720e-02 ] 0.0000e+00 [ 0.0000e+00 ] 9.5714e-01
 1.700e+00 4.8435e-02 4.8435e-02 [ 6.6059e-03 3.8971e-03 3.7932e-02 ] 0.0000e+00 [ 0.0000e+00 ] 9.5157e-01
 1.813e+00 5.4309e-02 5.4309e-02 [ 6.4676e-03 4.3595e-03 4.3482e-02 ] 0.0000e+00 [ 0.0000e+00 ] 9.4569e-01
 1.927e+00 6.0411e-02 6.0411e-02 [ 6.2846e-03 4.8165e-03 4.9310e-02 ] 0.0000e+00 [ 0.0000e+00 ] 9.3959e-01
 2.040e+00 6.6654e-02 6.6654e-02 [ 6.0587e-03 5.2570e-03 5.5339e-02 ] 0.0000e+00 [ 0.0000e+00 ] 9.3335e-01
 2.153e+00 7.2929e-02 7.2929e-02 [ 5.7928e-03 5.6691e-03 6.1467e-02 ] 0.0000e+00 [ 0.0000e+00 ] 9.2707e-01
 2.267e+00 7.9110e-02 7.9110e-02 [ 5.4901e-03 6.0407e-03 6.7579e-02 ] 0.0000e+00 [ 0.0000e+00 ] 9.2089e-01
 2.380e+00 8.5055e-02 8.5055e-02 [ 5.1549e-03 6.3594e-03 7.3541e-02 ] 0.0000e+00 [ 0.0000e+00 ] 9.1494e-01
 2.493e+00 9.0615e-02 9.0615e-02 [ 4.7926e-03 6.6139e-03 7.9209e-02 ] 0.0000e+00 [ 0.0000e+00 ] 9.0938e-01
 2.607e+00 9.5637e-02 9.5637e-02 [ 4.4095e-03 6.7946e-03 8.4432e-02 ] 0.0000e+00 [ 0.0000e+00 ] 9.0436e-01
 2.720e+00 9.9973e-02 9.9973e-02 [ 4.0128e-03 6.8938e-03 8.9066e-02 ] 0.0000e+00 [ 0.0000e+00 ] 9.0003e-01
 2.833e+00 1.0349e-01 1.0349e-01 [ 3.6101e-03 6.9072e-03 9.2975e-02 ] 0.0000e+00 [ 0.0000e+00 ] 8.9651e-01
 2.947e+00 1.0609e-01 1.0609e-01 [ 3.2095e-03 6.8336e-03 9.6042e-02 ] 0.0000e+00 [ 0.0000e+00 ] 8.9391e-01
 3.060e+00 1.0767e-01 1.0767e-01 [ 2.8185e-03 6.6755e-03 9.8178e-02 ] 0.0000e+00 [ 0.0000e+00 ] 8.9233e-01
 3.173e+00 1.0821e-01 1.0821e-01 [ 2.4444e-03 6.4389e-03 9.9326e-02 ] 0.0000e+00 [ 0.0000e+00 ] 8.9179e-01
 3.287e+00 1.0769e-01 1.0769e-01 [ 2.0932e-03 6.1327e-03 9.9463e-02 ] 0.0000e+00 [ 0.0000e+00 ] 8.9231e-01
 3.400e+00 1.0614e-01 1.0614e-01 [ 1.7697e-03 5.7685e-03 9.8606e-02 ] 0.0000e+00 [ 0.0000e+00 ] 8.9386e-01
 3.513e+00 1.0364e-01 1.0364e-01 [ 1.4773e-03 5.3595e-03 9.6803e-02 ] 0.0000e+00 [ 0.0000e+00 ] 8.9636e-01
 3.627e+00 1.0027e-01 1.0027e-01 [ 1.2177e-03 4.9199e-03 9.4137e-02 ] 0.0000e+00 [ 0.0000e+00 ] 8.9973e-01
 3.740e+00 9.6169e-02 9.6169e-02 [ 9.9133e-04 4.4636e-03 9.0714e-02 ] 0.0000e+00 [ 0.0000e+00 ] 9.0383e-01
 3.853e+00 9.1460e-02 9.1460e-02 [ 7.9731e-04 4.0038e-03 8.6658e-02 ] 0.0000e+00 [ 0.0000e+00 ] 9.0854e-01
 3.967e+00 8.6290e-02 8.6290e-02 [ 6.3374e-04 3.5523e-03 8.2104e-02 ] 0.0000e+00 [ 0.0000e+00 ] 9.1371e-01
 4.080e+00 8.0805e-02 8.0805e-02 [ 4.9803e-04 3.1188e-03 7.7188e-02 ] 0.0000e+00 [ 0.0000e+00 ] 9.1920e-01
 4.193e+00 7.5141e-02 7.5141e-02 [ 3.8713e-04 2.7110e-03 7.2043e-02 ] 0.0000e+00 [ 0.0000e+00 ] 9.2486e-01
 4.307e+00 6.9423e-02 6.9423e-02 [ 2.9779e-04 2.3342e-03 6.6791e-02 ] 0.0000e+00 [ 0.0000e+00 ] 9.3058e-01
 4.420e+00 6.3761e-02 6.3761e-02 [ 2.2681e-04 1.9919e-03 6.1542e-02 ] 0.0000e+00 [ 0.0000e+00 ] 9.3624e-01
 4.533e+00 5.8244e-02 5.8244e-02 [ 1.7111e-04 1.6856e-03 5.6388e-02 ] 0.0000e+00 [ 0.0000e+00 ] 9.4176e-01
 4.647e+00 5.2946e-02 5.2946e-02 [ 1.2794e-04 1.4152e-03 5.1403e-02 ] 0.0000e+00 [ 0.0000e+00 ] 9.4705e-01
 4.760e+00 4.7921e-02 4.7921e-02 [ 9.4856e-05 1.1794e-03 4.6646e-02 ] 0.0000e+00 [ 0.0000e+00 ] 9.5208e-01
 4.873e+00 4.3205e-02 4.3205e-02 [ 6.9762e-05 9.7619e-04 4.2159e-02 ] 0.0000e+00 [ 0.0000e+00 ] 9.5680e-01
 4.987e+00 3.8821e-02 3.8821e-02 [ 5.0917e-05 8.0285e-04 3.7967e-02 ] 0.0000e+00 [ 0.0000e+00 ] 9.6118e-01
 5.100e+00 3.4779e-02 3.4779e-02 [ 3.6895e-05 6.5638e-04 3.4086e-02 ] 0.0000e+00 [ 0.0000e+00 ] 9.6522e-01
 5.213e+00 3.1080e-02 3.1080e-02 [ 2.6552e-05 5.3368e-04 3.0519e-02 ] 0.0000e+00 [ 0.0000e+00 ] 9.6892e-01
 5.327e+00 2.7714e-02 2.7714e-02 [ 1.8984e-05 4.3169e-04 2.7264e-02 ] 0.0000e+00 [ 0.0000e+00 ] 9.7229e-01
 5.440e+00 2.4670e-02 2.4670e-02 [ 1.3488e-05 3.4753e-04 2.4309e-02 ] 0.0000e+00 [ 0.0000e+00 ] 9.7533e-01
 5.553e+00 2.1928e-02 2.1928e-02 [ 9.5269e-06 2.7854e-04 2.1640e-02 ] 0.0000e+00 [ 0.0000e+00 ] 9.7807e-01
 5.667e+00 1.9470e-02 1.9470e-02 [ 6.6905e-06 2.2231e-04 1.9241e-02 ] 0.0000e+00 [ 0.0000e+00 ] 9.8053e-01
 5.780e+00 1.7272e-02 1.7272e-02 [ 4.6727e-06 1.7675e-04 1.7090e-02 ] 0.0000e+00 [ 0.0000e+00 ] 9.8273e-01
 5.893e+00 1.5313e-02 1.5313e-02 [ 3.2462e-06 1.4001e-04 1.5170e-02 ] 0.0000e+00 [ 0.0000e+00 ] 9.8469e-01
 6.007e+00 1.3572e-02 1.3572e-02 [ 2.2436e-06 1.1052e-04 1.3459e-02 ] 0.0000e+00 [ 0.0000e+00 ] 9.8643e-01
 6.120e+00 1.2027e-02 1.2027e-02 [ 1.5429e-06 8.6956e-05 1.1939e-02 ] 0.0000e+00 [ 0.0000e+00 ] 9.8797e-01
 6.233e+00 1.0659e-02 1.0659e-02 [ 1.0559e-06 6.8204e-05 1.0589e-02 ] 0.0000e+00 [ 0.0000e+00 ] 9.8934e-01
 6.347e+00 9.4483e-03 9.4483e-03 [ 7.1919e-07 5.3336e-05 9.3943e-03 ] 0.0000e+00 [ 0.0000e+00 ] 9.9055e-01
 6.460e+00 8.3788e-03 8.3788e-03 [ 4.8759e-07 4.1590e-05 8.3367e-03 ] 0.0000e+00 [ 0.0000e+00 ] 9.9162e-01
 6.573e+00 7.4344e-03 7.4344e-03 [ 3.2906e-07 3.2341e-05 7.4017e-03 ] 0.0000e+00 [ 0.0000e+00 ] 9.9257e-01
 6.687e+00 6.6010e-03 6.6010e-03 [ 2.2109e-07 2.5081e-05 6.5757e-03 ] 0.0000e+00 [ 0.0000e+00 ] 9.9340e-01
 6.800e+00 5.8658e-03 5.8658e-03 [ 1.4789e-07 1.9401e-05 5.8462e-03 ] 0.0000e+00 [ 0.0000e+00 ] 9.9413e-01
 6.913e+00 5.2172e-03 5.2172e-03 [ 9.8502e-08 1.4968e-05 5.2021e-03 ] 0.0000e+00 [ 0.0000e+00 ] 9.9478e-01
 7.027e+00 4.6451e-03 4.6451e-03 [ 6.5325e-08 1.1520e-05 4.6335e-03 ] 0.0000e+00 [ 0.0000e+00 ] 9.9535e-01
 7.140e+00 4.1402e-03 4.1402e-03 [ 4.3139e-08 8.8442e-06 4.1314e-03 ] 0.0000e+00 [ 0.0000e+00 ] 9.9586e-01
 7.253e+00 3.6946e-03 3.6946e-03 [ 2.8369e-08 6.7736e-06 3.6878e-03 ] 0.0000e+00 [ 0.0000e+00 ] 9.9631e-01
 7.367e+00 3.3011e-03 3.3011e-03 [ 1.8578e-08 5.1753e-06 3.2959e-03 ] 0.0000e+00 [ 0.0000e+00 ] 9.9670e-01
 7.480e+00 2.9533e-03 2.9533e-03 [ 1.2117e-08 3.9449e-06 2.9494e-03 ] 0.0000e+00 [ 0.0000e+00 ] 9.9705e-01
 7.593e+00 2.6458e-03 2.6458e-03 [ 7.8698e-09 2.9999e-06 2.6428e-03 ] 0.0000e+00 [ 0.0000e+00 ] 9.9735e-01
 7.707e+00 2.3736e-03 2.3736e-03 [ 5.0907e-09 2.2760e-06 2.3713e-03 ] 0.0000e+00 [ 0.0000e+00 ] 9.9763e-01
 7.820e+00 2.1324e-03 2.1324e-03 [ 3.2796e-09 1.7227e-06 2.1307e-03 ] 0.0000e+00 [ 0.0000e+00 ] 9.9787e-01
 7.933e+00 1.9185e-03 1.9185e-03 [ 2.1043e-09 1.3010e-06 1.9172e-03 ] 0.0000e+00 [ 0.0000e+00 ] 9.9808e-01
 8.047e+00 1.7286e-03 1.7286e-03 [ 1.3448e-09 9.8021e-07 1.7276e-03 ] 0.0000e+00 [ 0.0000e+00 ] 9.9827e-01
 8.160e+00 1.5597e-03 1.5597e-03 [ 8.5593e-10 7.3684e-07 1.5590e-03 ] 0.0000e+00 [ 0.0000e+00 ] 9.9844e-01
 8.273e+00 1.4094e-03 1.4094e-03 [ 5.4261e-10 5.5262e-07 1.4089e-03 ] 0.0000e+00 [ 0.0000e+00 ] 9.9859e-01
 8.387e+00 1.2755e-03 1.2755e-03 [ 3.4260e-10 4.1351e-07 1.2751e-03 ] 0.0000e+00 [ 0.0000e+00 ] 9.9872e-01
 8.500e+00 1.1559e-03 1.1559e-03 [ 2.1546e-10 3.0871e-07 1.1556e-03 ] 0.0000e+00 [ 0.0000e+00 ] 9.9884e-01
 8.613e+00 1.0491e-03 1.0491e-03 [ 1.3496e-10 2.2995e-07 1.0489e-03 ] 0.0000e+00 [ 0.0000e+00 ] 9.9895e-01
 8.727e+00 9.5345e-04 9.5345e-04 [ 8.4198e-11 1.7089e-07 9.5328e-04 ] 0.0000e+00 [ 0.0000e+00 ] 9.9905e-01
 8.840e+00 8.6771e-04 8.6771e-04 [ 5.2321e-11 1.2671e-07 8.6758e-04 ] 0.0000e+00 [ 0.0000e+00 ] 9.9913e-01
 8.953e+00 7.9074e-04 7.9074e-04 [ 3.2384e-11 9.3733e-08 7.9065e-04 ] 0.0000e+00 [ 0.0000e+00 ] 9.9921e-01
 9.067e+00 7.2154e-04 7.2154e-04 [ 1.9965e-11 6.9183e-08 7.2147e-04 ] 0.0000e+00 [ 0.0000e+00 ] 9.9928e-01
 9.180e+00 6.5921e-04 6.5921e-04 [ 1.2260e-11 5.0946e-08 6.5916e-04 ] 0.0000e+00 [ 0.0000e+00 ] 9.9934e-01
 9.293e+00 6.0301e-04 6.0301e-04 [ 7.4986e-12 3.7431e-08 6.0297e-04 ] 0.0000e+00 [ 0.0000e+00 ] 9.9940e-01
 9.407e+00 5.5224e-04 5.5224e-04 [ 4.5684e-12 2.7439e-08 5.5221e-04 ] 0.0000e+00 [ 0.0000e+00 ] 9.9945e-01
 9.520e+00 5.0631e-04 5.0631e-04 [ 2.7723e-12 2.0068e-08 5.0629e-04 ] 0.0000e+00 [ 0.0000e+00 ] 9.9949e-01
 9.633e+00 4.6469e-04 4.6469e-04 [ 1.6758e-12 1.4644e-08 4.6468e-04 ] 0.0000e+00 [ 0.0000e+00 ] 9.9954e-01
 9.747e+00 4.2694e-04 4.2694e-04 [ 1.0090e-12 1.0662e-08 4.2693e-04 ] 0.0000e+00 [ 0.0000e+00 ] 9.9957e-01
 9.860e+00 3.9263e-04 3.9263e-04 [ 6.0519e-13 7.7450e-09 3.9263e-04 ] 0.0000e+00 [ 0.0000e+00 ] 9.9961e-01
 9.973e+00 3.6142e-04 3.6142e-04 [ 3.6157e-13 5.6132e-09 3.6141e-04 ] 0.0000e+00 [ 0.0000e+00 ] 9.9964e-01
 1.009e+01 3.3298e-04 3.3298e-04 [ 2.1519e-13 4.0590e-09 3.3297e-04 ] 0.0000e+00 [ 0.0000e+00 ] 9.9967e-01
 1.020e+01 3.0703e-04 3.0703e-04 [ 1.2757e-13 2.9285e-09 3.0703e-04 ] 0.0000e+00 [ 0.0000e+00 ] 9.9969e-01
 1.031e+01 2.8332e-04 2.8332e-04 [ 7.5343e-14 2.1081e-09 2.8332e-04 ] 0.0000e+00 [ 0.0000e+00 ] 9.9972e-01
 1.043e+01 2.6164e-04 2.6164e-04 [ 4.4326e-14 1.5141e-09 2.6164e-04 ] 0.0000e+00 [ 0.0000e+00 ] 9.9974e-01
 1.054e+01 2.4178e-04 2.4178e-04 [ 2.5980e-14 1.0851e-09 2.4178e-04 ] 0.0000e+00 [ 0.0000e+00 ] 9.9976e-01
 1.065e+01 2.2357e-04 2.2357e-04 [ 1.5169e-14 7.7582e-10 2.2357e-04 ] 0.0000e+00 [ 0.0000e+00 ] 9.9978e-01
 1.077e+01 2.0686e-04 2.0686e-04 [ 8.8238e-15 5.5348e-10 2.0686e-04 ] 0.0000e+00 [ 0.0000e+00 ] 9.9979e-01
 1.088e+01 1.9151e-04 1.9151e-04 [ 5.1136e-15 3.9397e-10 1.9151e-04 ] 0.0000e+00 [ 0.0000e+00 ] 9.9981e-01
 1.099e+01 1.7739e-04 1.7739e-04 [ 2.9524e-15 2.7981e-10 1.7739e-04 ] 0.0000e+00 [ 0.0000e+00 ] 9.9982e-01
 1.111e+01 1.6439e-04 1.6439e-04 [ 1.6984e-15 1.9829e-10 1.6439e-04 ] 0.0000e+00 [ 0.0000e+00 ] 9.9984e-01
 1.122e+01 1.5241e-04 1.5241e-04 [ 9.7341e-16 1.4021e-10 1.5241e-04 ] 0.0000e+00 [ 0.0000e+00 ] 9.9985e-01
 1.133e+01 1.4137e-04 1.4137e-04 [ 5.5587e-16 9.8921e-11 1.4137e-04 ] 0.0000e+00 [ 0.0000e+00 ] 9.9986e-01
 1.145e+01 1.3117e-04 1.3117e-04 [ 3.1629e-16 6.9638e-11 1.3117e-04 ] 0.0000e+00 [ 0.0000e+00 ] 9.9987e-01
 1.156e+01 1.2176e-04 1.2176e-04 [ 1.7932e-16 4.8917e-11 1.2176e-04 ] 0.0000e+00 [ 0.0000e+00 ] 9.9988e-01
 1.167e+01 1.1306e-04 1.1306e-04 [ 1.0131e-16 3.4286e-11 1.1306e-04 ] 0.0000e+00 [ 0.0000e+00 ] 9.9989e-01
 1.179e+01 1.0501e-04 1.0501e-04 [ 5.7032e-17 2.3979e-11 1.0501e-04 ] 0.0000e+00 [ 0.0000e+00 ] 9.9989e-01
 1.190e+01 9.7562e-05 9.7562e-05 [ 3.1995e-17 1.6735e-11 9.7561e-05 ] 0.0000e+00 [ 0.0000e+00 ] 9.9990e-01
 1.201e+01 9.0665e-05 9.0665e-05 [ 1.7887e-17 1.1654e-11 9.0665e-05 ] 0.0000e+00 [ 0.0000e+00 ] 9.9991e-01
 1.213e+01 8.4277e-05 8.4277e-05 [ 9.9654e-18 8.0985e-12 8.4277e-05 ] 0.0000e+00 [ 0.0000e+00 ] 9.9992e-01
 1.224e+01 7.8355e-05 7.8355e-05 [ 5.5333e-18 5.6159e-12 7.8355e-05 ] 0.0000e+00 [ 0.0000e+00 ] 9.9992e-01
 1.235e+01 7.2863e-05 7.2863e-05 [ 3.0620e-18 3.8861e-12 7.2863e-05 ] 0.0000e+00 [ 0.0000e+00 ] 9.9993e-01
 1.247e+01 6.7769e-05 6.7769e-05 [ 1.6889e-18 2.6835e-12 6.7769e-05 ] 0.0000e+00 [ 0.0000e+00 ] 9.9993e-01
 1.258e+01 6.3040e-05 6.3040e-05 [ 9.2842e-19 1.8492e-12 6.3040e-05 ] 0.0000e+00 [ 0.0000e+00 ] 9.9994e-01
 1.269e+01 5.8650e-05 5.8650e-05 [ 5.0872e-19 1.2717e-12 5.8650e-05 ] 0.0000e+00 [ 0.0000e+00 ] 9.9994e-01
 1.281e+01 5.4573e-05 5.4573e-05 [ 2.7786e-19 8.7280e-13 5.4573e-05 ] 0.0000e+00 [ 0.0000e+00 ] 9.9995e-01
 1.292e+01 5.0786e-05 5.0786e-05 [ 1.5128e-19 5.9780e-13 5.0786e-05 ] 0.0000e+00 [ 0.0000e+00 ] 9.9995e-01
 1.303e+01 4.7266e-05 4.7266e-05 [ 8.2109e-20 4.0863e-13 4.7266e-05 ] 0.0000e+00 [ 0.0000e+00 ] 9.9995e-01
 1.315e+01 4.3993e-05 4.3993e-05 [ 4.4427e-20 2.7878e-13 4.3993e-05 ] 0.0000e+00 [ 0.0000e+00 ] 9.9996e-01
 1.326e+01 4.0951e-05 4.0951e-05 [ 2.3965e-20 1.8982e-13 4.0951e-05 ] 0.0000e+00 [ 0.0000e+00 ] 9.9996e-01
 1.337e+01 3.8122e-05 3.8122e-05 [ 1.2888e-20 1.2900e-13 3.8122e-05 ] 0.0000e+00 [ 0.0000e+00 ] 9.9996e-01
 1.349e+01 3.5491e-05 3.5491e-05 [ 6.9110e-21 8.7496e-14 3.5491e-05 ] 0.0000e+00 [ 0.0000e+00 ] 9.9996e-01
 1.360e+01 3.3042e-05 3.3042e-05 [ 3.6950e-21 5.9237e-14 3.3042e-05 ] 0.0000e+00 [ 0.0000e+00 ] 9.9997e-01
 1.371e+01 3.0764e-05 3.0764e-05 [ 1.9698e-21 4.0031e-14 3.0764e-05 ] 0.0000e+00 [ 0.0000e+00 ] 9.9997e-01
 1.383e+01 2.8644e-05 2.8644e-05 [ 1.0472e-21 2.7003e-14 2.8644e-05 ] 0.0000e+00 [ 0.0000e+00 ] 9.9997e-01
 1.394e+01 2.6671e-05 2.6671e-05 [ 5.5515e-22 1.8182e-14 2.6671e-05 ] 0.0000e+00 [ 0.0000e+00 ] 9.9997e-01
 1.405e+01 2.4835e-05 2.4835e-05 [ 2.9350e-22 1.2222e-14 2.4835e-05 ] 0.0000e+00 [ 0.0000e+00 ] 9.9998e-01
 1.417e+01 2.3125e-05 2.3125e-05 [ 1.5476e-22 8.2009e-15 2.3125e-05 ] 0.0000e+00 [ 0.0000e+00 ] 9.9998e-01
 1.428e+01 2.1533e-05 2.1533e-05 [ 8.1387e-23 5.4936e-15 2.1533e-05 ] 0.0000e+00 [ 0.0000e+00 ] 9.9998e-01
 1.439e+01 2.0050e-05 2.0050e-05 [ 4.2691e-23 3.6740e-15 2.0050e-05 ] 0.0000e+00 [ 0.0000e+00 ] 9.9998e-01
 1.451e+01 1.8670e-05 1.8670e-05 [ 2.2337e-23 2.4531e-15 1.8670e-05 ] 0.0000e+00 [ 0.0000e+00 ] 9.9998e-01
 1.462e+01 1.7385e-05 1.7385e-05 [ 1.1658e-23 1.6353e-15 1.7385e-05 ] 0.0000e+00 [ 0.0000e+00 ] 9.9998e-01
 1.473e+01 1.6188e-05 1.6188e-05 [ 6.0703e-24 1.0885e-15 1.6188e-05 ] 0.0000e+00 [ 0.0000e+00 ] 9.9998e-01
 1.485e+01 1.5073e-05 1.5073e-05 [ 3.1532e-24 7.2338e-16 1.5073e-05 ] 0.0000e+00 [ 0.0000e+00 ] 9.9998e-01
 1.496e+01 1.4034e-05 1.4034e-05 [ 1.6342e-24 4.8005e-16 1.4034e-05 ] 0.0000e+00 [ 0.0000e+00 ] 9.9999e-01
 1.507e+01 1.3067e-05 1.3067e-05 [ 8.4504e-25 3.1811e-16 1.3067e-05 ] 0.0000e+00 [ 0.0000e+00 ] 9.9999e-01
 1.519e+01 1.2166e-05 1.2166e-05 [ 4.3602e-25 2.1051e-16 1.2166e-05 ] 0.0000e+00 [ 0.0000e+00 ] 9.9999e-01
 1.530e+01 1.1327e-05 1.1327e-05 [ 2.2449e-25 1.3911e-16 1.1327e-05 ] 0.0000e+00 [ 0.0000e+00 ] 9.9999e-01
 1.541e+01 1.0546e-05 1.0546e-05 [ 1.1535e-25 9.1808e-17 1.0546e-05 ] 0.0000e+00 [ 0.0000e+00 ] 9.9999e-01
 1.553e+01 9.8177e-06 9.8177e-06 [ 5.9149e-26 6.0512e-17 9.8177e-06 ] 0.0000e+00 [ 0.0000e+00 ] 9.9999e-01
 1.564e+01 9.1396e-06 9.1396e-06 [ 3.0272e-26 3.9835e-17 9.1396e-06 ] 0.0000e+00 [ 0.0000e+00 ] 9.9999e-01
 1.575e+01 8.5079e-06 8.5079e-06 [ 1.5464e-26 2.6191e-17 8.5079e-06 ] 0.0000e+00 [ 0.0000e+00 ] 9.9999e-01
 1.587e+01 7.9196e-06 7.9196e-06 [ 7.8848e-27 1.7200e-17 7.9196e-06 ] 0.0000e+00 [ 0.0000e+00 ] 9.9999e-01
 1.598e+01 7.3715e-06 7.3715e-06 [ 4.0133e-27 1.1283e-17 7.3715e-06 ] 0.0000e+00 [ 0.0000e+00 ] 9.9999e-01
 1.609e+01 6.8611e-06 6.8611e-06 [ 2.0393e-27 7.3926e-18 6.8611e-06 ] 0.0000e+00 [ 0.0000e+00 ] 9.9999e-01
 1.621e+01 6.3857e-06 6.3857e-06 [ 1.0345e-27 4.8386e-18 6.3857e-06 ] 0.0000e+00 [ 0.0000e+00 ] 9.9999e-01
 1.632e+01 5.9428e-06 5.9428e-06 [ 5.2394e-28 3.1635e-18 5.9428e-06 ] 0.0000e+00 [ 0.0000e+00 ] 9.9999e-01
 1.643e+01 5.5304e-06 5.5304e-06 [ 2.6495e-28 2.0662e-18 5.5304e-06 ] 0.0000e+00 [ 0.0000e+00 ] 9.9999e-01
 1.655e+01 5.1463e-06 5.1463e-06 [ 1.3379e-28 1.3482e-18 5.1463e-06 ] 0.0000e+00 [ 0.0000e+00 ] 9.9999e-01
 1.666e+01 4.7886e-06 4.7886e-06 [ 6.7457e-29 8.7878e-19 4.7886e-06 ] 0.0000e+00 [ 0.0000e+00 ] 1.0000e+00
 1.677e+01 4.4554e-06 4.4554e-06 [ 3.3966e-29 5.7225e-19 4.4554e-06 ] 0.0000e+00 [ 0.0000e+00 ] 1.0000e+00
 1.689e+01 4.1452e-06 4.1452e-06 [ 1.7080e-29 3.7228e-19 4.1452e-06 ] 0.0000e+00 [ 0.0000e+00 ] 1.0000e+00
 1.700e+01 3.8563e-06 3.8563e-06 [ 8.5776e-30 2.4196e-19 3.8563e-06 ] 0.0000e+00 [ 0.0000e+00 ] 1.0000e+00
 1.711e+01 3.5873e-06 3.5873e-06 [ 4.3023e-30 1.5711e-19 3.5873e-06 ] 0.0000e+00 [ 0.0000e+00 ] 1.0000e+00
 1.723e+01 3.3368e-06 3.3368e-06 [ 2.1553e-30 1.0192e-19 3.3368e-06 ] 0.0000e+00 [ 0.0000e+00 ] 1.0000e+00
 1.734e+01 3.1036e-06 3.1036e-06 [ 1.0785e-30 6.6055e-20 3.1036e-06 ] 0.0000e+00 [ 0.0000e+00 ] 1.0000e+00
 1.745e+01 2.8865e-06 2.8865e-06 [ 5.3905e-31 4.2770e-20 2.8865e-06 ] 0.0000e+00 [ 0.0000e+00 ] 1.0000e+00
 1.757e+01 2.6843e-06 2.6843e-06 [ 2.6913e-31 2.7667e-20 2.6843e-06 ] 0.0000e+00 [ 0.0000e+00 ] 1.0000e+00
 1.768e+01 2.4961e-06 2.4961e-06 [ 1.3422e-31 1.7880e-20 2.4961e-06 ] 0.0000e+00 [ 0.0000e+00 ] 1.0000e+00
 1.779e+01 2.3210e-06 2.3210e-06 [ 6.6872e-32 1.1544e-20 2.3210e-06 ] 0.0000e+00 [ 0.0000e+00 ] 1.0000e+00
 1.791e+01 2.1579e-06 2.1579e-06 [ 3.3282e-32 7.4463e-21 2.1579e-06 ] 0.0000e+00 [ 0.0000e+00 ] 1.0000e+00
 1.802e+01 2.0061e-06 2.0061e-06 [ 1.6548e-32 4.7982e-21 2.0061e-06 ] 0.0000e+00 [ 0.0000e+00 ] 1.0000e+00
 1.813e+01 1.8649e-06 1.8649e-06 [ 8.2193e-33 3.0887e-21 1.8649e-06 ] 0.0000e+00 [ 0.0000e+00 ] 1.0000e+00
 1.825e+01 1.7334e-06 1.7334e-06 [ 4.0785e-33 1.9862e-21 1.7334e-06 ] 0.0000e+00 [ 0.0000e+00 ] 1.0000e+00
 1.836e+01 1.6111e-06 1.6111e-06 [ 2.0219e-33 1.2759e-21 1.6111e-06 ] 0.0000e+00 [ 0.0000e+00 ] 1.0000e+00
 1.847e+01 1.4973e-06 1.4973e-06 [ 1.0013e-33 8.1876e-22 1.4973e-06 ] 0.0000e+00 [ 0.0000e+00 ] 1.0000e+00
 1.859e+01 1.3914e-06 1.3914e-06 [ 4.9543e-34 5.2482e-22 1.3914e-06 ] 0.0000e+00 [ 0.0000e+00 ] 1.0000e+00
 1.870e+01 1.2928e-06 1.2928e-06 [ 2.4489e-34 3.3603e-22 1.2928e-06 ] 0.0000e+00 [ 0.0000e+00 ] 1.0000e+00
 1.881e+01 1.2012e-06 1.2012e-06 [ 1.2093e-34 2.1490e-22 1.2012e-06 ] 0.0000e+00 [ 0.0000e+00 ] 1.0000e+00
 1.893e+01 1.1159e-06 1.1159e-06 [ 5.9660e-35 1.3728e-22 1.1159e-06 ] 0.0000e+00 [ 0.0000e+00 ] 1.0000e+00
 1.904e+01 1.0366e-06 1.0366e-06 [ 2.9404e-35 8.7585e-23 1.0366e-06 ] 0.0000e+00 [ 0.0000e+00 ] 1.0000e+00
 1.915e+01 9.6278e-07 9.6278e-07 [ 1.4478e-35 5.5811e-23 9.6278e-07 ] 0.0000e+00 [ 0.0000e+00 ] 1.0000e+00
 1.927e+01 8.9417e-07 8.9417e-07 [ 7.1213e-36 3.5520e-23 8.9417e-07 ] 0.0000e+00 [ 0.0000e+00 ] 1.0000e+00
 1.938e+01 8.3036e-07 8.3036e-07 [ 3.4993e-36 2.2576e-23 8.3036e-07 ] 0.0000e+00 [ 0.0000e+00 ] 1.0000e+00
 1.949e+01 7.7102e-07 7.7102e-07 [ 1.7177e-36 1.4331e-23 7.7102e-07 ] 0.0000e+00 [ 0.0000e+00 ] 1.0000e+00
 1.961e+01 7.1586e-07 7.1586e-07 [ 8.4233e-37 9.0844e-24 7.1586e-07 ] 0.0000e+00 [ 0.0000e+00 ] 1.0000e+00
 1.972e+01 6.6456e-07 6.6456e-07 [ 4.1262e-37 5.7508e-24 6.6456e-07 ] 0.0000e+00 [ 0.0000e+00 ] 1.0000e+00
 1.983e+01 6.1688e-07 6.1688e-07 [ 2.0191e-37 3.6354e-24 6.1688e-07 ] 0.0000e+00 [ 0.0000e+00 ] 1.0000e+00
 1.995e+01 5.7256e-07 5.7256e-07 [ 9.8696e-38 2.2949e-24 5.7256e-07 ] 0.0000e+00 [ 0.0000e+00 ] 1.0000e+00
 2.006e+01 5.3136e-07 5.3136e-07 [ 4.8190e-38 1.4465e-24 5.3136e-07 ] 0.0000e+00 [ 0.0000e+00 ] 1.0000e+00
 2.017e+01 4.9308e-07 4.9308e-07 [ 2.3504e-38 9.1046e-25 4.9308e-07 ] 0.0000e+00 [ 0.0000e+00 ] 1.0000e+00
 2.029e+01 4.5750e-07 4.5750e-07 [ 1.1450e-38 5.7219e-25 4.5750e-07 ] 0.0000e+00 [ 0.0000e+00 ] 1.0000e+00
 2.040e+01 4.2444e-07 4.2444e-07 [ 5.5719e-39 3.5906e-25 4.2444e-07 ] 0.0000e+00 [ 0.0000e+00 ] 1.0000e+00
 2.051e+01 3.9372e-07 3.9372e-07 [ 2.7082e-39 2.2496e-25 3.9372e-07 ] 0.0000e+00 [ 0.0000e+00 ] 1.0000e+00
 2.063e+01 3.6518e-07 3.6518e-07 [ 1.3148e-39 1.4073e-25 3.6518e-07 ] 0.0000e+00 [ 0.0000e+00 ] 1.0000e+00
 2.074e+01 3.3868e-07 3.3868e-07 [ 6.3754e-40 8.7896e-26 3.3868e-07 ] 0.0000e+00 [ 0.0000e+00 ] 1.0000e+00
 2.085e+01 3.1405e-07 3.1405e-07 [ 3.0877e-40 5.4810e-26 3.1405e-07 ] 0.0000e+00 [ 0.0000e+00 ] 1.0000e+00
 2.097e+01 2.9119e-07 2.9119e-07 [ 1.4936e-40 3.4123e-26 2.9119e-07 ] 0.0000e+00 [ 0.0000e+00 ] 1.0000e+00
 2.108e+01 2.6995e-07 2.6995e-07 [ 7.2161e-41 2.1209e-26 2.6995e-07 ] 0.0000e+00 [ 0.0000e+00 ] 1.0000e+00
 2.119e+01 2.5024e-07 2.5024e-07 [ 3.4820e-41 1.3161e-26 2.5024e-07 ] 0.0000e+00 [ 0.0000e+00 ] 1.0000e+00
 2.131e+01 2.3193e-07 2.3193e-07 [ 1.6781e-41 8.1532e-27 2.3193e-07 ] 0.0000e+00 [ 0.0000e+00 ] 1.0000e+00
 2.142e+01 2.1494e-07 2.1494e-07 [ 8.0769e-42 5.0425e-27 2.1494e-07 ] 0.0000e+00 [ 0.0000e+00 ] 1.0000e+00
 2.153e+01 1.9916e-07 1.9916e-07 [ 3.8827e-42 3.1133e-27 1.9916e-07 ] 0.0000e+00 [ 0.0000e+00 ] 1.0000e+00
 2.165e+01 1.8452e-07 1.8452e-07 [ 1.8640e-42 1.9190e-27 1.8452e-07 ] 0.0000e+00 [ 0.0000e+00 ] 1.0000e+00
 2.176e+01 1.7094e-07 1.7094e-07 [ 8.9375e-43 1.1808e-27 1.7094e-07 ] 0.0000e+00 [ 0.0000e+00 ] 1.0000e+00
 2.187e+01 1.5833e-07 1.5833e-07 [ 4.2798e-43 7.2533e-28 1.5833e-07 ] 0.0000e+00 [ 0.0000e+00 ] 1.0000e+00
 2.199e+01 1.4663e-07 1.4663e-07 [ 2.0467e-43 4.4479e-28 1.4663e-07 ] 0.0000e+00 [ 0.0000e+00 ] 1.0000e+00
 2.210e+01 1.3578e-07 1.3578e-07 [ 9.7753e-44 2.7228e-28 1.3578e-07 ] 0.0000e+00 [ 0.0000e+00 ] 1.0000e+00
 2.221e+01 1.2572e-07 1.2572e-07 [ 4.6627e-44 1.6639e-28 1.2572e-07 ] 0.0000e+00 [ 0.0000e+00 ] 1.0000e+00
 2.233e+01 1.1638e-07 1.1638e-07 [ 2.2211e-44 1.0150e-28 1.1638e-07 ] 0.0000e+00 [ 0.0000e+00 ] 1.0000e+00
 2.244e+01 1.0772e-07 1.0772e-07 [ 1.0566e-44 6.1810e-29 1.0772e-07 ] 0.0000e+00 [ 0.0000e+00 ] 1.0000e+00
 2.255e+01 9.9698e-08 9.9698e-08 [ 5.0201e-45 3.7574e-29 9.9698e-08 ] 0.0000e+00 [ 0.0000e+00 ] 1.0000e+00
 2.267e+01 9.2256e-08 9.2256e-08 [ 2.3819e-45 2.2801e-29 9.2256e-08 ] 0.0000e+00 [ 0.0000e+00 ] 1.0000e+00
 2.278e+01 8.5358e-08 8.5358e-08 [ 1.1287e-45 1.3812e-29 8.5358e-08 ] 0.0000e+00 [ 0.0000e+00 ] 1.0000e+00
 2.289e+01 7.8964e-08 7.8964e-08 [ 5.3412e-46 8.3524e-30 7.8964e-08 ] 0.0000e+00 [ 0.0000e+00 ] 1.0000e+00
 2.301e+01 7.3038e-08 7.3038e-08 [ 2.5242e-46 5.0418e-30 7.3038e-08 ] 0.0000e+00 [ 0.0000e+00 ] 1.0000e+00
 2.312e+01 6.7548e-08 6.7548e-08 [ 1.1914e-46 3.0381e-30 6.7548e-08 ] 0.0000e+00 [ 0.0000e+00 ] 1.0000e+00
 2.323e+01 6.2460e-08 6.2460e-08 [ 5.6156e-47 1.8274e-30 6.2460e-08 ] 0.0000e+00 [ 0.0000e+00 ] 1.0000e+00
 2.335e+01 5.7748e-08 5.7748e-08 [ 2.6435e-47 1.0973e-30 5.7748e-08 ] 0.0000e+00 [ 0.0000e+00 ] 1.0000e+00
 2.346e+01 5.3382e-08 5.3382e-08 [ 1.2427e-47 6.5772e-31 5.3382e-08 ] 0.0000e+00 [ 0.0000e+00 ] 1.0000e+00
 2.357e+01 4.9340e-08 4.9340e-08 [ 5.8347e-48 3.9354e-31 4.9340e-08 ] 0.0000e+00 [ 0.0000e+00 ] 1.0000e+00
 2.369e+01 4.5596e-08 4.5596e-08 [ 2.7358e-48 2.3506e-31 4.5596e-08 ] 0.0000e+00 [ 0.0000e+00 ] 1.0000e+00
 2.380e+01 4.2130e-08 4.2130e-08 [ 1.2811e-48 1.4015e-31 4.2130e-08 ] 0.0000e+00 [ 0.0000e+00 ] 1.0000e+00
 2.391e+01 3.8922e-08 3.8922e-08 [ 5.9913e-49 8.3415e-32 3.8922e-08 ] 0.0000e+00 [ 0.0000e+00 ] 1.0000e+00
 2.403e+01 3.5952e-08 3.5952e-08 [ 2.7983e-49 4.9560e-32 3.5952e-08 ] 0.0000e+00 [ 0.0000e+00 ] 1.0000e+00
 2.414e+01 3.3203e-08 3.3203e-08 [ 1.3053e-49 2.9394e-32 3.3203e-08 ] 0.0000e+00 [ 0.0000e+00 ] 1.0000e+00
 2.425e+01 3.0660e-08 3.0660e-08 [ 6.0808e-50 1.7403e-32 3.0660e-08 ] 0.0000e+00 [ 0.0000e+00 ] 1.0000e+00
 2.437e+01 2.8307e-08 2.8307e-08 [ 2.8292e-50 1.0286e-32 2.8307e-08 ] 0.0000e+00 [ 0.0000e+00 ] 1.0000e+00
 2.448e+01 2.6131e-08 2.6131e-08 [ 1.3146e-50 6.0686e-33 2.6131e-08 ] 0.0000e+00 [ 0.0000e+00 ] 1.0000e+00
 2.459e+01 2.4117e-08 2.4117e-08 [ 6.1008e-51 3.5742e-33 2.4117e-08 ] 0.0000e+00 [ 0.0000e+00 ] 1.0000e+00
 2.471e+01 2.2256e-08 2.2256e-08 [ 2.8276e-51 2.1015e-33 2.2256e-08 ] 0.0000e+00 [ 0.0000e+00 ] 1.0000e+00
 2.482e+01 2.0534e-08 2.0534e-08 [ 1.3089e-51 1.2334e-33 2.0534e-08 ] 0.0000e+00 [ 0.0000e+00 ] 1.0000e+00
 2.493e+01 1.8943e-08 1.8943e-08 [ 6.0514e-52 7.2265e-34 1.8943e-08 ] 0.0000e+00 [ 0.0000e+00 ] 1.0000e+00
 2.505e+01 1.7472e-08 1.7472e-08 [ 2.7942e-52 4.2268e-34 1.7472e-08 ] 0.0000e+00 [ 0.0000e+00 ] 1.0000e+00
 2.516e+01 1.6112e-08 1.6112e-08 [ 1.2886e-52 2.4680e-34 1.6112e-08 ] 0.0000e+00 [ 0.0000e+00 ] 1.0000e+00
 2.527e+01 1.4856e-08 1.4856e-08 [ 5.9352e-53 1.4385e-34 1.4856e-08 ] 0.0000e+00 [ 0.0000e+00 ] 1.0000e+00
 2.539e+01 1.3695e-08 1.3695e-08 [ 2.7303e-53 8.3705e-35 1.3695e-08 ] 0.0000e+00 [ 0.0000e+00 ] 1.0000e+00
 2.550e+01 1.2623e-08 1.2623e-08 [ 1.2545e-53 4.8623e-35 1.2623e-08 ] 0.0000e+00 [ 0.0000e+00 ] 1.0000e+00
 2.561e+01 1.1633e-08 1.1633e-08 [ 5.7569e-54 2.8196e-35 1.1633e-08 ] 0.0000e+00 [ 0.0000e+00 ] 1.0000e+00
 2.573e+01 1.0719e-08 1.0719e-08 [ 2.6387e-54 1.6323e-35 1.0719e-08 ] 0.0000e+00 [ 0.0000e+00 ] 1.0000e+00
 2.584e+01 9.8745e-09 9.8745e-09 [ 1.2080e-54 9.4334e-36 9.8745e-09 ] 0.0000e+00 [ 0.0000e+00 ] 1.0000e+00
 2.595e+01 9.0951e-09 9.0951e-09 [ 5.5233e-55 5.4425e-36 9.0951e-09 ] 0.0000e+00 [ 0.0000e+00 ] 1.0000e+00
 2.607e+01 8.3757e-09 8.3757e-09 [ 2.5224e-55 3.1347e-36 8.3757e-09 ] 0.0000e+00 [ 0.0000e+00 ] 1.0000e+00
 2.618e+01 7.7119e-09 7.7119e-09 [ 1.1506e-55 1.8025e-36 7.7119e-09 ] 0.0000e+00 [ 0.0000e+00 ] 1.0000e+00
 2.629e+01 7.0994e-09 7.0994e-09 [ 5.2423e-56 1.0347e-36 7.0994e-09 ] 0.0000e+00 [ 0.0000e+00 ] 1.0000e+00
 2.641e+01 6.5344e-09 6.5344e-09 [ 2.3856e-56 5.9293e-37 6.5344e-09 ] 0.0000e+00 [ 0.0000e+00 ] 1.0000e+00
 2.652e+01 6.0132e-09 6.0132e-09 [ 1.0844e-56 3.3922e-37 6.0132e-09 ] 0.0000e+00 [ 0.0000e+00 ] 1.0000e+00
 2.663e+01 5.5326e-09 5.5326e-09 [ 4.9231e-57 1.9375e-37 5.5326e-09 ] 0.0000e+00 [ 0.0000e+00 ] 1.0000e+00
 2.675e+01 5.0895e-09 5.0895e-09 [ 2.2325e-57 1.1048e-37 5.0895e-09 ] 0.0000e+00 [ 0.0000e+00 ] 1.0000e+00
 2.686e+01 4.6810e-09 4.6810e-09 [ 1.0112e-57 6.2891e-38 4.6810e-09 ] 0.0000e+00 [ 0.0000e+00 ] 1.0000e+00
 2.697e+01 4.3045e-09 4.3045e-09 [ 4.5752e-58 3.5742e-38 4.3045e-09 ] 0.0000e+00 [ 0.0000e+00 ] 1.0000e+00
 2.709e+01 3.9575e-09 3.9575e-09 [ 2.0676e-58 2.0279e-38 3.9575e-09 ] 0.0000e+00 [ 0.0000e+00 ] 1.0000e+00
 2.720e+01 3.6378e-09 3.6378e-09 [ 9.3332e-59 1.1487e-38 3.6378e-09 ] 0.0000e+00 [ 0.0000e+00 ] 1.0000e+00
 2.731e+01 3.3433e-09 3.3433e-09 [ 4.2083e-59 6.4963e-39 3.3433e-09 ] 0.0000e+00 [ 0.0000e+00 ] 1.0000e+00
 2.743e+01 3.0721e-09 3.0721e-09 [ 1.8953e-59 3.6678e-39 3.0721e-09 ] 0.0000e+00 [ 0.0000e+00 ] 1.0000e+00
 2.754e+01 2.8223e-09 2.8223e-09 [ 8.5267e-60 2.0674e-39 2.8223e-09 ] 0.0000e+00 [ 0.0000e+00 ] 1.0000e+00
 2.765e+01 2.5923e-09 2.5923e-09 [ 3.8317e-60 1.1635e-39 2.5923e-09 ] 0.0000e+00 [ 0.0000e+00 ] 1.0000e+00
 2.777e+01 2.3806e-09 2.3806e-09 [ 1.7199e-60 6.5369e-40 2.3806e-09 ] 0.0000e+00 [ 0.0000e+00 ] 1.0000e+00
 2.788e+01 2.1858e-09 2.1858e-09 [ 7.7118e-61 3.6668e-40 2.1858e-09 ] 0.0000e+00 [ 0.0000e+00 ] 1.0000e+00
 2.799e+01 2.0065e-09 2.0065e-09 [ 3.4540e-61 2.0535e-40 2.0065e-09 ] 0.0000e+00 [ 0.0000e+00 ] 1.0000e+00
 2.811e+01 1.8416e-09 1.8416e-09 [ 1.5453e-61 1.1482e-40 1.8416e-09 ] 0.0000e+00 [ 0.0000e+00 ] 1.0000e+00
 2.822e+01 1.6899e-09 1.6899e-09 [ 6.9058e-62 6.4095e-41 1.6899e-09 ] 0.0000e+00 [ 0.0000e+00 ] 1.0000e+00
 2.833e+01 1.5504e-09 1.5504e-09 [ 3.0829e-62 3.5723e-41 1.5504e-09 ] 0.0000e+00 [ 0.0000e+00 ] 1.0000e+00
 2.845e+01 1.4221e-09 1.4221e-09 [ 1.3747e-62 1.9878e-41 1.4221e-09 ] 0.0000e+00 [ 0.0000e+00 ] 1.0000e+00
 2.856e+01 1.3042e-09 1.3042e-09 [ 6.1237e-63 1.1043e-41 1.3042e-09 ] 0.0000e+00 [ 0.0000e+00 ] 1.0000e+00
 2.867e+01 1.1958e-09 1.1958e-09 [ 2.7249e-63 6.1256e-42 1.1958e-09 ] 0.0000e+00 [ 0.0000e+00 ] 1.0000e+00
 2.879e+01 1.0962e-09 1.0962e-09 [ 1.2112e-63 3.3923e-42 1.0962e-09 ] 0.0000e+00 [ 0.0000e+00 ] 1.0000e+00
 2.890e+01 1.0047e-09 1.0047e-09 [ 5.3778e-64 1.8757e-42 1.0047e-09 ] 0.0000e+00 [ 0.0000e+00 ] 1.0000e+00
 2.901e+01 9.2061e-10 9.2061e-10 [ 2.3853e-64 1.0355e-42 9.2061e-10 ] 0.0000e+00 [ 0.0000e+00 ] 1.0000e+00
 2.913e+01 8.4341e-10 8.4341e-10 [ 1.0568e-64 5.7074e-43 8.4341e-10 ] 0.0000e+00 [ 0.0000e+00 ] 1.0000e+00
 2.924e+01 7.7253e-10 7.7253e-10 [ 4.6776e-65 3.1408e-43 7.7253e-10 ] 0.0000e+00 [ 0.0000e+00 ] 1.0000e+00
 2.935e+01 7.0746e-10 7.0746e-10 [ 2.0681e-65 1.7257e-43 7.0746e-10 ] 0.0000e+00 [ 0.0000e+00 ] 1.0000e+00
 2.947e+01 6.4773e-10 6.4773e-10 [ 9.1344e-66 9.4672e-44 6.4773e-10 ] 0.0000e+00 [ 0.0000e+00 ] 1.0000e+00
 2.958e+01 5.9293e-10 5.9293e-10 [ 4.0302e-66 5.1855e-44 5.9293e-10 ] 0.0000e+00 [ 0.0000e+00 ] 1.0000e+00
 2.969e+01 5.4264e-10 5.4264e-10 [ 1.7763e-66 2.8359e-44 5.4264e-10 ] 0.0000e+00 [ 0.0000e+00 ] 1.0000e+00
 2.981e+01 4.9652e-10 4.9652e-10 [ 7.8207e-67 1.5485e-44 4.9652e-10 ] 0.0000e+00 [ 0.0000e+00 ] 1.0000e+00
 2.992e+01 4.5422e-10 4.5422e-10 [ 3.4398e-67 8.4419e-45 4.5422e-10 ] 0.0000e+00 [ 0.0000e+00 ] 1.0000e+00
 3.003e+01 4.1544e-10 4.1544e-10 [ 1.5113e-67 4.5952e-45 4.1544e-10 ] 0.0000e+00 [ 0.0000e+00 ] 1.0000e+00
 3.015e+01 3.7989e-10 3.7989e-10 [ 6.6335e-68 2.4975e-45 3.7989e-10 ] 0.0000e+00 [ 0.0000e+00 ] 1.0000e+00
 3.026e+01 3.4730e-10 3.4730e-10 [ 2.9085e-68 1.3553e-45 3.4730e-10 ] 0.0000e+00 [ 0.0000e+00 ] 1.0000e+00
 3.037e+01 3.1745e-10 3.1745e-10 [ 1.2740e-68 7.3430e-46 3.1745e-10 ] 0.0000e+00 [ 0.0000e+00 ] 1.0000e+00
 3.049e+01 2.9009e-10 2.9009e-10 [ 5.5743e-69 3.9724e-46 2.9009e-10 ] 0.0000e+00 [ 0.0000e+00 ] 1.0000e+00
 3.060e+01 2.6504e-10 2.6504e-10 [ 2.4366e-69 2.1457e-46 2.6504e-10 ] 0.0000e+00 [ 0.0000e+00 ] 1.0000e+00
 3.071e+01 2.4210e-10 2.4210e-10 [ 1.0640e-69 1.1572e-46 2.4210e-10 ] 0.0000e+00 [ 0.0000e+00 ] 1.0000e+00
 3.083e+01 2.2109e-10 2.2109e-10 [ 4.6411e-70 6.2313e-47 2.2109e-10 ] 0.0000e+00 [ 0.0000e+00 ] 1.0000e+00
 3.094e+01 2.0187e-10 2.0187e-10 [ 2.0224e-70 3.3503e-47 2.0187e-10 ] 0.0000e+00 [ 0.0000e+00 ] 1.0000e+00
 3.105e+01 1.8427e-10 1.8427e-10 [ 8.8039e-71 1.7986e-47 1.8427e-10 ] 0.0000e+00 [ 0.0000e+00 ] 1.0000e+00
 3.117e+01 1.6817e-10 1.6817e-10 [ 3.8285e-71 9.6405e-48 1.6817e-10 ] 0.0000e+00 [ 0.0000e+00 ] 1.0000e+00
 3.128e+01 1.5345e-10 1.5345e-10 [ 1.6632e-71 5.1595e-48 1.5345e-10 ] 0.0000e+00 [ 0.0000e+00 ] 1.0000e+00
 3.139e+01 1.3998e-10 1.3998e-10 [ 7.2180e-72 2.7571e-48 1.3998e-10 ] 0.0000e+00 [ 0.0000e+00 ] 1.0000e+00
 3.151e+01 1.2766e-10 1.2766e-10 [ 3.1293e-72 1.4711e-48 1.2766e-10 ] 0.0000e+00 [ 0.0000e+00 ] 1.0000e+00
 3.162e+01 1.1641e-10 1.1641e-10 [ 1.3553e-72 7.8368e-49 1.1641e-10 ] 0.0000e+00 [ 0.0000e+00 ] 1.0000e+00
 3.173e+01 1.0612e-10 1.0612e-10 [ 5.8634e-73 4.1686e-49 1.0612e-10 ] 0.0000e+00 [ 0.0000e+00 ] 1.0000e+00
 3.185e+01 9.6716e-11 9.6716e-11 [ 2.5342e-73 2.2140e-49 9.6716e-11 ] 0.0000e+00 [ 0.0000e+00 ] 1.0000e+00
 3.196e+01 8.8127e-11 8.8127e-11 [ 1.0942e-73 1.1740e-49 8.8127e-11 ] 0.0000e+00 [ 0.0000e+00 ] 1.0000e+00
 3.207e+01 8.0282e-11 8.0282e-11 [ 4.7193e-74 6.2164e-50 8.0282e-11 ] 0.0000e+00 [ 0.0000e+00 ] 1.0000e+00
 3.219e+01 7.3119e-11 7.3119e-11 [ 2.0334e-74 3.2864e-50 7.3119e-11 ] 0.0000e+00 [ 0.0000e+00 ] 1.0000e+00
 3.230e+01 6.6579e-11 6.6579e-11 [ 8.7522e-75 1.7348e-50 6.6579e-11 ] 0.0000e+00 [ 0.0000e+00 ] 1.0000e+00
 3.241e+01 6.0610e-11 6.0610e-11 [ 3.7632e-75 9.1430e-51 6.0610e-11 ] 0.0000e+00 [ 0.0000e+00 ] 1.0000e+00
 3.253e+01 5.5163e-11 5.5163e-11 [ 1.6164e-75 4.8114e-51 5.5163e-11 ] 0.0000e+00 [ 0.0000e+00 ] 1.0000e+00
 3.264e+01 5.0193e-11 5.0193e-11 [ 6.9358e-76 2.5280e-51 5.0193e-11 ] 0.0000e+00 [ 0.0000e+00 ] 1.0000e+00
 3.275e+01 4.5661e-11 4.5661e-11 [ 2.9729e-76 1.3262e-51 4.5661e-11 ] 0.0000e+00 [ 0.0000e+00 ] 1.0000e+00
 3.287e+01 4.1527e-11 4.1527e-11 [ 1.2730e-76 6.9470e-52 4.1527e-11 ] 0.0000e+00 [ 0.0000e+00 ] 1.0000e+00
 3.298e+01 3.7759e-11 3.7759e-11 [ 5.4449e-77 3.6332e-52 3.7759e-11 ] 0.0000e+00 [ 0.0000e+00 ] 1.0000e+00
 3.309e+01 3.4324e-11 3.4324e-11 [ 2.3265e-77 1.8972e-52 3.4324e-11 ] 0.0000e+00 [ 0.0000e+00 ] 1.0000e+00
 3.321e+01 3.1193e-11 3.1193e-11 [ 9.9303e-78 9.8915e-53 3.1193e-11 ] 0.0000e+00 [ 0.0000e+00 ] 1.0000e+00
 3.332e+01 2.8341e-11 2.8341e-11 [ 4.2340e-78 5.1491e-53 2.8341e-11 ] 0.0000e+00 [ 0.0000e+00 ] 1.0000e+00
 3.343e+01 2.5744e-11 2.5744e-11 [ 1.8033e-78 2.6762e-53 2.5744e-11 ] 0.0000e+00 [ 0.0000e+00 ] 1.0000e+00
 3.355e+01 2.3378e-11 2.3378e-11 [ 7.6722e-79 1.3887e-53 2.3378e-11 ] 0.0000e+00 [ 0.0000e+00 ] 1.0000e+00
 3.366e+01 2.1224e-11 2.1224e-11 [ 3.2606e-79 7.1951e-54 2.1224e-11 ] 0.0000e+00 [ 0.0000e+00 ] 1.0000e+00
 3.377e+01 1.9263e-11 1.9263e-11 [ 1.3842e-79 3.7219e-54 1.9263e-11 ] 0.0000e+00 [ 0.0000e+00 ] 1.0000e+00
 3.389e+01 1.7479e-11 1.7479e-11 [ 5.8697e-80 1.9222e-54 1.7479e-11 ] 0.0000e+00 [ 0.0000e+00 ] 1.0000e+00
 3.400e+01 1.5856e-11 1.5856e-11 [ 2.4863e-80 9.9115e-55 1.5856e-11 ] 0.0000e+00 [ 0.0000e+00 ] 1.0000e+00
 3.411e+01 1.4379e-11 1.4379e-11 [ 1.0519e-80 5.1025e-55 1.4379e-11 ] 0.0000e+00 [ 0.0000e+00 ] 1.0000e+00
 3.423e+01 1.3037e-11 1.3037e-11 [ 4.4457e-81 2.6225e-55 1.3037e-11 ] 0.0000e+00 [ 0.0000e+00 ] 1.0000e+00
 3.434e+01 1.1816e-11 1.1816e-11 [ 1.8767e-81 1.3457e-55 1.1816e-11 ] 0.0000e+00 [ 0.0000e+00 ] 1.0000e+00
 3.445e+01 1.0706e-11 1.0706e-11 [ 7.9129e-82 6.8936e-56 1.0706e-11 ] 0.0000e+00 [ 0.0000e+00 ] 1.0000e+00
 3.457e+01 9.6979e-12 9.6979e-12 [ 3.3325e-82 3.5256e-56 9.6979e-12 ] 0.0000e+00 [ 0.0000e+00 ] 1.0000e+00
 3.468e+01 8.7817e-12 8.7817e-12 [ 1.4018e-82 1.8001e-56 8.7817e-12 ] 0.0000e+00 [ 0.0000e+00 ] 1.0000e+00
 3.479e+01 7.9495e-12 7.9495e-12 [ 5.8894e-83 9.1756e-57 7.9495e-12 ] 0.0000e+00 [ 0.0000e+00 ] 1.0000e+00
 3.491e+01 7.1938e-12 7.1938e-12 [ 2.4713e-83 4.6690e-57 7.1938e-12 ] 0.0000e+00 [ 0.0000e+00 ] 1.0000e+00
 3.502e+01 6.5077e-12 6.5077e-12 [ 1.0357e-83 2.3717e-57 6.5077e-12 ] 0.0000e+00 [ 0.0000e+00 ] 1.0000e+00
 3.513e+01 5.8849e-12 5.8849e-12 [ 4.3351e-84 1.2027e-57 5.8849e-12 ] 0.0000e+00 [ 0.0000e+00 ] 1.0000e+00
 3.525e+01 5.3198e-12 5.3198e-12 [ 1.8122e-84 6.0880e-58 5.3198e-12 ] 0.0000e+00 [ 0.0000e+00 ] 1.0000e+00
 3.536e+01 4.8070e-12 4.8070e-12 [ 7.5654e-85 3.0762e-58 4.8070e-12 ] 0.0000e+00 [ 0.0000e+00 ] 1.0000e+00
 3.547e+01 4.3420e-12 4.3420e-12 [ 3.1541e-85 1.5516e-58 4.3420e-12 ] 0.0000e+00 [ 0.0000e+00 ] 1.0000e+00
 3.559e+01 3.9202e-12 3.9202e-12 [ 1.3132e-85 7.8115e-59 3.9202e-12 ] 0.0000e+00 [ 0.0000e+00 ] 1.0000e+00
 3.570e+01 3.5379e-12 3.5379e-12 [ 5.4597e-86 3.9254e-59 3.5379e-12 ] 0.0000e+00 [ 0.0000e+00 ] 1.0000e+00
 3.581e+01 3.1913e-12 3.1913e-12 [ 2.2667e-86 1.9688e-59 3.1913e-12 ] 0.0000e+00 [ 0.0000e+00 ] 1.0000e+00
 3.593e+01 2.8772e-12 2.8772e-12 [ 9.3964e-87 9.8553e-60 2.8772e-12 ] 0.0000e+00 [ 0.0000e+00 ] 1.0000e+00
 3.604e+01 2.5926e-12 2.5926e-12 [ 3.8893e-87 4.9236e-60 2.5926e-12 ] 0.0000e+00 [ 0.0000e+00 ] 1.0000e+00
 3.615e+01 2.3349e-12 2.3349e-12 [ 1.6074e-87 2.4548e-60 2.3349e-12 ] 0.0000e+00 [ 0.0000e+00 ] 1.0000e+00
 3.627e+01 2.1014e-12 2.1014e-12 [ 6.6320e-88 1.2214e-60 2.1014e-12 ] 0.0000e+00 [ 0.0000e+00 ] 1.0000e+00
 3.638e+01 1.8901e-12 1.8901e-12 [ 2.7318e-88 6.0640e-61 1.8901e-12 ] 0.0000e+00 [ 0.0000e+00 ] 1.0000e+00
 3.649e+01 1.6988e-12 1.6988e-12 [ 1.1233e-88 3.0041e-61 1.6988e-12 ] 0.0000e+00 [ 0.0000e+00 ] 1.0000e+00
 3.661e+01 1.5256e-12 1.5256e-12 [ 4.6109e-89 1.4849e-61 1.5256e-12 ] 0.0000e+00 [ 0.0000e+00 ] 1.0000e+00
 3.672e+01 1.3689e-12 1.3689e-12 [ 1.8891e-89 7.3225e-62 1.3689e-12 ] 0.0000e+00 [ 0.0000e+00 ] 1.0000e+00
 3.683e+01 1.2271e-12 1.2271e-12 [ 7.7243e-90 3.6023e-62 1.2271e-12 ] 0.0000e+00 [ 0.0000e+00 ] 1.0000e+00
 3.695e+01 1.0988e-12 1.0988e-12 [ 3.1520e-90 1.7677e-62 1.0988e-12 ] 0.0000e+00 [ 0.0000e+00 ] 1.0000e+00
 3.706e+01 9.8283e-13 9.8283e-13 [ 1.2834e-90 8.6519e-63 9.8283e-13 ] 0.0000e+00 [ 0.0000e+00 ] 1.0000e+00
 3.717e+01 8.7790e-13 8.7790e-13 [ 5.2139e-91 4.2231e-63 8.7790e-13 ] 0.0000e+00 [ 0.0000e+00 ] 1.0000e+00
 3.729e+01 7.8301e-13 7.8301e-13 [ 2.1131e-91 2.0555e-63 7.8301e-13 ] 0.0000e+00 [ 0.0000e+00 ] 1.0000e+00
 3.740e+01 6.9720e-13 6.9720e-13 [ 8.5420e-92 9.9743e-64 6.9720e-13 ] 0.0000e+00 [ 0.0000e+00 ] 1.0000e+00
 3.751e+01 6.1960e-13 6.1960e-13 [ 3.4436e-92 4.8248e-64 6.1960e-13 ] 0.0000e+00 [ 0.0000e+00 ] 1.0000e+00
 3.763e+01 5.4942e-13 5.4942e-13 [ 1.3842e-92 2.3260e-64 5.4942e-13 ] 0.0000e+00 [ 0.0000e+00 ] 1.0000e+00
 3.774e+01 4.8596e-13 4.8596e-13 [ 5.5463e-93 1.1173e-64 4.8596e-13 ] 0.0000e+00 [ 0.0000e+00 ] 1.0000e+00
 3.785e+01 4.2856e-13 4.2856e-13 [ 2.2148e-93 5.3463e-65 4.2856e-13 ] 0.0000e+00 [ 0.0000e+00 ] 1.0000e+00
 3.797e+01 3.7665e-13 3.7665e-13 [ 8.8109e-94 2.5476e-65 3.7665e-13 ] 0.0000e+00 [ 0.0000e+00 ] 1.0000e+00
 3.808e+01 3.2968e-13 3.2968e-13 [ 3.4908e-94 1.2084e-65 3.2968e-13 ] 0.0000e+00 [ 0.0000e+00 ] 1.0000e+00
 3.819e+01 2.8719e-13 2.8719e-13 [ 1.3768e-94 5.7035e-66 2.8719e-13 ] 0.0000e+00 [ 0.0000e+00 ] 1.0000e+00
 3.831e+01 2.4875e-13 2.4875e-13 [ 5.4022e-95 2.6771e-66 2.4875e-13 ] 0.0000e+00 [ 0.0000e+00 ] 1.0000e+00
 3.842e+01 2.1398e-13 2.1398e-13 [ 2.1076e-95 1.2488e-66 2.1398e-13 ] 0.0000e+00 [ 0.0000e+00 ] 1.0000e+00
 3.853e+01 1.8253e-13 1.8253e-13 [ 8.1686e-96 5.7848e-67 1.8253e-13 ] 0.0000e+00 [ 0.0000e+00 ] 1.0000e+00
 3.865e+01 1.5412e-13 1.5412e-13 [ 3.1420e-96 2.6582e-67 1.5412e-13 ] 0.0000e+00 [ 0.0000e+00 ] 1.0000e+00
 3.876e+01 1.2848e-13 1.2848e-13 [ 1.1978e-96 1.2101e-67 1.2848e-13 ] 0.0000e+00 [ 0.0000e+00 ] 1.0000e+00
 3.887e+01 1.0539e-13 1.0539e-13 [ 4.5178e-97 5.4480e-68 1.0539e-13 ] 0.0000e+00 [ 0.0000e+00 ] 1.0000e+00
 3.899e+01 8.4693e-14 8.4693e-14 [ 1.6819e-97 2.4199e-68 8.4693e-14 ] 0.0000e+00 [ 0.0000e+00 ] 1.0000e+00
 3.910e+01 6.6241e-14 6.6241e-14 [ 6.1599e-98 1.0569e-68 6.6241e-14 ] 0.0000e+00 [ 0.0000e+00 ] 1.0000e+00
 3.921e+01 4.9951e-14 4.9951e-14 [ 2.2085e-98 4.5169e-69 4.9951e-14 ] 0.0000e+00 [ 0.0000e+00 ] 1.0000e+00
 3.933e+01 3.5786e-14 3.5786e-14 [ 7.6929e-99 1.8738e-69 3.5786e-14 ] 0.0000e+00 [ 0.0000e+00 ] 1.0000e+00
 3.944e+01 2.3766e-14 2.3766e-14 [ 2.5693e-99 7.4394e-70 2.3766e-14 ] 0.0000e+00 [ 0.0000e+00 ] 1.0000e+00
 3.955e+01 1.3974e-14 1.3974e-14 [ 8.0108e-100 2.7427e-70 1.3974e-14 ] 0.0000e+00 [ 0.0000e+00 ] 1.0000e+00
 3.967e+01 6.5680e-15 6.5680e-15 [ 2.1727e-100 8.6616e-71 6.5680e-15 ] 0.0000e+00 [ 0.0000e+00 ] 1.0000e+00
 3.978e+01 1.7936e-15 1.7936e-15 [ 3.8602e-101 1.7252e-71 1.7936e-15 ] 0.0000e+00 [ 0.0000e+00 ] 1.0000e+00
 3.989e+01 0.0000e+00 0.0000e+00 [ 0.0000e+00 0.0000e+00 0.0000e+00 ] 0.0000e+00 [ 0.0000e+00 ] 1.0000e+00
