 0.000e+00 0.0000e+00 0.0000e+00 [ 0.0000e+00 0.0000e+00 0.0000e+00 0.0000e+00 ] 0.0000e+00 [ 0.0000e+00 ] 1.0000e+00
 1.133e-01 2.6935e-03 2.6935e-03 [ 2.2846e-03 5.1730e-05 3.1196e-05 3.2599e-04 ] 0.0000e+00 [ 0.0000e+00 ] 9.9730e-01
 2.267e-01 5.5455e-03 5.5455e-03 [ 3.8934e-03 2.0627e-04 1.2569e-04 1.3201e-03 ] 0.0000e+00 [ 0.0000e+00 ] 9.9445e-01
 3.400e-01 8.9095e-03 8.9095e-03 [ 5.1181e-03 4.6157e-04 2.8613e-04 3.0437e-03 ] 0.0000e+00 [ 0.0000e+00 ] 9.9109e-01
 4.533e-01 1.2998e-02 1.2998e-02 [ 6.0603e-03 8.1431e-04 5.1677e-04 5.6071e-03 ] 0.0000e+00 [ 0.0000e+00 ] 9.8700e-01
 5.667e-01 1.8072e-02 1.8072e-02 [ 6.8159e-03 1.2602e-03 8.2349e-04 9.1724e-03 ] 0.0000e+00 [ 0.0000e+00 ] 9.8193e-01
 6.800e-01 2.4418e-02 2.4418e-02 [ 7.4542e-03 1.7946e-03 1.2137e-03 1.3955e-02 ] 0.0000e+00 [ 0.0000e+00 ] 9.7558e-01
 7.933e-01 3.2360e-02 3.2360e-02 [ 8.0252e-03 2.4125e-03 1.6961e-03 2.0226e-02 ] 0.0000e+00 [ 0.0000e+00 ] 9.6764e-01
 9.067e-01 4.2260e-02 4.2260e-02 [ 8.5653e-03 3.1093e-03 2.2800e-03 2.8306e-02 ] 0.0000e+00 [ 0.0000e+00 ] 9.5774e-01
 1.020e+00 5.4504e-02 5.4504e-02 [ 9.1001e-03 3.8799e-03 2.9750e-03 3.8549e-02 ] 0.0000e+00 [ 0.0000e+00 ] 9.4550e-01
 1.133e+00 6.9472e-02 6.9472e-02 [ 9.6457e-03 4.7181e-03 3.7885e-03 5.1320e-02 ] 0.0000e+00 [ 0.0000e+00 ] 9.3053e-01
 1.247e+00 8.7487e-02 8.7487e-02 [ 1.0208e-02 5.6153e-03 4.7243e-03 6.6939e-02 ] 0.0000e+00 [ 0.0000e+00 ] 9.1252e-01
 1.360e+00 1.0873e-01 1.0873e-01 [ 1.0782e-02 6.5587e-03 5.7791e-03 8.5608e-02 ] 0.0000e+00 [ 0.0000e+00 ] 8.9128e-01
 1.473e+00 1.3313e-01 1.3313e-01 [ 1.1350e-02 7.5294e-03 6.9394e-03 1.0731e-01 ] 0.0000e+00 [ 0.0000e+00 ] 8.6688e-01
 1.587e+00 1.6026e-01 1.6026e-01 [ 1.1878e-02 8.5014e-03 8.1786e-03 1.3170e-01 ] 0.0000e+00 [ 0.0000e+00 ] 8.3974e-01
 1.700e+00 1.8925e-01 1.8925e-01 [ 1.2321e-02 9.4420e-03 9.4556e-03 1.5803e-01 ] 0.0000e+00 [ 0.0000e+00 ] 8.1076e-01
 1.813e+00 2.1872e-01 2.1872e-01 [ 1.2624e-02 1.0313e-02 1.0716e-02 1.8507e-01 ] 0.0000e+00 [ 0.0000e+00 ] 7.8128e-01
 1.927e+00 2.4694e-01 2.4694e-01 [ 1.2731e-02 1.1078e-02 1.1897e-02 2.1124e-01 ] 0.0000e+00 [ 0.0000e+00 ] 7.5305e-01
 2.040e+00 2.7195e-01 2.7195e-01 [ 1.2599e-02 1.1700e-02 1.2934e-02 2.3472e-01 ] 0.0000e+00 [ 0.0000e+00 ] 7.2804e-01
 2.153e+00 2.9185e-01 2.9185e-01 [ 1.2204e-02 1.2155e-02 1.3770e-02 2.5372e-01 ] 0.0000e+00 [ 0.0000e+00 ] 7.0814e-01
 2.267e+00 3.0508e-01 3.0508e-01 [ 1.1547e-02 1.2427e-02 1.4361e-02 2.6674e-01 ] 0.0000e+00 [ 0.0000e+00 ] 6.9491e-01
 2.380e+00 3.1059e-01 3.1059e-01 [ 1.0660e-02 1.2510e-02 1.4677e-02 2.7274e-01 ] 0.0000e+00 [ 0.0000e+00 ] 6.8941e-01
 2.493e+00 3.0798e-01 3.0798e-01 [ 9.5949e-03 1.2405e-02 1.4704e-02 2.7127e-01 ] 0.0000e+00 [ 0.0000e+00 ] 6.9202e-01
 2.607e+00 2.9750e-01 2.9750e-01 [ 8.4190e-03 1.2121e-02 1.4447e-02 2.6252e-01 ] 0.0000e+00 [ 0.0000e+00 ] 7.0250e-01
 2.720e+00 2.8007e-01 2.8007e-01 [ 7.2040e-03 1.1671e-02 1.3924e-02 2.4727e-01 ] 0.0000e+00 [ 0.0000e+00 ] 7.1994e-01
 2.833e+00 2.5709e-01 2.5709e-01 [ 6.0174e-03 1.1078e-02 1.3168e-02 2.2683e-01 ] 0.0000e+00 [ 0.0000e+00 ] 7.4291e-01
 2.947e+00 2.3038e-01 2.3038e-01 [ 4.9149e-03 1.0370e-02 1.2230e-02 2.0287e-01 ] 0.0000e+00 [ 0.0000e+00 ] 7.6962e-01
 3.060e+00 2.0183e-01 2.0183e-01 [ 3.9348e-03 9.5814e-03 1.1167e-02 1.7715e-01 ] 0.0000e+00 [ 0.0000e+00 ] 7.9817e-01
 3.173e+00 1.7323e-01 1.7323e-01 [ 3.0973e-03 8.7506e-03 1.0041e-02 1.5134e-01 ] 0.0000e+00 [ 0.0000e+00 ] 8.2677e-01
 3.287e+00 1.4602e-01 1.4602e-01 [ 2.4054e-03 7.9127e-03 8.9094e-03 1.2679e-01 ] 0.0000e+00 [ 0.0000e+00 ] 8.5398e-01
 3.400e+00 1.2120e-01 1.2120e-01 [ 1.8498e-03 7.0975e-03 7.8183e-03 1.0443e-01 ] 0.0000e+00 [ 0.0000e+00 ] 8.7879e-01
 3.513e+00 9.9331e-02 9.9331e-02 [ 1.4136e-03 6.3273e-03 6.8013e-03 8.4788e-02 ] 0.0000e+00 [ 0.0000e+00 ] 9.0066e-01
 3.627e+00 8.0595e-02 8.0595e-02 [ 1.0768e-03 5.6161e-03 5.8782e-03 6.8024e-02 ] 0.0000e+00 [ 0.0000e+00 ] 9.1940e-01
 3.740e+00 6.4898e-02 6.4898e-02 [ 8.1974e-04 4.9706e-03 5.0578e-03 5.4050e-02 ] 0.0000e+00 [ 0.0000e+00 ] 9.3510e-01
 3.853e+00 5.1978e-02 5.1978e-02 [ 6.2489e-04 4.3921e-03 4.3400e-03 4.2621e-02 ] 0.0000e+00 [ 0.0000e+00 ] 9.4802e-01
 3.967e+00 4.1486e-02 4.1486e-02 [ 4.7762e-04 3.8780e-03 3.7192e-03 3.3411e-02 ] 0.0000e+00 [ 0.0000e+00 ] 9.5851e-01
 4.080e+00 3.3054e-02 3.3054e-02 [ 3.6626e-04 3.4234e-03 3.1867e-03 2.6077e-02 ] 0.0000e+00 [ 0.0000e+00 ] 9.6694e-01
 4.193e+00 2.6326e-02 2.6326e-02 [ 2.8183e-04 3.0223e-03 2.7321e-03 2.0289e-02 ] 0.0000e+00 [ 0.0000e+00 ] 9.7367e-01
 4.307e+00 2.0985e-02 2.0985e-02 [ 2.1754e-04 2.6685e-03 2.3451e-03 1.5754e-02 ] 0.0000e+00 [ 0.0000e+00 ] 9.7901e-01
 4.420e+00 1.6758e-02 1.6758e-02 [ 1.6834e-04 2.3560e-03 2.0159e-03 1.2218e-02 ] 0.0000e+00 [ 0.0000e+00 ] 9.8324e-01
 4.533e+00 1.3418e-02 1.3418e-02 [ 1.3049e-04 2.0794e-03 1.7357e-03 9.4721e-03 ] 0.0000e+00 [ 0.0000e+00 ] 9.8658e-01
 4.647e+00 1.0778e-02 1.0778e-02 [ 1.0123e-04 1.8339e-03 1.4968e-03 7.3457e-03 ] 0.0000e+00 [ 0.0000e+00 ] 9.8922e-01
 4.760e+00 8.6882e-03 8.6882e-03 [ 7.8520e-05 1.6155e-03 1.2925e-03 5.7018e-03 ] 0.0000e+00 [ 0.0000e+00 ] 9.9131e-01
 4.873e+00 7.0308e-03 7.0308e-03 [ 6.0840e-05 1.4206e-03 1.1173e-03 4.4321e-03 ] 0.0000e+00 [ 0.0000e+00 ] 9.9297e-01
 4.987e+00 5.7119e-03 5.7119e-03 [ 4.7050e-05 1.2465e-03 9.6648e-04 3.4518e-03 ] 0.0000e+00 [ 0.0000e+00 ] 9.9429e-01
 5.100e+00 4.6581e-03 4.6581e-03 [ 3.6285e-05 1.0908e-03 8.3631e-04 2.6947e-03 ] 0.0000e+00 [ 0.0000e+00 ] 9.9534e-01
 5.213e+00 3.8124e-03 3.8124e-03 [ 2.7887e-05 9.5145e-04 7.2361e-04 2.1095e-03 ] 0.0000e+00 [ 0.0000e+00 ] 9.9619e-01
 5.327e+00 3.1305e-03 3.1305e-03 [ 2.1344e-05 8.2690e-04 6.2576e-04 1.6565e-03 ] 0.0000e+00 [ 0.0000e+00 ] 9.9687e-01
 5.440e+00 2.5778e-03 2.5778e-03 [ 1.6260e-05 7.1573e-04 5.4062e-04 1.3052e-03 ] 0.0000e+00 [ 0.0000e+00 ] 9.9742e-01
 5.553e+00 2.1278e-03 2.1278e-03 [ 1.2323e-05 6.1676e-04 4.6642e-04 1.0323e-03 ] 0.0000e+00 [ 0.0000e+00 ] 9.9787e-01
 5.667e+00 1.7596e-03 1.7596e-03 [ 9.2872e-06 5.2894e-04 4.0171e-04 8.1966e-04 ] 0.0000e+00 [ 0.0000e+00 ] 9.9824e-01
 5.780e+00 1.4570e-03 1.4570e-03 [ 6.9575e-06 4.5132e-04 3.4523e-04 6.5352e-04 ] 0.0000e+00 [ 0.0000e+00 ] 9.9854e-01
 5.893e+00 1.2075e-03 1.2075e-03 [ 5.1796e-06 3.8303e-04 2.9598e-04 5.2330e-04 ] 0.0000e+00 [ 0.0000e+00 ] 9.9879e-01
 6.007e+00 1.0010e-03 1.0010e-03 [ 3.8308e-06 3.2327e-04 2.5305e-04 4.2086e-04 ] 0.0000e+00 [ 0.0000e+00 ] 9.9900e-01
 6.120e+00 8.2973e-04 8.2973e-04 [ 2.8141e-06 2.7126e-04 2.1570e-04 3.3996e-04 ] 0.0000e+00 [ 0.0000e+00 ] 9.9917e-01
 6.233e+00 6.8742e-04 6.8742e-04 [ 2.0528e-06 2.2628e-04 1.8326e-04 2.7583e-04 ] 0.0000e+00 [ 0.0000e+00 ] 9.9931e-01
 6.347e+00 5.6903e-04 5.6903e-04 [ 1.4869e-06 1.8761e-04 1.5516e-04 2.2477e-04 ] 0.0000e+00 [ 0.0000e+00 ] 9.9943e-01
 6.460e+00 4.7050e-04 4.7050e-04 [ 1.0692e-06 1.5461e-04 1.3090e-04 1.8393e-04 ] 0.0000e+00 [ 0.0000e+00 ] 9.9953e-01
 6.573e+00 3.8852e-04 3.8852e-04 [ 7.6316e-07 1.2662e-04 1.1001e-04 1.5114e-04 ] 0.0000e+00 [ 0.0000e+00 ] 9.9961e-01
 6.687e+00 3.2036e-04 3.2036e-04 [ 5.4070e-07 1.0305e-04 9.2094e-05 1.2467e-04 ] 0.0000e+00 [ 0.0000e+00 ] 9.9968e-01
 6.800e+00 2.6374e-04 2.6374e-04 [ 3.8022e-07 8.3340e-05 7.6788e-05 1.0323e-04 ] 0.0000e+00 [ 0.0000e+00 ] 9.9974e-01
 6.913e+00 2.1679e-04 2.1679e-04 [ 2.6536e-07 6.6981e-05 6.3765e-05 8.5776e-05 ] 0.0000e+00 [ 0.0000e+00 ] 9.9978e-01
 7.027e+00 1.7792e-04 1.7792e-04 [ 1.8380e-07 5.3496e-05 5.2731e-05 7.1507e-05 ] 0.0000e+00 [ 0.0000e+00 ] 9.9982e-01
 7.140e+00 1.4581e-04 1.4581e-04 [ 1.2634e-07 4.2461e-05 4.3425e-05 5.9795e-05 ] 0.0000e+00 [ 0.0000e+00 ] 9.9986e-01
 7.253e+00 1.1933e-04 1.1933e-04 [ 8.6190e-08 3.3494e-05 3.5610e-05 5.0143e-05 ] 0.0000e+00 [ 0.0000e+00 ] 9.9988e-01
 7.367e+00 9.7555e-05 9.7555e-05 [ 5.8355e-08 2.6259e-05 2.9079e-05 4.2159e-05 ] 0.0000e+00 [ 0.0000e+00 ] 9.9990e-01
 7.480e+00 7.9678e-05 7.9678e-05 [ 3.9211e-08 2.0462e-05 2.3646e-05 3.5531e-05 ] 0.0000e+00 [ 0.0000e+00 ] 9.9992e-01
 7.593e+00 6.5033e-05 6.5033e-05 [ 2.6149e-08 1.5849e-05 1.9147e-05 3.0010e-05 ] 0.0000e+00 [ 0.0000e+00 ] 9.9994e-01
 7.707e+00 5.3059e-05 5.3059e-05 [ 1.7308e-08 1.2204e-05 1.5440e-05 2.5398e-05 ] 0.0000e+00 [ 0.0000e+00 ] 9.9995e-01
 7.820e+00 4.3286e-05 4.3286e-05 [ 1.1371e-08 9.3424e-06 1.2399e-05 2.1533e-05 ] 0.0000e+00 [ 0.0000e+00 ] 9.9996e-01
 7.933e+00 3.5321e-05 3.5321e-05 [ 7.4156e-09 7.1108e-06 9.9156e-06 1.8287e-05 ] 0.0000e+00 [ 0.0000e+00 ] 9.9997e-01
 8.047e+00 2.8837e-05 2.8837e-05 [ 4.8004e-09 5.3817e-06 7.8978e-06 1.5553e-05 ] 0.0000e+00 [ 0.0000e+00 ] 9.9997e-01
 8.160e+00 2.3565e-05 2.3565e-05 [ 3.0849e-09 4.0505e-06 6.2655e-06 1.3246e-05 ] 0.0000e+00 [ 0.0000e+00 ] 9.9998e-01
 8.273e+00 1.9280e-05 1.9280e-05 [ 1.9681e-09 3.0320e-06 4.9510e-06 1.1295e-05 ] 0.0000e+00 [ 0.0000e+00 ] 9.9998e-01
 8.387e+00 1.5798e-05 1.5798e-05 [ 1.2467e-09 2.2575e-06 3.8971e-06 9.6422e-06 ] 0.0000e+00 [ 0.0000e+00 ] 9.9998e-01
 8.500e+00 1.2968e-05 1.2968e-05 [ 7.8407e-10 1.6720e-06 3.0559e-06 8.2397e-06 ] 0.0000e+00 [ 0.0000e+00 ] 9.9999e-01
 8.613e+00 1.0667e-05 1.0667e-05 [ 4.8967e-10 1.2319e-06 2.3873e-06 7.0478e-06 ] 0.0000e+00 [ 0.0000e+00 ] 9.9999e-01
 8.727e+00 8.7951e-06 8.7951e-06 [ 3.0368e-10 9.0314e-07 1.8581e-06 6.0335e-06 ] 0.0000e+00 [ 0.0000e+00 ] 9.9999e-01
 8.840e+00 7.2693e-06 7.2693e-06 [ 1.8704e-10 6.5882e-07 1.4411e-06 5.1692e-06 ] 0.0000e+00 [ 0.0000e+00 ] 9.9999e-01
 8.953e+00 6.0241e-06 6.0241e-06 [ 1.1442e-10 4.7827e-07 1.1137e-06 4.4320e-06 ] 0.0000e+00 [ 0.0000e+00 ] 9.9999e-01
 9.067e+00 5.0058e-06 5.0058e-06 [ 6.9523e-11 3.4554e-07 8.5774e-07 3.8024e-06 ] 0.0000e+00 [ 0.0000e+00 ] 1.0000e+00
 9.180e+00 4.1712e-06 4.1712e-06 [ 4.1962e-11 2.4849e-07 6.5838e-07 3.2643e-06 ] 0.0000e+00 [ 0.0000e+00 ] 1.0000e+00
 9.293e+00 3.4856e-06 3.4856e-06 [ 2.5161e-11 1.7788e-07 5.0369e-07 2.8040e-06 ] 0.0000e+00 [ 0.0000e+00 ] 1.0000e+00
 9.407e+00 2.9207e-06 2.9207e-06 [ 1.4989e-11 1.2676e-07 3.8411e-07 2.4098e-06 ] 0.0000e+00 [ 0.0000e+00 ] 1.0000e+00
 9.520e+00 2.4541e-06 2.4541e-06 [ 8.8721e-12 8.9941e-08 2.9200e-07 2.0721e-06 ] 0.0000e+00 [ 0.0000e+00 ] 1.0000e+00
 9.633e+00 2.0674e-06 2.0674e-06 [ 5.2182e-12 6.3541e-08 2.2129e-07 1.7826e-06 ] 0.0000e+00 [ 0.0000e+00 ] 1.0000e+00
 9.747e+00 1.7461e-06 1.7461e-06 [ 3.0500e-12 4.4701e-08 1.6721e-07 1.5341e-06 ] 0.0000e+00 [ 0.0000e+00 ] 1.0000e+00
 9.860e+00 1.4782e-06 1.4782e-06 [ 1.7717e-12 3.1317e-08 1.2597e-07 1.3209e-06 ] 0.0000e+00 [ 0.0000e+00 ] 1.0000e+00
 9.973e+00 1.2542e-06 1.2542e-06 [ 1.0229e-12 2.1852e-08 9.4632e-08 1.1377e-06 ] 0.0000e+00 [ 0.0000e+00 ] 1.0000e+00
 1.009e+01 1.0663e-06 1.0663e-06 [ 5.8699e-13 1.5187e-08 7.0891e-08 9.8025e-07 ] 0.0000e+00 [ 0.0000e+00 ] 1.0000e+00
 1.020e+01 9.0836e-07 9.0836e-07 [ 3.3486e-13 1.0514e-08 5.2962e-08 8.4489e-07 ] 0.0000e+00 [ 0.0000e+00 ] 1.0000e+00
 1.031e+01 7.7515e-07 7.7515e-07 [ 1.8991e-13 7.2506e-09 3.9462e-08 7.2844e-07 ] 0.0000e+00 [ 0.0000e+00 ] 1.0000e+00
 1.043e+01 6.6253e-07 6.6253e-07 [ 1.0708e-13 4.9816e-09 2.9326e-08 6.2822e-07 ] 0.0000e+00 [ 0.0000e+00 ] 1.0000e+00
 1.054e+01 5.6709e-07 5.6709e-07 [ 6.0036e-14 3.4101e-09 2.1739e-08 5.4194e-07 ] 0.0000e+00 [ 0.0000e+00 ] 1.0000e+00
 1.065e+01 4.8603e-07 4.8603e-07 [ 3.3471e-14 2.3259e-09 1.6074e-08 4.6763e-07 ] 0.0000e+00 [ 0.0000e+00 ] 1.0000e+00
 1.077e+01 4.1704e-07 4.1704e-07 [ 1.8557e-14 1.5808e-09 1.1856e-08 4.0361e-07 ] 0.0000e+00 [ 0.0000e+00 ] 1.0000e+00
 1.088e+01 3.5822e-07 3.5822e-07 [ 1.0232e-14 1.0707e-09 8.7246e-09 3.4842e-07 ] 0.0000e+00 [ 0.0000e+00 ] 1.0000e+00
 1.099e+01 3.0797e-07 3.0797e-07 [ 5.6117e-15 7.2268e-10 6.4051e-09 3.0085e-07 ] 0.0000e+00 [ 0.0000e+00 ] 1.0000e+00
 1.111e+01 2.6499e-07 2.6499e-07 [ 3.0613e-15 4.8615e-10 4.6915e-09 2.5982e-07 ] 0.0000e+00 [ 0.0000e+00 ] 1.0000e+00
 1.122e+01 2.2818e-07 2.2818e-07 [ 1.6613e-15 3.2595e-10 3.4286e-09 2.2442e-07 ] 0.0000e+00 [ 0.0000e+00 ] 1.0000e+00
 1.133e+01 1.9660e-07 1.9660e-07 [ 8.9692e-16 2.1783e-10 2.5001e-09 1.9388e-07 ] 0.0000e+00 [ 0.0000e+00 ] 1.0000e+00
 1.145e+01 1.6948e-07 1.6948e-07 [ 4.8178e-16 1.4511e-10 1.8191e-09 1.6752e-07 ] 0.0000e+00 [ 0.0000e+00 ] 1.0000e+00
 1.156e+01 1.4618e-07 1.4618e-07 [ 2.5749e-16 9.6363e-11 1.3208e-09 1.4476e-07 ] 0.0000e+00 [ 0.0000e+00 ] 1.0000e+00
 1.167e+01 1.2614e-07 1.2614e-07 [ 1.3694e-16 6.3792e-11 9.5699e-10 1.2512e-07 ] 0.0000e+00 [ 0.0000e+00 ] 1.0000e+00
 1.179e+01 1.0888e-07 1.0888e-07 [ 7.2475e-17 4.2102e-11 6.9195e-10 1.0815e-07 ] 0.0000e+00 [ 0.0000e+00 ] 1.0000e+00
 1.190e+01 9.4017e-08 9.4017e-08 [ 3.8174e-17 2.7702e-11 4.9930e-10 9.3490e-08 ] 0.0000e+00 [ 0.0000e+00 ] 1.0000e+00
 1.201e+01 8.1205e-08 8.1205e-08 [ 2.0012e-17 1.8174e-11 3.5956e-10 8.0827e-08 ] 0.0000e+00 [ 0.0000e+00 ] 1.0000e+00
 1.213e+01 7.0156e-08 7.0156e-08 [ 1.0443e-17 1.1888e-11 2.5842e-10 6.9886e-08 ] 0.0000e+00 [ 0.0000e+00 ] 1.0000e+00
 1.224e+01 6.0623e-08 6.0623e-08 [ 5.4241e-18 7.7534e-12 1.8536e-10 6.0430e-08 ] 0.0000e+00 [ 0.0000e+00 ] 1.0000e+00
 1.235e+01 5.2396e-08 5.2396e-08 [ 2.8048e-18 5.0425e-12 1.3270e-10 5.2258e-08 ] 0.0000e+00 [ 0.0000e+00 ] 1.0000e+00
 1.247e+01 4.5292e-08 4.5292e-08 [ 1.4439e-18 3.2702e-12 9.4823e-11 4.5194e-08 ] 0.0000e+00 [ 0.0000e+00 ] 1.0000e+00
 1.258e+01 3.9157e-08 3.9157e-08 [ 7.4007e-19 2.1149e-12 6.7627e-11 3.9088e-08 ] 0.0000e+00 [ 0.0000e+00 ] 1.0000e+00
 1.269e+01 3.3858e-08 3.3858e-08 [ 3.7770e-19 1.3640e-12 4.8141e-11 3.3808e-08 ] 0.0000e+00 [ 0.0000e+00 ] 1.0000e+00
 1.281e+01 2.9278e-08 2.9278e-08 [ 1.9194e-19 8.7729e-13 3.4205e-11 2.9243e-08 ] 0.0000e+00 [ 0.0000e+00 ] 1.0000e+00
 1.292e+01 2.5321e-08 2.5321e-08 [ 9.7140e-20 5.6274e-13 2.4259e-11 2.5296e-08 ] 0.0000e+00 [ 0.0000e+00 ] 1.0000e+00
 1.303e+01 2.1900e-08 2.1900e-08 [ 4.8959e-20 3.6000e-13 1.7174e-11 2.1882e-08 ] 0.0000e+00 [ 0.0000e+00 ] 1.0000e+00
 1.315e+01 1.8942e-08 1.8942e-08 [ 2.4576e-20 2.2970e-13 1.2136e-11 1.8930e-08 ] 0.0000e+00 [ 0.0000e+00 ] 1.0000e+00
 1.326e+01 1.6385e-08 1.6385e-08 [ 1.2288e-20 1.4618e-13 8.5600e-12 1.6376e-08 ] 0.0000e+00 [ 0.0000e+00 ] 1.0000e+00
 1.337e+01 1.4174e-08 1.4174e-08 [ 6.1195e-21 9.2785e-14 6.0271e-12 1.4168e-08 ] 0.0000e+00 [ 0.0000e+00 ] 1.0000e+00
 1.349e+01 1.2262e-08 1.2262e-08 [ 3.0360e-21 5.8743e-14 4.2361e-12 1.2257e-08 ] 0.0000e+00 [ 0.0000e+00 ] 1.0000e+00
 1.360e+01 1.0608e-08 1.0608e-08 [ 1.5005e-21 3.7096e-14 2.9720e-12 1.0605e-08 ] 0.0000e+00 [ 0.0000e+00 ] 1.0000e+00
 1.371e+01 9.1774e-09 9.1774e-09 [ 7.3881e-22 2.3367e-14 2.0814e-12 9.1753e-09 ] 0.0000e+00 [ 0.0000e+00 ] 1.0000e+00
 1.383e+01 7.9400e-09 7.9400e-09 [ 3.6245e-22 1.4682e-14 1.4552e-12 7.9386e-09 ] 0.0000e+00 [ 0.0000e+00 ] 1.0000e+00
 1.394e+01 6.8697e-09 6.8697e-09 [ 1.7717e-22 9.2022e-15 1.0156e-12 6.8687e-09 ] 0.0000e+00 [ 0.0000e+00 ] 1.0000e+00
 1.405e+01 5.9438e-09 5.9438e-09 [ 8.6292e-23 5.7534e-15 7.0751e-13 5.9431e-09 ] 0.0000e+00 [ 0.0000e+00 ] 1.0000e+00
 1.417e+01 5.1428e-09 5.1428e-09 [ 4.1883e-23 3.5884e-15 4.9205e-13 5.1423e-09 ] 0.0000e+00 [ 0.0000e+00 ] 1.0000e+00
 1.428e+01 4.4498e-09 4.4498e-09 [ 2.0258e-23 2.2326e-15 3.4161e-13 4.4494e-09 ] 0.0000e+00 [ 0.0000e+00 ] 1.0000e+00
 1.439e+01 3.8502e-09 3.8502e-09 [ 9.7654e-24 1.3857e-15 2.3675e-13 3.8500e-09 ] 0.0000e+00 [ 0.0000e+00 ] 1.0000e+00
 1.451e+01 3.3315e-09 3.3315e-09 [ 4.6917e-24 8.5802e-16 1.6380e-13 3.3313e-09 ] 0.0000e+00 [ 0.0000e+00 ] 1.0000e+00
 1.462e+01 2.8826e-09 2.8826e-09 [ 2.2466e-24 5.3001e-16 1.1313e-13 2.8825e-09 ] 0.0000e+00 [ 0.0000e+00 ] 1.0000e+00
 1.473e+01 2.4943e-09 2.4943e-09 [ 1.0723e-24 3.2662e-16 7.8001e-14 2.4942e-09 ] 0.0000e+00 [ 0.0000e+00 ] 1.0000e+00
 1.485e+01 2.1583e-09 2.1583e-09 [ 5.1020e-25 2.0081e-16 5.3687e-14 2.1583e-09 ] 0.0000e+00 [ 0.0000e+00 ] 1.0000e+00
 1.496e+01 1.8676e-09 1.8676e-09 [ 2.4198e-25 1.2317e-16 3.6889e-14 1.8676e-09 ] 0.0000e+00 [ 0.0000e+00 ] 1.0000e+00
 1.507e+01 1.6160e-09 1.6160e-09 [ 1.1442e-25 7.5370e-17 2.5304e-14 1.6160e-09 ] 0.0000e+00 [ 0.0000e+00 ] 1.0000e+00
 1.519e+01 1.3984e-09 1.3984e-09 [ 5.3934e-26 4.6015e-17 1.7328e-14 1.3984e-09 ] 0.0000e+00 [ 0.0000e+00 ] 1.0000e+00
 1.530e+01 1.2100e-09 1.2100e-09 [ 2.5347e-26 2.8028e-17 1.1845e-14 1.2100e-09 ] 0.0000e+00 [ 0.0000e+00 ] 1.0000e+00
 1.541e+01 1.0471e-09 1.0471e-09 [ 1.1877e-26 1.7033e-17 8.0837e-15 1.0471e-09 ] 0.0000e+00 [ 0.0000e+00 ] 1.0000e+00
 1.553e+01 9.0605e-10 9.0605e-10 [ 5.5493e-27 1.0328e-17 5.5073e-15 9.0604e-10 ] 0.0000e+00 [ 0.0000e+00 ] 1.0000e+00
 1.564e+01 7.8403e-10 7.8403e-10 [ 2.5853e-27 6.2478e-18 3.7457e-15 7.8402e-10 ] 0.0000e+00 [ 0.0000e+00 ] 1.0000e+00
 1.575e+01 6.7844e-10 6.7844e-10 [ 1.2010e-27 3.7711e-18 2.5432e-15 6.7844e-10 ] 0.0000e+00 [ 0.0000e+00 ] 1.0000e+00
 1.587e+01 5.8707e-10 5.8707e-10 [ 5.5640e-28 2.2711e-18 1.7239e-15 5.8707e-10 ] 0.0000e+00 [ 0.0000e+00 ] 1.0000e+00
 1.598e+01 5.0801e-10 5.0801e-10 [ 2.5706e-28 1.3647e-18 1.1665e-15 5.0801e-10 ] 0.0000e+00 [ 0.0000e+00 ] 1.0000e+00
 1.609e+01 4.3960e-10 4.3960e-10 [ 1.1844e-28 8.1819e-19 7.8805e-16 4.3960e-10 ] 0.0000e+00 [ 0.0000e+00 ] 1.0000e+00
 1.621e+01 3.8040e-10 3.8040e-10 [ 5.4426e-29 4.8946e-19 5.3147e-16 3.8040e-10 ] 0.0000e+00 [ 0.0000e+00 ] 1.0000e+00
 1.632e+01 3.2917e-10 3.2917e-10 [ 2.4944e-29 2.9216e-19 3.5783e-16 3.2917e-10 ] 0.0000e+00 [ 0.0000e+00 ] 1.0000e+00
 1.643e+01 2.8484e-10 2.8484e-10 [ 1.1403e-29 1.7401e-19 2.4051e-16 2.8484e-10 ] 0.0000e+00 [ 0.0000e+00 ] 1.0000e+00
 1.655e+01 2.4648e-10 2.4648e-10 [ 5.1992e-30 1.0341e-19 1.6139e-16 2.4648e-10 ] 0.0000e+00 [ 0.0000e+00 ] 1.0000e+00
 1.666e+01 2.1329e-10 2.1329e-10 [ 2.3647e-30 6.1321e-20 1.0811e-16 2.1329e-10 ] 0.0000e+00 [ 0.0000e+00 ] 1.0000e+00
 1.677e+01 1.8457e-10 1.8457e-10 [ 1.0728e-30 3.6284e-20 7.2303e-17 1.8457e-10 ] 0.0000e+00 [ 0.0000e+00 ] 1.0000e+00
 1.689e+01 1.5971e-10 1.5971e-10 [ 4.8554e-31 2.1423e-20 4.8274e-17 1.5971e-10 ] 0.0000e+00 [ 0.0000e+00 ] 1.0000e+00
 1.700e+01 1.3821e-10 1.3821e-10 [ 2.1921e-31 1.2621e-20 3.2176e-17 1.3821e-10 ] 0.0000e+00 [ 0.0000e+00 ] 1.0000e+00
 1.711e+01 1.1960e-10 1.1960e-10 [ 9.8734e-32 7.4199e-21 2.1411e-17 1.1960e-10 ] 0.0000e+00 [ 0.0000e+00 ] 1.0000e+00
 1.723e+01 1.0349e-10 1.0349e-10 [ 4.4365e-32 4.3527e-21 1.4224e-17 1.0349e-10 ] 0.0000e+00 [ 0.0000e+00 ] 1.0000e+00
 1.734e+01 8.9554e-11 8.9554e-11 [ 1.9889e-32 2.5480e-21 9.4339e-18 8.9554e-11 ] 0.0000e+00 [ 0.0000e+00 ] 1.0000e+00
 1.745e+01 7.7494e-11 7.7494e-11 [ 8.8959e-33 1.4884e-21 6.2464e-18 7.7494e-11 ] 0.0000e+00 [ 0.0000e+00 ] 1.0000e+00
 1.757e+01 6.7059e-11 6.7059e-11 [ 3.9699e-33 8.6760e-22 4.1291e-18 6.7059e-11 ] 0.0000e+00 [ 0.0000e+00 ] 1.0000e+00
 1.768e+01 5.8029e-11 5.8029e-11 [ 1.7677e-33 5.0466e-22 2.7249e-18 5.8029e-11 ] 0.0000e+00 [ 0.0000e+00 ] 1.0000e+00
 1.779e+01 5.0215e-11 5.0215e-11 [ 7.8536e-34 2.9294e-22 1.7953e-18 5.0215e-11 ] 0.0000e+00 [ 0.0000e+00 ] 1.0000e+00
 1.791e+01 4.3453e-11 4.3453e-11 [ 3.4816e-34 1.6968e-22 1.1809e-18 4.3453e-11 ] 0.0000e+00 [ 0.0000e+00 ] 1.0000e+00
 1.802e+01 3.7601e-11 3.7601e-11 [ 1.5402e-34 9.8084e-23 7.7548e-19 3.7601e-11 ] 0.0000e+00 [ 0.0000e+00 ] 1.0000e+00
 1.813e+01 3.2538e-11 3.2538e-11 [ 6.7987e-35 5.6579e-23 5.0841e-19 3.2538e-11 ] 0.0000e+00 [ 0.0000e+00 ] 1.0000e+00
 1.825e+01 2.8156e-11 2.8156e-11 [ 2.9948e-35 3.2570e-23 3.3277e-19 2.8156e-11 ] 0.0000e+00 [ 0.0000e+00 ] 1.0000e+00
 1.836e+01 2.4365e-11 2.4365e-11 [ 1.3165e-35 1.8710e-23 2.1745e-19 2.4365e-11 ] 0.0000e+00 [ 0.0000e+00 ] 1.0000e+00
 1.847e+01 2.1084e-11 2.1084e-11 [ 5.7753e-36 1.0726e-23 1.4186e-19 2.1084e-11 ] 0.0000e+00 [ 0.0000e+00 ] 1.0000e+00
 1.859e+01 1.8245e-11 1.8245e-11 [ 2.5284e-36 6.1368e-24 9.2401e-20 1.8245e-11 ] 0.0000e+00 [ 0.0000e+00 ] 1.0000e+00
 1.870e+01 1.5788e-11 1.5788e-11 [ 1.1047e-36 3.5038e-24 6.0085e-20 1.5788e-11 ] 0.0000e+00 [ 0.0000e+00 ] 1.0000e+00
 1.881e+01 1.3662e-11 1.3662e-11 [ 4.8173e-37 1.9965e-24 3.9008e-20 1.3662e-11 ] 0.0000e+00 [ 0.0000e+00 ] 1.0000e+00
 1.893e+01 1.1822e-11 1.1822e-11 [ 2.0965e-37 1.1353e-24 2.5284e-20 1.1822e-11 ] 0.0000e+00 [ 0.0000e+00 ] 1.0000e+00
 1.904e+01 1.0230e-11 1.0230e-11 [ 9.1066e-38 6.4426e-25 1.6361e-20 1.0230e-11 ] 0.0000e+00 [ 0.0000e+00 ] 1.0000e+00
 1.915e+01 8.8526e-12 8.8526e-12 [ 3.9481e-38 3.6488e-25 1.0571e-20 8.8526e-12 ] 0.0000e+00 [ 0.0000e+00 ] 1.0000e+00
 1.927e+01 7.6605e-12 7.6605e-12 [ 1.7084e-38 2.0624e-25 6.8183e-21 7.6605e-12 ] 0.0000e+00 [ 0.0000e+00 ] 1.0000e+00
 1.938e+01 6.6289e-12 6.6289e-12 [ 7.3788e-39 1.1634e-25 4.3909e-21 6.6289e-12 ] 0.0000e+00 [ 0.0000e+00 ] 1.0000e+00
 1.949e+01 5.7363e-12 5.7363e-12 [ 3.1811e-39 6.5498e-26 2.8232e-21 5.7363e-12 ] 0.0000e+00 [ 0.0000e+00 ] 1.0000e+00
 1.961e+01 4.9638e-12 4.9638e-12 [ 1.3689e-39 3.6801e-26 1.8123e-21 4.9638e-12 ] 0.0000e+00 [ 0.0000e+00 ] 1.0000e+00
 1.972e+01 4.2954e-12 4.2954e-12 [ 5.8802e-40 2.0636e-26 1.1615e-21 4.2954e-12 ] 0.0000e+00 [ 0.0000e+00 ] 1.0000e+00
 1.983e+01 3.7170e-12 3.7170e-12 [ 2.5213e-40 1.1549e-26 7.4319e-22 3.7170e-12 ] 0.0000e+00 [ 0.0000e+00 ] 1.0000e+00
 1.995e+01 3.2165e-12 3.2165e-12 [ 1.0792e-40 6.4510e-27 4.7479e-22 3.2165e-12 ] 0.0000e+00 [ 0.0000e+00 ] 1.0000e+00
 2.006e+01 2.7833e-12 2.7833e-12 [ 4.6111e-41 3.5963e-27 3.0284e-22 2.7833e-12 ] 0.0000e+00 [ 0.0000e+00 ] 1.0000e+00
 2.017e+01 2.4085e-12 2.4085e-12 [ 1.9668e-41 2.0009e-27 1.9286e-22 2.4085e-12 ] 0.0000e+00 [ 0.0000e+00 ] 1.0000e+00
 2.029e+01 2.0842e-12 2.0842e-12 [ 8.3748e-42 1.1112e-27 1.2262e-22 2.0842e-12 ] 0.0000e+00 [ 0.0000e+00 ] 1.0000e+00
 2.040e+01 1.8035e-12 1.8035e-12 [ 3.5600e-42 6.1585e-28 7.7842e-23 1.8035e-12 ] 0.0000e+00 [ 0.0000e+00 ] 1.0000e+00
 2.051e+01 1.5607e-12 1.5607e-12 [ 1.5108e-42 3.4068e-28 4.9338e-23 1.5607e-12 ] 0.0000e+00 [ 0.0000e+00 ] 1.0000e+00
 2.063e+01 1.3505e-12 1.3505e-12 [ 6.4007e-43 1.8810e-28 3.1222e-23 1.3505e-12 ] 0.0000e+00 [ 0.0000e+00 ] 1.0000e+00
 2.074e+01 1.1687e-12 1.1687e-12 [ 2.7073e-43 1.0365e-28 1.9727e-23 1.1687e-12 ] 0.0000e+00 [ 0.0000e+00 ] 1.0000e+00
 2.085e+01 1.0113e-12 1.0113e-12 [ 1.1433e-43 5.7012e-29 1.2444e-23 1.0113e-12 ] 0.0000e+00 [ 0.0000e+00 ] 1.0000e+00
 2.097e+01 8.7511e-13 8.7511e-13 [ 4.8201e-44 3.1298e-29 7.8379e-24 8.7511e-13 ] 0.0000e+00 [ 0.0000e+00 ] 1.0000e+00
 2.108e+01 7.5727e-13 7.5727e-13 [ 2.0289e-44 1.7150e-29 4.9290e-24 7.5727e-13 ] 0.0000e+00 [ 0.0000e+00 ] 1.0000e+00
 2.119e+01 6.5530e-13 6.5530e-13 [ 8.5270e-45 9.3796e-30 3.0949e-24 6.5530e-13 ] 0.0000e+00 [ 0.0000e+00 ] 1.0000e+00
 2.131e+01 5.6705e-13 5.6705e-13 [ 3.5780e-45 5.1203e-30 1.9402e-24 5.6705e-13 ] 0.0000e+00 [ 0.0000e+00 ] 1.0000e+00
 2.142e+01 4.9070e-13 4.9070e-13 [ 1.4991e-45 2.7899e-30 1.2145e-24 4.9070e-13 ] 0.0000e+00 [ 0.0000e+00 ] 1.0000e+00
 2.153e+01 4.2462e-13 4.2462e-13 [ 6.2710e-46 1.5174e-30 7.5900e-25 4.2462e-13 ] 0.0000e+00 [ 0.0000e+00 ] 1.0000e+00
 2.165e+01 3.6744e-13 3.6744e-13 [ 2.6194e-46 8.2372e-31 4.7363e-25 3.6744e-13 ] 0.0000e+00 [ 0.0000e+00 ] 1.0000e+00
 2.176e+01 3.1796e-13 3.1796e-13 [ 1.0924e-46 4.4634e-31 2.9509e-25 3.1796e-13 ] 0.0000e+00 [ 0.0000e+00 ] 1.0000e+00
 2.187e+01 2.7514e-13 2.7514e-13 [ 4.5494e-47 2.4141e-31 1.8358e-25 2.7514e-13 ] 0.0000e+00 [ 0.0000e+00 ] 1.0000e+00
 2.199e+01 2.3809e-13 2.3809e-13 [ 1.8918e-47 1.3033e-31 1.1403e-25 2.3809e-13 ] 0.0000e+00 [ 0.0000e+00 ] 1.0000e+00
 2.210e+01 2.0603e-13 2.0603e-13 [ 7.8552e-48 7.0237e-32 7.0719e-26 2.0603e-13 ] 0.0000e+00 [ 0.0000e+00 ] 1.0000e+00
 2.221e+01 1.7829e-13 1.7829e-13 [ 3.2570e-48 3.7782e-32 4.3793e-26 1.7829e-13 ] 0.0000e+00 [ 0.0000e+00 ] 1.0000e+00
 2.233e+01 1.5428e-13 1.5428e-13 [ 1.3485e-48 2.0287e-32 2.7078e-26 1.5428e-13 ] 0.0000e+00 [ 0.0000e+00 ] 1.0000e+00
 2.244e+01 1.3351e-13 1.3351e-13 [ 5.5753e-49 1.0874e-32 1.6717e-26 1.3351e-13 ] 0.0000e+00 [ 0.0000e+00 ] 1.0000e+00
 2.255e+01 1.1553e-13 1.1553e-13 [ 2.3019e-49 5.8176e-33 1.0305e-26 1.1553e-13 ] 0.0000e+00 [ 0.0000e+00 ] 1.0000e+00
 2.267e+01 9.9971e-14 9.9971e-14 [ 9.4905e-50 3.1070e-33 6.3429e-27 9.9971e-14 ] 0.0000e+00 [ 0.0000e+00 ] 1.0000e+00
 2.278e+01 8.6509e-14 8.6509e-14 [ 3.9075e-50 1.6564e-33 3.8983e-27 8.6509e-14 ] 0.0000e+00 [ 0.0000e+00 ] 1.0000e+00
 2.289e+01 7.4860e-14 7.4860e-14 [ 1.6066e-50 8.8152e-34 2.3923e-27 7.4860e-14 ] 0.0000e+00 [ 0.0000e+00 ] 1.0000e+00
 2.301e+01 6.4779e-14 6.4779e-14 [ 6.5970e-51 4.6830e-34 1.4659e-27 6.4779e-14 ] 0.0000e+00 [ 0.0000e+00 ] 1.0000e+00
 2.312e+01 5.6056e-14 5.6056e-14 [ 2.7052e-51 2.4835e-34 8.9690e-28 5.6056e-14 ] 0.0000e+00 [ 0.0000e+00 ] 1.0000e+00
 2.323e+01 4.8508e-14 4.8508e-14 [ 1.1078e-51 1.3147e-34 5.4795e-28 4.8508e-14 ] 0.0000e+00 [ 0.0000e+00 ] 1.0000e+00
 2.335e+01 4.1976e-14 4.1976e-14 [ 4.5307e-52 6.9478e-35 3.3428e-28 4.1976e-14 ] 0.0000e+00 [ 0.0000e+00 ] 1.0000e+00
 2.346e+01 3.6324e-14 3.6324e-14 [ 1.8506e-52 3.6653e-35 2.0362e-28 3.6324e-14 ] 0.0000e+00 [ 0.0000e+00 ] 1.0000e+00
 2.357e+01 3.1432e-14 3.1432e-14 [ 7.5489e-53 1.9303e-35 1.2386e-28 3.1432e-14 ] 0.0000e+00 [ 0.0000e+00 ] 1.0000e+00
 2.369e+01 2.7200e-14 2.7200e-14 [ 3.0754e-53 1.0148e-35 7.5227e-29 2.7200e-14 ] 0.0000e+00 [ 0.0000e+00 ] 1.0000e+00
 2.380e+01 2.3537e-14 2.3537e-14 [ 1.2513e-53 5.3264e-36 4.5625e-29 2.3537e-14 ] 0.0000e+00 [ 0.0000e+00 ] 1.0000e+00
 2.391e+01 2.0368e-14 2.0368e-14 [ 5.0851e-54 2.7907e-36 2.7632e-29 2.0368e-14 ] 0.0000e+00 [ 0.0000e+00 ] 1.0000e+00
 2.403e+01 1.7625e-14 1.7625e-14 [ 2.0639e-54 1.4597e-36 1.6711e-29 1.7625e-14 ] 0.0000e+00 [ 0.0000e+00 ] 1.0000e+00
 2.414e+01 1.5252e-14 1.5252e-14 [ 8.3664e-55 7.6225e-37 1.0092e-29 1.5252e-14 ] 0.0000e+00 [ 0.0000e+00 ] 1.0000e+00
 2.425e+01 1.3198e-14 1.3198e-14 [ 3.3873e-55 3.9737e-37 6.0862e-30 1.3198e-14 ] 0.0000e+00 [ 0.0000e+00 ] 1.0000e+00
 2.437e+01 1.1421e-14 1.1421e-14 [ 1.3698e-55 2.0681e-37 3.6653e-30 1.1421e-14 ] 0.0000e+00 [ 0.0000e+00 ] 1.0000e+00
 2.448e+01 9.8829e-15 9.8829e-15 [ 5.5326e-56 1.0745e-37 2.2043e-30 9.8829e-15 ] 0.0000e+00 [ 0.0000e+00 ] 1.0000e+00
 2.459e+01 8.5521e-15 8.5521e-15 [ 2.2320e-56 5.5739e-38 1.3239e-30 8.5521e-15 ] 0.0000e+00 [ 0.0000e+00 ] 1.0000e+00
 2.471e+01 7.4006e-15 7.4006e-15 [ 8.9936e-57 2.8866e-38 7.9406e-31 7.4006e-15 ] 0.0000e+00 [ 0.0000e+00 ] 1.0000e+00
 2.482e+01 6.4040e-15 6.4040e-15 [ 3.6197e-57 1.4924e-38 4.7564e-31 6.4040e-15 ] 0.0000e+00 [ 0.0000e+00 ] 1.0000e+00
 2.493e+01 5.5417e-15 5.5417e-15 [ 1.4552e-57 7.7039e-39 2.8454e-31 5.5417e-15 ] 0.0000e+00 [ 0.0000e+00 ] 1.0000e+00
 2.505e+01 4.7955e-15 4.7955e-15 [ 5.8433e-58 3.9703e-39 1.7001e-31 4.7955e-15 ] 0.0000e+00 [ 0.0000e+00 ] 1.0000e+00
 2.516e+01 4.1498e-15 4.1498e-15 [ 2.3437e-58 2.0429e-39 1.0145e-31 4.1498e-15 ] 0.0000e+00 [ 0.0000e+00 ] 1.0000e+00
 2.527e+01 3.5910e-15 3.5910e-15 [ 9.3899e-59 1.0495e-39 6.0466e-32 3.5910e-15 ] 0.0000e+00 [ 0.0000e+00 ] 1.0000e+00
 2.539e+01 3.1075e-15 3.1075e-15 [ 3.7578e-59 5.3830e-40 3.5998e-32 3.1075e-15 ] 0.0000e+00 [ 0.0000e+00 ] 1.0000e+00
 2.550e+01 2.6890e-15 2.6890e-15 [ 1.5022e-59 2.7567e-40 2.1407e-32 2.6890e-15 ] 0.0000e+00 [ 0.0000e+00 ] 1.0000e+00
 2.561e+01 2.3270e-15 2.3270e-15 [ 5.9987e-60 1.4096e-40 1.2717e-32 2.3270e-15 ] 0.0000e+00 [ 0.0000e+00 ] 1.0000e+00
 2.573e+01 2.0136e-15 2.0136e-15 [ 2.3928e-60 7.1966e-41 7.5467e-33 2.0136e-15 ] 0.0000e+00 [ 0.0000e+00 ] 1.0000e+00
 2.584e+01 1.7425e-15 1.7425e-15 [ 9.5344e-61 3.6686e-41 4.4743e-33 1.7425e-15 ] 0.0000e+00 [ 0.0000e+00 ] 1.0000e+00
 2.595e+01 1.5079e-15 1.5079e-15 [ 3.7951e-61 1.8674e-41 2.6505e-33 1.5079e-15 ] 0.0000e+00 [ 0.0000e+00 ] 1.0000e+00
 2.607e+01 1.3049e-15 1.3049e-15 [ 1.5090e-61 9.4911e-42 1.5689e-33 1.3049e-15 ] 0.0000e+00 [ 0.0000e+00 ] 1.0000e+00
 2.618e+01 1.1292e-15 1.1292e-15 [ 5.9938e-62 4.8169e-42 9.2802e-34 1.1292e-15 ] 0.0000e+00 [ 0.0000e+00 ] 1.0000e+00
 2.629e+01 9.7712e-16 9.7712e-16 [ 2.3783e-62 2.4411e-42 5.4862e-34 9.7712e-16 ] 0.0000e+00 [ 0.0000e+00 ] 1.0000e+00
 2.641e+01 8.4556e-16 8.4556e-16 [ 9.4276e-63 1.2354e-42 3.2418e-34 8.4556e-16 ] 0.0000e+00 [ 0.0000e+00 ] 1.0000e+00
 2.652e+01 7.3171e-16 7.3171e-16 [ 3.7333e-63 6.2435e-43 1.9149e-34 7.3171e-16 ] 0.0000e+00 [ 0.0000e+00 ] 1.0000e+00
 2.663e+01 6.3320e-16 6.3320e-16 [ 1.4769e-63 3.1511e-43 1.1310e-34 6.3320e-16 ] 0.0000e+00 [ 0.0000e+00 ] 1.0000e+00
 2.675e+01 5.4794e-16 5.4794e-16 [ 5.8369e-64 1.5882e-43 6.6794e-35 5.4794e-16 ] 0.0000e+00 [ 0.0000e+00 ] 1.0000e+00
 2.686e+01 4.7417e-16 4.7417e-16 [ 2.3046e-64 7.9951e-44 3.9454e-35 4.7417e-16 ] 0.0000e+00 [ 0.0000e+00 ] 1.0000e+00
 2.697e+01 4.1033e-16 4.1033e-16 [ 9.0905e-65 4.0197e-44 2.3314e-35 4.1033e-16 ] 0.0000e+00 [ 0.0000e+00 ] 1.0000e+00
 2.709e+01 3.5509e-16 3.5509e-16 [ 3.5824e-65 2.0186e-44 1.3784e-35 3.5509e-16 ] 0.0000e+00 [ 0.0000e+00 ] 1.0000e+00
 2.720e+01 3.0728e-16 3.0728e-16 [ 1.4104e-65 1.0125e-44 8.1563e-36 3.0728e-16 ] 0.0000e+00 [ 0.0000e+00 ] 1.0000e+00
 2.731e+01 2.6591e-16 2.6591e-16 [ 5.5481e-66 5.0736e-45 4.8313e-36 2.6591e-16 ] 0.0000e+00 [ 0.0000e+00 ] 1.0000e+00
 2.743e+01 2.3011e-16 2.3011e-16 [ 2.1804e-66 2.5397e-45 2.8656e-36 2.3011e-16 ] 0.0000e+00 [ 0.0000e+00 ] 1.0000e+00
 2.754e+01 1.9913e-16 1.9913e-16 [ 8.5616e-67 1.2701e-45 1.7023e-36 1.9913e-16 ] 0.0000e+00 [ 0.0000e+00 ] 1.0000e+00
 2.765e+01 1.7233e-16 1.7233e-16 [ 3.3589e-67 6.3468e-46 1.0132e-36 1.7233e-16 ] 0.0000e+00 [ 0.0000e+00 ] 1.0000e+00
 2.777e+01 1.4913e-16 1.4913e-16 [ 1.3167e-67 3.1691e-46 6.0429e-37 1.4913e-16 ] 0.0000e+00 [ 0.0000e+00 ] 1.0000e+00
 2.788e+01 1.2905e-16 1.2905e-16 [ 5.1570e-68 1.5814e-46 3.6130e-37 1.2905e-16 ] 0.0000e+00 [ 0.0000e+00 ] 1.0000e+00
 2.799e+01 1.1168e-16 1.1168e-16 [ 2.0183e-68 7.8870e-47 2.1659e-37 1.1168e-16 ] 0.0000e+00 [ 0.0000e+00 ] 1.0000e+00
 2.811e+01 9.6648e-17 9.6648e-17 [ 7.8927e-69 3.9321e-47 1.3022e-37 9.6648e-17 ] 0.0000e+00 [ 0.0000e+00 ] 1.0000e+00
 2.822e+01 8.3638e-17 8.3638e-17 [ 3.0843e-69 1.9599e-47 7.8543e-38 8.3638e-17 ] 0.0000e+00 [ 0.0000e+00 ] 1.0000e+00
 2.833e+01 7.2381e-17 7.2381e-17 [ 1.2044e-69 9.7679e-48 4.7531e-38 7.2381e-17 ] 0.0000e+00 [ 0.0000e+00 ] 1.0000e+00
 2.845e+01 6.2639e-17 6.2639e-17 [ 4.7002e-70 4.8687e-48 2.8864e-38 6.2639e-17 ] 0.0000e+00 [ 0.0000e+00 ] 1.0000e+00
 2.856e+01 5.4208e-17 5.4208e-17 [ 1.8331e-70 2.4275e-48 1.7591e-38 5.4208e-17 ] 0.0000e+00 [ 0.0000e+00 ] 1.0000e+00
 2.867e+01 4.6912e-17 4.6912e-17 [ 7.1448e-71 1.2109e-48 1.0760e-38 4.6912e-17 ] 0.0000e+00 [ 0.0000e+00 ] 1.0000e+00
 2.879e+01 4.0599e-17 4.0599e-17 [ 2.7834e-71 6.0448e-49 6.6062e-39 4.0599e-17 ] 0.0000e+00 [ 0.0000e+00 ] 1.0000e+00
 2.890e+01 3.5135e-17 3.5135e-17 [ 1.0838e-71 3.0204e-49 4.0704e-39 3.5135e-17 ] 0.0000e+00 [ 0.0000e+00 ] 1.0000e+00
 2.901e+01 3.0407e-17 3.0407e-17 [ 4.2185e-72 1.5111e-49 2.5169e-39 3.0407e-17 ] 0.0000e+00 [ 0.0000e+00 ] 1.0000e+00
 2.913e+01 2.6316e-17 2.6316e-17 [ 1.6414e-72 7.5706e-50 1.5615e-39 2.6316e-17 ] 0.0000e+00 [ 0.0000e+00 ] 1.0000e+00
 2.924e+01 2.2775e-17 2.2775e-17 [ 6.3848e-73 3.7995e-50 9.7191e-40 2.2775e-17 ] 0.0000e+00 [ 0.0000e+00 ] 1.0000e+00
 2.935e+01 1.9710e-17 1.9710e-17 [ 2.4832e-73 1.9107e-50 6.0674e-40 1.9710e-17 ] 0.0000e+00 [ 0.0000e+00 ] 1.0000e+00
 2.947e+01 1.7059e-17 1.7059e-17 [ 9.6570e-74 9.6303e-51 3.7981e-40 1.7059e-17 ] 0.0000e+00 [ 0.0000e+00 ] 1.0000e+00
 2.958e+01 1.4764e-17 1.4764e-17 [ 3.7557e-74 4.8660e-51 2.3835e-40 1.4764e-17 ] 0.0000e+00 [ 0.0000e+00 ] 1.0000e+00
 2.969e+01 1.2778e-17 1.2778e-17 [ 1.4608e-74 2.4655e-51 1.4990e-40 1.2778e-17 ] 0.0000e+00 [ 0.0000e+00 ] 1.0000e+00
 2.981e+01 1.1059e-17 1.1059e-17 [ 5.6837e-75 1.2529e-51 9.4459e-41 1.1059e-17 ] 0.0000e+00 [ 0.0000e+00 ] 1.0000e+00
 2.992e+01 9.5716e-18 9.5716e-18 [ 2.2123e-75 6.3871e-52 5.9620e-41 9.5716e-18 ] 0.0000e+00 [ 0.0000e+00 ] 1.0000e+00
 3.003e+01 8.2843e-18 8.2843e-18 [ 8.6165e-76 3.2667e-52 3.7683e-41 8.2843e-18 ] 0.0000e+00 [ 0.0000e+00 ] 1.0000e+00
 3.015e+01 7.1703e-18 7.1703e-18 [ 3.3584e-76 1.6765e-52 2.3843e-41 7.1703e-18 ] 0.0000e+00 [ 0.0000e+00 ] 1.0000e+00
 3.026e+01 6.2061e-18 6.2061e-18 [ 1.3103e-76 8.6336e-53 1.5100e-41 6.2061e-18 ] 0.0000e+00 [ 0.0000e+00 ] 1.0000e+00
 3.037e+01 5.3717e-18 5.3717e-18 [ 5.1177e-77 4.4616e-53 9.5683e-42 5.3717e-18 ] 0.0000e+00 [ 0.0000e+00 ] 1.0000e+00
 3.049e+01 4.6496e-18 4.6496e-18 [ 2.0017e-77 2.3136e-53 6.0656e-42 4.6496e-18 ] 0.0000e+00 [ 0.0000e+00 ] 1.0000e+00
 3.060e+01 4.0246e-18 4.0246e-18 [ 7.8415e-78 1.2037e-53 3.8459e-42 4.0246e-18 ] 0.0000e+00 [ 0.0000e+00 ] 1.0000e+00
 3.071e+01 3.4837e-18 3.4837e-18 [ 3.0775e-78 6.2834e-54 2.4385e-42 3.4837e-18 ] 0.0000e+00 [ 0.0000e+00 ] 1.0000e+00
 3.083e+01 3.0155e-18 3.0155e-18 [ 1.2103e-78 3.2899e-54 1.5459e-42 3.0155e-18 ] 0.0000e+00 [ 0.0000e+00 ] 1.0000e+00
 3.094e+01 2.6104e-18 2.6104e-18 [ 4.7709e-79 1.7275e-54 9.7970e-43 2.6104e-18 ] 0.0000e+00 [ 0.0000e+00 ] 1.0000e+00
 3.105e+01 2.2597e-18 2.2597e-18 [ 1.8855e-79 9.0954e-55 6.2060e-43 2.2597e-18 ] 0.0000e+00 [ 0.0000e+00 ] 1.0000e+00
 3.117e+01 1.9561e-18 1.9561e-18 [ 7.4722e-80 4.8003e-55 3.9290e-43 1.9561e-18 ] 0.0000e+00 [ 0.0000e+00 ] 1.0000e+00
 3.128e+01 1.6934e-18 1.6934e-18 [ 2.9702e-80 2.5389e-55 2.4857e-43 1.6934e-18 ] 0.0000e+00 [ 0.0000e+00 ] 1.0000e+00
 3.139e+01 1.4660e-18 1.4660e-18 [ 1.1845e-80 1.3454e-55 1.5713e-43 1.4660e-18 ] 0.0000e+00 [ 0.0000e+00 ] 1.0000e+00
 3.151e+01 1.2692e-18 1.2692e-18 [ 4.7398e-81 7.1408e-56 9.9243e-44 1.2692e-18 ] 0.0000e+00 [ 0.0000e+00 ] 1.0000e+00
 3.162e+01 1.0989e-18 1.0989e-18 [ 1.9034e-81 3.7953e-56 6.2621e-44 1.0989e-18 ] 0.0000e+00 [ 0.0000e+00 ] 1.0000e+00
 3.173e+01 9.5140e-19 9.5140e-19 [ 7.6719e-82 2.0194e-56 3.9473e-44 9.5140e-19 ] 0.0000e+00 [ 0.0000e+00 ] 1.0000e+00
 3.185e+01 8.2375e-19 8.2375e-19 [ 3.1039e-82 1.0755e-56 2.4854e-44 8.2375e-19 ] 0.0000e+00 [ 0.0000e+00 ] 1.0000e+00
 3.196e+01 7.1326e-19 7.1326e-19 [ 1.2605e-82 5.7310e-57 1.5631e-44 7.1326e-19 ] 0.0000e+00 [ 0.0000e+00 ] 1.0000e+00
 3.207e+01 6.1761e-19 6.1761e-19 [ 5.1387e-83 3.0553e-57 9.8193e-45 6.1761e-19 ] 0.0000e+00 [ 0.0000e+00 ] 1.0000e+00
 3.219e+01 5.3481e-19 5.3481e-19 [ 2.1027e-83 1.6292e-57 6.1607e-45 5.3481e-19 ] 0.0000e+00 [ 0.0000e+00 ] 1.0000e+00
 3.230e+01 4.6314e-19 4.6314e-19 [ 8.6355e-84 8.6877e-58 3.8603e-45 4.6314e-19 ] 0.0000e+00 [ 0.0000e+00 ] 1.0000e+00
 3.241e+01 4.0108e-19 4.0108e-19 [ 3.5589e-84 4.6322e-58 2.4157e-45 4.0108e-19 ] 0.0000e+00 [ 0.0000e+00 ] 1.0000e+00
 3.253e+01 3.4736e-19 3.4736e-19 [ 1.4717e-84 2.4691e-58 1.5096e-45 3.4736e-19 ] 0.0000e+00 [ 0.0000e+00 ] 1.0000e+00
 3.264e+01 3.0085e-19 3.0085e-19 [ 6.1047e-85 1.3156e-58 9.4213e-46 3.0085e-19 ] 0.0000e+00 [ 0.0000e+00 ] 1.0000e+00
 3.275e+01 2.6058e-19 2.6058e-19 [ 2.5398e-85 7.0057e-59 5.8714e-46 2.6058e-19 ] 0.0000e+00 [ 0.0000e+00 ] 1.0000e+00
 3.287e+01 2.2571e-19 2.2571e-19 [ 1.0595e-85 3.7282e-59 3.6539e-46 2.2571e-19 ] 0.0000e+00 [ 0.0000e+00 ] 1.0000e+00
 3.298e+01 1.9553e-19 1.9553e-19 [ 4.4308e-86 1.9825e-59 2.2706e-46 1.9553e-19 ] 0.0000e+00 [ 0.0000e+00 ] 1.0000e+00
 3.309e+01 1.6938e-19 1.6938e-19 [ 1.8570e-86 1.0533e-59 1.4089e-46 1.6938e-19 ] 0.0000e+00 [ 0.0000e+00 ] 1.0000e+00
 3.321e+01 1.4675e-19 1.4675e-19 [ 7.7981e-87 5.5912e-60 8.7298e-47 1.4675e-19 ] 0.0000e+00 [ 0.0000e+00 ] 1.0000e+00
 3.332e+01 1.2715e-19 1.2715e-19 [ 3.2802e-87 2.9648e-60 5.4008e-47 1.2715e-19 ] 0.0000e+00 [ 0.0000e+00 ] 1.0000e+00
 3.343e+01 1.1017e-19 1.1017e-19 [ 1.3818e-87 1.5705e-60 3.3362e-47 1.1017e-19 ] 0.0000e+00 [ 0.0000e+00 ] 1.0000e+00
 3.355e+01 9.5468e-20 9.5468e-20 [ 5.8282e-88 8.3095e-61 2.0577e-47 9.5468e-20 ] 0.0000e+00 [ 0.0000e+00 ] 1.0000e+00
 3.366e+01 8.2734e-20 8.2734e-20 [ 2.4607e-88 4.3914e-61 1.2672e-47 8.2734e-20 ] 0.0000e+00 [ 0.0000e+00 ] 1.0000e+00
 3.377e+01 7.1705e-20 7.1705e-20 [ 1.0397e-88 2.3178e-61 7.7916e-48 7.1705e-20 ] 0.0000e+00 [ 0.0000e+00 ] 1.0000e+00
 3.389e+01 6.2152e-20 6.2152e-20 [ 4.3958e-89 1.2218e-61 4.7832e-48 6.2152e-20 ] 0.0000e+00 [ 0.0000e+00 ] 1.0000e+00
 3.400e+01 5.3876e-20 5.3876e-20 [ 1.8593e-89 6.4324e-62 2.9317e-48 5.3876e-20 ] 0.0000e+00 [ 0.0000e+00 ] 1.0000e+00
 3.411e+01 4.6706e-20 4.6706e-20 [ 7.8661e-90 3.3817e-62 1.7940e-48 4.6706e-20 ] 0.0000e+00 [ 0.0000e+00 ] 1.0000e+00
 3.423e+01 4.0494e-20 4.0494e-20 [ 3.3282e-90 1.7754e-62 1.0960e-48 4.0494e-20 ] 0.0000e+00 [ 0.0000e+00 ] 1.0000e+00
 3.434e+01 3.5112e-20 3.5112e-20 [ 1.4082e-90 9.3076e-63 6.6849e-49 3.5112e-20 ] 0.0000e+00 [ 0.0000e+00 ] 1.0000e+00
 3.445e+01 3.0448e-20 3.0448e-20 [ 5.9567e-91 4.8724e-63 4.0705e-49 3.0448e-20 ] 0.0000e+00 [ 0.0000e+00 ] 1.0000e+00
 3.457e+01 2.6407e-20 2.6407e-20 [ 2.5190e-91 2.5469e-63 2.4745e-49 2.6407e-20 ] 0.0000e+00 [ 0.0000e+00 ] 1.0000e+00
 3.468e+01 2.2904e-20 2.2904e-20 [ 1.0649e-91 1.3293e-63 1.5017e-49 2.2904e-20 ] 0.0000e+00 [ 0.0000e+00 ] 1.0000e+00
 3.479e+01 1.9868e-20 1.9868e-20 [ 4.4991e-92 6.9270e-64 9.0975e-50 1.9868e-20 ] 0.0000e+00 [ 0.0000e+00 ] 1.0000e+00
 3.491e+01 1.7237e-20 1.7237e-20 [ 1.8997e-92 3.6041e-64 5.5019e-50 1.7237e-20 ] 0.0000e+00 [ 0.0000e+00 ] 1.0000e+00
 3.502e+01 1.4955e-20 1.4955e-20 [ 8.0162e-93 1.8722e-64 3.3216e-50 1.4955e-20 ] 0.0000e+00 [ 0.0000e+00 ] 1.0000e+00
 3.513e+01 1.2977e-20 1.2977e-20 [ 3.3799e-93 9.7096e-65 2.0017e-50 1.2977e-20 ] 0.0000e+00 [ 0.0000e+00 ] 1.0000e+00
 3.525e+01 1.1262e-20 1.1262e-20 [ 1.4239e-93 5.0273e-65 1.2041e-50 1.1262e-20 ] 0.0000e+00 [ 0.0000e+00 ] 1.0000e+00
 3.536e+01 9.7743e-21 9.7743e-21 [ 5.9933e-94 2.5985e-65 7.2301e-51 9.7743e-21 ] 0.0000e+00 [ 0.0000e+00 ] 1.0000e+00
 3.547e+01 8.4841e-21 8.4841e-21 [ 2.5201e-94 1.3409e-65 4.3332e-51 8.4841e-21 ] 0.0000e+00 [ 0.0000e+00 ] 1.0000e+00
 3.559e+01 7.3648e-21 7.3648e-21 [ 1.0586e-94 6.9067e-66 2.5921e-51 7.3648e-21 ] 0.0000e+00 [ 0.0000e+00 ] 1.0000e+00
 3.570e+01 6.3938e-21 6.3938e-21 [ 4.4415e-95 3.5513e-66 1.5476e-51 6.3938e-21 ] 0.0000e+00 [ 0.0000e+00 ] 1.0000e+00
 3.581e+01 5.5513e-21 5.5513e-21 [ 1.8614e-95 1.8227e-66 9.2219e-52 5.5513e-21 ] 0.0000e+00 [ 0.0000e+00 ] 1.0000e+00
 3.593e+01 4.8200e-21 4.8200e-21 [ 7.7914e-96 9.3373e-67 5.4841e-52 4.8200e-21 ] 0.0000e+00 [ 0.0000e+00 ] 1.0000e+00
 3.604e+01 4.1853e-21 4.1853e-21 [ 3.2570e-96 4.7743e-67 3.2546e-52 4.1853e-21 ] 0.0000e+00 [ 0.0000e+00 ] 1.0000e+00
 3.615e+01 3.6343e-21 3.6343e-21 [ 1.3597e-96 2.4364e-67 1.9275e-52 3.6343e-21 ] 0.0000e+00 [ 0.0000e+00 ] 1.0000e+00
 3.627e+01 3.1558e-21 3.1558e-21 [ 5.6680e-97 1.2408e-67 1.1391e-52 3.1558e-21 ] 0.0000e+00 [ 0.0000e+00 ] 1.0000e+00
 3.638e+01 2.7402e-21 2.7402e-21 [ 2.3592e-97 6.3063e-68 6.7167e-53 2.7402e-21 ] 0.0000e+00 [ 0.0000e+00 ] 1.0000e+00
 3.649e+01 2.3793e-21 2.3793e-21 [ 9.8046e-98 3.1983e-68 3.9516e-53 2.3793e-21 ] 0.0000e+00 [ 0.0000e+00 ] 1.0000e+00
 3.661e+01 2.0656e-21 2.0656e-21 [ 4.0679e-98 1.6185e-68 2.3195e-53 2.0656e-21 ] 0.0000e+00 [ 0.0000e+00 ] 1.0000e+00
 3.672e+01 1.7930e-21 1.7930e-21 [ 1.6848e-98 8.1721e-69 1.3582e-53 1.7930e-21 ] 0.0000e+00 [ 0.0000e+00 ] 1.0000e+00
 3.683e+01 1.5560e-21 1.5560e-21 [ 6.9652e-99 4.1165e-69 7.9330e-54 1.5560e-21 ] 0.0000e+00 [ 0.0000e+00 ] 1.0000e+00
 3.695e+01 1.3500e-21 1.3500e-21 [ 2.8740e-99 2.0685e-69 4.6217e-54 1.3500e-21 ] 0.0000e+00 [ 0.0000e+00 ] 1.0000e+00
 3.706e+01 1.1708e-21 1.1708e-21 [ 1.1834e-99 1.0368e-69 2.6853e-54 1.1708e-21 ] 0.0000e+00 [ 0.0000e+00 ] 1.0000e+00
 3.717e+01 1.0148e-21 1.0148e-21 [ 4.8625e-100 5.1826e-70 1.5559e-54 1.0148e-21 ] 0.0000e+00 [ 0.0000e+00 ] 1.0000e+00
 3.729e+01 8.7908e-22 8.7908e-22 [ 1.9933e-100 2.5834e-70 8.9882e-55 8.7908e-22 ] 0.0000e+00 [ 0.0000e+00 ] 1.0000e+00
 3.740e+01 7.6090e-22 7.6090e-22 [ 8.1511e-101 1.2840e-70 5.1764e-55 7.6090e-22 ] 0.0000e+00 [ 0.0000e+00 ] 1.0000e+00
 3.751e+01 6.5795e-22 6.5795e-22 [ 3.3244e-101 6.3619e-71 2.9715e-55 6.5795e-22 ] 0.0000e+00 [ 0.0000e+00 ] 1.0000e+00
 3.763e+01 5.6823e-22 5.6823e-22 [ 1.3520e-101 3.1417e-71 1.6998e-55 5.6823e-22 ] 0.0000e+00 [ 0.0000e+00 ] 1.0000e+00
 3.774e+01 4.9001e-22 4.9001e-22 [ 5.4815e-102 1.5460e-71 9.6880e-56 4.9001e-22 ] 0.0000e+00 [ 0.0000e+00 ] 1.0000e+00
 3.785e+01 4.2176e-22 4.2176e-22 [ 2.2150e-102 7.5783e-72 5.4997e-56 4.2176e-22 ] 0.0000e+00 [ 0.0000e+00 ] 1.0000e+00
 3.797e+01 3.6219e-22 3.6219e-22 [ 8.9175e-103 3.6996e-72 3.1088e-56 3.6219e-22 ] 0.0000e+00 [ 0.0000e+00 ] 1.0000e+00
 3.808e+01 3.1014e-22 3.1014e-22 [ 3.5757e-103 1.7980e-72 1.7491e-56 3.1014e-22 ] 0.0000e+00 [ 0.0000e+00 ] 1.0000e+00
 3.819e+01 2.6465e-22 2.6465e-22 [ 1.4274e-103 8.6950e-73 9.7911e-57 2.6465e-22 ] 0.0000e+00 [ 0.0000e+00 ] 1.0000e+00
 3.831e+01 2.2485e-22 2.2485e-22 [ 5.6693e-104 4.1819e-73 5.4501e-57 2.2485e-22 ] 0.0000e+00 [ 0.0000e+00 ] 1.0000e+00
 3.842e+01 1.9000e-22 1.9000e-22 [ 2.2390e-104 1.9990e-73 3.0147e-57 1.9000e-22 ] 0.0000e+00 [ 0.0000e+00 ] 1.0000e+00
 3.853e+01 1.5947e-22 1.5947e-22 [ 8.7851e-105 9.4892e-74 1.6557e-57 1.5947e-22 ] 0.0000e+00 [ 0.0000e+00 ] 1.0000e+00
 3.865e+01 1.3270e-22 1.3270e-22 [ 3.4211e-105 4.4687e-74 9.0198e-58 1.3270e-22 ] 0.0000e+00 [ 0.0000e+00 ] 1.0000e+00
 3.876e+01 1.0922e-22 1.0922e-22 [ 1.3205e-105 2.0849e-74 4.8674e-58 1.0922e-22 ] 0.0000e+00 [ 0.0000e+00 ] 1.0000e+00
 3.887e+01 8.8634e-23 8.8634e-23 [ 5.0431e-106 9.6206e-75 2.5972e-58 8.8634e-23 ] 0.0000e+00 [ 0.0000e+00 ] 1.0000e+00
 3.899e+01 7.0610e-23 7.0610e-23 [ 1.9012e-106 4.3800e-75 1.3671e-58 7.0610e-23 ] 0.0000e+00 [ 0.0000e+00 ] 1.0000e+00
 3.910e+01 5.4875e-23 5.4875e-23 [ 7.0511e-107 1.9609e-75 7.0732e-59 5.4875e-23 ] 0.0000e+00 [ 0.0000e+00 ] 1.0000e+00
 3.921e+01 4.1220e-23 4.1220e-23 [ 2.5603e-107 8.5898e-76 3.5783e-59 4.1220e-23 ] 0.0000e+00 [ 0.0000e+00 ] 1.0000e+00
 3.933e+01 2.9499e-23 2.9499e-23 [ 9.0321e-108 3.6523e-76 1.7543e-59 2.9499e-23 ] 0.0000e+00 [ 0.0000e+00 ] 1.0000e+00
 3.944e+01 1.9630e-23 1.9630e-23 [ 3.0551e-108 1.4857e-76 8.1967e-60 1.9630e-23 ] 0.0000e+00 [ 0.0000e+00 ] 1.0000e+00
 3.955e+01 1.1609e-23 1.1609e-23 [ 9.6455e-109 5.6065e-77 3.5218e-60 1.1609e-23 ] 0.0000e+00 [ 0.0000e+00 ] 1.0000e+00
 3.967e+01 5.5171e-24 5.5171e-24 [ 2.6467e-109 1.8074e-77 1.2692e-60 5.5171e-24 ] 0.0000e+00 [ 0.0000e+00 ] 1.0000e+00
 3.978e+01 1.5414e-24 1.5414e-24 [ 4.7452e-110 3.6542e-78 2.7739e-61 1.5414e-24 ] 0.0000e+00 [ 0.0000e+00 ] 1.0000e+00
 3.989e+01 0.0000e+00 0.0000e+00 [ 0.0000e+00 0.0000e+00 0.0000e+00 0.0000e+00 ] 0.0000e+00 [ 0.0000e+00 ] 1.0000e+00
