 0.000e+00 0.0000e+00 0.0000e+00 [ 0.0000e+00 0.0000e+00 0.0000e+00 0.0000e+00 ] 0.0000e+00 [ 0.0000e+00 ] 1.0000e+00
 1.133e-01 2.5946e-03 2.5946e-03 [ 2.2591e-03 2.4845e-05 2.1462e-05 2.8918e-04 ] 0.0000e+00 [ 0.0000e+00 ] 9.9741e-01
 2.267e-01 5.1872e-03 5.1872e-03 [ 3.8308e-03 9.9728e-05 8.6717e-05 1.1700e-03 ] 0.0000e+00 [ 0.0000e+00 ] 9.9481e-01
 3.400e-01 8.1326e-03 8.1326e-03 [ 5.0144e-03 2.2562e-04 1.9832e-04 2.6943e-03 ] 0.0000e+00 [ 0.0000e+00 ] 9.9187e-01
 4.533e-01 1.1631e-02 1.1631e-02 [ 5.9096e-03 4.0404e-04 3.6047e-04 4.9569e-03 ] 0.0000e+00 [ 0.0000e+00 ] 9.8837e-01
 5.667e-01 1.5926e-02 1.5926e-02 [ 6.6125e-03 6.3709e-04 5.7902e-04 8.0974e-03 ] 0.0000e+00 [ 0.0000e+00 ] 9.8407e-01
 6.800e-01 2.1284e-02 2.1284e-02 [ 7.1918e-03 9.2739e-04 8.6145e-04 1.2304e-02 ] 0.0000e+00 [ 0.0000e+00 ] 9.7872e-01
 7.933e-01 2.8006e-02 2.8006e-02 [ 7.6976e-03 1.2780e-03 1.2168e-03 1.7814e-02 ] 0.0000e+00 [ 0.0000e+00 ] 9.7199e-01
 9.067e-01 3.6429e-02 3.6429e-02 [ 8.1663e-03 1.6923e-03 1.6552e-03 2.4915e-02 ] 0.0000e+00 [ 0.0000e+00 ] 9.6357e-01
 1.020e+00 4.6922e-02 4.6922e-02 [ 8.6245e-03 2.1734e-03 2.1877e-03 3.3936e-02 ] 0.0000e+00 [ 0.0000e+00 ] 9.5308e-01
 1.133e+00 5.9867e-02 5.9867e-02 [ 9.0904e-03 2.7235e-03 2.8245e-03 4.5228e-02 ] 0.0000e+00 [ 0.0000e+00 ] 9.4013e-01
 1.247e+00 7.5619e-02 7.5619e-02 [ 9.5739e-03 3.3425e-03 3.5740e-03 5.9129e-02 ] 0.0000e+00 [ 0.0000e+00 ] 9.2438e-01
 1.360e+00 9.4446e-02 9.4446e-02 [ 1.0076e-02 4.0270e-03 4.4398e-03 7.5903e-02 ] 0.0000e+00 [ 0.0000e+00 ] 9.0555e-01
 1.473e+00 1.1643e-01 1.1643e-01 [ 1.0587e-02 4.7681e-03 5.4181e-03 9.5662e-02 ] 0.0000e+00 [ 0.0000e+00 ] 8.8357e-01
 1.587e+00 1.4139e-01 1.4139e-01 [ 1.1083e-02 5.5499e-03 6.4946e-03 1.1826e-01 ] 0.0000e+00 [ 0.0000e+00 ] 8.5861e-01
 1.700e+00 1.6871e-01 1.6871e-01 [ 1.1531e-02 6.3489e-03 7.6413e-03 1.4319e-01 ] 0.0000e+00 [ 0.0000e+00 ] 8.3129e-01
 1.813e+00 1.9735e-01 1.9735e-01 [ 1.1883e-02 7.1342e-03 8.8165e-03 1.6952e-01 ] 0.0000e+00 [ 0.0000e+00 ] 8.0265e-01
 1.927e+00 2.2582e-01 2.2582e-01 [ 1.2088e-02 7.8696e-03 9.9667e-03 1.9590e-01 ] 0.0000e+00 [ 0.0000e+00 ] 7.7418e-01
 2.040e+00 2.5231e-01 2.5231e-01 [ 1.2096e-02 8.5183e-03 1.1031e-02 2.2066e-01 ] 0.0000e+00 [ 0.0000e+00 ] 7.4769e-01
 2.153e+00 2.7488e-01 2.7488e-01 [ 1.1873e-02 9.0466e-03 1.1950e-02 2.4201e-01 ] 0.0000e+00 [ 0.0000e+00 ] 7.2512e-01
 2.267e+00 2.9178e-01 2.9178e-01 [ 1.1404e-02 9.4286e-03 1.2669e-02 2.5828e-01 ] 0.0000e+00 [ 0.0000e+00 ] 7.0822e-01
 2.380e+00 3.0165e-01 3.0165e-01 [ 1.0701e-02 9.6476e-03 1.3151e-02 2.6815e-01 ] 0.0000e+00 [ 0.0000e+00 ] 6.9835e-01
 2.493e+00 3.0370e-01 3.0370e-01 [ 9.7995e-03 9.6966e-03 1.3369e-02 2.7083e-01 ] 0.0000e+00 [ 0.0000e+00 ] 6.9630e-01
 2.607e+00 2.9781e-01 2.9781e-01 [ 8.7550e-03 9.5772e-03 1.3315e-02 2.6616e-01 ] 0.0000e+00 [ 0.0000e+00 ] 7.0219e-01
 2.720e+00 2.8450e-01 2.8450e-01 [ 7.6321e-03 9.2991e-03 1.2998e-02 2.5457e-01 ] 0.0000e+00 [ 0.0000e+00 ] 7.1550e-01
 2.833e+00 2.6491e-01 2.6491e-01 [ 6.4972e-03 8.8801e-03 1.2441e-02 2.3709e-01 ] 0.0000e+00 [ 0.0000e+00 ] 7.3509e-01
 2.947e+00 2.4062e-01 2.4062e-01 [ 5.4100e-03 8.3453e-03 1.1684e-02 2.1518e-01 ] 0.0000e+00 [ 0.0000e+00 ] 7.5938e-01
 3.060e+00 2.1348e-01 2.1348e-01 [ 4.4166e-03 7.7259e-03 1.0778e-02 1.9056e-01 ] 0.0000e+00 [ 0.0000e+00 ] 7.8652e-01
 3.173e+00 1.8534e-01 1.8534e-01 [ 3.5464e-03 7.0565e-03 9.7804e-03 1.6496e-01 ] 0.0000e+00 [ 0.0000e+00 ] 8.1466e-01
 3.287e+00 1.5780e-01 1.5780e-01 [ 2.8115e-03 6.3710e-03 8.7491e-03 1.3987e-01 ] 0.0000e+00 [ 0.0000e+00 ] 8.4220e-01
 3.400e+00 1.3211e-01 1.3211e-01 [ 2.2100e-03 5.6987e-03 7.7334e-03 1.1647e-01 ] 0.0000e+00 [ 0.0000e+00 ] 8.6789e-01
 3.513e+00 1.0905e-01 1.0905e-01 [ 1.7298e-03 5.0624e-03 6.7717e-03 9.5482e-02 ] 0.0000e+00 [ 0.0000e+00 ] 8.9095e-01
 3.627e+00 8.8984e-02 8.8984e-02 [ 1.3537e-03 4.4770e-03 5.8892e-03 7.7264e-02 ] 0.0000e+00 [ 0.0000e+00 ] 9.1102e-01
 3.740e+00 7.1973e-02 7.1973e-02 [ 1.0630e-03 3.9505e-03 5.0993e-03 6.1860e-02 ] 0.0000e+00 [ 0.0000e+00 ] 9.2803e-01
 3.853e+00 5.7840e-02 5.7840e-02 [ 8.3988e-04 3.4850e-03 4.4060e-03 4.9109e-02 ] 0.0000e+00 [ 0.0000e+00 ] 9.4216e-01
 3.967e+00 4.6285e-02 4.6285e-02 [ 6.6910e-04 3.0787e-03 3.8063e-03 3.8731e-02 ] 0.0000e+00 [ 0.0000e+00 ] 9.5372e-01
 4.080e+00 3.6954e-02 3.6954e-02 [ 5.3808e-04 2.7271e-03 3.2932e-03 3.0396e-02 ] 0.0000e+00 [ 0.0000e+00 ] 9.6305e-01
 4.193e+00 2.9490e-02 2.9490e-02 [ 4.3695e-04 2.4247e-03 2.8573e-03 2.3771e-02 ] 0.0000e+00 [ 0.0000e+00 ] 9.7051e-01
 4.307e+00 2.3559e-02 2.3559e-02 [ 3.5819e-04 2.1651e-03 2.4888e-03 1.8547e-02 ] 0.0000e+00 [ 0.0000e+00 ] 9.7644e-01
 4.420e+00 1.8869e-02 1.8869e-02 [ 2.9616e-04 1.9424e-03 2.1779e-03 1.4453e-02 ] 0.0000e+00 [ 0.0000e+00 ] 9.8113e-01
 4.533e+00 1.5171e-02 1.5171e-02 [ 2.4671e-04 1.7510e-03 1.9157e-03 1.1258e-02 ] 0.0000e+00 [ 0.0000e+00 ] 9.8483e-01
 4.647e+00 1.2260e-02 1.2260e-02 [ 2.0677e-04 1.5859e-03 1.6942e-03 8.7736e-03 ] 0.0000e+00 [ 0.0000e+00 ] 9.8774e-01
 4.760e+00 9.9688e-03 9.9688e-03 [ 1.7412e-04 1.4429e-03 1.5064e-03 6.8454e-03 ] 0.0000e+00 [ 0.0000e+00 ] 9.9003e-01
 4.873e+00 8.1627e-03 8.1627e-03 [ 1.4712e-04 1.3182e-03 1.3466e-03 5.3508e-03 ] 0.0000e+00 [ 0.0000e+00 ] 9.9184e-01
 4.987e+00 6.7359e-03 6.7359e-03 [ 1.2458e-04 1.2088e-03 1.2099e-03 4.1927e-03 ] 0.0000e+00 [ 0.0000e+00 ] 9.9326e-01
 5.100e+00 5.6049e-03 5.6049e-03 [ 1.0559e-04 1.1120e-03 1.0921e-03 3.2951e-03 ] 0.0000e+00 [ 0.0000e+00 ] 9.9440e-01
 5.213e+00 4.7042e-03 4.7042e-03 [ 8.9498e-05 1.0258e-03 9.8997e-04 2.5989e-03 ] 0.0000e+00 [ 0.0000e+00 ] 9.9530e-01
 5.327e+00 3.9828e-03 3.9828e-03 [ 7.5788e-05 9.4835e-04 9.0074e-04 2.0579e-03 ] 0.0000e+00 [ 0.0000e+00 ] 9.9602e-01
 5.440e+00 3.4013e-03 3.4013e-03 [ 6.4071e-05 8.7820e-04 8.2217e-04 1.6368e-03 ] 0.0000e+00 [ 0.0000e+00 ] 9.9660e-01
 5.553e+00 2.9288e-03 2.9288e-03 [ 5.4038e-05 8.1417e-04 7.5244e-04 1.3081e-03 ] 0.0000e+00 [ 0.0000e+00 ] 9.9707e-01
 5.667e+00 2.5417e-03 2.5417e-03 [ 4.5444e-05 7.5532e-04 6.9010e-04 1.0508e-03 ] 0.0000e+00 [ 0.0000e+00 ] 9.9746e-01
 5.780e+00 2.2215e-03 2.2215e-03 [ 3.8086e-05 7.0087e-04 6.3393e-04 8.4857e-04 ] 0.0000e+00 [ 0.0000e+00 ] 9.9778e-01
 5.893e+00 1.9540e-03 1.9540e-03 [ 3.1796e-05 6.5019e-04 5.8299e-04 6.8901e-04 ] 0.0000e+00 [ 0.0000e+00 ] 9.9805e-01
 6.007e+00 1.7282e-03 1.7282e-03 [ 2.6433e-05 6.0279e-04 5.3649e-04 5.6253e-04 ] 0.0000e+00 [ 0.0000e+00 ] 9.9827e-01
 6.120e+00 1.5357e-03 1.5357e-03 [ 2.1875e-05 5.5828e-04 4.9381e-04 4.6179e-04 ] 0.0000e+00 [ 0.0000e+00 ] 9.9846e-01
 6.233e+00 1.3699e-03 1.3699e-03 [ 1.8014e-05 5.1633e-04 4.5445e-04 3.8112e-04 ] 0.0000e+00 [ 0.0000e+00 ] 9.9863e-01
 6.347e+00 1.2256e-03 1.2256e-03 [ 1.4759e-05 4.7673e-04 4.1800e-04 3.1616e-04 ] 0.0000e+00 [ 0.0000e+00 ] 9.9877e-01
 6.460e+00 1.0990e-03 1.0990e-03 [ 1.2028e-05 4.3927e-04 3.8413e-04 2.6355e-04 ] 0.0000e+00 [ 0.0000e+00 ] 9.9890e-01
 6.573e+00 9.8686e-04 9.8686e-04 [ 9.7480e-06 4.0382e-04 3.5260e-04 2.2069e-04 ] 0.0000e+00 [ 0.0000e+00 ] 9.9901e-01
 6.687e+00 8.8690e-04 8.8690e-04 [ 7.8549e-06 3.7029e-04 3.2318e-04 1.8557e-04 ] 0.0000e+00 [ 0.0000e+00 ] 9.9911e-01
 6.800e+00 7.9722e-04 7.9722e-04 [ 6.2922e-06 3.3858e-04 2.9571e-04 1.5663e-04 ] 0.0000e+00 [ 0.0000e+00 ] 9.9920e-01
 6.913e+00 7.1636e-04 7.1636e-04 [ 5.0101e-06 3.0865e-04 2.7005e-04 1.3265e-04 ] 0.0000e+00 [ 0.0000e+00 ] 9.9928e-01
 7.027e+00 6.4316e-04 6.4316e-04 [ 3.9646e-06 2.8045e-04 2.4609e-04 1.1267e-04 ] 0.0000e+00 [ 0.0000e+00 ] 9.9936e-01
 7.140e+00 5.7672e-04 5.7672e-04 [ 3.1176e-06 2.5395e-04 2.2372e-04 9.5938e-05 ] 0.0000e+00 [ 0.0000e+00 ] 9.9942e-01
 7.253e+00 5.1629e-04 5.1629e-04 [ 2.4359e-06 2.2912e-04 2.0287e-04 8.1864e-05 ] 0.0000e+00 [ 0.0000e+00 ] 9.9948e-01
 7.367e+00 4.6128e-04 4.6128e-04 [ 1.8910e-06 2.0593e-04 1.8348e-04 6.9976e-05 ] 0.0000e+00 [ 0.0000e+00 ] 9.9954e-01
 7.480e+00 4.1118e-04 4.1118e-04 [ 1.4583e-06 1.8436e-04 1.6547e-04 5.9897e-05 ] 0.0000e+00 [ 0.0000e+00 ] 9.9959e-01
 7.593e+00 3.6560e-04 3.6560e-04 [ 1.1172e-06 1.6438e-04 1.4878e-04 5.1323e-05 ] 0.0000e+00 [ 0.0000e+00 ] 9.9963e-01
 7.707e+00 3.2416e-04 3.2416e-04 [ 8.5014e-07 1.4594e-04 1.3336e-04 4.4009e-05 ] 0.0000e+00 [ 0.0000e+00 ] 9.9968e-01
 7.820e+00 2.8657e-04 2.8657e-04 [ 6.4256e-07 1.2901e-04 1.1916e-04 3.7756e-05 ] 0.0000e+00 [ 0.0000e+00 ] 9.9971e-01
 7.933e+00 2.5254e-04 2.5254e-04 [ 4.8236e-07 1.1354e-04 1.0613e-04 3.2398e-05 ] 0.0000e+00 [ 0.0000e+00 ] 9.9975e-01
 8.047e+00 2.2182e-04 2.2182e-04 [ 3.5962e-07 9.9466e-05 9.4193e-05 2.7801e-05 ] 0.0000e+00 [ 0.0000e+00 ] 9.9978e-01
 8.160e+00 1.9416e-04 1.9416e-04 [ 2.6628e-07 8.6734e-05 8.3312e-05 2.3852e-05 ] 0.0000e+00 [ 0.0000e+00 ] 9.9981e-01
 8.273e+00 1.6935e-04 1.6935e-04 [ 1.9580e-07 7.5276e-05 7.3427e-05 2.0456e-05 ] 0.0000e+00 [ 0.0000e+00 ] 9.9983e-01
 8.387e+00 1.4718e-04 1.4718e-04 [ 1.4298e-07 6.5018e-05 6.4481e-05 1.7536e-05 ] 0.0000e+00 [ 0.0000e+00 ] 9.9985e-01
 8.500e+00 1.2743e-04 1.2743e-04 [ 1.0368e-07 5.5886e-05 5.6417e-05 1.5022e-05 ] 0.0000e+00 [ 0.0000e+00 ] 9.9987e-01
 8.613e+00 1.0991e-04 1.0991e-04 [ 7.4664e-08 4.7801e-05 4.9177e-05 1.2860e-05 ] 0.0000e+00 [ 0.0000e+00 ] 9.9989e-01
 8.727e+00 9.4441e-05 9.4441e-05 [ 5.3394e-08 4.0683e-05 4.2705e-05 1.0999e-05 ] 0.0000e+00 [ 0.0000e+00 ] 9.9991e-01
 8.840e+00 8.0832e-05 8.0832e-05 [ 3.7918e-08 3.4452e-05 3.6943e-05 9.3992e-06 ] 0.0000e+00 [ 0.0000e+00 ] 9.9992e-01
 8.953e+00 6.8915e-05 6.8915e-05 [ 2.6740e-08 2.9029e-05 3.1836e-05 8.0241e-06 ] 0.0000e+00 [ 0.0000e+00 ] 9.9993e-01
 9.067e+00 5.8525e-05 5.8525e-05 [ 1.8726e-08 2.4335e-05 2.7328e-05 6.8431e-06 ] 0.0000e+00 [ 0.0000e+00 ] 9.9994e-01
 9.180e+00 4.9506e-05 4.9506e-05 [ 1.3024e-08 2.0297e-05 2.3367e-05 5.8296e-06 ] 0.0000e+00 [ 0.0000e+00 ] 9.9995e-01
 9.293e+00 4.1714e-05 4.1714e-05 [ 8.9948e-09 1.6843e-05 1.9901e-05 4.9607e-06 ] 0.0000e+00 [ 0.0000e+00 ] 9.9996e-01
 9.407e+00 3.5011e-05 3.5011e-05 [ 6.1694e-09 1.3905e-05 1.6883e-05 4.2166e-06 ] 0.0000e+00 [ 0.0000e+00 ] 9.9996e-01
 9.520e+00 2.9271e-05 2.9271e-05 [ 4.2025e-09 1.1421e-05 1.4266e-05 3.5799e-06 ] 0.0000e+00 [ 0.0000e+00 ] 9.9997e-01
 9.633e+00 2.4378e-05 2.4378e-05 [ 2.8431e-09 9.3323e-06 1.2007e-05 3.0359e-06 ] 0.0000e+00 [ 0.0000e+00 ] 9.9998e-01
 9.747e+00 2.0226e-05 2.0226e-05 [ 1.9103e-09 7.5868e-06 1.0066e-05 2.5715e-06 ] 0.0000e+00 [ 0.0000e+00 ] 9.9998e-01
 9.860e+00 1.6718e-05 1.6718e-05 [ 1.2748e-09 6.1363e-06 8.4046e-06 2.1757e-06 ] 0.0000e+00 [ 0.0000e+00 ] 9.9998e-01
 9.973e+00 1.3767e-05 1.3767e-05 [ 8.4499e-10 4.9379e-06 6.9900e-06 1.8388e-06 ] 0.0000e+00 [ 0.0000e+00 ] 9.9999e-01
 1.009e+01 1.1297e-05 1.1297e-05 [ 5.5632e-10 3.9532e-06 5.7905e-06 1.5523e-06 ] 0.0000e+00 [ 0.0000e+00 ] 9.9999e-01
 1.020e+01 9.2362e-06 9.2362e-06 [ 3.6383e-10 3.1489e-06 4.7779e-06 1.3090e-06 ] 0.0000e+00 [ 0.0000e+00 ] 9.9999e-01
 1.031e+01 7.5255e-06 7.5255e-06 [ 2.3636e-10 2.4956e-06 3.9269e-06 1.1027e-06 ] 0.0000e+00 [ 0.0000e+00 ] 9.9999e-01
 1.043e+01 6.1109e-06 6.1109e-06 [ 1.5253e-10 1.9678e-06 3.2149e-06 9.2799e-07 ] 0.0000e+00 [ 0.0000e+00 ] 9.9999e-01
 1.054e+01 4.9460e-06 4.9460e-06 [ 9.7792e-11 1.5439e-06 2.6217e-06 7.8020e-07 ] 0.0000e+00 [ 0.0000e+00 ] 9.9999e-01
 1.065e+01 3.9904e-06 3.9904e-06 [ 6.2288e-11 1.2053e-06 2.1297e-06 6.5534e-07 ] 0.0000e+00 [ 0.0000e+00 ] 1.0000e+00
 1.077e+01 3.2097e-06 3.2097e-06 [ 3.9417e-11 9.3630e-07 1.7234e-06 5.4998e-07 ] 0.0000e+00 [ 0.0000e+00 ] 1.0000e+00
 1.088e+01 2.5742e-06 2.5742e-06 [ 2.4784e-11 7.2374e-07 1.3892e-06 4.6119e-07 ] 0.0000e+00 [ 0.0000e+00 ] 1.0000e+00
 1.099e+01 2.0588e-06 2.0588e-06 [ 1.5483e-11 5.5669e-07 1.1156e-06 3.8645e-07 ] 0.0000e+00 [ 0.0000e+00 ] 1.0000e+00
 1.111e+01 1.6423e-06 1.6423e-06 [ 9.6120e-12 4.2612e-07 8.9254e-07 3.2360e-07 ] 0.0000e+00 [ 0.0000e+00 ] 1.0000e+00
 1.122e+01 1.3068e-06 1.3068e-06 [ 5.9296e-12 3.2460e-07 7.1139e-07 2.7080e-07 ] 0.0000e+00 [ 0.0000e+00 ] 1.0000e+00
 1.133e+01 1.0375e-06 1.0375e-06 [ 3.6352e-12 2.4607e-07 5.6490e-07 2.2650e-07 ] 0.0000e+00 [ 0.0000e+00 ] 1.0000e+00
 1.145e+01 8.2194e-07 8.2194e-07 [ 2.2148e-12 1.8566e-07 4.4693e-07 1.8935e-07 ] 0.0000e+00 [ 0.0000e+00 ] 1.0000e+00
 1.156e+01 6.4996e-07 6.4996e-07 [ 1.3411e-12 1.3941e-07 3.5231e-07 1.5823e-07 ] 0.0000e+00 [ 0.0000e+00 ] 1.0000e+00
 1.167e+01 5.1311e-07 5.1311e-07 [ 8.0717e-13 1.0419e-07 2.7673e-07 1.3219e-07 ] 0.0000e+00 [ 0.0000e+00 ] 1.0000e+00
 1.179e+01 4.0449e-07 4.0449e-07 [ 4.8288e-13 7.7507e-08 2.1658e-07 1.1040e-07 ] 0.0000e+00 [ 0.0000e+00 ] 1.0000e+00
 1.190e+01 3.1850e-07 3.1850e-07 [ 2.8715e-13 5.7389e-08 1.6891e-07 9.2194e-08 ] 0.0000e+00 [ 0.0000e+00 ] 1.0000e+00
 1.201e+01 2.5056e-07 2.5056e-07 [ 1.6975e-13 4.2298e-08 1.3128e-07 7.6982e-08 ] 0.0000e+00 [ 0.0000e+00 ] 1.0000e+00
 1.213e+01 1.9699e-07 1.9699e-07 [ 9.9756e-14 3.1034e-08 1.0167e-07 6.4279e-08 ] 0.0000e+00 [ 0.0000e+00 ] 1.0000e+00
 1.224e+01 1.5482e-07 1.5482e-07 [ 5.8284e-14 2.2666e-08 7.8479e-08 5.3676e-08 ] 0.0000e+00 [ 0.0000e+00 ] 1.0000e+00
 1.235e+01 1.2168e-07 1.2168e-07 [ 3.3857e-14 1.6480e-08 6.0372e-08 4.4829e-08 ] 0.0000e+00 [ 0.0000e+00 ] 1.0000e+00
 1.247e+01 9.5665e-08 9.5665e-08 [ 1.9556e-14 1.1929e-08 4.6288e-08 3.7448e-08 ] 0.0000e+00 [ 0.0000e+00 ] 1.0000e+00
 1.258e+01 7.5262e-08 7.5262e-08 [ 1.1231e-14 8.5970e-09 3.5374e-08 3.1291e-08 ] 0.0000e+00 [ 0.0000e+00 ] 1.0000e+00
 1.269e+01 5.9269e-08 5.9269e-08 [ 6.4145e-15 6.1684e-09 2.6945e-08 2.6155e-08 ] 0.0000e+00 [ 0.0000e+00 ] 1.0000e+00
 1.281e+01 4.6738e-08 4.6738e-08 [ 3.6432e-15 4.4067e-09 2.0460e-08 2.1872e-08 ] 0.0000e+00 [ 0.0000e+00 ] 1.0000e+00
 1.292e+01 3.6919e-08 3.6919e-08 [ 2.0578e-15 3.1346e-09 1.5486e-08 1.8298e-08 ] 0.0000e+00 [ 0.0000e+00 ] 1.0000e+00
 1.303e+01 2.9221e-08 2.9221e-08 [ 1.1560e-15 2.2202e-09 1.1685e-08 1.5316e-08 ] 0.0000e+00 [ 0.0000e+00 ] 1.0000e+00
 1.315e+01 2.3183e-08 2.3183e-08 [ 6.4594e-16 1.5659e-09 8.7901e-09 1.2827e-08 ] 0.0000e+00 [ 0.0000e+00 ] 1.0000e+00
 1.326e+01 1.8441e-08 1.8441e-08 [ 3.5901e-16 1.0998e-09 6.5924e-09 1.0749e-08 ] 0.0000e+00 [ 0.0000e+00 ] 1.0000e+00
 1.337e+01 1.4712e-08 1.4712e-08 [ 1.9848e-16 7.6918e-10 4.9294e-09 9.0137e-09 ] 0.0000e+00 [ 0.0000e+00 ] 1.0000e+00
 1.349e+01 1.1774e-08 1.1774e-08 [ 1.0916e-16 5.3575e-10 3.6751e-09 7.5632e-09 ] 0.0000e+00 [ 0.0000e+00 ] 1.0000e+00
 1.360e+01 9.4540e-09 9.4540e-09 [ 5.9726e-17 3.7163e-10 2.7320e-09 6.3504e-09 ] 0.0000e+00 [ 0.0000e+00 ] 1.0000e+00
 1.371e+01 7.6176e-09 7.6176e-09 [ 3.2512e-17 2.5674e-10 2.0251e-09 5.3357e-09 ] 0.0000e+00 [ 0.0000e+00 ] 1.0000e+00
 1.383e+01 6.1598e-09 6.1598e-09 [ 1.7608e-17 1.7666e-10 1.4969e-09 4.4862e-09 ] 0.0000e+00 [ 0.0000e+00 ] 1.0000e+00
 1.394e+01 4.9992e-09 4.9992e-09 [ 9.4891e-18 1.2107e-10 1.1034e-09 3.7746e-09 ] 0.0000e+00 [ 0.0000e+00 ] 1.0000e+00
 1.405e+01 4.0719e-09 4.0719e-09 [ 5.0884e-18 8.2645e-11 8.1117e-10 3.1781e-09 ] 0.0000e+00 [ 0.0000e+00 ] 1.0000e+00
 1.417e+01 3.3286e-09 3.3286e-09 [ 2.7152e-18 5.6194e-11 5.9470e-10 2.6777e-09 ] 0.0000e+00 [ 0.0000e+00 ] 1.0000e+00
 1.428e+01 2.7305e-09 2.7305e-09 [ 1.4419e-18 3.8060e-11 4.3485e-10 2.2575e-09 ] 0.0000e+00 [ 0.0000e+00 ] 1.0000e+00
 1.439e+01 2.2474e-09 2.2474e-09 [ 7.6200e-19 2.5678e-11 3.1713e-10 1.9046e-09 ] 0.0000e+00 [ 0.0000e+00 ] 1.0000e+00
 1.451e+01 1.8557e-09 1.8557e-09 [ 4.0080e-19 1.7258e-11 2.3068e-10 1.6078e-09 ] 0.0000e+00 [ 0.0000e+00 ] 1.0000e+00
 1.462e+01 1.5370e-09 1.5370e-09 [ 2.0983e-19 1.1555e-11 1.6737e-10 1.3581e-09 ] 0.0000e+00 [ 0.0000e+00 ] 1.0000e+00
 1.473e+01 1.2767e-09 1.2767e-09 [ 1.0934e-19 7.7076e-12 1.2113e-10 1.1478e-09 ] 0.0000e+00 [ 0.0000e+00 ] 1.0000e+00
 1.485e+01 1.0632e-09 1.0632e-09 [ 5.6718e-20 5.1220e-12 8.7453e-11 9.7065e-10 ] 0.0000e+00 [ 0.0000e+00 ] 1.0000e+00
 1.496e+01 8.8763e-10 8.8763e-10 [ 2.9288e-20 3.3911e-12 6.2983e-11 8.2126e-10 ] 0.0000e+00 [ 0.0000e+00 ] 1.0000e+00
 1.507e+01 7.4268e-10 7.4268e-10 [ 1.5055e-20 2.2369e-12 4.5251e-11 6.9520e-10 ] 0.0000e+00 [ 0.0000e+00 ] 1.0000e+00
 1.519e+01 6.2266e-10 6.2266e-10 [ 7.7051e-21 1.4702e-12 3.2433e-11 5.8876e-10 ] 0.0000e+00 [ 0.0000e+00 ] 1.0000e+00
 1.530e+01 5.2298e-10 5.2298e-10 [ 3.9261e-21 9.6277e-13 2.3192e-11 4.9883e-10 ] 0.0000e+00 [ 0.0000e+00 ] 1.0000e+00
 1.541e+01 4.3997e-10 4.3997e-10 [ 1.9919e-21 6.2822e-13 1.6545e-11 4.2280e-10 ] 0.0000e+00 [ 0.0000e+00 ] 1.0000e+00
 1.553e+01 3.7068e-10 3.7068e-10 [ 1.0062e-21 4.0846e-13 1.1777e-11 3.5850e-10 ] 0.0000e+00 [ 0.0000e+00 ] 1.0000e+00
 1.564e+01 3.1270e-10 3.1270e-10 [ 5.0616e-22 2.6464e-13 8.3634e-12 3.0407e-10 ] 0.0000e+00 [ 0.0000e+00 ] 1.0000e+00
 1.575e+01 2.6409e-10 2.6409e-10 [ 2.5355e-22 1.7085e-13 5.9261e-12 2.5799e-10 ] 0.0000e+00 [ 0.0000e+00 ] 1.0000e+00
 1.587e+01 2.2326e-10 2.2326e-10 [ 1.2649e-22 1.0992e-13 4.1898e-12 2.1896e-10 ] 0.0000e+00 [ 0.0000e+00 ] 1.0000e+00
 1.598e+01 1.8890e-10 1.8890e-10 [ 6.2842e-23 7.0478e-14 2.9558e-12 1.8587e-10 ] 0.0000e+00 [ 0.0000e+00 ] 1.0000e+00
 1.609e+01 1.5995e-10 1.5995e-10 [ 3.1095e-23 4.5032e-14 2.0807e-12 1.5783e-10 ] 0.0000e+00 [ 0.0000e+00 ] 1.0000e+00
 1.621e+01 1.3553e-10 1.3553e-10 [ 1.5325e-23 2.8676e-14 1.4615e-12 1.3404e-10 ] 0.0000e+00 [ 0.0000e+00 ] 1.0000e+00
 1.632e+01 1.1490e-10 1.1490e-10 [ 7.5231e-24 1.8199e-14 1.0244e-12 1.1386e-10 ] 0.0000e+00 [ 0.0000e+00 ] 1.0000e+00
 1.643e+01 9.7462e-11 9.7462e-11 [ 3.6787e-24 1.1511e-14 7.1651e-13 9.6734e-11 ] 0.0000e+00 [ 0.0000e+00 ] 1.0000e+00
 1.655e+01 8.2703e-11 8.2703e-11 [ 1.7919e-24 7.2568e-15 5.0011e-13 8.2196e-11 ] 0.0000e+00 [ 0.0000e+00 ] 1.0000e+00
 1.666e+01 7.0204e-11 7.0204e-11 [ 8.6952e-25 4.5597e-15 3.4835e-13 6.9851e-11 ] 0.0000e+00 [ 0.0000e+00 ] 1.0000e+00
 1.677e+01 5.9613e-11 5.9613e-11 [ 4.2035e-25 2.8556e-15 2.4214e-13 5.9368e-11 ] 0.0000e+00 [ 0.0000e+00 ] 1.0000e+00
 1.689e+01 5.0632e-11 5.0632e-11 [ 2.0245e-25 1.7826e-15 1.6797e-13 5.0462e-11 ] 0.0000e+00 [ 0.0000e+00 ] 1.0000e+00
 1.700e+01 4.3014e-11 4.3014e-11 [ 9.7147e-26 1.1092e-15 1.1628e-13 4.2896e-11 ] 0.0000e+00 [ 0.0000e+00 ] 1.0000e+00
 1.711e+01 3.6549e-11 3.6549e-11 [ 4.6447e-26 6.8797e-16 8.0335e-14 3.6468e-11 ] 0.0000e+00 [ 0.0000e+00 ] 1.0000e+00
 1.723e+01 3.1060e-11 3.1060e-11 [ 2.2127e-26 4.2535e-16 5.5391e-14 3.1004e-11 ] 0.0000e+00 [ 0.0000e+00 ] 1.0000e+00
 1.734e+01 2.6399e-11 2.6399e-11 [ 1.0504e-26 2.6215e-16 3.8115e-14 2.6361e-11 ] 0.0000e+00 [ 0.0000e+00 ] 1.0000e+00
 1.745e+01 2.2440e-11 2.2440e-11 [ 4.9689e-27 1.6106e-16 2.6176e-14 2.2413e-11 ] 0.0000e+00 [ 0.0000e+00 ] 1.0000e+00
 1.757e+01 1.9076e-11 1.9076e-11 [ 2.3424e-27 9.8647e-17 1.7941e-14 1.9058e-11 ] 0.0000e+00 [ 0.0000e+00 ] 1.0000e+00
 1.768e+01 1.6218e-11 1.6218e-11 [ 1.1005e-27 6.0232e-17 1.2273e-14 1.6205e-11 ] 0.0000e+00 [ 0.0000e+00 ] 1.0000e+00
 1.779e+01 1.3788e-11 1.3788e-11 [ 5.1525e-28 3.6664e-17 8.3789e-15 1.3780e-11 ] 0.0000e+00 [ 0.0000e+00 ] 1.0000e+00
 1.791e+01 1.1723e-11 1.1723e-11 [ 2.4044e-28 2.2250e-17 5.7093e-15 1.1718e-11 ] 0.0000e+00 [ 0.0000e+00 ] 1.0000e+00
 1.802e+01 9.9680e-12 9.9680e-12 [ 1.1183e-28 1.3462e-17 3.8827e-15 9.9641e-12 ] 0.0000e+00 [ 0.0000e+00 ] 1.0000e+00
 1.813e+01 8.4757e-12 8.4757e-12 [ 5.1844e-29 8.1204e-18 2.6354e-15 8.4730e-12 ] 0.0000e+00 [ 0.0000e+00 ] 1.0000e+00
 1.825e+01 7.2069e-12 7.2069e-12 [ 2.3957e-29 4.8837e-18 1.7854e-15 7.2051e-12 ] 0.0000e+00 [ 0.0000e+00 ] 1.0000e+00
 1.836e+01 6.1281e-12 6.1281e-12 [ 1.1035e-29 2.9284e-18 1.2072e-15 6.1269e-12 ] 0.0000e+00 [ 0.0000e+00 ] 1.0000e+00
 1.847e+01 5.2109e-12 5.2109e-12 [ 5.0672e-30 1.7508e-18 8.1468e-16 5.2100e-12 ] 0.0000e+00 [ 0.0000e+00 ] 1.0000e+00
 1.859e+01 4.4309e-12 4.4309e-12 [ 2.3195e-30 1.0437e-18 5.4874e-16 4.4304e-12 ] 0.0000e+00 [ 0.0000e+00 ] 1.0000e+00
 1.870e+01 3.7677e-12 3.7677e-12 [ 1.0585e-30 6.2038e-19 3.6891e-16 3.7673e-12 ] 0.0000e+00 [ 0.0000e+00 ] 1.0000e+00
 1.881e+01 3.2037e-12 3.2037e-12 [ 4.8159e-31 3.6769e-19 2.4755e-16 3.2035e-12 ] 0.0000e+00 [ 0.0000e+00 ] 1.0000e+00
 1.893e+01 2.7241e-12 2.7241e-12 [ 2.1845e-31 2.1730e-19 1.6579e-16 2.7240e-12 ] 0.0000e+00 [ 0.0000e+00 ] 1.0000e+00
 1.904e+01 2.3163e-12 2.3163e-12 [ 9.8798e-32 1.2806e-19 1.1083e-16 2.3162e-12 ] 0.0000e+00 [ 0.0000e+00 ] 1.0000e+00
 1.915e+01 1.9695e-12 1.9695e-12 [ 4.4552e-32 7.5255e-20 7.3947e-17 1.9695e-12 ] 0.0000e+00 [ 0.0000e+00 ] 1.0000e+00
 1.927e+01 1.6746e-12 1.6746e-12 [ 2.0032e-32 4.4100e-20 4.9246e-17 1.6746e-12 ] 0.0000e+00 [ 0.0000e+00 ] 1.0000e+00
 1.938e+01 1.4239e-12 1.4239e-12 [ 8.9816e-33 2.5771e-20 3.2734e-17 1.4239e-12 ] 0.0000e+00 [ 0.0000e+00 ] 1.0000e+00
 1.949e+01 1.2107e-12 1.2107e-12 [ 4.0156e-33 1.5019e-20 2.1718e-17 1.2106e-12 ] 0.0000e+00 [ 0.0000e+00 ] 1.0000e+00
 1.961e+01 1.0293e-12 1.0293e-12 [ 1.7904e-33 8.7283e-21 1.4382e-17 1.0293e-12 ] 0.0000e+00 [ 0.0000e+00 ] 1.0000e+00
 1.972e+01 8.7517e-13 8.7517e-13 [ 7.9603e-34 5.0588e-21 9.5065e-18 8.7516e-13 ] 0.0000e+00 [ 0.0000e+00 ] 1.0000e+00
 1.983e+01 7.4407e-13 7.4407e-13 [ 3.5297e-34 2.9240e-21 6.2720e-18 7.4407e-13 ] 0.0000e+00 [ 0.0000e+00 ] 1.0000e+00
 1.995e+01 6.3260e-13 6.3260e-13 [ 1.5609e-34 1.6856e-21 4.1303e-18 6.3260e-13 ] 0.0000e+00 [ 0.0000e+00 ] 1.0000e+00
 2.006e+01 5.3782e-13 5.3782e-13 [ 6.8843e-35 9.6908e-22 2.7148e-18 5.3782e-13 ] 0.0000e+00 [ 0.0000e+00 ] 1.0000e+00
 2.017e+01 4.5724e-13 4.5724e-13 [ 3.0284e-35 5.5567e-22 1.7812e-18 4.5723e-13 ] 0.0000e+00 [ 0.0000e+00 ] 1.0000e+00
 2.029e+01 3.8872e-13 3.8872e-13 [ 1.3287e-35 3.1778e-22 1.1664e-18 3.8872e-13 ] 0.0000e+00 [ 0.0000e+00 ] 1.0000e+00
 2.040e+01 3.3046e-13 3.3046e-13 [ 5.8148e-36 1.8126e-22 7.6244e-19 3.3046e-13 ] 0.0000e+00 [ 0.0000e+00 ] 1.0000e+00
 2.051e+01 2.8093e-13 2.8093e-13 [ 2.5383e-36 1.0312e-22 4.9745e-19 2.8093e-13 ] 0.0000e+00 [ 0.0000e+00 ] 1.0000e+00
 2.063e+01 2.3882e-13 2.3882e-13 [ 1.1053e-36 5.8513e-23 3.2396e-19 2.3882e-13 ] 0.0000e+00 [ 0.0000e+00 ] 1.0000e+00
 2.074e+01 2.0301e-13 2.0301e-13 [ 4.8008e-37 3.3117e-23 2.1059e-19 2.0301e-13 ] 0.0000e+00 [ 0.0000e+00 ] 1.0000e+00
 2.085e+01 1.7258e-13 1.7258e-13 [ 2.0802e-37 1.8696e-23 1.3664e-19 1.7257e-13 ] 0.0000e+00 [ 0.0000e+00 ] 1.0000e+00
 2.097e+01 1.4670e-13 1.4670e-13 [ 8.9919e-38 1.0528e-23 8.8497e-20 1.4670e-13 ] 0.0000e+00 [ 0.0000e+00 ] 1.0000e+00
 2.108e+01 1.2470e-13 1.2470e-13 [ 3.8776e-38 5.9134e-24 5.7211e-20 1.2470e-13 ] 0.0000e+00 [ 0.0000e+00 ] 1.0000e+00
 2.119e+01 1.0600e-13 1.0600e-13 [ 1.6682e-38 3.3132e-24 3.6917e-20 1.0600e-13 ] 0.0000e+00 [ 0.0000e+00 ] 1.0000e+00
 2.131e+01 9.0098e-14 9.0098e-14 [ 7.1601e-39 1.8518e-24 2.3779e-20 9.0098e-14 ] 0.0000e+00 [ 0.0000e+00 ] 1.0000e+00
 2.142e+01 7.6583e-14 7.6583e-14 [ 3.0662e-39 1.0324e-24 1.5288e-20 7.6583e-14 ] 0.0000e+00 [ 0.0000e+00 ] 1.0000e+00
 2.153e+01 6.5094e-14 6.5094e-14 [ 1.3100e-39 5.7418e-25 9.8114e-21 6.5094e-14 ] 0.0000e+00 [ 0.0000e+00 ] 1.0000e+00
 2.165e+01 5.5328e-14 5.5328e-14 [ 5.5848e-40 3.1856e-25 6.2851e-21 5.5328e-14 ] 0.0000e+00 [ 0.0000e+00 ] 1.0000e+00
 2.176e+01 4.7026e-14 4.7026e-14 [ 2.3755e-40 1.7631e-25 4.0189e-21 4.7026e-14 ] 0.0000e+00 [ 0.0000e+00 ] 1.0000e+00
 2.187e+01 3.9970e-14 3.9970e-14 [ 1.0082e-40 9.7347e-26 2.5651e-21 3.9970e-14 ] 0.0000e+00 [ 0.0000e+00 ] 1.0000e+00
 2.199e+01 3.3971e-14 3.3971e-14 [ 4.2699e-41 5.3620e-26 1.6343e-21 3.3971e-14 ] 0.0000e+00 [ 0.0000e+00 ] 1.0000e+00
 2.210e+01 2.8873e-14 2.8873e-14 [ 1.8045e-41 2.9465e-26 1.0393e-21 2.8873e-14 ] 0.0000e+00 [ 0.0000e+00 ] 1.0000e+00
 2.221e+01 2.4539e-14 2.4539e-14 [ 7.6098e-42 1.6153e-26 6.5979e-22 2.4539e-14 ] 0.0000e+00 [ 0.0000e+00 ] 1.0000e+00
 2.233e+01 2.0856e-14 2.0856e-14 [ 3.2024e-42 8.8348e-27 4.1809e-22 2.0856e-14 ] 0.0000e+00 [ 0.0000e+00 ] 1.0000e+00
 2.244e+01 1.7725e-14 1.7725e-14 [ 1.3449e-42 4.8209e-27 2.6446e-22 1.7725e-14 ] 0.0000e+00 [ 0.0000e+00 ] 1.0000e+00
 2.255e+01 1.5064e-14 1.5064e-14 [ 5.6366e-43 2.6245e-27 1.6698e-22 1.5064e-14 ] 0.0000e+00 [ 0.0000e+00 ] 1.0000e+00
 2.267e+01 1.2802e-14 1.2802e-14 [ 2.3576e-43 1.4255e-27 1.0524e-22 1.2802e-14 ] 0.0000e+00 [ 0.0000e+00 ] 1.0000e+00
 2.278e+01 1.0880e-14 1.0880e-14 [ 9.8414e-44 7.7252e-28 6.6212e-23 1.0880e-14 ] 0.0000e+00 [ 0.0000e+00 ] 1.0000e+00
 2.289e+01 9.2459e-15 9.2459e-15 [ 4.1000e-44 4.1770e-28 4.1582e-23 9.2459e-15 ] 0.0000e+00 [ 0.0000e+00 ] 1.0000e+00
 2.301e+01 7.8574e-15 7.8574e-15 [ 1.7048e-44 2.2534e-28 2.6068e-23 7.8574e-15 ] 0.0000e+00 [ 0.0000e+00 ] 1.0000e+00
 2.312e+01 6.6773e-15 6.6773e-15 [ 7.0750e-45 1.2129e-28 1.6313e-23 6.6773e-15 ] 0.0000e+00 [ 0.0000e+00 ] 1.0000e+00
 2.323e+01 5.6744e-15 5.6744e-15 [ 2.9306e-45 6.5144e-29 1.0190e-23 5.6744e-15 ] 0.0000e+00 [ 0.0000e+00 ] 1.0000e+00
 2.335e+01 4.8221e-15 4.8221e-15 [ 1.2116e-45 3.4910e-29 6.3543e-24 4.8221e-15 ] 0.0000e+00 [ 0.0000e+00 ] 1.0000e+00
 2.346e+01 4.0977e-15 4.0977e-15 [ 4.9999e-46 1.8667e-29 3.9554e-24 4.0977e-15 ] 0.0000e+00 [ 0.0000e+00 ] 1.0000e+00
 2.357e+01 3.4821e-15 3.4821e-15 [ 2.0596e-46 9.9598e-30 2.4578e-24 3.4821e-15 ] 0.0000e+00 [ 0.0000e+00 ] 1.0000e+00
 2.369e+01 2.9590e-15 2.9590e-15 [ 8.4682e-47 5.3026e-30 1.5245e-24 2.9590e-15 ] 0.0000e+00 [ 0.0000e+00 ] 1.0000e+00
 2.380e+01 2.5144e-15 2.5144e-15 [ 3.4756e-47 2.8170e-30 9.4394e-25 2.5144e-15 ] 0.0000e+00 [ 0.0000e+00 ] 1.0000e+00
 2.391e+01 2.1366e-15 2.1366e-15 [ 1.4240e-47 1.4934e-30 5.8345e-25 2.1366e-15 ] 0.0000e+00 [ 0.0000e+00 ] 1.0000e+00
 2.403e+01 1.8155e-15 1.8155e-15 [ 5.8239e-48 7.8998e-31 3.6000e-25 1.8155e-15 ] 0.0000e+00 [ 0.0000e+00 ] 1.0000e+00
 2.414e+01 1.5427e-15 1.5427e-15 [ 2.3778e-48 4.1701e-31 2.2174e-25 1.5427e-15 ] 0.0000e+00 [ 0.0000e+00 ] 1.0000e+00
 2.425e+01 1.3109e-15 1.3109e-15 [ 9.6915e-49 2.1967e-31 1.3634e-25 1.3109e-15 ] 0.0000e+00 [ 0.0000e+00 ] 1.0000e+00
 2.437e+01 1.1139e-15 1.1139e-15 [ 3.9434e-49 1.1548e-31 8.3688e-26 1.1139e-15 ] 0.0000e+00 [ 0.0000e+00 ] 1.0000e+00
 2.448e+01 9.4645e-16 9.4645e-16 [ 1.6019e-49 6.0578e-32 5.1279e-26 9.4645e-16 ] 0.0000e+00 [ 0.0000e+00 ] 1.0000e+00
 2.459e+01 8.0419e-16 8.0419e-16 [ 6.4962e-50 3.1713e-32 3.1367e-26 8.0419e-16 ] 0.0000e+00 [ 0.0000e+00 ] 1.0000e+00
 2.471e+01 6.8331e-16 6.8331e-16 [ 2.6302e-50 1.6568e-32 1.9153e-26 6.8331e-16 ] 0.0000e+00 [ 0.0000e+00 ] 1.0000e+00
 2.482e+01 5.8059e-16 5.8059e-16 [ 1.0632e-50 8.6386e-33 1.1675e-26 5.8059e-16 ] 0.0000e+00 [ 0.0000e+00 ] 1.0000e+00
 2.493e+01 4.9331e-16 4.9331e-16 [ 4.2908e-51 4.4949e-33 7.1048e-27 4.9331e-16 ] 0.0000e+00 [ 0.0000e+00 ] 1.0000e+00
 2.505e+01 4.1915e-16 4.1915e-16 [ 1.7289e-51 2.3342e-33 4.3161e-27 4.1915e-16 ] 0.0000e+00 [ 0.0000e+00 ] 1.0000e+00
 2.516e+01 3.5613e-16 3.5613e-16 [ 6.9558e-52 1.2097e-33 2.6175e-27 3.5613e-16 ] 0.0000e+00 [ 0.0000e+00 ] 1.0000e+00
 2.527e+01 3.0259e-16 3.0259e-16 [ 2.7941e-52 6.2570e-34 1.5847e-27 3.0259e-16 ] 0.0000e+00 [ 0.0000e+00 ] 1.0000e+00
 2.539e+01 2.5709e-16 2.5709e-16 [ 1.1207e-52 3.2300e-34 9.5776e-28 2.5709e-16 ] 0.0000e+00 [ 0.0000e+00 ] 1.0000e+00
 2.550e+01 2.1843e-16 2.1843e-16 [ 4.4879e-53 1.6641e-34 5.7788e-28 2.1843e-16 ] 0.0000e+00 [ 0.0000e+00 ] 1.0000e+00
 2.561e+01 1.8559e-16 1.8559e-16 [ 1.7946e-53 8.5570e-35 3.4808e-28 1.8559e-16 ] 0.0000e+00 [ 0.0000e+00 ] 1.0000e+00
 2.573e+01 1.5768e-16 1.5768e-16 [ 7.1656e-54 4.3916e-35 2.0931e-28 1.5768e-16 ] 0.0000e+00 [ 0.0000e+00 ] 1.0000e+00
 2.584e+01 1.3397e-16 1.3397e-16 [ 2.8569e-54 2.2495e-35 1.2565e-28 1.3397e-16 ] 0.0000e+00 [ 0.0000e+00 ] 1.0000e+00
 2.595e+01 1.1382e-16 1.1382e-16 [ 1.1374e-54 1.1501e-35 7.5303e-29 1.1382e-16 ] 0.0000e+00 [ 0.0000e+00 ] 1.0000e+00
 2.607e+01 9.6700e-17 9.6700e-17 [ 4.5219e-55 5.8689e-36 4.5054e-29 9.6700e-17 ] 0.0000e+00 [ 0.0000e+00 ] 1.0000e+00
 2.618e+01 8.2156e-17 8.2156e-17 [ 1.7952e-55 2.9892e-36 2.6911e-29 8.2156e-17 ] 0.0000e+00 [ 0.0000e+00 ] 1.0000e+00
 2.629e+01 6.9799e-17 6.9799e-17 [ 7.1169e-56 1.5197e-36 1.6047e-29 6.9799e-17 ] 0.0000e+00 [ 0.0000e+00 ] 1.0000e+00
 2.641e+01 5.9301e-17 5.9301e-17 [ 2.8175e-56 7.7114e-37 9.5534e-30 5.9301e-17 ] 0.0000e+00 [ 0.0000e+00 ] 1.0000e+00
 2.652e+01 5.0381e-17 5.0381e-17 [ 1.1139e-56 3.9059e-37 5.6779e-30 5.0381e-17 ] 0.0000e+00 [ 0.0000e+00 ] 1.0000e+00
 2.663e+01 4.2802e-17 4.2802e-17 [ 4.3980e-57 1.9747e-37 3.3690e-30 4.2802e-17 ] 0.0000e+00 [ 0.0000e+00 ] 1.0000e+00
 2.675e+01 3.6364e-17 3.6364e-17 [ 1.7341e-57 9.9656e-38 1.9957e-30 3.6364e-17 ] 0.0000e+00 [ 0.0000e+00 ] 1.0000e+00
 2.686e+01 3.0893e-17 3.0893e-17 [ 6.8283e-58 5.0201e-38 1.1803e-30 3.0893e-17 ] 0.0000e+00 [ 0.0000e+00 ] 1.0000e+00
 2.697e+01 2.6246e-17 2.6246e-17 [ 2.6853e-58 2.5243e-38 6.9690e-31 2.6246e-17 ] 0.0000e+00 [ 0.0000e+00 ] 1.0000e+00
 2.709e+01 2.2297e-17 2.2297e-17 [ 1.0546e-58 1.2670e-38 4.1081e-31 2.2297e-17 ] 0.0000e+00 [ 0.0000e+00 ] 1.0000e+00
 2.720e+01 1.8943e-17 1.8943e-17 [ 4.1367e-59 6.3485e-39 2.4177e-31 1.8943e-17 ] 0.0000e+00 [ 0.0000e+00 ] 1.0000e+00
 2.731e+01 1.6093e-17 1.6093e-17 [ 1.6205e-59 3.1753e-39 1.4206e-31 1.6093e-17 ] 0.0000e+00 [ 0.0000e+00 ] 1.0000e+00
 2.743e+01 1.3672e-17 1.3672e-17 [ 6.3403e-60 1.5854e-39 8.3336e-32 1.3672e-17 ] 0.0000e+00 [ 0.0000e+00 ] 1.0000e+00
 2.754e+01 1.1615e-17 1.1615e-17 [ 2.4776e-60 7.9019e-40 4.8809e-32 1.1615e-17 ] 0.0000e+00 [ 0.0000e+00 ] 1.0000e+00
 2.765e+01 9.8670e-18 9.8670e-18 [ 9.6697e-61 3.9317e-40 2.8541e-32 9.8670e-18 ] 0.0000e+00 [ 0.0000e+00 ] 1.0000e+00
 2.777e+01 8.3823e-18 8.3823e-18 [ 3.7694e-61 1.9529e-40 1.6663e-32 8.3823e-18 ] 0.0000e+00 [ 0.0000e+00 ] 1.0000e+00
 2.788e+01 7.1211e-18 7.1211e-18 [ 1.4676e-61 9.6834e-41 9.7127e-33 7.1211e-18 ] 0.0000e+00 [ 0.0000e+00 ] 1.0000e+00
 2.799e+01 6.0496e-18 6.0496e-18 [ 5.7072e-62 4.7934e-41 5.6526e-33 6.0496e-18 ] 0.0000e+00 [ 0.0000e+00 ] 1.0000e+00
 2.811e+01 5.1393e-18 5.1393e-18 [ 2.2168e-62 2.3688e-41 3.2846e-33 5.1393e-18 ] 0.0000e+00 [ 0.0000e+00 ] 1.0000e+00
 2.822e+01 4.3659e-18 4.3659e-18 [ 8.6007e-63 1.1686e-41 1.9056e-33 4.3659e-18 ] 0.0000e+00 [ 0.0000e+00 ] 1.0000e+00
 2.833e+01 3.7090e-18 3.7090e-18 [ 3.3330e-63 5.7559e-42 1.1039e-33 3.7090e-18 ] 0.0000e+00 [ 0.0000e+00 ] 1.0000e+00
 2.845e+01 3.1508e-18 3.1508e-18 [ 1.2901e-63 2.8302e-42 6.3846e-34 3.1508e-18 ] 0.0000e+00 [ 0.0000e+00 ] 1.0000e+00
 2.856e+01 2.6767e-18 2.6767e-18 [ 4.9883e-64 1.3894e-42 3.6871e-34 2.6767e-18 ] 0.0000e+00 [ 0.0000e+00 ] 1.0000e+00
 2.867e+01 2.2739e-18 2.2739e-18 [ 1.9265e-64 6.8094e-43 2.1261e-34 2.2739e-18 ] 0.0000e+00 [ 0.0000e+00 ] 1.0000e+00
 2.879e+01 1.9317e-18 1.9317e-18 [ 7.4323e-65 3.3319e-43 1.2242e-34 1.9317e-18 ] 0.0000e+00 [ 0.0000e+00 ] 1.0000e+00
 2.890e+01 1.6410e-18 1.6410e-18 [ 2.8641e-65 1.6277e-43 7.0383e-35 1.6410e-18 ] 0.0000e+00 [ 0.0000e+00 ] 1.0000e+00
 2.901e+01 1.3941e-18 1.3941e-18 [ 1.1025e-65 7.9391e-44 4.0407e-35 1.3941e-18 ] 0.0000e+00 [ 0.0000e+00 ] 1.0000e+00
 2.913e+01 1.1843e-18 1.1843e-18 [ 4.2396e-66 3.8661e-44 2.3165e-35 1.1843e-18 ] 0.0000e+00 [ 0.0000e+00 ] 1.0000e+00
 2.924e+01 1.0061e-18 1.0061e-18 [ 1.6286e-66 1.8797e-44 1.3262e-35 1.0061e-18 ] 0.0000e+00 [ 0.0000e+00 ] 1.0000e+00
 2.935e+01 8.5470e-19 8.5470e-19 [ 6.2491e-67 9.1249e-45 7.5817e-36 8.5470e-19 ] 0.0000e+00 [ 0.0000e+00 ] 1.0000e+00
 2.947e+01 7.2609e-19 7.2609e-19 [ 2.3954e-67 4.4228e-45 4.3287e-36 7.2609e-19 ] 0.0000e+00 [ 0.0000e+00 ] 1.0000e+00
 2.958e+01 6.1684e-19 6.1684e-19 [ 9.1727e-68 2.1404e-45 2.4683e-36 6.1684e-19 ] 0.0000e+00 [ 0.0000e+00 ] 1.0000e+00
 2.969e+01 5.2402e-19 5.2402e-19 [ 3.5089e-68 1.0342e-45 1.4057e-36 5.2402e-19 ] 0.0000e+00 [ 0.0000e+00 ] 1.0000e+00
 2.981e+01 4.4517e-19 4.4517e-19 [ 1.3409e-68 4.9900e-46 7.9957e-37 4.4517e-19 ] 0.0000e+00 [ 0.0000e+00 ] 1.0000e+00
 2.992e+01 3.7819e-19 3.7819e-19 [ 5.1193e-69 2.4039e-46 4.5429e-37 3.7819e-19 ] 0.0000e+00 [ 0.0000e+00 ] 1.0000e+00
 3.003e+01 3.2129e-19 3.2129e-19 [ 1.9525e-69 1.1564e-46 2.5785e-37 3.2129e-19 ] 0.0000e+00 [ 0.0000e+00 ] 1.0000e+00
 3.015e+01 2.7296e-19 2.7296e-19 [ 7.4393e-70 5.5546e-47 1.4620e-37 2.7296e-19 ] 0.0000e+00 [ 0.0000e+00 ] 1.0000e+00
 3.026e+01 2.3189e-19 2.3189e-19 [ 2.8318e-70 2.6642e-47 8.2827e-38 2.3189e-19 ] 0.0000e+00 [ 0.0000e+00 ] 1.0000e+00
 3.037e+01 1.9701e-19 1.9701e-19 [ 1.0769e-70 1.2760e-47 4.6886e-38 1.9701e-19 ] 0.0000e+00 [ 0.0000e+00 ] 1.0000e+00
 3.049e+01 1.6737e-19 1.6737e-19 [ 4.0914e-71 6.1029e-48 2.6524e-38 1.6737e-19 ] 0.0000e+00 [ 0.0000e+00 ] 1.0000e+00
 3.060e+01 1.4220e-19 1.4220e-19 [ 1.5530e-71 2.9148e-48 1.4997e-38 1.4220e-19 ] 0.0000e+00 [ 0.0000e+00 ] 1.0000e+00
 3.071e+01 1.2081e-19 1.2081e-19 [ 5.8891e-72 1.3903e-48 8.4767e-39 1.2081e-19 ] 0.0000e+00 [ 0.0000e+00 ] 1.0000e+00
 3.083e+01 1.0264e-19 1.0264e-19 [ 2.2312e-72 6.6221e-49 4.7904e-39 1.0264e-19 ] 0.0000e+00 [ 0.0000e+00 ] 1.0000e+00
 3.094e+01 8.7210e-20 8.7210e-20 [ 8.4457e-73 3.1501e-49 2.7073e-39 8.7210e-20 ] 0.0000e+00 [ 0.0000e+00 ] 1.0000e+00
 3.105e+01 7.4098e-20 7.4098e-20 [ 3.1941e-73 1.4966e-49 1.5304e-39 7.4098e-20 ] 0.0000e+00 [ 0.0000e+00 ] 1.0000e+00
 3.117e+01 6.2958e-20 6.2958e-20 [ 1.2069e-73 7.1012e-50 8.6560e-40 6.2958e-20 ] 0.0000e+00 [ 0.0000e+00 ] 1.0000e+00
 3.128e+01 5.3495e-20 5.3495e-20 [ 4.5563e-74 3.3655e-50 4.8998e-40 5.3495e-20 ] 0.0000e+00 [ 0.0000e+00 ] 1.0000e+00
 3.139e+01 4.5455e-20 4.5455e-20 [ 1.7186e-74 1.5931e-50 2.7767e-40 4.5455e-20 ] 0.0000e+00 [ 0.0000e+00 ] 1.0000e+00
 3.151e+01 3.8625e-20 3.8625e-20 [ 6.4771e-75 7.5333e-51 1.5759e-40 3.8625e-20 ] 0.0000e+00 [ 0.0000e+00 ] 1.0000e+00
 3.162e+01 3.2822e-20 3.2822e-20 [ 2.4390e-75 3.5585e-51 8.9606e-41 3.2822e-20 ] 0.0000e+00 [ 0.0000e+00 ] 1.0000e+00
 3.173e+01 2.7892e-20 2.7892e-20 [ 9.1769e-76 1.6793e-51 5.1063e-41 2.7892e-20 ] 0.0000e+00 [ 0.0000e+00 ] 1.0000e+00
 3.185e+01 2.3703e-20 2.3703e-20 [ 3.4500e-76 7.9174e-52 2.9176e-41 2.3703e-20 ] 0.0000e+00 [ 0.0000e+00 ] 1.0000e+00
 3.196e+01 2.0144e-20 2.0144e-20 [ 1.2960e-76 3.7299e-52 1.6721e-41 2.0144e-20 ] 0.0000e+00 [ 0.0000e+00 ] 1.0000e+00
 3.207e+01 1.7120e-20 1.7120e-20 [ 4.8646e-77 1.7559e-52 9.6166e-42 1.7120e-20 ] 0.0000e+00 [ 0.0000e+00 ] 1.0000e+00
 3.219e+01 1.4551e-20 1.4551e-20 [ 1.8246e-77 8.2614e-53 5.5519e-42 1.4551e-20 ] 0.0000e+00 [ 0.0000e+00 ] 1.0000e+00
 3.230e+01 1.2368e-20 1.2368e-20 [ 6.8383e-78 3.8851e-53 3.2188e-42 1.2368e-20 ] 0.0000e+00 [ 0.0000e+00 ] 1.0000e+00
 3.241e+01 1.0514e-20 1.0514e-20 [ 2.5611e-78 1.8265e-53 1.8746e-42 1.0514e-20 ] 0.0000e+00 [ 0.0000e+00 ] 1.0000e+00
 3.253e+01 8.9376e-21 8.9376e-21 [ 9.5850e-79 8.5857e-54 1.0971e-42 8.9376e-21 ] 0.0000e+00 [ 0.0000e+00 ] 1.0000e+00
 3.264e+01 7.5983e-21 7.5983e-21 [ 3.5848e-79 4.0360e-54 6.4522e-43 7.5983e-21 ] 0.0000e+00 [ 0.0000e+00 ] 1.0000e+00
 3.275e+01 6.4603e-21 6.4603e-21 [ 1.3399e-79 1.8978e-54 3.8142e-43 6.4603e-21 ] 0.0000e+00 [ 0.0000e+00 ] 1.0000e+00
 3.287e+01 5.4931e-21 5.4931e-21 [ 5.0049e-80 8.9285e-55 2.2665e-43 5.4931e-21 ] 0.0000e+00 [ 0.0000e+00 ] 1.0000e+00
 3.298e+01 4.6711e-21 4.6711e-21 [ 1.8684e-80 4.2038e-55 1.3536e-43 4.6711e-21 ] 0.0000e+00 [ 0.0000e+00 ] 1.0000e+00
 3.309e+01 3.9726e-21 3.9726e-21 [ 6.9715e-81 1.9815e-55 8.1250e-44 3.9726e-21 ] 0.0000e+00 [ 0.0000e+00 ] 1.0000e+00
 3.321e+01 3.3788e-21 3.3788e-21 [ 2.5999e-81 9.3527e-56 4.9001e-44 3.3788e-21 ] 0.0000e+00 [ 0.0000e+00 ] 1.0000e+00
 3.332e+01 2.8742e-21 2.8742e-21 [ 9.6918e-82 4.4224e-56 2.9685e-44 2.8742e-21 ] 0.0000e+00 [ 0.0000e+00 ] 1.0000e+00
 3.343e+01 2.4452e-21 2.4452e-21 [ 3.6115e-82 2.0956e-56 1.8059e-44 2.4452e-21 ] 0.0000e+00 [ 0.0000e+00 ] 1.0000e+00
 3.355e+01 2.0805e-21 2.0805e-21 [ 1.3453e-82 9.9556e-57 1.1028e-44 2.0805e-21 ] 0.0000e+00 [ 0.0000e+00 ] 1.0000e+00
 3.366e+01 1.7705e-21 1.7705e-21 [ 5.0105e-83 4.7436e-57 6.7573e-45 1.7705e-21 ] 0.0000e+00 [ 0.0000e+00 ] 1.0000e+00
 3.377e+01 1.5069e-21 1.5069e-21 [ 1.8658e-83 2.2678e-57 4.1530e-45 1.5069e-21 ] 0.0000e+00 [ 0.0000e+00 ] 1.0000e+00
 3.389e+01 1.2828e-21 1.2828e-21 [ 6.9479e-84 1.0883e-57 2.5591e-45 1.2828e-21 ] 0.0000e+00 [ 0.0000e+00 ] 1.0000e+00
 3.400e+01 1.0922e-21 1.0922e-21 [ 2.5874e-84 5.2442e-58 1.5805e-45 1.0922e-21 ] 0.0000e+00 [ 0.0000e+00 ] 1.0000e+00
 3.411e+01 9.3012e-22 9.3012e-22 [ 9.6379e-85 2.5385e-58 9.7790e-46 9.3012e-22 ] 0.0000e+00 [ 0.0000e+00 ] 1.0000e+00
 3.423e+01 7.9226e-22 7.9226e-22 [ 3.5913e-85 1.2347e-58 6.0596e-46 7.9226e-22 ] 0.0000e+00 [ 0.0000e+00 ] 1.0000e+00
 3.434e+01 6.7499e-22 6.7499e-22 [ 1.3390e-85 6.0357e-59 3.7593e-46 6.7499e-22 ] 0.0000e+00 [ 0.0000e+00 ] 1.0000e+00
 3.445e+01 5.7522e-22 5.7522e-22 [ 4.9959e-86 2.9660e-59 2.3343e-46 5.7522e-22 ] 0.0000e+00 [ 0.0000e+00 ] 1.0000e+00
 3.457e+01 4.9033e-22 4.9033e-22 [ 1.8658e-86 1.4653e-59 1.4503e-46 4.9033e-22 ] 0.0000e+00 [ 0.0000e+00 ] 1.0000e+00
 3.468e+01 4.1809e-22 4.1809e-22 [ 6.9770e-87 7.2776e-60 9.0141e-47 4.1809e-22 ] 0.0000e+00 [ 0.0000e+00 ] 1.0000e+00
 3.479e+01 3.5660e-22 3.5660e-22 [ 2.6129e-87 3.6336e-60 5.6034e-47 3.5660e-22 ] 0.0000e+00 [ 0.0000e+00 ] 1.0000e+00
 3.491e+01 3.0426e-22 3.0426e-22 [ 9.8026e-88 1.8235e-60 3.4830e-47 3.0426e-22 ] 0.0000e+00 [ 0.0000e+00 ] 1.0000e+00
 3.502e+01 2.5969e-22 2.5969e-22 [ 3.6855e-88 9.1957e-61 2.1646e-47 2.5969e-22 ] 0.0000e+00 [ 0.0000e+00 ] 1.0000e+00
 3.513e+01 2.2174e-22 2.2174e-22 [ 1.3891e-88 4.6587e-61 1.3447e-47 2.2174e-22 ] 0.0000e+00 [ 0.0000e+00 ] 1.0000e+00
 3.525e+01 1.8941e-22 1.8941e-22 [ 5.2505e-89 2.3702e-61 8.3502e-48 1.8941e-22 ] 0.0000e+00 [ 0.0000e+00 ] 1.0000e+00
 3.536e+01 1.6186e-22 1.6186e-22 [ 1.9911e-89 1.2106e-61 5.1820e-48 1.6186e-22 ] 0.0000e+00 [ 0.0000e+00 ] 1.0000e+00
 3.547e+01 1.3839e-22 1.3839e-22 [ 7.5783e-90 6.2048e-62 3.2136e-48 1.3839e-22 ] 0.0000e+00 [ 0.0000e+00 ] 1.0000e+00
 3.559e+01 1.1837e-22 1.1837e-22 [ 2.8961e-90 3.1902e-62 1.9914e-48 1.1837e-22 ] 0.0000e+00 [ 0.0000e+00 ] 1.0000e+00
 3.570e+01 1.0131e-22 1.0131e-22 [ 1.1117e-90 1.6446e-62 1.2330e-48 1.0131e-22 ] 0.0000e+00 [ 0.0000e+00 ] 1.0000e+00
 3.581e+01 8.6753e-23 8.6753e-23 [ 4.2881e-91 8.4983e-63 7.6278e-49 8.6753e-23 ] 0.0000e+00 [ 0.0000e+00 ] 1.0000e+00
 3.593e+01 7.4333e-23 7.4333e-23 [ 1.6626e-91 4.4000e-63 4.7142e-49 7.4333e-23 ] 0.0000e+00 [ 0.0000e+00 ] 1.0000e+00
 3.604e+01 6.3731e-23 6.3731e-23 [ 6.4811e-92 2.2818e-63 2.9107e-49 6.3731e-23 ] 0.0000e+00 [ 0.0000e+00 ] 1.0000e+00
 3.615e+01 5.4678e-23 5.4678e-23 [ 2.5408e-92 1.1849e-63 1.7953e-49 5.4678e-23 ] 0.0000e+00 [ 0.0000e+00 ] 1.0000e+00
 3.627e+01 4.6943e-23 4.6943e-23 [ 1.0019e-92 6.1589e-64 1.1062e-49 4.6943e-23 ] 0.0000e+00 [ 0.0000e+00 ] 1.0000e+00
 3.638e+01 4.0333e-23 4.0333e-23 [ 3.9738e-93 3.2038e-64 6.8084e-50 4.0333e-23 ] 0.0000e+00 [ 0.0000e+00 ] 1.0000e+00
 3.649e+01 3.4681e-23 3.4681e-23 [ 1.5854e-93 1.6675e-64 4.1859e-50 3.4681e-23 ] 0.0000e+00 [ 0.0000e+00 ] 1.0000e+00
 3.661e+01 2.9845e-23 2.9845e-23 [ 6.3613e-94 8.6815e-65 2.5707e-50 2.9845e-23 ] 0.0000e+00 [ 0.0000e+00 ] 1.0000e+00
 3.672e+01 2.5706e-23 2.5706e-23 [ 2.5668e-94 4.5206e-65 1.5770e-50 2.5706e-23 ] 0.0000e+00 [ 0.0000e+00 ] 1.0000e+00
 3.683e+01 2.2161e-23 2.2161e-23 [ 1.0412e-94 2.3539e-65 9.6627e-51 2.2161e-23 ] 0.0000e+00 [ 0.0000e+00 ] 1.0000e+00
 3.695e+01 1.9122e-23 1.9122e-23 [ 4.2450e-95 1.2255e-65 5.9139e-51 1.9122e-23 ] 0.0000e+00 [ 0.0000e+00 ] 1.0000e+00
 3.706e+01 1.6517e-23 1.6517e-23 [ 1.7388e-95 6.3787e-66 3.6154e-51 1.6517e-23 ] 0.0000e+00 [ 0.0000e+00 ] 1.0000e+00
 3.717e+01 1.4281e-23 1.4281e-23 [ 7.1531e-96 3.3188e-66 2.2077e-51 1.4281e-23 ] 0.0000e+00 [ 0.0000e+00 ] 1.0000e+00
 3.729e+01 1.2361e-23 1.2361e-23 [ 2.9542e-96 1.7260e-66 1.3465e-51 1.2361e-23 ] 0.0000e+00 [ 0.0000e+00 ] 1.0000e+00
 3.740e+01 1.0710e-23 1.0710e-23 [ 1.2244e-96 8.9713e-67 8.2028e-52 1.0710e-23 ] 0.0000e+00 [ 0.0000e+00 ] 1.0000e+00
 3.751e+01 9.2909e-24 9.2909e-24 [ 5.0908e-97 4.6603e-67 4.9914e-52 9.2909e-24 ] 0.0000e+00 [ 0.0000e+00 ] 1.0000e+00
 3.763e+01 8.0689e-24 8.0689e-24 [ 2.1225e-97 2.4193e-67 3.0337e-52 8.0689e-24 ] 0.0000e+00 [ 0.0000e+00 ] 1.0000e+00
 3.774e+01 7.0160e-24 7.0160e-24 [ 8.8705e-98 1.2551e-67 1.8417e-52 7.0160e-24 ] 0.0000e+00 [ 0.0000e+00 ] 1.0000e+00
 3.785e+01 6.1079e-24 6.1079e-24 [ 3.7150e-98 6.5060e-68 1.1167e-52 6.1079e-24 ] 0.0000e+00 [ 0.0000e+00 ] 1.0000e+00
 3.797e+01 5.3240e-24 5.3240e-24 [ 1.5586e-98 3.3700e-68 6.7634e-53 5.3240e-24 ] 0.0000e+00 [ 0.0000e+00 ] 1.0000e+00
 3.808e+01 4.6466e-24 4.6466e-24 [ 6.5491e-99 1.7442e-68 4.0915e-53 4.6466e-24 ] 0.0000e+00 [ 0.0000e+00 ] 1.0000e+00
 3.819e+01 4.0606e-24 4.0606e-24 [ 2.7552e-99 9.0201e-69 2.4723e-53 4.0606e-24 ] 0.0000e+00 [ 0.0000e+00 ] 1.0000e+00
 3.831e+01 3.5531e-24 3.5531e-24 [ 1.1603e-99 4.6608e-69 1.4921e-53 3.5531e-24 ] 0.0000e+00 [ 0.0000e+00 ] 1.0000e+00
 3.842e+01 3.1131e-24 3.1131e-24 [ 4.8906e-100 2.4062e-69 8.9951e-54 3.1131e-24 ] 0.0000e+00 [ 0.0000e+00 ] 1.0000e+00
 3.853e+01 2.7312e-24 2.7312e-24 [ 2.0627e-100 1.2412e-69 5.4163e-54 2.7312e-24 ] 0.0000e+00 [ 0.0000e+00 ] 1.0000e+00
 3.865e+01 2.3993e-24 2.3993e-24 [ 8.7040e-101 6.3967e-70 3.2576e-54 2.3993e-24 ] 0.0000e+00 [ 0.0000e+00 ] 1.0000e+00
 3.876e+01 2.1105e-24 2.1105e-24 [ 3.6742e-101 3.2938e-70 1.9570e-54 2.1105e-24 ] 0.0000e+00 [ 0.0000e+00 ] 1.0000e+00
 3.887e+01 1.8590e-24 1.8590e-24 [ 1.5514e-101 1.6945e-70 1.1744e-54 1.8590e-24 ] 0.0000e+00 [ 0.0000e+00 ] 1.0000e+00
 3.899e+01 1.6395e-24 1.6395e-24 [ 6.5513e-102 8.7098e-71 7.0388e-55 1.6395e-24 ] 0.0000e+00 [ 0.0000e+00 ] 1.0000e+00
 3.910e+01 1.4478e-24 1.4478e-24 [ 2.7668e-102 4.4729e-71 4.2141e-55 1.4478e-24 ] 0.0000e+00 [ 0.0000e+00 ] 1.0000e+00
 3.921e+01 1.2802e-24 1.2802e-24 [ 1.1685e-102 2.2949e-71 2.5200e-55 1.2802e-24 ] 0.0000e+00 [ 0.0000e+00 ] 1.0000e+00
 3.933e+01 1.1334e-24 1.1334e-24 [ 4.9342e-103 1.1764e-71 1.5053e-55 1.1334e-24 ] 0.0000e+00 [ 0.0000e+00 ] 1.0000e+00
 3.944e+01 1.0047e-24 1.0047e-24 [ 2.0834e-103 6.0251e-72 8.9814e-56 1.0047e-24 ] 0.0000e+00 [ 0.0000e+00 ] 1.0000e+00
 3.955e+01 8.9161e-25 8.9161e-25 [ 8.7951e-104 3.0830e-72 5.3527e-56 8.9161e-25 ] 0.0000e+00 [ 0.0000e+00 ] 1.0000e+00
 3.967e+01 7.9221e-25 7.9221e-25 [ 3.7121e-104 1.5762e-72 3.1865e-56 7.9221e-25 ] 0.0000e+00 [ 0.0000e+00 ] 1.0000e+00
 3.978e+01 7.0468e-25 7.0468e-25 [ 1.5664e-104 8.0508e-73 1.8948e-56 7.0468e-25 ] 0.0000e+00 [ 0.0000e+00 ] 1.0000e+00
 3.989e+01 6.2752e-25 6.2752e-25 [ 6.6077e-105 4.1085e-73 1.1255e-56 6.2752e-25 ] 0.0000e+00 [ 0.0000e+00 ] 1.0000e+00
 4.001e+01 5.5940e-25 5.5940e-25 [ 2.7866e-105 2.0948e-73 6.6777e-57 5.5940e-25 ] 0.0000e+00 [ 0.0000e+00 ] 1.0000e+00
 4.012e+01 4.9918e-25 4.9918e-25 [ 1.1748e-105 1.0671e-73 3.9575e-57 4.9918e-25 ] 0.0000e+00 [ 0.0000e+00 ] 1.0000e+00
 4.023e+01 4.4588e-25 4.4588e-25 [ 4.9510e-106 5.4314e-74 2.3429e-57 4.4588e-25 ] 0.0000e+00 [ 0.0000e+00 ] 1.0000e+00
 4.035e+01 3.9864e-25 3.9864e-25 [ 2.0858e-106 2.7620e-74 1.3854e-57 3.9864e-25 ] 0.0000e+00 [ 0.0000e+00 ] 1.0000e+00
 4.046e+01 3.5672e-25 3.5672e-25 [ 8.7843e-107 1.4033e-74 8.1837e-58 3.5672e-25 ] 0.0000e+00 [ 0.0000e+00 ] 1.0000e+00
 4.057e+01 3.1949e-25 3.1949e-25 [ 3.6981e-107 7.1235e-75 4.8288e-58 3.1949e-25 ] 0.0000e+00 [ 0.0000e+00 ] 1.0000e+00
 4.069e+01 2.8636e-25 2.8636e-25 [ 1.5562e-107 3.6129e-75 2.8461e-58 2.8636e-25 ] 0.0000e+00 [ 0.0000e+00 ] 1.0000e+00
 4.080e+01 2.5687e-25 2.5687e-25 [ 6.5465e-108 1.8308e-75 1.6757e-58 2.5687e-25 ] 0.0000e+00 [ 0.0000e+00 ] 1.0000e+00
 4.091e+01 2.3058e-25 2.3058e-25 [ 2.7528e-108 9.2698e-76 9.8549e-59 2.3058e-25 ] 0.0000e+00 [ 0.0000e+00 ] 1.0000e+00
 4.103e+01 2.0712e-25 2.0712e-25 [ 1.1571e-108 4.6893e-76 5.7896e-59 2.0712e-25 ] 0.0000e+00 [ 0.0000e+00 ] 1.0000e+00
 4.114e+01 1.8616e-25 1.8616e-25 [ 4.8618e-109 2.3702e-76 3.3977e-59 1.8616e-25 ] 0.0000e+00 [ 0.0000e+00 ] 1.0000e+00
 4.125e+01 1.6742e-25 1.6742e-25 [ 2.0420e-109 1.1970e-76 1.9918e-59 1.6742e-25 ] 0.0000e+00 [ 0.0000e+00 ] 1.0000e+00
 4.137e+01 1.5065e-25 1.5065e-25 [ 8.5728e-110 6.0397e-77 1.1664e-59 1.5065e-25 ] 0.0000e+00 [ 0.0000e+00 ] 1.0000e+00
 4.148e+01 1.3562e-25 1.3562e-25 [ 3.5977e-110 3.0450e-77 6.8230e-60 1.3562e-25 ] 0.0000e+00 [ 0.0000e+00 ] 1.0000e+00
 4.159e+01 1.2215e-25 1.2215e-25 [ 1.5092e-110 1.5339e-77 3.9870e-60 1.2215e-25 ] 0.0000e+00 [ 0.0000e+00 ] 1.0000e+00
 4.171e+01 1.1007e-25 1.1007e-25 [ 6.3286e-111 7.7201e-78 2.3273e-60 1.1007e-25 ] 0.0000e+00 [ 0.0000e+00 ] 1.0000e+00
 4.182e+01 9.9218e-26 9.9218e-26 [ 2.6527e-111 3.8824e-78 1.3571e-60 9.9218e-26 ] 0.0000e+00 [ 0.0000e+00 ] 1.0000e+00
 4.193e+01 8.9468e-26 8.9468e-26 [ 1.1114e-111 1.9508e-78 7.9051e-61 8.9468e-26 ] 0.0000e+00 [ 0.0000e+00 ] 1.0000e+00
 4.205e+01 8.0702e-26 8.0702e-26 [ 4.6550e-112 9.7944e-79 4.5999e-61 8.0702e-26 ] 0.0000e+00 [ 0.0000e+00 ] 1.0000e+00
 4.216e+01 7.2815e-26 7.2815e-26 [ 1.9488e-112 4.9134e-79 2.6738e-61 7.2815e-26 ] 0.0000e+00 [ 0.0000e+00 ] 1.0000e+00
 4.227e+01 6.5716e-26 6.5716e-26 [ 8.1557e-113 2.4628e-79 1.5526e-61 6.5716e-26 ] 0.0000e+00 [ 0.0000e+00 ] 1.0000e+00
 4.239e+01 5.9323e-26 5.9323e-26 [ 3.4117e-113 1.2335e-79 9.0065e-62 5.9323e-26 ] 0.0000e+00 [ 0.0000e+00 ] 1.0000e+00
 4.250e+01 5.3561e-26 5.3561e-26 [ 1.4267e-113 6.1727e-80 5.2190e-62 5.3561e-26 ] 0.0000e+00 [ 0.0000e+00 ] 1.0000e+00
 4.261e+01 4.8368e-26 4.8368e-26 [ 5.9633e-114 3.0865e-80 3.0212e-62 4.8368e-26 ] 0.0000e+00 [ 0.0000e+00 ] 1.0000e+00
 4.273e+01 4.3684e-26 4.3684e-26 [ 2.4917e-114 1.5421e-80 1.7471e-62 4.3684e-26 ] 0.0000e+00 [ 0.0000e+00 ] 1.0000e+00
 4.284e+01 3.9459e-26 3.9459e-26 [ 1.0407e-114 7.6988e-81 1.0093e-62 3.9459e-26 ] 0.0000e+00 [ 0.0000e+00 ] 1.0000e+00
 4.295e+01 3.5646e-26 3.5646e-26 [ 4.3449e-115 3.8404e-81 5.8247e-63 3.5646e-26 ] 0.0000e+00 [ 0.0000e+00 ] 1.0000e+00
 4.307e+01 3.2203e-26 3.2203e-26 [ 1.8133e-115 1.9142e-81 3.3580e-63 3.2203e-26 ] 0.0000e+00 [ 0.0000e+00 ] 1.0000e+00
 4.318e+01 2.9095e-26 2.9095e-26 [ 7.5650e-116 9.5339e-82 1.9340e-63 2.9095e-26 ] 0.0000e+00 [ 0.0000e+00 ] 1.0000e+00
 4.329e+01 2.6288e-26 2.6288e-26 [ 3.1548e-116 4.7447e-82 1.1127e-63 2.6288e-26 ] 0.0000e+00 [ 0.0000e+00 ] 1.0000e+00
 4.341e+01 2.3752e-26 2.3752e-26 [ 1.3151e-116 2.3594e-82 6.3958e-64 2.3752e-26 ] 0.0000e+00 [ 0.0000e+00 ] 1.0000e+00
 4.352e+01 2.1460e-26 2.1460e-26 [ 5.4802e-117 1.1724e-82 3.6724e-64 2.1460e-26 ] 0.0000e+00 [ 0.0000e+00 ] 1.0000e+00
 4.363e+01 1.9390e-26 1.9390e-26 [ 2.2828e-117 5.8209e-83 2.1066e-64 1.9390e-26 ] 0.0000e+00 [ 0.0000e+00 ] 1.0000e+00
 4.375e+01 1.7518e-26 1.7518e-26 [ 9.5054e-118 2.8879e-83 1.2072e-64 1.7518e-26 ] 0.0000e+00 [ 0.0000e+00 ] 1.0000e+00
 4.386e+01 1.5827e-26 1.5827e-26 [ 3.9565e-118 1.4317e-83 6.9112e-65 1.5827e-26 ] 0.0000e+00 [ 0.0000e+00 ] 1.0000e+00
 4.397e+01 1.4298e-26 1.4298e-26 [ 1.6462e-118 7.0923e-84 3.9527e-65 1.4298e-26 ] 0.0000e+00 [ 0.0000e+00 ] 1.0000e+00
 4.409e+01 1.2915e-26 1.2915e-26 [ 6.8472e-119 3.5107e-84 2.2584e-65 1.2915e-26 ] 0.0000e+00 [ 0.0000e+00 ] 1.0000e+00
 4.420e+01 1.1666e-26 1.1666e-26 [ 2.8469e-119 1.7365e-84 1.2891e-65 1.1666e-26 ] 0.0000e+00 [ 0.0000e+00 ] 1.0000e+00
 4.431e+01 1.0536e-26 1.0536e-26 [ 1.1833e-119 8.5828e-85 7.3510e-66 1.0536e-26 ] 0.0000e+00 [ 0.0000e+00 ] 1.0000e+00
 4.443e+01 9.5147e-27 9.5147e-27 [ 4.9161e-120 4.2390e-85 4.1878e-66 9.5147e-27 ] 0.0000e+00 [ 0.0000e+00 ] 1.0000e+00
 4.454e+01 8.5914e-27 8.5914e-27 [ 2.0418e-120 2.0920e-85 2.3834e-66 8.5914e-27 ] 0.0000e+00 [ 0.0000e+00 ] 1.0000e+00
 4.465e+01 7.7568e-27 7.7568e-27 [ 8.4770e-121 1.0317e-85 1.3552e-66 7.7568e-27 ] 0.0000e+00 [ 0.0000e+00 ] 1.0000e+00
 4.477e+01 7.0023e-27 7.0023e-27 [ 3.5182e-121 5.0843e-86 7.6980e-67 7.0023e-27 ] 0.0000e+00 [ 0.0000e+00 ] 1.0000e+00
 4.488e+01 6.3203e-27 6.3203e-27 [ 1.4596e-121 2.5037e-86 4.3686e-67 6.3203e-27 ] 0.0000e+00 [ 0.0000e+00 ] 1.0000e+00
 4.499e+01 5.7039e-27 5.7039e-27 [ 6.0534e-122 1.2320e-86 2.4768e-67 5.7039e-27 ] 0.0000e+00 [ 0.0000e+00 ] 1.0000e+00
 4.511e+01 5.1468e-27 5.1468e-27 [ 2.5097e-122 6.0583e-87 1.4029e-67 5.1468e-27 ] 0.0000e+00 [ 0.0000e+00 ] 1.0000e+00
 4.522e+01 4.6433e-27 4.6433e-27 [ 1.0401e-122 2.9769e-87 7.9386e-68 4.6433e-27 ] 0.0000e+00 [ 0.0000e+00 ] 1.0000e+00
 4.533e+01 4.1884e-27 4.1884e-27 [ 4.3091e-123 1.4617e-87 4.4880e-68 4.1884e-27 ] 0.0000e+00 [ 0.0000e+00 ] 1.0000e+00
 4.545e+01 3.7774e-27 3.7774e-27 [ 1.7846e-123 7.1722e-88 2.5348e-68 3.7774e-27 ] 0.0000e+00 [ 0.0000e+00 ] 1.0000e+00
 4.556e+01 3.4062e-27 3.4062e-27 [ 7.3884e-124 3.5167e-88 1.4304e-68 3.4062e-27 ] 0.0000e+00 [ 0.0000e+00 ] 1.0000e+00
 4.567e+01 3.0708e-27 3.0708e-27 [ 3.0578e-124 1.7231e-88 8.0636e-69 3.0708e-27 ] 0.0000e+00 [ 0.0000e+00 ] 1.0000e+00
 4.579e+01 2.7680e-27 2.7680e-27 [ 1.2651e-124 8.4369e-89 4.5416e-69 2.7680e-27 ] 0.0000e+00 [ 0.0000e+00 ] 1.0000e+00
 4.590e+01 2.4945e-27 2.4945e-27 [ 5.2322e-125 4.1281e-89 2.5556e-69 2.4945e-27 ] 0.0000e+00 [ 0.0000e+00 ] 1.0000e+00
 4.601e+01 2.2476e-27 2.2476e-27 [ 2.1632e-125 2.0184e-89 1.4367e-69 2.2476e-27 ] 0.0000e+00 [ 0.0000e+00 ] 1.0000e+00
 4.613e+01 2.0247e-27 2.0247e-27 [ 8.9406e-126 9.8623e-90 8.0692e-70 2.0247e-27 ] 0.0000e+00 [ 0.0000e+00 ] 1.0000e+00
 4.624e+01 1.8236e-27 1.8236e-27 [ 3.6939e-126 4.8155e-90 4.5280e-70 1.8236e-27 ] 0.0000e+00 [ 0.0000e+00 ] 1.0000e+00
 4.635e+01 1.6421e-27 1.6421e-27 [ 1.5257e-126 2.3497e-90 2.5385e-70 1.6421e-27 ] 0.0000e+00 [ 0.0000e+00 ] 1.0000e+00
 4.647e+01 1.4783e-27 1.4783e-27 [ 6.2995e-127 1.1457e-90 1.4219e-70 1.4783e-27 ] 0.0000e+00 [ 0.0000e+00 ] 1.0000e+00
 4.658e+01 1.3306e-27 1.3306e-27 [ 2.6001e-127 5.5828e-91 7.9569e-71 1.3306e-27 ] 0.0000e+00 [ 0.0000e+00 ] 1.0000e+00
 4.669e+01 1.1974e-27 1.1974e-27 [ 1.0729e-127 2.7185e-91 4.4487e-71 1.1974e-27 ] 0.0000e+00 [ 0.0000e+00 ] 1.0000e+00
 4.681e+01 1.0773e-27 1.0773e-27 [ 4.4254e-128 1.3229e-91 2.4851e-71 1.0773e-27 ] 0.0000e+00 [ 0.0000e+00 ] 1.0000e+00
 4.692e+01 9.6902e-28 9.6902e-28 [ 1.8248e-128 6.4331e-92 1.3869e-71 9.6902e-28 ] 0.0000e+00 [ 0.0000e+00 ] 1.0000e+00
 4.703e+01 8.7143e-28 8.7143e-28 [ 7.5221e-129 3.1263e-92 7.7332e-72 8.7143e-28 ] 0.0000e+00 [ 0.0000e+00 ] 1.0000e+00
 4.715e+01 7.8348e-28 7.8348e-28 [ 3.0997e-129 1.5183e-92 4.3082e-72 7.8348e-28 ] 0.0000e+00 [ 0.0000e+00 ] 1.0000e+00
 4.726e+01 7.0425e-28 7.0425e-28 [ 1.2769e-129 7.3685e-93 2.3979e-72 7.0425e-28 ] 0.0000e+00 [ 0.0000e+00 ] 1.0000e+00
 4.737e+01 6.3289e-28 6.3289e-28 [ 5.2587e-130 3.5737e-93 1.3335e-72 6.3289e-28 ] 0.0000e+00 [ 0.0000e+00 ] 1.0000e+00
 4.749e+01 5.6862e-28 5.6862e-28 [ 2.1650e-130 1.7321e-93 7.4091e-73 5.6862e-28 ] 0.0000e+00 [ 0.0000e+00 ] 1.0000e+00
 4.760e+01 5.1076e-28 5.1076e-28 [ 8.9101e-131 8.3900e-94 4.1130e-73 5.1076e-28 ] 0.0000e+00 [ 0.0000e+00 ] 1.0000e+00
 4.771e+01 4.5868e-28 4.5868e-28 [ 3.6659e-131 4.0612e-94 2.2812e-73 4.5868e-28 ] 0.0000e+00 [ 0.0000e+00 ] 1.0000e+00
 4.783e+01 4.1181e-28 4.1181e-28 [ 1.5078e-131 1.9646e-94 1.2642e-73 4.1181e-28 ] 0.0000e+00 [ 0.0000e+00 ] 1.0000e+00
 4.794e+01 3.6964e-28 3.6964e-28 [ 6.1996e-132 9.4974e-95 6.9993e-74 3.6964e-28 ] 0.0000e+00 [ 0.0000e+00 ] 1.0000e+00
 4.805e+01 3.3171e-28 3.3171e-28 [ 2.5483e-132 4.5884e-95 3.8719e-74 3.3171e-28 ] 0.0000e+00 [ 0.0000e+00 ] 1.0000e+00
 4.817e+01 2.9760e-28 2.9760e-28 [ 1.0472e-132 2.2154e-95 2.1401e-74 2.9760e-28 ] 0.0000e+00 [ 0.0000e+00 ] 1.0000e+00
 4.828e+01 2.6693e-28 2.6693e-28 [ 4.3017e-133 1.0689e-95 1.1818e-74 2.6693e-28 ] 0.0000e+00 [ 0.0000e+00 ] 1.0000e+00
 4.839e+01 2.3937e-28 2.3937e-28 [ 1.7666e-133 5.1544e-96 6.5209e-75 2.3937e-28 ] 0.0000e+00 [ 0.0000e+00 ] 1.0000e+00
 4.851e+01 2.1459e-28 2.1459e-28 [ 7.2525e-134 2.4839e-96 3.5949e-75 2.1459e-28 ] 0.0000e+00 [ 0.0000e+00 ] 1.0000e+00
 4.862e+01 1.9234e-28 1.9234e-28 [ 2.9766e-134 1.1963e-96 1.9801e-75 1.9234e-28 ] 0.0000e+00 [ 0.0000e+00 ] 1.0000e+00
 4.873e+01 1.7235e-28 1.7235e-28 [ 1.2213e-134 5.7576e-97 1.0898e-75 1.7235e-28 ] 0.0000e+00 [ 0.0000e+00 ] 1.0000e+00
 4.885e+01 1.5440e-28 1.5440e-28 [ 5.0094e-135 2.7694e-97 5.9925e-76 1.5440e-28 ] 0.0000e+00 [ 0.0000e+00 ] 1.0000e+00
 4.896e+01 1.3828e-28 1.3828e-28 [ 2.0541e-135 1.3313e-97 3.2924e-76 1.3828e-28 ] 0.0000e+00 [ 0.0000e+00 ] 1.0000e+00
 4.907e+01 1.2381e-28 1.2381e-28 [ 8.4204e-136 6.3955e-98 1.8074e-76 1.2381e-28 ] 0.0000e+00 [ 0.0000e+00 ] 1.0000e+00
 4.919e+01 1.1083e-28 1.1083e-28 [ 3.4508e-136 3.0706e-98 9.9137e-77 1.1083e-28 ] 0.0000e+00 [ 0.0000e+00 ] 1.0000e+00
 4.930e+01 9.9190e-29 9.9190e-29 [ 1.4137e-136 1.4733e-98 5.4331e-77 9.9190e-29 ] 0.0000e+00 [ 0.0000e+00 ] 1.0000e+00
 4.941e+01 8.8747e-29 8.8747e-29 [ 5.7903e-137 7.0652e-99 2.9751e-77 8.8747e-29 ] 0.0000e+00 [ 0.0000e+00 ] 1.0000e+00
 4.953e+01 7.9383e-29 7.9383e-29 [ 2.3708e-137 3.3859e-99 1.6278e-77 7.9383e-29 ] 0.0000e+00 [ 0.0000e+00 ] 1.0000e+00
 4.964e+01 7.0989e-29 7.0989e-29 [ 9.7046e-138 1.6217e-99 8.8988e-78 7.0989e-29 ] 0.0000e+00 [ 0.0000e+00 ] 1.0000e+00
 4.975e+01 6.3467e-29 6.3467e-29 [ 3.9713e-138 7.7626e-100 4.8608e-78 6.3467e-29 ] 0.0000e+00 [ 0.0000e+00 ] 1.0000e+00
 4.987e+01 5.6727e-29 5.6727e-29 [ 1.6246e-138 3.7135e-100 2.6530e-78 5.6727e-29 ] 0.0000e+00 [ 0.0000e+00 ] 1.0000e+00
 4.998e+01 5.0690e-29 5.0690e-29 [ 6.6444e-139 1.7754e-100 1.4468e-78 5.0690e-29 ] 0.0000e+00 [ 0.0000e+00 ] 1.0000e+00
 5.009e+01 4.5284e-29 4.5284e-29 [ 2.7167e-139 8.4833e-101 7.8834e-79 4.5284e-29 ] 0.0000e+00 [ 0.0000e+00 ] 1.0000e+00
 5.021e+01 4.0444e-29 4.0444e-29 [ 1.1104e-139 4.0511e-101 4.2921e-79 4.0444e-29 ] 0.0000e+00 [ 0.0000e+00 ] 1.0000e+00
 5.032e+01 3.6112e-29 3.6112e-29 [ 4.5376e-140 1.9334e-101 2.3350e-79 3.6112e-29 ] 0.0000e+00 [ 0.0000e+00 ] 1.0000e+00
 5.043e+01 3.2236e-29 3.2236e-29 [ 1.8537e-140 9.2220e-102 1.2692e-79 3.2236e-29 ] 0.0000e+00 [ 0.0000e+00 ] 1.0000e+00
 5.055e+01 2.8768e-29 2.8768e-29 [ 7.5706e-141 4.3962e-102 6.8938e-80 2.8768e-29 ] 0.0000e+00 [ 0.0000e+00 ] 1.0000e+00
 5.066e+01 2.5667e-29 2.5667e-29 [ 3.0910e-141 2.0945e-102 3.7413e-80 2.5667e-29 ] 0.0000e+00 [ 0.0000e+00 ] 1.0000e+00
 5.077e+01 2.2894e-29 2.2894e-29 [ 1.2617e-141 9.9729e-103 2.0288e-80 2.2894e-29 ] 0.0000e+00 [ 0.0000e+00 ] 1.0000e+00
 5.089e+01 2.0415e-29 2.0415e-29 [ 5.1485e-142 4.7459e-103 1.0993e-80 2.0415e-29 ] 0.0000e+00 [ 0.0000e+00 ] 1.0000e+00
 5.100e+01 1.8200e-29 1.8200e-29 [ 2.1004e-142 2.2572e-103 5.9517e-81 1.8200e-29 ] 0.0000e+00 [ 0.0000e+00 ] 1.0000e+00
 5.111e+01 1.6221e-29 1.6221e-29 [ 8.5663e-143 1.0730e-103 3.2198e-81 1.6221e-29 ] 0.0000e+00 [ 0.0000e+00 ] 1.0000e+00
 5.123e+01 1.4454e-29 1.4454e-29 [ 3.4928e-143 5.0973e-104 1.7405e-81 1.4454e-29 ] 0.0000e+00 [ 0.0000e+00 ] 1.0000e+00
 5.134e+01 1.2876e-29 1.2876e-29 [ 1.4237e-143 2.4202e-104 9.4012e-82 1.2876e-29 ] 0.0000e+00 [ 0.0000e+00 ] 1.0000e+00
 5.145e+01 1.1467e-29 1.1467e-29 [ 5.8019e-144 1.1485e-104 5.0740e-82 1.1467e-29 ] 0.0000e+00 [ 0.0000e+00 ] 1.0000e+00
 5.157e+01 1.0209e-29 1.0209e-29 [ 2.3637e-144 5.4471e-105 2.7364e-82 1.0209e-29 ] 0.0000e+00 [ 0.0000e+00 ] 1.0000e+00
 5.168e+01 9.0873e-30 9.0873e-30 [ 9.6274e-145 2.5820e-105 1.4746e-82 9.0873e-30 ] 0.0000e+00 [ 0.0000e+00 ] 1.0000e+00
 5.179e+01 8.0866e-30 8.0866e-30 [ 3.9202e-145 1.2232e-105 7.9402e-83 8.0866e-30 ] 0.0000e+00 [ 0.0000e+00 ] 1.0000e+00
 5.191e+01 7.1942e-30 7.1942e-30 [ 1.5958e-145 5.7919e-106 4.2723e-83 7.1942e-30 ] 0.0000e+00 [ 0.0000e+00 ] 1.0000e+00
 5.202e+01 6.3986e-30 6.3986e-30 [ 6.4946e-146 2.7409e-106 2.2969e-83 6.3986e-30 ] 0.0000e+00 [ 0.0000e+00 ] 1.0000e+00
 5.213e+01 5.6894e-30 5.6894e-30 [ 2.6424e-146 1.2964e-106 1.2340e-83 5.6894e-30 ] 0.0000e+00 [ 0.0000e+00 ] 1.0000e+00
 5.225e+01 5.0576e-30 5.0576e-30 [ 1.0748e-146 6.1282e-107 6.6243e-84 5.0576e-30 ] 0.0000e+00 [ 0.0000e+00 ] 1.0000e+00
 5.236e+01 4.4947e-30 4.4947e-30 [ 4.3709e-147 2.8953e-107 3.5534e-84 4.4947e-30 ] 0.0000e+00 [ 0.0000e+00 ] 1.0000e+00
 5.247e+01 3.9934e-30 3.9934e-30 [ 1.7770e-147 1.3672e-107 1.9046e-84 3.9934e-30 ] 0.0000e+00 [ 0.0000e+00 ] 1.0000e+00
 5.259e+01 3.5471e-30 3.5471e-30 [ 7.2226e-148 6.4525e-108 1.0201e-84 3.5471e-30 ] 0.0000e+00 [ 0.0000e+00 ] 1.0000e+00
 5.270e+01 3.1499e-30 3.1499e-30 [ 2.9349e-148 3.0437e-108 5.4598e-85 3.1499e-30 ] 0.0000e+00 [ 0.0000e+00 ] 1.0000e+00
 5.281e+01 2.7964e-30 2.7964e-30 [ 1.1923e-148 1.4350e-108 2.9199e-85 2.7964e-30 ] 0.0000e+00 [ 0.0000e+00 ] 1.0000e+00
 5.293e+01 2.4819e-30 2.4819e-30 [ 4.8422e-149 6.7615e-109 1.5604e-85 2.4819e-30 ] 0.0000e+00 [ 0.0000e+00 ] 1.0000e+00
 5.304e+01 2.2022e-30 2.2022e-30 [ 1.9661e-149 3.1844e-109 8.3329e-86 2.2022e-30 ] 0.0000e+00 [ 0.0000e+00 ] 1.0000e+00
 5.315e+01 1.9535e-30 1.9535e-30 [ 7.9810e-150 1.4989e-109 4.4466e-86 1.9535e-30 ] 0.0000e+00 [ 0.0000e+00 ] 1.0000e+00
 5.327e+01 1.7324e-30 1.7324e-30 [ 3.2389e-150 7.0518e-110 2.3710e-86 1.7324e-30 ] 0.0000e+00 [ 0.0000e+00 ] 1.0000e+00
 5.338e+01 1.5359e-30 1.5359e-30 [ 1.3141e-150 3.3159e-110 1.2633e-86 1.5359e-30 ] 0.0000e+00 [ 0.0000e+00 ] 1.0000e+00
 5.349e+01 1.3614e-30 1.3614e-30 [ 5.3305e-151 1.5584e-110 6.7265e-87 1.3614e-30 ] 0.0000e+00 [ 0.0000e+00 ] 1.0000e+00
 5.361e+01 1.2064e-30 1.2064e-30 [ 2.1617e-151 7.3201e-111 3.5789e-87 1.2064e-30 ] 0.0000e+00 [ 0.0000e+00 ] 1.0000e+00
 5.372e+01 1.0687e-30 1.0687e-30 [ 8.7640e-152 3.4367e-111 1.9028e-87 1.0687e-30 ] 0.0000e+00 [ 0.0000e+00 ] 1.0000e+00
 5.383e+01 9.4652e-31 9.4652e-31 [ 3.5523e-152 1.6127e-111 1.0109e-87 9.4652e-31 ] 0.0000e+00 [ 0.0000e+00 ] 1.0000e+00
 5.395e+01 8.3807e-31 8.3807e-31 [ 1.4395e-152 7.5636e-112 5.3669e-88 8.3807e-31 ] 0.0000e+00 [ 0.0000e+00 ] 1.0000e+00
 5.406e+01 7.4185e-31 7.4185e-31 [ 5.8319e-153 3.5456e-112 2.8472e-88 7.4185e-31 ] 0.0000e+00 [ 0.0000e+00 ] 1.0000e+00
 5.417e+01 6.5650e-31 6.5650e-31 [ 2.3621e-153 1.6612e-112 1.5094e-88 6.5650e-31 ] 0.0000e+00 [ 0.0000e+00 ] 1.0000e+00
 5.429e+01 5.8082e-31 5.8082e-31 [ 9.5650e-154 7.7796e-113 7.9962e-89 5.8082e-31 ] 0.0000e+00 [ 0.0000e+00 ] 1.0000e+00
 5.440e+01 5.1372e-31 5.1372e-31 [ 3.8723e-154 3.6414e-113 4.2330e-89 5.1372e-31 ] 0.0000e+00 [ 0.0000e+00 ] 1.0000e+00
 5.451e+01 4.5426e-31 4.5426e-31 [ 1.5673e-154 1.7035e-113 2.2393e-89 4.5426e-31 ] 0.0000e+00 [ 0.0000e+00 ] 1.0000e+00
 5.463e+01 4.0157e-31 4.0157e-31 [ 6.3420e-155 7.9657e-114 1.1838e-89 4.0157e-31 ] 0.0000e+00 [ 0.0000e+00 ] 1.0000e+00
 5.474e+01 3.5490e-31 3.5490e-31 [ 2.5656e-155 3.7229e-114 6.2534e-90 3.5490e-31 ] 0.0000e+00 [ 0.0000e+00 ] 1.0000e+00
 5.485e+01 3.1356e-31 3.1356e-31 [ 1.0377e-155 1.7391e-114 3.3011e-90 3.1356e-31 ] 0.0000e+00 [ 0.0000e+00 ] 1.0000e+00
 5.497e+01 2.7697e-31 2.7697e-31 [ 4.1960e-156 8.1201e-115 1.7414e-90 2.7697e-31 ] 0.0000e+00 [ 0.0000e+00 ] 1.0000e+00
 5.508e+01 2.4458e-31 2.4458e-31 [ 1.6963e-156 3.7895e-115 9.1797e-91 2.4458e-31 ] 0.0000e+00 [ 0.0000e+00 ] 1.0000e+00
 5.519e+01 2.1593e-31 2.1593e-31 [ 6.8559e-157 1.7676e-115 4.8358e-91 2.1593e-31 ] 0.0000e+00 [ 0.0000e+00 ] 1.0000e+00
 5.531e+01 1.9058e-31 1.9058e-31 [ 2.7703e-157 8.2411e-116 2.5457e-91 1.9058e-31 ] 0.0000e+00 [ 0.0000e+00 ] 1.0000e+00
 5.542e+01 1.6816e-31 1.6816e-31 [ 1.1192e-157 3.8404e-116 1.3392e-91 1.6816e-31 ] 0.0000e+00 [ 0.0000e+00 ] 1.0000e+00
 5.553e+01 1.4833e-31 1.4833e-31 [ 4.5202e-158 1.7888e-116 7.0399e-92 1.4833e-31 ] 0.0000e+00 [ 0.0000e+00 ] 1.0000e+00
 5.565e+01 1.3081e-31 1.3081e-31 [ 1.8252e-158 8.3276e-117 3.6983e-92 1.3081e-31 ] 0.0000e+00 [ 0.0000e+00 ] 1.0000e+00
 5.576e+01 1.1533e-31 1.1533e-31 [ 7.3686e-159 3.8751e-117 1.9416e-92 1.1533e-31 ] 0.0000e+00 [ 0.0000e+00 ] 1.0000e+00
 5.587e+01 1.0166e-31 1.0166e-31 [ 2.9741e-159 1.8024e-117 1.0186e-92 1.0166e-31 ] 0.0000e+00 [ 0.0000e+00 ] 1.0000e+00
 5.599e+01 8.9577e-32 8.9577e-32 [ 1.2001e-159 8.3790e-118 5.3401e-93 8.9577e-32 ] 0.0000e+00 [ 0.0000e+00 ] 1.0000e+00
 5.610e+01 7.8913e-32 7.8913e-32 [ 4.8416e-160 3.8935e-118 2.7977e-93 7.8913e-32 ] 0.0000e+00 [ 0.0000e+00 ] 1.0000e+00
 5.621e+01 6.9499e-32 6.9499e-32 [ 1.9528e-160 1.8083e-118 1.4648e-93 6.9499e-32 ] 0.0000e+00 [ 0.0000e+00 ] 1.0000e+00
 5.633e+01 6.1192e-32 6.1192e-32 [ 7.8746e-161 8.3949e-119 7.6638e-94 6.1192e-32 ] 0.0000e+00 [ 0.0000e+00 ] 1.0000e+00
 5.644e+01 5.3863e-32 5.3863e-32 [ 3.1747e-161 3.8954e-119 4.0071e-94 5.3863e-32 ] 0.0000e+00 [ 0.0000e+00 ] 1.0000e+00
 5.655e+01 4.7400e-32 4.7400e-32 [ 1.2796e-161 1.8067e-119 2.0938e-94 4.7400e-32 ] 0.0000e+00 [ 0.0000e+00 ] 1.0000e+00
 5.667e+01 4.1700e-32 4.1700e-32 [ 5.1567e-162 8.3758e-120 1.0933e-94 4.1700e-32 ] 0.0000e+00 [ 0.0000e+00 ] 1.0000e+00
 5.678e+01 3.6677e-32 3.6677e-32 [ 2.0776e-162 3.8811e-120 5.7049e-95 3.6677e-32 ] 0.0000e+00 [ 0.0000e+00 ] 1.0000e+00
 5.689e+01 3.2249e-32 3.2249e-32 [ 8.3686e-163 1.7976e-120 2.9750e-95 3.2249e-32 ] 0.0000e+00 [ 0.0000e+00 ] 1.0000e+00
 5.701e+01 2.8349e-32 2.8349e-32 [ 3.3702e-163 8.3220e-121 1.5503e-95 2.8349e-32 ] 0.0000e+00 [ 0.0000e+00 ] 1.0000e+00
 5.712e+01 2.4914e-32 2.4914e-32 [ 1.3569e-163 3.8510e-121 8.0740e-96 2.4914e-32 ] 0.0000e+00 [ 0.0000e+00 ] 1.0000e+00
 5.723e+01 2.1889e-32 2.1889e-32 [ 5.4621e-164 1.7812e-121 4.2021e-96 2.1889e-32 ] 0.0000e+00 [ 0.0000e+00 ] 1.0000e+00
 5.735e+01 1.9226e-32 1.9226e-32 [ 2.1982e-164 8.2348e-122 2.1856e-96 1.9226e-32 ] 0.0000e+00 [ 0.0000e+00 ] 1.0000e+00
 5.746e+01 1.6882e-32 1.6882e-32 [ 8.8449e-165 3.8054e-122 1.1360e-96 1.6882e-32 ] 0.0000e+00 [ 0.0000e+00 ] 1.0000e+00
 5.757e+01 1.4820e-32 1.4820e-32 [ 3.5581e-165 1.7578e-122 5.9007e-97 1.4820e-32 ] 0.0000e+00 [ 0.0000e+00 ] 1.0000e+00
 5.769e+01 1.3007e-32 1.3007e-32 [ 1.4310e-165 8.1156e-123 3.0631e-97 1.3007e-32 ] 0.0000e+00 [ 0.0000e+00 ] 1.0000e+00
 5.780e+01 1.1412e-32 1.1412e-32 [ 5.7543e-166 3.7453e-123 1.5890e-97 1.1412e-32 ] 0.0000e+00 [ 0.0000e+00 ] 1.0000e+00
 5.791e+01 1.0011e-32 1.0011e-32 [ 2.3133e-166 1.7277e-123 8.2381e-98 1.0011e-32 ] 0.0000e+00 [ 0.0000e+00 ] 1.0000e+00
 5.803e+01 8.7785e-33 8.7785e-33 [ 9.2980e-167 7.9661e-124 4.2682e-98 8.7785e-33 ] 0.0000e+00 [ 0.0000e+00 ] 1.0000e+00
 5.814e+01 7.6960e-33 7.6960e-33 [ 3.7364e-167 3.6715e-124 2.2100e-98 7.6960e-33 ] 0.0000e+00 [ 0.0000e+00 ] 1.0000e+00
 5.825e+01 6.7452e-33 6.7452e-33 [ 1.5011e-167 1.6914e-124 1.1435e-98 6.7452e-33 ] 0.0000e+00 [ 0.0000e+00 ] 1.0000e+00
 5.837e+01 5.9103e-33 5.9103e-33 [ 6.0298e-168 7.7884e-125 5.9135e-99 5.9103e-33 ] 0.0000e+00 [ 0.0000e+00 ] 1.0000e+00
 5.848e+01 5.1773e-33 5.1773e-33 [ 2.4215e-168 3.5849e-125 3.0560e-99 5.1773e-33 ] 0.0000e+00 [ 0.0000e+00 ] 1.0000e+00
 5.859e+01 4.5340e-33 4.5340e-33 [ 9.7227e-169 1.6493e-125 1.5784e-99 4.5340e-33 ] 0.0000e+00 [ 0.0000e+00 ] 1.0000e+00
 5.871e+01 3.9696e-33 3.9696e-33 [ 3.9029e-169 7.5849e-126 8.1466e-100 3.9696e-33 ] 0.0000e+00 [ 0.0000e+00 ] 1.0000e+00
 5.882e+01 3.4745e-33 3.4745e-33 [ 1.5664e-169 3.4867e-126 4.2022e-100 3.4745e-33 ] 0.0000e+00 [ 0.0000e+00 ] 1.0000e+00
 5.893e+01 3.0403e-33 3.0403e-33 [ 6.2854e-170 1.6021e-126 2.1663e-100 3.0403e-33 ] 0.0000e+00 [ 0.0000e+00 ] 1.0000e+00
 5.905e+01 2.6596e-33 2.6596e-33 [ 2.5215e-170 7.3581e-127 1.1160e-100 2.6596e-33 ] 0.0000e+00 [ 0.0000e+00 ] 1.0000e+00
 5.916e+01 2.3260e-33 2.3260e-33 [ 1.0114e-170 3.3781e-127 5.7460e-101 2.3260e-33 ] 0.0000e+00 [ 0.0000e+00 ] 1.0000e+00
 5.927e+01 2.0337e-33 2.0337e-33 [ 4.0557e-171 1.5502e-127 2.9566e-101 2.0337e-33 ] 0.0000e+00 [ 0.0000e+00 ] 1.0000e+00
 5.939e+01 1.7777e-33 1.7777e-33 [ 1.6261e-171 7.1108e-128 1.5204e-101 1.7777e-33 ] 0.0000e+00 [ 0.0000e+00 ] 1.0000e+00
 5.950e+01 1.5534e-33 1.5534e-33 [ 6.5180e-172 3.2603e-128 7.8134e-102 1.5534e-33 ] 0.0000e+00 [ 0.0000e+00 ] 1.0000e+00
 5.961e+01 1.3571e-33 1.3571e-33 [ 2.6122e-172 1.4943e-128 4.0130e-102 1.3571e-33 ] 0.0000e+00 [ 0.0000e+00 ] 1.0000e+00
 5.973e+01 1.1853e-33 1.1853e-33 [ 1.0466e-172 6.8456e-129 2.0598e-102 1.1853e-33 ] 0.0000e+00 [ 0.0000e+00 ] 1.0000e+00
 5.984e+01 1.0349e-33 1.0349e-33 [ 4.1929e-173 3.1348e-129 1.0566e-102 1.0349e-33 ] 0.0000e+00 [ 0.0000e+00 ] 1.0000e+00
 5.995e+01 9.0339e-34 9.0339e-34 [ 1.6793e-173 1.4349e-129 5.4170e-103 9.0339e-34 ] 0.0000e+00 [ 0.0000e+00 ] 1.0000e+00
 6.007e+01 7.8836e-34 7.8836e-34 [ 6.7246e-174 6.5656e-130 2.7755e-103 7.8836e-34 ] 0.0000e+00 [ 0.0000e+00 ] 1.0000e+00
 6.018e+01 6.8780e-34 6.8780e-34 [ 2.6923e-174 3.0028e-130 1.4212e-103 6.8780e-34 ] 0.0000e+00 [ 0.0000e+00 ] 1.0000e+00
 6.029e+01 5.9990e-34 5.9990e-34 [ 1.0776e-174 1.3728e-130 7.2727e-104 5.9990e-34 ] 0.0000e+00 [ 0.0000e+00 ] 1.0000e+00
 6.041e+01 5.2309e-34 5.2309e-34 [ 4.3127e-175 6.2735e-131 3.7195e-104 5.2309e-34 ] 0.0000e+00 [ 0.0000e+00 ] 1.0000e+00
 6.052e+01 4.5600e-34 4.5600e-34 [ 1.7256e-175 2.8657e-131 1.9012e-104 4.5600e-34 ] 0.0000e+00 [ 0.0000e+00 ] 1.0000e+00
 6.063e+01 3.9740e-34 3.9740e-34 [ 6.9029e-176 1.3085e-131 9.7116e-105 3.9740e-34 ] 0.0000e+00 [ 0.0000e+00 ] 1.0000e+00
 6.075e+01 3.4624e-34 3.4624e-34 [ 2.7608e-176 5.9723e-132 4.9580e-105 3.4624e-34 ] 0.0000e+00 [ 0.0000e+00 ] 1.0000e+00
 6.086e+01 3.0158e-34 3.0158e-34 [ 1.1040e-176 2.7248e-132 2.5297e-105 3.0158e-34 ] 0.0000e+00 [ 0.0000e+00 ] 1.0000e+00
 6.097e+01 2.6261e-34 2.6261e-34 [ 4.4136e-177 1.2426e-132 1.2899e-105 2.6261e-34 ] 0.0000e+00 [ 0.0000e+00 ] 1.0000e+00
 6.109e+01 2.2862e-34 2.2862e-34 [ 1.7642e-177 5.6648e-133 6.5737e-106 2.2862e-34 ] 0.0000e+00 [ 0.0000e+00 ] 1.0000e+00
 6.120e+01 1.9897e-34 1.9897e-34 [ 7.0503e-178 2.5813e-133 3.3481e-106 1.9897e-34 ] 0.0000e+00 [ 0.0000e+00 ] 1.0000e+00
 6.131e+01 1.7312e-34 1.7312e-34 [ 2.8170e-178 1.1758e-133 1.7043e-106 1.7312e-34 ] 0.0000e+00 [ 0.0000e+00 ] 1.0000e+00
 6.143e+01 1.5059e-34 1.5059e-34 [ 1.1253e-178 5.3535e-134 8.6700e-107 1.5059e-34 ] 0.0000e+00 [ 0.0000e+00 ] 1.0000e+00
 6.154e+01 1.3095e-34 1.3095e-34 [ 4.4944e-179 2.4366e-134 4.4081e-107 1.3095e-34 ] 0.0000e+00 [ 0.0000e+00 ] 1.0000e+00
 6.165e+01 1.1384e-34 1.1384e-34 [ 1.7947e-179 1.1085e-134 2.2399e-107 1.1384e-34 ] 0.0000e+00 [ 0.0000e+00 ] 1.0000e+00
 6.177e+01 9.8946e-35 9.8946e-35 [ 7.1651e-180 5.0412e-135 1.1375e-107 9.8946e-35 ] 0.0000e+00 [ 0.0000e+00 ] 1.0000e+00
 6.188e+01 8.5974e-35 8.5974e-35 [ 2.8600e-180 2.2916e-135 5.7733e-108 8.5974e-35 ] 0.0000e+00 [ 0.0000e+00 ] 1.0000e+00
 6.199e+01 7.4682e-35 7.4682e-35 [ 1.1414e-180 1.0413e-135 2.9285e-108 7.4682e-35 ] 0.0000e+00 [ 0.0000e+00 ] 1.0000e+00
 6.211e+01 6.4856e-35 6.4856e-35 [ 4.5540e-181 4.7300e-136 1.4846e-108 6.4856e-35 ] 0.0000e+00 [ 0.0000e+00 ] 1.0000e+00
 6.222e+01 5.6308e-35 5.6308e-35 [ 1.8167e-181 2.1476e-136 7.5221e-109 5.6308e-35 ] 0.0000e+00 [ 0.0000e+00 ] 1.0000e+00
 6.233e+01 4.8872e-35 4.8872e-35 [ 7.2455e-182 9.7473e-137 3.8090e-109 4.8872e-35 ] 0.0000e+00 [ 0.0000e+00 ] 1.0000e+00
 6.245e+01 4.2408e-35 4.2408e-35 [ 2.8892e-182 4.4222e-137 1.9277e-109 4.2408e-35 ] 0.0000e+00 [ 0.0000e+00 ] 1.0000e+00
 6.256e+01 3.6788e-35 3.6788e-35 [ 1.1519e-182 2.0055e-137 9.7502e-110 3.6788e-35 ] 0.0000e+00 [ 0.0000e+00 ] 1.0000e+00
 6.267e+01 3.1904e-35 3.1904e-35 [ 4.5914e-183 9.0916e-138 4.9288e-110 3.1904e-35 ] 0.0000e+00 [ 0.0000e+00 ] 1.0000e+00
 6.279e+01 2.7661e-35 2.7661e-35 [ 1.8298e-183 4.1198e-138 2.4901e-110 2.7661e-35 ] 0.0000e+00 [ 0.0000e+00 ] 1.0000e+00
 6.290e+01 2.3976e-35 2.3976e-35 [ 7.2905e-184 1.8662e-138 1.2574e-110 2.3976e-35 ] 0.0000e+00 [ 0.0000e+00 ] 1.0000e+00
 6.301e+01 2.0776e-35 2.0776e-35 [ 2.9043e-184 8.4500e-139 6.3452e-111 2.0776e-35 ] 0.0000e+00 [ 0.0000e+00 ] 1.0000e+00
 6.313e+01 1.7999e-35 1.7999e-35 [ 1.1567e-184 3.8246e-139 3.2003e-111 1.7999e-35 ] 0.0000e+00 [ 0.0000e+00 ] 1.0000e+00
 6.324e+01 1.5588e-35 1.5588e-35 [ 4.6061e-185 1.7304e-139 1.6132e-111 1.5588e-35 ] 0.0000e+00 [ 0.0000e+00 ] 1.0000e+00
 6.335e+01 1.3497e-35 1.3497e-35 [ 1.8338e-185 7.8261e-140 8.1272e-112 1.3497e-35 ] 0.0000e+00 [ 0.0000e+00 ] 1.0000e+00
 6.347e+01 1.1683e-35 1.1683e-35 [ 7.2993e-186 3.5381e-140 4.0921e-112 1.1683e-35 ] 0.0000e+00 [ 0.0000e+00 ] 1.0000e+00
 6.358e+01 1.0110e-35 1.0110e-35 [ 2.9048e-186 1.5989e-140 2.0593e-112 1.0110e-35 ] 0.0000e+00 [ 0.0000e+00 ] 1.0000e+00
 6.369e+01 8.7463e-36 8.7463e-36 [ 1.1558e-186 7.2228e-141 1.0357e-112 8.7463e-36 ] 0.0000e+00 [ 0.0000e+00 ] 1.0000e+00
 6.381e+01 7.5646e-36 7.5646e-36 [ 4.5977e-187 3.2615e-141 5.2061e-113 7.5646e-36 ] 0.0000e+00 [ 0.0000e+00 ] 1.0000e+00
 6.392e+01 6.5408e-36 6.5408e-36 [ 1.8286e-187 1.4722e-141 2.6155e-113 6.5408e-36 ] 0.0000e+00 [ 0.0000e+00 ] 1.0000e+00
 6.403e+01 5.6540e-36 5.6540e-36 [ 7.2713e-188 6.6428e-142 1.3132e-113 5.6540e-36 ] 0.0000e+00 [ 0.0000e+00 ] 1.0000e+00
 6.415e+01 4.8861e-36 4.8861e-36 [ 2.8908e-188 2.9961e-142 6.5900e-114 4.8861e-36 ] 0.0000e+00 [ 0.0000e+00 ] 1.0000e+00
 6.426e+01 4.2214e-36 4.2214e-36 [ 1.1490e-188 1.3508e-142 3.3052e-114 4.2214e-36 ] 0.0000e+00 [ 0.0000e+00 ] 1.0000e+00
 6.437e+01 3.6461e-36 3.6461e-36 [ 4.5662e-189 6.0880e-143 1.6568e-114 3.6461e-36 ] 0.0000e+00 [ 0.0000e+00 ] 1.0000e+00
 6.449e+01 3.1483e-36 3.1483e-36 [ 1.8142e-189 2.7427e-143 8.3001e-115 3.1483e-36 ] 0.0000e+00 [ 0.0000e+00 ] 1.0000e+00
 6.460e+01 2.7178e-36 2.7178e-36 [ 7.2067e-190 1.2352e-143 4.1559e-115 2.7178e-36 ] 0.0000e+00 [ 0.0000e+00 ] 1.0000e+00
 6.471e+01 2.3455e-36 2.3455e-36 [ 2.8621e-190 5.5602e-144 2.0797e-115 2.3455e-36 ] 0.0000e+00 [ 0.0000e+00 ] 1.0000e+00
 6.483e+01 2.0236e-36 2.0236e-36 [ 1.1365e-190 2.5020e-144 1.0402e-115 2.0236e-36 ] 0.0000e+00 [ 0.0000e+00 ] 1.0000e+00
 6.494e+01 1.7454e-36 1.7454e-36 [ 4.5116e-191 1.1254e-144 5.1995e-116 1.7454e-36 ] 0.0000e+00 [ 0.0000e+00 ] 1.0000e+00
 6.505e+01 1.5051e-36 1.5051e-36 [ 1.7907e-191 5.0604e-145 2.5976e-116 1.5051e-36 ] 0.0000e+00 [ 0.0000e+00 ] 1.0000e+00
 6.517e+01 1.2975e-36 1.2975e-36 [ 7.1058e-192 2.2745e-145 1.2970e-116 1.2975e-36 ] 0.0000e+00 [ 0.0000e+00 ] 1.0000e+00
 6.528e+01 1.1182e-36 1.1182e-36 [ 2.8191e-192 1.0219e-145 6.4727e-117 1.1182e-36 ] 0.0000e+00 [ 0.0000e+00 ] 1.0000e+00
 6.539e+01 9.6347e-37 9.6347e-37 [ 1.1182e-192 4.5894e-146 3.2284e-117 9.6347e-37 ] 0.0000e+00 [ 0.0000e+00 ] 1.0000e+00
 6.551e+01 8.2990e-37 8.2990e-37 [ 4.4345e-193 2.0604e-146 1.6093e-117 8.2990e-37 ] 0.0000e+00 [ 0.0000e+00 ] 1.0000e+00
 6.562e+01 7.1465e-37 7.1465e-37 [ 1.7582e-193 9.2462e-147 8.0177e-118 7.1465e-37 ] 0.0000e+00 [ 0.0000e+00 ] 1.0000e+00
 6.573e+01 6.1524e-37 6.1524e-37 [ 6.9694e-194 4.1478e-147 3.9923e-118 6.1524e-37 ] 0.0000e+00 [ 0.0000e+00 ] 1.0000e+00
 6.585e+01 5.2951e-37 5.2951e-37 [ 2.7621e-194 1.8599e-147 1.9868e-118 5.2951e-37 ] 0.0000e+00 [ 0.0000e+00 ] 1.0000e+00
 6.596e+01 4.5561e-37 4.5561e-37 [ 1.0944e-194 8.3368e-148 9.8821e-119 4.5561e-37 ] 0.0000e+00 [ 0.0000e+00 ] 1.0000e+00
 6.607e+01 3.9191e-37 3.9191e-37 [ 4.3353e-195 3.7354e-148 4.9125e-119 3.9191e-37 ] 0.0000e+00 [ 0.0000e+00 ] 1.0000e+00
 6.619e+01 3.3703e-37 3.3703e-37 [ 1.7170e-195 1.6730e-148 2.4407e-119 3.3703e-37 ] 0.0000e+00 [ 0.0000e+00 ] 1.0000e+00
 6.630e+01 2.8975e-37 2.8975e-37 [ 6.7988e-196 7.4904e-149 1.2119e-119 2.8975e-37 ] 0.0000e+00 [ 0.0000e+00 ] 1.0000e+00
 6.641e+01 2.4904e-37 2.4904e-37 [ 2.6915e-196 3.3522e-149 6.0146e-120 2.4904e-37 ] 0.0000e+00 [ 0.0000e+00 ] 1.0000e+00
 6.653e+01 2.1398e-37 2.1398e-37 [ 1.0653e-196 1.4996e-149 2.9833e-120 2.1398e-37 ] 0.0000e+00 [ 0.0000e+00 ] 1.0000e+00
 6.664e+01 1.8382e-37 1.8382e-37 [ 4.2152e-197 6.7061e-150 1.4789e-120 1.8382e-37 ] 0.0000e+00 [ 0.0000e+00 ] 1.0000e+00
 6.675e+01 1.5786e-37 1.5786e-37 [ 1.6676e-197 2.9977e-150 7.3273e-121 1.5786e-37 ] 0.0000e+00 [ 0.0000e+00 ] 1.0000e+00
 6.687e+01 1.3553e-37 1.3553e-37 [ 6.5955e-198 1.3394e-150 3.6283e-121 1.3553e-37 ] 0.0000e+00 [ 0.0000e+00 ] 1.0000e+00
 6.698e+01 1.1633e-37 1.1633e-37 [ 2.6080e-198 5.9826e-151 1.7957e-121 1.1633e-37 ] 0.0000e+00 [ 0.0000e+00 ] 1.0000e+00
 6.709e+01 9.9818e-38 9.9818e-38 [ 1.0310e-198 2.6710e-151 8.8819e-122 9.9818e-38 ] 0.0000e+00 [ 0.0000e+00 ] 1.0000e+00
 6.721e+01 8.5629e-38 8.5629e-38 [ 4.0751e-199 1.1921e-151 4.3908e-122 8.5629e-38 ] 0.0000e+00 [ 0.0000e+00 ] 1.0000e+00
 6.732e+01 7.3436e-38 7.3436e-38 [ 1.6103e-199 5.3179e-152 2.1694e-122 7.3436e-38 ] 0.0000e+00 [ 0.0000e+00 ] 1.0000e+00
 6.743e+01 6.2963e-38 6.2963e-38 [ 6.3616e-200 2.3714e-152 1.0712e-122 6.2963e-38 ] 0.0000e+00 [ 0.0000e+00 ] 1.0000e+00
 6.755e+01 5.3968e-38 5.3968e-38 [ 2.5126e-200 1.0571e-152 5.2867e-123 5.3968e-38 ] 0.0000e+00 [ 0.0000e+00 ] 1.0000e+00
 6.766e+01 4.6246e-38 4.6246e-38 [ 9.9213e-201 4.7100e-153 2.6076e-123 4.6246e-38 ] 0.0000e+00 [ 0.0000e+00 ] 1.0000e+00
 6.777e+01 3.9618e-38 3.9618e-38 [ 3.9166e-201 2.0978e-153 1.2855e-123 3.9618e-38 ] 0.0000e+00 [ 0.0000e+00 ] 1.0000e+00
 6.789e+01 3.3930e-38 3.3930e-38 [ 1.5458e-201 9.3395e-154 6.3333e-124 3.3930e-38 ] 0.0000e+00 [ 0.0000e+00 ] 1.0000e+00
 6.800e+01 2.9051e-38 2.9051e-38 [ 6.0993e-202 4.1563e-154 3.1186e-124 2.9051e-38 ] 0.0000e+00 [ 0.0000e+00 ] 1.0000e+00
 6.811e+01 2.4867e-38 2.4867e-38 [ 2.4060e-202 1.8489e-154 1.5347e-124 2.4867e-38 ] 0.0000e+00 [ 0.0000e+00 ] 1.0000e+00
 6.823e+01 2.1280e-38 2.1280e-38 [ 9.4889e-203 8.2212e-155 7.5486e-125 2.1280e-38 ] 0.0000e+00 [ 0.0000e+00 ] 1.0000e+00
 6.834e+01 1.8205e-38 1.8205e-38 [ 3.7413e-203 3.6541e-155 3.7106e-125 1.8205e-38 ] 0.0000e+00 [ 0.0000e+00 ] 1.0000e+00
 6.845e+01 1.5570e-38 1.5570e-38 [ 1.4747e-203 1.6235e-155 1.8230e-125 1.5570e-38 ] 0.0000e+00 [ 0.0000e+00 ] 1.0000e+00
 6.857e+01 1.3313e-38 1.3313e-38 [ 5.8115e-204 7.2098e-156 8.9509e-126 1.3313e-38 ] 0.0000e+00 [ 0.0000e+00 ] 1.0000e+00
 6.868e+01 1.1380e-38 1.1380e-38 [ 2.2896e-204 3.2005e-156 4.3924e-126 1.1380e-38 ] 0.0000e+00 [ 0.0000e+00 ] 1.0000e+00
 6.879e+01 9.7252e-39 9.7252e-39 [ 9.0179e-205 1.4201e-156 2.1542e-126 9.7252e-39 ] 0.0000e+00 [ 0.0000e+00 ] 1.0000e+00
 6.891e+01 8.3086e-39 8.3086e-39 [ 3.5509e-205 6.2989e-157 1.0559e-126 8.3086e-39 ] 0.0000e+00 [ 0.0000e+00 ] 1.0000e+00
 6.902e+01 7.0964e-39 7.0964e-39 [ 1.3978e-205 2.7926e-157 5.1725e-127 7.0964e-39 ] 0.0000e+00 [ 0.0000e+00 ] 1.0000e+00
 6.913e+01 6.0594e-39 6.0594e-39 [ 5.5012e-206 1.2375e-157 2.5324e-127 6.0594e-39 ] 0.0000e+00 [ 0.0000e+00 ] 1.0000e+00
 6.925e+01 5.1726e-39 5.1726e-39 [ 2.1644e-206 5.4818e-158 1.2391e-127 5.1726e-39 ] 0.0000e+00 [ 0.0000e+00 ] 1.0000e+00
 6.936e+01 4.4143e-39 4.4143e-39 [ 8.5132e-207 2.4272e-158 6.0593e-128 4.4143e-39 ] 0.0000e+00 [ 0.0000e+00 ] 1.0000e+00
 6.947e+01 3.7661e-39 3.7661e-39 [ 3.3476e-207 1.0742e-158 2.9613e-128 3.7661e-39 ] 0.0000e+00 [ 0.0000e+00 ] 1.0000e+00
 6.959e+01 3.2123e-39 3.2123e-39 [ 1.3160e-207 4.7521e-159 1.4464e-128 3.2123e-39 ] 0.0000e+00 [ 0.0000e+00 ] 1.0000e+00
 6.970e+01 2.7391e-39 2.7391e-39 [ 5.1716e-208 2.1013e-159 7.0606e-129 2.7391e-39 ] 0.0000e+00 [ 0.0000e+00 ] 1.0000e+00
 6.981e+01 2.3350e-39 2.3350e-39 [ 2.0318e-208 9.2875e-160 3.4445e-129 2.3350e-39 ] 0.0000e+00 [ 0.0000e+00 ] 1.0000e+00
 6.993e+01 1.9900e-39 1.9900e-39 [ 7.9804e-209 4.1031e-160 1.6794e-129 1.9900e-39 ] 0.0000e+00 [ 0.0000e+00 ] 1.0000e+00
 7.004e+01 1.6955e-39 1.6955e-39 [ 3.1335e-209 1.8119e-160 8.1832e-130 1.6955e-39 ] 0.0000e+00 [ 0.0000e+00 ] 1.0000e+00
 7.015e+01 1.4442e-39 1.4442e-39 [ 1.2300e-209 7.9974e-161 3.9850e-130 1.4442e-39 ] 0.0000e+00 [ 0.0000e+00 ] 1.0000e+00
 7.027e+01 1.2298e-39 1.2298e-39 [ 4.8265e-210 3.5283e-161 1.9394e-130 1.2298e-39 ] 0.0000e+00 [ 0.0000e+00 ] 1.0000e+00
 7.038e+01 1.0469e-39 1.0469e-39 [ 1.8934e-210 1.5559e-161 9.4327e-131 1.0469e-39 ] 0.0000e+00 [ 0.0000e+00 ] 1.0000e+00
 7.049e+01 8.9100e-40 8.9100e-40 [ 7.4252e-211 6.8581e-162 4.5850e-131 8.9100e-40 ] 0.0000e+00 [ 0.0000e+00 ] 1.0000e+00
 7.061e+01 7.5810e-40 7.5810e-40 [ 2.9110e-211 3.0214e-162 2.2273e-131 7.5810e-40 ] 0.0000e+00 [ 0.0000e+00 ] 1.0000e+00
 7.072e+01 6.4484e-40 6.4484e-40 [ 1.1409e-211 1.3305e-162 1.0813e-131 6.4484e-40 ] 0.0000e+00 [ 0.0000e+00 ] 1.0000e+00
 7.083e+01 5.4836e-40 5.4836e-40 [ 4.4697e-212 5.8562e-163 5.2461e-132 5.4836e-40 ] 0.0000e+00 [ 0.0000e+00 ] 1.0000e+00
 7.095e+01 4.6618e-40 4.6618e-40 [ 1.7506e-212 2.5763e-163 2.5437e-132 4.6618e-40 ] 0.0000e+00 [ 0.0000e+00 ] 1.0000e+00
 7.106e+01 3.9621e-40 3.9621e-40 [ 6.8539e-213 1.1329e-163 1.2325e-132 3.9621e-40 ] 0.0000e+00 [ 0.0000e+00 ] 1.0000e+00
 7.117e+01 3.3665e-40 3.3665e-40 [ 2.6826e-213 4.9790e-164 5.9686e-133 3.3665e-40 ] 0.0000e+00 [ 0.0000e+00 ] 1.0000e+00
 7.129e+01 2.8597e-40 2.8597e-40 [ 1.0496e-213 2.1872e-164 2.8884e-133 2.8597e-40 ] 0.0000e+00 [ 0.0000e+00 ] 1.0000e+00
 7.140e+01 2.4285e-40 2.4285e-40 [ 4.1050e-214 9.6033e-165 1.3969e-133 2.4285e-40 ] 0.0000e+00 [ 0.0000e+00 ] 1.0000e+00
 7.151e+01 2.0617e-40 2.0617e-40 [ 1.6050e-214 4.2143e-165 6.7514e-134 2.0617e-40 ] 0.0000e+00 [ 0.0000e+00 ] 1.0000e+00
 7.163e+01 1.7499e-40 1.7499e-40 [ 6.2728e-215 1.8485e-165 3.2609e-134 1.7499e-40 ] 0.0000e+00 [ 0.0000e+00 ] 1.0000e+00
 7.174e+01 1.4848e-40 1.4848e-40 [ 2.4507e-215 8.1036e-166 1.5739e-134 1.4848e-40 ] 0.0000e+00 [ 0.0000e+00 ] 1.0000e+00
 7.185e+01 1.2595e-40 1.2595e-40 [ 9.5713e-216 3.5507e-166 7.5918e-135 1.2595e-40 ] 0.0000e+00 [ 0.0000e+00 ] 1.0000e+00
 7.197e+01 1.0681e-40 1.0681e-40 [ 3.7366e-216 1.5550e-166 3.6594e-135 1.0681e-40 ] 0.0000e+00 [ 0.0000e+00 ] 1.0000e+00
 7.208e+01 9.0560e-41 9.0560e-41 [ 1.4582e-216 6.8061e-167 1.7627e-135 9.0560e-41 ] 0.0000e+00 [ 0.0000e+00 ] 1.0000e+00
 7.219e+01 7.6757e-41 7.6757e-41 [ 5.6883e-217 2.9774e-167 8.4852e-136 7.6757e-41 ] 0.0000e+00 [ 0.0000e+00 ] 1.0000e+00
 7.231e+01 6.5040e-41 6.5040e-41 [ 2.2181e-217 1.3018e-167 4.0817e-136 6.5040e-41 ] 0.0000e+00 [ 0.0000e+00 ] 1.0000e+00
 7.242e+01 5.5097e-41 5.5097e-41 [ 8.6456e-218 5.6886e-168 1.9621e-136 5.5097e-41 ] 0.0000e+00 [ 0.0000e+00 ] 1.0000e+00
 7.253e+01 4.6661e-41 4.6661e-41 [ 3.3685e-218 2.4844e-168 9.4249e-137 4.6661e-41 ] 0.0000e+00 [ 0.0000e+00 ] 1.0000e+00
 7.265e+01 3.9506e-41 3.9506e-41 [ 1.3119e-218 1.0844e-168 4.5241e-137 3.9506e-41 ] 0.0000e+00 [ 0.0000e+00 ] 1.0000e+00
 7.276e+01 3.3439e-41 3.3439e-41 [ 5.1069e-219 4.7306e-169 2.1701e-137 3.3439e-41 ] 0.0000e+00 [ 0.0000e+00 ] 1.0000e+00
 7.287e+01 2.8296e-41 2.8296e-41 [ 1.9871e-219 2.0625e-169 1.0402e-137 2.8296e-41 ] 0.0000e+00 [ 0.0000e+00 ] 1.0000e+00
 7.299e+01 2.3937e-41 2.3937e-41 [ 7.7287e-220 8.9866e-170 4.9821e-138 2.3937e-41 ] 0.0000e+00 [ 0.0000e+00 ] 1.0000e+00
 7.310e+01 2.0244e-41 2.0244e-41 [ 3.0046e-220 3.9133e-170 2.3845e-138 2.0244e-41 ] 0.0000e+00 [ 0.0000e+00 ] 1.0000e+00
 7.321e+01 1.7117e-41 1.7117e-41 [ 1.1675e-220 1.7030e-170 1.1404e-138 1.7117e-41 ] 0.0000e+00 [ 0.0000e+00 ] 1.0000e+00
 7.333e+01 1.4468e-41 1.4468e-41 [ 4.5346e-221 7.4069e-171 5.4498e-139 1.4468e-41 ] 0.0000e+00 [ 0.0000e+00 ] 1.0000e+00
 7.344e+01 1.2226e-41 1.2226e-41 [ 1.7603e-221 3.2194e-171 2.6024e-139 1.2226e-41 ] 0.0000e+00 [ 0.0000e+00 ] 1.0000e+00
 7.355e+01 1.0328e-41 1.0328e-41 [ 6.8303e-222 1.3984e-171 1.2417e-139 1.0328e-41 ] 0.0000e+00 [ 0.0000e+00 ] 1.0000e+00
 7.367e+01 8.7231e-42 8.7231e-42 [ 2.6488e-222 6.0703e-172 5.9200e-140 8.7231e-42 ] 0.0000e+00 [ 0.0000e+00 ] 1.0000e+00
 7.378e+01 7.3652e-42 7.3652e-42 [ 1.0267e-222 2.6333e-172 2.8202e-140 7.3652e-42 ] 0.0000e+00 [ 0.0000e+00 ] 1.0000e+00
 7.389e+01 6.2170e-42 6.2170e-42 [ 3.9775e-223 1.1415e-172 1.3424e-140 6.2170e-42 ] 0.0000e+00 [ 0.0000e+00 ] 1.0000e+00
 7.401e+01 5.2463e-42 5.2463e-42 [ 1.5400e-223 4.9452e-173 6.3842e-141 5.2463e-42 ] 0.0000e+00 [ 0.0000e+00 ] 1.0000e+00
 7.412e+01 4.4260e-42 4.4260e-42 [ 5.9594e-224 2.1407e-173 3.0337e-141 4.4260e-42 ] 0.0000e+00 [ 0.0000e+00 ] 1.0000e+00
 7.423e+01 3.7329e-42 3.7329e-42 [ 2.3047e-224 9.2605e-174 1.4403e-141 3.7329e-42 ] 0.0000e+00 [ 0.0000e+00 ] 1.0000e+00
 7.435e+01 3.1474e-42 3.1474e-42 [ 8.9081e-225 4.0030e-174 6.8324e-142 3.1474e-42 ] 0.0000e+00 [ 0.0000e+00 ] 1.0000e+00
 7.446e+01 2.6531e-42 2.6531e-42 [ 3.4410e-225 1.7291e-174 3.2381e-142 2.6531e-42 ] 0.0000e+00 [ 0.0000e+00 ] 1.0000e+00
 7.457e+01 2.2357e-42 2.2357e-42 [ 1.3283e-225 7.4627e-175 1.5333e-142 2.2357e-42 ] 0.0000e+00 [ 0.0000e+00 ] 1.0000e+00
 7.469e+01 1.8835e-42 1.8835e-42 [ 5.1244e-226 3.2184e-175 7.2534e-143 1.8835e-42 ] 0.0000e+00 [ 0.0000e+00 ] 1.0000e+00
 7.480e+01 1.5863e-42 1.5863e-42 [ 1.9756e-226 1.3869e-175 3.4281e-143 1.5863e-42 ] 0.0000e+00 [ 0.0000e+00 ] 1.0000e+00
 7.491e+01 1.3357e-42 1.3357e-42 [ 7.6109e-227 5.9713e-176 1.6186e-143 1.3357e-42 ] 0.0000e+00 [ 0.0000e+00 ] 1.0000e+00
 7.503e+01 1.1243e-42 1.1243e-42 [ 2.9300e-227 2.5688e-176 7.6347e-144 1.1243e-42 ] 0.0000e+00 [ 0.0000e+00 ] 1.0000e+00
 7.514e+01 9.4610e-43 9.4610e-43 [ 1.1272e-227 1.1041e-176 3.5976e-144 9.4610e-43 ] 0.0000e+00 [ 0.0000e+00 ] 1.0000e+00
 7.525e+01 7.9592e-43 7.9592e-43 [ 4.3327e-228 4.7412e-177 1.6934e-144 7.9592e-43 ] 0.0000e+00 [ 0.0000e+00 ] 1.0000e+00
 7.537e+01 6.6937e-43 6.6937e-43 [ 1.6642e-228 2.0341e-177 7.9627e-145 6.6937e-43 ] 0.0000e+00 [ 0.0000e+00 ] 1.0000e+00
 7.548e+01 5.6278e-43 5.6278e-43 [ 6.3866e-229 8.7183e-178 3.7400e-145 5.6278e-43 ] 0.0000e+00 [ 0.0000e+00 ] 1.0000e+00
 7.559e+01 4.7302e-43 4.7302e-43 [ 2.4489e-229 3.7330e-178 1.7547e-145 4.7302e-43 ] 0.0000e+00 [ 0.0000e+00 ] 1.0000e+00
 7.571e+01 3.9746e-43 3.9746e-43 [ 9.3818e-230 1.5968e-178 8.2227e-146 3.9746e-43 ] 0.0000e+00 [ 0.0000e+00 ] 1.0000e+00
 7.582e+01 3.3386e-43 3.3386e-43 [ 3.5908e-230 6.8226e-179 3.8486e-146 3.3386e-43 ] 0.0000e+00 [ 0.0000e+00 ] 1.0000e+00
 7.593e+01 2.8035e-43 2.8035e-43 [ 1.3730e-230 2.9120e-179 1.7991e-146 2.8035e-43 ] 0.0000e+00 [ 0.0000e+00 ] 1.0000e+00
 7.605e+01 2.3533e-43 2.3533e-43 [ 5.2446e-231 1.2414e-179 8.3992e-147 2.3533e-43 ] 0.0000e+00 [ 0.0000e+00 ] 1.0000e+00
 7.616e+01 1.9748e-43 1.9748e-43 [ 2.0012e-231 5.2859e-180 3.9160e-147 1.9748e-43 ] 0.0000e+00 [ 0.0000e+00 ] 1.0000e+00
 7.627e+01 1.6566e-43 1.6566e-43 [ 7.6274e-232 2.2479e-180 1.8232e-147 1.6566e-43 ] 0.0000e+00 [ 0.0000e+00 ] 1.0000e+00
 7.639e+01 1.3891e-43 1.3891e-43 [ 2.9037e-232 9.5471e-181 8.4763e-148 1.3891e-43 ] 0.0000e+00 [ 0.0000e+00 ] 1.0000e+00
 7.650e+01 1.1644e-43 1.1644e-43 [ 1.1040e-232 4.0491e-181 3.9347e-148 1.1644e-43 ] 0.0000e+00 [ 0.0000e+00 ] 1.0000e+00
 7.661e+01 9.7559e-44 9.7559e-44 [ 4.1923e-233 1.7148e-181 1.8236e-148 9.7559e-44 ] 0.0000e+00 [ 0.0000e+00 ] 1.0000e+00
 7.673e+01 8.1705e-44 8.1705e-44 [ 1.5897e-233 7.2513e-182 8.4377e-149 8.1705e-44 ] 0.0000e+00 [ 0.0000e+00 ] 1.0000e+00
 7.684e+01 6.8395e-44 6.8395e-44 [ 6.0188e-234 3.0613e-182 3.8973e-149 6.8395e-44 ] 0.0000e+00 [ 0.0000e+00 ] 1.0000e+00
 7.695e+01 5.7224e-44 5.7224e-44 [ 2.2753e-234 1.2902e-182 1.7968e-149 5.7224e-44 ] 0.0000e+00 [ 0.0000e+00 ] 1.0000e+00
 7.707e+01 4.7850e-44 4.7850e-44 [ 8.5868e-235 5.4277e-183 8.2675e-150 4.7850e-44 ] 0.0000e+00 [ 0.0000e+00 ] 1.0000e+00
 7.718e+01 3.9986e-44 3.9986e-44 [ 3.2347e-235 2.2789e-183 3.7963e-150 3.9986e-44 ] 0.0000e+00 [ 0.0000e+00 ] 1.0000e+00
 7.729e+01 3.3391e-44 3.3391e-44 [ 1.2162e-235 9.5487e-184 1.7393e-150 3.3391e-44 ] 0.0000e+00 [ 0.0000e+00 ] 1.0000e+00
 7.741e+01 2.7862e-44 2.7862e-44 [ 4.5630e-236 3.9920e-184 7.9501e-151 2.7862e-44 ] 0.0000e+00 [ 0.0000e+00 ] 1.0000e+00
 7.752e+01 2.3227e-44 2.3227e-44 [ 1.7081e-236 1.6649e-184 3.6247e-151 2.3227e-44 ] 0.0000e+00 [ 0.0000e+00 ] 1.0000e+00
 7.763e+01 1.9342e-44 1.9342e-44 [ 6.3783e-237 6.9256e-185 1.6480e-151 1.9342e-44 ] 0.0000e+00 [ 0.0000e+00 ] 1.0000e+00
 7.775e+01 1.6087e-44 1.6087e-44 [ 2.3753e-237 2.8727e-185 7.4709e-152 1.6087e-44 ] 0.0000e+00 [ 0.0000e+00 ] 1.0000e+00
 7.786e+01 1.3361e-44 1.3361e-44 [ 8.8192e-238 1.1879e-185 3.3758e-152 1.3361e-44 ] 0.0000e+00 [ 0.0000e+00 ] 1.0000e+00
 7.797e+01 1.1077e-44 1.1077e-44 [ 3.2637e-238 4.8952e-186 1.5199e-152 1.1077e-44 ] 0.0000e+00 [ 0.0000e+00 ] 1.0000e+00
 7.809e+01 9.1638e-45 9.1638e-45 [ 1.2034e-238 2.0096e-186 6.8166e-153 9.1638e-45 ] 0.0000e+00 [ 0.0000e+00 ] 1.0000e+00
 7.820e+01 7.5617e-45 7.5617e-45 [ 4.4187e-239 8.2149e-187 3.0437e-153 7.5617e-45 ] 0.0000e+00 [ 0.0000e+00 ] 1.0000e+00
 7.831e+01 6.2199e-45 6.2199e-45 [ 1.6150e-239 3.3421e-187 1.3524e-153 6.2199e-45 ] 0.0000e+00 [ 0.0000e+00 ] 1.0000e+00
 7.843e+01 5.0957e-45 5.0957e-45 [ 5.8712e-240 1.3523e-187 5.9756e-154 5.0957e-45 ] 0.0000e+00 [ 0.0000e+00 ] 1.0000e+00
 7.854e+01 4.1537e-45 4.1537e-45 [ 2.1214e-240 5.4374e-188 2.6235e-154 4.1537e-45 ] 0.0000e+00 [ 0.0000e+00 ] 1.0000e+00
 7.865e+01 3.3638e-45 3.3638e-45 [ 7.6101e-241 2.1704e-188 1.1433e-154 3.3638e-45 ] 0.0000e+00 [ 0.0000e+00 ] 1.0000e+00
 7.877e+01 2.7011e-45 2.7011e-45 [ 2.7069e-241 8.5890e-189 4.9386e-155 2.7011e-45 ] 0.0000e+00 [ 0.0000e+00 ] 1.0000e+00
 7.888e+01 2.1447e-45 2.1447e-45 [ 9.5302e-242 3.3638e-189 2.1110e-155 2.1447e-45 ] 0.0000e+00 [ 0.0000e+00 ] 1.0000e+00
 7.899e+01 1.6773e-45 1.6773e-45 [ 3.3132e-242 1.3007e-189 8.9082e-156 1.6773e-45 ] 0.0000e+00 [ 0.0000e+00 ] 1.0000e+00
 7.911e+01 1.2845e-45 1.2845e-45 [ 1.1336e-242 4.9493e-190 3.6986e-156 1.2845e-45 ] 0.0000e+00 [ 0.0000e+00 ] 1.0000e+00
 7.922e+01 9.5499e-46 9.5499e-46 [ 3.7985e-243 1.8441e-190 1.5035e-156 9.5499e-46 ] 0.0000e+00 [ 0.0000e+00 ] 1.0000e+00
 7.933e+01 6.7977e-46 6.7977e-46 [ 1.2372e-243 6.6773e-191 5.9370e-157 6.7977e-46 ] 0.0000e+00 [ 0.0000e+00 ] 1.0000e+00
 7.945e+01 4.5248e-46 4.5248e-46 [ 3.8659e-244 2.3183e-191 2.2462e-157 4.5248e-46 ] 0.0000e+00 [ 0.0000e+00 ] 1.0000e+00
 7.956e+01 2.6944e-46 2.6944e-46 [ 1.1294e-244 7.5103e-192 7.9098e-158 2.6944e-46 ] 0.0000e+00 [ 0.0000e+00 ] 1.0000e+00
 7.967e+01 1.3008e-46 1.3008e-46 [ 2.8830e-245 2.1108e-192 2.3984e-158 1.3008e-46 ] 0.0000e+00 [ 0.0000e+00 ] 1.0000e+00
 7.979e+01 3.7561e-47 3.7561e-47 [ 4.8851e-246 3.8551e-193 4.6376e-159 3.7561e-47 ] 0.0000e+00 [ 0.0000e+00 ] 1.0000e+00
 7.990e+01 0.0000e+00 0.0000e+00 [ 0.0000e+00 0.0000e+00 0.0000e+00 0.0000e+00 ] 0.0000e+00 [ 0.0000e+00 ] 1.0000e+00
