 0.000e+00 0.0000e+00 0.0000e+00 [ 0.0000e+00 0.0000e+00 0.0000e+00 0.0000e+00 0.0000e+00 ] 1.0000e+00
 1.133e-01 4.0301e-02 4.0301e-02 [ 3.9586e-02 3.6157e-04 1.7165e-04 1.6747e-04 1.4563e-05 ] 9.5970e-01
 2.267e-01 9.0836e-02 9.0836e-02 [ 8.7780e-02 1.5488e-03 7.3525e-04 7.1779e-04 5.3832e-05 ] 9.0916e-01
 3.400e-01 1.3680e-01 1.3680e-01 [ 1.2923e-01 3.8489e-03 1.8269e-03 1.7818e-03 1.1503e-04 ] 8.6320e-01
 4.533e-01 1.9489e-01 1.9489e-01 [ 1.7974e-01 7.7204e-03 3.6641e-03 3.5673e-03 1.9956e-04 ] 8.0511e-01
 5.667e-01 2.7229e-01 2.7229e-01 [ 2.4540e-01 1.3732e-02 6.5162e-03 6.3310e-03 3.0945e-04 ] 7.2771e-01
 6.800e-01 3.7295e-01 3.7295e-01 [ 3.2925e-01 2.2359e-02 1.0608e-02 1.0283e-02 4.4429e-04 ] 6.2705e-01
 7.933e-01 4.9338e-01 4.9338e-01 [ 4.2789e-01 3.3570e-02 1.5923e-02 1.5398e-02 5.9657e-04 ] 5.0662e-01
 9.067e-01 6.1920e-01 6.1920e-01 [ 5.2886e-01 4.6385e-02 2.1996e-02 2.1214e-02 7.4832e-04 ] 3.8080e-01
 1.020e+00 7.2883e-01 7.2883e-01 [ 6.1415e-01 5.8967e-02 2.7954e-02 2.6880e-02 8.7597e-04 ] 2.7117e-01
 1.133e+00 8.0632e-01 8.0632e-01 [ 6.7109e-01 6.9635e-02 3.2999e-02 3.1627e-02 9.6454e-04 ] 1.9368e-01
 1.247e+00 8.5115e-01 8.5115e-01 [ 7.0007e-01 7.7909e-02 3.6904e-02 3.5240e-02 1.0170e-03 ] 1.4885e-01
 1.360e+00 8.7330e-01 8.7330e-01 [ 7.0999e-01 8.4352e-02 3.9936e-02 3.7980e-02 1.0470e-03 ] 1.2670e-01
 1.473e+00 8.8310e-01 8.8310e-01 [ 7.0964e-01 8.9736e-02 4.2460e-02 4.0201e-02 1.0672e-03 ] 1.1690e-01
 1.587e+00 8.8701e-01 8.8701e-01 [ 7.0444e-01 9.4601e-02 4.4733e-02 4.2150e-02 1.0847e-03 ] 1.1299e-01
 1.700e+00 8.8830e-01 8.8830e-01 [ 6.9710e-01 9.9240e-02 4.6893e-02 4.3961e-02 1.1027e-03 ] 1.1170e-01
 1.813e+00 8.8847e-01 8.8847e-01 [ 6.8885e-01 1.0379e-01 4.9007e-02 4.5700e-02 1.1221e-03 ] 1.1153e-01
 1.927e+00 8.8819e-01 8.8819e-01 [ 6.8022e-01 1.0833e-01 5.1105e-02 4.7395e-02 1.1429e-03 ] 1.1181e-01
 2.040e+00 8.8773e-01 8.8773e-01 [ 6.7143e-01 1.1287e-01 5.3202e-02 4.9063e-02 1.1649e-03 ] 1.1227e-01
 2.153e+00 8.8722e-01 8.8722e-01 [ 6.6259e-01 1.1743e-01 5.5303e-02 5.0708e-02 1.1878e-03 ] 1.1278e-01
 2.267e+00 8.8671e-01 8.8671e-01 [ 6.5373e-01 1.2202e-01 5.7410e-02 5.2335e-02 1.2113e-03 ] 1.1329e-01
 2.380e+00 8.8622e-01 8.8622e-01 [ 6.4488e-01 1.2663e-01 5.9525e-02 5.3945e-02 1.2352e-03 ] 1.1378e-01
 2.493e+00 8.8576e-01 8.8576e-01 [ 6.3604e-01 1.3127e-01 6.1648e-02 5.5540e-02 1.2593e-03 ] 1.1424e-01
 2.607e+00 8.8533e-01 8.8533e-01 [ 6.2721e-01 1.3593e-01 6.3779e-02 5.7120e-02 1.2836e-03 ] 1.1467e-01
 2.720e+00 8.8493e-01 8.8493e-01 [ 6.1840e-01 1.4062e-01 6.5917e-02 5.8685e-02 1.3080e-03 ] 1.1507e-01
 2.833e+00 8.8456e-01 8.8456e-01 [ 6.0960e-01 1.4532e-01 6.8064e-02 6.0238e-02 1.3325e-03 ] 1.1544e-01
 2.947e+00 8.8421e-01 8.8421e-01 [ 6.0081e-01 1.5005e-01 7.0218e-02 6.1778e-02 1.3571e-03 ] 1.1579e-01
 3.060e+00 8.8390e-01 8.8390e-01 [ 5.9203e-01 1.5480e-01 7.2381e-02 6.3307e-02 1.3817e-03 ] 1.1610e-01
 3.173e+00 8.8360e-01 8.8360e-01 [ 5.8326e-01 1.5956e-01 7.4551e-02 6.4824e-02 1.4064e-03 ] 1.1640e-01
 3.287e+00 8.8333e-01 8.8333e-01 [ 5.7450e-01 1.6433e-01 7.6730e-02 6.6332e-02 1.4312e-03 ] 1.1667e-01
 3.400e+00 8.8308e-01 8.8308e-01 [ 5.6575e-01 1.6912e-01 7.8917e-02 6.7831e-02 1.4561e-03 ] 1.1692e-01
 3.513e+00 8.8284e-01 8.8284e-01 [ 5.5700e-01 1.7392e-01 8.1113e-02 6.9322e-02 1.4811e-03 ] 1.1716e-01
 3.627e+00 8.8263e-01 8.8263e-01 [ 5.4826e-01 1.7873e-01 8.3318e-02 7.0805e-02 1.5062e-03 ] 1.1737e-01
 3.740e+00 8.8242e-01 8.8242e-01 [ 5.3953e-01 1.8355e-01 8.5532e-02 7.2283e-02 1.5315e-03 ] 1.1758e-01
 3.853e+00 8.8224e-01 8.8224e-01 [ 5.3080e-01 1.8837e-01 8.7755e-02 7.3755e-02 1.5569e-03 ] 1.1776e-01
 3.967e+00 8.8206e-01 8.8206e-01 [ 5.2208e-01 1.9319e-01 8.9989e-02 7.5223e-02 1.5824e-03 ] 1.1794e-01
 4.080e+00 8.8190e-01 8.8190e-01 [ 5.1336e-01 1.9801e-01 9.2233e-02 7.6687e-02 1.6082e-03 ] 1.1810e-01
 4.193e+00 8.8175e-01 8.8175e-01 [ 5.0465e-01 2.0282e-01 9.4487e-02 7.8150e-02 1.6341e-03 ] 1.1825e-01
 4.307e+00 8.8160e-01 8.8160e-01 [ 4.9595e-01 2.0763e-01 9.6753e-02 7.9610e-02 1.6602e-03 ] 1.1840e-01
 4.420e+00 8.8147e-01 8.8147e-01 [ 4.8725e-01 2.1243e-01 9.9030e-02 8.1071e-02 1.6865e-03 ] 1.1853e-01
 4.533e+00 8.8135e-01 8.8135e-01 [ 4.7856e-01 2.1722e-01 1.0132e-01 8.2532e-02 1.7130e-03 ] 1.1865e-01
 4.647e+00 8.8123e-01 8.8123e-01 [ 4.6988e-01 2.2199e-01 1.0362e-01 8.3995e-02 1.7397e-03 ] 1.1877e-01
 4.760e+00 8.8112e-01 8.8112e-01 [ 4.6121e-01 2.2675e-01 1.0594e-01 8.5460e-02 1.7667e-03 ] 1.1888e-01
 4.873e+00 8.8102e-01 8.8102e-01 [ 4.5255e-01 2.3148e-01 1.0826e-01 8.6929e-02 1.7940e-03 ] 1.1898e-01
 4.987e+00 8.8092e-01 8.8092e-01 [ 4.4390e-01 2.3618e-01 1.1060e-01 8.8402e-02 1.8215e-03 ] 1.1908e-01
 5.100e+00 8.8082e-01 8.8082e-01 [ 4.3527e-01 2.4086e-01 1.1296e-01 8.9880e-02 1.8493e-03 ] 1.1918e-01
 5.213e+00 8.8074e-01 8.8074e-01 [ 4.2666e-01 2.4551e-01 1.1533e-01 9.1364e-02 1.8774e-03 ] 1.1926e-01
 5.327e+00 8.8065e-01 8.8065e-01 [ 4.1806e-01 2.5011e-01 1.1772e-01 9.2856e-02 1.9057e-03 ] 1.1935e-01
 5.440e+00 8.8057e-01 8.8057e-01 [ 4.0949e-01 2.5468e-01 1.2012e-01 9.4355e-02 1.9344e-03 ] 1.1943e-01
 5.553e+00 8.8049e-01 8.8049e-01 [ 4.0093e-01 2.5920e-01 1.2254e-01 9.5863e-02 1.9634e-03 ] 1.1951e-01
 5.667e+00 8.8042e-01 8.8042e-01 [ 3.9241e-01 2.6367e-01 1.2497e-01 9.7381e-02 1.9927e-03 ] 1.1958e-01
 5.780e+00 8.8035e-01 8.8035e-01 [ 3.8391e-01 2.6809e-01 1.2742e-01 9.8910e-02 2.0224e-03 ] 1.1965e-01
 5.893e+00 8.8028e-01 8.8028e-01 [ 3.7544e-01 2.7245e-01 1.2989e-01 1.0045e-01 2.0524e-03 ] 1.1972e-01
 6.007e+00 8.8021e-01 8.8021e-01 [ 3.6701e-01 2.7675e-01 1.3237e-01 1.0200e-01 2.0828e-03 ] 1.1979e-01
 6.120e+00 8.8015e-01 8.8015e-01 [ 3.5861e-01 2.8098e-01 1.3488e-01 1.0357e-01 2.1135e-03 ] 1.1985e-01
 6.233e+00 8.8009e-01 8.8009e-01 [ 3.5026e-01 2.8514e-01 1.3740e-01 1.0514e-01 2.1446e-03 ] 1.1991e-01
 6.347e+00 8.8003e-01 8.8003e-01 [ 3.4195e-01 2.8922e-01 1.3994e-01 1.0674e-01 2.1761e-03 ] 1.1997e-01
 6.460e+00 8.7997e-01 8.7997e-01 [ 3.3369e-01 2.9323e-01 1.4250e-01 1.0834e-01 2.2080e-03 ] 1.2003e-01
 6.573e+00 8.7991e-01 8.7991e-01 [ 3.2547e-01 2.9714e-01 1.4508e-01 1.0997e-01 2.2404e-03 ] 1.2009e-01
 6.687e+00 8.7985e-01 8.7985e-01 [ 3.1732e-01 3.0097e-01 1.4768e-01 1.1161e-01 2.2731e-03 ] 1.2015e-01
 6.800e+00 8.7979e-01 8.7979e-01 [ 3.0921e-01 3.0471e-01 1.5030e-01 1.1327e-01 2.3063e-03 ] 1.2021e-01
 6.913e+00 8.7974e-01 8.7974e-01 [ 3.0118e-01 3.0834e-01 1.5294e-01 1.1494e-01 2.3399e-03 ] 1.2026e-01
 7.027e+00 8.7968e-01 8.7968e-01 [ 2.9320e-01 3.1187e-01 1.5560e-01 1.1664e-01 2.3740e-03 ] 1.2032e-01
 7.140e+00 8.7963e-01 8.7963e-01 [ 2.8529e-01 3.1530e-01 1.5827e-01 1.1835e-01 2.4085e-03 ] 1.2037e-01
 7.253e+00 8.7957e-01 8.7957e-01 [ 2.7746e-01 3.1861e-01 1.6097e-01 1.2009e-01 2.4435e-03 ] 1.2043e-01
 7.367e+00 8.7952e-01 8.7952e-01 [ 2.6970e-01 3.2180e-01 1.6369e-01 1.2184e-01 2.4790e-03 ] 1.2048e-01
 7.480e+00 8.7947e-01 8.7947e-01 [ 2.6203e-01 3.2487e-01 1.6643e-01 1.2362e-01 2.5150e-03 ] 1.2053e-01
 7.593e+00 8.7941e-01 8.7941e-01 [ 2.5443e-01 3.2782e-01 1.6919e-01 1.2542e-01 2.5515e-03 ] 1.2059e-01
 7.707e+00 8.7936e-01 8.7936e-01 [ 2.4692e-01 3.3063e-01 1.7197e-01 1.2725e-01 2.5886e-03 ] 1.2064e-01
 7.820e+00 8.7931e-01 8.7931e-01 [ 2.3950e-01 3.3331e-01 1.7477e-01 1.2909e-01 2.6261e-03 ] 1.2069e-01
 7.933e+00 8.7926e-01 8.7926e-01 [ 2.3218e-01 3.3585e-01 1.7759e-01 1.3096e-01 2.6642e-03 ] 1.2074e-01
 8.047e+00 8.7920e-01 8.7920e-01 [ 2.2495e-01 3.3825e-01 1.8043e-01 1.3286e-01 2.7029e-03 ] 1.2080e-01
 8.160e+00 8.7915e-01 8.7915e-01 [ 2.1782e-01 3.4051e-01 1.8329e-01 1.3478e-01 2.7421e-03 ] 1.2085e-01
 8.273e+00 8.7910e-01 8.7910e-01 [ 2.1080e-01 3.4261e-01 1.8617e-01 1.3673e-01 2.7820e-03 ] 1.2090e-01
 8.387e+00 8.7904e-01 8.7904e-01 [ 2.0388e-01 3.4456e-01 1.8907e-01 1.3871e-01 2.8224e-03 ] 1.2096e-01
 8.500e+00 8.7899e-01 8.7899e-01 [ 1.9707e-01 3.4636e-01 1.9198e-01 1.4071e-01 2.8634e-03 ] 1.2101e-01
 8.613e+00 8.7894e-01 8.7894e-01 [ 1.9038e-01 3.4800e-01 1.9491e-01 1.4275e-01 2.9050e-03 ] 1.2106e-01
 8.727e+00 8.7889e-01 8.7889e-01 [ 1.8380e-01 3.4947e-01 1.9786e-01 1.4481e-01 2.9473e-03 ] 1.2111e-01
 8.840e+00 8.7883e-01 8.7883e-01 [ 1.7733e-01 3.5078e-01 2.0083e-01 1.4690e-01 2.9902e-03 ] 1.2117e-01
 8.953e+00 8.7878e-01 8.7878e-01 [ 1.7099e-01 3.5192e-01 2.0381e-01 1.4903e-01 3.0337e-03 ] 1.2122e-01
 9.067e+00 8.7872e-01 8.7872e-01 [ 1.6477e-01 3.5289e-01 2.0680e-01 1.5118e-01 3.0779e-03 ] 1.2128e-01
 9.180e+00 8.7867e-01 8.7867e-01 [ 1.5867e-01 3.5369e-01 2.0981e-01 1.5337e-01 3.1228e-03 ] 1.2133e-01
 9.293e+00 8.7862e-01 8.7862e-01 [ 1.5270e-01 3.5432e-01 2.1283e-01 1.5559e-01 3.1684e-03 ] 1.2138e-01
 9.407e+00 8.7856e-01 8.7856e-01 [ 1.4686e-01 3.5478e-01 2.1586e-01 1.5785e-01 3.2147e-03 ] 1.2144e-01
 9.520e+00 8.7851e-01 8.7851e-01 [ 1.4115e-01 3.5505e-01 2.1891e-01 1.6014e-01 3.2618e-03 ] 1.2149e-01
 9.633e+00 8.7845e-01 8.7845e-01 [ 1.3557e-01 3.5515e-01 2.2196e-01 1.6246e-01 3.3095e-03 ] 1.2155e-01
 9.747e+00 8.7840e-01 8.7840e-01 [ 1.3012e-01 3.5508e-01 2.2502e-01 1.6482e-01 3.3581e-03 ] 1.2160e-01
 9.860e+00 8.7834e-01 8.7834e-01 [ 1.2480e-01 3.5482e-01 2.2809e-01 1.6722e-01 3.4073e-03 ] 1.2166e-01
 9.973e+00 8.7828e-01 8.7828e-01 [ 1.1962e-01 3.5439e-01 2.3116e-01 1.6966e-01 3.4574e-03 ] 1.2172e-01
 1.009e+01 8.7823e-01 8.7823e-01 [ 1.1457e-01 3.5378e-01 2.3424e-01 1.7214e-01 3.5082e-03 ] 1.2177e-01
 1.020e+01 8.7817e-01 8.7817e-01 [ 1.0966e-01 3.5299e-01 2.3731e-01 1.7465e-01 3.5599e-03 ] 1.2183e-01
 1.031e+01 8.7811e-01 8.7811e-01 [ 1.0488e-01 3.5202e-01 2.4039e-01 1.7721e-01 3.6123e-03 ] 1.2189e-01
 1.043e+01 8.7806e-01 8.7806e-01 [ 1.0024e-01 3.5088e-01 2.4347e-01 1.7981e-01 3.6656e-03 ] 1.2194e-01
 1.054e+01 8.7800e-01 8.7800e-01 [ 9.5731e-02 3.4956e-01 2.4654e-01 1.8245e-01 3.7197e-03 ] 1.2200e-01
 1.065e+01 8.7794e-01 8.7794e-01 [ 9.1359e-02 3.4807e-01 2.4961e-01 1.8513e-01 3.7747e-03 ] 1.2206e-01
 1.077e+01 8.7789e-01 8.7789e-01 [ 8.7122e-02 3.4641e-01 2.5267e-01 1.8786e-01 3.8306e-03 ] 1.2211e-01
 1.088e+01 8.7783e-01 8.7783e-01 [ 8.3019e-02 3.4457e-01 2.5572e-01 1.9063e-01 3.8873e-03 ] 1.2217e-01
 1.099e+01 8.7777e-01 8.7777e-01 [ 7.9049e-02 3.4257e-01 2.5876e-01 1.9345e-01 3.9449e-03 ] 1.2223e-01
 1.111e+01 8.7771e-01 8.7771e-01 [ 7.5211e-02 3.4040e-01 2.6179e-01 1.9631e-01 4.0034e-03 ] 1.2229e-01
 1.122e+01 8.7766e-01 8.7766e-01 [ 7.1503e-02 3.3807e-01 2.6480e-01 1.9922e-01 4.0628e-03 ] 1.2234e-01
 1.133e+01 8.7760e-01 8.7760e-01 [ 6.7925e-02 3.3557e-01 2.6779e-01 2.0219e-01 4.1231e-03 ] 1.2240e-01
 1.145e+01 8.7754e-01 8.7754e-01 [ 6.4475e-02 3.3292e-01 2.7076e-01 2.0520e-01 4.1844e-03 ] 1.2246e-01
 1.156e+01 8.7748e-01 8.7748e-01 [ 6.1152e-02 3.3012e-01 2.7371e-01 2.0826e-01 4.2466e-03 ] 1.2252e-01
 1.167e+01 8.7743e-01 8.7743e-01 [ 5.7953e-02 3.2716e-01 2.7663e-01 2.1137e-01 4.3098e-03 ] 1.2257e-01
 1.179e+01 8.7737e-01 8.7737e-01 [ 5.4876e-02 3.2406e-01 2.7952e-01 2.1454e-01 4.3739e-03 ] 1.2263e-01
 1.190e+01 8.7731e-01 8.7731e-01 [ 5.1921e-02 3.2082e-01 2.8238e-01 2.1776e-01 4.4389e-03 ] 1.2269e-01
 1.201e+01 8.7726e-01 8.7726e-01 [ 4.9083e-02 3.1744e-01 2.8520e-01 2.2103e-01 4.5049e-03 ] 1.2274e-01
 1.213e+01 8.7720e-01 8.7720e-01 [ 4.6362e-02 3.1392e-01 2.8799e-01 2.2436e-01 4.5719e-03 ] 1.2280e-01
 1.224e+01 8.7715e-01 8.7715e-01 [ 4.3755e-02 3.1027e-01 2.9074e-01 2.2774e-01 4.6399e-03 ] 1.2285e-01
 1.235e+01 8.7710e-01 8.7710e-01 [ 4.1260e-02 3.0650e-01 2.9344e-01 2.3118e-01 4.7088e-03 ] 1.2290e-01
 1.247e+01 8.7704e-01 8.7704e-01 [ 3.8873e-02 3.0261e-01 2.9610e-01 2.3468e-01 4.7787e-03 ] 1.2296e-01
 1.258e+01 8.7699e-01 8.7699e-01 [ 3.6593e-02 2.9860e-01 2.9871e-01 2.3824e-01 4.8495e-03 ] 1.2301e-01
 1.269e+01 8.7694e-01 8.7694e-01 [ 3.4416e-02 2.9448e-01 3.0127e-01 2.4185e-01 4.9213e-03 ] 1.2306e-01
 1.281e+01 8.7689e-01 8.7689e-01 [ 3.2340e-02 2.9026e-01 3.0377e-01 2.4553e-01 4.9941e-03 ] 1.2311e-01
 1.292e+01 8.7685e-01 8.7685e-01 [ 3.0362e-02 2.8594e-01 3.0622e-01 2.4926e-01 5.0678e-03 ] 1.2315e-01
 1.303e+01 8.7680e-01 8.7680e-01 [ 2.8480e-02 2.8152e-01 3.0860e-01 2.5306e-01 5.1424e-03 ] 1.2320e-01
 1.315e+01 8.7676e-01 8.7676e-01 [ 2.6690e-02 2.7702e-01 3.1092e-01 2.5691e-01 5.2180e-03 ] 1.2324e-01
 1.326e+01 8.7672e-01 8.7672e-01 [ 2.4990e-02 2.7243e-01 3.1318e-01 2.6083e-01 5.2945e-03 ] 1.2328e-01
 1.337e+01 8.7668e-01 8.7668e-01 [ 2.3376e-02 2.6776e-01 3.1536e-01 2.6481e-01 5.3718e-03 ] 1.2332e-01
 1.349e+01 8.7664e-01 8.7664e-01 [ 2.1847e-02 2.6302e-01 3.1748e-01 2.6885e-01 5.4500e-03 ] 1.2336e-01
 1.360e+01 8.7661e-01 8.7661e-01 [ 2.0398e-02 2.5822e-01 3.1952e-01 2.7295e-01 5.5291e-03 ] 1.2339e-01
 1.371e+01 8.7658e-01 8.7658e-01 [ 1.9027e-02 2.5336e-01 3.2148e-01 2.7711e-01 5.6090e-03 ] 1.2342e-01
 1.383e+01 8.7656e-01 8.7656e-01 [ 1.7732e-02 2.4844e-01 3.2336e-01 2.8134e-01 5.6897e-03 ] 1.2344e-01
 1.394e+01 8.7654e-01 8.7654e-01 [ 1.6508e-02 2.4347e-01 3.2517e-01 2.8562e-01 5.7712e-03 ] 1.2346e-01
 1.405e+01 8.7653e-01 8.7653e-01 [ 1.5355e-02 2.3847e-01 3.2688e-01 2.8997e-01 5.8534e-03 ] 1.2347e-01
 1.417e+01 8.7652e-01 8.7652e-01 [ 1.4267e-02 2.3343e-01 3.2852e-01 2.9437e-01 5.9362e-03 ] 1.2348e-01
 1.428e+01 8.7651e-01 8.7651e-01 [ 1.3244e-02 2.2835e-01 3.3006e-01 2.9884e-01 6.0197e-03 ] 1.2349e-01
 1.439e+01 8.7652e-01 8.7652e-01 [ 1.2282e-02 2.2326e-01 3.3151e-01 3.0336e-01 6.1038e-03 ] 1.2348e-01
 1.451e+01 8.7653e-01 8.7653e-01 [ 1.1378e-02 2.1814e-01 3.3288e-01 3.0794e-01 6.1885e-03 ] 1.2347e-01
 1.462e+01 8.7655e-01 8.7655e-01 [ 1.0530e-02 2.1302e-01 3.3415e-01 3.1258e-01 6.2736e-03 ] 1.2345e-01
 1.473e+01 8.7658e-01 8.7658e-01 [ 9.7347e-03 2.0789e-01 3.3533e-01 3.1726e-01 6.3592e-03 ] 1.2342e-01
 1.485e+01 8.7662e-01 8.7662e-01 [ 8.9905e-03 2.0276e-01 3.3641e-01 3.2201e-01 6.4451e-03 ] 1.2339e-01
 1.496e+01 8.7666e-01 8.7666e-01 [ 8.2945e-03 1.9764e-01 3.3740e-01 3.2680e-01 6.5314e-03 ] 1.2334e-01
 1.507e+01 8.7672e-01 8.7672e-01 [ 7.6443e-03 1.9253e-01 3.3830e-01 3.3164e-01 6.6178e-03 ] 1.2328e-01
 1.519e+01 8.7680e-01 8.7680e-01 [ 7.0375e-03 1.8744e-01 3.3910e-01 3.3652e-01 6.7045e-03 ] 1.2320e-01
 1.530e+01 8.7689e-01 8.7689e-01 [ 6.4719e-03 1.8237e-01 3.3980e-01 3.4145e-01 6.7912e-03 ] 1.2311e-01
 1.541e+01 8.7699e-01 8.7699e-01 [ 5.9454e-03 1.7734e-01 3.4041e-01 3.4641e-01 6.8778e-03 ] 1.2301e-01
 1.553e+01 8.7711e-01 8.7711e-01 [ 5.4557e-03 1.7234e-01 3.4093e-01 3.5141e-01 6.9644e-03 ] 1.2289e-01
 1.564e+01 8.7725e-01 8.7725e-01 [ 5.0007e-03 1.6739e-01 3.4136e-01 3.5644e-01 7.0508e-03 ] 1.2275e-01
 1.575e+01 8.7741e-01 8.7741e-01 [ 4.5787e-03 1.6249e-01 3.4170e-01 3.6151e-01 7.1369e-03 ] 1.2259e-01
 1.587e+01 8.7759e-01 8.7759e-01 [ 4.1875e-03 1.5764e-01 3.4195e-01 3.6659e-01 7.2227e-03 ] 1.2241e-01
 1.598e+01 8.7779e-01 8.7779e-01 [ 3.8254e-03 1.5285e-01 3.4211e-01 3.7170e-01 7.3079e-03 ] 1.2221e-01
 1.609e+01 8.7802e-01 8.7802e-01 [ 3.4907e-03 1.4813e-01 3.4219e-01 3.7682e-01 7.3925e-03 ] 1.2198e-01
 1.621e+01 8.7828e-01 8.7828e-01 [ 3.1816e-03 1.4348e-01 3.4219e-01 3.8195e-01 7.4764e-03 ] 1.2172e-01
 1.632e+01 8.7856e-01 8.7856e-01 [ 2.8965e-03 1.3891e-01 3.4211e-01 3.8708e-01 7.5595e-03 ] 1.2144e-01
 1.643e+01 8.7888e-01 8.7888e-01 [ 2.6339e-03 1.3443e-01 3.4197e-01 3.9221e-01 7.6416e-03 ] 1.2112e-01
 1.655e+01 8.7923e-01 8.7923e-01 [ 2.3923e-03 1.3003e-01 3.4175e-01 3.9734e-01 7.7227e-03 ] 1.2077e-01
 1.666e+01 8.7963e-01 8.7963e-01 [ 2.1704e-03 1.2573e-01 3.4147e-01 4.0245e-01 7.8026e-03 ] 1.2037e-01
 1.677e+01 8.8006e-01 8.8006e-01 [ 1.9667e-03 1.2153e-01 3.4113e-01 4.0755e-01 7.8811e-03 ] 1.1994e-01
 1.689e+01 8.8053e-01 8.8053e-01 [ 1.7802e-03 1.1744e-01 3.4074e-01 4.1262e-01 7.9583e-03 ] 1.1947e-01
 1.700e+01 8.8105e-01 8.8105e-01 [ 1.6095e-03 1.1346e-01 3.4030e-01 4.1765e-01 8.0338e-03 ] 1.1895e-01
 1.711e+01 8.8162e-01 8.8162e-01 [ 1.4535e-03 1.0960e-01 3.3981e-01 4.2265e-01 8.1077e-03 ] 1.1838e-01
 1.723e+01 8.8224e-01 8.8224e-01 [ 1.3112e-03 1.0586e-01 3.3930e-01 4.2760e-01 8.1798e-03 ] 1.1776e-01
 1.734e+01 8.8292e-01 8.8292e-01 [ 1.1816e-03 1.0224e-01 3.3875e-01 4.3250e-01 8.2499e-03 ] 1.1708e-01
 1.745e+01 8.8366e-01 8.8366e-01 [ 1.0637e-03 9.8765e-02 3.3817e-01 4.3734e-01 8.3181e-03 ] 1.1634e-01
 1.757e+01 8.8446e-01 8.8446e-01 [ 9.5675e-04 9.5424e-02 3.3759e-01 4.4210e-01 8.3842e-03 ] 1.1554e-01
 1.768e+01 8.8532e-01 8.8532e-01 [ 8.5983e-04 9.2226e-02 3.3699e-01 4.4680e-01 8.4482e-03 ] 1.1468e-01
 1.779e+01 8.8625e-01 8.8625e-01 [ 7.7220e-04 8.9175e-02 3.3639e-01 4.5141e-01 8.5101e-03 ] 1.1375e-01
 1.791e+01 8.8726e-01 8.8726e-01 [ 6.9316e-04 8.6276e-02 3.3579e-01 4.5593e-01 8.5701e-03 ] 1.1274e-01
 1.802e+01 8.8834e-01 8.8834e-01 [ 6.2204e-04 8.3533e-02 3.3520e-01 4.6035e-01 8.6286e-03 ] 1.1166e-01
 1.813e+01 8.8950e-01 8.8950e-01 [ 5.5825e-04 8.0950e-02 3.3463e-01 4.6467e-01 8.6863e-03 ] 1.1050e-01
 1.825e+01 8.9072e-01 8.9072e-01 [ 5.0120e-04 7.8531e-02 3.3408e-01 4.6887e-01 8.7441e-03 ] 1.0928e-01
 1.836e+01 8.9202e-01 8.9202e-01 [ 4.5040e-04 7.6278e-02 3.3356e-01 4.7293e-01 8.8040e-03 ] 1.0798e-01
 1.847e+01 8.9336e-01 8.9336e-01 [ 4.0537e-04 7.4195e-02 3.3306e-01 4.7684e-01 8.8686e-03 ] 1.0664e-01
 1.859e+01 8.9470e-01 8.9470e-01 [ 3.6566e-04 7.2278e-02 3.3256e-01 4.8056e-01 8.9418e-03 ] 1.0530e-01
 1.870e+01 8.9590e-01 8.9590e-01 [ 3.3084e-04 7.0522e-02 3.3203e-01 4.8399e-01 9.0289e-03 ] 1.0410e-01
 1.881e+01 8.9663e-01 8.9663e-01 [ 3.0049e-04 6.8904e-02 3.3135e-01 4.8695e-01 9.1354e-03 ] 1.0337e-01
 1.893e+01 8.9610e-01 8.9610e-01 [ 2.7406e-04 6.7368e-02 3.3022e-01 4.8898e-01 9.2652e-03 ] 1.0390e-01
 1.904e+01 8.9236e-01 8.9236e-01 [ 2.5080e-04 6.5774e-02 3.2794e-01 4.8898e-01 9.4122e-03 ] 1.0764e-01
 1.915e+01 8.8084e-01 8.8084e-01 [ 2.2935e-04 6.3800e-02 3.2285e-01 4.8441e-01 9.5434e-03 ] 1.1916e-01
 1.927e+01 8.5212e-01 8.5212e-01 [ 2.0737e-04 6.0783e-02 3.1152e-01 4.7004e-01 9.5660e-03 ] 1.4788e-01
 1.938e+01 7.9161e-01 7.9161e-01 [ 1.8163e-04 5.5721e-02 2.8865e-01 4.3776e-01 9.3070e-03 ] 2.0839e-01
 1.949e+01 6.8866e-01 6.8866e-01 [ 1.5011e-04 4.7906e-02 2.5043e-01 3.8158e-01 8.5909e-03 ] 3.1134e-01
 1.961e+01 5.5195e-01 5.5195e-01 [ 1.1494e-04 3.7983e-02 2.0013e-01 3.0630e-01 7.4229e-03 ] 4.4805e-01
 1.972e+01 4.0825e-01 4.0825e-01 [ 8.1528e-05 2.7802e-02 1.4752e-01 2.2681e-01 6.0313e-03 ] 5.9175e-01
 1.983e+01 2.8290e-01 2.8290e-01 [ 5.4282e-05 1.9062e-02 1.0180e-01 1.5729e-01 4.6893e-03 ] 7.1710e-01
 1.995e+01 1.8719e-01 1.8719e-01 [ 3.4528e-05 1.2470e-02 6.7014e-02 1.0411e-01 3.5592e-03 ] 8.1281e-01
 2.006e+01 1.2028e-01 1.2028e-01 [ 2.1314e-05 7.9117e-03 4.2774e-02 6.6891e-02 2.6794e-03 ] 8.7972e-01
 2.017e+01 7.6002e-02 7.6002e-02 [ 1.2919e-05 4.9274e-03 2.6798e-02 4.2243e-02 2.0210e-03 ] 9.2400e-01
 2.029e+01 4.7650e-02 4.7650e-02 [ 7.7507e-06 3.0372e-03 1.6616e-02 2.6454e-02 1.5348e-03 ] 9.5235e-01
 2.040e+01 2.9820e-02 2.9820e-02 [ 4.6263e-06 1.8628e-03 1.0252e-02 1.6526e-02 1.1755e-03 ] 9.7018e-01
 2.051e+01 1.8706e-02 1.8706e-02 [ 2.7561e-06 1.1405e-03 6.3142e-03 1.0341e-02 9.0766e-04 ] 9.8129e-01
 2.063e+01 1.1797e-02 1.1797e-02 [ 1.6421e-06 6.9856e-04 3.8905e-03 6.5009e-03 7.0579e-04 ] 9.8820e-01
 2.074e+01 7.4978e-03 7.4978e-03 [ 9.7959e-07 4.2850e-04 2.4010e-03 4.1154e-03 5.5200e-04 ] 9.9250e-01
 2.085e+01 4.8115e-03 4.8115e-03 [ 5.8549e-07 2.6344e-04 1.4851e-03 2.6287e-03 4.3372e-04 ] 9.9519e-01
 2.097e+01 3.1230e-03 3.1230e-03 [ 3.5075e-07 1.6238e-04 9.2106e-04 1.6972e-03 3.4203e-04 ] 9.9688e-01
 2.108e+01 2.0535e-03 2.0535e-03 [ 2.1065e-07 1.0038e-04 5.7290e-04 1.1095e-03 2.7053e-04 ] 9.9795e-01
 2.119e+01 1.3699e-03 1.3699e-03 [ 1.2684e-07 6.2230e-05 3.5741e-04 7.3562e-04 2.1451e-04 ] 9.9863e-01
 2.131e+01 9.2822e-04 9.2822e-04 [ 7.6571e-08 3.8693e-05 2.2364e-04 4.9538e-04 1.7044e-04 ] 9.9907e-01
 2.142e+01 6.3942e-04 6.3942e-04 [ 4.6343e-08 2.4128e-05 1.4035e-04 3.3923e-04 1.3566e-04 ] 9.9936e-01
 2.153e+01 4.4804e-04 4.4804e-04 [ 2.8119e-08 1.5089e-05 8.8339e-05 2.3643e-04 1.0816e-04 ] 9.9955e-01
 2.165e+01 3.1937e-04 3.1937e-04 [ 1.7103e-08 9.4624e-06 5.5760e-05 1.6777e-04 8.6363e-05 ] 9.9968e-01
 2.176e+01 2.3150e-04 2.3150e-04 [ 1.0427e-08 5.9501e-06 3.5294e-05 1.2119e-04 6.9052e-05 ] 9.9977e-01
 2.187e+01 1.7050e-04 1.7050e-04 [ 6.3718e-09 3.7513e-06 2.2399e-05 8.9064e-05 5.5282e-05 ] 9.9983e-01
 2.199e+01 1.2746e-04 1.2746e-04 [ 3.9022e-09 2.3711e-06 1.4253e-05 6.6519e-05 4.4313e-05 ] 9.9987e-01
 2.210e+01 9.6579e-05 9.6579e-05 [ 2.3949e-09 1.5024e-06 9.0924e-06 5.0420e-05 3.5562e-05 ] 9.9990e-01
 2.221e+01 7.4064e-05 7.4064e-05 [ 1.4728e-09 9.5424e-07 5.8144e-06 3.8723e-05 2.8571e-05 ] 9.9993e-01
 2.233e+01 5.7397e-05 5.7397e-05 [ 9.0750e-10 6.0748e-07 3.7270e-06 3.0083e-05 2.2979e-05 ] 9.9994e-01
 2.244e+01 4.4886e-05 4.4886e-05 [ 5.6023e-10 3.8759e-07 2.3945e-06 2.3602e-05 1.8501e-05 ] 9.9996e-01
 2.255e+01 3.5374e-05 3.5374e-05 [ 3.4648e-10 2.4783e-07 1.5418e-06 1.8673e-05 1.4911e-05 ] 9.9996e-01
 2.267e+01 2.8059e-05 2.8059e-05 [ 2.1466e-10 1.5879e-07 9.9485e-07 1.4877e-05 1.2029e-05 ] 9.9997e-01
 2.278e+01 2.2379e-05 2.2379e-05 [ 1.3321e-10 1.0195e-07 6.4326e-07 1.1921e-05 9.7130e-06 ] 9.9998e-01
 2.289e+01 1.7931e-05 1.7931e-05 [ 8.2796e-11 6.5579e-08 4.1676e-07 9.5984e-06 7.8502e-06 ] 9.9998e-01
 2.301e+01 1.4422e-05 1.4422e-05 [ 5.1541e-11 4.2264e-08 2.7053e-07 7.7587e-06 6.3501e-06 ] 9.9999e-01
 2.312e+01 1.1636e-05 1.1636e-05 [ 3.2131e-11 2.7287e-08 1.7594e-07 6.2918e-06 5.1411e-06 ] 9.9999e-01
 2.323e+01 9.4138e-06 9.4138e-06 [ 2.0059e-11 1.7648e-08 1.1463e-07 5.1159e-06 4.1657e-06 ] 9.9999e-01
 2.335e+01 7.6330e-06 7.6330e-06 [ 1.2539e-11 1.1433e-08 7.4812e-08 4.1688e-06 3.3779e-06 ] 9.9999e-01
 2.346e+01 6.2008e-06 6.2008e-06 [ 7.8488e-12 7.4191e-09 4.8907e-08 3.4032e-06 2.7413e-06 ] 9.9999e-01
 2.357e+01 5.0455e-06 5.0455e-06 [ 4.9187e-12 4.8218e-09 3.2025e-08 2.7824e-06 2.2263e-06 ] 9.9999e-01
 2.369e+01 4.1111e-06 4.1111e-06 [ 3.0861e-12 3.1385e-09 2.1003e-08 2.2777e-06 1.8093e-06 ] 1.0000e+00
 2.380e+01 3.3538e-06 3.3538e-06 [ 1.9385e-12 2.0458e-09 1.3795e-08 1.8665e-06 1.4714e-06 ] 1.0000e+00
 2.391e+01 2.7388e-06 2.7388e-06 [ 1.2189e-12 1.3354e-09 9.0740e-09 1.5309e-06 1.1975e-06 ] 1.0000e+00
 2.403e+01 2.2386e-06 2.2386e-06 [ 7.6720e-13 8.7291e-10 5.9770e-09 1.2566e-06 9.7513e-07 ] 1.0000e+00
 2.414e+01 1.8313e-06 1.8313e-06 [ 4.8336e-13 5.7132e-10 3.9424e-09 1.0322e-06 7.9457e-07 ] 1.0000e+00
 2.425e+01 1.4991e-06 1.4991e-06 [ 3.0481e-13 3.7440e-10 2.6038e-09 8.4834e-07 6.4783e-07 ] 1.0000e+00
 2.437e+01 1.2280e-06 1.2280e-06 [ 1.9238e-13 2.4565e-10 1.7219e-09 6.9758e-07 5.2850e-07 ] 1.0000e+00
 2.448e+01 1.0066e-06 1.0066e-06 [ 1.2153e-13 1.6137e-10 1.1401e-09 5.7388e-07 4.3139e-07 ] 1.0000e+00
 2.459e+01 8.2548e-07 8.2548e-07 [ 7.6826e-14 1.0612e-10 7.5574e-10 4.7231e-07 3.5231e-07 ] 1.0000e+00
 2.471e+01 6.7731e-07 6.7731e-07 [ 4.8603e-14 6.9864e-11 5.0154e-10 3.8885e-07 2.8788e-07 ] 1.0000e+00
 2.482e+01 5.5599e-07 5.5599e-07 [ 3.0770e-14 4.6042e-11 3.3321e-10 3.2025e-07 2.3535e-07 ] 1.0000e+00
 2.493e+01 4.5659e-07 4.5659e-07 [ 1.9493e-14 3.0374e-11 2.2161e-10 2.6384e-07 1.9250e-07 ] 1.0000e+00
 2.505e+01 3.7512e-07 3.7512e-07 [ 1.2357e-14 2.0057e-11 1.4753e-10 2.1742e-07 1.5753e-07 ] 1.0000e+00
 2.516e+01 3.0829e-07 3.0829e-07 [ 7.8378e-15 1.3257e-11 9.8318e-11 1.7922e-07 1.2896e-07 ] 1.0000e+00
 2.527e+01 2.5347e-07 2.5347e-07 [ 4.9741e-15 8.7700e-12 6.5582e-11 1.4777e-07 1.0563e-07 ] 1.0000e+00
 2.539e+01 2.0846e-07 2.0846e-07 [ 3.1584e-15 5.8068e-12 4.3785e-11 1.2186e-07 8.6549e-08 ] 1.0000e+00
 2.550e+01 1.7150e-07 1.7150e-07 [ 2.0065e-15 3.8480e-12 2.9259e-11 1.0052e-07 7.0946e-08 ] 1.0000e+00
 2.561e+01 1.4113e-07 1.4113e-07 [ 1.2752e-15 2.5520e-12 1.9569e-11 8.2929e-08 5.8179e-08 ] 1.0000e+00
 2.573e+01 1.1617e-07 1.1617e-07 [ 8.1084e-16 1.6938e-12 1.3098e-11 6.8432e-08 4.7727e-08 ] 1.0000e+00
 2.584e+01 9.5657e-08 9.5657e-08 [ 5.1577e-16 1.1250e-12 8.7744e-12 5.6479e-08 3.9168e-08 ] 1.0000e+00
 2.595e+01 7.8783e-08 7.8783e-08 [ 3.2819e-16 7.4778e-13 5.8823e-12 4.6622e-08 3.2154e-08 ] 1.0000e+00
 2.607e+01 6.4902e-08 6.4902e-08 [ 2.0891e-16 4.9737e-13 3.9464e-12 3.8492e-08 2.6406e-08 ] 1.0000e+00
 2.618e+01 5.3479e-08 5.3479e-08 [ 1.3302e-16 3.3104e-13 2.6494e-12 3.1784e-08 2.1692e-08 ] 1.0000e+00
 2.629e+01 4.4077e-08 4.4077e-08 [ 8.4722e-17 2.2047e-13 1.7799e-12 2.6249e-08 1.7826e-08 ] 1.0000e+00
 2.641e+01 3.6335e-08 3.6335e-08 [ 5.3975e-17 1.4692e-13 1.1966e-12 2.1681e-08 1.4653e-08 ] 1.0000e+00
 2.652e+01 2.9960e-08 2.9960e-08 [ 3.4395e-17 9.7965e-14 8.0492e-13 1.7911e-08 1.2048e-08 ] 1.0000e+00
 2.663e+01 2.4708e-08 2.4708e-08 [ 2.1922e-17 6.5358e-14 5.4179e-13 1.4798e-08 9.9094e-09 ] 1.0000e+00
 2.675e+01 2.0380e-08 2.0380e-08 [ 1.3975e-17 4.3628e-14 3.6489e-13 1.2227e-08 8.1525e-09 ] 1.0000e+00
 2.686e+01 1.6814e-08 1.6814e-08 [ 8.9106e-18 2.9138e-14 2.4589e-13 1.0105e-08 6.7089e-09 ] 1.0000e+00
 2.697e+01 1.3874e-08 1.3874e-08 [ 5.6822e-18 1.9470e-14 1.6579e-13 8.3513e-09 5.5223e-09 ] 1.0000e+00
 2.709e+01 1.1450e-08 1.1450e-08 [ 3.6240e-18 1.3016e-14 1.1184e-13 6.9029e-09 4.5467e-09 ] 1.0000e+00
 2.720e+01 9.4508e-09 9.4508e-09 [ 2.3115e-18 8.7053e-15 7.5484e-14 5.7064e-09 3.7443e-09 ] 1.0000e+00
 2.731e+01 7.8020e-09 7.8020e-09 [ 1.4745e-18 5.8249e-15 5.0972e-14 4.7177e-09 3.0843e-09 ] 1.0000e+00
 2.743e+01 6.4418e-09 6.4418e-09 [ 9.4063e-19 3.8991e-15 3.4435e-14 3.9006e-09 2.5411e-09 ] 1.0000e+00
 2.754e+01 5.3195e-09 5.3195e-09 [ 6.0009e-19 2.6111e-15 2.3274e-14 3.2254e-09 2.0941e-09 ] 1.0000e+00
 2.765e+01 4.3933e-09 4.3933e-09 [ 3.8285e-19 1.7493e-15 1.5737e-14 2.6673e-09 1.7260e-09 ] 1.0000e+00
 2.777e+01 3.6289e-09 3.6289e-09 [ 2.4426e-19 1.1723e-15 1.0646e-14 2.2059e-09 1.4229e-09 ] 1.0000e+00
 2.788e+01 2.9978e-09 2.9978e-09 [ 1.5584e-19 7.8591e-16 7.2042e-15 1.8245e-09 1.1733e-09 ] 1.0000e+00
 2.799e+01 2.4768e-09 2.4768e-09 [ 9.9420e-20 5.2706e-16 4.8772e-15 1.5091e-09 9.6762e-10 ] 1.0000e+00
 2.811e+01 2.0465e-09 2.0465e-09 [ 6.3426e-20 3.5358e-16 3.3030e-15 1.2484e-09 7.9814e-10 ] 1.0000e+00
 2.822e+01 1.6912e-09 1.6912e-09 [ 4.0462e-20 2.3727e-16 2.2377e-15 1.0328e-09 6.5846e-10 ] 1.0000e+00
 2.833e+01 1.3977e-09 1.3977e-09 [ 2.5810e-20 1.5927e-16 1.5165e-15 8.5443e-10 5.4332e-10 ] 1.0000e+00
 2.845e+01 1.1553e-09 1.1553e-09 [ 1.6463e-20 1.0694e-16 1.0281e-15 7.0693e-10 4.4838e-10 ] 1.0000e+00
 2.856e+01 9.5502e-10 9.5502e-10 [ 1.0500e-20 7.1823e-17 6.9722e-16 5.8494e-10 3.7008e-10 ] 1.0000e+00
 2.867e+01 7.8953e-10 7.8953e-10 [ 6.6957e-21 4.8250e-17 4.7297e-16 4.8402e-10 3.0550e-10 ] 1.0000e+00
 2.879e+01 6.5277e-10 6.5277e-10 [ 4.2695e-21 3.2422e-17 3.2094e-16 4.0054e-10 2.5223e-10 ] 1.0000e+00
 2.890e+01 5.3975e-10 5.3975e-10 [ 2.7220e-21 2.1791e-17 2.1784e-16 3.3147e-10 2.0827e-10 ] 1.0000e+00
 2.901e+01 4.4633e-10 4.4633e-10 [ 1.7352e-21 1.4649e-17 1.4790e-16 2.7433e-10 1.7200e-10 ] 1.0000e+00
 2.913e+01 3.6911e-10 3.6911e-10 [ 1.1060e-21 9.8503e-18 1.0044e-16 2.2705e-10 1.4206e-10 ] 1.0000e+00
 2.924e+01 3.0527e-10 3.0527e-10 [ 7.0479e-22 6.6247e-18 6.8227e-17 1.8792e-10 1.1735e-10 ] 1.0000e+00
 2.935e+01 2.5249e-10 2.5249e-10 [ 4.4906e-22 4.4562e-18 4.6357e-17 1.5555e-10 9.6947e-11 ] 1.0000e+00
 2.947e+01 2.0886e-10 2.0886e-10 [ 2.8607e-22 2.9981e-18 3.1505e-17 1.2876e-10 8.0101e-11 ] 1.0000e+00
 2.958e+01 1.7277e-10 1.7277e-10 [ 1.8220e-22 2.0174e-18 2.1416e-17 1.0658e-10 6.6189e-11 ] 1.0000e+00
 2.969e+01 1.4293e-10 1.4293e-10 [ 1.1602e-22 1.3577e-18 1.4561e-17 8.8231e-11 5.4699e-11 ] 1.0000e+00
 2.981e+01 1.1825e-10 1.1825e-10 [ 7.3863e-23 9.1392e-19 9.9023e-18 7.3042e-11 4.5208e-11 ] 1.0000e+00
 2.992e+01 9.7837e-11 9.7837e-11 [ 4.7013e-23 6.1526e-19 6.7356e-18 6.0470e-11 3.7367e-11 ] 1.0000e+00
 3.003e+01 8.0953e-11 8.0953e-11 [ 2.9917e-23 4.1425e-19 4.5825e-18 5.0064e-11 3.0889e-11 ] 1.0000e+00
 3.015e+01 6.6986e-11 6.6986e-11 [ 1.9033e-23 2.7895e-19 3.1183e-18 4.1450e-11 2.5537e-11 ] 1.0000e+00
 3.026e+01 5.5432e-11 5.5432e-11 [ 1.2105e-23 1.8787e-19 2.1224e-18 3.4319e-11 2.1113e-11 ] 1.0000e+00
 3.037e+01 4.5873e-11 4.5873e-11 [ 7.6974e-24 1.2654e-19 1.4448e-18 2.8415e-11 1.7458e-11 ] 1.0000e+00
 3.049e+01 3.7964e-11 3.7964e-11 [ 4.8932e-24 8.5237e-20 9.8373e-19 2.3528e-11 1.4436e-11 ] 1.0000e+00
 3.060e+01 3.1420e-11 3.1420e-11 [ 3.1097e-24 5.7423e-20 6.6994e-19 1.9482e-11 1.1938e-11 ] 1.0000e+00
 3.071e+01 2.6006e-11 2.6006e-11 [ 1.9757e-24 3.8689e-20 4.5634e-19 1.6132e-11 9.8736e-12 ] 1.0000e+00
 3.083e+01 2.1525e-11 2.1525e-11 [ 1.2549e-24 2.6068e-20 3.1091e-19 1.3358e-11 8.1664e-12 ] 1.0000e+00
 3.094e+01 1.7817e-11 1.7817e-11 [ 7.9682e-25 1.7566e-20 2.1188e-19 1.1062e-11 6.7549e-12 ] 1.0000e+00
 3.105e+01 1.4748e-11 1.4748e-11 [ 5.0580e-25 1.1838e-20 1.4442e-19 9.1604e-12 5.5877e-12 ] 1.0000e+00
 3.117e+01 1.2208e-11 1.2208e-11 [ 3.2096e-25 7.9783e-21 9.8469e-20 7.5860e-12 4.6225e-12 ] 1.0000e+00
 3.128e+01 1.0106e-11 1.0106e-11 [ 2.0361e-25 5.3774e-21 6.7158e-20 6.2823e-12 3.8242e-12 ] 1.0000e+00
 3.139e+01 8.3667e-12 8.3667e-12 [ 1.2912e-25 3.6245e-21 4.5818e-20 5.2027e-12 3.1640e-12 ] 1.0000e+00
 3.151e+01 6.9266e-12 6.9266e-12 [ 8.1858e-26 2.4432e-21 3.1271e-20 4.3087e-12 2.6179e-12 ] 1.0000e+00
 3.162e+01 5.7346e-12 5.7346e-12 [ 5.1877e-26 1.6469e-21 2.1352e-20 3.5684e-12 2.1662e-12 ] 1.0000e+00
 3.173e+01 4.7478e-12 4.7478e-12 [ 3.2865e-26 1.1102e-21 1.4587e-20 2.9553e-12 1.7925e-12 ] 1.0000e+00
 3.185e+01 3.9310e-12 3.9310e-12 [ 2.0814e-26 7.4847e-22 9.9707e-21 2.4476e-12 1.4833e-12 ] 1.0000e+00
 3.196e+01 3.2548e-12 3.2548e-12 [ 1.3177e-26 5.0460e-22 6.8202e-21 2.0272e-12 1.2276e-12 ] 1.0000e+00
 3.207e+01 2.6949e-12 2.6949e-12 [ 8.3390e-27 3.4019e-22 4.6691e-21 1.6790e-12 1.0159e-12 ] 1.0000e+00
 3.219e+01 2.2314e-12 2.2314e-12 [ 5.2754e-27 2.2936e-22 3.1996e-21 1.3906e-12 8.4083e-13 ] 1.0000e+00
 3.230e+01 1.8477e-12 1.8477e-12 [ 3.3361e-27 1.5464e-22 2.1951e-21 1.1518e-12 6.9593e-13 ] 1.0000e+00
 3.241e+01 1.5300e-12 1.5300e-12 [ 2.1089e-27 1.0426e-22 1.5081e-21 9.5397e-13 5.7603e-13 ] 1.0000e+00
 3.253e+01 1.2669e-12 1.2669e-12 [ 1.3327e-27 7.0298e-23 1.0378e-21 7.9015e-13 4.7680e-13 ] 1.0000e+00
 3.264e+01 1.0491e-12 1.0491e-12 [ 8.4180e-28 4.7398e-23 7.1564e-22 6.5447e-13 3.9468e-13 ] 1.0000e+00
 3.275e+01 8.6880e-13 8.6880e-13 [ 5.3153e-28 3.1958e-23 4.9463e-22 5.4209e-13 3.2671e-13 ] 1.0000e+00
 3.287e+01 7.1947e-13 7.1947e-13 [ 3.3549e-28 2.1547e-23 3.4283e-22 4.4901e-13 2.7046e-13 ] 1.0000e+00
 3.298e+01 5.9581e-13 5.9581e-13 [ 2.1167e-28 1.4528e-23 2.3840e-22 3.7191e-13 2.2390e-13 ] 1.0000e+00
 3.309e+01 4.9342e-13 4.9342e-13 [ 1.3349e-28 9.7953e-24 1.6642e-22 3.0806e-13 1.8536e-13 ] 1.0000e+00
 3.321e+01 4.0863e-13 4.0863e-13 [ 8.4157e-29 6.6043e-24 1.1670e-22 2.5517e-13 1.5346e-13 ] 1.0000e+00
 3.332e+01 3.3842e-13 3.3842e-13 [ 5.3032e-29 4.4528e-24 8.2254e-23 2.1136e-13 1.2705e-13 ] 1.0000e+00
 3.343e+01 2.8027e-13 2.8027e-13 [ 3.3405e-29 3.0021e-24 5.8320e-23 1.7508e-13 1.0519e-13 ] 1.0000e+00
 3.355e+01 2.3212e-13 2.3212e-13 [ 2.1033e-29 2.0240e-24 4.1627e-23 1.4502e-13 8.7097e-14 ] 1.0000e+00
 3.366e+01 1.9224e-13 1.9224e-13 [ 1.3237e-29 1.3646e-24 2.9932e-23 1.2013e-13 7.2115e-14 ] 1.0000e+00
 3.377e+01 1.5922e-13 1.5922e-13 [ 8.3277e-30 9.1993e-25 2.1699e-23 9.9505e-14 5.9712e-14 ] 1.0000e+00
 3.389e+01 1.3187e-13 1.3187e-13 [ 5.2368e-30 6.2017e-25 1.5868e-23 8.2424e-14 4.9443e-14 ] 1.0000e+00
 3.400e+01 1.0922e-13 1.0922e-13 [ 3.2916e-30 4.1807e-25 1.1713e-23 6.8276e-14 4.0940e-14 ] 1.0000e+00
 3.411e+01 9.0457e-14 9.0457e-14 [ 2.0681e-30 2.8183e-25 8.7294e-24 5.6556e-14 3.3901e-14 ] 1.0000e+00
 3.423e+01 7.4921e-14 7.4921e-14 [ 1.2988e-30 1.8997e-25 6.5703e-24 4.6848e-14 2.8072e-14 ] 1.0000e+00
 3.434e+01 6.2053e-14 6.2053e-14 [ 8.1531e-31 1.2805e-25 4.9942e-24 3.8807e-14 2.3246e-14 ] 1.0000e+00
 3.445e+01 5.1396e-14 5.1396e-14 [ 5.1157e-31 8.6311e-26 3.8330e-24 3.2146e-14 1.9250e-14 ] 1.0000e+00
 3.457e+01 4.2570e-14 4.2570e-14 [ 3.2085e-31 5.8173e-26 2.9692e-24 2.6628e-14 1.5942e-14 ] 1.0000e+00
 3.468e+01 3.5259e-14 3.5259e-14 [ 2.0114e-31 3.9207e-26 2.3202e-24 2.2058e-14 1.3202e-14 ] 1.0000e+00
 3.479e+01 2.9205e-14 2.9205e-14 [ 1.2604e-31 2.6423e-26 1.8279e-24 1.8272e-14 1.0933e-14 ] 1.0000e+00
 3.491e+01 2.4190e-14 2.4190e-14 [ 7.8940e-32 1.7807e-26 1.4507e-24 1.5136e-14 9.0541e-15 ] 1.0000e+00
 3.502e+01 2.0036e-14 2.0036e-14 [ 4.9420e-32 1.1999e-26 1.1589e-24 1.2538e-14 7.4983e-15 ] 1.0000e+00
 3.513e+01 1.6596e-14 1.6596e-14 [ 3.0925e-32 8.0857e-27 9.3130e-25 1.0386e-14 6.2099e-15 ] 1.0000e+00
 3.525e+01 1.3746e-14 1.3746e-14 [ 1.9342e-32 5.4481e-27 7.5221e-25 8.6031e-15 5.1429e-15 ] 1.0000e+00
 3.536e+01 1.1386e-14 1.1386e-14 [ 1.2092e-32 3.6707e-27 6.1024e-25 7.1265e-15 4.2593e-15 ] 1.0000e+00
 3.547e+01 9.4309e-15 9.4309e-15 [ 7.5562e-33 2.4731e-27 4.9694e-25 5.9033e-15 3.5276e-15 ] 1.0000e+00
 3.559e+01 7.8116e-15 7.8116e-15 [ 4.7195e-33 1.6660e-27 4.0596e-25 4.8901e-15 2.9216e-15 ] 1.0000e+00
 3.570e+01 6.4704e-15 6.4704e-15 [ 2.9463e-33 1.1223e-27 3.3253e-25 4.0507e-15 2.4197e-15 ] 1.0000e+00
 3.581e+01 5.3595e-15 5.3595e-15 [ 1.8385e-33 7.5599e-28 2.7299e-25 3.3555e-15 2.0040e-15 ] 1.0000e+00
 3.593e+01 4.4393e-15 4.4393e-15 [ 1.1467e-33 5.0920e-28 2.2452e-25 2.7795e-15 1.6598e-15 ] 1.0000e+00
 3.604e+01 3.6772e-15 3.6772e-15 [ 7.1482e-34 3.4295e-28 1.8494e-25 2.3024e-15 1.3747e-15 ] 1.0000e+00
 3.615e+01 3.0458e-15 3.0458e-15 [ 4.4540e-34 2.3096e-28 1.5252e-25 1.9072e-15 1.1386e-15 ] 1.0000e+00
 3.627e+01 2.5229e-15 2.5229e-15 [ 2.7739e-34 1.5553e-28 1.2592e-25 1.5799e-15 9.4304e-16 ] 1.0000e+00
 3.638e+01 2.0898e-15 2.0898e-15 [ 1.7267e-34 1.0473e-28 1.0403e-25 1.3087e-15 7.8108e-16 ] 1.0000e+00
 3.649e+01 1.7310e-15 1.7310e-15 [ 1.0744e-34 7.0517e-29 8.6007e-26 1.0841e-15 6.4694e-16 ] 1.0000e+00
 3.661e+01 1.4338e-15 1.4338e-15 [ 6.6812e-35 4.7477e-29 7.1140e-26 8.9798e-16 5.3583e-16 ] 1.0000e+00
 3.672e+01 1.1876e-15 1.1876e-15 [ 4.1529e-35 3.1962e-29 5.8866e-26 7.4383e-16 4.4381e-16 ] 1.0000e+00
 3.683e+01 9.8375e-16 9.8375e-16 [ 2.5800e-35 2.1516e-29 4.8724e-26 6.1615e-16 3.6760e-16 ] 1.0000e+00
 3.695e+01 8.1485e-16 8.1485e-16 [ 1.6021e-35 1.4483e-29 4.0338e-26 5.1038e-16 3.0447e-16 ] 1.0000e+00
 3.706e+01 6.7495e-16 6.7495e-16 [ 9.9435e-36 9.7476e-30 3.3400e-26 4.2277e-16 2.5218e-16 ] 1.0000e+00
 3.717e+01 5.5907e-16 5.5907e-16 [ 6.1684e-36 6.5602e-30 2.7659e-26 3.5020e-16 2.0888e-16 ] 1.0000e+00
 3.729e+01 4.6309e-16 4.6309e-16 [ 3.8246e-36 4.4147e-30 2.2906e-26 2.9008e-16 1.7301e-16 ] 1.0000e+00
 3.740e+01 3.8358e-16 3.8358e-16 [ 2.3702e-36 2.9706e-30 1.8970e-26 2.4028e-16 1.4330e-16 ] 1.0000e+00
 3.751e+01 3.1773e-16 3.1773e-16 [ 1.4681e-36 1.9987e-30 1.5710e-26 1.9903e-16 1.1869e-16 ] 1.0000e+00
 3.763e+01 2.6317e-16 2.6317e-16 [ 9.0889e-37 1.3447e-30 1.3011e-26 1.6486e-16 9.8313e-17 ] 1.0000e+00
 3.774e+01 2.1799e-16 2.1799e-16 [ 5.6240e-37 9.0460e-31 1.0774e-26 1.3656e-16 8.1431e-17 ] 1.0000e+00
 3.785e+01 1.8056e-16 1.8056e-16 [ 3.4782e-37 6.0848e-31 8.9220e-27 1.1311e-16 6.7448e-17 ] 1.0000e+00
 3.797e+01 1.4956e-16 1.4956e-16 [ 2.1501e-37 4.0927e-31 7.3876e-27 9.3693e-17 5.5866e-17 ] 1.0000e+00
 3.808e+01 1.2388e-16 1.2388e-16 [ 1.3284e-37 2.7525e-31 6.1167e-27 7.7607e-17 4.6274e-17 ] 1.0000e+00
 3.819e+01 1.0261e-16 1.0261e-16 [ 8.2030e-38 1.8510e-31 5.0640e-27 6.4282e-17 3.8328e-17 ] 1.0000e+00
 3.831e+01 8.4992e-17 8.4992e-17 [ 5.0628e-38 1.2446e-31 4.1921e-27 5.3245e-17 3.1746e-17 ] 1.0000e+00
 3.842e+01 7.0398e-17 7.0398e-17 [ 3.1232e-38 8.3682e-32 3.4700e-27 4.4103e-17 2.6295e-17 ] 1.0000e+00
 3.853e+01 5.8310e-17 5.8310e-17 [ 1.9256e-38 5.6258e-32 2.8721e-27 3.6530e-17 2.1780e-17 ] 1.0000e+00
 3.865e+01 4.8297e-17 4.8297e-17 [ 1.1866e-38 3.7818e-32 2.3769e-27 3.0257e-17 1.8040e-17 ] 1.0000e+00
 3.876e+01 4.0004e-17 4.0004e-17 [ 7.3087e-39 2.5420e-32 1.9670e-27 2.5062e-17 1.4942e-17 ] 1.0000e+00
 3.887e+01 3.3135e-17 3.3135e-17 [ 4.4992e-39 1.7084e-32 1.6276e-27 2.0758e-17 1.2376e-17 ] 1.0000e+00
 3.899e+01 2.7445e-17 2.7445e-17 [ 2.7683e-39 1.1481e-32 1.3466e-27 1.7193e-17 1.0251e-17 ] 1.0000e+00
 3.910e+01 2.2732e-17 2.2732e-17 [ 1.7024e-39 7.7148e-33 1.1140e-27 1.4241e-17 8.4908e-18 ] 1.0000e+00
 3.921e+01 1.8828e-17 1.8828e-17 [ 1.0463e-39 5.1835e-33 9.2154e-28 1.1795e-17 7.0328e-18 ] 1.0000e+00
 3.933e+01 1.5595e-17 1.5595e-17 [ 6.4276e-40 3.4824e-33 7.6224e-28 9.7695e-18 5.8251e-18 ] 1.0000e+00
 3.944e+01 1.2916e-17 1.2916e-17 [ 3.9465e-40 2.3393e-33 6.3042e-28 8.0917e-18 4.8248e-18 ] 1.0000e+00
 3.955e+01 1.0698e-17 1.0698e-17 [ 2.4218e-40 1.5713e-33 5.2135e-28 6.7019e-18 3.9962e-18 ] 1.0000e+00
 3.967e+01 8.8608e-18 8.8608e-18 [ 1.4854e-40 1.0553e-33 4.3111e-28 5.5509e-18 3.3100e-18 ] 1.0000e+00
 3.978e+01 7.3390e-18 7.3390e-18 [ 9.1055e-41 7.0866e-34 3.5646e-28 4.5975e-18 2.7415e-18 ] 1.0000e+00
 3.989e+01 6.0785e-18 6.0785e-18 [ 5.5788e-41 4.7585e-34 2.9471e-28 3.8078e-18 2.2707e-18 ] 1.0000e+00
 4.001e+01 5.0345e-18 5.0345e-18 [ 3.4162e-41 3.1948e-34 2.4364e-28 3.1537e-18 1.8807e-18 ] 1.0000e+00
 4.012e+01 4.1697e-18 4.1697e-18 [ 2.0908e-41 2.1448e-34 2.0140e-28 2.6120e-18 1.5577e-18 ] 1.0000e+00
 4.023e+01 3.4535e-18 3.4535e-18 [ 1.2790e-41 1.4397e-34 1.6647e-28 2.1633e-18 1.2902e-18 ] 1.0000e+00
 4.035e+01 2.8603e-18 2.8603e-18 [ 7.8193e-42 9.6629e-35 1.3759e-28 1.7917e-18 1.0686e-18 ] 1.0000e+00
 4.046e+01 2.3690e-18 2.3690e-18 [ 4.7780e-42 6.4848e-35 1.1371e-28 1.4839e-18 8.8508e-19 ] 1.0000e+00
 4.057e+01 1.9620e-18 1.9620e-18 [ 2.9180e-42 4.3515e-35 9.3965e-29 1.2290e-18 7.3307e-19 ] 1.0000e+00
 4.069e+01 1.6250e-18 1.6250e-18 [ 1.7811e-42 2.9197e-35 7.7644e-29 1.0178e-18 6.0715e-19 ] 1.0000e+00
 4.080e+01 1.3458e-18 1.3458e-18 [ 1.0866e-42 1.9587e-35 6.4153e-29 8.4296e-19 5.0287e-19 ] 1.0000e+00
 4.091e+01 1.1146e-18 1.1146e-18 [ 6.6254e-43 1.3139e-35 5.3003e-29 6.9812e-19 4.1649e-19 ] 1.0000e+00
 4.103e+01 9.2313e-19 9.2313e-19 [ 4.0376e-43 8.8129e-36 4.3787e-29 5.7817e-19 3.4495e-19 ] 1.0000e+00
 4.114e+01 7.6453e-19 7.6453e-19 [ 2.4592e-43 5.9104e-36 3.6171e-29 4.7883e-19 2.8570e-19 ] 1.0000e+00
 4.125e+01 6.3317e-19 6.3317e-19 [ 1.4970e-43 3.9634e-36 2.9878e-29 3.9655e-19 2.3662e-19 ] 1.0000e+00
 4.137e+01 5.2438e-19 5.2438e-19 [ 9.1081e-44 2.6574e-36 2.4678e-29 3.2841e-19 1.9597e-19 ] 1.0000e+00
 4.148e+01 4.3428e-19 4.3428e-19 [ 5.5385e-44 1.7816e-36 2.0381e-29 2.7197e-19 1.6231e-19 ] 1.0000e+00
 4.159e+01 3.5966e-19 3.5966e-19 [ 3.3661e-44 1.1943e-36 1.6832e-29 2.2524e-19 1.3442e-19 ] 1.0000e+00
 4.171e+01 2.9786e-19 2.9786e-19 [ 2.0446e-44 8.0047e-37 1.3900e-29 1.8653e-19 1.1133e-19 ] 1.0000e+00
 4.182e+01 2.4668e-19 2.4668e-19 [ 1.2413e-44 5.3646e-37 1.1478e-29 1.5447e-19 9.2204e-20 ] 1.0000e+00
 4.193e+01 2.0429e-19 2.0429e-19 [ 7.5316e-45 3.5948e-37 9.4770e-30 1.2792e-19 7.6363e-20 ] 1.0000e+00
 4.205e+01 1.6918e-19 1.6918e-19 [ 4.5674e-45 2.4086e-37 7.8246e-30 1.0594e-19 6.3243e-20 ] 1.0000e+00
 4.216e+01 1.4010e-19 1.4010e-19 [ 2.7683e-45 1.6137e-37 6.4599e-30 8.7728e-20 5.2377e-20 ] 1.0000e+00
 4.227e+01 1.1603e-19 1.1603e-19 [ 1.6769e-45 1.0809e-37 5.3329e-30 7.2648e-20 4.3377e-20 ] 1.0000e+00
 4.239e+01 9.6085e-20 9.6085e-20 [ 1.0153e-45 7.2401e-38 4.4023e-30 6.0161e-20 3.5924e-20 ] 1.0000e+00
 4.250e+01 7.9570e-20 7.9570e-20 [ 6.1435e-46 4.8488e-38 3.6338e-30 4.9819e-20 2.9751e-20 ] 1.0000e+00
 4.261e+01 6.5894e-20 6.5894e-20 [ 3.7154e-46 3.2470e-38 2.9994e-30 4.1255e-20 2.4639e-20 ] 1.0000e+00
 4.273e+01 5.4567e-20 5.4567e-20 [ 2.2457e-46 2.1741e-38 2.4755e-30 3.4162e-20 2.0405e-20 ] 1.0000e+00
 4.284e+01 4.5188e-20 4.5188e-20 [ 1.3566e-46 1.4555e-38 2.0431e-30 2.8289e-20 1.6898e-20 ] 1.0000e+00
 4.295e+01 3.7420e-20 3.7420e-20 [ 8.1911e-47 9.7436e-39 1.6861e-30 2.3426e-20 1.3994e-20 ] 1.0000e+00
 4.307e+01 3.0987e-20 3.0987e-20 [ 4.9428e-47 6.5220e-39 1.3914e-30 1.9398e-20 1.1589e-20 ] 1.0000e+00
 4.318e+01 2.5660e-20 2.5660e-20 [ 2.9810e-47 4.3651e-39 1.1481e-30 1.6063e-20 9.5974e-21 ] 1.0000e+00
 4.329e+01 2.1249e-20 2.1249e-20 [ 1.7969e-47 2.9213e-39 9.4735e-31 1.3301e-20 7.9479e-21 ] 1.0000e+00
 4.341e+01 1.7595e-20 1.7595e-20 [ 1.0825e-47 1.9549e-39 7.8165e-31 1.1014e-20 6.5819e-21 ] 1.0000e+00
 4.352e+01 1.4570e-20 1.4570e-20 [ 6.5180e-48 1.3081e-39 6.4489e-31 9.1197e-21 5.4506e-21 ] 1.0000e+00
 4.363e+01 1.2065e-20 1.2065e-20 [ 3.9224e-48 8.7523e-40 5.3204e-31 7.5514e-21 4.5137e-21 ] 1.0000e+00
 4.375e+01 9.9905e-21 9.9905e-21 [ 2.3591e-48 5.8558e-40 4.3891e-31 6.2527e-21 3.7378e-21 ] 1.0000e+00
 4.386e+01 8.2726e-21 8.2726e-21 [ 1.4181e-48 3.9179e-40 3.6207e-31 5.1774e-21 3.0953e-21 ] 1.0000e+00
 4.397e+01 6.8501e-21 6.8501e-21 [ 8.5193e-49 2.6212e-40 2.9866e-31 4.2869e-21 2.5632e-21 ] 1.0000e+00
 4.409e+01 5.6721e-21 5.6721e-21 [ 5.1154e-49 1.7538e-40 2.4635e-31 3.5496e-21 2.1225e-21 ] 1.0000e+00
 4.420e+01 4.6967e-21 4.6967e-21 [ 3.0698e-49 1.1735e-40 2.0319e-31 2.9390e-21 1.7576e-21 ] 1.0000e+00
 4.431e+01 3.8889e-21 3.8889e-21 [ 1.8412e-49 7.8524e-41 1.6758e-31 2.4335e-21 1.4554e-21 ] 1.0000e+00
 4.443e+01 3.2201e-21 3.2201e-21 [ 1.1037e-49 5.2553e-41 1.3821e-31 2.0149e-21 1.2052e-21 ] 1.0000e+00
 4.454e+01 2.6663e-21 2.6663e-21 [ 6.6123e-50 3.5179e-41 1.1398e-31 1.6683e-21 9.9798e-22 ] 1.0000e+00
 4.465e+01 2.2077e-21 2.2077e-21 [ 3.9593e-50 2.3555e-41 9.3990e-32 1.3813e-21 8.2638e-22 ] 1.0000e+00
 4.477e+01 1.8279e-21 1.8279e-21 [ 2.3694e-50 1.5778e-41 7.7505e-32 1.1436e-21 6.8429e-22 ] 1.0000e+00
 4.488e+01 1.5135e-21 1.5135e-21 [ 1.4172e-50 1.0573e-41 6.3908e-32 9.4687e-22 5.6662e-22 ] 1.0000e+00
 4.499e+01 1.2531e-21 1.2531e-21 [ 8.4716e-51 7.0895e-42 5.2694e-32 7.8396e-22 4.6918e-22 ] 1.0000e+00
 4.511e+01 1.0376e-21 1.0376e-21 [ 5.0613e-51 4.7571e-42 4.3446e-32 6.4907e-22 3.8849e-22 ] 1.0000e+00
 4.522e+01 8.5906e-22 8.5906e-22 [ 3.0222e-51 3.1948e-42 3.5819e-32 5.3738e-22 3.2168e-22 ] 1.0000e+00
 4.533e+01 7.1126e-22 7.1126e-22 [ 1.8036e-51 2.1480e-42 2.9530e-32 4.4491e-22 2.6636e-22 ] 1.0000e+00
 4.545e+01 5.8889e-22 5.8889e-22 [ 1.0757e-51 1.4461e-42 2.4344e-32 3.6834e-22 2.2054e-22 ] 1.0000e+00
 4.556e+01 4.8756e-22 4.8756e-22 [ 6.4127e-52 9.7514e-43 2.0068e-32 3.0495e-22 1.8261e-22 ] 1.0000e+00
 4.567e+01 4.0367e-22 4.0367e-22 [ 3.8206e-52 6.5884e-43 1.6542e-32 2.5247e-22 1.5120e-22 ] 1.0000e+00
 4.579e+01 3.3421e-22 3.3421e-22 [ 2.2750e-52 4.4616e-43 1.3635e-32 2.0902e-22 1.2519e-22 ] 1.0000e+00
 4.590e+01 2.7670e-22 2.7670e-22 [ 1.3539e-52 3.0297e-43 1.1238e-32 1.7304e-22 1.0366e-22 ] 1.0000e+00
 4.601e+01 2.2908e-22 2.2908e-22 [ 8.0527e-53 2.0640e-43 9.2626e-33 1.4326e-22 8.5824e-23 ] 1.0000e+00
 4.613e+01 1.8966e-22 1.8966e-22 [ 4.7869e-53 1.4114e-43 7.6339e-33 1.1860e-22 7.1059e-23 ] 1.0000e+00
 4.624e+01 1.5701e-22 1.5701e-22 [ 2.8440e-53 9.6941e-44 6.2913e-33 9.8181e-23 5.8834e-23 ] 1.0000e+00
 4.635e+01 1.2999e-22 1.2999e-22 [ 1.6888e-53 6.6915e-44 5.1846e-33 8.1279e-23 4.8712e-23 ] 1.0000e+00
 4.647e+01 1.0762e-22 1.0762e-22 [ 1.0022e-53 4.6451e-44 4.2724e-33 6.7286e-23 4.0330e-23 ] 1.0000e+00
 4.658e+01 8.9092e-23 8.9092e-23 [ 5.9445e-54 3.2450e-44 3.5205e-33 5.5701e-23 3.3391e-23 ] 1.0000e+00
 4.669e+01 7.3756e-23 7.3756e-23 [ 3.5239e-54 2.2828e-44 2.9009e-33 4.6111e-23 2.7645e-23 ] 1.0000e+00
 4.681e+01 6.1059e-23 6.1059e-23 [ 2.0878e-54 1.6181e-44 2.3902e-33 3.8171e-23 2.2888e-23 ] 1.0000e+00
 4.692e+01 5.0548e-23 5.0548e-23 [ 1.2363e-54 1.1564e-44 1.9693e-33 3.1598e-23 1.8949e-23 ] 1.0000e+00
 4.703e+01 4.1845e-23 4.1845e-23 [ 7.3163e-55 8.3347e-45 1.6224e-33 2.6157e-23 1.5688e-23 ] 1.0000e+00
 4.715e+01 3.4641e-23 3.4641e-23 [ 4.3274e-55 6.0608e-45 1.3366e-33 2.1653e-23 1.2988e-23 ] 1.0000e+00
 4.726e+01 2.8676e-23 2.8676e-23 [ 2.5582e-55 4.4470e-45 1.1011e-33 1.7924e-23 1.0753e-23 ] 1.0000e+00
 4.737e+01 2.3739e-23 2.3739e-23 [ 1.5114e-55 3.2922e-45 9.0708e-34 1.4837e-23 8.9020e-24 ] 1.0000e+00
 4.749e+01 1.9651e-23 1.9651e-23 [ 8.9247e-56 2.4587e-45 7.4719e-34 1.2281e-23 7.3697e-24 ] 1.0000e+00
 4.760e+01 1.6267e-23 1.6267e-23 [ 5.2670e-56 1.8518e-45 6.1546e-34 1.0166e-23 6.1011e-24 ] 1.0000e+00
 4.771e+01 1.3466e-23 1.3466e-23 [ 3.1066e-56 1.4057e-45 5.0694e-34 8.4148e-24 5.0508e-24 ] 1.0000e+00
 4.783e+01 1.1147e-23 1.1147e-23 [ 1.8314e-56 1.0751e-45 4.1753e-34 6.9652e-24 4.1813e-24 ] 1.0000e+00
 4.794e+01 9.2268e-24 9.2268e-24 [ 1.0790e-56 8.2771e-46 3.4387e-34 5.7653e-24 3.4615e-24 ] 1.0000e+00
 4.805e+01 7.6376e-24 7.6376e-24 [ 6.3536e-57 6.4116e-46 2.8320e-34 4.7721e-24 2.8655e-24 ] 1.0000e+00
 4.817e+01 6.3220e-24 6.3220e-24 [ 3.7392e-57 4.9934e-46 2.3322e-34 3.9499e-24 2.3721e-24 ] 1.0000e+00
 4.828e+01 5.2330e-24 5.2330e-24 [ 2.1994e-57 3.9074e-46 1.9206e-34 3.2693e-24 1.9637e-24 ] 1.0000e+00
 4.839e+01 4.3316e-24 4.3316e-24 [ 1.2929e-57 3.0702e-46 1.5815e-34 2.7060e-24 1.6256e-24 ] 1.0000e+00
 4.851e+01 3.5854e-24 3.5854e-24 [ 7.5964e-58 2.4209e-46 1.3022e-34 2.2397e-24 1.3456e-24 ] 1.0000e+00
 4.862e+01 2.9677e-24 2.9677e-24 [ 4.4607e-58 1.9148e-46 1.0722e-34 1.8538e-24 1.1139e-24 ] 1.0000e+00
 4.873e+01 2.4564e-24 2.4564e-24 [ 2.6179e-58 1.5183e-46 8.8283e-35 1.5343e-24 9.2207e-25 ] 1.0000e+00
 4.885e+01 2.0331e-24 2.0331e-24 [ 1.5355e-58 1.2065e-46 7.2684e-35 1.2699e-24 7.6326e-25 ] 1.0000e+00
 4.896e+01 1.6828e-24 1.6828e-24 [ 9.0018e-59 9.6049e-47 5.9839e-35 1.0510e-24 6.3180e-25 ] 1.0000e+00
 4.907e+01 1.3928e-24 1.3928e-24 [ 5.2742e-59 7.6575e-47 4.9262e-35 8.6985e-25 5.2298e-25 ] 1.0000e+00
 4.919e+01 1.1528e-24 1.1528e-24 [ 3.0885e-59 6.1124e-47 4.0553e-35 7.1992e-25 4.3290e-25 ] 1.0000e+00
 4.930e+01 9.5414e-25 9.5414e-25 [ 1.8075e-59 4.8838e-47 3.3382e-35 5.9582e-25 3.5832e-25 ] 1.0000e+00
 4.941e+01 7.8970e-25 7.8970e-25 [ 1.0573e-59 3.9053e-47 2.7478e-35 4.9310e-25 2.9660e-25 ] 1.0000e+00
 4.953e+01 6.5359e-25 6.5359e-25 [ 6.1809e-60 3.1247e-47 2.2617e-35 4.0809e-25 2.4550e-25 ] 1.0000e+00
 4.964e+01 5.4094e-25 5.4094e-25 [ 3.6114e-60 2.5015e-47 1.8615e-35 3.3774e-25 2.0320e-25 ] 1.0000e+00
 4.975e+01 4.4769e-25 4.4769e-25 [ 2.1089e-60 2.0032e-47 1.5321e-35 2.7950e-25 1.6819e-25 ] 1.0000e+00
 4.987e+01 3.7052e-25 3.7052e-25 [ 1.2308e-60 1.6047e-47 1.2609e-35 2.3131e-25 1.3921e-25 ] 1.0000e+00
 4.998e+01 3.0665e-25 3.0665e-25 [ 7.1796e-61 1.2857e-47 1.0377e-35 1.9142e-25 1.1522e-25 ] 1.0000e+00
 5.009e+01 2.5378e-25 2.5378e-25 [ 4.1856e-61 1.0303e-47 8.5391e-36 1.5841e-25 9.5367e-26 ] 1.0000e+00
 5.021e+01 2.1003e-25 2.1003e-25 [ 2.4388e-61 8.2568e-48 7.0266e-36 1.3109e-25 7.8933e-26 ] 1.0000e+00
 5.032e+01 1.7381e-25 1.7381e-25 [ 1.4202e-61 6.6171e-48 5.7818e-36 1.0848e-25 6.5329e-26 ] 1.0000e+00
 5.043e+01 1.4384e-25 1.4384e-25 [ 8.2661e-62 5.3031e-48 4.7573e-36 8.9773e-26 5.4070e-26 ] 1.0000e+00
 5.055e+01 1.1904e-25 1.1904e-25 [ 4.8084e-62 4.2498e-48 3.9142e-36 7.4288e-26 4.4750e-26 ] 1.0000e+00
 5.066e+01 9.8511e-26 9.8511e-26 [ 2.7955e-62 3.4055e-48 3.2204e-36 6.1474e-26 3.7037e-26 ] 1.0000e+00
 5.077e+01 8.1522e-26 8.1522e-26 [ 1.6244e-62 2.7287e-48 2.6494e-36 5.0869e-26 3.0652e-26 ] 1.0000e+00
 5.089e+01 6.7462e-26 6.7462e-26 [ 9.4335e-63 2.1862e-48 2.1795e-36 4.2094e-26 2.5368e-26 ] 1.0000e+00
 5.100e+01 5.5826e-26 5.5826e-26 [ 5.4754e-63 1.7513e-48 1.7929e-36 3.4831e-26 2.0995e-26 ] 1.0000e+00
 5.111e+01 4.6197e-26 4.6197e-26 [ 3.1763e-63 1.4028e-48 1.4748e-36 2.8822e-26 1.7375e-26 ] 1.0000e+00
 5.123e+01 3.8228e-26 3.8228e-26 [ 1.8416e-63 1.1234e-48 1.2131e-36 2.3849e-26 1.4379e-26 ] 1.0000e+00
 5.134e+01 3.1633e-26 3.1633e-26 [ 1.0671e-63 8.9959e-49 9.9781e-37 1.9733e-26 1.1900e-26 ] 1.0000e+00
 5.145e+01 2.6176e-26 2.6176e-26 [ 6.1803e-64 7.2023e-49 8.2067e-37 1.6328e-26 9.8481e-27 ] 1.0000e+00
 5.157e+01 2.1660e-26 2.1660e-26 [ 3.5774e-64 5.7653e-49 6.7495e-37 1.3510e-26 8.1498e-27 ] 1.0000e+00
 5.168e+01 1.7923e-26 1.7923e-26 [ 2.0696e-64 4.6142e-49 5.5508e-37 1.1178e-26 6.7443e-27 ] 1.0000e+00
 5.179e+01 1.4830e-26 1.4830e-26 [ 1.1966e-64 3.6923e-49 4.5647e-37 9.2491e-27 5.5812e-27 ] 1.0000e+00
 5.191e+01 1.2271e-26 1.2271e-26 [ 6.9151e-65 2.9541e-49 3.7537e-37 7.6526e-27 4.6186e-27 ] 1.0000e+00
 5.202e+01 1.0154e-26 1.0154e-26 [ 3.9939e-65 2.3630e-49 3.0866e-37 6.3316e-27 3.8219e-27 ] 1.0000e+00
 5.213e+01 8.4013e-27 8.4013e-27 [ 2.3055e-65 1.8899e-49 2.5379e-37 5.2386e-27 3.1627e-27 ] 1.0000e+00
 5.225e+01 6.9513e-27 6.9513e-27 [ 1.3301e-65 1.5112e-49 2.0867e-37 4.3342e-27 2.6171e-27 ] 1.0000e+00
 5.236e+01 5.7515e-27 5.7515e-27 [ 7.6699e-66 1.2081e-49 1.7156e-37 3.5859e-27 2.1656e-27 ] 1.0000e+00
 5.247e+01 4.7587e-27 4.7587e-27 [ 4.4202e-66 9.6569e-50 1.4104e-37 2.9667e-27 1.7920e-27 ] 1.0000e+00
 5.259e+01 3.9373e-27 3.9373e-27 [ 2.5460e-66 7.7174e-50 1.1595e-37 2.4545e-27 1.4828e-27 ] 1.0000e+00
 5.270e+01 3.2576e-27 3.2576e-27 [ 1.4657e-66 6.1662e-50 9.5316e-38 2.0306e-27 1.2270e-27 ] 1.0000e+00
 5.281e+01 2.6952e-27 2.6952e-27 [ 8.4332e-67 4.9258e-50 7.8350e-38 1.6799e-27 1.0152e-27 ] 1.0000e+00
 5.293e+01 2.2299e-27 2.2299e-27 [ 4.8496e-67 3.9342e-50 6.4401e-38 1.3898e-27 8.4005e-28 ] 1.0000e+00
 5.304e+01 1.8448e-27 1.8448e-27 [ 2.7873e-67 3.1416e-50 5.2933e-38 1.1498e-27 6.9508e-28 ] 1.0000e+00
 5.315e+01 1.5263e-27 1.5263e-27 [ 1.6011e-67 2.5082e-50 4.3505e-38 9.5116e-28 5.7512e-28 ] 1.0000e+00
 5.327e+01 1.2627e-27 1.2627e-27 [ 9.1925e-68 2.0020e-50 3.5754e-38 7.8686e-28 4.7586e-28 ] 1.0000e+00
 5.338e+01 1.0446e-27 1.0446e-27 [ 5.2748e-68 1.5977e-50 2.9383e-38 6.5093e-28 3.9372e-28 ] 1.0000e+00
 5.349e+01 8.6423e-28 8.6423e-28 [ 3.0251e-68 1.2748e-50 2.4146e-38 5.3847e-28 3.2576e-28 ] 1.0000e+00
 5.361e+01 7.1496e-28 7.1496e-28 [ 1.7340e-68 1.0170e-50 1.9841e-38 4.4544e-28 2.6952e-28 ] 1.0000e+00
 5.372e+01 5.9147e-28 5.9147e-28 [ 9.9339e-69 8.1109e-51 1.6303e-38 3.6848e-28 2.2299e-28 ] 1.0000e+00
 5.383e+01 4.8930e-28 4.8930e-28 [ 5.6880e-69 6.4677e-51 1.3395e-38 3.0480e-28 1.8449e-28 ] 1.0000e+00
 5.395e+01 4.0477e-28 4.0477e-28 [ 3.2551e-69 5.1563e-51 1.1006e-38 2.5213e-28 1.5264e-28 ] 1.0000e+00
 5.406e+01 3.3484e-28 3.3484e-28 [ 1.8618e-69 4.1100e-51 9.0418e-39 2.0856e-28 1.2628e-28 ] 1.0000e+00
 5.417e+01 2.7699e-28 2.7699e-28 [ 1.0643e-69 3.2753e-51 7.4280e-39 1.7251e-28 1.0448e-28 ] 1.0000e+00
 5.429e+01 2.2913e-28 2.2913e-28 [ 6.0811e-70 2.6096e-51 6.1019e-39 1.4270e-28 8.6434e-29 ] 1.0000e+00
 5.440e+01 1.8954e-28 1.8954e-28 [ 3.4726e-70 2.0787e-51 5.0123e-39 1.1803e-28 7.1506e-29 ] 1.0000e+00
 5.451e+01 1.5678e-28 1.5678e-28 [ 1.9820e-70 1.6555e-51 4.1170e-39 9.7627e-29 5.9156e-29 ] 1.0000e+00
 5.463e+01 1.2969e-28 1.2969e-28 [ 1.1306e-70 1.3182e-51 3.3815e-39 8.0750e-29 4.8938e-29 ] 1.0000e+00
 5.474e+01 1.0727e-28 1.0727e-28 [ 6.4460e-71 1.0494e-51 2.7772e-39 6.6789e-29 4.0485e-29 ] 1.0000e+00
 5.485e+01 8.8732e-29 8.8732e-29 [ 3.6732e-71 8.3524e-52 2.2808e-39 5.5241e-29 3.3491e-29 ] 1.0000e+00
 5.497e+01 7.3394e-29 7.3394e-29 [ 2.0920e-71 6.6464e-52 1.8731e-39 4.5689e-29 2.7705e-29 ] 1.0000e+00
 5.508e+01 6.0707e-29 6.0707e-29 [ 1.1909e-71 5.2877e-52 1.5381e-39 3.7788e-29 2.2919e-29 ] 1.0000e+00
 5.519e+01 5.0212e-29 5.0212e-29 [ 6.7752e-72 4.2059e-52 1.2630e-39 3.1253e-29 1.8959e-29 ] 1.0000e+00
 5.531e+01 4.1531e-29 4.1531e-29 [ 3.8527e-72 3.3447e-52 1.0370e-39 2.5848e-29 1.5683e-29 ] 1.0000e+00
 5.542e+01 3.4350e-29 3.4350e-29 [ 2.1896e-72 2.6593e-52 8.5144e-40 2.1377e-29 1.2973e-29 ] 1.0000e+00
 5.553e+01 2.8410e-29 2.8410e-29 [ 1.2438e-72 2.1139e-52 6.9903e-40 1.7680e-29 1.0731e-29 ] 1.0000e+00
 5.565e+01 2.3498e-29 2.3498e-29 [ 7.0618e-73 1.6799e-52 5.7387e-40 1.4621e-29 8.8763e-30 ] 1.0000e+00
 5.576e+01 1.9434e-29 1.9434e-29 [ 4.0073e-73 1.3348e-52 4.7109e-40 1.2092e-29 7.3421e-30 ] 1.0000e+00
 5.587e+01 1.6073e-29 1.6073e-29 [ 2.2728e-73 1.0604e-52 3.8670e-40 9.9998e-30 6.0730e-30 ] 1.0000e+00
 5.599e+01 1.3293e-29 1.3293e-29 [ 1.2884e-73 8.4215e-53 3.1741e-40 8.2696e-30 5.0232e-30 ] 1.0000e+00
 5.610e+01 1.0993e-29 1.0993e-29 [ 7.3000e-74 6.6870e-53 2.6052e-40 6.8387e-30 4.1548e-30 ] 1.0000e+00
 5.621e+01 9.0918e-30 9.0918e-30 [ 4.1340e-74 5.3086e-53 2.1382e-40 5.6552e-30 3.4365e-30 ] 1.0000e+00
 5.633e+01 7.5189e-30 7.5189e-30 [ 2.3400e-74 4.2134e-53 1.7548e-40 4.6765e-30 2.8424e-30 ] 1.0000e+00
 5.644e+01 6.2180e-30 6.2180e-30 [ 1.3239e-74 3.3434e-53 1.4400e-40 3.8671e-30 2.3509e-30 ] 1.0000e+00
 5.655e+01 5.1422e-30 5.1422e-30 [ 7.4861e-75 2.6525e-53 1.1817e-40 3.1978e-30 1.9444e-30 ] 1.0000e+00
 5.667e+01 4.2524e-30 4.2524e-30 [ 4.2313e-75 2.1039e-53 9.6960e-41 2.6442e-30 1.6081e-30 ] 1.0000e+00
 5.678e+01 3.5165e-30 3.5165e-30 [ 2.3905e-75 1.6684e-53 7.9555e-41 2.1865e-30 1.3300e-30 ] 1.0000e+00
 5.689e+01 2.9079e-30 2.9079e-30 [ 1.3499e-75 1.3227e-53 6.5271e-41 1.8080e-30 1.1000e-30 ] 1.0000e+00
 5.701e+01 2.4046e-30 2.4046e-30 [ 7.6197e-76 1.0484e-53 5.3548e-41 1.4949e-30 9.0970e-31 ] 1.0000e+00
 5.712e+01 1.9884e-30 1.9884e-30 [ 4.2993e-76 8.3085e-54 4.3929e-41 1.2361e-30 7.5234e-31 ] 1.0000e+00
 5.723e+01 1.6442e-30 1.6442e-30 [ 2.4248e-76 6.5827e-54 3.6035e-41 1.0220e-30 6.2219e-31 ] 1.0000e+00
 5.735e+01 1.3596e-30 1.3596e-30 [ 1.3671e-76 5.2143e-54 2.9558e-41 8.4503e-31 5.1454e-31 ] 1.0000e+00
 5.746e+01 1.1242e-30 1.1242e-30 [ 7.7055e-77 4.1293e-54 2.4244e-41 6.9868e-31 4.2552e-31 ] 1.0000e+00
 5.757e+01 9.2955e-31 9.2955e-31 [ 4.3417e-77 3.2694e-54 1.9884e-41 5.7767e-31 3.5189e-31 ] 1.0000e+00
 5.769e+01 7.6860e-31 7.6860e-31 [ 2.4458e-77 2.5880e-54 1.6307e-41 4.7760e-31 2.9100e-31 ] 1.0000e+00
 5.780e+01 6.3550e-31 6.3550e-31 [ 1.3775e-77 2.0481e-54 1.3373e-41 3.9487e-31 2.4064e-31 ] 1.0000e+00
 5.791e+01 5.2545e-31 5.2545e-31 [ 7.7574e-78 1.6205e-54 1.0966e-41 3.2646e-31 1.9899e-31 ] 1.0000e+00
 5.803e+01 4.3444e-31 4.3444e-31 [ 4.3684e-78 1.2819e-54 8.9915e-42 2.6989e-31 1.6455e-31 ] 1.0000e+00
 5.814e+01 3.5919e-31 3.5919e-31 [ 2.4601e-78 1.0138e-54 7.3723e-42 2.2313e-31 1.3606e-31 ] 1.0000e+00
 5.825e+01 2.9697e-31 2.9697e-31 [ 1.3857e-78 8.0156e-55 6.0443e-42 1.8446e-31 1.1251e-31 ] 1.0000e+00
 5.837e+01 2.4553e-31 2.4553e-31 [ 7.8071e-79 6.3363e-55 4.9552e-42 1.5250e-31 9.3033e-32 ] 1.0000e+00
 5.848e+01 2.0299e-31 2.0299e-31 [ 4.4008e-79 5.0076e-55 4.0621e-42 1.2607e-31 7.6925e-32 ] 1.0000e+00
 5.859e+01 1.6782e-31 1.6782e-31 [ 2.4823e-79 3.9566e-55 3.3297e-42 1.0421e-31 6.3606e-32 ] 1.0000e+00
 5.871e+01 1.3874e-31 1.3874e-31 [ 1.4014e-79 3.1255e-55 2.7293e-42 8.6150e-32 5.2592e-32 ] 1.0000e+00
 5.882e+01 1.1470e-31 1.1470e-31 [ 7.9203e-80 2.4684e-55 2.2369e-42 7.1215e-32 4.3484e-32 ] 1.0000e+00
 5.893e+01 9.4821e-32 9.4821e-32 [ 4.4829e-80 1.9490e-55 1.8333e-42 5.8868e-32 3.5953e-32 ] 1.0000e+00
 5.905e+01 7.8387e-32 7.8387e-32 [ 2.5418e-80 1.5385e-55 1.5024e-42 4.8661e-32 2.9726e-32 ] 1.0000e+00
 5.916e+01 6.4800e-32 6.4800e-32 [ 1.4443e-80 1.2142e-55 1.2312e-42 4.0223e-32 2.4577e-32 ] 1.0000e+00
 5.927e+01 5.3567e-32 5.3567e-32 [ 8.2287e-81 9.5802e-56 1.0088e-42 3.3248e-32 2.0319e-32 ] 1.0000e+00
 5.939e+01 4.4281e-32 4.4281e-32 [ 4.7027e-81 7.5572e-56 8.2658e-43 2.7482e-32 1.6799e-32 ] 1.0000e+00
 5.950e+01 3.6604e-32 3.6604e-32 [ 2.6975e-81 5.9599e-56 6.7722e-43 2.2715e-32 1.3889e-32 ] 1.0000e+00
 5.961e+01 3.0257e-32 3.0257e-32 [ 1.5538e-81 4.6992e-56 5.5481e-43 1.8775e-32 1.1482e-32 ] 1.0000e+00
 5.973e+01 2.5011e-32 2.5011e-32 [ 8.9944e-82 3.7042e-56 4.5450e-43 1.5518e-32 9.4925e-33 ] 1.0000e+00
 5.984e+01 2.0673e-32 2.0673e-32 [ 5.2351e-82 2.9192e-56 3.7230e-43 1.2826e-32 7.8474e-33 ] 1.0000e+00
 5.995e+01 1.7088e-32 1.7088e-32 [ 3.0658e-82 2.3001e-56 3.0494e-43 1.0601e-32 6.4874e-33 ] 1.0000e+00
 6.007e+01 1.4124e-32 1.4124e-32 [ 1.8075e-82 1.8118e-56 2.4976e-43 8.7611e-33 5.3629e-33 ] 1.0000e+00
 6.018e+01 1.1674e-32 1.1674e-32 [ 1.0734e-82 1.4268e-56 2.0455e-43 7.2408e-33 4.4333e-33 ] 1.0000e+00
 6.029e+01 9.6489e-33 9.6489e-33 [ 6.4243e-83 1.1234e-56 1.6751e-43 5.9841e-33 3.6648e-33 ] 1.0000e+00
 6.041e+01 7.9749e-33 7.9749e-33 [ 3.8759e-83 8.8425e-57 1.3717e-43 4.9455e-33 3.0294e-33 ] 1.0000e+00
 6.052e+01 6.5913e-33 6.5913e-33 [ 2.3578e-83 6.9586e-57 1.1232e-43 4.0871e-33 2.5042e-33 ] 1.0000e+00
 6.063e+01 5.4475e-33 5.4475e-33 [ 1.4463e-83 5.4747e-57 9.1959e-44 3.3776e-33 2.0700e-33 ] 1.0000e+00
 6.075e+01 4.5022e-33 4.5022e-33 [ 8.9446e-84 4.3063e-57 7.5288e-44 2.7912e-33 1.7110e-33 ] 1.0000e+00
 6.086e+01 3.7208e-33 3.7208e-33 [ 5.5760e-84 3.3863e-57 6.1634e-44 2.3066e-33 1.4143e-33 ] 1.0000e+00
 6.097e+01 3.0750e-33 3.0750e-33 [ 3.5025e-84 2.6623e-57 5.0453e-44 1.9061e-33 1.1690e-33 ] 1.0000e+00
 6.109e+01 2.5413e-33 2.5413e-33 [ 2.2157e-84 2.0925e-57 4.1298e-44 1.5751e-33 9.6621e-34 ] 1.0000e+00
 6.120e+01 2.1001e-33 2.1001e-33 [ 1.4108e-84 1.6443e-57 3.3801e-44 1.3015e-33 7.9860e-34 ] 1.0000e+00
 6.131e+01 1.7355e-33 1.7355e-33 [ 9.0366e-85 1.2918e-57 2.7664e-44 1.0755e-33 6.6006e-34 ] 1.0000e+00
 6.143e+01 1.4342e-33 1.4342e-33 [ 5.8188e-85 1.0146e-57 2.2639e-44 8.8864e-34 5.4554e-34 ] 1.0000e+00
 6.154e+01 1.1851e-33 1.1851e-33 [ 3.7643e-85 7.9668e-58 1.8526e-44 7.3427e-34 4.5088e-34 ] 1.0000e+00
 6.165e+01 9.7934e-34 9.7934e-34 [ 2.4451e-85 6.2541e-58 1.5159e-44 6.0670e-34 3.7264e-34 ] 1.0000e+00
 6.177e+01 8.0925e-34 8.0925e-34 [ 1.5937e-85 4.9084e-58 1.2403e-44 5.0128e-34 3.0797e-34 ] 1.0000e+00
 6.188e+01 6.6869e-34 6.6869e-34 [ 1.0418e-85 3.8513e-58 1.0147e-44 4.1418e-34 2.5452e-34 ] 1.0000e+00
 6.199e+01 5.5254e-34 5.5254e-34 [ 6.8275e-86 3.0211e-58 8.3012e-45 3.4220e-34 2.1034e-34 ] 1.0000e+00
 6.211e+01 4.5655e-34 4.5655e-34 [ 4.4835e-86 2.3693e-58 6.7905e-45 2.8272e-34 1.7383e-34 ] 1.0000e+00
 6.222e+01 3.7723e-34 3.7723e-34 [ 2.9491e-86 1.8577e-58 5.5544e-45 2.3358e-34 1.4365e-34 ] 1.0000e+00
 6.233e+01 3.1169e-34 3.1169e-34 [ 1.9425e-86 1.4561e-58 4.5429e-45 1.9298e-34 1.1871e-34 ] 1.0000e+00
 6.245e+01 2.5752e-34 2.5752e-34 [ 1.2808e-86 1.1411e-58 3.7154e-45 1.5943e-34 9.8096e-35 ] 1.0000e+00
 6.256e+01 2.1277e-34 2.1277e-34 [ 8.4519e-87 8.9401e-59 3.0384e-45 1.3171e-34 8.1061e-35 ] 1.0000e+00
 6.267e+01 1.7579e-34 1.7579e-34 [ 5.5808e-87 7.0024e-59 2.4845e-45 1.0881e-34 6.6983e-35 ] 1.0000e+00
 6.279e+01 1.4523e-34 1.4523e-34 [ 3.6866e-87 5.4833e-59 2.0315e-45 8.9885e-35 5.5349e-35 ] 1.0000e+00
 6.290e+01 1.1999e-34 1.1999e-34 [ 2.4360e-87 4.2927e-59 1.6609e-45 7.4252e-35 4.5735e-35 ] 1.0000e+00
 6.301e+01 9.9127e-35 9.9127e-35 [ 1.6099e-87 3.3598e-59 1.3579e-45 6.1337e-35 3.7790e-35 ] 1.0000e+00
 6.313e+01 8.1892e-35 8.1892e-35 [ 1.0640e-87 2.6289e-59 1.1100e-45 5.0668e-35 3.1225e-35 ] 1.0000e+00
 6.324e+01 6.7652e-35 6.7652e-35 [ 7.0320e-88 2.0565e-59 9.0736e-46 4.1853e-35 2.5799e-35 ] 1.0000e+00
 6.335e+01 5.5888e-35 5.5888e-35 [ 4.6469e-88 1.6083e-59 7.4164e-46 3.4571e-35 2.1316e-35 ] 1.0000e+00
 6.347e+01 4.6168e-35 4.6168e-35 [ 3.0703e-88 1.2575e-59 6.0613e-46 2.8556e-35 1.7612e-35 ] 1.0000e+00
 6.358e+01 3.8137e-35 3.8137e-35 [ 2.0281e-88 9.8294e-60 4.9535e-46 2.3586e-35 1.4551e-35 ] 1.0000e+00
 6.369e+01 3.1503e-35 3.1503e-35 [ 1.3394e-88 7.6813e-60 4.0478e-46 1.9481e-35 1.2022e-35 ] 1.0000e+00
 6.381e+01 2.6023e-35 2.6023e-35 [ 8.8425e-89 6.0011e-60 3.3075e-46 1.6091e-35 9.9321e-36 ] 1.0000e+00
 6.392e+01 2.1495e-35 2.1495e-35 [ 5.8360e-89 4.6873e-60 2.7023e-46 1.3290e-35 8.2055e-36 ] 1.0000e+00
 6.403e+01 1.7755e-35 1.7755e-35 [ 3.8503e-89 3.6601e-60 2.2077e-46 1.0976e-35 6.7788e-36 ] 1.0000e+00
 6.415e+01 1.4665e-35 1.4665e-35 [ 2.5393e-89 2.8573e-60 1.8035e-46 9.0650e-36 5.6001e-36 ] 1.0000e+00
 6.426e+01 1.2113e-35 1.2113e-35 [ 1.6741e-89 2.2300e-60 1.4732e-46 7.4865e-36 4.6263e-36 ] 1.0000e+00
 6.437e+01 1.0004e-35 1.0004e-35 [ 1.1032e-89 1.7399e-60 1.2033e-46 6.1828e-36 3.8217e-36 ] 1.0000e+00
 6.449e+01 8.2629e-36 8.2629e-36 [ 7.2673e-90 1.3572e-60 9.8275e-47 5.1059e-36 3.1570e-36 ] 1.0000e+00
 6.460e+01 6.8244e-36 6.8244e-36 [ 4.7852e-90 1.0584e-60 8.0257e-47 4.2166e-36 2.6078e-36 ] 1.0000e+00
 6.471e+01 5.6362e-36 5.6362e-36 [ 3.1495e-90 8.2520e-61 6.5537e-47 3.4820e-36 2.1542e-36 ] 1.0000e+00
 6.483e+01 4.6548e-36 4.6548e-36 [ 2.0720e-90 6.4319e-61 5.3512e-47 2.8754e-36 1.7794e-36 ] 1.0000e+00
 6.494e+01 3.8442e-36 3.8442e-36 [ 1.3626e-90 5.0120e-61 4.3690e-47 2.3744e-36 1.4698e-36 ] 1.0000e+00
 6.505e+01 3.1747e-36 3.1747e-36 [ 8.9564e-91 3.9044e-61 3.5668e-47 1.9607e-36 1.2140e-36 ] 1.0000e+00
 6.517e+01 2.6217e-36 2.6217e-36 [ 5.8846e-91 3.0409e-61 2.9117e-47 1.6190e-36 1.0027e-36 ] 1.0000e+00
 6.528e+01 2.1650e-36 2.1650e-36 [ 3.8646e-91 2.3677e-61 2.3767e-47 1.3368e-36 8.2820e-37 ] 1.0000e+00
 6.539e+01 1.7878e-36 1.7878e-36 [ 2.5369e-91 1.8430e-61 1.9398e-47 1.1038e-36 6.8403e-37 ] 1.0000e+00
 6.551e+01 1.4763e-36 1.4763e-36 [ 1.6646e-91 1.4342e-61 1.5831e-47 9.1135e-37 5.6495e-37 ] 1.0000e+00
 6.562e+01 1.2190e-36 1.2190e-36 [ 1.0917e-91 1.1158e-61 1.2919e-47 7.5245e-37 4.6659e-37 ] 1.0000e+00
 6.573e+01 1.0066e-36 1.0066e-36 [ 7.1570e-92 8.6788e-62 1.0542e-47 6.2125e-37 3.8534e-37 ] 1.0000e+00
 6.585e+01 8.3115e-37 8.3115e-37 [ 4.6897e-92 6.7485e-62 8.6014e-48 5.1291e-37 3.1824e-37 ] 1.0000e+00
 6.596e+01 6.8627e-37 6.8627e-37 [ 3.0716e-92 5.2461e-62 7.0174e-48 4.2345e-37 2.6281e-37 ] 1.0000e+00
 6.607e+01 5.6663e-37 5.6663e-37 [ 2.0109e-92 4.0771e-62 5.7247e-48 3.4959e-37 2.1704e-37 ] 1.0000e+00
 6.619e+01 4.6784e-37 4.6784e-37 [ 1.3159e-92 3.1677e-62 4.6697e-48 2.8861e-37 1.7923e-37 ] 1.0000e+00
 6.630e+01 3.8626e-37 3.8626e-37 [ 8.6074e-93 2.4605e-62 3.8088e-48 2.3825e-37 1.4801e-37 ] 1.0000e+00
 6.641e+01 3.1890e-37 3.1890e-37 [ 5.6275e-93 1.9107e-62 3.1063e-48 1.9668e-37 1.2222e-37 ] 1.0000e+00
 6.653e+01 2.6328e-37 2.6328e-37 [ 3.6776e-93 1.4833e-62 2.5332e-48 1.6236e-37 1.0092e-37 ] 1.0000e+00
 6.664e+01 2.1736e-37 2.1736e-37 [ 2.4023e-93 1.1513e-62 2.0657e-48 1.3402e-37 8.3334e-38 ] 1.0000e+00
 6.675e+01 1.7944e-37 1.7944e-37 [ 1.5685e-93 8.9328e-63 1.6843e-48 1.1063e-37 6.8810e-38 ] 1.0000e+00
 6.687e+01 1.4813e-37 1.4813e-37 [ 1.0237e-93 6.9292e-63 1.3732e-48 9.1318e-38 5.6816e-38 ] 1.0000e+00
 6.698e+01 1.2229e-37 1.2229e-37 [ 6.6777e-94 5.3735e-63 1.1194e-48 7.5375e-38 4.6911e-38 ] 1.0000e+00
 6.709e+01 1.0095e-37 1.0095e-37 [ 4.3542e-94 4.1660e-63 9.1249e-49 6.2214e-38 3.8732e-38 ] 1.0000e+00
 6.721e+01 8.3329e-38 8.3329e-38 [ 2.8379e-94 3.2290e-63 7.4375e-49 5.1350e-38 3.1979e-38 ] 1.0000e+00
 6.732e+01 6.8784e-38 6.8784e-38 [ 1.8489e-94 2.5020e-63 6.0616e-49 4.2382e-38 2.6402e-38 ] 1.0000e+00
 6.743e+01 5.6777e-38 5.6777e-38 [ 1.2040e-94 1.9382e-63 4.9397e-49 3.4979e-38 2.1797e-38 ] 1.0000e+00
 6.755e+01 4.6864e-38 4.6864e-38 [ 7.8366e-95 1.5010e-63 4.0252e-49 2.8869e-38 1.7995e-38 ] 1.0000e+00
 6.766e+01 3.8681e-38 3.8681e-38 [ 5.0986e-95 1.1621e-63 3.2796e-49 2.3825e-38 1.4856e-38 ] 1.0000e+00
 6.777e+01 3.1926e-38 3.1926e-38 [ 3.3158e-95 8.9948e-64 2.6719e-49 1.9662e-38 1.2264e-38 ] 1.0000e+00
 6.789e+01 2.6351e-38 2.6351e-38 [ 2.1554e-95 6.9602e-64 2.1767e-49 1.6226e-38 1.0124e-38 ] 1.0000e+00
 6.800e+01 2.1748e-38 2.1748e-38 [ 1.4005e-95 5.3843e-64 1.7730e-49 1.3390e-38 8.3578e-39 ] 1.0000e+00
 6.811e+01 1.7949e-38 1.7949e-38 [ 9.0960e-96 4.1641e-64 1.4441e-49 1.1050e-38 6.8991e-39 ] 1.0000e+00
 6.823e+01 1.4813e-38 1.4813e-38 [ 5.9051e-96 3.2195e-64 1.1761e-49 9.1180e-39 5.6949e-39 ] 1.0000e+00
 6.834e+01 1.2225e-38 1.2225e-38 [ 3.8319e-96 2.4885e-64 9.5773e-50 7.5239e-39 4.7008e-39 ] 1.0000e+00
 6.845e+01 1.0088e-38 1.0088e-38 [ 2.4855e-96 1.9230e-64 7.7984e-50 6.2082e-39 3.8801e-39 ] 1.0000e+00
 6.857e+01 8.3252e-39 8.3252e-39 [ 1.6115e-96 1.4855e-64 6.3494e-50 5.1226e-39 3.2027e-39 ] 1.0000e+00
 6.868e+01 6.8700e-39 6.8700e-39 [ 1.0444e-96 1.1473e-64 5.1691e-50 4.2266e-39 2.6434e-39 ] 1.0000e+00
 6.879e+01 5.6690e-39 5.6690e-39 [ 6.7653e-97 8.8582e-65 4.2078e-50 3.4873e-39 2.1817e-39 ] 1.0000e+00
 6.891e+01 4.6779e-39 4.6779e-39 [ 4.3807e-97 6.8374e-65 3.4249e-50 2.8772e-39 1.8007e-39 ] 1.0000e+00
 6.902e+01 3.8599e-39 3.8599e-39 [ 2.8353e-97 5.2762e-65 2.7875e-50 2.3738e-39 1.4861e-39 ] 1.0000e+00
 6.913e+01 3.1849e-39 3.1849e-39 [ 1.8344e-97 4.0703e-65 2.2685e-50 1.9584e-39 1.2265e-39 ] 1.0000e+00
 6.925e+01 2.6278e-39 2.6278e-39 [ 1.1863e-97 3.1391e-65 1.8459e-50 1.6156e-39 1.0122e-39 ] 1.0000e+00
 6.936e+01 2.1682e-39 2.1682e-39 [ 7.6681e-98 2.4203e-65 1.5019e-50 1.3329e-39 8.3531e-40 ] 1.0000e+00
 6.947e+01 1.7889e-39 1.7889e-39 [ 4.9547e-98 1.8656e-65 1.2219e-50 1.0995e-39 6.8932e-40 ] 1.0000e+00
 6.959e+01 1.4759e-39 1.4759e-39 [ 3.2000e-98 1.4376e-65 9.9400e-51 9.0702e-40 5.6884e-40 ] 1.0000e+00
 6.970e+01 1.2176e-39 1.2176e-39 [ 2.0659e-98 1.1075e-65 8.0853e-51 7.4820e-40 4.6940e-40 ] 1.0000e+00
 6.981e+01 1.0045e-39 1.0045e-39 [ 1.3332e-98 8.5293e-66 6.5760e-51 6.1717e-40 3.8733e-40 ] 1.0000e+00
 6.993e+01 8.2868e-40 8.2868e-40 [ 8.5996e-99 6.5670e-66 5.3479e-51 5.0908e-40 3.1960e-40 ] 1.0000e+00
 7.004e+01 6.8361e-40 6.8361e-40 [ 5.5448e-99 5.0547e-66 4.3488e-51 4.1990e-40 2.6371e-40 ] 1.0000e+00
 7.015e+01 5.6393e-40 5.6393e-40 [ 3.5736e-99 3.8896e-66 3.5359e-51 3.4634e-40 2.1759e-40 ] 1.0000e+00
 7.027e+01 4.6518e-40 4.6518e-40 [ 2.3023e-99 2.9922e-66 2.8747e-51 2.8565e-40 1.7953e-40 ] 1.0000e+00
 7.038e+01 3.8372e-40 3.8372e-40 [ 1.4826e-99 2.3012e-66 2.3370e-51 2.3559e-40 1.4812e-40 ] 1.0000e+00
 7.049e+01 3.1651e-40 3.1651e-40 [ 9.5434e-100 1.7693e-66 1.8996e-51 1.9430e-40 1.2221e-40 ] 1.0000e+00
 7.061e+01 2.6107e-40 2.6107e-40 [ 6.1405e-100 1.3599e-66 1.5439e-51 1.6024e-40 1.0082e-40 ] 1.0000e+00
 7.072e+01 2.1533e-40 2.1533e-40 [ 3.9493e-100 1.0450e-66 1.2547e-51 1.3215e-40 8.3177e-41 ] 1.0000e+00
 7.083e+01 1.7760e-40 1.7760e-40 [ 2.5390e-100 8.0274e-67 1.0196e-51 1.0898e-40 6.8619e-41 ] 1.0000e+00
 7.095e+01 1.4648e-40 1.4648e-40 [ 1.6317e-100 6.1648e-67 8.2843e-52 8.9869e-41 5.6607e-41 ] 1.0000e+00
 7.106e+01 1.2080e-40 1.2080e-40 [ 1.0481e-100 4.7331e-67 6.7305e-52 7.4108e-41 4.6696e-41 ] 1.0000e+00
 7.117e+01 9.9628e-41 9.9628e-41 [ 6.7300e-101 3.6328e-67 5.4675e-52 6.1109e-41 3.8520e-41 ] 1.0000e+00
 7.129e+01 8.2162e-41 8.2162e-41 [ 4.3196e-101 2.7875e-67 4.4411e-52 5.0388e-41 3.1774e-41 ] 1.0000e+00
 7.140e+01 6.7756e-41 6.7756e-41 [ 2.7714e-101 2.1383e-67 3.6070e-52 4.1547e-41 2.6209e-41 ] 1.0000e+00
 7.151e+01 5.5875e-41 5.5875e-41 [ 1.7773e-101 1.6398e-67 2.9292e-52 3.4256e-41 2.1618e-41 ] 1.0000e+00
 7.163e+01 4.6075e-41 4.6075e-41 [ 1.1394e-101 1.2572e-67 2.3786e-52 2.8244e-41 1.7831e-41 ] 1.0000e+00
 7.174e+01 3.7993e-41 3.7993e-41 [ 7.3009e-102 9.6353e-68 1.9312e-52 2.3287e-41 1.4707e-41 ] 1.0000e+00
 7.185e+01 3.1328e-41 3.1328e-41 [ 4.6765e-102 7.3828e-68 1.5679e-52 1.9198e-41 1.2129e-41 ] 1.0000e+00
 7.197e+01 2.5831e-41 2.5831e-41 [ 2.9942e-102 5.6552e-68 1.2727e-52 1.5828e-41 1.0004e-41 ] 1.0000e+00
 7.208e+01 2.1298e-41 2.1298e-41 [ 1.9164e-102 4.3306e-68 1.0330e-52 1.3048e-41 8.2501e-42 ] 1.0000e+00
 7.219e+01 1.7560e-41 1.7560e-41 [ 1.2260e-102 3.3153e-68 8.3841e-53 1.0756e-41 6.8038e-42 ] 1.0000e+00
 7.231e+01 1.4478e-41 1.4478e-41 [ 7.8403e-103 2.5373e-68 6.8037e-53 8.8670e-42 5.6109e-42 ] 1.0000e+00
 7.242e+01 1.1936e-41 1.1936e-41 [ 5.0119e-103 1.9413e-68 5.5206e-53 7.3092e-42 4.6270e-42 ] 1.0000e+00
 7.253e+01 9.8404e-42 9.8404e-42 [ 3.2025e-103 1.4849e-68 4.4790e-53 6.0249e-42 3.8155e-42 ] 1.0000e+00
 7.265e+01 8.1124e-42 8.1124e-42 [ 2.0456e-103 1.1355e-68 3.6336e-53 4.9661e-42 3.1462e-42 ] 1.0000e+00
 7.276e+01 6.6876e-42 6.6876e-42 [ 1.3060e-103 8.6800e-69 2.9474e-53 4.0933e-42 2.5943e-42 ] 1.0000e+00
 7.287e+01 5.5129e-42 5.5129e-42 [ 8.3355e-104 6.6335e-69 2.3905e-53 3.3738e-42 2.1391e-42 ] 1.0000e+00
 7.299e+01 4.5444e-42 4.5444e-42 [ 5.3178e-104 5.0680e-69 1.9387e-53 2.7806e-42 1.7638e-42 ] 1.0000e+00
 7.310e+01 3.7459e-42 3.7459e-42 [ 3.3913e-104 3.8709e-69 1.5720e-53 2.2917e-42 1.4542e-42 ] 1.0000e+00
 7.321e+01 3.0876e-42 3.0876e-42 [ 2.1618e-104 2.9556e-69 1.2746e-53 1.8886e-42 1.1990e-42 ] 1.0000e+00
 7.333e+01 2.5449e-42 2.5449e-42 [ 1.3775e-104 2.2561e-69 1.0333e-53 1.5564e-42 9.8848e-43 ] 1.0000e+00
 7.344e+01 2.0976e-42 2.0976e-42 [ 8.7745e-105 1.7217e-69 8.3764e-54 1.2826e-42 8.1492e-43 ] 1.0000e+00
 7.355e+01 1.7288e-42 1.7288e-42 [ 5.5868e-105 1.3135e-69 6.7893e-54 1.0570e-42 6.7182e-43 ] 1.0000e+00
 7.367e+01 1.4248e-42 1.4248e-42 [ 3.5558e-105 1.0017e-69 5.5023e-54 8.7097e-43 5.5383e-43 ] 1.0000e+00
 7.378e+01 1.1742e-42 1.1742e-42 [ 2.2623e-105 7.6377e-70 4.4588e-54 7.1768e-43 4.5655e-43 ] 1.0000e+00
 7.389e+01 9.6769e-43 9.6769e-43 [ 1.4387e-105 5.8216e-70 3.6128e-54 5.9135e-43 3.7634e-43 ] 1.0000e+00
 7.401e+01 7.9745e-43 7.9745e-43 [ 9.1463e-106 4.4361e-70 2.9269e-54 4.8724e-43 3.1022e-43 ] 1.0000e+00
 7.412e+01 6.5715e-43 6.5715e-43 [ 5.8123e-106 3.3793e-70 2.3710e-54 4.0145e-43 2.5570e-43 ] 1.0000e+00
 7.423e+01 5.4151e-43 5.4151e-43 [ 3.6921e-106 2.5735e-70 1.9205e-54 3.3075e-43 2.1076e-43 ] 1.0000e+00
 7.435e+01 4.4620e-43 4.4620e-43 [ 2.3444e-106 1.9593e-70 1.5554e-54 2.7249e-43 1.7371e-43 ] 1.0000e+00
 7.446e+01 3.6766e-43 3.6766e-43 [ 1.4881e-106 1.4912e-70 1.2595e-54 2.2449e-43 1.4317e-43 ] 1.0000e+00
 7.457e+01 3.0293e-43 3.0293e-43 [ 9.4419e-107 1.1346e-70 1.0199e-54 1.8493e-43 1.1800e-43 ] 1.0000e+00
 7.469e+01 2.4959e-43 2.4959e-43 [ 5.9885e-107 8.6307e-71 8.2569e-55 1.5235e-43 9.7246e-44 ] 1.0000e+00
 7.480e+01 2.0564e-43 2.0564e-43 [ 3.7967e-107 6.5631e-71 6.6841e-55 1.2549e-43 8.0142e-44 ] 1.0000e+00
 7.491e+01 1.6942e-43 1.6942e-43 [ 2.4062e-107 4.9893e-71 5.4103e-55 1.0337e-43 6.6043e-44 ] 1.0000e+00
 7.503e+01 1.3957e-43 1.3957e-43 [ 1.5244e-107 3.7918e-71 4.3787e-55 8.5147e-44 5.4424e-44 ] 1.0000e+00
 7.514e+01 1.1498e-43 1.1498e-43 [ 9.6537e-108 2.8808e-71 3.5434e-55 7.0133e-44 4.4847e-44 ] 1.0000e+00
 7.525e+01 9.4718e-44 9.4718e-44 [ 6.1112e-108 2.1881e-71 2.8671e-55 5.7764e-44 3.6954e-44 ] 1.0000e+00
 7.537e+01 7.8024e-44 7.8024e-44 [ 3.8672e-108 1.6614e-71 2.3196e-55 4.7575e-44 3.0449e-44 ] 1.0000e+00
 7.548e+01 6.4270e-44 6.4270e-44 [ 2.4462e-108 1.2612e-71 1.8764e-55 3.9182e-44 2.5089e-44 ] 1.0000e+00
 7.559e+01 5.2939e-44 5.2939e-44 [ 1.5468e-108 9.5704e-72 1.5178e-55 3.2268e-44 2.0671e-44 ] 1.0000e+00
 7.571e+01 4.3604e-44 4.3604e-44 [ 9.7770e-109 7.2604e-72 1.2275e-55 2.6573e-44 1.7031e-44 ] 1.0000e+00
 7.582e+01 3.5914e-44 3.5914e-44 [ 6.1775e-109 5.5063e-72 9.9263e-56 2.1883e-44 1.4031e-44 ] 1.0000e+00
 7.593e+01 2.9579e-44 2.9579e-44 [ 3.9018e-109 4.1748e-72 8.0260e-56 1.8020e-44 1.1559e-44 ] 1.0000e+00
 7.605e+01 2.4361e-44 2.4361e-44 [ 2.4635e-109 3.1643e-72 6.4887e-56 1.4838e-44 9.5227e-45 ] 1.0000e+00
 7.616e+01 2.0062e-44 2.0062e-44 [ 1.5548e-109 2.3977e-72 5.2453e-56 1.2218e-44 7.8446e-45 ] 1.0000e+00
 7.627e+01 1.6522e-44 1.6522e-44 [ 9.8090e-110 1.8163e-72 4.2396e-56 1.0060e-44 6.4620e-45 ] 1.0000e+00
 7.639e+01 1.3605e-44 1.3605e-44 [ 6.1862e-110 1.3754e-72 3.4263e-56 8.2825e-45 5.3229e-45 ] 1.0000e+00
 7.650e+01 1.1204e-44 1.1204e-44 [ 3.9000e-110 1.0413e-72 2.7687e-56 6.8190e-45 4.3845e-45 ] 1.0000e+00
 7.661e+01 9.2253e-45 9.2253e-45 [ 2.4577e-110 7.8805e-73 2.2371e-56 5.6140e-45 3.6114e-45 ] 1.0000e+00
 7.673e+01 7.5962e-45 7.5962e-45 [ 1.5483e-110 5.9624e-73 1.8073e-56 4.6217e-45 2.9745e-45 ] 1.0000e+00
 7.684e+01 6.2545e-45 6.2545e-45 [ 9.7500e-111 4.5098e-73 1.4599e-56 3.8047e-45 2.4498e-45 ] 1.0000e+00
 7.695e+01 5.1496e-45 5.1496e-45 [ 6.1376e-111 3.4100e-73 1.1791e-56 3.1320e-45 2.0176e-45 ] 1.0000e+00
 7.707e+01 4.2397e-45 4.2397e-45 [ 3.8621e-111 2.5777e-73 9.5221e-57 2.5781e-45 1.6616e-45 ] 1.0000e+00
 7.718e+01 3.4905e-45 3.4905e-45 [ 2.4294e-111 1.9480e-73 7.6889e-57 2.1221e-45 1.3684e-45 ] 1.0000e+00
 7.729e+01 2.8735e-45 2.8735e-45 [ 1.5276e-111 1.4716e-73 6.2078e-57 1.7467e-45 1.1268e-45 ] 1.0000e+00
 7.741e+01 2.3655e-45 2.3655e-45 [ 9.6022e-112 1.1114e-73 5.0114e-57 1.4376e-45 9.2791e-46 ] 1.0000e+00
 7.752e+01 1.9473e-45 1.9473e-45 [ 6.0335e-112 8.3913e-74 4.0451e-57 1.1832e-45 7.6407e-46 ] 1.0000e+00
 7.763e+01 1.6029e-45 1.6029e-45 [ 3.7897e-112 6.3336e-74 3.2647e-57 9.7377e-46 6.2914e-46 ] 1.0000e+00
 7.775e+01 1.3194e-45 1.3194e-45 [ 2.3795e-112 4.7790e-74 2.6345e-57 8.0138e-46 5.1802e-46 ] 1.0000e+00
 7.786e+01 1.0860e-45 1.0860e-45 [ 1.4935e-112 3.6050e-74 2.1257e-57 6.5948e-46 4.2651e-46 ] 1.0000e+00
 7.797e+01 8.9384e-46 8.9384e-46 [ 9.3706e-113 2.7185e-74 1.7149e-57 5.4269e-46 3.5115e-46 ] 1.0000e+00
 7.809e+01 7.3566e-46 7.3566e-46 [ 5.8772e-113 2.0494e-74 1.3834e-57 4.4656e-46 2.8909e-46 ] 1.0000e+00
 7.820e+01 6.0545e-46 6.0545e-46 [ 3.6848e-113 1.5445e-74 1.1158e-57 3.6745e-46 2.3800e-46 ] 1.0000e+00
 7.831e+01 4.9826e-46 4.9826e-46 [ 2.3095e-113 1.1637e-74 8.9980e-58 3.0234e-46 1.9592e-46 ] 1.0000e+00
 7.843e+01 4.1004e-46 4.1004e-46 [ 1.4469e-113 8.7646e-75 7.2556e-58 2.4875e-46 1.6128e-46 ] 1.0000e+00
 7.854e+01 3.3742e-46 3.3742e-46 [ 9.0619e-114 6.5994e-75 5.8498e-58 2.0466e-46 1.3276e-46 ] 1.0000e+00
 7.865e+01 2.7765e-46 2.7765e-46 [ 5.6734e-114 4.9676e-75 4.7157e-58 1.6837e-46 1.0928e-46 ] 1.0000e+00
 7.877e+01 2.2846e-46 2.2846e-46 [ 3.5506e-114 3.7381e-75 3.8010e-58 1.3852e-46 8.9947e-47 ] 1.0000e+00
 7.888e+01 1.8798e-46 1.8798e-46 [ 2.2214e-114 2.8121e-75 3.0634e-58 1.1395e-46 7.4032e-47 ] 1.0000e+00
 7.899e+01 1.5467e-46 1.5467e-46 [ 1.3892e-114 2.1148e-75 2.4686e-58 9.3735e-47 6.0931e-47 ] 1.0000e+00
 7.911e+01 1.2725e-46 1.2725e-46 [ 8.6850e-115 1.5899e-75 1.9890e-58 7.7103e-47 5.0146e-47 ] 1.0000e+00
 7.922e+01 1.0469e-46 1.0469e-46 [ 5.4276e-115 1.1950e-75 1.6023e-58 6.3420e-47 4.1269e-47 ] 1.0000e+00
 7.933e+01 8.6125e-47 8.6125e-47 [ 3.3908e-115 8.9786e-76 1.2907e-58 5.2163e-47 3.3961e-47 ] 1.0000e+00
 7.945e+01 7.0850e-47 7.0850e-47 [ 2.1175e-115 6.7441e-76 1.0395e-58 4.2903e-47 2.7947e-47 ] 1.0000e+00
 7.956e+01 5.8281e-47 5.8281e-47 [ 1.3219e-115 5.0641e-76 8.3712e-59 3.5285e-47 2.2997e-47 ] 1.0000e+00
 7.967e+01 4.7940e-47 4.7940e-47 [ 8.2496e-116 3.8015e-76 6.7404e-59 2.9018e-47 1.8923e-47 ] 1.0000e+00
 7.979e+01 3.9433e-47 3.9433e-47 [ 5.1464e-116 2.8528e-76 5.4265e-59 2.3863e-47 1.5570e-47 ] 1.0000e+00
 7.990e+01 3.2434e-47 3.2434e-47 [ 3.2094e-116 2.1402e-76 4.3682e-59 1.9623e-47 1.2810e-47 ] 1.0000e+00
 8.001e+01 2.6676e-47 2.6676e-47 [ 2.0007e-116 1.6051e-76 3.5158e-59 1.6136e-47 1.0539e-47 ] 1.0000e+00
 8.013e+01 2.1939e-47 2.1939e-47 [ 1.2468e-116 1.2034e-76 2.8293e-59 1.3268e-47 8.6709e-48 ] 1.0000e+00
 8.024e+01 1.8043e-47 1.8043e-47 [ 7.7668e-117 9.0198e-77 2.2766e-59 1.0909e-47 7.1333e-48 ] 1.0000e+00
 8.035e+01 1.4838e-47 1.4838e-47 [ 4.8366e-117 6.7584e-77 1.8316e-59 8.9695e-48 5.8681e-48 ] 1.0000e+00
 8.047e+01 1.2201e-47 1.2201e-47 [ 3.0108e-117 5.0624e-77 1.4734e-59 7.3743e-48 4.8272e-48 ] 1.0000e+00
 8.058e+01 1.0033e-47 1.0033e-47 [ 1.8736e-117 3.7909e-77 1.1851e-59 6.0625e-48 3.9707e-48 ] 1.0000e+00
 8.069e+01 8.2499e-48 8.2499e-48 [ 1.1655e-117 2.8378e-77 9.5304e-60 4.9839e-48 3.2660e-48 ] 1.0000e+00
 8.081e+01 6.7833e-48 6.7833e-48 [ 7.2478e-118 2.1237e-77 7.6634e-60 4.0969e-48 2.6863e-48 ] 1.0000e+00
 8.092e+01 5.5771e-48 5.5771e-48 [ 4.5055e-118 1.5888e-77 6.1612e-60 3.3677e-48 2.2094e-48 ] 1.0000e+00
 8.103e+01 4.5852e-48 4.5852e-48 [ 2.7998e-118 1.1883e-77 4.9528e-60 2.7681e-48 1.8171e-48 ] 1.0000e+00
 8.115e+01 3.7696e-48 3.7696e-48 [ 1.7392e-118 8.8843e-78 3.9809e-60 2.2752e-48 1.4944e-48 ] 1.0000e+00
 8.126e+01 3.0989e-48 3.0989e-48 [ 1.0800e-118 6.6404e-78 3.1993e-60 1.8700e-48 1.2289e-48 ] 1.0000e+00
 8.137e+01 2.5475e-48 2.5475e-48 [ 6.7042e-119 4.9617e-78 2.5707e-60 1.5369e-48 1.0106e-48 ] 1.0000e+00
 8.149e+01 2.0940e-48 2.0940e-48 [ 4.1602e-119 3.7062e-78 2.0654e-60 1.2630e-48 8.3099e-49 ] 1.0000e+00
 8.160e+01 1.7212e-48 1.7212e-48 [ 2.5807e-119 2.7676e-78 1.6591e-60 1.0379e-48 6.8329e-49 ] 1.0000e+00
 8.171e+01 1.4147e-48 1.4147e-48 [ 1.6003e-119 2.0660e-78 1.3326e-60 8.5292e-49 5.6182e-49 ] 1.0000e+00
 8.183e+01 1.1628e-48 1.1628e-48 [ 9.9200e-120 1.5418e-78 1.0702e-60 7.0085e-49 4.6192e-49 ] 1.0000e+00
 8.194e+01 9.5564e-49 9.5564e-49 [ 6.1471e-120 1.1502e-78 8.5935e-61 5.7587e-49 3.7977e-49 ] 1.0000e+00
 8.205e+01 7.8537e-49 7.8537e-49 [ 3.8078e-120 8.5783e-79 6.8994e-61 4.7315e-49 3.1221e-49 ] 1.0000e+00
 8.217e+01 6.4540e-49 6.4540e-49 [ 2.3579e-120 6.3956e-79 5.5384e-61 3.8874e-49 2.5666e-49 ] 1.0000e+00
 8.228e+01 5.3036e-49 5.3036e-49 [ 1.4596e-120 4.7668e-79 4.4453e-61 3.1937e-49 2.1099e-49 ] 1.0000e+00
 8.239e+01 4.3580e-49 4.3580e-49 [ 9.0320e-121 3.5517e-79 3.5674e-61 2.6237e-49 1.7343e-49 ] 1.0000e+00
 8.251e+01 3.5809e-49 3.5809e-49 [ 5.5870e-121 2.6455e-79 2.8625e-61 2.1553e-49 1.4256e-49 ] 1.0000e+00
 8.262e+01 2.9422e-49 2.9422e-49 [ 3.4548e-121 1.9699e-79 2.2965e-61 1.7704e-49 1.1717e-49 ] 1.0000e+00
 8.273e+01 2.4173e-49 2.4173e-49 [ 2.1356e-121 1.4664e-79 1.8422e-61 1.4542e-49 9.6303e-50 ] 1.0000e+00
 8.285e+01 1.9859e-49 1.9859e-49 [ 1.3196e-121 1.0912e-79 1.4776e-61 1.1944e-49 7.9148e-50 ] 1.0000e+00
 8.296e+01 1.6315e-49 1.6315e-49 [ 8.1515e-122 8.1174e-80 1.1849e-61 9.8102e-50 6.5045e-50 ] 1.0000e+00
 8.307e+01 1.3402e-49 1.3402e-49 [ 5.0335e-122 6.0366e-80 9.5008e-62 8.0570e-50 5.3453e-50 ] 1.0000e+00
 8.319e+01 1.1009e-49 1.1009e-49 [ 3.1071e-122 4.4878e-80 7.6168e-62 6.6167e-50 4.3925e-50 ] 1.0000e+00
 8.330e+01 9.0430e-50 9.0430e-50 [ 1.9172e-122 3.3353e-80 6.1055e-62 5.4336e-50 3.6093e-50 ] 1.0000e+00
 8.341e+01 7.4276e-50 7.4276e-50 [ 1.1826e-122 2.4780e-80 4.8933e-62 4.4619e-50 2.9657e-50 ] 1.0000e+00
 8.353e+01 6.1004e-50 6.1004e-50 [ 7.2924e-123 1.8404e-80 3.9213e-62 3.6637e-50 2.4367e-50 ] 1.0000e+00
 8.364e+01 5.0102e-50 5.0102e-50 [ 4.4951e-123 1.3664e-80 3.1418e-62 3.0082e-50 2.0020e-50 ] 1.0000e+00
 8.375e+01 4.1146e-50 4.1146e-50 [ 2.7698e-123 1.0142e-80 2.5169e-62 2.4698e-50 1.6447e-50 ] 1.0000e+00
 8.387e+01 3.3789e-50 3.3789e-50 [ 1.7061e-123 7.5253e-81 2.0160e-62 2.0277e-50 1.3512e-50 ] 1.0000e+00
 8.398e+01 2.7746e-50 2.7746e-50 [ 1.0505e-123 5.5818e-81 1.6146e-62 1.6647e-50 1.1100e-50 ] 1.0000e+00
 8.409e+01 2.2783e-50 2.2783e-50 [ 6.4663e-124 4.1389e-81 1.2929e-62 1.3666e-50 9.1176e-51 ] 1.0000e+00
 8.421e+01 1.8707e-50 1.8707e-50 [ 3.9788e-124 3.0680e-81 1.0351e-62 1.1218e-50 7.4892e-51 ] 1.0000e+00
 8.432e+01 1.5359e-50 1.5359e-50 [ 2.4473e-124 2.2734e-81 8.2862e-63 9.2078e-51 6.1513e-51 ] 1.0000e+00
 8.443e+01 1.2610e-50 1.2610e-50 [ 1.5048e-124 1.6841e-81 6.6322e-63 7.5577e-51 5.0522e-51 ] 1.0000e+00
 8.455e+01 1.0352e-50 1.0352e-50 [ 9.2493e-125 1.2471e-81 5.3075e-63 6.2029e-51 4.1492e-51 ] 1.0000e+00
 8.466e+01 8.4983e-51 8.4983e-51 [ 5.6831e-125 9.2317e-82 4.2468e-63 5.0908e-51 3.4075e-51 ] 1.0000e+00
 8.477e+01 6.9761e-51 6.9761e-51 [ 3.4906e-125 6.8317e-82 3.3975e-63 4.1778e-51 2.7983e-51 ] 1.0000e+00
 8.489e+01 5.7262e-51 5.7262e-51 [ 2.1432e-125 5.0539e-82 2.7176e-63 3.4284e-51 2.2978e-51 ] 1.0000e+00
 8.500e+01 4.7000e-51 4.7000e-51 [ 1.3154e-125 3.7375e-82 2.1735e-63 2.8132e-51 1.8868e-51 ] 1.0000e+00
 8.511e+01 3.8575e-51 3.8575e-51 [ 8.0709e-126 2.7630e-82 1.7380e-63 2.3084e-51 1.5492e-51 ] 1.0000e+00
 8.523e+01 3.1659e-51 3.1659e-51 [ 4.9501e-126 2.0419e-82 1.3896e-63 1.8940e-51 1.2719e-51 ] 1.0000e+00
 8.534e+01 2.5982e-51 2.5982e-51 [ 3.0349e-126 1.5085e-82 1.1108e-63 1.5539e-51 1.0443e-51 ] 1.0000e+00
 8.545e+01 2.1321e-51 2.1321e-51 [ 1.8600e-126 1.1140e-82 8.8786e-64 1.2748e-51 8.5728e-52 ] 1.0000e+00
 8.557e+01 1.7496e-51 1.7496e-51 [ 1.1396e-126 8.2245e-83 7.0953e-64 1.0458e-51 7.0375e-52 ] 1.0000e+00
 8.568e+01 1.4356e-51 1.4356e-51 [ 6.9791e-127 6.0697e-83 5.6692e-64 8.5790e-52 5.7769e-52 ] 1.0000e+00
 8.579e+01 1.1779e-51 1.1779e-51 [ 4.2727e-127 4.4779e-83 4.5291e-64 7.0371e-52 4.7419e-52 ] 1.0000e+00
 8.591e+01 9.6641e-52 9.6641e-52 [ 2.6148e-127 3.3024e-83 3.6176e-64 5.7720e-52 3.8921e-52 ] 1.0000e+00
 8.602e+01 7.9285e-52 7.9285e-52 [ 1.5996e-127 2.4346e-83 2.8892e-64 4.7341e-52 3.1944e-52 ] 1.0000e+00
 8.613e+01 6.5042e-52 6.5042e-52 [ 9.7823e-128 1.7943e-83 2.3070e-64 3.8826e-52 2.6216e-52 ] 1.0000e+00
 8.625e+01 5.3356e-52 5.3356e-52 [ 5.9800e-128 1.3218e-83 1.8418e-64 3.1841e-52 2.1515e-52 ] 1.0000e+00
 8.636e+01 4.3766e-52 4.3766e-52 [ 3.6543e-128 9.7346e-84 1.4702e-64 2.6111e-52 1.7655e-52 ] 1.0000e+00
 8.647e+01 3.5899e-52 3.5899e-52 [ 2.2322e-128 7.1664e-84 1.1734e-64 2.1411e-52 1.4487e-52 ] 1.0000e+00
 8.659e+01 2.9444e-52 2.9444e-52 [ 1.3630e-128 5.2738e-84 9.3633e-65 1.7556e-52 1.1887e-52 ] 1.0000e+00
 8.670e+01 2.4148e-52 2.4148e-52 [ 8.3200e-129 3.8797e-84 7.4703e-65 1.4394e-52 9.7535e-53 ] 1.0000e+00
 8.681e+01 1.9804e-52 1.9804e-52 [ 5.0765e-129 2.8530e-84 5.9591e-65 1.1801e-52 8.0022e-53 ] 1.0000e+00
 8.693e+01 1.6240e-52 1.6240e-52 [ 3.0963e-129 2.0973e-84 4.7527e-65 9.6751e-53 6.5650e-53 ] 1.0000e+00
 8.704e+01 1.3317e-52 1.3317e-52 [ 1.8878e-129 1.5412e-84 3.7900e-65 7.9313e-53 5.3856e-53 ] 1.0000e+00
 8.715e+01 1.0919e-52 1.0919e-52 [ 1.1506e-129 1.1321e-84 3.0217e-65 6.5015e-53 4.4179e-53 ] 1.0000e+00
 8.727e+01 8.9530e-53 8.9530e-53 [ 7.0097e-130 8.3127e-85 2.4087e-65 5.3291e-53 3.6238e-53 ] 1.0000e+00
 8.738e+01 7.3403e-53 7.3403e-53 [ 4.2690e-130 6.1016e-85 1.9197e-65 4.3679e-53 2.9724e-53 ] 1.0000e+00
 8.749e+01 6.0178e-53 6.0178e-53 [ 2.5988e-130 4.4769e-85 1.5298e-65 3.5799e-53 2.4379e-53 ] 1.0000e+00
 8.761e+01 4.9332e-53 4.9332e-53 [ 1.5814e-130 3.2836e-85 1.2188e-65 2.9339e-53 1.9994e-53 ] 1.0000e+00
 8.772e+01 4.0439e-53 4.0439e-53 [ 9.6198e-131 2.4074e-85 9.7085e-66 2.4043e-53 1.6397e-53 ] 1.0000e+00
 8.783e+01 3.3147e-53 3.3147e-53 [ 5.8494e-131 1.7644e-85 7.7320e-66 1.9701e-53 1.3446e-53 ] 1.0000e+00
 8.795e+01 2.7169e-53 2.7169e-53 [ 3.5554e-131 1.2926e-85 6.1568e-66 1.6143e-53 1.1026e-53 ] 1.0000e+00
 8.806e+01 2.2267e-53 2.2267e-53 [ 2.1601e-131 9.4657e-86 4.9016e-66 1.3227e-53 9.0405e-54 ] 1.0000e+00
 8.817e+01 1.8249e-53 1.8249e-53 [ 1.3119e-131 6.9291e-86 3.9015e-66 1.0837e-53 7.4123e-54 ] 1.0000e+00
 8.829e+01 1.4955e-53 1.4955e-53 [ 7.9646e-132 5.0702e-86 3.1048e-66 8.8780e-54 6.0771e-54 ] 1.0000e+00
 8.840e+01 1.2255e-53 1.2255e-53 [ 4.8334e-132 3.7085e-86 2.4704e-66 7.2728e-54 4.9821e-54 ] 1.0000e+00
 8.851e+01 1.0042e-53 1.0042e-53 [ 2.9319e-132 2.7114e-86 1.9652e-66 5.9576e-54 4.0841e-54 ] 1.0000e+00
 8.863e+01 8.2277e-54 8.2277e-54 [ 1.7778e-132 1.9816e-86 1.5630e-66 4.8798e-54 3.3479e-54 ] 1.0000e+00
 8.874e+01 6.7410e-54 6.7410e-54 [ 1.0775e-132 1.4477e-86 1.2428e-66 3.9968e-54 2.7441e-54 ] 1.0000e+00
 8.885e+01 5.5226e-54 5.5226e-54 [ 6.5285e-133 1.0571e-86 9.8805e-67 3.2734e-54 2.2492e-54 ] 1.0000e+00
 8.897e+01 4.5242e-54 4.5242e-54 [ 3.9537e-133 7.7163e-87 7.8533e-67 2.6808e-54 1.8434e-54 ] 1.0000e+00
 8.908e+01 3.7060e-54 3.7060e-54 [ 2.3934e-133 5.6300e-87 6.2408e-67 2.1953e-54 1.5107e-54 ] 1.0000e+00
 8.919e+01 3.0356e-54 3.0356e-54 [ 1.4483e-133 4.1060e-87 4.9582e-67 1.7976e-54 1.2380e-54 ] 1.0000e+00
 8.931e+01 2.4864e-54 2.4864e-54 [ 8.7600e-134 2.9933e-87 3.9383e-67 1.4719e-54 1.0145e-54 ] 1.0000e+00
 8.942e+01 2.0364e-54 2.0364e-54 [ 5.2963e-134 2.1811e-87 3.1276e-67 1.2051e-54 8.3124e-55 ] 1.0000e+00
 8.953e+01 1.6677e-54 1.6677e-54 [ 3.2008e-134 1.5886e-87 2.4831e-67 9.8663e-55 6.8107e-55 ] 1.0000e+00
 8.965e+01 1.3657e-54 1.3657e-54 [ 1.9335e-134 1.1566e-87 1.9710e-67 8.0771e-55 5.5799e-55 ] 1.0000e+00
 8.976e+01 1.1183e-54 1.1183e-54 [ 1.1675e-134 8.4167e-88 1.5641e-67 6.6119e-55 4.5713e-55 ] 1.0000e+00
 8.987e+01 9.1569e-55 9.1569e-55 [ 7.0466e-135 6.1222e-88 1.2409e-67 5.4121e-55 3.7448e-55 ] 1.0000e+00
 8.999e+01 7.4973e-55 7.4973e-55 [ 4.2511e-135 4.4512e-88 9.8426e-68 4.4298e-55 3.0675e-55 ] 1.0000e+00
 9.010e+01 6.1381e-55 6.1381e-55 [ 2.5636e-135 3.2348e-88 7.8049e-68 3.6256e-55 2.5126e-55 ] 1.0000e+00
 9.021e+01 5.0251e-55 5.0251e-55 [ 1.5452e-135 2.3497e-88 6.1874e-68 2.9671e-55 2.0579e-55 ] 1.0000e+00
 9.033e+01 4.1136e-55 4.1136e-55 [ 9.3097e-136 1.7060e-88 4.9039e-68 2.4281e-55 1.6854e-55 ] 1.0000e+00
 9.044e+01 3.3672e-55 3.3672e-55 [ 5.6065e-136 1.2380e-88 3.8855e-68 1.9869e-55 1.3803e-55 ] 1.0000e+00
 9.055e+01 2.7561e-55 2.7561e-55 [ 3.3748e-136 8.9800e-89 3.0778e-68 1.6257e-55 1.1303e-55 ] 1.0000e+00
 9.067e+01 2.2557e-55 2.2557e-55 [ 2.0305e-136 6.5105e-89 2.4373e-68 1.3302e-55 9.2555e-56 ] 1.0000e+00
 9.078e+01 1.8461e-55 1.8461e-55 [ 1.2211e-136 4.7178e-89 1.9295e-68 1.0882e-55 7.5783e-56 ] 1.0000e+00
 9.089e+01 1.5107e-55 1.5107e-55 [ 7.3402e-137 3.4170e-89 1.5270e-68 8.9026e-56 6.2047e-56 ] 1.0000e+00
 9.101e+01 1.2362e-55 1.2362e-55 [ 4.4102e-137 2.4737e-89 1.2082e-68 7.2825e-56 5.0798e-56 ] 1.0000e+00
 9.112e+01 1.0115e-55 1.0115e-55 [ 2.6484e-137 1.7899e-89 9.5559e-69 5.9569e-56 4.1585e-56 ] 1.0000e+00
 9.123e+01 8.2763e-56 8.2763e-56 [ 1.5897e-137 1.2944e-89 7.5557e-69 4.8722e-56 3.4041e-56 ] 1.0000e+00
 9.135e+01 6.7712e-56 6.7712e-56 [ 9.5376e-138 9.3561e-90 5.9722e-69 3.9848e-56 2.7864e-56 ] 1.0000e+00
 9.146e+01 5.5394e-56 5.5394e-56 [ 5.7194e-138 6.7591e-90 4.7190e-69 3.2588e-56 2.2806e-56 ] 1.0000e+00
 9.157e+01 4.5314e-56 4.5314e-56 [ 3.4280e-138 4.8804e-90 3.7275e-69 2.6649e-56 1.8666e-56 ] 1.0000e+00
 9.169e+01 3.7066e-56 3.7066e-56 [ 2.0536e-138 3.5220e-90 2.9433e-69 2.1791e-56 1.5276e-56 ] 1.0000e+00
 9.180e+01 3.0317e-56 3.0317e-56 [ 1.2296e-138 2.5403e-90 2.3232e-69 1.7817e-56 1.2501e-56 ] 1.0000e+00
 9.191e+01 2.4796e-56 2.4796e-56 [ 7.3586e-139 1.8312e-90 1.8331e-69 1.4567e-56 1.0229e-56 ] 1.0000e+00
 9.203e+01 2.0278e-56 2.0278e-56 [ 4.4014e-139 1.3193e-90 1.4458e-69 1.1909e-56 8.3696e-57 ] 1.0000e+00
 9.214e+01 1.6583e-56 1.6583e-56 [ 2.6313e-139 9.5000e-91 1.1399e-69 9.7352e-57 6.8478e-57 ] 1.0000e+00
 9.225e+01 1.3560e-56 1.3560e-56 [ 1.5722e-139 6.8366e-91 8.9836e-70 7.9577e-57 5.6023e-57 ] 1.0000e+00
 9.237e+01 1.1087e-56 1.1087e-56 [ 9.3892e-140 4.9170e-91 7.0771e-70 6.5044e-57 4.5830e-57 ] 1.0000e+00
 9.248e+01 9.0650e-57 9.0650e-57 [ 5.6040e-140 3.5343e-91 5.5729e-70 5.3161e-57 3.7490e-57 ] 1.0000e+00
 9.259e+01 7.4111e-57 7.4111e-57 [ 3.3430e-140 2.5389e-91 4.3865e-70 4.3446e-57 3.0665e-57 ] 1.0000e+00
 9.271e+01 6.0585e-57 6.0585e-57 [ 1.9931e-140 1.8228e-91 3.4511e-70 3.5503e-57 2.5081e-57 ] 1.0000e+00
 9.282e+01 4.9524e-57 4.9524e-57 [ 1.1876e-140 1.3078e-91 2.7139e-70 2.9011e-57 2.0513e-57 ] 1.0000e+00
 9.293e+01 4.0480e-57 4.0480e-57 [ 7.0723e-141 9.3774e-92 2.1332e-70 2.3704e-57 1.6775e-57 ] 1.0000e+00
 9.305e+01 3.3085e-57 3.3085e-57 [ 4.2093e-141 6.7196e-92 1.6759e-70 1.9367e-57 1.3718e-57 ] 1.0000e+00
 9.316e+01 2.7039e-57 2.7039e-57 [ 2.5037e-141 4.8119e-92 1.3160e-70 1.5822e-57 1.1217e-57 ] 1.0000e+00
 9.327e+01 2.2096e-57 2.2096e-57 [ 1.4883e-141 3.4436e-92 1.0329e-70 1.2925e-57 9.1712e-58 ] 1.0000e+00
 9.339e+01 1.8056e-57 1.8056e-57 [ 8.8420e-142 2.4627e-92 8.1022e-71 1.0558e-57 7.4982e-58 ] 1.0000e+00
 9.350e+01 1.4753e-57 1.4753e-57 [ 5.2496e-142 1.7600e-92 6.3521e-71 8.6236e-58 6.1299e-58 ] 1.0000e+00
 9.361e+01 1.2054e-57 1.2054e-57 [ 3.1148e-142 1.2569e-92 4.9773e-71 7.0431e-58 5.0110e-58 ] 1.0000e+00
 9.373e+01 9.8479e-58 9.8479e-58 [ 1.8469e-142 8.9700e-93 3.8978e-71 5.7519e-58 4.0960e-58 ] 1.0000e+00
 9.384e+01 8.0450e-58 8.0450e-58 [ 1.0944e-142 6.3969e-93 3.0506e-71 4.6971e-58 3.3479e-58 ] 1.0000e+00
 9.395e+01 6.5716e-58 6.5716e-58 [ 6.4807e-143 4.5585e-93 2.3861e-71 3.8354e-58 2.7362e-58 ] 1.0000e+00
 9.407e+01 5.3677e-58 5.3677e-58 [ 3.8349e-143 3.2460e-93 1.8652e-71 3.1316e-58 2.2361e-58 ] 1.0000e+00
 9.418e+01 4.3840e-58 4.3840e-58 [ 2.2677e-143 2.3096e-93 1.4570e-71 2.5567e-58 1.8273e-58 ] 1.0000e+00
 9.429e+01 3.5804e-58 3.5804e-58 [ 1.3401e-143 1.6420e-93 1.1374e-71 2.0872e-58 1.4932e-58 ] 1.0000e+00
 9.441e+01 2.9238e-58 2.9238e-58 [ 7.9115e-144 1.1665e-93 8.8730e-72 1.7038e-58 1.2200e-58 ] 1.0000e+00
 9.452e+01 2.3875e-58 2.3875e-58 [ 4.6699e-144 8.2797e-94 6.9169e-72 1.3907e-58 9.9676e-59 ] 1.0000e+00
 9.463e+01 1.9494e-58 1.9494e-58 [ 2.7522e-144 5.8720e-94 5.3881e-72 1.1351e-58 8.1431e-59 ] 1.0000e+00
 9.475e+01 1.5915e-58 1.5915e-58 [ 1.6167e-144 4.1608e-94 4.1939e-72 9.2634e-59 6.6520e-59 ] 1.0000e+00
 9.486e+01 1.2993e-58 1.2993e-58 [ 9.7350e-145 2.9457e-94 3.2619e-72 7.5594e-59 5.4336e-59 ] 1.0000e+00
 9.497e+01 1.0606e-58 1.0606e-58 [ 5.0996e-145 2.0835e-94 2.5349e-72 6.1683e-59 4.4381e-59 ] 1.0000e+00
 9.509e+01 8.6574e-59 8.6574e-59 [ 4.4491e-145 1.4723e-94 1.9682e-72 5.0328e-59 3.6246e-59 ] 1.0000e+00
 9.520e+01 7.0661e-59 7.0661e-59 [ -3.4764e-146 1.0394e-94 1.5269e-72 4.1059e-59 2.9601e-59 ] 1.0000e+00
 9.531e+01 5.7667e-59 5.7667e-59 [ 5.2820e-145 7.3306e-95 1.1835e-72 3.3495e-59 2.4172e-59 ] 1.0000e+00
 9.543e+01 4.7059e-59 4.7059e-59 [ -6.3332e-145 5.1647e-95 9.1641e-73 2.7321e-59 1.9738e-59 ] 1.0000e+00
 9.554e+01 3.8399e-59 3.8399e-59 [ 1.1499e-144 3.6349e-95 7.0892e-73 2.2284e-59 1.6115e-59 ] 1.0000e+00
 9.565e+01 3.1330e-59 3.1330e-59 [ -1.6481e-144 2.5554e-95 5.4784e-73 1.8173e-59 1.3157e-59 ] 1.0000e+00
 9.577e+01 2.5560e-59 2.5560e-59 [ 2.4075e-144 1.7945e-95 4.2292e-73 1.4819e-59 1.0741e-59 ] 1.0000e+00
 9.588e+01 2.0850e-59 2.0850e-59 [ -3.2743e-144 1.2586e-95 3.2611e-73 1.2082e-59 8.7678e-60 ] 1.0000e+00
 9.599e+01 1.7007e-59 1.7007e-59 [ 4.3233e-144 8.8171e-96 2.5117e-73 9.8498e-60 7.1567e-60 ] 1.0000e+00
 9.611e+01 1.3870e-59 1.3870e-59 [ -5.4670e-144 6.1690e-96 1.9322e-73 8.0288e-60 5.8412e-60 ] 1.0000e+00
 9.622e+01 1.1311e-59 1.1311e-59 [ 6.6830e-144 4.3102e-96 1.4845e-73 6.5434e-60 4.7671e-60 ] 1.0000e+00
 9.633e+01 9.2222e-60 9.2222e-60 [ -7.8859e-144 3.0070e-96 1.1390e-73 5.3319e-60 3.8902e-60 ] 1.0000e+00
 9.645e+01 7.5183e-60 7.5183e-60 [ 9.0100e-144 2.0976e-96 8.7271e-74 4.3439e-60 3.1744e-60 ] 1.0000e+00
 9.656e+01 6.1283e-60 6.1283e-60 [ -9.9732e-144 1.4508e-96 6.6768e-74 3.5382e-60 2.5901e-60 ] 1.0000e+00
 9.667e+01 4.9944e-60 4.9944e-60 [ 1.0711e-143 1.0298e-96 5.1002e-74 2.8812e-60 2.1132e-60 ] 1.0000e+00
 9.679e+01 4.0695e-60 4.0695e-60 [ -1.1169e-143 6.6411e-97 3.8894e-74 2.3455e-60 1.7240e-60 ] 1.0000e+00
 9.690e+01 3.3151e-60 3.3151e-60 [ 1.1320e-143 5.6085e-97 2.9609e-74 1.9088e-60 1.4063e-60 ] 1.0000e+00
 9.701e+01 2.6998e-60 2.6998e-60 [ -1.1158e-143 1.9947e-97 2.2499e-74 1.5527e-60 1.1471e-60 ] 1.0000e+00
 9.713e+01 2.1980e-60 2.1980e-60 [ 1.0703e-143 4.6178e-97 1.7062e-74 1.2624e-60 9.3560e-61 ] 1.0000e+00
 9.724e+01 1.7889e-60 1.7889e-60 [ -9.9959e-144 -2.0632e-97 1.2911e-74 1.0259e-60 7.6302e-61 ] 1.0000e+00
 9.735e+01 1.4552e-60 1.4552e-60 [ 9.0936e-144 6.5675e-97 9.7479e-75 8.3303e-61 6.2222e-61 ] 1.0000e+00
 9.747e+01 1.1832e-60 1.1832e-60 [ -8.0613e-144 -7.0262e-97 7.3415e-75 6.7587e-61 5.0735e-61 ] 1.0000e+00
 9.758e+01 9.6143e-61 9.6143e-61 [ 6.9654e-144 1.1014e-96 5.5144e-75 5.4780e-61 4.1364e-61 ] 1.0000e+00
 9.769e+01 7.8062e-61 7.8062e-61 [ -5.8674e-144 -1.3190e-96 4.1299e-75 4.4343e-61 3.3719e-61 ] 1.0000e+00
 9.781e+01 6.3321e-61 6.3321e-61 [ 4.8191e-144 1.6917e-96 3.0831e-75 3.5838e-61 2.7483e-61 ] 1.0000e+00
 9.792e+01 5.1303e-61 5.1303e-61 [ -3.8594e-144 -1.9524e-96 2.2936e-75 2.8907e-61 2.2396e-61 ] 1.0000e+00
 9.803e+01 4.1506e-61 4.1506e-61 [ 3.0137e-144 2.2380e-96 1.6996e-75 2.3260e-61 1.8245e-61 ] 1.0000e+00
 9.815e+01 3.3517e-61 3.3517e-61 [ -2.2941e-144 -2.4119e-96 1.2532e-75 1.8659e-61 1.4858e-61 ] 1.0000e+00
 9.826e+01 2.7003e-61 2.7003e-61 [ 1.7021e-144 2.5286e-96 9.2163e-76 1.4910e-61 1.2093e-61 ] 1.0000e+00
 9.837e+01 2.1689e-61 2.1689e-61 [ -1.2302e-144 -2.5269e-96 6.6877e-76 1.1855e-61 9.8346e-62 ] 1.0000e+00
 9.849e+01 1.7353e-61 1.7353e-61 [ 8.6576e-145 2.4396e-96 4.9191e-76 9.3655e-62 7.9876e-62 ] 1.0000e+00
 9.860e+01 1.3813e-61 1.3813e-61 [ -5.9271e-145 -2.2546e-96 3.4192e-76 7.3381e-62 6.4745e-62 ] 1.0000e+00
 9.871e+01 1.0919e-61 1.0919e-61 [ 3.9428e-145 2.0052e-96 2.6083e-76 5.6876e-62 5.2318e-62 ] 1.0000e+00
 9.883e+01 8.5524e-62 8.5524e-62 [ -2.5445e-145 -1.7064e-96 1.6023e-76 4.3458e-62 4.2067e-62 ] 1.0000e+00
 9.894e+01 6.6136e-62 6.6136e-62 [ 1.5894e-145 1.3907e-96 1.3908e-76 3.2577e-62 3.3559e-62 ] 1.0000e+00
 9.905e+01 5.0234e-62 5.0234e-62 [ -9.5769e-146 -1.0784e-96 6.3149e-77 2.3797e-62 2.6437e-62 ] 1.0000e+00
 9.917e+01 3.7183e-62 3.7183e-62 [ 5.5370e-146 7.9204e-97 7.2689e-77 1.6773e-62 2.0409e-62 ] 1.0000e+00
 9.928e+01 2.6483e-62 2.6483e-62 [ -3.0444e-146 -5.4378e-97 1.7838e-77 1.1237e-62 1.5246e-62 ] 1.0000e+00
 9.939e+01 1.7765e-62 1.7765e-62 [ 1.5652e-146 3.4207e-97 3.2601e-77 6.9805e-63 1.0785e-62 ] 1.0000e+00
 9.951e+01 1.0781e-62 1.0781e-62 [ -7.2566e-147 -1.8862e-97 2.5084e-78 3.8401e-63 6.9414e-63 ] 1.0000e+00
 9.962e+01 5.4222e-63 5.4222e-63 [ 2.7649e-147 8.2376e-98 8.4417e-78 1.6859e-63 3.7363e-63 ] 1.0000e+00
 9.973e+01 1.7397e-63 1.7397e-63 [ -6.2531e-148 -2.0339e-98 4.0768e-80 4.2116e-64 1.3186e-63 ] 1.0000e+00
 9.985e+01 0.0000e+00 0.0000e+00 [ 0.0000e+00 0.0000e+00 0.0000e+00 0.0000e+00 0.0000e+00 ] 1.0000e+00
