 0.000e+00 0.0000e+00 0.0000e+00 [ 0.0000e+00 0.0000e+00 0.0000e+00 0.0000e+00 0.0000e+00 ] 1.0000e+00
 1.133e-01 5.0823e-02 5.0823e-02 [ 5.0558e-02 1.2698e-04 6.5013e-05 6.6080e-05 6.3361e-06 ] 9.4918e-01
 2.267e-01 9.7687e-02 9.7687e-02 [ 9.6623e-02 5.1272e-04 2.6250e-04 2.6630e-04 2.2786e-05 ] 9.0231e-01
 3.400e-01 1.3866e-01 1.3866e-01 [ 1.3624e-01 1.1674e-03 5.9762e-04 6.0499e-04 4.5745e-05 ] 8.6134e-01
 4.533e-01 1.7663e-01 1.7663e-01 [ 1.7229e-01 2.1013e-03 1.0755e-03 1.0856e-03 7.2666e-05 ] 8.2337e-01
 5.667e-01 2.1245e-01 2.1245e-01 [ 2.0562e-01 3.3206e-03 1.6993e-03 1.7090e-03 1.0172e-04 ] 7.8755e-01
 6.800e-01 2.4656e-01 2.4656e-01 [ 2.3667e-01 4.8247e-03 2.4685e-03 2.4720e-03 1.3155e-04 ] 7.5344e-01
 7.933e-01 2.7912e-01 2.7912e-01 [ 2.6561e-01 6.6038e-03 3.3779e-03 3.3664e-03 1.6122e-04 ] 7.2088e-01
 9.067e-01 3.1006e-01 3.1006e-01 [ 2.9243e-01 8.6381e-03 4.4171e-03 4.3791e-03 1.9010e-04 ] 6.8994e-01
 1.020e+00 3.3919e-01 3.3919e-01 [ 3.1702e-01 1.0898e-02 5.5709e-03 5.4923e-03 2.1782e-04 ] 6.6080e-01
 1.133e+00 3.6630e-01 3.6630e-01 [ 3.3920e-01 1.3347e-02 6.8198e-03 6.6846e-03 2.4417e-04 ] 6.3370e-01
 1.247e+00 3.9113e-01 3.9113e-01 [ 3.5884e-01 1.5942e-02 8.1419e-03 7.9323e-03 2.6901e-04 ] 6.0887e-01
 1.360e+00 4.1351e-01 4.1351e-01 [ 3.7586e-01 1.8637e-02 9.5137e-03 9.2115e-03 2.9228e-04 ] 5.8649e-01
 1.473e+00 4.3334e-01 4.3334e-01 [ 3.9022e-01 2.1389e-02 1.0912e-02 1.0499e-02 3.1397e-04 ] 5.6666e-01
 1.587e+00 4.5059e-01 4.5059e-01 [ 4.0201e-01 2.4157e-02 1.2317e-02 1.1775e-02 3.3410e-04 ] 5.4941e-01
 1.700e+00 4.6534e-01 4.6534e-01 [ 4.1134e-01 2.6908e-02 1.3710e-02 1.3023e-02 3.5273e-04 ] 5.3466e-01
 1.813e+00 4.7771e-01 4.7771e-01 [ 4.1843e-01 2.9612e-02 1.5077e-02 1.4229e-02 3.6993e-04 ] 5.2228e-01
 1.927e+00 4.8791e-01 4.8791e-01 [ 4.2348e-01 3.2249e-02 1.6406e-02 1.5384e-02 3.8581e-04 ] 5.1209e-01
 2.040e+00 4.9614e-01 4.9614e-01 [ 4.2676e-01 3.4805e-02 1.7691e-02 1.6481e-02 4.0048e-04 ] 5.0386e-01
 2.153e+00 5.0264e-01 5.0264e-01 [ 4.2851e-01 3.7271e-02 1.8926e-02 1.7519e-02 4.1406e-04 ] 4.9736e-01
 2.267e+00 5.0764e-01 5.0764e-01 [ 4.2897e-01 3.9642e-02 2.0109e-02 1.8495e-02 4.2667e-04 ] 4.9236e-01
 2.380e+00 5.1136e-01 5.1136e-01 [ 4.2836e-01 4.1918e-02 2.1240e-02 1.9411e-02 4.3841e-04 ] 4.8864e-01
 2.493e+00 5.1401e-01 5.1401e-01 [ 4.2687e-01 4.4102e-02 2.2319e-02 2.0269e-02 4.4940e-04 ] 4.8599e-01
 2.607e+00 5.1575e-01 5.1575e-01 [ 4.2468e-01 4.6196e-02 2.3349e-02 2.1071e-02 4.5972e-04 ] 4.8425e-01
 2.720e+00 5.1676e-01 5.1676e-01 [ 4.2193e-01 4.8207e-02 2.4333e-02 2.1822e-02 4.6946e-04 ] 4.8324e-01
 2.833e+00 5.1717e-01 5.1717e-01 [ 4.1875e-01 5.0141e-02 2.5272e-02 2.2526e-02 4.7870e-04 ] 4.8283e-01
 2.947e+00 5.1709e-01 5.1709e-01 [ 4.1525e-01 5.2003e-02 2.6171e-02 2.3185e-02 4.8748e-04 ] 4.8291e-01
 3.060e+00 5.1663e-01 5.1663e-01 [ 4.1150e-01 5.3800e-02 2.7031e-02 2.3804e-02 4.9589e-04 ] 4.8337e-01
 3.173e+00 5.1586e-01 5.1586e-01 [ 4.0758e-01 5.5539e-02 2.7858e-02 2.4387e-02 5.0396e-04 ] 4.8414e-01
 3.287e+00 5.1486e-01 5.1486e-01 [ 4.0354e-01 5.7225e-02 2.8653e-02 2.4937e-02 5.1174e-04 ] 4.8514e-01
 3.400e+00 5.1369e-01 5.1369e-01 [ 3.9942e-01 5.8865e-02 2.9420e-02 2.5457e-02 5.1928e-04 ] 4.8631e-01
 3.513e+00 5.1238e-01 5.1238e-01 [ 3.9528e-01 6.0464e-02 3.0161e-02 2.5951e-02 5.2660e-04 ] 4.8762e-01
 3.627e+00 5.1098e-01 5.1098e-01 [ 3.9112e-01 6.2028e-02 3.0880e-02 2.6422e-02 5.3374e-04 ] 4.8902e-01
 3.740e+00 5.0953e-01 5.0953e-01 [ 3.8698e-01 6.3561e-02 3.1578e-02 2.6871e-02 5.4072e-04 ] 4.9047e-01
 3.853e+00 5.0804e-01 5.0804e-01 [ 3.8286e-01 6.5067e-02 3.2258e-02 2.7303e-02 5.4758e-04 ] 4.9196e-01
 3.967e+00 5.0653e-01 5.0653e-01 [ 3.7879e-01 6.6552e-02 3.2923e-02 2.7718e-02 5.5434e-04 ] 4.9347e-01
 4.080e+00 5.0503e-01 5.0503e-01 [ 3.7476e-01 6.8018e-02 3.3573e-02 2.8119e-02 5.6101e-04 ] 4.9497e-01
 4.193e+00 5.0355e-01 5.0355e-01 [ 3.7079e-01 6.9469e-02 3.4211e-02 2.8509e-02 5.6761e-04 ] 4.9645e-01
 4.307e+00 5.0209e-01 5.0209e-01 [ 3.6688e-01 7.0908e-02 3.4839e-02 2.8888e-02 5.7416e-04 ] 4.9791e-01
 4.420e+00 5.0067e-01 5.0067e-01 [ 3.6303e-01 7.2339e-02 3.5458e-02 2.9258e-02 5.8067e-04 ] 4.9933e-01
 4.533e+00 4.9929e-01 4.9929e-01 [ 3.5925e-01 7.3763e-02 3.6070e-02 2.9621e-02 5.8716e-04 ] 5.0071e-01
 4.647e+00 4.9795e-01 4.9795e-01 [ 3.5552e-01 7.5182e-02 3.6675e-02 2.9979e-02 5.9364e-04 ] 5.0205e-01
 4.760e+00 4.9666e-01 4.9666e-01 [ 3.5186e-01 7.6600e-02 3.7275e-02 3.0331e-02 6.0011e-04 ] 5.0334e-01
 4.873e+00 4.9543e-01 4.9543e-01 [ 3.4825e-01 7.8017e-02 3.7871e-02 3.0680e-02 6.0659e-04 ] 5.0457e-01
 4.987e+00 4.9424e-01 4.9424e-01 [ 3.4470e-01 7.9436e-02 3.8464e-02 3.1026e-02 6.1309e-04 ] 5.0576e-01
 5.100e+00 4.9310e-01 4.9310e-01 [ 3.4120e-01 8.0857e-02 3.9055e-02 3.1370e-02 6.1960e-04 ] 5.0690e-01
 5.213e+00 4.9202e-01 4.9202e-01 [ 3.3775e-01 8.2281e-02 3.9644e-02 3.1713e-02 6.2615e-04 ] 5.0798e-01
 5.327e+00 4.9098e-01 4.9098e-01 [ 3.3435e-01 8.3710e-02 4.0233e-02 3.2055e-02 6.3272e-04 ] 5.0902e-01
 5.440e+00 4.8999e-01 4.8999e-01 [ 3.3099e-01 8.5144e-02 4.0821e-02 3.2397e-02 6.3934e-04 ] 5.1001e-01
 5.553e+00 4.8905e-01 4.8905e-01 [ 3.2767e-01 8.6584e-02 4.1410e-02 3.2740e-02 6.4599e-04 ] 5.1095e-01
 5.667e+00 4.8816e-01 4.8816e-01 [ 3.2439e-01 8.8030e-02 4.1999e-02 3.3084e-02 6.5269e-04 ] 5.1184e-01
 5.780e+00 4.8731e-01 4.8731e-01 [ 3.2114e-01 8.9483e-02 4.2589e-02 3.3429e-02 6.5943e-04 ] 5.1269e-01
 5.893e+00 4.8649e-01 4.8649e-01 [ 3.1793e-01 9.0943e-02 4.3181e-02 3.3776e-02 6.6623e-04 ] 5.1350e-01
 6.007e+00 4.8572e-01 4.8572e-01 [ 3.1474e-01 9.2410e-02 4.3774e-02 3.4125e-02 6.7307e-04 ] 5.1428e-01
 6.120e+00 4.8499e-01 4.8499e-01 [ 3.1158e-01 9.3884e-02 4.4370e-02 3.4477e-02 6.7996e-04 ] 5.1501e-01
 6.233e+00 4.8429e-01 4.8429e-01 [ 3.0844e-01 9.5365e-02 4.4968e-02 3.4831e-02 6.8691e-04 ] 5.1571e-01
 6.347e+00 4.8362e-01 4.8362e-01 [ 3.0532e-01 9.6852e-02 4.5568e-02 3.5187e-02 6.9391e-04 ] 5.1638e-01
 6.460e+00 4.8298e-01 4.8298e-01 [ 3.0221e-01 9.8346e-02 4.6170e-02 3.5546e-02 7.0096e-04 ] 5.1702e-01
 6.573e+00 4.8237e-01 4.8237e-01 [ 2.9913e-01 9.9846e-02 4.6775e-02 3.5908e-02 7.0807e-04 ] 5.1763e-01
 6.687e+00 4.8178e-01 4.8178e-01 [ 2.9606e-01 1.0135e-01 4.7383e-02 3.6274e-02 7.1524e-04 ] 5.1822e-01
 6.800e+00 4.8122e-01 4.8122e-01 [ 2.9300e-01 1.0286e-01 4.7994e-02 3.6642e-02 7.2245e-04 ] 5.1878e-01
 6.913e+00 4.8068e-01 4.8068e-01 [ 2.8995e-01 1.0438e-01 4.8607e-02 3.7013e-02 7.2972e-04 ] 5.1932e-01
 7.027e+00 4.8016e-01 4.8016e-01 [ 2.8691e-01 1.0590e-01 4.9223e-02 3.7388e-02 7.3704e-04 ] 5.1984e-01
 7.140e+00 4.7966e-01 4.7966e-01 [ 2.8388e-01 1.0743e-01 4.9842e-02 3.7765e-02 7.4442e-04 ] 5.2034e-01
 7.253e+00 4.7918e-01 4.7918e-01 [ 2.8086e-01 1.0895e-01 5.0464e-02 3.8146e-02 7.5184e-04 ] 5.2082e-01
 7.367e+00 4.7871e-01 4.7871e-01 [ 2.7784e-01 1.1049e-01 5.1088e-02 3.8530e-02 7.5932e-04 ] 5.2129e-01
 7.480e+00 4.7825e-01 4.7825e-01 [ 2.7483e-01 1.1202e-01 5.1715e-02 3.8917e-02 7.6685e-04 ] 5.2175e-01
 7.593e+00 4.7780e-01 4.7780e-01 [ 2.7182e-01 1.1355e-01 5.2345e-02 3.9307e-02 7.7442e-04 ] 5.2219e-01
 7.707e+00 4.7737e-01 4.7737e-01 [ 2.6882e-01 1.1509e-01 5.2978e-02 3.9700e-02 7.8204e-04 ] 5.2263e-01
 7.820e+00 4.7695e-01 4.7695e-01 [ 2.6582e-01 1.1663e-01 5.3613e-02 4.0096e-02 7.8971e-04 ] 5.2305e-01
 7.933e+00 4.7653e-01 4.7653e-01 [ 2.6283e-01 1.1816e-01 5.4250e-02 4.0495e-02 7.9743e-04 ] 5.2347e-01
 8.047e+00 4.7612e-01 4.7612e-01 [ 2.5983e-01 1.1970e-01 5.4890e-02 4.0897e-02 8.0519e-04 ] 5.2388e-01
 8.160e+00 4.7572e-01 4.7572e-01 [ 2.5684e-01 1.2123e-01 5.5532e-02 4.1301e-02 8.1299e-04 ] 5.2428e-01
 8.273e+00 4.7532e-01 4.7532e-01 [ 2.5385e-01 1.2276e-01 5.6177e-02 4.1708e-02 8.2084e-04 ] 5.2468e-01
 8.387e+00 4.7493e-01 4.7493e-01 [ 2.5087e-01 1.2429e-01 5.6824e-02 4.2118e-02 8.2872e-04 ] 5.2507e-01
 8.500e+00 4.7454e-01 4.7454e-01 [ 2.4788e-01 1.2581e-01 5.7473e-02 4.2531e-02 8.3665e-04 ] 5.2546e-01
 8.613e+00 4.7415e-01 4.7415e-01 [ 2.4490e-01 1.2733e-01 5.8124e-02 4.2946e-02 8.4462e-04 ] 5.2585e-01
 8.727e+00 4.7376e-01 4.7376e-01 [ 2.4192e-01 1.2885e-01 5.8777e-02 4.3363e-02 8.5262e-04 ] 5.2624e-01
 8.840e+00 4.7338e-01 4.7338e-01 [ 2.3895e-01 1.3036e-01 5.9431e-02 4.3783e-02 8.6066e-04 ] 5.2662e-01
 8.953e+00 4.7300e-01 4.7300e-01 [ 2.3597e-01 1.3186e-01 6.0088e-02 4.4205e-02 8.6874e-04 ] 5.2700e-01
 9.067e+00 4.7261e-01 4.7261e-01 [ 2.3300e-01 1.3336e-01 6.0746e-02 4.4629e-02 8.7685e-04 ] 5.2738e-01
 9.180e+00 4.7223e-01 4.7223e-01 [ 2.3004e-01 1.3485e-01 6.1407e-02 4.5056e-02 8.8500e-04 ] 5.2777e-01
 9.293e+00 4.7185e-01 4.7185e-01 [ 2.2707e-01 1.3633e-01 6.2068e-02 4.5484e-02 8.9318e-04 ] 5.2815e-01
 9.407e+00 4.7146e-01 4.7146e-01 [ 2.2411e-01 1.3780e-01 6.2731e-02 4.5915e-02 9.0139e-04 ] 5.2853e-01
 9.520e+00 4.7108e-01 4.7108e-01 [ 2.2116e-01 1.3927e-01 6.3396e-02 4.6347e-02 9.0963e-04 ] 5.2892e-01
 9.633e+00 4.7069e-01 4.7069e-01 [ 2.1821e-01 1.4072e-01 6.4062e-02 4.6781e-02 9.1790e-04 ] 5.2931e-01
 9.747e+00 4.7030e-01 4.7030e-01 [ 2.1526e-01 1.4217e-01 6.4729e-02 4.7217e-02 9.2620e-04 ] 5.2970e-01
 9.860e+00 4.6991e-01 4.6991e-01 [ 2.1233e-01 1.4360e-01 6.5398e-02 4.7655e-02 9.3453e-04 ] 5.3009e-01
 9.973e+00 4.6952e-01 4.6952e-01 [ 2.0939e-01 1.4502e-01 6.6068e-02 4.8095e-02 9.4289e-04 ] 5.3048e-01
 1.009e+01 4.6912e-01 4.6912e-01 [ 2.0647e-01 1.4643e-01 6.6738e-02 4.8536e-02 9.5127e-04 ] 5.3088e-01
 1.020e+01 4.6872e-01 4.6872e-01 [ 2.0355e-01 1.4783e-01 6.7410e-02 4.8978e-02 9.5968e-04 ] 5.3128e-01
 1.031e+01 4.6832e-01 4.6832e-01 [ 2.0064e-01 1.4921e-01 6.8083e-02 4.9422e-02 9.6812e-04 ] 5.3168e-01
 1.043e+01 4.6792e-01 4.6792e-01 [ 1.9773e-01 1.5058e-01 6.8757e-02 4.9868e-02 9.7658e-04 ] 5.3208e-01
 1.054e+01 4.6751e-01 4.6751e-01 [ 1.9484e-01 1.5194e-01 6.9431e-02 5.0315e-02 9.8506e-04 ] 5.3249e-01
 1.065e+01 4.6710e-01 4.6710e-01 [ 1.9196e-01 1.5328e-01 7.0107e-02 5.0763e-02 9.9356e-04 ] 5.3290e-01
 1.077e+01 4.6668e-01 4.6668e-01 [ 1.8908e-01 1.5461e-01 7.0783e-02 5.1212e-02 1.0021e-03 ] 5.3332e-01
 1.088e+01 4.6626e-01 4.6626e-01 [ 1.8621e-01 1.5592e-01 7.1459e-02 5.1663e-02 1.0106e-03 ] 5.3374e-01
 1.099e+01 4.6584e-01 4.6584e-01 [ 1.8336e-01 1.5721e-01 7.2136e-02 5.2115e-02 1.0192e-03 ] 5.3416e-01
 1.111e+01 4.6542e-01 4.6542e-01 [ 1.8052e-01 1.5849e-01 7.2814e-02 5.2568e-02 1.0278e-03 ] 5.3458e-01
 1.122e+01 4.6499e-01 4.6499e-01 [ 1.7768e-01 1.5975e-01 7.3492e-02 5.3022e-02 1.0364e-03 ] 5.3501e-01
 1.133e+01 4.6455e-01 4.6455e-01 [ 1.7487e-01 1.6099e-01 7.4171e-02 5.3477e-02 1.0450e-03 ] 5.3545e-01
 1.145e+01 4.6411e-01 4.6411e-01 [ 1.7206e-01 1.6222e-01 7.4850e-02 5.3933e-02 1.0537e-03 ] 5.3589e-01
 1.156e+01 4.6367e-01 4.6367e-01 [ 1.6926e-01 1.6343e-01 7.5529e-02 5.4390e-02 1.0623e-03 ] 5.3633e-01
 1.167e+01 4.6323e-01 4.6323e-01 [ 1.6649e-01 1.6462e-01 7.6208e-02 5.4847e-02 1.0710e-03 ] 5.3677e-01
 1.179e+01 4.6278e-01 4.6278e-01 [ 1.6372e-01 1.6578e-01 7.6887e-02 5.5306e-02 1.0797e-03 ] 5.3722e-01
 1.190e+01 4.6232e-01 4.6232e-01 [ 1.6097e-01 1.6693e-01 7.7567e-02 5.5765e-02 1.0884e-03 ] 5.3768e-01
 1.201e+01 4.6187e-01 4.6187e-01 [ 1.5823e-01 1.6806e-01 7.8246e-02 5.6226e-02 1.0971e-03 ] 5.3813e-01
 1.213e+01 4.6140e-01 4.6140e-01 [ 1.5551e-01 1.6917e-01 7.8926e-02 5.6686e-02 1.1059e-03 ] 5.3860e-01
 1.224e+01 4.6094e-01 4.6094e-01 [ 1.5281e-01 1.7026e-01 7.9605e-02 5.7148e-02 1.1146e-03 ] 5.3906e-01
 1.235e+01 4.6047e-01 4.6047e-01 [ 1.5012e-01 1.7132e-01 8.0284e-02 5.7610e-02 1.1234e-03 ] 5.3953e-01
 1.247e+01 4.5999e-01 4.5999e-01 [ 1.4746e-01 1.7237e-01 8.0963e-02 5.8073e-02 1.1321e-03 ] 5.4001e-01
 1.258e+01 4.5951e-01 4.5951e-01 [ 1.4480e-01 1.7339e-01 8.1642e-02 5.8536e-02 1.1409e-03 ] 5.4049e-01
 1.269e+01 4.5903e-01 4.5903e-01 [ 1.4217e-01 1.7439e-01 8.2320e-02 5.9000e-02 1.1497e-03 ] 5.4097e-01
 1.281e+01 4.5854e-01 4.5854e-01 [ 1.3956e-01 1.7536e-01 8.2997e-02 5.9464e-02 1.1585e-03 ] 5.4146e-01
 1.292e+01 4.5804e-01 4.5804e-01 [ 1.3696e-01 1.7631e-01 8.3674e-02 5.9929e-02 1.1673e-03 ] 5.4195e-01
 1.303e+01 4.5755e-01 4.5755e-01 [ 1.3438e-01 1.7724e-01 8.4351e-02 6.0394e-02 1.1762e-03 ] 5.4245e-01
 1.315e+01 4.5704e-01 4.5704e-01 [ 1.3183e-01 1.7815e-01 8.5026e-02 6.0860e-02 1.1850e-03 ] 5.4296e-01
 1.326e+01 4.5654e-01 4.5654e-01 [ 1.2929e-01 1.7903e-01 8.5701e-02 6.1326e-02 1.1938e-03 ] 5.4346e-01
 1.337e+01 4.5603e-01 4.5603e-01 [ 1.2677e-01 1.7988e-01 8.6376e-02 6.1792e-02 1.2027e-03 ] 5.4397e-01
 1.349e+01 4.5551e-01 4.5551e-01 [ 1.2428e-01 1.8071e-01 8.7049e-02 6.2258e-02 1.2116e-03 ] 5.4449e-01
 1.360e+01 4.5499e-01 4.5499e-01 [ 1.2181e-01 1.8151e-01 8.7722e-02 6.2725e-02 1.2204e-03 ] 5.4501e-01
 1.371e+01 4.5446e-01 4.5446e-01 [ 1.1936e-01 1.8229e-01 8.8393e-02 6.3192e-02 1.2293e-03 ] 5.4553e-01
 1.383e+01 4.5393e-01 4.5393e-01 [ 1.1693e-01 1.8305e-01 8.9064e-02 6.3660e-02 1.2382e-03 ] 5.4606e-01
 1.394e+01 4.5340e-01 4.5340e-01 [ 1.1452e-01 1.8377e-01 8.9733e-02 6.4127e-02 1.2470e-03 ] 5.4660e-01
 1.405e+01 4.5286e-01 4.5286e-01 [ 1.1214e-01 1.8447e-01 9.0401e-02 6.4595e-02 1.2559e-03 ] 5.4714e-01
 1.417e+01 4.5232e-01 4.5232e-01 [ 1.0978e-01 1.8514e-01 9.1068e-02 6.5062e-02 1.2648e-03 ] 5.4768e-01
 1.428e+01 4.5177e-01 4.5177e-01 [ 1.0745e-01 1.8579e-01 9.1734e-02 6.5530e-02 1.2737e-03 ] 5.4823e-01
 1.439e+01 4.5122e-01 4.5122e-01 [ 1.0513e-01 1.8641e-01 9.2398e-02 6.5998e-02 1.2826e-03 ] 5.4878e-01
 1.451e+01 4.5066e-01 4.5066e-01 [ 1.0285e-01 1.8700e-01 9.3060e-02 6.6466e-02 1.2915e-03 ] 5.4934e-01
 1.462e+01 4.5010e-01 4.5010e-01 [ 1.0058e-01 1.8756e-01 9.3721e-02 6.6933e-02 1.3004e-03 ] 5.4990e-01
 1.473e+01 4.4953e-01 4.4953e-01 [ 9.8347e-02 1.8809e-01 9.4381e-02 6.7401e-02 1.3093e-03 ] 5.5047e-01
 1.485e+01 4.4896e-01 4.4896e-01 [ 9.6136e-02 1.8860e-01 9.5038e-02 6.7869e-02 1.3182e-03 ] 5.5104e-01
 1.496e+01 4.4838e-01 4.4838e-01 [ 9.3949e-02 1.8907e-01 9.5694e-02 6.8336e-02 1.3271e-03 ] 5.5162e-01
 1.507e+01 4.4780e-01 4.4780e-01 [ 9.1789e-02 1.8952e-01 9.6348e-02 6.8804e-02 1.3360e-03 ] 5.5220e-01
 1.519e+01 4.4721e-01 4.4721e-01 [ 8.9654e-02 1.8994e-01 9.7000e-02 6.9271e-02 1.3449e-03 ] 5.5279e-01
 1.530e+01 4.4662e-01 4.4662e-01 [ 8.7546e-02 1.9033e-01 9.7650e-02 6.9738e-02 1.3538e-03 ] 5.5338e-01
 1.541e+01 4.4602e-01 4.4602e-01 [ 8.5465e-02 1.9069e-01 9.8297e-02 7.0205e-02 1.3627e-03 ] 5.5398e-01
 1.553e+01 4.4542e-01 4.4542e-01 [ 8.3410e-02 1.9102e-01 9.8943e-02 7.0672e-02 1.3716e-03 ] 5.5458e-01
 1.564e+01 4.4481e-01 4.4481e-01 [ 8.1383e-02 1.9132e-01 9.9586e-02 7.1138e-02 1.3805e-03 ] 5.5519e-01
 1.575e+01 4.4420e-01 4.4420e-01 [ 7.9382e-02 1.9160e-01 1.0023e-01 7.1604e-02 1.3893e-03 ] 5.5580e-01
 1.587e+01 4.4358e-01 4.4358e-01 [ 7.7409e-02 1.9184e-01 1.0087e-01 7.2069e-02 1.3982e-03 ] 5.5642e-01
 1.598e+01 4.4296e-01 4.4296e-01 [ 7.5464e-02 1.9205e-01 1.0150e-01 7.2535e-02 1.4071e-03 ] 5.5704e-01
 1.609e+01 4.4233e-01 4.4233e-01 [ 7.3546e-02 1.9223e-01 1.0213e-01 7.2999e-02 1.4160e-03 ] 5.5767e-01
 1.621e+01 4.4170e-01 4.4170e-01 [ 7.1656e-02 1.9239e-01 1.0276e-01 7.3464e-02 1.4248e-03 ] 5.5830e-01
 1.632e+01 4.4106e-01 4.4106e-01 [ 6.9795e-02 1.9251e-01 1.0339e-01 7.3928e-02 1.4337e-03 ] 5.5894e-01
 1.643e+01 4.4042e-01 4.4042e-01 [ 6.7961e-02 1.9260e-01 1.0402e-01 7.4391e-02 1.4425e-03 ] 5.5958e-01
 1.655e+01 4.3977e-01 4.3977e-01 [ 6.6156e-02 1.9267e-01 1.0464e-01 7.4854e-02 1.4514e-03 ] 5.6023e-01
 1.666e+01 4.3911e-01 4.3911e-01 [ 6.4379e-02 1.9270e-01 1.0526e-01 7.5317e-02 1.4602e-03 ] 5.6089e-01
 1.677e+01 4.3845e-01 4.3845e-01 [ 6.2630e-02 1.9270e-01 1.0587e-01 7.5778e-02 1.4690e-03 ] 5.6155e-01
 1.689e+01 4.3779e-01 4.3779e-01 [ 6.0910e-02 1.9267e-01 1.0649e-01 7.6240e-02 1.4778e-03 ] 5.6221e-01
 1.700e+01 4.3712e-01 4.3712e-01 [ 5.9219e-02 1.9262e-01 1.0710e-01 7.6700e-02 1.4867e-03 ] 5.6288e-01
 1.711e+01 4.3644e-01 4.3644e-01 [ 5.7556e-02 1.9253e-01 1.0770e-01 7.7160e-02 1.4954e-03 ] 5.6356e-01
 1.723e+01 4.3576e-01 4.3576e-01 [ 5.5922e-02 1.9241e-01 1.0830e-01 7.7619e-02 1.5042e-03 ] 5.6424e-01
 1.734e+01 4.3508e-01 4.3508e-01 [ 5.4317e-02 1.9227e-01 1.0890e-01 7.8078e-02 1.5130e-03 ] 5.6492e-01
 1.745e+01 4.3438e-01 4.3438e-01 [ 5.2740e-02 1.9209e-01 1.0950e-01 7.8535e-02 1.5218e-03 ] 5.6562e-01
 1.757e+01 4.3369e-01 4.3369e-01 [ 5.1192e-02 1.9188e-01 1.1009e-01 7.8992e-02 1.5305e-03 ] 5.6631e-01
 1.768e+01 4.3298e-01 4.3298e-01 [ 4.9673e-02 1.9165e-01 1.1068e-01 7.9448e-02 1.5392e-03 ] 5.6702e-01
 1.779e+01 4.3228e-01 4.3228e-01 [ 4.8182e-02 1.9138e-01 1.1126e-01 7.9903e-02 1.5479e-03 ] 5.6772e-01
 1.791e+01 4.3156e-01 4.3156e-01 [ 4.6720e-02 1.9109e-01 1.1184e-01 8.0358e-02 1.5566e-03 ] 5.6844e-01
 1.802e+01 4.3084e-01 4.3084e-01 [ 4.5287e-02 1.9076e-01 1.1241e-01 8.0811e-02 1.5653e-03 ] 5.6916e-01
 1.813e+01 4.3012e-01 4.3012e-01 [ 4.3882e-02 1.9041e-01 1.1299e-01 8.1263e-02 1.5740e-03 ] 5.6988e-01
 1.825e+01 4.2939e-01 4.2939e-01 [ 4.2506e-02 1.9003e-01 1.1355e-01 8.1714e-02 1.5826e-03 ] 5.7061e-01
 1.836e+01 4.2865e-01 4.2865e-01 [ 4.1158e-02 1.8962e-01 1.1412e-01 8.2165e-02 1.5913e-03 ] 5.7135e-01
 1.847e+01 4.2791e-01 4.2791e-01 [ 3.9838e-02 1.8918e-01 1.1467e-01 8.2614e-02 1.5999e-03 ] 5.7209e-01
 1.859e+01 4.2716e-01 4.2716e-01 [ 3.8546e-02 1.8872e-01 1.1523e-01 8.3062e-02 1.6085e-03 ] 5.7284e-01
 1.870e+01 4.2641e-01 4.2641e-01 [ 3.7282e-02 1.8822e-01 1.1577e-01 8.3509e-02 1.6171e-03 ] 5.7359e-01
 1.881e+01 4.2565e-01 4.2565e-01 [ 3.6047e-02 1.8770e-01 1.1632e-01 8.3954e-02 1.6256e-03 ] 5.7435e-01
 1.893e+01 4.2488e-01 4.2488e-01 [ 3.4838e-02 1.8715e-01 1.1686e-01 8.4399e-02 1.6342e-03 ] 5.7512e-01
 1.904e+01 4.2411e-01 4.2411e-01 [ 3.3658e-02 1.8658e-01 1.1739e-01 8.4842e-02 1.6427e-03 ] 5.7589e-01
 1.915e+01 4.2333e-01 4.2333e-01 [ 3.2505e-02 1.8597e-01 1.1792e-01 8.5283e-02 1.6512e-03 ] 5.7667e-01
 1.927e+01 4.2255e-01 4.2255e-01 [ 3.1379e-02 1.8534e-01 1.1844e-01 8.5724e-02 1.6596e-03 ] 5.7745e-01
 1.938e+01 4.2176e-01 4.2176e-01 [ 3.0280e-02 1.8469e-01 1.1896e-01 8.6163e-02 1.6681e-03 ] 5.7824e-01
 1.949e+01 4.2096e-01 4.2096e-01 [ 2.9207e-02 1.8401e-01 1.1947e-01 8.6600e-02 1.6765e-03 ] 5.7904e-01
 1.961e+01 4.2016e-01 4.2016e-01 [ 2.8162e-02 1.8330e-01 1.1998e-01 8.7036e-02 1.6849e-03 ] 5.7984e-01
 1.972e+01 4.1935e-01 4.1935e-01 [ 2.7142e-02 1.8257e-01 1.2048e-01 8.7471e-02 1.6933e-03 ] 5.8064e-01
 1.983e+01 4.1854e-01 4.1854e-01 [ 2.6149e-02 1.8181e-01 1.2098e-01 8.7904e-02 1.7016e-03 ] 5.8146e-01
 1.995e+01 4.1772e-01 4.1772e-01 [ 2.5181e-02 1.8103e-01 1.2147e-01 8.8335e-02 1.7099e-03 ] 5.8228e-01
 2.006e+01 4.1689e-01 4.1689e-01 [ 2.4240e-02 1.8022e-01 1.2195e-01 8.8764e-02 1.7182e-03 ] 5.8310e-01
 2.017e+01 4.1606e-01 4.1606e-01 [ 2.3323e-02 1.7939e-01 1.2243e-01 8.9192e-02 1.7264e-03 ] 5.8394e-01
 2.029e+01 4.1522e-01 4.1522e-01 [ 2.2431e-02 1.7854e-01 1.2290e-01 8.9618e-02 1.7347e-03 ] 5.8478e-01
 2.040e+01 4.1438e-01 4.1438e-01 [ 2.1564e-02 1.7767e-01 1.2336e-01 9.0043e-02 1.7429e-03 ] 5.8562e-01
 2.051e+01 4.1353e-01 4.1353e-01 [ 2.0722e-02 1.7677e-01 1.2382e-01 9.0465e-02 1.7510e-03 ] 5.8647e-01
 2.063e+01 4.1267e-01 4.1267e-01 [ 1.9903e-02 1.7585e-01 1.2427e-01 9.0886e-02 1.7592e-03 ] 5.8733e-01
 2.074e+01 4.1181e-01 4.1181e-01 [ 1.9109e-02 1.7491e-01 1.2472e-01 9.1305e-02 1.7673e-03 ] 5.8819e-01
 2.085e+01 4.1094e-01 4.1094e-01 [ 1.8337e-02 1.7395e-01 1.2516e-01 9.1722e-02 1.7753e-03 ] 5.8906e-01
 2.097e+01 4.1006e-01 4.1006e-01 [ 1.7589e-02 1.7296e-01 1.2559e-01 9.2136e-02 1.7833e-03 ] 5.8994e-01
 2.108e+01 4.0918e-01 4.0918e-01 [ 1.6864e-02 1.7196e-01 1.2601e-01 9.2549e-02 1.7913e-03 ] 5.9082e-01
 2.119e+01 4.0829e-01 4.0829e-01 [ 1.6161e-02 1.7094e-01 1.2643e-01 9.2960e-02 1.7993e-03 ] 5.9171e-01
 2.131e+01 4.0739e-01 4.0739e-01 [ 1.5480e-02 1.6990e-01 1.2684e-01 9.3368e-02 1.8072e-03 ] 5.9260e-01
 2.142e+01 4.0649e-01 4.0649e-01 [ 1.4820e-02 1.6884e-01 1.2725e-01 9.3774e-02 1.8151e-03 ] 5.9351e-01
 2.153e+01 4.0558e-01 4.0558e-01 [ 1.4182e-02 1.6776e-01 1.2764e-01 9.4178e-02 1.8229e-03 ] 5.9441e-01
 2.165e+01 4.0467e-01 4.0467e-01 [ 1.3565e-02 1.6666e-01 1.2803e-01 9.4580e-02 1.8307e-03 ] 5.9533e-01
 2.176e+01 4.0375e-01 4.0375e-01 [ 1.2969e-02 1.6555e-01 1.2841e-01 9.4979e-02 1.8385e-03 ] 5.9625e-01
 2.187e+01 4.0282e-01 4.0282e-01 [ 1.2392e-02 1.6442e-01 1.2879e-01 9.5376e-02 1.8462e-03 ] 5.9718e-01
 2.199e+01 4.0188e-01 4.0188e-01 [ 1.1836e-02 1.6327e-01 1.2915e-01 9.5770e-02 1.8539e-03 ] 5.9812e-01
 2.210e+01 4.0094e-01 4.0094e-01 [ 1.1299e-02 1.6211e-01 1.2951e-01 9.6162e-02 1.8615e-03 ] 5.9906e-01
 2.221e+01 3.9999e-01 3.9999e-01 [ 1.0780e-02 1.6093e-01 1.2986e-01 9.6551e-02 1.8691e-03 ] 6.0000e-01
 2.233e+01 3.9904e-01 3.9904e-01 [ 1.0280e-02 1.5974e-01 1.3020e-01 9.6938e-02 1.8766e-03 ] 6.0096e-01
 2.244e+01 3.9808e-01 3.9808e-01 [ 9.7989e-03 1.5853e-01 1.3054e-01 9.7322e-02 1.8841e-03 ] 6.0192e-01
 2.255e+01 3.9711e-01 3.9711e-01 [ 9.3350e-03 1.5732e-01 1.3086e-01 9.7703e-02 1.8916e-03 ] 6.0289e-01
 2.267e+01 3.9614e-01 3.9614e-01 [ 8.8885e-03 1.5608e-01 1.3118e-01 9.8082e-02 1.8990e-03 ] 6.0386e-01
 2.278e+01 3.9515e-01 3.9515e-01 [ 8.4589e-03 1.5484e-01 1.3149e-01 9.8457e-02 1.9063e-03 ] 6.0485e-01
 2.289e+01 3.9416e-01 3.9416e-01 [ 8.0458e-03 1.5358e-01 1.3179e-01 9.8830e-02 1.9136e-03 ] 6.0583e-01
 2.301e+01 3.9317e-01 3.9317e-01 [ 7.6488e-03 1.5231e-01 1.3208e-01 9.9200e-02 1.9209e-03 ] 6.0683e-01
 2.312e+01 3.9217e-01 3.9217e-01 [ 7.2675e-03 1.5104e-01 1.3237e-01 9.9567e-02 1.9281e-03 ] 6.0783e-01
 2.323e+01 3.9116e-01 3.9116e-01 [ 6.9014e-03 1.4975e-01 1.3264e-01 9.9930e-02 1.9352e-03 ] 6.0884e-01
 2.335e+01 3.9014e-01 3.9014e-01 [ 6.5503e-03 1.4845e-01 1.3291e-01 1.0029e-01 1.9423e-03 ] 6.0986e-01
 2.346e+01 3.8912e-01 3.8912e-01 [ 6.2136e-03 1.4714e-01 1.3317e-01 1.0065e-01 1.9494e-03 ] 6.1088e-01
 2.357e+01 3.8809e-01 3.8809e-01 [ 5.8909e-03 1.4582e-01 1.3341e-01 1.0100e-01 1.9563e-03 ] 6.1191e-01
 2.369e+01 3.8705e-01 3.8705e-01 [ 5.5819e-03 1.4450e-01 1.3365e-01 1.0135e-01 1.9633e-03 ] 6.1295e-01
 2.380e+01 3.8601e-01 3.8601e-01 [ 5.2861e-03 1.4317e-01 1.3388e-01 1.0170e-01 1.9701e-03 ] 6.1399e-01
 2.391e+01 3.8496e-01 3.8496e-01 [ 5.0032e-03 1.4183e-01 1.3410e-01 1.0204e-01 1.9769e-03 ] 6.1504e-01
 2.403e+01 3.8390e-01 3.8390e-01 [ 4.7328e-03 1.4048e-01 1.3432e-01 1.0238e-01 1.9837e-03 ] 6.1610e-01
 2.414e+01 3.8283e-01 3.8283e-01 [ 4.4743e-03 1.3913e-01 1.3452e-01 1.0272e-01 1.9904e-03 ] 6.1717e-01
 2.425e+01 3.8176e-01 3.8176e-01 [ 4.2276e-03 1.3777e-01 1.3471e-01 1.0306e-01 1.9970e-03 ] 6.1824e-01
 2.437e+01 3.8068e-01 3.8068e-01 [ 3.9922e-03 1.3641e-01 1.3489e-01 1.0339e-01 2.0036e-03 ] 6.1932e-01
 2.448e+01 3.7960e-01 3.7960e-01 [ 3.7676e-03 1.3504e-01 1.3507e-01 1.0371e-01 2.0101e-03 ] 6.2040e-01
 2.459e+01 3.7851e-01 3.7851e-01 [ 3.5537e-03 1.3367e-01 1.3523e-01 1.0403e-01 2.0165e-03 ] 6.2149e-01
 2.471e+01 3.7741e-01 3.7741e-01 [ 3.3499e-03 1.3229e-01 1.3539e-01 1.0435e-01 2.0228e-03 ] 6.2259e-01
 2.482e+01 3.7630e-01 3.7630e-01 [ 3.1559e-03 1.3092e-01 1.3553e-01 1.0467e-01 2.0291e-03 ] 6.2370e-01
 2.493e+01 3.7519e-01 3.7519e-01 [ 2.9713e-03 1.2953e-01 1.3567e-01 1.0498e-01 2.0354e-03 ] 6.2481e-01
 2.505e+01 3.7406e-01 3.7406e-01 [ 2.7959e-03 1.2815e-01 1.3579e-01 1.0528e-01 2.0415e-03 ] 6.2593e-01
 2.516e+01 3.7294e-01 3.7294e-01 [ 2.6292e-03 1.2677e-01 1.3591e-01 1.0559e-01 2.0476e-03 ] 6.2706e-01
 2.527e+01 3.7180e-01 3.7180e-01 [ 2.4710e-03 1.2538e-01 1.3601e-01 1.0588e-01 2.0536e-03 ] 6.2820e-01
 2.539e+01 3.7066e-01 3.7066e-01 [ 2.3208e-03 1.2399e-01 1.3611e-01 1.0618e-01 2.0596e-03 ] 6.2934e-01
 2.550e+01 3.6951e-01 3.6951e-01 [ 2.1785e-03 1.2260e-01 1.3619e-01 1.0647e-01 2.0655e-03 ] 6.3049e-01
 2.561e+01 3.6835e-01 3.6835e-01 [ 2.0436e-03 1.2122e-01 1.3627e-01 1.0675e-01 2.0712e-03 ] 6.3164e-01
 2.573e+01 3.6719e-01 3.6719e-01 [ 1.9158e-03 1.1983e-01 1.3634e-01 1.0703e-01 2.0770e-03 ] 6.3281e-01
 2.584e+01 3.6602e-01 3.6602e-01 [ 1.7950e-03 1.1844e-01 1.3639e-01 1.0731e-01 2.0826e-03 ] 6.3398e-01
 2.595e+01 3.6484e-01 3.6484e-01 [ 1.6807e-03 1.1705e-01 1.3644e-01 1.0758e-01 2.0882e-03 ] 6.3516e-01
 2.607e+01 3.6366e-01 3.6366e-01 [ 1.5726e-03 1.1567e-01 1.3647e-01 1.0785e-01 2.0937e-03 ] 6.3634e-01
 2.618e+01 3.6247e-01 3.6247e-01 [ 1.4706e-03 1.1429e-01 1.3650e-01 1.0811e-01 2.0991e-03 ] 6.3753e-01
 2.629e+01 3.6127e-01 3.6127e-01 [ 1.3743e-03 1.1291e-01 1.3651e-01 1.0837e-01 2.1044e-03 ] 6.3873e-01
 2.641e+01 3.6006e-01 3.6006e-01 [ 1.2835e-03 1.1153e-01 1.3652e-01 1.0862e-01 2.1096e-03 ] 6.3994e-01
 2.652e+01 3.5885e-01 3.5885e-01 [ 1.1980e-03 1.1015e-01 1.3651e-01 1.0887e-01 2.1148e-03 ] 6.4115e-01
 2.663e+01 3.5763e-01 3.5763e-01 [ 1.1174e-03 1.0878e-01 1.3649e-01 1.0912e-01 2.1198e-03 ] 6.4237e-01
 2.675e+01 3.5640e-01 3.5640e-01 [ 1.0415e-03 1.0741e-01 1.3647e-01 1.0935e-01 2.1248e-03 ] 6.4360e-01
 2.686e+01 3.5516e-01 3.5516e-01 [ 9.7018e-04 1.0605e-01 1.3643e-01 1.0959e-01 2.1297e-03 ] 6.4484e-01
 2.697e+01 3.5392e-01 3.5392e-01 [ 9.0313e-04 1.0469e-01 1.3638e-01 1.0982e-01 2.1345e-03 ] 6.4608e-01
 2.709e+01 3.5267e-01 3.5267e-01 [ 8.4016e-04 1.0333e-01 1.3633e-01 1.1004e-01 2.1392e-03 ] 6.4733e-01
 2.720e+01 3.5142e-01 3.5142e-01 [ 7.8106e-04 1.0198e-01 1.3626e-01 1.1026e-01 2.1438e-03 ] 6.4858e-01
 2.731e+01 3.5016e-01 3.5016e-01 [ 7.2563e-04 1.0063e-01 1.3618e-01 1.1047e-01 2.1484e-03 ] 6.4984e-01
 2.743e+01 3.4889e-01 3.4889e-01 [ 6.7369e-04 9.9289e-02 1.3610e-01 1.1067e-01 2.1528e-03 ] 6.5111e-01
 2.754e+01 3.4761e-01 3.4761e-01 [ 6.2504e-04 9.7953e-02 1.3600e-01 1.1088e-01 2.1572e-03 ] 6.5239e-01
 2.765e+01 3.4633e-01 3.4633e-01 [ 5.7951e-04 9.6623e-02 1.3589e-01 1.1107e-01 2.1614e-03 ] 6.5367e-01
 2.777e+01 3.4503e-01 3.4503e-01 [ 5.3693e-04 9.5298e-02 1.3577e-01 1.1126e-01 2.1656e-03 ] 6.5496e-01
 2.788e+01 3.4374e-01 3.4374e-01 [ 4.9715e-04 9.3980e-02 1.3564e-01 1.1145e-01 2.1696e-03 ] 6.5626e-01
 2.799e+01 3.4243e-01 3.4243e-01 [ 4.5999e-04 9.2668e-02 1.3551e-01 1.1163e-01 2.1736e-03 ] 6.5757e-01
 2.811e+01 3.4112e-01 3.4112e-01 [ 4.2532e-04 9.1363e-02 1.3536e-01 1.1180e-01 2.1774e-03 ] 6.5888e-01
 2.822e+01 3.3980e-01 3.3980e-01 [ 3.9299e-04 9.0065e-02 1.3520e-01 1.1197e-01 2.1812e-03 ] 6.6020e-01
 2.833e+01 3.3848e-01 3.3848e-01 [ 3.6287e-04 8.8774e-02 1.3503e-01 1.1213e-01 2.1848e-03 ] 6.6152e-01
 2.845e+01 3.3715e-01 3.3715e-01 [ 3.3482e-04 8.7490e-02 1.3485e-01 1.1228e-01 2.1884e-03 ] 6.6285e-01
 2.856e+01 3.3581e-01 3.3581e-01 [ 3.0873e-04 8.6213e-02 1.3466e-01 1.1243e-01 2.1918e-03 ] 6.6419e-01
 2.867e+01 3.3446e-01 3.3446e-01 [ 2.8447e-04 8.4944e-02 1.3446e-01 1.1258e-01 2.1952e-03 ] 6.6554e-01
 2.879e+01 3.3311e-01 3.3311e-01 [ 2.6193e-04 8.3682e-02 1.3426e-01 1.1271e-01 2.1984e-03 ] 6.6689e-01
 2.890e+01 3.3175e-01 3.3175e-01 [ 2.4100e-04 8.2429e-02 1.3404e-01 1.1285e-01 2.2016e-03 ] 6.6825e-01
 2.901e+01 3.3039e-01 3.3039e-01 [ 2.2159e-04 8.1183e-02 1.3381e-01 1.1297e-01 2.2046e-03 ] 6.6961e-01
 2.913e+01 3.2902e-01 3.2902e-01 [ 2.0360e-04 7.9946e-02 1.3357e-01 1.1309e-01 2.2075e-03 ] 6.7098e-01
 2.924e+01 3.2764e-01 3.2764e-01 [ 1.8694e-04 7.8717e-02 1.3332e-01 1.1320e-01 2.2103e-03 ] 6.7236e-01
 2.935e+01 3.2626e-01 3.2626e-01 [ 1.7152e-04 7.7496e-02 1.3307e-01 1.1331e-01 2.2130e-03 ] 6.7374e-01
 2.947e+01 3.2487e-01 3.2487e-01 [ 1.5725e-04 7.6284e-02 1.3280e-01 1.1341e-01 2.2156e-03 ] 6.7513e-01
 2.958e+01 3.2347e-01 3.2347e-01 [ 1.4407e-04 7.5081e-02 1.3253e-01 1.1350e-01 2.2180e-03 ] 6.7653e-01
 2.969e+01 3.2207e-01 3.2207e-01 [ 1.3190e-04 7.3886e-02 1.3224e-01 1.1359e-01 2.2204e-03 ] 6.7793e-01
 2.981e+01 3.2066e-01 3.2066e-01 [ 1.2067e-04 7.2701e-02 1.3195e-01 1.1367e-01 2.2226e-03 ] 6.7934e-01
 2.992e+01 3.1924e-01 3.1924e-01 [ 1.1031e-04 7.1524e-02 1.3164e-01 1.1374e-01 2.2248e-03 ] 6.8076e-01
 3.003e+01 3.1782e-01 3.1782e-01 [ 1.0077e-04 7.0356e-02 1.3133e-01 1.1381e-01 2.2268e-03 ] 6.8218e-01
 3.015e+01 3.1639e-01 3.1639e-01 [ 9.1989e-05 6.9198e-02 1.3101e-01 1.1387e-01 2.2287e-03 ] 6.8360e-01
 3.026e+01 3.1496e-01 3.1496e-01 [ 8.3910e-05 6.8049e-02 1.3067e-01 1.1392e-01 2.2304e-03 ] 6.8504e-01
 3.037e+01 3.1352e-01 3.1352e-01 [ 7.6484e-05 6.6909e-02 1.3033e-01 1.1397e-01 2.2321e-03 ] 6.8648e-01
 3.049e+01 3.1208e-01 3.1208e-01 [ 6.9663e-05 6.5779e-02 1.2998e-01 1.1401e-01 2.2336e-03 ] 6.8792e-01
 3.060e+01 3.1063e-01 3.1063e-01 [ 6.3404e-05 6.4658e-02 1.2963e-01 1.1404e-01 2.2350e-03 ] 6.8937e-01
 3.071e+01 3.0917e-01 3.0917e-01 [ 5.7664e-05 6.3547e-02 1.2926e-01 1.1407e-01 2.2363e-03 ] 6.9083e-01
 3.083e+01 3.0771e-01 3.0771e-01 [ 5.2405e-05 6.2446e-02 1.2888e-01 1.1409e-01 2.2375e-03 ] 6.9229e-01
 3.094e+01 3.0624e-01 3.0624e-01 [ 4.7590e-05 6.1354e-02 1.2850e-01 1.1410e-01 2.2386e-03 ] 6.9376e-01
 3.105e+01 3.0477e-01 3.0477e-01 [ 4.3184e-05 6.0272e-02 1.2810e-01 1.1411e-01 2.2395e-03 ] 6.9523e-01
 3.117e+01 3.0329e-01 3.0329e-01 [ 3.9158e-05 5.9200e-02 1.2770e-01 1.1411e-01 2.2403e-03 ] 6.9671e-01
 3.128e+01 3.0180e-01 3.0180e-01 [ 3.5479e-05 5.8138e-02 1.2729e-01 1.1410e-01 2.2410e-03 ] 6.9820e-01
 3.139e+01 3.0031e-01 3.0031e-01 [ 3.2122e-05 5.7086e-02 1.2687e-01 1.1408e-01 2.2415e-03 ] 6.9969e-01
 3.151e+01 2.9882e-01 2.9882e-01 [ 2.9061e-05 5.6044e-02 1.2645e-01 1.1406e-01 2.2420e-03 ] 7.0118e-01
 3.162e+01 2.9732e-01 2.9732e-01 [ 2.6271e-05 5.5012e-02 1.2601e-01 1.1403e-01 2.2423e-03 ] 7.0268e-01
 3.173e+01 2.9582e-01 2.9582e-01 [ 2.3731e-05 5.3990e-02 1.2557e-01 1.1399e-01 2.2424e-03 ] 7.0418e-01
 3.185e+01 2.9431e-01 2.9431e-01 [ 2.1420e-05 5.2978e-02 1.2512e-01 1.1395e-01 2.2425e-03 ] 7.0569e-01
 3.196e+01 2.9279e-01 2.9279e-01 [ 1.9319e-05 5.1977e-02 1.2466e-01 1.1390e-01 2.2424e-03 ] 7.0721e-01
 3.207e+01 2.9127e-01 2.9127e-01 [ 1.7411e-05 5.0986e-02 1.2419e-01 1.1384e-01 2.2422e-03 ] 7.0873e-01
 3.219e+01 2.8975e-01 2.8975e-01 [ 1.5680e-05 5.0005e-02 1.2371e-01 1.1377e-01 2.2419e-03 ] 7.1025e-01
 3.230e+01 2.8822e-01 2.8822e-01 [ 1.4109e-05 4.9034e-02 1.2323e-01 1.1370e-01 2.2414e-03 ] 7.1178e-01
 3.241e+01 2.8669e-01 2.8669e-01 [ 1.2686e-05 4.8074e-02 1.2274e-01 1.1362e-01 2.2408e-03 ] 7.1331e-01
 3.253e+01 2.8516e-01 2.8516e-01 [ 1.1398e-05 4.7124e-02 1.2224e-01 1.1354e-01 2.2401e-03 ] 7.1484e-01
 3.264e+01 2.8362e-01 2.8362e-01 [ 1.0233e-05 4.6184e-02 1.2174e-01 1.1344e-01 2.2393e-03 ] 7.1638e-01
 3.275e+01 2.8207e-01 2.8207e-01 [ 9.1794e-06 4.5256e-02 1.2123e-01 1.1334e-01 2.2383e-03 ] 7.1793e-01
 3.287e+01 2.8052e-01 2.8052e-01 [ 8.2280e-06 4.4337e-02 1.2071e-01 1.1323e-01 2.2372e-03 ] 7.1948e-01
 3.298e+01 2.7897e-01 2.7897e-01 [ 7.3694e-06 4.3429e-02 1.2018e-01 1.1312e-01 2.2360e-03 ] 7.2103e-01
 3.309e+01 2.7742e-01 2.7742e-01 [ 6.5953e-06 4.2532e-02 1.1965e-01 1.1300e-01 2.2346e-03 ] 7.2258e-01
 3.321e+01 2.7586e-01 2.7586e-01 [ 5.8978e-06 4.1645e-02 1.1911e-01 1.1287e-01 2.2332e-03 ] 7.2414e-01
 3.332e+01 2.7430e-01 2.7430e-01 [ 5.2699e-06 4.0769e-02 1.1856e-01 1.1274e-01 2.2316e-03 ] 7.2570e-01
 3.343e+01 2.7274e-01 2.7274e-01 [ 4.7051e-06 3.9903e-02 1.1800e-01 1.1259e-01 2.2298e-03 ] 7.2726e-01
 3.355e+01 2.7117e-01 2.7117e-01 [ 4.1976e-06 3.9048e-02 1.1744e-01 1.1245e-01 2.2280e-03 ] 7.2883e-01
 3.366e+01 2.6960e-01 2.6960e-01 [ 3.7418e-06 3.8204e-02 1.1687e-01 1.1229e-01 2.2260e-03 ] 7.3040e-01
 3.377e+01 2.6803e-01 2.6803e-01 [ 3.3328e-06 3.7370e-02 1.1630e-01 1.1213e-01 2.2239e-03 ] 7.3197e-01
 3.389e+01 2.6645e-01 2.6645e-01 [ 2.9662e-06 3.6547e-02 1.1572e-01 1.1196e-01 2.2217e-03 ] 7.3355e-01
 3.400e+01 2.6487e-01 2.6487e-01 [ 2.6378e-06 3.5735e-02 1.1513e-01 1.1178e-01 2.2193e-03 ] 7.3513e-01
 3.411e+01 2.6329e-01 2.6329e-01 [ 2.3439e-06 3.4933e-02 1.1454e-01 1.1160e-01 2.2168e-03 ] 7.3671e-01
 3.423e+01 2.6171e-01 2.6171e-01 [ 2.0811e-06 3.4142e-02 1.1394e-01 1.1141e-01 2.2142e-03 ] 7.3829e-01
 3.434e+01 2.6012e-01 2.6012e-01 [ 1.8462e-06 3.3361e-02 1.1333e-01 1.1122e-01 2.2115e-03 ] 7.3988e-01
 3.445e+01 2.5854e-01 2.5854e-01 [ 1.6366e-06 3.2592e-02 1.1272e-01 1.1102e-01 2.2086e-03 ] 7.4146e-01
 3.457e+01 2.5695e-01 2.5695e-01 [ 1.4495e-06 3.1833e-02 1.1210e-01 1.1081e-01 2.2057e-03 ] 7.4305e-01
 3.468e+01 2.5536e-01 2.5536e-01 [ 1.2828e-06 3.1084e-02 1.1148e-01 1.1059e-01 2.2026e-03 ] 7.4464e-01
 3.479e+01 2.5377e-01 2.5377e-01 [ 1.1344e-06 3.0347e-02 1.1085e-01 1.1037e-01 2.1994e-03 ] 7.4623e-01
 3.491e+01 2.5218e-01 2.5218e-01 [ 1.0023e-06 2.9620e-02 1.1021e-01 1.1015e-01 2.1961e-03 ] 7.4782e-01
 3.502e+01 2.5059e-01 2.5059e-01 [ 8.8491e-07 2.8904e-02 1.0957e-01 1.0992e-01 2.1927e-03 ] 7.4941e-01
 3.513e+01 2.4899e-01 2.4899e-01 [ 7.8060e-07 2.8198e-02 1.0893e-01 1.0968e-01 2.1891e-03 ] 7.5101e-01
 3.525e+01 2.4740e-01 2.4740e-01 [ 6.8804e-07 2.7504e-02 1.0827e-01 1.0943e-01 2.1855e-03 ] 7.5260e-01
 3.536e+01 2.4580e-01 2.4580e-01 [ 6.0595e-07 2.6820e-02 1.0762e-01 1.0919e-01 2.1817e-03 ] 7.5419e-01
 3.547e+01 2.4421e-01 2.4421e-01 [ 5.3322e-07 2.6146e-02 1.0696e-01 1.0893e-01 2.1778e-03 ] 7.5579e-01
 3.559e+01 2.4262e-01 2.4262e-01 [ 4.6883e-07 2.5483e-02 1.0629e-01 1.0867e-01 2.1738e-03 ] 7.5738e-01
 3.570e+01 2.4102e-01 2.4102e-01 [ 4.1188e-07 2.4831e-02 1.0562e-01 1.0841e-01 2.1697e-03 ] 7.5898e-01
 3.581e+01 2.3943e-01 2.3943e-01 [ 3.6155e-07 2.4190e-02 1.0494e-01 1.0814e-01 2.1656e-03 ] 7.6057e-01
 3.593e+01 2.3784e-01 2.3784e-01 [ 3.1711e-07 2.3559e-02 1.0426e-01 1.0786e-01 2.1613e-03 ] 7.6216e-01
 3.604e+01 2.3625e-01 2.3625e-01 [ 2.7790e-07 2.2938e-02 1.0357e-01 1.0758e-01 2.1569e-03 ] 7.6375e-01
 3.615e+01 2.3466e-01 2.3466e-01 [ 2.4334e-07 2.2328e-02 1.0288e-01 1.0730e-01 2.1524e-03 ] 7.6534e-01
 3.627e+01 2.3307e-01 2.3307e-01 [ 2.1290e-07 2.1729e-02 1.0218e-01 1.0701e-01 2.1478e-03 ] 7.6693e-01
 3.638e+01 2.3148e-01 2.3148e-01 [ 1.8611e-07 2.1140e-02 1.0148e-01 1.0672e-01 2.1431e-03 ] 7.6852e-01
 3.649e+01 2.2989e-01 2.2989e-01 [ 1.6256e-07 2.0562e-02 1.0077e-01 1.0642e-01 2.1384e-03 ] 7.7011e-01
 3.661e+01 2.2831e-01 2.2831e-01 [ 1.4187e-07 1.9994e-02 1.0006e-01 1.0612e-01 2.1335e-03 ] 7.7169e-01
 3.672e+01 2.2673e-01 2.2673e-01 [ 1.2371e-07 1.9436e-02 9.9349e-02 1.0581e-01 2.1286e-03 ] 7.7327e-01
 3.683e+01 2.2515e-01 2.2515e-01 [ 1.0779e-07 1.8889e-02 9.8631e-02 1.0550e-01 2.1236e-03 ] 7.7485e-01
 3.695e+01 2.2357e-01 2.2357e-01 [ 9.3832e-08 1.8352e-02 9.7909e-02 1.0519e-01 2.1185e-03 ] 7.7643e-01
 3.706e+01 2.2200e-01 2.2200e-01 [ 8.1615e-08 1.7825e-02 9.7183e-02 1.0488e-01 2.1133e-03 ] 7.7800e-01
 3.717e+01 2.2042e-01 2.2042e-01 [ 7.0930e-08 1.7308e-02 9.6452e-02 1.0456e-01 2.1081e-03 ] 7.7957e-01
 3.729e+01 2.1886e-01 2.1886e-01 [ 6.1592e-08 1.6802e-02 9.5718e-02 1.0423e-01 2.1027e-03 ] 7.8114e-01
 3.740e+01 2.1729e-01 2.1729e-01 [ 5.3438e-08 1.6305e-02 9.4981e-02 1.0391e-01 2.0974e-03 ] 7.8271e-01
 3.751e+01 2.1573e-01 2.1573e-01 [ 4.6324e-08 1.5819e-02 9.4239e-02 1.0358e-01 2.0919e-03 ] 7.8427e-01
 3.763e+01 2.1417e-01 2.1417e-01 [ 4.0124e-08 1.5343e-02 9.3495e-02 1.0325e-01 2.0864e-03 ] 7.8583e-01
 3.774e+01 2.1262e-01 2.1262e-01 [ 3.4724e-08 1.4876e-02 9.2747e-02 1.0292e-01 2.0808e-03 ] 7.8738e-01
 3.785e+01 2.1107e-01 2.1107e-01 [ 3.0025e-08 1.4419e-02 9.1995e-02 1.0258e-01 2.0752e-03 ] 7.8893e-01
 3.797e+01 2.0953e-01 2.0953e-01 [ 2.5940e-08 1.3972e-02 9.1241e-02 1.0225e-01 2.0695e-03 ] 7.9047e-01
 3.808e+01 2.0799e-01 2.0799e-01 [ 2.2392e-08 1.3535e-02 9.0483e-02 1.0191e-01 2.0637e-03 ] 7.9201e-01
 3.819e+01 2.0645e-01 2.0645e-01 [ 1.9312e-08 1.3107e-02 8.9722e-02 1.0157e-01 2.0579e-03 ] 7.9355e-01
 3.831e+01 2.0492e-01 2.0492e-01 [ 1.6642e-08 1.2689e-02 8.8959e-02 1.0123e-01 2.0521e-03 ] 7.9507e-01
 3.842e+01 2.0340e-01 2.0340e-01 [ 1.4329e-08 1.2280e-02 8.8192e-02 1.0088e-01 2.0462e-03 ] 7.9660e-01
 3.853e+01 2.0188e-01 2.0188e-01 [ 1.2327e-08 1.1881e-02 8.7423e-02 1.0054e-01 2.0403e-03 ] 7.9812e-01
 3.865e+01 2.0037e-01 2.0037e-01 [ 1.0595e-08 1.1491e-02 8.6651e-02 1.0019e-01 2.0343e-03 ] 7.9963e-01
 3.876e+01 1.9886e-01 1.9886e-01 [ 9.0989e-09 1.1110e-02 8.5876e-02 9.9845e-02 2.0284e-03 ] 8.0114e-01
 3.887e+01 1.9736e-01 1.9736e-01 [ 7.8073e-09 1.0738e-02 8.5100e-02 9.9498e-02 2.0223e-03 ] 8.0264e-01
 3.899e+01 1.9586e-01 1.9586e-01 [ 6.6932e-09 1.0375e-02 8.4320e-02 9.9150e-02 2.0163e-03 ] 8.0414e-01
 3.910e+01 1.9437e-01 1.9437e-01 [ 5.7332e-09 1.0021e-02 8.3539e-02 9.8801e-02 2.0102e-03 ] 8.0563e-01
 3.921e+01 1.9289e-01 1.9289e-01 [ 4.9066e-09 9.6760e-03 8.2755e-02 9.8453e-02 2.0041e-03 ] 8.0711e-01
 3.933e+01 1.9141e-01 1.9141e-01 [ 4.1956e-09 9.3395e-03 8.1969e-02 9.8104e-02 1.9980e-03 ] 8.0859e-01
 3.944e+01 1.8994e-01 1.8994e-01 [ 3.5844e-09 9.0116e-03 8.1181e-02 9.7754e-02 1.9918e-03 ] 8.1006e-01
 3.955e+01 1.8847e-01 1.8847e-01 [ 3.0597e-09 8.6922e-03 8.0392e-02 9.7405e-02 1.9857e-03 ] 8.1153e-01
 3.967e+01 1.8702e-01 1.8702e-01 [ 2.6094e-09 8.3812e-03 7.9600e-02 9.7056e-02 1.9795e-03 ] 8.1298e-01
 3.978e+01 1.8557e-01 1.8557e-01 [ 2.2235e-09 8.0784e-03 7.8807e-02 9.6707e-02 1.9733e-03 ] 8.1443e-01
 3.989e+01 1.8412e-01 1.8412e-01 [ 1.8930e-09 7.7838e-03 7.8012e-02 9.6358e-02 1.9671e-03 ] 8.1588e-01
 4.001e+01 1.8268e-01 1.8268e-01 [ 1.6102e-09 7.4972e-03 7.7215e-02 9.6009e-02 1.9609e-03 ] 8.1732e-01
 4.012e+01 1.8125e-01 1.8125e-01 [ 1.3685e-09 7.2186e-03 7.6417e-02 9.5661e-02 1.9547e-03 ] 8.1875e-01
 4.023e+01 1.7983e-01 1.7983e-01 [ 1.1620e-09 6.9478e-03 7.5618e-02 9.5313e-02 1.9485e-03 ] 8.2017e-01
 4.035e+01 1.7841e-01 1.7841e-01 [ 9.8581e-10 6.6846e-03 7.4817e-02 9.4965e-02 1.9423e-03 ] 8.2159e-01
 4.046e+01 1.7700e-01 1.7700e-01 [ 8.3560e-10 6.4290e-03 7.4016e-02 9.4618e-02 1.9361e-03 ] 8.2300e-01
 4.057e+01 1.7559e-01 1.7559e-01 [ 7.0764e-10 6.1809e-03 7.3213e-02 9.4271e-02 1.9298e-03 ] 8.2441e-01
 4.069e+01 1.7420e-01 1.7420e-01 [ 5.9875e-10 5.9400e-03 7.2409e-02 9.3925e-02 1.9236e-03 ] 8.2580e-01
 4.080e+01 1.7281e-01 1.7281e-01 [ 5.0617e-10 5.7064e-03 7.1604e-02 9.3579e-02 1.9174e-03 ] 8.2719e-01
 4.091e+01 1.7142e-01 1.7142e-01 [ 4.2752e-10 5.4798e-03 7.0798e-02 9.3234e-02 1.9112e-03 ] 8.2858e-01
 4.103e+01 1.7005e-01 1.7005e-01 [ 3.6077e-10 5.2602e-03 6.9991e-02 9.2889e-02 1.9050e-03 ] 8.2995e-01
 4.114e+01 1.6867e-01 1.6867e-01 [ 3.0417e-10 5.0474e-03 6.9184e-02 9.2544e-02 1.8987e-03 ] 8.3133e-01
 4.125e+01 1.6731e-01 1.6731e-01 [ 2.5622e-10 4.8412e-03 6.8376e-02 9.2200e-02 1.8925e-03 ] 8.3269e-01
 4.137e+01 1.6595e-01 1.6595e-01 [ 2.1563e-10 4.6417e-03 6.7568e-02 9.1856e-02 1.8863e-03 ] 8.3405e-01
 4.148e+01 1.6460e-01 1.6460e-01 [ 1.8131e-10 4.4485e-03 6.6759e-02 9.1512e-02 1.8801e-03 ] 8.3540e-01
 4.159e+01 1.6325e-01 1.6325e-01 [ 1.5232e-10 4.2617e-03 6.5950e-02 9.1168e-02 1.8739e-03 ] 8.3675e-01
 4.171e+01 1.6191e-01 1.6191e-01 [ 1.2784e-10 4.0810e-03 6.5141e-02 9.0824e-02 1.8676e-03 ] 8.3809e-01
 4.182e+01 1.6058e-01 1.6058e-01 [ 1.0721e-10 3.9064e-03 6.4332e-02 9.0480e-02 1.8614e-03 ] 8.3942e-01
 4.193e+01 1.5925e-01 1.5925e-01 [ 8.9818e-11 3.7376e-03 6.3522e-02 9.0136e-02 1.8552e-03 ] 8.4075e-01
 4.205e+01 1.5793e-01 1.5793e-01 [ 7.5182e-11 3.5747e-03 6.2713e-02 8.9791e-02 1.8490e-03 ] 8.4207e-01
 4.216e+01 1.5661e-01 1.5661e-01 [ 6.2874e-11 3.4174e-03 6.1903e-02 8.9445e-02 1.8427e-03 ] 8.4339e-01
 4.227e+01 1.5530e-01 1.5530e-01 [ 5.2532e-11 3.2656e-03 6.1094e-02 8.9099e-02 1.8365e-03 ] 8.4470e-01
 4.239e+01 1.5399e-01 1.5399e-01 [ 4.3852e-11 3.1192e-03 6.0285e-02 8.8752e-02 1.8302e-03 ] 8.4601e-01
 4.250e+01 1.5268e-01 1.5268e-01 [ 3.6572e-11 2.9781e-03 5.9477e-02 8.8403e-02 1.8240e-03 ] 8.4732e-01
 4.261e+01 1.5138e-01 1.5138e-01 [ 3.0473e-11 2.8421e-03 5.8669e-02 8.8054e-02 1.8177e-03 ] 8.4862e-01
 4.273e+01 1.5009e-01 1.5009e-01 [ 2.5367e-11 2.7111e-03 5.7862e-02 8.7703e-02 1.8114e-03 ] 8.4991e-01
 4.284e+01 1.4880e-01 1.4880e-01 [ 2.1098e-11 2.5850e-03 5.7056e-02 8.7350e-02 1.8051e-03 ] 8.5120e-01
 4.295e+01 1.4751e-01 1.4751e-01 [ 1.7531e-11 2.4636e-03 5.6250e-02 8.6995e-02 1.7988e-03 ] 8.5249e-01
 4.307e+01 1.4622e-01 1.4622e-01 [ 1.4553e-11 2.3469e-03 5.5445e-02 8.6638e-02 1.7924e-03 ] 8.5378e-01
 4.318e+01 1.4494e-01 1.4494e-01 [ 1.2070e-11 2.2346e-03 5.4642e-02 8.6278e-02 1.7860e-03 ] 8.5506e-01
 4.329e+01 1.4366e-01 1.4366e-01 [ 1.0001e-11 2.1268e-03 5.3839e-02 8.5916e-02 1.7796e-03 ] 8.5634e-01
 4.341e+01 1.4239e-01 1.4239e-01 [ 8.2795e-12 2.0232e-03 5.3038e-02 8.5551e-02 1.7731e-03 ] 8.5761e-01
 4.352e+01 1.4111e-01 1.4111e-01 [ 6.8477e-12 1.9238e-03 5.2239e-02 8.5183e-02 1.7666e-03 ] 8.5889e-01
 4.363e+01 1.3984e-01 1.3984e-01 [ 5.6582e-12 1.8283e-03 5.1440e-02 8.4811e-02 1.7601e-03 ] 8.6016e-01
 4.375e+01 1.3857e-01 1.3857e-01 [ 4.6709e-12 1.7368e-03 5.0644e-02 8.4435e-02 1.7535e-03 ] 8.6143e-01
 4.386e+01 1.3730e-01 1.3730e-01 [ 3.8523e-12 1.6491e-03 4.9849e-02 8.4056e-02 1.7468e-03 ] 8.6270e-01
 4.397e+01 1.3603e-01 1.3603e-01 [ 3.1741e-12 1.5650e-03 4.9057e-02 8.3672e-02 1.7401e-03 ] 8.6397e-01
 4.409e+01 1.3477e-01 1.3477e-01 [ 2.6129e-12 1.4845e-03 4.8266e-02 8.3284e-02 1.7334e-03 ] 8.6523e-01
 4.420e+01 1.3350e-01 1.3350e-01 [ 2.1488e-12 1.4074e-03 4.7477e-02 8.2890e-02 1.7266e-03 ] 8.6650e-01
 4.431e+01 1.3224e-01 1.3224e-01 [ 1.7655e-12 1.3337e-03 4.6691e-02 8.2492e-02 1.7197e-03 ] 8.6776e-01
 4.443e+01 1.3097e-01 1.3097e-01 [ 1.4492e-12 1.2632e-03 4.5908e-02 8.2089e-02 1.7127e-03 ] 8.6903e-01
 4.454e+01 1.2971e-01 1.2971e-01 [ 1.1885e-12 1.1958e-03 4.5126e-02 8.1679e-02 1.7057e-03 ] 8.7029e-01
 4.465e+01 1.2844e-01 1.2844e-01 [ 9.7368e-13 1.1314e-03 4.4348e-02 8.1264e-02 1.6985e-03 ] 8.7156e-01
 4.477e+01 1.2718e-01 1.2718e-01 [ 7.9696e-13 1.0700e-03 4.3573e-02 8.0843e-02 1.6913e-03 ] 8.7282e-01
 4.488e+01 1.2591e-01 1.2591e-01 [ 6.5169e-13 1.0114e-03 4.2801e-02 8.0415e-02 1.6840e-03 ] 8.7409e-01
 4.499e+01 1.2465e-01 1.2465e-01 [ 5.3238e-13 9.5544e-04 4.2032e-02 7.9981e-02 1.6767e-03 ] 8.7535e-01
 4.511e+01 1.2338e-01 1.2338e-01 [ 4.3450e-13 9.0214e-04 4.1267e-02 7.9540e-02 1.6692e-03 ] 8.7662e-01
 4.522e+01 1.2211e-01 1.2211e-01 [ 3.5427e-13 8.5136e-04 4.0505e-02 7.9092e-02 1.6616e-03 ] 8.7789e-01
 4.533e+01 1.2084e-01 1.2084e-01 [ 2.8858e-13 8.0302e-04 3.9747e-02 7.8636e-02 1.6539e-03 ] 8.7916e-01
 4.545e+01 1.1957e-01 1.1957e-01 [ 2.3484e-13 7.5701e-04 3.8993e-02 7.8173e-02 1.6460e-03 ] 8.8043e-01
 4.556e+01 1.1830e-01 1.1830e-01 [ 1.9093e-13 7.1325e-04 3.8243e-02 7.7702e-02 1.6381e-03 ] 8.8170e-01
 4.567e+01 1.1702e-01 1.1702e-01 [ 1.5507e-13 6.7166e-04 3.7497e-02 7.7224e-02 1.6301e-03 ] 8.8298e-01
 4.579e+01 1.1575e-01 1.1575e-01 [ 1.2583e-13 6.3215e-04 3.6756e-02 7.6737e-02 1.6219e-03 ] 8.8425e-01
 4.590e+01 1.1447e-01 1.1447e-01 [ 1.0200e-13 5.9464e-04 3.6020e-02 7.6242e-02 1.6136e-03 ] 8.8553e-01
 4.601e+01 1.1319e-01 1.1319e-01 [ 8.2606e-14 5.5904e-04 3.5288e-02 7.5738e-02 1.6052e-03 ] 8.8681e-01
 4.613e+01 1.1191e-01 1.1191e-01 [ 6.6833e-14 5.2528e-04 3.4561e-02 7.5226e-02 1.5966e-03 ] 8.8809e-01
 4.624e+01 1.1063e-01 1.1063e-01 [ 5.4019e-14 4.9328e-04 3.3840e-02 7.4705e-02 1.5879e-03 ] 8.8937e-01
 4.635e+01 1.0934e-01 1.0934e-01 [ 4.3619e-14 4.6297e-04 3.3124e-02 7.4175e-02 1.5791e-03 ] 8.9066e-01
 4.647e+01 1.0806e-01 1.0806e-01 [ 3.5187e-14 4.3427e-04 3.2414e-02 7.3637e-02 1.5701e-03 ] 8.9194e-01
 4.658e+01 1.0677e-01 1.0677e-01 [ 2.8357e-14 4.0712e-04 3.1709e-02 7.3089e-02 1.5610e-03 ] 8.9323e-01
 4.669e+01 1.0548e-01 1.0548e-01 [ 2.2830e-14 3.8145e-04 3.1011e-02 7.2533e-02 1.5517e-03 ] 8.9452e-01
 4.681e+01 1.0418e-01 1.0418e-01 [ 1.8362e-14 3.5719e-04 3.0318e-02 7.1967e-02 1.5423e-03 ] 8.9581e-01
 4.692e+01 1.0289e-01 1.0289e-01 [ 1.4754e-14 3.3428e-04 2.9632e-02 7.1393e-02 1.5327e-03 ] 8.9711e-01
 4.703e+01 1.0160e-01 1.0160e-01 [ 1.1844e-14 3.1266e-04 2.8952e-02 7.0809e-02 1.5230e-03 ] 8.9840e-01
 4.715e+01 1.0030e-01 1.0030e-01 [ 9.4979e-15 2.9226e-04 2.8279e-02 7.0216e-02 1.5131e-03 ] 8.9970e-01
 4.726e+01 9.9003e-02 9.9003e-02 [ 7.6092e-15 2.7303e-04 2.7613e-02 6.9614e-02 1.5030e-03 ] 9.0100e-01
 4.737e+01 9.7705e-02 9.7705e-02 [ 6.0900e-15 2.5492e-04 2.6953e-02 6.9004e-02 1.4928e-03 ] 9.0229e-01
 4.749e+01 9.6405e-02 9.6405e-02 [ 4.8693e-15 2.3786e-04 2.6301e-02 6.8384e-02 1.4825e-03 ] 9.0359e-01
 4.760e+01 9.5105e-02 9.5105e-02 [ 3.8894e-15 2.2182e-04 2.5657e-02 6.7755e-02 1.4720e-03 ] 9.0489e-01
 4.771e+01 9.3805e-02 9.3805e-02 [ 3.1037e-15 2.0673e-04 2.5019e-02 6.7118e-02 1.4613e-03 ] 9.0619e-01
 4.783e+01 9.2504e-02 9.2504e-02 [ 2.4742e-15 1.9255e-04 2.4390e-02 6.6471e-02 1.4505e-03 ] 9.0750e-01
 4.794e+01 9.1203e-02 9.1203e-02 [ 1.9704e-15 1.7923e-04 2.3768e-02 6.5817e-02 1.4395e-03 ] 9.0880e-01
 4.805e+01 8.9902e-02 8.9902e-02 [ 1.5676e-15 1.6673e-04 2.3154e-02 6.5154e-02 1.4283e-03 ] 9.1010e-01
 4.817e+01 8.8602e-02 8.8602e-02 [ 1.2460e-15 1.5501e-04 2.2548e-02 6.4482e-02 1.4170e-03 ] 9.1140e-01
 4.828e+01 8.7303e-02 8.7303e-02 [ 9.8930e-16 1.4403e-04 2.1950e-02 6.3803e-02 1.4055e-03 ] 9.1270e-01
 4.839e+01 8.6004e-02 8.6004e-02 [ 7.8473e-16 1.3374e-04 2.1361e-02 6.3115e-02 1.3939e-03 ] 9.1400e-01
 4.851e+01 8.4707e-02 8.4707e-02 [ 6.2184e-16 1.2410e-04 2.0780e-02 6.2420e-02 1.3821e-03 ] 9.1529e-01
 4.862e+01 8.3411e-02 8.3411e-02 [ 4.9227e-16 1.1509e-04 2.0208e-02 6.1718e-02 1.3702e-03 ] 9.1659e-01
 4.873e+01 8.2117e-02 8.2117e-02 [ 3.8930e-16 1.0667e-04 1.9644e-02 6.1008e-02 1.3581e-03 ] 9.1788e-01
 4.885e+01 8.0825e-02 8.0825e-02 [ 3.0757e-16 9.8797e-05 1.9089e-02 6.0291e-02 1.3459e-03 ] 9.1917e-01
 4.896e+01 7.9536e-02 7.9536e-02 [ 2.4275e-16 9.1449e-05 1.8543e-02 5.9568e-02 1.3335e-03 ] 9.2046e-01
 4.907e+01 7.8249e-02 7.8249e-02 [ 1.9140e-16 8.4594e-05 1.8006e-02 5.8838e-02 1.3210e-03 ] 9.2175e-01
 4.919e+01 7.6966e-02 7.6966e-02 [ 1.5076e-16 7.8203e-05 1.7478e-02 5.8101e-02 1.3083e-03 ] 9.2303e-01
 4.930e+01 7.5686e-02 7.5686e-02 [ 1.1863e-16 7.2248e-05 1.6959e-02 5.7359e-02 1.2955e-03 ] 9.2431e-01
 4.941e+01 7.4410e-02 7.4410e-02 [ 9.3256e-17 6.6703e-05 1.6449e-02 5.6611e-02 1.2826e-03 ] 9.2559e-01
 4.953e+01 7.3138e-02 7.3138e-02 [ 7.3234e-17 6.1544e-05 1.5949e-02 5.5858e-02 1.2695e-03 ] 9.2686e-01
 4.964e+01 7.1870e-02 7.1870e-02 [ 5.7453e-17 5.6747e-05 1.5457e-02 5.5100e-02 1.2563e-03 ] 9.2813e-01
 4.975e+01 7.0607e-02 7.0607e-02 [ 4.5027e-17 5.2290e-05 1.4975e-02 5.4337e-02 1.2429e-03 ] 9.2939e-01
 4.987e+01 6.9350e-02 6.9350e-02 [ 3.5253e-17 4.8151e-05 1.4503e-02 5.3570e-02 1.2295e-03 ] 9.3065e-01
 4.998e+01 6.8098e-02 6.8098e-02 [ 2.7573e-17 4.4310e-05 1.4039e-02 5.2798e-02 1.2159e-03 ] 9.3190e-01
 5.009e+01 6.6852e-02 6.6852e-02 [ 2.1544e-17 4.0749e-05 1.3585e-02 5.2023e-02 1.2022e-03 ] 9.3315e-01
 5.021e+01 6.5612e-02 6.5612e-02 [ 1.6817e-17 3.7449e-05 1.3141e-02 5.1245e-02 1.1884e-03 ] 9.3439e-01
 5.032e+01 6.4378e-02 6.4378e-02 [ 1.3113e-17 3.4394e-05 1.2706e-02 5.0464e-02 1.1745e-03 ] 9.3562e-01
 5.043e+01 6.3152e-02 6.3152e-02 [ 1.0215e-17 3.1566e-05 1.2280e-02 4.9680e-02 1.1604e-03 ] 9.3685e-01
 5.055e+01 6.1932e-02 6.1932e-02 [ 7.9494e-18 2.8952e-05 1.1864e-02 4.8893e-02 1.1463e-03 ] 9.3807e-01
 5.066e+01 6.0720e-02 6.0720e-02 [ 6.1799e-18 2.6536e-05 1.1457e-02 4.8105e-02 1.1321e-03 ] 9.3928e-01
 5.077e+01 5.9517e-02 5.9517e-02 [ 4.7995e-18 2.4305e-05 1.1059e-02 4.7315e-02 1.1178e-03 ] 9.4048e-01
 5.089e+01 5.8321e-02 5.8321e-02 [ 3.7236e-18 2.2247e-05 1.0671e-02 4.6525e-02 1.1034e-03 ] 9.4168e-01
 5.100e+01 5.7134e-02 5.7134e-02 [ 2.8860e-18 2.0349e-05 1.0292e-02 4.5733e-02 1.0890e-03 ] 9.4287e-01
 5.111e+01 5.5955e-02 5.5955e-02 [ 2.2345e-18 1.8600e-05 9.9218e-03 4.4941e-02 1.0745e-03 ] 9.4404e-01
 5.123e+01 5.4786e-02 5.4786e-02 [ 1.7283e-18 1.6990e-05 9.5611e-03 4.4148e-02 1.0599e-03 ] 9.4521e-01
 5.134e+01 5.3627e-02 5.3627e-02 [ 1.3355e-18 1.5508e-05 9.2096e-03 4.3356e-02 1.0452e-03 ] 9.4637e-01
 5.145e+01 5.2477e-02 5.2477e-02 [ 1.0308e-18 1.4146e-05 8.8671e-03 4.2565e-02 1.0305e-03 ] 9.4752e-01
 5.157e+01 5.1337e-02 5.1337e-02 [ 7.9491e-19 1.2895e-05 8.5335e-03 4.1775e-02 1.0157e-03 ] 9.4866e-01
 5.168e+01 5.0207e-02 5.0207e-02 [ 6.1234e-19 1.1746e-05 8.2089e-03 4.0986e-02 1.0009e-03 ] 9.4979e-01
 5.179e+01 4.9089e-02 4.9089e-02 [ 4.7123e-19 1.0692e-05 7.8931e-03 4.0199e-02 9.8603e-04 ] 9.5091e-01
 5.191e+01 4.7981e-02 4.7981e-02 [ 3.6226e-19 9.7255e-06 7.5860e-03 3.9414e-02 9.7114e-04 ] 9.5202e-01
 5.202e+01 4.6884e-02 4.6884e-02 [ 2.7821e-19 8.8403e-06 7.2876e-03 3.8631e-02 9.5623e-04 ] 9.5312e-01
 5.213e+01 4.5799e-02 4.5799e-02 [ 2.1344e-19 8.0300e-06 6.9977e-03 3.7852e-02 9.4129e-04 ] 9.5420e-01
 5.225e+01 4.4726e-02 4.4726e-02 [ 1.6359e-19 7.2887e-06 6.7163e-03 3.7076e-02 9.2633e-04 ] 9.5527e-01
 5.236e+01 4.3664e-02 4.3664e-02 [ 1.2525e-19 6.6112e-06 6.4431e-03 3.6303e-02 9.1137e-04 ] 9.5634e-01
 5.247e+01 4.2615e-02 4.2615e-02 [ 9.5794e-20 5.9923e-06 6.1782e-03 3.5534e-02 8.9640e-04 ] 9.5738e-01
 5.259e+01 4.1578e-02 4.1578e-02 [ 7.3193e-20 5.4275e-06 5.9214e-03 3.4770e-02 8.8143e-04 ] 9.5842e-01
 5.270e+01 4.0554e-02 4.0554e-02 [ 5.5867e-20 4.9124e-06 5.6726e-03 3.4010e-02 8.6646e-04 ] 9.5945e-01
 5.281e+01 3.9542e-02 3.9542e-02 [ 4.2599e-20 4.4430e-06 5.4317e-03 3.3255e-02 8.5152e-04 ] 9.6046e-01
 5.293e+01 3.8544e-02 3.8544e-02 [ 3.2449e-20 4.0155e-06 5.1985e-03 3.2505e-02 8.3659e-04 ] 9.6146e-01
 5.304e+01 3.7559e-02 3.7559e-02 [ 2.4692e-20 3.6265e-06 4.9728e-03 3.1761e-02 8.2168e-04 ] 9.6244e-01
 5.315e+01 3.6587e-02 3.6587e-02 [ 1.8770e-20 3.2728e-06 4.7547e-03 3.1023e-02 8.0681e-04 ] 9.6341e-01
 5.327e+01 3.5629e-02 3.5629e-02 [ 1.4253e-20 2.9514e-06 4.5439e-03 3.0291e-02 7.9197e-04 ] 9.6437e-01
 5.338e+01 3.4685e-02 3.4685e-02 [ 1.0813e-20 2.6597e-06 4.3403e-03 2.9565e-02 7.7718e-04 ] 9.6531e-01
 5.349e+01 3.3755e-02 3.3755e-02 [ 8.1942e-21 2.3950e-06 4.1438e-03 2.8846e-02 7.6244e-04 ] 9.6624e-01
 5.361e+01 3.2839e-02 3.2839e-02 [ 6.2034e-21 2.1550e-06 3.9541e-03 2.8135e-02 7.4775e-04 ] 9.6716e-01
 5.372e+01 3.1937e-02 3.1937e-02 [ 4.6915e-21 1.9377e-06 3.7713e-03 2.7430e-02 7.3313e-04 ] 9.6806e-01
 5.383e+01 3.1049e-02 3.1049e-02 [ 3.5444e-21 1.7410e-06 3.5951e-03 2.6734e-02 7.1857e-04 ] 9.6895e-01
 5.395e+01 3.0176e-02 3.0176e-02 [ 2.6750e-21 1.5631e-06 3.4254e-03 2.6045e-02 7.0408e-04 ] 9.6982e-01
 5.406e+01 2.9317e-02 2.9317e-02 [ 2.0168e-21 1.4023e-06 3.2620e-03 2.5364e-02 6.8967e-04 ] 9.7068e-01
 5.417e+01 2.8473e-02 2.8473e-02 [ 1.5190e-21 1.2571e-06 3.1047e-03 2.4692e-02 6.7534e-04 ] 9.7153e-01
 5.429e+01 2.7644e-02 2.7644e-02 [ 1.1429e-21 1.1261e-06 2.9536e-03 2.4028e-02 6.6111e-04 ] 9.7236e-01
 5.440e+01 2.6829e-02 2.6829e-02 [ 8.5905e-22 1.0080e-06 2.8083e-03 2.3373e-02 6.4696e-04 ] 9.7317e-01
 5.451e+01 2.6030e-02 2.6030e-02 [ 6.4503e-22 9.0163e-07 2.6688e-03 2.2727e-02 6.3292e-04 ] 9.7397e-01
 5.463e+01 2.5245e-02 2.5245e-02 [ 4.8382e-22 8.0585e-07 2.5348e-03 2.2090e-02 6.1898e-04 ] 9.7475e-01
 5.474e+01 2.4475e-02 2.4475e-02 [ 3.6254e-22 7.1970e-07 2.4063e-03 2.1463e-02 6.0516e-04 ] 9.7552e-01
 5.485e+01 2.3720e-02 2.3720e-02 [ 2.7138e-22 6.4227e-07 2.2831e-03 2.0845e-02 5.9144e-04 ] 9.7628e-01
 5.497e+01 2.2980e-02 2.2980e-02 [ 2.0293e-22 5.7273e-07 2.1650e-03 2.0237e-02 5.7785e-04 ] 9.7702e-01
 5.508e+01 2.2255e-02 2.2255e-02 [ 1.5159e-22 5.1033e-07 2.0519e-03 1.9638e-02 5.6438e-04 ] 9.7774e-01
 5.519e+01 2.1545e-02 2.1545e-02 [ 1.1312e-22 4.5438e-07 1.9437e-03 1.9050e-02 5.5104e-04 ] 9.7845e-01
 5.531e+01 2.0850e-02 2.0850e-02 [ 8.4331e-23 4.0426e-07 1.8401e-03 1.8472e-02 5.3784e-04 ] 9.7915e-01
 5.542e+01 2.0170e-02 2.0170e-02 [ 6.2802e-23 3.5938e-07 1.7411e-03 1.7904e-02 5.2477e-04 ] 9.7983e-01
 5.553e+01 1.9505e-02 1.9505e-02 [ 4.6722e-23 3.1925e-07 1.6466e-03 1.7346e-02 5.1185e-04 ] 9.8049e-01
 5.565e+01 1.8855e-02 1.8855e-02 [ 3.4723e-23 2.8337e-07 1.5563e-03 1.6799e-02 4.9907e-04 ] 9.8114e-01
 5.576e+01 1.8219e-02 1.8219e-02 [ 2.5779e-23 2.5133e-07 1.4701e-03 1.6262e-02 4.8644e-04 ] 9.8178e-01
 5.587e+01 1.7599e-02 1.7599e-02 [ 1.9120e-23 2.2275e-07 1.3879e-03 1.5736e-02 4.7397e-04 ] 9.8240e-01
 5.599e+01 1.6992e-02 1.6992e-02 [ 1.4166e-23 1.9726e-07 1.3096e-03 1.5221e-02 4.6166e-04 ] 9.8301e-01
 5.610e+01 1.6401e-02 1.6401e-02 [ 1.0485e-23 1.7455e-07 1.2350e-03 1.4716e-02 4.4950e-04 ] 9.8360e-01
 5.621e+01 1.5824e-02 1.5824e-02 [ 7.7523e-24 1.5433e-07 1.1640e-03 1.4222e-02 4.3751e-04 ] 9.8418e-01
 5.633e+01 1.5261e-02 1.5261e-02 [ 5.7261e-24 1.3635e-07 1.0964e-03 1.3739e-02 4.2569e-04 ] 9.8474e-01
 5.644e+01 1.4713e-02 1.4713e-02 [ 4.2252e-24 1.2037e-07 1.0322e-03 1.3267e-02 4.1404e-04 ] 9.8529e-01
 5.655e+01 1.4179e-02 1.4179e-02 [ 3.1145e-24 1.0618e-07 9.7113e-04 1.2805e-02 4.0256e-04 ] 9.8582e-01
 5.667e+01 1.3659e-02 1.3659e-02 [ 2.2935e-24 9.3593e-08 9.1318e-04 1.2354e-02 3.9126e-04 ] 9.8634e-01
 5.678e+01 1.3152e-02 1.3152e-02 [ 1.6871e-24 8.2431e-08 8.5819e-04 1.1914e-02 3.8014e-04 ] 9.8685e-01
 5.689e+01 1.2660e-02 1.2660e-02 [ 1.2398e-24 7.2542e-08 8.0603e-04 1.1485e-02 3.6919e-04 ] 9.8734e-01
 5.701e+01 1.2181e-02 1.2181e-02 [ 9.1020e-25 6.3790e-08 7.5661e-04 1.1066e-02 3.5843e-04 ] 9.8782e-01
 5.712e+01 1.1716e-02 1.1716e-02 [ 6.6753e-25 5.6050e-08 7.0979e-04 1.0658e-02 3.4786e-04 ] 9.8828e-01
 5.723e+01 1.1263e-02 1.1263e-02 [ 4.8906e-25 4.9210e-08 6.6548e-04 1.0260e-02 3.3747e-04 ] 9.8874e-01
 5.735e+01 1.0824e-02 1.0824e-02 [ 3.5794e-25 4.3171e-08 6.2357e-04 9.8734e-03 3.2726e-04 ] 9.8917e-01
 5.746e+01 1.0398e-02 1.0398e-02 [ 2.6171e-25 3.7842e-08 5.8395e-04 9.4968e-03 3.1725e-04 ] 9.8960e-01
 5.757e+01 9.9846e-03 9.9846e-03 [ 1.9116e-25 3.3146e-08 5.4653e-04 9.1307e-03 3.0743e-04 ] 9.9001e-01
 5.769e+01 9.5838e-03 9.5838e-03 [ 1.3948e-25 2.9009e-08 5.1119e-04 8.7747e-03 2.9779e-04 ] 9.9042e-01
 5.780e+01 9.1952e-03 9.1952e-03 [ 1.0168e-25 2.5369e-08 4.7786e-04 8.4290e-03 2.8835e-04 ] 9.9080e-01
 5.791e+01 8.8188e-03 8.8188e-03 [ 7.4041e-26 2.2168e-08 4.4643e-04 8.0933e-03 2.7910e-04 ] 9.9118e-01
 5.803e+01 8.4544e-03 8.4544e-03 [ 5.3863e-26 1.9355e-08 4.1682e-04 7.7675e-03 2.7004e-04 ] 9.9154e-01
 5.814e+01 8.1016e-03 8.1016e-03 [ 3.9145e-26 1.6886e-08 3.8893e-04 7.4515e-03 2.6118e-04 ] 9.9190e-01
 5.825e+01 7.7605e-03 7.7605e-03 [ 2.8420e-26 1.4720e-08 3.6270e-04 7.1452e-03 2.5251e-04 ] 9.9224e-01
 5.837e+01 7.4306e-03 7.4306e-03 [ 2.0613e-26 1.2822e-08 3.3803e-04 6.8485e-03 2.4403e-04 ] 9.9257e-01
 5.848e+01 7.1118e-03 7.1118e-03 [ 1.4935e-26 1.1160e-08 3.1484e-04 6.5612e-03 2.3574e-04 ] 9.9289e-01
 5.859e+01 6.8038e-03 6.8038e-03 [ 1.0811e-26 9.7054e-09 2.9307e-04 6.2831e-03 2.2765e-04 ] 9.9320e-01
 5.871e+01 6.5065e-03 6.5065e-03 [ 7.8175e-27 8.4339e-09 2.7264e-04 6.0141e-03 2.1974e-04 ] 9.9349e-01
 5.882e+01 6.2196e-03 6.2196e-03 [ 5.6474e-27 7.3232e-09 2.5348e-04 5.7541e-03 2.1203e-04 ] 9.9378e-01
 5.893e+01 5.9429e-03 5.9429e-03 [ 4.0757e-27 6.3537e-09 2.3552e-04 5.5029e-03 2.0451e-04 ] 9.9406e-01
 5.905e+01 5.6761e-03 5.6761e-03 [ 2.9384e-27 5.5082e-09 2.1870e-04 5.2602e-03 1.9717e-04 ] 9.9432e-01
 5.916e+01 5.4191e-03 5.4191e-03 [ 2.1164e-27 4.7714e-09 2.0296e-04 5.0261e-03 1.9002e-04 ] 9.9458e-01
 5.927e+01 5.1715e-03 5.1715e-03 [ 1.5229e-27 4.1300e-09 1.8823e-04 4.8002e-03 1.8306e-04 ] 9.9483e-01
 5.939e+01 4.9332e-03 4.9332e-03 [ 1.0947e-27 3.5719e-09 1.7447e-04 4.5824e-03 1.7628e-04 ] 9.9507e-01
 5.950e+01 4.7039e-03 4.7039e-03 [ 7.8616e-28 3.0868e-09 1.6162e-04 4.3726e-03 1.6969e-04 ] 9.9530e-01
 5.961e+01 4.4834e-03 4.4834e-03 [ 5.6402e-28 2.6655e-09 1.4962e-04 4.1705e-03 1.6327e-04 ] 9.9552e-01
 5.973e+01 4.2714e-03 4.2714e-03 [ 4.0425e-28 2.2999e-09 1.3842e-04 3.9760e-03 1.5704e-04 ] 9.9573e-01
 5.984e+01 4.0678e-03 4.0678e-03 [ 2.8946e-28 1.9829e-09 1.2799e-04 3.7888e-03 1.5098e-04 ] 9.9593e-01
 5.995e+01 3.8722e-03 3.8722e-03 [ 2.0706e-28 1.7082e-09 1.1827e-04 3.6089e-03 1.4510e-04 ] 9.9613e-01
 6.007e+01 3.6845e-03 3.6845e-03 [ 1.4797e-28 1.4705e-09 1.0922e-04 3.4359e-03 1.3938e-04 ] 9.9631e-01
 6.018e+01 3.5045e-03 3.5045e-03 [ 1.0565e-28 1.2648e-09 1.0080e-04 3.2698e-03 1.3384e-04 ] 9.9649e-01
 6.029e+01 3.3318e-03 3.3318e-03 [ 7.5355e-29 1.0871e-09 9.2977e-05 3.1104e-03 1.2847e-04 ] 9.9667e-01
 6.041e+01 3.1664e-03 3.1664e-03 [ 5.3696e-29 9.3357e-10 8.5707e-05 2.9574e-03 1.2326e-04 ] 9.9683e-01
 6.052e+01 3.0079e-03 3.0079e-03 [ 3.8226e-29 8.0112e-10 7.8957e-05 2.8107e-03 1.1822e-04 ] 9.9699e-01
 6.063e+01 2.8561e-03 2.8561e-03 [ 2.7187e-29 6.8693e-10 7.2694e-05 2.6701e-03 1.1333e-04 ] 9.9714e-01
 6.075e+01 2.7109e-03 2.7109e-03 [ 1.9318e-29 5.8856e-10 6.6887e-05 2.5354e-03 1.0860e-04 ] 9.9729e-01
 6.086e+01 2.5720e-03 2.5720e-03 [ 1.3713e-29 5.0389e-10 6.1507e-05 2.4065e-03 1.0403e-04 ] 9.9743e-01
 6.097e+01 2.4392e-03 2.4392e-03 [ 9.7251e-30 4.3107e-10 5.6525e-05 2.2831e-03 9.9605e-05 ] 9.9756e-01
 6.109e+01 2.3123e-03 2.3123e-03 [ 6.8905e-30 3.6848e-10 5.1916e-05 2.1651e-03 9.5331e-05 ] 9.9769e-01
 6.120e+01 2.1911e-03 2.1911e-03 [ 4.8775e-30 3.1474e-10 4.7653e-05 2.0523e-03 9.1203e-05 ] 9.9781e-01
 6.131e+01 2.0754e-03 2.0754e-03 [ 3.4493e-30 2.6864e-10 4.3714e-05 1.9445e-03 8.7218e-05 ] 9.9792e-01
 6.143e+01 1.9650e-03 1.9650e-03 [ 2.4371e-30 2.2911e-10 4.0077e-05 1.8416e-03 8.3372e-05 ] 9.9803e-01
 6.154e+01 1.8597e-03 1.8597e-03 [ 1.7203e-30 1.9524e-10 3.6720e-05 1.7433e-03 7.9663e-05 ] 9.9814e-01
 6.165e+01 1.7593e-03 1.7593e-03 [ 1.2132e-30 1.6626e-10 3.3624e-05 1.6496e-03 7.6088e-05 ] 9.9824e-01
 6.177e+01 1.6637e-03 1.6637e-03 [ 8.5475e-31 1.4147e-10 3.0771e-05 1.5603e-03 7.2643e-05 ] 9.9834e-01
 6.188e+01 1.5726e-03 1.5726e-03 [ 6.0167e-31 1.2029e-10 2.8143e-05 1.4752e-03 6.9325e-05 ] 9.9843e-01
 6.199e+01 1.4859e-03 1.4859e-03 [ 4.2314e-31 1.0220e-10 2.5724e-05 1.3941e-03 6.6131e-05 ] 9.9851e-01
 6.211e+01 1.4034e-03 1.4034e-03 [ 2.9731e-31 8.6767e-11 2.3499e-05 1.3169e-03 6.3059e-05 ] 9.9860e-01
 6.222e+01 1.3250e-03 1.3250e-03 [ 2.0871e-31 7.3609e-11 2.1454e-05 1.2434e-03 6.0104e-05 ] 9.9867e-01
 6.233e+01 1.2504e-03 1.2504e-03 [ 1.4638e-31 6.2399e-11 1.9576e-05 1.1736e-03 5.7264e-05 ] 9.9875e-01
 6.245e+01 1.1796e-03 1.1796e-03 [ 1.0257e-31 5.2858e-11 1.7851e-05 1.1072e-03 5.4536e-05 ] 9.9882e-01
 6.256e+01 1.1123e-03 1.1123e-03 [ 7.1807e-32 4.4742e-11 1.6269e-05 1.0441e-03 5.1916e-05 ] 9.9889e-01
 6.267e+01 1.0484e-03 1.0484e-03 [ 5.0226e-32 3.7844e-11 1.4818e-05 9.8422e-04 4.9401e-05 ] 9.9895e-01
 6.279e+01 9.8785e-04 9.8785e-04 [ 3.5100e-32 3.1986e-11 1.3489e-05 9.2737e-04 4.6989e-05 ] 9.9901e-01
 6.290e+01 9.3039e-04 9.3039e-04 [ 2.4507e-32 2.7015e-11 1.2272e-05 8.7344e-04 4.4677e-05 ] 9.9907e-01
 6.301e+01 8.7593e-04 8.7593e-04 [ 1.7096e-32 2.2800e-11 1.1159e-05 8.2231e-04 4.2460e-05 ] 9.9912e-01
 6.313e+01 8.2433e-04 8.2433e-04 [ 1.1916e-32 1.9228e-11 1.0140e-05 7.7385e-04 4.0337e-05 ] 9.9917e-01
 6.324e+01 7.7546e-04 7.7546e-04 [ 8.2975e-33 1.6204e-11 9.2093e-06 7.2795e-04 3.8305e-05 ] 9.9922e-01
 6.335e+01 7.2920e-04 7.2920e-04 [ 5.7731e-33 1.3646e-11 8.3593e-06 6.8449e-04 3.6359e-05 ] 9.9927e-01
 6.347e+01 6.8544e-04 6.8544e-04 [ 4.0132e-33 1.1484e-11 7.5834e-06 6.4336e-04 3.4499e-05 ] 9.9931e-01
 6.358e+01 6.4405e-04 6.4405e-04 [ 2.7873e-33 9.6567e-12 6.8756e-06 6.0445e-04 3.2720e-05 ] 9.9935e-01
 6.369e+01 6.0492e-04 6.0492e-04 [ 1.9343e-33 8.1147e-12 6.2303e-06 5.6767e-04 3.1020e-05 ] 9.9939e-01
 6.381e+01 5.6796e-04 5.6796e-04 [ 1.3411e-33 6.8141e-12 5.6425e-06 5.3292e-04 2.9397e-05 ] 9.9943e-01
 6.392e+01 5.3304e-04 5.3304e-04 [ 9.2909e-34 5.7179e-12 5.1073e-06 5.0009e-04 2.7847e-05 ] 9.9947e-01
 6.403e+01 5.0008e-04 5.0008e-04 [ 6.4309e-34 4.7947e-12 4.6203e-06 4.6909e-04 2.6368e-05 ] 9.9950e-01
 6.415e+01 4.6898e-04 4.6898e-04 [ 4.4475e-34 4.0177e-12 4.1774e-06 4.3985e-04 2.4957e-05 ] 9.9953e-01
 6.426e+01 4.3965e-04 4.3965e-04 [ 3.0732e-34 3.3642e-12 3.7749e-06 4.1226e-04 2.3613e-05 ] 9.9956e-01
 6.437e+01 4.1199e-04 4.1199e-04 [ 2.1218e-34 2.8151e-12 3.4093e-06 3.8625e-04 2.2331e-05 ] 9.9959e-01
 6.449e+01 3.8593e-04 3.8593e-04 [ 1.4637e-34 2.3540e-12 3.0774e-06 3.6174e-04 2.1111e-05 ] 9.9961e-01
 6.460e+01 3.6138e-04 3.6138e-04 [ 1.0089e-34 1.9670e-12 2.7764e-06 3.3865e-04 1.9949e-05 ] 9.9964e-01
 6.471e+01 3.3826e-04 3.3826e-04 [ 6.9484e-35 1.6426e-12 2.5034e-06 3.1692e-04 1.8844e-05 ] 9.9966e-01
 6.483e+01 3.1651e-04 3.1651e-04 [ 4.7815e-35 1.3707e-12 2.2561e-06 2.9646e-04 1.7793e-05 ] 9.9968e-01
 6.494e+01 2.9604e-04 2.9604e-04 [ 3.2876e-35 1.1430e-12 2.0321e-06 2.7722e-04 1.6793e-05 ] 9.9970e-01
 6.505e+01 2.7680e-04 2.7680e-04 [ 2.2586e-35 9.5252e-13 1.8294e-06 2.5913e-04 1.5844e-05 ] 9.9972e-01
 6.517e+01 2.5871e-04 2.5871e-04 [ 1.5504e-35 7.9324e-13 1.6460e-06 2.4212e-04 1.4942e-05 ] 9.9974e-01
 6.528e+01 2.4171e-04 2.4171e-04 [ 1.0635e-35 6.6015e-13 1.4803e-06 2.2615e-04 1.4086e-05 ] 9.9976e-01
 6.539e+01 2.2575e-04 2.2575e-04 [ 7.2884e-36 5.4903e-13 1.3305e-06 2.1115e-04 1.3273e-05 ] 9.9977e-01
 6.551e+01 2.1077e-04 2.1077e-04 [ 4.9912e-36 4.5630e-13 1.1953e-06 1.9707e-04 1.2503e-05 ] 9.9979e-01
 6.562e+01 1.9671e-04 1.9671e-04 [ 3.4153e-36 3.7899e-13 1.0732e-06 1.8386e-04 1.1772e-05 ] 9.9980e-01
 6.573e+01 1.8352e-04 1.8352e-04 [ 2.3351e-36 3.1457e-13 9.6317e-07 1.7147e-04 1.1080e-05 ] 9.9982e-01
 6.585e+01 1.7115e-04 1.7115e-04 [ 1.5953e-36 2.6093e-13 8.6394e-07 1.5986e-04 1.0424e-05 ] 9.9983e-01
 6.596e+01 1.5956e-04 1.5956e-04 [ 1.0890e-36 2.1629e-13 7.7455e-07 1.4898e-04 9.8037e-06 ] 9.9984e-01
 6.607e+01 1.4870e-04 1.4870e-04 [ 7.4284e-37 1.7918e-13 6.9406e-07 1.3879e-04 9.2164e-06 ] 9.9985e-01
 6.619e+01 1.3853e-04 1.3853e-04 [ 5.0631e-37 1.4833e-13 6.2161e-07 1.2925e-04 8.6608e-06 ] 9.9986e-01
 6.630e+01 1.2901e-04 1.2901e-04 [ 3.4483e-37 1.2272e-13 5.5646e-07 1.2032e-04 8.1356e-06 ] 9.9987e-01
 6.641e+01 1.2010e-04 1.2010e-04 [ 2.3467e-37 1.0147e-13 4.9788e-07 1.1196e-04 7.6393e-06 ] 9.9988e-01
 6.653e+01 1.1177e-04 1.1177e-04 [ 1.5958e-37 8.3842e-14 4.4525e-07 1.0415e-04 7.1704e-06 ] 9.9989e-01
 6.664e+01 1.0398e-04 1.0398e-04 [ 1.0844e-37 6.9233e-14 3.9799e-07 9.6853e-05 6.7277e-06 ] 9.9989e-01
 6.675e+01 9.6698e-05 9.6698e-05 [ 7.3631e-38 5.7134e-14 3.5558e-07 9.0032e-05 6.3099e-06 ] 9.9990e-01
 6.687e+01 8.9895e-05 8.9895e-05 [ 4.9958e-38 4.7120e-14 3.1753e-07 8.3662e-05 5.9158e-06 ] 9.9991e-01
 6.698e+01 8.3542e-05 8.3542e-05 [ 3.3871e-38 3.8837e-14 2.8341e-07 7.7715e-05 5.5441e-06 ] 9.9992e-01
 6.709e+01 7.7611e-05 7.7611e-05 [ 2.2947e-38 3.1991e-14 2.5284e-07 7.2165e-05 5.1939e-06 ] 9.9992e-01
 6.721e+01 7.2077e-05 7.2077e-05 [ 1.5534e-38 2.6335e-14 2.2546e-07 6.6988e-05 4.8638e-06 ] 9.9993e-01
 6.732e+01 6.6914e-05 6.6914e-05 [ 1.0509e-38 2.1666e-14 2.0095e-07 6.2160e-05 4.5531e-06 ] 9.9993e-01
 6.743e+01 6.2100e-05 6.2100e-05 [ 7.1039e-39 1.7813e-14 1.7902e-07 5.7661e-05 4.2605e-06 ] 9.9994e-01
 6.755e+01 5.7613e-05 5.7613e-05 [ 4.7987e-39 1.4637e-14 1.5941e-07 5.3468e-05 3.9852e-06 ] 9.9994e-01
 6.766e+01 5.3432e-05 5.3432e-05 [ 3.2392e-39 1.2020e-14 1.4188e-07 4.9563e-05 3.7264e-06 ] 9.9995e-01
 6.777e+01 4.9537e-05 4.9537e-05 [ 2.1849e-39 9.8652e-15 1.2622e-07 4.5928e-05 3.4830e-06 ] 9.9995e-01
 6.789e+01 4.5911e-05 4.5911e-05 [ 1.4728e-39 8.0917e-15 1.1224e-07 4.2545e-05 3.2543e-06 ] 9.9995e-01
 6.800e+01 4.2536e-05 4.2536e-05 [ 9.9201e-40 6.6331e-15 9.9760e-08 3.9397e-05 3.0394e-06 ] 9.9996e-01
 6.811e+01 3.9396e-05 3.9396e-05 [ 6.6771e-40 5.4342e-15 8.8628e-08 3.6470e-05 2.8377e-06 ] 9.9996e-01
 6.823e+01 3.6476e-05 3.6476e-05 [ 4.4912e-40 4.4494e-15 7.8703e-08 3.3749e-05 2.6484e-06 ] 9.9996e-01
 6.834e+01 3.3761e-05 3.3761e-05 [ 3.0188e-40 3.6410e-15 6.9858e-08 3.1220e-05 2.4708e-06 ] 9.9996e-01
 6.845e+01 3.1238e-05 3.1238e-05 [ 2.0277e-40 2.9777e-15 6.1979e-08 2.8872e-05 2.3043e-06 ] 9.9997e-01
 6.857e+01 2.8894e-05 2.8894e-05 [ 1.3610e-40 2.4338e-15 5.4964e-08 2.6690e-05 2.1482e-06 ] 9.9997e-01
 6.868e+01 2.6717e-05 2.6717e-05 [ 9.1291e-41 1.9882e-15 4.8722e-08 2.4666e-05 2.0019e-06 ] 9.9997e-01
 6.879e+01 2.4696e-05 2.4696e-05 [ 6.1193e-41 1.6232e-15 4.3170e-08 2.2787e-05 1.8649e-06 ] 9.9997e-01
 6.891e+01 2.2820e-05 2.2820e-05 [ 4.0990e-41 1.3244e-15 3.8234e-08 2.1045e-05 1.7367e-06 ] 9.9998e-01
 6.902e+01 2.1080e-05 2.1080e-05 [ 2.7438e-41 1.0801e-15 3.3848e-08 1.9429e-05 1.6166e-06 ] 9.9998e-01
 6.913e+01 1.9466e-05 1.9466e-05 [ 1.8355e-41 8.8030e-16 2.9951e-08 1.7932e-05 1.5043e-06 ] 9.9998e-01
 6.925e+01 1.7970e-05 1.7970e-05 [ 1.2270e-41 7.1708e-16 2.6492e-08 1.6545e-05 1.3994e-06 ] 9.9998e-01
 6.936e+01 1.6584e-05 1.6584e-05 [ 8.1971e-42 5.8379e-16 2.3423e-08 1.5259e-05 1.3012e-06 ] 9.9998e-01
 6.947e+01 1.5300e-05 1.5300e-05 [ 5.4724e-42 4.7502e-16 2.0700e-08 1.4070e-05 1.2095e-06 ] 9.9998e-01
 6.959e+01 1.4111e-05 1.4111e-05 [ 3.6511e-42 3.8630e-16 1.8286e-08 1.2968e-05 1.1239e-06 ] 9.9998e-01
 6.970e+01 1.3010e-05 1.3010e-05 [ 2.4343e-42 3.1398e-16 1.6147e-08 1.1949e-05 1.0440e-06 ] 9.9999e-01
 6.981e+01 1.1991e-05 1.1991e-05 [ 1.6220e-42 2.5506e-16 1.4252e-08 1.1007e-05 9.6937e-07 ] 9.9999e-01
 6.993e+01 1.1048e-05 1.1048e-05 [ 1.0800e-42 2.0708e-16 1.2575e-08 1.0136e-05 8.9978e-07 ] 9.9999e-01
 7.004e+01 1.0176e-05 1.0176e-05 [ 7.1869e-43 1.6804e-16 1.1090e-08 9.3304e-06 8.3488e-07 ] 9.9999e-01
 7.015e+01 9.3704e-06 9.3704e-06 [ 4.7794e-43 1.3629e-16 9.7763e-09 8.5863e-06 7.7440e-07 ] 9.9999e-01
 7.027e+01 8.6257e-06 8.6257e-06 [ 3.1764e-43 1.1047e-16 8.6148e-09 7.8990e-06 7.1804e-07 ] 9.9999e-01
 7.038e+01 7.9376e-06 7.9376e-06 [ 2.1097e-43 8.9502e-17 7.5882e-09 7.2644e-06 6.6555e-07 ] 9.9999e-01
 7.049e+01 7.3021e-06 7.3021e-06 [ 1.4003e-43 7.2473e-17 6.6813e-09 6.6788e-06 6.1668e-07 ] 9.9999e-01
 7.061e+01 6.7154e-06 6.7154e-06 [ 9.2886e-44 5.8653e-17 5.8804e-09 6.1384e-06 5.7120e-07 ] 9.9999e-01
 7.072e+01 6.1740e-06 6.1740e-06 [ 6.1576e-44 4.7444e-17 5.1734e-09 5.6399e-06 5.2888e-07 ] 9.9999e-01
 7.083e+01 5.6744e-06 5.6744e-06 [ 4.0795e-44 3.8357e-17 4.5496e-09 5.1803e-06 4.8954e-07 ] 9.9999e-01
 7.095e+01 5.2137e-06 5.2137e-06 [ 2.7011e-44 3.0994e-17 3.9995e-09 4.7567e-06 4.5296e-07 ] 9.9999e-01
 7.106e+01 4.7888e-06 4.7888e-06 [ 1.7873e-44 2.5032e-17 3.5144e-09 4.3664e-06 4.1897e-07 ] 9.9999e-01
 7.117e+01 4.3973e-06 4.3973e-06 [ 1.1819e-44 2.0206e-17 3.0870e-09 4.0068e-06 3.8740e-07 ] 9.9999e-01
 7.129e+01 4.0365e-06 4.0365e-06 [ 7.8112e-45 1.6302e-17 2.7105e-09 3.6757e-06 3.5808e-07 ] 9.9999e-01
 7.140e+01 3.7042e-06 3.7042e-06 [ 5.1592e-45 1.3146e-17 2.3790e-09 3.3710e-06 3.3087e-07 ] 9.9999e-01
 7.151e+01 3.3982e-06 3.3982e-06 [ 3.4056e-45 1.0596e-17 2.0872e-09 3.0905e-06 3.0562e-07 ] 1.0000e+00
 7.163e+01 3.1166e-06 3.1166e-06 [ 2.2467e-45 8.5355e-18 1.8305e-09 2.8325e-06 2.8220e-07 ] 1.0000e+00
 7.174e+01 2.8574e-06 2.8574e-06 [ 1.4812e-45 6.8726e-18 1.6048e-09 2.5953e-06 2.6049e-07 ] 1.0000e+00
 7.185e+01 2.6190e-06 2.6190e-06 [ 9.7602e-46 5.5308e-18 1.4063e-09 2.3772e-06 2.4037e-07 ] 1.0000e+00
 7.197e+01 2.3997e-06 2.3997e-06 [ 6.4274e-46 4.4488e-18 1.2320e-09 2.1768e-06 2.2172e-07 ] 1.0000e+00
 7.208e+01 2.1982e-06 2.1982e-06 [ 4.2302e-46 3.5767e-18 1.0788e-09 1.9926e-06 2.0446e-07 ] 1.0000e+00
 7.219e+01 2.0129e-06 2.0129e-06 [ 2.7824e-46 2.8742e-18 9.4432e-10 1.8235e-06 1.8847e-07 ] 1.0000e+00
 7.231e+01 1.8428e-06 1.8428e-06 [ 1.8291e-46 2.3085e-18 8.2629e-10 1.6683e-06 1.7368e-07 ] 1.0000e+00
 7.242e+01 1.6865e-06 1.6865e-06 [ 1.2017e-46 1.8532e-18 7.2275e-10 1.5257e-06 1.5999e-07 ] 1.0000e+00
 7.253e+01 1.5430e-06 1.5430e-06 [ 7.8908e-47 1.4870e-18 6.3194e-10 1.3950e-06 1.4734e-07 ] 1.0000e+00
 7.265e+01 1.4113e-06 1.4113e-06 [ 5.1783e-47 1.1926e-18 5.5234e-10 1.2751e-06 1.3563e-07 ] 1.0000e+00
 7.276e+01 1.2904e-06 1.2904e-06 [ 3.3963e-47 9.5600e-19 4.8258e-10 1.1651e-06 1.2482e-07 ] 1.0000e+00
 7.287e+01 1.1796e-06 1.1796e-06 [ 2.2263e-47 7.6597e-19 4.2148e-10 1.0643e-06 1.1483e-07 ] 1.0000e+00
 7.299e+01 1.0779e-06 1.0779e-06 [ 1.4585e-47 6.1343e-19 3.6798e-10 9.7193e-07 1.0561e-07 ] 1.0000e+00
 7.310e+01 9.8473e-07 9.8473e-07 [ 9.5499e-48 4.9103e-19 3.2115e-10 8.8732e-07 9.7094e-08 ] 1.0000e+00
 7.321e+01 8.9934e-07 8.9934e-07 [ 6.2495e-48 3.9286e-19 2.8018e-10 8.0983e-07 8.9236e-08 ] 1.0000e+00
 7.333e+01 8.2112e-07 8.2112e-07 [ 4.0874e-48 3.1418e-19 2.4435e-10 7.3889e-07 8.1987e-08 ] 1.0000e+00
 7.344e+01 7.4948e-07 7.4948e-07 [ 2.6718e-48 2.5113e-19 2.1302e-10 6.7396e-07 7.5303e-08 ] 1.0000e+00
 7.355e+01 6.8389e-07 6.8389e-07 [ 1.7456e-48 2.0064e-19 1.8565e-10 6.1456e-07 6.9141e-08 ] 1.0000e+00
 7.367e+01 6.2385e-07 6.2385e-07 [ 1.1398e-48 1.6023e-19 1.6173e-10 5.6023e-07 6.3462e-08 ] 1.0000e+00
 7.378e+01 5.6892e-07 5.6892e-07 [ 7.4382e-49 1.2789e-19 1.4084e-10 5.1055e-07 5.8231e-08 ] 1.0000e+00
 7.389e+01 5.1868e-07 5.1868e-07 [ 4.8516e-49 1.0204e-19 1.2261e-10 4.6514e-07 5.3414e-08 ] 1.0000e+00
 7.401e+01 4.7274e-07 4.7274e-07 [ 3.1627e-49 8.1372e-20 1.0670e-10 4.2365e-07 4.8980e-08 ] 1.0000e+00
 7.412e+01 4.3074e-07 4.3074e-07 [ 2.0607e-49 6.4862e-20 9.2817e-11 3.8575e-07 4.4900e-08 ] 1.0000e+00
 7.423e+01 3.9236e-07 3.9236e-07 [ 1.3419e-49 5.1677e-20 8.0715e-11 3.5113e-07 4.1146e-08 ] 1.0000e+00
 7.435e+01 3.5729e-07 3.5729e-07 [ 8.7339e-50 4.1154e-20 7.0165e-11 3.1953e-07 3.7694e-08 ] 1.0000e+00
 7.446e+01 3.2527e-07 3.2527e-07 [ 5.6815e-50 3.2758e-20 6.0973e-11 2.9069e-07 3.4520e-08 ] 1.0000e+00
 7.457e+01 2.9603e-07 2.9603e-07 [ 3.6939e-50 2.6064e-20 5.2967e-11 2.6437e-07 3.1604e-08 ] 1.0000e+00
 7.469e+01 2.6934e-07 2.6934e-07 [ 2.4004e-50 2.0728e-20 4.5996e-11 2.4037e-07 2.8925e-08 ] 1.0000e+00
 7.480e+01 2.4499e-07 2.4499e-07 [ 1.5590e-50 1.6477e-20 3.9928e-11 2.1849e-07 2.6465e-08 ] 1.0000e+00
 7.491e+01 2.2278e-07 2.2278e-07 [ 1.0120e-50 1.3092e-20 3.4649e-11 1.9854e-07 2.4206e-08 ] 1.0000e+00
 7.503e+01 2.0252e-07 2.0252e-07 [ 6.5660e-51 1.0398e-20 3.0057e-11 1.8036e-07 2.2133e-08 ] 1.0000e+00
 7.514e+01 1.8405e-07 1.8405e-07 [ 4.2579e-51 8.2541e-21 2.6065e-11 1.6379e-07 2.0231e-08 ] 1.0000e+00
 7.525e+01 1.6722e-07 1.6722e-07 [ 2.7597e-51 6.5495e-21 2.2595e-11 1.4871e-07 1.8487e-08 ] 1.0000e+00
 7.537e+01 1.5189e-07 1.5189e-07 [ 1.7878e-51 5.1947e-21 1.9581e-11 1.3498e-07 1.6888e-08 ] 1.0000e+00
 7.548e+01 1.3792e-07 1.3792e-07 [ 1.1575e-51 4.1183e-21 1.6962e-11 1.2248e-07 1.5422e-08 ] 1.0000e+00
 7.559e+01 1.2520e-07 1.2520e-07 [ 7.4910e-52 3.2634e-21 1.4689e-11 1.1110e-07 1.4080e-08 ] 1.0000e+00
 7.571e+01 1.1362e-07 1.1362e-07 [ 4.8453e-52 2.5849e-21 1.2716e-11 1.0076e-07 1.2850e-08 ] 1.0000e+00
 7.582e+01 1.0308e-07 1.0308e-07 [ 3.1325e-52 2.0466e-21 1.1004e-11 9.1349e-08 1.1724e-08 ] 1.0000e+00
 7.593e+01 9.3499e-08 9.3499e-08 [ 2.0241e-52 1.6196e-21 9.5199e-12 8.2796e-08 1.0693e-08 ] 1.0000e+00
 7.605e+01 8.4781e-08 8.4781e-08 [ 1.3073e-52 1.2812e-21 8.2329e-12 7.5022e-08 9.7500e-09 ] 1.0000e+00
 7.616e+01 7.6854e-08 7.6854e-08 [ 8.4387e-53 1.0130e-21 7.1174e-12 6.7959e-08 8.8873e-09 ] 1.0000e+00
 7.627e+01 6.9649e-08 6.9649e-08 [ 5.4447e-53 8.0064e-22 6.1510e-12 6.1544e-08 8.0985e-09 ] 1.0000e+00
 7.639e+01 6.3102e-08 6.3102e-08 [ 3.5112e-53 6.3251e-22 5.3140e-12 5.5719e-08 7.3775e-09 ] 1.0000e+00
 7.650e+01 5.7154e-08 5.7154e-08 [ 2.2632e-53 4.9947e-22 4.5894e-12 5.0431e-08 6.7186e-09 ] 1.0000e+00
 7.661e+01 5.1752e-08 5.1752e-08 [ 1.4581e-53 3.9424e-22 3.9623e-12 4.5632e-08 6.1167e-09 ] 1.0000e+00
 7.673e+01 4.6848e-08 4.6848e-08 [ 9.3892e-54 3.1105e-22 3.4197e-12 4.1278e-08 5.5670e-09 ] 1.0000e+00
 7.684e+01 4.2397e-08 4.2397e-08 [ 6.0431e-54 2.4531e-22 2.9504e-12 3.7329e-08 5.0652e-09 ] 1.0000e+00
 7.695e+01 3.8358e-08 3.8358e-08 [ 3.8876e-54 1.9338e-22 2.5446e-12 3.3749e-08 4.6072e-09 ] 1.0000e+00
 7.707e+01 3.4695e-08 3.4695e-08 [ 2.4998e-54 1.5238e-22 2.1940e-12 3.0503e-08 4.1894e-09 ] 1.0000e+00
 7.718e+01 3.1372e-08 3.1372e-08 [ 1.6066e-54 1.2002e-22 1.8910e-12 2.7562e-08 3.8083e-09 ] 1.0000e+00
 7.729e+01 2.8360e-08 2.8360e-08 [ 1.0320e-54 9.4488e-23 1.6293e-12 2.4898e-08 3.4608e-09 ] 1.0000e+00
 7.741e+01 2.5630e-08 2.5630e-08 [ 6.6265e-55 7.4358e-23 1.4034e-12 2.2485e-08 3.1441e-09 ] 1.0000e+00
 7.752e+01 2.3157e-08 2.3157e-08 [ 4.2527e-55 5.8492e-23 1.2084e-12 2.0300e-08 2.8555e-09 ] 1.0000e+00
 7.763e+01 2.0916e-08 2.0916e-08 [ 2.7279e-55 4.5992e-23 1.0402e-12 1.8323e-08 2.5927e-09 ] 1.0000e+00
 7.775e+01 1.8887e-08 1.8887e-08 [ 1.7491e-55 3.6148e-23 8.9505e-13 1.6533e-08 2.3533e-09 ] 1.0000e+00
 7.786e+01 1.7051e-08 1.7051e-08 [ 1.1209e-55 2.8399e-23 7.6992e-13 1.4914e-08 2.1354e-09 ] 1.0000e+00
 7.797e+01 1.5388e-08 1.5388e-08 [ 7.1800e-56 2.2301e-23 6.6207e-13 1.3450e-08 1.9371e-09 ] 1.0000e+00
 7.809e+01 1.3884e-08 1.3884e-08 [ 4.5971e-56 1.7506e-23 5.6914e-13 1.2127e-08 1.7567e-09 ] 1.0000e+00
 7.820e+01 1.2524e-08 1.2524e-08 [ 2.9419e-56 1.3736e-23 4.8910e-13 1.0931e-08 1.5926e-09 ] 1.0000e+00
 7.831e+01 1.1293e-08 1.1293e-08 [ 1.8818e-56 1.0773e-23 4.2017e-13 9.8495e-09 1.4434e-09 ] 1.0000e+00
 7.843e+01 1.0181e-08 1.0181e-08 [ 1.2032e-56 8.4460e-24 3.6084e-13 8.8730e-09 1.3078e-09 ] 1.0000e+00
 7.854e+01 9.1761e-09 9.1761e-09 [ 7.6891e-57 6.6188e-24 3.0979e-13 7.9912e-09 1.1846e-09 ] 1.0000e+00
 7.865e+01 8.2680e-09 8.2680e-09 [ 4.9116e-57 5.1847e-24 2.6588e-13 7.1950e-09 1.0727e-09 ] 1.0000e+00
 7.877e+01 7.4477e-09 7.4477e-09 [ 3.1359e-57 4.0596e-24 2.2811e-13 6.4764e-09 9.7110e-10 ] 1.0000e+00
 7.888e+01 6.7070e-09 6.7070e-09 [ 2.0013e-57 3.1774e-24 1.9565e-13 5.8280e-09 8.7885e-10 ] 1.0000e+00
 7.899e+01 6.0383e-09 6.0383e-09 [ 1.2766e-57 2.4859e-24 1.6775e-13 5.2430e-09 7.9513e-10 ] 1.0000e+00
 7.911e+01 5.4349e-09 5.4349e-09 [ 8.1397e-58 1.9440e-24 1.4379e-13 4.7156e-09 7.1917e-10 ] 1.0000e+00
 7.922e+01 4.8904e-09 4.8904e-09 [ 5.1875e-58 1.5197e-24 1.2320e-13 4.2400e-09 6.5028e-10 ] 1.0000e+00
 7.933e+01 4.3993e-09 4.3993e-09 [ 3.3046e-58 1.1875e-24 1.0553e-13 3.8114e-09 5.8782e-10 ] 1.0000e+00
 7.945e+01 3.9565e-09 3.9565e-09 [ 2.1041e-58 9.2748e-25 9.0369e-14 3.4252e-09 5.3121e-10 ] 1.0000e+00
 7.956e+01 3.5572e-09 3.5572e-09 [ 1.3392e-58 7.2413e-25 7.7359e-14 3.0773e-09 4.7991e-10 ] 1.0000e+00
 7.967e+01 3.1974e-09 3.1974e-09 [ 8.5192e-59 5.6513e-25 6.6201e-14 2.7639e-09 4.3344e-10 ] 1.0000e+00
 7.979e+01 2.8733e-09 2.8733e-09 [ 5.4171e-59 4.4086e-25 5.6634e-14 2.4819e-09 3.9135e-10 ] 1.0000e+00
 7.990e+01 2.5813e-09 2.5813e-09 [ 3.4430e-59 3.4378e-25 4.8434e-14 2.2280e-09 3.5326e-10 ] 1.0000e+00
 8.001e+01 2.3184e-09 2.3184e-09 [ 2.1874e-59 2.6796e-25 4.1408e-14 1.9995e-09 3.1877e-10 ] 1.0000e+00
 8.013e+01 2.0816e-09 2.0816e-09 [ 1.3890e-59 2.0878e-25 3.5390e-14 1.7940e-09 2.8758e-10 ] 1.0000e+00
 8.024e+01 1.8686e-09 1.8686e-09 [ 8.8165e-60 1.6261e-25 3.0237e-14 1.6092e-09 2.5936e-10 ] 1.0000e+00
 8.035e+01 1.6769e-09 1.6769e-09 [ 5.5937e-60 1.2659e-25 2.5826e-14 1.4431e-09 2.3384e-10 ] 1.0000e+00
 8.047e+01 1.5045e-09 1.5045e-09 [ 3.5473e-60 9.8514e-26 2.2052e-14 1.2937e-09 2.1077e-10 ] 1.0000e+00
 8.058e+01 1.3495e-09 1.3495e-09 [ 2.2486e-60 7.6632e-26 1.8823e-14 1.1595e-09 1.8993e-10 ] 1.0000e+00
 8.069e+01 1.2101e-09 1.2101e-09 [ 1.4247e-60 5.9586e-26 1.6062e-14 1.0390e-09 1.7110e-10 ] 1.0000e+00
 8.081e+01 1.0848e-09 1.0848e-09 [ 9.0232e-61 4.6314e-26 1.3702e-14 9.3071e-10 1.5409e-10 ] 1.0000e+00
 8.092e+01 9.7225e-10 9.7225e-10 [ 5.7122e-61 3.5983e-26 1.1685e-14 8.3351e-10 1.3873e-10 ] 1.0000e+00
 8.103e+01 8.7114e-10 8.7114e-10 [ 3.6145e-61 2.7945e-26 9.9611e-15 7.4626e-10 1.2487e-10 ] 1.0000e+00
 8.115e+01 7.8034e-10 7.8034e-10 [ 2.2861e-61 2.1694e-26 8.4893e-15 6.6797e-10 1.1236e-10 ] 1.0000e+00
 8.126e+01 6.9882e-10 6.9882e-10 [ 1.4453e-61 1.6834e-26 7.2326e-15 5.9773e-10 1.0108e-10 ] 1.0000e+00
 8.137e+01 6.2565e-10 6.2565e-10 [ 9.1336e-62 1.3058e-26 6.1601e-15 5.3474e-10 9.0902e-11 ] 1.0000e+00
 8.149e+01 5.6000e-10 5.6000e-10 [ 5.7693e-62 1.0125e-26 5.2449e-15 4.7826e-10 8.1728e-11 ] 1.0000e+00
 8.160e+01 5.0110e-10 5.0110e-10 [ 3.6427e-62 7.8472e-27 4.4644e-15 4.2764e-10 7.3459e-11 ] 1.0000e+00
 8.171e+01 4.4828e-10 4.4828e-10 [ 2.2989e-62 6.0795e-27 3.7987e-15 3.8227e-10 6.6008e-11 ] 1.0000e+00
 8.183e+01 4.0093e-10 4.0093e-10 [ 1.4502e-62 4.7081e-27 3.2314e-15 3.4163e-10 5.9296e-11 ] 1.0000e+00
 8.194e+01 3.5848e-10 3.5848e-10 [ 9.1446e-63 3.6446e-27 2.7479e-15 3.0523e-10 5.3252e-11 ] 1.0000e+00
 8.205e+01 3.2045e-10 3.2045e-10 [ 5.7637e-63 2.8202e-27 2.3360e-15 2.7263e-10 4.7811e-11 ] 1.0000e+00
 8.217e+01 2.8637e-10 2.8637e-10 [ 3.6312e-63 2.1814e-27 1.9852e-15 2.4346e-10 4.2914e-11 ] 1.0000e+00
 8.228e+01 2.5585e-10 2.5585e-10 [ 2.2867e-63 1.6866e-27 1.6866e-15 2.1735e-10 3.8508e-11 ] 1.0000e+00
 8.239e+01 2.2853e-10 2.2853e-10 [ 1.4394e-63 1.3035e-27 1.4325e-15 1.9398e-10 3.4544e-11 ] 1.0000e+00
 8.251e+01 2.0407e-10 2.0407e-10 [ 9.0566e-64 1.0071e-27 1.2163e-15 1.7309e-10 3.0980e-11 ] 1.0000e+00
 8.262e+01 1.8218e-10 1.8218e-10 [ 5.6959e-64 7.7769e-28 1.0324e-15 1.5440e-10 2.7776e-11 ] 1.0000e+00
 8.273e+01 1.6260e-10 1.6260e-10 [ 3.5807e-64 6.0032e-28 8.7598e-16 1.3770e-10 2.4897e-11 ] 1.0000e+00
 8.285e+01 1.4508e-10 1.4508e-10 [ 2.2500e-64 4.6322e-28 7.4307e-16 1.2277e-10 2.2310e-11 ] 1.0000e+00
 8.296e+01 1.2942e-10 1.2942e-10 [ 1.4133e-64 3.5729e-28 6.3012e-16 1.0944e-10 1.9986e-11 ] 1.0000e+00
 8.307e+01 1.1542e-10 1.1542e-10 [ 8.8729e-65 2.7547e-28 5.3418e-16 9.7521e-11 1.7899e-11 ] 1.0000e+00
 8.319e+01 1.0291e-10 1.0291e-10 [ 5.5683e-65 2.1230e-28 4.5271e-16 8.6882e-11 1.6026e-11 ] 1.0000e+00
 8.330e+01 9.1729e-11 9.1729e-11 [ 3.4929e-65 1.6355e-28 3.8354e-16 7.7383e-11 1.4345e-11 ] 1.0000e+00
 8.341e+01 8.1743e-11 8.1743e-11 [ 2.1901e-65 1.2594e-28 3.2485e-16 6.8905e-11 1.2837e-11 ] 1.0000e+00
 8.353e+01 7.2825e-11 7.2825e-11 [ 1.3727e-65 9.6946e-29 2.7505e-16 6.1341e-11 1.1484e-11 ] 1.0000e+00
 8.364e+01 6.4864e-11 6.4864e-11 [ 8.5994e-66 7.4594e-29 2.3281e-16 5.4592e-11 1.0271e-11 ] 1.0000e+00
 8.375e+01 5.7758e-11 5.7758e-11 [ 5.3850e-66 5.7372e-29 1.9700e-16 4.8574e-11 9.1838e-12 ] 1.0000e+00
 8.387e+01 5.1417e-11 5.1417e-11 [ 3.3707e-66 4.4109e-29 1.6664e-16 4.3208e-11 8.2093e-12 ] 1.0000e+00
 8.398e+01 4.5761e-11 4.5761e-11 [ 2.1089e-66 3.3898e-29 1.4092e-16 3.8425e-11 7.3362e-12 ] 1.0000e+00
 8.409e+01 4.0717e-11 4.0717e-11 [ 1.3189e-66 2.6040e-29 1.1914e-16 3.4163e-11 6.5542e-12 ] 1.0000e+00
 8.421e+01 3.6219e-11 3.6219e-11 [ 8.2448e-67 1.9996e-29 1.0069e-16 3.0365e-11 5.8540e-12 ] 1.0000e+00
 8.432e+01 3.2211e-11 3.2211e-11 [ 5.1518e-67 1.5348e-29 8.5069e-17 2.6983e-11 5.2272e-12 ] 1.0000e+00
 8.443e+01 2.8638e-11 2.8638e-11 [ 3.2177e-67 1.1776e-29 7.1851e-17 2.3972e-11 4.6662e-12 ] 1.0000e+00
 8.455e+01 2.5455e-11 2.5455e-11 [ 2.0089e-67 9.0313e-30 6.0668e-17 2.1291e-11 4.1644e-12 ] 1.0000e+00
 8.466e+01 2.2621e-11 2.2621e-11 [ 1.2536e-67 6.9236e-30 5.1210e-17 1.8905e-11 3.7155e-12 ] 1.0000e+00
 8.477e+01 2.0097e-11 2.0097e-11 [ 7.8197e-68 5.3056e-30 4.3214e-17 1.6783e-11 3.3141e-12 ] 1.0000e+00
 8.489e+01 1.7850e-11 1.7850e-11 [ 4.8756e-68 4.0641e-30 3.6455e-17 1.4894e-11 2.9553e-12 ] 1.0000e+00
 8.500e+01 1.5850e-11 1.5850e-11 [ 3.0386e-68 3.1118e-30 3.0743e-17 1.3215e-11 2.6346e-12 ] 1.0000e+00
 8.511e+01 1.4071e-11 1.4071e-11 [ 1.8929e-68 2.3816e-30 2.5919e-17 1.1723e-11 2.3481e-12 ] 1.0000e+00
 8.523e+01 1.2488e-11 1.2488e-11 [ 1.1787e-68 1.8221e-30 2.1845e-17 1.0396e-11 2.0922e-12 ] 1.0000e+00
 8.534e+01 1.1081e-11 1.1081e-11 [ 7.3364e-69 1.3934e-30 1.8405e-17 9.2169e-12 1.8637e-12 ] 1.0000e+00
 8.545e+01 9.8293e-12 9.8293e-12 [ 4.5643e-69 1.0651e-30 1.5503e-17 8.1696e-12 1.6597e-12 ] 1.0000e+00
 8.557e+01 8.7171e-12 8.7171e-12 [ 2.8384e-69 8.1384e-31 1.3054e-17 7.2395e-12 1.4776e-12 ] 1.0000e+00
 8.568e+01 7.7288e-12 7.7288e-12 [ 1.7643e-69 6.2159e-31 1.0988e-17 6.4136e-12 1.3152e-12 ] 1.0000e+00
 8.579e+01 6.8509e-12 6.8509e-12 [ 1.0962e-69 4.7455e-31 9.2469e-18 5.6806e-12 1.1703e-12 ] 1.0000e+00
 8.591e+01 6.0712e-12 6.0712e-12 [ 6.8080e-70 3.6214e-31 7.7791e-18 5.0301e-12 1.0411e-12 ] 1.0000e+00
 8.602e+01 5.3788e-12 5.3788e-12 [ 4.2263e-70 2.7625e-31 6.5422e-18 4.4529e-12 9.2591e-13 ] 1.0000e+00
 8.613e+01 4.7643e-12 4.7643e-12 [ 2.6224e-70 2.1063e-31 5.5003e-18 3.9410e-12 8.2326e-13 ] 1.0000e+00
 8.625e+01 4.2188e-12 4.2188e-12 [ 1.6265e-70 1.6054e-31 4.6229e-18 3.4870e-12 7.3179e-13 ] 1.0000e+00
 8.636e+01 3.7349e-12 3.7349e-12 [ 1.0083e-70 1.2230e-31 3.8843e-18 3.0846e-12 6.5032e-13 ] 1.0000e+00
 8.647e+01 3.3057e-12 3.3057e-12 [ 6.2484e-71 9.3135e-32 3.2627e-18 2.7280e-12 5.7776e-13 ] 1.0000e+00
 8.659e+01 2.9251e-12 2.9251e-12 [ 3.8703e-71 7.0893e-32 2.7397e-18 2.4119e-12 5.1316e-13 ] 1.0000e+00
 8.670e+01 2.5877e-12 2.5877e-12 [ 2.3962e-71 5.3939e-32 2.2998e-18 2.1320e-12 4.5567e-13 ] 1.0000e+00
 8.681e+01 2.2886e-12 2.2886e-12 [ 1.4829e-71 4.1022e-32 1.9299e-18 1.8841e-12 4.0451e-13 ] 1.0000e+00
 8.693e+01 2.0236e-12 2.0236e-12 [ 9.1725e-72 3.1185e-32 1.6191e-18 1.6646e-12 3.5901e-13 ] 1.0000e+00
 8.704e+01 1.7888e-12 1.7888e-12 [ 5.6712e-72 2.3696e-32 1.3578e-18 1.4703e-12 3.1853e-13 ] 1.0000e+00
 8.715e+01 1.5809e-12 1.5809e-12 [ 3.5049e-72 1.7998e-32 1.1384e-18 1.2983e-12 2.8255e-13 ] 1.0000e+00
 8.727e+01 1.3968e-12 1.3968e-12 [ 2.1651e-72 1.3664e-32 9.5413e-19 1.1462e-12 2.5057e-13 ] 1.0000e+00
 8.738e+01 1.2338e-12 1.2338e-12 [ 1.3368e-72 1.0369e-32 7.9943e-19 1.0116e-12 2.2215e-13 ] 1.0000e+00
 8.749e+01 1.0896e-12 1.0896e-12 [ 8.2503e-73 7.8652e-33 6.6960e-19 8.9267e-13 1.9690e-13 ] 1.0000e+00
 8.761e+01 9.6198e-13 9.6198e-13 [ 5.0895e-73 5.9633e-33 5.6068e-19 7.8750e-13 1.7448e-13 ] 1.0000e+00
 8.772e+01 8.4911e-13 8.4911e-13 [ 3.1382e-73 4.5192e-33 4.6933e-19 6.9454e-13 1.5457e-13 ] 1.0000e+00
 8.783e+01 7.4930e-13 7.4930e-13 [ 1.9341e-73 3.4233e-33 3.9273e-19 6.1241e-13 1.3689e-13 ] 1.0000e+00
 8.795e+01 6.6106e-13 6.6106e-13 [ 1.1915e-73 2.5920e-33 3.2853e-19 5.3985e-13 1.2121e-13 ] 1.0000e+00
 8.806e+01 5.8307e-13 5.8307e-13 [ 7.3364e-74 1.9616e-33 2.7473e-19 4.7578e-13 1.0729e-13 ] 1.0000e+00
 8.817e+01 5.1416e-13 5.1416e-13 [ 4.5152e-74 1.4839e-33 2.2967e-19 4.1920e-13 9.4953e-14 ] 1.0000e+00
 8.829e+01 4.5327e-13 4.5327e-13 [ 2.7776e-74 1.1220e-33 1.9194e-19 3.6926e-13 8.4009e-14 ] 1.0000e+00
 8.840e+01 3.9950e-13 3.9950e-13 [ 1.7079e-74 8.4797e-34 1.6035e-19 3.2520e-13 7.4308e-14 ] 1.0000e+00
 8.851e+01 3.5203e-13 3.5203e-13 [ 1.0497e-74 6.4057e-34 1.3392e-19 2.8632e-13 6.5710e-14 ] 1.0000e+00
 8.863e+01 3.1011e-13 3.1011e-13 [ 6.4480e-75 4.8367e-34 1.1180e-19 2.5202e-13 5.8092e-14 ] 1.0000e+00
 8.874e+01 2.7313e-13 2.7313e-13 [ 3.9591e-75 3.6502e-34 9.3311e-20 2.2178e-13 5.1343e-14 ] 1.0000e+00
 8.885e+01 2.4049e-13 2.4049e-13 [ 2.4297e-75 2.7535e-34 7.7850e-20 1.9512e-13 4.5368e-14 ] 1.0000e+00
 8.897e+01 2.1170e-13 2.1170e-13 [ 1.4904e-75 2.0761e-34 6.4929e-20 1.7163e-13 4.0077e-14 ] 1.0000e+00
 8.908e+01 1.8632e-13 1.8632e-13 [ 9.1382e-76 1.5646e-34 5.4134e-20 1.5092e-13 3.5395e-14 ] 1.0000e+00
 8.919e+01 1.6393e-13 1.6393e-13 [ 5.6001e-76 1.1785e-34 4.5118e-20 1.3268e-13 3.1251e-14 ] 1.0000e+00
 8.931e+01 1.4420e-13 1.4420e-13 [ 3.4302e-76 8.8726e-35 3.7590e-20 1.1662e-13 2.7586e-14 ] 1.0000e+00
 8.942e+01 1.2682e-13 1.2682e-13 [ 2.1000e-76 6.6767e-35 3.1307e-20 1.0248e-13 2.4344e-14 ] 1.0000e+00
 8.953e+01 1.1150e-13 1.1150e-13 [ 1.2850e-76 5.0217e-35 2.6065e-20 9.0025e-14 2.1478e-14 ] 1.0000e+00
 8.965e+01 9.8013e-14 9.8013e-14 [ 7.8595e-77 3.7751e-35 2.1693e-20 7.9069e-14 1.8944e-14 ] 1.0000e+00
 8.976e+01 8.6134e-14 8.6134e-14 [ 4.8046e-77 2.8365e-35 1.8047e-20 6.9428e-14 1.6705e-14 ] 1.0000e+00
 8.987e+01 7.5676e-14 7.5676e-14 [ 2.9356e-77 2.1302e-35 1.5009e-20 6.0949e-14 1.4727e-14 ] 1.0000e+00
 8.999e+01 6.6472e-14 6.6472e-14 [ 1.7928e-77 1.5990e-35 1.2477e-20 5.3492e-14 1.2980e-14 ] 1.0000e+00
 9.010e+01 5.8373e-14 5.8373e-14 [ 1.0943e-77 1.1996e-35 1.0369e-20 4.6936e-14 1.1437e-14 ] 1.0000e+00
 9.021e+01 5.1249e-14 5.1249e-14 [ 6.6759e-78 8.9947e-36 8.6135e-21 4.1173e-14 1.0075e-14 ] 1.0000e+00
 9.033e+01 4.4983e-14 4.4983e-14 [ 4.0707e-78 6.7409e-36 7.1525e-21 3.6110e-14 8.8735e-15 ] 1.0000e+00
 9.044e+01 3.9474e-14 3.9474e-14 [ 2.4808e-78 5.0492e-36 5.9369e-21 3.1661e-14 7.8129e-15 ] 1.0000e+00
 9.055e+01 3.4631e-14 3.4631e-14 [ 1.5111e-78 3.7800e-36 4.9260e-21 2.7754e-14 6.8774e-15 ] 1.0000e+00
 9.067e+01 3.0375e-14 3.0375e-14 [ 9.1998e-79 2.8283e-36 4.0855e-21 2.4323e-14 6.0524e-15 ] 1.0000e+00
 9.078e+01 2.6636e-14 2.6636e-14 [ 5.5979e-79 2.1150e-36 3.3871e-21 2.1311e-14 5.3250e-15 ] 1.0000e+00
 9.089e+01 2.3351e-14 2.3351e-14 [ 3.4044e-79 1.5808e-36 2.8068e-21 1.8667e-14 4.6838e-15 ] 1.0000e+00
 9.101e+01 2.0467e-14 2.0467e-14 [ 2.0693e-79 1.1808e-36 2.3250e-21 1.6348e-14 4.1188e-15 ] 1.0000e+00
 9.112e+01 1.7934e-14 1.7934e-14 [ 1.2571e-79 8.8159e-37 1.9251e-21 1.4313e-14 3.6211e-15 ] 1.0000e+00
 9.123e+01 1.5711e-14 1.5711e-14 [ 7.6324e-80 6.5780e-37 1.5933e-21 1.2528e-14 3.1827e-15 ] 1.0000e+00
 9.135e+01 1.3761e-14 1.3761e-14 [ 4.6316e-80 4.9053e-37 1.3180e-21 1.0964e-14 2.7967e-15 ] 1.0000e+00
 9.146e+01 1.2049e-14 1.2049e-14 [ 2.8090e-80 3.6559e-37 1.0899e-21 9.5923e-15 2.4569e-15 ] 1.0000e+00
 9.157e+01 1.0548e-14 1.0548e-14 [ 1.7027e-80 2.7231e-37 9.0077e-22 8.3903e-15 2.1578e-15 ] 1.0000e+00
 9.169e+01 9.2318e-15 9.2318e-15 [ 1.0315e-80 2.0271e-37 7.4414e-22 7.3371e-15 1.8947e-15 ] 1.0000e+00
 9.180e+01 8.0779e-15 8.0779e-15 [ 6.2452e-81 1.5081e-37 6.1445e-22 6.4146e-15 1.6632e-15 ] 1.0000e+00
 9.191e+01 7.0665e-15 7.0665e-15 [ 3.7790e-81 1.1213e-37 5.0712e-22 5.6068e-15 1.4597e-15 ] 1.0000e+00
 9.203e+01 6.1802e-15 6.1802e-15 [ 2.2854e-81 8.3317e-38 4.1833e-22 4.8995e-15 1.2807e-15 ] 1.0000e+00
 9.214e+01 5.4038e-15 5.4038e-15 [ 1.3813e-81 6.1871e-38 3.4491e-22 4.2804e-15 1.1235e-15 ] 1.0000e+00
 9.225e+01 4.7239e-15 4.7239e-15 [ 8.3435e-82 4.5916e-38 2.8423e-22 3.7386e-15 9.8524e-16 ] 1.0000e+00
 9.237e+01 4.1285e-15 4.1285e-15 [ 5.0367e-82 3.4054e-38 2.3411e-22 3.2646e-15 8.6381e-16 ] 1.0000e+00
 9.248e+01 3.6072e-15 3.6072e-15 [ 3.0387e-82 2.5240e-38 1.9272e-22 2.8501e-15 7.5716e-16 ] 1.0000e+00
 9.259e+01 3.1511e-15 3.1511e-15 [ 1.8321e-82 1.8695e-38 1.5856e-22 2.4875e-15 6.6352e-16 ] 1.0000e+00
 9.271e+01 2.7519e-15 2.7519e-15 [ 1.1039e-82 1.3838e-38 1.3038e-22 2.1706e-15 5.8131e-16 ] 1.0000e+00
 9.282e+01 2.4028e-15 2.4028e-15 [ 6.6476e-83 1.0236e-38 1.0715e-22 1.8936e-15 5.0916e-16 ] 1.0000e+00
 9.293e+01 2.0974e-15 2.0974e-15 [ 4.0004e-83 7.5666e-39 8.8006e-23 1.6515e-15 4.4586e-16 ] 1.0000e+00
 9.305e+01 1.8304e-15 1.8304e-15 [ 2.4058e-83 5.5894e-39 7.2240e-23 1.4401e-15 3.9033e-16 ] 1.0000e+00
 9.316e+01 1.5970e-15 1.5970e-15 [ 1.4459e-83 4.1259e-39 5.9263e-23 1.2554e-15 3.4163e-16 ] 1.0000e+00
 9.327e+01 1.3931e-15 1.3931e-15 [ 8.6839e-84 3.0435e-39 4.8586e-23 1.0941e-15 2.9894e-16 ] 1.0000e+00
 9.339e+01 1.2149e-15 1.2149e-15 [ 5.2120e-84 2.2434e-39 3.9808e-23 9.5335e-16 2.6152e-16 ] 1.0000e+00
 9.350e+01 1.0592e-15 1.0592e-15 [ 3.1260e-84 1.6524e-39 3.2594e-23 8.3048e-16 2.2872e-16 ] 1.0000e+00
 9.361e+01 9.2326e-16 9.2326e-16 [ 1.8736e-84 1.2162e-39 2.6670e-23 7.2327e-16 1.9999e-16 ] 1.0000e+00
 9.373e+01 8.0457e-16 8.0457e-16 [ 1.1221e-84 8.9445e-40 2.1808e-23 6.2974e-16 1.7482e-16 ] 1.0000e+00
 9.384e+01 7.0097e-16 7.0097e-16 [ 6.7157e-85 6.5732e-40 1.7819e-23 5.4818e-16 1.5279e-16 ] 1.0000e+00
 9.395e+01 6.1055e-16 6.1055e-16 [ 4.0163e-85 4.8267e-40 1.4550e-23 4.7706e-16 1.3350e-16 ] 1.0000e+00
 9.407e+01 5.3168e-16 5.3168e-16 [ 2.4001e-85 3.5414e-40 1.1872e-23 4.1506e-16 1.1662e-16 ] 1.0000e+00
 9.418e+01 4.6287e-16 4.6287e-16 [ 1.4332e-85 2.5962e-40 9.6790e-24 3.6103e-16 1.0184e-16 ] 1.0000e+00
 9.429e+01 4.0287e-16 4.0287e-16 [ 8.5513e-86 1.9017e-40 7.8852e-24 3.1395e-16 8.8919e-17 ] 1.0000e+00
 9.441e+01 3.5056e-16 3.5056e-16 [ 5.0982e-86 1.3918e-40 6.4187e-24 2.7295e-16 7.7616e-17 ] 1.0000e+00
 9.452e+01 3.0497e-16 3.0497e-16 [ 3.0370e-86 1.0177e-40 5.2207e-24 2.3723e-16 6.7734e-17 ] 1.0000e+00
 9.463e+01 2.6524e-16 2.6524e-16 [ 1.8076e-86 7.4353e-41 4.2427e-24 2.0614e-16 5.9096e-17 ] 1.0000e+00
 9.475e+01 2.3062e-16 2.3062e-16 [ 1.0750e-86 5.4271e-41 3.4450e-24 1.7907e-16 5.1547e-17 ] 1.0000e+00
 9.486e+01 2.0047e-16 2.0047e-16 [ 6.3873e-87 3.9575e-41 2.7947e-24 1.5552e-16 4.4951e-17 ] 1.0000e+00
 9.497e+01 1.7421e-16 1.7421e-16 [ 3.7917e-87 2.8831e-41 2.2651e-24 1.3502e-16 3.9190e-17 ] 1.0000e+00
 9.509e+01 1.5136e-16 1.5136e-16 [ 2.2488e-87 2.0983e-41 1.8341e-24 1.1720e-16 3.4159e-17 ] 1.0000e+00
 9.520e+01 1.3146e-16 1.3146e-16 [ 1.3325e-87 1.5256e-41 1.4836e-24 1.0170e-16 2.9766e-17 ] 1.0000e+00
 9.531e+01 1.1415e-16 1.1415e-16 [ 7.8875e-88 1.1081e-41 1.1989e-24 8.8218e-17 2.5933e-17 ] 1.0000e+00
 9.543e+01 9.9089e-17 9.9089e-17 [ 4.6643e-88 8.0392e-42 9.6787e-25 7.6502e-17 2.2587e-17 ] 1.0000e+00
 9.554e+01 8.5989e-17 8.5989e-17 [ 2.7553e-88 5.8261e-42 7.8047e-25 6.6321e-17 1.9668e-17 ] 1.0000e+00
 9.565e+01 7.4598e-17 7.4598e-17 [ 1.6259e-88 4.2174e-42 6.2866e-25 5.7475e-17 1.7123e-17 ] 1.0000e+00
 9.577e+01 6.4695e-17 6.4695e-17 [ 9.5836e-89 3.0493e-42 5.0578e-25 4.9792e-17 1.4903e-17 ] 1.0000e+00
 9.588e+01 5.6087e-17 5.6087e-17 [ 5.6424e-89 2.2020e-42 4.0643e-25 4.3120e-17 1.2968e-17 ] 1.0000e+00
 9.599e+01 4.8608e-17 4.8608e-17 [ 3.3180e-89 1.5882e-42 3.2618e-25 3.7327e-17 1.1281e-17 ] 1.0000e+00
 9.611e+01 4.2110e-17 4.2110e-17 [ 1.9487e-89 1.1439e-42 2.6143e-25 3.2299e-17 9.8113e-18 ] 1.0000e+00
 9.622e+01 3.6467e-17 3.6467e-17 [ 1.1430e-89 8.2279e-43 2.0925e-25 2.7936e-17 8.5310e-18 ] 1.0000e+00
 9.633e+01 3.1566e-17 3.1566e-17 [ 6.6953e-90 5.9097e-43 1.6724e-25 2.4150e-17 7.4160e-18 ] 1.0000e+00
 9.645e+01 2.7311e-17 2.7311e-17 [ 3.9162e-90 4.2383e-43 1.3347e-25 2.0866e-17 6.4451e-18 ] 1.0000e+00
 9.656e+01 2.3619e-17 2.3619e-17 [ 2.2872e-90 3.0348e-43 1.0635e-25 1.8019e-17 5.5998e-18 ] 1.0000e+00
 9.667e+01 2.0414e-17 2.0414e-17 [ 1.3337e-90 2.1694e-43 8.4597e-26 1.5550e-17 4.8642e-18 ] 1.0000e+00
 9.679e+01 1.7634e-17 1.7634e-17 [ 7.7645e-91 1.5482e-43 6.7177e-26 1.3410e-17 4.2242e-18 ] 1.0000e+00
 9.690e+01 1.5222e-17 1.5222e-17 [ 4.5122e-91 1.1028e-43 5.3245e-26 1.1555e-17 3.6673e-18 ] 1.0000e+00
 9.701e+01 1.3131e-17 1.3131e-17 [ 2.6173e-91 7.8400e-44 4.2120e-26 9.9482e-18 3.1830e-18 ] 1.0000e+00
 9.713e+01 1.1318e-17 1.1318e-17 [ 1.5152e-91 5.5622e-44 3.3250e-26 8.5561e-18 2.7618e-18 ] 1.0000e+00
 9.724e+01 9.7460e-18 9.7460e-18 [ 8.7530e-92 3.9375e-44 2.6189e-26 7.3504e-18 2.3956e-18 ] 1.0000e+00
 9.735e+01 8.3836e-18 8.3836e-18 [ 5.0449e-92 2.7808e-44 2.0578e-26 6.3063e-18 2.0773e-18 ] 1.0000e+00
 9.747e+01 7.2028e-18 7.2028e-18 [ 2.9006e-92 1.9589e-44 1.6128e-26 5.4022e-18 1.8006e-18 ] 1.0000e+00
 9.758e+01 6.1796e-18 6.1796e-18 [ 1.6633e-92 1.3762e-44 1.2605e-26 4.6196e-18 1.5601e-18 ] 1.0000e+00
 9.769e+01 5.2930e-18 5.2930e-18 [ 9.5105e-93 9.6393e-45 9.8216e-27 3.9420e-18 1.3510e-18 ] 1.0000e+00
 9.781e+01 4.5249e-18 4.5249e-18 [ 5.4208e-93 6.7298e-45 7.6272e-27 3.3556e-18 1.1693e-18 ] 1.0000e+00
 9.792e+01 3.8592e-18 3.8592e-18 [ 3.0790e-93 4.6818e-45 5.9013e-27 2.8479e-18 1.0113e-18 ] 1.0000e+00
 9.803e+01 3.2824e-18 3.2824e-18 [ 1.7422e-93 3.2443e-45 4.5472e-27 2.4085e-18 8.7392e-19 ] 1.0000e+00
 9.815e+01 2.7825e-18 2.7825e-18 [ 9.8156e-94 2.2382e-45 3.4875e-27 2.0281e-18 7.5433e-19 ] 1.0000e+00
 9.826e+01 2.3490e-18 2.3490e-18 [ 5.5034e-94 1.5365e-45 2.6607e-27 1.6989e-18 6.5014e-19 ] 1.0000e+00
 9.837e+01 1.9731e-18 1.9731e-18 [ 3.0688e-94 1.0489e-45 2.0174e-27 1.4139e-18 5.5922e-19 ] 1.0000e+00
 9.849e+01 1.6469e-18 1.6469e-18 [ 1.7004e-94 7.1134e-46 1.5186e-27 1.1672e-18 4.7970e-19 ] 1.0000e+00
 9.860e+01 1.3638e-18 1.3638e-18 [ 9.3529e-95 4.7875e-46 1.1333e-27 9.5391e-19 4.0990e-19 ] 1.0000e+00
 9.871e+01 1.1179e-18 1.1179e-18 [ 5.0999e-95 3.1926e-46 8.3672e-28 7.6961e-19 3.4833e-19 ] 1.0000e+00
 9.883e+01 9.0442e-19 9.0442e-19 [ 2.7519e-95 2.1052e-46 6.0956e-28 6.1076e-19 2.9366e-19 ] 1.0000e+00
 9.894e+01 7.1910e-19 7.1910e-19 [ 1.4659e-95 1.3684e-46 4.3645e-28 4.7442e-19 2.4468e-19 ] 1.0000e+00
 9.905e+01 5.5856e-19 5.5856e-19 [ 7.6814e-96 8.7275e-47 3.0538e-28 3.5821e-19 2.0035e-19 ] 1.0000e+00
 9.917e+01 4.2008e-19 4.2008e-19 [ 3.9380e-96 5.4222e-47 2.0697e-28 2.6027e-19 1.5981e-19 ] 1.0000e+00
 9.928e+01 3.0165e-19 3.0165e-19 [ 1.9574e-96 3.2413e-47 1.3397e-28 1.7919e-19 1.2246e-19 ] 1.0000e+00
 9.939e+01 2.0204e-19 2.0204e-19 [ 9.2731e-97 1.8233e-47 8.0819e-29 1.1396e-19 8.8081e-20 ] 1.0000e+00
 9.951e+01 1.2083e-19 1.2083e-19 [ 4.0370e-97 9.2351e-48 4.3374e-29 6.3817e-20 5.7018e-20 ] 1.0000e+00
 9.962e+01 5.8637e-20 5.8637e-20 [ 1.4713e-97 3.7979e-48 1.8630e-29 2.8273e-20 3.0364e-20 ] 1.0000e+00
 9.973e+01 1.7251e-20 1.7251e-20 [ 3.2408e-98 9.0517e-49 4.5620e-30 7.0444e-21 1.0207e-20 ] 1.0000e+00
 9.985e+01 0.0000e+00 0.0000e+00 [ 0.0000e+00 0.0000e+00 0.0000e+00 0.0000e+00 0.0000e+00 ] 1.0000e+00
