 0.000e+00 0.0000e+00 0.0000e+00 [ 0.0000e+00 0.0000e+00 0.0000e+00 0.0000e+00 0.0000e+00 ] 1.0000e+00
 1.133e-01 4.8431e-02 4.8431e-02 [ 4.8162e-02 1.2915e-04 6.5754e-05 6.6756e-05 6.7313e-06 ] 9.5157e-01
 2.267e-01 9.6869e-02 9.6869e-02 [ 9.5784e-02 5.2366e-04 2.6660e-04 2.7069e-04 2.3918e-05 ] 9.0313e-01
 3.400e-01 1.3758e-01 1.3758e-01 [ 1.3510e-01 1.1997e-03 6.1073e-04 6.1882e-04 4.8216e-05 ] 8.6242e-01
 4.533e-01 1.7577e-01 1.7577e-01 [ 1.7129e-01 2.1762e-03 1.1076e-03 1.1188e-03 7.7189e-05 ] 8.2423e-01
 5.667e-01 2.1248e-01 2.1248e-01 [ 2.0536e-01 3.4693e-03 1.7654e-03 1.7766e-03 1.0885e-04 ] 7.8752e-01
 6.800e-01 2.4823e-01 2.4823e-01 [ 2.3781e-01 5.0884e-03 2.5888e-03 2.5939e-03 1.4170e-04 ] 7.5177e-01
 7.933e-01 2.8317e-01 2.8317e-01 [ 2.6882e-01 7.0321e-03 3.5767e-03 3.5666e-03 1.7475e-04 ] 7.1683e-01
 9.067e-01 3.1717e-01 3.1717e-01 [ 2.9827e-01 9.2858e-03 4.7214e-03 4.6836e-03 2.0732e-04 ] 6.8283e-01
 1.020e+00 3.4990e-01 3.4990e-01 [ 3.2591e-01 1.1821e-02 6.0079e-03 5.9270e-03 2.3894e-04 ] 6.5010e-01
 1.133e+00 3.8094e-01 3.8094e-01 [ 3.5139e-01 1.4595e-02 7.4148e-03 7.2724e-03 2.6929e-04 ] 6.1906e-01
 1.247e+00 4.0983e-01 4.0983e-01 [ 3.7436e-01 1.7556e-02 8.9151e-03 8.6915e-03 2.9811e-04 ] 5.9017e-01
 1.360e+00 4.3616e-01 4.3616e-01 [ 3.9456e-01 2.0648e-02 1.0480e-02 1.0154e-02 3.2520e-04 ] 5.6384e-01
 1.473e+00 4.5966e-01 4.5966e-01 [ 4.1179e-01 2.3812e-02 1.2078e-02 1.1630e-02 3.5045e-04 ] 5.4034e-01
 1.587e+00 4.8018e-01 4.8018e-01 [ 4.2603e-01 2.6996e-02 1.3684e-02 1.3093e-02 3.7380e-04 ] 5.1982e-01
 1.700e+00 4.9771e-01 4.9771e-01 [ 4.3736e-01 3.0153e-02 1.5274e-02 1.4521e-02 3.9529e-04 ] 5.0229e-01
 1.813e+00 5.1236e-01 5.1236e-01 [ 4.4597e-01 3.3248e-02 1.6828e-02 1.5896e-02 4.1500e-04 ] 4.8764e-01
 1.927e+00 5.2434e-01 5.2434e-01 [ 4.5211e-01 3.6254e-02 1.8333e-02 1.7208e-02 4.3306e-04 ] 4.7566e-01
 2.040e+00 5.3392e-01 5.3392e-01 [ 4.5608e-01 3.9155e-02 1.9782e-02 1.8448e-02 4.4962e-04 ] 4.6608e-01
 2.153e+00 5.4139e-01 5.4139e-01 [ 4.5820e-01 4.1942e-02 2.1168e-02 1.9615e-02 4.6485e-04 ] 4.5861e-01
 2.267e+00 5.4705e-01 5.4705e-01 [ 4.5876e-01 4.4612e-02 2.2491e-02 2.0708e-02 4.7892e-04 ] 4.5295e-01
 2.380e+00 5.5119e-01 5.5119e-01 [ 4.5805e-01 4.7168e-02 2.3751e-02 2.1730e-02 4.9197e-04 ] 4.4881e-01
 2.493e+00 5.5406e-01 5.5406e-01 [ 4.5631e-01 4.9614e-02 2.4951e-02 2.2684e-02 5.0416e-04 ] 4.4594e-01
 2.607e+00 5.5589e-01 5.5589e-01 [ 4.5375e-01 5.1957e-02 2.6094e-02 2.3575e-02 5.1559e-04 ] 4.4411e-01
 2.720e+00 5.5689e-01 5.5689e-01 [ 4.5056e-01 5.4206e-02 2.7183e-02 2.4407e-02 5.2637e-04 ] 4.4312e-01
 2.833e+00 5.5720e-01 5.5720e-01 [ 4.4689e-01 5.6367e-02 2.8224e-02 2.5186e-02 5.3660e-04 ] 4.4280e-01
 2.947e+00 5.5699e-01 5.5699e-01 [ 4.4286e-01 5.8451e-02 2.9220e-02 2.5916e-02 5.4636e-04 ] 4.4301e-01
 3.060e+00 5.5636e-01 5.5636e-01 [ 4.3856e-01 6.0465e-02 3.0175e-02 2.6602e-02 5.5572e-04 ] 4.4364e-01
 3.173e+00 5.5541e-01 5.5541e-01 [ 4.3409e-01 6.2418e-02 3.1093e-02 2.7249e-02 5.6472e-04 ] 4.4459e-01
 3.287e+00 5.5422e-01 5.5422e-01 [ 4.2949e-01 6.4315e-02 3.1978e-02 2.7861e-02 5.7343e-04 ] 4.4578e-01
 3.400e+00 5.5285e-01 5.5285e-01 [ 4.2483e-01 6.6165e-02 3.2834e-02 2.8441e-02 5.8188e-04 ] 4.4715e-01
 3.513e+00 5.5136e-01 5.5136e-01 [ 4.2014e-01 6.7974e-02 3.3663e-02 2.8994e-02 5.9012e-04 ] 4.4864e-01
 3.627e+00 5.4978e-01 5.4978e-01 [ 4.1545e-01 6.9747e-02 3.4468e-02 2.9521e-02 5.9818e-04 ] 4.5022e-01
 3.740e+00 5.4815e-01 5.4815e-01 [ 4.1077e-01 7.1490e-02 3.5253e-02 3.0027e-02 6.0608e-04 ] 4.5185e-01
 3.853e+00 5.4649e-01 5.4649e-01 [ 4.0614e-01 7.3208e-02 3.6019e-02 3.0514e-02 6.1386e-04 ] 4.5351e-01
 3.967e+00 5.4484e-01 5.4484e-01 [ 4.0156e-01 7.4905e-02 3.6770e-02 3.0984e-02 6.2154e-04 ] 4.5516e-01
 4.080e+00 5.4319e-01 5.4319e-01 [ 3.9703e-01 7.6585e-02 3.7506e-02 3.1440e-02 6.2914e-04 ] 4.5681e-01
 4.193e+00 5.4158e-01 5.4158e-01 [ 3.9257e-01 7.8253e-02 3.8231e-02 3.1883e-02 6.3667e-04 ] 4.5843e-01
 4.307e+00 5.3999e-01 5.3999e-01 [ 3.8818e-01 7.9910e-02 3.8946e-02 3.2316e-02 6.4416e-04 ] 4.6001e-01
 4.420e+00 5.3846e-01 5.3846e-01 [ 3.8385e-01 8.1561e-02 3.9651e-02 3.2741e-02 6.5162e-04 ] 4.6154e-01
 4.533e+00 5.3697e-01 5.3697e-01 [ 3.7960e-01 8.3207e-02 4.0350e-02 3.3158e-02 6.5906e-04 ] 4.6303e-01
 4.647e+00 5.3553e-01 5.3553e-01 [ 3.7541e-01 8.4851e-02 4.1043e-02 3.3568e-02 6.6650e-04 ] 4.6447e-01
 4.760e+00 5.3416e-01 5.3416e-01 [ 3.7128e-01 8.6496e-02 4.1731e-02 3.3975e-02 6.7394e-04 ] 4.6585e-01
 4.873e+00 5.3283e-01 5.3283e-01 [ 3.6722e-01 8.8142e-02 4.2415e-02 3.4377e-02 6.8140e-04 ] 4.6717e-01
 4.987e+00 5.3157e-01 5.3157e-01 [ 3.6321e-01 8.9792e-02 4.3097e-02 3.4777e-02 6.8888e-04 ] 4.6843e-01
 5.100e+00 5.3036e-01 5.3036e-01 [ 3.5927e-01 9.1447e-02 4.3778e-02 3.5175e-02 6.9639e-04 ] 4.6964e-01
 5.213e+00 5.2921e-01 5.2921e-01 [ 3.5537e-01 9.3108e-02 4.4457e-02 3.5572e-02 7.0393e-04 ] 4.7079e-01
 5.327e+00 5.2812e-01 5.2812e-01 [ 3.5153e-01 9.4775e-02 4.5136e-02 3.5969e-02 7.1152e-04 ] 4.7188e-01
 5.440e+00 5.2708e-01 5.2708e-01 [ 3.4773e-01 9.6450e-02 4.5815e-02 3.6366e-02 7.1915e-04 ] 4.7292e-01
 5.553e+00 5.2609e-01 5.2609e-01 [ 3.4397e-01 9.8134e-02 4.6496e-02 3.6764e-02 7.2684e-04 ] 4.7391e-01
 5.667e+00 5.2514e-01 5.2514e-01 [ 3.4024e-01 9.9825e-02 4.7177e-02 3.7163e-02 7.3457e-04 ] 4.7486e-01
 5.780e+00 5.2425e-01 5.2425e-01 [ 3.3656e-01 1.0153e-01 4.7860e-02 3.7564e-02 7.4236e-04 ] 4.7575e-01
 5.893e+00 5.2340e-01 5.2340e-01 [ 3.3290e-01 1.0323e-01 4.8545e-02 3.7967e-02 7.5021e-04 ] 4.7660e-01
 6.007e+00 5.2259e-01 5.2259e-01 [ 3.2927e-01 1.0495e-01 4.9233e-02 3.8372e-02 7.5812e-04 ] 4.7741e-01
 6.120e+00 5.2182e-01 5.2182e-01 [ 3.2567e-01 1.0668e-01 4.9923e-02 3.8780e-02 7.6609e-04 ] 4.7818e-01
 6.233e+00 5.2108e-01 5.2108e-01 [ 3.2209e-01 1.0842e-01 5.0615e-02 3.9191e-02 7.7412e-04 ] 4.7892e-01
 6.347e+00 5.2039e-01 5.2039e-01 [ 3.1853e-01 1.1016e-01 5.1311e-02 3.9605e-02 7.8221e-04 ] 4.7961e-01
 6.460e+00 5.1972e-01 5.1972e-01 [ 3.1498e-01 1.1191e-01 5.2010e-02 4.0023e-02 7.9037e-04 ] 4.8028e-01
 6.573e+00 5.1908e-01 5.1908e-01 [ 3.1146e-01 1.1367e-01 5.2712e-02 4.0443e-02 7.9859e-04 ] 4.8092e-01
 6.687e+00 5.1847e-01 5.1847e-01 [ 3.0794e-01 1.1544e-01 5.3418e-02 4.0867e-02 8.0687e-04 ] 4.8153e-01
 6.800e+00 5.1789e-01 5.1789e-01 [ 3.0444e-01 1.1721e-01 5.4127e-02 4.1294e-02 8.1522e-04 ] 4.8211e-01
 6.913e+00 5.1732e-01 5.1732e-01 [ 3.0095e-01 1.1899e-01 5.4839e-02 4.1725e-02 8.2363e-04 ] 4.8268e-01
 7.027e+00 5.1678e-01 5.1678e-01 [ 2.9746e-01 1.2078e-01 5.5554e-02 4.2160e-02 8.3210e-04 ] 4.8322e-01
 7.140e+00 5.1626e-01 5.1626e-01 [ 2.9398e-01 1.2257e-01 5.6273e-02 4.2598e-02 8.4063e-04 ] 4.8374e-01
 7.253e+00 5.1575e-01 5.1575e-01 [ 2.9051e-01 1.2436e-01 5.6996e-02 4.3040e-02 8.4922e-04 ] 4.8425e-01
 7.367e+00 5.1526e-01 5.1526e-01 [ 2.8704e-01 1.2616e-01 5.7721e-02 4.3485e-02 8.5788e-04 ] 4.8474e-01
 7.480e+00 5.1479e-01 5.1479e-01 [ 2.8358e-01 1.2795e-01 5.8450e-02 4.3934e-02 8.6659e-04 ] 4.8521e-01
 7.593e+00 5.1432e-01 5.1432e-01 [ 2.8012e-01 1.2976e-01 5.9183e-02 4.4386e-02 8.7536e-04 ] 4.8568e-01
 7.707e+00 5.1387e-01 5.1387e-01 [ 2.7667e-01 1.3156e-01 5.9918e-02 4.4842e-02 8.8418e-04 ] 4.8613e-01
 7.820e+00 5.1342e-01 5.1342e-01 [ 2.7321e-01 1.3336e-01 6.0657e-02 4.5301e-02 8.9307e-04 ] 4.8658e-01
 7.933e+00 5.1299e-01 5.1299e-01 [ 2.6976e-01 1.3516e-01 6.1399e-02 4.5763e-02 9.0200e-04 ] 4.8701e-01
 8.047e+00 5.1256e-01 5.1256e-01 [ 2.6631e-01 1.3696e-01 6.2144e-02 4.6229e-02 9.1099e-04 ] 4.8744e-01
 8.160e+00 5.1213e-01 5.1213e-01 [ 2.6287e-01 1.3876e-01 6.2892e-02 4.6698e-02 9.2004e-04 ] 4.8787e-01
 8.273e+00 5.1172e-01 5.1172e-01 [ 2.5942e-01 1.4055e-01 6.3643e-02 4.7171e-02 9.2913e-04 ] 4.8829e-01
 8.387e+00 5.1130e-01 5.1130e-01 [ 2.5598e-01 1.4234e-01 6.4397e-02 4.7646e-02 9.3828e-04 ] 4.8870e-01
 8.500e+00 5.1089e-01 5.1089e-01 [ 2.5254e-01 1.4413e-01 6.5153e-02 4.8124e-02 9.4747e-04 ] 4.8911e-01
 8.613e+00 5.1048e-01 5.1048e-01 [ 2.4910e-01 1.4590e-01 6.5912e-02 4.8606e-02 9.5671e-04 ] 4.8952e-01
 8.727e+00 5.1007e-01 5.1007e-01 [ 2.4566e-01 1.4768e-01 6.6674e-02 4.9090e-02 9.6600e-04 ] 4.8993e-01
 8.840e+00 5.0967e-01 5.0967e-01 [ 2.4223e-01 1.4944e-01 6.7439e-02 4.9577e-02 9.7534e-04 ] 4.9033e-01
 8.953e+00 5.0926e-01 5.0926e-01 [ 2.3880e-01 1.5120e-01 6.8206e-02 5.0067e-02 9.8472e-04 ] 4.9074e-01
 9.067e+00 5.0886e-01 5.0886e-01 [ 2.3538e-01 1.5295e-01 6.8975e-02 5.0560e-02 9.9414e-04 ] 4.9115e-01
 9.180e+00 5.0845e-01 5.0845e-01 [ 2.3196e-01 1.5468e-01 6.9747e-02 5.1055e-02 1.0036e-03 ] 4.9155e-01
 9.293e+00 5.0804e-01 5.0804e-01 [ 2.2854e-01 1.5641e-01 7.0520e-02 5.1553e-02 1.0131e-03 ] 4.9196e-01
 9.407e+00 5.0763e-01 5.0763e-01 [ 2.2514e-01 1.5812e-01 7.1296e-02 5.2053e-02 1.0227e-03 ] 4.9237e-01
 9.520e+00 5.0722e-01 5.0722e-01 [ 2.2173e-01 1.5983e-01 7.2075e-02 5.2556e-02 1.0323e-03 ] 4.9278e-01
 9.633e+00 5.0681e-01 5.0681e-01 [ 2.1834e-01 1.6151e-01 7.2855e-02 5.3061e-02 1.0419e-03 ] 4.9319e-01
 9.747e+00 5.0639e-01 5.0639e-01 [ 2.1495e-01 1.6319e-01 7.3637e-02 5.3568e-02 1.0515e-03 ] 4.9361e-01
 9.860e+00 5.0597e-01 5.0597e-01 [ 2.1157e-01 1.6485e-01 7.4421e-02 5.4078e-02 1.0612e-03 ] 4.9403e-01
 9.973e+00 5.0555e-01 5.0555e-01 [ 2.0819e-01 1.6649e-01 7.5207e-02 5.4589e-02 1.0710e-03 ] 4.9445e-01
 1.009e+01 5.0513e-01 5.0513e-01 [ 2.0483e-01 1.6812e-01 7.5995e-02 5.5103e-02 1.0808e-03 ] 4.9487e-01
 1.020e+01 5.0470e-01 5.0470e-01 [ 2.0148e-01 1.6973e-01 7.6784e-02 5.5619e-02 1.0906e-03 ] 4.9530e-01
 1.031e+01 5.0427e-01 5.0427e-01 [ 1.9814e-01 1.7132e-01 7.7575e-02 5.6137e-02 1.1004e-03 ] 4.9573e-01
 1.043e+01 5.0383e-01 5.0383e-01 [ 1.9481e-01 1.7289e-01 7.8368e-02 5.6656e-02 1.1103e-03 ] 4.9617e-01
 1.054e+01 5.0339e-01 5.0339e-01 [ 1.9149e-01 1.7444e-01 7.9162e-02 5.7178e-02 1.1202e-03 ] 4.9661e-01
 1.065e+01 5.0295e-01 5.0295e-01 [ 1.8819e-01 1.7597e-01 7.9957e-02 5.7701e-02 1.1301e-03 ] 4.9705e-01
 1.077e+01 5.0250e-01 5.0250e-01 [ 1.8490e-01 1.7748e-01 8.0754e-02 5.8226e-02 1.1401e-03 ] 4.9750e-01
 1.088e+01 5.0205e-01 5.0205e-01 [ 1.8162e-01 1.7897e-01 8.1553e-02 5.8753e-02 1.1501e-03 ] 4.9795e-01
 1.099e+01 5.0160e-01 5.0160e-01 [ 1.7836e-01 1.8044e-01 8.2352e-02 5.9282e-02 1.1601e-03 ] 4.9841e-01
 1.111e+01 5.0114e-01 5.0114e-01 [ 1.7512e-01 1.8188e-01 8.3153e-02 5.9812e-02 1.1702e-03 ] 4.9887e-01
 1.122e+01 5.0067e-01 5.0067e-01 [ 1.7190e-01 1.8330e-01 8.3955e-02 6.0343e-02 1.1803e-03 ] 4.9933e-01
 1.133e+01 5.0020e-01 5.0020e-01 [ 1.6869e-01 1.8469e-01 8.4758e-02 6.0876e-02 1.1904e-03 ] 4.9980e-01
 1.145e+01 4.9973e-01 4.9973e-01 [ 1.6550e-01 1.8605e-01 8.5562e-02 6.1411e-02 1.2005e-03 ] 5.0027e-01
 1.156e+01 4.9925e-01 4.9925e-01 [ 1.6233e-01 1.8739e-01 8.6367e-02 6.1947e-02 1.2107e-03 ] 5.0075e-01
 1.167e+01 4.9877e-01 4.9877e-01 [ 1.5918e-01 1.8871e-01 8.7172e-02 6.2484e-02 1.2209e-03 ] 5.0123e-01
 1.179e+01 4.9828e-01 4.9828e-01 [ 1.5606e-01 1.8999e-01 8.7979e-02 6.3023e-02 1.2311e-03 ] 5.0172e-01
 1.190e+01 4.9779e-01 4.9779e-01 [ 1.5295e-01 1.9125e-01 8.8786e-02 6.3563e-02 1.2414e-03 ] 5.0222e-01
 1.201e+01 4.9729e-01 4.9729e-01 [ 1.4987e-01 1.9247e-01 8.9594e-02 6.4104e-02 1.2516e-03 ] 5.0271e-01
 1.213e+01 4.9679e-01 4.9679e-01 [ 1.4681e-01 1.9367e-01 9.0403e-02 6.4647e-02 1.2619e-03 ] 5.0321e-01
 1.224e+01 4.9628e-01 4.9628e-01 [ 1.4377e-01 1.9483e-01 9.1212e-02 6.5190e-02 1.2722e-03 ] 5.0372e-01
 1.235e+01 4.9577e-01 4.9577e-01 [ 1.4076e-01 1.9597e-01 9.2021e-02 6.5735e-02 1.2825e-03 ] 5.0424e-01
 1.247e+01 4.9525e-01 4.9525e-01 [ 1.3777e-01 1.9707e-01 9.2831e-02 6.6281e-02 1.2929e-03 ] 5.0475e-01
 1.258e+01 4.9473e-01 4.9473e-01 [ 1.3481e-01 1.9814e-01 9.3641e-02 6.6828e-02 1.3033e-03 ] 5.0528e-01
 1.269e+01 4.9420e-01 4.9420e-01 [ 1.3188e-01 1.9918e-01 9.4451e-02 6.7375e-02 1.3137e-03 ] 5.0580e-01
 1.281e+01 4.9366e-01 4.9366e-01 [ 1.2897e-01 2.0018e-01 9.5261e-02 6.7924e-02 1.3241e-03 ] 5.0634e-01
 1.292e+01 4.9312e-01 4.9312e-01 [ 1.2610e-01 2.0115e-01 9.6071e-02 6.8474e-02 1.3345e-03 ] 5.0688e-01
 1.303e+01 4.9258e-01 4.9258e-01 [ 1.2325e-01 2.0208e-01 9.6882e-02 6.9024e-02 1.3449e-03 ] 5.0742e-01
 1.315e+01 4.9203e-01 4.9203e-01 [ 1.2043e-01 2.0298e-01 9.7692e-02 6.9576e-02 1.3554e-03 ] 5.0797e-01
 1.326e+01 4.9148e-01 4.9148e-01 [ 1.1764e-01 2.0384e-01 9.8501e-02 7.0128e-02 1.3659e-03 ] 5.0853e-01
 1.337e+01 4.9091e-01 4.9091e-01 [ 1.1488e-01 2.0467e-01 9.9311e-02 7.0681e-02 1.3764e-03 ] 5.0909e-01
 1.349e+01 4.9035e-01 4.9035e-01 [ 1.1215e-01 2.0546e-01 1.0012e-01 7.1235e-02 1.3869e-03 ] 5.0965e-01
 1.360e+01 4.8978e-01 4.8978e-01 [ 1.0945e-01 2.0621e-01 1.0093e-01 7.1790e-02 1.3974e-03 ] 5.1022e-01
 1.371e+01 4.8920e-01 4.8920e-01 [ 1.0679e-01 2.0692e-01 1.0174e-01 7.2345e-02 1.4080e-03 ] 5.1080e-01
 1.383e+01 4.8862e-01 4.8862e-01 [ 1.0416e-01 2.0760e-01 1.0254e-01 7.2901e-02 1.4185e-03 ] 5.1138e-01
 1.394e+01 4.8803e-01 4.8803e-01 [ 1.0156e-01 2.0823e-01 1.0335e-01 7.3458e-02 1.4291e-03 ] 5.1197e-01
 1.405e+01 4.8744e-01 4.8744e-01 [ 9.8996e-02 2.0883e-01 1.0416e-01 7.4015e-02 1.4397e-03 ] 5.1256e-01
 1.417e+01 4.8684e-01 4.8684e-01 [ 9.6465e-02 2.0939e-01 1.0496e-01 7.4572e-02 1.4503e-03 ] 5.1316e-01
 1.428e+01 4.8623e-01 4.8623e-01 [ 9.3969e-02 2.0991e-01 1.0577e-01 7.5131e-02 1.4609e-03 ] 5.1377e-01
 1.439e+01 4.8562e-01 4.8562e-01 [ 9.1508e-02 2.1039e-01 1.0657e-01 7.5690e-02 1.4715e-03 ] 5.1438e-01
 1.451e+01 4.8501e-01 4.8501e-01 [ 8.9082e-02 2.1082e-01 1.0737e-01 7.6249e-02 1.4821e-03 ] 5.1499e-01
 1.462e+01 4.8438e-01 4.8438e-01 [ 8.6691e-02 2.1122e-01 1.0817e-01 7.6809e-02 1.4928e-03 ] 5.1562e-01
 1.473e+01 4.8376e-01 4.8376e-01 [ 8.4337e-02 2.1158e-01 1.0897e-01 7.7369e-02 1.5034e-03 ] 5.1624e-01
 1.485e+01 4.8312e-01 4.8312e-01 [ 8.2019e-02 2.1189e-01 1.0977e-01 7.7929e-02 1.5141e-03 ] 5.1688e-01
 1.496e+01 4.8248e-01 4.8248e-01 [ 7.9737e-02 2.1217e-01 1.1056e-01 7.8490e-02 1.5247e-03 ] 5.1752e-01
 1.507e+01 4.8184e-01 4.8184e-01 [ 7.7492e-02 2.1240e-01 1.1136e-01 7.9052e-02 1.5354e-03 ] 5.1816e-01
 1.519e+01 4.8118e-01 4.8118e-01 [ 7.5285e-02 2.1259e-01 1.1215e-01 7.9613e-02 1.5461e-03 ] 5.1882e-01
 1.530e+01 4.8053e-01 4.8053e-01 [ 7.3114e-02 2.1274e-01 1.1294e-01 8.0175e-02 1.5567e-03 ] 5.1947e-01
 1.541e+01 4.7986e-01 4.7986e-01 [ 7.0981e-02 2.1285e-01 1.1373e-01 8.0737e-02 1.5674e-03 ] 5.2014e-01
 1.553e+01 4.7919e-01 4.7919e-01 [ 6.8886e-02 2.1292e-01 1.1451e-01 8.1299e-02 1.5781e-03 ] 5.2081e-01
 1.564e+01 4.7851e-01 4.7851e-01 [ 6.6828e-02 2.1294e-01 1.1530e-01 8.1861e-02 1.5888e-03 ] 5.2149e-01
 1.575e+01 4.7783e-01 4.7783e-01 [ 6.4809e-02 2.1292e-01 1.1608e-01 8.2424e-02 1.5995e-03 ] 5.2217e-01
 1.587e+01 4.7714e-01 4.7714e-01 [ 6.2827e-02 2.1286e-01 1.1686e-01 8.2986e-02 1.6102e-03 ] 5.2286e-01
 1.598e+01 4.7645e-01 4.7645e-01 [ 6.0883e-02 2.1276e-01 1.1763e-01 8.3549e-02 1.6209e-03 ] 5.2355e-01
 1.609e+01 4.7574e-01 4.7574e-01 [ 5.8977e-02 2.1262e-01 1.1840e-01 8.4111e-02 1.6316e-03 ] 5.2426e-01
 1.621e+01 4.7504e-01 4.7504e-01 [ 5.7110e-02 2.1244e-01 1.1917e-01 8.4674e-02 1.6423e-03 ] 5.2497e-01
 1.632e+01 4.7432e-01 4.7432e-01 [ 5.5280e-02 2.1221e-01 1.1994e-01 8.5236e-02 1.6531e-03 ] 5.2568e-01
 1.643e+01 4.7360e-01 4.7360e-01 [ 5.3488e-02 2.1194e-01 1.2070e-01 8.5798e-02 1.6638e-03 ] 5.2640e-01
 1.655e+01 4.7287e-01 4.7287e-01 [ 5.1735e-02 2.1164e-01 1.2146e-01 8.6360e-02 1.6745e-03 ] 5.2713e-01
 1.666e+01 4.7213e-01 4.7213e-01 [ 5.0019e-02 2.1129e-01 1.2222e-01 8.6922e-02 1.6852e-03 ] 5.2787e-01
 1.677e+01 4.7139e-01 4.7139e-01 [ 4.8341e-02 2.1090e-01 1.2297e-01 8.7484e-02 1.6959e-03 ] 5.2861e-01
 1.689e+01 4.7064e-01 4.7064e-01 [ 4.6701e-02 2.1047e-01 1.2372e-01 8.8045e-02 1.7066e-03 ] 5.2936e-01
 1.700e+01 4.6989e-01 4.6989e-01 [ 4.5098e-02 2.1000e-01 1.2447e-01 8.8606e-02 1.7173e-03 ] 5.3011e-01
 1.711e+01 4.6912e-01 4.6912e-01 [ 4.3532e-02 2.0949e-01 1.2521e-01 8.9167e-02 1.7279e-03 ] 5.3088e-01
 1.723e+01 4.6835e-01 4.6835e-01 [ 4.2004e-02 2.0894e-01 1.2594e-01 8.9727e-02 1.7386e-03 ] 5.3165e-01
 1.734e+01 4.6758e-01 4.6758e-01 [ 4.0512e-02 2.0835e-01 1.2667e-01 9.0287e-02 1.7493e-03 ] 5.3242e-01
 1.745e+01 4.6679e-01 4.6679e-01 [ 3.9058e-02 2.0773e-01 1.2740e-01 9.0847e-02 1.7600e-03 ] 5.3321e-01
 1.757e+01 4.6600e-01 4.6600e-01 [ 3.7639e-02 2.0706e-01 1.2812e-01 9.1406e-02 1.7706e-03 ] 5.3400e-01
 1.768e+01 4.6520e-01 4.6520e-01 [ 3.6257e-02 2.0636e-01 1.2884e-01 9.1964e-02 1.7813e-03 ] 5.3480e-01
 1.779e+01 4.6440e-01 4.6440e-01 [ 3.4910e-02 2.0562e-01 1.2955e-01 9.2522e-02 1.7919e-03 ] 5.3560e-01
 1.791e+01 4.6358e-01 4.6358e-01 [ 3.3599e-02 2.0484e-01 1.3026e-01 9.3079e-02 1.8026e-03 ] 5.3642e-01
 1.802e+01 4.6276e-01 4.6276e-01 [ 3.2323e-02 2.0403e-01 1.3096e-01 9.3635e-02 1.8132e-03 ] 5.3724e-01
 1.813e+01 4.6193e-01 4.6193e-01 [ 3.1082e-02 2.0318e-01 1.3166e-01 9.4191e-02 1.8238e-03 ] 5.3807e-01
 1.825e+01 4.6110e-01 4.6110e-01 [ 2.9875e-02 2.0229e-01 1.3235e-01 9.4746e-02 1.8344e-03 ] 5.3890e-01
 1.836e+01 4.6026e-01 4.6026e-01 [ 2.8702e-02 2.0137e-01 1.3304e-01 9.5300e-02 1.8450e-03 ] 5.3975e-01
 1.847e+01 4.5940e-01 4.5940e-01 [ 2.7563e-02 2.0042e-01 1.3371e-01 9.5853e-02 1.8555e-03 ] 5.4060e-01
 1.859e+01 4.5855e-01 4.5855e-01 [ 2.6457e-02 1.9943e-01 1.3439e-01 9.6405e-02 1.8661e-03 ] 5.4145e-01
 1.870e+01 4.5768e-01 4.5768e-01 [ 2.5383e-02 1.9841e-01 1.3505e-01 9.6956e-02 1.8766e-03 ] 5.4232e-01
 1.881e+01 4.5681e-01 4.5681e-01 [ 2.4342e-02 1.9736e-01 1.3571e-01 9.7507e-02 1.8871e-03 ] 5.4319e-01
 1.893e+01 4.5593e-01 4.5593e-01 [ 2.3333e-02 1.9628e-01 1.3636e-01 9.8056e-02 1.8976e-03 ] 5.4407e-01
 1.904e+01 4.5504e-01 4.5504e-01 [ 2.2355e-02 1.9516e-01 1.3701e-01 9.8604e-02 1.9081e-03 ] 5.4496e-01
 1.915e+01 4.5414e-01 4.5414e-01 [ 2.1408e-02 1.9402e-01 1.3765e-01 9.9151e-02 1.9186e-03 ] 5.4586e-01
 1.927e+01 4.5324e-01 4.5324e-01 [ 2.0491e-02 1.9284e-01 1.3828e-01 9.9696e-02 1.9290e-03 ] 5.4676e-01
 1.938e+01 4.5232e-01 4.5232e-01 [ 1.9604e-02 1.9164e-01 1.3890e-01 1.0024e-01 1.9394e-03 ] 5.4768e-01
 1.949e+01 4.5140e-01 4.5140e-01 [ 1.8746e-02 1.9041e-01 1.3952e-01 1.0078e-01 1.9498e-03 ] 5.4860e-01
 1.961e+01 4.5047e-01 4.5047e-01 [ 1.7917e-02 1.8915e-01 1.4012e-01 1.0132e-01 1.9602e-03 ] 5.4953e-01
 1.972e+01 4.4954e-01 4.4954e-01 [ 1.7116e-02 1.8786e-01 1.4072e-01 1.0186e-01 1.9705e-03 ] 5.5047e-01
 1.983e+01 4.4859e-01 4.4859e-01 [ 1.6343e-02 1.8655e-01 1.4131e-01 1.0240e-01 1.9808e-03 ] 5.5141e-01
 1.995e+01 4.4763e-01 4.4763e-01 [ 1.5597e-02 1.8521e-01 1.4189e-01 1.0294e-01 1.9911e-03 ] 5.5237e-01
 2.006e+01 4.4667e-01 4.4667e-01 [ 1.4877e-02 1.8385e-01 1.4247e-01 1.0347e-01 2.0013e-03 ] 5.5333e-01
 2.017e+01 4.4570e-01 4.4570e-01 [ 1.4184e-02 1.8247e-01 1.4303e-01 1.0401e-01 2.0115e-03 ] 5.5430e-01
 2.029e+01 4.4472e-01 4.4472e-01 [ 1.3515e-02 1.8106e-01 1.4358e-01 1.0454e-01 2.0217e-03 ] 5.5528e-01
 2.040e+01 4.4373e-01 4.4373e-01 [ 1.2872e-02 1.7963e-01 1.4413e-01 1.0507e-01 2.0319e-03 ] 5.5627e-01
 2.051e+01 4.4273e-01 4.4273e-01 [ 1.2253e-02 1.7818e-01 1.4466e-01 1.0559e-01 2.0420e-03 ] 5.5727e-01
 2.063e+01 4.4172e-01 4.4172e-01 [ 1.1657e-02 1.7671e-01 1.4519e-01 1.0612e-01 2.0521e-03 ] 5.5828e-01
 2.074e+01 4.4071e-01 4.4071e-01 [ 1.1084e-02 1.7521e-01 1.4571e-01 1.0664e-01 2.0621e-03 ] 5.5929e-01
 2.085e+01 4.3968e-01 4.3968e-01 [ 1.0534e-02 1.7370e-01 1.4621e-01 1.0716e-01 2.0722e-03 ] 5.6032e-01
 2.097e+01 4.3865e-01 4.3865e-01 [ 1.0006e-02 1.7218e-01 1.4671e-01 1.0768e-01 2.0821e-03 ] 5.6135e-01
 2.108e+01 4.3761e-01 4.3761e-01 [ 9.4994e-03 1.7063e-01 1.4719e-01 1.0820e-01 2.0921e-03 ] 5.6239e-01
 2.119e+01 4.3656e-01 4.3656e-01 [ 9.0133e-03 1.6907e-01 1.4766e-01 1.0871e-01 2.1019e-03 ] 5.6344e-01
 2.131e+01 4.3549e-01 4.3549e-01 [ 8.5474e-03 1.6749e-01 1.4812e-01 1.0922e-01 2.1118e-03 ] 5.6451e-01
 2.142e+01 4.3442e-01 4.3442e-01 [ 8.1011e-03 1.6590e-01 1.4857e-01 1.0973e-01 2.1216e-03 ] 5.6558e-01
 2.153e+01 4.3334e-01 4.3334e-01 [ 7.6738e-03 1.6429e-01 1.4901e-01 1.1024e-01 2.1313e-03 ] 5.6666e-01
 2.165e+01 4.3225e-01 4.3225e-01 [ 7.2650e-03 1.6267e-01 1.4944e-01 1.1074e-01 2.1410e-03 ] 5.6775e-01
 2.176e+01 4.3115e-01 4.3115e-01 [ 6.8740e-03 1.6104e-01 1.4985e-01 1.1124e-01 2.1507e-03 ] 5.6885e-01
 2.187e+01 4.3005e-01 4.3005e-01 [ 6.5004e-03 1.5939e-01 1.5026e-01 1.1174e-01 2.1603e-03 ] 5.6995e-01
 2.199e+01 4.2893e-01 4.2893e-01 [ 6.1436e-03 1.5774e-01 1.5065e-01 1.1223e-01 2.1699e-03 ] 5.7107e-01
 2.210e+01 4.2780e-01 4.2780e-01 [ 5.8030e-03 1.5607e-01 1.5102e-01 1.1272e-01 2.1794e-03 ] 5.7220e-01
 2.221e+01 4.2666e-01 4.2666e-01 [ 5.4781e-03 1.5440e-01 1.5139e-01 1.1321e-01 2.1888e-03 ] 5.7334e-01
 2.233e+01 4.2552e-01 4.2552e-01 [ 5.1684e-03 1.5272e-01 1.5174e-01 1.1370e-01 2.1982e-03 ] 5.7448e-01
 2.244e+01 4.2436e-01 4.2436e-01 [ 4.8733e-03 1.5102e-01 1.5208e-01 1.1418e-01 2.2075e-03 ] 5.7564e-01
 2.255e+01 4.2320e-01 4.2320e-01 [ 4.5923e-03 1.4933e-01 1.5240e-01 1.1466e-01 2.2168e-03 ] 5.7680e-01
 2.267e+01 4.2202e-01 4.2202e-01 [ 4.3250e-03 1.4762e-01 1.5272e-01 1.1513e-01 2.2260e-03 ] 5.7798e-01
 2.278e+01 4.2083e-01 4.2083e-01 [ 4.0708e-03 1.4591e-01 1.5301e-01 1.1560e-01 2.2352e-03 ] 5.7917e-01
 2.289e+01 4.1964e-01 4.1964e-01 [ 3.8292e-03 1.4420e-01 1.5330e-01 1.1607e-01 2.2442e-03 ] 5.8036e-01
 2.301e+01 4.1843e-01 4.1843e-01 [ 3.5997e-03 1.4248e-01 1.5357e-01 1.1653e-01 2.2533e-03 ] 5.8157e-01
 2.312e+01 4.1721e-01 4.1721e-01 [ 3.3819e-03 1.4076e-01 1.5382e-01 1.1699e-01 2.2622e-03 ] 5.8279e-01
 2.323e+01 4.1599e-01 4.1599e-01 [ 3.1754e-03 1.3903e-01 1.5406e-01 1.1744e-01 2.2711e-03 ] 5.8401e-01
 2.335e+01 4.1475e-01 4.1475e-01 [ 2.9796e-03 1.3730e-01 1.5429e-01 1.1790e-01 2.2799e-03 ] 5.8525e-01
 2.346e+01 4.1350e-01 4.1350e-01 [ 2.7942e-03 1.3558e-01 1.5450e-01 1.1834e-01 2.2886e-03 ] 5.8650e-01
 2.357e+01 4.1224e-01 4.1224e-01 [ 2.6187e-03 1.3385e-01 1.5470e-01 1.1878e-01 2.2973e-03 ] 5.8776e-01
 2.369e+01 4.1097e-01 4.1097e-01 [ 2.4526e-03 1.3212e-01 1.5488e-01 1.1922e-01 2.3058e-03 ] 5.8903e-01
 2.380e+01 4.0969e-01 4.0969e-01 [ 2.2956e-03 1.3039e-01 1.5504e-01 1.1965e-01 2.3143e-03 ] 5.9031e-01
 2.391e+01 4.0840e-01 4.0840e-01 [ 2.1473e-03 1.2866e-01 1.5519e-01 1.2008e-01 2.3228e-03 ] 5.9160e-01
 2.403e+01 4.0710e-01 4.0710e-01 [ 2.0073e-03 1.2693e-01 1.5532e-01 1.2050e-01 2.3311e-03 ] 5.9290e-01
 2.414e+01 4.0579e-01 4.0579e-01 [ 1.8753e-03 1.2521e-01 1.5544e-01 1.2092e-01 2.3393e-03 ] 5.9421e-01
 2.425e+01 4.0447e-01 4.0447e-01 [ 1.7507e-03 1.2349e-01 1.5554e-01 1.2134e-01 2.3475e-03 ] 5.9553e-01
 2.437e+01 4.0313e-01 4.0313e-01 [ 1.6334e-03 1.2177e-01 1.5563e-01 1.2174e-01 2.3556e-03 ] 5.9687e-01
 2.448e+01 4.0179e-01 4.0179e-01 [ 1.5230e-03 1.2006e-01 1.5570e-01 1.2215e-01 2.3635e-03 ] 5.9821e-01
 2.459e+01 4.0043e-01 4.0043e-01 [ 1.4191e-03 1.1835e-01 1.5575e-01 1.2254e-01 2.3714e-03 ] 5.9957e-01
 2.471e+01 3.9906e-01 3.9906e-01 [ 1.3214e-03 1.1664e-01 1.5579e-01 1.2293e-01 2.3792e-03 ] 6.0094e-01
 2.482e+01 3.9768e-01 3.9768e-01 [ 1.2296e-03 1.1494e-01 1.5580e-01 1.2332e-01 2.3869e-03 ] 6.0232e-01
 2.493e+01 3.9629e-01 3.9629e-01 [ 1.1434e-03 1.1325e-01 1.5581e-01 1.2370e-01 2.3945e-03 ] 6.0371e-01
 2.505e+01 3.9489e-01 3.9489e-01 [ 1.0626e-03 1.1156e-01 1.5579e-01 1.2407e-01 2.4020e-03 ] 6.0511e-01
 2.516e+01 3.9348e-01 3.9348e-01 [ 9.8678e-04 1.0988e-01 1.5576e-01 1.2444e-01 2.4093e-03 ] 6.0652e-01
 2.527e+01 3.9205e-01 3.9205e-01 [ 9.1577e-04 1.0821e-01 1.5571e-01 1.2480e-01 2.4166e-03 ] 6.0795e-01
 2.539e+01 3.9062e-01 3.9062e-01 [ 8.4930e-04 1.0655e-01 1.5565e-01 1.2515e-01 2.4238e-03 ] 6.0938e-01
 2.550e+01 3.8917e-01 3.8917e-01 [ 7.8712e-04 1.0489e-01 1.5556e-01 1.2550e-01 2.4308e-03 ] 6.1083e-01
 2.561e+01 3.8771e-01 3.8771e-01 [ 7.2899e-04 1.0324e-01 1.5546e-01 1.2584e-01 2.4378e-03 ] 6.1229e-01
 2.573e+01 3.8624e-01 3.8624e-01 [ 6.7468e-04 1.0161e-01 1.5535e-01 1.2617e-01 2.4446e-03 ] 6.1376e-01
 2.584e+01 3.8476e-01 3.8476e-01 [ 6.2399e-04 9.9976e-02 1.5521e-01 1.2650e-01 2.4513e-03 ] 6.1524e-01
 2.595e+01 3.8327e-01 3.8327e-01 [ 5.7671e-04 9.8356e-02 1.5506e-01 1.2682e-01 2.4579e-03 ] 6.1673e-01
 2.607e+01 3.8177e-01 3.8177e-01 [ 5.3264e-04 9.6747e-02 1.5489e-01 1.2714e-01 2.4644e-03 ] 6.1824e-01
 2.618e+01 3.8025e-01 3.8025e-01 [ 4.9160e-04 9.5148e-02 1.5470e-01 1.2744e-01 2.4707e-03 ] 6.1975e-01
 2.629e+01 3.7872e-01 3.7872e-01 [ 4.5339e-04 9.3559e-02 1.5449e-01 1.2774e-01 2.4769e-03 ] 6.2128e-01
 2.641e+01 3.7718e-01 3.7718e-01 [ 4.1786e-04 9.1982e-02 1.5427e-01 1.2803e-01 2.4830e-03 ] 6.2282e-01
 2.652e+01 3.7563e-01 3.7563e-01 [ 3.8485e-04 9.0416e-02 1.5403e-01 1.2831e-01 2.4889e-03 ] 6.2437e-01
 2.663e+01 3.7407e-01 3.7407e-01 [ 3.5419e-04 8.8862e-02 1.5377e-01 1.2859e-01 2.4948e-03 ] 6.2593e-01
 2.675e+01 3.7249e-01 3.7249e-01 [ 3.2573e-04 8.7319e-02 1.5350e-01 1.2885e-01 2.5004e-03 ] 6.2751e-01
 2.686e+01 3.7091e-01 3.7091e-01 [ 2.9935e-04 8.5789e-02 1.5320e-01 1.2911e-01 2.5060e-03 ] 6.2909e-01
 2.697e+01 3.6931e-01 3.6931e-01 [ 2.7491e-04 8.4271e-02 1.5289e-01 1.2936e-01 2.5114e-03 ] 6.3069e-01
 2.709e+01 3.6770e-01 3.6770e-01 [ 2.5228e-04 8.2766e-02 1.5256e-01 1.2960e-01 2.5166e-03 ] 6.3230e-01
 2.720e+01 3.6608e-01 3.6608e-01 [ 2.3135e-04 8.1274e-02 1.5222e-01 1.2984e-01 2.5217e-03 ] 6.3392e-01
 2.731e+01 3.6445e-01 3.6445e-01 [ 2.1200e-04 7.9795e-02 1.5186e-01 1.3006e-01 2.5267e-03 ] 6.3555e-01
 2.743e+01 3.6280e-01 3.6280e-01 [ 1.9413e-04 7.8329e-02 1.5148e-01 1.3027e-01 2.5315e-03 ] 6.3720e-01
 2.754e+01 3.6115e-01 3.6115e-01 [ 1.7763e-04 7.6877e-02 1.5108e-01 1.3048e-01 2.5362e-03 ] 6.3885e-01
 2.765e+01 3.5948e-01 3.5948e-01 [ 1.6241e-04 7.5438e-02 1.5066e-01 1.3068e-01 2.5407e-03 ] 6.4052e-01
 2.777e+01 3.5780e-01 3.5780e-01 [ 1.4839e-04 7.4013e-02 1.5023e-01 1.3087e-01 2.5450e-03 ] 6.4220e-01
 2.788e+01 3.5611e-01 3.5611e-01 [ 1.3548e-04 7.2602e-02 1.4978e-01 1.3104e-01 2.5492e-03 ] 6.4389e-01
 2.799e+01 3.5441e-01 3.5441e-01 [ 1.2360e-04 7.1206e-02 1.4932e-01 1.3121e-01 2.5532e-03 ] 6.4559e-01
 2.811e+01 3.5270e-01 3.5270e-01 [ 1.1268e-04 6.9823e-02 1.4884e-01 1.3137e-01 2.5571e-03 ] 6.4730e-01
 2.822e+01 3.5098e-01 3.5098e-01 [ 1.0265e-04 6.8455e-02 1.4834e-01 1.3152e-01 2.5607e-03 ] 6.4902e-01
 2.833e+01 3.4924e-01 3.4924e-01 [ 9.3438e-05 6.7102e-02 1.4782e-01 1.3166e-01 2.5642e-03 ] 6.5076e-01
 2.845e+01 3.4750e-01 3.4750e-01 [ 8.4990e-05 6.5763e-02 1.4729e-01 1.3179e-01 2.5676e-03 ] 6.5250e-01
 2.856e+01 3.4574e-01 3.4574e-01 [ 7.7248e-05 6.4440e-02 1.4674e-01 1.3191e-01 2.5707e-03 ] 6.5426e-01
 2.867e+01 3.4397e-01 3.4397e-01 [ 7.0158e-05 6.3131e-02 1.4618e-01 1.3201e-01 2.5737e-03 ] 6.5603e-01
 2.879e+01 3.4219e-01 3.4219e-01 [ 6.3670e-05 6.1837e-02 1.4560e-01 1.3211e-01 2.5765e-03 ] 6.5781e-01
 2.890e+01 3.4040e-01 3.4040e-01 [ 5.7739e-05 6.0558e-02 1.4501e-01 1.3220e-01 2.5791e-03 ] 6.5960e-01
 2.901e+01 3.3860e-01 3.3860e-01 [ 5.2320e-05 5.9294e-02 1.4440e-01 1.3227e-01 2.5815e-03 ] 6.6140e-01
 2.913e+01 3.3679e-01 3.3679e-01 [ 4.7373e-05 5.8046e-02 1.4377e-01 1.3234e-01 2.5837e-03 ] 6.6321e-01
 2.924e+01 3.3496e-01 3.3496e-01 [ 4.2861e-05 5.6812e-02 1.4313e-01 1.3239e-01 2.5858e-03 ] 6.6504e-01
 2.935e+01 3.3313e-01 3.3313e-01 [ 3.8749e-05 5.5595e-02 1.4248e-01 1.3243e-01 2.5876e-03 ] 6.6687e-01
 2.947e+01 3.3128e-01 3.3128e-01 [ 3.5005e-05 5.4392e-02 1.4181e-01 1.3246e-01 2.5892e-03 ] 6.6872e-01
 2.958e+01 3.2943e-01 3.2943e-01 [ 3.1597e-05 5.3205e-02 1.4112e-01 1.3248e-01 2.5907e-03 ] 6.7057e-01
 2.969e+01 3.2756e-01 3.2756e-01 [ 2.8500e-05 5.2034e-02 1.4043e-01 1.3248e-01 2.5919e-03 ] 6.7244e-01
 2.981e+01 3.2569e-01 3.2569e-01 [ 2.5686e-05 5.0878e-02 1.3971e-01 1.3248e-01 2.5929e-03 ] 6.7431e-01
 2.992e+01 3.2380e-01 3.2380e-01 [ 2.3132e-05 4.9737e-02 1.3899e-01 1.3246e-01 2.5937e-03 ] 6.7620e-01
 3.003e+01 3.2190e-01 3.2190e-01 [ 2.0815e-05 4.8612e-02 1.3825e-01 1.3243e-01 2.5943e-03 ] 6.7810e-01
 3.015e+01 3.1999e-01 3.1999e-01 [ 1.8716e-05 4.7503e-02 1.3749e-01 1.3238e-01 2.5946e-03 ] 6.8001e-01
 3.026e+01 3.1807e-01 3.1807e-01 [ 1.6815e-05 4.6409e-02 1.3673e-01 1.3233e-01 2.5947e-03 ] 6.8193e-01
 3.037e+01 3.1614e-01 3.1614e-01 [ 1.5096e-05 4.5330e-02 1.3595e-01 1.3226e-01 2.5946e-03 ] 6.8386e-01
 3.049e+01 3.1420e-01 3.1420e-01 [ 1.3541e-05 4.4267e-02 1.3515e-01 1.3217e-01 2.5943e-03 ] 6.8580e-01
 3.060e+01 3.1224e-01 3.1224e-01 [ 1.2137e-05 4.3220e-02 1.3435e-01 1.3207e-01 2.5937e-03 ] 6.8776e-01
 3.071e+01 3.1028e-01 3.1028e-01 [ 1.0870e-05 4.2188e-02 1.3353e-01 1.3196e-01 2.5929e-03 ] 6.8972e-01
 3.083e+01 3.0830e-01 3.0830e-01 [ 9.7279e-06 4.1171e-02 1.3270e-01 1.3183e-01 2.5918e-03 ] 6.9170e-01
 3.094e+01 3.0631e-01 3.0631e-01 [ 8.6985e-06 4.0170e-02 1.3185e-01 1.3169e-01 2.5904e-03 ] 6.9369e-01
 3.105e+01 3.0431e-01 3.0431e-01 [ 7.7718e-06 3.9185e-02 1.3100e-01 1.3153e-01 2.5888e-03 ] 6.9569e-01
 3.117e+01 3.0230e-01 3.0230e-01 [ 6.9383e-06 3.8214e-02 1.3013e-01 1.3136e-01 2.5870e-03 ] 6.9770e-01
 3.128e+01 3.0028e-01 3.0028e-01 [ 6.1892e-06 3.7259e-02 1.2925e-01 1.3117e-01 2.5849e-03 ] 6.9972e-01
 3.139e+01 2.9824e-01 2.9824e-01 [ 5.5165e-06 3.6319e-02 1.2837e-01 1.3097e-01 2.5825e-03 ] 7.0176e-01
 3.151e+01 2.9619e-01 2.9619e-01 [ 4.9130e-06 3.5394e-02 1.2746e-01 1.3075e-01 2.5798e-03 ] 7.0381e-01
 3.162e+01 2.9413e-01 2.9413e-01 [ 4.3720e-06 3.4485e-02 1.2655e-01 1.3051e-01 2.5768e-03 ] 7.0587e-01
 3.173e+01 2.9205e-01 2.9205e-01 [ 3.8874e-06 3.3590e-02 1.2563e-01 1.3026e-01 2.5736e-03 ] 7.0795e-01
 3.185e+01 2.8997e-01 2.8997e-01 [ 3.4537e-06 3.2711e-02 1.2470e-01 1.2999e-01 2.5701e-03 ] 7.1003e-01
 3.196e+01 2.8787e-01 2.8787e-01 [ 3.0659e-06 3.1846e-02 1.2375e-01 1.2970e-01 2.5662e-03 ] 7.1214e-01
 3.207e+01 2.8575e-01 2.8575e-01 [ 2.7194e-06 3.0997e-02 1.2280e-01 1.2939e-01 2.5621e-03 ] 7.1425e-01
 3.219e+01 2.8363e-01 2.8363e-01 [ 2.4101e-06 3.0162e-02 1.2183e-01 1.2907e-01 2.5577e-03 ] 7.1638e-01
 3.230e+01 2.8149e-01 2.8149e-01 [ 2.1342e-06 2.9342e-02 1.2086e-01 1.2873e-01 2.5530e-03 ] 7.1851e-01
 3.241e+01 2.7933e-01 2.7933e-01 [ 1.8884e-06 2.8537e-02 1.1988e-01 1.2837e-01 2.5479e-03 ] 7.2067e-01
 3.253e+01 2.7717e-01 2.7717e-01 [ 1.6695e-06 2.7746e-02 1.1888e-01 1.2799e-01 2.5426e-03 ] 7.2283e-01
 3.264e+01 2.7499e-01 2.7499e-01 [ 1.4747e-06 2.6970e-02 1.1788e-01 1.2760e-01 2.5369e-03 ] 7.2501e-01
 3.275e+01 2.7280e-01 2.7280e-01 [ 1.3016e-06 2.6209e-02 1.1687e-01 1.2719e-01 2.5310e-03 ] 7.2720e-01
 3.287e+01 2.7060e-01 2.7060e-01 [ 1.1479e-06 2.5462e-02 1.1586e-01 1.2675e-01 2.5247e-03 ] 7.2940e-01
 3.298e+01 2.6838e-01 2.6838e-01 [ 1.0115e-06 2.4729e-02 1.1483e-01 1.2631e-01 2.5181e-03 ] 7.3162e-01
 3.309e+01 2.6616e-01 2.6616e-01 [ 8.9057e-07 2.4010e-02 1.1380e-01 1.2584e-01 2.5112e-03 ] 7.3384e-01
 3.321e+01 2.6392e-01 2.6392e-01 [ 7.8345e-07 2.3306e-02 1.1276e-01 1.2535e-01 2.5040e-03 ] 7.3608e-01
 3.332e+01 2.6167e-01 2.6167e-01 [ 6.8863e-07 2.2616e-02 1.1171e-01 1.2485e-01 2.4965e-03 ] 7.3833e-01
 3.343e+01 2.5941e-01 2.5941e-01 [ 6.0479e-07 2.1939e-02 1.1065e-01 1.2433e-01 2.4886e-03 ] 7.4059e-01
 3.355e+01 2.5714e-01 2.5714e-01 [ 5.3072e-07 2.1277e-02 1.0959e-01 1.2379e-01 2.4805e-03 ] 7.4286e-01
 3.366e+01 2.5487e-01 2.5487e-01 [ 4.6533e-07 2.0628e-02 1.0853e-01 1.2324e-01 2.4720e-03 ] 7.4513e-01
 3.377e+01 2.5258e-01 2.5258e-01 [ 4.0766e-07 1.9994e-02 1.0745e-01 1.2267e-01 2.4633e-03 ] 7.4742e-01
 3.389e+01 2.5029e-01 2.5029e-01 [ 3.5683e-07 1.9372e-02 1.0638e-01 1.2208e-01 2.4543e-03 ] 7.4971e-01
 3.400e+01 2.4799e-01 2.4799e-01 [ 3.1209e-07 1.8765e-02 1.0530e-01 1.2148e-01 2.4450e-03 ] 7.5201e-01
 3.411e+01 2.4568e-01 2.4568e-01 [ 2.7272e-07 1.8170e-02 1.0421e-01 1.2086e-01 2.4354e-03 ] 7.5432e-01
 3.423e+01 2.4337e-01 2.4337e-01 [ 2.3812e-07 1.7590e-02 1.0312e-01 1.2023e-01 2.4255e-03 ] 7.5663e-01
 3.434e+01 2.4106e-01 2.4106e-01 [ 2.0774e-07 1.7022e-02 1.0203e-01 1.1959e-01 2.4154e-03 ] 7.5894e-01
 3.445e+01 2.3874e-01 2.3874e-01 [ 1.8108e-07 1.6467e-02 1.0094e-01 1.1893e-01 2.4050e-03 ] 7.6126e-01
 3.457e+01 2.3642e-01 2.3642e-01 [ 1.5772e-07 1.5926e-02 9.9840e-02 1.1826e-01 2.3944e-03 ] 7.6358e-01
 3.468e+01 2.3411e-01 2.3411e-01 [ 1.3725e-07 1.5397e-02 9.8742e-02 1.1758e-01 2.3836e-03 ] 7.6589e-01
 3.479e+01 2.3179e-01 2.3179e-01 [ 1.1934e-07 1.4881e-02 9.7644e-02 1.1689e-01 2.3726e-03 ] 7.6821e-01
 3.491e+01 2.2948e-01 2.2948e-01 [ 1.0368e-07 1.4378e-02 9.6544e-02 1.1619e-01 2.3613e-03 ] 7.7052e-01
 3.502e+01 2.2717e-01 2.2717e-01 [ 8.9996e-08 1.3887e-02 9.5445e-02 1.1549e-01 2.3499e-03 ] 7.7283e-01
 3.513e+01 2.2486e-01 2.2486e-01 [ 7.8055e-08 1.3409e-02 9.4347e-02 1.1477e-01 2.3383e-03 ] 7.7514e-01
 3.525e+01 2.2257e-01 2.2257e-01 [ 6.7642e-08 1.2942e-02 9.3249e-02 1.1405e-01 2.3265e-03 ] 7.7743e-01
 3.536e+01 2.2028e-01 2.2028e-01 [ 5.8569e-08 1.2488e-02 9.2153e-02 1.1332e-01 2.3146e-03 ] 7.7972e-01
 3.547e+01 2.1800e-01 2.1800e-01 [ 5.0671e-08 1.2046e-02 9.1059e-02 1.1259e-01 2.3025e-03 ] 7.8200e-01
 3.559e+01 2.1573e-01 2.1573e-01 [ 4.3801e-08 1.1616e-02 8.9968e-02 1.1186e-01 2.2904e-03 ] 7.8427e-01
 3.570e+01 2.1348e-01 2.1348e-01 [ 3.7831e-08 1.1197e-02 8.8880e-02 1.1112e-01 2.2781e-03 ] 7.8652e-01
 3.581e+01 2.1124e-01 2.1124e-01 [ 3.2647e-08 1.0790e-02 8.7795e-02 1.1039e-01 2.2658e-03 ] 7.8876e-01
 3.593e+01 2.0901e-01 2.0901e-01 [ 2.8150e-08 1.0394e-02 8.6714e-02 1.0965e-01 2.2534e-03 ] 7.9099e-01
 3.604e+01 2.0680e-01 2.0680e-01 [ 2.4252e-08 1.0009e-02 8.5638e-02 1.0891e-01 2.2409e-03 ] 7.9320e-01
 3.615e+01 2.0461e-01 2.0461e-01 [ 2.0877e-08 9.6349e-03 8.4566e-02 1.0818e-01 2.2284e-03 ] 7.9539e-01
 3.627e+01 2.0244e-01 2.0244e-01 [ 1.7956e-08 9.2718e-03 8.3499e-02 1.0745e-01 2.2159e-03 ] 7.9756e-01
 3.638e+01 2.0028e-01 2.0028e-01 [ 1.5431e-08 8.9193e-03 8.2437e-02 1.0672e-01 2.2034e-03 ] 7.9972e-01
 3.649e+01 1.9815e-01 1.9815e-01 [ 1.3250e-08 8.5773e-03 8.1381e-02 1.0600e-01 2.1909e-03 ] 8.0185e-01
 3.661e+01 1.9604e-01 1.9604e-01 [ 1.1367e-08 8.2455e-03 8.0331e-02 1.0529e-01 2.1784e-03 ] 8.0396e-01
 3.672e+01 1.9395e-01 1.9395e-01 [ 9.7440e-09 7.9237e-03 7.9287e-02 1.0458e-01 2.1660e-03 ] 8.0605e-01
 3.683e+01 1.9189e-01 1.9189e-01 [ 8.3456e-09 7.6119e-03 7.8249e-02 1.0387e-01 2.1536e-03 ] 8.0811e-01
 3.695e+01 1.8985e-01 1.8985e-01 [ 7.1419e-09 7.3097e-03 7.7218e-02 1.0318e-01 2.1413e-03 ] 8.1015e-01
 3.706e+01 1.8783e-01 1.8783e-01 [ 6.1066e-09 7.0170e-03 7.6193e-02 1.0249e-01 2.1291e-03 ] 8.1217e-01
 3.717e+01 1.8584e-01 1.8584e-01 [ 5.2170e-09 6.7337e-03 7.5176e-02 1.0182e-01 2.1170e-03 ] 8.1416e-01
 3.729e+01 1.8388e-01 1.8388e-01 [ 4.4532e-09 6.4594e-03 7.4165e-02 1.0115e-01 2.1050e-03 ] 8.1612e-01
 3.740e+01 1.8194e-01 1.8194e-01 [ 3.7980e-09 6.1940e-03 7.3161e-02 1.0049e-01 2.0931e-03 ] 8.1806e-01
 3.751e+01 1.8003e-01 1.8003e-01 [ 3.2364e-09 5.9374e-03 7.2163e-02 9.9849e-02 2.0813e-03 ] 8.1997e-01
 3.763e+01 1.7815e-01 1.7815e-01 [ 2.7555e-09 5.6893e-03 7.1173e-02 9.9214e-02 2.0696e-03 ] 8.2185e-01
 3.774e+01 1.7629e-01 1.7629e-01 [ 2.3441e-09 5.4495e-03 7.0190e-02 9.8591e-02 2.0581e-03 ] 8.2371e-01
 3.785e+01 1.7446e-01 1.7446e-01 [ 1.9923e-09 5.2178e-03 6.9214e-02 9.7978e-02 2.0467e-03 ] 8.2554e-01
 3.797e+01 1.7265e-01 1.7265e-01 [ 1.6919e-09 4.9941e-03 6.8245e-02 9.7377e-02 2.0355e-03 ] 8.2735e-01
 3.808e+01 1.7087e-01 1.7087e-01 [ 1.4356e-09 4.7781e-03 6.7282e-02 9.6787e-02 2.0244e-03 ] 8.2913e-01
 3.819e+01 1.6912e-01 1.6912e-01 [ 1.2170e-09 4.5697e-03 6.6326e-02 9.6209e-02 2.0135e-03 ] 8.3088e-01
 3.831e+01 1.6739e-01 1.6739e-01 [ 1.0308e-09 4.3686e-03 6.5376e-02 9.5642e-02 2.0027e-03 ] 8.3261e-01
 3.842e+01 1.6569e-01 1.6569e-01 [ 8.7236e-10 4.1748e-03 6.4433e-02 9.5086e-02 1.9921e-03 ] 8.3431e-01
 3.853e+01 1.6401e-01 1.6401e-01 [ 7.3761e-10 3.9879e-03 6.3496e-02 9.4541e-02 1.9816e-03 ] 8.3599e-01
 3.865e+01 1.6235e-01 1.6235e-01 [ 6.2312e-10 3.8078e-03 6.2565e-02 9.4006e-02 1.9713e-03 ] 8.3765e-01
 3.876e+01 1.6072e-01 1.6072e-01 [ 5.2593e-10 3.6343e-03 6.1640e-02 9.3481e-02 1.9612e-03 ] 8.3928e-01
 3.887e+01 1.5910e-01 1.5910e-01 [ 4.4351e-10 3.4672e-03 6.0720e-02 9.2966e-02 1.9512e-03 ] 8.4090e-01
 3.899e+01 1.5751e-01 1.5751e-01 [ 3.7367e-10 3.3065e-03 5.9806e-02 9.2460e-02 1.9413e-03 ] 8.4249e-01
 3.910e+01 1.5594e-01 1.5594e-01 [ 3.1455e-10 3.1518e-03 5.8897e-02 9.1963e-02 1.9316e-03 ] 8.4406e-01
 3.921e+01 1.5439e-01 1.5439e-01 [ 2.6454e-10 3.0031e-03 5.7994e-02 9.1473e-02 1.9221e-03 ] 8.4561e-01
 3.933e+01 1.5286e-01 1.5286e-01 [ 2.2229e-10 2.8601e-03 5.7096e-02 9.0992e-02 1.9126e-03 ] 8.4714e-01
 3.944e+01 1.5134e-01 1.5134e-01 [ 1.8661e-10 2.7227e-03 5.6202e-02 9.0517e-02 1.9033e-03 ] 8.4866e-01
 3.955e+01 1.4985e-01 1.4985e-01 [ 1.5652e-10 2.5907e-03 5.5313e-02 9.0048e-02 1.8941e-03 ] 8.5015e-01
 3.967e+01 1.4836e-01 1.4836e-01 [ 1.3115e-10 2.4639e-03 5.4428e-02 8.9584e-02 1.8849e-03 ] 8.5164e-01
 3.978e+01 1.4689e-01 1.4689e-01 [ 1.0980e-10 2.3423e-03 5.3548e-02 8.9124e-02 1.8759e-03 ] 8.5311e-01
 3.989e+01 1.4543e-01 1.4543e-01 [ 9.1840e-11 2.2256e-03 5.2672e-02 8.8668e-02 1.8670e-03 ] 8.5457e-01
 4.001e+01 1.4399e-01 1.4399e-01 [ 7.6746e-11 2.1137e-03 5.1799e-02 8.8215e-02 1.8581e-03 ] 8.5601e-01
 4.012e+01 1.4255e-01 1.4255e-01 [ 6.4072e-11 2.0065e-03 5.0931e-02 8.7763e-02 1.8493e-03 ] 8.5745e-01
 4.023e+01 1.4112e-01 1.4112e-01 [ 5.3441e-11 1.9037e-03 5.0066e-02 8.7312e-02 1.8405e-03 ] 8.5888e-01
 4.035e+01 1.3970e-01 1.3970e-01 [ 4.4532e-11 1.8054e-03 4.9205e-02 8.6861e-02 1.8317e-03 ] 8.6030e-01
 4.046e+01 1.3829e-01 1.3829e-01 [ 3.7074e-11 1.7112e-03 4.8347e-02 8.6409e-02 1.8230e-03 ] 8.6171e-01
 4.057e+01 1.3688e-01 1.3688e-01 [ 3.0835e-11 1.6211e-03 4.7493e-02 8.5955e-02 1.8143e-03 ] 8.6312e-01
 4.069e+01 1.3548e-01 1.3548e-01 [ 2.5622e-11 1.5349e-03 4.6642e-02 8.5498e-02 1.8055e-03 ] 8.6452e-01
 4.080e+01 1.3408e-01 1.3408e-01 [ 2.1269e-11 1.4526e-03 4.5794e-02 8.5038e-02 1.7968e-03 ] 8.6592e-01
 4.091e+01 1.3268e-01 1.3268e-01 [ 1.7640e-11 1.3740e-03 4.4950e-02 8.4572e-02 1.7880e-03 ] 8.6732e-01
 4.103e+01 1.3129e-01 1.3129e-01 [ 1.4615e-11 1.2989e-03 4.4109e-02 8.4101e-02 1.7791e-03 ] 8.6871e-01
 4.114e+01 1.2989e-01 1.2989e-01 [ 1.2098e-11 1.2272e-03 4.3272e-02 8.3624e-02 1.7702e-03 ] 8.7011e-01
 4.125e+01 1.2850e-01 1.2850e-01 [ 1.0004e-11 1.1589e-03 4.2438e-02 8.3139e-02 1.7612e-03 ] 8.7150e-01
 4.137e+01 1.2710e-01 1.2710e-01 [ 8.2647e-12 1.0937e-03 4.1607e-02 8.2646e-02 1.7522e-03 ] 8.7290e-01
 4.148e+01 1.2570e-01 1.2570e-01 [ 6.8211e-12 1.0317e-03 4.0781e-02 8.2144e-02 1.7430e-03 ] 8.7430e-01
 4.159e+01 1.2430e-01 1.2430e-01 [ 5.6242e-12 9.7257e-04 3.9957e-02 8.1632e-02 1.7337e-03 ] 8.7570e-01
 4.171e+01 1.2289e-01 1.2289e-01 [ 4.6328e-12 9.1634e-04 3.9138e-02 8.1109e-02 1.7243e-03 ] 8.7711e-01
 4.182e+01 1.2148e-01 1.2148e-01 [ 3.8124e-12 8.6285e-04 3.8323e-02 8.0576e-02 1.7147e-03 ] 8.7852e-01
 4.193e+01 1.2006e-01 1.2006e-01 [ 3.1342e-12 8.1202e-04 3.7512e-02 8.0030e-02 1.7050e-03 ] 8.7994e-01
 4.205e+01 1.1864e-01 1.1864e-01 [ 2.5741e-12 7.6373e-04 3.6705e-02 7.9472e-02 1.6951e-03 ] 8.8136e-01
 4.216e+01 1.1721e-01 1.1721e-01 [ 2.1120e-12 7.1788e-04 3.5903e-02 7.8900e-02 1.6850e-03 ] 8.8279e-01
 4.227e+01 1.1577e-01 1.1577e-01 [ 1.7311e-12 6.7438e-04 3.5105e-02 7.8316e-02 1.6747e-03 ] 8.8423e-01
 4.239e+01 1.1433e-01 1.1433e-01 [ 1.4175e-12 6.3314e-04 3.4313e-02 7.7717e-02 1.6643e-03 ] 8.8567e-01
 4.250e+01 1.1288e-01 1.1288e-01 [ 1.1596e-12 5.9406e-04 3.3526e-02 7.7104e-02 1.6537e-03 ] 8.8712e-01
 4.261e+01 1.1142e-01 1.1142e-01 [ 9.4769e-13 5.5705e-04 3.2744e-02 7.6476e-02 1.6428e-03 ] 8.8858e-01
 4.273e+01 1.0996e-01 1.0996e-01 [ 7.7371e-13 5.2202e-04 3.1968e-02 7.5833e-02 1.6317e-03 ] 8.9005e-01
 4.284e+01 1.0848e-01 1.0848e-01 [ 6.3105e-13 4.8889e-04 3.1199e-02 7.5175e-02 1.6204e-03 ] 8.9152e-01
 4.295e+01 1.0700e-01 1.0700e-01 [ 5.1418e-13 4.5759e-04 3.0436e-02 7.4502e-02 1.6089e-03 ] 8.9300e-01
 4.307e+01 1.0552e-01 1.0552e-01 [ 4.1854e-13 4.2802e-04 2.9679e-02 7.3814e-02 1.5971e-03 ] 8.9448e-01
 4.318e+01 1.0402e-01 1.0402e-01 [ 3.4035e-13 4.0011e-04 2.8929e-02 7.3110e-02 1.5851e-03 ] 8.9598e-01
 4.329e+01 1.0253e-01 1.0253e-01 [ 2.7649e-13 3.7378e-04 2.8187e-02 7.2392e-02 1.5729e-03 ] 8.9748e-01
 4.341e+01 1.0102e-01 1.0102e-01 [ 2.2439e-13 3.4896e-04 2.7452e-02 7.1658e-02 1.5604e-03 ] 8.9898e-01
 4.352e+01 9.9508e-02 9.9508e-02 [ 1.8193e-13 3.2559e-04 2.6725e-02 7.0909e-02 1.5477e-03 ] 9.0049e-01
 4.363e+01 9.7991e-02 9.7991e-02 [ 1.4736e-13 3.0359e-04 2.6007e-02 7.0146e-02 1.5347e-03 ] 9.0201e-01
 4.375e+01 9.6469e-02 9.6469e-02 [ 1.1923e-13 2.8289e-04 2.5297e-02 6.9368e-02 1.5215e-03 ] 9.0353e-01
 4.386e+01 9.4943e-02 9.4943e-02 [ 9.6383e-14 2.6344e-04 2.4596e-02 6.8576e-02 1.5080e-03 ] 9.0506e-01
 4.397e+01 9.3414e-02 9.3414e-02 [ 7.7834e-14 2.4516e-04 2.3904e-02 6.7771e-02 1.4943e-03 ] 9.0659e-01
 4.409e+01 9.1882e-02 9.1882e-02 [ 6.2793e-14 2.2801e-04 2.3221e-02 6.6953e-02 1.4804e-03 ] 9.0812e-01
 4.420e+01 9.0347e-02 9.0347e-02 [ 5.0608e-14 2.1192e-04 2.2548e-02 6.6121e-02 1.4662e-03 ] 9.0965e-01
 4.431e+01 8.8811e-02 8.8811e-02 [ 4.0747e-14 1.9684e-04 2.1885e-02 6.5278e-02 1.4518e-03 ] 9.1119e-01
 4.443e+01 8.7275e-02 8.7275e-02 [ 3.2776e-14 1.8272e-04 2.1232e-02 6.4423e-02 1.4372e-03 ] 9.1273e-01
 4.454e+01 8.5738e-02 8.5738e-02 [ 2.6338e-14 1.6949e-04 2.0589e-02 6.3558e-02 1.4224e-03 ] 9.1426e-01
 4.465e+01 8.4203e-02 8.4203e-02 [ 2.1143e-14 1.5713e-04 1.9957e-02 6.2681e-02 1.4073e-03 ] 9.1580e-01
 4.477e+01 8.2669e-02 8.2669e-02 [ 1.6957e-14 1.4557e-04 1.9336e-02 6.1796e-02 1.3920e-03 ] 9.1733e-01
 4.488e+01 8.1138e-02 8.1138e-02 [ 1.3586e-14 1.3477e-04 1.8726e-02 6.0901e-02 1.3766e-03 ] 9.1886e-01
 4.499e+01 7.9610e-02 7.9610e-02 [ 1.0875e-14 1.2470e-04 1.8127e-02 5.9998e-02 1.3609e-03 ] 9.2039e-01
 4.511e+01 7.8087e-02 7.8087e-02 [ 8.6957e-15 1.1530e-04 1.7539e-02 5.9087e-02 1.3451e-03 ] 9.2191e-01
 4.522e+01 7.6568e-02 7.6568e-02 [ 6.9467e-15 1.0654e-04 1.6963e-02 5.8169e-02 1.3290e-03 ] 9.2343e-01
 4.533e+01 7.5055e-02 7.5055e-02 [ 5.5440e-15 9.8382e-05 1.6399e-02 5.7245e-02 1.3129e-03 ] 9.2494e-01
 4.545e+01 7.3549e-02 7.3549e-02 [ 4.4203e-15 9.0790e-05 1.5846e-02 5.6316e-02 1.2965e-03 ] 9.2645e-01
 4.556e+01 7.2051e-02 7.2051e-02 [ 3.5209e-15 8.3730e-05 1.5305e-02 5.5382e-02 1.2800e-03 ] 9.2795e-01
 4.567e+01 7.0561e-02 7.0561e-02 [ 2.8018e-15 7.7168e-05 1.4776e-02 5.4444e-02 1.2634e-03 ] 9.2944e-01
 4.579e+01 6.9079e-02 6.9079e-02 [ 2.2274e-15 7.1074e-05 1.4259e-02 5.3503e-02 1.2466e-03 ] 9.3092e-01
 4.590e+01 6.7608e-02 6.7608e-02 [ 1.7690e-15 6.5419e-05 1.3753e-02 5.2559e-02 1.2297e-03 ] 9.3239e-01
 4.601e+01 6.6147e-02 6.6147e-02 [ 1.4036e-15 6.0174e-05 1.3260e-02 5.1614e-02 1.2127e-03 ] 9.3385e-01
 4.613e+01 6.4697e-02 6.4697e-02 [ 1.1126e-15 5.5314e-05 1.2779e-02 5.0667e-02 1.1955e-03 ] 9.3530e-01
 4.624e+01 6.3259e-02 6.3259e-02 [ 8.8111e-16 5.0813e-05 1.2310e-02 4.9720e-02 1.1783e-03 ] 9.3674e-01
 4.635e+01 6.1833e-02 6.1833e-02 [ 6.9709e-16 4.6648e-05 1.1852e-02 4.8774e-02 1.1610e-03 ] 9.3817e-01
 4.647e+01 6.0421e-02 6.0421e-02 [ 5.5098e-16 4.2796e-05 1.1407e-02 4.7828e-02 1.1436e-03 ] 9.3958e-01
 4.658e+01 5.9022e-02 5.9022e-02 [ 4.3507e-16 3.9237e-05 1.0973e-02 4.6884e-02 1.1262e-03 ] 9.4098e-01
 4.669e+01 5.7637e-02 5.7637e-02 [ 3.4322e-16 3.5950e-05 1.0551e-02 4.5942e-02 1.1087e-03 ] 9.4236e-01
 4.681e+01 5.6267e-02 5.6267e-02 [ 2.7050e-16 3.2917e-05 1.0141e-02 4.5002e-02 1.0912e-03 ] 9.4373e-01
 4.692e+01 5.4912e-02 5.4912e-02 [ 2.1298e-16 3.0120e-05 9.7419e-03 4.4067e-02 1.0736e-03 ] 9.4509e-01
 4.703e+01 5.3573e-02 5.3573e-02 [ 1.6753e-16 2.7543e-05 9.3546e-03 4.3135e-02 1.0560e-03 ] 9.4643e-01
 4.715e+01 5.2250e-02 5.2250e-02 [ 1.3166e-16 2.5169e-05 8.9787e-03 4.2208e-02 1.0384e-03 ] 9.4775e-01
 4.726e+01 5.0944e-02 5.0944e-02 [ 1.0337e-16 2.2985e-05 8.6140e-03 4.1286e-02 1.0208e-03 ] 9.4906e-01
 4.737e+01 4.9655e-02 4.9655e-02 [ 8.1076e-17 2.0977e-05 8.2603e-03 4.0370e-02 1.0031e-03 ] 9.5035e-01
 4.749e+01 4.8382e-02 4.8382e-02 [ 6.3532e-17 1.9131e-05 7.9176e-03 3.9460e-02 9.8554e-04 ] 9.5162e-01
 4.760e+01 4.7128e-02 4.7128e-02 [ 4.9737e-17 1.7436e-05 7.5856e-03 3.8557e-02 9.6795e-04 ] 9.5287e-01
 4.771e+01 4.5891e-02 4.5891e-02 [ 3.8900e-17 1.5881e-05 7.2643e-03 3.7661e-02 9.5039e-04 ] 9.5411e-01
 4.783e+01 4.4673e-02 4.4673e-02 [ 3.0395e-17 1.4455e-05 6.9533e-03 3.6772e-02 9.3288e-04 ] 9.5533e-01
 4.794e+01 4.3473e-02 4.3473e-02 [ 2.3727e-17 1.3148e-05 6.6527e-03 3.5892e-02 9.1540e-04 ] 9.5653e-01
 4.805e+01 4.2292e-02 4.2292e-02 [ 1.8505e-17 1.1952e-05 6.3621e-03 3.5020e-02 8.9799e-04 ] 9.5771e-01
 4.817e+01 4.1129e-02 4.1129e-02 [ 1.4418e-17 1.0857e-05 6.0814e-03 3.4156e-02 8.8064e-04 ] 9.5887e-01
 4.828e+01 3.9986e-02 3.9986e-02 [ 1.1223e-17 9.8557e-06 5.8104e-03 3.3302e-02 8.6336e-04 ] 9.6001e-01
 4.839e+01 3.8862e-02 3.8862e-02 [ 8.7276e-18 8.9408e-06 5.5489e-03 3.2458e-02 8.4616e-04 ] 9.6114e-01
 4.851e+01 3.7757e-02 3.7757e-02 [ 6.7807e-18 8.1054e-06 5.2967e-03 3.1623e-02 8.2905e-04 ] 9.6224e-01
 4.862e+01 3.6672e-02 3.6672e-02 [ 5.2631e-18 7.3432e-06 5.0536e-03 3.0799e-02 8.1204e-04 ] 9.6333e-01
 4.873e+01 3.5607e-02 3.5607e-02 [ 4.0812e-18 6.6481e-06 4.8194e-03 2.9985e-02 7.9513e-04 ] 9.6439e-01
 4.885e+01 3.4561e-02 3.4561e-02 [ 3.1618e-18 6.0148e-06 4.5940e-03 2.9182e-02 7.7833e-04 ] 9.6544e-01
 4.896e+01 3.3535e-02 3.3535e-02 [ 2.4472e-18 5.4381e-06 4.3770e-03 2.8390e-02 7.6164e-04 ] 9.6647e-01
 4.907e+01 3.2528e-02 3.2528e-02 [ 1.8923e-18 4.9134e-06 4.1682e-03 2.7610e-02 7.4509e-04 ] 9.6747e-01
 4.919e+01 3.1542e-02 3.1542e-02 [ 1.4618e-18 4.4363e-06 3.9676e-03 2.6841e-02 7.2866e-04 ] 9.6846e-01
 4.930e+01 3.0575e-02 3.0575e-02 [ 1.1282e-18 4.0028e-06 3.7748e-03 2.6084e-02 7.1237e-04 ] 9.6943e-01
 4.941e+01 2.9628e-02 2.9628e-02 [ 8.6990e-19 3.6092e-06 3.5897e-03 2.5339e-02 6.9622e-04 ] 9.7037e-01
 4.953e+01 2.8701e-02 2.8701e-02 [ 6.7011e-19 3.2521e-06 3.4120e-03 2.4605e-02 6.8023e-04 ] 9.7130e-01
 4.964e+01 2.7794e-02 2.7794e-02 [ 5.1572e-19 2.9283e-06 3.2416e-03 2.3885e-02 6.6439e-04 ] 9.7221e-01
 4.975e+01 2.6906e-02 2.6906e-02 [ 3.9652e-19 2.6350e-06 3.0782e-03 2.3176e-02 6.4871e-04 ] 9.7309e-01
 4.987e+01 2.6038e-02 2.6038e-02 [ 3.0459e-19 2.3694e-06 2.9216e-03 2.2481e-02 6.3320e-04 ] 9.7396e-01
 4.998e+01 2.5190e-02 2.5190e-02 [ 2.3375e-19 2.1292e-06 2.7717e-03 2.1798e-02 6.1786e-04 ] 9.7481e-01
 5.009e+01 2.4360e-02 2.4360e-02 [ 1.7921e-19 1.9119e-06 2.6282e-03 2.1128e-02 6.0269e-04 ] 9.7564e-01
 5.021e+01 2.3551e-02 2.3551e-02 [ 1.3727e-19 1.7157e-06 2.4909e-03 2.0470e-02 5.8771e-04 ] 9.7645e-01
 5.032e+01 2.2760e-02 2.2760e-02 [ 1.0505e-19 1.5385e-06 2.3596e-03 1.9826e-02 5.7292e-04 ] 9.7724e-01
 5.043e+01 2.1989e-02 2.1989e-02 [ 8.0315e-20 1.3787e-06 2.2341e-03 1.9195e-02 5.5831e-04 ] 9.7801e-01
 5.055e+01 2.1236e-02 2.1236e-02 [ 6.1347e-20 1.2346e-06 2.1143e-03 1.8577e-02 5.4390e-04 ] 9.7876e-01
 5.066e+01 2.0503e-02 2.0503e-02 [ 4.6814e-20 1.1049e-06 1.9999e-03 1.7972e-02 5.2969e-04 ] 9.7950e-01
 5.077e+01 1.9787e-02 1.9787e-02 [ 3.5691e-20 9.8804e-07 1.8908e-03 1.7380e-02 5.1567e-04 ] 9.8021e-01
 5.089e+01 1.9091e-02 1.9091e-02 [ 2.7185e-20 8.8295e-07 1.7867e-03 1.6801e-02 5.0187e-04 ] 9.8091e-01
 5.100e+01 1.8412e-02 1.8412e-02 [ 2.0687e-20 7.8850e-07 1.6876e-03 1.6235e-02 4.8827e-04 ] 9.8159e-01
 5.111e+01 1.7752e-02 1.7752e-02 [ 1.5727e-20 7.0366e-07 1.5931e-03 1.5683e-02 4.7488e-04 ] 9.8225e-01
 5.123e+01 1.7109e-02 1.7109e-02 [ 1.1945e-20 6.2751e-07 1.5032e-03 1.5143e-02 4.6170e-04 ] 9.8289e-01
 5.134e+01 1.6484e-02 1.6484e-02 [ 9.0647e-21 5.5921e-07 1.4177e-03 1.4617e-02 4.4874e-04 ] 9.8352e-01
 5.145e+01 1.5876e-02 1.5876e-02 [ 6.8722e-21 4.9800e-07 1.3363e-03 1.4103e-02 4.3600e-04 ] 9.8412e-01
 5.157e+01 1.5285e-02 1.5285e-02 [ 5.2052e-21 4.4318e-07 1.2590e-03 1.3602e-02 4.2348e-04 ] 9.8472e-01
 5.168e+01 1.4711e-02 1.4711e-02 [ 3.9389e-21 3.9412e-07 1.1855e-03 1.3114e-02 4.1117e-04 ] 9.8529e-01
 5.179e+01 1.4154e-02 1.4154e-02 [ 2.9779e-21 3.5024e-07 1.1158e-03 1.2639e-02 3.9909e-04 ] 9.8585e-01
 5.191e+01 1.3613e-02 1.3613e-02 [ 2.2492e-21 3.1103e-07 1.0497e-03 1.2176e-02 3.8724e-04 ] 9.8639e-01
 5.202e+01 1.3088e-02 1.3088e-02 [ 1.6973e-21 2.7602e-07 9.8696e-04 1.1726e-02 3.7560e-04 ] 9.8691e-01
 5.213e+01 1.2579e-02 1.2579e-02 [ 1.2796e-21 2.4478e-07 9.2751e-04 1.1287e-02 3.6420e-04 ] 9.8742e-01
 5.225e+01 1.2086e-02 1.2086e-02 [ 9.6385e-22 2.1692e-07 8.7120e-04 1.0862e-02 3.5302e-04 ] 9.8791e-01
 5.236e+01 1.1608e-02 1.1608e-02 [ 7.2533e-22 1.9210e-07 8.1790e-04 1.0448e-02 3.4206e-04 ] 9.8839e-01
 5.247e+01 1.1145e-02 1.1145e-02 [ 5.4533e-22 1.6999e-07 7.6746e-04 1.0046e-02 3.3133e-04 ] 9.8886e-01
 5.259e+01 1.0696e-02 1.0696e-02 [ 4.0962e-22 1.5033e-07 7.1976e-04 9.6556e-03 3.2083e-04 ] 9.8930e-01
 5.270e+01 1.0262e-02 1.0262e-02 [ 3.0740e-22 1.3285e-07 6.7468e-04 9.2770e-03 3.1056e-04 ] 9.8974e-01
 5.281e+01 9.8425e-03 9.8425e-03 [ 2.3048e-22 1.1731e-07 6.3211e-04 8.9098e-03 3.0050e-04 ] 9.9016e-01
 5.293e+01 9.4365e-03 9.4365e-03 [ 1.7264e-22 1.0352e-07 5.9191e-04 8.5538e-03 2.9068e-04 ] 9.9056e-01
 5.304e+01 9.0440e-03 9.0440e-03 [ 1.2921e-22 9.1290e-08 5.5398e-04 8.2089e-03 2.8108e-04 ] 9.9096e-01
 5.315e+01 8.6648e-03 8.6648e-03 [ 9.6608e-23 8.0446e-08 5.1822e-04 7.8748e-03 2.7170e-04 ] 9.9134e-01
 5.327e+01 8.2985e-03 8.2985e-03 [ 7.2168e-23 7.0840e-08 4.8452e-04 7.5514e-03 2.6254e-04 ] 9.9170e-01
 5.338e+01 7.9449e-03 7.9449e-03 [ 5.3862e-23 6.2337e-08 4.5277e-04 7.2385e-03 2.5360e-04 ] 9.9206e-01
 5.349e+01 7.6037e-03 7.6037e-03 [ 4.0163e-23 5.4816e-08 4.2288e-04 6.9359e-03 2.4488e-04 ] 9.9240e-01
 5.361e+01 7.2745e-03 7.2745e-03 [ 2.9921e-23 4.8168e-08 3.9477e-04 6.6433e-03 2.3637e-04 ] 9.9273e-01
 5.372e+01 6.9571e-03 6.9571e-03 [ 2.2270e-23 4.2297e-08 3.6832e-04 6.3607e-03 2.2809e-04 ] 9.9304e-01
 5.383e+01 6.6512e-03 6.6512e-03 [ 1.6561e-23 3.7115e-08 3.4348e-04 6.0877e-03 2.2001e-04 ] 9.9335e-01
 5.395e+01 6.3564e-03 6.3564e-03 [ 1.2304e-23 3.2545e-08 3.2014e-04 5.8241e-03 2.1215e-04 ] 9.9364e-01
 5.406e+01 6.0726e-03 6.0726e-03 [ 9.1333e-24 2.8517e-08 2.9823e-04 5.5698e-03 2.0449e-04 ] 9.9393e-01
 5.417e+01 5.7993e-03 5.7993e-03 [ 6.7735e-24 2.4971e-08 2.7767e-04 5.3246e-03 1.9704e-04 ] 9.9420e-01
 5.429e+01 5.5364e-03 5.5364e-03 [ 5.0189e-24 2.1850e-08 2.5840e-04 5.0881e-03 1.8980e-04 ] 9.9446e-01
 5.440e+01 5.2834e-03 5.2834e-03 [ 3.7154e-24 1.9105e-08 2.4034e-04 4.8603e-03 1.8275e-04 ] 9.9472e-01
 5.451e+01 5.0403e-03 5.0403e-03 [ 2.7480e-24 1.6693e-08 2.2342e-04 4.6409e-03 1.7591e-04 ] 9.9496e-01
 5.463e+01 4.8065e-03 4.8065e-03 [ 2.0307e-24 1.4576e-08 2.0759e-04 4.4297e-03 1.6926e-04 ] 9.9519e-01
 5.474e+01 4.5820e-03 4.5820e-03 [ 1.4992e-24 1.2718e-08 1.9277e-04 4.2264e-03 1.6280e-04 ] 9.9542e-01
 5.485e+01 4.3664e-03 4.3664e-03 [ 1.1059e-24 1.1089e-08 1.7892e-04 4.0309e-03 1.5654e-04 ] 9.9563e-01
 5.497e+01 4.1594e-03 4.1594e-03 [ 8.1504e-25 9.6621e-09 1.6598e-04 3.8430e-03 1.5046e-04 ] 9.9584e-01
 5.508e+01 3.9608e-03 3.9608e-03 [ 6.0014e-25 8.4127e-09 1.5389e-04 3.6624e-03 1.4456e-04 ] 9.9604e-01
 5.519e+01 3.7704e-03 3.7704e-03 [ 4.4151e-25 7.3197e-09 1.4260e-04 3.4889e-03 1.3885e-04 ] 9.9623e-01
 5.531e+01 3.5878e-03 3.5878e-03 [ 3.2452e-25 6.3642e-09 1.3208e-04 3.3224e-03 1.3331e-04 ] 9.9641e-01
 5.542e+01 3.4128e-03 3.4128e-03 [ 2.3832e-25 5.5295e-09 1.2227e-04 3.1626e-03 1.2795e-04 ] 9.9659e-01
 5.553e+01 3.2452e-03 3.2452e-03 [ 1.7486e-25 4.8009e-09 1.1312e-04 3.0093e-03 1.2276e-04 ] 9.9676e-01
 5.565e+01 3.0847e-03 3.0847e-03 [ 1.2819e-25 4.1654e-09 1.0461e-04 2.8623e-03 1.1774e-04 ] 9.9692e-01
 5.576e+01 2.9310e-03 2.9310e-03 [ 9.3892e-26 3.6114e-09 9.6679e-05 2.7215e-03 1.1288e-04 ] 9.9707e-01
 5.587e+01 2.7840e-03 2.7840e-03 [ 6.8710e-26 3.1290e-09 8.9307e-05 2.5865e-03 1.0818e-04 ] 9.9722e-01
 5.599e+01 2.6435e-03 2.6435e-03 [ 5.0238e-26 2.7090e-09 8.2453e-05 2.4574e-03 1.0364e-04 ] 9.9736e-01
 5.610e+01 2.5091e-03 2.5091e-03 [ 3.6700e-26 2.3438e-09 7.6084e-05 2.3337e-03 9.9260e-05 ] 9.9749e-01
 5.621e+01 2.3807e-03 2.3807e-03 [ 2.6787e-26 2.0264e-09 7.0171e-05 2.2155e-03 9.5025e-05 ] 9.9762e-01
 5.633e+01 2.2580e-03 2.2580e-03 [ 1.9535e-26 1.7507e-09 6.4682e-05 2.1024e-03 9.0939e-05 ] 9.9774e-01
 5.644e+01 2.1409e-03 2.1409e-03 [ 1.4233e-26 1.5115e-09 5.9592e-05 1.9943e-03 8.6995e-05 ] 9.9786e-01
 5.655e+01 2.0291e-03 2.0291e-03 [ 1.0362e-26 1.3041e-09 5.4872e-05 1.8910e-03 8.3193e-05 ] 9.9797e-01
 5.667e+01 1.9225e-03 1.9225e-03 [ 7.5369e-27 1.1243e-09 5.0500e-05 1.7924e-03 7.9527e-05 ] 9.9808e-01
 5.678e+01 1.8208e-03 1.8208e-03 [ 5.4774e-27 9.6867e-10 4.6452e-05 1.6983e-03 7.5995e-05 ] 9.9818e-01
 5.689e+01 1.7238e-03 1.7238e-03 [ 3.9772e-27 8.3398e-10 4.2705e-05 1.6085e-03 7.2594e-05 ] 9.9828e-01
 5.701e+01 1.6315e-03 1.6315e-03 [ 2.8855e-27 7.1751e-10 3.9240e-05 1.5229e-03 6.9319e-05 ] 9.9837e-01
 5.712e+01 1.5435e-03 1.5435e-03 [ 2.0916e-27 6.1689e-10 3.6038e-05 1.4413e-03 6.6167e-05 ] 9.9846e-01
 5.723e+01 1.4597e-03 1.4597e-03 [ 1.5149e-27 5.3000e-10 3.3079e-05 1.3635e-03 6.3135e-05 ] 9.9854e-01
 5.735e+01 1.3800e-03 1.3800e-03 [ 1.0963e-27 4.5504e-10 3.0347e-05 1.2894e-03 6.0220e-05 ] 9.9862e-01
 5.746e+01 1.3042e-03 1.3042e-03 [ 7.9265e-28 3.9041e-10 2.7825e-05 1.2189e-03 5.7419e-05 ] 9.9870e-01
 5.757e+01 1.2321e-03 1.2321e-03 [ 5.7264e-28 3.3472e-10 2.5500e-05 1.1519e-03 5.4727e-05 ] 9.9877e-01
 5.769e+01 1.1635e-03 1.1635e-03 [ 4.1335e-28 2.8679e-10 2.3357e-05 1.0880e-03 5.2143e-05 ] 9.9884e-01
 5.780e+01 1.0984e-03 1.0984e-03 [ 2.9812e-28 2.4554e-10 2.1383e-05 1.0274e-03 4.9662e-05 ] 9.9890e-01
 5.791e+01 1.0366e-03 1.0366e-03 [ 2.1483e-28 2.1009e-10 1.9566e-05 9.6972e-04 4.7282e-05 ] 9.9896e-01
 5.803e+01 9.7785e-04 9.7785e-04 [ 1.5468e-28 1.7963e-10 1.7893e-05 9.1496e-04 4.4999e-05 ] 9.9902e-01
 5.814e+01 9.2213e-04 9.2213e-04 [ 1.1128e-28 1.5348e-10 1.6355e-05 8.6296e-04 4.2810e-05 ] 9.9908e-01
 5.825e+01 8.6927e-04 8.6927e-04 [ 7.9995e-29 1.3105e-10 1.4942e-05 8.1361e-04 4.0713e-05 ] 9.9913e-01
 5.837e+01 8.1915e-04 8.1915e-04 [ 5.7456e-29 1.1182e-10 1.3643e-05 7.6680e-04 3.8704e-05 ] 9.9918e-01
 5.848e+01 7.7164e-04 7.7164e-04 [ 4.1234e-29 9.5346e-11 1.2451e-05 7.2241e-04 3.6781e-05 ] 9.9923e-01
 5.859e+01 7.2663e-04 7.2663e-04 [ 2.9567e-29 8.1245e-11 1.1357e-05 6.8033e-04 3.4941e-05 ] 9.9927e-01
 5.871e+01 6.8400e-04 6.8400e-04 [ 2.1185e-29 6.9182e-11 1.0354e-05 6.4047e-04 3.3180e-05 ] 9.9932e-01
 5.882e+01 6.4364e-04 6.4364e-04 [ 1.5166e-29 5.8871e-11 9.4343e-06 6.0271e-04 3.1496e-05 ] 9.9936e-01
 5.893e+01 6.0545e-04 6.0545e-04 [ 1.0849e-29 5.0063e-11 8.5921e-06 5.6697e-04 2.9887e-05 ] 9.9940e-01
 5.905e+01 5.6933e-04 5.6933e-04 [ 7.7541e-30 4.2544e-11 7.8211e-06 5.3316e-04 2.8349e-05 ] 9.9943e-01
 5.916e+01 5.3517e-04 5.3517e-04 [ 5.5378e-30 3.6130e-11 7.1156e-06 5.0117e-04 2.6881e-05 ] 9.9947e-01
 5.927e+01 5.0288e-04 5.0288e-04 [ 3.9518e-30 3.0663e-11 6.4704e-06 4.7093e-04 2.5479e-05 ] 9.9950e-01
 5.939e+01 4.7237e-04 4.7237e-04 [ 2.8178e-30 2.6005e-11 5.8808e-06 4.4235e-04 2.4141e-05 ] 9.9953e-01
 5.950e+01 4.4356e-04 4.4356e-04 [ 2.0076e-30 2.2041e-11 5.3421e-06 4.1536e-04 2.2865e-05 ] 9.9956e-01
 5.961e+01 4.1636e-04 4.1636e-04 [ 1.4293e-30 1.8668e-11 4.8504e-06 3.8986e-04 2.1649e-05 ] 9.9958e-01
 5.973e+01 3.9070e-04 3.9070e-04 [ 1.0167e-30 1.5801e-11 4.4016e-06 3.6580e-04 2.0490e-05 ] 9.9961e-01
 5.984e+01 3.6648e-04 3.6648e-04 [ 7.2267e-31 1.3366e-11 3.9924e-06 3.4310e-04 1.9385e-05 ] 9.9963e-01
 5.995e+01 3.4365e-04 3.4365e-04 [ 5.1327e-31 1.1298e-11 3.6194e-06 3.2170e-04 1.8334e-05 ] 9.9966e-01
 6.007e+01 3.2213e-04 3.2213e-04 [ 3.6427e-31 9.5443e-12 3.2796e-06 3.0151e-04 1.7333e-05 ] 9.9968e-01
 6.018e+01 3.0185e-04 3.0185e-04 [ 2.5832e-31 8.0574e-12 2.9703e-06 2.8250e-04 1.6381e-05 ] 9.9970e-01
 6.029e+01 2.8275e-04 2.8275e-04 [ 1.8304e-31 6.7978e-12 2.6887e-06 2.6458e-04 1.5475e-05 ] 9.9972e-01
 6.041e+01 2.6477e-04 2.6477e-04 [ 1.2961e-31 5.7314e-12 2.4327e-06 2.4772e-04 1.4614e-05 ] 9.9974e-01
 6.052e+01 2.4784e-04 2.4784e-04 [ 9.1698e-32 4.8291e-12 2.1999e-06 2.3185e-04 1.3796e-05 ] 9.9975e-01
 6.063e+01 2.3192e-04 2.3192e-04 [ 6.4828e-32 4.0663e-12 1.9885e-06 2.1691e-04 1.3019e-05 ] 9.9977e-01
 6.075e+01 2.1695e-04 2.1695e-04 [ 4.5798e-32 3.4218e-12 1.7965e-06 2.0287e-04 1.2281e-05 ] 9.9978e-01
 6.086e+01 2.0287e-04 2.0287e-04 [ 3.2329e-32 2.8776e-12 1.6222e-06 1.8967e-04 1.1581e-05 ] 9.9980e-01
 6.097e+01 1.8964e-04 1.8964e-04 [ 2.2805e-32 2.4184e-12 1.4641e-06 1.7726e-04 1.0917e-05 ] 9.9981e-01
 6.109e+01 1.7722e-04 1.7722e-04 [ 1.6074e-32 2.0312e-12 1.3208e-06 1.6561e-04 1.0287e-05 ] 9.9982e-01
 6.120e+01 1.6555e-04 1.6555e-04 [ 1.1322e-32 1.7049e-12 1.1910e-06 1.5467e-04 9.6897e-06 ] 9.9984e-01
 6.131e+01 1.5460e-04 1.5460e-04 [ 7.9683e-33 1.4301e-12 1.0734e-06 1.4441e-04 9.1240e-06 ] 9.9985e-01
 6.143e+01 1.4433e-04 1.4433e-04 [ 5.6041e-33 1.1989e-12 9.6690e-07 1.3477e-04 8.5881e-06 ] 9.9986e-01
 6.154e+01 1.3469e-04 1.3469e-04 [ 3.9385e-33 1.0044e-12 8.7059e-07 1.2574e-04 8.0808e-06 ] 9.9987e-01
 6.165e+01 1.2565e-04 1.2565e-04 [ 2.7659e-33 8.4099e-13 7.8350e-07 1.1727e-04 7.6008e-06 ] 9.9988e-01
 6.177e+01 1.1719e-04 1.1719e-04 [ 1.9410e-33 7.0371e-13 7.0479e-07 1.0933e-04 7.1466e-06 ] 9.9988e-01
 6.188e+01 1.0925e-04 1.0925e-04 [ 1.3612e-33 5.8847e-13 6.3369e-07 1.0190e-04 6.7172e-06 ] 9.9989e-01
 6.199e+01 1.0182e-04 1.0182e-04 [ 9.5384e-34 4.9180e-13 5.6949e-07 9.4940e-05 6.3113e-06 ] 9.9990e-01
 6.211e+01 9.4864e-05 9.4864e-05 [ 6.6794e-34 4.1076e-13 5.1156e-07 8.8425e-05 5.9278e-06 ] 9.9991e-01
 6.222e+01 8.8354e-05 8.8354e-05 [ 4.6740e-34 3.4287e-13 4.5931e-07 8.2329e-05 5.5656e-06 ] 9.9991e-01
 6.233e+01 8.2263e-05 8.2263e-05 [ 3.2684e-34 2.8603e-13 4.1221e-07 7.6627e-05 5.2237e-06 ] 9.9992e-01
 6.245e+01 7.6568e-05 7.6568e-05 [ 2.2839e-34 2.3846e-13 3.6977e-07 7.1297e-05 4.9010e-06 ] 9.9992e-01
 6.256e+01 7.1243e-05 7.1243e-05 [ 1.5948e-34 1.9869e-13 3.3154e-07 6.6315e-05 4.5966e-06 ] 9.9993e-01
 6.267e+01 6.6267e-05 6.6267e-05 [ 1.1129e-34 1.6545e-13 2.9714e-07 6.1660e-05 4.3096e-06 ] 9.9993e-01
 6.279e+01 6.1619e-05 6.1619e-05 [ 7.7602e-35 1.3769e-13 2.6618e-07 5.7313e-05 4.0391e-06 ] 9.9994e-01
 6.290e+01 5.7278e-05 5.7278e-05 [ 5.4077e-35 1.1452e-13 2.3834e-07 5.3255e-05 3.7842e-06 ] 9.9994e-01
 6.301e+01 5.3226e-05 5.3226e-05 [ 3.7657e-35 9.5195e-14 2.1331e-07 4.9468e-05 3.5442e-06 ] 9.9995e-01
 6.313e+01 4.9444e-05 4.9444e-05 [ 2.6205e-35 7.9083e-14 1.9083e-07 4.5935e-05 3.3182e-06 ] 9.9995e-01
 6.324e+01 4.5917e-05 4.5917e-05 [ 1.8224e-35 6.5660e-14 1.7064e-07 4.2641e-05 3.1055e-06 ] 9.9996e-01
 6.335e+01 4.2627e-05 4.2627e-05 [ 1.2665e-35 5.4484e-14 1.5252e-07 3.9569e-05 2.9054e-06 ] 9.9996e-01
 6.347e+01 3.9561e-05 3.9561e-05 [ 8.7955e-36 4.5184e-14 1.3627e-07 3.6707e-05 2.7173e-06 ] 9.9996e-01
 6.358e+01 3.6703e-05 3.6703e-05 [ 6.1043e-36 3.7450e-14 1.2169e-07 3.4041e-05 2.5405e-06 ] 9.9996e-01
 6.369e+01 3.4042e-05 3.4042e-05 [ 4.2338e-36 3.1021e-14 1.0863e-07 3.1559e-05 2.3743e-06 ] 9.9997e-01
 6.381e+01 3.1563e-05 3.1563e-05 [ 2.9345e-36 2.5682e-14 9.6924e-08 2.9248e-05 2.2182e-06 ] 9.9997e-01
 6.392e+01 2.9255e-05 2.9255e-05 [ 2.0326e-36 2.1250e-14 8.6444e-08 2.7097e-05 2.0717e-06 ] 9.9997e-01
 6.403e+01 2.7108e-05 2.7108e-05 [ 1.4070e-36 1.7572e-14 7.7064e-08 2.5097e-05 1.9342e-06 ] 9.9997e-01
 6.415e+01 2.5111e-05 2.5111e-05 [ 9.7328e-37 1.4523e-14 6.8672e-08 2.3237e-05 1.8052e-06 ] 9.9998e-01
 6.426e+01 2.3253e-05 2.3253e-05 [ 6.7284e-37 1.1997e-14 6.1168e-08 2.1508e-05 1.6842e-06 ] 9.9998e-01
 6.437e+01 2.1526e-05 2.1526e-05 [ 4.6484e-37 9.9038e-15 5.4461e-08 1.9901e-05 1.5708e-06 ] 9.9998e-01
 6.449e+01 1.9921e-05 1.9921e-05 [ 3.2094e-37 8.1717e-15 4.8469e-08 1.8408e-05 1.4645e-06 ] 9.9998e-01
 6.460e+01 1.8431e-05 1.8431e-05 [ 2.2145e-37 6.7388e-15 4.3119e-08 1.7023e-05 1.3649e-06 ] 9.9998e-01
 6.471e+01 1.7046e-05 1.7046e-05 [ 1.5270e-37 5.5541e-15 3.8342e-08 1.5736e-05 1.2717e-06 ] 9.9998e-01
 6.483e+01 1.5761e-05 1.5761e-05 [ 1.0523e-37 4.5751e-15 3.4081e-08 1.4542e-05 1.1844e-06 ] 9.9999e-01
 6.494e+01 1.4568e-05 1.4568e-05 [ 7.2470e-38 3.7667e-15 3.0281e-08 1.3435e-05 1.1028e-06 ] 9.9999e-01
 6.505e+01 1.3461e-05 1.3461e-05 [ 4.9879e-38 3.0994e-15 2.6894e-08 1.2408e-05 1.0264e-06 ] 9.9999e-01
 6.517e+01 1.2435e-05 1.2435e-05 [ 3.4309e-38 2.5490e-15 2.3876e-08 1.1456e-05 9.5501e-07 ] 9.9999e-01
 6.528e+01 1.1483e-05 1.1483e-05 [ 2.3585e-38 2.0952e-15 2.1187e-08 1.0573e-05 8.8827e-07 ] 9.9999e-01
 6.539e+01 1.0601e-05 1.0601e-05 [ 1.6203e-38 1.7213e-15 1.8794e-08 9.7561e-06 8.2592e-07 ] 9.9999e-01
 6.551e+01 9.7836e-06 9.7836e-06 [ 1.1124e-38 1.4133e-15 1.6665e-08 8.9993e-06 7.6768e-07 ] 9.9999e-01
 6.562e+01 9.0266e-06 9.0266e-06 [ 7.6333e-39 1.1599e-15 1.4771e-08 8.2986e-06 7.1332e-07 ] 9.9999e-01
 6.573e+01 8.3257e-06 8.3257e-06 [ 5.2346e-39 9.5136e-16 1.3087e-08 7.6501e-06 6.6258e-07 ] 9.9999e-01
 6.585e+01 7.6770e-06 7.6770e-06 [ 3.5876e-39 7.7992e-16 1.1590e-08 7.0501e-06 6.1525e-07 ] 9.9999e-01
 6.596e+01 7.0766e-06 7.0766e-06 [ 2.4573e-39 6.3905e-16 1.0260e-08 6.4953e-06 5.7110e-07 ] 9.9999e-01
 6.607e+01 6.5213e-06 6.5213e-06 [ 1.6821e-39 5.2335e-16 9.0798e-09 5.9823e-06 5.2995e-07 ] 9.9999e-01
 6.619e+01 6.0077e-06 6.0077e-06 [ 1.1508e-39 4.2837e-16 8.0318e-09 5.5081e-06 4.9160e-07 ] 1.0000e+00
 6.630e+01 5.5330e-06 5.5330e-06 [ 7.8685e-40 3.5045e-16 7.1021e-09 5.0700e-06 4.5588e-07 ] 1.0000e+00
 6.641e+01 5.0943e-06 5.0943e-06 [ 5.3769e-40 2.8656e-16 6.2775e-09 4.6654e-06 4.2261e-07 ] 1.0000e+00
 6.653e+01 4.6889e-06 4.6889e-06 [ 3.6722e-40 2.3420e-16 5.5466e-09 4.2917e-06 3.9164e-07 ] 1.0000e+00
 6.664e+01 4.3146e-06 4.3146e-06 [ 2.5065e-40 1.9130e-16 4.8988e-09 3.9468e-06 3.6282e-07 ] 1.0000e+00
 6.675e+01 3.9689e-06 3.9689e-06 [ 1.7098e-40 1.5619e-16 4.3251e-09 3.6286e-06 3.3602e-07 ] 1.0000e+00
 6.687e+01 3.6499e-06 3.6499e-06 [ 1.1657e-40 1.2745e-16 3.8171e-09 3.3350e-06 3.1109e-07 ] 1.0000e+00
 6.698e+01 3.3555e-06 3.3555e-06 [ 7.9433e-41 1.0395e-16 3.3674e-09 3.0643e-06 2.8792e-07 ] 1.0000e+00
 6.709e+01 3.0840e-06 3.0840e-06 [ 5.4095e-41 8.4745e-17 2.9697e-09 2.8147e-06 2.6638e-07 ] 1.0000e+00
 6.721e+01 2.8336e-06 2.8336e-06 [ 3.6819e-41 6.9051e-17 2.6179e-09 2.5846e-06 2.4638e-07 ] 1.0000e+00
 6.732e+01 2.6028e-06 2.6028e-06 [ 2.5046e-41 5.6236e-17 2.3069e-09 2.3727e-06 2.2780e-07 ] 1.0000e+00
 6.743e+01 2.3901e-06 2.3901e-06 [ 1.7029e-41 4.5776e-17 2.0321e-09 2.1775e-06 2.1056e-07 ] 1.0000e+00
 6.755e+01 2.1942e-06 2.1942e-06 [ 1.1571e-41 3.7244e-17 1.7894e-09 1.9978e-06 1.9456e-07 ] 1.0000e+00
 6.766e+01 2.0137e-06 2.0137e-06 [ 7.8584e-42 3.0287e-17 1.5750e-09 1.8324e-06 1.7972e-07 ] 1.0000e+00
 6.777e+01 1.8476e-06 1.8476e-06 [ 5.3340e-42 2.4618e-17 1.3859e-09 1.6802e-06 1.6596e-07 ] 1.0000e+00
 6.789e+01 1.6946e-06 1.6946e-06 [ 3.6186e-42 2.0000e-17 1.2190e-09 1.5402e-06 1.5320e-07 ] 1.0000e+00
 6.800e+01 1.5539e-06 1.5539e-06 [ 2.4536e-42 1.6241e-17 1.0718e-09 1.4114e-06 1.4138e-07 ] 1.0000e+00
 6.811e+01 1.4245e-06 1.4245e-06 [ 1.6627e-42 1.3182e-17 9.4205e-10 1.2931e-06 1.3043e-07 ] 1.0000e+00
 6.823e+01 1.3054e-06 1.3054e-06 [ 1.1262e-42 1.0694e-17 8.2770e-10 1.1843e-06 1.2029e-07 ] 1.0000e+00
 6.834e+01 1.1960e-06 1.1960e-06 [ 7.6240e-43 8.6713e-18 7.2697e-10 1.0844e-06 1.1090e-07 ] 1.0000e+00
 6.845e+01 1.0954e-06 1.0954e-06 [ 5.1584e-43 7.0280e-18 6.3827e-10 9.9259e-07 1.0222e-07 ] 1.0000e+00
 6.857e+01 1.0030e-06 1.0030e-06 [ 3.4884e-43 5.6934e-18 5.6019e-10 9.0831e-07 9.4179e-08 ] 1.0000e+00
 6.868e+01 9.1819e-07 9.1819e-07 [ 2.3578e-43 4.6101e-18 4.9148e-10 8.3095e-07 8.6748e-08 ] 1.0000e+00
 6.879e+01 8.4027e-07 8.4027e-07 [ 1.5928e-43 3.7311e-18 4.3105e-10 7.5996e-07 7.9878e-08 ] 1.0000e+00
 6.891e+01 7.6875e-07 7.6875e-07 [ 1.0755e-43 3.0184e-18 3.7792e-10 6.9485e-07 7.3529e-08 ] 1.0000e+00
 6.902e+01 7.0312e-07 7.0312e-07 [ 7.2580e-44 2.4406e-18 3.3121e-10 6.3513e-07 6.7663e-08 ] 1.0000e+00
 6.913e+01 6.4291e-07 6.4291e-07 [ 4.8956e-44 1.9726e-18 2.9018e-10 5.8038e-07 6.2247e-08 ] 1.0000e+00
 6.925e+01 5.8769e-07 5.8769e-07 [ 3.3005e-44 1.5935e-18 2.5414e-10 5.3019e-07 5.7246e-08 ] 1.0000e+00
 6.936e+01 5.3707e-07 5.3707e-07 [ 2.2240e-44 1.2867e-18 2.2250e-10 4.8422e-07 5.2630e-08 ] 1.0000e+00
 6.947e+01 4.9067e-07 4.9067e-07 [ 1.4979e-44 1.0385e-18 1.9473e-10 4.4210e-07 4.8372e-08 ] 1.0000e+00
 6.959e+01 4.4815e-07 4.4815e-07 [ 1.0083e-44 8.3782e-19 1.7036e-10 4.0354e-07 4.4445e-08 ] 1.0000e+00
 6.970e+01 4.0920e-07 4.0920e-07 [ 6.7841e-45 6.7559e-19 1.4900e-10 3.6823e-07 4.0824e-08 ] 1.0000e+00
 6.981e+01 3.7354e-07 3.7354e-07 [ 4.5623e-45 5.4453e-19 1.3027e-10 3.3592e-07 3.7486e-08 ] 1.0000e+00
 6.993e+01 3.4089e-07 3.4089e-07 [ 3.0666e-45 4.3869e-19 1.1385e-10 3.0636e-07 3.4411e-08 ] 1.0000e+00
 7.004e+01 3.1100e-07 3.1100e-07 [ 2.0603e-45 3.5327e-19 9.9467e-11 2.7933e-07 3.1579e-08 ] 1.0000e+00
 7.015e+01 2.8366e-07 2.8366e-07 [ 1.3835e-45 2.8435e-19 8.6872e-11 2.5460e-07 2.8971e-08 ] 1.0000e+00
 7.027e+01 2.5865e-07 2.5865e-07 [ 9.2858e-46 2.2878e-19 7.5846e-11 2.3201e-07 2.6570e-08 ] 1.0000e+00
 7.038e+01 2.3578e-07 2.3578e-07 [ 6.2295e-46 1.8398e-19 6.6197e-11 2.1136e-07 2.4360e-08 ] 1.0000e+00
 7.049e+01 2.1488e-07 2.1488e-07 [ 4.1771e-46 1.4789e-19 5.7755e-11 1.9249e-07 2.2328e-08 ] 1.0000e+00
 7.061e+01 1.9577e-07 1.9577e-07 [ 2.7996e-46 1.1883e-19 5.0373e-11 1.7526e-07 2.0459e-08 ] 1.0000e+00
 7.072e+01 1.7831e-07 1.7831e-07 [ 1.8755e-46 9.5438e-20 4.3920e-11 1.5953e-07 1.8741e-08 ] 1.0000e+00
 7.083e+01 1.6237e-07 1.6237e-07 [ 1.2558e-46 7.6615e-20 3.8281e-11 1.4517e-07 1.7162e-08 ] 1.0000e+00
 7.095e+01 1.4781e-07 1.4781e-07 [ 8.4046e-47 6.1478e-20 3.3354e-11 1.3207e-07 1.5711e-08 ] 1.0000e+00
 7.106e+01 1.3452e-07 1.3452e-07 [ 5.6224e-47 4.9311e-20 2.9052e-11 1.2011e-07 1.4379e-08 ] 1.0000e+00
 7.117e+01 1.2239e-07 1.2239e-07 [ 3.7594e-47 3.9534e-20 2.5296e-11 1.0921e-07 1.3156e-08 ] 1.0000e+00
 7.129e+01 1.1133e-07 1.1133e-07 [ 2.5126e-47 3.1682e-20 2.2018e-11 9.9272e-08 1.2033e-08 ] 1.0000e+00
 7.140e+01 1.0124e-07 1.0124e-07 [ 1.6785e-47 2.5378e-20 1.9159e-11 9.0213e-08 1.1003e-08 ] 1.0000e+00
 7.151e+01 9.2033e-08 9.2033e-08 [ 1.1208e-47 2.0320e-20 1.6665e-11 8.1959e-08 1.0058e-08 ] 1.0000e+00
 7.163e+01 8.3645e-08 8.3645e-08 [ 7.4802e-48 1.6263e-20 1.4492e-11 7.4439e-08 9.1912e-09 ] 1.0000e+00
 7.174e+01 7.6001e-08 7.6001e-08 [ 4.9902e-48 1.3010e-20 1.2597e-11 6.7591e-08 8.3969e-09 ] 1.0000e+00
 7.185e+01 6.9037e-08 6.9037e-08 [ 3.3275e-48 1.0404e-20 1.0947e-11 6.1357e-08 7.6689e-09 ] 1.0000e+00
 7.197e+01 6.2694e-08 6.2694e-08 [ 2.2179e-48 8.3161e-21 9.5096e-12 5.5682e-08 7.0020e-09 ] 1.0000e+00
 7.208e+01 5.6919e-08 5.6919e-08 [ 1.4776e-48 6.6444e-21 8.2583e-12 5.0519e-08 6.3912e-09 ] 1.0000e+00
 7.219e+01 5.1661e-08 5.1661e-08 [ 9.8395e-49 5.3065e-21 7.1693e-12 4.5822e-08 5.8320e-09 ] 1.0000e+00
 7.231e+01 4.6877e-08 4.6877e-08 [ 6.5494e-49 4.2362e-21 6.2219e-12 4.1551e-08 5.3201e-09 ] 1.0000e+00
 7.242e+01 4.2525e-08 4.2525e-08 [ 4.3576e-49 3.3803e-21 5.3979e-12 3.7668e-08 4.8518e-09 ] 1.0000e+00
 7.253e+01 3.8566e-08 3.8566e-08 [ 2.8979e-49 2.6963e-21 4.6815e-12 3.4138e-08 4.4234e-09 ] 1.0000e+00
 7.265e+01 3.4967e-08 3.4967e-08 [ 1.9264e-49 2.1497e-21 4.0589e-12 3.0931e-08 4.0317e-09 ] 1.0000e+00
 7.276e+01 3.1695e-08 3.1695e-08 [ 1.2800e-49 1.7132e-21 3.5179e-12 2.8018e-08 3.6736e-09 ] 1.0000e+00
 7.287e+01 2.8722e-08 2.8722e-08 [ 8.5015e-50 1.3648e-21 3.0481e-12 2.5372e-08 3.3463e-09 ] 1.0000e+00
 7.299e+01 2.6020e-08 2.6020e-08 [ 5.6440e-50 1.0868e-21 2.6402e-12 2.2970e-08 3.0473e-09 ] 1.0000e+00
 7.310e+01 2.3567e-08 2.3567e-08 [ 3.7453e-50 8.6506e-22 2.2861e-12 2.0790e-08 2.7742e-09 ] 1.0000e+00
 7.321e+01 2.1339e-08 2.1339e-08 [ 2.4843e-50 6.8828e-22 1.9788e-12 1.8812e-08 2.5249e-09 ] 1.0000e+00
 7.333e+01 1.9317e-08 1.9317e-08 [ 1.6472e-50 5.4739e-22 1.7123e-12 1.7018e-08 2.2973e-09 ] 1.0000e+00
 7.344e+01 1.7482e-08 1.7482e-08 [ 1.0917e-50 4.3517e-22 1.4813e-12 1.5390e-08 2.0897e-09 ] 1.0000e+00
 7.355e+01 1.5816e-08 1.5816e-08 [ 7.2320e-51 3.4581e-22 1.2810e-12 1.3915e-08 1.9002e-09 ] 1.0000e+00
 7.367e+01 1.4306e-08 1.4306e-08 [ 4.7889e-51 2.7468e-22 1.1074e-12 1.2578e-08 1.7275e-09 ] 1.0000e+00
 7.378e+01 1.2937e-08 1.2937e-08 [ 3.1698e-51 2.1810e-22 9.5703e-13 1.1366e-08 1.5700e-09 ] 1.0000e+00
 7.389e+01 1.1695e-08 1.1695e-08 [ 2.0973e-51 1.7310e-22 8.2683e-13 1.0268e-08 1.4264e-09 ] 1.0000e+00
 7.401e+01 1.0570e-08 1.0570e-08 [ 1.3870e-51 1.3733e-22 7.1411e-13 9.2741e-09 1.2956e-09 ] 1.0000e+00
 7.412e+01 9.5511e-09 9.5511e-09 [ 9.1695e-52 1.0891e-22 6.1657e-13 8.3740e-09 1.1765e-09 ] 1.0000e+00
 7.423e+01 8.6279e-09 8.6279e-09 [ 6.0593e-52 8.6332e-23 5.3218e-13 7.5593e-09 1.0680e-09 ] 1.0000e+00
 7.435e+01 7.7918e-09 7.7918e-09 [ 4.0024e-52 6.8409e-23 4.5919e-13 6.8221e-09 9.6930e-10 ] 1.0000e+00
 7.446e+01 7.0350e-09 7.0350e-09 [ 2.6427e-52 5.4184e-23 3.9609e-13 6.1551e-09 8.7944e-10 ] 1.0000e+00
 7.457e+01 6.3500e-09 6.3500e-09 [ 1.7442e-52 4.2900e-23 3.4155e-13 5.5520e-09 7.9768e-10 ] 1.0000e+00
 7.469e+01 5.7302e-09 5.7302e-09 [ 1.1507e-52 3.3953e-23 2.9443e-13 5.0066e-09 7.2332e-10 ] 1.0000e+00
 7.480e+01 5.1696e-09 5.1696e-09 [ 7.5883e-53 2.6860e-23 2.5374e-13 4.5136e-09 6.5571e-10 ] 1.0000e+00
 7.491e+01 4.6626e-09 4.6626e-09 [ 5.0022e-53 2.1241e-23 2.1859e-13 4.0681e-09 5.9425e-10 ] 1.0000e+00
 7.503e+01 4.2042e-09 4.2042e-09 [ 3.2961e-53 1.6791e-23 1.8826e-13 3.6656e-09 5.3840e-10 ] 1.0000e+00
 7.514e+01 3.7900e-09 3.7900e-09 [ 2.1710e-53 1.3267e-23 1.6209e-13 3.3021e-09 4.8767e-10 ] 1.0000e+00
 7.525e+01 3.4156e-09 3.4156e-09 [ 1.4294e-53 1.0479e-23 1.3951e-13 2.9739e-09 4.4159e-10 ] 1.0000e+00
 7.537e+01 3.0775e-09 3.0775e-09 [ 9.4076e-54 8.2736e-24 1.2004e-13 2.6776e-09 3.9976e-10 ] 1.0000e+00
 7.548e+01 2.7721e-09 2.7721e-09 [ 6.1891e-54 6.5297e-24 1.0325e-13 2.4102e-09 3.6179e-10 ] 1.0000e+00
 7.559e+01 2.4964e-09 2.4964e-09 [ 4.0701e-54 5.1513e-24 8.8784e-14 2.1689e-09 3.2733e-10 ] 1.0000e+00
 7.571e+01 2.2475e-09 2.2475e-09 [ 2.6755e-54 4.0623e-24 7.6321e-14 1.9513e-09 2.9608e-10 ] 1.0000e+00
 7.582e+01 2.0229e-09 2.0229e-09 [ 1.7581e-54 3.2022e-24 6.5587e-14 1.7551e-09 2.6774e-10 ] 1.0000e+00
 7.593e+01 1.8203e-09 1.8203e-09 [ 1.1548e-54 2.5233e-24 5.6346e-14 1.5782e-09 2.4204e-10 ] 1.0000e+00
 7.605e+01 1.6376e-09 1.6376e-09 [ 7.5824e-55 1.9875e-24 4.8391e-14 1.4188e-09 2.1875e-10 ] 1.0000e+00
 7.616e+01 1.4728e-09 1.4728e-09 [ 4.9767e-55 1.5649e-24 4.1547e-14 1.2751e-09 1.9764e-10 ] 1.0000e+00
 7.627e+01 1.3243e-09 1.3243e-09 [ 3.2651e-55 1.2316e-24 3.5660e-14 1.1457e-09 1.7853e-10 ] 1.0000e+00
 7.639e+01 1.1904e-09 1.1904e-09 [ 2.1414e-55 9.6894e-25 3.0598e-14 1.0292e-09 1.6121e-10 ] 1.0000e+00
 7.650e+01 1.0698e-09 1.0698e-09 [ 1.4038e-55 7.6200e-25 2.6246e-14 9.2428e-10 1.4554e-10 ] 1.0000e+00
 7.661e+01 9.6123e-10 9.6123e-10 [ 9.1997e-56 5.9902e-25 2.2506e-14 8.2985e-10 1.3136e-10 ] 1.0000e+00
 7.673e+01 8.6342e-10 8.6342e-10 [ 6.0265e-56 4.7072e-25 1.9293e-14 7.4488e-10 1.1852e-10 ] 1.0000e+00
 7.684e+01 7.7536e-10 7.7536e-10 [ 3.9463e-56 3.6975e-25 1.6534e-14 6.6843e-10 1.0691e-10 ] 1.0000e+00
 7.695e+01 6.9611e-10 6.9611e-10 [ 2.5832e-56 2.9033e-25 1.4165e-14 5.9968e-10 9.6414e-11 ] 1.0000e+00
 7.707e+01 6.2480e-10 6.2480e-10 [ 1.6903e-56 2.2788e-25 1.2132e-14 5.3787e-10 8.6923e-11 ] 1.0000e+00
 7.718e+01 5.6066e-10 5.6066e-10 [ 1.1056e-56 1.7879e-25 1.0387e-14 4.8230e-10 7.8345e-11 ] 1.0000e+00
 7.729e+01 5.0297e-10 5.0297e-10 [ 7.2287e-57 1.4022e-25 8.8910e-15 4.3237e-10 7.0595e-11 ] 1.0000e+00
 7.741e+01 4.5111e-10 4.5111e-10 [ 4.7247e-57 1.0993e-25 7.6079e-15 3.8750e-10 6.3594e-11 ] 1.0000e+00
 7.752e+01 4.0449e-10 4.0449e-10 [ 3.0869e-57 8.6153e-26 6.5080e-15 3.4721e-10 5.7272e-11 ] 1.0000e+00
 7.763e+01 3.6260e-10 3.6260e-10 [ 2.0160e-57 6.7491e-26 5.5654e-15 3.1103e-10 5.1565e-11 ] 1.0000e+00
 7.775e+01 3.2496e-10 3.2496e-10 [ 1.3162e-57 5.2850e-26 4.7579e-15 2.7854e-10 4.6414e-11 ] 1.0000e+00
 7.786e+01 2.9116e-10 2.9116e-10 [ 8.5898e-58 4.1370e-26 4.0663e-15 2.4939e-10 4.1766e-11 ] 1.0000e+00
 7.797e+01 2.6081e-10 2.6081e-10 [ 5.6038e-58 3.2371e-26 3.4742e-15 2.2323e-10 3.7574e-11 ] 1.0000e+00
 7.809e+01 2.3356e-10 2.3356e-10 [ 3.6545e-58 2.5320e-26 2.9674e-15 1.9977e-10 3.3793e-11 ] 1.0000e+00
 7.820e+01 2.0911e-10 2.0911e-10 [ 2.3823e-58 1.9797e-26 2.5338e-15 1.7872e-10 3.0385e-11 ] 1.0000e+00
 7.831e+01 1.8717e-10 1.8717e-10 [ 1.5525e-58 1.5473e-26 2.1629e-15 1.5986e-10 2.7313e-11 ] 1.0000e+00
 7.843e+01 1.6749e-10 1.6749e-10 [ 1.0113e-58 1.2089e-26 1.8457e-15 1.4295e-10 2.4546e-11 ] 1.0000e+00
 7.854e+01 1.4985e-10 1.4985e-10 [ 6.5855e-59 9.4409e-27 1.5746e-15 1.2779e-10 2.2053e-11 ] 1.0000e+00
 7.865e+01 1.3403e-10 1.3403e-10 [ 4.2868e-59 7.3704e-27 1.3429e-15 1.1422e-10 1.9807e-11 ] 1.0000e+00
 7.877e+01 1.1985e-10 1.1985e-10 [ 2.7895e-59 5.7517e-27 1.1449e-15 1.0206e-10 1.7786e-11 ] 1.0000e+00
 7.888e+01 1.0714e-10 1.0714e-10 [ 1.8145e-59 4.4869e-27 9.7584e-16 9.1172e-11 1.5967e-11 ] 1.0000e+00
 7.899e+01 9.5756e-11 9.5756e-11 [ 1.1799e-59 3.4988e-27 8.3149e-16 8.1426e-11 1.4330e-11 ] 1.0000e+00
 7.911e+01 8.5562e-11 8.5562e-11 [ 7.6691e-60 2.7273e-27 7.0829e-16 7.2703e-11 1.2858e-11 ] 1.0000e+00
 7.922e+01 7.6433e-11 7.6433e-11 [ 4.9831e-60 2.1251e-27 6.0316e-16 6.4899e-11 1.1533e-11 ] 1.0000e+00
 7.933e+01 6.8262e-11 6.8262e-11 [ 3.2367e-60 1.6553e-27 5.1348e-16 5.7918e-11 1.0343e-11 ] 1.0000e+00
 7.945e+01 6.0949e-11 6.0949e-11 [ 2.1016e-60 1.2888e-27 4.3700e-16 5.1676e-11 9.2727e-12 ] 1.0000e+00
 7.956e+01 5.4406e-11 5.4406e-11 [ 1.3641e-60 1.0031e-27 3.7180e-16 4.6094e-11 8.3112e-12 ] 1.0000e+00
 7.967e+01 4.8553e-11 4.8553e-11 [ 8.8508e-61 7.8043e-28 3.1624e-16 4.1106e-11 7.4474e-12 ] 1.0000e+00
 7.979e+01 4.3320e-11 4.3320e-11 [ 5.7407e-61 6.0696e-28 2.6890e-16 3.6648e-11 6.6716e-12 ] 1.0000e+00
 7.990e+01 3.8641e-11 3.8641e-11 [ 3.7221e-61 4.7187e-28 2.2858e-16 3.2666e-11 5.9751e-12 ] 1.0000e+00
 8.001e+01 3.4459e-11 3.4459e-11 [ 2.4125e-61 3.6671e-28 1.9424e-16 2.9109e-11 5.3499e-12 ] 1.0000e+00
 8.013e+01 3.0722e-11 3.0722e-11 [ 1.5631e-61 2.8488e-28 1.6502e-16 2.5933e-11 4.7889e-12 ] 1.0000e+00
 8.024e+01 2.7384e-11 2.7384e-11 [ 1.0124e-61 2.2122e-28 1.4015e-16 2.3098e-11 4.2856e-12 ] 1.0000e+00
 8.035e+01 2.4402e-11 2.4402e-11 [ 6.5547e-62 1.7173e-28 1.1899e-16 2.0568e-11 3.8342e-12 ] 1.0000e+00
 8.047e+01 2.1740e-11 2.1740e-11 [ 4.2424e-62 1.3326e-28 1.0100e-16 1.8310e-11 3.4295e-12 ] 1.0000e+00
 8.058e+01 1.9363e-11 1.9363e-11 [ 2.7448e-62 1.0336e-28 8.5703e-17 1.6296e-11 3.0667e-12 ] 1.0000e+00
 8.069e+01 1.7242e-11 1.7242e-11 [ 1.7753e-62 8.0147e-29 7.2701e-17 1.4501e-11 2.7416e-12 ] 1.0000e+00
 8.081e+01 1.5350e-11 1.5350e-11 [ 1.1478e-62 6.2122e-29 6.1653e-17 1.2899e-11 2.4503e-12 ] 1.0000e+00
 8.092e+01 1.3662e-11 1.3662e-11 [ 7.4184e-63 4.8132e-29 5.2269e-17 1.1472e-11 2.1893e-12 ] 1.0000e+00
 8.103e+01 1.2156e-11 1.2156e-11 [ 4.7930e-63 3.7279e-29 4.4300e-17 1.0201e-11 1.9557e-12 ] 1.0000e+00
 8.115e+01 1.0814e-11 1.0814e-11 [ 3.0956e-63 2.8863e-29 3.7535e-17 9.0677e-12 1.7466e-12 ] 1.0000e+00
 8.126e+01 9.6180e-12 9.6180e-12 [ 1.9986e-63 2.2338e-29 3.1794e-17 8.0586e-12 1.5594e-12 ] 1.0000e+00
 8.137e+01 8.5520e-12 8.5520e-12 [ 1.2899e-63 1.7282e-29 2.6923e-17 7.1601e-12 1.3919e-12 ] 1.0000e+00
 8.149e+01 7.6023e-12 7.6023e-12 [ 8.3226e-64 1.3365e-29 2.2791e-17 6.3602e-12 1.2421e-12 ] 1.0000e+00
 8.160e+01 6.7564e-12 6.7564e-12 [ 5.3677e-64 1.0332e-29 1.9288e-17 5.6483e-12 1.1081e-12 ] 1.0000e+00
 8.171e+01 6.0032e-12 6.0032e-12 [ 3.4608e-64 7.9842e-30 1.6319e-17 5.0149e-12 9.8837e-13 ] 1.0000e+00
 8.183e+01 5.3327e-12 5.3327e-12 [ 2.2305e-64 6.1677e-30 1.3803e-17 4.4514e-12 8.8131e-13 ] 1.0000e+00
 8.194e+01 4.7359e-12 4.7359e-12 [ 1.4371e-64 4.7627e-30 1.1671e-17 3.9502e-12 7.8566e-13 ] 1.0000e+00
 8.205e+01 4.2049e-12 4.2049e-12 [ 9.2557e-65 3.6764e-30 9.8655e-18 3.5047e-12 7.0021e-13 ] 1.0000e+00
 8.217e+01 3.7325e-12 3.7325e-12 [ 5.9591e-65 2.8368e-30 8.3370e-18 3.1086e-12 6.2389e-13 ] 1.0000e+00
 8.228e+01 3.3124e-12 3.3124e-12 [ 3.8354e-65 2.1881e-30 7.0432e-18 2.7567e-12 5.5575e-13 ] 1.0000e+00
 8.239e+01 2.9389e-12 2.9389e-12 [ 2.4676e-65 1.6871e-30 5.9485e-18 2.4440e-12 4.9493e-13 ] 1.0000e+00
 8.251e+01 2.6069e-12 2.6069e-12 [ 1.5871e-65 1.3004e-30 5.0224e-18 2.1662e-12 4.4065e-13 ] 1.0000e+00
 8.262e+01 2.3118e-12 2.3118e-12 [ 1.0204e-65 1.0019e-30 4.2393e-18 1.9196e-12 3.9223e-13 ] 1.0000e+00
 8.273e+01 2.0496e-12 2.0496e-12 [ 6.5584e-66 7.7162e-31 3.5773e-18 1.7006e-12 3.4904e-13 ] 1.0000e+00
 8.285e+01 1.8168e-12 1.8168e-12 [ 4.2137e-66 5.9406e-31 3.0177e-18 1.5062e-12 3.1052e-13 ] 1.0000e+00
 8.296e+01 1.6100e-12 1.6100e-12 [ 2.7063e-66 4.5719e-31 2.5450e-18 1.3338e-12 2.7619e-13 ] 1.0000e+00
 8.307e+01 1.4264e-12 1.4264e-12 [ 1.7376e-66 3.5172e-31 2.1457e-18 1.1808e-12 2.4559e-13 ] 1.0000e+00
 8.319e+01 1.2634e-12 1.2634e-12 [ 1.1152e-66 2.7048e-31 1.8085e-18 1.0451e-12 2.1833e-13 ] 1.0000e+00
 8.330e+01 1.1188e-12 1.1188e-12 [ 7.1553e-67 2.0793e-31 1.5238e-18 9.2473e-13 1.9404e-13 ] 1.0000e+00
 8.341e+01 9.9048e-13 9.9048e-13 [ 4.5892e-67 1.5978e-31 1.2836e-18 8.1806e-13 1.7241e-13 ] 1.0000e+00
 8.353e+01 8.7668e-13 8.7668e-13 [ 2.9424e-67 1.2273e-31 1.0810e-18 7.2352e-13 1.5316e-13 ] 1.0000e+00
 8.364e+01 7.7578e-13 7.7578e-13 [ 1.8859e-67 9.4243e-32 9.1004e-19 6.3976e-13 1.3602e-13 ] 1.0000e+00
 8.375e+01 6.8632e-13 6.8632e-13 [ 1.2083e-67 7.2339e-32 7.6592e-19 5.6556e-13 1.2077e-13 ] 1.0000e+00
 8.387e+01 6.0704e-13 6.0704e-13 [ 7.7387e-68 5.5504e-32 6.4443e-19 4.9984e-13 1.0720e-13 ] 1.0000e+00
 8.398e+01 5.3679e-13 5.3679e-13 [ 4.9548e-68 4.2571e-32 5.4206e-19 4.4166e-13 9.5132e-14 ] 1.0000e+00
 8.409e+01 4.7455e-13 4.7455e-13 [ 3.1712e-68 3.2639e-32 4.5582e-19 3.9015e-13 8.4402e-14 ] 1.0000e+00
 8.421e+01 4.1943e-13 4.1943e-13 [ 2.0290e-68 2.5015e-32 3.8319e-19 3.4457e-13 7.4864e-14 ] 1.0000e+00
 8.432e+01 3.7063e-13 3.7063e-13 [ 1.2977e-68 1.9165e-32 3.2204e-19 3.0424e-13 6.6387e-14 ] 1.0000e+00
 8.443e+01 3.2743e-13 3.2743e-13 [ 8.2968e-69 1.4677e-32 2.7057e-19 2.6857e-13 5.8855e-14 ] 1.0000e+00
 8.455e+01 2.8919e-13 2.8919e-13 [ 5.3028e-69 1.1236e-32 2.2726e-19 2.3703e-13 5.2165e-14 ] 1.0000e+00
 8.466e+01 2.5536e-13 2.5536e-13 [ 3.3880e-69 8.5979e-33 1.9082e-19 2.0914e-13 4.6224e-14 ] 1.0000e+00
 8.477e+01 2.2543e-13 2.2543e-13 [ 2.1638e-69 6.5769e-33 1.6019e-19 1.8448e-13 4.0949e-14 ] 1.0000e+00
 8.489e+01 1.9897e-13 1.9897e-13 [ 1.3815e-69 5.0291e-33 1.3443e-19 1.6270e-13 3.6268e-14 ] 1.0000e+00
 8.500e+01 1.7557e-13 1.7557e-13 [ 8.8171e-70 3.8440e-33 1.1278e-19 1.4345e-13 3.2113e-14 ] 1.0000e+00
 8.511e+01 1.5488e-13 1.5488e-13 [ 5.6253e-70 2.9371e-33 9.4590e-20 1.2645e-13 2.8428e-14 ] 1.0000e+00
 8.523e+01 1.3660e-13 1.3660e-13 [ 3.5877e-70 2.2433e-33 7.9311e-20 1.1144e-13 2.5159e-14 ] 1.0000e+00
 8.534e+01 1.2045e-13 1.2045e-13 [ 2.2873e-70 1.7127e-33 6.6481e-20 9.8190e-14 2.2261e-14 ] 1.0000e+00
 8.545e+01 1.0618e-13 1.0618e-13 [ 1.4577e-70 1.3071e-33 5.5710e-20 8.6493e-14 1.9691e-14 ] 1.0000e+00
 8.557e+01 9.3586e-14 9.3586e-14 [ 9.2871e-71 9.9713e-34 4.6671e-20 7.6171e-14 1.7414e-14 ] 1.0000e+00
 8.568e+01 8.2463e-14 8.2463e-14 [ 5.9146e-71 7.6039e-34 3.9087e-20 6.7066e-14 1.5397e-14 ] 1.0000e+00
 8.579e+01 7.2645e-14 7.2645e-14 [ 3.7654e-71 5.7963e-34 3.2726e-20 5.9035e-14 1.3610e-14 ] 1.0000e+00
 8.591e+01 6.3980e-14 6.3980e-14 [ 2.3963e-71 4.4167e-34 2.7392e-20 5.1953e-14 1.2027e-14 ] 1.0000e+00
 8.602e+01 5.6337e-14 5.6337e-14 [ 1.5245e-71 3.3641e-34 2.2921e-20 4.5711e-14 1.0626e-14 ] 1.0000e+00
 8.613e+01 4.9594e-14 4.9594e-14 [ 9.6947e-72 2.5614e-34 1.9174e-20 4.0208e-14 9.3857e-15 ] 1.0000e+00
 8.625e+01 4.3649e-14 4.3649e-14 [ 6.1630e-72 1.9494e-34 1.6035e-20 3.5360e-14 8.2882e-15 ] 1.0000e+00
 8.636e+01 3.8407e-14 3.8407e-14 [ 3.9164e-72 1.4830e-34 1.3406e-20 3.1090e-14 7.3173e-15 ] 1.0000e+00
 8.647e+01 3.3787e-14 3.3787e-14 [ 2.4879e-72 1.1278e-34 1.1204e-20 2.7328e-14 6.4585e-15 ] 1.0000e+00
 8.659e+01 2.9715e-14 2.9715e-14 [ 1.5798e-72 8.5731e-35 9.3616e-21 2.4016e-14 5.6991e-15 ] 1.0000e+00
 8.670e+01 2.6129e-14 2.6129e-14 [ 1.0028e-72 6.5143e-35 7.8198e-21 2.1101e-14 5.0278e-15 ] 1.0000e+00
 8.681e+01 2.2969e-14 2.2969e-14 [ 6.3633e-73 4.9479e-35 6.5299e-21 1.8535e-14 4.4345e-15 ] 1.0000e+00
 8.693e+01 2.0187e-14 2.0187e-14 [ 4.0363e-73 3.7566e-35 5.4512e-21 1.6277e-14 3.9102e-15 ] 1.0000e+00
 8.704e+01 1.7738e-14 1.7738e-14 [ 2.5592e-73 2.8510e-35 4.5493e-21 1.4291e-14 3.4471e-15 ] 1.0000e+00
 8.715e+01 1.5583e-14 1.5583e-14 [ 1.6221e-73 2.1628e-35 3.7956e-21 1.2545e-14 3.0381e-15 ] 1.0000e+00
 8.727e+01 1.3686e-14 1.3686e-14 [ 1.0278e-73 1.6400e-35 3.1657e-21 1.1009e-14 2.6770e-15 ] 1.0000e+00
 8.738e+01 1.2017e-14 1.2017e-14 [ 6.5093e-74 1.2431e-35 2.6396e-21 9.6589e-15 2.3582e-15 ] 1.0000e+00
 8.749e+01 1.0549e-14 1.0549e-14 [ 4.1211e-74 9.4187e-36 2.2003e-21 8.4725e-15 2.0769e-15 ] 1.0000e+00
 8.761e+01 9.2588e-15 9.2588e-15 [ 2.6081e-74 7.1332e-36 1.8335e-21 7.4301e-15 1.8287e-15 ] 1.0000e+00
 8.772e+01 8.1242e-15 8.1242e-15 [ 1.6499e-74 5.4000e-36 1.5274e-21 6.5144e-15 1.6098e-15 ] 1.0000e+00
 8.783e+01 7.1271e-15 7.1271e-15 [ 1.0434e-74 4.0862e-36 1.2720e-21 5.7103e-15 1.4168e-15 ] 1.0000e+00
 8.795e+01 6.2508e-15 6.2508e-15 [ 6.5957e-75 3.0908e-36 1.0590e-21 5.0043e-15 1.2466e-15 ] 1.0000e+00
 8.806e+01 5.4810e-15 5.4810e-15 [ 4.1678e-75 2.3368e-36 8.8139e-22 4.3845e-15 1.0965e-15 ] 1.0000e+00
 8.817e+01 4.8049e-15 4.8049e-15 [ 2.6325e-75 1.7660e-36 7.3334e-22 3.8406e-15 9.6434e-16 ] 1.0000e+00
 8.829e+01 4.2113e-15 4.2113e-15 [ 1.6622e-75 1.3340e-36 6.0996e-22 3.3634e-15 8.4787e-16 ] 1.0000e+00
 8.840e+01 3.6901e-15 3.6901e-15 [ 1.0491e-75 1.0073e-36 5.0719e-22 2.9448e-15 7.4530e-16 ] 1.0000e+00
 8.851e+01 3.2327e-15 3.2327e-15 [ 6.6186e-76 7.6025e-37 4.2159e-22 2.5777e-15 6.5497e-16 ] 1.0000e+00
 8.863e+01 2.8313e-15 2.8313e-15 [ 4.1740e-76 5.7353e-37 3.5033e-22 2.2559e-15 5.7546e-16 ] 1.0000e+00
 8.874e+01 2.4792e-15 2.4792e-15 [ 2.6312e-76 4.3248e-37 2.9103e-22 1.9738e-15 5.0548e-16 ] 1.0000e+00
 8.885e+01 2.1704e-15 2.1704e-15 [ 1.6580e-76 3.2598e-37 2.4168e-22 1.7265e-15 4.4390e-16 ] 1.0000e+00
 8.897e+01 1.8996e-15 1.8996e-15 [ 1.0444e-76 2.4559e-37 2.0063e-22 1.5099e-15 3.8973e-16 ] 1.0000e+00
 8.908e+01 1.6623e-15 1.6623e-15 [ 6.5756e-77 1.8494e-37 1.6650e-22 1.3202e-15 3.4209e-16 ] 1.0000e+00
 8.919e+01 1.4542e-15 1.4542e-15 [ 4.1385e-77 1.3920e-37 1.3813e-22 1.1540e-15 3.0020e-16 ] 1.0000e+00
 8.931e+01 1.2719e-15 1.2719e-15 [ 2.6035e-77 1.0473e-37 1.1456e-22 1.0085e-15 2.6338e-16 ] 1.0000e+00
 8.942e+01 1.1122e-15 1.1122e-15 [ 1.6372e-77 7.8757e-38 9.4977e-23 8.8118e-16 2.3102e-16 ] 1.0000e+00
 8.953e+01 9.7232e-16 9.7232e-16 [ 1.0291e-77 5.9197e-38 7.8714e-23 7.6974e-16 2.0259e-16 ] 1.0000e+00
 8.965e+01 8.4985e-16 8.4985e-16 [ 6.4661e-78 4.4474e-38 6.5213e-23 6.7223e-16 1.7761e-16 ] 1.0000e+00
 8.976e+01 7.4263e-16 7.4263e-16 [ 4.0610e-78 3.3397e-38 5.4009e-23 5.8695e-16 1.5568e-16 ] 1.0000e+00
 8.987e+01 6.4879e-16 6.4879e-16 [ 2.5494e-78 2.5067e-38 4.4714e-23 5.1237e-16 1.3642e-16 ] 1.0000e+00
 8.999e+01 5.6668e-16 5.6668e-16 [ 1.5998e-78 1.8805e-38 3.7006e-23 4.4716e-16 1.1952e-16 ] 1.0000e+00
 9.010e+01 4.9484e-16 4.9484e-16 [ 1.0034e-78 1.4101e-38 3.0615e-23 3.9016e-16 1.0468e-16 ] 1.0000e+00
 9.021e+01 4.3202e-16 4.3202e-16 [ 6.2911e-79 1.0568e-38 2.5318e-23 3.4035e-16 9.1670e-17 ] 1.0000e+00
 9.033e+01 3.7709e-16 3.7709e-16 [ 3.9425e-79 7.9165e-39 2.0930e-23 2.9683e-16 8.0255e-17 ] 1.0000e+00
 9.044e+01 3.2906e-16 3.2906e-16 [ 2.4696e-79 5.9272e-39 1.7296e-23 2.5882e-16 7.0244e-17 ] 1.0000e+00
 9.055e+01 2.8709e-16 2.8709e-16 [ 1.5463e-79 4.4355e-39 1.4288e-23 2.2562e-16 6.1468e-17 ] 1.0000e+00
 9.067e+01 2.5041e-16 2.5041e-16 [ 9.6771e-80 3.3175e-39 1.1798e-23 1.9664e-16 5.3776e-17 ] 1.0000e+00
 9.078e+01 2.1837e-16 2.1837e-16 [ 6.0535e-80 2.4801e-39 9.7378e-24 1.7134e-16 4.7035e-17 ] 1.0000e+00
 9.089e+01 1.9039e-16 1.9039e-16 [ 3.7850e-80 1.8530e-39 8.0344e-24 1.4926e-16 4.1129e-17 ] 1.0000e+00
 9.101e+01 1.6595e-16 1.6595e-16 [ 2.3655e-80 1.3838e-39 6.6262e-24 1.2999e-16 3.5957e-17 ] 1.0000e+00
 9.112e+01 1.4462e-16 1.4462e-16 [ 1.4777e-80 1.0328e-39 5.4626e-24 1.1319e-16 3.1427e-17 ] 1.0000e+00
 9.123e+01 1.2600e-16 1.2600e-16 [ 9.2265e-81 7.7047e-40 4.5014e-24 9.8539e-17 2.7462e-17 ] 1.0000e+00
 9.135e+01 1.0975e-16 1.0975e-16 [ 5.7581e-81 5.7443e-40 3.7078e-24 8.5763e-17 2.3992e-17 ] 1.0000e+00
 9.146e+01 9.5581e-17 9.5581e-17 [ 3.5917e-81 4.2804e-40 3.0527e-24 7.4627e-17 2.0955e-17 ] 1.0000e+00
 9.157e+01 8.3220e-17 8.3220e-17 [ 2.2394e-81 3.1878e-40 2.5123e-24 6.4922e-17 1.8298e-17 ] 1.0000e+00
 9.169e+01 7.2440e-17 7.2440e-17 [ 1.3955e-81 2.3727e-40 2.0666e-24 5.6466e-17 1.5974e-17 ] 1.0000e+00
 9.180e+01 6.3043e-17 6.3043e-17 [ 8.6918e-82 1.7650e-40 1.6991e-24 4.9100e-17 1.3942e-17 ] 1.0000e+00
 9.191e+01 5.4852e-17 5.4852e-17 [ 5.4110e-82 1.3122e-40 1.3964e-24 4.2686e-17 1.2166e-17 ] 1.0000e+00
 9.203e+01 4.7715e-17 4.7715e-17 [ 3.3668e-82 9.7502e-41 1.1470e-24 3.7101e-17 1.0614e-17 ] 1.0000e+00
 9.214e+01 4.1497e-17 4.1497e-17 [ 2.0938e-82 7.2403e-41 9.4172e-25 3.2239e-17 9.2573e-18 ] 1.0000e+00
 9.225e+01 3.6081e-17 3.6081e-17 [ 1.3014e-82 5.3733e-41 7.7279e-25 2.8009e-17 8.0723e-18 ] 1.0000e+00
 9.237e+01 3.1365e-17 3.1365e-17 [ 8.0849e-83 3.9853e-41 6.3383e-25 2.4327e-17 7.0373e-18 ] 1.0000e+00
 9.248e+01 2.7259e-17 2.7259e-17 [ 5.0199e-83 2.9540e-41 5.1959e-25 2.1125e-17 6.1336e-18 ] 1.0000e+00
 9.259e+01 2.3685e-17 2.3685e-17 [ 3.1152e-83 2.1882e-41 4.2572e-25 1.8340e-17 5.3448e-18 ] 1.0000e+00
 9.271e+01 2.0575e-17 2.0575e-17 [ 1.9321e-83 1.6199e-41 3.4861e-25 1.5919e-17 4.6563e-18 ] 1.0000e+00
 9.282e+01 1.7870e-17 1.7870e-17 [ 1.1976e-83 1.1985e-41 2.8531e-25 1.3814e-17 4.0555e-18 ] 1.0000e+00
 9.293e+01 1.5517e-17 1.5517e-17 [ 7.4195e-84 8.8605e-42 2.3338e-25 1.1985e-17 3.5315e-18 ] 1.0000e+00
 9.305e+01 1.3470e-17 1.3470e-17 [ 4.5938e-84 6.5465e-42 1.9078e-25 1.0396e-17 3.0744e-18 ] 1.0000e+00
 9.316e+01 1.1691e-17 1.1691e-17 [ 2.8426e-84 4.8336e-42 1.5587e-25 9.0151e-18 2.6759e-18 ] 1.0000e+00
 9.327e+01 1.0144e-17 1.0144e-17 [ 1.7579e-84 3.5664e-42 1.2727e-25 7.8160e-18 2.3285e-18 ] 1.0000e+00
 9.339e+01 8.8006e-18 8.8006e-18 [ 1.0865e-84 2.6296e-42 1.0385e-25 6.7748e-18 2.0257e-18 ] 1.0000e+00
 9.350e+01 7.6330e-18 7.6330e-18 [ 6.7107e-85 1.9375e-42 8.4687e-26 5.8710e-18 1.7619e-18 ] 1.0000e+00
 9.361e+01 6.6187e-18 6.6187e-18 [ 4.1423e-85 1.4265e-42 6.9015e-26 5.0866e-18 1.5321e-18 ] 1.0000e+00
 9.373e+01 5.7380e-18 5.7380e-18 [ 2.5552e-85 1.0495e-42 5.6205e-26 4.4060e-18 1.3320e-18 ] 1.0000e+00
 9.384e+01 4.9733e-18 4.9733e-18 [ 1.5752e-85 7.7160e-43 4.5742e-26 3.8156e-18 1.1577e-18 ] 1.0000e+00
 9.395e+01 4.3095e-18 4.3095e-18 [ 9.7042e-86 5.6683e-43 3.7200e-26 3.3035e-18 1.0060e-18 ] 1.0000e+00
 9.407e+01 3.7335e-18 3.7335e-18 [ 5.9742e-86 4.1608e-43 3.0232e-26 2.8595e-18 8.7400e-19 ] 1.0000e+00
 9.418e+01 3.2337e-18 3.2337e-18 [ 3.6753e-86 3.0518e-43 2.4550e-26 2.4745e-18 7.5913e-19 ] 1.0000e+00
 9.429e+01 2.8001e-18 2.8001e-18 [ 2.2595e-86 2.2366e-43 1.9921e-26 2.1409e-18 6.5921e-19 ] 1.0000e+00
 9.441e+01 2.4241e-18 2.4241e-18 [ 1.3880e-86 1.6378e-43 1.6153e-26 1.8518e-18 5.7231e-19 ] 1.0000e+00
 9.452e+01 2.0981e-18 2.0981e-18 [ 8.5204e-87 1.1983e-43 1.3086e-26 1.6014e-18 4.9675e-19 ] 1.0000e+00
 9.463e+01 1.8155e-18 1.8155e-18 [ 5.2262e-87 8.7596e-44 1.0593e-26 1.3845e-18 4.3106e-19 ] 1.0000e+00
 9.475e+01 1.5706e-18 1.5706e-18 [ 3.2032e-87 6.3977e-44 8.5677e-27 1.1966e-18 3.7398e-19 ] 1.0000e+00
 9.486e+01 1.3584e-18 1.3584e-18 [ 1.9616e-87 4.6684e-44 6.9234e-27 1.0340e-18 3.2438e-19 ] 1.0000e+00
 9.497e+01 1.1746e-18 1.1746e-18 [ 1.2003e-87 3.4033e-44 5.5896e-27 8.9327e-19 2.8130e-19 ] 1.0000e+00
 9.509e+01 1.0154e-18 1.0154e-18 [ 7.3383e-88 2.4787e-44 4.5086e-27 7.7147e-19 2.4388e-19 ] 1.0000e+00
 9.520e+01 8.7750e-19 8.7750e-19 [ 4.4824e-88 1.8035e-44 3.6331e-27 6.6611e-19 2.1139e-19 ] 1.0000e+00
 9.531e+01 7.5816e-19 7.5816e-19 [ 2.7355e-88 1.3109e-44 2.9247e-27 5.7497e-19 1.8319e-19 ] 1.0000e+00
 9.543e+01 6.5487e-19 6.5487e-19 [ 1.6678e-88 9.5184e-45 2.3520e-27 4.9616e-19 1.5871e-19 ] 1.0000e+00
 9.554e+01 5.6549e-19 5.6549e-19 [ 1.0159e-88 6.9038e-45 1.8894e-27 4.2802e-19 1.3747e-19 ] 1.0000e+00
 9.565e+01 4.8818e-19 4.8818e-19 [ 6.1817e-89 5.0018e-45 1.5161e-27 3.6912e-19 1.1905e-19 ] 1.0000e+00
 9.577e+01 4.2130e-19 4.2130e-19 [ 3.7576e-89 3.6197e-45 1.2151e-27 3.1823e-19 1.0307e-19 ] 1.0000e+00
 9.588e+01 3.6348e-19 3.6348e-19 [ 2.2816e-89 2.6163e-45 9.7275e-28 2.7426e-19 8.9220e-20 ] 1.0000e+00
 9.599e+01 3.1348e-19 3.1348e-19 [ 1.3838e-89 1.8887e-45 7.7775e-28 2.3627e-19 7.7210e-20 ] 1.0000e+00
 9.611e+01 2.7027e-19 2.7027e-19 [ 8.3828e-90 1.3617e-45 6.2103e-28 2.0347e-19 6.6802e-20 ] 1.0000e+00
 9.622e+01 2.3293e-19 2.3293e-19 [ 5.0720e-90 9.8043e-46 4.9522e-28 1.7515e-19 5.7784e-20 ] 1.0000e+00
 9.633e+01 2.0067e-19 2.0067e-19 [ 3.0648e-90 7.0492e-46 3.9433e-28 1.5070e-19 4.9971e-20 ] 1.0000e+00
 9.645e+01 1.7281e-19 1.7281e-19 [ 1.8494e-90 5.0608e-46 3.1353e-28 1.2960e-19 4.3205e-20 ] 1.0000e+00
 9.656e+01 1.4874e-19 1.4874e-19 [ 1.1144e-90 3.6277e-46 2.4890e-28 1.1140e-19 3.7346e-20 ] 1.0000e+00
 9.667e+01 1.2797e-19 1.2797e-19 [ 6.7052e-91 2.5962e-46 1.9726e-28 9.5692e-20 3.2273e-20 ] 1.0000e+00
 9.679e+01 1.1003e-19 1.1003e-19 [ 4.0279e-91 1.8548e-46 1.5607e-28 8.2147e-20 2.7883e-20 ] 1.0000e+00
 9.690e+01 9.4552e-20 9.4552e-20 [ 2.4156e-91 1.3228e-46 1.2325e-28 7.0467e-20 2.4084e-20 ] 1.0000e+00
 9.701e+01 8.1195e-20 8.1195e-20 [ 1.4460e-91 9.4153e-47 9.7141e-29 6.0398e-20 2.0797e-20 ] 1.0000e+00
 9.713e+01 6.9673e-20 6.9673e-20 [ 8.6397e-92 6.6880e-47 7.6405e-29 5.1719e-20 1.7954e-20 ] 1.0000e+00
 9.724e+01 5.9734e-20 5.9734e-20 [ 5.1515e-92 4.7404e-47 5.9963e-29 4.4239e-20 1.5495e-20 ] 1.0000e+00
 9.735e+01 5.1162e-20 5.1162e-20 [ 3.0648e-92 3.3522e-47 4.6947e-29 3.7793e-20 1.3369e-20 ] 1.0000e+00
 9.747e+01 4.3771e-20 4.3771e-20 [ 1.8190e-92 2.3646e-47 3.6662e-29 3.2240e-20 1.1530e-20 ] 1.0000e+00
 9.758e+01 3.7398e-20 3.7398e-20 [ 1.0769e-92 1.6634e-47 2.8551e-29 2.7457e-20 9.9409e-21 ] 1.0000e+00
 9.769e+01 3.1904e-20 3.1904e-20 [ 6.3569e-93 1.1667e-47 2.2167e-29 2.3337e-20 8.5666e-21 ] 1.0000e+00
 9.781e+01 2.7167e-20 2.7167e-20 [ 3.7411e-93 8.1571e-48 1.7154e-29 1.9788e-20 7.3784e-21 ] 1.0000e+00
 9.792e+01 2.3083e-20 2.3083e-20 [ 2.1941e-93 5.6829e-48 1.3226e-29 1.6732e-20 6.3510e-21 ] 1.0000e+00
 9.803e+01 1.9562e-20 1.9562e-20 [ 1.2820e-93 3.9437e-48 1.0155e-29 1.4100e-20 5.4621e-21 ] 1.0000e+00
 9.815e+01 1.6525e-20 1.6525e-20 [ 7.4591e-94 2.7249e-48 7.7616e-30 1.1833e-20 4.6928e-21 ] 1.0000e+00
 9.826e+01 1.3906e-20 1.3906e-20 [ 4.3192e-94 1.8734e-48 5.9011e-30 9.8798e-21 4.0262e-21 ] 1.0000e+00
 9.837e+01 1.1646e-20 1.1646e-20 [ 2.4875e-94 1.2809e-48 4.4592e-30 8.1977e-21 3.4479e-21 ] 1.0000e+00
 9.849e+01 9.6943e-21 9.6943e-21 [ 1.4237e-94 8.7003e-49 3.3455e-30 6.7491e-21 2.9452e-21 ] 1.0000e+00
 9.860e+01 8.0086e-21 8.0086e-21 [ 8.0890e-95 5.8648e-49 2.4884e-30 5.5019e-21 2.5067e-21 ] 1.0000e+00
 9.871e+01 6.5519e-21 6.5519e-21 [ 4.5564e-95 3.9174e-49 1.8315e-30 4.4293e-21 2.1226e-21 ] 1.0000e+00
 9.883e+01 5.2926e-21 5.2926e-21 [ 2.5400e-95 2.5873e-49 1.3302e-30 3.5085e-21 1.7841e-21 ] 1.0000e+00
 9.894e+01 4.2042e-21 4.2042e-21 [ 1.3977e-95 1.6844e-49 9.4964e-31 2.7209e-21 1.4833e-21 ] 1.0000e+00
 9.905e+01 3.2650e-21 3.2650e-21 [ 7.5657e-96 1.0761e-49 6.6263e-31 2.0515e-21 1.2134e-21 ] 1.0000e+00
 9.917e+01 2.4572e-21 2.4572e-21 [ 4.0056e-96 6.6957e-50 4.4797e-31 1.4887e-21 9.6854e-22 ] 1.0000e+00
 9.928e+01 1.7680e-21 1.7680e-21 [ 2.0548e-96 4.0084e-50 2.8931e-31 1.0237e-21 7.4430e-22 ] 1.0000e+00
 9.939e+01 1.1886e-21 1.1886e-21 [ 1.0033e-96 2.2579e-50 1.7419e-31 6.5015e-22 5.3845e-22 ] 1.0000e+00
 9.951e+01 7.1574e-22 7.1574e-22 [ 4.4891e-97 1.1449e-50 9.3340e-32 3.6377e-22 3.5197e-22 ] 1.0000e+00
 9.962e+01 3.5195e-22 3.5195e-22 [ 1.6735e-97 4.7123e-51 4.0046e-32 1.6133e-22 1.9062e-22 ] 1.0000e+00
 9.973e+01 1.0704e-22 1.0704e-22 [ 3.7428e-98 1.1237e-51 9.7992e-33 4.0426e-23 6.6614e-23 ] 1.0000e+00
 9.985e+01 0.0000e+00 0.0000e+00 [ 0.0000e+00 0.0000e+00 0.0000e+00 0.0000e+00 0.0000e+00 ] 1.0000e+00
