 0.000e+00 0.0000e+00 0.0000e+00 [ 0.0000e+00 0.0000e+00 0.0000e+00 0.0000e+00 0.0000e+00 ] 1.0000e+00
 1.133e-01 4.2882e-02 4.2882e-02 [ 4.2455e-02 2.1445e-04 1.0093e-04 1.0085e-04 1.0400e-05 ] 9.5712e-01
 2.267e-01 9.1808e-02 9.1808e-02 [ 9.0034e-02 8.9449e-04 4.2095e-04 4.2081e-04 3.7651e-05 ] 9.0819e-01
 3.400e-01 1.3223e-01 1.3223e-01 [ 1.2800e-01 2.1376e-03 1.0058e-03 1.0038e-03 7.7942e-05 ] 8.6777e-01
 4.533e-01 1.7548e-01 1.7548e-01 [ 1.6742e-01 4.0901e-03 1.9241e-03 1.9154e-03 1.2951e-04 ] 8.2452e-01
 5.667e-01 2.2496e-01 2.2496e-01 [ 2.1134e-01 6.9307e-03 3.2595e-03 3.2350e-03 1.9112e-04 ] 7.7504e-01
 6.800e-01 2.8292e-01 2.8292e-01 [ 2.6169e-01 1.0837e-02 5.0952e-03 5.0398e-03 2.6169e-04 ] 7.1708e-01
 7.933e-01 3.4999e-01 3.4999e-01 [ 3.1886e-01 1.5929e-02 7.4862e-03 7.3779e-03 3.3962e-04 ] 6.5001e-01
 9.067e-01 4.2449e-01 4.2449e-01 [ 3.8122e-01 2.2188e-02 1.0423e-02 1.0233e-02 4.2213e-04 ] 5.7551e-01
 1.020e+00 5.0213e-01 5.0213e-01 [ 4.4494e-01 2.9392e-02 1.3800e-02 1.3492e-02 5.0483e-04 ] 4.9787e-01
 1.133e+00 5.7676e-01 5.7676e-01 [ 5.0470e-01 3.7109e-02 1.7414e-02 1.6953e-02 5.8234e-04 ] 4.2324e-01
 1.247e+00 6.4218e-01 6.4218e-01 [ 5.5534e-01 4.4809e-02 2.1014e-02 2.0365e-02 6.4978e-04 ] 3.5782e-01
 1.360e+00 6.9431e-01 6.9431e-01 [ 5.9367e-01 5.2032e-02 2.4384e-02 2.3519e-02 7.0455e-04 ] 3.0569e-01
 1.473e+00 7.3228e-01 7.3228e-01 [ 6.1931e-01 5.8526e-02 2.7404e-02 2.6302e-02 7.4692e-04 ] 2.6772e-01
 1.587e+00 7.5785e-01 7.5785e-01 [ 6.3404e-01 6.4261e-02 3.0062e-02 2.8703e-02 7.7928e-04 ] 2.4215e-01
 1.700e+00 7.7394e-01 7.7394e-01 [ 6.4059e-01 6.9352e-02 3.2410e-02 3.0778e-02 8.0473e-04 ] 2.2606e-01
 1.813e+00 7.8347e-01 7.8347e-01 [ 6.4155e-01 7.3961e-02 3.4524e-02 3.2602e-02 8.2600e-04 ] 2.1653e-01
 1.927e+00 7.8873e-01 7.8873e-01 [ 6.3892e-01 7.8239e-02 3.6474e-02 3.4245e-02 8.4505e-04 ] 2.1127e-01
 2.040e+00 7.9132e-01 7.9132e-01 [ 6.3408e-01 8.2301e-02 3.8315e-02 3.5761e-02 8.6309e-04 ] 2.0868e-01
 2.153e+00 7.9232e-01 7.9232e-01 [ 6.2793e-01 8.6230e-02 4.0085e-02 3.7187e-02 8.8078e-04 ] 2.0768e-01
 2.267e+00 7.9236e-01 7.9236e-01 [ 6.2102e-01 9.0082e-02 4.1810e-02 3.8549e-02 8.9845e-04 ] 2.0764e-01
 2.380e+00 7.9187e-01 7.9187e-01 [ 6.1369e-01 9.3892e-02 4.3505e-02 3.9864e-02 9.1621e-04 ] 2.0813e-01
 2.493e+00 7.9108e-01 7.9108e-01 [ 6.0613e-01 9.7683e-02 4.5183e-02 4.1144e-02 9.3410e-04 ] 2.0892e-01
 2.607e+00 7.9014e-01 7.9014e-01 [ 5.9847e-01 1.0147e-01 4.6849e-02 4.2394e-02 9.5210e-04 ] 2.0986e-01
 2.720e+00 7.8914e-01 7.8914e-01 [ 5.9078e-01 1.0526e-01 4.8509e-02 4.3621e-02 9.7018e-04 ] 2.1086e-01
 2.833e+00 7.8814e-01 7.8814e-01 [ 5.8309e-01 1.0907e-01 5.0165e-02 4.4828e-02 9.8832e-04 ] 2.1186e-01
 2.947e+00 7.8715e-01 7.8715e-01 [ 5.7543e-01 1.1289e-01 5.1820e-02 4.6017e-02 1.0065e-03 ] 2.1285e-01
 3.060e+00 7.8621e-01 7.8621e-01 [ 5.6780e-01 1.1672e-01 5.3473e-02 4.7190e-02 1.0247e-03 ] 2.1379e-01
 3.173e+00 7.8531e-01 7.8531e-01 [ 5.6021e-01 1.2058e-01 5.5127e-02 4.8348e-02 1.0429e-03 ] 2.1469e-01
 3.287e+00 7.8446e-01 7.8446e-01 [ 5.5267e-01 1.2445e-01 5.6782e-02 4.9494e-02 1.0612e-03 ] 2.1554e-01
 3.400e+00 7.8367e-01 7.8367e-01 [ 5.4517e-01 1.2835e-01 5.8438e-02 5.0628e-02 1.0794e-03 ] 2.1633e-01
 3.513e+00 7.8292e-01 7.8292e-01 [ 5.3771e-01 1.3227e-01 6.0097e-02 5.1751e-02 1.0977e-03 ] 2.1708e-01
 3.627e+00 7.8222e-01 7.8222e-01 [ 5.3028e-01 1.3620e-01 6.1758e-02 5.2864e-02 1.1160e-03 ] 2.1778e-01
 3.740e+00 7.8157e-01 7.8157e-01 [ 5.2289e-01 1.4016e-01 6.3423e-02 5.3968e-02 1.1344e-03 ] 2.1843e-01
 3.853e+00 7.8096e-01 7.8096e-01 [ 5.1552e-01 1.4413e-01 6.5091e-02 5.5064e-02 1.1528e-03 ] 2.1904e-01
 3.967e+00 7.8040e-01 7.8040e-01 [ 5.0818e-01 1.4813e-01 6.6762e-02 5.6153e-02 1.1713e-03 ] 2.1960e-01
 4.080e+00 7.7987e-01 7.7987e-01 [ 5.0086e-01 1.5214e-01 6.8438e-02 5.7236e-02 1.1898e-03 ] 2.2013e-01
 4.193e+00 7.7937e-01 7.7937e-01 [ 4.9356e-01 1.5617e-01 7.0119e-02 5.8313e-02 1.2084e-03 ] 2.2063e-01
 4.307e+00 7.7891e-01 7.7891e-01 [ 4.8628e-01 1.6021e-01 7.1804e-02 5.9386e-02 1.2271e-03 ] 2.2109e-01
 4.420e+00 7.7848e-01 7.7848e-01 [ 4.7901e-01 1.6427e-01 7.3495e-02 6.0455e-02 1.2459e-03 ] 2.2152e-01
 4.533e+00 7.7807e-01 7.7807e-01 [ 4.7175e-01 1.6834e-01 7.5192e-02 6.1521e-02 1.2648e-03 ] 2.2193e-01
 4.647e+00 7.7769e-01 7.7769e-01 [ 4.6450e-01 1.7243e-01 7.6896e-02 6.2585e-02 1.2838e-03 ] 2.2231e-01
 4.760e+00 7.7734e-01 7.7734e-01 [ 4.5726e-01 1.7652e-01 7.8606e-02 6.3648e-02 1.3029e-03 ] 2.2266e-01
 4.873e+00 7.7700e-01 7.7700e-01 [ 4.5002e-01 1.8063e-01 8.0323e-02 6.4709e-02 1.3222e-03 ] 2.2300e-01
 4.987e+00 7.7669e-01 7.7669e-01 [ 4.4279e-01 1.8474e-01 8.2048e-02 6.5771e-02 1.3415e-03 ] 2.2331e-01
 5.100e+00 7.7639e-01 7.7639e-01 [ 4.3556e-01 1.8886e-01 8.3781e-02 6.6833e-02 1.3611e-03 ] 2.2361e-01
 5.213e+00 7.7611e-01 7.7611e-01 [ 4.2833e-01 1.9298e-01 8.5523e-02 6.7897e-02 1.3807e-03 ] 2.2389e-01
 5.327e+00 7.7585e-01 7.7585e-01 [ 4.2111e-01 1.9710e-01 8.7274e-02 6.8963e-02 1.4006e-03 ] 2.2415e-01
 5.440e+00 7.7560e-01 7.7560e-01 [ 4.1389e-01 2.0122e-01 8.9033e-02 7.0031e-02 1.4205e-03 ] 2.2440e-01
 5.553e+00 7.7536e-01 7.7536e-01 [ 4.0668e-01 2.0533e-01 9.0803e-02 7.1103e-02 1.4407e-03 ] 2.2464e-01
 5.667e+00 7.7513e-01 7.7513e-01 [ 3.9947e-01 2.0944e-01 9.2583e-02 7.2178e-02 1.4610e-03 ] 2.2487e-01
 5.780e+00 7.7491e-01 7.7491e-01 [ 3.9226e-01 2.1354e-01 9.4374e-02 7.3258e-02 1.4815e-03 ] 2.2509e-01
 5.893e+00 7.7470e-01 7.7470e-01 [ 3.8506e-01 2.1763e-01 9.6175e-02 7.4343e-02 1.5022e-03 ] 2.2530e-01
 6.007e+00 7.7450e-01 7.7450e-01 [ 3.7786e-01 2.2170e-01 9.7988e-02 7.5433e-02 1.5230e-03 ] 2.2550e-01
 6.120e+00 7.7431e-01 7.7431e-01 [ 3.7067e-01 2.2575e-01 9.9814e-02 7.6529e-02 1.5441e-03 ] 2.2569e-01
 6.233e+00 7.7413e-01 7.7413e-01 [ 3.6349e-01 2.2979e-01 1.0165e-01 7.7632e-02 1.5654e-03 ] 2.2587e-01
 6.347e+00 7.7395e-01 7.7395e-01 [ 3.5632e-01 2.3380e-01 1.0350e-01 7.8742e-02 1.5868e-03 ] 2.2605e-01
 6.460e+00 7.7377e-01 7.7377e-01 [ 3.4916e-01 2.3778e-01 1.0537e-01 7.9859e-02 1.6085e-03 ] 2.2623e-01
 6.573e+00 7.7360e-01 7.7360e-01 [ 3.4202e-01 2.4173e-01 1.0724e-01 8.0985e-02 1.6304e-03 ] 2.2640e-01
 6.687e+00 7.7344e-01 7.7344e-01 [ 3.3490e-01 2.4564e-01 1.0913e-01 8.2118e-02 1.6525e-03 ] 2.2656e-01
 6.800e+00 7.7328e-01 7.7328e-01 [ 3.2779e-01 2.4952e-01 1.1104e-01 8.3261e-02 1.6749e-03 ] 2.2672e-01
 6.913e+00 7.7312e-01 7.7312e-01 [ 3.2070e-01 2.5335e-01 1.1296e-01 8.4413e-02 1.6974e-03 ] 2.2688e-01
 7.027e+00 7.7297e-01 7.7297e-01 [ 3.1364e-01 2.5714e-01 1.1489e-01 8.5575e-02 1.7202e-03 ] 2.2703e-01
 7.140e+00 7.7282e-01 7.7282e-01 [ 3.0660e-01 2.6088e-01 1.1685e-01 8.6747e-02 1.7433e-03 ] 2.2718e-01
 7.253e+00 7.7267e-01 7.7267e-01 [ 2.9960e-01 2.6456e-01 1.1881e-01 8.7929e-02 1.7666e-03 ] 2.2733e-01
 7.367e+00 7.7252e-01 7.7252e-01 [ 2.9262e-01 2.6819e-01 1.2080e-01 8.9122e-02 1.7901e-03 ] 2.2748e-01
 7.480e+00 7.7237e-01 7.7237e-01 [ 2.8568e-01 2.7176e-01 1.2280e-01 9.0327e-02 1.8139e-03 ] 2.2763e-01
 7.593e+00 7.7223e-01 7.7223e-01 [ 2.7878e-01 2.7526e-01 1.2481e-01 9.1543e-02 1.8380e-03 ] 2.2777e-01
 7.707e+00 7.7209e-01 7.7209e-01 [ 2.7192e-01 2.7869e-01 1.2685e-01 9.2771e-02 1.8623e-03 ] 2.2791e-01
 7.820e+00 7.7195e-01 7.7195e-01 [ 2.6510e-01 2.8205e-01 1.2890e-01 9.4011e-02 1.8870e-03 ] 2.2805e-01
 7.933e+00 7.7180e-01 7.7180e-01 [ 2.5833e-01 2.8533e-01 1.3097e-01 9.5265e-02 1.9118e-03 ] 2.2820e-01
 8.047e+00 7.7166e-01 7.7166e-01 [ 2.5161e-01 2.8853e-01 1.3305e-01 9.6531e-02 1.9370e-03 ] 2.2834e-01
 8.160e+00 7.7152e-01 7.7152e-01 [ 2.4495e-01 2.9164e-01 1.3516e-01 9.7811e-02 1.9625e-03 ] 2.2848e-01
 8.273e+00 7.7138e-01 7.7138e-01 [ 2.3834e-01 2.9466e-01 1.3728e-01 9.9104e-02 1.9882e-03 ] 2.2862e-01
 8.387e+00 7.7124e-01 7.7124e-01 [ 2.3179e-01 2.9759e-01 1.3943e-01 1.0041e-01 2.0143e-03 ] 2.2876e-01
 8.500e+00 7.7110e-01 7.7110e-01 [ 2.2531e-01 3.0043e-01 1.4159e-01 1.0173e-01 2.0407e-03 ] 2.2890e-01
 8.613e+00 7.7096e-01 7.7096e-01 [ 2.1889e-01 3.0316e-01 1.4377e-01 1.0307e-01 2.0673e-03 ] 2.2904e-01
 8.727e+00 7.7082e-01 7.7082e-01 [ 2.1254e-01 3.0579e-01 1.4597e-01 1.0442e-01 2.0943e-03 ] 2.2918e-01
 8.840e+00 7.7068e-01 7.7068e-01 [ 2.0627e-01 3.0831e-01 1.4819e-01 1.0579e-01 2.1217e-03 ] 2.2932e-01
 8.953e+00 7.7054e-01 7.7054e-01 [ 2.0007e-01 3.1072e-01 1.5043e-01 1.0717e-01 2.1493e-03 ] 2.2946e-01
 9.067e+00 7.7039e-01 7.7039e-01 [ 1.9394e-01 3.1302e-01 1.5268e-01 1.0857e-01 2.1773e-03 ] 2.2961e-01
 9.180e+00 7.7025e-01 7.7025e-01 [ 1.8790e-01 3.1519e-01 1.5496e-01 1.0999e-01 2.2057e-03 ] 2.2975e-01
 9.293e+00 7.7011e-01 7.7011e-01 [ 1.8195e-01 3.1725e-01 1.5726e-01 1.1142e-01 2.2344e-03 ] 2.2989e-01
 9.407e+00 7.6996e-01 7.6996e-01 [ 1.7608e-01 3.1918e-01 1.5957e-01 1.1287e-01 2.2634e-03 ] 2.3004e-01
 9.520e+00 7.6982e-01 7.6982e-01 [ 1.7030e-01 3.2098e-01 1.6191e-01 1.1433e-01 2.2928e-03 ] 2.3018e-01
 9.633e+00 7.6967e-01 7.6967e-01 [ 1.6461e-01 3.2266e-01 1.6426e-01 1.1582e-01 2.3226e-03 ] 2.3033e-01
 9.747e+00 7.6952e-01 7.6952e-01 [ 1.5902e-01 3.2420e-01 1.6663e-01 1.1732e-01 2.3528e-03 ] 2.3048e-01
 9.860e+00 7.6937e-01 7.6937e-01 [ 1.5353e-01 3.2560e-01 1.6902e-01 1.1884e-01 2.3834e-03 ] 2.3063e-01
 9.973e+00 7.6923e-01 7.6923e-01 [ 1.4813e-01 3.2687e-01 1.7143e-01 1.2038e-01 2.4144e-03 ] 2.3077e-01
 1.009e+01 7.6907e-01 7.6907e-01 [ 1.4284e-01 3.2799e-01 1.7386e-01 1.2194e-01 2.4457e-03 ] 2.3093e-01
 1.020e+01 7.6892e-01 7.6892e-01 [ 1.3764e-01 3.2898e-01 1.7630e-01 1.2352e-01 2.4775e-03 ] 2.3108e-01
 1.031e+01 7.6877e-01 7.6877e-01 [ 1.3256e-01 3.2982e-01 1.7877e-01 1.2512e-01 2.5098e-03 ] 2.3123e-01
 1.043e+01 7.6862e-01 7.6862e-01 [ 1.2757e-01 3.3052e-01 1.8124e-01 1.2674e-01 2.5424e-03 ] 2.3138e-01
 1.054e+01 7.6846e-01 7.6846e-01 [ 1.2270e-01 3.3107e-01 1.8374e-01 1.2838e-01 2.5755e-03 ] 2.3154e-01
 1.065e+01 7.6830e-01 7.6830e-01 [ 1.1793e-01 3.3147e-01 1.8625e-01 1.3004e-01 2.6091e-03 ] 2.3170e-01
 1.077e+01 7.6815e-01 7.6815e-01 [ 1.1328e-01 3.3172e-01 1.8878e-01 1.3172e-01 2.6431e-03 ] 2.3185e-01
 1.088e+01 7.6799e-01 7.6799e-01 [ 1.0874e-01 3.3183e-01 1.9132e-01 1.3343e-01 2.6776e-03 ] 2.3201e-01
 1.099e+01 7.6783e-01 7.6783e-01 [ 1.0430e-01 3.3178e-01 1.9387e-01 1.3516e-01 2.7126e-03 ] 2.3217e-01
 1.111e+01 7.6766e-01 7.6766e-01 [ 9.9983e-02 3.3158e-01 1.9644e-01 1.3691e-01 2.7480e-03 ] 2.3234e-01
 1.122e+01 7.6750e-01 7.6750e-01 [ 9.5776e-02 3.3124e-01 1.9902e-01 1.3868e-01 2.7840e-03 ] 2.3250e-01
 1.133e+01 7.6734e-01 7.6734e-01 [ 9.1682e-02 3.3074e-01 2.0161e-01 1.4048e-01 2.8205e-03 ] 2.3266e-01
 1.145e+01 7.6717e-01 7.6717e-01 [ 8.7701e-02 3.3009e-01 2.0421e-01 1.4231e-01 2.8576e-03 ] 2.3283e-01
 1.156e+01 7.6700e-01 7.6700e-01 [ 8.3834e-02 3.2929e-01 2.0682e-01 1.4416e-01 2.8951e-03 ] 2.3300e-01
 1.167e+01 7.6683e-01 7.6683e-01 [ 8.0080e-02 3.2835e-01 2.0944e-01 1.4603e-01 2.9333e-03 ] 2.3317e-01
 1.179e+01 7.6666e-01 7.6666e-01 [ 7.6438e-02 3.2725e-01 2.1207e-01 1.4793e-01 2.9720e-03 ] 2.3334e-01
 1.190e+01 7.6649e-01 7.6649e-01 [ 7.2909e-02 3.2601e-01 2.1470e-01 1.4986e-01 3.0112e-03 ] 2.3351e-01
 1.201e+01 7.6632e-01 7.6632e-01 [ 6.9492e-02 3.2462e-01 2.1734e-01 1.5182e-01 3.0511e-03 ] 2.3368e-01
 1.213e+01 7.6615e-01 7.6615e-01 [ 6.6186e-02 3.2309e-01 2.1997e-01 1.5380e-01 3.0916e-03 ] 2.3385e-01
 1.224e+01 7.6597e-01 7.6597e-01 [ 6.2990e-02 3.2142e-01 2.2262e-01 1.5582e-01 3.1326e-03 ] 2.3403e-01
 1.235e+01 7.6579e-01 7.6579e-01 [ 5.9903e-02 3.1960e-01 2.2526e-01 1.5786e-01 3.1744e-03 ] 2.3421e-01
 1.247e+01 7.6562e-01 7.6562e-01 [ 5.6923e-02 3.1765e-01 2.2790e-01 1.5993e-01 3.2167e-03 ] 2.3438e-01
 1.258e+01 7.6544e-01 7.6544e-01 [ 5.4051e-02 3.1555e-01 2.3053e-01 1.6204e-01 3.2598e-03 ] 2.3456e-01
 1.269e+01 7.6526e-01 7.6526e-01 [ 5.1283e-02 3.1333e-01 2.3316e-01 1.6418e-01 3.3035e-03 ] 2.3474e-01
 1.281e+01 7.6507e-01 7.6507e-01 [ 4.8620e-02 3.1097e-01 2.3579e-01 1.6635e-01 3.3478e-03 ] 2.3493e-01
 1.292e+01 7.6489e-01 7.6489e-01 [ 4.6058e-02 3.0849e-01 2.3840e-01 1.6855e-01 3.3929e-03 ] 2.3511e-01
 1.303e+01 7.6471e-01 7.6471e-01 [ 4.3596e-02 3.0588e-01 2.4101e-01 1.7079e-01 3.4387e-03 ] 2.3529e-01
 1.315e+01 7.6452e-01 7.6452e-01 [ 4.1233e-02 3.0314e-01 2.4360e-01 1.7306e-01 3.4853e-03 ] 2.3548e-01
 1.326e+01 7.6434e-01 7.6434e-01 [ 3.8967e-02 3.0029e-01 2.4618e-01 1.7537e-01 3.5326e-03 ] 2.3566e-01
 1.337e+01 7.6415e-01 7.6415e-01 [ 3.6795e-02 2.9732e-01 2.4874e-01 1.7771e-01 3.5806e-03 ] 2.3585e-01
 1.349e+01 7.6396e-01 7.6396e-01 [ 3.4716e-02 2.9424e-01 2.5128e-01 1.8009e-01 3.6294e-03 ] 2.3604e-01
 1.360e+01 7.6377e-01 7.6377e-01 [ 3.2727e-02 2.9105e-01 2.5380e-01 1.8252e-01 3.6791e-03 ] 2.3623e-01
 1.371e+01 7.6358e-01 7.6358e-01 [ 3.0826e-02 2.8775e-01 2.5630e-01 1.8498e-01 3.7295e-03 ] 2.3642e-01
 1.383e+01 7.6339e-01 7.6339e-01 [ 2.9012e-02 2.8436e-01 2.5877e-01 1.8748e-01 3.7807e-03 ] 2.3661e-01
 1.394e+01 7.6320e-01 7.6320e-01 [ 2.7281e-02 2.8086e-01 2.6121e-01 1.9002e-01 3.8328e-03 ] 2.3680e-01
 1.405e+01 7.6301e-01 7.6301e-01 [ 2.5631e-02 2.7727e-01 2.6362e-01 1.9260e-01 3.8857e-03 ] 2.3699e-01
 1.417e+01 7.6282e-01 7.6282e-01 [ 2.4061e-02 2.7359e-01 2.6600e-01 1.9523e-01 3.9395e-03 ] 2.3718e-01
 1.428e+01 7.6263e-01 7.6263e-01 [ 2.2567e-02 2.6983e-01 2.6834e-01 1.9790e-01 3.9942e-03 ] 2.3737e-01
 1.439e+01 7.6244e-01 7.6244e-01 [ 2.1147e-02 2.6598e-01 2.7064e-01 2.0062e-01 4.0497e-03 ] 2.3756e-01
 1.451e+01 7.6225e-01 7.6225e-01 [ 1.9799e-02 2.6206e-01 2.7290e-01 2.0338e-01 4.1062e-03 ] 2.3775e-01
 1.462e+01 7.6206e-01 7.6206e-01 [ 1.8521e-02 2.5807e-01 2.7511e-01 2.0619e-01 4.1635e-03 ] 2.3794e-01
 1.473e+01 7.6187e-01 7.6187e-01 [ 1.7310e-02 2.5401e-01 2.7728e-01 2.0905e-01 4.2218e-03 ] 2.3813e-01
 1.485e+01 7.6169e-01 7.6169e-01 [ 1.6163e-02 2.4988e-01 2.7940e-01 2.1196e-01 4.2810e-03 ] 2.3831e-01
 1.496e+01 7.6150e-01 7.6150e-01 [ 1.5078e-02 2.4570e-01 2.8146e-01 2.1492e-01 4.3412e-03 ] 2.3850e-01
 1.507e+01 7.6132e-01 7.6132e-01 [ 1.4054e-02 2.4146e-01 2.8347e-01 2.1793e-01 4.4023e-03 ] 2.3868e-01
 1.519e+01 7.6114e-01 7.6114e-01 [ 1.3087e-02 2.3717e-01 2.8542e-01 2.2100e-01 4.4643e-03 ] 2.3886e-01
 1.530e+01 7.6096e-01 7.6096e-01 [ 1.2175e-02 2.3283e-01 2.8731e-01 2.2411e-01 4.5274e-03 ] 2.3904e-01
 1.541e+01 7.6079e-01 7.6079e-01 [ 1.1316e-02 2.2846e-01 2.8914e-01 2.2728e-01 4.5914e-03 ] 2.3921e-01
 1.553e+01 7.6062e-01 7.6062e-01 [ 1.0508e-02 2.2405e-01 2.9089e-01 2.3051e-01 4.6563e-03 ] 2.3938e-01
 1.564e+01 7.6045e-01 7.6045e-01 [ 9.7485e-03 2.1960e-01 2.9258e-01 2.3380e-01 4.7223e-03 ] 2.3955e-01
 1.575e+01 7.6029e-01 7.6029e-01 [ 9.0350e-03 2.1513e-01 2.9420e-01 2.3714e-01 4.7892e-03 ] 2.3971e-01
 1.587e+01 7.6013e-01 7.6013e-01 [ 8.3656e-03 2.1063e-01 2.9574e-01 2.4054e-01 4.8570e-03 ] 2.3987e-01
 1.598e+01 7.5999e-01 7.5999e-01 [ 7.7384e-03 2.0612e-01 2.9721e-01 2.4400e-01 4.9259e-03 ] 2.4001e-01
 1.609e+01 7.5985e-01 7.5985e-01 [ 7.1511e-03 2.0159e-01 2.9859e-01 2.4752e-01 4.9957e-03 ] 2.4015e-01
 1.621e+01 7.5972e-01 7.5972e-01 [ 6.6019e-03 1.9705e-01 2.9990e-01 2.5110e-01 5.0665e-03 ] 2.4028e-01
 1.632e+01 7.5959e-01 7.5959e-01 [ 6.0887e-03 1.9251e-01 3.0112e-01 2.5474e-01 5.1382e-03 ] 2.4041e-01
 1.643e+01 7.5948e-01 7.5948e-01 [ 5.6099e-03 1.8796e-01 3.0225e-01 2.5845e-01 5.2108e-03 ] 2.4052e-01
 1.655e+01 7.5938e-01 7.5938e-01 [ 5.1634e-03 1.8342e-01 3.0330e-01 2.6222e-01 5.2844e-03 ] 2.4062e-01
 1.666e+01 7.5930e-01 7.5930e-01 [ 4.7477e-03 1.7889e-01 3.0426e-01 2.6605e-01 5.3588e-03 ] 2.4070e-01
 1.677e+01 7.5923e-01 7.5923e-01 [ 4.3609e-03 1.7436e-01 3.0513e-01 2.6995e-01 5.4342e-03 ] 2.4077e-01
 1.689e+01 7.5918e-01 7.5918e-01 [ 4.0015e-03 1.6985e-01 3.0590e-01 2.7391e-01 5.5103e-03 ] 2.4082e-01
 1.700e+01 7.5914e-01 7.5914e-01 [ 3.6679e-03 1.6537e-01 3.0658e-01 2.7794e-01 5.5874e-03 ] 2.4086e-01
 1.711e+01 7.5913e-01 7.5913e-01 [ 3.3585e-03 1.6090e-01 3.0717e-01 2.8204e-01 5.6652e-03 ] 2.4087e-01
 1.723e+01 7.5914e-01 7.5914e-01 [ 3.0720e-03 1.5646e-01 3.0767e-01 2.8620e-01 5.7437e-03 ] 2.4086e-01
 1.734e+01 7.5918e-01 7.5918e-01 [ 2.8069e-03 1.5206e-01 3.0807e-01 2.9042e-01 5.8231e-03 ] 2.4082e-01
 1.745e+01 7.5924e-01 7.5924e-01 [ 2.5619e-03 1.4768e-01 3.0837e-01 2.9472e-01 5.9030e-03 ] 2.4076e-01
 1.757e+01 7.5933e-01 7.5933e-01 [ 2.3358e-03 1.4335e-01 3.0858e-01 2.9908e-01 5.9837e-03 ] 2.4067e-01
 1.768e+01 7.5946e-01 7.5946e-01 [ 2.1273e-03 1.3906e-01 3.0870e-01 3.0350e-01 6.0649e-03 ] 2.4054e-01
 1.779e+01 7.5962e-01 7.5962e-01 [ 1.9352e-03 1.3482e-01 3.0872e-01 3.0800e-01 6.1467e-03 ] 2.4038e-01
 1.791e+01 7.5983e-01 7.5983e-01 [ 1.7586e-03 1.3063e-01 3.0866e-01 3.1255e-01 6.2289e-03 ] 2.4017e-01
 1.802e+01 7.6007e-01 7.6007e-01 [ 1.5962e-03 1.2648e-01 3.0850e-01 3.1718e-01 6.3116e-03 ] 2.3993e-01
 1.813e+01 7.6037e-01 7.6037e-01 [ 1.4472e-03 1.2240e-01 3.0826e-01 3.2186e-01 6.3946e-03 ] 2.3963e-01
 1.825e+01 7.6071e-01 7.6071e-01 [ 1.3107e-03 1.1838e-01 3.0794e-01 3.2661e-01 6.4779e-03 ] 2.3929e-01
 1.836e+01 7.6112e-01 7.6112e-01 [ 1.1856e-03 1.1442e-01 3.0753e-01 3.3142e-01 6.5614e-03 ] 2.3888e-01
 1.847e+01 7.6158e-01 7.6158e-01 [ 1.0712e-03 1.1052e-01 3.0704e-01 3.3629e-01 6.6451e-03 ] 2.3842e-01
 1.859e+01 7.6211e-01 7.6211e-01 [ 9.6676e-04 1.0670e-01 3.0649e-01 3.4122e-01 6.7288e-03 ] 2.3789e-01
 1.870e+01 7.6270e-01 7.6270e-01 [ 8.7146e-04 1.0295e-01 3.0586e-01 3.4621e-01 6.8125e-03 ] 2.3730e-01
 1.881e+01 7.6338e-01 7.6338e-01 [ 7.8462e-04 9.9278e-02 3.0516e-01 3.5125e-01 6.8961e-03 ] 2.3662e-01
 1.893e+01 7.6413e-01 7.6413e-01 [ 7.0559e-04 9.5684e-02 3.0441e-01 3.5635e-01 6.9794e-03 ] 2.3587e-01
 1.904e+01 7.6497e-01 7.6497e-01 [ 6.3376e-04 9.2172e-02 3.0360e-01 3.6150e-01 7.0625e-03 ] 2.3503e-01
 1.915e+01 7.6590e-01 7.6590e-01 [ 5.6856e-04 8.8745e-02 3.0275e-01 3.6670e-01 7.1451e-03 ] 2.3410e-01
 1.927e+01 7.6693e-01 7.6693e-01 [ 5.0945e-04 8.5407e-02 3.0185e-01 3.7194e-01 7.2272e-03 ] 2.3307e-01
 1.938e+01 7.6806e-01 7.6806e-01 [ 4.5593e-04 8.2159e-02 3.0091e-01 3.7722e-01 7.3087e-03 ] 2.3194e-01
 1.949e+01 7.6930e-01 7.6930e-01 [ 4.0754e-04 7.9005e-02 2.9995e-01 3.8254e-01 7.3894e-03 ] 2.3070e-01
 1.961e+01 7.7065e-01 7.7065e-01 [ 3.6384e-04 7.5948e-02 2.9897e-01 3.8790e-01 7.4693e-03 ] 2.2935e-01
 1.972e+01 7.7212e-01 7.7212e-01 [ 3.2444e-04 7.2990e-02 2.9797e-01 3.9329e-01 7.5482e-03 ] 2.2788e-01
 1.983e+01 7.7371e-01 7.7371e-01 [ 2.8897e-04 7.0133e-02 2.9696e-01 3.9870e-01 7.6260e-03 ] 2.2629e-01
 1.995e+01 7.7543e-01 7.7543e-01 [ 2.5707e-04 6.7380e-02 2.9596e-01 4.0414e-01 7.7026e-03 ] 2.2457e-01
 2.006e+01 7.7729e-01 7.7729e-01 [ 2.2843e-04 6.4734e-02 2.9496e-01 4.0958e-01 7.7780e-03 ] 2.2271e-01
 2.017e+01 7.7927e-01 7.7927e-01 [ 2.0277e-04 6.2196e-02 2.9398e-01 4.1504e-01 7.8520e-03 ] 2.2073e-01
 2.029e+01 7.8139e-01 7.8139e-01 [ 1.7980e-04 5.9769e-02 2.9303e-01 4.2049e-01 7.9247e-03 ] 2.1861e-01
 2.040e+01 7.8364e-01 7.8364e-01 [ 1.5929e-04 5.7455e-02 2.9210e-01 4.2594e-01 7.9959e-03 ] 2.1636e-01
 2.051e+01 7.8602e-01 7.8602e-01 [ 1.4100e-04 5.5256e-02 2.9120e-01 4.3136e-01 8.0659e-03 ] 2.1398e-01
 2.063e+01 7.8852e-01 7.8852e-01 [ 1.2473e-04 5.3172e-02 2.9035e-01 4.3674e-01 8.1348e-03 ] 2.1148e-01
 2.074e+01 7.9110e-01 7.9110e-01 [ 1.1028e-04 5.1204e-02 2.8952e-01 4.4206e-01 8.2030e-03 ] 2.0890e-01
 2.085e+01 7.9373e-01 7.9373e-01 [ 9.7492e-05 4.9353e-02 2.8873e-01 4.4729e-01 8.2710e-03 ] 2.0627e-01
 2.097e+01 7.9635e-01 7.9635e-01 [ 8.6193e-05 4.7617e-02 2.8794e-01 4.5237e-01 8.3398e-03 ] 2.0365e-01
 2.108e+01 7.9884e-01 7.9884e-01 [ 7.6240e-05 4.5990e-02 2.8713e-01 4.5723e-01 8.4103e-03 ] 2.0116e-01
 2.119e+01 8.0099e-01 8.0099e-01 [ 6.7495e-05 4.4466e-02 2.8624e-01 4.6173e-01 8.4836e-03 ] 1.9901e-01
 2.131e+01 8.0245e-01 8.0245e-01 [ 5.9826e-05 4.3027e-02 2.8514e-01 4.6567e-01 8.5608e-03 ] 1.9755e-01
 2.142e+01 8.0264e-01 8.0264e-01 [ 5.3104e-05 4.1647e-02 2.8363e-01 4.6866e-01 8.6413e-03 ] 1.9736e-01
 2.153e+01 8.0052e-01 8.0052e-01 [ 4.7194e-05 4.0280e-02 2.8138e-01 4.7010e-01 8.7217e-03 ] 1.9948e-01
 2.165e+01 7.9441e-01 7.9441e-01 [ 4.1948e-05 3.8848e-02 2.7778e-01 4.6894e-01 8.7922e-03 ] 2.0559e-01
 2.176e+01 7.8160e-01 7.8160e-01 [ 3.7196e-05 3.7232e-02 2.7194e-01 4.6356e-01 8.8315e-03 ] 2.1840e-01
 2.187e+01 7.5826e-01 7.5826e-01 [ 3.2750e-05 3.5265e-02 2.6254e-01 4.5162e-01 8.8021e-03 ] 2.4174e-01
 2.199e+01 7.1981e-01 7.1981e-01 [ 2.8424e-05 3.2752e-02 2.4804e-01 4.3034e-01 8.6498e-03 ] 2.8019e-01
 2.210e+01 6.6265e-01 6.6265e-01 [ 2.4093e-05 2.9552e-02 2.2726e-01 3.9750e-01 8.3171e-03 ] 3.3735e-01
 2.221e+01 5.8679e-01 5.8679e-01 [ 1.9769e-05 2.5686e-02 2.0026e-01 3.5305e-01 7.7719e-03 ] 4.1321e-01
 2.233e+01 4.9752e-01 4.9752e-01 [ 1.5611e-05 2.1398e-02 1.6892e-01 3.0015e-01 7.0339e-03 ] 5.0248e-01
 2.244e+01 4.0406e-01 4.0406e-01 [ 1.1853e-05 1.7083e-02 1.3642e-01 2.4436e-01 6.1739e-03 ] 5.9594e-01
 2.255e+01 3.1582e-01 3.1582e-01 [ 8.6822e-06 1.3125e-02 1.0597e-01 1.9144e-01 5.2836e-03 ] 6.8418e-01
 2.267e+01 2.3932e-01 2.3932e-01 [ 6.1728e-06 9.7722e-03 7.9722e-02 1.4538e-01 4.4405e-03 ] 7.6068e-01
 2.278e+01 1.7722e-01 1.7722e-01 [ 4.2890e-06 7.1031e-03 5.8538e-02 1.0788e-01 3.6912e-03 ] 8.2278e-01
 2.289e+01 1.2918e-01 1.2918e-01 [ 2.9310e-06 5.0753e-03 4.2245e-02 7.8800e-02 3.0528e-03 ] 8.7082e-01
 2.301e+01 9.3255e-02 9.3255e-02 [ 1.9805e-06 3.5849e-03 3.0136e-02 5.7009e-02 2.5223e-03 ] 9.0674e-01
 2.312e+01 6.7003e-02 6.7003e-02 [ 1.3287e-06 2.5143e-03 2.1346e-02 4.1054e-02 2.0874e-03 ] 9.3300e-01
 2.323e+01 4.8095e-02 4.8095e-02 [ 8.8783e-07 1.7566e-03 1.5063e-02 2.9542e-02 1.7326e-03 ] 9.5190e-01
 2.335e+01 3.4589e-02 3.4589e-02 [ 5.9214e-07 1.2255e-03 1.0614e-02 2.1305e-02 1.4433e-03 ] 9.6541e-01
 2.346e+01 2.4980e-02 2.4980e-02 [ 3.9482e-07 8.5510e-04 7.4815e-03 1.5436e-02 1.2067e-03 ] 9.7502e-01
 2.357e+01 1.8147e-02 1.8147e-02 [ 2.6346e-07 5.9745e-04 5.2810e-03 1.1256e-02 1.0125e-03 ] 9.8185e-01
 2.369e+01 1.3280e-02 1.3280e-02 [ 1.7607e-07 4.1831e-04 3.7361e-03 8.2729e-03 8.5225e-04 ] 9.8672e-01
 2.380e+01 9.8004e-03 9.8004e-03 [ 1.1791e-07 2.9366e-04 2.6505e-03 6.1367e-03 7.1951e-04 ] 9.9020e-01
 2.391e+01 7.3007e-03 7.3007e-03 [ 7.9144e-08 2.0676e-04 1.8862e-03 4.5986e-03 6.0909e-04 ] 9.9270e-01
 2.403e+01 5.4937e-03 5.4937e-03 [ 5.3256e-08 1.4604e-04 1.3467e-03 3.4840e-03 5.1689e-04 ] 9.9451e-01
 2.414e+01 4.1782e-03 4.1782e-03 [ 3.5930e-08 1.0349e-04 9.6486e-04 2.6702e-03 4.3964e-04 ] 9.9582e-01
 2.425e+01 3.2131e-03 3.2131e-03 [ 2.4305e-08 7.3581e-05 6.9370e-04 2.0710e-03 3.7474e-04 ] 9.9679e-01
 2.437e+01 2.4989e-03 2.4989e-03 [ 1.6485e-08 5.2492e-05 5.0050e-04 1.6258e-03 3.2006e-04 ] 9.9750e-01
 2.448e+01 1.9655e-03 1.9655e-03 [ 1.1211e-08 3.7571e-05 3.6236e-04 1.2917e-03 2.7387e-04 ] 9.9803e-01
 2.459e+01 1.5634e-03 1.5634e-03 [ 7.6433e-09 2.6980e-05 2.6326e-04 1.0383e-03 2.3477e-04 ] 9.9844e-01
 2.471e+01 1.2571e-03 1.2571e-03 [ 5.2243e-09 1.9437e-05 1.9191e-04 8.4416e-04 2.0160e-04 ] 9.9874e-01
 2.482e+01 1.0215e-03 1.0215e-03 [ 3.5797e-09 1.4046e-05 1.4036e-04 6.9365e-04 1.7340e-04 ] 9.9898e-01
 2.493e+01 8.3825e-04 8.3825e-04 [ 2.4586e-09 1.0182e-05 1.0299e-04 5.7568e-04 1.4939e-04 ] 9.9916e-01
 2.505e+01 6.9430e-04 6.9430e-04 [ 1.6925e-09 7.4034e-06 7.5811e-05 4.8218e-04 1.2890e-04 ] 9.9931e-01
 2.516e+01 5.8001e-04 5.8001e-04 [ 1.1677e-09 5.3986e-06 5.5976e-05 4.0724e-04 1.1139e-04 ] 9.9942e-01
 2.527e+01 4.8835e-04 4.8835e-04 [ 8.0739e-10 3.9478e-06 4.1456e-05 3.4655e-04 9.6396e-05 ] 9.9951e-01
 2.539e+01 4.1412e-04 4.1412e-04 [ 5.5939e-10 2.8948e-06 3.0792e-05 2.9689e-04 8.3538e-05 ] 9.9959e-01
 2.550e+01 3.5343e-04 3.5343e-04 [ 3.8834e-10 2.1284e-06 2.2937e-05 2.5587e-04 7.2494e-05 ] 9.9965e-01
 2.561e+01 3.0337e-04 3.0337e-04 [ 2.7010e-10 1.5689e-06 1.7133e-05 2.2167e-04 6.2993e-05 ] 9.9970e-01
 2.573e+01 2.6174e-04 2.6174e-04 [ 1.8821e-10 1.1594e-06 1.2832e-05 1.9294e-04 5.4808e-05 ] 9.9974e-01
 2.584e+01 2.2685e-04 2.2685e-04 [ 1.3138e-10 8.5889e-07 9.6362e-06 1.6861e-04 4.7747e-05 ] 9.9977e-01
 2.595e+01 1.9741e-04 1.9741e-04 [ 9.1857e-11 6.3776e-07 7.2547e-06 1.4788e-04 4.1645e-05 ] 9.9980e-01
 2.607e+01 1.7241e-04 1.7241e-04 [ 6.4329e-11 4.7463e-07 5.4753e-06 1.3009e-04 3.6366e-05 ] 9.9983e-01
 2.618e+01 1.5105e-04 1.5105e-04 [ 4.5119e-11 3.5401e-07 4.1424e-06 1.1476e-04 3.1792e-05 ] 9.9985e-01
 2.629e+01 1.3270e-04 1.3270e-04 [ 3.1693e-11 2.6460e-07 3.1413e-06 1.0147e-04 2.7824e-05 ] 9.9987e-01
 2.641e+01 1.1687e-04 1.1687e-04 [ 2.2292e-11 1.9818e-07 2.3877e-06 8.9911e-05 2.4378e-05 ] 9.9988e-01
 2.652e+01 1.0316e-04 1.0316e-04 [ 1.5701e-11 1.4873e-07 1.8189e-06 7.9814e-05 2.1381e-05 ] 9.9990e-01
 2.663e+01 9.1237e-05 9.1237e-05 [ 1.1073e-11 1.1183e-07 1.3887e-06 7.0966e-05 1.8771e-05 ] 9.9991e-01
 2.675e+01 8.0832e-05 8.0832e-05 [ 7.8181e-12 8.4247e-08 1.0625e-06 6.3189e-05 1.6496e-05 ] 9.9992e-01
 2.686e+01 7.1725e-05 7.1725e-05 [ 5.5264e-12 6.3578e-08 8.1462e-07 5.6336e-05 1.4510e-05 ] 9.9993e-01
 2.697e+01 6.3733e-05 6.3733e-05 [ 3.9107e-12 4.8063e-08 6.2589e-07 5.0284e-05 1.2775e-05 ] 9.9994e-01
 2.709e+01 5.6703e-05 5.6703e-05 [ 2.7702e-12 3.6394e-08 4.8187e-07 4.4927e-05 1.1258e-05 ] 9.9994e-01
 2.720e+01 5.0506e-05 5.0506e-05 [ 1.9642e-12 2.7603e-08 3.7176e-07 4.0177e-05 9.9292e-06 ] 9.9995e-01
 2.731e+01 4.5033e-05 4.5033e-05 [ 1.3940e-12 2.0968e-08 2.8739e-07 3.5960e-05 8.7647e-06 ] 9.9995e-01
 2.743e+01 4.0190e-05 4.0190e-05 [ 9.9020e-13 1.5951e-08 2.2263e-07 3.2208e-05 7.7431e-06 ] 9.9996e-01
 2.754e+01 3.5899e-05 3.5899e-05 [ 7.0393e-13 1.2152e-08 1.7281e-07 2.8868e-05 6.8459e-06 ] 9.9996e-01
 2.765e+01 3.2091e-05 3.2091e-05 [ 5.0080e-13 9.2710e-09 1.3443e-07 2.5890e-05 6.0572e-06 ] 9.9997e-01
 2.777e+01 2.8707e-05 2.8707e-05 [ 3.5654e-13 7.0822e-09 1.0480e-07 2.3232e-05 5.3634e-06 ] 9.9997e-01
 2.788e+01 2.5697e-05 2.5697e-05 [ 2.5401e-13 5.4172e-09 8.1879e-08 2.0857e-05 4.7524e-06 ] 9.9997e-01
 2.799e+01 2.3017e-05 2.3017e-05 [ 1.8108e-13 4.1487e-09 6.4121e-08 1.8735e-05 4.2139e-06 ] 9.9998e-01
 2.811e+01 2.0627e-05 2.0627e-05 [ 1.2916e-13 3.1810e-09 5.0336e-08 1.6835e-05 3.7389e-06 ] 9.9998e-01
 2.822e+01 1.8496e-05 1.8496e-05 [ 9.2177e-14 2.4418e-09 3.9617e-08 1.5134e-05 3.3195e-06 ] 9.9998e-01
 2.833e+01 1.6592e-05 1.6592e-05 [ 6.5817e-14 1.8764e-09 3.1265e-08 1.3610e-05 2.9491e-06 ] 9.9998e-01
 2.845e+01 1.4891e-05 1.4891e-05 [ 4.7016e-14 1.4435e-09 2.4746e-08 1.2243e-05 2.6215e-06 ] 9.9999e-01
 2.856e+01 1.3370e-05 1.3370e-05 [ 3.3600e-14 1.1116e-09 1.9647e-08 1.1018e-05 2.3317e-06 ] 9.9999e-01
 2.867e+01 1.2009e-05 1.2009e-05 [ 2.4022e-14 8.5678e-10 1.5652e-08 9.9175e-06 2.0751e-06 ] 9.9999e-01
 2.879e+01 1.0790e-05 1.0790e-05 [ 1.7180e-14 6.6102e-10 1.2514e-08 8.9295e-06 1.8477e-06 ] 9.9999e-01
 2.890e+01 9.6987e-06 9.6987e-06 [ 1.2290e-14 5.1044e-10 1.0045e-08 8.0420e-06 1.6461e-06 ] 9.9999e-01
 2.901e+01 8.7201e-06 8.7201e-06 [ 8.7949e-15 3.9450e-10 8.0970e-09 7.2444e-06 1.4673e-06 ] 9.9999e-01
 2.913e+01 7.8426e-06 7.8426e-06 [ 6.2951e-15 3.0514e-10 6.5567e-09 6.5273e-06 1.3085e-06 ] 9.9999e-01
 2.924e+01 7.0553e-06 7.0553e-06 [ 4.5068e-15 2.3621e-10 5.3354e-09 5.8823e-06 1.1674e-06 ] 9.9999e-01
 2.935e+01 6.3487e-06 6.3487e-06 [ 3.2271e-15 1.8299e-10 4.3643e-09 5.3021e-06 1.0420e-06 ] 9.9999e-01
 2.947e+01 5.7142e-06 5.7142e-06 [ 2.3111e-15 1.4186e-10 3.5897e-09 4.7799e-06 9.3054e-07 ] 9.9999e-01
 2.958e+01 5.1442e-06 5.1442e-06 [ 1.6554e-15 1.1005e-10 2.9698e-09 4.3098e-06 8.3132e-07 ] 9.9999e-01
 2.969e+01 4.6321e-06 4.6321e-06 [ 1.1858e-15 8.5434e-11 2.4718e-09 3.8866e-06 7.4298e-07 ] 1.0000e+00
 2.981e+01 4.1718e-06 4.1718e-06 [ 8.4944e-16 6.6364e-11 2.0702e-09 3.5054e-06 6.6429e-07 ] 1.0000e+00
 2.992e+01 3.7579e-06 3.7579e-06 [ 6.0854e-16 5.1582e-11 1.7450e-09 3.1619e-06 5.9416e-07 ] 1.0000e+00
 3.003e+01 3.3856e-06 3.3856e-06 [ 4.3597e-16 4.0116e-11 1.4803e-09 2.8525e-06 5.3163e-07 ] 1.0000e+00
 3.015e+01 3.0507e-06 3.0507e-06 [ 3.1233e-16 3.1217e-11 1.2638e-09 2.5736e-06 4.7584e-07 ] 1.0000e+00
 3.026e+01 2.7494e-06 2.7494e-06 [ 2.2375e-16 2.4304e-11 1.0858e-09 2.3222e-06 4.2605e-07 ] 1.0000e+00
 3.037e+01 2.4781e-06 2.4781e-06 [ 1.6028e-16 1.8933e-11 9.3868e-10 2.0956e-06 3.8160e-07 ] 1.0000e+00
 3.049e+01 2.2339e-06 2.2339e-06 [ 1.1481e-16 1.4756e-11 8.1626e-10 1.8912e-06 3.4189e-07 ] 1.0000e+00
 3.060e+01 2.0140e-06 2.0140e-06 [ 8.2231e-17 1.1506e-11 7.1380e-10 1.7069e-06 3.0641e-07 ] 1.0000e+00
 3.071e+01 1.8160e-06 1.8160e-06 [ 5.8889e-17 8.9758e-12 6.2749e-10 1.5406e-06 2.7469e-07 ] 1.0000e+00
 3.083e+01 1.6375e-06 1.6375e-06 [ 4.2168e-17 7.0054e-12 5.5431e-10 1.3907e-06 2.4632e-07 ] 1.0000e+00
 3.094e+01 1.4768e-06 1.4768e-06 [ 3.0189e-17 5.4700e-12 4.9187e-10 1.2554e-06 2.2094e-07 ] 1.0000e+00
 3.105e+01 1.3320e-06 1.3320e-06 [ 2.1610e-17 4.2730e-12 4.3824e-10 1.1333e-06 1.9823e-07 ] 1.0000e+00
 3.117e+01 1.2014e-06 1.2014e-06 [ 1.5466e-17 3.3395e-12 3.9188e-10 1.0231e-06 1.7789e-07 ] 1.0000e+00
 3.128e+01 1.0838e-06 1.0838e-06 [ 1.1066e-17 2.6110e-12 3.5157e-10 9.2372e-07 1.5968e-07 ] 1.0000e+00
 3.139e+01 9.7768e-07 9.7768e-07 [ 7.9164e-18 2.0423e-12 3.1631e-10 8.3399e-07 1.4337e-07 ] 1.0000e+00
 3.151e+01 8.8205e-07 8.8205e-07 [ 5.6617e-18 1.5982e-12 2.8530e-10 7.5301e-07 1.2875e-07 ] 1.0000e+00
 3.162e+01 7.9581e-07 7.9581e-07 [ 4.0482e-18 1.2512e-12 2.5789e-10 6.7990e-07 1.1565e-07 ] 1.0000e+00
 3.173e+01 7.1804e-07 7.1804e-07 [ 2.8937e-18 9.8002e-13 2.3354e-10 6.1391e-07 1.0390e-07 ] 1.0000e+00
 3.185e+01 6.4790e-07 6.4790e-07 [ 2.0679e-18 7.6798e-13 2.1182e-10 5.5433e-07 9.3365e-08 ] 1.0000e+00
 3.196e+01 5.8464e-07 5.8464e-07 [ 1.4773e-18 6.0211e-13 1.9237e-10 5.0054e-07 8.3912e-08 ] 1.0000e+00
 3.207e+01 5.2757e-07 5.2757e-07 [ 1.0551e-18 4.7232e-13 1.7489e-10 4.5197e-07 7.5430e-08 ] 1.0000e+00
 3.219e+01 4.7609e-07 4.7609e-07 [ 7.5325e-19 3.7071e-13 1.5915e-10 4.0812e-07 6.7817e-08 ] 1.0000e+00
 3.230e+01 4.2965e-07 4.2965e-07 [ 5.3760e-19 2.9114e-13 1.4492e-10 3.6852e-07 6.0982e-08 ] 1.0000e+00
 3.241e+01 3.8775e-07 3.8775e-07 [ 3.8355e-19 2.2880e-13 1.3203e-10 3.3277e-07 5.4845e-08 ] 1.0000e+00
 3.253e+01 3.4994e-07 3.4994e-07 [ 2.7354e-19 1.7993e-13 1.2033e-10 3.0049e-07 4.9333e-08 ] 1.0000e+00
 3.264e+01 3.1582e-07 3.1582e-07 [ 1.9502e-19 1.4161e-13 1.0970e-10 2.7133e-07 4.4381e-08 ] 1.0000e+00
 3.275e+01 2.8504e-07 2.8504e-07 [ 1.3898e-19 1.1154e-13 1.0003e-10 2.4500e-07 3.9931e-08 ] 1.0000e+00
 3.287e+01 2.5725e-07 2.5725e-07 [ 9.9006e-20 8.7935e-14 9.1215e-11 2.2123e-07 3.5933e-08 ] 1.0000e+00
 3.298e+01 2.3218e-07 2.3218e-07 [ 7.0501e-20 6.9396e-14 8.3177e-11 1.9976e-07 3.2339e-08 ] 1.0000e+00
 3.309e+01 2.0955e-07 2.0955e-07 [ 5.0182e-20 5.4826e-14 7.5841e-11 1.8037e-07 2.9108e-08 ] 1.0000e+00
 3.321e+01 1.8913e-07 1.8913e-07 [ 3.5704e-20 4.3367e-14 6.9143e-11 1.6286e-07 2.6203e-08 ] 1.0000e+00
 3.332e+01 1.7070e-07 1.7070e-07 [ 2.5392e-20 3.4349e-14 6.3024e-11 1.4705e-07 2.3590e-08 ] 1.0000e+00
 3.343e+01 1.5407e-07 1.5407e-07 [ 1.8051e-20 2.7246e-14 5.7435e-11 1.3277e-07 2.1240e-08 ] 1.0000e+00
 3.355e+01 1.3905e-07 1.3905e-07 [ 1.2826e-20 2.1646e-14 5.2327e-11 1.1987e-07 1.9126e-08 ] 1.0000e+00
 3.366e+01 1.2550e-07 1.2550e-07 [ 9.1096e-21 1.7228e-14 4.7659e-11 1.0823e-07 1.7224e-08 ] 1.0000e+00
 3.377e+01 1.1327e-07 1.1327e-07 [ 6.4670e-21 1.3737e-14 4.3394e-11 9.7712e-08 1.5512e-08 ] 1.0000e+00
 3.389e+01 1.0223e-07 1.0223e-07 [ 4.5888e-21 1.0976e-14 3.9497e-11 8.8215e-08 1.3972e-08 ] 1.0000e+00
 3.400e+01 9.2260e-08 9.2260e-08 [ 3.2546e-21 8.7899e-15 3.5936e-11 7.9639e-08 1.2586e-08 ] 1.0000e+00
 3.411e+01 8.3265e-08 8.3265e-08 [ 2.3072e-21 7.0560e-15 3.2685e-11 7.1894e-08 1.1338e-08 ] 1.0000e+00
 3.423e+01 7.5145e-08 7.5145e-08 [ 1.6347e-21 5.6787e-15 2.9716e-11 6.4901e-08 1.0214e-08 ] 1.0000e+00
 3.434e+01 6.7816e-08 6.7816e-08 [ 1.1577e-21 4.5828e-15 2.7007e-11 5.8586e-08 9.2029e-09 ] 1.0000e+00
 3.445e+01 6.1201e-08 6.1201e-08 [ 8.1951e-22 3.7092e-15 2.4534e-11 5.2884e-08 8.2921e-09 ] 1.0000e+00
 3.457e+01 5.5230e-08 5.5230e-08 [ 5.7980e-22 3.0112e-15 2.2279e-11 4.7736e-08 7.4719e-09 ] 1.0000e+00
 3.468e+01 4.9840e-08 4.9840e-08 [ 4.1000e-22 2.4524e-15 2.0222e-11 4.3087e-08 6.7332e-09 ] 1.0000e+00
 3.479e+01 4.4975e-08 4.4975e-08 [ 2.8978e-22 2.0039e-15 1.8348e-11 3.8889e-08 6.0679e-09 ] 1.0000e+00
 3.491e+01 4.0585e-08 4.0585e-08 [ 2.0471e-22 1.6430e-15 1.6640e-11 3.5099e-08 5.4685e-09 ] 1.0000e+00
 3.502e+01 3.6621e-08 3.6621e-08 [ 1.4454e-22 1.3518e-15 1.5085e-11 3.1678e-08 4.9286e-09 ] 1.0000e+00
 3.513e+01 3.3044e-08 3.3044e-08 [ 1.0200e-22 1.1162e-15 1.3670e-11 2.8589e-08 4.4422e-09 ] 1.0000e+00
 3.525e+01 2.9816e-08 2.9816e-08 [ 7.1943e-23 9.2485e-16 1.2382e-11 2.5800e-08 4.0039e-09 ] 1.0000e+00
 3.536e+01 2.6902e-08 2.6902e-08 [ 5.0717e-23 7.6903e-16 1.1211e-11 2.3282e-08 3.6091e-09 ] 1.0000e+00
 3.547e+01 2.4272e-08 2.4272e-08 [ 3.5735e-23 6.4170e-16 1.0147e-11 2.1009e-08 3.2532e-09 ] 1.0000e+00
 3.559e+01 2.1899e-08 2.1899e-08 [ 2.5165e-23 5.3729e-16 9.1794e-12 1.8957e-08 2.9326e-09 ] 1.0000e+00
 3.570e+01 1.9757e-08 1.9757e-08 [ 1.7713e-23 4.5136e-16 8.3010e-12 1.7105e-08 2.6436e-09 ] 1.0000e+00
 3.581e+01 1.7824e-08 1.7824e-08 [ 1.2461e-23 3.8039e-16 7.5035e-12 1.5433e-08 2.3832e-09 ] 1.0000e+00
 3.593e+01 1.6080e-08 1.6080e-08 [ 8.7616e-24 3.2156e-16 6.7799e-12 1.3925e-08 2.1484e-09 ] 1.0000e+00
 3.604e+01 1.4506e-08 1.4506e-08 [ 6.1574e-24 2.7262e-16 6.1237e-12 1.2563e-08 1.9369e-09 ] 1.0000e+00
 3.615e+01 1.3085e-08 1.3085e-08 [ 4.3250e-24 2.3176e-16 5.5288e-12 1.1333e-08 1.7462e-09 ] 1.0000e+00
 3.627e+01 1.1803e-08 1.1803e-08 [ 3.0364e-24 1.9753e-16 4.9897e-12 1.0224e-08 1.5743e-09 ] 1.0000e+00
 3.638e+01 1.0646e-08 1.0646e-08 [ 2.1306e-24 1.6876e-16 4.5015e-12 9.2227e-09 1.4193e-09 ] 1.0000e+00
 3.649e+01 9.6028e-09 9.6028e-09 [ 1.4943e-24 1.4448e-16 4.0595e-12 8.3191e-09 1.2796e-09 ] 1.0000e+00
 3.661e+01 8.6611e-09 8.6611e-09 [ 1.0476e-24 1.2395e-16 3.6595e-12 7.5037e-09 1.1537e-09 ] 1.0000e+00
 3.672e+01 7.8114e-09 7.8114e-09 [ 7.3401e-25 1.0652e-16 3.2976e-12 6.7680e-09 1.0401e-09 ] 1.0000e+00
 3.683e+01 7.0449e-09 7.0449e-09 [ 5.1407e-25 9.1693e-17 2.9705e-12 6.1041e-09 9.3780e-10 ] 1.0000e+00
 3.695e+01 6.3533e-09 6.3533e-09 [ 3.5987e-25 7.9042e-17 2.6748e-12 5.5051e-09 8.4552e-10 ] 1.0000e+00
 3.706e+01 5.7293e-09 5.7293e-09 [ 2.5181e-25 6.8223e-17 2.4077e-12 4.9646e-09 7.6232e-10 ] 1.0000e+00
 3.717e+01 5.1664e-09 5.1664e-09 [ 1.7613e-25 5.8950e-17 2.1665e-12 4.4770e-09 6.8731e-10 ] 1.0000e+00
 3.729e+01 4.6587e-09 4.6587e-09 [ 1.2314e-25 5.0986e-17 1.9488e-12 4.0370e-09 6.1968e-10 ] 1.0000e+00
 3.740e+01 4.2006e-09 4.2006e-09 [ 8.6062e-26 4.4134e-17 1.7524e-12 3.6402e-09 5.5870e-10 ] 1.0000e+00
 3.751e+01 3.7875e-09 3.7875e-09 [ 6.0126e-26 3.8230e-17 1.5752e-12 3.2822e-09 5.0372e-10 ] 1.0000e+00
 3.763e+01 3.4148e-09 3.4148e-09 [ 4.1992e-26 3.3134e-17 1.4154e-12 2.9592e-09 4.5415e-10 ] 1.0000e+00
 3.774e+01 3.0786e-09 3.0786e-09 [ 2.9319e-26 2.8731e-17 1.2715e-12 2.6679e-09 4.0945e-10 ] 1.0000e+00
 3.785e+01 2.7755e-09 2.7755e-09 [ 2.0465e-26 2.4922e-17 1.1418e-12 2.4052e-09 3.6915e-10 ] 1.0000e+00
 3.797e+01 2.5020e-09 2.5020e-09 [ 1.4281e-26 2.1624e-17 1.0250e-12 2.1682e-09 3.3281e-10 ] 1.0000e+00
 3.808e+01 2.2554e-09 2.2554e-09 [ 9.9638e-27 1.8767e-17 9.1980e-13 1.9545e-09 3.0004e-10 ] 1.0000e+00
 3.819e+01 2.0330e-09 2.0330e-09 [ 6.9506e-27 1.6289e-17 8.2518e-13 1.7617e-09 2.7050e-10 ] 1.0000e+00
 3.831e+01 1.8325e-09 1.8325e-09 [ 4.8482e-27 1.4138e-17 7.4006e-13 1.5879e-09 2.4386e-10 ] 1.0000e+00
 3.842e+01 1.6516e-09 1.6516e-09 [ 3.3815e-27 1.2272e-17 6.6352e-13 1.4311e-09 2.1984e-10 ] 1.0000e+00
 3.853e+01 1.4886e-09 1.4886e-09 [ 2.3585e-27 1.0652e-17 5.9472e-13 1.2898e-09 1.9819e-10 ] 1.0000e+00
 3.865e+01 1.3416e-09 1.3416e-09 [ 1.6451e-27 9.2442e-18 5.3288e-13 1.1624e-09 1.7866e-10 ] 1.0000e+00
 3.876e+01 1.2090e-09 1.2090e-09 [ 1.1477e-27 8.0215e-18 4.7734e-13 1.0475e-09 1.6105e-10 ] 1.0000e+00
 3.887e+01 1.0895e-09 1.0895e-09 [ 8.0078e-28 6.9593e-18 4.2746e-13 9.4386e-10 1.4518e-10 ] 1.0000e+00
 3.899e+01 9.8172e-10 9.8172e-10 [ 5.5891e-28 6.0365e-18 3.8268e-13 8.5047e-10 1.3087e-10 ] 1.0000e+00
 3.910e+01 8.8458e-10 8.8458e-10 [ 3.9023e-28 5.2347e-18 3.4250e-13 7.6628e-10 1.1796e-10 ] 1.0000e+00
 3.921e+01 7.9701e-10 7.9701e-10 [ 2.7258e-28 4.5382e-18 3.0645e-13 6.9038e-10 1.0633e-10 ] 1.0000e+00
 3.933e+01 7.1808e-10 7.1808e-10 [ 1.9051e-28 3.9332e-18 2.7412e-13 6.2197e-10 9.5837e-11 ] 1.0000e+00
 3.944e+01 6.4693e-10 6.4693e-10 [ 1.3323e-28 3.4079e-18 2.4513e-13 5.6030e-10 8.6379e-11 ] 1.0000e+00
 3.955e+01 5.8280e-10 5.8280e-10 [ 9.3243e-29 2.9517e-18 2.1915e-13 5.0473e-10 7.7853e-11 ] 1.0000e+00
 3.967e+01 5.2500e-10 5.2500e-10 [ 6.5313e-29 2.5557e-18 1.9587e-13 4.5464e-10 7.0167e-11 ] 1.0000e+00
 3.978e+01 4.7291e-10 4.7291e-10 [ 4.5794e-29 2.2120e-18 1.7501e-13 4.0949e-10 6.3237e-11 ] 1.0000e+00
 3.989e+01 4.2596e-10 4.2596e-10 [ 3.2143e-29 1.9138e-18 1.5634e-13 3.6881e-10 5.6990e-11 ] 1.0000e+00
 4.001e+01 3.8366e-10 3.8366e-10 [ 2.2588e-29 1.6552e-18 1.3962e-13 3.3216e-10 5.1358e-11 ] 1.0000e+00
 4.012e+01 3.4553e-10 3.4553e-10 [ 1.5894e-29 1.4310e-18 1.2466e-13 2.9913e-10 4.6282e-11 ] 1.0000e+00
 4.023e+01 3.1118e-10 3.1118e-10 [ 1.1200e-29 1.2367e-18 1.1127e-13 2.6937e-10 4.1705e-11 ] 1.0000e+00
 4.035e+01 2.8023e-10 2.8023e-10 [ 7.9040e-30 1.0683e-18 9.9300e-14 2.4255e-10 3.7580e-11 ] 1.0000e+00
 4.046e+01 2.5234e-10 2.5234e-10 [ 5.5873e-30 9.2246e-19 8.8593e-14 2.1839e-10 3.3862e-11 ] 1.0000e+00
 4.057e+01 2.2722e-10 2.2722e-10 [ 3.9565e-30 7.9621e-19 7.9021e-14 1.9663e-10 3.0510e-11 ] 1.0000e+00
 4.069e+01 2.0459e-10 2.0459e-10 [ 2.8068e-30 6.8695e-19 7.0467e-14 1.7703e-10 2.7490e-11 ] 1.0000e+00
 4.080e+01 1.8420e-10 1.8420e-10 [ 1.9950e-30 5.9244e-19 6.2823e-14 1.5937e-10 2.4767e-11 ] 1.0000e+00
 4.091e+01 1.6583e-10 1.6583e-10 [ 1.4209e-30 5.1071e-19 5.5995e-14 1.4346e-10 2.2313e-11 ] 1.0000e+00
 4.103e+01 1.4929e-10 1.4929e-10 [ 1.0140e-30 4.4007e-19 4.9898e-14 1.2914e-10 2.0101e-11 ] 1.0000e+00
 4.114e+01 1.3439e-10 1.3439e-10 [ 7.2518e-31 3.7904e-19 4.4454e-14 1.1623e-10 1.8108e-11 ] 1.0000e+00
 4.125e+01 1.2097e-10 1.2097e-10 [ 5.1972e-31 3.2634e-19 3.9596e-14 1.0461e-10 1.6312e-11 ] 1.0000e+00
 4.137e+01 1.0888e-10 1.0888e-10 [ 3.7327e-31 2.8084e-19 3.5260e-14 9.4150e-11 1.4694e-11 ] 1.0000e+00
 4.148e+01 9.7995e-11 9.7995e-11 [ 2.6866e-31 2.4159e-19 3.1392e-14 8.4728e-11 1.3235e-11 ] 1.0000e+00
 4.159e+01 8.8193e-11 8.8193e-11 [ 1.9378e-31 2.0773e-19 2.7942e-14 7.6244e-11 1.1921e-11 ] 1.0000e+00
 4.171e+01 7.9367e-11 7.9367e-11 [ 1.4006e-31 1.7854e-19 2.4866e-14 6.8606e-11 1.0736e-11 ] 1.0000e+00
 4.182e+01 7.1420e-11 7.1420e-11 [ 1.0144e-31 1.5339e-19 2.2123e-14 6.1729e-11 9.6694e-12 ] 1.0000e+00
 4.193e+01 6.4265e-11 6.4265e-11 [ 7.3618e-32 1.3172e-19 1.9679e-14 5.5538e-11 8.7080e-12 ] 1.0000e+00
 4.205e+01 5.7824e-11 5.7824e-11 [ 5.3526e-32 1.1307e-19 1.7501e-14 4.9964e-11 7.8418e-12 ] 1.0000e+00
 4.216e+01 5.2025e-11 5.2025e-11 [ 3.8989e-32 9.7014e-20 1.5561e-14 4.4948e-11 7.0615e-12 ] 1.0000e+00
 4.227e+01 4.6804e-11 4.6804e-11 [ 2.8449e-32 8.3206e-20 1.3833e-14 4.0432e-11 6.3585e-12 ] 1.0000e+00
 4.239e+01 4.2105e-11 4.2105e-11 [ 2.0792e-32 7.1332e-20 1.2294e-14 3.6368e-11 5.7252e-12 ] 1.0000e+00
 4.250e+01 3.7876e-11 3.7876e-11 [ 1.5218e-32 6.1127e-20 1.0924e-14 3.2710e-11 5.1547e-12 ] 1.0000e+00
 4.261e+01 3.4069e-11 3.4069e-11 [ 1.1155e-32 5.2361e-20 9.7048e-15 2.9418e-11 4.6408e-12 ] 1.0000e+00
 4.273e+01 3.0643e-11 3.0643e-11 [ 8.1866e-33 4.4832e-20 8.6199e-15 2.6456e-11 4.1780e-12 ] 1.0000e+00
 4.284e+01 2.7559e-11 2.7559e-11 [ 6.0152e-33 3.8371e-20 7.6547e-15 2.3790e-11 3.7611e-12 ] 1.0000e+00
 4.295e+01 2.4785e-11 2.4785e-11 [ 4.4244e-33 3.2827e-20 6.7962e-15 2.1392e-11 3.3857e-12 ] 1.0000e+00
 4.307e+01 2.2288e-11 2.2288e-11 [ 3.2573e-33 2.8072e-20 6.0327e-15 1.9234e-11 3.0475e-12 ] 1.0000e+00
 4.318e+01 2.0041e-11 2.0041e-11 [ 2.4000e-33 2.3996e-20 5.3540e-15 1.7293e-11 2.7430e-12 ] 1.0000e+00
 4.329e+01 1.8020e-11 1.8020e-11 [ 1.7696e-33 2.0504e-20 4.7507e-15 1.5547e-11 2.4688e-12 ] 1.0000e+00
 4.341e+01 1.6202e-11 1.6202e-11 [ 1.3056e-33 1.7512e-20 4.2145e-15 1.3976e-11 2.2219e-12 ] 1.0000e+00
 4.352e+01 1.4566e-11 1.4566e-11 [ 9.6374e-34 1.4952e-20 3.7381e-15 1.2563e-11 1.9996e-12 ] 1.0000e+00
 4.363e+01 1.3094e-11 1.3094e-11 [ 7.1168e-34 1.2760e-20 3.3149e-15 1.1292e-11 1.7994e-12 ] 1.0000e+00
 4.375e+01 1.1771e-11 1.1771e-11 [ 5.2571e-34 1.0885e-20 2.9391e-15 1.0149e-11 1.6192e-12 ] 1.0000e+00
 4.386e+01 1.0580e-11 1.0580e-11 [ 3.8842e-34 9.2821e-21 2.6053e-15 9.1208e-12 1.4569e-12 ] 1.0000e+00
 4.397e+01 9.5095e-12 9.5095e-12 [ 2.8703e-34 7.9120e-21 2.3090e-15 8.1964e-12 1.3108e-12 ] 1.0000e+00
 4.409e+01 8.5465e-12 8.5465e-12 [ 2.1212e-34 6.7414e-21 2.0460e-15 7.3652e-12 1.1793e-12 ] 1.0000e+00
 4.420e+01 7.6806e-12 7.6806e-12 [ 1.5676e-34 5.7418e-21 1.8126e-15 6.6178e-12 1.0610e-12 ] 1.0000e+00
 4.431e+01 6.9019e-12 6.9019e-12 [ 1.1585e-34 4.8884e-21 1.6056e-15 5.9458e-12 9.5442e-13 ] 1.0000e+00
 4.443e+01 6.2017e-12 6.2017e-12 [ 8.5599e-35 4.1602e-21 1.4219e-15 5.3418e-12 8.5853e-13 ] 1.0000e+00
 4.454e+01 5.5722e-12 5.5722e-12 [ 6.3239e-35 3.5391e-21 1.2590e-15 4.7987e-12 7.7222e-13 ] 1.0000e+00
 4.465e+01 5.0062e-12 5.0062e-12 [ 4.6709e-35 3.0096e-21 1.1145e-15 4.3106e-12 6.9455e-13 ] 1.0000e+00
 4.477e+01 4.4974e-12 4.4974e-12 [ 3.4491e-35 2.5583e-21 9.8647e-16 3.8718e-12 6.2466e-13 ] 1.0000e+00
 4.488e+01 4.0401e-12 4.0401e-12 [ 2.5461e-35 2.1738e-21 8.7296e-16 3.4774e-12 5.6176e-13 ] 1.0000e+00
 4.499e+01 3.6290e-12 3.6290e-12 [ 1.8789e-35 1.8464e-21 7.7237e-16 3.1230e-12 5.0517e-13 ] 1.0000e+00
 4.511e+01 3.2595e-12 3.2595e-12 [ 1.3860e-35 1.5677e-21 6.8324e-16 2.8045e-12 4.5425e-13 ] 1.0000e+00
 4.522e+01 2.9274e-12 2.9274e-12 [ 1.0220e-35 1.3306e-21 6.0428e-16 2.5183e-12 4.0843e-13 ] 1.0000e+00
 4.533e+01 2.6289e-12 2.6289e-12 [ 7.5327e-36 1.1289e-21 5.3435e-16 2.2612e-12 3.6722e-13 ] 1.0000e+00
 4.545e+01 2.3608e-12 2.3608e-12 [ 5.5495e-36 9.5738e-22 4.7243e-16 2.0301e-12 3.3014e-13 ] 1.0000e+00
 4.556e+01 2.1198e-12 2.1198e-12 [ 4.0864e-36 8.1163e-22 4.1760e-16 1.8226e-12 2.9679e-13 ] 1.0000e+00
 4.567e+01 1.9033e-12 1.9033e-12 [ 3.0076e-36 6.8781e-22 3.6907e-16 1.6361e-12 2.6679e-13 ] 1.0000e+00
 4.579e+01 1.7087e-12 1.7087e-12 [ 2.2124e-36 5.8266e-22 3.2612e-16 1.4686e-12 2.3980e-13 ] 1.0000e+00
 4.590e+01 1.5340e-12 1.5340e-12 [ 1.6266e-36 4.9340e-22 2.8811e-16 1.3182e-12 2.1554e-13 ] 1.0000e+00
 4.601e+01 1.3770e-12 1.3770e-12 [ 1.1952e-36 4.1766e-22 2.5449e-16 1.1830e-12 1.9371e-13 ] 1.0000e+00
 4.613e+01 1.2360e-12 1.2360e-12 [ 8.7777e-37 3.5341e-22 2.2475e-16 1.0617e-12 1.7408e-13 ] 1.0000e+00
 4.624e+01 1.1093e-12 1.1093e-12 [ 6.4426e-37 2.9894e-22 1.9845e-16 9.5269e-13 1.5644e-13 ] 1.0000e+00
 4.635e+01 9.9558e-13 9.9558e-13 [ 4.7260e-37 2.5276e-22 1.7520e-16 8.5484e-13 1.4057e-13 ] 1.0000e+00
 4.647e+01 8.9343e-13 8.9343e-13 [ 3.4647e-37 2.1364e-22 1.5464e-16 7.6697e-13 1.2630e-13 ] 1.0000e+00
 4.658e+01 8.0169e-13 8.0169e-13 [ 2.5385e-37 1.8051e-22 1.3647e-16 6.8809e-13 1.1347e-13 ] 1.0000e+00
 4.669e+01 7.1933e-13 7.1933e-13 [ 1.8587e-37 1.5246e-22 1.2041e-16 6.1727e-13 1.0194e-13 ] 1.0000e+00
 4.681e+01 6.4537e-13 6.4537e-13 [ 1.3602e-37 1.2872e-22 1.0622e-16 5.5369e-13 9.1575e-14 ] 1.0000e+00
 4.692e+01 5.7898e-13 5.7898e-13 [ 9.9471e-38 1.0864e-22 9.3691e-17 4.9663e-13 8.2258e-14 ] 1.0000e+00
 4.703e+01 5.1937e-13 5.1937e-13 [ 7.2700e-38 9.1655e-23 8.2623e-17 4.4541e-13 7.3883e-14 ] 1.0000e+00
 4.715e+01 4.6587e-13 4.6587e-13 [ 5.3100e-38 7.7299e-23 7.2848e-17 3.9944e-13 6.6356e-14 ] 1.0000e+00
 4.726e+01 4.1784e-13 4.1784e-13 [ 3.8760e-38 6.5168e-23 6.4219e-17 3.5819e-13 5.9592e-14 ] 1.0000e+00
 4.737e+01 3.7474e-13 3.7474e-13 [ 2.8275e-38 5.4920e-23 5.6601e-17 3.2117e-13 5.3514e-14 ] 1.0000e+00
 4.749e+01 3.3606e-13 3.3606e-13 [ 2.0613e-38 4.6268e-23 4.9878e-17 2.8795e-13 4.8052e-14 ] 1.0000e+00
 4.760e+01 3.0134e-13 3.0134e-13 [ 1.5017e-38 3.8964e-23 4.3946e-17 2.5815e-13 4.3144e-14 ] 1.0000e+00
 4.771e+01 2.7019e-13 2.7019e-13 [ 1.0934e-38 3.2801e-23 3.8712e-17 2.3142e-13 3.8735e-14 ] 1.0000e+00
 4.783e+01 2.4224e-13 2.4224e-13 [ 7.9555e-39 2.7604e-23 3.4096e-17 2.0743e-13 3.4774e-14 ] 1.0000e+00
 4.794e+01 2.1717e-13 2.1717e-13 [ 5.7848e-39 2.3221e-23 3.0024e-17 1.8592e-13 3.1216e-14 ] 1.0000e+00
 4.805e+01 1.9467e-13 1.9467e-13 [ 4.2037e-39 1.9527e-23 2.6434e-17 1.6663e-13 2.8020e-14 ] 1.0000e+00
 4.817e+01 1.7449e-13 1.7449e-13 [ 3.0528e-39 1.6415e-23 2.3269e-17 1.4932e-13 2.5149e-14 ] 1.0000e+00
 4.828e+01 1.5639e-13 1.5639e-13 [ 2.2155e-39 1.3794e-23 2.0479e-17 1.3380e-13 2.2570e-14 ] 1.0000e+00
 4.839e+01 1.4016e-13 1.4016e-13 [ 1.6069e-39 1.1588e-23 1.8021e-17 1.1989e-13 2.0255e-14 ] 1.0000e+00
 4.851e+01 1.2560e-13 1.2560e-13 [ 1.1647e-39 9.7305e-24 1.5855e-17 1.0741e-13 1.8175e-14 ] 1.0000e+00
 4.862e+01 1.1254e-13 1.1254e-13 [ 8.4361e-40 8.1681e-24 1.3946e-17 9.6220e-14 1.6308e-14 ] 1.0000e+00
 4.873e+01 1.0083e-13 1.0083e-13 [ 6.1067e-40 6.8541e-24 1.2265e-17 8.6191e-14 1.4632e-14 ] 1.0000e+00
 4.885e+01 9.0338e-14 9.0338e-14 [ 4.4177e-40 5.7495e-24 1.0785e-17 7.7201e-14 1.3126e-14 ] 1.0000e+00
 4.896e+01 8.0927e-14 8.0927e-14 [ 3.1937e-40 4.8211e-24 9.4817e-18 6.9142e-14 1.1775e-14 ] 1.0000e+00
 4.907e+01 7.2490e-14 7.2490e-14 [ 2.3074e-40 4.0413e-24 8.3344e-18 6.1919e-14 1.0562e-14 ] 1.0000e+00
 4.919e+01 6.4927e-14 6.4927e-14 [ 1.6660e-40 3.3864e-24 7.3245e-18 5.5446e-14 9.4735e-15 ] 1.0000e+00
 4.930e+01 5.8149e-14 5.8149e-14 [ 1.2021e-40 2.8366e-24 6.4359e-18 4.9646e-14 8.4964e-15 ] 1.0000e+00
 4.941e+01 5.2073e-14 5.2073e-14 [ 8.6685e-41 2.3752e-24 5.6540e-18 4.4448e-14 7.6193e-15 ] 1.0000e+00
 4.953e+01 4.6629e-14 4.6629e-14 [ 6.2469e-41 1.9882e-24 4.9663e-18 3.9791e-14 6.8323e-15 ] 1.0000e+00
 4.964e+01 4.1750e-14 4.1750e-14 [ 4.4989e-41 1.6637e-24 4.3614e-18 3.5619e-14 6.1261e-15 ] 1.0000e+00
 4.975e+01 3.7378e-14 3.7378e-14 [ 3.2380e-41 1.3916e-24 3.8294e-18 3.1882e-14 5.4924e-15 ] 1.0000e+00
 4.987e+01 3.3461e-14 3.3461e-14 [ 2.3290e-41 1.1636e-24 3.3618e-18 2.8534e-14 4.9239e-15 ] 1.0000e+00
 4.998e+01 2.9952e-14 2.9952e-14 [ 1.6741e-41 9.7266e-25 2.9507e-18 2.5535e-14 4.4139e-15 ] 1.0000e+00
 5.009e+01 2.6809e-14 2.6809e-14 [ 1.2026e-41 8.1275e-25 2.5894e-18 2.2850e-14 3.9564e-15 ] 1.0000e+00
 5.021e+01 2.3993e-14 2.3993e-14 [ 8.6337e-42 6.7889e-25 2.2719e-18 2.0445e-14 3.5460e-15 ] 1.0000e+00
 5.032e+01 2.1471e-14 2.1471e-14 [ 6.1944e-42 5.6687e-25 1.9930e-18 1.8291e-14 3.1779e-15 ] 1.0000e+00
 5.043e+01 1.9213e-14 1.9213e-14 [ 4.4415e-42 4.7318e-25 1.7480e-18 1.6363e-14 2.8478e-15 ] 1.0000e+00
 5.055e+01 1.7190e-14 1.7190e-14 [ 3.1826e-42 3.9483e-25 1.5328e-18 1.4637e-14 2.5517e-15 ] 1.0000e+00
 5.066e+01 1.5380e-14 1.5380e-14 [ 2.2791e-42 3.2934e-25 1.3439e-18 1.3092e-14 2.2863e-15 ] 1.0000e+00
 5.077e+01 1.3758e-14 1.3758e-14 [ 1.6311e-42 2.7462e-25 1.1781e-18 1.1709e-14 2.0483e-15 ] 1.0000e+00
 5.089e+01 1.2307e-14 1.2307e-14 [ 1.1666e-42 2.2891e-25 1.0325e-18 1.0471e-14 1.8349e-15 ] 1.0000e+00
 5.100e+01 1.1007e-14 1.1007e-14 [ 8.3389e-43 1.9074e-25 9.0474e-19 9.3627e-15 1.6436e-15 ] 1.0000e+00
 5.111e+01 9.8441e-15 9.8441e-15 [ 5.9568e-43 1.5888e-25 7.9265e-19 8.3712e-15 1.4721e-15 ] 1.0000e+00
 5.123e+01 8.8030e-15 8.8030e-15 [ 4.2526e-43 1.3230e-25 6.9431e-19 7.4840e-15 1.3184e-15 ] 1.0000e+00
 5.134e+01 7.8714e-15 7.8714e-15 [ 3.0341e-43 1.1012e-25 6.0807e-19 6.6901e-15 1.1806e-15 ] 1.0000e+00
 5.145e+01 7.0377e-15 7.0377e-15 [ 2.1634e-43 9.1633e-26 5.3243e-19 5.9800e-15 1.0572e-15 ] 1.0000e+00
 5.157e+01 6.2917e-15 6.2917e-15 [ 1.5417e-43 7.6222e-26 4.6612e-19 5.3447e-15 9.4656e-16 ] 1.0000e+00
 5.168e+01 5.6243e-15 5.6243e-15 [ 1.0979e-43 6.3380e-26 4.0799e-19 4.7764e-15 8.4743e-16 ] 1.0000e+00
 5.179e+01 5.0272e-15 5.0272e-15 [ 7.8142e-44 5.2684e-26 3.5705e-19 4.2682e-15 7.5862e-16 ] 1.0000e+00
 5.191e+01 4.4930e-15 4.4930e-15 [ 5.5582e-44 4.3777e-26 3.1240e-19 3.8137e-15 6.7905e-16 ] 1.0000e+00
 5.202e+01 4.0153e-15 4.0153e-15 [ 3.9512e-44 3.6364e-26 2.7329e-19 3.4072e-15 6.0778e-16 ] 1.0000e+00
 5.213e+01 3.5880e-15 3.5880e-15 [ 2.8071e-44 3.0196e-26 2.3903e-19 3.0438e-15 5.4394e-16 ] 1.0000e+00
 5.225e+01 3.2058e-15 3.2058e-15 [ 1.9931e-44 2.5065e-26 2.0903e-19 2.7189e-15 4.8676e-16 ] 1.0000e+00
 5.236e+01 2.8641e-15 2.8641e-15 [ 1.4142e-44 2.0799e-26 1.8275e-19 2.4284e-15 4.3555e-16 ] 1.0000e+00
 5.247e+01 2.5586e-15 2.5586e-15 [ 1.0029e-44 1.7253e-26 1.5975e-19 2.1688e-15 3.8969e-16 ] 1.0000e+00
 5.259e+01 2.2854e-15 2.2854e-15 [ 7.1082e-45 1.4306e-26 1.3962e-19 1.9367e-15 3.4863e-16 ] 1.0000e+00
 5.270e+01 2.0413e-15 2.0413e-15 [ 5.0348e-45 1.1859e-26 1.2200e-19 1.7293e-15 3.1187e-16 ] 1.0000e+00
 5.281e+01 1.8230e-15 1.8230e-15 [ 3.5641e-45 9.8269e-27 1.0659e-19 1.5439e-15 2.7896e-16 ] 1.0000e+00
 5.293e+01 1.6279e-15 1.6279e-15 [ 2.5215e-45 8.1402e-27 9.3103e-20 1.3783e-15 2.4949e-16 ] 1.0000e+00
 5.304e+01 1.4535e-15 1.4535e-15 [ 1.7829e-45 6.7407e-27 8.1309e-20 1.2303e-15 2.2312e-16 ] 1.0000e+00
 5.315e+01 1.2977e-15 1.2977e-15 [ 1.2598e-45 5.5799e-27 7.0995e-20 1.0981e-15 1.9952e-16 ] 1.0000e+00
 5.327e+01 1.1585e-15 1.1585e-15 [ 8.8973e-46 4.6174e-27 6.1978e-20 9.8002e-16 1.7840e-16 ] 1.0000e+00
 5.338e+01 1.0341e-15 1.0341e-15 [ 6.2798e-46 3.8195e-27 5.4096e-20 8.7454e-16 1.5950e-16 ] 1.0000e+00
 5.349e+01 9.2297e-16 9.2297e-16 [ 4.4297e-46 3.1585e-27 4.7207e-20 7.8034e-16 1.4259e-16 ] 1.0000e+00
 5.361e+01 8.2371e-16 8.2371e-16 [ 3.1229e-46 2.6109e-27 4.1188e-20 6.9621e-16 1.2746e-16 ] 1.0000e+00
 5.372e+01 7.3504e-16 7.3504e-16 [ 2.2003e-46 2.1576e-27 3.5929e-20 6.2109e-16 1.1392e-16 ] 1.0000e+00
 5.383e+01 6.5586e-16 6.5586e-16 [ 1.5494e-46 1.7823e-27 3.1336e-20 5.5401e-16 1.0181e-16 ] 1.0000e+00
 5.395e+01 5.8514e-16 5.8514e-16 [ 1.0904e-46 1.4718e-27 2.7324e-20 4.9414e-16 9.0981e-17 ] 1.0000e+00
 5.406e+01 5.2200e-16 5.2200e-16 [ 7.6690e-47 1.2150e-27 2.3822e-20 4.4068e-16 8.1295e-17 ] 1.0000e+00
 5.417e+01 4.6563e-16 4.6563e-16 [ 5.3909e-47 1.0026e-27 2.0764e-20 3.9297e-16 7.2633e-17 ] 1.0000e+00
 5.429e+01 4.1530e-16 4.1530e-16 [ 3.7873e-47 8.2708e-28 1.8096e-20 3.5039e-16 6.4888e-17 ] 1.0000e+00
 5.440e+01 3.7037e-16 3.7037e-16 [ 2.6592e-47 6.8205e-28 1.5767e-20 3.1239e-16 5.7963e-17 ] 1.0000e+00
 5.451e+01 3.3027e-16 3.3027e-16 [ 1.8660e-47 5.6225e-28 1.3736e-20 2.7848e-16 5.1772e-17 ] 1.0000e+00
 5.463e+01 2.9448e-16 2.9448e-16 [ 1.3087e-47 4.6334e-28 1.1964e-20 2.4823e-16 4.6238e-17 ] 1.0000e+00
 5.474e+01 2.6254e-16 2.6254e-16 [ 9.1729e-48 3.8169e-28 1.0418e-20 2.2124e-16 4.1291e-17 ] 1.0000e+00
 5.485e+01 2.3404e-16 2.3404e-16 [ 6.4259e-48 3.1432e-28 9.0703e-21 1.9716e-16 3.6870e-17 ] 1.0000e+00
 5.497e+01 2.0861e-16 2.0861e-16 [ 4.4989e-48 2.5876e-28 7.8955e-21 1.7569e-16 3.2919e-17 ] 1.0000e+00
 5.508e+01 1.8593e-16 1.8593e-16 [ 3.1481e-48 2.1294e-28 6.8715e-21 1.5653e-16 2.9388e-17 ] 1.0000e+00
 5.519e+01 1.6569e-16 1.6569e-16 [ 2.2016e-48 1.7517e-28 5.9791e-21 1.3946e-16 2.6233e-17 ] 1.0000e+00
 5.531e+01 1.4765e-16 1.4765e-16 [ 1.5388e-48 1.4406e-28 5.2016e-21 1.2423e-16 2.3415e-17 ] 1.0000e+00
 5.542e+01 1.3155e-16 1.3155e-16 [ 1.0749e-48 1.1843e-28 4.5243e-21 1.1065e-16 2.0897e-17 ] 1.0000e+00
 5.553e+01 1.1720e-16 1.1720e-16 [ 7.5045e-49 9.7323e-29 3.9345e-21 9.8544e-17 1.8648e-17 ] 1.0000e+00
 5.565e+01 1.0440e-16 1.0440e-16 [ 5.2364e-49 7.9952e-29 3.4208e-21 8.7755e-17 1.6640e-17 ] 1.0000e+00
 5.576e+01 9.2987e-17 9.2987e-17 [ 3.6517e-49 6.5658e-29 2.9737e-21 7.8138e-17 1.4846e-17 ] 1.0000e+00
 5.587e+01 8.2814e-17 8.2814e-17 [ 2.5452e-49 5.3902e-29 2.5845e-21 6.9567e-17 1.3244e-17 ] 1.0000e+00
 5.599e+01 7.3747e-17 7.3747e-17 [ 1.7730e-49 4.4235e-29 2.2457e-21 6.1930e-17 1.1814e-17 ] 1.0000e+00
 5.610e+01 6.5665e-17 6.5665e-17 [ 1.2344e-49 3.6289e-29 1.9510e-21 5.5126e-17 1.0537e-17 ] 1.0000e+00
 5.621e+01 5.8462e-17 5.8462e-17 [ 8.5892e-50 2.9760e-29 1.6947e-21 4.9063e-17 9.3976e-18 ] 1.0000e+00
 5.633e+01 5.2044e-17 5.2044e-17 [ 5.9733e-50 2.4398e-29 1.4717e-21 4.3663e-17 8.3802e-18 ] 1.0000e+00
 5.644e+01 4.6326e-17 4.6326e-17 [ 4.1518e-50 1.9995e-29 1.2778e-21 3.8852e-17 7.4721e-18 ] 1.0000e+00
 5.655e+01 4.1231e-17 4.1231e-17 [ 2.8842e-50 1.6380e-29 1.1092e-21 3.4568e-17 6.6618e-18 ] 1.0000e+00
 5.667e+01 3.6692e-17 3.6692e-17 [ 2.0025e-50 1.3415e-29 9.6271e-22 3.0753e-17 5.9387e-18 ] 1.0000e+00
 5.678e+01 3.2650e-17 3.2650e-17 [ 1.3895e-50 1.0982e-29 8.3538e-22 2.7356e-17 5.2935e-18 ] 1.0000e+00
 5.689e+01 2.9050e-17 2.9050e-17 [ 9.6370e-51 8.9877e-30 7.2474e-22 2.4331e-17 4.7179e-18 ] 1.0000e+00
 5.701e+01 2.5843e-17 2.5843e-17 [ 6.6800e-51 7.3529e-30 6.2863e-22 2.1638e-17 4.2045e-18 ] 1.0000e+00
 5.712e+01 2.2989e-17 2.2989e-17 [ 4.6278e-51 6.0133e-30 5.4516e-22 1.9241e-17 3.7465e-18 ] 1.0000e+00
 5.723e+01 2.0447e-17 2.0447e-17 [ 3.2043e-51 4.9161e-30 4.7268e-22 1.7108e-17 3.3381e-18 ] 1.0000e+00
 5.735e+01 1.8184e-17 1.8184e-17 [ 2.2175e-51 4.0177e-30 4.0975e-22 1.5210e-17 2.9738e-18 ] 1.0000e+00
 5.746e+01 1.6170e-17 1.6170e-17 [ 1.5337e-51 3.2823e-30 3.5513e-22 1.3520e-17 2.6491e-18 ] 1.0000e+00
 5.757e+01 1.4377e-17 1.4377e-17 [ 1.0603e-51 2.6806e-30 3.0773e-22 1.2017e-17 2.3595e-18 ] 1.0000e+00
 5.769e+01 1.2782e-17 1.2782e-17 [ 7.3255e-52 2.1885e-30 2.6660e-22 1.0680e-17 2.1013e-18 ] 1.0000e+00
 5.780e+01 1.1362e-17 1.1362e-17 [ 5.0585e-52 1.7861e-30 2.3092e-22 9.4906e-18 1.8712e-18 ] 1.0000e+00
 5.791e+01 1.0099e-17 1.0099e-17 [ 3.4913e-52 1.4571e-30 1.9997e-22 8.4327e-18 1.6661e-18 ] 1.0000e+00
 5.803e+01 8.9753e-18 8.9753e-18 [ 2.4083e-52 1.1884e-30 1.7314e-22 7.4918e-18 1.4834e-18 ] 1.0000e+00
 5.814e+01 7.9757e-18 7.9757e-18 [ 1.6604e-52 9.6884e-31 1.4988e-22 6.6551e-18 1.3205e-18 ] 1.0000e+00
 5.825e+01 7.0866e-18 7.0866e-18 [ 1.1441e-52 7.8959e-31 1.2972e-22 5.9111e-18 1.1754e-18 ] 1.0000e+00
 5.837e+01 6.2959e-18 6.2959e-18 [ 7.8796e-53 6.4329e-31 1.1224e-22 5.2498e-18 1.0461e-18 ] 1.0000e+00
 5.848e+01 5.5928e-18 5.5928e-18 [ 5.4239e-53 5.2390e-31 9.7104e-23 4.6618e-18 9.3092e-19 ] 1.0000e+00
 5.859e+01 4.9677e-18 4.9677e-18 [ 3.7315e-53 4.2653e-31 8.3990e-23 4.1393e-18 8.2833e-19 ] 1.0000e+00
 5.871e+01 4.4119e-18 4.4119e-18 [ 2.5658e-53 3.4713e-31 7.2631e-23 3.6748e-18 7.3697e-19 ] 1.0000e+00
 5.882e+01 3.9178e-18 3.9178e-18 [ 1.7634e-53 2.8242e-31 6.2796e-23 3.2621e-18 6.5561e-19 ] 1.0000e+00
 5.893e+01 3.4787e-18 3.4787e-18 [ 1.2113e-53 2.2969e-31 5.4282e-23 2.8954e-18 5.8316e-19 ] 1.0000e+00
 5.905e+01 3.0884e-18 3.0884e-18 [ 8.3157e-54 1.8674e-31 4.6913e-23 2.5697e-18 5.1867e-19 ] 1.0000e+00
 5.916e+01 2.7416e-18 2.7416e-18 [ 5.7060e-54 1.5177e-31 4.0535e-23 2.2803e-18 4.6125e-19 ] 1.0000e+00
 5.927e+01 2.4334e-18 2.4334e-18 [ 3.9133e-54 1.2330e-31 3.5018e-23 2.0232e-18 4.1014e-19 ] 1.0000e+00
 5.939e+01 2.1596e-18 2.1596e-18 [ 2.6824e-54 1.0014e-31 3.0245e-23 1.7949e-18 3.6465e-19 ] 1.0000e+00
 5.950e+01 1.9164e-18 1.9164e-18 [ 1.8378e-54 8.1301e-32 2.6118e-23 1.5922e-18 3.2417e-19 ] 1.0000e+00
 5.961e+01 1.7004e-18 1.7004e-18 [ 1.2584e-54 6.5984e-32 2.2549e-23 1.4122e-18 2.8816e-19 ] 1.0000e+00
 5.973e+01 1.5086e-18 1.5086e-18 [ 8.6125e-55 5.3533e-32 1.9463e-23 1.2524e-18 2.5611e-19 ] 1.0000e+00
 5.984e+01 1.3382e-18 1.3382e-18 [ 5.8914e-55 4.3417e-32 1.6797e-23 1.1106e-18 2.2760e-19 ] 1.0000e+00
 5.995e+01 1.1869e-18 1.1869e-18 [ 4.0279e-55 3.5200e-32 1.4493e-23 9.8470e-19 2.0224e-19 ] 1.0000e+00
 6.007e+01 1.0527e-18 1.0527e-18 [ 2.7524e-55 2.8528e-32 1.2502e-23 8.7296e-19 1.7969e-19 ] 1.0000e+00
 6.018e+01 9.3345e-19 9.3345e-19 [ 1.8799e-55 2.3113e-32 1.0782e-23 7.7381e-19 1.5963e-19 ] 1.0000e+00
 6.029e+01 8.2764e-19 8.2764e-19 [ 1.2833e-55 1.8719e-32 9.2974e-24 6.8584e-19 1.4179e-19 ] 1.0000e+00
 6.041e+01 7.3373e-19 7.3373e-19 [ 8.7560e-56 1.5156e-32 8.0153e-24 6.0779e-19 1.2593e-19 ] 1.0000e+00
 6.052e+01 6.5040e-19 6.5040e-19 [ 5.9711e-56 1.2266e-32 6.9085e-24 5.3856e-19 1.1184e-19 ] 1.0000e+00
 6.063e+01 5.7647e-19 5.7647e-19 [ 4.0700e-56 9.9238e-33 5.9534e-24 4.7716e-19 9.9305e-20 ] 1.0000e+00
 6.075e+01 5.1088e-19 5.1088e-19 [ 2.7727e-56 8.0261e-33 5.1292e-24 4.2270e-19 8.8168e-20 ] 1.0000e+00
 6.086e+01 4.5269e-19 4.5269e-19 [ 1.8880e-56 6.4890e-33 4.4182e-24 3.7442e-19 7.8270e-20 ] 1.0000e+00
 6.097e+01 4.0108e-19 4.0108e-19 [ 1.2849e-56 5.2445e-33 3.8050e-24 3.3160e-19 6.9475e-20 ] 1.0000e+00
 6.109e+01 3.5532e-19 3.5532e-19 [ 8.7404e-57 4.2371e-33 3.2762e-24 2.9365e-19 6.1661e-20 ] 1.0000e+00
 6.120e+01 3.1473e-19 3.1473e-19 [ 5.9425e-57 3.4221e-33 2.8203e-24 2.6001e-19 5.4719e-20 ] 1.0000e+00
 6.131e+01 2.7875e-19 2.7875e-19 [ 4.0383e-57 2.7629e-33 2.4273e-24 2.3019e-19 4.8553e-20 ] 1.0000e+00
 6.143e+01 2.4685e-19 2.4685e-19 [ 2.7428e-57 2.2299e-33 2.0887e-24 2.0377e-19 4.3076e-20 ] 1.0000e+00
 6.154e+01 2.1857e-19 2.1857e-19 [ 1.8620e-57 1.7991e-33 1.7969e-24 1.8036e-19 3.8213e-20 ] 1.0000e+00
 6.165e+01 1.9351e-19 1.9351e-19 [ 1.2635e-57 1.4510e-33 1.5455e-24 1.5962e-19 3.3894e-20 ] 1.0000e+00
 6.177e+01 1.7130e-19 1.7130e-19 [ 8.5688e-58 1.1698e-33 1.3291e-24 1.4124e-19 3.0060e-20 ] 1.0000e+00
 6.188e+01 1.5162e-19 1.5162e-19 [ 5.8085e-58 9.4283e-34 1.1427e-24 1.2497e-19 2.6656e-20 ] 1.0000e+00
 6.199e+01 1.3419e-19 1.3419e-19 [ 3.9354e-58 7.5961e-34 9.8222e-25 1.1055e-19 2.3635e-20 ] 1.0000e+00
 6.211e+01 1.1874e-19 1.1874e-19 [ 2.6651e-58 6.1179e-34 8.4412e-25 9.7789e-20 2.0954e-20 ] 1.0000e+00
 6.222e+01 1.0506e-19 1.0506e-19 [ 1.8039e-58 4.9256e-34 7.2528e-25 8.6488e-20 1.8575e-20 ] 1.0000e+00
 6.233e+01 9.2947e-20 9.2947e-20 [ 1.2204e-58 3.9643e-34 6.2304e-25 7.6483e-20 1.6463e-20 ] 1.0000e+00
 6.245e+01 8.2218e-20 8.2218e-20 [ 8.2523e-59 3.1895e-34 5.3510e-25 6.7627e-20 1.4590e-20 ] 1.0000e+00
 6.256e+01 7.2718e-20 7.2718e-20 [ 5.5775e-59 2.5652e-34 4.5947e-25 5.9789e-20 1.2928e-20 ] 1.0000e+00
 6.267e+01 6.4307e-20 6.4307e-20 [ 3.7678e-59 2.0624e-34 3.9445e-25 5.2852e-20 1.1455e-20 ] 1.0000e+00
 6.279e+01 5.6862e-20 5.6862e-20 [ 2.5441e-59 1.6575e-34 3.3856e-25 4.6714e-20 1.0148e-20 ] 1.0000e+00
 6.290e+01 5.0272e-20 5.0272e-20 [ 1.7170e-59 1.3317e-34 2.9052e-25 4.1284e-20 8.9885e-21 ] 1.0000e+00
 6.301e+01 4.4441e-20 4.4441e-20 [ 1.1582e-59 1.0696e-34 2.4925e-25 3.6480e-20 7.9609e-21 ] 1.0000e+00
 6.313e+01 3.9281e-20 3.9281e-20 [ 7.8090e-60 8.5872e-35 2.1380e-25 3.2231e-20 7.0498e-21 ] 1.0000e+00
 6.324e+01 3.4715e-20 3.4715e-20 [ 5.2626e-60 6.8920e-35 1.8335e-25 2.8473e-20 6.2422e-21 ] 1.0000e+00
 6.335e+01 3.0677e-20 3.0677e-20 [ 3.5448e-60 5.5295e-35 1.5720e-25 2.5150e-20 5.5264e-21 ] 1.0000e+00
 6.347e+01 2.7104e-20 2.7104e-20 [ 2.3866e-60 4.4348e-35 1.3475e-25 2.2212e-20 4.8921e-21 ] 1.0000e+00
 6.358e+01 2.3945e-20 2.3945e-20 [ 1.6060e-60 3.5555e-35 1.1549e-25 1.9615e-20 4.3300e-21 ] 1.0000e+00
 6.369e+01 2.1151e-20 2.1151e-20 [ 1.0803e-60 2.8496e-35 9.8953e-26 1.7319e-20 3.8321e-21 ] 1.0000e+00
 6.381e+01 1.8680e-20 1.8680e-20 [ 7.2626e-61 2.2831e-35 8.4769e-26 1.5289e-20 3.3909e-21 ] 1.0000e+00
 6.392e+01 1.6496e-20 1.6496e-20 [ 4.8804e-61 1.8285e-35 7.2602e-26 1.3496e-20 3.0002e-21 ] 1.0000e+00
 6.403e+01 1.4566e-20 1.4566e-20 [ 3.2780e-61 1.4640e-35 6.2168e-26 1.1912e-20 2.6541e-21 ] 1.0000e+00
 6.415e+01 1.2860e-20 1.2860e-20 [ 2.2007e-61 1.1717e-35 5.3223e-26 1.0512e-20 2.3477e-21 ] 1.0000e+00
 6.426e+01 1.1352e-20 1.1352e-20 [ 1.4767e-61 9.3742e-36 4.5554e-26 9.2753e-21 2.0763e-21 ] 1.0000e+00
 6.437e+01 1.0019e-20 1.0019e-20 [ 9.9046e-62 7.4974e-36 3.8982e-26 8.1831e-21 1.8361e-21 ] 1.0000e+00
 6.449e+01 8.8421e-21 8.8421e-21 [ 6.6400e-62 5.9942e-36 3.3351e-26 7.2185e-21 1.6235e-21 ] 1.0000e+00
 6.460e+01 7.8022e-21 7.8022e-21 [ 4.4494e-62 4.7907e-36 2.8528e-26 6.3668e-21 1.4353e-21 ] 1.0000e+00
 6.471e+01 6.8837e-21 6.8837e-21 [ 2.9801e-62 3.8275e-36 2.4396e-26 5.6149e-21 1.2687e-21 ] 1.0000e+00
 6.483e+01 6.0725e-21 6.0725e-21 [ 1.9951e-62 3.0569e-36 2.0859e-26 4.9511e-21 1.1214e-21 ] 1.0000e+00
 6.494e+01 5.3562e-21 5.3562e-21 [ 1.3350e-62 2.4406e-36 1.7830e-26 4.3651e-21 9.9100e-22 ] 1.0000e+00
 6.505e+01 4.7237e-21 4.7237e-21 [ 8.9290e-63 1.9479e-36 1.5238e-26 3.8481e-21 8.7566e-22 ] 1.0000e+00
 6.517e+01 4.1654e-21 4.1654e-21 [ 5.9693e-63 1.5541e-36 1.3020e-26 3.3917e-21 7.7365e-22 ] 1.0000e+00
 6.528e+01 3.6726e-21 3.6726e-21 [ 3.9888e-63 1.2395e-36 1.1123e-26 2.9892e-21 6.8343e-22 ] 1.0000e+00
 6.539e+01 3.2376e-21 3.2376e-21 [ 2.6642e-63 9.8819e-37 9.4995e-27 2.6340e-21 6.0365e-22 ] 1.0000e+00
 6.551e+01 2.8538e-21 2.8538e-21 [ 1.7786e-63 7.8758e-37 8.1115e-27 2.3207e-21 5.3311e-22 ] 1.0000e+00
 6.562e+01 2.5152e-21 2.5152e-21 [ 1.1869e-63 6.2748e-37 6.9248e-27 2.0444e-21 4.7075e-22 ] 1.0000e+00
 6.573e+01 2.2164e-21 2.2164e-21 [ 7.9165e-64 4.9975e-37 5.9104e-27 1.8008e-21 4.1563e-22 ] 1.0000e+00
 6.585e+01 1.9529e-21 1.9529e-21 [ 5.2779e-64 3.9788e-37 5.0435e-27 1.5859e-21 3.6692e-22 ] 1.0000e+00
 6.596e+01 1.7204e-21 1.7204e-21 [ 3.5171e-64 3.1666e-37 4.3028e-27 1.3965e-21 3.2387e-22 ] 1.0000e+00
 6.607e+01 1.5154e-21 1.5154e-21 [ 2.3427e-64 2.5194e-37 3.6701e-27 1.2296e-21 2.8584e-22 ] 1.0000e+00
 6.619e+01 1.3347e-21 1.3347e-21 [ 1.5597e-64 2.0037e-37 3.1297e-27 1.0825e-21 2.5223e-22 ] 1.0000e+00
 6.630e+01 1.1754e-21 1.1754e-21 [ 1.0380e-64 1.5931e-37 2.6684e-27 9.5282e-22 2.2255e-22 ] 1.0000e+00
 6.641e+01 1.0349e-21 1.0349e-21 [ 6.9044e-65 1.2661e-37 2.2745e-27 8.3857e-22 1.9633e-22 ] 1.0000e+00
 6.653e+01 9.1111e-22 9.1111e-22 [ 4.5906e-65 1.0059e-37 1.9383e-27 7.3793e-22 1.7318e-22 ] 1.0000e+00
 6.664e+01 8.0201e-22 8.0201e-22 [ 3.0509e-65 7.9890e-38 1.6515e-27 6.4927e-22 1.5274e-22 ] 1.0000e+00
 6.675e+01 7.0588e-22 7.0588e-22 [ 2.0267e-65 6.3428e-38 1.4068e-27 5.7118e-22 1.3469e-22 ] 1.0000e+00
 6.687e+01 6.2118e-22 6.2118e-22 [ 1.3457e-65 5.0340e-38 1.1981e-27 5.0242e-22 1.1876e-22 ] 1.0000e+00
 6.698e+01 5.4658e-22 5.4658e-22 [ 8.9312e-66 3.9939e-38 1.0201e-27 4.4187e-22 1.0470e-22 ] 1.0000e+00
 6.709e+01 4.8086e-22 4.8086e-22 [ 5.9249e-66 3.1675e-38 8.6843e-28 3.8857e-22 9.2292e-23 ] 1.0000e+00
 6.721e+01 4.2299e-22 4.2299e-22 [ 3.9289e-66 2.5113e-38 7.3911e-28 3.4165e-22 8.1343e-23 ] 1.0000e+00
 6.732e+01 3.7203e-22 3.7203e-22 [ 2.6041e-66 1.9903e-38 6.2890e-28 3.0035e-22 7.1683e-23 ] 1.0000e+00
 6.743e+01 3.2717e-22 3.2717e-22 [ 1.7253e-66 1.5769e-38 5.3502e-28 2.6401e-22 6.3161e-23 ] 1.0000e+00
 6.755e+01 2.8767e-22 2.8767e-22 [ 1.1425e-66 1.2489e-38 4.5504e-28 2.3203e-22 5.5645e-23 ] 1.0000e+00
 6.766e+01 2.5291e-22 2.5291e-22 [ 7.5627e-67 9.8876e-39 3.8694e-28 2.0390e-22 4.9016e-23 ] 1.0000e+00
 6.777e+01 2.2232e-22 2.2232e-22 [ 5.0038e-67 7.8255e-39 3.2896e-28 1.7915e-22 4.3171e-23 ] 1.0000e+00
 6.789e+01 1.9540e-22 1.9540e-22 [ 3.3093e-67 6.1912e-39 2.7960e-28 1.5738e-22 3.8018e-23 ] 1.0000e+00
 6.800e+01 1.7172e-22 1.7172e-22 [ 2.1877e-67 4.8966e-39 2.3760e-28 1.3824e-22 3.3475e-23 ] 1.0000e+00
 6.811e+01 1.5088e-22 1.5088e-22 [ 1.4456e-67 3.8713e-39 2.0186e-28 1.2141e-22 2.9471e-23 ] 1.0000e+00
 6.823e+01 1.3256e-22 1.3256e-22 [ 9.5479e-68 3.0596e-39 1.7146e-28 1.0662e-22 2.5942e-23 ] 1.0000e+00
 6.834e+01 1.1644e-22 1.1644e-22 [ 6.3036e-68 2.4173e-39 1.4560e-28 9.3609e-23 2.2833e-23 ] 1.0000e+00
 6.845e+01 1.0227e-22 1.0227e-22 [ 4.1598e-68 1.9091e-39 1.2362e-28 8.2178e-23 2.0093e-23 ] 1.0000e+00
 6.857e+01 8.9812e-23 8.9812e-23 [ 2.7440e-68 1.5073e-39 1.0493e-28 7.2132e-23 1.7680e-23 ] 1.0000e+00
 6.868e+01 7.8860e-23 7.8860e-23 [ 1.8092e-68 1.1896e-39 8.9050e-29 6.3306e-23 1.5554e-23 ] 1.0000e+00
 6.879e+01 6.9233e-23 6.9233e-23 [ 1.1924e-68 9.3853e-40 7.5555e-29 5.5551e-23 1.3682e-23 ] 1.0000e+00
 6.891e+01 6.0773e-23 6.0773e-23 [ 7.8555e-69 7.4020e-40 6.4091e-29 4.8739e-23 1.2034e-23 ] 1.0000e+00
 6.902e+01 5.3339e-23 5.3339e-23 [ 5.1729e-69 5.8358e-40 5.4354e-29 4.2757e-23 1.0582e-23 ] 1.0000e+00
 6.913e+01 4.6808e-23 4.6808e-23 [ 3.4049e-69 4.5993e-40 4.6086e-29 3.7503e-23 9.3049e-24 ] 1.0000e+00
 6.925e+01 4.1071e-23 4.1071e-23 [ 2.2402e-69 3.6236e-40 3.9067e-29 3.2891e-23 8.1804e-24 ] 1.0000e+00
 6.936e+01 3.6032e-23 3.6032e-23 [ 1.4733e-69 2.8539e-40 3.3110e-29 2.8841e-23 7.1907e-24 ] 1.0000e+00
 6.947e+01 3.1606e-23 3.1606e-23 [ 9.6855e-70 2.2469e-40 2.8055e-29 2.5286e-23 6.3199e-24 ] 1.0000e+00
 6.959e+01 2.7720e-23 2.7720e-23 [ 6.3644e-70 1.7684e-40 2.3766e-29 2.2167e-23 5.5538e-24 ] 1.0000e+00
 6.970e+01 2.4309e-23 2.4309e-23 [ 4.1803e-70 1.3913e-40 2.0128e-29 1.9429e-23 4.8798e-24 ] 1.0000e+00
 6.981e+01 2.1314e-23 2.1314e-23 [ 2.7446e-70 1.0942e-40 1.7044e-29 1.7027e-23 4.2870e-24 ] 1.0000e+00
 6.993e+01 1.8685e-23 1.8685e-23 [ 1.8012e-70 8.6027e-41 1.4429e-29 1.4920e-23 3.7657e-24 ] 1.0000e+00
 7.004e+01 1.6379e-23 1.6379e-23 [ 1.1816e-70 6.7611e-41 1.2212e-29 1.3071e-23 3.3073e-24 ] 1.0000e+00
 7.015e+01 1.4355e-23 1.4355e-23 [ 7.7483e-71 5.3119e-41 1.0334e-29 1.1450e-23 2.9043e-24 ] 1.0000e+00
 7.027e+01 1.2579e-23 1.2579e-23 [ 5.0787e-71 4.1719e-41 8.7421e-30 1.0029e-23 2.5500e-24 ] 1.0000e+00
 7.038e+01 1.1021e-23 1.1021e-23 [ 3.3275e-71 3.2754e-41 7.3941e-30 8.7826e-24 2.2386e-24 ] 1.0000e+00
 7.049e+01 9.6551e-24 9.6551e-24 [ 2.1792e-71 2.5707e-41 6.2526e-30 7.6901e-24 1.9650e-24 ] 1.0000e+00
 7.061e+01 8.4571e-24 8.4571e-24 [ 1.4266e-71 2.0168e-41 5.2861e-30 6.7325e-24 1.7245e-24 ] 1.0000e+00
 7.072e+01 7.4066e-24 7.4066e-24 [ 9.3355e-72 1.5818e-41 4.4680e-30 5.8933e-24 1.5133e-24 ] 1.0000e+00
 7.083e+01 6.4857e-24 6.4857e-24 [ 6.1064e-72 1.2402e-41 3.7757e-30 5.1579e-24 1.3277e-24 ] 1.0000e+00
 7.095e+01 5.6784e-24 5.6784e-24 [ 3.9926e-72 9.7196e-42 3.1899e-30 4.5136e-24 1.1648e-24 ] 1.0000e+00
 7.106e+01 4.9709e-24 4.9709e-24 [ 2.6094e-72 7.6150e-42 2.6944e-30 3.9492e-24 1.0216e-24 ] 1.0000e+00
 7.117e+01 4.3509e-24 4.3509e-24 [ 1.7048e-72 5.9641e-42 2.2753e-30 3.4549e-24 8.9598e-25 ] 1.0000e+00
 7.129e+01 3.8077e-24 3.8077e-24 [ 1.1133e-72 4.6694e-42 1.9210e-30 3.0220e-24 7.8566e-25 ] 1.0000e+00
 7.140e+01 3.3318e-24 3.3318e-24 [ 7.2671e-73 3.6545e-42 1.6215e-30 2.6430e-24 6.8882e-25 ] 1.0000e+00
 7.151e+01 2.9150e-24 2.9150e-24 [ 4.7418e-73 2.8592e-42 1.3684e-30 2.3111e-24 6.0383e-25 ] 1.0000e+00
 7.163e+01 2.5499e-24 2.5499e-24 [ 3.0928e-73 2.2362e-42 1.1545e-30 2.0207e-24 5.2924e-25 ] 1.0000e+00
 7.174e+01 2.2302e-24 2.2302e-24 [ 2.0164e-73 1.7483e-42 9.7388e-31 1.7664e-24 4.6380e-25 ] 1.0000e+00
 7.185e+01 1.9503e-24 1.9503e-24 [ 1.3141e-73 1.3664e-42 8.2130e-31 1.5440e-24 4.0640e-25 ] 1.0000e+00
 7.197e+01 1.7053e-24 1.7053e-24 [ 8.5611e-74 1.0676e-42 6.9247e-31 1.3493e-24 3.5604e-25 ] 1.0000e+00
 7.208e+01 1.4909e-24 1.4909e-24 [ 5.5749e-74 8.3381e-43 5.8372e-31 1.1790e-24 3.1188e-25 ] 1.0000e+00
 7.219e+01 1.3032e-24 1.3032e-24 [ 3.6289e-74 6.5099e-43 4.9193e-31 1.0300e-24 2.7316e-25 ] 1.0000e+00
 7.231e+01 1.1390e-24 1.1390e-24 [ 2.3612e-74 5.0808e-43 4.1449e-31 8.9978e-25 2.3920e-25 ] 1.0000e+00
 7.242e+01 9.9531e-25 9.9531e-25 [ 1.5358e-74 3.9641e-43 3.4915e-31 7.8587e-25 2.0944e-25 ] 1.0000e+00
 7.253e+01 8.6963e-25 8.6963e-25 [ 9.9848e-75 3.0917e-43 2.9405e-31 6.8627e-25 1.8336e-25 ] 1.0000e+00
 7.265e+01 7.5971e-25 7.5971e-25 [ 6.4891e-75 2.4105e-43 2.4759e-31 5.9921e-25 1.6049e-25 ] 1.0000e+00
 7.276e+01 6.6358e-25 6.6358e-25 [ 4.2156e-75 1.8787e-43 2.0842e-31 5.2312e-25 1.4046e-25 ] 1.0000e+00
 7.287e+01 5.7953e-25 5.7953e-25 [ 2.7375e-75 1.4638e-43 1.7541e-31 4.5662e-25 1.2291e-25 ] 1.0000e+00
 7.299e+01 5.0605e-25 5.0605e-25 [ 1.7770e-75 1.1400e-43 1.4759e-31 3.9851e-25 1.0754e-25 ] 1.0000e+00
 7.310e+01 4.4182e-25 4.4182e-25 [ 1.1531e-75 8.8761e-44 1.2416e-31 3.4774e-25 9.4073e-26 ] 1.0000e+00
 7.321e+01 3.8568e-25 3.8568e-25 [ 7.4790e-76 6.9084e-44 1.0442e-31 3.0340e-25 8.2282e-26 ] 1.0000e+00
 7.333e+01 3.3663e-25 3.3663e-25 [ 4.8491e-76 5.3750e-44 8.7805e-32 2.6467e-25 7.1958e-26 ] 1.0000e+00
 7.344e+01 2.9377e-25 2.9377e-25 [ 3.1428e-76 4.1805e-44 7.3813e-32 2.3085e-25 6.2920e-26 ] 1.0000e+00
 7.355e+01 2.5633e-25 2.5633e-25 [ 2.0361e-76 3.2503e-44 6.2037e-32 2.0132e-25 5.5009e-26 ] 1.0000e+00
 7.367e+01 2.2363e-25 2.2363e-25 [ 1.3186e-76 2.5263e-44 5.2128e-32 1.7554e-25 4.8085e-26 ] 1.0000e+00
 7.378e+01 1.9507e-25 1.9507e-25 [ 8.5360e-77 1.9628e-44 4.3792e-32 1.5304e-25 4.2027e-26 ] 1.0000e+00
 7.389e+01 1.7013e-25 1.7013e-25 [ 5.5237e-77 1.5245e-44 3.6780e-32 1.3340e-25 3.6726e-26 ] 1.0000e+00
 7.401e+01 1.4836e-25 1.4836e-25 [ 3.5731e-77 1.1836e-44 3.0884e-32 1.1627e-25 3.2089e-26 ] 1.0000e+00
 7.412e+01 1.2935e-25 1.2935e-25 [ 2.3104e-77 9.1868e-45 2.5928e-32 1.0132e-25 2.8033e-26 ] 1.0000e+00
 7.423e+01 1.1276e-25 1.1276e-25 [ 1.4934e-77 7.1279e-45 2.1761e-32 8.8276e-26 2.4486e-26 ] 1.0000e+00
 7.435e+01 9.8286e-26 9.8286e-26 [ 9.6488e-78 5.5285e-45 1.8260e-32 7.6902e-26 2.1384e-26 ] 1.0000e+00
 7.446e+01 8.5656e-26 8.5656e-26 [ 6.2319e-78 4.2865e-45 1.5319e-32 6.6983e-26 1.8673e-26 ] 1.0000e+00
 7.457e+01 7.4637e-26 7.4637e-26 [ 4.0234e-78 3.3224e-45 1.2849e-32 5.8334e-26 1.6303e-26 ] 1.0000e+00
 7.469e+01 6.5026e-26 6.5026e-26 [ 2.5966e-78 2.5742e-45 1.0774e-32 5.0795e-26 1.4231e-26 ] 1.0000e+00
 7.480e+01 5.6644e-26 5.6644e-26 [ 1.6752e-78 1.9938e-45 9.0327e-33 4.4223e-26 1.2421e-26 ] 1.0000e+00
 7.491e+01 4.9335e-26 4.9335e-26 [ 1.0803e-78 1.5438e-45 7.5708e-33 3.8495e-26 1.0840e-26 ] 1.0000e+00
 7.503e+01 4.2962e-26 4.2962e-26 [ 6.9641e-79 1.1949e-45 6.3441e-33 3.3504e-26 9.4581e-27 ] 1.0000e+00
 7.514e+01 3.7407e-26 3.7407e-26 [ 4.4877e-79 9.2452e-46 5.3150e-33 2.9156e-26 8.2513e-27 ] 1.0000e+00
 7.525e+01 3.2565e-26 3.2565e-26 [ 2.8908e-79 7.1509e-46 4.4517e-33 2.5368e-26 7.1974e-27 ] 1.0000e+00
 7.537e+01 2.8346e-26 2.8346e-26 [ 1.8614e-79 5.5291e-46 3.7278e-33 2.2069e-26 6.2771e-27 ] 1.0000e+00
 7.548e+01 2.4669e-26 2.4669e-26 [ 1.1982e-79 4.2736e-46 3.1209e-33 1.9195e-26 5.4736e-27 ] 1.0000e+00
 7.559e+01 2.1466e-26 2.1466e-26 [ 7.7093e-80 3.3021e-46 2.6123e-33 1.6694e-26 4.7723e-27 ] 1.0000e+00
 7.571e+01 1.8676e-26 1.8676e-26 [ 4.9586e-80 2.5505e-46 2.1860e-33 1.4516e-26 4.1601e-27 ] 1.0000e+00
 7.582e+01 1.6246e-26 1.6246e-26 [ 3.1882e-80 1.9693e-46 1.8288e-33 1.2620e-26 3.6260e-27 ] 1.0000e+00
 7.593e+01 1.4130e-26 1.4130e-26 [ 2.0491e-80 1.5201e-46 1.5297e-33 1.0970e-26 3.1599e-27 ] 1.0000e+00
 7.605e+01 1.2288e-26 1.2288e-26 [ 1.3165e-80 1.1729e-46 1.2792e-33 9.5348e-27 2.7533e-27 ] 1.0000e+00
 7.616e+01 1.0684e-26 1.0684e-26 [ 8.4551e-81 9.0469e-47 1.0695e-33 8.2857e-27 2.3987e-27 ] 1.0000e+00
 7.627e+01 9.2885e-27 9.2885e-27 [ 5.4282e-81 6.9757e-47 8.9391e-34 7.1992e-27 2.0894e-27 ] 1.0000e+00
 7.639e+01 8.0738e-27 8.0738e-27 [ 3.4837e-81 5.3769e-47 7.4701e-34 6.2541e-27 1.8197e-27 ] 1.0000e+00
 7.650e+01 7.0168e-27 7.0168e-27 [ 2.2349e-81 4.1431e-47 6.2410e-34 5.4323e-27 1.5845e-27 ] 1.0000e+00
 7.661e+01 6.0973e-27 6.0973e-27 [ 1.4332e-81 3.1913e-47 5.2130e-34 4.7177e-27 1.3796e-27 ] 1.0000e+00
 7.673e+01 5.2974e-27 5.2974e-27 [ 9.1880e-82 2.4573e-47 4.3533e-34 4.0965e-27 1.2009e-27 ] 1.0000e+00
 7.684e+01 4.6018e-27 4.6018e-27 [ 5.8879e-82 1.8915e-47 3.6345e-34 3.5565e-27 1.0453e-27 ] 1.0000e+00
 7.695e+01 3.9968e-27 3.9968e-27 [ 3.7718e-82 1.4555e-47 3.0337e-34 3.0872e-27 9.0964e-28 ] 1.0000e+00
 7.707e+01 3.4709e-27 3.4709e-27 [ 2.4153e-82 1.1196e-47 2.5316e-34 2.6794e-27 7.9149e-28 ] 1.0000e+00
 7.718e+01 3.0137e-27 3.0137e-27 [ 1.5461e-82 8.6087e-48 2.1122e-34 2.3251e-27 6.8857e-28 ] 1.0000e+00
 7.729e+01 2.6163e-27 2.6163e-27 [ 9.8935e-83 6.6173e-48 1.7618e-34 2.0174e-27 5.9894e-28 ] 1.0000e+00
 7.741e+01 2.2710e-27 2.2710e-27 [ 6.3285e-83 5.0849e-48 1.4692e-34 1.7501e-27 5.2089e-28 ] 1.0000e+00
 7.752e+01 1.9709e-27 1.9709e-27 [ 4.0467e-83 3.9059e-48 1.2249e-34 1.5179e-27 4.5295e-28 ] 1.0000e+00
 7.763e+01 1.7102e-27 1.7102e-27 [ 2.5867e-83 2.9993e-48 1.0210e-34 1.3164e-27 3.9380e-28 ] 1.0000e+00
 7.775e+01 1.4838e-27 1.4838e-27 [ 1.6528e-83 2.3023e-48 8.5087e-35 1.1414e-27 3.4233e-28 ] 1.0000e+00
 7.786e+01 1.2871e-27 1.2871e-27 [ 1.0557e-83 1.7667e-48 7.0891e-35 9.8957e-28 2.9753e-28 ] 1.0000e+00
 7.797e+01 1.1163e-27 1.1163e-27 [ 6.7410e-84 1.3552e-48 5.9049e-35 8.5777e-28 2.5856e-28 ] 1.0000e+00
 7.809e+01 9.6806e-28 9.6806e-28 [ 4.3027e-84 1.0392e-48 4.9175e-35 7.4341e-28 2.2465e-28 ] 1.0000e+00
 7.820e+01 8.3936e-28 8.3936e-28 [ 2.7454e-84 7.9663e-49 4.0942e-35 6.4419e-28 1.9516e-28 ] 1.0000e+00
 7.831e+01 7.2765e-28 7.2765e-28 [ 1.7511e-84 6.1046e-49 3.4079e-35 5.5813e-28 1.6952e-28 ] 1.0000e+00
 7.843e+01 6.3071e-28 6.3071e-28 [ 1.1165e-84 4.6764e-49 2.8360e-35 4.8349e-28 1.4722e-28 ] 1.0000e+00
 7.854e+01 5.4660e-28 5.4660e-28 [ 7.1164e-85 3.5810e-49 2.3596e-35 4.1876e-28 1.2783e-28 ] 1.0000e+00
 7.865e+01 4.7363e-28 4.7363e-28 [ 4.5342e-85 2.7413e-49 1.9627e-35 3.6264e-28 1.1098e-28 ] 1.0000e+00
 7.877e+01 4.1033e-28 4.1033e-28 [ 2.8880e-85 2.0978e-49 1.6322e-35 3.1399e-28 9.6339e-29 ] 1.0000e+00
 7.888e+01 3.5544e-28 3.5544e-28 [ 1.8388e-85 1.6048e-49 1.3570e-35 2.7183e-28 8.3613e-29 ] 1.0000e+00
 7.899e+01 3.0784e-28 3.0784e-28 [ 1.1703e-85 1.2272e-49 1.1280e-35 2.3529e-28 7.2557e-29 ] 1.0000e+00
 7.911e+01 2.6658e-28 2.6658e-28 [ 7.4463e-86 9.3815e-50 9.3740e-36 2.0362e-28 6.2952e-29 ] 1.0000e+00
 7.922e+01 2.3081e-28 2.3081e-28 [ 4.7361e-86 7.1693e-50 7.7883e-36 1.7620e-28 5.4611e-29 ] 1.0000e+00
 7.933e+01 1.9980e-28 1.9980e-28 [ 3.0112e-86 5.4769e-50 6.4693e-36 1.5244e-28 4.7367e-29 ] 1.0000e+00
 7.945e+01 1.7294e-28 1.7294e-28 [ 1.9139e-86 4.1826e-50 5.3724e-36 1.3186e-28 4.1077e-29 ] 1.0000e+00
 7.956e+01 1.4966e-28 1.4966e-28 [ 1.2160e-86 3.1930e-50 4.4605e-36 1.1404e-28 3.5617e-29 ] 1.0000e+00
 7.967e+01 1.2950e-28 1.2950e-28 [ 7.7231e-87 2.4367e-50 3.7025e-36 9.8618e-29 3.0877e-29 ] 1.0000e+00
 7.979e+01 1.1203e-28 1.1203e-28 [ 4.9035e-87 1.8589e-50 3.0726e-36 8.5265e-29 2.6764e-29 ] 1.0000e+00
 7.990e+01 9.6904e-29 9.6904e-29 [ 3.1122e-87 1.4177e-50 2.5493e-36 7.3709e-29 2.3195e-29 ] 1.0000e+00
 8.001e+01 8.3807e-29 8.3807e-29 [ 1.9746e-87 1.0808e-50 2.1146e-36 6.3708e-29 2.0099e-29 ] 1.0000e+00
 8.013e+01 7.2469e-29 7.2469e-29 [ 1.2524e-87 8.2365e-51 1.7536e-36 5.5055e-29 1.7414e-29 ] 1.0000e+00
 8.024e+01 6.2654e-29 6.2654e-29 [ 7.9404e-88 6.2749e-51 1.4539e-36 4.7570e-29 1.5084e-29 ] 1.0000e+00
 8.035e+01 5.4160e-29 5.4160e-29 [ 5.0327e-88 4.7788e-51 1.2052e-36 4.1096e-29 1.3064e-29 ] 1.0000e+00
 8.047e+01 4.6811e-29 4.6811e-29 [ 3.1886e-88 3.6381e-51 9.9873e-37 3.5497e-29 1.1313e-29 ] 1.0000e+00
 8.058e+01 4.0452e-29 4.0452e-29 [ 2.0196e-88 2.7688e-51 8.2746e-37 3.0656e-29 9.7952e-30 ] 1.0000e+00
 8.069e+01 3.4951e-29 3.4951e-29 [ 1.2787e-88 2.1065e-51 6.8541e-37 2.6471e-29 8.4795e-30 ] 1.0000e+00
 8.081e+01 3.0193e-29 3.0193e-29 [ 8.0931e-89 1.6020e-51 5.6761e-37 2.2854e-29 7.3393e-30 ] 1.0000e+00
 8.092e+01 2.6079e-29 2.6079e-29 [ 5.1205e-89 1.2180e-51 4.6994e-37 1.9728e-29 6.3514e-30 ] 1.0000e+00
 8.103e+01 2.2522e-29 2.2522e-29 [ 3.2387e-89 9.2565e-52 3.8899e-37 1.7026e-29 5.4956e-30 ] 1.0000e+00
 8.115e+01 1.9447e-29 1.9447e-29 [ 2.0477e-89 7.0325e-52 3.2191e-37 1.4692e-29 4.7543e-30 ] 1.0000e+00
 8.126e+01 1.6789e-29 1.6789e-29 [ 1.2942e-89 5.3411e-52 2.6634e-37 1.2676e-29 4.1124e-30 ] 1.0000e+00
 8.137e+01 1.4492e-29 1.4492e-29 [ 8.1774e-90 4.0550e-52 2.2030e-37 1.0935e-29 3.5565e-30 ] 1.0000e+00
 8.149e+01 1.2507e-29 1.2507e-29 [ 5.1649e-90 3.0776e-52 1.8219e-37 9.4315e-30 3.0753e-30 ] 1.0000e+00
 8.160e+01 1.0792e-29 1.0792e-29 [ 3.2611e-90 2.3349e-52 1.5063e-37 8.1334e-30 2.6587e-30 ] 1.0000e+00
 8.171e+01 9.3110e-30 9.3110e-30 [ 2.0583e-90 1.7709e-52 1.2451e-37 7.0128e-30 2.2982e-30 ] 1.0000e+00
 8.183e+01 8.0319e-30 8.0319e-30 [ 1.2987e-90 1.3426e-52 1.0289e-37 6.0456e-30 1.9863e-30 ] 1.0000e+00
 8.194e+01 6.9274e-30 6.9274e-30 [ 8.1913e-91 1.0176e-52 8.5007e-38 5.2109e-30 1.7164e-30 ] 1.0000e+00
 8.205e+01 5.9737e-30 5.9737e-30 [ 5.1648e-91 7.7095e-53 7.0216e-38 4.4908e-30 1.4830e-30 ] 1.0000e+00
 8.217e+01 5.1506e-30 5.1506e-30 [ 3.2554e-91 5.8390e-53 5.7985e-38 3.8695e-30 1.2811e-30 ] 1.0000e+00
 8.228e+01 4.4401e-30 4.4401e-30 [ 2.0512e-91 4.4208e-53 4.7874e-38 3.3336e-30 1.1065e-30 ] 1.0000e+00
 8.239e+01 3.8270e-30 3.8270e-30 [ 1.2920e-91 3.3459e-53 3.9516e-38 2.8715e-30 9.5549e-31 ] 1.0000e+00
 8.251e+01 3.2980e-30 3.2980e-30 [ 8.1347e-92 2.5315e-53 3.2610e-38 2.4731e-30 8.2499e-31 ] 1.0000e+00
 8.262e+01 2.8417e-30 2.8417e-30 [ 5.1202e-92 1.9146e-53 2.6904e-38 2.1295e-30 7.1220e-31 ] 1.0000e+00
 8.273e+01 2.4481e-30 2.4481e-30 [ 3.2217e-92 1.4476e-53 2.2192e-38 1.8334e-30 6.1472e-31 ] 1.0000e+00
 8.285e+01 2.1087e-30 2.1087e-30 [ 2.0264e-92 1.0941e-53 1.8300e-38 1.5782e-30 5.3050e-31 ] 1.0000e+00
 8.296e+01 1.8161e-30 1.8161e-30 [ 1.2742e-92 8.2661e-54 1.5088e-38 1.3583e-30 4.5775e-31 ] 1.0000e+00
 8.307e+01 1.5638e-30 1.5638e-30 [ 8.0089e-93 6.2431e-54 1.2436e-38 1.1689e-30 3.9490e-31 ] 1.0000e+00
 8.319e+01 1.3463e-30 1.3463e-30 [ 5.0323e-93 4.7136e-54 1.0248e-38 1.0057e-30 3.4063e-31 ] 1.0000e+00
 8.330e+01 1.1589e-30 1.1589e-30 [ 3.1609e-93 3.5575e-54 8.4432e-39 8.6513e-31 2.9377e-31 ] 1.0000e+00
 8.341e+01 9.9741e-31 9.9741e-31 [ 1.9847e-93 2.6841e-54 6.9545e-39 7.4410e-31 2.5331e-31 ] 1.0000e+00
 8.353e+01 8.5829e-31 8.5829e-31 [ 1.2458e-93 2.0243e-54 5.7269e-39 6.3990e-31 2.1839e-31 ] 1.0000e+00
 8.364e+01 7.3845e-31 7.3845e-31 [ 7.8170e-94 1.5262e-54 4.7149e-39 5.5019e-31 1.8825e-31 ] 1.0000e+00
 8.375e+01 6.3523e-31 6.3523e-31 [ 4.9032e-94 1.1503e-54 3.8808e-39 4.7299e-31 1.6225e-31 ] 1.0000e+00
 8.387e+01 5.4636e-31 5.4636e-31 [ 3.0744e-94 8.6664e-55 3.1935e-39 4.0655e-31 1.3981e-31 ] 1.0000e+00
 8.398e+01 4.6984e-31 4.6984e-31 [ 1.9271e-94 6.5270e-55 2.6273e-39 3.4938e-31 1.2046e-31 ] 1.0000e+00
 8.409e+01 4.0397e-31 4.0397e-31 [ 1.2075e-94 4.9140e-55 2.1610e-39 3.0021e-31 1.0376e-31 ] 1.0000e+00
 8.421e+01 3.4728e-31 3.4728e-31 [ 7.5634e-95 3.6983e-55 1.7770e-39 2.5791e-31 8.9371e-32 ] 1.0000e+00
 8.432e+01 2.9849e-31 2.9849e-31 [ 4.7359e-95 2.7824e-55 1.4609e-39 2.2153e-31 7.6961e-32 ] 1.0000e+00
 8.443e+01 2.5652e-31 2.5652e-31 [ 2.9643e-95 2.0925e-55 1.2008e-39 1.9026e-31 6.6263e-32 ] 1.0000e+00
 8.455e+01 2.2041e-31 2.2041e-31 [ 1.8548e-95 1.5731e-55 9.8671e-40 1.6337e-31 5.7043e-32 ] 1.0000e+00
 8.466e+01 1.8936e-31 1.8936e-31 [ 1.1602e-95 1.1823e-55 8.1062e-40 1.4026e-31 4.9098e-32 ] 1.0000e+00
 8.477e+01 1.6265e-31 1.6265e-31 [ 7.2542e-96 8.8818e-56 6.6579e-40 1.2040e-31 4.2252e-32 ] 1.0000e+00
 8.489e+01 1.3968e-31 1.3968e-31 [ 4.5342e-96 6.6701e-56 5.4671e-40 1.0333e-31 3.6354e-32 ] 1.0000e+00
 8.500e+01 1.1994e-31 1.1994e-31 [ 2.8331e-96 5.0073e-56 4.4882e-40 8.8668e-32 3.1275e-32 ] 1.0000e+00
 8.511e+01 1.0297e-31 1.0297e-31 [ 1.7696e-96 3.7576e-56 3.6837e-40 7.6074e-32 2.6901e-32 ] 1.0000e+00
 8.523e+01 8.8392e-32 8.8392e-32 [ 1.1049e-96 2.8188e-56 3.0227e-40 6.5258e-32 2.3135e-32 ] 1.0000e+00
 8.534e+01 7.5862e-32 7.5862e-32 [ 6.8964e-97 2.1138e-56 2.4797e-40 5.5970e-32 1.9892e-32 ] 1.0000e+00
 8.545e+01 6.5098e-32 6.5098e-32 [ 4.3029e-97 1.5845e-56 2.0337e-40 4.7996e-32 1.7101e-32 ] 1.0000e+00
 8.557e+01 5.5851e-32 5.5851e-32 [ 2.6838e-97 1.1873e-56 1.6676e-40 4.1151e-32 1.4700e-32 ] 1.0000e+00
 8.568e+01 4.7910e-32 4.7910e-32 [ 1.6733e-97 8.8939e-57 1.3670e-40 3.5277e-32 1.2633e-32 ] 1.0000e+00
 8.579e+01 4.1091e-32 4.1091e-32 [ 1.0429e-97 6.6595e-57 1.1204e-40 3.0236e-32 1.0855e-32 ] 1.0000e+00
 8.591e+01 3.5237e-32 3.5237e-32 [ 6.4977e-98 4.9846e-57 9.1800e-41 2.5911e-32 9.3262e-33 ] 1.0000e+00
 8.602e+01 3.0212e-32 3.0212e-32 [ 4.0469e-98 3.7296e-57 7.5200e-41 2.2201e-32 8.0111e-33 ] 1.0000e+00
 8.613e+01 2.5899e-32 2.5899e-32 [ 2.5195e-98 2.7895e-57 6.1587e-41 1.9019e-32 6.8802e-33 ] 1.0000e+00
 8.625e+01 2.2198e-32 2.2198e-32 [ 1.5681e-98 2.0856e-57 5.0425e-41 1.6290e-32 5.9080e-33 ] 1.0000e+00
 8.636e+01 1.9023e-32 1.9023e-32 [ 9.7553e-99 1.5587e-57 4.1277e-41 1.3951e-32 5.0724e-33 ] 1.0000e+00
 8.647e+01 1.6299e-32 1.6299e-32 [ 6.0669e-99 1.1645e-57 3.3779e-41 1.1945e-32 4.3542e-33 ] 1.0000e+00
 8.659e+01 1.3963e-32 1.3963e-32 [ 3.7716e-99 8.6962e-58 2.7637e-41 1.0226e-32 3.7370e-33 ] 1.0000e+00
 8.670e+01 1.1960e-32 1.1960e-32 [ 2.3438e-99 6.4918e-58 2.2606e-41 8.7532e-33 3.2068e-33 ] 1.0000e+00
 8.681e+01 1.0242e-32 1.0242e-32 [ 1.4560e-99 4.8443e-58 1.8486e-41 7.4910e-33 2.7514e-33 ] 1.0000e+00
 8.693e+01 8.7700e-33 8.7700e-33 [ 9.0416e-100 3.6135e-58 1.5114e-41 6.4098e-33 2.3602e-33 ] 1.0000e+00
 8.704e+01 7.5080e-33 7.5080e-33 [ 5.6126e-100 2.6944e-58 1.2353e-41 5.4837e-33 2.0243e-33 ] 1.0000e+00
 8.715e+01 6.4266e-33 6.4266e-33 [ 3.4827e-100 2.0082e-58 1.0094e-41 4.6906e-33 1.7359e-33 ] 1.0000e+00
 8.727e+01 5.5000e-33 5.5000e-33 [ 2.1603e-100 1.4962e-58 8.2465e-42 4.0116e-33 1.4884e-33 ] 1.0000e+00
 8.738e+01 4.7062e-33 4.7062e-33 [ 1.3395e-100 1.1143e-58 6.7351e-42 3.4303e-33 1.2759e-33 ] 1.0000e+00
 8.749e+01 4.0263e-33 4.0263e-33 [ 8.3021e-101 8.2956e-59 5.4994e-42 2.9327e-33 1.0936e-33 ] 1.0000e+00
 8.761e+01 3.4440e-33 3.4440e-33 [ 5.1438e-101 6.1732e-59 4.4892e-42 2.5069e-33 9.3715e-34 ] 1.0000e+00
 8.772e+01 2.9455e-33 2.9455e-33 [ 3.1857e-101 4.5920e-59 3.6636e-42 2.1425e-33 8.0296e-34 ] 1.0000e+00
 8.783e+01 2.5187e-33 2.5187e-33 [ 1.9723e-101 3.4144e-59 2.9891e-42 1.8308e-33 6.8787e-34 ] 1.0000e+00
 8.795e+01 2.1533e-33 2.1533e-33 [ 1.2205e-101 2.5377e-59 2.4381e-42 1.5642e-33 5.8918e-34 ] 1.0000e+00
 8.806e+01 1.8407e-33 1.8407e-33 [ 7.5505e-102 1.8854e-59 1.9882e-42 1.3361e-33 5.0456e-34 ] 1.0000e+00
 8.817e+01 1.5732e-33 1.5732e-33 [ 4.6690e-102 1.4001e-59 1.6208e-42 1.1412e-33 4.3202e-34 ] 1.0000e+00
 8.829e+01 1.3443e-33 1.3443e-33 [ 2.8861e-102 1.0393e-59 1.3210e-42 9.7447e-34 3.6985e-34 ] 1.0000e+00
 8.840e+01 1.1486e-33 1.1486e-33 [ 1.7833e-102 7.7120e-60 1.0764e-42 8.3199e-34 3.1657e-34 ] 1.0000e+00
 8.851e+01 9.8114e-34 9.8114e-34 [ 1.1014e-102 5.7199e-60 8.7678e-43 7.1022e-34 2.7092e-34 ] 1.0000e+00
 8.863e+01 8.3798e-34 8.3798e-34 [ 6.8000e-103 4.2406e-60 7.1401e-43 6.0617e-34 2.3181e-34 ] 1.0000e+00
 8.874e+01 7.1559e-34 7.1559e-34 [ 4.1966e-103 3.1425e-60 5.8129e-43 5.1728e-34 1.9831e-34 ] 1.0000e+00
 8.885e+01 6.1097e-34 6.1097e-34 [ 2.5889e-103 2.3278e-60 4.7311e-43 4.4135e-34 1.6963e-34 ] 1.0000e+00
 8.897e+01 5.2156e-34 5.2156e-34 [ 1.5964e-103 1.7235e-60 3.8495e-43 3.7649e-34 1.4507e-34 ] 1.0000e+00
 8.908e+01 4.4516e-34 4.4516e-34 [ 9.8400e-104 1.2755e-60 3.1313e-43 3.2112e-34 1.2404e-34 ] 1.0000e+00
 8.919e+01 3.7989e-34 3.7989e-34 [ 6.0628e-104 9.4358e-61 2.5463e-43 2.7384e-34 1.0605e-34 ] 1.0000e+00
 8.931e+01 3.2413e-34 3.2413e-34 [ 3.7340e-104 6.9771e-61 2.0700e-43 2.3348e-34 9.0647e-35 ] 1.0000e+00
 8.942e+01 2.7651e-34 2.7651e-34 [ 2.2987e-104 5.1567e-61 1.6823e-43 1.9904e-34 7.7469e-35 ] 1.0000e+00
 8.953e+01 2.3585e-34 2.3585e-34 [ 1.4145e-104 3.8095e-61 1.3668e-43 1.6965e-34 6.6196e-35 ] 1.0000e+00
 8.965e+01 2.0113e-34 2.0113e-34 [ 8.7009e-105 2.8130e-61 1.1102e-43 1.4457e-34 5.6554e-35 ] 1.0000e+00
 8.976e+01 1.7149e-34 1.7149e-34 [ 5.3497e-105 2.0762e-61 9.0142e-44 1.2318e-34 4.8307e-35 ] 1.0000e+00
 8.987e+01 1.4620e-34 1.4620e-34 [ 3.2878e-105 1.5317e-61 7.3169e-44 1.0494e-34 4.1257e-35 ] 1.0000e+00
 8.999e+01 1.2461e-34 1.2461e-34 [ 2.0197e-105 1.1294e-61 5.9373e-44 8.9383e-35 3.5229e-35 ] 1.0000e+00
 9.010e+01 1.0620e-34 1.0620e-34 [ 1.2402e-105 8.3242e-62 4.8162e-44 7.6119e-35 3.0077e-35 ] 1.0000e+00
 9.021e+01 9.0486e-35 9.0486e-35 [ 7.6119e-106 6.1322e-62 3.9056e-44 6.4812e-35 2.5674e-35 ] 1.0000e+00
 9.033e+01 7.7087e-35 7.7087e-35 [ 4.6699e-106 4.5152e-62 3.1661e-44 5.5176e-35 2.1911e-35 ] 1.0000e+00
 9.044e+01 6.5661e-35 6.5661e-35 [ 2.8637e-106 3.3230e-62 2.5657e-44 4.6964e-35 1.8697e-35 ] 1.0000e+00
 9.055e+01 5.5919e-35 5.5919e-35 [ 1.7553e-106 2.4444e-62 2.0784e-44 3.9968e-35 1.5952e-35 ] 1.0000e+00
 9.067e+01 4.7615e-35 4.7615e-35 [ 1.0754e-106 1.7972e-62 1.6831e-44 3.4008e-35 1.3607e-35 ] 1.0000e+00
 9.078e+01 4.0537e-35 4.0537e-35 [ 6.5858e-107 1.3207e-62 1.3625e-44 2.8931e-35 1.1605e-35 ] 1.0000e+00
 9.089e+01 3.4505e-35 3.4505e-35 [ 4.0312e-107 9.6999e-63 1.1026e-44 2.4609e-35 9.8959e-36 ] 1.0000e+00
 9.101e+01 2.9365e-35 2.9365e-35 [ 2.4664e-107 7.1206e-63 8.9192e-45 2.0928e-35 8.4370e-36 ] 1.0000e+00
 9.112e+01 2.4987e-35 2.4987e-35 [ 1.5083e-107 5.2245e-63 7.2122e-45 1.7795e-35 7.1920e-36 ] 1.0000e+00
 9.123e+01 2.1258e-35 2.1258e-35 [ 9.2191e-108 3.8313e-63 5.8297e-45 1.5129e-35 6.1296e-36 ] 1.0000e+00
 9.135e+01 1.8083e-35 1.8083e-35 [ 5.6324e-108 2.8081e-63 4.7103e-45 1.2859e-35 5.2233e-36 ] 1.0000e+00
 9.146e+01 1.5379e-35 1.5379e-35 [ 3.4394e-108 2.0570e-63 3.8044e-45 1.0929e-35 4.4502e-36 ] 1.0000e+00
 9.157e+01 1.3077e-35 1.3077e-35 [ 2.0992e-108 1.5060e-63 3.0714e-45 9.2862e-36 3.7908e-36 ] 1.0000e+00
 9.169e+01 1.1118e-35 1.1118e-35 [ 1.2806e-108 1.1020e-63 2.4786e-45 7.8892e-36 3.2286e-36 ] 1.0000e+00
 9.180e+01 9.4506e-36 9.4506e-36 [ 7.8085e-109 8.0594e-64 1.9994e-45 6.7013e-36 2.7493e-36 ] 1.0000e+00
 9.191e+01 8.0320e-36 8.0320e-36 [ 4.7588e-109 5.8907e-64 1.6121e-45 5.6912e-36 2.3408e-36 ] 1.0000e+00
 9.203e+01 6.8251e-36 6.8251e-36 [ 2.8986e-109 4.3031e-64 1.2993e-45 4.8325e-36 1.9926e-36 ] 1.0000e+00
 9.214e+01 5.7986e-36 5.7986e-36 [ 1.7647e-109 3.1415e-64 1.0467e-45 4.1027e-36 1.6959e-36 ] 1.0000e+00
 9.225e+01 4.9257e-36 4.9257e-36 [ 1.0738e-109 2.2922e-64 8.4281e-46 3.4825e-36 1.4432e-36 ] 1.0000e+00
 9.237e+01 4.1834e-36 4.1834e-36 [ 6.5302e-110 1.6715e-64 6.7831e-46 2.9556e-36 1.2279e-36 ] 1.0000e+00
 9.248e+01 3.5524e-36 3.5524e-36 [ 3.9692e-110 1.2181e-64 5.4566e-46 2.5079e-36 1.0445e-36 ] 1.0000e+00
 9.259e+01 3.0161e-36 3.0161e-36 [ 2.4113e-110 8.8715e-65 4.3873e-46 2.1277e-36 8.8836e-37 ] 1.0000e+00
 9.271e+01 2.5602e-36 2.5602e-36 [ 1.4640e-110 6.4572e-65 3.5258e-46 1.8048e-36 7.5544e-37 ] 1.0000e+00
 9.282e+01 2.1729e-36 2.1729e-36 [ 8.8837e-111 4.6970e-65 2.8319e-46 1.5306e-36 6.4229e-37 ] 1.0000e+00
 9.293e+01 1.8439e-36 1.8439e-36 [ 5.3876e-111 3.4144e-65 2.2734e-46 1.2979e-36 5.4599e-37 ] 1.0000e+00
 9.305e+01 1.5644e-36 1.5644e-36 [ 3.2655e-111 2.4804e-65 1.8241e-46 1.1004e-36 4.6405e-37 ] 1.0000e+00
 9.316e+01 1.3271e-36 1.3271e-36 [ 1.9781e-111 1.8007e-65 1.4627e-46 9.3274e-37 3.9434e-37 ] 1.0000e+00
 9.327e+01 1.1255e-36 1.1255e-36 [ 1.1975e-111 1.3064e-65 1.1723e-46 7.9050e-37 3.3505e-37 ] 1.0000e+00
 9.339e+01 9.5445e-37 9.5445e-37 [ 7.2451e-112 9.4709e-66 9.3894e-47 6.6984e-37 2.8462e-37 ] 1.0000e+00
 9.350e+01 8.0923e-37 8.0923e-37 [ 4.3807e-112 6.8615e-66 7.5160e-47 5.6749e-37 2.4174e-37 ] 1.0000e+00
 9.361e+01 6.8598e-37 6.8598e-37 [ 2.6471e-112 4.9675e-66 6.0127e-47 4.8070e-37 2.0528e-37 ] 1.0000e+00
 9.373e+01 5.8140e-37 5.8140e-37 [ 1.5985e-112 3.5937e-66 4.8070e-47 4.0711e-37 1.7429e-37 ] 1.0000e+00
 9.384e+01 4.9268e-37 4.9268e-37 [ 9.6464e-113 2.5979e-66 3.8406e-47 3.4473e-37 1.4795e-37 ] 1.0000e+00
 9.395e+01 4.1742e-37 4.1742e-37 [ 5.8174e-113 1.8766e-66 3.0664e-47 2.9185e-37 1.2558e-37 ] 1.0000e+00
 9.407e+01 3.5360e-37 3.5360e-37 [ 3.5059e-113 1.3546e-66 2.4466e-47 2.4704e-37 1.0656e-37 ] 1.0000e+00
 9.418e+01 2.9948e-37 2.9948e-37 [ 2.1114e-113 9.7697e-67 1.9506e-47 2.0907e-37 9.0413e-38 ] 1.0000e+00
 9.429e+01 2.5360e-37 2.5360e-37 [ 1.2706e-113 7.0407e-67 1.5541e-47 1.7690e-37 7.6698e-38 ] 1.0000e+00
 9.441e+01 2.1471e-37 2.1471e-37 [ 7.6410e-114 5.0699e-67 1.2373e-47 1.4966e-37 6.5051e-38 ] 1.0000e+00
 9.452e+01 1.8175e-37 1.8175e-37 [ 4.5915e-114 3.6476e-67 9.8424e-48 1.2659e-37 5.5164e-38 ] 1.0000e+00
 9.463e+01 1.5383e-37 1.5383e-37 [ 2.7570e-114 2.6221e-67 7.8234e-48 1.0706e-37 4.6771e-38 ] 1.0000e+00
 9.475e+01 1.3017e-37 1.3017e-37 [ 1.6541e-114 1.8833e-67 6.2135e-48 9.0518e-38 3.9648e-38 ] 1.0000e+00
 9.486e+01 1.1013e-37 1.1013e-37 [ 9.9161e-115 1.3514e-67 4.9306e-48 7.6521e-38 3.3604e-38 ] 1.0000e+00
 9.497e+01 9.3152e-38 9.3152e-38 [ 5.9396e-115 9.6885e-68 3.9092e-48 6.4675e-38 2.8477e-38 ] 1.0000e+00
 9.509e+01 7.8780e-38 7.8780e-38 [ 3.5547e-115 6.9392e-68 3.0966e-48 5.4653e-38 2.4127e-38 ] 1.0000e+00
 9.520e+01 6.6613e-38 6.6613e-38 [ 2.1255e-115 4.9653e-68 2.4506e-48 4.6174e-38 2.0439e-38 ] 1.0000e+00
 9.531e+01 5.6313e-38 5.6313e-38 [ 1.2698e-115 3.5492e-68 1.9375e-48 3.9002e-38 1.7311e-38 ] 1.0000e+00
 9.543e+01 4.7597e-38 4.7597e-38 [ 7.5785e-116 2.5344e-68 1.5303e-48 3.2937e-38 1.4659e-38 ] 1.0000e+00
 9.554e+01 4.0221e-38 4.0221e-38 [ 4.5187e-116 1.8078e-68 1.2074e-48 2.7810e-38 1.2412e-38 ] 1.0000e+00
 9.565e+01 3.3981e-38 3.3981e-38 [ 2.6916e-116 1.2881e-68 9.5164e-49 2.3475e-38 1.0507e-38 ] 1.0000e+00
 9.577e+01 2.8703e-38 2.8703e-38 [ 1.6016e-116 9.1674e-69 7.4920e-49 1.9810e-38 8.8926e-39 ] 1.0000e+00
 9.588e+01 2.4239e-38 2.4239e-38 [ 9.5194e-117 6.5167e-69 5.8913e-49 1.6714e-38 7.5251e-39 ] 1.0000e+00
 9.599e+01 2.0465e-38 2.0465e-38 [ 5.6518e-117 4.6267e-69 4.6270e-49 1.4098e-38 6.3668e-39 ] 1.0000e+00
 9.611e+01 1.7273e-38 1.7273e-38 [ 3.3515e-117 3.2806e-69 3.6294e-49 1.1887e-38 5.3859e-39 ] 1.0000e+00
 9.622e+01 1.4576e-38 1.4576e-38 [ 1.9850e-117 2.3231e-69 2.8431e-49 1.0021e-38 4.5553e-39 ] 1.0000e+00
 9.633e+01 1.2296e-38 1.2296e-38 [ 1.1741e-117 1.6427e-69 2.2241e-49 8.4441e-39 3.8520e-39 ] 1.0000e+00
 9.645e+01 1.0370e-38 1.0370e-38 [ 6.9357e-118 1.1599e-69 1.7373e-49 7.1130e-39 3.2568e-39 ] 1.0000e+00
 9.656e+01 8.7423e-39 8.7423e-39 [ 4.0911e-118 8.1774e-70 1.3549e-49 5.9893e-39 2.7531e-39 ] 1.0000e+00
 9.667e+01 7.3676e-39 7.3676e-39 [ 2.4095e-118 5.7558e-70 1.0551e-49 5.0408e-39 2.3268e-39 ] 1.0000e+00
 9.679e+01 6.2065e-39 6.2065e-39 [ 1.4169e-118 4.0445e-70 8.2013e-50 4.2403e-39 1.9662e-39 ] 1.0000e+00
 9.690e+01 5.2261e-39 5.2261e-39 [ 8.3176e-119 2.8368e-70 6.3637e-50 3.5649e-39 1.6612e-39 ] 1.0000e+00
 9.701e+01 4.3984e-39 4.3984e-39 [ 4.8740e-119 1.9860e-70 4.9284e-50 2.9952e-39 1.4032e-39 ] 1.0000e+00
 9.713e+01 3.6996e-39 3.6996e-39 [ 2.8506e-119 1.3875e-70 3.8090e-50 2.5146e-39 1.1850e-39 ] 1.0000e+00
 9.724e+01 3.1098e-39 3.1098e-39 [ 1.6638e-119 9.6731e-71 2.9374e-50 2.1092e-39 1.0006e-39 ] 1.0000e+00
 9.735e+01 2.6121e-39 2.6121e-39 [ 9.6895e-120 6.7279e-71 2.2599e-50 1.7675e-39 8.4467e-40 ] 1.0000e+00
 9.747e+01 2.1922e-39 2.1922e-39 [ 5.6295e-120 4.6678e-71 1.7344e-50 1.4793e-39 7.1288e-40 ] 1.0000e+00
 9.758e+01 1.8378e-39 1.8378e-39 [ 3.2622e-120 3.2298e-71 1.3274e-50 1.2364e-39 6.0149e-40 ] 1.0000e+00
 9.769e+01 1.5389e-39 1.5389e-39 [ 1.8851e-120 2.2282e-71 1.0128e-50 1.0316e-39 5.0735e-40 ] 1.0000e+00
 9.781e+01 1.2868e-39 1.2868e-39 [ 1.0859e-120 1.5323e-71 7.7032e-51 8.5897e-40 4.2780e-40 ] 1.0000e+00
 9.792e+01 1.0741e-39 1.0741e-39 [ 6.2344e-121 1.0500e-71 5.8377e-51 7.1350e-40 3.6055e-40 ] 1.0000e+00
 9.803e+01 8.9461e-40 8.9461e-40 [ 3.5657e-121 7.1675e-72 4.4061e-51 5.9090e-40 3.0371e-40 ] 1.0000e+00
 9.815e+01 7.4321e-40 7.4321e-40 [ 2.0308e-121 4.8712e-72 3.3107e-51 4.8756e-40 2.5564e-40 ] 1.0000e+00
 9.826e+01 6.1544e-40 6.1544e-40 [ 1.1511e-121 3.2944e-72 2.4748e-51 4.0047e-40 2.1497e-40 ] 1.0000e+00
 9.837e+01 5.0758e-40 5.0758e-40 [ 6.4893e-122 2.2156e-72 1.8390e-51 3.2706e-40 1.8052e-40 ] 1.0000e+00
 9.849e+01 4.1648e-40 4.1648e-40 [ 3.6355e-122 1.4804e-72 1.3570e-51 2.6520e-40 1.5129e-40 ] 1.0000e+00
 9.860e+01 3.3949e-40 3.3949e-40 [ 2.0220e-122 9.8177e-73 9.9305e-52 2.1306e-40 1.2643e-40 ] 1.0000e+00
 9.871e+01 2.7437e-40 2.7437e-40 [ 1.1149e-122 6.4519e-73 7.1934e-52 1.6917e-40 1.0520e-40 ] 1.0000e+00
 9.883e+01 2.1925e-40 2.1925e-40 [ 6.0837e-123 4.1932e-73 5.1446e-52 1.3227e-40 8.6986e-41 ] 1.0000e+00
 9.894e+01 1.7257e-40 1.7257e-40 [ 3.2773e-123 2.6871e-73 3.6190e-52 1.0133e-40 7.1235e-41 ] 1.0000e+00
 9.905e+01 1.3303e-40 1.3303e-40 [ 1.7367e-123 1.6904e-73 2.4904e-52 7.5549e-41 5.7481e-41 ] 1.0000e+00
 9.917e+01 9.9596e-41 9.9596e-41 [ 9.0042e-124 1.0364e-73 1.6621e-52 5.4262e-41 4.5334e-41 ] 1.0000e+00
 9.928e+01 7.1460e-41 7.1460e-41 [ 4.5252e-124 6.1193e-74 1.0611e-52 3.6972e-41 3.4488e-41 ] 1.0000e+00
 9.939e+01 4.8052e-41 4.8052e-41 [ 2.1667e-124 3.4043e-74 6.3256e-53 2.3301e-41 2.4751e-41 ] 1.0000e+00
 9.951e+01 2.9050e-41 2.9050e-41 [ 9.5247e-125 1.7081e-74 3.3622e-53 1.2961e-41 1.6089e-41 ] 1.0000e+00
 9.962e+01 1.4420e-41 1.4420e-41 [ 3.4994e-125 6.9742e-75 1.4338e-53 5.7278e-42 8.6927e-42 ] 1.0000e+00
 9.973e+01 4.4811e-42 4.4811e-42 [ 7.7503e-126 1.6547e-75 3.4957e-54 1.4339e-42 3.0472e-42 ] 1.0000e+00
 9.985e+01 0.0000e+00 0.0000e+00 [ 0.0000e+00 0.0000e+00 0.0000e+00 0.0000e+00 0.0000e+00 ] 1.0000e+00
