 0.000e+00 0.0000e+00 0.0000e+00 [ 0.0000e+00 0.0000e+00 0.0000e+00 0.0000e+00 0.0000e+00 ] 1.0000e+00
 1.133e-01 4.1382e-02 4.1382e-02 [ 4.0815e-02 2.8610e-04 1.3495e-04 1.3298e-04 1.2613e-05 ] 9.5862e-01
 2.267e-01 9.0913e-02 9.0913e-02 [ 8.8525e-02 1.2093e-03 5.7036e-04 5.6236e-04 4.6118e-05 ] 9.0909e-01
 3.400e-01 1.3349e-01 1.3349e-01 [ 1.2769e-01 2.9469e-03 1.3898e-03 1.3685e-03 9.6913e-05 ] 8.6651e-01
 4.533e-01 1.8304e-01 1.8304e-01 [ 1.7170e-01 5.7755e-03 2.7232e-03 2.6760e-03 1.6440e-04 ] 8.1696e-01
 5.667e-01 2.4470e-01 2.4470e-01 [ 2.2504e-01 1.0039e-02 4.7326e-03 4.6390e-03 2.4859e-04 ] 7.5530e-01
 6.800e-01 3.2174e-01 3.2174e-01 [ 2.9035e-01 1.6063e-02 7.5707e-03 7.4007e-03 3.4889e-04 ] 6.7826e-01
 7.933e-01 4.1392e-01 4.1392e-01 [ 3.6715e-01 2.3986e-02 1.1302e-02 1.1015e-02 4.6215e-04 ] 5.8608e-01
 9.067e-01 5.1555e-01 5.1555e-01 [ 4.5029e-01 3.3537e-02 1.5796e-02 1.5348e-02 5.8080e-04 ] 4.8445e-01
 1.020e+00 6.1549e-01 6.1549e-01 [ 5.3017e-01 4.3922e-02 2.0680e-02 2.0025e-02 6.9305e-04 ] 3.8451e-01
 1.133e+00 7.0104e-01 7.0104e-01 [ 5.9625e-01 5.4036e-02 2.5430e-02 2.4535e-02 7.8692e-04 ] 2.9896e-01
 1.247e+00 7.6418e-01 7.6418e-01 [ 6.4226e-01 6.2975e-02 2.9621e-02 2.8466e-02 8.5628e-04 ] 2.3582e-01
 1.360e+00 8.0478e-01 8.0478e-01 [ 6.6866e-01 7.0428e-02 3.3107e-02 3.1681e-02 9.0317e-04 ] 1.9522e-01
 1.473e+00 8.2811e-01 8.2811e-01 [ 6.8031e-01 7.6604e-02 3.5985e-02 3.4277e-02 9.3454e-04 ] 1.7189e-01
 1.587e+00 8.4039e-01 8.4039e-01 [ 6.8265e-01 8.1902e-02 3.8444e-02 3.6439e-02 9.5747e-04 ] 1.5961e-01
 1.700e+00 8.4635e-01 8.4635e-01 [ 6.7972e-01 8.6673e-02 4.0648e-02 3.8329e-02 9.7683e-04 ] 1.5365e-01
 1.813e+00 8.4892e-01 8.4892e-01 [ 6.7401e-01 9.1157e-02 4.2710e-02 4.0056e-02 9.9528e-04 ] 1.5108e-01
 1.927e+00 8.4976e-01 8.4976e-01 [ 6.6686e-01 9.5497e-02 4.4696e-02 4.1684e-02 1.0140e-03 ] 1.5024e-01
 2.040e+00 8.4972e-01 8.4972e-01 [ 6.5902e-01 9.9771e-02 4.6645e-02 4.3250e-02 1.0334e-03 ] 1.5028e-01
 2.153e+00 8.4927e-01 8.4927e-01 [ 6.5084e-01 1.0402e-01 4.8576e-02 4.4776e-02 1.0535e-03 ] 1.5073e-01
 2.267e+00 8.4863e-01 8.4863e-01 [ 6.4251e-01 1.0828e-01 5.0500e-02 4.6273e-02 1.0742e-03 ] 1.5137e-01
 2.380e+00 8.4793e-01 8.4793e-01 [ 6.3412e-01 1.1254e-01 5.2423e-02 4.7746e-02 1.0953e-03 ] 1.5207e-01
 2.493e+00 8.4722e-01 8.4722e-01 [ 6.2573e-01 1.1683e-01 5.4348e-02 4.9199e-02 1.1167e-03 ] 1.5278e-01
 2.607e+00 8.4653e-01 8.4653e-01 [ 6.1734e-01 1.2114e-01 5.6277e-02 5.0635e-02 1.1382e-03 ] 1.5347e-01
 2.720e+00 8.4587e-01 8.4587e-01 [ 6.0898e-01 1.2547e-01 5.8210e-02 5.2055e-02 1.1600e-03 ] 1.5413e-01
 2.833e+00 8.4526e-01 8.4526e-01 [ 6.0064e-01 1.2982e-01 6.0148e-02 5.3460e-02 1.1818e-03 ] 1.5474e-01
 2.947e+00 8.4468e-01 8.4468e-01 [ 5.9233e-01 1.3420e-01 6.2091e-02 5.4852e-02 1.2036e-03 ] 1.5532e-01
 3.060e+00 8.4414e-01 8.4414e-01 [ 5.8405e-01 1.3860e-01 6.4040e-02 5.6231e-02 1.2256e-03 ] 1.5586e-01
 3.173e+00 8.4364e-01 8.4364e-01 [ 5.7579e-01 1.4302e-01 6.5994e-02 5.7598e-02 1.2475e-03 ] 1.5636e-01
 3.287e+00 8.4318e-01 8.4318e-01 [ 5.6754e-01 1.4745e-01 6.7954e-02 5.8954e-02 1.2695e-03 ] 1.5682e-01
 3.400e+00 8.4274e-01 8.4274e-01 [ 5.5932e-01 1.5191e-01 6.9920e-02 6.0300e-02 1.2916e-03 ] 1.5726e-01
 3.513e+00 8.4234e-01 8.4234e-01 [ 5.5112e-01 1.5638e-01 7.1892e-02 6.1637e-02 1.3138e-03 ] 1.5766e-01
 3.627e+00 8.4197e-01 8.4197e-01 [ 5.4293e-01 1.6087e-01 7.3871e-02 6.2965e-02 1.3360e-03 ] 1.5803e-01
 3.740e+00 8.4162e-01 8.4162e-01 [ 5.3475e-01 1.6537e-01 7.5856e-02 6.4286e-02 1.3583e-03 ] 1.5838e-01
 3.853e+00 8.4130e-01 8.4130e-01 [ 5.2658e-01 1.6989e-01 7.7849e-02 6.5601e-02 1.3807e-03 ] 1.5870e-01
 3.967e+00 8.4100e-01 8.4100e-01 [ 5.1842e-01 1.7441e-01 7.9849e-02 6.6909e-02 1.4032e-03 ] 1.5900e-01
 4.080e+00 8.4072e-01 8.4072e-01 [ 5.1027e-01 1.7895e-01 8.1857e-02 6.8213e-02 1.4259e-03 ] 1.5928e-01
 4.193e+00 8.4046e-01 8.4046e-01 [ 5.0213e-01 1.8349e-01 8.3874e-02 6.9514e-02 1.4486e-03 ] 1.5954e-01
 4.307e+00 8.4022e-01 8.4022e-01 [ 4.9400e-01 1.8804e-01 8.5899e-02 7.0811e-02 1.4716e-03 ] 1.5978e-01
 4.420e+00 8.3999e-01 8.3999e-01 [ 4.8587e-01 1.9259e-01 8.7933e-02 7.2106e-02 1.4946e-03 ] 1.6001e-01
 4.533e+00 8.3977e-01 8.3977e-01 [ 4.7774e-01 1.9713e-01 8.9977e-02 7.3400e-02 1.5179e-03 ] 1.6023e-01
 4.647e+00 8.3957e-01 8.3957e-01 [ 4.6963e-01 2.0168e-01 9.2031e-02 7.4694e-02 1.5413e-03 ] 1.6043e-01
 4.760e+00 8.3939e-01 8.3939e-01 [ 4.6151e-01 2.0622e-01 9.4095e-02 7.5988e-02 1.5649e-03 ] 1.6061e-01
 4.873e+00 8.3921e-01 8.3921e-01 [ 4.5341e-01 2.1076e-01 9.6171e-02 7.7283e-02 1.5887e-03 ] 1.6079e-01
 4.987e+00 8.3904e-01 8.3904e-01 [ 4.4531e-01 2.1528e-01 9.8257e-02 7.8581e-02 1.6126e-03 ] 1.6096e-01
 5.100e+00 8.3888e-01 8.3888e-01 [ 4.3722e-01 2.1979e-01 1.0036e-01 7.9882e-02 1.6368e-03 ] 1.6112e-01
 5.213e+00 8.3873e-01 8.3873e-01 [ 4.2914e-01 2.2429e-01 1.0247e-01 8.1186e-02 1.6613e-03 ] 1.6127e-01
 5.327e+00 8.3859e-01 8.3859e-01 [ 4.2106e-01 2.2876e-01 1.0459e-01 8.2495e-02 1.6859e-03 ] 1.6141e-01
 5.440e+00 8.3846e-01 8.3846e-01 [ 4.1300e-01 2.3321e-01 1.0673e-01 8.3809e-02 1.7108e-03 ] 1.6154e-01
 5.553e+00 8.3833e-01 8.3833e-01 [ 4.0495e-01 2.3763e-01 1.0888e-01 8.5130e-02 1.7359e-03 ] 1.6167e-01
 5.667e+00 8.3821e-01 8.3821e-01 [ 3.9692e-01 2.4203e-01 1.1104e-01 8.6457e-02 1.7613e-03 ] 1.6179e-01
 5.780e+00 8.3809e-01 8.3809e-01 [ 3.8890e-01 2.4639e-01 1.1322e-01 8.7792e-02 1.7870e-03 ] 1.6191e-01
 5.893e+00 8.3797e-01 8.3797e-01 [ 3.8090e-01 2.5071e-01 1.1542e-01 8.9135e-02 1.8129e-03 ] 1.6203e-01
 6.007e+00 8.3786e-01 8.3786e-01 [ 3.7292e-01 2.5499e-01 1.1763e-01 9.0487e-02 1.8391e-03 ] 1.6214e-01
 6.120e+00 8.3776e-01 8.3776e-01 [ 3.6497e-01 2.5922e-01 1.1985e-01 9.1849e-02 1.8656e-03 ] 1.6224e-01
 6.233e+00 8.3766e-01 8.3766e-01 [ 3.5704e-01 2.6341e-01 1.2209e-01 9.3221e-02 1.8924e-03 ] 1.6235e-01
 6.347e+00 8.3756e-01 8.3756e-01 [ 3.4914e-01 2.6754e-01 1.2435e-01 9.4604e-02 1.9195e-03 ] 1.6244e-01
 6.460e+00 8.3746e-01 8.3746e-01 [ 3.4127e-01 2.7161e-01 1.2663e-01 9.5999e-02 1.9469e-03 ] 1.6254e-01
 6.573e+00 8.3736e-01 8.3736e-01 [ 3.3344e-01 2.7562e-01 1.2892e-01 9.7405e-02 1.9746e-03 ] 1.6264e-01
 6.687e+00 8.3727e-01 8.3727e-01 [ 3.2564e-01 2.7957e-01 1.3123e-01 9.8825e-02 2.0027e-03 ] 1.6273e-01
 6.800e+00 8.3718e-01 8.3718e-01 [ 3.1789e-01 2.8344e-01 1.3356e-01 1.0026e-01 2.0310e-03 ] 1.6282e-01
 6.913e+00 8.3709e-01 8.3709e-01 [ 3.1018e-01 2.8724e-01 1.3591e-01 1.0170e-01 2.0598e-03 ] 1.6291e-01
 7.027e+00 8.3700e-01 8.3700e-01 [ 3.0252e-01 2.9095e-01 1.3828e-01 1.0317e-01 2.0889e-03 ] 1.6300e-01
 7.140e+00 8.3692e-01 8.3692e-01 [ 2.9490e-01 2.9459e-01 1.4066e-01 1.0464e-01 2.1183e-03 ] 1.6308e-01
 7.253e+00 8.3683e-01 8.3683e-01 [ 2.8734e-01 2.9813e-01 1.4307e-01 1.0614e-01 2.1482e-03 ] 1.6317e-01
 7.367e+00 8.3674e-01 8.3674e-01 [ 2.7984e-01 3.0158e-01 1.4549e-01 1.0764e-01 2.1784e-03 ] 1.6326e-01
 7.480e+00 8.3666e-01 8.3666e-01 [ 2.7240e-01 3.0494e-01 1.4794e-01 1.0917e-01 2.2090e-03 ] 1.6334e-01
 7.593e+00 8.3658e-01 8.3658e-01 [ 2.6503e-01 3.0819e-01 1.5040e-01 1.1071e-01 2.2400e-03 ] 1.6342e-01
 7.707e+00 8.3649e-01 8.3649e-01 [ 2.5772e-01 3.1134e-01 1.5289e-01 1.1227e-01 2.2714e-03 ] 1.6351e-01
 7.820e+00 8.3641e-01 8.3641e-01 [ 2.5048e-01 3.1437e-01 1.5539e-01 1.1385e-01 2.3032e-03 ] 1.6359e-01
 7.933e+00 8.3633e-01 8.3633e-01 [ 2.4332e-01 3.1730e-01 1.5792e-01 1.1545e-01 2.3355e-03 ] 1.6367e-01
 8.047e+00 8.3624e-01 8.3624e-01 [ 2.3624e-01 3.2010e-01 1.6047e-01 1.1707e-01 2.3681e-03 ] 1.6376e-01
 8.160e+00 8.3616e-01 8.3616e-01 [ 2.2924e-01 3.2278e-01 1.6303e-01 1.1871e-01 2.4013e-03 ] 1.6384e-01
 8.273e+00 8.3608e-01 8.3608e-01 [ 2.2232e-01 3.2534e-01 1.6562e-01 1.2037e-01 2.4348e-03 ] 1.6392e-01
 8.387e+00 8.3600e-01 8.3600e-01 [ 2.1550e-01 3.2776e-01 1.6822e-01 1.2205e-01 2.4689e-03 ] 1.6400e-01
 8.500e+00 8.3591e-01 8.3591e-01 [ 2.0876e-01 3.3005e-01 1.7085e-01 1.2375e-01 2.5034e-03 ] 1.6409e-01
 8.613e+00 8.3583e-01 8.3583e-01 [ 2.0212e-01 3.3220e-01 1.7350e-01 1.2547e-01 2.5384e-03 ] 1.6417e-01
 8.727e+00 8.3575e-01 8.3575e-01 [ 1.9557e-01 3.3422e-01 1.7616e-01 1.2722e-01 2.5739e-03 ] 1.6425e-01
 8.840e+00 8.3566e-01 8.3566e-01 [ 1.8913e-01 3.3609e-01 1.7885e-01 1.2899e-01 2.6099e-03 ] 1.6434e-01
 8.953e+00 8.3558e-01 8.3558e-01 [ 1.8279e-01 3.3781e-01 1.8155e-01 1.3079e-01 2.6464e-03 ] 1.6442e-01
 9.067e+00 8.3550e-01 8.3550e-01 [ 1.7655e-01 3.3938e-01 1.8427e-01 1.3260e-01 2.6834e-03 ] 1.6450e-01
 9.180e+00 8.3541e-01 8.3541e-01 [ 1.7043e-01 3.4080e-01 1.8701e-01 1.3445e-01 2.7210e-03 ] 1.6459e-01
 9.293e+00 8.3533e-01 8.3533e-01 [ 1.6441e-01 3.4207e-01 1.8977e-01 1.3632e-01 2.7591e-03 ] 1.6467e-01
 9.407e+00 8.3524e-01 8.3524e-01 [ 1.5851e-01 3.4317e-01 1.9254e-01 1.3822e-01 2.7978e-03 ] 1.6476e-01
 9.520e+00 8.3515e-01 8.3515e-01 [ 1.5272e-01 3.4412e-01 1.9533e-01 1.4014e-01 2.8371e-03 ] 1.6485e-01
 9.633e+00 8.3507e-01 8.3507e-01 [ 1.4705e-01 3.4491e-01 1.9814e-01 1.4209e-01 2.8769e-03 ] 1.6493e-01
 9.747e+00 8.3498e-01 8.3498e-01 [ 1.4150e-01 3.4553e-01 2.0096e-01 1.4407e-01 2.9173e-03 ] 1.6502e-01
 9.860e+00 8.3489e-01 8.3489e-01 [ 1.3607e-01 3.4600e-01 2.0380e-01 1.4607e-01 2.9584e-03 ] 1.6511e-01
 9.973e+00 8.3480e-01 8.3480e-01 [ 1.3076e-01 3.4629e-01 2.0665e-01 1.4811e-01 3.0001e-03 ] 1.6520e-01
 1.009e+01 8.3472e-01 8.3472e-01 [ 1.2557e-01 3.4642e-01 2.0951e-01 1.5018e-01 3.0424e-03 ] 1.6528e-01
 1.020e+01 8.3463e-01 8.3463e-01 [ 1.2051e-01 3.4638e-01 2.1238e-01 1.5228e-01 3.0853e-03 ] 1.6537e-01
 1.031e+01 8.3454e-01 8.3454e-01 [ 1.1557e-01 3.4618e-01 2.1526e-01 1.5441e-01 3.1289e-03 ] 1.6546e-01
 1.043e+01 8.3445e-01 8.3445e-01 [ 1.1075e-01 3.4580e-01 2.1815e-01 1.5657e-01 3.1732e-03 ] 1.6555e-01
 1.054e+01 8.3435e-01 8.3435e-01 [ 1.0607e-01 3.4526e-01 2.2104e-01 1.5876e-01 3.2182e-03 ] 1.6565e-01
 1.065e+01 8.3426e-01 8.3426e-01 [ 1.0151e-01 3.4455e-01 2.2395e-01 1.6099e-01 3.2638e-03 ] 1.6574e-01
 1.077e+01 8.3417e-01 8.3417e-01 [ 9.7075e-02 3.4368e-01 2.2686e-01 1.6325e-01 3.3102e-03 ] 1.6583e-01
 1.088e+01 8.3408e-01 8.3408e-01 [ 9.2768e-02 3.4264e-01 2.2977e-01 1.6555e-01 3.3573e-03 ] 1.6592e-01
 1.099e+01 8.3399e-01 8.3399e-01 [ 8.8588e-02 3.4143e-01 2.3268e-01 1.6788e-01 3.4052e-03 ] 1.6601e-01
 1.111e+01 8.3389e-01 8.3389e-01 [ 8.4534e-02 3.4006e-01 2.3559e-01 1.7025e-01 3.4538e-03 ] 1.6611e-01
 1.122e+01 8.3380e-01 8.3380e-01 [ 8.0606e-02 3.3853e-01 2.3850e-01 1.7266e-01 3.5031e-03 ] 1.6620e-01
 1.133e+01 8.3370e-01 8.3370e-01 [ 7.6803e-02 3.3683e-01 2.4141e-01 1.7511e-01 3.5533e-03 ] 1.6630e-01
 1.145e+01 8.3361e-01 8.3361e-01 [ 7.3124e-02 3.3498e-01 2.4431e-01 1.7759e-01 3.6042e-03 ] 1.6639e-01
 1.156e+01 8.3351e-01 8.3351e-01 [ 6.9568e-02 3.3297e-01 2.4720e-01 1.8012e-01 3.6560e-03 ] 1.6649e-01
 1.167e+01 8.3342e-01 8.3342e-01 [ 6.6134e-02 3.3080e-01 2.5008e-01 1.8269e-01 3.7085e-03 ] 1.6658e-01
 1.179e+01 8.3332e-01 8.3332e-01 [ 6.2820e-02 3.2849e-01 2.5295e-01 1.8530e-01 3.7620e-03 ] 1.6668e-01
 1.190e+01 8.3322e-01 8.3322e-01 [ 5.9626e-02 3.2602e-01 2.5581e-01 1.8795e-01 3.8162e-03 ] 1.6678e-01
 1.201e+01 8.3313e-01 8.3313e-01 [ 5.6549e-02 3.2341e-01 2.5865e-01 1.9064e-01 3.8713e-03 ] 1.6687e-01
 1.213e+01 8.3303e-01 8.3303e-01 [ 5.3588e-02 3.2066e-01 2.6147e-01 1.9338e-01 3.9273e-03 ] 1.6697e-01
 1.224e+01 8.3294e-01 8.3294e-01 [ 5.0742e-02 3.1777e-01 2.6427e-01 1.9617e-01 3.9842e-03 ] 1.6706e-01
 1.235e+01 8.3284e-01 8.3284e-01 [ 4.8007e-02 3.1474e-01 2.6705e-01 1.9900e-01 4.0420e-03 ] 1.6716e-01
 1.247e+01 8.3274e-01 8.3274e-01 [ 4.5383e-02 3.1158e-01 2.6980e-01 2.0188e-01 4.1006e-03 ] 1.6726e-01
 1.258e+01 8.3265e-01 8.3265e-01 [ 4.2867e-02 3.0829e-01 2.7252e-01 2.0481e-01 4.1602e-03 ] 1.6735e-01
 1.269e+01 8.3255e-01 8.3255e-01 [ 4.0456e-02 3.0488e-01 2.7521e-01 2.0779e-01 4.2207e-03 ] 1.6745e-01
 1.281e+01 8.3246e-01 8.3246e-01 [ 3.8149e-02 3.0134e-01 2.7787e-01 2.1082e-01 4.2822e-03 ] 1.6754e-01
 1.292e+01 8.3236e-01 8.3236e-01 [ 3.5943e-02 2.9770e-01 2.8048e-01 2.1390e-01 4.3446e-03 ] 1.6764e-01
 1.303e+01 8.3227e-01 8.3227e-01 [ 3.3835e-02 2.9394e-01 2.8306e-01 2.1703e-01 4.4079e-03 ] 1.6773e-01
 1.315e+01 8.3218e-01 8.3218e-01 [ 3.1824e-02 2.9007e-01 2.8560e-01 2.2021e-01 4.4722e-03 ] 1.6782e-01
 1.326e+01 8.3208e-01 8.3208e-01 [ 2.9906e-02 2.8610e-01 2.8809e-01 2.2345e-01 4.5375e-03 ] 1.6792e-01
 1.337e+01 8.3199e-01 8.3199e-01 [ 2.8079e-02 2.8204e-01 2.9053e-01 2.2674e-01 4.6037e-03 ] 1.6801e-01
 1.349e+01 8.3190e-01 8.3190e-01 [ 2.6340e-02 2.7788e-01 2.9292e-01 2.3009e-01 4.6709e-03 ] 1.6810e-01
 1.360e+01 8.3182e-01 8.3182e-01 [ 2.4687e-02 2.7364e-01 2.9525e-01 2.3350e-01 4.7390e-03 ] 1.6818e-01
 1.371e+01 8.3173e-01 8.3173e-01 [ 2.3117e-02 2.6932e-01 2.9753e-01 2.3696e-01 4.8081e-03 ] 1.6827e-01
 1.383e+01 8.3165e-01 8.3165e-01 [ 2.1627e-02 2.6491e-01 2.9974e-01 2.4049e-01 4.8782e-03 ] 1.6835e-01
 1.394e+01 8.3157e-01 8.3157e-01 [ 2.0215e-02 2.6044e-01 3.0190e-01 2.4407e-01 4.9492e-03 ] 1.6843e-01
 1.405e+01 8.3149e-01 8.3149e-01 [ 1.8877e-02 2.5590e-01 3.0399e-01 2.4771e-01 5.0211e-03 ] 1.6851e-01
 1.417e+01 8.3142e-01 8.3142e-01 [ 1.7612e-02 2.5130e-01 3.0601e-01 2.5141e-01 5.0940e-03 ] 1.6858e-01
 1.428e+01 8.3135e-01 8.3135e-01 [ 1.6415e-02 2.4665e-01 3.0795e-01 2.5517e-01 5.1679e-03 ] 1.6865e-01
 1.439e+01 8.3129e-01 8.3129e-01 [ 1.5286e-02 2.4194e-01 3.0983e-01 2.5899e-01 5.2426e-03 ] 1.6871e-01
 1.451e+01 8.3123e-01 8.3123e-01 [ 1.4221e-02 2.3719e-01 3.1162e-01 2.6287e-01 5.3183e-03 ] 1.6877e-01
 1.462e+01 8.3117e-01 8.3117e-01 [ 1.3217e-02 2.3240e-01 3.1334e-01 2.6682e-01 5.3948e-03 ] 1.6883e-01
 1.473e+01 8.3112e-01 8.3112e-01 [ 1.2272e-02 2.2757e-01 3.1498e-01 2.7083e-01 5.4722e-03 ] 1.6888e-01
 1.485e+01 8.3108e-01 8.3108e-01 [ 1.1384e-02 2.2272e-01 3.1653e-01 2.7490e-01 5.5504e-03 ] 1.6892e-01
 1.496e+01 8.3105e-01 8.3105e-01 [ 1.0549e-02 2.1784e-01 3.1800e-01 2.7903e-01 5.6294e-03 ] 1.6895e-01
 1.507e+01 8.3102e-01 8.3102e-01 [ 9.7660e-03 2.1294e-01 3.1938e-01 2.8322e-01 5.7091e-03 ] 1.6898e-01
 1.519e+01 8.3100e-01 8.3100e-01 [ 9.0319e-03 2.0803e-01 3.2067e-01 2.8748e-01 5.7897e-03 ] 1.6900e-01
 1.530e+01 8.3099e-01 8.3099e-01 [ 8.3445e-03 2.0312e-01 3.2186e-01 2.9180e-01 5.8709e-03 ] 1.6901e-01
 1.541e+01 8.3100e-01 8.3100e-01 [ 7.7015e-03 1.9820e-01 3.2297e-01 2.9618e-01 5.9527e-03 ] 1.6900e-01
 1.553e+01 8.3101e-01 8.3101e-01 [ 7.1008e-03 1.9329e-01 3.2398e-01 3.0061e-01 6.0352e-03 ] 1.6899e-01
 1.564e+01 8.3104e-01 8.3104e-01 [ 6.5401e-03 1.8838e-01 3.2490e-01 3.0511e-01 6.1183e-03 ] 1.6896e-01
 1.575e+01 8.3109e-01 8.3109e-01 [ 6.0173e-03 1.8349e-01 3.2572e-01 3.0966e-01 6.2018e-03 ] 1.6891e-01
 1.587e+01 8.3115e-01 8.3115e-01 [ 5.5305e-03 1.7861e-01 3.2644e-01 3.1428e-01 6.2858e-03 ] 1.6885e-01
 1.598e+01 8.3123e-01 8.3123e-01 [ 5.0776e-03 1.7376e-01 3.2707e-01 3.1894e-01 6.3702e-03 ] 1.6877e-01
 1.609e+01 8.3133e-01 8.3133e-01 [ 4.6567e-03 1.6894e-01 3.2761e-01 3.2366e-01 6.4549e-03 ] 1.6867e-01
 1.621e+01 8.3145e-01 8.3145e-01 [ 4.2661e-03 1.6416e-01 3.2805e-01 3.2843e-01 6.5399e-03 ] 1.6855e-01
 1.632e+01 8.3159e-01 8.3159e-01 [ 3.9040e-03 1.5941e-01 3.2840e-01 3.3325e-01 6.6250e-03 ] 1.6841e-01
 1.643e+01 8.3176e-01 8.3176e-01 [ 3.5687e-03 1.5471e-01 3.2865e-01 3.3812e-01 6.7103e-03 ] 1.6824e-01
 1.655e+01 8.3195e-01 8.3195e-01 [ 3.2585e-03 1.5005e-01 3.2881e-01 3.4303e-01 6.7955e-03 ] 1.6805e-01
 1.666e+01 8.3218e-01 8.3218e-01 [ 2.9719e-03 1.4545e-01 3.2888e-01 3.4799e-01 6.8807e-03 ] 1.6782e-01
 1.677e+01 8.3243e-01 8.3243e-01 [ 2.7075e-03 1.4091e-01 3.2887e-01 3.5298e-01 6.9657e-03 ] 1.6757e-01
 1.689e+01 8.3273e-01 8.3273e-01 [ 2.4637e-03 1.3643e-01 3.2877e-01 3.5801e-01 7.0505e-03 ] 1.6727e-01
 1.700e+01 8.3306e-01 8.3306e-01 [ 2.2394e-03 1.3203e-01 3.2859e-01 3.6307e-01 7.1349e-03 ] 1.6694e-01
 1.711e+01 8.3343e-01 8.3343e-01 [ 2.0331e-03 1.2769e-01 3.2833e-01 3.6815e-01 7.2188e-03 ] 1.6657e-01
 1.723e+01 8.3385e-01 8.3385e-01 [ 1.8436e-03 1.2343e-01 3.2800e-01 3.7326e-01 7.3022e-03 ] 1.6615e-01
 1.734e+01 8.3431e-01 8.3431e-01 [ 1.6698e-03 1.1926e-01 3.2761e-01 3.7839e-01 7.3849e-03 ] 1.6569e-01
 1.745e+01 8.3483e-01 8.3483e-01 [ 1.5106e-03 1.1517e-01 3.2714e-01 3.8354e-01 7.4668e-03 ] 1.6517e-01
 1.757e+01 8.3540e-01 8.3540e-01 [ 1.3650e-03 1.1118e-01 3.2662e-01 3.8869e-01 7.5477e-03 ] 1.6460e-01
 1.768e+01 8.3603e-01 8.3603e-01 [ 1.2320e-03 1.0728e-01 3.2605e-01 3.9385e-01 7.6277e-03 ] 1.6397e-01
 1.779e+01 8.3673e-01 8.3673e-01 [ 1.1106e-03 1.0348e-01 3.2542e-01 3.9901e-01 7.7065e-03 ] 1.6327e-01
 1.791e+01 8.3749e-01 8.3749e-01 [ 9.9997e-04 9.9786e-02 3.2476e-01 4.0416e-01 7.7841e-03 ] 1.6251e-01
 1.802e+01 8.3832e-01 8.3832e-01 [ 8.9932e-04 9.6201e-02 3.2406e-01 4.0930e-01 7.8602e-03 ] 1.6168e-01
 1.813e+01 8.3923e-01 8.3923e-01 [ 8.0788e-04 9.2731e-02 3.2333e-01 4.1443e-01 7.9349e-03 ] 1.6077e-01
 1.825e+01 8.4022e-01 8.4022e-01 [ 7.2492e-04 8.9378e-02 3.2259e-01 4.1953e-01 8.0080e-03 ] 1.5978e-01
 1.836e+01 8.4130e-01 8.4130e-01 [ 6.4977e-04 8.6146e-02 3.2182e-01 4.2460e-01 8.0793e-03 ] 1.5870e-01
 1.847e+01 8.4246e-01 8.4246e-01 [ 5.8181e-04 8.3040e-02 3.2106e-01 4.2963e-01 8.1489e-03 ] 1.5754e-01
 1.859e+01 8.4371e-01 8.4371e-01 [ 5.2046e-04 8.0064e-02 3.2029e-01 4.3462e-01 8.2166e-03 ] 1.5629e-01
 1.870e+01 8.4506e-01 8.4506e-01 [ 4.6519e-04 7.7221e-02 3.1953e-01 4.3956e-01 8.2825e-03 ] 1.5494e-01
 1.881e+01 8.4651e-01 8.4651e-01 [ 4.1549e-04 7.4514e-02 3.1879e-01 4.4444e-01 8.3467e-03 ] 1.5349e-01
 1.893e+01 8.4806e-01 8.4806e-01 [ 3.7090e-04 7.1948e-02 3.1807e-01 4.4926e-01 8.4094e-03 ] 1.5194e-01
 1.904e+01 8.4970e-01 8.4970e-01 [ 3.3099e-04 6.9524e-02 3.1738e-01 4.5400e-01 8.4710e-03 ] 1.5030e-01
 1.915e+01 8.5144e-01 8.5144e-01 [ 2.9538e-04 6.7246e-02 3.1672e-01 4.5865e-01 8.5323e-03 ] 1.4856e-01
 1.927e+01 8.5324e-01 8.5324e-01 [ 2.6370e-04 6.5115e-02 3.1609e-01 4.6318e-01 8.5945e-03 ] 1.4676e-01
 1.938e+01 8.5508e-01 8.5508e-01 [ 2.3562e-04 6.3132e-02 3.1548e-01 4.6757e-01 8.6593e-03 ] 1.4492e-01
 1.949e+01 8.5687e-01 8.5687e-01 [ 2.1084e-04 6.1292e-02 3.1487e-01 4.7177e-01 8.7292e-03 ] 1.4313e-01
 1.961e+01 8.5845e-01 8.5845e-01 [ 1.8904e-04 5.9589e-02 3.1421e-01 4.7566e-01 8.8073e-03 ] 1.4155e-01
 1.972e+01 8.5947e-01 8.5947e-01 [ 1.6995e-04 5.8001e-02 3.1337e-01 4.7903e-01 8.8967e-03 ] 1.4053e-01
 1.983e+01 8.5922e-01 8.5922e-01 [ 1.5325e-04 5.6486e-02 3.1211e-01 4.8147e-01 8.9990e-03 ] 1.4078e-01
 1.995e+01 8.5625e-01 8.5625e-01 [ 1.3853e-04 5.4956e-02 3.0990e-01 4.8215e-01 9.1101e-03 ] 1.4375e-01
 2.006e+01 8.4772e-01 8.4772e-01 [ 1.2527e-04 5.3238e-02 3.0573e-01 4.7941e-01 9.2118e-03 ] 1.5228e-01
 2.017e+01 8.2840e-01 8.2840e-01 [ 1.1269e-04 5.1022e-02 2.9775e-01 4.7026e-01 9.2580e-03 ] 1.7160e-01
 2.029e+01 7.9024e-01 7.9024e-01 [ 9.9783e-05 4.7836e-02 2.8308e-01 4.5006e-01 9.1612e-03 ] 2.0976e-01
 2.040e+01 7.2469e-01 7.2469e-01 [ 8.5616e-05 4.3195e-02 2.5873e-01 4.1387e-01 8.8056e-03 ] 2.7531e-01
 2.051e+01 6.2924e-01 6.2924e-01 [ 7.0033e-05 3.6982e-02 2.2387e-01 3.6020e-01 8.1129e-03 ] 3.7076e-01
 2.063e+01 5.1314e-01 5.1314e-01 [ 5.4086e-05 2.9764e-02 1.8188e-01 2.9432e-01 7.1211e-03 ] 4.8686e-01
 2.074e+01 3.9389e-01 3.9389e-01 [ 3.9457e-05 2.2556e-02 1.3902e-01 2.2630e-01 5.9789e-03 ] 6.0611e-01
 2.085e+01 2.8744e-01 2.8744e-01 [ 2.7419e-05 1.6248e-02 1.0094e-01 1.6537e-01 4.8557e-03 ] 7.1256e-01
 2.097e+01 2.0199e-01 2.0199e-01 [ 1.8361e-05 1.1263e-02 7.0510e-02 1.1634e-01 3.8645e-03 ] 7.9801e-01
 2.108e+01 1.3836e-01 1.3836e-01 [ 1.1979e-05 7.6011e-03 4.7943e-02 7.9761e-02 3.0479e-03 ] 8.6164e-01
 2.119e+01 9.3307e-02 9.3307e-02 [ 7.6843e-06 5.0417e-03 3.2035e-02 5.3822e-02 2.4007e-03 ] 9.0669e-01
 2.131e+01 6.2409e-02 6.2409e-02 [ 4.8786e-06 3.3095e-03 2.1182e-02 3.6015e-02 1.8969e-03 ] 9.3759e-01
 2.142e+01 4.1628e-02 4.1628e-02 [ 3.0796e-06 2.1603e-03 1.3929e-02 2.4029e-02 1.5067e-03 ] 9.5837e-01
 2.153e+01 2.7799e-02 2.7799e-02 [ 1.9391e-06 1.4069e-03 9.1378e-03 1.6049e-02 1.2036e-03 ] 9.7220e-01
 2.165e+01 1.8639e-02 1.8639e-02 [ 1.2203e-06 9.1599e-04 5.9938e-03 1.0761e-02 9.6682e-04 ] 9.8136e-01
 2.176e+01 1.2575e-02 1.2575e-02 [ 7.6851e-07 5.9708e-04 3.9364e-03 7.2608e-03 7.8037e-04 ] 9.8742e-01
 2.187e+01 8.5525e-03 8.5525e-03 [ 4.8479e-07 3.8999e-04 2.5906e-03 4.9389e-03 6.3248e-04 ] 9.9145e-01
 2.199e+01 5.8718e-03 5.8718e-03 [ 3.0646e-07 2.5538e-04 1.7094e-03 3.3923e-03 5.1443e-04 ] 9.9413e-01
 2.210e+01 4.0748e-03 4.0748e-03 [ 1.9420e-07 1.6771e-04 1.1313e-03 2.3559e-03 4.1965e-04 ] 9.9593e-01
 2.221e+01 2.8613e-03 2.8613e-03 [ 1.2338e-07 1.1047e-04 7.5103e-04 1.6565e-03 3.4322e-04 ] 9.9714e-01
 2.233e+01 2.0349e-03 2.0349e-03 [ 7.8588e-08 7.2990e-05 5.0018e-04 1.1803e-03 2.8134e-04 ] 9.9797e-01
 2.244e+01 1.4667e-03 1.4667e-03 [ 5.0192e-08 4.8378e-05 3.3418e-04 8.5296e-04 2.3108e-04 ] 9.9853e-01
 2.255e+01 1.0719e-03 1.0719e-03 [ 3.2141e-08 3.2164e-05 2.2399e-04 6.2552e-04 1.9015e-04 ] 9.9893e-01
 2.267e+01 7.9439e-04 7.9439e-04 [ 2.0634e-08 2.1450e-05 1.5060e-04 4.6559e-04 1.5673e-04 ] 9.9921e-01
 2.278e+01 5.9701e-04 5.9701e-04 [ 1.3280e-08 1.4347e-05 1.0157e-04 3.5169e-04 1.2939e-04 ] 9.9940e-01
 2.289e+01 4.5480e-04 4.5480e-04 [ 8.5682e-09 9.6246e-06 6.8711e-05 2.6948e-04 1.0698e-04 ] 9.9955e-01
 2.301e+01 3.5097e-04 3.5097e-04 [ 5.5410e-09 6.4747e-06 4.6617e-05 2.0931e-04 8.8572e-05 ] 9.9965e-01
 2.312e+01 2.7415e-04 2.7415e-04 [ 3.5915e-09 4.3677e-06 3.1717e-05 1.6463e-04 7.3433e-05 ] 9.9973e-01
 2.323e+01 2.1654e-04 2.1654e-04 [ 2.3330e-09 2.9543e-06 2.1639e-05 1.3098e-04 6.0962e-05 ] 9.9978e-01
 2.335e+01 1.7277e-04 1.7277e-04 [ 1.5187e-09 2.0034e-06 1.4803e-05 1.0529e-04 5.0672e-05 ] 9.9983e-01
 2.346e+01 1.3909e-04 1.3909e-04 [ 9.9059e-10 1.3620e-06 1.0153e-05 8.5408e-05 4.2170e-05 ] 9.9986e-01
 2.357e+01 1.1288e-04 1.1288e-04 [ 6.4740e-10 9.2816e-07 6.9811e-06 6.9834e-05 3.5136e-05 ] 9.9989e-01
 2.369e+01 9.2247e-05 9.2247e-05 [ 4.2390e-10 6.3401e-07 4.8119e-06 5.7493e-05 2.9308e-05 ] 9.9991e-01
 2.380e+01 7.5844e-05 7.5844e-05 [ 2.7805e-10 4.3406e-07 3.3245e-06 4.7611e-05 2.4474e-05 ] 9.9992e-01
 2.391e+01 6.2685e-05 6.2685e-05 [ 1.8270e-10 2.9783e-07 2.3022e-06 3.9626e-05 2.0459e-05 ] 9.9994e-01
 2.403e+01 5.2043e-05 5.2043e-05 [ 1.2024e-10 2.0478e-07 1.5977e-06 3.3121e-05 1.7120e-05 ] 9.9995e-01
 2.414e+01 4.3376e-05 4.3376e-05 [ 7.9262e-11 1.4110e-07 1.1112e-06 2.7783e-05 1.4340e-05 ] 9.9996e-01
 2.425e+01 3.6272e-05 3.6272e-05 [ 5.2327e-11 9.7407e-08 7.7442e-07 2.3377e-05 1.2023e-05 ] 9.9996e-01
 2.437e+01 3.0419e-05 3.0419e-05 [ 3.4595e-11 6.7375e-08 5.4080e-07 1.9721e-05 1.0090e-05 ] 9.9997e-01
 2.448e+01 2.5573e-05 2.5573e-05 [ 2.2903e-11 4.6688e-08 3.7838e-07 1.6673e-05 8.4751e-06 ] 9.9997e-01
 2.459e+01 2.1545e-05 2.1545e-05 [ 1.5182e-11 3.2411e-08 2.6524e-07 1.4122e-05 7.1250e-06 ] 9.9998e-01
 2.471e+01 1.8185e-05 1.8185e-05 [ 1.0077e-11 2.2538e-08 1.8626e-07 1.1981e-05 5.9950e-06 ] 9.9998e-01
 2.482e+01 1.5373e-05 1.5373e-05 [ 6.6963e-12 1.5699e-08 1.3103e-07 1.0178e-05 5.0483e-06 ] 9.9998e-01
 2.493e+01 1.3015e-05 1.3015e-05 [ 4.4548e-12 1.0952e-08 9.2333e-08 8.6569e-06 4.2545e-06 ] 9.9999e-01
 2.505e+01 1.1032e-05 1.1032e-05 [ 2.9668e-12 7.6529e-09 6.5170e-08 7.3706e-06 3.5882e-06 ] 9.9999e-01
 2.516e+01 9.3610e-06 9.3610e-06 [ 1.9779e-12 5.3553e-09 4.6070e-08 6.2811e-06 3.0285e-06 ] 9.9999e-01
 2.527e+01 7.9511e-06 7.9511e-06 [ 1.3199e-12 3.7529e-09 3.2618e-08 5.3568e-06 2.5579e-06 ] 9.9999e-01
 2.539e+01 6.7594e-06 6.7594e-06 [ 8.8156e-13 2.6336e-09 2.3127e-08 4.5717e-06 2.1619e-06 ] 9.9999e-01
 2.550e+01 5.7508e-06 5.7508e-06 [ 5.8933e-13 1.8506e-09 1.6422e-08 3.9041e-06 1.8285e-06 ] 9.9999e-01
 2.561e+01 4.8963e-06 4.8963e-06 [ 3.9429e-13 1.3021e-09 1.1676e-08 3.3359e-06 1.5474e-06 ] 1.0000e+00
 2.573e+01 4.1714e-06 4.1714e-06 [ 2.6401e-13 9.1727e-10 8.3129e-09 2.8517e-06 1.3104e-06 ] 1.0000e+00
 2.584e+01 3.5559e-06 3.5559e-06 [ 1.7690e-13 6.4696e-10 5.9260e-09 2.4389e-06 1.1104e-06 ] 1.0000e+00
 2.595e+01 3.0329e-06 3.0329e-06 [ 1.1862e-13 4.5683e-10 4.2297e-09 2.0868e-06 9.4139e-07 ] 1.0000e+00
 2.607e+01 2.5881e-06 2.5881e-06 [ 7.9585e-14 3.2293e-10 3.0226e-09 1.7861e-06 7.9858e-07 ] 1.0000e+00
 2.618e+01 2.2095e-06 2.2095e-06 [ 5.3430e-14 2.2852e-10 2.1624e-09 1.5293e-06 6.7781e-07 ] 1.0000e+00
 2.629e+01 1.8872e-06 1.8872e-06 [ 3.5891e-14 1.6188e-10 1.5487e-09 1.3099e-06 5.7560e-07 ] 1.0000e+00
 2.641e+01 1.6125e-06 1.6125e-06 [ 2.4122e-14 1.1478e-10 1.1104e-09 1.1222e-06 4.8905e-07 ] 1.0000e+00
 2.652e+01 1.3783e-06 1.3783e-06 [ 1.6220e-14 8.1468e-11 7.9697e-10 9.6172e-07 4.1571e-07 ] 1.0000e+00
 2.663e+01 1.1786e-06 1.1786e-06 [ 1.0912e-14 5.7875e-11 5.7258e-10 8.2439e-07 3.5354e-07 ] 1.0000e+00
 2.675e+01 1.0081e-06 1.0081e-06 [ 7.3436e-15 4.1150e-11 4.1175e-10 7.0683e-07 3.0081e-07 ] 1.0000e+00
 2.686e+01 8.6255e-07 8.6255e-07 [ 4.9442e-15 2.9283e-11 2.9638e-10 6.0618e-07 2.5605e-07 ] 1.0000e+00
 2.697e+01 7.3824e-07 7.3824e-07 [ 3.3300e-15 2.0855e-11 2.1352e-10 5.1996e-07 2.1804e-07 ] 1.0000e+00
 2.709e+01 6.3203e-07 6.3203e-07 [ 2.2435e-15 1.4864e-11 1.5396e-10 4.4610e-07 1.8576e-07 ] 1.0000e+00
 2.720e+01 5.4123e-07 5.4123e-07 [ 1.5119e-15 1.0602e-11 1.1111e-10 3.8280e-07 1.5831e-07 ] 1.0000e+00
 2.731e+01 4.6360e-07 4.6360e-07 [ 1.0192e-15 7.5678e-12 8.0249e-11 3.2854e-07 1.3497e-07 ] 1.0000e+00
 2.743e+01 3.9720e-07 3.9720e-07 [ 6.8718e-16 5.4055e-12 5.8005e-11 2.8202e-07 1.1512e-07 ] 1.0000e+00
 2.754e+01 3.4038e-07 3.4038e-07 [ 4.6343e-16 3.8635e-12 4.1958e-11 2.4212e-07 9.8217e-08 ] 1.0000e+00
 2.765e+01 2.9176e-07 2.9176e-07 [ 3.1259e-16 2.7632e-12 3.0373e-11 2.0790e-07 8.3827e-08 ] 1.0000e+00
 2.777e+01 2.5013e-07 2.5013e-07 [ 2.1088e-16 1.9774e-12 2.2002e-11 1.7854e-07 7.1569e-08 ] 1.0000e+00
 2.788e+01 2.1448e-07 2.1448e-07 [ 1.4228e-16 1.4159e-12 1.5949e-11 1.5334e-07 6.1122e-08 ] 1.0000e+00
 2.799e+01 1.8395e-07 1.8395e-07 [ 9.6007e-17 1.0144e-12 1.1569e-11 1.3172e-07 5.2217e-08 ] 1.0000e+00
 2.811e+01 1.5779e-07 1.5779e-07 [ 6.4788e-17 7.2717e-13 8.3977e-12 1.1316e-07 4.4622e-08 ] 1.0000e+00
 2.822e+01 1.3538e-07 1.3538e-07 [ 4.3723e-17 5.2152e-13 6.0994e-12 9.7229e-08 3.8143e-08 ] 1.0000e+00
 2.833e+01 1.1617e-07 1.1617e-07 [ 2.9509e-17 3.7421e-13 4.4330e-12 8.3548e-08 3.2613e-08 ] 1.0000e+00
 2.845e+01 9.9695e-08 9.9695e-08 [ 1.9916e-17 2.6863e-13 3.2238e-12 7.1799e-08 2.7892e-08 ] 1.0000e+00
 2.856e+01 8.5572e-08 8.5572e-08 [ 1.3441e-17 1.9293e-13 2.3459e-12 6.1708e-08 2.3861e-08 ] 1.0000e+00
 2.867e+01 7.3460e-08 7.3460e-08 [ 9.0712e-18 1.3862e-13 1.7081e-12 5.3040e-08 2.0418e-08 ] 1.0000e+00
 2.879e+01 6.3070e-08 6.3070e-08 [ 6.1217e-18 9.9637e-14 1.2445e-12 4.5594e-08 1.7475e-08 ] 1.0000e+00
 2.890e+01 5.4157e-08 5.4157e-08 [ 4.1310e-18 7.1645e-14 9.0730e-13 3.9196e-08 1.4960e-08 ] 1.0000e+00
 2.901e+01 4.6509e-08 4.6509e-08 [ 2.7875e-18 5.1536e-14 6.6189e-13 3.3699e-08 1.2810e-08 ] 1.0000e+00
 2.913e+01 3.9946e-08 3.9946e-08 [ 1.8807e-18 3.7084e-14 4.8318e-13 2.8975e-08 1.0971e-08 ] 1.0000e+00
 2.924e+01 3.4313e-08 3.4313e-08 [ 1.2687e-18 2.6694e-14 3.5297e-13 2.4914e-08 9.3982e-09 ] 1.0000e+00
 2.935e+01 2.9477e-08 2.9477e-08 [ 8.5581e-19 1.9221e-14 2.5804e-13 2.1425e-08 8.0523e-09 ] 1.0000e+00
 2.947e+01 2.5325e-08 2.5325e-08 [ 5.7719e-19 1.3844e-14 1.8879e-13 1.8425e-08 6.9005e-09 ] 1.0000e+00
 2.958e+01 2.1761e-08 2.1761e-08 [ 3.8921e-19 9.9740e-15 1.3825e-13 1.5846e-08 5.9145e-09 ] 1.0000e+00
 2.969e+01 1.8699e-08 1.8699e-08 [ 2.6241e-19 7.1879e-15 1.0133e-13 1.3629e-08 5.0703e-09 ] 1.0000e+00
 2.981e+01 1.6070e-08 1.6070e-08 [ 1.7688e-19 5.1813e-15 7.4347e-14 1.1722e-08 4.3473e-09 ] 1.0000e+00
 2.992e+01 1.3811e-08 1.3811e-08 [ 1.1921e-19 3.7358e-15 5.4613e-14 1.0083e-08 3.7280e-09 ] 1.0000e+00
 3.003e+01 1.1871e-08 1.1871e-08 [ 8.0323e-20 2.6942e-15 4.0169e-14 8.6738e-09 3.1974e-09 ] 1.0000e+00
 3.015e+01 1.0204e-08 1.0204e-08 [ 5.4109e-20 1.9434e-15 2.9589e-14 7.4616e-09 2.7428e-09 ] 1.0000e+00
 3.026e+01 8.7723e-09 8.7723e-09 [ 3.6441e-20 1.4022e-15 2.1832e-14 6.4192e-09 2.3531e-09 ] 1.0000e+00
 3.037e+01 7.5417e-09 7.5417e-09 [ 2.4536e-20 1.0118e-15 1.6139e-14 5.5226e-09 2.0191e-09 ] 1.0000e+00
 3.049e+01 6.4841e-09 6.4841e-09 [ 1.6516e-20 7.3028e-16 1.1956e-14 4.7514e-09 1.7327e-09 ] 1.0000e+00
 3.060e+01 5.5752e-09 5.5752e-09 [ 1.1114e-20 5.2717e-16 8.8788e-15 4.0880e-09 1.4872e-09 ] 1.0000e+00
 3.071e+01 4.7939e-09 4.7939e-09 [ 7.4772e-21 3.8061e-16 6.6122e-15 3.5174e-09 1.2765e-09 ] 1.0000e+00
 3.083e+01 4.1224e-09 4.1224e-09 [ 5.0288e-21 2.7483e-16 4.9398e-15 3.0265e-09 1.0959e-09 ] 1.0000e+00
 3.094e+01 3.5451e-09 3.5451e-09 [ 3.3811e-21 1.9848e-16 3.7036e-15 2.6042e-09 9.4092e-10 ] 1.0000e+00
 3.105e+01 3.0488e-09 3.0488e-09 [ 2.2725e-21 1.4336e-16 2.7880e-15 2.2409e-09 8.0794e-10 ] 1.0000e+00
 3.117e+01 2.6222e-09 2.6222e-09 [ 1.5270e-21 1.0356e-16 2.1081e-15 1.9283e-09 6.9383e-10 ] 1.0000e+00
 3.128e+01 2.2553e-09 2.2553e-09 [ 1.0256e-21 7.4812e-17 1.6020e-15 1.6594e-09 5.9590e-10 ] 1.0000e+00
 3.139e+01 1.9399e-09 1.9399e-09 [ 6.8867e-22 5.4052e-17 1.2241e-15 1.4280e-09 5.1184e-10 ] 1.0000e+00
 3.151e+01 1.6686e-09 1.6686e-09 [ 4.6224e-22 3.9057e-17 9.4084e-16 1.2289e-09 4.3968e-10 ] 1.0000e+00
 3.162e+01 1.4353e-09 1.4353e-09 [ 3.1015e-22 2.8224e-17 7.2777e-16 1.0576e-09 3.7773e-10 ] 1.0000e+00
 3.173e+01 1.2347e-09 1.2347e-09 [ 2.0803e-22 2.0397e-17 5.6677e-16 9.1017e-10 3.2453e-10 ] 1.0000e+00
 3.185e+01 1.0622e-09 1.0622e-09 [ 1.3948e-22 1.4741e-17 4.4452e-16 7.8332e-10 2.7885e-10 ] 1.0000e+00
 3.196e+01 9.1377e-10 9.1377e-10 [ 9.3480e-23 1.0655e-17 3.5120e-16 6.7415e-10 2.3962e-10 ] 1.0000e+00
 3.207e+01 7.8613e-10 7.8613e-10 [ 6.2627e-23 7.7012e-18 2.7953e-16 5.8021e-10 2.0592e-10 ] 1.0000e+00
 3.219e+01 6.7634e-10 6.7634e-10 [ 4.1940e-23 5.5667e-18 2.2415e-16 4.9937e-10 1.7697e-10 ] 1.0000e+00
 3.230e+01 5.8190e-10 5.8190e-10 [ 2.8075e-23 4.0240e-18 1.8107e-16 4.2979e-10 1.5211e-10 ] 1.0000e+00
 3.241e+01 5.0066e-10 5.0066e-10 [ 1.8786e-23 2.9089e-18 1.4731e-16 3.6992e-10 1.3075e-10 ] 1.0000e+00
 3.253e+01 4.3077e-10 4.3077e-10 [ 1.2565e-23 2.1028e-18 1.2067e-16 3.1838e-10 1.1239e-10 ] 1.0000e+00
 3.264e+01 3.7065e-10 3.7065e-10 [ 8.4007e-24 1.5202e-18 9.9480e-17 2.7403e-10 9.6616e-11 ] 1.0000e+00
 3.275e+01 3.1893e-10 3.1893e-10 [ 5.6141e-24 1.0989e-18 8.2507e-17 2.3586e-10 8.3062e-11 ] 1.0000e+00
 3.287e+01 2.7443e-10 2.7443e-10 [ 3.7501e-24 7.9445e-19 6.8808e-17 2.0301e-10 7.1413e-11 ] 1.0000e+00
 3.298e+01 2.3614e-10 2.3614e-10 [ 2.5039e-24 5.7433e-19 5.7671e-17 1.7474e-10 6.1401e-11 ] 1.0000e+00
 3.309e+01 2.0320e-10 2.0320e-10 [ 1.6711e-24 4.1519e-19 4.8553e-17 1.5040e-10 5.2795e-11 ] 1.0000e+00
 3.321e+01 1.7485e-10 1.7485e-10 [ 1.1148e-24 3.0014e-19 4.1040e-17 1.2946e-10 4.5398e-11 ] 1.0000e+00
 3.332e+01 1.5047e-10 1.5047e-10 [ 7.4333e-25 2.1697e-19 3.4811e-17 1.1143e-10 3.9039e-11 ] 1.0000e+00
 3.343e+01 1.2948e-10 1.2948e-10 [ 4.9541e-25 1.5684e-19 2.9618e-17 9.5910e-11 3.3572e-11 ] 1.0000e+00
 3.355e+01 1.1143e-10 1.1143e-10 [ 3.3003e-25 1.1338e-19 2.5265e-17 8.2554e-11 2.8872e-11 ] 1.0000e+00
 3.366e+01 9.5890e-11 9.5890e-11 [ 2.1975e-25 8.1952e-20 2.1601e-17 7.1058e-11 2.4831e-11 ] 1.0000e+00
 3.377e+01 8.2520e-11 8.2520e-11 [ 1.4625e-25 5.9236e-20 1.8503e-17 6.1163e-11 2.1357e-11 ] 1.0000e+00
 3.389e+01 7.1015e-11 7.1015e-11 [ 9.7288e-26 4.2814e-20 1.5875e-17 5.2646e-11 1.8369e-11 ] 1.0000e+00
 3.400e+01 6.1115e-11 6.1115e-11 [ 6.4686e-26 3.0944e-20 1.3639e-17 4.5315e-11 1.5800e-11 ] 1.0000e+00
 3.411e+01 5.2596e-11 5.2596e-11 [ 4.2988e-26 2.2363e-20 1.1730e-17 3.9005e-11 1.3590e-11 ] 1.0000e+00
 3.423e+01 4.5264e-11 4.5264e-11 [ 2.8554e-26 1.6161e-20 1.0098e-17 3.3574e-11 1.1690e-11 ] 1.0000e+00
 3.434e+01 3.8955e-11 3.8955e-11 [ 1.8957e-26 1.1679e-20 8.6988e-18 2.8899e-11 1.0056e-11 ] 1.0000e+00
 3.445e+01 3.3525e-11 3.3525e-11 [ 1.2579e-26 8.4389e-21 7.4980e-18 2.4874e-11 8.6507e-12 ] 1.0000e+00
 3.457e+01 2.8852e-11 2.8852e-11 [ 8.3432e-27 6.0975e-21 6.4658e-18 2.1411e-11 7.4418e-12 ] 1.0000e+00
 3.468e+01 2.4831e-11 2.4831e-11 [ 5.5307e-27 4.4054e-21 5.5776e-18 1.8429e-11 6.4021e-12 ] 1.0000e+00
 3.479e+01 2.1370e-11 2.1370e-11 [ 3.6644e-27 3.1826e-21 4.8126e-18 1.5863e-11 5.5077e-12 ] 1.0000e+00
 3.491e+01 1.8392e-11 1.8392e-11 [ 2.4267e-27 2.2991e-21 4.1532e-18 1.3654e-11 4.7384e-12 ] 1.0000e+00
 3.502e+01 1.5829e-11 1.5829e-11 [ 1.6062e-27 1.6607e-21 3.5845e-18 1.1752e-11 4.0767e-12 ] 1.0000e+00
 3.513e+01 1.3623e-11 1.3623e-11 [ 1.0625e-27 1.1995e-21 3.0938e-18 1.0115e-11 3.5074e-12 ] 1.0000e+00
 3.525e+01 1.1724e-11 1.1724e-11 [ 7.0253e-28 8.6627e-22 2.6702e-18 8.7066e-12 3.0177e-12 ] 1.0000e+00
 3.536e+01 1.0090e-11 1.0090e-11 [ 4.6426e-28 6.2558e-22 2.3046e-18 7.4940e-12 2.5964e-12 ] 1.0000e+00
 3.547e+01 8.6842e-12 8.6842e-12 [ 3.0664e-28 4.5172e-22 1.9889e-18 6.4502e-12 2.2339e-12 ] 1.0000e+00
 3.559e+01 7.4739e-12 7.4739e-12 [ 2.0242e-28 3.2615e-22 1.7162e-18 5.5518e-12 1.9221e-12 ] 1.0000e+00
 3.570e+01 6.4323e-12 6.4323e-12 [ 1.3355e-28 2.3547e-22 1.4808e-18 4.7785e-12 1.6539e-12 ] 1.0000e+00
 3.581e+01 5.5359e-12 5.5359e-12 [ 8.8070e-29 1.6998e-22 1.2774e-18 4.1129e-12 1.4230e-12 ] 1.0000e+00
 3.593e+01 4.7644e-12 4.7644e-12 [ 5.8045e-29 1.2270e-22 1.1019e-18 3.5399e-12 1.2245e-12 ] 1.0000e+00
 3.604e+01 4.1004e-12 4.1004e-12 [ 3.8235e-29 8.8555e-23 9.5026e-19 3.0468e-12 1.0536e-12 ] 1.0000e+00
 3.615e+01 3.5289e-12 3.5289e-12 [ 2.5172e-29 6.3908e-23 8.1937e-19 2.6223e-12 9.0660e-13 ] 1.0000e+00
 3.627e+01 3.0371e-12 3.0371e-12 [ 1.6563e-29 4.6116e-23 7.0638e-19 2.2570e-12 7.8011e-13 ] 1.0000e+00
 3.638e+01 2.6138e-12 2.6138e-12 [ 1.0893e-29 3.3274e-23 6.0886e-19 1.9425e-12 6.7127e-13 ] 1.0000e+00
 3.649e+01 2.2495e-12 2.2495e-12 [ 7.1595e-30 2.4006e-23 5.2470e-19 1.6719e-12 5.7763e-13 ] 1.0000e+00
 3.661e+01 1.9359e-12 1.9359e-12 [ 4.7032e-30 1.7317e-23 4.5209e-19 1.4389e-12 4.9705e-13 ] 1.0000e+00
 3.672e+01 1.6661e-12 1.6661e-12 [ 3.0879e-30 1.2491e-23 3.8945e-19 1.2384e-12 4.2771e-13 ] 1.0000e+00
 3.683e+01 1.4339e-12 1.4339e-12 [ 2.0262e-30 9.0092e-24 3.3542e-19 1.0658e-12 3.6805e-13 ] 1.0000e+00
 3.695e+01 1.2340e-12 1.2340e-12 [ 1.3288e-30 6.4972e-24 2.8883e-19 9.1727e-13 3.1671e-13 ] 1.0000e+00
 3.706e+01 1.0620e-12 1.0620e-12 [ 8.7098e-31 4.6852e-24 2.4867e-19 7.8943e-13 2.7254e-13 ] 1.0000e+00
 3.717e+01 9.1392e-13 9.1392e-13 [ 5.7056e-31 3.3782e-24 2.1405e-19 6.7940e-13 2.3453e-13 ] 1.0000e+00
 3.729e+01 7.8651e-13 7.8651e-13 [ 3.7355e-31 2.4356e-24 1.8421e-19 5.8469e-13 2.0181e-13 ] 1.0000e+00
 3.740e+01 6.7685e-13 6.7685e-13 [ 2.4443e-31 1.7559e-24 1.5850e-19 5.0319e-13 1.7367e-13 ] 1.0000e+00
 3.751e+01 5.8248e-13 5.8248e-13 [ 1.5985e-31 1.2657e-24 1.3636e-19 4.3304e-13 1.4944e-13 ] 1.0000e+00
 3.763e+01 5.0127e-13 5.0127e-13 [ 1.0448e-31 9.1236e-25 1.1728e-19 3.7267e-13 1.2860e-13 ] 1.0000e+00
 3.774e+01 4.3137e-13 4.3137e-13 [ 6.8249e-32 6.5761e-25 1.0086e-19 3.2071e-13 1.1067e-13 ] 1.0000e+00
 3.785e+01 3.7122e-13 3.7122e-13 [ 4.4557e-32 4.7397e-25 8.6720e-20 2.7599e-13 9.5230e-14 ] 1.0000e+00
 3.797e+01 3.1945e-13 3.1945e-13 [ 2.9073e-32 3.4160e-25 7.4549e-20 2.3750e-13 8.1948e-14 ] 1.0000e+00
 3.808e+01 2.7490e-13 2.7490e-13 [ 1.8959e-32 2.4620e-25 6.4075e-20 2.0438e-13 7.0519e-14 ] 1.0000e+00
 3.819e+01 2.3656e-13 2.3656e-13 [ 1.2356e-32 1.7744e-25 5.5064e-20 1.7588e-13 6.0683e-14 ] 1.0000e+00
 3.831e+01 2.0356e-13 2.0356e-13 [ 8.0482e-33 1.2789e-25 4.7311e-20 1.5135e-13 5.2219e-14 ] 1.0000e+00
 3.842e+01 1.7517e-13 1.7517e-13 [ 5.2392e-33 9.2180e-26 4.0643e-20 1.3023e-13 4.4936e-14 ] 1.0000e+00
 3.853e+01 1.5073e-13 1.5073e-13 [ 3.4087e-33 6.6448e-26 3.4910e-20 1.1207e-13 3.8668e-14 ] 1.0000e+00
 3.865e+01 1.2971e-13 1.2971e-13 [ 2.2164e-33 4.7906e-26 2.9980e-20 9.6432e-14 3.3274e-14 ] 1.0000e+00
 3.876e+01 1.1161e-13 1.1161e-13 [ 1.4404e-33 3.4544e-26 2.5742e-20 8.2978e-14 2.8633e-14 ] 1.0000e+00
 3.887e+01 9.6039e-14 9.6039e-14 [ 9.3548e-34 2.4915e-26 2.2100e-20 7.1400e-14 2.4639e-14 ] 1.0000e+00
 3.899e+01 8.2638e-14 8.2638e-14 [ 6.0722e-34 1.7975e-26 1.8970e-20 6.1437e-14 2.1202e-14 ] 1.0000e+00
 3.910e+01 7.1107e-14 7.1107e-14 [ 3.9391e-34 1.2973e-26 1.6281e-20 5.2863e-14 1.8244e-14 ] 1.0000e+00
 3.921e+01 6.1184e-14 6.1184e-14 [ 2.5539e-34 9.3669e-27 1.3972e-20 4.5485e-14 1.5699e-14 ] 1.0000e+00
 3.933e+01 5.2645e-14 5.2645e-14 [ 1.6548e-34 6.7670e-27 1.1988e-20 3.9136e-14 1.3509e-14 ] 1.0000e+00
 3.944e+01 4.5297e-14 4.5297e-14 [ 1.0716e-34 4.8919e-27 1.0284e-20 3.3673e-14 1.1624e-14 ] 1.0000e+00
 3.955e+01 3.8974e-14 3.8974e-14 [ 6.9357e-35 3.5391e-27 8.8212e-21 2.8972e-14 1.0002e-14 ] 1.0000e+00
 3.967e+01 3.3534e-14 3.3534e-14 [ 4.4862e-35 2.5627e-27 7.5654e-21 2.4927e-14 8.6064e-15 ] 1.0000e+00
 3.978e+01 2.8852e-14 2.8852e-14 [ 2.9000e-35 1.8578e-27 6.4876e-21 2.1447e-14 7.4055e-15 ] 1.0000e+00
 3.989e+01 2.4824e-14 2.4824e-14 [ 1.8736e-35 1.3484e-27 5.5625e-21 1.8452e-14 6.3721e-15 ] 1.0000e+00
 4.001e+01 2.1358e-14 2.1358e-14 [ 1.2098e-35 9.8013e-28 4.7687e-21 1.5875e-14 5.4828e-15 ] 1.0000e+00
 4.012e+01 1.8376e-14 1.8376e-14 [ 7.8066e-36 7.1365e-28 4.0877e-21 1.3658e-14 4.7177e-15 ] 1.0000e+00
 4.023e+01 1.5810e-14 1.5810e-14 [ 5.0346e-36 5.2063e-28 3.5035e-21 1.1750e-14 4.0592e-15 ] 1.0000e+00
 4.035e+01 1.3602e-14 1.3602e-14 [ 3.2450e-36 3.8066e-28 3.0024e-21 1.0109e-14 3.4927e-15 ] 1.0000e+00
 4.046e+01 1.1702e-14 1.1702e-14 [ 2.0903e-36 2.7902e-28 2.5726e-21 8.6967e-15 3.0051e-15 ] 1.0000e+00
 4.057e+01 1.0067e-14 1.0067e-14 [ 1.3457e-36 2.0510e-28 2.2041e-21 7.4816e-15 2.5856e-15 ] 1.0000e+00
 4.069e+01 8.6609e-15 8.6609e-15 [ 8.6580e-37 1.5124e-28 1.8882e-21 6.4362e-15 2.2247e-15 ] 1.0000e+00
 4.080e+01 7.4509e-15 7.4509e-15 [ 5.5672e-37 1.1192e-28 1.6173e-21 5.5368e-15 1.9141e-15 ] 1.0000e+00
 4.091e+01 6.4098e-15 6.4098e-15 [ 3.5777e-37 8.3146e-29 1.3852e-21 4.7630e-15 1.6468e-15 ] 1.0000e+00
 4.103e+01 5.5142e-15 5.5142e-15 [ 2.2978e-37 6.2029e-29 1.1862e-21 4.0973e-15 1.4169e-15 ] 1.0000e+00
 4.114e+01 4.7436e-15 4.7436e-15 [ 1.4749e-37 4.6488e-29 1.0157e-21 3.5245e-15 1.2190e-15 ] 1.0000e+00
 4.125e+01 4.0806e-15 4.0806e-15 [ 9.4610e-38 3.5011e-29 8.6962e-22 3.0318e-15 1.0488e-15 ] 1.0000e+00
 4.137e+01 3.5103e-15 3.5103e-15 [ 6.0655e-38 2.6504e-29 7.4446e-22 2.6079e-15 9.0233e-16 ] 1.0000e+00
 4.148e+01 3.0196e-15 3.0196e-15 [ 3.8863e-38 2.0173e-29 6.3725e-22 2.2433e-15 7.7630e-16 ] 1.0000e+00
 4.159e+01 2.5974e-15 2.5974e-15 [ 2.4885e-38 1.5441e-29 5.4541e-22 1.9296e-15 6.6787e-16 ] 1.0000e+00
 4.171e+01 2.2343e-15 2.2343e-15 [ 1.5926e-38 1.1887e-29 4.6677e-22 1.6597e-15 5.7458e-16 ] 1.0000e+00
 4.182e+01 1.9219e-15 1.9219e-15 [ 1.0186e-38 9.2033e-30 3.9942e-22 1.4276e-15 4.9431e-16 ] 1.0000e+00
 4.193e+01 1.6531e-15 1.6531e-15 [ 6.5106e-39 7.1669e-30 3.4175e-22 1.2279e-15 4.2525e-16 ] 1.0000e+00
 4.205e+01 1.4219e-15 1.4219e-15 [ 4.1591e-39 5.6129e-30 2.9238e-22 1.0561e-15 3.6583e-16 ] 1.0000e+00
 4.216e+01 1.2230e-15 1.2230e-15 [ 2.6553e-39 4.4201e-30 2.5012e-22 9.0834e-16 3.1471e-16 ] 1.0000e+00
 4.227e+01 1.0520e-15 1.0520e-15 [ 1.6942e-39 3.4993e-30 2.1394e-22 7.8123e-16 2.7073e-16 ] 1.0000e+00
 4.239e+01 9.0480e-16 9.0480e-16 [ 1.0803e-39 2.7843e-30 1.8298e-22 6.7191e-16 2.3289e-16 ] 1.0000e+00
 4.250e+01 7.7821e-16 7.7821e-16 [ 6.8849e-40 2.2259e-30 1.5648e-22 5.7787e-16 2.0034e-16 ] 1.0000e+00
 4.261e+01 6.6932e-16 6.6932e-16 [ 4.3850e-40 1.7873e-30 1.3381e-22 4.9698e-16 1.7234e-16 ] 1.0000e+00
 4.273e+01 5.7565e-16 5.7565e-16 [ 2.7912e-40 1.4409e-30 1.1441e-22 4.2741e-16 1.4824e-16 ] 1.0000e+00
 4.284e+01 4.9509e-16 4.9509e-16 [ 1.7756e-40 1.1660e-30 9.7817e-23 3.6757e-16 1.2752e-16 ] 1.0000e+00
 4.295e+01 4.2579e-16 4.2579e-16 [ 1.1289e-40 9.4663e-31 8.3620e-23 3.1610e-16 1.0969e-16 ] 1.0000e+00
 4.307e+01 3.6619e-16 3.6619e-16 [ 7.1727e-41 7.7084e-31 7.1478e-23 2.7184e-16 9.4351e-17 ] 1.0000e+00
 4.318e+01 3.1492e-16 3.1492e-16 [ 4.5547e-41 6.2936e-31 6.1093e-23 2.3376e-16 8.1156e-17 ] 1.0000e+00
 4.329e+01 2.7083e-16 2.7083e-16 [ 2.8905e-41 5.1504e-31 5.2212e-23 2.0102e-16 6.9806e-17 ] 1.0000e+00
 4.341e+01 2.3290e-16 2.3290e-16 [ 1.8333e-41 4.2235e-31 4.4618e-23 1.7286e-16 6.0042e-17 ] 1.0000e+00
 4.352e+01 2.0029e-16 2.0029e-16 [ 1.1621e-41 3.4696e-31 3.8125e-23 1.4864e-16 5.1643e-17 ] 1.0000e+00
 4.363e+01 1.7223e-16 1.7223e-16 [ 7.3615e-42 2.8545e-31 3.2574e-23 1.2782e-16 4.4418e-17 ] 1.0000e+00
 4.375e+01 1.4811e-16 1.4811e-16 [ 4.6606e-42 2.3516e-31 2.7829e-23 1.0990e-16 3.8203e-17 ] 1.0000e+00
 4.386e+01 1.2736e-16 1.2736e-16 [ 2.9489e-42 1.9394e-31 2.3773e-23 9.4501e-17 3.2857e-17 ] 1.0000e+00
 4.397e+01 1.0951e-16 1.0951e-16 [ 1.8647e-42 1.6010e-31 2.0306e-23 8.1255e-17 2.8259e-17 ] 1.0000e+00
 4.409e+01 9.4169e-17 9.4169e-17 [ 1.1785e-42 1.3226e-31 1.7343e-23 6.9865e-17 2.4304e-17 ] 1.0000e+00
 4.420e+01 8.0972e-17 8.0972e-17 [ 7.4431e-43 1.0934e-31 1.4812e-23 6.0069e-17 2.0902e-17 ] 1.0000e+00
 4.431e+01 6.9623e-17 6.9623e-17 [ 4.6982e-43 9.0432e-32 1.2648e-23 5.1647e-17 1.7976e-17 ] 1.0000e+00
 4.443e+01 5.9864e-17 5.9864e-17 [ 2.9638e-43 7.4827e-32 1.0800e-23 4.4404e-17 1.5460e-17 ] 1.0000e+00
 4.454e+01 5.1471e-17 5.1471e-17 [ 1.8686e-43 6.1934e-32 9.2213e-24 3.8176e-17 1.3295e-17 ] 1.0000e+00
 4.465e+01 4.4255e-17 4.4255e-17 [ 1.1774e-43 5.1275e-32 7.8725e-24 3.2821e-17 1.1433e-17 ] 1.0000e+00
 4.477e+01 3.8049e-17 3.8049e-17 [ 7.4140e-44 4.2458e-32 6.7204e-24 2.8217e-17 9.8321e-18 ] 1.0000e+00
 4.488e+01 3.2713e-17 3.2713e-17 [ 4.6659e-44 3.5161e-32 5.7364e-24 2.4258e-17 8.4550e-18 ] 1.0000e+00
 4.499e+01 2.8125e-17 2.8125e-17 [ 2.9347e-44 2.9120e-32 4.8961e-24 2.0854e-17 7.2707e-18 ] 1.0000e+00
 4.511e+01 2.4179e-17 2.4179e-17 [ 1.8447e-44 2.4117e-32 4.1785e-24 1.7927e-17 6.2521e-18 ] 1.0000e+00
 4.522e+01 2.0787e-17 2.0787e-17 [ 1.1589e-44 1.9973e-32 3.5658e-24 1.5411e-17 5.3761e-18 ] 1.0000e+00
 4.533e+01 1.7871e-17 1.7871e-17 [ 7.2758e-45 1.6540e-32 3.0427e-24 1.3248e-17 4.6228e-18 ] 1.0000e+00
 4.545e+01 1.5363e-17 1.5363e-17 [ 4.5653e-45 1.3696e-32 2.5961e-24 1.1388e-17 3.9750e-18 ] 1.0000e+00
 4.556e+01 1.3207e-17 1.3207e-17 [ 2.8629e-45 1.1340e-32 2.2149e-24 9.7888e-18 3.4179e-18 ] 1.0000e+00
 4.567e+01 1.1353e-17 1.1353e-17 [ 1.7942e-45 9.3876e-33 1.8895e-24 8.4141e-18 2.9388e-18 ] 1.0000e+00
 4.579e+01 9.7592e-18 9.7592e-18 [ 1.1238e-45 7.7704e-33 1.6118e-24 7.2324e-18 2.5268e-18 ] 1.0000e+00
 4.590e+01 8.3890e-18 8.3890e-18 [ 7.0350e-46 6.4307e-33 1.3747e-24 6.2165e-18 2.1725e-18 ] 1.0000e+00
 4.601e+01 7.2110e-18 7.2110e-18 [ 4.4012e-46 5.3210e-33 1.1725e-24 5.3431e-18 1.8679e-18 ] 1.0000e+00
 4.613e+01 6.1983e-18 6.1983e-18 [ 2.7518e-46 4.4020e-33 9.9988e-25 4.5924e-18 1.6059e-18 ] 1.0000e+00
 4.624e+01 5.3277e-18 5.3277e-18 [ 1.7196e-46 3.6409e-33 8.5262e-25 3.9470e-18 1.3807e-18 ] 1.0000e+00
 4.635e+01 4.5793e-18 4.5793e-18 [ 1.0739e-46 3.0108e-33 7.2700e-25 3.3923e-18 1.1870e-18 ] 1.0000e+00
 4.647e+01 3.9360e-18 3.9360e-18 [ 6.7028e-47 2.4892e-33 6.1983e-25 2.9155e-18 1.0205e-18 ] 1.0000e+00
 4.658e+01 3.3829e-18 3.3829e-18 [ 4.1812e-47 2.0576e-33 5.2841e-25 2.5056e-18 8.7732e-19 ] 1.0000e+00
 4.669e+01 2.9075e-18 2.9075e-18 [ 2.6067e-47 1.7003e-33 4.5044e-25 2.1533e-18 7.5421e-19 ] 1.0000e+00
 4.681e+01 2.4989e-18 2.4989e-18 [ 1.6241e-47 1.4048e-33 3.8395e-25 1.8505e-18 6.4837e-19 ] 1.0000e+00
 4.692e+01 2.1476e-18 2.1476e-18 [ 1.0114e-47 1.1604e-33 3.2724e-25 1.5903e-18 5.5736e-19 ] 1.0000e+00
 4.703e+01 1.8457e-18 1.8457e-18 [ 6.2945e-48 9.5825e-34 2.7888e-25 1.3666e-18 4.7912e-19 ] 1.0000e+00
 4.715e+01 1.5862e-18 1.5862e-18 [ 3.9153e-48 7.9113e-34 2.3765e-25 1.1743e-18 4.1186e-19 ] 1.0000e+00
 4.726e+01 1.3631e-18 1.3631e-18 [ 2.4340e-48 6.5300e-34 2.0250e-25 1.0091e-18 3.5403e-19 ] 1.0000e+00
 4.737e+01 1.1714e-18 1.1714e-18 [ 1.5123e-48 5.3885e-34 1.7254e-25 8.6709e-19 3.0431e-19 ] 1.0000e+00
 4.749e+01 1.0066e-18 1.0066e-18 [ 9.3913e-49 4.4454e-34 1.4699e-25 7.4505e-19 2.6157e-19 ] 1.0000e+00
 4.760e+01 8.6501e-19 8.6501e-19 [ 5.8288e-49 3.6665e-34 1.2522e-25 6.4018e-19 2.2483e-19 ] 1.0000e+00
 4.771e+01 7.4330e-19 7.4330e-19 [ 3.6158e-49 3.0233e-34 1.0666e-25 5.5005e-19 1.9324e-19 ] 1.0000e+00
 4.783e+01 6.3870e-19 6.3870e-19 [ 2.2418e-49 2.4923e-34 9.0849e-26 4.7260e-19 1.6609e-19 ] 1.0000e+00
 4.794e+01 5.4880e-19 5.4880e-19 [ 1.3892e-49 2.0540e-34 7.7372e-26 4.0605e-19 1.4275e-19 ] 1.0000e+00
 4.805e+01 4.7155e-19 4.7155e-19 [ 8.6048e-50 1.6924e-34 6.5890e-26 3.4886e-19 1.2269e-19 ] 1.0000e+00
 4.817e+01 4.0516e-19 4.0516e-19 [ 5.3272e-50 1.3941e-34 5.6107e-26 2.9972e-19 1.0545e-19 ] 1.0000e+00
 4.828e+01 3.4811e-19 3.4811e-19 [ 3.2966e-50 1.1481e-34 4.7772e-26 2.5749e-19 9.0622e-20 ] 1.0000e+00
 4.839e+01 2.9909e-19 2.9909e-19 [ 2.0391e-50 9.4520e-35 4.0672e-26 2.2121e-19 7.7881e-20 ] 1.0000e+00
 4.851e+01 2.5696e-19 2.5696e-19 [ 1.2608e-50 7.7799e-35 3.4624e-26 1.9003e-19 6.6929e-20 ] 1.0000e+00
 4.862e+01 2.2076e-19 2.2076e-19 [ 7.7922e-51 6.4019e-35 2.9473e-26 1.6325e-19 5.7516e-20 ] 1.0000e+00
 4.873e+01 1.8966e-19 1.8966e-19 [ 4.8143e-51 5.2666e-35 2.5086e-26 1.4023e-19 4.9426e-20 ] 1.0000e+00
 4.885e+01 1.6293e-19 1.6293e-19 [ 2.9736e-51 4.3315e-35 2.1351e-26 1.2046e-19 4.2473e-20 ] 1.0000e+00
 4.896e+01 1.3997e-19 1.3997e-19 [ 1.8362e-51 3.5616e-35 1.8170e-26 1.0347e-19 3.6497e-20 ] 1.0000e+00
 4.907e+01 1.2024e-19 1.2024e-19 [ 1.1336e-51 2.9277e-35 1.5461e-26 8.8881e-20 3.1362e-20 ] 1.0000e+00
 4.919e+01 1.0329e-19 1.0329e-19 [ 6.9969e-52 2.4060e-35 1.3156e-26 7.6343e-20 2.6948e-20 ] 1.0000e+00
 4.930e+01 8.8727e-20 8.8727e-20 [ 4.3185e-52 1.9767e-35 1.1193e-26 6.5572e-20 2.3155e-20 ] 1.0000e+00
 4.941e+01 7.6215e-20 7.6215e-20 [ 2.6653e-52 1.6237e-35 9.5220e-27 5.6320e-20 1.9895e-20 ] 1.0000e+00
 4.953e+01 6.5465e-20 6.5465e-20 [ 1.6451e-52 1.3333e-35 8.0998e-27 4.8371e-20 1.7094e-20 ] 1.0000e+00
 4.964e+01 5.6230e-20 5.6230e-20 [ 1.0156e-52 1.0946e-35 6.8895e-27 4.1544e-20 1.4687e-20 ] 1.0000e+00
 4.975e+01 4.8297e-20 4.8297e-20 [ 6.2712e-53 8.9833e-36 5.8595e-27 3.5679e-20 1.2618e-20 ] 1.0000e+00
 4.987e+01 4.1482e-20 4.1482e-20 [ 3.8740e-53 7.3710e-36 4.9831e-27 3.0641e-20 1.0841e-20 ] 1.0000e+00
 4.998e+01 3.5628e-20 3.5628e-20 [ 2.3945e-53 6.0464e-36 4.2374e-27 2.6314e-20 9.3136e-21 ] 1.0000e+00
 5.009e+01 3.0599e-20 3.0599e-20 [ 1.4811e-53 4.9585e-36 3.6029e-27 2.2597e-20 8.0013e-21 ] 1.0000e+00
 5.021e+01 2.6279e-20 2.6279e-20 [ 9.1688e-54 4.0653e-36 3.0632e-27 1.9405e-20 6.8737e-21 ] 1.0000e+00
 5.032e+01 2.2568e-20 2.2568e-20 [ 5.6822e-54 3.3321e-36 2.6041e-27 1.6663e-20 5.9049e-21 ] 1.0000e+00
 5.043e+01 1.9381e-20 1.9381e-20 [ 3.5261e-54 2.7305e-36 2.2136e-27 1.4309e-20 5.0725e-21 ] 1.0000e+00
 5.055e+01 1.6644e-20 1.6644e-20 [ 2.1914e-54 2.2368e-36 1.8815e-27 1.2286e-20 4.3573e-21 ] 1.0000e+00
 5.066e+01 1.4292e-20 1.4292e-20 [ 1.3644e-54 1.8320e-36 1.5991e-27 1.0549e-20 3.7429e-21 ] 1.0000e+00
 5.077e+01 1.2273e-20 1.2273e-20 [ 8.5126e-55 1.5000e-36 1.3589e-27 9.0579e-21 3.2150e-21 ] 1.0000e+00
 5.089e+01 1.0539e-20 1.0539e-20 [ 5.3236e-55 1.2278e-36 1.1548e-27 7.7770e-21 2.7616e-21 ] 1.0000e+00
 5.100e+01 9.0491e-21 9.0491e-21 [ 3.3382e-55 1.0048e-36 9.8116e-28 6.6771e-21 2.3720e-21 ] 1.0000e+00
 5.111e+01 7.7699e-21 7.7699e-21 [ 2.0995e-55 8.2203e-37 8.3358e-28 5.7326e-21 2.0373e-21 ] 1.0000e+00
 5.123e+01 6.6713e-21 6.6713e-21 [ 1.3248e-55 6.7234e-37 7.0813e-28 4.9215e-21 1.7498e-21 ] 1.0000e+00
 5.134e+01 5.7279e-21 5.7279e-21 [ 8.3899e-56 5.4976e-37 6.0151e-28 4.2251e-21 1.5028e-21 ] 1.0000e+00
 5.145e+01 4.9178e-21 4.9178e-21 [ 5.3342e-56 4.4941e-37 5.1090e-28 3.6271e-21 1.2907e-21 ] 1.0000e+00
 5.157e+01 4.2221e-21 4.2221e-21 [ 3.4057e-56 3.6728e-37 4.3389e-28 3.1137e-21 1.1084e-21 ] 1.0000e+00
 5.168e+01 3.6247e-21 3.6247e-21 [ 2.1841e-56 3.0008e-37 3.6846e-28 2.6728e-21 9.5191e-22 ] 1.0000e+00
 5.179e+01 3.1118e-21 3.1118e-21 [ 1.4072e-56 2.4511e-37 3.1287e-28 2.2943e-21 8.1747e-22 ] 1.0000e+00
 5.191e+01 2.6714e-21 2.6714e-21 [ 9.1106e-57 2.0015e-37 2.6564e-28 1.9694e-21 7.0199e-22 ] 1.0000e+00
 5.202e+01 2.2932e-21 2.2932e-21 [ 5.9275e-57 1.6340e-37 2.2551e-28 1.6904e-21 6.0281e-22 ] 1.0000e+00
 5.213e+01 1.9685e-21 1.9685e-21 [ 3.8757e-57 1.3336e-37 1.9143e-28 1.4509e-21 5.1763e-22 ] 1.0000e+00
 5.225e+01 1.6898e-21 1.6898e-21 [ 2.5468e-57 1.0881e-37 1.6249e-28 1.2453e-21 4.4448e-22 ] 1.0000e+00
 5.236e+01 1.4504e-21 1.4504e-21 [ 1.6817e-57 8.8756e-38 1.3791e-28 1.0688e-21 3.8165e-22 ] 1.0000e+00
 5.247e+01 1.2450e-21 1.2450e-21 [ 1.1158e-57 7.2379e-38 1.1703e-28 9.1727e-22 3.2769e-22 ] 1.0000e+00
 5.259e+01 1.0686e-21 1.0686e-21 [ 7.4369e-58 5.9008e-38 9.9310e-29 7.8721e-22 2.8135e-22 ] 1.0000e+00
 5.270e+01 9.1714e-22 9.1714e-22 [ 4.9784e-58 4.8094e-38 8.4262e-29 6.7557e-22 2.4156e-22 ] 1.0000e+00
 5.281e+01 7.8714e-22 7.8714e-22 [ 3.3463e-58 3.9188e-38 7.1487e-29 5.7975e-22 2.0739e-22 ] 1.0000e+00
 5.293e+01 6.7555e-22 6.7555e-22 [ 2.2578e-58 3.1922e-38 6.0643e-29 4.9750e-22 1.7805e-22 ] 1.0000e+00
 5.304e+01 5.7977e-22 5.7977e-22 [ 1.5287e-58 2.5996e-38 5.1439e-29 4.2691e-22 1.5286e-22 ] 1.0000e+00
 5.315e+01 4.9755e-22 4.9755e-22 [ 1.0383e-58 2.1165e-38 4.3628e-29 3.6632e-22 1.3123e-22 ] 1.0000e+00
 5.327e+01 4.2697e-22 4.2697e-22 [ 7.0726e-59 1.7227e-38 3.6999e-29 3.1432e-22 1.1265e-22 ] 1.0000e+00
 5.338e+01 3.6640e-22 3.6640e-22 [ 4.8298e-59 1.4017e-38 3.1374e-29 2.6969e-22 9.6703e-23 ] 1.0000e+00
 5.349e+01 3.1441e-22 3.1441e-22 [ 3.3057e-59 1.1403e-38 2.6602e-29 2.3140e-22 8.3010e-23 ] 1.0000e+00
 5.361e+01 2.6978e-22 2.6978e-22 [ 2.2669e-59 9.2735e-39 2.2554e-29 1.9853e-22 7.1253e-23 ] 1.0000e+00
 5.372e+01 2.3149e-22 2.3149e-22 [ 1.5572e-59 7.5396e-39 1.9119e-29 1.7033e-22 6.1160e-23 ] 1.0000e+00
 5.383e+01 1.9862e-22 1.9862e-22 [ 1.0713e-59 6.1282e-39 1.6206e-29 1.4613e-22 5.2495e-23 ] 1.0000e+00
 5.395e+01 1.7042e-22 1.7042e-22 [ 7.3784e-60 4.9797e-39 1.3736e-29 1.2536e-22 4.5057e-23 ] 1.0000e+00
 5.406e+01 1.4621e-22 1.4621e-22 [ 5.0871e-60 4.0453e-39 1.1641e-29 1.0754e-22 3.8671e-23 ] 1.0000e+00
 5.417e+01 1.2544e-22 1.2544e-22 [ 3.5102e-60 3.2853e-39 9.8640e-30 9.2251e-23 3.3189e-23 ] 1.0000e+00
 5.429e+01 1.0762e-22 1.0762e-22 [ 2.4237e-60 2.6673e-39 8.3578e-30 7.9133e-23 2.8484e-23 ] 1.0000e+00
 5.440e+01 9.2322e-23 9.2322e-23 [ 1.6743e-60 2.1650e-39 7.0808e-30 6.7877e-23 2.4444e-23 ] 1.0000e+00
 5.451e+01 7.9199e-23 7.9199e-23 [ 1.1571e-60 1.7568e-39 5.9983e-30 5.8221e-23 2.0977e-23 ] 1.0000e+00
 5.463e+01 6.7939e-23 6.7939e-23 [ 7.9982e-61 1.4252e-39 5.0808e-30 4.9937e-23 1.8001e-23 ] 1.0000e+00
 5.474e+01 5.8277e-23 5.8277e-23 [ 5.5296e-61 1.1558e-39 4.3031e-30 4.2830e-23 1.5447e-23 ] 1.0000e+00
 5.485e+01 4.9989e-23 4.9989e-23 [ 3.8231e-61 9.3710e-40 3.6442e-30 3.6733e-23 1.3255e-23 ] 1.0000e+00
 5.497e+01 4.2877e-23 4.2877e-23 [ 2.6432e-61 7.5956e-40 3.0858e-30 3.1503e-23 1.1374e-23 ] 1.0000e+00
 5.508e+01 3.6776e-23 3.6776e-23 [ 1.8273e-61 6.1549e-40 2.6127e-30 2.7017e-23 9.7590e-24 ] 1.0000e+00
 5.519e+01 3.1542e-23 3.1542e-23 [ 1.2630e-61 4.9860e-40 2.2119e-30 2.3169e-23 8.3732e-24 ] 1.0000e+00
 5.531e+01 2.7052e-23 2.7052e-23 [ 8.7282e-62 4.0379e-40 1.8724e-30 1.9868e-23 7.1840e-24 ] 1.0000e+00
 5.542e+01 2.3201e-23 2.3201e-23 [ 6.0302e-62 3.2692e-40 1.5848e-30 1.7037e-23 6.1635e-24 ] 1.0000e+00
 5.553e+01 1.9897e-23 1.9897e-23 [ 4.1650e-62 2.6461e-40 1.3412e-30 1.4609e-23 5.2878e-24 ] 1.0000e+00
 5.565e+01 1.7063e-23 1.7063e-23 [ 2.8758e-62 2.1412e-40 1.1350e-30 1.2526e-23 4.5364e-24 ] 1.0000e+00
 5.576e+01 1.4632e-23 1.4632e-23 [ 1.9849e-62 1.7321e-40 9.6038e-31 1.0740e-23 3.8916e-24 ] 1.0000e+00
 5.587e+01 1.2547e-23 1.2547e-23 [ 1.3695e-62 1.4008e-40 8.1253e-31 9.2084e-24 3.3383e-24 ] 1.0000e+00
 5.599e+01 1.0758e-23 1.0758e-23 [ 9.4454e-63 1.1325e-40 6.8736e-31 7.8948e-24 2.8636e-24 ] 1.0000e+00
 5.610e+01 9.2247e-24 9.2247e-24 [ 6.5116e-63 9.1535e-41 5.8142e-31 6.7683e-24 2.4564e-24 ] 1.0000e+00
 5.621e+01 7.9094e-24 7.9094e-24 [ 4.4871e-63 7.3962e-41 4.9175e-31 5.8024e-24 2.1070e-24 ] 1.0000e+00
 5.633e+01 6.7813e-24 6.7813e-24 [ 3.0907e-63 5.9746e-41 4.1586e-31 4.9742e-24 1.8072e-24 ] 1.0000e+00
 5.644e+01 5.8140e-24 5.8140e-24 [ 2.1278e-63 4.8249e-41 3.5165e-31 4.2640e-24 1.5500e-24 ] 1.0000e+00
 5.655e+01 4.9844e-24 4.9844e-24 [ 1.4643e-63 3.8953e-41 2.9732e-31 3.6550e-24 1.3294e-24 ] 1.0000e+00
 5.667e+01 4.2731e-24 4.2731e-24 [ 1.0071e-63 3.1439e-41 2.5135e-31 3.1330e-24 1.1401e-24 ] 1.0000e+00
 5.678e+01 3.6631e-24 3.6631e-24 [ 6.9239e-64 2.5367e-41 2.1247e-31 2.6853e-24 9.7776e-25 ] 1.0000e+00
 5.689e+01 3.1401e-24 3.1401e-24 [ 4.7577e-64 2.0462e-41 1.7958e-31 2.3016e-24 8.3850e-25 ] 1.0000e+00
 5.701e+01 2.6917e-24 2.6917e-24 [ 3.2676e-64 1.6500e-41 1.5177e-31 1.9726e-24 7.1905e-25 ] 1.0000e+00
 5.712e+01 2.3072e-24 2.3072e-24 [ 2.2430e-64 1.3302e-41 1.2825e-31 1.6906e-24 6.1659e-25 ] 1.0000e+00
 5.723e+01 1.9775e-24 1.9775e-24 [ 1.5390e-64 1.0721e-41 1.0836e-31 1.4488e-24 5.2872e-25 ] 1.0000e+00
 5.735e+01 1.6949e-24 1.6949e-24 [ 1.0554e-64 8.6377e-42 9.1547e-32 1.2416e-24 4.5335e-25 ] 1.0000e+00
 5.746e+01 1.4527e-24 1.4527e-24 [ 7.2336e-65 6.9574e-42 7.7333e-32 1.0640e-24 3.8871e-25 ] 1.0000e+00
 5.757e+01 1.2450e-24 1.2450e-24 [ 4.9554e-65 5.6024e-42 6.5318e-32 9.1171e-25 3.3328e-25 ] 1.0000e+00
 5.769e+01 1.0669e-24 1.0669e-24 [ 3.3930e-65 4.5099e-42 5.5164e-32 7.8121e-25 2.8574e-25 ] 1.0000e+00
 5.780e+01 9.1433e-25 9.1433e-25 [ 2.3220e-65 3.6295e-42 4.6583e-32 6.6936e-25 2.4497e-25 ] 1.0000e+00
 5.791e+01 7.8352e-25 7.8352e-25 [ 1.5883e-65 2.9200e-42 3.9332e-32 5.7351e-25 2.1001e-25 ] 1.0000e+00
 5.803e+01 6.7139e-25 6.7139e-25 [ 1.0858e-65 2.3486e-42 3.3206e-32 4.9136e-25 1.8004e-25 ] 1.0000e+00
 5.814e+01 5.7529e-25 5.7529e-25 [ 7.4193e-66 1.8884e-42 2.8031e-32 4.2096e-25 1.5433e-25 ] 1.0000e+00
 5.825e+01 4.9293e-25 4.9293e-25 [ 5.0669e-66 1.5180e-42 2.3659e-32 3.6063e-25 1.3229e-25 ] 1.0000e+00
 5.837e+01 4.2234e-25 4.2234e-25 [ 3.4586e-66 1.2198e-42 1.9967e-32 3.0894e-25 1.1340e-25 ] 1.0000e+00
 5.848e+01 3.6184e-25 3.6184e-25 [ 2.3596e-66 9.7996e-43 1.6850e-32 2.6464e-25 9.7197e-26 ] 1.0000e+00
 5.859e+01 3.1000e-25 3.1000e-25 [ 1.6090e-66 7.8703e-43 1.4217e-32 2.2669e-25 8.3308e-26 ] 1.0000e+00
 5.871e+01 2.6557e-25 2.6557e-25 [ 1.0966e-66 6.3190e-43 1.1994e-32 1.9417e-25 7.1401e-26 ] 1.0000e+00
 5.882e+01 2.2751e-25 2.2751e-25 [ 7.4696e-67 5.0719e-43 1.0118e-32 1.6631e-25 6.1193e-26 ] 1.0000e+00
 5.893e+01 1.9489e-25 1.9489e-25 [ 5.0855e-67 4.0698e-43 8.5336e-33 1.4244e-25 5.2443e-26 ] 1.0000e+00
 5.905e+01 1.6694e-25 1.6694e-25 [ 3.4606e-67 3.2647e-43 7.1968e-33 1.2200e-25 4.4942e-26 ] 1.0000e+00
 5.916e+01 1.4299e-25 1.4299e-25 [ 2.3536e-67 2.6181e-43 6.0687e-33 1.0448e-25 3.8512e-26 ] 1.0000e+00
 5.927e+01 1.2247e-25 1.2247e-25 [ 1.6000e-67 2.0989e-43 5.1168e-33 8.9472e-26 3.3001e-26 ] 1.0000e+00
 5.939e+01 1.0490e-25 1.0490e-25 [ 1.0871e-67 1.6822e-43 4.3136e-33 7.6618e-26 2.8278e-26 ] 1.0000e+00
 5.950e+01 8.9838e-26 8.9838e-26 [ 7.3820e-68 1.3478e-43 3.6361e-33 6.5608e-26 2.4230e-26 ] 1.0000e+00
 5.961e+01 7.6938e-26 7.6938e-26 [ 5.0105e-68 1.0796e-43 3.0646e-33 5.6178e-26 2.0760e-26 ] 1.0000e+00
 5.973e+01 6.5887e-26 6.5887e-26 [ 3.3991e-68 8.6450e-44 2.5827e-33 4.8101e-26 1.7787e-26 ] 1.0000e+00
 5.984e+01 5.6422e-26 5.6422e-26 [ 2.3047e-68 6.9204e-44 2.1762e-33 4.1183e-26 1.5238e-26 ] 1.0000e+00
 5.995e+01 4.8314e-26 4.8314e-26 [ 1.5619e-68 5.5383e-44 1.8335e-33 3.5259e-26 1.3055e-26 ] 1.0000e+00
 6.007e+01 4.1369e-26 4.1369e-26 [ 1.0580e-68 4.4308e-44 1.5446e-33 3.0186e-26 1.1183e-26 ] 1.0000e+00
 6.018e+01 3.5422e-26 3.5422e-26 [ 7.1626e-69 3.5437e-44 1.3010e-33 2.5841e-26 9.5801e-27 ] 1.0000e+00
 6.029e+01 3.0328e-26 3.0328e-26 [ 4.8467e-69 2.8334e-44 1.0957e-33 2.2121e-26 8.2062e-27 ] 1.0000e+00
 6.041e+01 2.5965e-26 2.5965e-26 [ 3.2780e-69 2.2648e-44 9.2271e-34 1.8936e-26 7.0291e-27 ] 1.0000e+00
 6.052e+01 2.2229e-26 2.2229e-26 [ 2.2159e-69 1.8098e-44 7.7692e-34 1.6208e-26 6.0206e-27 ] 1.0000e+00
 6.063e+01 1.9030e-26 1.9030e-26 [ 1.4972e-69 1.4457e-44 6.5408e-34 1.3873e-26 5.1566e-27 ] 1.0000e+00
 6.075e+01 1.6290e-26 1.6290e-26 [ 1.0111e-69 1.1545e-44 5.5059e-34 1.1874e-26 4.4164e-27 ] 1.0000e+00
 6.086e+01 1.3944e-26 1.3944e-26 [ 6.8243e-70 9.2174e-45 4.6341e-34 1.0162e-26 3.7822e-27 ] 1.0000e+00
 6.097e+01 1.1936e-26 1.1936e-26 [ 4.6039e-70 7.3566e-45 3.8999e-34 8.6968e-27 3.2390e-27 ] 1.0000e+00
 6.109e+01 1.0216e-26 1.0216e-26 [ 3.1044e-70 5.8696e-45 3.2816e-34 7.4424e-27 2.7737e-27 ] 1.0000e+00
 6.120e+01 8.7438e-27 8.7438e-27 [ 2.0923e-70 4.6818e-45 2.7610e-34 6.3687e-27 2.3752e-27 ] 1.0000e+00
 6.131e+01 7.4834e-27 7.4834e-27 [ 1.4094e-70 3.7333e-45 2.3226e-34 5.4496e-27 2.0338e-27 ] 1.0000e+00
 6.143e+01 6.4043e-27 6.4043e-27 [ 9.4896e-71 2.9760e-45 1.9536e-34 4.6629e-27 1.7414e-27 ] 1.0000e+00
 6.154e+01 5.4806e-27 5.4806e-27 [ 6.3861e-71 2.3716e-45 1.6431e-34 3.9896e-27 1.4910e-27 ] 1.0000e+00
 6.165e+01 4.6899e-27 4.6899e-27 [ 4.2955e-71 1.8894e-45 1.3817e-34 3.4134e-27 1.2765e-27 ] 1.0000e+00
 6.177e+01 4.0131e-27 4.0131e-27 [ 2.8879e-71 1.5048e-45 1.1617e-34 2.9203e-27 1.0928e-27 ] 1.0000e+00
 6.188e+01 3.4338e-27 3.4338e-27 [ 1.9406e-71 1.1981e-45 9.7663e-35 2.4982e-27 9.3555e-28 ] 1.0000e+00
 6.199e+01 2.9380e-27 2.9380e-27 [ 1.3034e-71 9.5361e-46 8.2093e-35 2.1371e-27 8.0087e-28 ] 1.0000e+00
 6.211e+01 2.5136e-27 2.5136e-27 [ 8.7496e-72 7.5879e-46 6.8997e-35 1.8281e-27 6.8555e-28 ] 1.0000e+00
 6.222e+01 2.1505e-27 2.1505e-27 [ 5.8708e-72 6.0359e-46 5.7982e-35 1.5637e-27 5.8681e-28 ] 1.0000e+00
 6.233e+01 1.8397e-27 1.8397e-27 [ 3.9373e-72 4.7999e-46 4.8719e-35 1.3374e-27 5.0227e-28 ] 1.0000e+00
 6.245e+01 1.5738e-27 1.5738e-27 [ 2.6393e-72 3.8158e-46 4.0930e-35 1.1439e-27 4.2988e-28 ] 1.0000e+00
 6.256e+01 1.3462e-27 1.3462e-27 [ 1.7683e-72 3.0325e-46 3.4382e-35 9.7829e-28 3.6792e-28 ] 1.0000e+00
 6.267e+01 1.1515e-27 1.1515e-27 [ 1.1842e-72 2.4093e-46 2.8877e-35 8.3663e-28 3.1487e-28 ] 1.0000e+00
 6.279e+01 9.8490e-28 9.8490e-28 [ 7.9267e-73 1.9136e-46 2.4251e-35 7.1544e-28 2.6945e-28 ] 1.0000e+00
 6.290e+01 8.4236e-28 8.4236e-28 [ 5.3032e-73 1.5194e-46 2.0363e-35 6.1178e-28 2.3058e-28 ] 1.0000e+00
 6.301e+01 7.2042e-28 7.2042e-28 [ 3.5463e-73 1.2060e-46 1.7096e-35 5.2311e-28 1.9731e-28 ] 1.0000e+00
 6.313e+01 6.1610e-28 6.1610e-28 [ 2.3703e-73 9.5700e-47 1.4351e-35 4.4727e-28 1.6882e-28 ] 1.0000e+00
 6.324e+01 5.2686e-28 5.2686e-28 [ 1.5835e-73 7.5916e-47 1.2045e-35 3.8241e-28 1.4445e-28 ] 1.0000e+00
 6.335e+01 4.5052e-28 4.5052e-28 [ 1.0574e-73 6.0204e-47 1.0109e-35 3.2694e-28 1.2359e-28 ] 1.0000e+00
 6.347e+01 3.8523e-28 3.8523e-28 [ 7.0575e-74 4.7729e-47 8.4822e-36 2.7949e-28 1.0573e-28 ] 1.0000e+00
 6.358e+01 3.2938e-28 3.2938e-28 [ 4.7081e-74 3.7827e-47 7.1164e-36 2.3893e-28 9.0452e-29 ] 1.0000e+00
 6.369e+01 2.8161e-28 2.8161e-28 [ 3.1394e-74 2.9970e-47 5.9698e-36 2.0423e-28 7.7377e-29 ] 1.0000e+00
 6.381e+01 2.4076e-28 2.4076e-28 [ 2.0923e-74 2.3738e-47 5.0071e-36 1.7457e-28 6.6189e-29 ] 1.0000e+00
 6.392e+01 2.0582e-28 2.0582e-28 [ 1.3938e-74 1.8796e-47 4.1992e-36 1.4921e-28 5.6615e-29 ] 1.0000e+00
 6.403e+01 1.7595e-28 1.7595e-28 [ 9.2809e-75 1.4878e-47 3.5211e-36 1.2752e-28 4.8424e-29 ] 1.0000e+00
 6.415e+01 1.5040e-28 1.5040e-28 [ 6.1768e-75 1.1773e-47 2.9521e-36 1.0899e-28 4.1416e-29 ] 1.0000e+00
 6.426e+01 1.2856e-28 1.2856e-28 [ 4.1089e-75 9.3133e-48 2.4747e-36 9.3137e-29 3.5421e-29 ] 1.0000e+00
 6.437e+01 1.0988e-28 1.0988e-28 [ 2.7321e-75 7.3652e-48 2.0742e-36 7.9588e-29 3.0292e-29 ] 1.0000e+00
 6.449e+01 9.3911e-29 9.3911e-29 [ 1.8157e-75 5.8228e-48 1.7382e-36 6.8007e-29 2.5904e-29 ] 1.0000e+00
 6.460e+01 8.0259e-29 8.0259e-29 [ 1.2062e-75 4.6019e-48 1.4565e-36 5.8108e-29 2.2151e-29 ] 1.0000e+00
 6.471e+01 6.8588e-29 6.8588e-29 [ 8.0088e-76 3.6359e-48 1.2203e-36 4.9647e-29 1.8941e-29 ] 1.0000e+00
 6.483e+01 5.8611e-29 5.8611e-29 [ 5.3152e-76 2.8718e-48 1.0222e-36 4.2416e-29 1.6195e-29 ] 1.0000e+00
 6.494e+01 5.0082e-29 5.0082e-29 [ 3.5259e-76 2.2676e-48 8.5616e-37 3.6236e-29 1.3846e-29 ] 1.0000e+00
 6.505e+01 4.2793e-29 4.2793e-29 [ 2.3379e-76 1.7899e-48 7.1699e-37 3.0955e-29 1.1838e-29 ] 1.0000e+00
 6.517e+01 3.6562e-29 3.6562e-29 [ 1.5494e-76 1.4124e-48 6.0035e-37 2.6442e-29 1.0120e-29 ] 1.0000e+00
 6.528e+01 3.1237e-29 3.1237e-29 [ 1.0264e-76 1.1142e-48 5.0262e-37 2.2586e-29 8.6509e-30 ] 1.0000e+00
 6.539e+01 2.6686e-29 2.6686e-29 [ 6.7963e-77 8.7866e-49 4.2073e-37 1.9291e-29 7.3949e-30 ] 1.0000e+00
 6.551e+01 2.2797e-29 2.2797e-29 [ 4.4981e-77 6.9271e-49 3.5213e-37 1.6476e-29 6.3208e-30 ] 1.0000e+00
 6.562e+01 1.9473e-29 1.9473e-29 [ 2.9756e-77 5.4593e-49 2.9468e-37 1.4071e-29 5.4025e-30 ] 1.0000e+00
 6.573e+01 1.6633e-29 1.6633e-29 [ 1.9676e-77 4.3012e-49 2.4656e-37 1.2016e-29 4.6174e-30 ] 1.0000e+00
 6.585e+01 1.4207e-29 1.4207e-29 [ 1.3004e-77 3.3878e-49 2.0627e-37 1.0261e-29 3.9461e-30 ] 1.0000e+00
 6.596e+01 1.2134e-29 1.2134e-29 [ 8.5910e-78 2.6674e-49 1.7254e-37 8.7613e-30 3.3723e-30 ] 1.0000e+00
 6.607e+01 1.0362e-29 1.0362e-29 [ 5.6729e-78 2.0996e-49 1.4430e-37 7.4806e-30 2.8817e-30 ] 1.0000e+00
 6.619e+01 8.8491e-30 8.8491e-30 [ 3.7443e-78 1.6522e-49 1.2067e-37 6.3867e-30 2.4624e-30 ] 1.0000e+00
 6.630e+01 7.5565e-30 7.5565e-30 [ 2.4702e-78 1.2996e-49 1.0089e-37 5.4525e-30 2.1040e-30 ] 1.0000e+00
 6.641e+01 6.4523e-30 6.4523e-30 [ 1.6289e-78 1.0220e-49 8.4341e-38 4.6547e-30 1.7976e-30 ] 1.0000e+00
 6.653e+01 5.5092e-30 5.5092e-30 [ 1.0737e-78 8.0345e-50 7.0496e-38 3.9734e-30 1.5358e-30 ] 1.0000e+00
 6.664e+01 4.7036e-30 4.7036e-30 [ 7.0739e-79 6.3143e-50 5.8915e-38 3.3916e-30 1.3120e-30 ] 1.0000e+00
 6.675e+01 4.0156e-30 4.0156e-30 [ 4.6585e-79 4.9608e-50 4.9229e-38 2.8948e-30 1.1208e-30 ] 1.0000e+00
 6.687e+01 3.4280e-30 3.4280e-30 [ 3.0665e-79 3.8962e-50 4.1129e-38 2.4706e-30 9.5741e-31 ] 1.0000e+00
 6.698e+01 2.9263e-30 2.9263e-30 [ 2.0176e-79 3.0591e-50 3.4357e-38 2.1085e-30 8.1778e-31 ] 1.0000e+00
 6.709e+01 2.4978e-30 2.4978e-30 [ 1.3269e-79 2.4011e-50 2.8696e-38 1.7993e-30 6.9847e-31 ] 1.0000e+00
 6.721e+01 2.1320e-30 2.1320e-30 [ 8.7227e-80 1.8840e-50 2.3963e-38 1.5354e-30 5.9654e-31 ] 1.0000e+00
 6.732e+01 1.8196e-30 1.8196e-30 [ 5.7315e-80 1.4778e-50 2.0008e-38 1.3101e-30 5.0946e-31 ] 1.0000e+00
 6.743e+01 1.5529e-30 1.5529e-30 [ 3.7644e-80 1.1589e-50 1.6704e-38 1.1178e-30 4.3506e-31 ] 1.0000e+00
 6.755e+01 1.3252e-30 1.3252e-30 [ 2.4714e-80 9.0843e-51 1.3943e-38 9.5369e-31 3.7151e-31 ] 1.0000e+00
 6.766e+01 1.1308e-30 1.1308e-30 [ 1.6217e-80 7.1190e-51 1.1636e-38 8.1361e-31 3.1722e-31 ] 1.0000e+00
 6.777e+01 9.6490e-31 9.6490e-31 [ 1.0637e-80 5.5771e-51 9.7099e-39 6.9406e-31 2.7085e-31 ] 1.0000e+00
 6.789e+01 8.2328e-31 8.2328e-31 [ 6.9743e-81 4.3678e-51 8.1012e-39 5.9204e-31 2.3124e-31 ] 1.0000e+00
 6.800e+01 7.0240e-31 7.0240e-31 [ 4.5706e-81 3.4196e-51 6.7579e-39 5.0498e-31 1.9742e-31 ] 1.0000e+00
 6.811e+01 5.9923e-31 5.9923e-31 [ 2.9940e-81 2.6764e-51 5.6365e-39 4.3070e-31 1.6853e-31 ] 1.0000e+00
 6.823e+01 5.1118e-31 5.1118e-31 [ 1.9604e-81 2.0941e-51 4.7005e-39 3.6733e-31 1.4386e-31 ] 1.0000e+00
 6.834e+01 4.3605e-31 4.3605e-31 [ 1.2831e-81 1.6379e-51 3.9193e-39 3.1325e-31 1.2279e-31 ] 1.0000e+00
 6.845e+01 3.7193e-31 3.7193e-31 [ 8.3942e-82 1.2807e-51 3.2674e-39 2.6713e-31 1.0481e-31 ] 1.0000e+00
 6.857e+01 3.1722e-31 3.1722e-31 [ 5.4892e-82 1.0011e-51 2.7235e-39 2.2777e-31 8.9450e-32 ] 1.0000e+00
 6.868e+01 2.7055e-31 2.7055e-31 [ 3.5880e-82 7.8229e-52 2.2698e-39 1.9421e-31 7.6339e-32 ] 1.0000e+00
 6.879e+01 2.3072e-31 2.3072e-31 [ 2.3443e-82 6.1110e-52 1.8914e-39 1.6558e-31 6.5145e-32 ] 1.0000e+00
 6.891e+01 1.9675e-31 1.9675e-31 [ 1.5310e-82 4.7723e-52 1.5758e-39 1.4116e-31 5.5589e-32 ] 1.0000e+00
 6.902e+01 1.6777e-31 1.6777e-31 [ 9.9946e-83 3.7256e-52 1.3127e-39 1.2033e-31 4.7432e-32 ] 1.0000e+00
 6.913e+01 1.4304e-31 1.4304e-31 [ 6.5217e-83 2.9075e-52 1.0933e-39 1.0258e-31 4.0470e-32 ] 1.0000e+00
 6.925e+01 1.2196e-31 1.2196e-31 [ 4.2538e-83 2.2684e-52 9.1044e-40 8.7431e-32 3.4527e-32 ] 1.0000e+00
 6.936e+01 1.0397e-31 1.0397e-31 [ 2.7734e-83 1.7692e-52 7.5805e-40 7.4518e-32 2.9456e-32 ] 1.0000e+00
 6.947e+01 8.8635e-32 8.8635e-32 [ 1.8074e-83 1.3794e-52 6.3106e-40 6.3507e-32 2.5127e-32 ] 1.0000e+00
 6.959e+01 7.5554e-32 7.5554e-32 [ 1.1774e-83 1.0751e-52 5.2526e-40 5.4121e-32 2.1434e-32 ] 1.0000e+00
 6.970e+01 6.4400e-32 6.4400e-32 [ 7.6664e-84 8.3773e-53 4.3713e-40 4.6118e-32 1.8282e-32 ] 1.0000e+00
 6.981e+01 5.4889e-32 5.4889e-32 [ 4.9898e-84 6.5253e-53 3.6373e-40 3.9296e-32 1.5592e-32 ] 1.0000e+00
 6.993e+01 4.6779e-32 4.6779e-32 [ 3.2463e-84 5.0812e-53 3.0261e-40 3.3481e-32 1.3298e-32 ] 1.0000e+00
 7.004e+01 3.9865e-32 3.9865e-32 [ 2.1112e-84 3.9553e-53 2.5171e-40 2.8525e-32 1.1340e-32 ] 1.0000e+00
 7.015e+01 3.3971e-32 3.3971e-32 [ 1.3724e-84 3.0780e-53 2.0934e-40 2.4300e-32 9.6703e-33 ] 1.0000e+00
 7.027e+01 2.8946e-32 2.8946e-32 [ 8.9174e-85 2.3945e-53 1.7408e-40 2.0700e-32 8.2457e-33 ] 1.0000e+00
 7.038e+01 2.4663e-32 2.4663e-32 [ 5.7919e-85 1.8621e-53 1.4473e-40 1.7632e-32 7.0305e-33 ] 1.0000e+00
 7.049e+01 2.1012e-32 2.1012e-32 [ 3.7603e-85 1.4477e-53 1.2031e-40 1.5018e-32 5.9940e-33 ] 1.0000e+00
 7.061e+01 1.7900e-32 1.7900e-32 [ 2.4403e-85 1.1251e-53 9.9994e-41 1.2790e-32 5.1100e-33 ] 1.0000e+00
 7.072e+01 1.5249e-32 1.5249e-32 [ 1.5831e-85 8.7414e-54 8.3095e-41 1.0893e-32 4.3560e-33 ] 1.0000e+00
 7.083e+01 1.2989e-32 1.2989e-32 [ 1.0265e-85 6.7893e-54 6.9041e-41 9.2756e-33 3.7131e-33 ] 1.0000e+00
 7.095e+01 1.1063e-32 1.1063e-32 [ 6.6535e-86 5.2715e-54 5.7354e-41 7.8982e-33 3.1649e-33 ] 1.0000e+00
 7.106e+01 9.4222e-33 9.4222e-33 [ 4.3108e-86 4.0916e-54 4.7637e-41 6.7248e-33 2.6974e-33 ] 1.0000e+00
 7.117e+01 8.0241e-33 8.0241e-33 [ 2.7918e-86 3.1748e-54 3.9561e-41 5.7253e-33 2.2988e-33 ] 1.0000e+00
 7.129e+01 6.8331e-33 6.8331e-33 [ 1.8073e-86 2.4627e-54 3.2848e-41 4.8741e-33 1.9590e-33 ] 1.0000e+00
 7.140e+01 5.8184e-33 5.8184e-33 [ 1.1695e-86 1.9097e-54 2.7269e-41 4.1491e-33 1.6693e-33 ] 1.0000e+00
 7.151e+01 4.9541e-33 4.9541e-33 [ 7.5650e-87 1.4803e-54 2.2635e-41 3.5317e-33 1.4224e-33 ] 1.0000e+00
 7.163e+01 4.2178e-33 4.2178e-33 [ 4.8914e-87 1.1472e-54 1.8784e-41 3.0060e-33 1.2119e-33 ] 1.0000e+00
 7.174e+01 3.5907e-33 3.5907e-33 [ 3.1614e-87 8.8870e-55 1.5587e-41 2.5583e-33 1.0324e-33 ] 1.0000e+00
 7.185e+01 3.0567e-33 3.0567e-33 [ 2.0424e-87 6.8824e-55 1.2931e-41 2.1771e-33 8.7954e-34 ] 1.0000e+00
 7.197e+01 2.6019e-33 2.6019e-33 [ 1.3190e-87 5.3283e-55 1.0726e-41 1.8526e-33 7.4922e-34 ] 1.0000e+00
 7.208e+01 2.2146e-33 2.2146e-33 [ 8.5145e-88 4.1237e-55 8.8954e-42 1.5764e-33 6.3817e-34 ] 1.0000e+00
 7.219e+01 1.8848e-33 1.8848e-33 [ 5.4942e-88 3.1905e-55 7.3761e-42 1.3412e-33 5.4354e-34 ] 1.0000e+00
 7.231e+01 1.6040e-33 1.6040e-33 [ 3.5438e-88 2.4676e-55 6.1152e-42 1.1411e-33 4.6291e-34 ] 1.0000e+00
 7.242e+01 1.3649e-33 1.3649e-33 [ 2.2849e-88 1.9080e-55 5.0690e-42 9.7073e-34 3.9421e-34 ] 1.0000e+00
 7.253e+01 1.1614e-33 1.1614e-33 [ 1.4726e-88 1.4747e-55 4.2011e-42 8.2574e-34 3.3569e-34 ] 1.0000e+00
 7.265e+01 9.8819e-34 9.8819e-34 [ 9.4874e-89 1.1395e-55 3.4812e-42 7.0236e-34 2.8583e-34 ] 1.0000e+00
 7.276e+01 8.4073e-34 8.4073e-34 [ 6.1098e-89 8.8020e-56 2.8842e-42 5.9737e-34 2.4336e-34 ] 1.0000e+00
 7.287e+01 7.1522e-34 7.1522e-34 [ 3.9331e-89 6.7968e-56 2.3891e-42 5.0803e-34 2.0719e-34 ] 1.0000e+00
 7.299e+01 6.0841e-34 6.0841e-34 [ 2.5308e-89 5.2467e-56 1.9787e-42 4.3202e-34 1.7638e-34 ] 1.0000e+00
 7.310e+01 5.1750e-34 5.1750e-34 [ 1.6279e-89 4.0488e-56 1.6385e-42 3.6736e-34 1.5014e-34 ] 1.0000e+00
 7.321e+01 4.4015e-34 4.4015e-34 [ 1.0467e-89 3.1234e-56 1.3566e-42 3.1235e-34 1.2780e-34 ] 1.0000e+00
 7.333e+01 3.7433e-34 3.7433e-34 [ 6.7273e-90 2.4088e-56 1.1229e-42 2.6556e-34 1.0877e-34 ] 1.0000e+00
 7.344e+01 3.1833e-34 3.1833e-34 [ 4.3221e-90 1.8570e-56 9.2939e-43 2.2576e-34 9.2571e-35 ] 1.0000e+00
 7.355e+01 2.7069e-34 2.7069e-34 [ 2.7757e-90 1.4312e-56 7.6907e-43 1.9191e-34 7.8778e-35 ] 1.0000e+00
 7.367e+01 2.3016e-34 2.3016e-34 [ 1.7819e-90 1.1026e-56 6.3629e-43 1.6312e-34 6.7034e-35 ] 1.0000e+00
 7.378e+01 1.9568e-34 1.9568e-34 [ 1.1435e-90 8.4924e-57 5.2635e-43 1.3864e-34 5.7038e-35 ] 1.0000e+00
 7.389e+01 1.6636e-34 1.6636e-34 [ 7.3351e-91 6.5386e-57 4.3532e-43 1.1783e-34 4.8528e-35 ] 1.0000e+00
 7.401e+01 1.4142e-34 1.4142e-34 [ 4.7034e-91 5.0327e-57 3.5998e-43 1.0013e-34 4.1285e-35 ] 1.0000e+00
 7.412e+01 1.2021e-34 1.2021e-34 [ 3.0147e-91 3.8724e-57 2.9762e-43 8.5086e-35 3.5121e-35 ] 1.0000e+00
 7.423e+01 1.0217e-34 1.0217e-34 [ 1.9316e-91 2.9786e-57 2.4603e-43 7.2295e-35 2.9874e-35 ] 1.0000e+00
 7.435e+01 8.6832e-35 8.6832e-35 [ 1.2371e-91 2.2904e-57 2.0334e-43 6.1422e-35 2.5410e-35 ] 1.0000e+00
 7.446e+01 7.3791e-35 7.3791e-35 [ 7.9206e-92 1.7606e-57 1.6803e-43 5.2180e-35 2.1611e-35 ] 1.0000e+00
 7.457e+01 6.2704e-35 6.2704e-35 [ 5.0691e-92 1.3529e-57 1.3882e-43 4.4325e-35 1.8378e-35 ] 1.0000e+00
 7.469e+01 5.3278e-35 5.3278e-35 [ 3.2429e-92 1.0393e-57 1.1468e-43 3.7650e-35 1.5628e-35 ] 1.0000e+00
 7.480e+01 4.5266e-35 4.5266e-35 [ 2.0738e-92 7.9813e-58 9.4711e-44 3.1977e-35 1.3289e-35 ] 1.0000e+00
 7.491e+01 3.8456e-35 3.8456e-35 [ 1.3257e-92 6.1272e-58 7.8209e-44 2.7157e-35 1.1299e-35 ] 1.0000e+00
 7.503e+01 3.2668e-35 3.2668e-35 [ 8.4713e-93 4.7023e-58 6.4570e-44 2.3062e-35 9.6058e-36 ] 1.0000e+00
 7.514e+01 2.7748e-35 2.7748e-35 [ 5.4112e-93 3.6076e-58 5.3301e-44 1.9582e-35 8.1659e-36 ] 1.0000e+00
 7.525e+01 2.3568e-35 2.3568e-35 [ 3.4552e-93 2.7668e-58 4.3990e-44 1.6627e-35 6.9414e-36 ] 1.0000e+00
 7.537e+01 2.0016e-35 2.0016e-35 [ 2.2054e-93 2.1213e-58 3.6299e-44 1.4116e-35 5.9000e-36 ] 1.0000e+00
 7.548e+01 1.6998e-35 1.6998e-35 [ 1.4072e-93 1.6259e-58 2.9948e-44 1.1983e-35 5.0144e-36 ] 1.0000e+00
 7.559e+01 1.4433e-35 1.4433e-35 [ 8.9749e-94 1.2457e-58 2.4703e-44 1.0172e-35 4.2615e-36 ] 1.0000e+00
 7.571e+01 1.2255e-35 1.2255e-35 [ 5.7221e-94 9.5417e-59 2.0374e-44 8.6338e-36 3.6213e-36 ] 1.0000e+00
 7.582e+01 1.0405e-35 1.0405e-35 [ 3.6468e-94 7.3060e-59 1.6800e-44 7.3276e-36 3.0771e-36 ] 1.0000e+00
 7.593e+01 8.8329e-36 8.8329e-36 [ 2.3234e-94 5.5924e-59 1.3850e-44 6.2185e-36 2.6144e-36 ] 1.0000e+00
 7.605e+01 7.4980e-36 7.4980e-36 [ 1.4796e-94 4.2793e-59 1.1417e-44 5.2768e-36 2.2211e-36 ] 1.0000e+00
 7.616e+01 6.3642e-36 6.3642e-36 [ 9.4196e-95 3.2735e-59 9.4088e-45 4.4774e-36 1.8869e-36 ] 1.0000e+00
 7.627e+01 5.4015e-36 5.4015e-36 [ 5.9944e-95 2.5032e-59 7.7527e-45 3.7987e-36 1.6028e-36 ] 1.0000e+00
 7.639e+01 4.5840e-36 4.5840e-36 [ 3.8133e-95 1.9136e-59 6.3870e-45 3.2227e-36 1.3613e-36 ] 1.0000e+00
 7.650e+01 3.8900e-36 3.8900e-36 [ 2.4249e-95 1.4624e-59 5.2609e-45 2.7338e-36 1.1562e-36 ] 1.0000e+00
 7.661e+01 3.3007e-36 3.3007e-36 [ 1.5414e-95 1.1172e-59 4.3325e-45 2.3188e-36 9.8188e-37 ] 1.0000e+00
 7.673e+01 2.8005e-36 2.8005e-36 [ 9.7950e-96 8.5320e-60 3.5674e-45 1.9667e-36 8.3378e-37 ] 1.0000e+00
 7.684e+01 2.3758e-36 2.3758e-36 [ 6.2218e-96 6.5138e-60 2.9368e-45 1.6679e-36 7.0796e-37 ] 1.0000e+00
 7.695e+01 2.0154e-36 2.0154e-36 [ 3.9507e-96 4.9714e-60 2.4172e-45 1.4143e-36 6.0108e-37 ] 1.0000e+00
 7.707e+01 1.7095e-36 1.7095e-36 [ 2.5077e-96 3.7930e-60 1.9892e-45 1.1993e-36 5.1029e-37 ] 1.0000e+00
 7.718e+01 1.4500e-36 1.4500e-36 [ 1.5911e-96 2.8929e-60 1.6367e-45 1.0168e-36 4.3318e-37 ] 1.0000e+00
 7.729e+01 1.2297e-36 1.2297e-36 [ 1.0092e-96 2.2058e-60 1.3464e-45 8.6201e-37 3.6769e-37 ] 1.0000e+00
 7.741e+01 1.0428e-36 1.0428e-36 [ 6.3989e-97 1.6813e-60 1.1074e-45 7.3073e-37 3.1207e-37 ] 1.0000e+00
 7.752e+01 8.8423e-37 8.8423e-37 [ 4.0557e-97 1.2811e-60 9.1065e-46 6.1938e-37 2.6485e-37 ] 1.0000e+00
 7.763e+01 7.4971e-37 7.4971e-37 [ 2.5696e-97 9.7580e-61 7.4872e-46 5.2496e-37 2.2475e-37 ] 1.0000e+00
 7.775e+01 6.3560e-37 6.3560e-37 [ 1.6275e-97 7.4304e-61 6.1547e-46 4.4489e-37 1.9071e-37 ] 1.0000e+00
 7.786e+01 5.3882e-37 5.3882e-37 [ 1.0304e-97 5.6561e-61 5.0584e-46 3.7701e-37 1.6181e-37 ] 1.0000e+00
 7.797e+01 4.5673e-37 4.5673e-37 [ 6.5214e-98 4.3041e-61 4.1566e-46 3.1945e-37 1.3728e-37 ] 1.0000e+00
 7.809e+01 3.8711e-37 3.8711e-37 [ 4.1259e-98 3.2742e-61 3.4150e-46 2.7065e-37 1.1646e-37 ] 1.0000e+00
 7.820e+01 3.2808e-37 3.2808e-37 [ 2.6094e-98 2.4900e-61 2.8051e-46 2.2929e-37 9.8784e-38 ] 1.0000e+00
 7.831e+01 2.7802e-37 2.7802e-37 [ 1.6497e-98 1.8929e-61 2.3037e-46 1.9423e-37 8.3786e-38 ] 1.0000e+00
 7.843e+01 2.3558e-37 2.3558e-37 [ 1.0426e-98 1.4386e-61 1.8916e-46 1.6452e-37 7.1059e-38 ] 1.0000e+00
 7.854e+01 1.9960e-37 1.9960e-37 [ 6.5866e-99 1.0929e-61 1.5530e-46 1.3934e-37 6.0260e-38 ] 1.0000e+00
 7.865e+01 1.6910e-37 1.6910e-37 [ 4.1597e-99 8.3004e-62 1.2747e-46 1.1800e-37 5.1098e-38 ] 1.0000e+00
 7.877e+01 1.4325e-37 1.4325e-37 [ 2.6261e-99 6.3019e-62 1.0461e-46 9.9926e-38 4.3325e-38 ] 1.0000e+00
 7.888e+01 1.2134e-37 1.2134e-37 [ 1.6573e-99 4.7830e-62 8.5829e-47 8.4609e-38 3.6731e-38 ] 1.0000e+00
 7.899e+01 1.0277e-37 1.0277e-37 [ 1.0455e-99 3.6290e-62 7.0410e-47 7.1634e-38 3.1138e-38 ] 1.0000e+00
 7.911e+01 8.7037e-38 8.7037e-38 [ 6.5933e-100 2.7525e-62 5.7749e-47 6.0643e-38 2.6395e-38 ] 1.0000e+00
 7.922e+01 7.3705e-38 7.3705e-38 [ 4.1565e-100 2.0871e-62 4.7356e-47 5.1333e-38 2.2372e-38 ] 1.0000e+00
 7.933e+01 6.2409e-38 6.2409e-38 [ 2.6194e-100 1.5820e-62 3.8827e-47 4.3449e-38 1.8960e-38 ] 1.0000e+00
 7.945e+01 5.2840e-38 5.2840e-38 [ 1.6501e-100 1.1987e-62 3.1827e-47 3.6772e-38 1.6068e-38 ] 1.0000e+00
 7.956e+01 4.4734e-38 4.4734e-38 [ 1.0392e-100 9.0800e-63 2.6085e-47 3.1119e-38 1.3615e-38 ] 1.0000e+00
 7.967e+01 3.7868e-38 3.7868e-38 [ 6.5417e-101 6.8757e-63 2.1374e-47 2.6332e-38 1.1536e-38 ] 1.0000e+00
 7.979e+01 3.2052e-38 3.2052e-38 [ 4.1167e-101 5.2049e-63 1.7511e-47 2.2279e-38 9.7732e-39 ] 1.0000e+00
 7.990e+01 2.7128e-38 2.7128e-38 [ 2.5897e-101 3.9387e-63 1.4343e-47 1.8849e-38 8.2792e-39 ] 1.0000e+00
 8.001e+01 2.2958e-38 2.2958e-38 [ 1.6285e-101 2.9796e-63 1.1746e-47 1.5945e-38 7.0129e-39 ] 1.0000e+00
 8.013e+01 1.9427e-38 1.9427e-38 [ 1.0238e-101 2.2533e-63 9.6178e-48 1.3487e-38 5.9398e-39 ] 1.0000e+00
 8.024e+01 1.6437e-38 1.6437e-38 [ 6.4334e-102 1.7035e-63 7.8735e-48 1.1407e-38 5.0304e-39 ] 1.0000e+00
 8.035e+01 1.3907e-38 1.3907e-38 [ 4.0414e-102 1.2874e-63 6.4443e-48 9.6468e-39 4.2599e-39 ] 1.0000e+00
 8.047e+01 1.1765e-38 1.1765e-38 [ 2.5379e-102 9.7262e-64 5.2735e-48 8.1575e-39 3.6071e-39 ] 1.0000e+00
 8.058e+01 9.9514e-39 9.9514e-39 [ 1.5932e-102 7.3457e-64 4.3146e-48 6.8974e-39 3.0540e-39 ] 1.0000e+00
 8.069e+01 8.4169e-39 8.4169e-39 [ 9.9977e-103 5.5460e-64 3.5294e-48 5.8315e-39 2.5855e-39 ] 1.0000e+00
 8.081e+01 7.1184e-39 7.1184e-39 [ 6.2717e-103 4.1858e-64 2.8865e-48 4.9298e-39 2.1887e-39 ] 1.0000e+00
 8.092e+01 6.0196e-39 6.0196e-39 [ 3.9329e-103 3.1582e-64 2.3603e-48 4.1671e-39 1.8526e-39 ] 1.0000e+00
 8.103e+01 5.0900e-39 5.0900e-39 [ 2.4655e-103 2.3821e-64 1.9296e-48 3.5220e-39 1.5679e-39 ] 1.0000e+00
 8.115e+01 4.3035e-39 4.3035e-39 [ 1.5450e-103 1.7961e-64 1.5772e-48 2.9766e-39 1.3269e-39 ] 1.0000e+00
 8.126e+01 3.6382e-39 3.6382e-39 [ 9.6784e-104 1.3538e-64 1.2889e-48 2.5153e-39 1.1228e-39 ] 1.0000e+00
 8.137e+01 3.0754e-39 3.0754e-39 [ 6.0608e-104 1.0201e-64 1.0531e-48 2.1254e-39 9.5004e-40 ] 1.0000e+00
 8.149e+01 2.5995e-39 2.5995e-39 [ 3.7941e-104 7.6837e-65 8.6032e-49 1.7957e-39 8.0377e-40 ] 1.0000e+00
 8.160e+01 2.1969e-39 2.1969e-39 [ 2.3742e-104 5.7858e-65 7.0266e-49 1.5170e-39 6.7996e-40 ] 1.0000e+00
 8.171e+01 1.8566e-39 1.8566e-39 [ 1.4852e-104 4.3553e-65 5.7378e-49 1.2814e-39 5.7516e-40 ] 1.0000e+00
 8.183e+01 1.5688e-39 1.5688e-39 [ 9.2879e-105 3.2773e-65 4.6845e-49 1.0823e-39 4.8647e-40 ] 1.0000e+00
 8.194e+01 1.3255e-39 1.3255e-39 [ 5.8061e-105 2.4654e-65 3.8238e-49 9.1407e-40 4.1142e-40 ] 1.0000e+00
 8.205e+01 1.1198e-39 1.1198e-39 [ 3.6283e-105 1.8539e-65 3.1207e-49 7.7190e-40 3.4791e-40 ] 1.0000e+00
 8.217e+01 9.4595e-40 9.4595e-40 [ 2.2666e-105 1.3937e-65 2.5463e-49 6.5177e-40 2.9418e-40 ] 1.0000e+00
 8.228e+01 7.9901e-40 7.9901e-40 [ 1.4154e-105 1.0474e-65 2.0773e-49 5.5029e-40 2.4872e-40 ] 1.0000e+00
 8.239e+01 6.7482e-40 6.7482e-40 [ 8.8358e-106 7.8682e-66 1.6943e-49 4.6456e-40 2.1027e-40 ] 1.0000e+00
 8.251e+01 5.6988e-40 5.6988e-40 [ 5.5139e-106 5.9089e-66 1.3816e-49 3.9214e-40 1.7774e-40 ] 1.0000e+00
 8.262e+01 4.8122e-40 4.8122e-40 [ 3.4397e-106 4.4360e-66 1.1265e-49 3.3098e-40 1.5023e-40 ] 1.0000e+00
 8.273e+01 4.0630e-40 4.0630e-40 [ 2.1450e-106 3.3292e-66 9.1823e-50 2.7933e-40 1.2697e-40 ] 1.0000e+00
 8.285e+01 3.4302e-40 3.4302e-40 [ 1.3372e-106 2.4977e-66 7.4835e-50 2.3572e-40 1.0730e-40 ] 1.0000e+00
 8.296e+01 2.8956e-40 2.8956e-40 [ 8.3328e-107 1.8732e-66 6.0978e-50 1.9890e-40 9.0663e-41 ] 1.0000e+00
 8.307e+01 2.4441e-40 2.4441e-40 [ 5.1909e-107 1.4044e-66 4.9677e-50 1.6781e-40 7.6601e-41 ] 1.0000e+00
 8.319e+01 2.0628e-40 2.0628e-40 [ 3.2325e-107 1.0525e-66 4.0462e-50 1.4156e-40 6.4714e-41 ] 1.0000e+00
 8.330e+01 1.7408e-40 1.7408e-40 [ 2.0123e-107 7.8858e-67 3.2950e-50 1.1941e-40 5.4666e-41 ] 1.0000e+00
 8.341e+01 1.4689e-40 1.4689e-40 [ 1.2523e-107 5.9061e-67 2.6827e-50 1.0072e-40 4.6173e-41 ] 1.0000e+00
 8.353e+01 1.2394e-40 1.2394e-40 [ 7.7900e-108 4.4220e-67 2.1838e-50 8.4939e-41 3.8996e-41 ] 1.0000e+00
 8.364e+01 1.0456e-40 1.0456e-40 [ 4.8443e-108 3.3096e-67 1.7773e-50 7.1626e-41 3.2931e-41 ] 1.0000e+00
 8.375e+01 8.8200e-41 8.8200e-41 [ 3.0114e-108 2.4762e-67 1.4462e-50 6.0393e-41 2.7807e-41 ] 1.0000e+00
 8.387e+01 7.4394e-41 7.4394e-41 [ 1.8714e-108 1.8521e-67 1.1765e-50 5.0916e-41 2.3478e-41 ] 1.0000e+00
 8.398e+01 6.2743e-41 6.2743e-41 [ 1.1625e-108 1.3848e-67 9.5695e-51 4.2922e-41 1.9820e-41 ] 1.0000e+00
 8.409e+01 5.2911e-41 5.2911e-41 [ 7.2190e-109 1.0350e-67 7.7820e-51 3.6179e-41 1.6731e-41 ] 1.0000e+00
 8.421e+01 4.4615e-41 4.4615e-41 [ 4.4813e-109 7.7331e-68 6.3271e-51 3.0493e-41 1.4122e-41 ] 1.0000e+00
 8.432e+01 3.7616e-41 3.7616e-41 [ 2.7809e-109 5.7759e-68 5.1432e-51 2.5697e-41 1.1918e-41 ] 1.0000e+00
 8.443e+01 3.1711e-41 3.1711e-41 [ 1.7250e-109 4.3126e-68 4.1800e-51 2.1653e-41 1.0058e-41 ] 1.0000e+00
 8.455e+01 2.6731e-41 2.6731e-41 [ 1.0697e-109 3.2188e-68 3.3964e-51 1.8244e-41 8.4867e-42 ] 1.0000e+00
 8.466e+01 2.2530e-41 2.2530e-41 [ 6.6310e-110 2.4016e-68 2.7592e-51 1.5370e-41 7.1603e-42 ] 1.0000e+00
 8.477e+01 1.8988e-41 1.8988e-41 [ 4.1090e-110 1.7913e-68 2.2411e-51 1.2947e-41 6.0405e-42 ] 1.0000e+00
 8.489e+01 1.6001e-41 1.6001e-41 [ 2.5453e-110 1.3356e-68 1.8199e-51 1.0905e-41 5.0954e-42 ] 1.0000e+00
 8.500e+01 1.3482e-41 1.3482e-41 [ 1.5761e-110 9.9546e-69 1.4776e-51 9.1843e-42 4.2977e-42 ] 1.0000e+00
 8.511e+01 1.1359e-41 1.1359e-41 [ 9.7562e-111 7.4169e-69 1.1994e-51 7.7341e-42 3.6245e-42 ] 1.0000e+00
 8.523e+01 9.5686e-42 9.5686e-42 [ 6.0369e-111 5.5241e-69 9.7337e-52 6.5122e-42 3.0564e-42 ] 1.0000e+00
 8.534e+01 8.0599e-42 8.0599e-42 [ 3.7342e-111 4.1130e-69 7.8978e-52 5.4828e-42 2.5771e-42 ] 1.0000e+00
 8.545e+01 6.7883e-42 6.7883e-42 [ 2.3090e-111 3.0612e-69 6.4069e-52 4.6156e-42 2.1727e-42 ] 1.0000e+00
 8.557e+01 5.7167e-42 5.7167e-42 [ 1.4272e-111 2.2775e-69 5.1964e-52 3.8851e-42 1.8316e-42 ] 1.0000e+00
 8.568e+01 4.8138e-42 4.8138e-42 [ 8.8185e-112 1.6939e-69 4.2137e-52 3.2699e-42 1.5439e-42 ] 1.0000e+00
 8.579e+01 4.0530e-42 4.0530e-42 [ 5.4469e-112 1.2593e-69 3.4161e-52 2.7518e-42 1.3012e-42 ] 1.0000e+00
 8.591e+01 3.4121e-42 3.4121e-42 [ 3.3631e-112 9.3594e-70 2.7689e-52 2.3155e-42 1.0966e-42 ] 1.0000e+00
 8.602e+01 2.8723e-42 2.8723e-42 [ 2.0757e-112 6.9533e-70 2.2439e-52 1.9482e-42 9.2405e-43 ] 1.0000e+00
 8.613e+01 2.4175e-42 2.4175e-42 [ 1.2807e-112 5.1639e-70 1.8180e-52 1.6390e-42 7.7857e-43 ] 1.0000e+00
 8.625e+01 2.0346e-42 2.0346e-42 [ 7.8989e-113 3.8336e-70 1.4727e-52 1.3787e-42 6.5592e-43 ] 1.0000e+00
 8.636e+01 1.7121e-42 1.7121e-42 [ 4.8699e-113 2.8449e-70 1.1927e-52 1.1596e-42 5.5253e-43 ] 1.0000e+00
 8.647e+01 1.4406e-42 1.4406e-42 [ 3.0013e-113 2.1104e-70 9.6570e-53 9.7522e-43 4.6539e-43 ] 1.0000e+00
 8.659e+01 1.2120e-42 1.2120e-42 [ 1.8490e-113 1.5650e-70 7.8175e-53 8.2006e-43 3.9195e-43 ] 1.0000e+00
 8.670e+01 1.0196e-42 1.0196e-42 [ 1.1387e-113 1.1601e-70 6.3271e-53 6.8952e-43 3.3006e-43 ] 1.0000e+00
 8.681e+01 8.5761e-43 8.5761e-43 [ 7.0101e-114 8.5959e-71 5.1197e-53 5.7969e-43 2.7792e-43 ] 1.0000e+00
 8.693e+01 7.2128e-43 7.2128e-43 [ 4.3139e-114 6.3670e-71 4.1418e-53 4.8730e-43 2.3398e-43 ] 1.0000e+00
 8.704e+01 6.0656e-43 6.0656e-43 [ 2.6537e-114 4.7143e-71 3.3499e-53 4.0959e-43 1.9697e-43 ] 1.0000e+00
 8.715e+01 5.1003e-43 5.1003e-43 [ 1.6318e-114 3.4892e-71 2.7089e-53 3.4423e-43 1.6580e-43 ] 1.0000e+00
 8.727e+01 4.2882e-43 4.2882e-43 [ 1.0030e-114 2.5815e-71 2.1900e-53 2.8927e-43 1.3955e-43 ] 1.0000e+00
 8.738e+01 3.6049e-43 3.6049e-43 [ 6.1632e-115 1.9092e-71 1.7701e-53 2.4306e-43 1.1744e-43 ] 1.0000e+00
 8.749e+01 3.0302e-43 3.0302e-43 [ 3.7855e-115 1.4114e-71 1.4305e-53 2.0421e-43 9.8817e-44 ] 1.0000e+00
 8.761e+01 2.5469e-43 2.5469e-43 [ 2.3242e-115 1.0430e-71 1.1557e-53 1.7154e-43 8.3141e-44 ] 1.0000e+00
 8.772e+01 2.1403e-43 2.1403e-43 [ 1.4265e-115 7.7044e-72 9.3348e-54 1.4409e-43 6.9945e-44 ] 1.0000e+00
 8.783e+01 1.7985e-43 1.7985e-43 [ 8.7514e-116 5.6889e-72 7.5382e-54 1.2102e-43 5.8836e-44 ] 1.0000e+00
 8.795e+01 1.5111e-43 1.5111e-43 [ 5.3669e-116 4.1989e-72 6.0860e-54 1.0162e-43 4.9486e-44 ] 1.0000e+00
 8.806e+01 1.2695e-43 1.2695e-43 [ 3.2900e-116 3.0979e-72 4.9124e-54 8.5331e-44 4.1618e-44 ] 1.0000e+00
 8.817e+01 1.0664e-43 1.0664e-43 [ 2.0161e-116 2.2847e-72 3.9642e-54 7.1642e-44 3.4996e-44 ] 1.0000e+00
 8.829e+01 8.9567e-44 8.9567e-44 [ 1.2349e-116 1.6843e-72 3.1982e-54 6.0141e-44 2.9425e-44 ] 1.0000e+00
 8.840e+01 7.5220e-44 7.5220e-44 [ 7.5613e-117 1.2411e-72 2.5797e-54 5.0481e-44 2.4738e-44 ] 1.0000e+00
 8.851e+01 6.3163e-44 6.3163e-44 [ 4.6279e-117 9.1417e-73 2.0802e-54 4.2368e-44 2.0795e-44 ] 1.0000e+00
 8.863e+01 5.3034e-44 5.3034e-44 [ 2.8313e-117 6.7307e-73 1.6770e-54 3.5555e-44 1.7479e-44 ] 1.0000e+00
 8.874e+01 4.4523e-44 4.4523e-44 [ 1.7315e-117 4.9535e-73 1.3517e-54 2.9833e-44 1.4690e-44 ] 1.0000e+00
 8.885e+01 3.7374e-44 3.7374e-44 [ 1.0585e-117 3.6440e-73 1.0892e-54 2.5030e-44 1.2344e-44 ] 1.0000e+00
 8.897e+01 3.1369e-44 3.1369e-44 [ 6.4679e-118 2.6795e-73 8.7741e-55 2.0997e-44 1.0372e-44 ] 1.0000e+00
 8.908e+01 2.6326e-44 2.6326e-44 [ 3.9506e-118 1.9695e-73 7.0664e-55 1.7612e-44 8.7139e-45 ] 1.0000e+00
 8.919e+01 2.2092e-44 2.2092e-44 [ 2.4120e-118 1.4469e-73 5.6896e-55 1.4771e-44 7.3201e-45 ] 1.0000e+00
 8.931e+01 1.8536e-44 1.8536e-44 [ 1.4720e-118 1.0626e-73 4.5798e-55 1.2387e-44 6.1485e-45 ] 1.0000e+00
 8.942e+01 1.5550e-44 1.5550e-44 [ 8.9800e-119 7.7997e-74 3.6855e-55 1.0387e-44 5.1638e-45 ] 1.0000e+00
 8.953e+01 1.3044e-44 1.3044e-44 [ 5.4758e-119 5.7227e-74 2.9650e-55 8.7082e-45 4.3363e-45 ] 1.0000e+00
 8.965e+01 1.0941e-44 1.0941e-44 [ 3.3376e-119 4.1969e-74 2.3847e-55 7.3000e-45 3.6410e-45 ] 1.0000e+00
 8.976e+01 9.1757e-45 9.1757e-45 [ 2.0335e-119 3.0765e-74 1.9174e-55 6.1189e-45 3.0569e-45 ] 1.0000e+00
 8.987e+01 7.6943e-45 7.6943e-45 [ 1.2384e-119 2.2541e-74 1.5413e-55 5.1282e-45 2.5661e-45 ] 1.0000e+00
 8.999e+01 6.4513e-45 6.4513e-45 [ 7.5382e-120 1.6508e-74 1.2386e-55 4.2974e-45 2.1539e-45 ] 1.0000e+00
 9.010e+01 5.4085e-45 5.4085e-45 [ 4.5867e-120 1.2084e-74 9.9501e-56 3.6008e-45 1.8077e-45 ] 1.0000e+00
 9.021e+01 4.5337e-45 4.5337e-45 [ 2.7896e-120 8.8416e-75 7.9910e-56 3.0168e-45 1.5170e-45 ] 1.0000e+00
 9.033e+01 3.8000e-45 3.8000e-45 [ 1.6959e-120 6.4660e-75 6.4157e-56 2.5271e-45 1.2728e-45 ] 1.0000e+00
 9.044e+01 3.1846e-45 3.1846e-45 [ 1.0305e-120 4.7264e-75 5.1493e-56 2.1167e-45 1.0679e-45 ] 1.0000e+00
 9.055e+01 2.6686e-45 2.6686e-45 [ 6.2589e-121 3.4531e-75 4.1316e-56 1.7727e-45 8.9581e-46 ] 1.0000e+00
 9.067e+01 2.2359e-45 2.2359e-45 [ 3.7997e-121 2.5216e-75 3.3140e-56 1.4845e-45 7.5139e-46 ] 1.0000e+00
 9.078e+01 1.8731e-45 1.8731e-45 [ 2.3057e-121 1.8405e-75 2.6572e-56 1.2429e-45 6.3017e-46 ] 1.0000e+00
 9.089e+01 1.5690e-45 1.5690e-45 [ 1.3985e-121 1.3427e-75 2.1299e-56 1.0406e-45 5.2844e-46 ] 1.0000e+00
 9.101e+01 1.3141e-45 1.3141e-45 [ 8.4784e-122 9.7898e-76 1.7067e-56 8.7106e-46 4.4309e-46 ] 1.0000e+00
 9.112e+01 1.1005e-45 1.1005e-45 [ 5.1375e-122 7.1345e-76 1.3671e-56 7.2907e-46 3.7147e-46 ] 1.0000e+00
 9.123e+01 9.2154e-46 9.2154e-46 [ 3.1117e-122 5.1966e-76 1.0946e-56 6.1014e-46 3.1140e-46 ] 1.0000e+00
 9.135e+01 7.7156e-46 7.7156e-46 [ 1.8837e-122 3.7831e-76 8.7616e-57 5.1056e-46 2.6101e-46 ] 1.0000e+00
 9.146e+01 6.4592e-46 6.4592e-46 [ 1.1398e-122 2.7526e-76 7.0104e-57 4.2717e-46 2.1874e-46 ] 1.0000e+00
 9.157e+01 5.4067e-46 5.4067e-46 [ 6.8933e-123 2.0017e-76 5.6070e-57 3.5736e-46 1.8330e-46 ] 1.0000e+00
 9.169e+01 4.5251e-46 4.5251e-46 [ 4.1669e-123 1.4549e-76 4.4828e-57 2.9893e-46 1.5358e-46 ] 1.0000e+00
 9.180e+01 3.7868e-46 3.7868e-46 [ 2.5175e-123 1.0569e-76 3.5826e-57 2.5001e-46 1.2867e-46 ] 1.0000e+00
 9.191e+01 3.1686e-46 3.1686e-46 [ 1.5203e-123 7.6729e-77 2.8620e-57 2.0908e-46 1.0778e-46 ] 1.0000e+00
 9.203e+01 2.6510e-46 2.6510e-46 [ 9.1756e-124 5.5674e-77 2.2853e-57 1.7482e-46 9.0275e-47 ] 1.0000e+00
 9.214e+01 2.2176e-46 2.2176e-46 [ 5.5351e-124 4.0373e-77 1.8241e-57 1.4616e-46 7.5602e-47 ] 1.0000e+00
 9.225e+01 1.8549e-46 1.8549e-46 [ 3.3372e-124 2.9260e-77 1.4553e-57 1.2219e-46 6.3307e-47 ] 1.0000e+00
 9.237e+01 1.5513e-46 1.5513e-46 [ 2.0110e-124 2.1194e-77 1.1606e-57 1.0213e-46 5.3005e-47 ] 1.0000e+00
 9.248e+01 1.2973e-46 1.2973e-46 [ 1.2112e-124 1.5342e-77 9.2510e-58 8.5354e-47 4.4373e-47 ] 1.0000e+00
 9.259e+01 1.0847e-46 1.0847e-46 [ 7.2904e-125 1.1099e-77 7.3705e-58 7.1325e-47 3.7143e-47 ] 1.0000e+00
 9.271e+01 9.0682e-47 9.0682e-47 [ 4.3859e-125 8.0246e-78 5.8694e-58 5.9595e-47 3.1087e-47 ] 1.0000e+00
 9.282e+01 7.5803e-47 7.5803e-47 [ 2.6371e-125 5.7981e-78 4.6717e-58 4.9787e-47 2.6016e-47 ] 1.0000e+00
 9.293e+01 6.3357e-47 6.3357e-47 [ 1.5847e-125 4.1867e-78 3.7165e-58 4.1589e-47 2.1769e-47 ] 1.0000e+00
 9.305e+01 5.2948e-47 5.2948e-47 [ 9.5169e-126 3.0212e-78 2.9551e-58 3.4736e-47 1.8213e-47 ] 1.0000e+00
 9.316e+01 4.4244e-47 4.4244e-47 [ 5.7121e-126 2.1787e-78 2.3484e-58 2.9008e-47 1.5236e-47 ] 1.0000e+00
 9.327e+01 3.6966e-47 3.6966e-47 [ 3.4264e-126 1.5701e-78 1.8653e-58 2.4222e-47 1.2744e-47 ] 1.0000e+00
 9.339e+01 3.0881e-47 3.0881e-47 [ 2.0540e-126 1.1307e-78 1.4807e-58 2.0223e-47 1.0658e-47 ] 1.0000e+00
 9.350e+01 2.5795e-47 2.5795e-47 [ 1.2306e-126 8.1375e-79 1.1747e-58 1.6882e-47 8.9126e-48 ] 1.0000e+00
 9.361e+01 2.1543e-47 2.1543e-47 [ 7.3678e-127 5.8522e-79 9.3138e-59 1.4091e-47 7.4521e-48 ] 1.0000e+00
 9.373e+01 1.7990e-47 1.7990e-47 [ 4.4084e-127 4.2056e-79 7.3802e-59 1.1760e-47 6.2301e-48 ] 1.0000e+00
 9.384e+01 1.5022e-47 1.5022e-47 [ 2.6360e-127 3.0201e-79 5.8443e-59 9.8136e-48 5.2079e-48 ] 1.0000e+00
 9.395e+01 1.2541e-47 1.2541e-47 [ 1.5751e-127 2.1672e-79 4.6251e-59 8.1881e-48 4.3528e-48 ] 1.0000e+00
 9.407e+01 1.0469e-47 1.0469e-47 [ 9.4054e-128 1.5539e-79 3.6577e-59 6.8309e-48 3.6377e-48 ] 1.0000e+00
 9.418e+01 8.7376e-48 8.7376e-48 [ 5.6123e-128 1.1133e-79 2.8907e-59 5.6980e-48 3.0397e-48 ] 1.0000e+00
 9.429e+01 7.2919e-48 7.2919e-48 [ 3.3465e-128 7.9704e-80 2.2830e-59 4.7523e-48 2.5397e-48 ] 1.0000e+00
 9.441e+01 6.0846e-48 6.0846e-48 [ 1.9940e-128 5.7014e-80 1.8017e-59 3.9630e-48 2.1216e-48 ] 1.0000e+00
 9.452e+01 5.0765e-48 5.0765e-48 [ 1.1872e-128 4.0749e-80 1.4208e-59 3.3044e-48 1.7722e-48 ] 1.0000e+00
 9.463e+01 4.2349e-48 4.2349e-48 [ 7.0631e-129 2.9100e-80 1.1195e-59 2.7548e-48 1.4801e-48 ] 1.0000e+00
 9.475e+01 3.5323e-48 3.5323e-48 [ 4.1988e-129 2.0762e-80 8.8144e-60 2.2963e-48 1.2360e-48 ] 1.0000e+00
 9.486e+01 2.9459e-48 2.9459e-48 [ 2.4940e-129 1.4800e-80 6.9342e-60 1.9139e-48 1.0320e-48 ] 1.0000e+00
 9.497e+01 2.4565e-48 2.4565e-48 [ 1.4802e-129 1.0541e-80 5.4504e-60 1.5949e-48 8.6158e-49 ] 1.0000e+00
 9.509e+01 2.0481e-48 2.0481e-48 [ 8.7770e-130 7.4999e-81 4.2804e-60 1.3289e-48 7.1921e-49 ] 1.0000e+00
 9.520e+01 1.7074e-48 1.7074e-48 [ 5.1999e-130 5.3311e-81 3.3584e-60 1.1071e-48 6.0028e-49 ] 1.0000e+00
 9.531e+01 1.4231e-48 1.4231e-48 [ 3.0779e-130 3.7857e-81 2.6326e-60 9.2215e-49 5.0096e-49 ] 1.0000e+00
 9.543e+01 1.1860e-48 1.1860e-48 [ 1.8201e-130 2.6855e-81 2.0615e-60 7.6799e-49 4.1802e-49 ] 1.0000e+00
 9.554e+01 9.8826e-49 9.8826e-49 [ 1.0753e-130 1.9030e-81 1.6127e-60 6.3949e-49 3.4876e-49 ] 1.0000e+00
 9.565e+01 8.2335e-49 8.2335e-49 [ 6.3460e-131 1.3470e-81 1.2603e-60 5.3240e-49 2.9095e-49 ] 1.0000e+00
 9.577e+01 6.8585e-49 6.8585e-49 [ 3.7413e-131 9.5239e-82 9.8382e-61 4.4316e-49 2.4268e-49 ] 1.0000e+00
 9.588e+01 5.7121e-49 5.7121e-49 [ 2.2033e-131 6.7257e-82 7.6710e-61 3.6881e-49 2.0240e-49 ] 1.0000e+00
 9.599e+01 4.7565e-49 4.7565e-49 [ 1.2961e-131 4.7438e-82 5.9741e-61 3.0687e-49 1.6878e-49 ] 1.0000e+00
 9.611e+01 3.9600e-49 3.9600e-49 [ 7.6151e-132 3.3416e-82 4.6467e-61 2.5528e-49 1.4072e-49 ] 1.0000e+00
 9.622e+01 3.2962e-49 3.2962e-49 [ 4.4687e-132 2.3508e-82 3.6095e-61 2.1230e-49 1.1732e-49 ] 1.0000e+00
 9.633e+01 2.7431e-49 2.7431e-49 [ 2.6189e-132 1.6514e-82 2.8000e-61 1.7652e-49 9.7793e-50 ] 1.0000e+00
 9.645e+01 2.2823e-49 2.2823e-49 [ 1.5328e-132 1.1584e-82 2.1690e-61 1.4672e-49 8.1506e-50 ] 1.0000e+00
 9.656e+01 1.8984e-49 1.8984e-49 [ 8.9579e-133 8.1137e-83 1.6776e-61 1.2192e-49 6.7923e-50 ] 1.0000e+00
 9.667e+01 1.5786e-49 1.5786e-49 [ 5.2273e-133 5.6737e-83 1.2955e-61 1.0127e-49 5.6595e-50 ] 1.0000e+00
 9.679e+01 1.3123e-49 1.3123e-49 [ 3.0455e-133 3.9607e-83 9.9868e-62 8.4081e-50 4.7151e-50 ] 1.0000e+00
 9.690e+01 1.0906e-49 1.0906e-49 [ 1.7714e-133 2.7600e-83 7.6853e-62 6.9779e-50 3.9277e-50 ] 1.0000e+00
 9.701e+01 9.0590e-50 9.0590e-50 [ 1.0284e-133 1.9196e-83 5.9029e-62 5.7877e-50 3.2713e-50 ] 1.0000e+00
 9.713e+01 7.5218e-50 7.5218e-50 [ 5.9594e-134 1.3324e-83 4.5247e-62 4.7975e-50 2.7243e-50 ] 1.0000e+00
 9.724e+01 6.2421e-50 6.2421e-50 [ 3.4462e-134 9.2281e-84 3.4608e-62 3.9738e-50 2.2683e-50 ] 1.0000e+00
 9.735e+01 5.1770e-50 5.1770e-50 [ 1.9885e-134 6.3766e-84 2.6409e-62 3.2886e-50 1.8884e-50 ] 1.0000e+00
 9.747e+01 4.2905e-50 4.2905e-50 [ 1.1446e-134 4.3953e-84 2.0103e-62 2.7187e-50 1.5718e-50 ] 1.0000e+00
 9.758e+01 3.5528e-50 3.5528e-50 [ 6.5718e-135 3.0214e-84 1.5260e-62 2.2447e-50 1.3081e-50 ] 1.0000e+00
 9.769e+01 2.9390e-50 2.9390e-50 [ 3.7625e-135 2.0709e-84 1.1550e-62 1.8506e-50 1.0884e-50 ] 1.0000e+00
 9.781e+01 2.4282e-50 2.4282e-50 [ 2.1475e-135 1.4149e-84 8.7139e-63 1.5229e-50 9.0530e-51 ] 1.0000e+00
 9.792e+01 2.0032e-50 2.0032e-50 [ 1.2215e-135 9.6327e-85 6.5505e-63 1.2504e-50 7.5278e-51 ] 1.0000e+00
 9.803e+01 1.6496e-50 1.6496e-50 [ 6.9218e-136 6.5326e-85 4.9047e-63 1.0239e-50 6.2569e-51 ] 1.0000e+00
 9.815e+01 1.3553e-50 1.3553e-50 [ 3.9058e-136 4.4109e-85 3.6560e-63 8.3552e-51 5.1976e-51 ] 1.0000e+00
 9.826e+01 1.1103e-50 1.1103e-50 [ 2.1934e-136 2.9638e-85 2.7113e-63 6.7889e-51 4.3142e-51 ] 1.0000e+00
 9.837e+01 9.0636e-51 9.0636e-51 [ 1.2251e-136 1.9803e-85 1.9990e-63 5.4867e-51 3.5769e-51 ] 1.0000e+00
 9.849e+01 7.3646e-51 7.3646e-51 [ 6.8002e-137 1.3147e-85 1.4637e-63 4.4039e-51 2.9607e-51 ] 1.0000e+00
 9.860e+01 5.9484e-51 5.9484e-51 [ 3.7471e-137 8.6623e-86 1.0630e-63 3.5038e-51 2.4446e-51 ] 1.0000e+00
 9.871e+01 4.7670e-51 4.7670e-51 [ 2.0470e-137 5.6563e-86 7.6424e-64 2.7561e-51 2.0108e-51 ] 1.0000e+00
 9.883e+01 3.7804e-51 3.7804e-51 [ 1.1067e-137 3.6527e-86 5.4261e-64 2.1359e-51 1.6446e-51 ] 1.0000e+00
 9.894e+01 2.9558e-51 2.9558e-51 [ 5.9068e-138 2.3262e-86 3.7905e-64 1.6227e-51 1.3331e-51 ] 1.0000e+00
 9.905e+01 2.2661e-51 2.2661e-51 [ 3.1015e-138 1.4543e-86 2.5912e-64 1.2004e-51 1.0658e-51 ] 1.0000e+00
 9.917e+01 1.6896e-51 1.6896e-51 [ 1.5933e-138 8.8645e-87 1.7188e-64 8.5598e-52 8.3363e-52 ] 1.0000e+00
 9.928e+01 1.2093e-51 1.2093e-51 [ 7.9361e-139 5.2050e-87 1.0912e-64 5.7950e-52 6.2976e-52 ] 1.0000e+00
 9.939e+01 8.1267e-52 8.1267e-52 [ 3.7675e-139 2.8813e-87 6.4743e-65 3.6323e-52 4.4945e-52 ] 1.0000e+00
 9.951e+01 4.9223e-52 4.9223e-52 [ 1.6432e-139 1.4396e-87 3.4276e-65 2.0120e-52 2.9104e-52 ] 1.0000e+00
 9.962e+01 2.4570e-52 2.4570e-52 [ 5.9986e-140 5.8585e-88 1.4576e-65 8.8696e-53 1.5700e-52 ] 1.0000e+00
 9.973e+01 7.7359e-53 7.7359e-53 [ 1.3227e-140 1.3871e-88 3.5469e-66 2.2186e-53 5.5173e-53 ] 1.0000e+00
 9.985e+01 0.0000e+00 0.0000e+00 [ 0.0000e+00 0.0000e+00 0.0000e+00 0.0000e+00 0.0000e+00 ] 1.0000e+00
