 0.000e+00 0.0000e+00 0.0000e+00 [ 0.0000e+00 0.0000e+00 0.0000e+00 0.0000e+00 0.0000e+00 ] 1.0000e+00
 1.133e-01 4.3342e-02 4.3342e-02 [ 4.2948e-02 1.9767e-04 9.3176e-05 9.3477e-05 9.8154e-06 ] 9.5666e-01
 2.267e-01 9.2183e-02 9.2183e-02 [ 9.0549e-02 8.2177e-04 3.8733e-04 3.8874e-04 3.5450e-05 ] 9.0782e-01
 3.400e-01 1.3229e-01 1.3229e-01 [ 1.2842e-01 1.9542e-03 9.2094e-04 9.2273e-04 7.3131e-05 ] 8.6771e-01
 4.533e-01 1.7434e-01 1.7434e-01 [ 1.6700e-01 3.7166e-03 1.7511e-03 1.7498e-03 1.2093e-04 ] 8.2566e-01
 5.667e-01 2.2138e-01 2.2138e-01 [ 2.0906e-01 6.2559e-03 2.9466e-03 2.9350e-03 1.7743e-04 ] 7.7862e-01
 6.800e-01 2.7539e-01 2.7539e-01 [ 2.5632e-01 9.7187e-03 4.5761e-03 4.5418e-03 2.4143e-04 ] 7.2461e-01
 7.933e-01 3.3703e-01 3.3703e-01 [ 3.0921e-01 1.4208e-02 6.6872e-03 6.6117e-03 3.1154e-04 ] 6.6297e-01
 9.067e-01 4.0510e-01 4.0510e-01 [ 3.6657e-01 1.9727e-02 9.2802e-03 9.1379e-03 3.8556e-04 ] 5.9490e-01
 1.020e+00 4.7638e-01 4.7638e-01 [ 4.2547e-01 2.6123e-02 1.2283e-02 1.2042e-02 4.6021e-04 ] 5.2362e-01
 1.133e+00 5.4604e-01 5.4604e-01 [ 4.8171e-01 3.3084e-02 1.5547e-02 1.5174e-02 5.3137e-04 ] 4.5396e-01
 1.247e+00 6.0893e-01 6.0893e-01 [ 5.3093e-01 4.0191e-02 1.8874e-02 1.8334e-02 5.9509e-04 ] 3.9107e-01
 1.360e+00 6.6113e-01 6.6113e-01 [ 5.7003e-01 4.7043e-02 2.2075e-02 2.1339e-02 6.4881e-04 ] 3.3887e-01
 1.473e+00 7.0109e-01 7.0109e-01 [ 5.9794e-01 5.3369e-02 2.5022e-02 2.4065e-02 6.9202e-04 ] 2.9891e-01
 1.587e+00 7.2951e-01 7.2951e-01 [ 6.1558e-01 5.9067e-02 2.7667e-02 2.6468e-02 7.2606e-04 ] 2.7049e-01
 1.700e+00 7.4848e-01 7.4848e-01 [ 6.2495e-01 6.4177e-02 3.0028e-02 2.8569e-02 7.5316e-04 ] 2.5152e-01
 1.813e+00 7.6043e-01 7.6043e-01 [ 6.2827e-01 6.8807e-02 3.2156e-02 3.0420e-02 7.7564e-04 ] 2.3957e-01
 1.927e+00 7.6753e-01 7.6753e-01 [ 6.2747e-01 7.3079e-02 3.4108e-02 3.2078e-02 7.9531e-04 ] 2.3247e-01
 2.040e+00 7.7142e-01 7.7142e-01 [ 6.2397e-01 7.7102e-02 3.5934e-02 3.3594e-02 8.1346e-04 ] 2.2858e-01
 2.153e+00 7.7326e-01 7.7326e-01 [ 6.1879e-01 8.0959e-02 3.7673e-02 3.5005e-02 8.3085e-04 ] 2.2674e-01
 2.267e+00 7.7383e-01 7.7383e-01 [ 6.1258e-01 8.4709e-02 3.9353e-02 3.6341e-02 8.4793e-04 ] 2.2617e-01
 2.380e+00 7.7363e-01 7.7363e-01 [ 6.0575e-01 8.8394e-02 4.0993e-02 3.7620e-02 8.6492e-04 ] 2.2637e-01
 2.493e+00 7.7297e-01 7.7297e-01 [ 5.9858e-01 9.2042e-02 4.2606e-02 3.8855e-02 8.8190e-04 ] 2.2703e-01
 2.607e+00 7.7205e-01 7.7205e-01 [ 5.9122e-01 9.5673e-02 4.4202e-02 4.0056e-02 8.9892e-04 ] 2.2795e-01
 2.720e+00 7.7101e-01 7.7101e-01 [ 5.8378e-01 9.9298e-02 4.5785e-02 4.1230e-02 9.1597e-04 ] 2.2899e-01
 2.833e+00 7.6992e-01 7.6992e-01 [ 5.7632e-01 1.0293e-01 4.7360e-02 4.2379e-02 9.3304e-04 ] 2.3008e-01
 2.947e+00 7.6882e-01 7.6882e-01 [ 5.6887e-01 1.0656e-01 4.8929e-02 4.3509e-02 9.5013e-04 ] 2.3118e-01
 3.060e+00 7.6774e-01 7.6774e-01 [ 5.6145e-01 1.1022e-01 5.0495e-02 4.4621e-02 9.6723e-04 ] 2.3226e-01
 3.173e+00 7.6671e-01 7.6671e-01 [ 5.5407e-01 1.1388e-01 5.2059e-02 4.5717e-02 9.8432e-04 ] 2.3329e-01
 3.287e+00 7.6572e-01 7.6572e-01 [ 5.4673e-01 1.1757e-01 5.3622e-02 4.6799e-02 1.0014e-03 ] 2.3428e-01
 3.400e+00 7.6479e-01 7.6479e-01 [ 5.3945e-01 1.2127e-01 5.5185e-02 4.7868e-02 1.0185e-03 ] 2.3521e-01
 3.513e+00 7.6391e-01 7.6391e-01 [ 5.3221e-01 1.2499e-01 5.6748e-02 4.8926e-02 1.0357e-03 ] 2.3609e-01
 3.627e+00 7.6309e-01 7.6309e-01 [ 5.2501e-01 1.2873e-01 5.8313e-02 4.9973e-02 1.0528e-03 ] 2.3691e-01
 3.740e+00 7.6231e-01 7.6231e-01 [ 5.1786e-01 1.3249e-01 5.9879e-02 5.1011e-02 1.0700e-03 ] 2.3769e-01
 3.853e+00 7.6159e-01 7.6159e-01 [ 5.1074e-01 1.3627e-01 6.1447e-02 5.2041e-02 1.0872e-03 ] 2.3841e-01
 3.967e+00 7.6091e-01 7.6091e-01 [ 5.0365e-01 1.4008e-01 6.3017e-02 5.3063e-02 1.1044e-03 ] 2.3909e-01
 4.080e+00 7.6028e-01 7.6028e-01 [ 4.9659e-01 1.4390e-01 6.4591e-02 5.4078e-02 1.1218e-03 ] 2.3972e-01
 4.193e+00 7.5969e-01 7.5969e-01 [ 4.8956e-01 1.4773e-01 6.6168e-02 5.5087e-02 1.1391e-03 ] 2.4031e-01
 4.307e+00 7.5913e-01 7.5913e-01 [ 4.8255e-01 1.5159e-01 6.7749e-02 5.6092e-02 1.1566e-03 ] 2.4087e-01
 4.420e+00 7.5862e-01 7.5862e-01 [ 4.7555e-01 1.5547e-01 6.9335e-02 5.7092e-02 1.1741e-03 ] 2.4138e-01
 4.533e+00 7.5813e-01 7.5813e-01 [ 4.6857e-01 1.5936e-01 7.0925e-02 5.8089e-02 1.1917e-03 ] 2.4187e-01
 4.647e+00 7.5768e-01 7.5768e-01 [ 4.6160e-01 1.6326e-01 7.2520e-02 5.9084e-02 1.2094e-03 ] 2.4232e-01
 4.760e+00 7.5725e-01 7.5725e-01 [ 4.5465e-01 1.6718e-01 7.4121e-02 6.0076e-02 1.2272e-03 ] 2.4275e-01
 4.873e+00 7.5685e-01 7.5685e-01 [ 4.4770e-01 1.7112e-01 7.5728e-02 6.1067e-02 1.2451e-03 ] 2.4315e-01
 4.987e+00 7.5648e-01 7.5648e-01 [ 4.4076e-01 1.7506e-01 7.7342e-02 6.2058e-02 1.2632e-03 ] 2.4352e-01
 5.100e+00 7.5612e-01 7.5612e-01 [ 4.3382e-01 1.7901e-01 7.8962e-02 6.3049e-02 1.2813e-03 ] 2.4388e-01
 5.213e+00 7.5579e-01 7.5579e-01 [ 4.2688e-01 1.8297e-01 8.0590e-02 6.4041e-02 1.2996e-03 ] 2.4421e-01
 5.327e+00 7.5547e-01 7.5547e-01 [ 4.1995e-01 1.8694e-01 8.2225e-02 6.5034e-02 1.3180e-03 ] 2.4453e-01
 5.440e+00 7.5517e-01 7.5517e-01 [ 4.1302e-01 1.9091e-01 8.3869e-02 6.6029e-02 1.3366e-03 ] 2.4483e-01
 5.553e+00 7.5489e-01 7.5489e-01 [ 4.0610e-01 1.9489e-01 8.5521e-02 6.7026e-02 1.3553e-03 ] 2.4511e-01
 5.667e+00 7.5462e-01 7.5462e-01 [ 3.9917e-01 1.9886e-01 8.7182e-02 6.8027e-02 1.3741e-03 ] 2.4538e-01
 5.780e+00 7.5436e-01 7.5436e-01 [ 3.9225e-01 2.0283e-01 8.8852e-02 6.9031e-02 1.3931e-03 ] 2.4564e-01
 5.893e+00 7.5411e-01 7.5411e-01 [ 3.8533e-01 2.0680e-01 9.0532e-02 7.0040e-02 1.4123e-03 ] 2.4589e-01
 6.007e+00 7.5388e-01 7.5388e-01 [ 3.7841e-01 2.1076e-01 9.2222e-02 7.1053e-02 1.4316e-03 ] 2.4612e-01
 6.120e+00 7.5365e-01 7.5365e-01 [ 3.7149e-01 2.1471e-01 9.3923e-02 7.2072e-02 1.4511e-03 ] 2.4635e-01
 6.233e+00 7.5343e-01 7.5343e-01 [ 3.6458e-01 2.1864e-01 9.5635e-02 7.3096e-02 1.4708e-03 ] 2.4657e-01
 6.347e+00 7.5322e-01 7.5322e-01 [ 3.5768e-01 2.2256e-01 9.7359e-02 7.4126e-02 1.4907e-03 ] 2.4678e-01
 6.460e+00 7.5301e-01 7.5301e-01 [ 3.5078e-01 2.2646e-01 9.9094e-02 7.5162e-02 1.5107e-03 ] 2.4699e-01
 6.573e+00 7.5281e-01 7.5281e-01 [ 3.4390e-01 2.3034e-01 1.0084e-01 7.6206e-02 1.5309e-03 ] 2.4719e-01
 6.687e+00 7.5262e-01 7.5262e-01 [ 3.3702e-01 2.3419e-01 1.0260e-01 7.7257e-02 1.5514e-03 ] 2.4738e-01
 6.800e+00 7.5243e-01 7.5243e-01 [ 3.3016e-01 2.3801e-01 1.0437e-01 7.8315e-02 1.5720e-03 ] 2.4757e-01
 6.913e+00 7.5225e-01 7.5225e-01 [ 3.2331e-01 2.4180e-01 1.0616e-01 7.9382e-02 1.5928e-03 ] 2.4775e-01
 7.027e+00 7.5207e-01 7.5207e-01 [ 3.1648e-01 2.4556e-01 1.0796e-01 8.0457e-02 1.6138e-03 ] 2.4793e-01
 7.140e+00 7.5189e-01 7.5189e-01 [ 3.0966e-01 2.4928e-01 1.0977e-01 8.1541e-02 1.6351e-03 ] 2.4811e-01
 7.253e+00 7.5172e-01 7.5172e-01 [ 3.0287e-01 2.5295e-01 1.1160e-01 8.2634e-02 1.6565e-03 ] 2.4828e-01
 7.367e+00 7.5154e-01 7.5154e-01 [ 2.9611e-01 2.5658e-01 1.1345e-01 8.3737e-02 1.6782e-03 ] 2.4846e-01
 7.480e+00 7.5137e-01 7.5137e-01 [ 2.8937e-01 2.6015e-01 1.1530e-01 8.4849e-02 1.7001e-03 ] 2.4863e-01
 7.593e+00 7.5121e-01 7.5121e-01 [ 2.8266e-01 2.6367e-01 1.1718e-01 8.5972e-02 1.7222e-03 ] 2.4879e-01
 7.707e+00 7.5104e-01 7.5104e-01 [ 2.7598e-01 2.6714e-01 1.1907e-01 8.7105e-02 1.7445e-03 ] 2.4896e-01
 7.820e+00 7.5087e-01 7.5087e-01 [ 2.6934e-01 2.7054e-01 1.2097e-01 8.8249e-02 1.7671e-03 ] 2.4913e-01
 7.933e+00 7.5071e-01 7.5071e-01 [ 2.6274e-01 2.7388e-01 1.2289e-01 8.9404e-02 1.7900e-03 ] 2.4929e-01
 8.047e+00 7.5054e-01 7.5054e-01 [ 2.5618e-01 2.7715e-01 1.2483e-01 9.0570e-02 1.8130e-03 ] 2.4946e-01
 8.160e+00 7.5038e-01 7.5038e-01 [ 2.4967e-01 2.8034e-01 1.2679e-01 9.1748e-02 1.8364e-03 ] 2.4962e-01
 8.273e+00 7.5022e-01 7.5022e-01 [ 2.4320e-01 2.8346e-01 1.2876e-01 9.2938e-02 1.8599e-03 ] 2.4978e-01
 8.387e+00 7.5006e-01 7.5006e-01 [ 2.3678e-01 2.8650e-01 1.3075e-01 9.4140e-02 1.8838e-03 ] 2.4994e-01
 8.500e+00 7.4989e-01 7.4989e-01 [ 2.3042e-01 2.8945e-01 1.3276e-01 9.5355e-02 1.9079e-03 ] 2.5011e-01
 8.613e+00 7.4973e-01 7.4973e-01 [ 2.2412e-01 2.9231e-01 1.3478e-01 9.6582e-02 1.9322e-03 ] 2.5027e-01
 8.727e+00 7.4957e-01 7.4957e-01 [ 2.1787e-01 2.9509e-01 1.3683e-01 9.7822e-02 1.9569e-03 ] 2.5043e-01
 8.840e+00 7.4940e-01 7.4940e-01 [ 2.1169e-01 2.9776e-01 1.3889e-01 9.9076e-02 1.9818e-03 ] 2.5060e-01
 8.953e+00 7.4924e-01 7.4924e-01 [ 2.0558e-01 3.0034e-01 1.4097e-01 1.0034e-01 2.0070e-03 ] 2.5076e-01
 9.067e+00 7.4907e-01 7.4907e-01 [ 1.9953e-01 3.0282e-01 1.4307e-01 1.0162e-01 2.0325e-03 ] 2.5093e-01
 9.180e+00 7.4891e-01 7.4891e-01 [ 1.9356e-01 3.0519e-01 1.4519e-01 1.0292e-01 2.0582e-03 ] 2.5109e-01
 9.293e+00 7.4874e-01 7.4874e-01 [ 1.8766e-01 3.0745e-01 1.4732e-01 1.0423e-01 2.0843e-03 ] 2.5126e-01
 9.407e+00 7.4857e-01 7.4857e-01 [ 1.8184e-01 3.0959e-01 1.4948e-01 1.0555e-01 2.1107e-03 ] 2.5143e-01
 9.520e+00 7.4841e-01 7.4841e-01 [ 1.7610e-01 3.1162e-01 1.5165e-01 1.0689e-01 2.1374e-03 ] 2.5159e-01
 9.633e+00 7.4824e-01 7.4824e-01 [ 1.7044e-01 3.1354e-01 1.5384e-01 1.0825e-01 2.1644e-03 ] 2.5176e-01
 9.747e+00 7.4807e-01 7.4807e-01 [ 1.6487e-01 3.1533e-01 1.5605e-01 1.0962e-01 2.1917e-03 ] 2.5193e-01
 9.860e+00 7.4789e-01 7.4789e-01 [ 1.5939e-01 3.1700e-01 1.5828e-01 1.1100e-01 2.2194e-03 ] 2.5211e-01
 9.973e+00 7.4772e-01 7.4772e-01 [ 1.5400e-01 3.1854e-01 1.6053e-01 1.1240e-01 2.2474e-03 ] 2.5228e-01
 1.009e+01 7.4755e-01 7.4755e-01 [ 1.4870e-01 3.1995e-01 1.6280e-01 1.1382e-01 2.2758e-03 ] 2.5245e-01
 1.020e+01 7.4737e-01 7.4737e-01 [ 1.4350e-01 3.2123e-01 1.6508e-01 1.1526e-01 2.3045e-03 ] 2.5263e-01
 1.031e+01 7.4719e-01 7.4719e-01 [ 1.3839e-01 3.2238e-01 1.6738e-01 1.1671e-01 2.3335e-03 ] 2.5281e-01
 1.043e+01 7.4702e-01 7.4702e-01 [ 1.3338e-01 3.2339e-01 1.6970e-01 1.1818e-01 2.3629e-03 ] 2.5298e-01
 1.054e+01 7.4684e-01 7.4684e-01 [ 1.2847e-01 3.2426e-01 1.7204e-01 1.1967e-01 2.3927e-03 ] 2.5316e-01
 1.065e+01 7.4665e-01 7.4665e-01 [ 1.2366e-01 3.2500e-01 1.7440e-01 1.2117e-01 2.4229e-03 ] 2.5335e-01
 1.077e+01 7.4647e-01 7.4647e-01 [ 1.1896e-01 3.2559e-01 1.7677e-01 1.2270e-01 2.4535e-03 ] 2.5353e-01
 1.088e+01 7.4629e-01 7.4629e-01 [ 1.1436e-01 3.2605e-01 1.7916e-01 1.2424e-01 2.4844e-03 ] 2.5371e-01
 1.099e+01 7.4610e-01 7.4610e-01 [ 1.0987e-01 3.2636e-01 1.8156e-01 1.2580e-01 2.5158e-03 ] 2.5390e-01
 1.111e+01 7.4591e-01 7.4591e-01 [ 1.0548e-01 3.2653e-01 1.8398e-01 1.2738e-01 2.5476e-03 ] 2.5409e-01
 1.122e+01 7.4572e-01 7.4572e-01 [ 1.0120e-01 3.2655e-01 1.8641e-01 1.2898e-01 2.5798e-03 ] 2.5428e-01
 1.133e+01 7.4553e-01 7.4553e-01 [ 9.7027e-02 3.2643e-01 1.8886e-01 1.3060e-01 2.6125e-03 ] 2.5447e-01
 1.145e+01 7.4534e-01 7.4534e-01 [ 9.2963e-02 3.2617e-01 1.9132e-01 1.3224e-01 2.6456e-03 ] 2.5466e-01
 1.156e+01 7.4514e-01 7.4514e-01 [ 8.9008e-02 3.2576e-01 1.9379e-01 1.3391e-01 2.6791e-03 ] 2.5486e-01
 1.167e+01 7.4495e-01 7.4495e-01 [ 8.5161e-02 3.2521e-01 1.9627e-01 1.3559e-01 2.7131e-03 ] 2.5505e-01
 1.179e+01 7.4475e-01 7.4475e-01 [ 8.1424e-02 3.2451e-01 1.9877e-01 1.3730e-01 2.7476e-03 ] 2.5525e-01
 1.190e+01 7.4455e-01 7.4455e-01 [ 7.7795e-02 3.2367e-01 2.0127e-01 1.3903e-01 2.7826e-03 ] 2.5545e-01
 1.201e+01 7.4435e-01 7.4435e-01 [ 7.4275e-02 3.2269e-01 2.0379e-01 1.4078e-01 2.8181e-03 ] 2.5565e-01
 1.213e+01 7.4414e-01 7.4414e-01 [ 7.0862e-02 3.2156e-01 2.0631e-01 1.4256e-01 2.8540e-03 ] 2.5586e-01
 1.224e+01 7.4394e-01 7.4394e-01 [ 6.7557e-02 3.2030e-01 2.0884e-01 1.4436e-01 2.8905e-03 ] 2.5606e-01
 1.235e+01 7.4373e-01 7.4373e-01 [ 6.4359e-02 3.1889e-01 2.1137e-01 1.4618e-01 2.9276e-03 ] 2.5627e-01
 1.247e+01 7.4352e-01 7.4352e-01 [ 6.1267e-02 3.1735e-01 2.1391e-01 1.4803e-01 2.9652e-03 ] 2.5648e-01
 1.258e+01 7.4331e-01 7.4331e-01 [ 5.8279e-02 3.1567e-01 2.1645e-01 1.4991e-01 3.0033e-03 ] 2.5669e-01
 1.269e+01 7.4310e-01 7.4310e-01 [ 5.5395e-02 3.1386e-01 2.1899e-01 1.5181e-01 3.0420e-03 ] 2.5690e-01
 1.281e+01 7.4288e-01 7.4288e-01 [ 5.2614e-02 3.1191e-01 2.2153e-01 1.5374e-01 3.0813e-03 ] 2.5712e-01
 1.292e+01 7.4267e-01 7.4267e-01 [ 4.9934e-02 3.0984e-01 2.2408e-01 1.5570e-01 3.1212e-03 ] 2.5733e-01
 1.303e+01 7.4245e-01 7.4245e-01 [ 4.7354e-02 3.0763e-01 2.2661e-01 1.5769e-01 3.1617e-03 ] 2.5755e-01
 1.315e+01 7.4223e-01 7.4223e-01 [ 4.4872e-02 3.0530e-01 2.2915e-01 1.5970e-01 3.2029e-03 ] 2.5777e-01
 1.326e+01 7.4201e-01 7.4201e-01 [ 4.2487e-02 3.0285e-01 2.3168e-01 1.6175e-01 3.2447e-03 ] 2.5799e-01
 1.337e+01 7.4179e-01 7.4179e-01 [ 4.0197e-02 3.0028e-01 2.3419e-01 1.6382e-01 3.2871e-03 ] 2.5821e-01
 1.349e+01 7.4156e-01 7.4156e-01 [ 3.7999e-02 2.9760e-01 2.3670e-01 1.6593e-01 3.3302e-03 ] 2.5844e-01
 1.360e+01 7.4134e-01 7.4134e-01 [ 3.5893e-02 2.9480e-01 2.3920e-01 1.6807e-01 3.3740e-03 ] 2.5866e-01
 1.371e+01 7.4111e-01 7.4111e-01 [ 3.3876e-02 2.9189e-01 2.4168e-01 1.7024e-01 3.4185e-03 ] 2.5889e-01
 1.383e+01 7.4088e-01 7.4088e-01 [ 3.1946e-02 2.8887e-01 2.4415e-01 1.7245e-01 3.4637e-03 ] 2.5912e-01
 1.394e+01 7.4065e-01 7.4065e-01 [ 3.0102e-02 2.8575e-01 2.4660e-01 1.7469e-01 3.5096e-03 ] 2.5935e-01
 1.405e+01 7.4042e-01 7.4042e-01 [ 2.8340e-02 2.8253e-01 2.4903e-01 1.7697e-01 3.5563e-03 ] 2.5958e-01
 1.417e+01 7.4019e-01 7.4019e-01 [ 2.6659e-02 2.7921e-01 2.5143e-01 1.7928e-01 3.6038e-03 ] 2.5981e-01
 1.428e+01 7.3995e-01 7.3995e-01 [ 2.5056e-02 2.7580e-01 2.5381e-01 1.8163e-01 3.6520e-03 ] 2.6005e-01
 1.439e+01 7.3972e-01 7.3972e-01 [ 2.3530e-02 2.7230e-01 2.5617e-01 1.8402e-01 3.7010e-03 ] 2.6028e-01
 1.451e+01 7.3948e-01 7.3948e-01 [ 2.2078e-02 2.6872e-01 2.5849e-01 1.8644e-01 3.7508e-03 ] 2.6052e-01
 1.462e+01 7.3925e-01 7.3925e-01 [ 2.0697e-02 2.6505e-01 2.6078e-01 1.8891e-01 3.8014e-03 ] 2.6075e-01
 1.473e+01 7.3901e-01 7.3901e-01 [ 1.9386e-02 2.6131e-01 2.6304e-01 1.9142e-01 3.8529e-03 ] 2.6099e-01
 1.485e+01 7.3877e-01 7.3877e-01 [ 1.8142e-02 2.5750e-01 2.6525e-01 1.9397e-01 3.9052e-03 ] 2.6123e-01
 1.496e+01 7.3854e-01 7.3854e-01 [ 1.6963e-02 2.5362e-01 2.6743e-01 1.9656e-01 3.9584e-03 ] 2.6146e-01
 1.507e+01 7.3830e-01 7.3830e-01 [ 1.5846e-02 2.4967e-01 2.6957e-01 1.9920e-01 4.0124e-03 ] 2.6170e-01
 1.519e+01 7.3806e-01 7.3806e-01 [ 1.4790e-02 2.4566e-01 2.7166e-01 2.0189e-01 4.0674e-03 ] 2.6194e-01
 1.530e+01 7.3783e-01 7.3783e-01 [ 1.3792e-02 2.4160e-01 2.7370e-01 2.0461e-01 4.1232e-03 ] 2.6217e-01
 1.541e+01 7.3759e-01 7.3759e-01 [ 1.2849e-02 2.3748e-01 2.7569e-01 2.0739e-01 4.1800e-03 ] 2.6241e-01
 1.553e+01 7.3736e-01 7.3736e-01 [ 1.1960e-02 2.3332e-01 2.7763e-01 2.1022e-01 4.2377e-03 ] 2.6264e-01
 1.564e+01 7.3713e-01 7.3713e-01 [ 1.1122e-02 2.2911e-01 2.7951e-01 2.1309e-01 4.2963e-03 ] 2.6287e-01
 1.575e+01 7.3690e-01 7.3690e-01 [ 1.0333e-02 2.2487e-01 2.8133e-01 2.1601e-01 4.3559e-03 ] 2.6310e-01
 1.587e+01 7.3667e-01 7.3667e-01 [ 9.5909e-03 2.2058e-01 2.8309e-01 2.1899e-01 4.4165e-03 ] 2.6333e-01
 1.598e+01 7.3645e-01 7.3645e-01 [ 8.8938e-03 2.1627e-01 2.8478e-01 2.2202e-01 4.4780e-03 ] 2.6355e-01
 1.609e+01 7.3623e-01 7.3623e-01 [ 8.2396e-03 2.1193e-01 2.8641e-01 2.2510e-01 4.5404e-03 ] 2.6377e-01
 1.621e+01 7.3602e-01 7.3602e-01 [ 7.6261e-03 2.0757e-01 2.8797e-01 2.2824e-01 4.6039e-03 ] 2.6398e-01
 1.632e+01 7.3581e-01 7.3581e-01 [ 7.0516e-03 2.0320e-01 2.8946e-01 2.3144e-01 4.6683e-03 ] 2.6419e-01
 1.643e+01 7.3561e-01 7.3561e-01 [ 6.5139e-03 1.9880e-01 2.9087e-01 2.3469e-01 4.7337e-03 ] 2.6439e-01
 1.655e+01 7.3541e-01 7.3541e-01 [ 6.0114e-03 1.9440e-01 2.9220e-01 2.3800e-01 4.8001e-03 ] 2.6459e-01
 1.666e+01 7.3523e-01 7.3523e-01 [ 5.5422e-03 1.8999e-01 2.9346e-01 2.4137e-01 4.8675e-03 ] 2.6477e-01
 1.677e+01 7.3505e-01 7.3505e-01 [ 5.1045e-03 1.8558e-01 2.9463e-01 2.4480e-01 4.9359e-03 ] 2.6495e-01
 1.689e+01 7.3489e-01 7.3489e-01 [ 4.6966e-03 1.8117e-01 2.9572e-01 2.4829e-01 5.0052e-03 ] 2.6511e-01
 1.700e+01 7.3474e-01 7.3474e-01 [ 4.3170e-03 1.7677e-01 2.9673e-01 2.5184e-01 5.0755e-03 ] 2.6526e-01
 1.711e+01 7.3460e-01 7.3460e-01 [ 3.9640e-03 1.7238e-01 2.9764e-01 2.5546e-01 5.1467e-03 ] 2.6540e-01
 1.723e+01 7.3447e-01 7.3447e-01 [ 3.6362e-03 1.6800e-01 2.9847e-01 2.5914e-01 5.2189e-03 ] 2.6553e-01
 1.734e+01 7.3437e-01 7.3437e-01 [ 3.3320e-03 1.6364e-01 2.9921e-01 2.6289e-01 5.2921e-03 ] 2.6563e-01
 1.745e+01 7.3428e-01 7.3428e-01 [ 3.0501e-03 1.5930e-01 2.9986e-01 2.6671e-01 5.3661e-03 ] 2.6572e-01
 1.757e+01 7.3421e-01 7.3421e-01 [ 2.7891e-03 1.5498e-01 3.0042e-01 2.7059e-01 5.4410e-03 ] 2.6578e-01
 1.768e+01 7.3417e-01 7.3417e-01 [ 2.5478e-03 1.5070e-01 3.0088e-01 2.7453e-01 5.5168e-03 ] 2.6583e-01
 1.779e+01 7.3416e-01 7.3416e-01 [ 2.3248e-03 1.4644e-01 3.0125e-01 2.7855e-01 5.5935e-03 ] 2.6584e-01
 1.791e+01 7.3417e-01 7.3417e-01 [ 2.1191e-03 1.4222e-01 3.0152e-01 2.8264e-01 5.6709e-03 ] 2.6583e-01
 1.802e+01 7.3422e-01 7.3422e-01 [ 1.9295e-03 1.3804e-01 3.0171e-01 2.8679e-01 5.7492e-03 ] 2.6578e-01
 1.813e+01 7.3430e-01 7.3430e-01 [ 1.7549e-03 1.3391e-01 3.0180e-01 2.9102e-01 5.8282e-03 ] 2.6570e-01
 1.825e+01 7.3443e-01 7.3443e-01 [ 1.5944e-03 1.2981e-01 3.0180e-01 2.9532e-01 5.9078e-03 ] 2.6557e-01
 1.836e+01 7.3459e-01 7.3459e-01 [ 1.4470e-03 1.2577e-01 3.0171e-01 2.9968e-01 5.9882e-03 ] 2.6541e-01
 1.847e+01 7.3480e-01 7.3480e-01 [ 1.3117e-03 1.2178e-01 3.0153e-01 3.0412e-01 6.0691e-03 ] 2.6520e-01
 1.859e+01 7.3507e-01 7.3507e-01 [ 1.1877e-03 1.1784e-01 3.0126e-01 3.0863e-01 6.1507e-03 ] 2.6493e-01
 1.870e+01 7.3539e-01 7.3539e-01 [ 1.0743e-03 1.1396e-01 3.0091e-01 3.1321e-01 6.2327e-03 ] 2.6461e-01
 1.881e+01 7.3577e-01 7.3577e-01 [ 9.7051e-04 1.1014e-01 3.0047e-01 3.1787e-01 6.3151e-03 ] 2.6423e-01
 1.893e+01 7.3621e-01 7.3621e-01 [ 8.7578e-04 1.0639e-01 2.9996e-01 3.2259e-01 6.3980e-03 ] 2.6379e-01
 1.904e+01 7.3673e-01 7.3673e-01 [ 7.8938e-04 1.0270e-01 2.9937e-01 3.2738e-01 6.4811e-03 ] 2.6327e-01
 1.915e+01 7.3732e-01 7.3732e-01 [ 7.1067e-04 9.9077e-02 2.9872e-01 3.3225e-01 6.5645e-03 ] 2.6268e-01
 1.927e+01 7.3799e-01 7.3799e-01 [ 6.3906e-04 9.5530e-02 2.9799e-01 3.3718e-01 6.6480e-03 ] 2.6201e-01
 1.938e+01 7.3875e-01 7.3875e-01 [ 5.7398e-04 9.2057e-02 2.9721e-01 3.4219e-01 6.7316e-03 ] 2.6125e-01
 1.949e+01 7.3961e-01 7.3961e-01 [ 5.1492e-04 8.8662e-02 2.9636e-01 3.4725e-01 6.8153e-03 ] 2.6039e-01
 1.961e+01 7.4056e-01 7.4056e-01 [ 4.6137e-04 8.5346e-02 2.9547e-01 3.5239e-01 6.8988e-03 ] 2.5944e-01
 1.972e+01 7.4162e-01 7.4162e-01 [ 4.1290e-04 8.2112e-02 2.9453e-01 3.5759e-01 6.9821e-03 ] 2.5838e-01
 1.983e+01 7.4280e-01 7.4280e-01 [ 3.6907e-04 7.8963e-02 2.9355e-01 3.6285e-01 7.0651e-03 ] 2.5720e-01
 1.995e+01 7.4408e-01 7.4408e-01 [ 3.2950e-04 7.5900e-02 2.9254e-01 3.6816e-01 7.1476e-03 ] 2.5592e-01
 2.006e+01 7.4550e-01 7.4550e-01 [ 2.9381e-04 7.2927e-02 2.9151e-01 3.7354e-01 7.2297e-03 ] 2.5450e-01
 2.017e+01 7.4704e-01 7.4704e-01 [ 2.6166e-04 7.0044e-02 2.9045e-01 3.7897e-01 7.3112e-03 ] 2.5296e-01
 2.029e+01 7.4871e-01 7.4871e-01 [ 2.3275e-04 6.7255e-02 2.8939e-01 3.8444e-01 7.3919e-03 ] 2.5129e-01
 2.040e+01 7.5053e-01 7.5053e-01 [ 2.0679e-04 6.4562e-02 2.8832e-01 3.8997e-01 7.4718e-03 ] 2.4947e-01
 2.051e+01 7.5248e-01 7.5248e-01 [ 1.8350e-04 6.1965e-02 2.8726e-01 3.9553e-01 7.5506e-03 ] 2.4752e-01
 2.063e+01 7.5458e-01 7.5458e-01 [ 1.6265e-04 5.9468e-02 2.8620e-01 4.0112e-01 7.6285e-03 ] 2.4542e-01
 2.074e+01 7.5683e-01 7.5683e-01 [ 1.4401e-04 5.7072e-02 2.8517e-01 4.0674e-01 7.7051e-03 ] 2.4317e-01
 2.085e+01 7.5922e-01 7.5922e-01 [ 1.2736e-04 5.4779e-02 2.8416e-01 4.1238e-01 7.7806e-03 ] 2.4078e-01
 2.097e+01 7.6175e-01 7.6175e-01 [ 1.1252e-04 5.2590e-02 2.8317e-01 4.1802e-01 7.8548e-03 ] 2.3825e-01
 2.108e+01 7.6442e-01 7.6442e-01 [ 9.9326e-05 5.0506e-02 2.8223e-01 4.2366e-01 7.9277e-03 ] 2.3558e-01
 2.119e+01 7.6720e-01 7.6720e-01 [ 8.7607e-05 4.8529e-02 2.8132e-01 4.2927e-01 7.9996e-03 ] 2.3280e-01
 2.131e+01 7.7008e-01 7.7008e-01 [ 7.7221e-05 4.6658e-02 2.8044e-01 4.3484e-01 8.0706e-03 ] 2.2992e-01
 2.142e+01 7.7301e-01 7.7301e-01 [ 6.8039e-05 4.4893e-02 2.7959e-01 4.4032e-01 8.1410e-03 ] 2.2699e-01
 2.153e+01 7.7592e-01 7.7592e-01 [ 5.9938e-05 4.3233e-02 2.7874e-01 4.4567e-01 8.2115e-03 ] 2.2408e-01
 2.165e+01 7.7869e-01 7.7869e-01 [ 5.2809e-05 4.1673e-02 2.7788e-01 4.5081e-01 8.2827e-03 ] 2.2131e-01
 2.176e+01 7.8115e-01 7.8115e-01 [ 4.6549e-05 4.0207e-02 2.7693e-01 4.5561e-01 8.3554e-03 ] 2.1885e-01
 2.187e+01 7.8298e-01 7.8298e-01 [ 4.1062e-05 3.8823e-02 2.7580e-01 4.5988e-01 8.4301e-03 ] 2.1702e-01
 2.199e+01 7.8369e-01 7.8369e-01 [ 3.6258e-05 3.7499e-02 2.7433e-01 4.6331e-01 8.5063e-03 ] 2.1631e-01
 2.210e+01 7.8244e-01 7.8244e-01 [ 3.2043e-05 3.6202e-02 2.7224e-01 4.6539e-01 8.5814e-03 ] 2.1756e-01
 2.221e+01 7.7792e-01 7.7792e-01 [ 2.8325e-05 3.4879e-02 2.6908e-01 4.6529e-01 8.6485e-03 ] 2.2208e-01
 2.233e+01 7.6810e-01 7.6810e-01 [ 2.5001e-05 3.3448e-02 2.6417e-01 4.6176e-01 8.6928e-03 ] 2.3190e-01
 2.244e+01 7.5004e-01 7.5004e-01 [ 2.1962e-05 3.1794e-02 2.5654e-01 4.5300e-01 8.6877e-03 ] 2.4996e-01
 2.255e+01 7.2013e-01 7.2013e-01 [ 1.9100e-05 2.9780e-02 2.4499e-01 4.3675e-01 8.5934e-03 ] 2.7987e-01
 2.267e+01 6.7489e-01 6.7489e-01 [ 1.6328e-05 2.7282e-02 2.2838e-01 4.1085e-01 8.3624e-03 ] 3.2511e-01
 2.278e+01 6.1282e-01 6.1282e-01 [ 1.3612e-05 2.4255e-02 2.0627e-01 3.7433e-01 7.9558e-03 ] 3.8718e-01
 2.289e+01 5.3612e-01 5.3612e-01 [ 1.0996e-05 2.0803e-02 1.7946e-01 3.2849e-01 7.3667e-03 ] 4.6388e-01
 2.301e+01 4.5097e-01 4.5097e-01 [ 8.5790e-06 1.7168e-02 1.5007e-01 2.7709e-01 6.6315e-03 ] 5.4903e-01
 2.312e+01 3.6545e-01 3.6545e-01 [ 6.4685e-06 1.3654e-02 1.2083e-01 2.2514e-01 5.8186e-03 ] 6.3455e-01
 2.323e+01 2.8674e-01 2.8674e-01 [ 4.7315e-06 1.0512e-02 9.4127e-02 1.7709e-01 5.0022e-03 ] 7.1326e-01
 2.335e+01 2.1927e-01 2.1927e-01 [ 3.3757e-06 7.8829e-03 7.1391e-02 1.3576e-01 4.2395e-03 ] 7.8072e-01
 2.346e+01 1.6455e-01 1.6455e-01 [ 2.3629e-06 5.7946e-03 5.3064e-02 1.0212e-01 3.5629e-03 ] 8.3545e-01
 2.357e+01 1.2192e-01 1.2192e-01 [ 1.6313e-06 4.1992e-03 3.8878e-02 7.5856e-02 2.9830e-03 ] 8.7808e-01
 2.369e+01 8.9656e-02 8.9656e-02 [ 1.1157e-06 3.0143e-03 2.8214e-02 5.5931e-02 2.4961e-03 ] 9.1034e-01
 2.380e+01 6.5710e-02 6.5710e-02 [ 7.5855e-07 2.1512e-03 2.0356e-02 4.1110e-02 2.0919e-03 ] 9.3429e-01
 2.391e+01 4.8157e-02 4.8157e-02 [ 5.1401e-07 1.5306e-03 1.4644e-02 3.0224e-02 1.7579e-03 ] 9.5184e-01
 2.403e+01 3.5380e-02 3.5380e-02 [ 3.4782e-07 1.0880e-03 1.0525e-02 2.2285e-02 1.4818e-03 ] 9.6462e-01
 2.414e+01 2.6110e-02 2.6110e-02 [ 2.3535e-07 7.7370e-04 7.5691e-03 1.6514e-02 1.2532e-03 ] 9.7389e-01
 2.425e+01 1.9386e-02 1.9386e-02 [ 1.5939e-07 5.5104e-04 5.4524e-03 1.2319e-02 1.0633e-03 ] 9.8061e-01
 2.437e+01 1.4500e-02 1.4500e-02 [ 1.0812e-07 3.9333e-04 3.9370e-03 9.2644e-03 9.0487e-04 ] 9.8550e-01
 2.448e+01 1.0936e-02 1.0936e-02 [ 7.3487e-08 2.8151e-04 2.8509e-03 7.0312e-03 7.7221e-04 ] 9.8906e-01
 2.459e+01 8.3240e-03 8.3240e-03 [ 5.0064e-08 2.0209e-04 2.0711e-03 5.3900e-03 6.6073e-04 ] 9.9168e-01
 2.471e+01 6.3983e-03 6.3983e-03 [ 3.4193e-08 1.4555e-04 1.5097e-03 4.1763e-03 5.6671e-04 ] 9.9360e-01
 2.482e+01 4.9689e-03 4.9689e-03 [ 2.3413e-08 1.0517e-04 1.1043e-03 3.2722e-03 4.8718e-04 ] 9.9503e-01
 2.493e+01 3.8999e-03 3.8999e-03 [ 1.6075e-08 7.6258e-05 8.1075e-04 2.5931e-03 4.1971e-04 ] 9.9610e-01
 2.505e+01 3.0938e-03 3.0938e-03 [ 1.1066e-08 5.5480e-05 5.9736e-04 2.0787e-03 3.6232e-04 ] 9.9691e-01
 2.516e+01 2.4808e-03 2.4808e-03 [ 7.6375e-09 4.0501e-05 4.4172e-04 1.6852e-03 3.1339e-04 ] 9.9752e-01
 2.527e+01 2.0104e-03 2.0104e-03 [ 5.2850e-09 2.9665e-05 3.2779e-04 1.3813e-03 2.7157e-04 ] 9.9799e-01
 2.539e+01 1.6459e-03 1.6459e-03 [ 3.6664e-09 2.1800e-05 2.4411e-04 1.1442e-03 2.3575e-04 ] 9.9835e-01
 2.550e+01 1.3608e-03 1.3608e-03 [ 2.5498e-09 1.6072e-05 1.8242e-04 9.5728e-04 2.0501e-04 ] 9.9864e-01
 2.561e+01 1.1356e-03 1.1356e-03 [ 1.7775e-09 1.1886e-05 1.3678e-04 8.0834e-04 1.7858e-04 ] 9.9886e-01
 2.573e+01 9.5595e-04 9.5595e-04 [ 1.2420e-09 8.8179e-06 1.0290e-04 6.8842e-04 1.5581e-04 ] 9.9904e-01
 2.584e+01 8.1126e-04 8.1126e-04 [ 8.6978e-10 6.5613e-06 7.7664e-05 5.9088e-04 1.3616e-04 ] 9.9919e-01
 2.595e+01 6.9360e-04 6.9360e-04 [ 6.1043e-10 4.8965e-06 5.8804e-05 5.1073e-04 1.1917e-04 ] 9.9931e-01
 2.607e+01 5.9704e-04 5.9704e-04 [ 4.2931e-10 3.6645e-06 4.4663e-05 4.4426e-04 1.0445e-04 ] 9.9940e-01
 2.618e+01 5.1708e-04 5.1708e-04 [ 3.0254e-10 2.7501e-06 3.4026e-05 3.8862e-04 9.1683e-05 ] 9.9948e-01
 2.629e+01 4.5032e-04 4.5032e-04 [ 2.1361e-10 2.0693e-06 2.6000e-05 3.4166e-04 8.0590e-05 ] 9.9955e-01
 2.641e+01 3.9413e-04 3.9413e-04 [ 1.5110e-10 1.5612e-06 1.9925e-05 3.0170e-04 7.0936e-05 ] 9.9961e-01
 2.652e+01 3.4648e-04 3.4648e-04 [ 1.0708e-10 1.1808e-06 1.5314e-05 2.6747e-04 6.2521e-05 ] 9.9965e-01
 2.663e+01 3.0581e-04 3.0581e-04 [ 7.6008e-11 8.9523e-07 1.1803e-05 2.3794e-04 5.5176e-05 ] 9.9969e-01
 2.675e+01 2.7087e-04 2.7087e-04 [ 5.4042e-11 6.8035e-07 9.1223e-06 2.1231e-04 4.8754e-05 ] 9.9973e-01
 2.686e+01 2.4068e-04 2.4068e-04 [ 3.8484e-11 5.1824e-07 7.0701e-06 1.8996e-04 4.3132e-05 ] 9.9976e-01
 2.697e+01 2.1446e-04 2.1446e-04 [ 2.7446e-11 3.9562e-07 5.4946e-06 1.7037e-04 3.8204e-05 ] 9.9979e-01
 2.709e+01 1.9158e-04 1.9158e-04 [ 1.9602e-11 3.0267e-07 4.2819e-06 1.5311e-04 3.3877e-05 ] 9.9981e-01
 2.720e+01 1.7152e-04 1.7152e-04 [ 1.4018e-11 2.3204e-07 3.3461e-06 1.3787e-04 3.0074e-05 ] 9.9983e-01
 2.731e+01 1.5387e-04 1.5387e-04 [ 1.0038e-11 1.7824e-07 2.6220e-06 1.2434e-04 2.6727e-05 ] 9.9985e-01
 2.743e+01 1.3829e-04 1.3829e-04 [ 7.1972e-12 1.3719e-07 2.0605e-06 1.1231e-04 2.3778e-05 ] 9.9986e-01
 2.754e+01 1.2449e-04 1.2449e-04 [ 5.1663e-12 1.0578e-07 1.6238e-06 1.0158e-04 2.1175e-05 ] 9.9988e-01
 2.765e+01 1.1223e-04 1.1223e-04 [ 3.7125e-12 8.1717e-08 1.2835e-06 9.1986e-05 1.8876e-05 ] 9.9989e-01
 2.777e+01 1.0131e-04 1.0131e-04 [ 2.6707e-12 6.3236e-08 1.0176e-06 8.3385e-05 1.6843e-05 ] 9.9990e-01
 2.788e+01 9.1563e-05 9.1563e-05 [ 1.9231e-12 4.9018e-08 8.0935e-07 7.5662e-05 1.5042e-05 ] 9.9991e-01
 2.799e+01 8.2845e-05 8.2845e-05 [ 1.3861e-12 3.8058e-08 6.4588e-07 6.8714e-05 1.3447e-05 ] 9.9992e-01
 2.811e+01 7.5031e-05 7.5031e-05 [ 9.9995e-13 2.9595e-08 5.1725e-07 6.2454e-05 1.2031e-05 ] 9.9993e-01
 2.822e+01 6.8017e-05 6.8017e-05 [ 7.2197e-13 2.3049e-08 4.1579e-07 5.6805e-05 1.0773e-05 ] 9.9993e-01
 2.833e+01 6.1710e-05 6.1710e-05 [ 5.2168e-13 1.7978e-08 3.3556e-07 5.1702e-05 9.6544e-06 ] 9.9994e-01
 2.845e+01 5.6030e-05 5.6030e-05 [ 3.7723e-13 1.4042e-08 2.7196e-07 4.7085e-05 8.6590e-06 ] 9.9994e-01
 2.856e+01 5.0909e-05 5.0909e-05 [ 2.7297e-13 1.0983e-08 2.2142e-07 4.2904e-05 7.7722e-06 ] 9.9995e-01
 2.867e+01 4.6286e-05 4.6286e-05 [ 1.9765e-13 8.6014e-09 1.8114e-07 3.9115e-05 6.9814e-06 ] 9.9995e-01
 2.879e+01 4.2108e-05 4.2108e-05 [ 1.4320e-13 6.7450e-09 1.4895e-07 3.5677e-05 6.2756e-06 ] 9.9996e-01
 2.890e+01 3.8328e-05 3.8328e-05 [ 1.0381e-13 5.2959e-09 1.2315e-07 3.2555e-05 5.6450e-06 ] 9.9996e-01
 2.901e+01 3.4906e-05 3.4906e-05 [ 7.5294e-14 4.1631e-09 1.0241e-07 2.9718e-05 5.0813e-06 ] 9.9997e-01
 2.913e+01 3.1804e-05 3.1804e-05 [ 5.4637e-14 3.2764e-09 8.5680e-08 2.7138e-05 4.5768e-06 ] 9.9997e-01
 2.924e+01 2.8991e-05 2.8991e-05 [ 3.9664e-14 2.5815e-09 7.2133e-08 2.4791e-05 4.1250e-06 ] 9.9997e-01
 2.935e+01 2.6437e-05 2.6437e-05 [ 2.8806e-14 2.0363e-09 6.1124e-08 2.2654e-05 3.7201e-06 ] 9.9997e-01
 2.947e+01 2.4117e-05 2.4117e-05 [ 2.0928e-14 1.6079e-09 5.2139e-08 2.0706e-05 3.3568e-06 ] 9.9998e-01
 2.958e+01 2.2009e-05 2.2009e-05 [ 1.5209e-14 1.2710e-09 4.4774e-08 1.8932e-05 3.0308e-06 ] 9.9998e-01
 2.969e+01 2.0091e-05 2.0091e-05 [ 1.1057e-14 1.0057e-09 3.8708e-08 1.7313e-05 2.7379e-06 ] 9.9998e-01
 2.981e+01 1.8346e-05 1.8346e-05 [ 8.0399e-15 7.9664e-10 3.3686e-08 1.5837e-05 2.4747e-06 ] 9.9998e-01
 2.992e+01 1.6757e-05 1.6757e-05 [ 5.8475e-15 6.3167e-10 2.9505e-08 1.4489e-05 2.2379e-06 ] 9.9998e-01
 3.003e+01 1.5310e-05 1.5310e-05 [ 4.2538e-15 5.0136e-10 2.6005e-08 1.3259e-05 2.0247e-06 ] 9.9998e-01
 3.015e+01 1.3992e-05 1.3992e-05 [ 3.0950e-15 3.9834e-10 2.3056e-08 1.2135e-05 1.8327e-06 ] 9.9999e-01
 3.026e+01 1.2789e-05 1.2789e-05 [ 2.2522e-15 3.1681e-10 2.0556e-08 1.1109e-05 1.6597e-06 ] 9.9999e-01
 3.037e+01 1.1693e-05 1.1693e-05 [ 1.6390e-15 2.5223e-10 1.8422e-08 1.0170e-05 1.5037e-06 ] 9.9999e-01
 3.049e+01 1.0692e-05 1.0692e-05 [ 1.1929e-15 2.0102e-10 1.6590e-08 9.3124e-06 1.3629e-06 ] 9.9999e-01
 3.060e+01 9.7790e-06 9.7790e-06 [ 8.6826e-16 1.6038e-10 1.5004e-08 8.5280e-06 1.2359e-06 ] 9.9999e-01
 3.071e+01 8.9453e-06 8.9453e-06 [ 6.3199e-16 1.2810e-10 1.3624e-08 7.8105e-06 1.1211e-06 ] 9.9999e-01
 3.083e+01 8.1839e-06 8.1839e-06 [ 4.6001e-16 1.0244e-10 1.2414e-08 7.1540e-06 1.0173e-06 ] 9.9999e-01
 3.094e+01 7.4883e-06 7.4883e-06 [ 3.3483e-16 8.2012e-11 1.1346e-08 6.5534e-06 9.2351e-07 ] 9.9999e-01
 3.105e+01 6.8527e-06 6.8527e-06 [ 2.4370e-16 6.5743e-11 1.0399e-08 6.0036e-06 8.3865e-07 ] 9.9999e-01
 3.117e+01 6.2718e-06 6.2718e-06 [ 1.7736e-16 5.2772e-11 9.5526e-09 5.5003e-06 7.6184e-07 ] 9.9999e-01
 3.128e+01 5.7407e-06 5.7407e-06 [ 1.2907e-16 4.2420e-11 8.7929e-09 5.0396e-06 6.9230e-07 ] 9.9999e-01
 3.139e+01 5.2551e-06 5.2551e-06 [ 9.3923e-17 3.4151e-11 8.1073e-09 4.6176e-06 6.2929e-07 ] 9.9999e-01
 3.151e+01 4.8110e-06 4.8110e-06 [ 6.8336e-17 2.7537e-11 7.4859e-09 4.2312e-06 5.7220e-07 ] 1.0000e+00
 3.162e+01 4.4047e-06 4.4047e-06 [ 4.9713e-17 2.2243e-11 6.9202e-09 3.8773e-06 5.2043e-07 ] 1.0000e+00
 3.173e+01 4.0330e-06 4.0330e-06 [ 3.6159e-17 1.8000e-11 6.4033e-09 3.5531e-06 4.7348e-07 ] 1.0000e+00
 3.185e+01 3.6929e-06 3.6929e-06 [ 2.6297e-17 1.4594e-11 5.9294e-09 3.2561e-06 4.3088e-07 ] 1.0000e+00
 3.196e+01 3.3817e-06 3.3817e-06 [ 1.9121e-17 1.1858e-11 5.4938e-09 2.9840e-06 3.9221e-07 ] 1.0000e+00
 3.207e+01 3.0968e-06 3.0968e-06 [ 1.3900e-17 9.6571e-12 5.0923e-09 2.7346e-06 3.5710e-07 ] 1.0000e+00
 3.219e+01 2.8360e-06 2.8360e-06 [ 1.0103e-17 7.8834e-12 4.7216e-09 2.5061e-06 3.2521e-07 ] 1.0000e+00
 3.230e+01 2.5973e-06 2.5973e-06 [ 7.3412e-18 6.4518e-12 4.3785e-09 2.2967e-06 2.9623e-07 ] 1.0000e+00
 3.241e+01 2.3787e-06 2.3787e-06 [ 5.3333e-18 5.2945e-12 4.0607e-09 2.1048e-06 2.6990e-07 ] 1.0000e+00
 3.253e+01 2.1786e-06 2.1786e-06 [ 3.8736e-18 4.3572e-12 3.7659e-09 1.9289e-06 2.4595e-07 ] 1.0000e+00
 3.264e+01 1.9953e-06 1.9953e-06 [ 2.8127e-18 3.5966e-12 3.4921e-09 1.7677e-06 2.2417e-07 ] 1.0000e+00
 3.275e+01 1.8275e-06 1.8275e-06 [ 2.0419e-18 2.9781e-12 3.2377e-09 1.6199e-06 2.0436e-07 ] 1.0000e+00
 3.287e+01 1.6738e-06 1.6738e-06 [ 1.4819e-18 2.4739e-12 3.0012e-09 1.4845e-06 1.8634e-07 ] 1.0000e+00
 3.298e+01 1.5330e-06 1.5330e-06 [ 1.0752e-18 2.0620e-12 2.7812e-09 1.3603e-06 1.6993e-07 ] 1.0000e+00
 3.309e+01 1.4041e-06 1.4041e-06 [ 7.7994e-19 1.7246e-12 2.5765e-09 1.2465e-06 1.5499e-07 ] 1.0000e+00
 3.321e+01 1.2859e-06 1.2859e-06 [ 5.6559e-19 1.4474e-12 2.3861e-09 1.1422e-06 1.4139e-07 ] 1.0000e+00
 3.332e+01 1.1778e-06 1.1778e-06 [ 4.1004e-19 1.2190e-12 2.2089e-09 1.0465e-06 1.2900e-07 ] 1.0000e+00
 3.343e+01 1.0786e-06 1.0786e-06 [ 2.9719e-19 1.0303e-12 2.0441e-09 9.5889e-07 1.1771e-07 ] 1.0000e+00
 3.355e+01 9.8786e-07 9.8786e-07 [ 2.1535e-19 8.7387e-13 1.8907e-09 8.7854e-07 1.0743e-07 ] 1.0000e+00
 3.366e+01 9.0469e-07 9.0469e-07 [ 1.5600e-19 7.4375e-13 1.7481e-09 8.0489e-07 9.8053e-08 ] 1.0000e+00
 3.377e+01 8.2850e-07 8.2850e-07 [ 1.1298e-19 6.3513e-13 1.6155e-09 7.3738e-07 8.9508e-08 ] 1.0000e+00
 3.389e+01 7.5871e-07 7.5871e-07 [ 8.1804e-20 5.4416e-13 1.4922e-09 6.7550e-07 8.1716e-08 ] 1.0000e+00
 3.400e+01 6.9477e-07 6.9477e-07 [ 5.9218e-20 4.6768e-13 1.3777e-09 6.1878e-07 7.4611e-08 ] 1.0000e+00
 3.411e+01 6.3620e-07 6.3620e-07 [ 4.2859e-20 4.0316e-13 1.2714e-09 5.6680e-07 6.8130e-08 ] 1.0000e+00
 3.423e+01 5.8254e-07 5.8254e-07 [ 3.1013e-20 3.4853e-13 1.1727e-09 5.1915e-07 6.2219e-08 ] 1.0000e+00
 3.434e+01 5.3339e-07 5.3339e-07 [ 2.2437e-20 3.0211e-13 1.0811e-09 4.7548e-07 5.6825e-08 ] 1.0000e+00
 3.445e+01 4.8836e-07 4.8836e-07 [ 1.6230e-20 2.6252e-13 9.9620e-10 4.3546e-07 5.1903e-08 ] 1.0000e+00
 3.457e+01 4.4712e-07 4.4712e-07 [ 1.1739e-20 2.2864e-13 9.1749e-10 3.9879e-07 4.7412e-08 ] 1.0000e+00
 3.468e+01 4.0934e-07 4.0934e-07 [ 8.4901e-21 1.9955e-13 8.4456e-10 3.6518e-07 4.3312e-08 ] 1.0000e+00
 3.479e+01 3.7473e-07 3.7473e-07 [ 6.1399e-21 1.7450e-13 7.7705e-10 3.3438e-07 3.9569e-08 ] 1.0000e+00
 3.491e+01 3.4303e-07 3.4303e-07 [ 4.4402e-21 1.5285e-13 7.1456e-10 3.0617e-07 3.6153e-08 ] 1.0000e+00
 3.502e+01 3.1400e-07 3.1400e-07 [ 3.2111e-21 1.3410e-13 6.5678e-10 2.8031e-07 3.3033e-08 ] 1.0000e+00
 3.513e+01 2.8741e-07 2.8741e-07 [ 2.3224e-21 1.1780e-13 6.0336e-10 2.5662e-07 3.0184e-08 ] 1.0000e+00
 3.525e+01 2.6306e-07 2.6306e-07 [ 1.6798e-21 1.0361e-13 5.5402e-10 2.3492e-07 2.7582e-08 ] 1.0000e+00
 3.536e+01 2.4075e-07 2.4075e-07 [ 1.2153e-21 9.1226e-14 5.0845e-10 2.1504e-07 2.5206e-08 ] 1.0000e+00
 3.547e+01 2.2033e-07 2.2033e-07 [ 8.7940e-22 8.0391e-14 4.6641e-10 1.9682e-07 2.3035e-08 ] 1.0000e+00
 3.559e+01 2.0162e-07 2.0162e-07 [ 6.3654e-22 7.0896e-14 4.2763e-10 1.8014e-07 2.1053e-08 ] 1.0000e+00
 3.570e+01 1.8449e-07 1.8449e-07 [ 4.6092e-22 6.2561e-14 3.9189e-10 1.6486e-07 1.9241e-08 ] 1.0000e+00
 3.581e+01 1.6881e-07 1.6881e-07 [ 3.3390e-22 5.5233e-14 3.5896e-10 1.5086e-07 1.7586e-08 ] 1.0000e+00
 3.593e+01 1.5445e-07 1.5445e-07 [ 2.4201e-22 4.8782e-14 3.2864e-10 1.3805e-07 1.6074e-08 ] 1.0000e+00
 3.604e+01 1.4130e-07 1.4130e-07 [ 1.7551e-22 4.3097e-14 3.0074e-10 1.2631e-07 1.4692e-08 ] 1.0000e+00
 3.615e+01 1.2927e-07 1.2927e-07 [ 1.2737e-22 3.8082e-14 2.7508e-10 1.1556e-07 1.3429e-08 ] 1.0000e+00
 3.627e+01 1.1825e-07 1.1825e-07 [ 9.2501e-23 3.3654e-14 2.5149e-10 1.0572e-07 1.2275e-08 ] 1.0000e+00
 3.638e+01 1.0816e-07 1.0816e-07 [ 6.7237e-23 2.9742e-14 2.2982e-10 9.6709e-08 1.1220e-08 ] 1.0000e+00
 3.649e+01 9.8926e-08 9.8926e-08 [ 4.8919e-23 2.6284e-14 2.0993e-10 8.8460e-08 1.0256e-08 ] 1.0000e+00
 3.661e+01 9.0475e-08 9.0475e-08 [ 3.5628e-23 2.3226e-14 1.9166e-10 8.0908e-08 9.3754e-09 ] 1.0000e+00
 3.672e+01 8.2740e-08 8.2740e-08 [ 2.5978e-23 2.0521e-14 1.7491e-10 7.3995e-08 8.5700e-09 ] 1.0000e+00
 3.683e+01 7.5661e-08 7.5661e-08 [ 1.8964e-23 1.8127e-14 1.5956e-10 6.7667e-08 7.8339e-09 ] 1.0000e+00
 3.695e+01 6.9183e-08 6.9183e-08 [ 1.3862e-23 1.6009e-14 1.4549e-10 6.1876e-08 7.1610e-09 ] 1.0000e+00
 3.706e+01 6.3254e-08 6.3254e-08 [ 1.0146e-23 1.4134e-14 1.3260e-10 5.6576e-08 6.5459e-09 ] 1.0000e+00
 3.717e+01 5.7830e-08 5.7830e-08 [ 7.4376e-24 1.2475e-14 1.2080e-10 5.1726e-08 5.9835e-09 ] 1.0000e+00
 3.729e+01 5.2867e-08 5.2867e-08 [ 5.4604e-24 1.1007e-14 1.1001e-10 4.7288e-08 5.4695e-09 ] 1.0000e+00
 3.740e+01 4.8326e-08 4.8326e-08 [ 4.0151e-24 9.7083e-15 1.0013e-10 4.3227e-08 4.9995e-09 ] 1.0000e+00
 3.751e+01 4.4172e-08 4.4172e-08 [ 2.9573e-24 8.5594e-15 9.1112e-11 3.9511e-08 4.5699e-09 ] 1.0000e+00
 3.763e+01 4.0373e-08 4.0373e-08 [ 2.1818e-24 7.5433e-15 8.2869e-11 3.6113e-08 4.1771e-09 ] 1.0000e+00
 3.774e+01 3.6897e-08 3.6897e-08 [ 1.6125e-24 6.6449e-15 7.5341e-11 3.3003e-08 3.8181e-09 ] 1.0000e+00
 3.785e+01 3.3718e-08 3.3718e-08 [ 1.1938e-24 5.8509e-15 6.8470e-11 3.0159e-08 3.4898e-09 ] 1.0000e+00
 3.797e+01 3.0810e-08 3.0810e-08 [ 8.8538e-25 5.1495e-15 6.2202e-11 2.7558e-08 3.1897e-09 ] 1.0000e+00
 3.808e+01 2.8151e-08 2.8151e-08 [ 6.5779e-25 4.5299e-15 5.6485e-11 2.5179e-08 2.9153e-09 ] 1.0000e+00
 3.819e+01 2.5720e-08 2.5720e-08 [ 4.8956e-25 3.9830e-15 5.1274e-11 2.3004e-08 2.6644e-09 ] 1.0000e+00
 3.831e+01 2.3496e-08 2.3496e-08 [ 3.6498e-25 3.5004e-15 4.6527e-11 2.1015e-08 2.4351e-09 ] 1.0000e+00
 3.842e+01 2.1463e-08 2.1463e-08 [ 2.7256e-25 3.0748e-15 4.2203e-11 1.9196e-08 2.2255e-09 ] 1.0000e+00
 3.853e+01 1.9605e-08 1.9605e-08 [ 2.0387e-25 2.6995e-15 3.8267e-11 1.7533e-08 2.0338e-09 ] 1.0000e+00
 3.865e+01 1.7906e-08 1.7906e-08 [ 1.5273e-25 2.3688e-15 3.4685e-11 1.6013e-08 1.8586e-09 ] 1.0000e+00
 3.876e+01 1.6353e-08 1.6353e-08 [ 1.1459e-25 2.0776e-15 3.1427e-11 1.4623e-08 1.6984e-09 ] 1.0000e+00
 3.887e+01 1.4933e-08 1.4933e-08 [ 8.6100e-26 1.8212e-15 2.8466e-11 1.3353e-08 1.5519e-09 ] 1.0000e+00
 3.899e+01 1.3636e-08 1.3636e-08 [ 6.4779e-26 1.5956e-15 2.5774e-11 1.2192e-08 1.4181e-09 ] 1.0000e+00
 3.910e+01 1.2450e-08 1.2450e-08 [ 4.8798e-26 1.3973e-15 2.3329e-11 1.1131e-08 1.2957e-09 ] 1.0000e+00
 3.921e+01 1.1367e-08 1.1367e-08 [ 3.6802e-26 1.2229e-15 2.1108e-11 1.0162e-08 1.1839e-09 ] 1.0000e+00
 3.933e+01 1.0377e-08 1.0377e-08 [ 2.7784e-26 1.0698e-15 1.9092e-11 9.2760e-09 1.0816e-09 ] 1.0000e+00
 3.944e+01 9.4721e-09 9.4721e-09 [ 2.0997e-26 9.3529e-16 1.7263e-11 8.4667e-09 9.8814e-10 ] 1.0000e+00
 3.955e+01 8.6456e-09 8.6456e-09 [ 1.5881e-26 8.1730e-16 1.5604e-11 7.7273e-09 9.0272e-10 ] 1.0000e+00
 3.967e+01 7.8906e-09 7.8906e-09 [ 1.2021e-26 7.1381e-16 1.4100e-11 7.0519e-09 8.2464e-10 ] 1.0000e+00
 3.978e+01 7.2009e-09 7.2009e-09 [ 9.1047e-27 6.2310e-16 1.2737e-11 6.4349e-09 7.5327e-10 ] 1.0000e+00
 3.989e+01 6.5710e-09 6.5710e-09 [ 6.9001e-27 5.4364e-16 1.1502e-11 5.8714e-09 6.8805e-10 ] 1.0000e+00
 4.001e+01 5.9956e-09 5.9956e-09 [ 5.2319e-27 4.7406e-16 1.0383e-11 5.3568e-09 6.2844e-10 ] 1.0000e+00
 4.012e+01 5.4702e-09 5.4702e-09 [ 3.9685e-27 4.1317e-16 9.3704e-12 4.8869e-09 5.7397e-10 ] 1.0000e+00
 4.023e+01 4.9904e-09 4.9904e-09 [ 3.0111e-27 3.5991e-16 8.4538e-12 4.4577e-09 5.2419e-10 ] 1.0000e+00
 4.035e+01 4.5523e-09 4.5523e-09 [ 2.2852e-27 3.1335e-16 7.6245e-12 4.0659e-09 4.7870e-10 ] 1.0000e+00
 4.046e+01 4.1523e-09 4.1523e-09 [ 1.7345e-27 2.7268e-16 6.8744e-12 3.7083e-09 4.3714e-10 ] 1.0000e+00
 4.057e+01 3.7871e-09 3.7871e-09 [ 1.3166e-27 2.3717e-16 6.1963e-12 3.3817e-09 3.9916e-10 ] 1.0000e+00
 4.069e+01 3.4537e-09 3.4537e-09 [ 9.9941e-28 2.0617e-16 5.5834e-12 3.0837e-09 3.6445e-10 ] 1.0000e+00
 4.080e+01 3.1494e-09 3.1494e-09 [ 7.5859e-28 1.7913e-16 5.0297e-12 2.8116e-09 3.3275e-10 ] 1.0000e+00
 4.091e+01 2.8717e-09 2.8717e-09 [ 5.7572e-28 1.5556e-16 4.5295e-12 2.5634e-09 3.0378e-10 ] 1.0000e+00
 4.103e+01 2.6182e-09 2.6182e-09 [ 4.3685e-28 1.3503e-16 4.0780e-12 2.3368e-09 2.7732e-10 ] 1.0000e+00
 4.114e+01 2.3869e-09 2.3869e-09 [ 3.3141e-28 1.1714e-16 3.6703e-12 2.1301e-09 2.5315e-10 ] 1.0000e+00
 4.125e+01 2.1758e-09 2.1758e-09 [ 2.5134e-28 1.0158e-16 3.3025e-12 1.9415e-09 2.3107e-10 ] 1.0000e+00
 4.137e+01 1.9832e-09 1.9832e-09 [ 1.9056e-28 8.8034e-17 2.9708e-12 1.7694e-09 2.1090e-10 ] 1.0000e+00
 4.148e+01 1.8075e-09 1.8075e-09 [ 1.4442e-28 7.6260e-17 2.6716e-12 1.6124e-09 1.9248e-10 ] 1.0000e+00
 4.159e+01 1.6473e-09 1.6473e-09 [ 1.0941e-28 6.6028e-17 2.4019e-12 1.4692e-09 1.7566e-10 ] 1.0000e+00
 4.171e+01 1.5011e-09 1.5011e-09 [ 8.2851e-29 5.7141e-17 2.1588e-12 1.3386e-09 1.6030e-10 ] 1.0000e+00
 4.182e+01 1.3677e-09 1.3677e-09 [ 6.2709e-29 4.9426e-17 1.9398e-12 1.2195e-09 1.4627e-10 ] 1.0000e+00
 4.193e+01 1.2461e-09 1.2461e-09 [ 4.7440e-29 4.2732e-17 1.7425e-12 1.1109e-09 1.3345e-10 ] 1.0000e+00
 4.205e+01 1.1352e-09 1.1352e-09 [ 3.5871e-29 3.6926e-17 1.5649e-12 1.0119e-09 1.2176e-10 ] 1.0000e+00
 4.216e+01 1.0341e-09 1.0341e-09 [ 2.7108e-29 3.1894e-17 1.4050e-12 9.2158e-10 1.1108e-10 ] 1.0000e+00
 4.227e+01 9.4185e-10 9.4185e-10 [ 2.0474e-29 2.7535e-17 1.2612e-12 8.3927e-10 1.0132e-10 ] 1.0000e+00
 4.239e+01 8.5779e-10 8.5779e-10 [ 1.5454e-29 2.3760e-17 1.1317e-12 7.6423e-10 9.2423e-11 ] 1.0000e+00
 4.250e+01 7.8115e-10 7.8115e-10 [ 1.1658e-29 2.0493e-17 1.0153e-12 6.9584e-10 8.4296e-11 ] 1.0000e+00
 4.261e+01 7.1130e-10 7.1130e-10 [ 8.7892e-30 1.7667e-17 9.1066e-13 6.3351e-10 7.6879e-11 ] 1.0000e+00
 4.273e+01 6.4763e-10 6.4763e-10 [ 6.6220e-30 1.5224e-17 8.1657e-13 5.7671e-10 7.0109e-11 ] 1.0000e+00
 4.284e+01 5.8961e-10 5.8961e-10 [ 4.9859e-30 1.3112e-17 7.3202e-13 5.2494e-10 6.3930e-11 ] 1.0000e+00
 4.295e+01 5.3673e-10 5.3673e-10 [ 3.7516e-30 1.1288e-17 6.5606e-13 4.7778e-10 5.8291e-11 ] 1.0000e+00
 4.307e+01 4.8855e-10 4.8855e-10 [ 2.8210e-30 9.7137e-18 5.8783e-13 4.3481e-10 5.3146e-11 ] 1.0000e+00
 4.318e+01 4.4465e-10 4.4465e-10 [ 2.1198e-30 8.3549e-18 5.2658e-13 3.9567e-10 4.8451e-11 ] 1.0000e+00
 4.329e+01 4.0466e-10 4.0466e-10 [ 1.5918e-30 7.1829e-18 4.7159e-13 3.6002e-10 4.4167e-11 ] 1.0000e+00
 4.341e+01 3.6822e-10 3.6822e-10 [ 1.1945e-30 6.1725e-18 4.2223e-13 3.2754e-10 4.0258e-11 ] 1.0000e+00
 4.352e+01 3.3504e-10 3.3504e-10 [ 8.9568e-31 5.3018e-18 3.7796e-13 2.9797e-10 3.6693e-11 ] 1.0000e+00
 4.363e+01 3.0482e-10 3.0482e-10 [ 6.7117e-31 4.5520e-18 3.3824e-13 2.7104e-10 3.3440e-11 ] 1.0000e+00
 4.375e+01 2.7729e-10 2.7729e-10 [ 5.0258e-31 3.9064e-18 3.0263e-13 2.4652e-10 3.0473e-11 ] 1.0000e+00
 4.386e+01 2.5223e-10 2.5223e-10 [ 3.7607e-31 3.3509e-18 2.7070e-13 2.2419e-10 2.7767e-11 ] 1.0000e+00
 4.397e+01 2.2941e-10 2.2941e-10 [ 2.8120e-31 2.8731e-18 2.4208e-13 2.0387e-10 2.5300e-11 ] 1.0000e+00
 4.409e+01 2.0864e-10 2.0864e-10 [ 2.1012e-31 2.4624e-18 2.1644e-13 1.8537e-10 2.3049e-11 ] 1.0000e+00
 4.420e+01 1.8972e-10 1.8972e-10 [ 1.5689e-31 2.1095e-18 1.9346e-13 1.6853e-10 2.0997e-11 ] 1.0000e+00
 4.431e+01 1.7251e-10 1.7251e-10 [ 1.1706e-31 1.8064e-18 1.7289e-13 1.5321e-10 1.9126e-11 ] 1.0000e+00
 4.443e+01 1.5684e-10 1.5684e-10 [ 8.7278e-32 1.5461e-18 1.5447e-13 1.3926e-10 1.7420e-11 ] 1.0000e+00
 4.454e+01 1.4258e-10 1.4258e-10 [ 6.5027e-32 1.3228e-18 1.3798e-13 1.2657e-10 1.5865e-11 ] 1.0000e+00
 4.465e+01 1.2960e-10 1.2960e-10 [ 4.8413e-32 1.1313e-18 1.2322e-13 1.1503e-10 1.4448e-11 ] 1.0000e+00
 4.477e+01 1.1779e-10 1.1779e-10 [ 3.6018e-32 9.6703e-19 1.1001e-13 1.0453e-10 1.3156e-11 ] 1.0000e+00
 4.488e+01 1.0705e-10 1.0705e-10 [ 2.6777e-32 8.2630e-19 9.8199e-14 9.4973e-11 1.1978e-11 ] 1.0000e+00
 4.499e+01 9.7276e-11 9.7276e-11 [ 1.9892e-32 7.0575e-19 8.7635e-14 8.6284e-11 1.0905e-11 ] 1.0000e+00
 4.511e+01 8.8386e-11 8.8386e-11 [ 1.4767e-32 6.0253e-19 7.8190e-14 7.8381e-11 9.9270e-12 ] 1.0000e+00
 4.522e+01 8.0301e-11 8.0301e-11 [ 1.0955e-32 5.1420e-19 6.9747e-14 7.1195e-11 9.0359e-12 ] 1.0000e+00
 4.533e+01 7.2947e-11 7.2947e-11 [ 8.1205e-33 4.3863e-19 6.2202e-14 6.4661e-11 8.2241e-12 ] 1.0000e+00
 4.545e+01 6.6260e-11 6.6260e-11 [ 6.0152e-33 3.7401e-19 5.5460e-14 5.8720e-11 7.4845e-12 ] 1.0000e+00
 4.556e+01 6.0180e-11 6.0180e-11 [ 4.4525e-33 3.1878e-19 4.9438e-14 5.3320e-11 6.8108e-12 ] 1.0000e+00
 4.567e+01 5.4652e-11 5.4652e-11 [ 3.2935e-33 2.7159e-19 4.4061e-14 4.8411e-11 6.1971e-12 ] 1.0000e+00
 4.579e+01 4.9627e-11 4.9627e-11 [ 2.4344e-33 2.3130e-19 3.9259e-14 4.3949e-11 5.6382e-12 ] 1.0000e+00
 4.590e+01 4.5059e-11 4.5059e-11 [ 1.7981e-33 1.9690e-19 3.4973e-14 3.9895e-11 5.1292e-12 ] 1.0000e+00
 4.601e+01 4.0907e-11 4.0907e-11 [ 1.3271e-33 1.6755e-19 3.1148e-14 3.6210e-11 4.6657e-12 ] 1.0000e+00
 4.613e+01 3.7134e-11 3.7134e-11 [ 9.7885e-34 1.4251e-19 2.7735e-14 3.2862e-11 4.2437e-12 ] 1.0000e+00
 4.624e+01 3.3705e-11 3.3705e-11 [ 7.2145e-34 1.2117e-19 2.4691e-14 2.9821e-11 3.8595e-12 ] 1.0000e+00
 4.635e+01 3.0589e-11 3.0589e-11 [ 5.3136e-34 1.0298e-19 2.1976e-14 2.7058e-11 3.5097e-12 ] 1.0000e+00
 4.647e+01 2.7759e-11 2.7759e-11 [ 3.9108e-34 8.7489e-20 1.9555e-14 2.4548e-11 3.1913e-12 ] 1.0000e+00
 4.658e+01 2.5188e-11 2.5188e-11 [ 2.8763e-34 7.4298e-20 1.7398e-14 2.2269e-11 2.9015e-12 ] 1.0000e+00
 4.669e+01 2.2852e-11 2.2852e-11 [ 2.1139e-34 6.3070e-20 1.5475e-14 2.0199e-11 2.6378e-12 ] 1.0000e+00
 4.681e+01 2.0731e-11 2.0731e-11 [ 1.5526e-34 5.3517e-20 1.3761e-14 1.8319e-11 2.3978e-12 ] 1.0000e+00
 4.692e+01 1.8805e-11 1.8805e-11 [ 1.1395e-34 4.5394e-20 1.2235e-14 1.6613e-11 2.1794e-12 ] 1.0000e+00
 4.703e+01 1.7055e-11 1.7055e-11 [ 8.3570e-35 3.8488e-20 1.0875e-14 1.5064e-11 1.9807e-12 ] 1.0000e+00
 4.715e+01 1.5467e-11 1.5467e-11 [ 6.1249e-35 3.2620e-20 9.6646e-15 1.3657e-11 1.7999e-12 ] 1.0000e+00
 4.726e+01 1.4025e-11 1.4025e-11 [ 4.4858e-35 2.7636e-20 8.5870e-15 1.2381e-11 1.6355e-12 ] 1.0000e+00
 4.737e+01 1.2716e-11 1.2716e-11 [ 3.2831e-35 2.3404e-20 7.6279e-15 1.1223e-11 1.4859e-12 ] 1.0000e+00
 4.749e+01 1.1528e-11 1.1528e-11 [ 2.4012e-35 1.9812e-20 6.7745e-15 1.0172e-11 1.3499e-12 ] 1.0000e+00
 4.760e+01 1.0450e-11 1.0450e-11 [ 1.7550e-35 1.6765e-20 6.0152e-15 9.2180e-12 1.2262e-12 ] 1.0000e+00
 4.771e+01 9.4718e-12 9.4718e-12 [ 1.2818e-35 1.4182e-20 5.3399e-15 8.3528e-12 1.1137e-12 ] 1.0000e+00
 4.783e+01 8.5841e-12 8.5841e-12 [ 9.3556e-36 1.1991e-20 4.7394e-15 7.5679e-12 1.0114e-12 ] 1.0000e+00
 4.794e+01 7.7786e-12 7.7786e-12 [ 6.8238e-36 1.0135e-20 4.2056e-15 6.8560e-12 9.1845e-13 ] 1.0000e+00
 4.805e+01 7.0480e-12 7.0480e-12 [ 4.9738e-36 8.5634e-21 3.7310e-15 6.2103e-12 8.3393e-13 ] 1.0000e+00
 4.817e+01 6.3852e-12 6.3852e-12 [ 3.6228e-36 7.2324e-21 3.3093e-15 5.6248e-12 7.5711e-13 ] 1.0000e+00
 4.828e+01 5.7842e-12 5.7842e-12 [ 2.6371e-36 6.1060e-21 2.9346e-15 5.0939e-12 6.8729e-13 ] 1.0000e+00
 4.839e+01 5.2391e-12 5.2391e-12 [ 1.9182e-36 5.1530e-21 2.6018e-15 4.6126e-12 6.2384e-13 ] 1.0000e+00
 4.851e+01 4.7448e-12 4.7448e-12 [ 1.3944e-36 4.3471e-21 2.3063e-15 4.1763e-12 5.6619e-13 ] 1.0000e+00
 4.862e+01 4.2967e-12 4.2967e-12 [ 1.0129e-36 3.6659e-21 2.0439e-15 3.7808e-12 5.1382e-13 ] 1.0000e+00
 4.873e+01 3.8904e-12 3.8904e-12 [ 7.3533e-37 3.0902e-21 1.8109e-15 3.4224e-12 4.6623e-13 ] 1.0000e+00
 4.885e+01 3.5222e-12 3.5222e-12 [ 5.3346e-37 2.6039e-21 1.6042e-15 3.0976e-12 4.2301e-13 ] 1.0000e+00
 4.896e+01 3.1884e-12 3.1884e-12 [ 3.8675e-37 2.1934e-21 1.4207e-15 2.8032e-12 3.8375e-13 ] 1.0000e+00
 4.907e+01 2.8859e-12 2.8859e-12 [ 2.8020e-37 1.8468e-21 1.2580e-15 2.5366e-12 3.4810e-13 ] 1.0000e+00
 4.919e+01 2.6119e-12 2.6119e-12 [ 2.0287e-37 1.5545e-21 1.1137e-15 2.2950e-12 3.1572e-13 ] 1.0000e+00
 4.930e+01 2.3635e-12 2.3635e-12 [ 1.4679e-37 1.3079e-21 9.8570e-16 2.0762e-12 2.8632e-13 ] 1.0000e+00
 4.941e+01 2.1386e-12 2.1386e-12 [ 1.0614e-37 1.1000e-21 8.7224e-16 1.8781e-12 2.5963e-13 ] 1.0000e+00
 4.953e+01 1.9348e-12 1.9348e-12 [ 7.6698e-38 9.2481e-22 7.7167e-16 1.6986e-12 2.3541e-13 ] 1.0000e+00
 4.964e+01 1.7502e-12 1.7502e-12 [ 5.5386e-38 7.7724e-22 6.8256e-16 1.5361e-12 2.1342e-13 ] 1.0000e+00
 4.975e+01 1.5831e-12 1.5831e-12 [ 3.9971e-38 6.5297e-22 6.0361e-16 1.3890e-12 1.9346e-13 ] 1.0000e+00
 4.987e+01 1.4317e-12 1.4317e-12 [ 2.8827e-38 5.4836e-22 5.3367e-16 1.2558e-12 1.7535e-13 ] 1.0000e+00
 4.998e+01 1.2947e-12 1.2947e-12 [ 2.0777e-38 4.6034e-22 4.7174e-16 1.1353e-12 1.5891e-13 ] 1.0000e+00
 5.009e+01 1.1706e-12 1.1706e-12 [ 1.4965e-38 3.8630e-22 4.1691e-16 1.0262e-12 1.4400e-13 ] 1.0000e+00
 5.021e+01 1.0583e-12 1.0583e-12 [ 1.0772e-38 3.2405e-22 3.6837e-16 9.2744e-13 1.3047e-13 ] 1.0000e+00
 5.032e+01 9.5664e-13 9.5664e-13 [ 7.7487e-39 2.7173e-22 3.2541e-16 8.3811e-13 1.1820e-13 ] 1.0000e+00
 5.043e+01 8.6466e-13 8.6466e-13 [ 5.5705e-39 2.2778e-22 2.8740e-16 7.5729e-13 1.0708e-13 ] 1.0000e+00
 5.055e+01 7.8142e-13 7.8142e-13 [ 4.0020e-39 1.9086e-22 2.5378e-16 6.8418e-13 9.6985e-14 ] 1.0000e+00
 5.066e+01 7.0611e-13 7.0611e-13 [ 2.8734e-39 1.5987e-22 2.2404e-16 6.1805e-13 8.7834e-14 ] 1.0000e+00
 5.077e+01 6.3798e-13 6.3798e-13 [ 2.0617e-39 1.3386e-22 1.9775e-16 5.5825e-13 7.9537e-14 ] 1.0000e+00
 5.089e+01 5.7636e-13 5.7636e-13 [ 1.4784e-39 1.1204e-22 1.7450e-16 5.0417e-13 7.2015e-14 ] 1.0000e+00
 5.100e+01 5.2062e-13 5.2062e-13 [ 1.0595e-39 9.3742e-23 1.5395e-16 4.5527e-13 6.5197e-14 ] 1.0000e+00
 5.111e+01 4.7021e-13 4.7021e-13 [ 7.5876e-40 7.8404e-23 1.3580e-16 4.1106e-13 5.9018e-14 ] 1.0000e+00
 5.123e+01 4.2464e-13 4.2464e-13 [ 5.4306e-40 6.5551e-23 1.1976e-16 3.7110e-13 5.3417e-14 ] 1.0000e+00
 5.134e+01 3.8343e-13 3.8343e-13 [ 3.8844e-40 5.4786e-23 1.0559e-16 3.3498e-13 4.8343e-14 ] 1.0000e+00
 5.145e+01 3.4618e-13 3.4618e-13 [ 2.7767e-40 4.5771e-23 9.3076e-17 3.0234e-13 4.3745e-14 ] 1.0000e+00
 5.157e+01 3.1251e-13 3.1251e-13 [ 1.9837e-40 3.8226e-23 8.2029e-17 2.7285e-13 3.9580e-14 ] 1.0000e+00
 5.168e+01 2.8208e-13 2.8208e-13 [ 1.4163e-40 3.1913e-23 7.2277e-17 2.4620e-13 3.5807e-14 ] 1.0000e+00
 5.179e+01 2.5458e-13 2.5458e-13 [ 1.0105e-40 2.6633e-23 6.3672e-17 2.2212e-13 3.2390e-14 ] 1.0000e+00
 5.191e+01 2.2973e-13 2.2973e-13 [ 7.2058e-41 2.2218e-23 5.6078e-17 2.0038e-13 2.9295e-14 ] 1.0000e+00
 5.202e+01 2.0728e-13 2.0728e-13 [ 5.1352e-41 1.8528e-23 4.9380e-17 1.8074e-13 2.6493e-14 ] 1.0000e+00
 5.213e+01 1.8700e-13 1.8700e-13 [ 3.6573e-41 1.5446e-23 4.3473e-17 1.6300e-13 2.3956e-14 ] 1.0000e+00
 5.225e+01 1.6869e-13 1.6869e-13 [ 2.6031e-41 1.2871e-23 3.8264e-17 1.4699e-13 2.1659e-14 ] 1.0000e+00
 5.236e+01 1.5214e-13 1.5214e-13 [ 1.8517e-41 1.0722e-23 3.3672e-17 1.3253e-13 1.9580e-14 ] 1.0000e+00
 5.247e+01 1.3721e-13 1.3721e-13 [ 1.3164e-41 8.9283e-24 2.9624e-17 1.1948e-13 1.7698e-14 ] 1.0000e+00
 5.259e+01 1.2372e-13 1.2372e-13 [ 9.3528e-42 7.4320e-24 2.6058e-17 1.0770e-13 1.5995e-14 ] 1.0000e+00
 5.270e+01 1.1155e-13 1.1155e-13 [ 6.6409e-42 6.1842e-24 2.2916e-17 9.7069e-14 1.4455e-14 ] 1.0000e+00
 5.281e+01 1.0056e-13 1.0056e-13 [ 4.7126e-42 5.1441e-24 2.0148e-17 8.7476e-14 1.3061e-14 ] 1.0000e+00
 5.293e+01 9.0639e-14 9.0639e-14 [ 3.3422e-42 4.2773e-24 1.7711e-17 7.8821e-14 1.1800e-14 ] 1.0000e+00
 5.304e+01 8.1688e-14 8.1688e-14 [ 2.3688e-42 3.5553e-24 1.5565e-17 7.1013e-14 1.0659e-14 ] 1.0000e+00
 5.315e+01 7.3611e-14 7.3611e-14 [ 1.6780e-42 2.9541e-24 1.3677e-17 6.3970e-14 9.6275e-15 ] 1.0000e+00
 5.327e+01 6.6325e-14 6.6325e-14 [ 1.1879e-42 2.4537e-24 1.2015e-17 5.7618e-14 8.6946e-15 ] 1.0000e+00
 5.338e+01 5.9752e-14 5.9752e-14 [ 8.4045e-43 2.0373e-24 1.0552e-17 5.1890e-14 7.8512e-15 ] 1.0000e+00
 5.349e+01 5.3823e-14 5.3823e-14 [ 5.9428e-43 1.6909e-24 9.2658e-18 4.6725e-14 7.0887e-15 ] 1.0000e+00
 5.361e+01 4.8476e-14 4.8476e-14 [ 4.1996e-43 1.4030e-24 8.1344e-18 4.2069e-14 6.3994e-15 ] 1.0000e+00
 5.372e+01 4.3655e-14 4.3655e-14 [ 2.9660e-43 1.1636e-24 7.1396e-18 3.7872e-14 5.7764e-15 ] 1.0000e+00
 5.383e+01 3.9308e-14 3.9308e-14 [ 2.0936e-43 9.6474e-25 6.2652e-18 3.4088e-14 5.2133e-15 ] 1.0000e+00
 5.395e+01 3.5389e-14 3.5389e-14 [ 1.4769e-43 7.9957e-25 5.4966e-18 3.0679e-14 4.7046e-15 ] 1.0000e+00
 5.406e+01 3.1857e-14 3.1857e-14 [ 1.0412e-43 6.6244e-25 4.8213e-18 2.7607e-14 4.2449e-15 ] 1.0000e+00
 5.417e+01 2.8674e-14 2.8674e-14 [ 7.3366e-44 5.4863e-25 4.2280e-18 2.4840e-14 3.8297e-15 ] 1.0000e+00
 5.429e+01 2.5805e-14 2.5805e-14 [ 5.1665e-44 4.5421e-25 3.7069e-18 2.2346e-14 3.4546e-15 ] 1.0000e+00
 5.440e+01 2.3220e-14 2.3220e-14 [ 3.6361e-44 3.7590e-25 3.2494e-18 2.0101e-14 3.1159e-15 ] 1.0000e+00
 5.451e+01 2.0891e-14 2.0891e-14 [ 2.5576e-44 3.1098e-25 2.8477e-18 1.8078e-14 2.8100e-15 ] 1.0000e+00
 5.463e+01 1.8793e-14 1.8793e-14 [ 1.7980e-44 2.5718e-25 2.4951e-18 1.6257e-14 2.5338e-15 ] 1.0000e+00
 5.474e+01 1.6904e-14 1.6904e-14 [ 1.2632e-44 2.1261e-25 2.1857e-18 1.4617e-14 2.2845e-15 ] 1.0000e+00
 5.485e+01 1.5203e-14 1.5203e-14 [ 8.8700e-45 1.7570e-25 1.9142e-18 1.3141e-14 2.0594e-15 ] 1.0000e+00
 5.497e+01 1.3671e-14 1.3671e-14 [ 6.2247e-45 1.4515e-25 1.6761e-18 1.1813e-14 1.8562e-15 ] 1.0000e+00
 5.508e+01 1.2291e-14 1.2291e-14 [ 4.3659e-45 1.1986e-25 1.4673e-18 1.0617e-14 1.6729e-15 ] 1.0000e+00
 5.519e+01 1.1050e-14 1.1050e-14 [ 3.0604e-45 9.8948e-26 1.2842e-18 9.5410e-15 1.5075e-15 ] 1.0000e+00
 5.531e+01 9.9323e-15 9.9323e-15 [ 2.1440e-45 8.1653e-26 1.1237e-18 8.5729e-15 1.3582e-15 ] 1.0000e+00
 5.542e+01 8.9265e-15 8.9265e-15 [ 1.5012e-45 6.7357e-26 9.8308e-19 7.7020e-15 1.2236e-15 ] 1.0000e+00
 5.553e+01 8.0216e-15 8.0216e-15 [ 1.0505e-45 5.5543e-26 8.5985e-19 6.9185e-15 1.1021e-15 ] 1.0000e+00
 5.565e+01 7.2073e-15 7.2073e-15 [ 7.3472e-46 4.5785e-26 7.5190e-19 6.2140e-15 9.9263e-16 ] 1.0000e+00
 5.576e+01 6.4749e-15 6.4749e-15 [ 5.1357e-46 3.7728e-26 6.5736e-19 5.5804e-15 8.9388e-16 ] 1.0000e+00
 5.587e+01 5.8161e-15 5.8161e-15 [ 3.5878e-46 3.1078e-26 5.7458e-19 5.0107e-15 8.0484e-16 ] 1.0000e+00
 5.599e+01 5.2236e-15 5.2236e-15 [ 2.5051e-46 2.5590e-26 5.0211e-19 4.4985e-15 7.2457e-16 ] 1.0000e+00
 5.610e+01 4.6908e-15 4.6908e-15 [ 1.7481e-46 2.1064e-26 4.3869e-19 4.0381e-15 6.5222e-16 ] 1.0000e+00
 5.621e+01 4.2118e-15 4.2118e-15 [ 1.2192e-46 1.7332e-26 3.8319e-19 3.6244e-15 5.8701e-16 ] 1.0000e+00
 5.633e+01 3.7811e-15 3.7811e-15 [ 8.4983e-47 1.4256e-26 3.3464e-19 3.2526e-15 5.2825e-16 ] 1.0000e+00
 5.644e+01 3.3941e-15 3.3941e-15 [ 5.9204e-47 1.1722e-26 2.9218e-19 2.9185e-15 4.7531e-16 ] 1.0000e+00
 5.655e+01 3.0462e-15 3.0462e-15 [ 4.1223e-47 9.6351e-27 2.5505e-19 2.6183e-15 4.2761e-16 ] 1.0000e+00
 5.667e+01 2.7336e-15 2.7336e-15 [ 2.8687e-47 7.9167e-27 2.2258e-19 2.3487e-15 3.8465e-16 ] 1.0000e+00
 5.678e+01 2.4528e-15 2.4528e-15 [ 1.9952e-47 6.5024e-27 1.9421e-19 2.1066e-15 3.4596e-16 ] 1.0000e+00
 5.689e+01 2.2005e-15 2.2005e-15 [ 1.3869e-47 5.3389e-27 1.6942e-19 1.8892e-15 3.1111e-16 ] 1.0000e+00
 5.701e+01 1.9738e-15 1.9738e-15 [ 9.6355e-48 4.3819e-27 1.4776e-19 1.6939e-15 2.7974e-16 ] 1.0000e+00
 5.712e+01 1.7703e-15 1.7703e-15 [ 6.6906e-48 3.5953e-27 1.2884e-19 1.5187e-15 2.5150e-16 ] 1.0000e+00
 5.723e+01 1.5875e-15 1.5875e-15 [ 4.6432e-48 2.9487e-27 1.1231e-19 1.3613e-15 2.2607e-16 ] 1.0000e+00
 5.735e+01 1.4234e-15 1.4234e-15 [ 3.2206e-48 2.4176e-27 9.7887e-20 1.2201e-15 2.0319e-16 ] 1.0000e+00
 5.746e+01 1.2761e-15 1.2761e-15 [ 2.2326e-48 1.9814e-27 8.5295e-20 1.0934e-15 1.8260e-16 ] 1.0000e+00
 5.757e+01 1.1439e-15 1.1439e-15 [ 1.5469e-48 1.6234e-27 7.4307e-20 9.7972e-16 1.6407e-16 ] 1.0000e+00
 5.769e+01 1.0252e-15 1.0252e-15 [ 1.0712e-48 1.3295e-27 6.4720e-20 8.7772e-16 1.4740e-16 ] 1.0000e+00
 5.780e+01 9.1870e-16 9.1870e-16 [ 7.4140e-49 1.0885e-27 5.6357e-20 7.8623e-16 1.3241e-16 ] 1.0000e+00
 5.791e+01 8.2315e-16 8.2315e-16 [ 5.1286e-49 8.9083e-28 4.9064e-20 7.0418e-16 1.1892e-16 ] 1.0000e+00
 5.803e+01 7.3743e-16 7.3743e-16 [ 3.5457e-49 7.2880e-28 4.2705e-20 6.3059e-16 1.0680e-16 ] 1.0000e+00
 5.814e+01 6.6055e-16 6.6055e-16 [ 2.4501e-49 5.9603e-28 3.7162e-20 5.6462e-16 9.5892e-17 ] 1.0000e+00
 5.825e+01 5.9159e-16 5.9159e-16 [ 1.6921e-49 4.8727e-28 3.2331e-20 5.0547e-16 8.6089e-17 ] 1.0000e+00
 5.837e+01 5.2976e-16 5.2976e-16 [ 1.1680e-49 3.9821e-28 2.8122e-20 4.5246e-16 7.7277e-17 ] 1.0000e+00
 5.848e+01 4.7433e-16 4.7433e-16 [ 8.0582e-50 3.2532e-28 2.4455e-20 4.0495e-16 6.9358e-17 ] 1.0000e+00
 5.859e+01 4.2463e-16 4.2463e-16 [ 5.5564e-50 2.6567e-28 2.1262e-20 3.6237e-16 6.2241e-17 ] 1.0000e+00
 5.871e+01 3.8009e-16 3.8009e-16 [ 3.8293e-50 2.1688e-28 1.8481e-20 3.2422e-16 5.5846e-17 ] 1.0000e+00
 5.882e+01 3.4017e-16 3.4017e-16 [ 2.6376e-50 1.7699e-28 1.6061e-20 2.9005e-16 5.0101e-17 ] 1.0000e+00
 5.893e+01 3.0439e-16 3.0439e-16 [ 1.8159e-50 1.4438e-28 1.3954e-20 2.5944e-16 4.4941e-17 ] 1.0000e+00
 5.905e+01 2.7235e-16 2.7235e-16 [ 1.2495e-50 1.1774e-28 1.2121e-20 2.3203e-16 4.0307e-17 ] 1.0000e+00
 5.916e+01 2.4363e-16 2.4363e-16 [ 8.5928e-51 9.5977e-29 1.0526e-20 2.0748e-16 3.6145e-17 ] 1.0000e+00
 5.927e+01 2.1792e-16 2.1792e-16 [ 5.9063e-51 7.8210e-29 9.1396e-21 1.8550e-16 3.2408e-17 ] 1.0000e+00
 5.939e+01 1.9489e-16 1.9489e-16 [ 4.0577e-51 6.3710e-29 7.9337e-21 1.6583e-16 2.9053e-17 ] 1.0000e+00
 5.950e+01 1.7427e-16 1.7427e-16 [ 2.7862e-51 5.1879e-29 6.8853e-21 1.4822e-16 2.6042e-17 ] 1.0000e+00
 5.961e+01 1.5581e-16 1.5581e-16 [ 1.9121e-51 4.2230e-29 5.9741e-21 1.3246e-16 2.3339e-17 ] 1.0000e+00
 5.973e+01 1.3928e-16 1.3928e-16 [ 1.3116e-51 3.4363e-29 5.1823e-21 1.1836e-16 2.0914e-17 ] 1.0000e+00
 5.984e+01 1.2449e-16 1.2449e-16 [ 8.9921e-52 2.7952e-29 4.4945e-21 1.0575e-16 1.8739e-17 ] 1.0000e+00
 5.995e+01 1.1125e-16 1.1125e-16 [ 6.1616e-52 2.2729e-29 3.8970e-21 9.4461e-17 1.6787e-17 ] 1.0000e+00
 6.007e+01 9.9408e-17 9.9408e-17 [ 4.2199e-52 1.8475e-29 3.3782e-21 8.4369e-17 1.5036e-17 ] 1.0000e+00
 6.018e+01 8.8811e-17 8.8811e-17 [ 2.8887e-52 1.5012e-29 2.9279e-21 7.5343e-17 1.3466e-17 ] 1.0000e+00
 6.029e+01 7.9333e-17 7.9333e-17 [ 1.9763e-52 1.2194e-29 2.5369e-21 6.7273e-17 1.2058e-17 ] 1.0000e+00
 6.041e+01 7.0856e-17 7.0856e-17 [ 1.3515e-52 9.9008e-30 2.1977e-21 6.0058e-17 1.0795e-17 ] 1.0000e+00
 6.052e+01 6.3275e-17 6.3275e-17 [ 9.2370e-53 8.0362e-30 1.9034e-21 5.3609e-17 9.6636e-18 ] 1.0000e+00
 6.063e+01 5.6497e-17 5.6497e-17 [ 6.3100e-53 6.5205e-30 1.6482e-21 4.7846e-17 8.6494e-18 ] 1.0000e+00
 6.075e+01 5.0437e-17 5.0437e-17 [ 4.3084e-53 5.2887e-30 1.4268e-21 4.2695e-17 7.7404e-18 ] 1.0000e+00
 6.086e+01 4.5021e-17 4.5021e-17 [ 2.9402e-53 4.2881e-30 1.2349e-21 3.8094e-17 6.9259e-18 ] 1.0000e+00
 6.097e+01 4.0180e-17 4.0180e-17 [ 2.0055e-53 3.4756e-30 1.0686e-21 3.3983e-17 6.1962e-18 ] 1.0000e+00
 6.109e+01 3.5855e-17 3.5855e-17 [ 1.3672e-53 2.8160e-30 9.2443e-22 3.0311e-17 5.5426e-18 ] 1.0000e+00
 6.120e+01 3.1990e-17 3.1990e-17 [ 9.3165e-54 2.2808e-30 7.9954e-22 2.7032e-17 4.9572e-18 ] 1.0000e+00
 6.131e+01 2.8538e-17 2.8538e-17 [ 6.3451e-54 1.8466e-30 6.9138e-22 2.4104e-17 4.4329e-18 ] 1.0000e+00
 6.143e+01 2.5454e-17 2.5454e-17 [ 4.3193e-54 1.4945e-30 5.9771e-22 2.1490e-17 3.9635e-18 ] 1.0000e+00
 6.154e+01 2.2700e-17 2.2700e-17 [ 2.9388e-54 1.2092e-30 5.1661e-22 1.9156e-17 3.5433e-18 ] 1.0000e+00
 6.165e+01 2.0241e-17 2.0241e-17 [ 1.9985e-54 9.7795e-31 4.4641e-22 1.7074e-17 3.1671e-18 ] 1.0000e+00
 6.177e+01 1.8046e-17 1.8046e-17 [ 1.3584e-54 7.9065e-31 3.8566e-22 1.5215e-17 2.8305e-18 ] 1.0000e+00
 6.188e+01 1.6086e-17 1.6086e-17 [ 9.2286e-55 6.3900e-31 3.3311e-22 1.3557e-17 2.5292e-18 ] 1.0000e+00
 6.199e+01 1.4337e-17 1.4337e-17 [ 6.2666e-55 5.1625e-31 2.8765e-22 1.2077e-17 2.2597e-18 ] 1.0000e+00
 6.211e+01 1.2777e-17 1.2777e-17 [ 4.2531e-55 4.1693e-31 2.4834e-22 1.0758e-17 2.0186e-18 ] 1.0000e+00
 6.222e+01 1.1384e-17 1.1384e-17 [ 2.8852e-55 3.3659e-31 2.1435e-22 9.5809e-18 1.8030e-18 ] 1.0000e+00
 6.233e+01 1.0142e-17 1.0142e-17 [ 1.9563e-55 2.7164e-31 1.8497e-22 8.5315e-18 1.6101e-18 ] 1.0000e+00
 6.245e+01 9.0336e-18 9.0336e-18 [ 1.3258e-55 2.1915e-31 1.5958e-22 7.5958e-18 1.4377e-18 ] 1.0000e+00
 6.256e+01 8.0454e-18 8.0454e-18 [ 8.9804e-56 1.7673e-31 1.3764e-22 6.7617e-18 1.2835e-18 ] 1.0000e+00
 6.267e+01 7.1641e-18 7.1641e-18 [ 6.0801e-56 1.4247e-31 1.1869e-22 6.0183e-18 1.1457e-18 ] 1.0000e+00
 6.279e+01 6.3784e-18 6.3784e-18 [ 4.1145e-56 1.1482e-31 1.0233e-22 5.3558e-18 1.0225e-18 ] 1.0000e+00
 6.290e+01 5.6780e-18 5.6780e-18 [ 2.7830e-56 9.2495e-32 8.8204e-23 4.7655e-18 9.1242e-19 ] 1.0000e+00
 6.301e+01 5.0538e-18 5.0538e-18 [ 1.8814e-56 7.4487e-32 7.6010e-23 4.2396e-18 8.1407e-19 ] 1.0000e+00
 6.313e+01 4.4975e-18 4.4975e-18 [ 1.2714e-56 5.9962e-32 6.5486e-23 3.7712e-18 7.2622e-19 ] 1.0000e+00
 6.324e+01 4.0018e-18 4.0018e-18 [ 8.5868e-57 4.8253e-32 5.6406e-23 3.3540e-18 6.4774e-19 ] 1.0000e+00
 6.335e+01 3.5602e-18 3.5602e-18 [ 5.7968e-57 3.8817e-32 4.8574e-23 2.9825e-18 5.7766e-19 ] 1.0000e+00
 6.347e+01 3.1668e-18 3.1668e-18 [ 3.9114e-57 3.1214e-32 4.1820e-23 2.6517e-18 5.1508e-19 ] 1.0000e+00
 6.358e+01 2.8165e-18 2.8165e-18 [ 2.6380e-57 2.5092e-32 3.5997e-23 2.3572e-18 4.5921e-19 ] 1.0000e+00
 6.369e+01 2.5045e-18 2.5045e-18 [ 1.7783e-57 2.0163e-32 3.0977e-23 2.0952e-18 4.0933e-19 ] 1.0000e+00
 6.381e+01 2.2268e-18 2.2268e-18 [ 1.1982e-57 1.6197e-32 2.6652e-23 1.8619e-18 3.6482e-19 ] 1.0000e+00
 6.392e+01 1.9795e-18 1.9795e-18 [ 8.0696e-58 1.3006e-32 2.2925e-23 1.6544e-18 3.2509e-19 ] 1.0000e+00
 6.403e+01 1.7595e-18 1.7595e-18 [ 5.4320e-58 1.0440e-32 1.9714e-23 1.4698e-18 2.8965e-19 ] 1.0000e+00
 6.415e+01 1.5636e-18 1.5636e-18 [ 3.6549e-58 8.3772e-33 1.6950e-23 1.3056e-18 2.5803e-19 ] 1.0000e+00
 6.426e+01 1.3893e-18 1.3893e-18 [ 2.4580e-58 6.7197e-33 1.4569e-23 1.1595e-18 2.2983e-19 ] 1.0000e+00
 6.437e+01 1.2343e-18 1.2343e-18 [ 1.6522e-58 5.3882e-33 1.2520e-23 1.0296e-18 2.0468e-19 ] 1.0000e+00
 6.449e+01 1.0964e-18 1.0964e-18 [ 1.1101e-58 4.3189e-33 1.0757e-23 9.1415e-19 1.8225e-19 ] 1.0000e+00
 6.460e+01 9.7376e-19 9.7376e-19 [ 7.4552e-59 3.4607e-33 9.2398e-24 8.1150e-19 1.6225e-19 ] 1.0000e+00
 6.471e+01 8.6470e-19 8.6470e-19 [ 5.0043e-59 2.7719e-33 7.9348e-24 7.2026e-19 1.4443e-19 ] 1.0000e+00
 6.483e+01 7.6773e-19 7.6773e-19 [ 3.3576e-59 2.2195e-33 6.8126e-24 6.3918e-19 1.2854e-19 ] 1.0000e+00
 6.494e+01 6.8153e-19 6.8153e-19 [ 2.2517e-59 1.7765e-33 5.8477e-24 5.6714e-19 1.1438e-19 ] 1.0000e+00
 6.505e+01 6.0492e-19 6.0492e-19 [ 1.5094e-59 1.4214e-33 5.0183e-24 5.0314e-19 1.0177e-19 ] 1.0000e+00
 6.517e+01 5.3683e-19 5.3683e-19 [ 1.0113e-59 1.1369e-33 4.3055e-24 4.4629e-19 9.0532e-20 ] 1.0000e+00
 6.528e+01 4.7633e-19 4.7633e-19 [ 6.7726e-60 9.0904e-34 3.6932e-24 3.9580e-19 8.0523e-20 ] 1.0000e+00
 6.539e+01 4.2258e-19 4.2258e-19 [ 4.5335e-60 7.2657e-34 3.1671e-24 3.5097e-19 7.1610e-20 ] 1.0000e+00
 6.551e+01 3.7484e-19 3.7484e-19 [ 3.0333e-60 5.8052e-34 2.7154e-24 3.1117e-19 6.3672e-20 ] 1.0000e+00
 6.562e+01 3.3244e-19 3.3244e-19 [ 2.0286e-60 4.6366e-34 2.3276e-24 2.7583e-19 5.6606e-20 ] 1.0000e+00
 6.573e+01 2.9479e-19 2.9479e-19 [ 1.3561e-60 3.7019e-34 1.9947e-24 2.4447e-19 5.0316e-20 ] 1.0000e+00
 6.585e+01 2.6136e-19 2.6136e-19 [ 9.0608e-61 2.9546e-34 1.7090e-24 2.1665e-19 4.4718e-20 ] 1.0000e+00
 6.596e+01 2.3169e-19 2.3169e-19 [ 6.0513e-61 2.3573e-34 1.4639e-24 1.9195e-19 3.9736e-20 ] 1.0000e+00
 6.607e+01 2.0535e-19 2.0535e-19 [ 4.0396e-61 1.8801e-34 1.2536e-24 1.7005e-19 3.5304e-20 ] 1.0000e+00
 6.619e+01 1.8198e-19 1.8198e-19 [ 2.6955e-61 1.4990e-34 1.0733e-24 1.5062e-19 3.1361e-20 ] 1.0000e+00
 6.630e+01 1.6124e-19 1.6124e-19 [ 1.7977e-61 1.1947e-34 9.1872e-25 1.3339e-19 2.7854e-20 ] 1.0000e+00
 6.641e+01 1.4285e-19 1.4285e-19 [ 1.1985e-61 9.5180e-35 7.8621e-25 1.1811e-19 2.4735e-20 ] 1.0000e+00
 6.653e+01 1.2653e-19 1.2653e-19 [ 7.9861e-62 7.5804e-35 6.7266e-25 1.0457e-19 2.1962e-20 ] 1.0000e+00
 6.664e+01 1.1206e-19 1.1206e-19 [ 5.3192e-62 6.0350e-35 5.7538e-25 9.2560e-20 1.9497e-20 ] 1.0000e+00
 6.675e+01 9.9225e-20 9.9225e-20 [ 3.5413e-62 4.8030e-35 4.9205e-25 8.1919e-20 1.7306e-20 ] 1.0000e+00
 6.687e+01 8.7848e-20 8.7848e-20 [ 2.3566e-62 3.8211e-35 4.2069e-25 7.2490e-20 1.5358e-20 ] 1.0000e+00
 6.698e+01 7.7763e-20 7.7763e-20 [ 1.5675e-62 3.0389e-35 3.5959e-25 6.4135e-20 1.3628e-20 ] 1.0000e+00
 6.709e+01 6.8825e-20 6.8825e-20 [ 1.0422e-62 2.4159e-35 3.0730e-25 5.6735e-20 1.2090e-20 ] 1.0000e+00
 6.721e+01 6.0905e-20 6.0905e-20 [ 6.9260e-63 1.9200e-35 2.6255e-25 5.0180e-20 1.0724e-20 ] 1.0000e+00
 6.732e+01 5.3887e-20 5.3887e-20 [ 4.6007e-63 1.5253e-35 2.2426e-25 4.4376e-20 9.5113e-21 ] 1.0000e+00
 6.743e+01 4.7670e-20 4.7670e-20 [ 3.0548e-63 1.2113e-35 1.9151e-25 3.9236e-20 8.4341e-21 ] 1.0000e+00
 6.755e+01 4.2164e-20 4.2164e-20 [ 2.0275e-63 9.6164e-36 1.6351e-25 3.4686e-20 7.4777e-21 ] 1.0000e+00
 6.766e+01 3.7288e-20 3.7288e-20 [ 1.3450e-63 7.6314e-36 1.3956e-25 3.0659e-20 6.6287e-21 ] 1.0000e+00
 6.777e+01 3.2970e-20 3.2970e-20 [ 8.9189e-64 6.0540e-36 1.1910e-25 2.7095e-20 5.8752e-21 ] 1.0000e+00
 6.789e+01 2.9148e-20 2.9148e-20 [ 5.9116e-64 4.8010e-36 1.0161e-25 2.3941e-20 5.2064e-21 ] 1.0000e+00
 6.800e+01 2.5765e-20 2.5765e-20 [ 3.9166e-64 3.8059e-36 8.6673e-26 2.1152e-20 4.6131e-21 ] 1.0000e+00
 6.811e+01 2.2770e-20 2.2770e-20 [ 2.5937e-64 3.0161e-36 7.3912e-26 1.8684e-20 4.0867e-21 ] 1.0000e+00
 6.823e+01 2.0121e-20 2.0121e-20 [ 1.7169e-64 2.3892e-36 6.3015e-26 1.6501e-20 3.6197e-21 ] 1.0000e+00
 6.834e+01 1.7777e-20 1.7777e-20 [ 1.1360e-64 1.8920e-36 5.3712e-26 1.4571e-20 3.2056e-21 ] 1.0000e+00
 6.845e+01 1.5703e-20 1.5703e-20 [ 7.5135e-65 1.4978e-36 4.5772e-26 1.2865e-20 2.8384e-21 ] 1.0000e+00
 6.857e+01 1.3869e-20 1.3869e-20 [ 4.9671e-65 1.1852e-36 3.8996e-26 1.1356e-20 2.5129e-21 ] 1.0000e+00
 6.868e+01 1.2247e-20 1.2247e-20 [ 3.2823e-65 9.3757e-37 3.3216e-26 1.0023e-20 2.2243e-21 ] 1.0000e+00
 6.879e+01 1.0814e-20 1.0814e-20 [ 2.1681e-65 7.4140e-37 2.8286e-26 8.8450e-21 1.9686e-21 ] 1.0000e+00
 6.891e+01 9.5461e-21 9.5461e-21 [ 1.4315e-65 5.8607e-37 2.4081e-26 7.8041e-21 1.7420e-21 ] 1.0000e+00
 6.902e+01 8.4258e-21 8.4258e-21 [ 9.4470e-66 4.6311e-37 2.0497e-26 6.8846e-21 1.5412e-21 ] 1.0000e+00
 6.913e+01 7.4357e-21 7.4357e-21 [ 6.2320e-66 3.6583e-37 1.7442e-26 6.0724e-21 1.3633e-21 ] 1.0000e+00
 6.925e+01 6.5609e-21 6.5609e-21 [ 4.1094e-66 2.8887e-37 1.4839e-26 5.3551e-21 1.2058e-21 ] 1.0000e+00
 6.936e+01 5.7881e-21 5.7881e-21 [ 2.7086e-66 2.2803e-37 1.2622e-26 4.7218e-21 1.0662e-21 ] 1.0000e+00
 6.947e+01 5.1055e-21 5.1055e-21 [ 1.7845e-66 1.7993e-37 1.0733e-26 4.1628e-21 9.4272e-22 ] 1.0000e+00
 6.959e+01 4.5026e-21 4.5026e-21 [ 1.1752e-66 1.4193e-37 9.1250e-27 3.6693e-21 8.3337e-22 ] 1.0000e+00
 6.970e+01 3.9703e-21 3.9703e-21 [ 7.7364e-67 1.1192e-37 7.7559e-27 3.2337e-21 7.3658e-22 ] 1.0000e+00
 6.981e+01 3.5004e-21 3.5004e-21 [ 5.0906e-67 8.8217e-38 6.5907e-27 2.8494e-21 6.5093e-22 ] 1.0000e+00
 6.993e+01 3.0855e-21 3.0855e-21 [ 3.3483e-67 6.9512e-38 5.5992e-27 2.5104e-21 5.7514e-22 ] 1.0000e+00
 7.004e+01 2.7194e-21 2.7194e-21 [ 2.2014e-67 5.4754e-38 4.7557e-27 2.2113e-21 5.0809e-22 ] 1.0000e+00
 7.015e+01 2.3964e-21 2.3964e-21 [ 1.4467e-67 4.3114e-38 4.0383e-27 1.9476e-21 4.4878e-22 ] 1.0000e+00
 7.027e+01 2.1113e-21 2.1113e-21 [ 9.5036e-68 3.3936e-38 3.4284e-27 1.7150e-21 3.9633e-22 ] 1.0000e+00
 7.038e+01 1.8599e-21 1.8599e-21 [ 6.2404e-68 2.6702e-38 2.9099e-27 1.5099e-21 3.4996e-22 ] 1.0000e+00
 7.049e+01 1.6381e-21 1.6381e-21 [ 4.0960e-68 2.1003e-38 2.4692e-27 1.3292e-21 3.0895e-22 ] 1.0000e+00
 7.061e+01 1.4426e-21 1.4426e-21 [ 2.6874e-68 1.6515e-38 2.0948e-27 1.1699e-21 2.7271e-22 ] 1.0000e+00
 7.072e+01 1.2702e-21 1.2702e-21 [ 1.7624e-68 1.2981e-38 1.7767e-27 1.0295e-21 2.4068e-22 ] 1.0000e+00
 7.083e+01 1.1182e-21 1.1182e-21 [ 1.1554e-68 1.0199e-38 1.5065e-27 9.0579e-22 2.1237e-22 ] 1.0000e+00
 7.095e+01 9.8420e-22 9.8420e-22 [ 7.5711e-69 8.0112e-39 1.2772e-27 7.9683e-22 1.8737e-22 ] 1.0000e+00
 7.106e+01 8.6613e-22 8.6613e-22 [ 4.9592e-69 6.2902e-39 1.0825e-27 7.0086e-22 1.6528e-22 ] 1.0000e+00
 7.117e+01 7.6211e-22 7.6211e-22 [ 3.2471e-69 4.9372e-39 9.1723e-28 6.1634e-22 1.4577e-22 ] 1.0000e+00
 7.129e+01 6.7047e-22 6.7047e-22 [ 2.1251e-69 3.8739e-39 7.7703e-28 5.4193e-22 1.2854e-22 ] 1.0000e+00
 7.140e+01 5.8975e-22 5.8975e-22 [ 1.3903e-69 3.0384e-39 6.5811e-28 4.7642e-22 1.1333e-22 ] 1.0000e+00
 7.151e+01 5.1866e-22 5.1866e-22 [ 9.0920e-70 2.3823e-39 5.5725e-28 4.1876e-22 9.9899e-23 ] 1.0000e+00
 7.163e+01 4.5607e-22 4.5607e-22 [ 5.9434e-70 1.8673e-39 4.7174e-28 3.6802e-22 8.8048e-23 ] 1.0000e+00
 7.174e+01 4.0096e-22 4.0096e-22 [ 3.8836e-70 1.4630e-39 3.9925e-28 3.2337e-22 7.7589e-23 ] 1.0000e+00
 7.185e+01 3.5245e-22 3.5245e-22 [ 2.5366e-70 1.1459e-39 3.3783e-28 2.8409e-22 6.8362e-23 ] 1.0000e+00
 7.197e+01 3.0976e-22 3.0976e-22 [ 1.6561e-70 8.9719e-40 2.8578e-28 2.4954e-22 6.0221e-23 ] 1.0000e+00
 7.208e+01 2.7220e-22 2.7220e-22 [ 1.0809e-70 7.0222e-40 2.4170e-28 2.1916e-22 5.3041e-23 ] 1.0000e+00
 7.219e+01 2.3915e-22 2.3915e-22 [ 7.0513e-71 5.4942e-40 2.0437e-28 1.9244e-22 4.6710e-23 ] 1.0000e+00
 7.231e+01 2.1008e-22 2.1008e-22 [ 4.5983e-71 4.2972e-40 1.7276e-28 1.6895e-22 4.1127e-23 ] 1.0000e+00
 7.242e+01 1.8451e-22 1.8451e-22 [ 2.9975e-71 3.3598e-40 1.4601e-28 1.4831e-22 3.6205e-23 ] 1.0000e+00
 7.253e+01 1.6203e-22 1.6203e-22 [ 1.9531e-71 2.6260e-40 1.2337e-28 1.3016e-22 3.1867e-23 ] 1.0000e+00
 7.265e+01 1.4226e-22 1.4226e-22 [ 1.2722e-71 2.0517e-40 1.0421e-28 1.1422e-22 2.8044e-23 ] 1.0000e+00
 7.276e+01 1.2488e-22 1.2488e-22 [ 8.2829e-72 1.6024e-40 8.8010e-29 1.0021e-22 2.4676e-23 ] 1.0000e+00
 7.287e+01 1.0961e-22 1.0961e-22 [ 5.3908e-72 1.2511e-40 7.4310e-29 8.7904e-23 2.1708e-23 ] 1.0000e+00
 7.299e+01 9.6192e-23 9.6192e-23 [ 3.5071e-72 9.7646e-41 6.2728e-29 7.7097e-23 1.9094e-23 ] 1.0000e+00
 7.310e+01 8.4400e-23 8.4400e-23 [ 2.2807e-72 7.6184e-41 5.2938e-29 6.7608e-23 1.6792e-23 ] 1.0000e+00
 7.321e+01 7.4041e-23 7.4041e-23 [ 1.4826e-72 5.9418e-41 4.4666e-29 5.9276e-23 1.4765e-23 ] 1.0000e+00
 7.333e+01 6.4943e-23 6.4943e-23 [ 9.6342e-73 4.6326e-41 3.7677e-29 5.1963e-23 1.2981e-23 ] 1.0000e+00
 7.344e+01 5.6953e-23 5.6953e-23 [ 6.2579e-73 3.6106e-41 3.1774e-29 4.5544e-23 1.1410e-23 ] 1.0000e+00
 7.355e+01 4.9938e-23 4.9938e-23 [ 4.0633e-73 2.8130e-41 2.6790e-29 3.9911e-23 1.0027e-23 ] 1.0000e+00
 7.367e+01 4.3780e-23 4.3780e-23 [ 2.6373e-73 2.1909e-41 2.2582e-29 3.4969e-23 8.8111e-24 ] 1.0000e+00
 7.378e+01 3.8375e-23 3.8375e-23 [ 1.7111e-73 1.7057e-41 1.9030e-29 3.0634e-23 7.7409e-24 ] 1.0000e+00
 7.389e+01 3.3631e-23 3.3631e-23 [ 1.1097e-73 1.3276e-41 1.6033e-29 2.6831e-23 6.7996e-24 ] 1.0000e+00
 7.401e+01 2.9469e-23 2.9469e-23 [ 7.1944e-74 1.0329e-41 1.3505e-29 2.3497e-23 5.9717e-24 ] 1.0000e+00
 7.412e+01 2.5817e-23 2.5817e-23 [ 4.6624e-74 8.0329e-42 1.1373e-29 2.0573e-23 5.2437e-24 ] 1.0000e+00
 7.423e+01 2.2614e-23 2.2614e-23 [ 3.0203e-74 6.2453e-42 9.5753e-30 1.8011e-23 4.6037e-24 ] 1.0000e+00
 7.435e+01 1.9806e-23 1.9806e-23 [ 1.9558e-74 4.8539e-42 8.0597e-30 1.5764e-23 4.0411e-24 ] 1.0000e+00
 7.446e+01 1.7343e-23 1.7343e-23 [ 1.2660e-74 3.7711e-42 6.7824e-30 1.3796e-23 3.5467e-24 ] 1.0000e+00
 7.457e+01 1.5184e-23 1.5184e-23 [ 8.1920e-75 2.9288e-42 5.7062e-30 1.2071e-23 3.1122e-24 ] 1.0000e+00
 7.469e+01 1.3291e-23 1.3291e-23 [ 5.2987e-75 2.2739e-42 4.7996e-30 1.0561e-23 2.7305e-24 ] 1.0000e+00
 7.480e+01 1.1632e-23 1.1632e-23 [ 3.4260e-75 1.7648e-42 4.0360e-30 9.2372e-24 2.3952e-24 ] 1.0000e+00
 7.491e+01 1.0179e-23 1.0179e-23 [ 2.2143e-75 1.3692e-42 3.3932e-30 8.0783e-24 2.1007e-24 ] 1.0000e+00
 7.503e+01 8.9056e-24 8.9056e-24 [ 1.4306e-75 1.0619e-42 2.8520e-30 7.0636e-24 1.8421e-24 ] 1.0000e+00
 7.514e+01 7.7903e-24 7.7903e-24 [ 9.2397e-76 8.2326e-43 2.3966e-30 6.1753e-24 1.6150e-24 ] 1.0000e+00
 7.525e+01 6.8135e-24 6.8135e-24 [ 5.9652e-76 6.3804e-43 2.0134e-30 5.3978e-24 1.4157e-24 ] 1.0000e+00
 7.537e+01 5.9582e-24 5.9582e-24 [ 3.8497e-76 4.9432e-43 1.6911e-30 4.7173e-24 1.2408e-24 ] 1.0000e+00
 7.548e+01 5.2093e-24 5.2093e-24 [ 2.4835e-76 3.8284e-43 1.4200e-30 4.1220e-24 1.0873e-24 ] 1.0000e+00
 7.559e+01 4.5538e-24 4.5538e-24 [ 1.6015e-76 2.9640e-43 1.1921e-30 3.6012e-24 9.5264e-25 ] 1.0000e+00
 7.571e+01 3.9801e-24 3.9801e-24 [ 1.0324e-76 2.2939e-43 1.0005e-30 3.1456e-24 8.3450e-25 ] 1.0000e+00
 7.582e+01 3.4781e-24 3.4781e-24 [ 6.6528e-77 1.7747e-43 8.3957e-31 2.7472e-24 7.3089e-25 ] 1.0000e+00
 7.593e+01 3.0389e-24 3.0389e-24 [ 4.2854e-77 1.3726e-43 7.0432e-31 2.3989e-24 6.4004e-25 ] 1.0000e+00
 7.605e+01 2.6547e-24 2.6547e-24 [ 2.7595e-77 1.0612e-43 5.9071e-31 2.0943e-24 5.6038e-25 ] 1.0000e+00
 7.616e+01 2.3187e-24 2.3187e-24 [ 1.7762e-77 8.2013e-44 4.9532e-31 1.8281e-24 4.9055e-25 ] 1.0000e+00
 7.627e+01 2.0248e-24 2.0248e-24 [ 1.1429e-77 6.3362e-44 4.1523e-31 1.5955e-24 4.2935e-25 ] 1.0000e+00
 7.639e+01 1.7679e-24 1.7679e-24 [ 7.3512e-78 4.8936e-44 3.4800e-31 1.3922e-24 3.7572e-25 ] 1.0000e+00
 7.650e+01 1.5434e-24 1.5434e-24 [ 4.7266e-78 3.7781e-44 2.9159e-31 1.2146e-24 3.2873e-25 ] 1.0000e+00
 7.661e+01 1.3471e-24 1.3471e-24 [ 3.0380e-78 2.9158e-44 2.4427e-31 1.0595e-24 2.8757e-25 ] 1.0000e+00
 7.673e+01 1.1756e-24 1.1756e-24 [ 1.9519e-78 2.2496e-44 2.0457e-31 9.2408e-25 2.5152e-25 ] 1.0000e+00
 7.684e+01 1.0257e-24 1.0257e-24 [ 1.2536e-78 1.7350e-44 1.7129e-31 8.0579e-25 2.1995e-25 ] 1.0000e+00
 7.695e+01 8.9484e-25 8.9484e-25 [ 8.0488e-79 1.3376e-44 1.4338e-31 7.0253e-25 1.9231e-25 ] 1.0000e+00
 7.707e+01 7.8051e-25 7.8051e-25 [ 5.1657e-79 1.0309e-44 1.2000e-31 6.1240e-25 1.6811e-25 ] 1.0000e+00
 7.718e+01 6.8067e-25 6.8067e-25 [ 3.3142e-79 7.9424e-45 1.0040e-31 5.3373e-25 1.4693e-25 ] 1.0000e+00
 7.729e+01 5.9350e-25 5.9350e-25 [ 2.1255e-79 6.1170e-45 8.3986e-32 4.6509e-25 1.2840e-25 ] 1.0000e+00
 7.741e+01 5.1740e-25 5.1740e-25 [ 1.3627e-79 4.7095e-45 7.0237e-32 4.0521e-25 1.1219e-25 ] 1.0000e+00
 7.752e+01 4.5099e-25 4.5099e-25 [ 8.7329e-80 3.6245e-45 5.8724e-32 3.5298e-25 9.8004e-26 ] 1.0000e+00
 7.763e+01 3.9303e-25 3.9303e-25 [ 5.5947e-80 2.7886e-45 4.9087e-32 3.0743e-25 8.5599e-26 ] 1.0000e+00
 7.775e+01 3.4246e-25 3.4246e-25 [ 3.5829e-80 2.1447e-45 4.1022e-32 2.6771e-25 7.4751e-26 ] 1.0000e+00
 7.786e+01 2.9835e-25 2.9835e-25 [ 2.2937e-80 1.6489e-45 3.4273e-32 2.3308e-25 6.5266e-26 ] 1.0000e+00
 7.797e+01 2.5987e-25 2.5987e-25 [ 1.4679e-80 1.2673e-45 2.8628e-32 2.0289e-25 5.6975e-26 ] 1.0000e+00
 7.809e+01 2.2632e-25 2.2632e-25 [ 9.3903e-81 9.7365e-46 2.3907e-32 1.7659e-25 4.9729e-26 ] 1.0000e+00
 7.820e+01 1.9706e-25 1.9706e-25 [ 6.0050e-81 7.4779e-46 1.9960e-32 1.5367e-25 4.3396e-26 ] 1.0000e+00
 7.831e+01 1.7156e-25 1.7156e-25 [ 3.8388e-81 5.7412e-46 1.6660e-32 1.3370e-25 3.7864e-26 ] 1.0000e+00
 7.843e+01 1.4933e-25 1.4933e-25 [ 2.4532e-81 4.4063e-46 1.3903e-32 1.1630e-25 3.3031e-26 ] 1.0000e+00
 7.854e+01 1.2996e-25 1.2996e-25 [ 1.5671e-81 3.3807e-46 1.1599e-32 1.0115e-25 2.8810e-26 ] 1.0000e+00
 7.865e+01 1.1309e-25 1.1309e-25 [ 1.0007e-81 2.5928e-46 9.6744e-33 8.7962e-26 2.5123e-26 ] 1.0000e+00
 7.877e+01 9.8383e-26 9.8383e-26 [ 6.3884e-82 1.9879e-46 8.0673e-33 7.6478e-26 2.1905e-26 ] 1.0000e+00
 7.888e+01 8.5578e-26 8.5578e-26 [ 4.0767e-82 1.5236e-46 6.7256e-33 6.6482e-26 1.9096e-26 ] 1.0000e+00
 7.899e+01 7.4426e-26 7.4426e-26 [ 2.6006e-82 1.1673e-46 5.6057e-33 5.7782e-26 1.6644e-26 ] 1.0000e+00
 7.911e+01 6.4716e-26 6.4716e-26 [ 1.6583e-82 8.9405e-47 4.6711e-33 5.0212e-26 1.4504e-26 ] 1.0000e+00
 7.922e+01 5.6263e-26 5.6263e-26 [ 1.0571e-82 6.8452e-47 3.8914e-33 4.3626e-26 1.2637e-26 ] 1.0000e+00
 7.933e+01 4.8906e-26 4.8906e-26 [ 6.7364e-83 5.2391e-47 3.2411e-33 3.7897e-26 1.1009e-26 ] 1.0000e+00
 7.945e+01 4.2504e-26 4.2504e-26 [ 4.2912e-83 4.0084e-47 2.6988e-33 3.2915e-26 9.5885e-27 ] 1.0000e+00
 7.956e+01 3.6933e-26 3.6933e-26 [ 2.7326e-83 3.0658e-47 2.2467e-33 2.8583e-26 8.3500e-27 ] 1.0000e+00
 7.967e+01 3.2087e-26 3.2087e-26 [ 1.7395e-83 2.3440e-47 1.8699e-33 2.4817e-26 7.2702e-27 ] 1.0000e+00
 7.979e+01 2.7872e-26 2.7872e-26 [ 1.1069e-83 1.7915e-47 1.5559e-33 2.1543e-26 6.3289e-27 ] 1.0000e+00
 7.990e+01 2.4206e-26 2.4206e-26 [ 7.0414e-84 1.3688e-47 1.2943e-33 1.8698e-26 5.5085e-27 ] 1.0000e+00
 8.001e+01 2.1019e-26 2.1019e-26 [ 4.4777e-84 1.0455e-47 1.0765e-33 1.6226e-26 4.7936e-27 ] 1.0000e+00
 8.013e+01 1.8249e-26 1.8249e-26 [ 2.8464e-84 7.9822e-48 8.9505e-34 1.4078e-26 4.1708e-27 ] 1.0000e+00
 8.024e+01 1.5840e-26 1.5840e-26 [ 1.8088e-84 6.0924e-48 7.4404e-34 1.2212e-26 3.6282e-27 ] 1.0000e+00
 8.035e+01 1.3748e-26 1.3748e-26 [ 1.1490e-84 4.6484e-48 6.1835e-34 1.0592e-26 3.1557e-27 ] 1.0000e+00
 8.047e+01 1.1929e-26 1.1929e-26 [ 7.2963e-85 3.5454e-48 5.1378e-34 9.1850e-27 2.7442e-27 ] 1.0000e+00
 8.058e+01 1.0350e-26 1.0350e-26 [ 4.6317e-85 2.7032e-48 4.2678e-34 7.9636e-27 2.3860e-27 ] 1.0000e+00
 8.069e+01 8.9775e-27 8.9775e-27 [ 2.9392e-85 2.0603e-48 3.5443e-34 6.9034e-27 2.0741e-27 ] 1.0000e+00
 8.081e+01 7.7860e-27 7.7860e-27 [ 1.8645e-85 1.5698e-48 2.9428e-34 5.9833e-27 1.8027e-27 ] 1.0000e+00
 8.092e+01 6.7515e-27 6.7515e-27 [ 1.1823e-85 1.1957e-48 2.4427e-34 5.1849e-27 1.5666e-27 ] 1.0000e+00
 8.103e+01 5.8534e-27 5.8534e-27 [ 7.4951e-86 9.1038e-49 2.0272e-34 4.4923e-27 1.3611e-27 ] 1.0000e+00
 8.115e+01 5.0739e-27 5.0739e-27 [ 4.7496e-86 6.9292e-49 1.6819e-34 3.8915e-27 1.1824e-27 ] 1.0000e+00
 8.126e+01 4.3974e-27 4.3974e-27 [ 3.0088e-86 5.2722e-49 1.3951e-34 3.3705e-27 1.0269e-27 ] 1.0000e+00
 8.137e+01 3.8105e-27 3.8105e-27 [ 1.9054e-86 4.0100e-49 1.1569e-34 2.9187e-27 8.9176e-28 ] 1.0000e+00
 8.149e+01 3.3013e-27 3.3013e-27 [ 1.2062e-86 3.0489e-49 9.5916e-35 2.5270e-27 7.7425e-28 ] 1.0000e+00
 8.160e+01 2.8597e-27 2.8597e-27 [ 7.6329e-87 2.3174e-49 7.9503e-35 2.1875e-27 6.7211e-28 ] 1.0000e+00
 8.171e+01 2.4767e-27 2.4767e-27 [ 4.8286e-87 1.7608e-49 6.5882e-35 1.8933e-27 5.8334e-28 ] 1.0000e+00
 8.183e+01 2.1446e-27 2.1446e-27 [ 3.0536e-87 1.3374e-49 5.4582e-35 1.6384e-27 5.0620e-28 ] 1.0000e+00
 8.194e+01 1.8567e-27 1.8567e-27 [ 1.9304e-87 1.0155e-49 4.5209e-35 1.4175e-27 4.3919e-28 ] 1.0000e+00
 8.205e+01 1.6072e-27 1.6072e-27 [ 1.2199e-87 7.7074e-50 3.7436e-35 1.2262e-27 3.8098e-28 ] 1.0000e+00
 8.217e+01 1.3910e-27 1.3910e-27 [ 7.7065e-88 5.8480e-50 3.0992e-35 1.0606e-27 3.3043e-28 ] 1.0000e+00
 8.228e+01 1.2036e-27 1.2036e-27 [ 4.8668e-88 4.4356e-50 2.5652e-35 9.1712e-28 2.8653e-28 ] 1.0000e+00
 8.239e+01 1.0414e-27 1.0414e-27 [ 3.0724e-88 3.3631e-50 2.1226e-35 7.9293e-28 2.4842e-28 ] 1.0000e+00
 8.251e+01 9.0078e-28 9.0078e-28 [ 1.9389e-88 2.5491e-50 1.7560e-35 6.8544e-28 2.1534e-28 ] 1.0000e+00
 8.262e+01 7.7905e-28 7.7905e-28 [ 1.2232e-88 1.9314e-50 1.4523e-35 5.9242e-28 1.8664e-28 ] 1.0000e+00
 8.273e+01 6.7365e-28 6.7365e-28 [ 7.7140e-89 1.4629e-50 1.2009e-35 5.1193e-28 1.6173e-28 ] 1.0000e+00
 8.285e+01 5.8241e-28 5.8241e-28 [ 4.8631e-89 1.1076e-50 9.9275e-36 4.4230e-28 1.4012e-28 ] 1.0000e+00
 8.296e+01 5.0344e-28 5.0344e-28 [ 3.0648e-89 8.3834e-51 8.2048e-36 3.8207e-28 1.2137e-28 ] 1.0000e+00
 8.307e+01 4.3510e-28 4.3510e-28 [ 1.9308e-89 6.3431e-51 6.7794e-36 3.2998e-28 1.0512e-28 ] 1.0000e+00
 8.319e+01 3.7597e-28 3.7597e-28 [ 1.2160e-89 4.7976e-51 5.6003e-36 2.8495e-28 9.1025e-29 ] 1.0000e+00
 8.330e+01 3.2482e-28 3.2482e-28 [ 7.6551e-90 3.6274e-51 4.6251e-36 2.4602e-28 7.8806e-29 ] 1.0000e+00
 8.341e+01 2.8058e-28 2.8058e-28 [ 4.8176e-90 2.7416e-51 3.8188e-36 2.1237e-28 6.8216e-29 ] 1.0000e+00
 8.353e+01 2.4232e-28 2.4232e-28 [ 3.0308e-90 2.0715e-51 3.1524e-36 1.8329e-28 5.9038e-29 ] 1.0000e+00
 8.364e+01 2.0925e-28 2.0925e-28 [ 1.9061e-90 1.5645e-51 2.6016e-36 1.5816e-28 5.1086e-29 ] 1.0000e+00
 8.375e+01 1.8065e-28 1.8065e-28 [ 1.1983e-90 1.1812e-51 2.1465e-36 1.3646e-28 4.4197e-29 ] 1.0000e+00
 8.387e+01 1.5594e-28 1.5594e-28 [ 7.5310e-91 8.9153e-52 1.7706e-36 1.1771e-28 3.8230e-29 ] 1.0000e+00
 8.398e+01 1.3458e-28 1.3458e-28 [ 4.7313e-91 6.7264e-52 1.4601e-36 1.0152e-28 3.3063e-29 ] 1.0000e+00
 8.409e+01 1.1613e-28 1.1613e-28 [ 2.9714e-91 5.0731e-52 1.2038e-36 8.7539e-29 2.8589e-29 ] 1.0000e+00
 8.421e+01 1.0019e-28 1.0019e-28 [ 1.8654e-91 3.8248e-52 9.9229e-37 7.5472e-29 2.4716e-29 ] 1.0000e+00
 8.432e+01 8.6421e-29 8.6421e-29 [ 1.1707e-91 2.8826e-52 8.1772e-37 6.5057e-29 2.1364e-29 ] 1.0000e+00
 8.443e+01 7.4532e-29 7.4532e-29 [ 7.3446e-92 2.1717e-52 6.7369e-37 5.6069e-29 1.8464e-29 ] 1.0000e+00
 8.455e+01 6.4268e-29 6.4268e-29 [ 4.6061e-92 1.6356e-52 5.5490e-37 4.8314e-29 1.5954e-29 ] 1.0000e+00
 8.466e+01 5.5407e-29 5.5407e-29 [ 2.8877e-92 1.2313e-52 4.5694e-37 4.1625e-29 1.3783e-29 ] 1.0000e+00
 8.477e+01 4.7760e-29 4.7760e-29 [ 1.8097e-92 9.2667e-53 3.7618e-37 3.5855e-29 1.1905e-29 ] 1.0000e+00
 8.489e+01 4.1161e-29 4.1161e-29 [ 1.1338e-92 6.9713e-53 3.0962e-37 3.0879e-29 1.0281e-29 ] 1.0000e+00
 8.500e+01 3.5467e-29 3.5467e-29 [ 7.1002e-93 5.2426e-53 2.5478e-37 2.6590e-29 8.8774e-30 ] 1.0000e+00
 8.511e+01 3.0556e-29 3.0556e-29 [ 4.4450e-93 3.9411e-53 2.0959e-37 2.2892e-29 7.6638e-30 ] 1.0000e+00
 8.523e+01 2.6320e-29 2.6320e-29 [ 2.7817e-93 2.9616e-53 1.7238e-37 1.9705e-29 6.6150e-30 ] 1.0000e+00
 8.534e+01 2.2667e-29 2.2667e-29 [ 1.7402e-93 2.2248e-53 1.4174e-37 1.6958e-29 5.7086e-30 ] 1.0000e+00
 8.545e+01 1.9518e-29 1.9518e-29 [ 1.0883e-93 1.6706e-53 1.1652e-37 1.4592e-29 4.9256e-30 ] 1.0000e+00
 8.557e+01 1.6803e-29 1.6803e-29 [ 6.8034e-94 1.2540e-53 9.5762e-38 1.2554e-29 4.2492e-30 ] 1.0000e+00
 8.568e+01 1.4463e-29 1.4463e-29 [ 4.2516e-94 9.4098e-54 7.8682e-38 1.0798e-29 3.6651e-30 ] 1.0000e+00
 8.579e+01 1.2447e-29 1.2447e-29 [ 2.6559e-94 7.0581e-54 6.4633e-38 9.2867e-30 3.1606e-30 ] 1.0000e+00
 8.591e+01 1.0710e-29 1.0710e-29 [ 1.6585e-94 5.2922e-54 5.3079e-38 7.9853e-30 2.7251e-30 ] 1.0000e+00
 8.602e+01 9.2142e-30 9.2142e-30 [ 1.0353e-94 3.9666e-54 4.3580e-38 6.8650e-30 2.3492e-30 ] 1.0000e+00
 8.613e+01 7.9256e-30 7.9256e-30 [ 6.4606e-95 2.9719e-54 3.5772e-38 5.9008e-30 2.0248e-30 ] 1.0000e+00
 8.625e+01 6.8160e-30 6.8160e-30 [ 4.0301e-95 2.2258e-54 2.9355e-38 5.0711e-30 1.7449e-30 ] 1.0000e+00
 8.636e+01 5.8607e-30 5.8607e-30 [ 2.5130e-95 1.6664e-54 2.4083e-38 4.3573e-30 1.5034e-30 ] 1.0000e+00
 8.647e+01 5.0385e-30 5.0385e-30 [ 1.5664e-95 1.2471e-54 1.9753e-38 3.7434e-30 1.2951e-30 ] 1.0000e+00
 8.659e+01 4.3308e-30 4.3308e-30 [ 9.7605e-96 9.3291e-55 1.6198e-38 3.2153e-30 1.1154e-30 ] 1.0000e+00
 8.670e+01 3.7218e-30 3.7218e-30 [ 6.0795e-96 6.9763e-55 1.3279e-38 2.7613e-30 9.6054e-31 ] 1.0000e+00
 8.681e+01 3.1979e-30 3.1979e-30 [ 3.7854e-96 5.2148e-55 1.0883e-38 2.3709e-30 8.2700e-31 ] 1.0000e+00
 8.693e+01 2.7473e-30 2.7473e-30 [ 2.3561e-96 3.8966e-55 8.9175e-39 2.0354e-30 7.1190e-31 ] 1.0000e+00
 8.704e+01 2.3597e-30 2.3597e-30 [ 1.4659e-96 2.9104e-55 7.3049e-39 1.7470e-30 6.1271e-31 ] 1.0000e+00
 8.715e+01 2.0265e-30 2.0265e-30 [ 9.1170e-97 2.1730e-55 5.9824e-39 1.4992e-30 5.2724e-31 ] 1.0000e+00
 8.727e+01 1.7400e-30 1.7400e-30 [ 5.6681e-97 1.6218e-55 4.8981e-39 1.2864e-30 4.5362e-31 ] 1.0000e+00
 8.738e+01 1.4937e-30 1.4937e-30 [ 3.5226e-97 1.2099e-55 4.0092e-39 1.1035e-30 3.9020e-31 ] 1.0000e+00
 8.749e+01 1.2821e-30 1.2821e-30 [ 2.1884e-97 9.0226e-56 3.2808e-39 9.4652e-31 3.3559e-31 ] 1.0000e+00
 8.761e+01 1.1003e-30 1.1003e-30 [ 1.3590e-97 6.7257e-56 2.6840e-39 8.1170e-31 2.8857e-31 ] 1.0000e+00
 8.772e+01 9.4405e-31 9.4405e-31 [ 8.4361e-98 5.0115e-56 2.1952e-39 6.9596e-31 2.4810e-31 ] 1.0000e+00
 8.783e+01 8.0987e-31 8.0987e-31 [ 5.2348e-98 3.7327e-56 1.7950e-39 5.9661e-31 2.1326e-31 ] 1.0000e+00
 8.795e+01 6.9464e-31 6.9464e-31 [ 3.2471e-98 2.7791e-56 1.4673e-39 5.1135e-31 1.8328e-31 ] 1.0000e+00
 8.806e+01 5.9569e-31 5.9569e-31 [ 2.0133e-98 2.0682e-56 1.1991e-39 4.3820e-31 1.5749e-31 ] 1.0000e+00
 8.817e+01 5.1075e-31 5.1075e-31 [ 1.2479e-98 1.5385e-56 9.7968e-40 3.7545e-31 1.3530e-31 ] 1.0000e+00
 8.829e+01 4.3784e-31 4.3784e-31 [ 7.7312e-99 1.1440e-56 8.0019e-40 3.2162e-31 1.1622e-31 ] 1.0000e+00
 8.840e+01 3.7528e-31 3.7528e-31 [ 4.7880e-99 8.5032e-57 6.5339e-40 2.7547e-31 9.9809e-32 ] 1.0000e+00
 8.851e+01 3.2159e-31 3.2159e-31 [ 2.9641e-99 6.3175e-57 5.3338e-40 2.3589e-31 8.5701e-32 ] 1.0000e+00
 8.863e+01 2.7554e-31 2.7554e-31 [ 1.8342e-99 4.6916e-57 4.3529e-40 2.0196e-31 7.3574e-32 ] 1.0000e+00
 8.874e+01 2.3604e-31 2.3604e-31 [ 1.1346e-99 3.4827e-57 3.5514e-40 1.7289e-31 6.3151e-32 ] 1.0000e+00
 8.885e+01 2.0216e-31 2.0216e-31 [ 7.0155e-100 2.5841e-57 2.8966e-40 1.4797e-31 5.4196e-32 ] 1.0000e+00
 8.897e+01 1.7312e-31 1.7312e-31 [ 4.3361e-100 1.9166e-57 2.3619e-40 1.2662e-31 4.6501e-32 ] 1.0000e+00
 8.908e+01 1.4822e-31 1.4822e-31 [ 2.6789e-100 1.4208e-57 1.9253e-40 1.0833e-31 3.9892e-32 ] 1.0000e+00
 8.919e+01 1.2688e-31 1.2688e-31 [ 1.6544e-100 1.0528e-57 1.5690e-40 9.2668e-32 3.4217e-32 ] 1.0000e+00
 8.931e+01 1.0860e-31 1.0860e-31 [ 1.0213e-100 7.7982e-58 1.2782e-40 7.9255e-32 2.9343e-32 ] 1.0000e+00
 8.942e+01 9.2930e-32 9.2930e-32 [ 6.3017e-101 5.7733e-58 1.0410e-40 6.7771e-32 2.5159e-32 ] 1.0000e+00
 8.953e+01 7.9508e-32 7.9508e-32 [ 3.8868e-101 4.2723e-58 8.4754e-41 5.7941e-32 2.1568e-32 ] 1.0000e+00
 8.965e+01 6.8013e-32 6.8013e-32 [ 2.3963e-101 3.1600e-58 6.8983e-41 4.9528e-32 1.8485e-32 ] 1.0000e+00
 8.976e+01 5.8169e-32 5.8169e-32 [ 1.4768e-101 2.3363e-58 5.6129e-41 4.2328e-32 1.5841e-32 ] 1.0000e+00
 8.987e+01 4.9742e-32 4.9742e-32 [ 9.0969e-102 1.7264e-58 4.5655e-41 3.6169e-32 1.3572e-32 ] 1.0000e+00
 8.999e+01 4.2527e-32 4.2527e-32 [ 5.6013e-102 1.2752e-58 3.7124e-41 3.0901e-32 1.1627e-32 ] 1.0000e+00
 9.010e+01 3.6353e-32 3.6353e-32 [ 3.4474e-102 9.4144e-59 3.0177e-41 2.6395e-32 9.9579e-33 ] 1.0000e+00
 9.021e+01 3.1069e-32 3.1069e-32 [ 2.1208e-102 6.9470e-59 2.4522e-41 2.2542e-32 8.5272e-33 ] 1.0000e+00
 9.033e+01 2.6549e-32 2.6549e-32 [ 1.3041e-102 5.1238e-59 1.9920e-41 1.9248e-32 7.3007e-33 ] 1.0000e+00
 9.044e+01 2.2682e-32 2.2682e-32 [ 8.0159e-103 3.7773e-59 1.6176e-41 1.6432e-32 6.2494e-33 ] 1.0000e+00
 9.055e+01 1.9375e-32 1.9375e-32 [ 4.9248e-103 2.7832e-59 1.3131e-41 1.4026e-32 5.3486e-33 ] 1.0000e+00
 9.067e+01 1.6547e-32 1.6547e-32 [ 3.0243e-103 2.0497e-59 1.0655e-41 1.1970e-32 4.5768e-33 ] 1.0000e+00
 9.078e+01 1.4129e-32 1.4129e-32 [ 1.8563e-103 1.5088e-59 8.6433e-42 1.0214e-32 3.9157e-33 ] 1.0000e+00
 9.089e+01 1.2063e-32 1.2063e-32 [ 1.1389e-103 1.1100e-59 7.0087e-42 8.7132e-33 3.3494e-33 ] 1.0000e+00
 9.101e+01 1.0297e-32 1.0297e-32 [ 6.9843e-104 8.1622e-60 5.6811e-42 7.4320e-33 2.8646e-33 ] 1.0000e+00
 9.112e+01 8.7874e-33 8.7874e-33 [ 4.2810e-104 5.9988e-60 4.6032e-42 6.3380e-33 2.4494e-33 ] 1.0000e+00
 9.123e+01 7.4981e-33 7.4981e-33 [ 2.6228e-104 4.4065e-60 3.7283e-42 5.4040e-33 2.0941e-33 ] 1.0000e+00
 9.135e+01 6.3968e-33 6.3968e-33 [ 1.6061e-104 3.2351e-60 3.0185e-42 4.6069e-33 1.7899e-33 ] 1.0000e+00
 9.146e+01 5.4563e-33 5.4563e-33 [ 9.8306e-105 2.3738e-60 2.4429e-42 3.9266e-33 1.5297e-33 ] 1.0000e+00
 9.157e+01 4.6533e-33 4.6533e-33 [ 6.0141e-105 1.7409e-60 1.9762e-42 3.3462e-33 1.3071e-33 ] 1.0000e+00
 9.169e+01 3.9677e-33 3.9677e-33 [ 3.6774e-105 1.2760e-60 1.5980e-42 2.8511e-33 1.1166e-33 ] 1.0000e+00
 9.180e+01 3.3825e-33 3.3825e-33 [ 2.2475e-105 9.3471e-61 1.2916e-42 2.4287e-33 9.5377e-34 ] 1.0000e+00
 9.191e+01 2.8831e-33 2.8831e-33 [ 1.3729e-105 6.8433e-61 1.0435e-42 2.0686e-33 8.1451e-34 ] 1.0000e+00
 9.203e+01 2.4570e-33 2.4570e-33 [ 8.3818e-106 5.0073e-61 8.4273e-43 1.7616e-33 6.9546e-34 ] 1.0000e+00
 9.214e+01 2.0935e-33 2.0935e-33 [ 5.1147e-106 3.6618e-61 6.8024e-43 1.4998e-33 5.9370e-34 ] 1.0000e+00
 9.225e+01 1.7835e-33 1.7835e-33 [ 3.1195e-106 2.6762e-61 5.4882e-43 1.2767e-33 5.0673e-34 ] 1.0000e+00
 9.237e+01 1.5191e-33 1.5191e-33 [ 1.9015e-106 1.9548e-61 4.4258e-43 1.0866e-33 4.3243e-34 ] 1.0000e+00
 9.248e+01 1.2936e-33 1.2936e-33 [ 1.1585e-106 1.4269e-61 3.5674e-43 9.2467e-34 3.6896e-34 ] 1.0000e+00
 9.259e+01 1.1014e-33 1.1014e-33 [ 7.0541e-107 1.0410e-61 2.8740e-43 7.8671e-34 3.1474e-34 ] 1.0000e+00
 9.271e+01 9.3765e-34 9.3765e-34 [ 4.2929e-107 7.5895e-62 2.3141e-43 6.6920e-34 2.6844e-34 ] 1.0000e+00
 9.282e+01 7.9806e-34 7.9806e-34 [ 2.6111e-107 5.5297e-62 1.8624e-43 5.6915e-34 2.2892e-34 ] 1.0000e+00
 9.293e+01 6.7914e-34 6.7914e-34 [ 1.5872e-107 4.0264e-62 1.4980e-43 4.8397e-34 1.9517e-34 ] 1.0000e+00
 9.305e+01 5.7783e-34 5.7783e-34 [ 9.6427e-108 2.9299e-62 1.2043e-43 4.1146e-34 1.6637e-34 ] 1.0000e+00
 9.316e+01 4.9154e-34 4.9154e-34 [ 5.8547e-108 2.1305e-62 9.6760e-44 3.4975e-34 1.4179e-34 ] 1.0000e+00
 9.327e+01 4.1807e-34 4.1807e-34 [ 3.5526e-108 1.5482e-62 7.7698e-44 2.9724e-34 1.2083e-34 ] 1.0000e+00
 9.339e+01 3.5551e-34 3.5551e-34 [ 2.1544e-108 1.1243e-62 6.2354e-44 2.5257e-34 1.0294e-34 ] 1.0000e+00
 9.350e+01 3.0226e-34 3.0226e-34 [ 1.3057e-108 8.1589e-63 5.0010e-44 2.1457e-34 8.7687e-35 ] 1.0000e+00
 9.361e+01 2.5693e-34 2.5693e-34 [ 7.9082e-109 5.9166e-63 4.0085e-44 1.8226e-34 7.4679e-35 ] 1.0000e+00
 9.373e+01 2.1837e-34 2.1837e-34 [ 4.7867e-109 4.2874e-63 3.2109e-44 1.5478e-34 6.3590e-35 ] 1.0000e+00
 9.384e+01 1.8556e-34 1.8556e-34 [ 2.8954e-109 3.1045e-63 2.5703e-44 1.3142e-34 5.4137e-35 ] 1.0000e+00
 9.395e+01 1.5765e-34 1.5765e-34 [ 1.7502e-109 2.2463e-63 2.0561e-44 1.1157e-34 4.6081e-35 ] 1.0000e+00
 9.407e+01 1.3391e-34 1.3391e-34 [ 1.0572e-109 1.6241e-63 1.6436e-44 9.4694e-35 3.9217e-35 ] 1.0000e+00
 9.418e+01 1.1373e-34 1.1373e-34 [ 6.3818e-110 1.1733e-63 1.3130e-44 8.0358e-35 3.3369e-35 ] 1.0000e+00
 9.429e+01 9.6567e-35 9.6567e-35 [ 3.8496e-110 8.4696e-64 1.0481e-44 6.8179e-35 2.8388e-35 ] 1.0000e+00
 9.441e+01 8.1981e-35 8.1981e-35 [ 2.3204e-110 6.1088e-64 8.3599e-45 5.7836e-35 2.4146e-35 ] 1.0000e+00
 9.452e+01 6.9585e-35 6.9585e-35 [ 1.3976e-110 4.4024e-64 6.6630e-45 4.9052e-35 2.0534e-35 ] 1.0000e+00
 9.463e+01 5.9053e-35 5.9053e-35 [ 8.4115e-111 3.1699e-64 5.3063e-45 4.1594e-35 1.7459e-35 ] 1.0000e+00
 9.475e+01 5.0105e-35 5.0105e-35 [ 5.0585e-111 2.2805e-64 4.2223e-45 3.5263e-35 1.4842e-35 ] 1.0000e+00
 9.486e+01 4.2504e-35 4.2504e-35 [ 3.0396e-111 1.6391e-64 3.3569e-45 2.9889e-35 1.2615e-35 ] 1.0000e+00
 9.497e+01 3.6050e-35 3.6050e-35 [ 1.8250e-111 1.1771e-64 2.6665e-45 2.5330e-35 1.0720e-35 ] 1.0000e+00
 9.509e+01 3.0569e-35 3.0569e-35 [ 1.0947e-111 8.4445e-65 2.1162e-45 2.1461e-35 9.1082e-36 ] 1.0000e+00
 9.520e+01 2.5917e-35 2.5917e-35 [ 6.5613e-112 6.0523e-65 1.6779e-45 1.8179e-35 7.7373e-36 ] 1.0000e+00
 9.531e+01 2.1968e-35 2.1968e-35 [ 3.9289e-112 4.3334e-65 1.3291e-45 1.5396e-35 6.5715e-36 ] 1.0000e+00
 9.543e+01 1.8617e-35 1.8617e-35 [ 2.3504e-112 3.0994e-65 1.0517e-45 1.3036e-35 5.5803e-36 ] 1.0000e+00
 9.554e+01 1.5773e-35 1.5773e-35 [ 1.4047e-112 2.2145e-65 8.3135e-46 1.1035e-35 4.7378e-36 ] 1.0000e+00
 9.565e+01 1.3361e-35 1.3361e-35 [ 8.3869e-113 1.5805e-65 6.5646e-46 9.3394e-36 4.0217e-36 ] 1.0000e+00
 9.577e+01 1.1315e-35 1.1315e-35 [ 5.0022e-113 1.1267e-65 5.1777e-46 7.9021e-36 3.4132e-36 ] 1.0000e+00
 9.588e+01 9.5804e-36 9.5804e-36 [ 2.9802e-113 8.0222e-66 4.0790e-46 6.6841e-36 2.8963e-36 ] 1.0000e+00
 9.599e+01 8.1095e-36 8.1095e-36 [ 1.7735e-113 5.7049e-66 3.2096e-46 5.6523e-36 2.4572e-36 ] 1.0000e+00
 9.611e+01 6.8626e-36 6.8626e-36 [ 1.0542e-113 4.0518e-66 2.5222e-46 4.7783e-36 2.0843e-36 ] 1.0000e+00
 9.622e+01 5.8058e-36 5.8058e-36 [ 6.2581e-114 2.8739e-66 1.9795e-46 4.0382e-36 1.7676e-36 ] 1.0000e+00
 9.633e+01 4.9103e-36 4.9103e-36 [ 3.7104e-114 2.0355e-66 1.5513e-46 3.4114e-36 1.4988e-36 ] 1.0000e+00
 9.645e+01 4.1515e-36 4.1515e-36 [ 2.1969e-114 1.4396e-66 1.2140e-46 2.8809e-36 1.2706e-36 ] 1.0000e+00
 9.656e+01 3.5088e-36 3.5088e-36 [ 1.2989e-114 1.0166e-66 9.4856e-47 2.4318e-36 1.0770e-36 ] 1.0000e+00
 9.667e+01 2.9645e-36 2.9645e-36 [ 7.6681e-115 7.1674e-67 7.3996e-47 2.0518e-36 9.1270e-37 ] 1.0000e+00
 9.679e+01 2.5035e-36 2.5035e-36 [ 4.5197e-115 5.0446e-67 5.7625e-47 1.7302e-36 7.7331e-37 ] 1.0000e+00
 9.690e+01 2.1133e-36 2.1133e-36 [ 2.6595e-115 3.5442e-67 4.4795e-47 1.4582e-36 6.5509e-37 ] 1.0000e+00
 9.701e+01 1.7829e-36 1.7829e-36 [ 1.5621e-115 2.4852e-67 3.4754e-47 1.2281e-36 5.5482e-37 ] 1.0000e+00
 9.713e+01 1.5033e-36 1.5033e-36 [ 9.1575e-116 1.7392e-67 2.6909e-47 1.0335e-36 4.6981e-37 ] 1.0000e+00
 9.724e+01 1.2667e-36 1.2667e-36 [ 5.3574e-116 1.2145e-67 2.0789e-47 8.6896e-37 3.9773e-37 ] 1.0000e+00
 9.735e+01 1.0665e-36 1.0665e-36 [ 3.1274e-116 8.4607e-68 1.6024e-47 7.2986e-37 3.3664e-37 ] 1.0000e+00
 9.747e+01 8.9714e-37 8.9714e-37 [ 1.8212e-116 5.8796e-68 1.2319e-47 6.1228e-37 2.8486e-37 ] 1.0000e+00
 9.758e+01 7.5387e-37 7.5387e-37 [ 1.0579e-116 4.0749e-68 9.4451e-48 5.1290e-37 2.4097e-37 ] 1.0000e+00
 9.769e+01 6.3270e-37 6.3270e-37 [ 6.1272e-117 2.8159e-68 7.2200e-48 4.2891e-37 2.0379e-37 ] 1.0000e+00
 9.781e+01 5.3021e-37 5.3021e-37 [ 3.5380e-117 1.9396e-68 5.5011e-48 3.5794e-37 1.7227e-37 ] 1.0000e+00
 9.792e+01 4.4353e-37 4.4353e-37 [ 2.0360e-117 1.3313e-68 4.1762e-48 2.9796e-37 1.4556e-37 ] 1.0000e+00
 9.803e+01 3.7021e-37 3.7021e-37 [ 1.1672e-117 9.1023e-69 3.1577e-48 2.4729e-37 1.2293e-37 ] 1.0000e+00
 9.815e+01 3.0819e-37 3.0819e-37 [ 6.6633e-118 6.1963e-69 2.3768e-48 2.0447e-37 1.0373e-37 ] 1.0000e+00
 9.826e+01 2.5572e-37 2.5572e-37 [ 3.7858e-118 4.1974e-69 1.7798e-48 1.6828e-37 8.7437e-38 ] 1.0000e+00
 9.837e+01 2.1130e-37 2.1130e-37 [ 2.1393e-118 2.8275e-69 1.3248e-48 1.3770e-37 7.3599e-38 ] 1.0000e+00
 9.849e+01 1.7369e-37 1.7369e-37 [ 1.2013e-118 1.8924e-69 9.7930e-49 1.1186e-37 6.1825e-38 ] 1.0000e+00
 9.860e+01 1.4182e-37 1.4182e-37 [ 6.6970e-119 1.2570e-69 7.1786e-49 9.0038e-38 5.1781e-38 ] 1.0000e+00
 9.871e+01 1.1479e-37 1.1479e-37 [ 3.7014e-119 8.2740e-70 5.2086e-49 7.1612e-38 4.3181e-38 ] 1.0000e+00
 9.883e+01 9.1858e-38 9.1858e-38 [ 2.0245e-119 5.3860e-70 3.7310e-49 5.6082e-38 3.5776e-38 ] 1.0000e+00
 9.894e+01 7.2385e-38 7.2385e-38 [ 1.0932e-119 3.4569e-70 2.6287e-49 4.3032e-38 2.9353e-38 ] 1.0000e+00
 9.905e+01 5.5855e-38 5.5855e-38 [ 5.8066e-120 2.1779e-70 1.8115e-49 3.2128e-38 2.3726e-38 ] 1.0000e+00
 9.917e+01 4.1847e-38 4.1847e-38 [ 3.0175e-120 1.3373e-70 1.2106e-49 2.3106e-38 1.8740e-38 ] 1.0000e+00
 9.928e+01 3.0037e-38 3.0037e-38 [ 1.5199e-120 7.9069e-71 7.7382e-50 1.5762e-38 1.4275e-38 ] 1.0000e+00
 9.939e+01 2.0199e-38 2.0199e-38 [ 7.2932e-121 4.4043e-71 4.6179e-50 9.9437e-39 1.0255e-38 ] 1.0000e+00
 9.951e+01 1.2206e-38 1.2206e-38 [ 3.2124e-121 2.2122e-71 2.4566e-50 5.5352e-39 6.6710e-39 ] 1.0000e+00
 9.962e+01 6.0526e-39 6.0526e-39 [ 1.1822e-121 9.0397e-72 1.0483e-50 2.4473e-39 3.6053e-39 ] 1.0000e+00
 9.973e+01 1.8760e-39 1.8760e-39 [ 2.6211e-122 2.1458e-72 2.5568e-51 6.1273e-40 1.2633e-39 ] 1.0000e+00
 9.985e+01 0.0000e+00 0.0000e+00 [ 0.0000e+00 0.0000e+00 0.0000e+00 0.0000e+00 0.0000e+00 ] 1.0000e+00
