 0.000e+00 0.0000e+00 0.0000e+00 [ 0.0000e+00 0.0000e+00 0.0000e+00 0.0000e+00 0.0000e+00 ] 1.0000e+00
 1.133e-01 4.9937e-02 4.9937e-02 [ 4.9637e-02 1.4686e-04 7.2223e-05 7.3617e-05 7.9435e-06 ] 9.5006e-01
 2.267e-01 9.4469e-02 9.4469e-02 [ 9.3245e-02 6.0043e-04 2.9525e-04 3.0049e-04 2.8488e-05 ] 9.0553e-01
 3.400e-01 1.3383e-01 1.3383e-01 [ 1.3100e-01 1.3932e-03 6.8501e-04 6.9554e-04 5.7747e-05 ] 8.6617e-01
 4.533e-01 1.7163e-01 1.7163e-01 [ 1.6642e-01 2.5691e-03 1.2629e-03 1.2783e-03 9.3107e-05 ] 8.2837e-01
 5.667e-01 2.0948e-01 2.0948e-01 [ 2.0105e-01 4.1759e-03 2.0524e-03 2.0694e-03 1.3271e-04 ] 7.9052e-01
 6.800e-01 2.4838e-01 2.4838e-01 [ 2.3578e-01 6.2575e-03 3.0747e-03 3.0865e-03 1.7520e-04 ] 7.5162e-01
 7.933e-01 2.8871e-01 2.8871e-01 [ 2.7096e-01 8.8438e-03 4.3442e-03 4.3397e-03 2.1954e-04 ] 7.1129e-01
 9.067e-01 3.3033e-01 3.3033e-01 [ 3.0643e-01 1.1941e-02 5.8636e-03 5.8270e-03 2.6480e-04 ] 6.6967e-01
 1.020e+00 3.7261e-01 3.7261e-01 [ 3.4163e-01 1.5523e-02 7.6195e-03 7.5305e-03 3.1008e-04 ] 6.2739e-01
 1.133e+00 4.1453e-01 4.1453e-01 [ 3.7566e-01 1.9527e-02 9.5807e-03 9.4151e-03 3.5446e-04 ] 5.8547e-01
 1.247e+00 4.5484e-01 4.5484e-01 [ 4.0746e-01 2.3857e-02 1.1699e-02 1.1430e-02 3.9703e-04 ] 5.4516e-01
 1.360e+00 4.9228e-01 4.9228e-01 [ 4.3602e-01 2.8394e-02 1.3917e-02 1.3516e-02 4.3698e-04 ] 5.0772e-01
 1.473e+00 5.2581e-01 5.2581e-01 [ 4.6055e-01 3.3012e-02 1.6171e-02 1.5611e-02 4.7371e-04 ] 4.7419e-01
 1.587e+00 5.5475e-01 5.5475e-01 [ 4.8058e-01 3.7597e-02 1.8404e-02 1.7659e-02 5.0688e-04 ] 4.4525e-01
 1.700e+00 5.7884e-01 5.7884e-01 [ 4.9606e-01 4.2056e-02 2.0572e-02 1.9618e-02 5.3647e-04 ] 4.2116e-01
 1.813e+00 5.9822e-01 5.9822e-01 [ 5.0722e-01 4.6330e-02 2.2644e-02 2.1460e-02 5.6269e-04 ] 4.0178e-01
 1.927e+00 6.1329e-01 6.1329e-01 [ 5.1454e-01 5.0387e-02 2.4604e-02 2.3173e-02 5.8593e-04 ] 3.8671e-01
 2.040e+00 6.2463e-01 6.2463e-01 [ 5.1860e-01 5.4219e-02 2.6450e-02 2.4755e-02 6.0665e-04 ] 3.7537e-01
 2.153e+00 6.3287e-01 6.3287e-01 [ 5.2001e-01 5.7834e-02 2.8184e-02 2.6212e-02 6.2533e-04 ] 3.6713e-01
 2.267e+00 6.3860e-01 6.3860e-01 [ 5.1934e-01 6.1253e-02 2.9816e-02 2.7556e-02 6.4237e-04 ] 3.6140e-01
 2.380e+00 6.4237e-01 6.4237e-01 [ 5.1706e-01 6.4498e-02 3.1358e-02 2.8797e-02 6.5814e-04 ] 3.5763e-01
 2.493e+00 6.4461e-01 6.4461e-01 [ 5.1358e-01 6.7593e-02 3.2820e-02 2.9950e-02 6.7292e-04 ] 3.5539e-01
 2.607e+00 6.4571e-01 6.4571e-01 [ 5.0922e-01 7.0561e-02 3.4215e-02 3.1026e-02 6.8693e-04 ] 3.5429e-01
 2.720e+00 6.4595e-01 6.4595e-01 [ 5.0424e-01 7.3422e-02 3.5551e-02 3.2035e-02 7.0036e-04 ] 3.5405e-01
 2.833e+00 6.4556e-01 6.4556e-01 [ 4.9882e-01 7.6195e-02 3.6838e-02 3.2988e-02 7.1332e-04 ] 3.5444e-01
 2.947e+00 6.4472e-01 6.4472e-01 [ 4.9312e-01 7.8895e-02 3.8084e-02 3.3892e-02 7.2591e-04 ] 3.5529e-01
 3.060e+00 6.4355e-01 6.4355e-01 [ 4.8723e-01 8.1536e-02 3.9295e-02 3.4753e-02 7.3821e-04 ] 3.5645e-01
 3.173e+00 6.4217e-01 6.4217e-01 [ 4.8124e-01 8.4127e-02 4.0476e-02 3.5579e-02 7.5029e-04 ] 3.5783e-01
 3.287e+00 6.4065e-01 6.4065e-01 [ 4.7520e-01 8.6679e-02 4.1632e-02 3.6374e-02 7.6218e-04 ] 3.5935e-01
 3.400e+00 6.3904e-01 6.3904e-01 [ 4.6916e-01 8.9199e-02 4.2767e-02 3.7141e-02 7.7392e-04 ] 3.6096e-01
 3.513e+00 6.3739e-01 6.3739e-01 [ 4.6314e-01 9.1695e-02 4.3884e-02 3.7886e-02 7.8556e-04 ] 3.6261e-01
 3.627e+00 6.3574e-01 6.3574e-01 [ 4.5717e-01 9.4170e-02 4.4987e-02 3.8611e-02 7.9711e-04 ] 3.6426e-01
 3.740e+00 6.3410e-01 6.3410e-01 [ 4.5126e-01 9.6631e-02 4.6078e-02 3.9320e-02 8.0859e-04 ] 3.6590e-01
 3.853e+00 6.3249e-01 6.3249e-01 [ 4.4542e-01 9.9082e-02 4.7159e-02 4.0013e-02 8.2005e-04 ] 3.6751e-01
 3.967e+00 6.3093e-01 6.3093e-01 [ 4.3965e-01 1.0152e-01 4.8232e-02 4.0695e-02 8.3148e-04 ] 3.6907e-01
 4.080e+00 6.2942e-01 6.2942e-01 [ 4.3395e-01 1.0396e-01 4.9300e-02 4.1366e-02 8.4290e-04 ] 3.7058e-01
 4.193e+00 6.2797e-01 6.2797e-01 [ 4.2832e-01 1.0640e-01 5.0362e-02 4.2029e-02 8.5434e-04 ] 3.7203e-01
 4.307e+00 6.2658e-01 6.2658e-01 [ 4.2277e-01 1.0883e-01 5.1422e-02 4.2684e-02 8.6580e-04 ] 3.7342e-01
 4.420e+00 6.2525e-01 6.2525e-01 [ 4.1729e-01 1.1127e-01 5.2479e-02 4.3334e-02 8.7730e-04 ] 3.7475e-01
 4.533e+00 6.2399e-01 6.2399e-01 [ 4.1188e-01 1.1371e-01 5.3536e-02 4.3980e-02 8.8884e-04 ] 3.7601e-01
 4.647e+00 6.2279e-01 6.2279e-01 [ 4.0653e-01 1.1615e-01 5.4593e-02 4.4622e-02 9.0044e-04 ] 3.7721e-01
 4.760e+00 6.2165e-01 6.2165e-01 [ 4.0124e-01 1.1859e-01 5.5650e-02 4.5262e-02 9.1210e-04 ] 3.7835e-01
 4.873e+00 6.2058e-01 6.2058e-01 [ 3.9600e-01 1.2104e-01 5.6710e-02 4.5900e-02 9.2384e-04 ] 3.7942e-01
 4.987e+00 6.1956e-01 6.1956e-01 [ 3.9082e-01 1.2350e-01 5.7771e-02 4.6538e-02 9.3565e-04 ] 3.8044e-01
 5.100e+00 6.1859e-01 6.1859e-01 [ 3.8568e-01 1.2595e-01 5.8836e-02 4.7176e-02 9.4754e-04 ] 3.8141e-01
 5.213e+00 6.1768e-01 6.1768e-01 [ 3.8059e-01 1.2841e-01 5.9904e-02 4.7815e-02 9.5953e-04 ] 3.8232e-01
 5.327e+00 6.1682e-01 6.1682e-01 [ 3.7554e-01 1.3088e-01 6.0976e-02 4.8456e-02 9.7161e-04 ] 3.8318e-01
 5.440e+00 6.1600e-01 6.1600e-01 [ 3.7053e-01 1.3334e-01 6.2053e-02 4.9098e-02 9.8378e-04 ] 3.8400e-01
 5.553e+00 6.1523e-01 6.1523e-01 [ 3.6555e-01 1.3581e-01 6.3134e-02 4.9743e-02 9.9606e-04 ] 3.8477e-01
 5.667e+00 6.1450e-01 6.1450e-01 [ 3.6060e-01 1.3828e-01 6.4221e-02 5.0390e-02 1.0084e-03 ] 3.8550e-01
 5.780e+00 6.1381e-01 6.1381e-01 [ 3.5569e-01 1.4075e-01 6.5313e-02 5.1041e-02 1.0209e-03 ] 3.8619e-01
 5.893e+00 6.1315e-01 6.1315e-01 [ 3.5080e-01 1.4321e-01 6.6411e-02 5.1695e-02 1.0335e-03 ] 3.8685e-01
 6.007e+00 6.1252e-01 6.1252e-01 [ 3.4593e-01 1.4568e-01 6.7514e-02 5.2354e-02 1.0462e-03 ] 3.8748e-01
 6.120e+00 6.1193e-01 6.1193e-01 [ 3.4109e-01 1.4814e-01 6.8624e-02 5.3017e-02 1.0591e-03 ] 3.8807e-01
 6.233e+00 6.1136e-01 6.1136e-01 [ 3.3627e-01 1.5059e-01 6.9741e-02 5.3684e-02 1.0720e-03 ] 3.8864e-01
 6.347e+00 6.1082e-01 6.1082e-01 [ 3.3147e-01 1.5304e-01 7.0864e-02 5.4356e-02 1.0851e-03 ] 3.8918e-01
 6.460e+00 6.1030e-01 6.1030e-01 [ 3.2669e-01 1.5548e-01 7.1994e-02 5.5033e-02 1.0983e-03 ] 3.8970e-01
 6.573e+00 6.0980e-01 6.0980e-01 [ 3.2193e-01 1.5791e-01 7.3130e-02 5.5715e-02 1.1116e-03 ] 3.9020e-01
 6.687e+00 6.0932e-01 6.0932e-01 [ 3.1719e-01 1.6033e-01 7.4274e-02 5.6403e-02 1.1250e-03 ] 3.9068e-01
 6.800e+00 6.0886e-01 6.0886e-01 [ 3.1246e-01 1.6273e-01 7.5425e-02 5.7096e-02 1.1386e-03 ] 3.9114e-01
 6.913e+00 6.0841e-01 6.0841e-01 [ 3.0775e-01 1.6512e-01 7.6583e-02 5.7795e-02 1.1523e-03 ] 3.9159e-01
 7.027e+00 6.0797e-01 6.0797e-01 [ 3.0306e-01 1.6750e-01 7.7748e-02 5.8500e-02 1.1661e-03 ] 3.9203e-01
 7.140e+00 6.0755e-01 6.0755e-01 [ 2.9839e-01 1.6985e-01 7.8920e-02 5.9211e-02 1.1800e-03 ] 3.9245e-01
 7.253e+00 6.0714e-01 6.0714e-01 [ 2.9373e-01 1.7219e-01 8.0100e-02 5.9928e-02 1.1941e-03 ] 3.9286e-01
 7.367e+00 6.0674e-01 6.0674e-01 [ 2.8909e-01 1.7450e-01 8.1287e-02 6.0651e-02 1.2083e-03 ] 3.9326e-01
 7.480e+00 6.0635e-01 6.0635e-01 [ 2.8447e-01 1.7679e-01 8.2482e-02 6.1380e-02 1.2226e-03 ] 3.9365e-01
 7.593e+00 6.0596e-01 6.0596e-01 [ 2.7987e-01 1.7905e-01 8.3684e-02 6.2116e-02 1.2371e-03 ] 3.9404e-01
 7.707e+00 6.0558e-01 6.0558e-01 [ 2.7529e-01 1.8129e-01 8.4894e-02 6.2859e-02 1.2517e-03 ] 3.9442e-01
 7.820e+00 6.0521e-01 6.0521e-01 [ 2.7073e-01 1.8349e-01 8.6111e-02 6.3608e-02 1.2665e-03 ] 3.9479e-01
 7.933e+00 6.0484e-01 6.0484e-01 [ 2.6618e-01 1.8567e-01 8.7335e-02 6.4364e-02 1.2813e-03 ] 3.9516e-01
 8.047e+00 6.0447e-01 6.0447e-01 [ 2.6167e-01 1.8781e-01 8.8567e-02 6.5127e-02 1.2964e-03 ] 3.9553e-01
 8.160e+00 6.0411e-01 6.0411e-01 [ 2.5717e-01 1.8992e-01 8.9807e-02 6.5896e-02 1.3115e-03 ] 3.9589e-01
 8.273e+00 6.0374e-01 6.0374e-01 [ 2.5270e-01 1.9199e-01 9.1054e-02 6.6673e-02 1.3268e-03 ] 3.9626e-01
 8.387e+00 6.0338e-01 6.0338e-01 [ 2.4825e-01 1.9403e-01 9.2308e-02 6.7457e-02 1.3423e-03 ] 3.9662e-01
 8.500e+00 6.0303e-01 6.0303e-01 [ 2.4383e-01 1.9602e-01 9.3569e-02 6.8248e-02 1.3579e-03 ] 3.9697e-01
 8.613e+00 6.0267e-01 6.0267e-01 [ 2.3944e-01 1.9798e-01 9.4838e-02 6.9046e-02 1.3736e-03 ] 3.9733e-01
 8.727e+00 6.0231e-01 6.0231e-01 [ 2.3507e-01 1.9989e-01 9.6113e-02 6.9851e-02 1.3895e-03 ] 3.9769e-01
 8.840e+00 6.0195e-01 6.0195e-01 [ 2.3073e-01 2.0175e-01 9.7396e-02 7.0663e-02 1.4056e-03 ] 3.9805e-01
 8.953e+00 6.0159e-01 6.0159e-01 [ 2.2643e-01 2.0358e-01 9.8686e-02 7.1484e-02 1.4218e-03 ] 3.9841e-01
 9.067e+00 6.0123e-01 6.0123e-01 [ 2.2215e-01 2.0535e-01 9.9982e-02 7.2311e-02 1.4381e-03 ] 3.9877e-01
 9.180e+00 6.0087e-01 6.0087e-01 [ 2.1791e-01 2.0708e-01 1.0128e-01 7.3146e-02 1.4546e-03 ] 3.9913e-01
 9.293e+00 6.0051e-01 6.0051e-01 [ 2.1370e-01 2.0875e-01 1.0259e-01 7.3989e-02 1.4713e-03 ] 3.9949e-01
 9.407e+00 6.0014e-01 6.0014e-01 [ 2.0953e-01 2.1038e-01 1.0391e-01 7.4840e-02 1.4881e-03 ] 3.9986e-01
 9.520e+00 5.9977e-01 5.9977e-01 [ 2.0539e-01 2.1195e-01 1.0523e-01 7.5698e-02 1.5051e-03 ] 4.0023e-01
 9.633e+00 5.9940e-01 5.9940e-01 [ 2.0129e-01 2.1347e-01 1.0656e-01 7.6565e-02 1.5223e-03 ] 4.0060e-01
 9.747e+00 5.9903e-01 5.9903e-01 [ 1.9723e-01 2.1493e-01 1.0789e-01 7.7439e-02 1.5396e-03 ] 4.0097e-01
 9.860e+00 5.9865e-01 5.9865e-01 [ 1.9320e-01 2.1634e-01 1.0923e-01 7.8322e-02 1.5571e-03 ] 4.0135e-01
 9.973e+00 5.9827e-01 5.9827e-01 [ 1.8922e-01 2.1770e-01 1.1057e-01 7.9213e-02 1.5748e-03 ] 4.0173e-01
 1.009e+01 5.9789e-01 5.9789e-01 [ 1.8527e-01 2.1899e-01 1.1192e-01 8.0112e-02 1.5926e-03 ] 4.0211e-01
 1.020e+01 5.9750e-01 5.9750e-01 [ 1.8137e-01 2.2023e-01 1.1328e-01 8.1019e-02 1.6107e-03 ] 4.0250e-01
 1.031e+01 5.9711e-01 5.9711e-01 [ 1.7751e-01 2.2141e-01 1.1463e-01 8.1935e-02 1.6289e-03 ] 4.0289e-01
 1.043e+01 5.9672e-01 5.9672e-01 [ 1.7370e-01 2.2252e-01 1.1599e-01 8.2860e-02 1.6473e-03 ] 4.0328e-01
 1.054e+01 5.9632e-01 5.9632e-01 [ 1.6992e-01 2.2358e-01 1.1736e-01 8.3794e-02 1.6659e-03 ] 4.0368e-01
 1.065e+01 5.9592e-01 5.9592e-01 [ 1.6619e-01 2.2458e-01 1.1873e-01 8.4736e-02 1.6846e-03 ] 4.0408e-01
 1.077e+01 5.9551e-01 5.9551e-01 [ 1.6251e-01 2.2551e-01 1.2009e-01 8.5688e-02 1.7036e-03 ] 4.0449e-01
 1.088e+01 5.9510e-01 5.9510e-01 [ 1.5888e-01 2.2639e-01 1.2147e-01 8.6649e-02 1.7228e-03 ] 4.0490e-01
 1.099e+01 5.9469e-01 5.9469e-01 [ 1.5528e-01 2.2720e-01 1.2284e-01 8.7619e-02 1.7421e-03 ] 4.0531e-01
 1.111e+01 5.9426e-01 5.9426e-01 [ 1.5174e-01 2.2795e-01 1.2422e-01 8.8598e-02 1.7617e-03 ] 4.0574e-01
 1.122e+01 5.9384e-01 5.9384e-01 [ 1.4824e-01 2.2863e-01 1.2559e-01 8.9588e-02 1.7815e-03 ] 4.0616e-01
 1.133e+01 5.9341e-01 5.9341e-01 [ 1.4480e-01 2.2926e-01 1.2697e-01 9.0587e-02 1.8015e-03 ] 4.0659e-01
 1.145e+01 5.9297e-01 5.9297e-01 [ 1.4140e-01 2.2982e-01 1.2834e-01 9.1596e-02 1.8217e-03 ] 4.0703e-01
 1.156e+01 5.9253e-01 5.9253e-01 [ 1.3804e-01 2.3032e-01 1.2971e-01 9.2615e-02 1.8421e-03 ] 4.0747e-01
 1.167e+01 5.9208e-01 5.9208e-01 [ 1.3474e-01 2.3075e-01 1.3109e-01 9.3645e-02 1.8627e-03 ] 4.0792e-01
 1.179e+01 5.9163e-01 5.9163e-01 [ 1.3149e-01 2.3112e-01 1.3245e-01 9.4685e-02 1.8836e-03 ] 4.0837e-01
 1.190e+01 5.9117e-01 5.9117e-01 [ 1.2828e-01 2.3143e-01 1.3382e-01 9.5736e-02 1.9047e-03 ] 4.0883e-01
 1.201e+01 5.9071e-01 5.9071e-01 [ 1.2512e-01 2.3168e-01 1.3518e-01 9.6798e-02 1.9260e-03 ] 4.0929e-01
 1.213e+01 5.9023e-01 5.9023e-01 [ 1.2202e-01 2.3186e-01 1.3654e-01 9.7871e-02 1.9476e-03 ] 4.0977e-01
 1.224e+01 5.8976e-01 5.8976e-01 [ 1.1896e-01 2.3198e-01 1.3789e-01 9.8955e-02 1.9693e-03 ] 4.1024e-01
 1.235e+01 5.8927e-01 5.8927e-01 [ 1.1595e-01 2.3204e-01 1.3924e-01 1.0005e-01 1.9914e-03 ] 4.1073e-01
 1.247e+01 5.8878e-01 5.8878e-01 [ 1.1299e-01 2.3204e-01 1.4058e-01 1.0116e-01 2.0137e-03 ] 4.1122e-01
 1.258e+01 5.8829e-01 5.8829e-01 [ 1.1008e-01 2.3198e-01 1.4191e-01 1.0228e-01 2.0362e-03 ] 4.1171e-01
 1.269e+01 5.8778e-01 5.8778e-01 [ 1.0722e-01 2.3185e-01 1.4323e-01 1.0341e-01 2.0590e-03 ] 4.1222e-01
 1.281e+01 5.8727e-01 5.8727e-01 [ 1.0441e-01 2.3167e-01 1.4455e-01 1.0456e-01 2.0820e-03 ] 4.1273e-01
 1.292e+01 5.8675e-01 5.8675e-01 [ 1.0165e-01 2.3143e-01 1.4585e-01 1.0572e-01 2.1054e-03 ] 4.1325e-01
 1.303e+01 5.8623e-01 5.8623e-01 [ 9.8934e-02 2.3113e-01 1.4714e-01 1.0689e-01 2.1289e-03 ] 4.1377e-01
 1.315e+01 5.8569e-01 5.8569e-01 [ 9.6268e-02 2.3078e-01 1.4842e-01 1.0808e-01 2.1528e-03 ] 4.1431e-01
 1.326e+01 5.8515e-01 5.8515e-01 [ 9.3650e-02 2.3036e-01 1.4969e-01 1.0928e-01 2.1769e-03 ] 4.1485e-01
 1.337e+01 5.8461e-01 5.8461e-01 [ 9.1081e-02 2.2989e-01 1.5094e-01 1.1049e-01 2.2012e-03 ] 4.1539e-01
 1.349e+01 5.8405e-01 5.8405e-01 [ 8.8559e-02 2.2937e-01 1.5218e-01 1.1172e-01 2.2259e-03 ] 4.1595e-01
 1.360e+01 5.8350e-01 5.8350e-01 [ 8.6084e-02 2.2879e-01 1.5340e-01 1.1296e-01 2.2508e-03 ] 4.1651e-01
 1.371e+01 5.8293e-01 5.8293e-01 [ 8.3656e-02 2.2816e-01 1.5461e-01 1.1423e-01 2.2761e-03 ] 4.1707e-01
 1.383e+01 5.8236e-01 5.8236e-01 [ 8.1275e-02 2.2747e-01 1.5580e-01 1.1550e-01 2.3016e-03 ] 4.1764e-01
 1.394e+01 5.8178e-01 5.8178e-01 [ 7.8940e-02 2.2674e-01 1.5698e-01 1.1680e-01 2.3274e-03 ] 4.1822e-01
 1.405e+01 5.8120e-01 5.8120e-01 [ 7.6651e-02 2.2595e-01 1.5813e-01 1.1811e-01 2.3534e-03 ] 4.1880e-01
 1.417e+01 5.8061e-01 5.8061e-01 [ 7.4407e-02 2.2512e-01 1.5927e-01 1.1944e-01 2.3798e-03 ] 4.1939e-01
 1.428e+01 5.8003e-01 5.8003e-01 [ 7.2209e-02 2.2424e-01 1.6039e-01 1.2079e-01 2.4065e-03 ] 4.1997e-01
 1.439e+01 5.7944e-01 5.7944e-01 [ 7.0055e-02 2.2331e-01 1.6148e-01 1.2216e-01 2.4335e-03 ] 4.2056e-01
 1.451e+01 5.7885e-01 5.7885e-01 [ 6.7945e-02 2.2234e-01 1.6256e-01 1.2354e-01 2.4608e-03 ] 4.2115e-01
 1.462e+01 5.7826e-01 5.7826e-01 [ 6.5879e-02 2.2132e-01 1.6362e-01 1.2495e-01 2.4883e-03 ] 4.2174e-01
 1.473e+01 5.7768e-01 5.7768e-01 [ 6.3857e-02 2.2026e-01 1.6466e-01 1.2639e-01 2.5162e-03 ] 4.2232e-01
 1.485e+01 5.7710e-01 5.7710e-01 [ 6.1878e-02 2.1916e-01 1.6567e-01 1.2784e-01 2.5444e-03 ] 4.2290e-01
 1.496e+01 5.7653e-01 5.7653e-01 [ 5.9941e-02 2.1802e-01 1.6667e-01 1.2932e-01 2.5729e-03 ] 4.2347e-01
 1.507e+01 5.7597e-01 5.7597e-01 [ 5.8046e-02 2.1685e-01 1.6765e-01 1.3083e-01 2.6018e-03 ] 4.2403e-01
 1.519e+01 5.7542e-01 5.7542e-01 [ 5.6194e-02 2.1563e-01 1.6861e-01 1.3236e-01 2.6309e-03 ] 4.2458e-01
 1.530e+01 5.7490e-01 5.7490e-01 [ 5.4382e-02 2.1439e-01 1.6955e-01 1.3392e-01 2.6604e-03 ] 4.2510e-01
 1.541e+01 5.7439e-01 5.7439e-01 [ 5.2612e-02 2.1311e-01 1.7047e-01 1.3551e-01 2.6902e-03 ] 4.2561e-01
 1.553e+01 5.7391e-01 5.7391e-01 [ 5.0882e-02 2.1181e-01 1.7137e-01 1.3713e-01 2.7203e-03 ] 4.2609e-01
 1.564e+01 5.7346e-01 5.7346e-01 [ 4.9192e-02 2.1047e-01 1.7226e-01 1.3878e-01 2.7508e-03 ] 4.2654e-01
 1.575e+01 5.7305e-01 5.7305e-01 [ 4.7541e-02 2.0912e-01 1.7314e-01 1.4047e-01 2.7815e-03 ] 4.2695e-01
 1.587e+01 5.7267e-01 5.7267e-01 [ 4.5931e-02 2.0774e-01 1.7400e-01 1.4219e-01 2.8127e-03 ] 4.2733e-01
 1.598e+01 5.7235e-01 5.7235e-01 [ 4.4358e-02 2.0634e-01 1.7485e-01 1.4396e-01 2.8441e-03 ] 4.2765e-01
 1.609e+01 5.7207e-01 5.7207e-01 [ 4.2825e-02 2.0492e-01 1.7570e-01 1.4576e-01 2.8759e-03 ] 4.2793e-01
 1.621e+01 5.7186e-01 5.7186e-01 [ 4.1329e-02 2.0348e-01 1.7653e-01 1.4760e-01 2.9080e-03 ] 4.2814e-01
 1.632e+01 5.7171e-01 5.7171e-01 [ 3.9871e-02 2.0204e-01 1.7737e-01 1.4949e-01 2.9405e-03 ] 4.2829e-01
 1.643e+01 5.7164e-01 5.7164e-01 [ 3.8450e-02 2.0058e-01 1.7820e-01 1.5143e-01 2.9733e-03 ] 4.2836e-01
 1.655e+01 5.7164e-01 5.7164e-01 [ 3.7066e-02 1.9912e-01 1.7904e-01 1.5341e-01 3.0065e-03 ] 4.2836e-01
 1.666e+01 5.7173e-01 5.7173e-01 [ 3.5718e-02 1.9766e-01 1.7988e-01 1.5545e-01 3.0399e-03 ] 4.2827e-01
 1.677e+01 5.7192e-01 5.7192e-01 [ 3.4406e-02 1.9619e-01 1.8072e-01 1.5753e-01 3.0737e-03 ] 4.2808e-01
 1.689e+01 5.7221e-01 5.7221e-01 [ 3.3130e-02 1.9472e-01 1.8158e-01 1.5967e-01 3.1078e-03 ] 4.2779e-01
 1.700e+01 5.7261e-01 5.7261e-01 [ 3.1888e-02 1.9327e-01 1.8245e-01 1.6187e-01 3.1422e-03 ] 4.2739e-01
 1.711e+01 5.7313e-01 5.7313e-01 [ 3.0681e-02 1.9182e-01 1.8334e-01 1.6412e-01 3.1769e-03 ] 4.2687e-01
 1.723e+01 5.7376e-01 5.7376e-01 [ 2.9508e-02 1.9038e-01 1.8424e-01 1.6642e-01 3.2118e-03 ] 4.2624e-01
 1.734e+01 5.7453e-01 5.7453e-01 [ 2.8368e-02 1.8895e-01 1.8517e-01 1.6879e-01 3.2470e-03 ] 4.2547e-01
 1.745e+01 5.7543e-01 5.7543e-01 [ 2.7262e-02 1.8755e-01 1.8613e-01 1.7121e-01 3.2823e-03 ] 4.2457e-01
 1.757e+01 5.7646e-01 5.7646e-01 [ 2.6188e-02 1.8616e-01 1.8711e-01 1.7369e-01 3.3178e-03 ] 4.2354e-01
 1.768e+01 5.7764e-01 5.7764e-01 [ 2.5146e-02 1.8480e-01 1.8812e-01 1.7622e-01 3.3534e-03 ] 4.2236e-01
 1.779e+01 5.7896e-01 5.7896e-01 [ 2.4135e-02 1.8347e-01 1.8917e-01 1.7880e-01 3.3890e-03 ] 4.2104e-01
 1.791e+01 5.8043e-01 5.8043e-01 [ 2.3156e-02 1.8217e-01 1.9024e-01 1.8144e-01 3.4247e-03 ] 4.1957e-01
 1.802e+01 5.8204e-01 5.8204e-01 [ 2.2207e-02 1.8091e-01 1.9135e-01 1.8411e-01 3.4602e-03 ] 4.1796e-01
 1.813e+01 5.8379e-01 5.8379e-01 [ 2.1289e-02 1.7968e-01 1.9250e-01 1.8683e-01 3.4955e-03 ] 4.1621e-01
 1.825e+01 5.8568e-01 5.8568e-01 [ 2.0400e-02 1.7850e-01 1.9368e-01 1.8958e-01 3.5306e-03 ] 4.1432e-01
 1.836e+01 5.8770e-01 5.8770e-01 [ 1.9540e-02 1.7736e-01 1.9489e-01 1.9234e-01 3.5653e-03 ] 4.1230e-01
 1.847e+01 5.8983e-01 5.8983e-01 [ 1.8709e-02 1.7627e-01 1.9613e-01 1.9512e-01 3.5994e-03 ] 4.1017e-01
 1.859e+01 5.9206e-01 5.9206e-01 [ 1.7906e-02 1.7523e-01 1.9739e-01 1.9790e-01 3.6329e-03 ] 4.0794e-01
 1.870e+01 5.9438e-01 5.9438e-01 [ 1.7131e-02 1.7425e-01 1.9867e-01 2.0066e-01 3.6656e-03 ] 4.0562e-01
 1.881e+01 5.9676e-01 5.9676e-01 [ 1.6384e-02 1.7333e-01 1.9996e-01 2.0337e-01 3.6974e-03 ] 4.0324e-01
 1.893e+01 5.9916e-01 5.9916e-01 [ 1.5664e-02 1.7248e-01 2.0126e-01 2.0603e-01 3.7279e-03 ] 4.0084e-01
 1.904e+01 6.0155e-01 6.0155e-01 [ 1.4970e-02 1.7168e-01 2.0253e-01 2.0860e-01 3.7571e-03 ] 3.9846e-01
 1.915e+01 6.0387e-01 6.0387e-01 [ 1.4302e-02 1.7095e-01 2.0378e-01 2.1105e-01 3.7846e-03 ] 3.9613e-01
 1.927e+01 6.0606e-01 6.0606e-01 [ 1.3660e-02 1.7028e-01 2.0497e-01 2.1334e-01 3.8102e-03 ] 3.9394e-01
 1.938e+01 6.0805e-01 6.0805e-01 [ 1.3043e-02 1.6967e-01 2.0608e-01 2.1543e-01 3.8335e-03 ] 3.9195e-01
 1.949e+01 6.0974e-01 6.0974e-01 [ 1.2451e-02 1.6911e-01 2.0707e-01 2.1726e-01 3.8542e-03 ] 3.9026e-01
 1.961e+01 6.1099e-01 6.1099e-01 [ 1.1883e-02 1.6858e-01 2.0789e-01 2.1877e-01 3.8718e-03 ] 3.8901e-01
 1.972e+01 6.1166e-01 6.1166e-01 [ 1.1338e-02 1.6806e-01 2.0850e-01 2.1988e-01 3.8857e-03 ] 3.8834e-01
 1.983e+01 6.1155e-01 6.1155e-01 [ 1.0814e-02 1.6753e-01 2.0881e-01 2.2050e-01 3.8951e-03 ] 3.8845e-01
 1.995e+01 6.1043e-01 6.1043e-01 [ 1.0310e-02 1.6694e-01 2.0875e-01 2.2053e-01 3.8992e-03 ] 3.8956e-01
 2.006e+01 6.0803e-01 6.0803e-01 [ 9.8245e-03 1.6624e-01 2.0822e-01 2.1985e-01 3.8968e-03 ] 3.9197e-01
 2.017e+01 6.0401e-01 6.0401e-01 [ 9.3547e-03 1.6536e-01 2.0710e-01 2.1831e-01 3.8865e-03 ] 3.9599e-01
 2.029e+01 5.9800e-01 5.9800e-01 [ 8.8977e-03 1.6421e-01 2.0525e-01 2.1577e-01 3.8666e-03 ] 4.0200e-01
 2.040e+01 5.8957e-01 5.8957e-01 [ 8.4503e-03 1.6269e-01 2.0252e-01 2.1208e-01 3.8349e-03 ] 4.1042e-01
 2.051e+01 5.7833e-01 5.7833e-01 [ 8.0092e-03 1.6069e-01 1.9878e-01 2.0707e-01 3.7892e-03 ] 4.2167e-01
 2.063e+01 5.6388e-01 5.6388e-01 [ 7.5709e-03 1.5808e-01 1.9388e-01 2.0062e-01 3.7271e-03 ] 4.3612e-01
 2.074e+01 5.4594e-01 5.4594e-01 [ 7.1327e-03 1.5478e-01 1.8773e-01 1.9266e-01 3.6464e-03 ] 4.5405e-01
 2.085e+01 5.2440e-01 5.2440e-01 [ 6.6931e-03 1.5070e-01 1.8028e-01 1.8317e-01 3.5454e-03 ] 4.7560e-01
 2.097e+01 4.9936e-01 4.9936e-01 [ 6.2522e-03 1.4582e-01 1.7159e-01 1.7226e-01 3.4233e-03 ] 5.0064e-01
 2.108e+01 4.7122e-01 4.7122e-01 [ 5.8121e-03 1.4019e-01 1.6180e-01 1.6014e-01 3.2809e-03 ] 5.2878e-01
 2.119e+01 4.4065e-01 4.4065e-01 [ 5.3767e-03 1.3390e-01 1.5115e-01 1.4711e-01 3.1201e-03 ] 5.5935e-01
 2.131e+01 4.0855e-01 4.0855e-01 [ 4.9514e-03 1.2712e-01 1.3995e-01 1.3357e-01 2.9447e-03 ] 5.9145e-01
 2.142e+01 3.7592e-01 3.7592e-01 [ 4.5424e-03 1.2009e-01 1.2858e-01 1.1995e-01 2.7591e-03 ] 6.2409e-01
 2.153e+01 3.4377e-01 3.4377e-01 [ 4.1554e-03 1.1301e-01 1.1738e-01 1.0666e-01 2.5686e-03 ] 6.5623e-01
 2.165e+01 3.1303e-01 3.1303e-01 [ 3.7952e-03 1.0612e-01 1.0669e-01 9.4050e-02 2.3784e-03 ] 6.8697e-01
 2.176e+01 2.8439e-01 2.8439e-01 [ 3.4650e-03 9.9582e-02 9.6750e-02 8.2398e-02 2.1930e-03 ] 7.1561e-01
 2.187e+01 2.5834e-01 2.5834e-01 [ 3.1661e-03 9.3545e-02 8.7737e-02 7.1875e-02 2.0162e-03 ] 7.4166e-01
 2.199e+01 2.3514e-01 2.3514e-01 [ 2.8985e-03 8.8087e-02 7.9740e-02 6.2563e-02 1.8508e-03 ] 7.6486e-01
 2.210e+01 2.1486e-01 2.1486e-01 [ 2.6606e-03 8.3245e-02 7.2783e-02 5.4468e-02 1.6987e-03 ] 7.8515e-01
 2.221e+01 1.9740e-01 1.9740e-01 [ 2.4501e-03 7.9018e-02 6.6833e-02 4.7541e-02 1.5609e-03 ] 8.0260e-01
 2.233e+01 1.8260e-01 1.8260e-01 [ 2.2642e-03 7.5377e-02 6.1828e-02 4.1694e-02 1.4378e-03 ] 8.1740e-01
 2.244e+01 1.7021e-01 1.7021e-01 [ 2.1000e-03 7.2278e-02 5.7681e-02 3.6823e-02 1.3295e-03 ] 8.2979e-01
 2.255e+01 1.5997e-01 1.5997e-01 [ 1.9544e-03 6.9665e-02 5.4299e-02 3.2817e-02 1.2355e-03 ] 8.4003e-01
 2.267e+01 1.5162e-01 1.5162e-01 [ 1.8249e-03 6.7482e-02 5.1591e-02 2.9569e-02 1.1555e-03 ] 8.4838e-01
 2.278e+01 1.4493e-01 1.4493e-01 [ 1.7090e-03 6.5674e-02 4.9472e-02 2.6984e-02 1.0889e-03 ] 8.5507e-01
 2.289e+01 1.3968e-01 1.3968e-01 [ 1.6045e-03 6.4191e-02 4.7868e-02 2.4977e-02 1.0354e-03 ] 8.6033e-01
 2.301e+01 1.3569e-01 1.3569e-01 [ 1.5099e-03 6.2989e-02 4.6715e-02 2.3479e-02 9.9441e-04 ] 8.6431e-01
 2.312e+01 1.3283e-01 1.3283e-01 [ 1.4235e-03 6.2033e-02 4.5966e-02 2.2438e-02 9.6571e-04 ] 8.6718e-01
 2.323e+01 1.3099e-01 1.3099e-01 [ 1.3442e-03 6.1293e-02 4.5584e-02 2.1816e-02 9.4909e-04 ] 8.6901e-01
 2.335e+01 1.3010e-01 1.3010e-01 [ 1.2710e-03 6.0750e-02 4.5548e-02 2.1591e-02 9.4451e-04 ] 8.6990e-01
 2.346e+01 1.3015e-01 1.3015e-01 [ 1.2032e-03 6.0391e-02 4.5851e-02 2.1757e-02 9.5204e-04 ] 8.6985e-01
 2.357e+01 1.3114e-01 1.3114e-01 [ 1.1402e-03 6.0209e-02 4.6498e-02 2.2324e-02 9.7193e-04 ] 8.6886e-01
 2.369e+01 1.3312e-01 1.3312e-01 [ 1.0814e-03 6.0206e-02 4.7509e-02 2.3318e-02 1.0046e-03 ] 8.6688e-01
 2.380e+01 1.3617e-01 1.3617e-01 [ 1.0267e-03 6.0391e-02 4.8920e-02 2.4784e-02 1.0504e-03 ] 8.6383e-01
 2.391e+01 1.4043e-01 1.4043e-01 [ 9.7552e-04 6.0777e-02 5.0781e-02 2.6786e-02 1.1103e-03 ] 8.5957e-01
 2.403e+01 1.4606e-01 1.4606e-01 [ 9.2781e-04 6.1385e-02 5.3159e-02 2.9407e-02 1.1849e-03 ] 8.5394e-01
 2.414e+01 1.5329e-01 1.5329e-01 [ 8.8333e-04 6.2241e-02 5.6134e-02 3.2753e-02 1.2752e-03 ] 8.4671e-01
 2.425e+01 1.6235e-01 1.6235e-01 [ 8.4189e-04 6.3371e-02 5.9805e-02 3.6952e-02 1.3824e-03 ] 8.3765e-01
 2.437e+01 1.7355e-01 1.7355e-01 [ 8.0332e-04 6.4807e-02 6.4279e-02 4.2152e-02 1.5073e-03 ] 8.2645e-01
 2.448e+01 1.8719e-01 1.8719e-01 [ 7.6740e-04 6.6576e-02 6.9675e-02 4.8519e-02 1.6511e-03 ] 8.1281e-01
 2.459e+01 2.0358e-01 2.0358e-01 [ 7.3389e-04 6.8698e-02 7.6110e-02 5.6228e-02 1.8144e-03 ] 7.9641e-01
 2.471e+01 2.2302e-01 2.2302e-01 [ 7.0246e-04 7.1183e-02 8.3686e-02 6.5452e-02 1.9979e-03 ] 7.7698e-01
 2.482e+01 2.4571e-01 2.4571e-01 [ 6.7273e-04 7.4018e-02 9.2478e-02 7.6337e-02 2.2011e-03 ] 7.5429e-01
 2.493e+01 2.7172e-01 2.7172e-01 [ 6.4423e-04 7.7166e-02 1.0251e-01 8.8983e-02 2.4229e-03 ] 7.2827e-01
 2.505e+01 3.0096e-01 3.0096e-01 [ 6.1644e-04 8.0555e-02 1.1372e-01 1.0341e-01 2.6609e-03 ] 6.9903e-01
 2.516e+01 3.3307e-01 3.3307e-01 [ 5.8877e-04 8.4074e-02 1.2598e-01 1.1951e-01 2.9114e-03 ] 6.6693e-01
 2.527e+01 3.6740e-01 3.6740e-01 [ 5.6071e-04 8.7580e-02 1.3902e-01 1.3707e-01 3.1690e-03 ] 6.3260e-01
 2.539e+01 4.0304e-01 4.0304e-01 [ 5.3179e-04 9.0904e-02 1.5248e-01 1.5570e-01 3.4274e-03 ] 5.9696e-01
 2.550e+01 4.3889e-01 4.3889e-01 [ 5.0176e-04 9.3871e-02 1.6593e-01 1.7491e-01 3.6795e-03 ] 5.6111e-01
 2.561e+01 4.7374e-01 4.7374e-01 [ 4.7056e-04 9.6322e-02 1.7891e-01 1.9412e-01 3.9183e-03 ] 5.2626e-01
 2.573e+01 5.0646e-01 5.0646e-01 [ 4.3840e-04 9.8142e-02 1.9098e-01 2.1276e-01 4.1378e-03 ] 4.9355e-01
 2.584e+01 5.3613e-01 5.3613e-01 [ 4.0569e-04 9.9268e-02 2.0181e-01 2.3031e-01 4.3341e-03 ] 4.6388e-01
 2.595e+01 5.6214e-01 5.6214e-01 [ 3.7300e-04 9.9706e-02 2.1115e-01 2.4640e-01 4.5051e-03 ] 4.3786e-01
 2.607e+01 5.8425e-01 5.8425e-01 [ 3.4092e-04 9.9512e-02 2.1894e-01 2.6080e-01 4.6509e-03 ] 4.1576e-01
 2.618e+01 6.0249e-01 6.0249e-01 [ 3.1002e-04 9.8783e-02 2.2520e-01 2.7342e-01 4.7735e-03 ] 3.9752e-01
 2.629e+01 6.1713e-01 6.1713e-01 [ 2.8075e-04 9.7637e-02 2.3006e-01 2.8428e-01 4.8754e-03 ] 3.8287e-01
 2.641e+01 6.2857e-01 6.2857e-01 [ 2.5342e-04 9.6192e-02 2.3366e-01 2.9351e-01 4.9600e-03 ] 3.7143e-01
 2.652e+01 6.3723e-01 6.3723e-01 [ 2.2822e-04 9.4556e-02 2.3620e-01 3.0122e-01 5.0302e-03 ] 3.6277e-01
 2.663e+01 6.4349e-01 6.4349e-01 [ 2.0518e-04 9.2818e-02 2.3782e-01 3.0755e-01 5.0887e-03 ] 3.5651e-01
 2.675e+01 6.4763e-01 6.4763e-01 [ 1.8429e-04 9.1045e-02 2.3866e-01 3.1260e-01 5.1373e-03 ] 3.5237e-01
 2.686e+01 6.4983e-01 6.4983e-01 [ 1.6543e-04 8.9280e-02 2.3880e-01 3.1641e-01 5.1771e-03 ] 3.5017e-01
 2.697e+01 6.5011e-01 6.5011e-01 [ 1.4847e-04 8.7541e-02 2.3825e-01 3.1896e-01 5.2085e-03 ] 3.4989e-01
 2.709e+01 6.4833e-01 6.4833e-01 [ 1.3324e-04 8.5828e-02 2.3699e-01 3.2015e-01 5.2309e-03 ] 3.5167e-01
 2.720e+01 6.4421e-01 6.4421e-01 [ 1.1954e-04 8.4114e-02 2.3492e-01 3.1982e-01 5.2424e-03 ] 3.5578e-01
 2.731e+01 6.3730e-01 6.3730e-01 [ 1.0721e-04 8.2352e-02 2.3189e-01 3.1771e-01 5.2405e-03 ] 3.6270e-01
 2.743e+01 6.2700e-01 6.2700e-01 [ 9.6058e-05 8.0475e-02 2.2771e-01 3.1350e-01 5.2210e-03 ] 3.7300e-01
 2.754e+01 6.1262e-01 6.1262e-01 [ 8.5914e-05 7.8399e-02 2.2213e-01 3.0683e-01 5.1789e-03 ] 3.8738e-01
 2.765e+01 5.9347e-01 5.9347e-01 [ 7.6626e-05 7.6033e-02 2.1491e-01 2.9735e-01 5.1081e-03 ] 4.0652e-01
 2.777e+01 5.6902e-01 5.6902e-01 [ 6.8068e-05 7.3291e-02 2.0587e-01 2.8479e-01 5.0027e-03 ] 4.3098e-01
 2.788e+01 5.3902e-01 5.3902e-01 [ 6.0147e-05 7.0116e-02 1.9492e-01 2.6906e-01 4.8578e-03 ] 4.6098e-01
 2.799e+01 5.0373e-01 5.0373e-01 [ 5.2813e-05 6.6492e-02 1.8217e-01 2.5034e-01 4.6708e-03 ] 4.9627e-01
 2.811e+01 4.6399e-01 4.6399e-01 [ 4.6052e-05 6.2466e-02 1.6791e-01 2.2912e-01 4.4431e-03 ] 5.3601e-01
 2.822e+01 4.2116e-01 4.2116e-01 [ 3.9878e-05 5.8143e-02 1.5262e-01 2.0618e-01 4.1799e-03 ] 5.7884e-01
 2.833e+01 3.7698e-01 3.7698e-01 [ 3.4317e-05 5.3672e-02 1.3692e-01 1.8246e-01 3.8901e-03 ] 6.2302e-01
 2.845e+01 3.3326e-01 3.3326e-01 [ 2.9390e-05 4.9221e-02 1.2145e-01 1.5898e-01 3.5846e-03 ] 6.6675e-01
 2.856e+01 2.9161e-01 2.9161e-01 [ 2.5098e-05 4.4951e-02 1.0677e-01 1.3659e-01 3.2748e-03 ] 7.0839e-01
 2.867e+01 2.5327e-01 2.5327e-01 [ 2.1418e-05 4.0986e-02 9.3311e-02 1.1598e-01 2.9707e-03 ] 7.4673e-01
 2.879e+01 2.1900e-01 2.1900e-01 [ 1.8304e-05 3.7411e-02 8.1344e-02 9.7548e-02 2.6802e-03 ] 7.8100e-01
 2.890e+01 1.8913e-01 1.8913e-01 [ 1.5695e-05 3.4265e-02 7.0972e-02 8.1464e-02 2.4087e-03 ] 8.1088e-01
 2.901e+01 1.6361e-01 1.6361e-01 [ 1.3525e-05 3.1552e-02 6.2178e-02 6.7709e-02 2.1592e-03 ] 8.3639e-01
 2.913e+01 1.4218e-01 1.4218e-01 [ 1.1723e-05 2.9250e-02 5.4858e-02 5.6132e-02 1.9328e-03 ] 8.5782e-01
 2.924e+01 1.2442e-01 1.2442e-01 [ 1.0226e-05 2.7320e-02 4.8857e-02 4.6507e-02 1.7291e-03 ] 8.7558e-01
 2.935e+01 1.0986e-01 1.0986e-01 [ 8.9786e-06 2.5715e-02 4.4005e-02 3.8580e-02 1.5471e-03 ] 8.9015e-01
 2.947e+01 9.8003e-02 9.8003e-02 [ 7.9319e-06 2.4389e-02 4.0127e-02 3.2094e-02 1.3851e-03 ] 9.0200e-01
 2.958e+01 8.8418e-02 8.8418e-02 [ 7.0467e-06 2.3295e-02 3.7063e-02 2.6811e-02 1.2413e-03 ] 9.1158e-01
 2.969e+01 8.0704e-02 8.0704e-02 [ 6.2913e-06 2.2393e-02 3.4669e-02 2.2522e-02 1.1139e-03 ] 9.1930e-01
 2.981e+01 7.4518e-02 7.4518e-02 [ 5.6406e-06 2.1646e-02 3.2822e-02 1.9044e-02 1.0012e-03 ] 9.2548e-01
 2.992e+01 6.9572e-02 6.9572e-02 [ 5.0746e-06 2.1023e-02 3.1418e-02 1.6225e-02 9.0133e-04 ] 9.3043e-01
 3.003e+01 6.5628e-02 6.5628e-02 [ 4.5780e-06 2.0500e-02 3.0370e-02 1.3940e-02 8.1302e-04 ] 9.3437e-01
 3.015e+01 6.2489e-02 6.2489e-02 [ 4.1386e-06 2.0054e-02 2.9609e-02 1.2087e-02 7.3491e-04 ] 9.3751e-01
 3.026e+01 5.9996e-02 5.9996e-02 [ 3.7471e-06 1.9669e-02 2.9076e-02 1.0582e-02 6.6586e-04 ] 9.4000e-01
 3.037e+01 5.8021e-02 5.8021e-02 [ 3.3962e-06 1.9330e-02 2.8724e-02 9.3584e-03 6.0488e-04 ] 9.4198e-01
 3.049e+01 5.6461e-02 5.6461e-02 [ 3.0800e-06 1.9026e-02 2.8517e-02 8.3634e-03 5.5112e-04 ] 9.4354e-01
 3.060e+01 5.5232e-02 5.5232e-02 [ 2.7941e-06 1.8748e-02 2.8423e-02 7.5540e-03 5.0384e-04 ] 9.4477e-01
 3.071e+01 5.4268e-02 5.4268e-02 [ 2.5347e-06 1.8489e-02 2.8418e-02 6.8963e-03 4.6241e-04 ] 9.4573e-01
 3.083e+01 5.3516e-02 5.3516e-02 [ 2.2988e-06 1.8242e-02 2.8482e-02 6.3631e-03 4.2629e-04 ] 9.4648e-01
 3.094e+01 5.2933e-02 5.2933e-02 [ 2.0839e-06 1.8003e-02 2.8600e-02 5.9332e-03 3.9504e-04 ] 9.4707e-01
 3.105e+01 5.2487e-02 5.2487e-02 [ 1.8881e-06 1.7769e-02 2.8758e-02 5.5896e-03 3.6829e-04 ] 9.4751e-01
 3.117e+01 5.2149e-02 5.2149e-02 [ 1.7095e-06 1.7537e-02 2.8946e-02 5.3190e-03 3.4573e-04 ] 9.4785e-01
 3.128e+01 5.1901e-02 5.1901e-02 [ 1.5465e-06 1.7305e-02 2.9157e-02 5.1112e-03 3.2712e-04 ] 9.4810e-01
 3.139e+01 5.1726e-02 5.1726e-02 [ 1.3980e-06 1.7071e-02 2.9383e-02 4.9583e-03 3.1228e-04 ] 9.4827e-01
 3.151e+01 5.1613e-02 5.1613e-02 [ 1.2625e-06 1.6834e-02 2.9621e-02 4.8548e-03 3.0108e-04 ] 9.4839e-01
 3.162e+01 5.1553e-02 5.1553e-02 [ 1.1392e-06 1.6594e-02 2.9868e-02 4.7968e-03 2.9345e-04 ] 9.4845e-01
 3.173e+01 5.1544e-02 5.1544e-02 [ 1.0269e-06 1.6351e-02 3.0121e-02 4.7821e-03 2.8935e-04 ] 9.4846e-01
 3.185e+01 5.1584e-02 5.1584e-02 [ 9.2484e-07 1.6104e-02 3.0380e-02 4.8103e-03 2.8882e-04 ] 9.4842e-01
 3.196e+01 5.1675e-02 5.1675e-02 [ 8.3214e-07 1.5855e-02 3.0645e-02 4.8825e-03 2.9192e-04 ] 9.4833e-01
 3.207e+01 5.1825e-02 5.1825e-02 [ 7.4805e-07 1.5603e-02 3.0921e-02 5.0015e-03 2.9878e-04 ] 9.4818e-01
 3.219e+01 5.2042e-02 5.2042e-02 [ 6.7185e-07 1.5350e-02 3.1210e-02 5.1722e-03 3.0958e-04 ] 9.4796e-01
 3.230e+01 5.2341e-02 5.2341e-02 [ 6.0289e-07 1.5096e-02 3.1518e-02 5.4018e-03 3.2456e-04 ] 9.4766e-01
 3.241e+01 5.2743e-02 5.2743e-02 [ 5.4057e-07 1.4844e-02 3.1855e-02 5.7003e-03 3.4403e-04 ] 9.4726e-01
 3.253e+01 5.3275e-02 5.3275e-02 [ 4.8432e-07 1.4595e-02 3.2230e-02 6.0809e-03 3.6835e-04 ] 9.4673e-01
 3.264e+01 5.3971e-02 5.3971e-02 [ 4.3361e-07 1.4351e-02 3.2660e-02 6.5613e-03 3.9798e-04 ] 9.4603e-01
 3.275e+01 5.4875e-02 5.4875e-02 [ 3.8796e-07 1.4114e-02 3.3163e-02 7.1645e-03 4.3346e-04 ] 9.4513e-01
 3.287e+01 5.6046e-02 5.6046e-02 [ 3.4691e-07 1.3888e-02 3.3762e-02 7.9203e-03 4.7543e-04 ] 9.4395e-01
 3.298e+01 5.7557e-02 5.7557e-02 [ 3.1006e-07 1.3676e-02 3.4489e-02 8.8673e-03 5.2464e-04 ] 9.4244e-01
 3.309e+01 5.9500e-02 5.9500e-02 [ 2.7701e-07 1.3481e-02 3.5382e-02 1.0055e-02 5.8197e-04 ] 9.4050e-01
 3.321e+01 6.1994e-02 6.1994e-02 [ 2.4742e-07 1.3310e-02 3.6489e-02 1.1547e-02 6.4846e-04 ] 9.3801e-01
 3.332e+01 6.5187e-02 6.5187e-02 [ 2.2095e-07 1.3165e-02 3.7873e-02 1.3424e-02 7.2531e-04 ] 9.3481e-01
 3.343e+01 6.9267e-02 6.9267e-02 [ 1.9731e-07 1.3056e-02 3.9608e-02 1.5789e-02 8.1392e-04 ] 9.3073e-01
 3.355e+01 7.4465e-02 7.4465e-02 [ 1.7623e-07 1.2987e-02 4.1789e-02 1.8773e-02 9.1587e-04 ] 9.2553e-01
 3.366e+01 8.1069e-02 8.1069e-02 [ 1.5745e-07 1.2969e-02 4.4530e-02 2.2537e-02 1.0330e-03 ] 9.1893e-01
 3.377e+01 8.9431e-02 8.9431e-02 [ 1.4074e-07 1.3009e-02 4.7971e-02 2.7284e-02 1.1673e-03 ] 9.1057e-01
 3.389e+01 9.9970e-02 9.9970e-02 [ 1.2589e-07 1.3117e-02 5.2275e-02 3.3257e-02 1.3211e-03 ] 9.0003e-01
 3.400e+01 1.1318e-01 1.1318e-01 [ 1.1269e-07 1.3304e-02 5.7630e-02 4.0744e-02 1.4968e-03 ] 8.8682e-01
 3.411e+01 1.2960e-01 1.2960e-01 [ 1.0096e-07 1.3578e-02 6.4245e-02 5.0076e-02 1.6966e-03 ] 8.7040e-01
 3.423e+01 1.4981e-01 1.4981e-01 [ 9.0529e-08 1.3946e-02 7.2333e-02 6.1613e-02 1.9227e-03 ] 8.5018e-01
 3.434e+01 1.7440e-01 1.7440e-01 [ 8.1219e-08 1.4411e-02 8.2094e-02 7.5716e-02 2.1766e-03 ] 8.2560e-01
 3.445e+01 2.0380e-01 2.0380e-01 [ 7.2872e-08 1.4966e-02 9.3678e-02 9.2702e-02 2.4587e-03 ] 7.9619e-01
 3.457e+01 2.3828e-01 2.3828e-01 [ 6.5334e-08 1.5599e-02 1.0714e-01 1.1278e-01 2.7673e-03 ] 7.6171e-01
 3.468e+01 2.7771e-01 2.7771e-01 [ 5.8460e-08 1.6281e-02 1.2238e-01 1.3595e-01 3.0983e-03 ] 7.2229e-01
 3.479e+01 3.2145e-01 3.2145e-01 [ 5.2126e-08 1.6970e-02 1.3909e-01 1.6194e-01 3.4446e-03 ] 6.7855e-01
 3.491e+01 3.6828e-01 3.6828e-01 [ 4.6229e-08 1.7614e-02 1.5674e-01 1.9013e-01 3.7957e-03 ] 6.3172e-01
 3.502e+01 4.1640e-01 4.1640e-01 [ 4.0703e-08 1.8154e-02 1.7459e-01 2.1952e-01 4.1389e-03 ] 5.8360e-01
 3.513e+01 4.6362e-01 4.6362e-01 [ 3.5516e-08 1.8532e-02 1.9175e-01 2.4888e-01 4.4607e-03 ] 5.3638e-01
 3.525e+01 5.0770e-01 5.0770e-01 [ 3.0674e-08 1.8708e-02 2.0737e-01 2.7687e-01 4.7490e-03 ] 4.9230e-01
 3.536e+01 5.4667e-01 5.4667e-01 [ 2.6208e-08 1.8660e-02 2.2071e-01 3.0231e-01 4.9956e-03 ] 4.5334e-01
 3.547e+01 5.7916e-01 5.7916e-01 [ 2.2153e-08 1.8392e-02 2.3130e-01 3.2427e-01 5.1969e-03 ] 4.2085e-01
 3.559e+01 6.0443e-01 6.0443e-01 [ 1.8540e-08 1.7928e-02 2.3893e-01 3.4222e-01 5.3538e-03 ] 3.9558e-01
 3.570e+01 6.2229e-01 6.2229e-01 [ 1.5380e-08 1.7302e-02 2.4360e-01 3.5592e-01 5.4702e-03 ] 3.7771e-01
 3.581e+01 6.3284e-01 6.3284e-01 [ 1.2659e-08 1.6547e-02 2.4543e-01 3.6531e-01 5.5504e-03 ] 3.6717e-01
 3.593e+01 6.3615e-01 6.3615e-01 [ 1.0347e-08 1.5693e-02 2.4452e-01 3.7034e-01 5.5976e-03 ] 3.6385e-01
 3.604e+01 6.3217e-01 6.3217e-01 [ 8.4014e-09 1.4757e-02 2.4089e-01 3.7091e-01 5.6120e-03 ] 3.6783e-01
 3.615e+01 6.2057e-01 6.2057e-01 [ 6.7747e-09 1.3749e-02 2.3450e-01 3.6673e-01 5.5904e-03 ] 3.7942e-01
 3.627e+01 6.0091e-01 6.0091e-01 [ 5.4194e-09 1.2672e-02 2.2522e-01 3.5750e-01 5.5267e-03 ] 3.9908e-01
 3.638e+01 5.7283e-01 5.7283e-01 [ 4.2935e-09 1.1527e-02 2.1297e-01 3.4292e-01 5.4133e-03 ] 4.2717e-01
 3.649e+01 5.3640e-01 5.3640e-01 [ 3.3617e-09 1.0325e-02 1.9784e-01 3.2299e-01 5.2436e-03 ] 4.6360e-01
 3.661e+01 4.9246e-01 4.9246e-01 [ 2.5958e-09 9.0861e-03 1.8018e-01 2.9818e-01 5.0149e-03 ] 5.0754e-01
 3.672e+01 4.4274e-01 4.4274e-01 [ 1.9734e-09 7.8430e-03 1.6067e-01 2.6950e-01 4.7310e-03 ] 5.5726e-01
 3.683e+01 3.8971e-01 3.8971e-01 [ 1.4758e-09 6.6365e-03 1.4023e-01 2.3844e-01 4.4021e-03 ] 6.1029e-01
 3.695e+01 3.3616e-01 3.3616e-01 [ 1.0857e-09 5.5076e-03 1.1989e-01 2.0671e-01 4.0437e-03 ] 6.6385e-01
 3.706e+01 2.8468e-01 2.8468e-01 [ 7.8641e-10 4.4892e-03 1.0058e-01 1.7594e-01 3.6729e-03 ] 7.1533e-01
 3.717e+01 2.3730e-01 2.3730e-01 [ 5.6175e-10 3.6014e-03 8.2989e-02 1.4740e-01 3.3058e-03 ] 7.6271e-01
 3.729e+01 1.9525e-01 1.9525e-01 [ 3.9650e-10 2.8506e-03 6.7530e-02 1.2192e-01 2.9549e-03 ] 8.0475e-01
 3.740e+01 1.5906e-01 1.5906e-01 [ 2.7712e-10 2.2321e-03 5.4342e-02 9.9859e-02 2.6287e-03 ] 8.4095e-01
 3.751e+01 1.2865e-01 1.2865e-01 [ 1.9218e-10 1.7331e-03 4.3357e-02 8.1228e-02 2.3316e-03 ] 8.7136e-01
 3.763e+01 1.0357e-01 1.0357e-01 [ 1.3248e-10 1.3373e-03 3.4379e-02 6.5791e-02 2.0650e-03 ] 8.9643e-01
 3.774e+01 8.3184e-02 8.3184e-02 [ 9.0925e-11 1.0274e-03 2.7145e-02 5.3184e-02 1.8283e-03 ] 9.1682e-01
 3.785e+01 6.6777e-02 6.6777e-02 [ 6.2218e-11 7.8709e-04 2.1378e-02 4.2993e-02 1.6195e-03 ] 9.3323e-01
 3.797e+01 5.3668e-02 5.3668e-02 [ 4.2494e-11 6.0211e-04 1.6816e-02 3.4814e-02 1.4360e-03 ] 9.4633e-01
 3.808e+01 4.3241e-02 4.3241e-02 [ 2.8992e-11 4.6038e-04 1.3227e-02 2.8279e-02 1.2751e-03 ] 9.5676e-01
 3.819e+01 3.4968e-02 3.4968e-02 [ 1.9774e-11 3.5212e-04 1.0411e-02 2.3070e-02 1.1340e-03 ] 9.6503e-01
 3.831e+01 2.8407e-02 2.8407e-02 [ 1.3489e-11 2.6958e-04 8.2074e-03 1.8920e-02 1.0103e-03 ] 9.7159e-01
 3.842e+01 2.3202e-02 2.3202e-02 [ 9.2078e-12 2.0669e-04 6.4830e-03 1.5611e-02 9.0175e-04 ] 9.7680e-01
 3.853e+01 1.9065e-02 1.9065e-02 [ 6.2911e-12 1.5875e-04 5.1335e-03 1.2966e-02 8.0635e-04 ] 9.8093e-01
 3.865e+01 1.5768e-02 1.5768e-02 [ 4.3034e-12 1.2219e-04 4.0762e-03 1.0848e-02 7.2238e-04 ] 9.8423e-01
 3.876e+01 1.3133e-02 1.3133e-02 [ 2.9477e-12 9.4267e-05 3.2467e-03 9.1435e-03 6.4835e-04 ] 9.8687e-01
 3.887e+01 1.1017e-02 1.1017e-02 [ 2.0220e-12 7.2904e-05 2.5946e-03 7.7668e-03 5.8297e-04 ] 9.8898e-01
 3.899e+01 9.3117e-03 9.3117e-03 [ 1.3892e-12 5.6529e-05 2.0808e-03 6.6493e-03 5.2513e-04 ] 9.9069e-01
 3.910e+01 7.9299e-03 7.9299e-03 [ 9.5604e-13 4.3950e-05 1.6749e-03 5.7372e-03 4.7386e-04 ] 9.9207e-01
 3.921e+01 6.8046e-03 6.8046e-03 [ 6.5903e-13 3.4264e-05 1.3534e-03 4.9886e-03 4.2835e-04 ] 9.9319e-01
 3.933e+01 5.8832e-03 5.8832e-03 [ 4.5507e-13 2.6789e-05 1.0981e-03 4.3705e-03 3.8787e-04 ] 9.9412e-01
 3.944e+01 5.1244e-03 5.1244e-03 [ 3.1478e-13 2.1004e-05 8.9472e-04 3.8569e-03 3.5180e-04 ] 9.9487e-01
 3.955e+01 4.4957e-03 4.4957e-03 [ 2.1811e-13 1.6517e-05 7.3224e-04 3.4274e-03 3.1962e-04 ] 9.9550e-01
 3.967e+01 3.9718e-03 3.9718e-03 [ 1.5140e-13 1.3027e-05 6.0203e-04 3.0659e-03 2.9084e-04 ] 9.9603e-01
 3.978e+01 3.5323e-03 3.5323e-03 [ 1.0528e-13 1.0306e-05 4.9736e-04 2.7596e-03 2.6508e-04 ] 9.9647e-01
 3.989e+01 3.1614e-03 3.1614e-03 [ 7.3335e-14 8.1783e-06 4.1297e-04 2.4983e-03 2.4198e-04 ] 9.9684e-01
 4.001e+01 2.8464e-03 2.8464e-03 [ 5.1176e-14 6.5104e-06 3.4471e-04 2.2740e-03 2.2122e-04 ] 9.9715e-01
 4.012e+01 2.5772e-03 2.5772e-03 [ 3.5777e-14 5.1996e-06 2.8933e-04 2.0801e-03 2.0255e-04 ] 9.9742e-01
 4.023e+01 2.3456e-03 2.3456e-03 [ 2.5057e-14 4.1666e-06 2.4424e-04 1.9115e-03 1.8572e-04 ] 9.9765e-01
 4.035e+01 2.1452e-03 2.1452e-03 [ 1.7582e-14 3.3503e-06 2.0743e-04 1.7639e-03 1.7053e-04 ] 9.9785e-01
 4.046e+01 1.9706e-03 1.9706e-03 [ 1.2360e-14 2.7036e-06 1.7726e-04 1.6339e-03 1.5681e-04 ] 9.9803e-01
 4.057e+01 1.8177e-03 1.8177e-03 [ 8.7063e-15 2.1898e-06 1.5246e-04 1.5187e-03 1.4438e-04 ] 9.9818e-01
 4.069e+01 1.6830e-03 1.6830e-03 [ 6.1448e-15 1.7805e-06 1.3199e-04 1.4161e-03 1.3311e-04 ] 9.9832e-01
 4.080e+01 1.5636e-03 1.5636e-03 [ 4.3458e-15 1.4534e-06 1.1505e-04 1.3242e-03 1.2289e-04 ] 9.9844e-01
 4.091e+01 1.4572e-03 1.4572e-03 [ 3.0801e-15 1.1914e-06 1.0097e-04 1.2415e-03 1.1359e-04 ] 9.9854e-01
 4.103e+01 1.3620e-03 1.3620e-03 [ 2.1879e-15 9.8083e-07 8.9215e-05 1.1666e-03 1.0512e-04 ] 9.9864e-01
 4.114e+01 1.2762e-03 1.2762e-03 [ 1.5577e-15 8.1107e-07 7.9369e-05 1.0986e-03 9.7407e-05 ] 9.9872e-01
 4.125e+01 1.1986e-03 1.1986e-03 [ 1.1117e-15 6.7379e-07 7.1083e-05 1.0365e-03 9.0361e-05 ] 9.9880e-01
 4.137e+01 1.1282e-03 1.1282e-03 [ 7.9542e-16 5.6240e-07 6.4077e-05 9.7960e-04 8.3920e-05 ] 9.9887e-01
 4.148e+01 1.0639e-03 1.0639e-03 [ 5.7062e-16 4.7171e-07 5.8126e-05 9.2724e-04 7.8024e-05 ] 9.9894e-01
 4.159e+01 1.0050e-03 1.0050e-03 [ 4.1047e-16 3.9760e-07 5.3043e-05 8.7889e-04 7.2620e-05 ] 9.9899e-01
 4.171e+01 9.5079e-04 9.5079e-04 [ 2.9612e-16 3.3680e-07 4.8679e-05 8.3411e-04 6.7661e-05 ] 9.9905e-01
 4.182e+01 9.0080e-04 9.0080e-04 [ 2.1426e-16 2.8673e-07 4.4909e-05 7.9250e-04 6.3103e-05 ] 9.9910e-01
 4.193e+01 8.5451e-04 8.5451e-04 [ 1.5551e-16 2.4533e-07 4.1634e-05 7.5372e-04 5.8911e-05 ] 9.9914e-01
 4.205e+01 8.1152e-04 8.1152e-04 [ 1.1322e-16 2.1093e-07 3.8770e-05 7.1749e-04 5.5049e-05 ] 9.9919e-01
 4.216e+01 7.7147e-04 7.7147e-04 [ 8.2705e-17 1.8224e-07 3.6250e-05 6.8355e-04 5.1487e-05 ] 9.9923e-01
 4.227e+01 7.3405e-04 7.3405e-04 [ 6.0614e-17 1.5819e-07 3.4016e-05 6.5168e-04 4.8198e-05 ] 9.9927e-01
 4.239e+01 6.9902e-04 6.9902e-04 [ 4.4574e-17 1.3793e-07 3.2023e-05 6.2170e-04 4.5158e-05 ] 9.9930e-01
 4.250e+01 6.6613e-04 6.6613e-04 [ 3.2890e-17 1.2078e-07 3.0233e-05 5.9343e-04 4.2345e-05 ] 9.9933e-01
 4.261e+01 6.3519e-04 6.3519e-04 [ 2.4351e-17 1.0619e-07 2.8613e-05 5.6673e-04 3.9738e-05 ] 9.9936e-01
 4.273e+01 6.0602e-04 6.0602e-04 [ 1.8090e-17 9.3716e-08 2.7138e-05 5.4147e-04 3.7321e-05 ] 9.9939e-01
 4.284e+01 5.7847e-04 5.7847e-04 [ 1.3483e-17 8.2998e-08 2.5786e-05 5.1753e-04 3.5076e-05 ] 9.9942e-01
 4.295e+01 5.5241e-04 5.5241e-04 [ 1.0082e-17 7.3742e-08 2.4539e-05 4.9481e-04 3.2990e-05 ] 9.9945e-01
 4.307e+01 5.2772e-04 5.2772e-04 [ 7.5628e-18 6.5709e-08 2.3382e-05 4.7322e-04 3.1049e-05 ] 9.9947e-01
 4.318e+01 5.0428e-04 5.0428e-04 [ 5.6900e-18 5.8705e-08 2.2303e-05 4.5268e-04 2.9241e-05 ] 9.9950e-01
 4.329e+01 4.8201e-04 4.8201e-04 [ 4.2932e-18 5.2570e-08 2.1290e-05 4.3311e-04 2.7555e-05 ] 9.9952e-01
 4.341e+01 4.6082e-04 4.6082e-04 [ 3.2480e-18 4.7173e-08 2.0337e-05 4.1445e-04 2.5983e-05 ] 9.9954e-01
 4.352e+01 4.4064e-04 4.4064e-04 [ 2.4634e-18 4.2405e-08 1.9435e-05 3.9665e-04 2.4514e-05 ] 9.9956e-01
 4.363e+01 4.2139e-04 4.2139e-04 [ 1.8727e-18 3.8178e-08 1.8578e-05 3.7964e-04 2.3140e-05 ] 9.9958e-01
 4.375e+01 4.0302e-04 4.0302e-04 [ 1.4266e-18 3.4417e-08 1.7762e-05 3.6337e-04 2.1855e-05 ] 9.9960e-01
 4.386e+01 3.8548e-04 3.8548e-04 [ 1.0888e-18 3.1059e-08 1.6983e-05 3.4781e-04 2.0652e-05 ] 9.9961e-01
 4.397e+01 3.6870e-04 3.6870e-04 [ 8.3246e-19 2.8053e-08 1.6237e-05 3.3291e-04 1.9524e-05 ] 9.9963e-01
 4.409e+01 3.5266e-04 3.5266e-04 [ 6.3739e-19 2.5356e-08 1.5522e-05 3.1865e-04 1.8466e-05 ] 9.9965e-01
 4.420e+01 3.3730e-04 3.3730e-04 [ 4.8865e-19 2.2929e-08 1.4834e-05 3.0497e-04 1.7472e-05 ] 9.9966e-01
 4.431e+01 3.2259e-04 3.2259e-04 [ 3.7503e-19 2.0742e-08 1.4173e-05 2.9186e-04 1.6539e-05 ] 9.9968e-01
 4.443e+01 3.0850e-04 3.0850e-04 [ 2.8809e-19 1.8767e-08 1.3535e-05 2.7928e-04 1.5661e-05 ] 9.9969e-01
 4.454e+01 2.9499e-04 2.9499e-04 [ 2.2146e-19 1.6982e-08 1.2922e-05 2.6722e-04 1.4835e-05 ] 9.9970e-01
 4.465e+01 2.8204e-04 2.8204e-04 [ 1.7033e-19 1.5365e-08 1.2330e-05 2.5563e-04 1.4057e-05 ] 9.9972e-01
 4.477e+01 2.6961e-04 2.6961e-04 [ 1.3106e-19 1.3901e-08 1.1759e-05 2.4452e-04 1.3324e-05 ] 9.9973e-01
 4.488e+01 2.5769e-04 2.5769e-04 [ 1.0086e-19 1.2573e-08 1.1208e-05 2.3384e-04 1.2633e-05 ] 9.9974e-01
 4.499e+01 2.4626e-04 2.4626e-04 [ 7.7633e-20 1.1369e-08 1.0676e-05 2.2359e-04 1.1981e-05 ] 9.9975e-01
 4.511e+01 2.3528e-04 2.3528e-04 [ 5.9751e-20 1.0276e-08 1.0164e-05 2.1374e-04 1.1366e-05 ] 9.9976e-01
 4.522e+01 2.2475e-04 2.2475e-04 [ 4.5982e-20 9.2834e-09 9.6700e-06 2.0429e-04 1.0784e-05 ] 9.9978e-01
 4.533e+01 2.1464e-04 2.1464e-04 [ 3.5376e-20 8.3826e-09 9.1938e-06 1.9520e-04 1.0235e-05 ] 9.9979e-01
 4.545e+01 2.0494e-04 2.0494e-04 [ 2.7207e-20 7.5650e-09 8.7352e-06 1.8648e-04 9.7150e-06 ] 9.9979e-01
 4.556e+01 1.9562e-04 1.9562e-04 [ 2.0915e-20 6.8230e-09 8.2936e-06 1.7810e-04 9.2233e-06 ] 9.9980e-01
 4.567e+01 1.8669e-04 1.8669e-04 [ 1.6070e-20 6.1498e-09 7.8688e-06 1.7005e-04 8.7579e-06 ] 9.9981e-01
 4.579e+01 1.7811e-04 1.7811e-04 [ 1.2340e-20 5.5392e-09 7.4603e-06 1.6233e-04 8.3171e-06 ] 9.9982e-01
 4.590e+01 1.6988e-04 1.6988e-04 [ 9.4695e-21 4.9856e-09 7.0679e-06 1.5491e-04 7.8995e-06 ] 9.9983e-01
 4.601e+01 1.6198e-04 1.6198e-04 [ 7.2615e-21 4.4841e-09 6.6911e-06 1.4778e-04 7.5037e-06 ] 9.9984e-01
 4.613e+01 1.5441e-04 1.5441e-04 [ 5.5641e-21 4.0300e-09 6.3297e-06 1.4095e-04 7.1284e-06 ] 9.9985e-01
 4.624e+01 1.4715e-04 1.4715e-04 [ 4.2599e-21 3.6190e-09 5.9834e-06 1.3439e-04 6.7723e-06 ] 9.9985e-01
 4.635e+01 1.4018e-04 1.4018e-04 [ 3.2587e-21 3.2473e-09 5.6517e-06 1.2809e-04 6.4345e-06 ] 9.9986e-01
 4.647e+01 1.3351e-04 1.3351e-04 [ 2.4905e-21 2.9114e-09 5.3344e-06 1.2205e-04 6.1138e-06 ] 9.9987e-01
 4.658e+01 1.2711e-04 1.2711e-04 [ 1.9017e-21 2.6081e-09 5.0311e-06 1.1626e-04 5.8094e-06 ] 9.9987e-01
 4.669e+01 1.2098e-04 1.2098e-04 [ 1.4507e-21 2.3345e-09 4.7414e-06 1.1071e-04 5.5202e-06 ] 9.9988e-01
 4.681e+01 1.1511e-04 1.1511e-04 [ 1.1056e-21 2.0878e-09 4.4650e-06 1.0539e-04 5.2455e-06 ] 9.9988e-01
 4.692e+01 1.0948e-04 1.0948e-04 [ 8.4169e-22 1.8655e-09 4.2015e-06 1.0030e-04 4.9844e-06 ] 9.9989e-01
 4.703e+01 1.0410e-04 1.0410e-04 [ 6.4015e-22 1.6655e-09 3.9506e-06 9.5414e-05 4.7363e-06 ] 9.9990e-01
 4.715e+01 9.8952e-05 9.8952e-05 [ 4.8636e-22 1.4857e-09 3.7119e-06 9.0738e-05 4.5004e-06 ] 9.9990e-01
 4.726e+01 9.4025e-05 9.4025e-05 [ 3.6913e-22 1.3241e-09 3.4849e-06 8.6263e-05 4.2761e-06 ] 9.9991e-01
 4.737e+01 8.9314e-05 8.9314e-05 [ 2.7985e-22 1.1791e-09 3.2694e-06 8.1981e-05 4.0628e-06 ] 9.9991e-01
 4.749e+01 8.4810e-05 8.4810e-05 [ 2.1194e-22 1.0490e-09 3.0650e-06 7.7884e-05 3.8600e-06 ] 9.9992e-01
 4.760e+01 8.0506e-05 8.0506e-05 [ 1.6034e-22 9.3251e-10 2.8711e-06 7.3967e-05 3.6670e-06 ] 9.9992e-01
 4.771e+01 7.6395e-05 7.6395e-05 [ 1.2116e-22 8.2820e-10 2.6876e-06 7.0223e-05 3.4834e-06 ] 9.9992e-01
 4.783e+01 7.2469e-05 7.2469e-05 [ 9.1460e-23 7.3492e-10 2.5139e-06 6.6645e-05 3.3088e-06 ] 9.9993e-01
 4.794e+01 6.8721e-05 6.8721e-05 [ 6.8963e-23 6.5158e-10 2.3497e-06 6.3228e-05 3.1426e-06 ] 9.9993e-01
 4.805e+01 6.5145e-05 6.5145e-05 [ 5.1942e-23 5.7719e-10 2.1947e-06 5.9965e-05 2.9845e-06 ] 9.9993e-01
 4.817e+01 6.1734e-05 6.1734e-05 [ 3.9078e-23 5.1085e-10 2.0484e-06 5.6851e-05 2.8340e-06 ] 9.9994e-01
 4.828e+01 5.8482e-05 5.8482e-05 [ 2.9368e-23 4.5175e-10 1.9104e-06 5.3880e-05 2.6908e-06 ] 9.9994e-01
 4.839e+01 5.5382e-05 5.5382e-05 [ 2.2046e-23 3.9914e-10 1.7805e-06 5.1047e-05 2.5545e-06 ] 9.9994e-01
 4.851e+01 5.2429e-05 5.2429e-05 [ 1.6531e-23 3.5235e-10 1.6583e-06 4.8346e-05 2.4248e-06 ] 9.9995e-01
 4.862e+01 4.9616e-05 4.9616e-05 [ 1.2382e-23 3.1078e-10 1.5434e-06 4.5771e-05 2.3013e-06 ] 9.9995e-01
 4.873e+01 4.6939e-05 4.6939e-05 [ 9.2635e-24 2.7388e-10 1.4354e-06 4.3319e-05 2.1839e-06 ] 9.9995e-01
 4.885e+01 4.4391e-05 4.4391e-05 [ 6.9230e-24 2.4116e-10 1.3341e-06 4.0985e-05 2.0721e-06 ] 9.9996e-01
 4.896e+01 4.1967e-05 4.1967e-05 [ 5.1681e-24 2.1217e-10 1.2390e-06 3.8762e-05 1.9657e-06 ] 9.9996e-01
 4.907e+01 3.9663e-05 3.9663e-05 [ 3.8538e-24 1.8651e-10 1.1500e-06 3.6648e-05 1.8645e-06 ] 9.9996e-01
 4.919e+01 3.7472e-05 3.7472e-05 [ 2.8705e-24 1.6382e-10 1.0666e-06 3.4637e-05 1.7682e-06 ] 9.9996e-01
 4.930e+01 3.5391e-05 3.5391e-05 [ 2.1358e-24 1.4376e-10 9.8866e-07 3.2725e-05 1.6766e-06 ] 9.9996e-01
 4.941e+01 3.3414e-05 3.3414e-05 [ 1.5873e-24 1.2606e-10 9.1578e-07 3.0909e-05 1.5895e-06 ] 9.9997e-01
 4.953e+01 3.1538e-05 3.1538e-05 [ 1.1785e-24 1.1045e-10 8.4771e-07 2.9183e-05 1.5066e-06 ] 9.9997e-01
 4.964e+01 2.9756e-05 2.9756e-05 [ 8.7394e-25 9.6690e-11 7.8420e-07 2.7544e-05 1.4278e-06 ] 9.9997e-01
 4.975e+01 2.8067e-05 2.8067e-05 [ 6.4740e-25 8.4577e-11 7.2497e-07 2.5989e-05 1.3528e-06 ] 9.9997e-01
 4.987e+01 2.6465e-05 2.6465e-05 [ 4.7907e-25 7.3923e-11 6.6979e-07 2.4513e-05 1.2815e-06 ] 9.9997e-01
 4.998e+01 2.4946e-05 2.4946e-05 [ 3.5412e-25 6.4558e-11 6.1842e-07 2.3114e-05 1.2137e-06 ] 9.9998e-01
 5.009e+01 2.3507e-05 2.3507e-05 [ 2.6148e-25 5.6335e-11 5.7064e-07 2.1787e-05 1.1493e-06 ] 9.9998e-01
 5.021e+01 2.2143e-05 2.2143e-05 [ 1.9287e-25 4.9121e-11 5.2622e-07 2.0529e-05 1.0881e-06 ] 9.9998e-01
 5.032e+01 2.0853e-05 2.0853e-05 [ 1.4211e-25 4.2797e-11 4.8496e-07 1.9338e-05 1.0299e-06 ] 9.9998e-01
 5.043e+01 1.9631e-05 1.9631e-05 [ 1.0459e-25 3.7258e-11 4.4666e-07 1.8210e-05 9.7463e-07 ] 9.9998e-01
 5.055e+01 1.8475e-05 1.8475e-05 [ 7.6903e-26 3.2411e-11 4.1114e-07 1.7142e-05 9.2212e-07 ] 9.9998e-01
 5.066e+01 1.7382e-05 1.7382e-05 [ 5.6483e-26 2.8173e-11 3.7822e-07 1.6131e-05 8.7224e-07 ] 9.9998e-01
 5.077e+01 1.6348e-05 1.6348e-05 [ 4.1442e-26 2.4470e-11 3.4773e-07 1.5175e-05 8.2487e-07 ] 9.9998e-01
 5.089e+01 1.5371e-05 1.5371e-05 [ 3.0375e-26 2.1238e-11 3.1951e-07 1.4272e-05 7.7990e-07 ] 9.9998e-01
 5.100e+01 1.4448e-05 1.4448e-05 [ 2.2240e-26 1.8419e-11 2.9342e-07 1.3417e-05 7.3722e-07 ] 9.9999e-01
 5.111e+01 1.3576e-05 1.3576e-05 [ 1.6267e-26 1.5962e-11 2.6930e-07 1.2610e-05 6.9670e-07 ] 9.9999e-01
 5.123e+01 1.2753e-05 1.2753e-05 [ 1.1885e-26 1.3823e-11 2.4702e-07 1.1848e-05 6.5826e-07 ] 9.9999e-01
 5.134e+01 1.1976e-05 1.1976e-05 [ 8.6754e-27 1.1961e-11 2.2646e-07 1.1128e-05 6.2179e-07 ] 9.9999e-01
 5.145e+01 1.1244e-05 1.1244e-05 [ 6.3259e-27 1.0343e-11 2.0749e-07 1.0449e-05 5.8721e-07 ] 9.9999e-01
 5.157e+01 1.0552e-05 1.0552e-05 [ 4.6080e-27 8.9370e-12 1.9001e-07 9.8080e-06 5.5441e-07 ] 9.9999e-01
 5.168e+01 9.9008e-06 9.9008e-06 [ 3.3532e-27 7.7166e-12 1.7390e-07 9.2035e-06 5.2332e-07 ] 9.9999e-01
 5.179e+01 9.2866e-06 9.2866e-06 [ 2.4377e-27 6.6581e-12 1.5908e-07 8.6337e-06 4.9385e-07 ] 9.9999e-01
 5.191e+01 8.7081e-06 8.7081e-06 [ 1.7704e-27 5.7407e-12 1.4544e-07 8.0967e-06 4.6592e-07 ] 9.9999e-01
 5.202e+01 8.1631e-06 8.1631e-06 [ 1.2844e-27 4.9462e-12 1.3290e-07 7.5907e-06 4.3946e-07 ] 9.9999e-01
 5.213e+01 7.6500e-06 7.6500e-06 [ 9.3095e-28 4.2587e-12 1.2138e-07 7.1142e-06 4.1441e-07 ] 9.9999e-01
 5.225e+01 7.1671e-06 7.1671e-06 [ 6.7409e-28 3.6642e-12 1.1080e-07 6.6656e-06 3.9068e-07 ] 9.9999e-01
 5.236e+01 6.7128e-06 6.7128e-06 [ 4.8762e-28 3.1505e-12 1.0109e-07 6.2435e-06 3.6822e-07 ] 9.9999e-01
 5.247e+01 6.2854e-06 6.2854e-06 [ 3.5239e-28 2.7069e-12 9.2183e-08 5.8463e-06 3.4696e-07 ] 9.9999e-01
 5.259e+01 5.8835e-06 5.8835e-06 [ 2.5441e-28 2.3242e-12 8.4019e-08 5.4727e-06 3.2684e-07 ] 9.9999e-01
 5.270e+01 5.5058e-06 5.5058e-06 [ 1.8350e-28 1.9943e-12 7.6540e-08 5.1215e-06 3.0781e-07 ] 9.9999e-01
 5.281e+01 5.1509e-06 5.1509e-06 [ 1.3223e-28 1.7101e-12 6.9692e-08 4.7914e-06 2.8982e-07 ] 9.9999e-01
 5.293e+01 4.8175e-06 4.8175e-06 [ 9.5188e-29 1.4653e-12 6.3426e-08 4.4812e-06 2.7280e-07 ] 1.0000e+00
 5.304e+01 4.5044e-06 4.5044e-06 [ 6.8460e-29 1.2548e-12 5.7695e-08 4.1900e-06 2.5672e-07 ] 1.0000e+00
 5.315e+01 4.2104e-06 4.2104e-06 [ 4.9190e-29 1.0738e-12 5.2457e-08 3.9165e-06 2.4152e-07 ] 1.0000e+00
 5.327e+01 3.9346e-06 3.9346e-06 [ 3.5310e-29 9.1835e-13 4.7672e-08 3.6598e-06 2.2717e-07 ] 1.0000e+00
 5.338e+01 3.6758e-06 3.6758e-06 [ 2.5323e-29 7.8487e-13 4.3303e-08 3.4189e-06 2.1361e-07 ] 1.0000e+00
 5.349e+01 3.4331e-06 3.4331e-06 [ 1.8144e-29 6.7035e-13 3.9316e-08 3.1930e-06 2.0080e-07 ] 1.0000e+00
 5.361e+01 3.2055e-06 3.2055e-06 [ 1.2988e-29 5.7218e-13 3.5679e-08 2.9811e-06 1.8872e-07 ] 1.0000e+00
 5.372e+01 2.9922e-06 2.9922e-06 [ 9.2888e-30 4.8808e-13 3.2364e-08 2.7825e-06 1.7731e-07 ] 1.0000e+00
 5.383e+01 2.7923e-06 2.7923e-06 [ 6.6369e-30 4.1607e-13 2.9344e-08 2.5964e-06 1.6655e-07 ] 1.0000e+00
 5.395e+01 2.6050e-06 2.6050e-06 [ 4.7378e-30 3.5447e-13 2.6593e-08 2.4221e-06 1.5640e-07 ] 1.0000e+00
 5.406e+01 2.4297e-06 2.4297e-06 [ 3.3790e-30 3.0180e-13 2.4090e-08 2.2588e-06 1.4683e-07 ] 1.0000e+00
 5.417e+01 2.2655e-06 2.2655e-06 [ 2.4078e-30 2.5679e-13 2.1812e-08 2.1059e-06 1.3781e-07 ] 1.0000e+00
 5.429e+01 2.1119e-06 2.1119e-06 [ 1.7141e-30 2.1836e-13 1.9741e-08 1.9629e-06 1.2931e-07 ] 1.0000e+00
 5.440e+01 1.9681e-06 1.9681e-06 [ 1.2192e-30 1.8557e-13 1.7859e-08 1.8290e-06 1.2130e-07 ] 1.0000e+00
 5.451e+01 1.8337e-06 1.8337e-06 [ 8.6641e-31 1.5761e-13 1.6150e-08 1.7038e-06 1.1375e-07 ] 1.0000e+00
 5.463e+01 1.7080e-06 1.7080e-06 [ 6.1515e-31 1.3378e-13 1.4598e-08 1.5867e-06 1.0665e-07 ] 1.0000e+00
 5.474e+01 1.5904e-06 1.5904e-06 [ 4.3637e-31 1.1349e-13 1.3189e-08 1.4773e-06 9.9959e-08 ] 1.0000e+00
 5.485e+01 1.4806e-06 1.4806e-06 [ 3.0928e-31 9.6214e-14 1.1911e-08 1.3750e-06 9.3665e-08 ] 1.0000e+00
 5.497e+01 1.3780e-06 1.3780e-06 [ 2.1901e-31 8.1521e-14 1.0753e-08 1.2795e-06 8.7744e-08 ] 1.0000e+00
 5.508e+01 1.2821e-06 1.2821e-06 [ 1.5495e-31 6.9032e-14 9.7029e-09 1.1903e-06 8.2175e-08 ] 1.0000e+00
 5.519e+01 1.1926e-06 1.1926e-06 [ 1.0953e-31 5.8422e-14 8.7520e-09 1.1069e-06 7.6939e-08 ] 1.0000e+00
 5.531e+01 1.1091e-06 1.1091e-06 [ 7.7359e-32 4.9414e-14 7.8910e-09 1.0292e-06 7.2016e-08 ] 1.0000e+00
 5.542e+01 1.0311e-06 1.0311e-06 [ 5.4590e-32 4.1771e-14 7.1118e-09 9.5664e-07 6.7391e-08 ] 1.0000e+00
 5.553e+01 9.5841e-07 9.5841e-07 [ 3.8489e-32 3.5290e-14 6.4070e-09 8.8896e-07 6.3045e-08 ] 1.0000e+00
 5.565e+01 8.9058e-07 8.9058e-07 [ 2.7114e-32 2.9797e-14 5.7697e-09 8.2585e-07 5.8963e-08 ] 1.0000e+00
 5.576e+01 8.2733e-07 8.2733e-07 [ 1.9084e-32 2.5145e-14 5.1938e-09 7.6701e-07 5.5131e-08 ] 1.0000e+00
 5.587e+01 7.6838e-07 7.6838e-07 [ 1.3421e-32 2.1208e-14 4.6735e-09 7.1217e-07 5.1534e-08 ] 1.0000e+00
 5.599e+01 7.1344e-07 7.1344e-07 [ 9.4306e-33 1.7877e-14 4.2036e-09 6.6108e-07 4.8158e-08 ] 1.0000e+00
 5.610e+01 6.6226e-07 6.6226e-07 [ 6.6210e-33 1.5061e-14 3.7795e-09 6.1349e-07 4.4991e-08 ] 1.0000e+00
 5.621e+01 6.1459e-07 6.1459e-07 [ 4.6445e-33 1.2681e-14 3.3969e-09 5.6917e-07 4.2021e-08 ] 1.0000e+00
 5.633e+01 5.7020e-07 5.7020e-07 [ 3.2554e-33 1.0672e-14 3.0519e-09 5.2791e-07 3.9237e-08 ] 1.0000e+00
 5.644e+01 5.2889e-07 5.2889e-07 [ 2.2798e-33 8.9756e-15 2.7408e-09 4.8952e-07 3.6627e-08 ] 1.0000e+00
 5.655e+01 4.9044e-07 4.9044e-07 [ 1.5953e-33 7.5451e-15 2.4605e-09 4.5380e-07 3.4181e-08 ] 1.0000e+00
 5.667e+01 4.5467e-07 4.5467e-07 [ 1.1154e-33 6.3392e-15 2.2081e-09 4.2057e-07 3.1890e-08 ] 1.0000e+00
 5.678e+01 4.2140e-07 4.2140e-07 [ 7.7918e-34 5.3231e-15 1.9808e-09 3.8967e-07 2.9744e-08 ] 1.0000e+00
 5.689e+01 3.9047e-07 3.9047e-07 [ 5.4389e-34 4.4675e-15 1.7762e-09 3.6095e-07 2.7735e-08 ] 1.0000e+00
 5.701e+01 3.6171e-07 3.6171e-07 [ 3.7934e-34 3.7475e-15 1.5922e-09 3.3426e-07 2.5855e-08 ] 1.0000e+00
 5.712e+01 3.3499e-07 3.3499e-07 [ 2.6436e-34 3.1418e-15 1.4267e-09 3.0946e-07 2.4096e-08 ] 1.0000e+00
 5.723e+01 3.1016e-07 3.1016e-07 [ 1.8408e-34 2.6327e-15 1.2779e-09 2.8643e-07 2.2450e-08 ] 1.0000e+00
 5.735e+01 2.8710e-07 2.8710e-07 [ 1.2808e-34 2.2049e-15 1.1443e-09 2.6504e-07 2.0911e-08 ] 1.0000e+00
 5.746e+01 2.6569e-07 2.6569e-07 [ 8.9041e-35 1.8456e-15 1.0242e-09 2.4519e-07 1.9472e-08 ] 1.0000e+00
 5.757e+01 2.4581e-07 2.4581e-07 [ 6.1853e-35 1.5441e-15 9.1642e-10 2.2676e-07 1.8128e-08 ] 1.0000e+00
 5.769e+01 2.2736e-07 2.2736e-07 [ 4.2933e-35 1.2912e-15 8.1967e-10 2.0967e-07 1.6871e-08 ] 1.0000e+00
 5.780e+01 2.1024e-07 2.1024e-07 [ 2.9776e-35 1.0791e-15 7.3288e-10 1.9381e-07 1.5698e-08 ] 1.0000e+00
 5.791e+01 1.9437e-07 1.9437e-07 [ 2.0635e-35 9.0146e-16 6.5505e-10 1.7911e-07 1.4602e-08 ] 1.0000e+00
 5.803e+01 1.7964e-07 1.7964e-07 [ 1.4289e-35 7.5266e-16 5.8527e-10 1.6548e-07 1.3579e-08 ] 1.0000e+00
 5.814e+01 1.6599e-07 1.6599e-07 [ 9.8873e-36 6.2810e-16 5.2274e-10 1.5285e-07 1.2624e-08 ] 1.0000e+00
 5.825e+01 1.5334e-07 1.5334e-07 [ 6.8360e-36 5.2389e-16 4.6673e-10 1.4114e-07 1.1733e-08 ] 1.0000e+00
 5.837e+01 1.4162e-07 1.4162e-07 [ 4.7227e-36 4.3675e-16 4.1657e-10 1.3030e-07 1.0902e-08 ] 1.0000e+00
 5.848e+01 1.3076e-07 1.3076e-07 [ 3.2602e-36 3.6392e-16 3.7168e-10 1.2026e-07 1.0127e-08 ] 1.0000e+00
 5.859e+01 1.2070e-07 1.2070e-07 [ 2.2488e-36 3.0309e-16 3.3150e-10 1.1097e-07 9.4049e-09 ] 1.0000e+00
 5.871e+01 1.1139e-07 1.1139e-07 [ 1.5500e-36 2.5230e-16 2.9557e-10 1.0237e-07 8.7318e-09 ] 1.0000e+00
 5.882e+01 1.0278e-07 1.0278e-07 [ 1.0676e-36 2.0992e-16 2.6344e-10 9.4407e-08 8.1046e-09 ] 1.0000e+00
 5.893e+01 9.4800e-08 9.4800e-08 [ 7.3471e-37 1.7457e-16 2.3473e-10 8.7045e-08 7.5205e-09 ] 1.0000e+00
 5.905e+01 8.7423e-08 8.7423e-08 [ 5.0525e-37 1.4511e-16 2.0907e-10 8.0237e-08 6.9766e-09 ] 1.0000e+00
 5.916e+01 8.0599e-08 8.0599e-08 [ 3.4720e-37 1.2056e-16 1.8615e-10 7.3942e-08 6.4703e-09 ] 1.0000e+00
 5.927e+01 7.4289e-08 7.4289e-08 [ 2.3840e-37 1.0011e-16 1.6569e-10 6.8125e-08 5.9991e-09 ] 1.0000e+00
 5.939e+01 6.8457e-08 6.8457e-08 [ 1.6358e-37 8.3094e-17 1.4743e-10 6.2749e-08 5.5608e-09 ] 1.0000e+00
 5.950e+01 6.3067e-08 6.3067e-08 [ 1.1215e-37 6.8936e-17 1.3114e-10 5.7782e-08 5.1531e-09 ] 1.0000e+00
 5.961e+01 5.8087e-08 5.8087e-08 [ 7.6838e-38 5.7163e-17 1.1661e-10 5.3196e-08 4.7740e-09 ] 1.0000e+00
 5.973e+01 5.3486e-08 5.3486e-08 [ 5.2603e-38 4.7378e-17 1.0365e-10 4.8961e-08 4.4216e-09 ] 1.0000e+00
 5.984e+01 4.9239e-08 4.9239e-08 [ 3.5986e-38 3.9249e-17 9.2104e-11 4.5052e-08 4.0941e-09 ] 1.0000e+00
 5.995e+01 4.5317e-08 4.5317e-08 [ 2.4600e-38 3.2500e-17 8.1817e-11 4.1445e-08 3.7899e-09 ] 1.0000e+00
 6.007e+01 4.1697e-08 4.1697e-08 [ 1.6804e-38 2.6899e-17 7.2654e-11 3.8117e-08 3.5073e-09 ] 1.0000e+00
 6.018e+01 3.8357e-08 3.8357e-08 [ 1.1470e-38 2.2252e-17 6.4496e-11 3.5048e-08 3.2450e-09 ] 1.0000e+00
 6.029e+01 3.5276e-08 3.5276e-08 [ 7.8238e-39 1.8400e-17 5.7235e-11 3.2218e-08 3.0014e-09 ] 1.0000e+00
 6.041e+01 3.2435e-08 3.2435e-08 [ 5.3327e-39 1.5208e-17 5.0775e-11 2.9609e-08 2.7754e-09 ] 1.0000e+00
 6.052e+01 2.9815e-08 2.9815e-08 [ 3.6321e-39 1.2563e-17 4.5030e-11 2.7204e-08 2.5658e-09 ] 1.0000e+00
 6.063e+01 2.7400e-08 2.7400e-08 [ 2.4721e-39 1.0374e-17 3.9921e-11 2.4989e-08 2.3713e-09 ] 1.0000e+00
 6.075e+01 2.5174e-08 2.5174e-08 [ 1.6813e-39 8.5621e-18 3.5381e-11 2.2948e-08 2.1910e-09 ] 1.0000e+00
 6.086e+01 2.3124e-08 2.3124e-08 [ 1.1427e-39 7.0635e-18 3.1347e-11 2.1069e-08 2.0239e-09 ] 1.0000e+00
 6.097e+01 2.1235e-08 2.1235e-08 [ 7.7605e-40 5.8245e-18 2.7764e-11 1.9338e-08 1.8690e-09 ] 1.0000e+00
 6.109e+01 1.9496e-08 1.9496e-08 [ 5.2667e-40 4.8007e-18 2.4582e-11 1.7746e-08 1.7256e-09 ] 1.0000e+00
 6.120e+01 1.7895e-08 1.7895e-08 [ 3.5718e-40 3.9550e-18 2.1758e-11 1.6281e-08 1.5927e-09 ] 1.0000e+00
 6.131e+01 1.6422e-08 1.6422e-08 [ 2.4206e-40 3.2569e-18 1.9252e-11 1.4933e-08 1.4696e-09 ] 1.0000e+00
 6.143e+01 1.5066e-08 1.5066e-08 [ 1.6393e-40 2.6808e-18 1.7030e-11 1.3693e-08 1.3557e-09 ] 1.0000e+00
 6.154e+01 1.3818e-08 1.3818e-08 [ 1.1094e-40 2.2055e-18 1.5059e-11 1.2553e-08 1.2503e-09 ] 1.0000e+00
 6.165e+01 1.2671e-08 1.2671e-08 [ 7.5023e-41 1.8138e-18 1.3312e-11 1.1505e-08 1.1528e-09 ] 1.0000e+00
 6.177e+01 1.1617e-08 1.1617e-08 [ 5.0700e-41 1.4909e-18 1.1764e-11 1.0542e-08 1.0627e-09 ] 1.0000e+00
 6.188e+01 1.0647e-08 1.0647e-08 [ 3.4239e-41 1.2250e-18 1.0393e-11 9.6574e-09 9.7928e-10 ] 1.0000e+00
 6.199e+01 9.7562e-09 9.7562e-09 [ 2.3106e-41 1.0060e-18 9.1782e-12 8.8448e-09 9.0221e-10 ] 1.0000e+00
 6.211e+01 8.9376e-09 8.9376e-09 [ 1.5582e-41 8.2585e-19 8.1032e-12 8.0986e-09 8.3098e-10 ] 1.0000e+00
 6.222e+01 8.1858e-09 8.1858e-09 [ 1.0501e-41 6.7764e-19 7.1518e-12 7.4135e-09 7.6518e-10 ] 1.0000e+00
 6.233e+01 7.4954e-09 7.4954e-09 [ 7.0720e-42 5.5578e-19 6.3101e-12 6.7847e-09 7.0440e-10 ] 1.0000e+00
 6.245e+01 6.8616e-09 6.8616e-09 [ 4.7594e-42 4.5564e-19 5.5658e-12 6.2077e-09 6.4828e-10 ] 1.0000e+00
 6.256e+01 6.2798e-09 6.2798e-09 [ 3.2008e-42 3.7337e-19 4.9077e-12 5.6784e-09 5.9648e-10 ] 1.0000e+00
 6.267e+01 5.7460e-09 5.7460e-09 [ 2.1511e-42 3.0583e-19 4.3260e-12 5.1930e-09 5.4867e-10 ] 1.0000e+00
 6.279e+01 5.2563e-09 5.2563e-09 [ 1.4447e-42 2.5039e-19 3.8121e-12 4.7479e-09 5.0456e-10 ] 1.0000e+00
 6.290e+01 4.8072e-09 4.8072e-09 [ 9.6961e-43 2.0492e-19 3.3583e-12 4.3399e-09 4.6388e-10 ] 1.0000e+00
 6.301e+01 4.3954e-09 4.3954e-09 [ 6.5031e-43 1.6763e-19 2.9575e-12 3.9661e-09 4.2637e-10 ] 1.0000e+00
 6.313e+01 4.0179e-09 4.0179e-09 [ 4.3586e-43 1.3706e-19 2.6037e-12 3.6235e-09 3.9179e-10 ] 1.0000e+00
 6.324e+01 3.6720e-09 3.6720e-09 [ 2.9193e-43 1.1202e-19 2.2916e-12 3.3097e-09 3.5992e-10 ] 1.0000e+00
 6.335e+01 3.3550e-09 3.3550e-09 [ 1.9540e-43 9.1519e-20 2.0162e-12 3.0224e-09 3.3056e-10 ] 1.0000e+00
 6.347e+01 3.0647e-09 3.0647e-09 [ 1.3070e-43 7.4735e-20 1.7734e-12 2.7594e-09 3.0351e-10 ] 1.0000e+00
 6.358e+01 2.7988e-09 2.7988e-09 [ 8.7364e-44 6.1003e-20 1.5594e-12 2.5186e-09 2.7861e-10 ] 1.0000e+00
 6.369e+01 2.5553e-09 2.5553e-09 [ 5.8358e-44 4.9773e-20 1.3707e-12 2.2983e-09 2.5568e-10 ] 1.0000e+00
 6.381e+01 2.3325e-09 2.3325e-09 [ 3.8957e-44 4.0592e-20 1.2045e-12 2.0967e-09 2.3458e-10 ] 1.0000e+00
 6.392e+01 2.1286e-09 2.1286e-09 [ 2.5988e-44 3.3091e-20 1.0582e-12 1.9124e-09 2.1517e-10 ] 1.0000e+00
 6.403e+01 1.9421e-09 1.9421e-09 [ 1.7325e-44 2.6965e-20 9.2931e-13 1.7439e-09 1.9731e-10 ] 1.0000e+00
 6.415e+01 1.7715e-09 1.7715e-09 [ 1.1542e-44 2.1963e-20 8.1588e-13 1.5898e-09 1.8089e-10 ] 1.0000e+00
 6.426e+01 1.6155e-09 1.6155e-09 [ 7.6844e-45 1.7881e-20 7.1609e-13 1.4490e-09 1.6579e-10 ] 1.0000e+00
 6.437e+01 1.4729e-09 1.4729e-09 [ 5.1127e-45 1.4552e-20 6.2830e-13 1.3203e-09 1.5191e-10 ] 1.0000e+00
 6.449e+01 1.3425e-09 1.3425e-09 [ 3.3994e-45 1.1838e-20 5.5111e-13 1.2028e-09 1.3916e-10 ] 1.0000e+00
 6.460e+01 1.2234e-09 1.2234e-09 [ 2.2588e-45 9.6257e-21 4.8326e-13 1.0955e-09 1.2745e-10 ] 1.0000e+00
 6.471e+01 1.1146e-09 1.1146e-09 [ 1.4999e-45 7.8237e-21 4.2363e-13 9.9753e-10 1.1669e-10 ] 1.0000e+00
 6.483e+01 1.0153e-09 1.0153e-09 [ 9.9532e-46 6.3563e-21 3.7125e-13 9.0809e-10 1.0681e-10 ] 1.0000e+00
 6.494e+01 9.2455e-10 9.2455e-10 [ 6.6006e-46 5.1619e-21 3.2524e-13 8.2648e-10 9.7747e-11 ] 1.0000e+00
 6.505e+01 8.4173e-10 8.4173e-10 [ 4.3744e-46 4.1902e-21 2.8485e-13 7.5202e-10 8.9428e-11 ] 1.0000e+00
 6.517e+01 7.6615e-10 7.6615e-10 [ 2.8972e-46 3.4000e-21 2.4940e-13 6.8410e-10 8.1796e-11 ] 1.0000e+00
 6.528e+01 6.9719e-10 6.9719e-10 [ 1.9176e-46 2.7577e-21 2.1830e-13 6.2217e-10 7.4797e-11 ] 1.0000e+00
 6.539e+01 6.3429e-10 6.3429e-10 [ 1.2684e-46 2.2358e-21 1.9102e-13 5.6572e-10 6.8379e-11 ] 1.0000e+00
 6.551e+01 5.7692e-10 5.7692e-10 [ 8.3841e-47 1.8119e-21 1.6709e-13 5.1426e-10 6.2496e-11 ] 1.0000e+00
 6.562e+01 5.2463e-10 5.2463e-10 [ 5.5385e-47 1.4677e-21 1.4612e-13 4.6737e-10 5.7105e-11 ] 1.0000e+00
 6.573e+01 4.7695e-10 4.7695e-10 [ 3.6564e-47 1.1884e-21 1.2774e-13 4.2466e-10 5.2166e-11 ] 1.0000e+00
 6.585e+01 4.3351e-10 4.3351e-10 [ 2.4123e-47 9.6190e-22 1.1164e-13 3.8576e-10 4.7642e-11 ] 1.0000e+00
 6.596e+01 3.9394e-10 3.9394e-10 [ 1.5905e-47 7.7823e-22 9.7544e-14 3.5034e-10 4.3499e-11 ] 1.0000e+00
 6.607e+01 3.5789e-10 3.5789e-10 [ 1.0480e-47 6.2936e-22 8.5199e-14 3.1810e-10 3.9706e-11 ] 1.0000e+00
 6.619e+01 3.2506e-10 3.2506e-10 [ 6.9009e-48 5.0876e-22 7.4394e-14 2.8875e-10 3.6235e-11 ] 1.0000e+00
 6.630e+01 2.9518e-10 2.9518e-10 [ 4.5413e-48 4.1110e-22 6.4940e-14 2.6205e-10 3.3059e-11 ] 1.0000e+00
 6.641e+01 2.6798e-10 2.6798e-10 [ 2.9866e-48 3.3205e-22 5.6671e-14 2.3777e-10 3.0154e-11 ] 1.0000e+00
 6.653e+01 2.4323e-10 2.4323e-10 [ 1.9629e-48 2.6809e-22 4.9439e-14 2.1568e-10 2.7498e-11 ] 1.0000e+00
 6.664e+01 2.2071e-10 2.2071e-10 [ 1.2893e-48 2.1636e-22 4.3118e-14 1.9560e-10 2.5069e-11 ] 1.0000e+00
 6.675e+01 2.0023e-10 2.0023e-10 [ 8.4631e-49 1.7454e-22 3.7594e-14 1.7735e-10 2.2849e-11 ] 1.0000e+00
 6.687e+01 1.8161e-10 1.8161e-10 [ 5.5518e-49 1.4074e-22 3.2767e-14 1.6076e-10 2.0820e-11 ] 1.0000e+00
 6.698e+01 1.6468e-10 1.6468e-10 [ 3.6397e-49 1.1344e-22 2.8552e-14 1.4569e-10 1.8967e-11 ] 1.0000e+00
 6.709e+01 1.4930e-10 1.4930e-10 [ 2.3847e-49 9.1403e-23 2.4872e-14 1.3200e-10 1.7274e-11 ] 1.0000e+00
 6.721e+01 1.3532e-10 1.3532e-10 [ 1.5614e-49 7.3615e-23 2.1660e-14 1.1957e-10 1.5728e-11 ] 1.0000e+00
 6.732e+01 1.2262e-10 1.2262e-10 [ 1.0217e-49 5.9264e-23 1.8856e-14 1.0828e-10 1.4318e-11 ] 1.0000e+00
 6.743e+01 1.1109e-10 1.1109e-10 [ 6.6817e-50 4.7691e-23 1.6411e-14 9.8041e-11 1.3030e-11 ] 1.0000e+00
 6.755e+01 1.0062e-10 1.0062e-10 [ 4.3668e-50 3.8362e-23 1.4279e-14 8.8746e-11 1.1855e-11 ] 1.0000e+00
 6.766e+01 9.1109e-11 9.1109e-11 [ 2.8522e-50 3.0845e-23 1.2420e-14 8.0313e-11 1.0784e-11 ] 1.0000e+00
 6.777e+01 8.2482e-11 8.2482e-11 [ 1.8617e-50 2.4792e-23 1.0800e-14 7.2665e-11 9.8068e-12 ] 1.0000e+00
 6.789e+01 7.4655e-11 7.4655e-11 [ 1.2145e-50 1.9918e-23 9.3883e-15 6.5729e-11 8.9161e-12 ] 1.0000e+00
 6.800e+01 6.7554e-11 6.7554e-11 [ 7.9177e-51 1.5996e-23 8.1588e-15 5.9442e-11 8.1043e-12 ] 1.0000e+00
 6.811e+01 6.1115e-11 6.1115e-11 [ 5.1587e-51 1.2840e-23 7.0883e-15 5.3744e-11 7.3645e-12 ] 1.0000e+00
 6.823e+01 5.5277e-11 5.5277e-11 [ 3.3590e-51 1.0304e-23 6.1564e-15 4.8580e-11 6.6906e-12 ] 1.0000e+00
 6.834e+01 4.9985e-11 4.9985e-11 [ 2.1858e-51 8.2645e-24 5.3454e-15 4.3902e-11 6.0769e-12 ] 1.0000e+00
 6.845e+01 4.5189e-11 4.5189e-11 [ 1.4215e-51 6.6262e-24 4.6399e-15 3.9666e-11 5.5181e-12 ] 1.0000e+00
 6.857e+01 4.0843e-11 4.0843e-11 [ 9.2393e-52 5.3106e-24 4.0264e-15 3.5830e-11 5.0095e-12 ] 1.0000e+00
 6.868e+01 3.6907e-11 3.6907e-11 [ 6.0014e-52 4.2544e-24 3.4929e-15 3.2357e-11 4.5466e-12 ] 1.0000e+00
 6.879e+01 3.3343e-11 3.3343e-11 [ 3.8958e-52 3.4070e-24 3.0292e-15 2.9214e-11 4.1255e-12 ] 1.0000e+00
 6.891e+01 3.0116e-11 3.0116e-11 [ 2.5275e-52 2.7272e-24 2.6263e-15 2.6371e-11 3.7425e-12 ] 1.0000e+00
 6.902e+01 2.7195e-11 2.7195e-11 [ 1.6387e-52 2.1822e-24 2.2764e-15 2.3798e-11 3.3942e-12 ] 1.0000e+00
 6.913e+01 2.4551e-11 2.4551e-11 [ 1.0619e-52 1.7454e-24 1.9725e-15 2.1472e-11 3.0775e-12 ] 1.0000e+00
 6.925e+01 2.2160e-11 2.2160e-11 [ 6.8764e-53 1.3954e-24 1.7086e-15 1.9368e-11 2.7897e-12 ] 1.0000e+00
 6.936e+01 1.9997e-11 1.9997e-11 [ 4.4504e-53 1.1152e-24 1.4796e-15 1.7467e-11 2.5283e-12 ] 1.0000e+00
 6.947e+01 1.8040e-11 1.8040e-11 [ 2.8785e-53 8.9089e-25 1.2810e-15 1.5748e-11 2.2907e-12 ] 1.0000e+00
 6.959e+01 1.6272e-11 1.6272e-11 [ 1.8607e-53 7.1141e-25 1.1087e-15 1.4196e-11 2.0750e-12 ] 1.0000e+00
 6.970e+01 1.4673e-11 1.4673e-11 [ 1.2021e-53 5.6786e-25 9.5925e-16 1.2793e-11 1.8791e-12 ] 1.0000e+00
 6.981e+01 1.3229e-11 1.3229e-11 [ 7.7612e-54 4.5310e-25 8.2973e-16 1.1527e-11 1.7013e-12 ] 1.0000e+00
 6.993e+01 1.1924e-11 1.1924e-11 [ 5.0080e-54 3.6138e-25 7.1749e-16 1.0383e-11 1.5400e-12 ] 1.0000e+00
 7.004e+01 1.0745e-11 1.0745e-11 [ 3.2295e-54 2.8811e-25 6.2025e-16 9.3506e-12 1.3936e-12 ] 1.0000e+00
 7.015e+01 9.6803e-12 9.6803e-12 [ 2.0814e-54 2.2961e-25 5.3603e-16 8.4190e-12 1.2608e-12 ] 1.0000e+00
 7.027e+01 8.7193e-12 8.7193e-12 [ 1.3406e-54 1.8291e-25 4.6312e-16 7.5784e-12 1.1404e-12 ] 1.0000e+00
 7.038e+01 7.8518e-12 7.8518e-12 [ 8.6300e-55 1.4565e-25 4.0000e-16 6.8202e-12 1.0312e-12 ] 1.0000e+00
 7.049e+01 7.0691e-12 7.0691e-12 [ 5.5521e-55 1.1593e-25 3.4539e-16 6.1365e-12 9.3229e-13 ] 1.0000e+00
 7.061e+01 6.3629e-12 6.3629e-12 [ 3.5698e-55 9.2244e-26 2.9815e-16 5.5200e-12 8.4264e-13 ] 1.0000e+00
 7.072e+01 5.7260e-12 5.7260e-12 [ 2.2939e-55 7.3366e-26 2.5729e-16 4.9643e-12 7.6143e-13 ] 1.0000e+00
 7.083e+01 5.1516e-12 5.1516e-12 [ 1.4731e-55 5.8328e-26 2.2197e-16 4.4635e-12 6.8788e-13 ] 1.0000e+00
 7.095e+01 4.6338e-12 4.6338e-12 [ 9.4551e-56 4.6354e-26 1.9144e-16 4.0123e-12 6.2128e-13 ] 1.0000e+00
 7.106e+01 4.1671e-12 4.1671e-12 [ 6.0650e-56 3.6823e-26 1.6507e-16 3.6059e-12 5.6100e-13 ] 1.0000e+00
 7.117e+01 3.7465e-12 3.7465e-12 [ 3.8881e-56 2.9240e-26 1.4228e-16 3.2400e-12 5.0644e-13 ] 1.0000e+00
 7.129e+01 3.3677e-12 3.3677e-12 [ 2.4911e-56 2.3210e-26 1.2261e-16 2.9105e-12 4.5708e-13 ] 1.0000e+00
 7.140e+01 3.0264e-12 3.0264e-12 [ 1.5951e-56 1.8415e-26 1.0562e-16 2.6139e-12 4.1243e-13 ] 1.0000e+00
 7.151e+01 2.7191e-12 2.7191e-12 [ 1.0208e-56 1.4606e-26 9.0965e-17 2.3470e-12 3.7205e-13 ] 1.0000e+00
 7.163e+01 2.4425e-12 2.4425e-12 [ 6.5288e-57 1.1580e-26 7.8319e-17 2.1068e-12 3.3555e-13 ] 1.0000e+00
 7.174e+01 2.1934e-12 2.1934e-12 [ 4.1732e-57 9.1768e-27 6.7411e-17 1.8908e-12 3.0255e-13 ] 1.0000e+00
 7.185e+01 1.9694e-12 1.9694e-12 [ 2.6660e-57 7.2697e-27 5.8006e-17 1.6966e-12 2.7274e-13 ] 1.0000e+00
 7.197e+01 1.7678e-12 1.7678e-12 [ 1.7022e-57 5.7566e-27 4.9899e-17 1.5220e-12 2.4580e-13 ] 1.0000e+00
 7.208e+01 1.5865e-12 1.5865e-12 [ 1.0861e-57 4.5566e-27 4.2912e-17 1.3650e-12 2.2147e-13 ] 1.0000e+00
 7.219e+01 1.4235e-12 1.4235e-12 [ 6.9266e-58 3.6054e-27 3.6893e-17 1.2239e-12 1.9950e-13 ] 1.0000e+00
 7.231e+01 1.2769e-12 1.2769e-12 [ 4.4147e-58 2.8516e-27 3.1710e-17 1.0972e-12 1.7967e-13 ] 1.0000e+00
 7.242e+01 1.1452e-12 1.1452e-12 [ 2.8121e-58 2.2545e-27 2.7246e-17 9.8337e-13 1.6177e-13 ] 1.0000e+00
 7.253e+01 1.0268e-12 1.0268e-12 [ 1.7903e-58 1.7817e-27 2.3405e-17 8.8114e-13 1.4561e-13 ] 1.0000e+00
 7.265e+01 9.2043e-13 9.2043e-13 [ 1.1391e-58 1.4075e-27 2.0099e-17 7.8936e-13 1.3104e-13 ] 1.0000e+00
 7.276e+01 8.2491e-13 8.2491e-13 [ 7.2433e-59 1.1115e-27 1.7255e-17 7.0699e-13 1.1790e-13 ] 1.0000e+00
 7.287e+01 7.3913e-13 7.3913e-13 [ 4.6034e-59 8.7737e-28 1.4809e-17 6.3306e-13 1.0606e-13 ] 1.0000e+00
 7.299e+01 6.6212e-13 6.6212e-13 [ 2.9239e-59 6.9229e-28 1.2707e-17 5.6674e-13 9.5376e-14 ] 1.0000e+00
 7.310e+01 5.9301e-13 5.9301e-13 [ 1.8561e-59 5.4604e-28 1.0899e-17 5.0725e-13 8.5751e-14 ] 1.0000e+00
 7.321e+01 5.3099e-13 5.3099e-13 [ 1.1776e-59 4.3051e-28 9.3464e-18 4.5390e-13 7.7079e-14 ] 1.0000e+00
 7.333e+01 4.7534e-13 4.7534e-13 [ 7.4669e-60 3.3929e-28 8.0125e-18 4.0607e-13 6.9268e-14 ] 1.0000e+00
 7.344e+01 4.2543e-13 4.2543e-13 [ 4.7320e-60 2.6730e-28 6.8670e-18 3.6319e-13 6.2233e-14 ] 1.0000e+00
 7.355e+01 3.8068e-13 3.8068e-13 [ 2.9970e-60 2.1049e-28 5.8836e-18 3.2478e-13 5.5900e-14 ] 1.0000e+00
 7.367e+01 3.4056e-13 3.4056e-13 [ 1.8971e-60 1.6570e-28 5.0395e-18 2.9035e-13 5.0199e-14 ] 1.0000e+00
 7.378e+01 3.0460e-13 3.0460e-13 [ 1.2002e-60 1.3038e-28 4.3154e-18 2.5952e-13 4.5069e-14 ] 1.0000e+00
 7.389e+01 2.7237e-13 2.7237e-13 [ 7.5888e-61 1.0256e-28 3.6942e-18 2.3191e-13 4.0453e-14 ] 1.0000e+00
 7.401e+01 2.4350e-13 2.4350e-13 [ 4.7956e-61 8.0635e-29 3.1616e-18 2.0719e-13 3.6302e-14 ] 1.0000e+00
 7.412e+01 2.1764e-13 2.1764e-13 [ 3.0288e-61 6.3375e-29 2.7049e-18 1.8507e-13 3.2569e-14 ] 1.0000e+00
 7.423e+01 1.9448e-13 1.9448e-13 [ 1.9118e-61 4.9790e-29 2.3136e-18 1.6527e-13 2.9213e-14 ] 1.0000e+00
 7.435e+01 1.7375e-13 1.7375e-13 [ 1.2061e-61 3.9102e-29 1.9783e-18 1.4755e-13 2.6197e-14 ] 1.0000e+00
 7.446e+01 1.5519e-13 1.5519e-13 [ 7.6047e-62 3.0696e-29 1.6912e-18 1.3170e-13 2.3486e-14 ] 1.0000e+00
 7.457e+01 1.3859e-13 1.3859e-13 [ 4.7922e-62 2.4088e-29 1.4453e-18 1.1753e-13 2.1051e-14 ] 1.0000e+00
 7.469e+01 1.2373e-13 1.2373e-13 [ 3.0181e-62 1.8895e-29 1.2348e-18 1.0486e-13 1.8864e-14 ] 1.0000e+00
 7.480e+01 1.1044e-13 1.1044e-13 [ 1.8998e-62 1.4815e-29 1.0546e-18 9.3538e-14 1.6901e-14 ] 1.0000e+00
 7.491e+01 9.8556e-14 9.8556e-14 [ 1.1952e-62 1.1612e-29 9.0052e-19 8.3417e-14 1.5138e-14 ] 1.0000e+00
 7.503e+01 8.7931e-14 8.7931e-14 [ 7.5147e-63 9.0979e-30 7.6871e-19 7.4375e-14 1.3556e-14 ] 1.0000e+00
 7.514e+01 7.8434e-14 7.8434e-14 [ 4.7223e-63 7.1253e-30 6.5601e-19 6.6298e-14 1.2136e-14 ] 1.0000e+00
 7.525e+01 6.9947e-14 6.9947e-14 [ 2.9659e-63 5.5783e-30 5.5967e-19 5.9084e-14 1.0863e-14 ] 1.0000e+00
 7.537e+01 6.2365e-14 6.2365e-14 [ 1.8617e-63 4.3654e-30 4.7734e-19 5.2644e-14 9.7204e-15 ] 1.0000e+00
 7.548e+01 5.5592e-14 5.5592e-14 [ 1.1680e-63 3.4149e-30 4.0701e-19 4.6895e-14 8.6963e-15 ] 1.0000e+00
 7.559e+01 4.9544e-14 4.9544e-14 [ 7.3232e-64 2.6703e-30 3.4695e-19 4.1765e-14 7.7783e-15 ] 1.0000e+00
 7.571e+01 4.4143e-14 4.4143e-14 [ 4.5892e-64 2.0872e-30 2.9566e-19 3.7188e-14 6.9555e-15 ] 1.0000e+00
 7.582e+01 3.9323e-14 3.9323e-14 [ 2.8743e-64 1.6309e-30 2.5189e-19 3.3104e-14 6.2184e-15 ] 1.0000e+00
 7.593e+01 3.5021e-14 3.5021e-14 [ 1.7993e-64 1.2738e-30 2.1453e-19 2.9463e-14 5.5580e-15 ] 1.0000e+00
 7.605e+01 3.1183e-14 3.1183e-14 [ 1.1257e-64 9.9449e-31 1.8267e-19 2.6216e-14 4.9667e-15 ] 1.0000e+00
 7.616e+01 2.7759e-14 2.7759e-14 [ 7.0388e-65 7.7614e-31 1.5549e-19 2.3322e-14 4.4372e-15 ] 1.0000e+00
 7.627e+01 2.4706e-14 2.4706e-14 [ 4.3989e-65 6.0549e-31 1.3232e-19 2.0743e-14 3.9632e-15 ] 1.0000e+00
 7.639e+01 2.1984e-14 2.1984e-14 [ 2.7476e-65 4.7218e-31 1.1257e-19 1.8445e-14 3.5391e-15 ] 1.0000e+00
 7.650e+01 1.9557e-14 1.9557e-14 [ 1.7152e-65 3.6808e-31 9.5740e-20 1.6397e-14 3.1596e-15 ] 1.0000e+00
 7.661e+01 1.7394e-14 1.7394e-14 [ 1.0702e-65 2.8681e-31 8.1404e-20 1.4574e-14 2.8201e-15 ] 1.0000e+00
 7.673e+01 1.5467e-14 1.5467e-14 [ 6.6734e-66 2.2341e-31 6.9195e-20 1.2951e-14 2.5165e-15 ] 1.0000e+00
 7.684e+01 1.3751e-14 1.3751e-14 [ 4.1591e-66 1.7395e-31 5.8801e-20 1.1506e-14 2.2451e-15 ] 1.0000e+00
 7.695e+01 1.2222e-14 1.2222e-14 [ 2.5907e-66 1.3539e-31 4.9954e-20 1.0220e-14 2.0025e-15 ] 1.0000e+00
 7.707e+01 1.0861e-14 1.0861e-14 [ 1.6129e-66 1.0533e-31 4.2426e-20 9.0751e-15 1.7857e-15 ] 1.0000e+00
 7.718e+01 9.6491e-15 9.6491e-15 [ 1.0036e-66 8.1918e-32 3.6023e-20 8.0571e-15 1.5920e-15 ] 1.0000e+00
 7.729e+01 8.5707e-15 8.5707e-15 [ 6.2413e-67 6.3684e-32 3.0577e-20 7.1516e-15 1.4190e-15 ] 1.0000e+00
 7.741e+01 7.6111e-15 7.6111e-15 [ 3.8793e-67 4.9489e-32 2.5948e-20 6.3465e-15 1.2645e-15 ] 1.0000e+00
 7.752e+01 6.7574e-15 6.7574e-15 [ 2.4099e-67 3.8443e-32 2.2013e-20 5.6308e-15 1.1266e-15 ] 1.0000e+00
 7.763e+01 5.9982e-15 5.9982e-15 [ 1.4963e-67 2.9852e-32 1.8669e-20 4.9947e-15 1.0034e-15 ] 1.0000e+00
 7.775e+01 5.3231e-15 5.3231e-15 [ 9.2850e-68 2.3171e-32 1.5829e-20 4.4295e-15 8.9355e-16 ] 1.0000e+00
 7.786e+01 4.7229e-15 4.7229e-15 [ 5.7587e-68 1.7978e-32 1.3418e-20 3.9274e-15 7.9552e-16 ] 1.0000e+00
 7.797e+01 4.1895e-15 4.1895e-15 [ 3.5697e-68 1.3944e-32 1.1370e-20 3.4814e-15 7.0809e-16 ] 1.0000e+00
 7.809e+01 3.7155e-15 3.7155e-15 [ 2.2116e-68 1.0811e-32 9.6324e-21 3.0853e-15 6.3012e-16 ] 1.0000e+00
 7.820e+01 3.2944e-15 3.2944e-15 [ 1.3695e-68 8.3785e-33 8.1580e-21 2.7338e-15 5.6060e-16 ] 1.0000e+00
 7.831e+01 2.9204e-15 2.9204e-15 [ 8.4753e-69 6.4909e-33 6.9073e-21 2.4217e-15 4.9864e-16 ] 1.0000e+00
 7.843e+01 2.5882e-15 2.5882e-15 [ 5.2424e-69 5.0266e-33 5.8467e-21 2.1448e-15 4.4343e-16 ] 1.0000e+00
 7.854e+01 2.2934e-15 2.2934e-15 [ 3.2410e-69 3.8911e-33 4.9476e-21 1.8991e-15 3.9424e-16 ] 1.0000e+00
 7.865e+01 2.0317e-15 2.0317e-15 [ 2.0026e-69 3.0110e-33 4.1856e-21 1.6812e-15 3.5042e-16 ] 1.0000e+00
 7.877e+01 1.7994e-15 1.7994e-15 [ 1.2367e-69 2.3290e-33 3.5400e-21 1.4880e-15 3.1141e-16 ] 1.0000e+00
 7.888e+01 1.5934e-15 1.5934e-15 [ 7.6332e-70 1.8008e-33 2.9931e-21 1.3167e-15 2.7667e-16 ] 1.0000e+00
 7.899e+01 1.4106e-15 1.4106e-15 [ 4.7090e-70 1.3919e-33 2.5300e-21 1.1649e-15 2.4575e-16 ] 1.0000e+00
 7.911e+01 1.2485e-15 1.2485e-15 [ 2.9034e-70 1.0754e-33 2.1380e-21 1.0303e-15 2.1824e-16 ] 1.0000e+00
 7.922e+01 1.1048e-15 1.1048e-15 [ 1.7892e-70 8.3052e-34 1.8062e-21 9.1107e-16 1.9377e-16 ] 1.0000e+00
 7.933e+01 9.7747e-16 9.7747e-16 [ 1.1020e-70 6.4117e-34 1.5254e-21 8.0547e-16 1.7199e-16 ] 1.0000e+00
 7.945e+01 8.6459e-16 8.6459e-16 [ 6.7838e-71 4.9480e-34 1.2880e-21 7.1196e-16 1.5264e-16 ] 1.0000e+00
 7.956e+01 7.6458e-16 7.6458e-16 [ 4.1738e-71 3.8170e-34 1.0872e-21 6.2916e-16 1.3542e-16 ] 1.0000e+00
 7.967e+01 6.7599e-16 6.7599e-16 [ 2.5666e-71 2.9434e-34 9.1744e-22 5.5587e-16 1.2013e-16 ] 1.0000e+00
 7.979e+01 5.9754e-16 5.9754e-16 [ 1.5775e-71 2.2688e-34 7.7398e-22 4.9100e-16 1.0653e-16 ] 1.0000e+00
 7.990e+01 5.2807e-16 5.2807e-16 [ 9.6901e-72 1.7482e-34 6.5277e-22 4.3362e-16 9.4454e-17 ] 1.0000e+00
 8.001e+01 4.6658e-16 4.6658e-16 [ 5.9493e-72 1.3465e-34 5.5039e-22 3.8285e-16 8.3727e-17 ] 1.0000e+00
 8.013e+01 4.1216e-16 4.1216e-16 [ 3.6507e-72 1.0367e-34 4.6394e-22 3.3795e-16 7.4202e-17 ] 1.0000e+00
 8.024e+01 3.6400e-16 3.6400e-16 [ 2.2390e-72 7.9790e-35 3.9096e-22 2.9826e-16 6.5745e-17 ] 1.0000e+00
 8.035e+01 3.2140e-16 3.2140e-16 [ 1.3725e-72 6.1385e-35 3.2937e-22 2.6317e-16 5.8238e-17 ] 1.0000e+00
 8.047e+01 2.8373e-16 2.8373e-16 [ 8.4087e-73 4.7208e-35 2.7741e-22 2.3215e-16 5.1577e-17 ] 1.0000e+00
 8.058e+01 2.5042e-16 2.5042e-16 [ 5.1490e-73 3.6291e-35 2.3357e-22 2.0475e-16 4.5668e-17 ] 1.0000e+00
 8.069e+01 2.2097e-16 2.2097e-16 [ 3.1513e-73 2.7887e-35 1.9661e-22 1.8054e-16 4.0426e-17 ] 1.0000e+00
 8.081e+01 1.9494e-16 1.9494e-16 [ 1.9276e-73 2.1422e-35 1.6546e-22 1.5916e-16 3.5778e-17 ] 1.0000e+00
 8.092e+01 1.7194e-16 1.7194e-16 [ 1.1785e-73 1.6449e-35 1.3920e-22 1.4028e-16 3.1657e-17 ] 1.0000e+00
 8.103e+01 1.5162e-16 1.5162e-16 [ 7.2012e-74 1.2625e-35 1.1707e-22 1.2361e-16 2.8005e-17 ] 1.0000e+00
 8.115e+01 1.3367e-16 1.3367e-16 [ 4.3980e-74 9.6869e-36 9.8440e-23 1.0890e-16 2.4768e-17 ] 1.0000e+00
 8.126e+01 1.1782e-16 1.1782e-16 [ 2.6846e-74 7.4295e-36 8.2748e-23 9.5919e-17 2.1900e-17 ] 1.0000e+00
 8.137e+01 1.0383e-16 1.0383e-16 [ 1.6378e-74 5.6960e-36 6.9539e-23 8.4467e-17 1.9360e-17 ] 1.0000e+00
 8.149e+01 9.1477e-17 9.1477e-17 [ 9.9868e-75 4.3652e-36 5.8422e-23 7.4366e-17 1.7111e-17 ] 1.0000e+00
 8.160e+01 8.0578e-17 8.0578e-17 [ 6.0864e-75 3.3441e-36 4.9069e-23 6.5458e-17 1.5120e-17 ] 1.0000e+00
 8.171e+01 7.0962e-17 7.0962e-17 [ 3.7074e-75 2.5608e-36 4.1202e-23 5.7605e-17 1.3357e-17 ] 1.0000e+00
 8.183e+01 6.2480e-17 6.2480e-17 [ 2.2571e-75 1.9603e-36 3.4586e-23 5.0683e-17 1.1797e-17 ] 1.0000e+00
 8.194e+01 5.5001e-17 5.5001e-17 [ 1.3734e-75 1.5000e-36 2.9025e-23 4.4583e-17 1.0417e-17 ] 1.0000e+00
 8.205e+01 4.8406e-17 4.8406e-17 [ 8.3525e-76 1.1473e-36 2.4351e-23 3.9209e-17 9.1968e-18 ] 1.0000e+00
 8.217e+01 4.2592e-17 4.2592e-17 [ 5.0770e-76 8.7721e-37 2.0424e-23 3.4475e-17 8.1174e-18 ] 1.0000e+00
 8.228e+01 3.7469e-17 3.7469e-17 [ 3.0844e-76 6.7044e-37 1.7126e-23 3.0306e-17 7.1630e-18 ] 1.0000e+00
 8.239e+01 3.2954e-17 3.2954e-17 [ 1.8729e-76 5.1221e-37 1.4357e-23 2.6635e-17 6.3194e-18 ] 1.0000e+00
 8.251e+01 2.8978e-17 2.8978e-17 [ 1.1366e-76 3.9118e-37 1.2031e-23 2.3404e-17 5.5740e-18 ] 1.0000e+00
 8.262e+01 2.5475e-17 2.5475e-17 [ 6.8945e-77 2.9862e-37 1.0080e-23 2.0560e-17 4.9153e-18 ] 1.0000e+00
 8.273e+01 2.2392e-17 2.2392e-17 [ 4.1798e-77 2.2788e-37 8.4431e-24 1.8058e-17 4.3335e-18 ] 1.0000e+00
 8.285e+01 1.9677e-17 1.9677e-17 [ 2.5327e-77 1.7383e-37 7.0699e-24 1.5857e-17 3.8197e-18 ] 1.0000e+00
 8.296e+01 1.7287e-17 1.7287e-17 [ 1.5338e-77 1.3254e-37 5.9184e-24 1.3921e-17 3.3661e-18 ] 1.0000e+00
 8.307e+01 1.5185e-17 1.5185e-17 [ 9.2842e-78 1.0103e-37 4.9531e-24 1.2219e-17 2.9657e-18 ] 1.0000e+00
 8.319e+01 1.3335e-17 1.3335e-17 [ 5.6167e-78 7.6973e-38 4.1441e-24 1.0723e-17 2.6123e-18 ] 1.0000e+00
 8.330e+01 1.1708e-17 1.1708e-17 [ 3.3962e-78 5.8623e-38 3.4663e-24 9.4077e-18 2.3006e-18 ] 1.0000e+00
 8.341e+01 1.0278e-17 1.0278e-17 [ 2.0525e-78 4.4630e-38 2.8985e-24 8.2520e-18 2.0255e-18 ] 1.0000e+00
 8.353e+01 9.0198e-18 9.0198e-18 [ 1.2397e-78 3.3964e-38 2.4231e-24 7.2368e-18 1.7830e-18 ] 1.0000e+00
 8.364e+01 7.9142e-18 7.9142e-18 [ 7.4843e-79 2.5837e-38 2.0251e-24 6.3451e-18 1.5691e-18 ] 1.0000e+00
 8.375e+01 6.9427e-18 6.9427e-18 [ 4.5159e-79 1.9647e-38 1.6920e-24 5.5620e-18 1.3806e-18 ] 1.0000e+00
 8.387e+01 6.0891e-18 6.0891e-18 [ 2.7234e-79 1.4934e-38 1.4133e-24 4.8746e-18 1.2145e-18 ] 1.0000e+00
 8.398e+01 5.3393e-18 5.3393e-18 [ 1.6415e-79 1.1347e-38 1.1802e-24 4.2712e-18 1.0681e-18 ] 1.0000e+00
 8.409e+01 4.6808e-18 4.6808e-18 [ 9.8891e-80 8.6178e-39 9.8525e-25 3.7416e-18 9.3917e-19 ] 1.0000e+00
 8.421e+01 4.1026e-18 4.1026e-18 [ 5.9543e-80 6.5427e-39 8.2229e-25 3.2770e-18 8.2560e-19 ] 1.0000e+00
 8.432e+01 3.5951e-18 3.5951e-18 [ 3.5833e-80 4.9653e-39 6.8609e-25 2.8695e-18 7.2561e-19 ] 1.0000e+00
 8.443e+01 3.1497e-18 3.1497e-18 [ 2.1552e-80 3.7666e-39 5.7229e-25 2.5121e-18 6.3758e-19 ] 1.0000e+00
 8.455e+01 2.7589e-18 2.7589e-18 [ 1.2956e-80 2.8562e-39 4.7724e-25 2.1988e-18 5.6011e-19 ] 1.0000e+00
 8.466e+01 2.4160e-18 2.4160e-18 [ 7.7846e-81 2.1650e-39 3.9786e-25 1.9241e-18 4.9195e-19 ] 1.0000e+00
 8.477e+01 2.1153e-18 2.1153e-18 [ 4.6748e-81 1.6404e-39 3.3160e-25 1.6834e-18 4.3198e-19 ] 1.0000e+00
 8.489e+01 1.8517e-18 1.8517e-18 [ 2.8058e-81 1.2424e-39 2.7629e-25 1.4724e-18 3.7924e-19 ] 1.0000e+00
 8.500e+01 1.6205e-18 1.6205e-18 [ 1.6831e-81 9.4057e-40 2.3015e-25 1.2877e-18 3.3286e-19 ] 1.0000e+00
 8.511e+01 1.4179e-18 1.4179e-18 [ 1.0091e-81 7.1179e-40 1.9166e-25 1.1258e-18 2.9209e-19 ] 1.0000e+00
 8.523e+01 1.2404e-18 1.2404e-18 [ 6.0470e-82 5.3844e-40 1.5956e-25 9.8411e-19 2.5626e-19 ] 1.0000e+00
 8.534e+01 1.0848e-18 1.0848e-18 [ 3.6217e-82 4.0714e-40 1.3280e-25 8.6006e-19 2.2477e-19 ] 1.0000e+00
 8.545e+01 9.4859e-19 9.4859e-19 [ 2.1679e-82 3.0773e-40 1.1050e-25 7.5148e-19 1.9711e-19 ] 1.0000e+00
 8.557e+01 8.2928e-19 8.2928e-19 [ 1.2970e-82 2.3250e-40 9.1917e-26 6.5647e-19 1.7282e-19 ] 1.0000e+00
 8.568e+01 7.2483e-19 7.2483e-19 [ 7.7554e-83 1.7559e-40 7.6438e-26 5.7335e-19 1.5148e-19 ] 1.0000e+00
 8.579e+01 6.3339e-19 6.3339e-19 [ 4.6348e-83 1.3255e-40 6.3548e-26 5.0064e-19 1.3275e-19 ] 1.0000e+00
 8.591e+01 5.5337e-19 5.5337e-19 [ 2.7684e-83 1.0002e-40 5.2818e-26 4.3706e-19 1.1631e-19 ] 1.0000e+00
 8.602e+01 4.8336e-19 4.8336e-19 [ 1.6527e-83 7.5446e-41 4.3886e-26 3.8147e-19 1.0188e-19 ] 1.0000e+00
 8.613e+01 4.2211e-19 4.2211e-19 [ 9.8610e-84 5.6883e-41 3.6455e-26 3.3288e-19 8.9228e-20 ] 1.0000e+00
 8.625e+01 3.6855e-19 3.6855e-19 [ 5.8804e-84 4.2870e-41 3.0274e-26 2.9042e-19 7.8126e-20 ] 1.0000e+00
 8.636e+01 3.2171e-19 3.2171e-19 [ 3.5048e-84 3.2295e-41 2.5134e-26 2.5332e-19 6.8390e-20 ] 1.0000e+00
 8.647e+01 2.8077e-19 2.8077e-19 [ 2.0878e-84 2.4318e-41 2.0860e-26 2.2091e-19 5.9855e-20 ] 1.0000e+00
 8.659e+01 2.4498e-19 2.4498e-19 [ 1.2430e-84 1.8304e-41 1.7309e-26 1.9261e-19 5.2373e-20 ] 1.0000e+00
 8.670e+01 2.1371e-19 2.1371e-19 [ 7.3961e-85 1.3772e-41 1.4358e-26 1.6790e-19 4.5816e-20 ] 1.0000e+00
 8.681e+01 1.8639e-19 1.8639e-19 [ 4.3986e-85 1.0357e-41 1.1906e-26 1.4632e-19 4.0072e-20 ] 1.0000e+00
 8.693e+01 1.6253e-19 1.6253e-19 [ 2.6144e-85 7.7855e-42 9.8708e-27 1.2749e-19 3.5039e-20 ] 1.0000e+00
 8.704e+01 1.4170e-19 1.4170e-19 [ 1.5531e-85 5.8500e-42 8.1809e-27 1.1106e-19 3.0633e-20 ] 1.0000e+00
 8.715e+01 1.2350e-19 1.2350e-19 [ 9.2212e-86 4.3937e-42 6.7783e-27 9.6730e-20 2.6774e-20 ] 1.0000e+00
 8.727e+01 1.0763e-19 1.0763e-19 [ 5.4718e-86 3.2986e-42 5.6146e-27 8.4229e-20 2.3396e-20 ] 1.0000e+00
 8.738e+01 9.3768e-20 9.3768e-20 [ 3.2451e-86 2.4753e-42 4.6493e-27 7.3327e-20 2.0440e-20 ] 1.0000e+00
 8.749e+01 8.1677e-20 8.1677e-20 [ 1.9235e-86 1.8567e-42 3.8489e-27 6.3823e-20 1.7854e-20 ] 1.0000e+00
 8.761e+01 7.1130e-20 7.1130e-20 [ 1.1395e-86 1.3920e-42 3.1853e-27 5.5539e-20 1.5591e-20 ] 1.0000e+00
 8.772e+01 6.1932e-20 6.1932e-20 [ 6.7466e-87 1.0432e-42 2.6354e-27 4.8320e-20 1.3612e-20 ] 1.0000e+00
 8.783e+01 5.3912e-20 5.3912e-20 [ 3.9922e-87 7.8143e-43 2.1798e-27 4.2030e-20 1.1882e-20 ] 1.0000e+00
 8.795e+01 4.6920e-20 4.6920e-20 [ 2.3610e-87 5.8509e-43 1.8024e-27 3.6551e-20 1.0369e-20 ] 1.0000e+00
 8.806e+01 4.0827e-20 4.0827e-20 [ 1.3955e-87 4.3788e-43 1.4899e-27 3.1779e-20 9.0474e-21 ] 1.0000e+00
 8.817e+01 3.5517e-20 3.5517e-20 [ 8.2439e-88 3.2756e-43 1.2312e-27 2.7625e-20 7.8922e-21 ] 1.0000e+00
 8.829e+01 3.0891e-20 3.0891e-20 [ 4.8672e-88 2.4492e-43 1.0171e-27 2.4008e-20 6.8830e-21 ] 1.0000e+00
 8.840e+01 2.6862e-20 2.6862e-20 [ 2.8719e-88 1.8304e-43 8.4000e-28 2.0861e-20 6.0015e-21 ] 1.0000e+00
 8.851e+01 2.3354e-20 2.3354e-20 [ 1.6936e-88 1.3674e-43 6.9351e-28 1.8122e-20 5.2318e-21 ] 1.0000e+00
 8.863e+01 2.0299e-20 2.0299e-20 [ 9.9819e-89 1.0210e-43 5.7239e-28 1.5740e-20 4.5598e-21 ] 1.0000e+00
 8.874e+01 1.7641e-20 1.7641e-20 [ 5.8797e-89 7.6195e-44 4.7228e-28 1.3667e-20 3.9732e-21 ] 1.0000e+00
 8.885e+01 1.5327e-20 1.5327e-20 [ 3.4614e-89 5.6838e-44 3.8956e-28 1.1866e-20 3.4613e-21 ] 1.0000e+00
 8.897e+01 1.3314e-20 1.3314e-20 [ 2.0365e-89 4.2378e-44 3.2122e-28 1.0299e-20 3.0148e-21 ] 1.0000e+00
 8.908e+01 1.1563e-20 1.1563e-20 [ 1.1975e-89 3.1582e-44 2.6479e-28 8.9374e-21 2.6252e-21 ] 1.0000e+00
 8.919e+01 1.0040e-20 1.0040e-20 [ 7.0373e-90 2.3525e-44 2.1820e-28 7.7541e-21 2.2855e-21 ] 1.0000e+00
 8.931e+01 8.7155e-21 8.7155e-21 [ 4.1331e-90 1.7514e-44 1.7975e-28 6.7261e-21 1.9894e-21 ] 1.0000e+00
 8.942e+01 7.5643e-21 7.5643e-21 [ 2.4260e-90 1.3033e-44 1.4802e-28 5.8331e-21 1.7312e-21 ] 1.0000e+00
 8.953e+01 6.5638e-21 6.5638e-21 [ 1.4231e-90 9.6938e-45 1.2186e-28 5.0576e-21 1.5062e-21 ] 1.0000e+00
 8.965e+01 5.6944e-21 5.6944e-21 [ 8.3434e-91 7.2064e-45 1.0028e-28 4.3843e-21 1.3101e-21 ] 1.0000e+00
 8.976e+01 4.9392e-21 4.9392e-21 [ 4.8885e-91 5.3545e-45 8.2498e-29 3.7998e-21 1.1394e-21 ] 1.0000e+00
 8.987e+01 4.2832e-21 4.2832e-21 [ 2.8625e-91 3.9765e-45 6.7845e-29 3.2925e-21 9.9065e-22 ] 1.0000e+00
 8.999e+01 3.7135e-21 3.7135e-21 [ 1.6751e-91 2.9516e-45 5.5775e-29 2.8524e-21 8.6115e-22 ] 1.0000e+00
 9.010e+01 3.2189e-21 3.2189e-21 [ 9.7970e-92 2.1898e-45 4.5836e-29 2.4705e-21 7.4841e-22 ] 1.0000e+00
 9.021e+01 2.7897e-21 2.7897e-21 [ 5.7262e-92 1.6237e-45 3.7655e-29 2.1394e-21 6.5030e-22 ] 1.0000e+00
 9.033e+01 2.4171e-21 2.4171e-21 [ 3.3448e-92 1.2033e-45 3.0922e-29 1.8522e-21 5.6492e-22 ] 1.0000e+00
 9.044e+01 2.0939e-21 2.0939e-21 [ 1.9526e-92 8.9130e-46 2.5384e-29 1.6032e-21 4.9065e-22 ] 1.0000e+00
 9.055e+01 1.8135e-21 1.8135e-21 [ 1.1391e-92 6.5983e-46 2.0830e-29 1.3874e-21 4.2604e-22 ] 1.0000e+00
 9.067e+01 1.5703e-21 1.5703e-21 [ 6.6415e-93 4.8821e-46 1.7086e-29 1.2004e-21 3.6987e-22 ] 1.0000e+00
 9.078e+01 1.3594e-21 1.3594e-21 [ 3.8697e-93 3.6103e-46 1.4010e-29 1.0384e-21 3.2103e-22 ] 1.0000e+00
 9.089e+01 1.1766e-21 1.1766e-21 [ 2.2533e-93 2.6684e-46 1.1483e-29 8.9806e-22 2.7858e-22 ] 1.0000e+00
 9.101e+01 1.0182e-21 1.0182e-21 [ 1.3112e-93 1.9711e-46 9.4082e-30 7.7652e-22 2.4169e-22 ] 1.0000e+00
 9.112e+01 8.8093e-22 8.8093e-22 [ 7.6253e-94 1.4552e-46 7.7051e-30 6.7129e-22 2.0964e-22 ] 1.0000e+00
 9.123e+01 7.6200e-22 7.6200e-22 [ 4.4316e-94 1.0737e-46 6.3076e-30 5.8019e-22 1.8180e-22 ] 1.0000e+00
 9.135e+01 6.5898e-22 6.5898e-22 [ 2.5738e-94 7.9174e-47 5.1614e-30 5.0135e-22 1.5763e-22 ] 1.0000e+00
 9.146e+01 5.6977e-22 5.6977e-22 [ 1.4938e-94 5.8350e-47 4.2217e-30 4.3314e-22 1.3664e-22 ] 1.0000e+00
 9.157e+01 4.9254e-22 4.9254e-22 [ 8.6642e-95 4.2977e-47 3.4515e-30 3.7412e-22 1.1842e-22 ] 1.0000e+00
 9.169e+01 4.2568e-22 4.2568e-22 [ 5.0220e-95 3.1636e-47 2.8206e-30 3.2308e-22 1.0260e-22 ] 1.0000e+00
 9.180e+01 3.6782e-22 3.6782e-22 [ 2.9089e-95 2.3274e-47 2.3040e-30 2.7894e-22 8.8881e-23 ] 1.0000e+00
 9.191e+01 3.1776e-22 3.1776e-22 [ 1.6838e-95 1.7111e-47 1.8811e-30 2.4078e-22 7.6978e-23 ] 1.0000e+00
 9.203e+01 2.7446e-22 2.7446e-22 [ 9.7396e-96 1.2573e-47 1.5351e-30 2.0780e-22 6.6655e-23 ] 1.0000e+00
 9.214e+01 2.3700e-22 2.3700e-22 [ 5.6299e-96 9.2321e-48 1.2522e-30 1.7930e-22 5.7704e-23 ] 1.0000e+00
 9.225e+01 2.0462e-22 2.0462e-22 [ 3.2520e-96 6.7749e-48 1.0208e-30 1.5467e-22 4.9944e-23 ] 1.0000e+00
 9.237e+01 1.7662e-22 1.7662e-22 [ 1.8771e-96 4.9685e-48 8.3184e-31 1.3340e-22 4.3219e-23 ] 1.0000e+00
 9.248e+01 1.5242e-22 1.5242e-22 [ 1.0828e-96 3.6414e-48 6.7749e-31 1.1503e-22 3.7391e-23 ] 1.0000e+00
 9.259e+01 1.3151e-22 1.3151e-22 [ 6.2409e-97 2.6670e-48 5.5148e-31 9.9169e-23 3.2342e-23 ] 1.0000e+00
 9.271e+01 1.1344e-22 1.1344e-22 [ 3.5946e-97 1.9520e-48 4.4867e-31 8.5476e-23 2.7969e-23 ] 1.0000e+00
 9.282e+01 9.7840e-23 9.7840e-23 [ 2.0689e-97 1.4277e-48 3.6483e-31 7.3659e-23 2.4181e-23 ] 1.0000e+00
 9.293e+01 8.4364e-23 8.4364e-23 [ 1.1899e-97 1.0436e-48 2.9649e-31 6.3461e-23 2.0903e-23 ] 1.0000e+00
 9.305e+01 7.2728e-23 7.2728e-23 [ 6.8381e-98 7.6224e-49 2.4081e-31 5.4664e-23 1.8065e-23 ] 1.0000e+00
 9.316e+01 6.2685e-23 6.2685e-23 [ 3.9268e-98 5.5636e-49 1.9547e-31 4.7076e-23 1.5608e-23 ] 1.0000e+00
 9.327e+01 5.4016e-23 5.4016e-23 [ 2.2532e-98 4.0579e-49 1.5857e-31 4.0533e-23 1.3483e-23 ] 1.0000e+00
 9.339e+01 4.6537e-23 4.6537e-23 [ 1.2919e-98 2.9576e-49 1.2856e-31 3.4892e-23 1.1645e-23 ] 1.0000e+00
 9.350e+01 4.0085e-23 4.0085e-23 [ 7.4013e-99 2.1540e-49 1.0416e-31 3.0029e-23 1.0055e-23 ] 1.0000e+00
 9.361e+01 3.4520e-23 3.4520e-23 [ 4.2368e-99 1.5676e-49 8.4339e-32 2.5839e-23 8.6807e-24 ] 1.0000e+00
 9.373e+01 2.9721e-23 2.9721e-23 [ 2.4233e-99 1.1399e-49 6.8244e-32 2.2228e-23 7.4924e-24 ] 1.0000e+00
 9.384e+01 2.5584e-23 2.5584e-23 [ 1.3849e-99 8.2829e-50 5.5183e-32 1.9118e-23 6.4654e-24 ] 1.0000e+00
 9.395e+01 2.2018e-23 2.2018e-23 [ 7.9083e-100 6.0137e-50 4.4590e-32 1.6440e-23 5.5780e-24 ] 1.0000e+00
 9.407e+01 1.8945e-23 1.8945e-23 [ 4.5119e-100 4.3627e-50 3.6005e-32 1.4133e-23 4.8113e-24 ] 1.0000e+00
 9.418e+01 1.6297e-23 1.6297e-23 [ 2.5719e-100 3.1623e-50 2.9051e-32 1.2148e-23 4.1491e-24 ] 1.0000e+00
 9.429e+01 1.4016e-23 1.4016e-23 [ 1.4648e-100 2.2902e-50 2.3422e-32 1.0439e-23 3.5773e-24 ] 1.0000e+00
 9.441e+01 1.2052e-23 1.2052e-23 [ 8.3349e-101 1.6573e-50 1.8870e-32 8.9685e-24 3.0837e-24 ] 1.0000e+00
 9.452e+01 1.0361e-23 1.0361e-23 [ 4.7383e-101 1.1982e-50 1.5190e-32 7.7034e-24 2.6576e-24 ] 1.0000e+00
 9.463e+01 8.9051e-24 8.9051e-24 [ 2.6911e-101 8.6546e-51 1.2217e-32 6.6152e-24 2.2898e-24 ] 1.0000e+00
 9.475e+01 7.6520e-24 7.6520e-24 [ 1.5270e-101 6.2456e-51 9.8183e-33 5.6795e-24 1.9726e-24 ] 1.0000e+00
 9.486e+01 6.5738e-24 6.5738e-24 [ 8.6557e-102 4.5029e-51 7.8834e-33 4.8749e-24 1.6989e-24 ] 1.0000e+00
 9.497e+01 5.6462e-24 5.6462e-24 [ 4.9016e-102 3.2433e-51 6.3241e-33 4.1833e-24 1.4629e-24 ] 1.0000e+00
 9.509e+01 4.8484e-24 4.8484e-24 [ 2.7729e-102 2.3338e-51 5.0685e-33 3.5890e-24 1.2594e-24 ] 1.0000e+00
 9.520e+01 4.1623e-24 4.1623e-24 [ 1.5670e-102 1.6776e-51 4.0582e-33 3.0783e-24 1.0840e-24 ] 1.0000e+00
 9.531e+01 3.5724e-24 3.5724e-24 [ 8.8455e-103 1.2046e-51 3.2461e-33 2.6396e-24 9.3282e-25 ] 1.0000e+00
 9.543e+01 3.0653e-24 3.0653e-24 [ 4.9877e-103 8.6404e-52 2.5939e-33 2.2628e-24 8.0255e-25 ] 1.0000e+00
 9.554e+01 2.6295e-24 2.6295e-24 [ 2.8092e-103 6.1908e-52 2.0704e-33 1.9392e-24 6.9032e-25 ] 1.0000e+00
 9.565e+01 2.2551e-24 2.2551e-24 [ 1.5803e-103 4.4305e-52 1.6508e-33 1.6615e-24 5.9366e-25 ] 1.0000e+00
 9.577e+01 1.9335e-24 1.9335e-24 [ 8.8795e-104 3.1669e-52 1.3147e-33 1.4230e-24 5.1043e-25 ] 1.0000e+00
 9.588e+01 1.6572e-24 1.6572e-24 [ 4.9829e-104 2.2609e-52 1.0458e-33 1.2184e-24 4.3877e-25 ] 1.0000e+00
 9.599e+01 1.4200e-24 1.4200e-24 [ 2.7926e-104 1.6121e-52 8.3085e-34 1.0429e-24 3.7709e-25 ] 1.0000e+00
 9.611e+01 1.2164e-24 1.2164e-24 [ 1.5630e-104 1.1479e-52 6.5923e-34 8.9234e-25 3.2401e-25 ] 1.0000e+00
 9.622e+01 1.0416e-24 1.0416e-24 [ 8.7354e-105 8.1623e-53 5.2235e-34 7.6321e-25 2.7835e-25 ] 1.0000e+00
 9.633e+01 8.9156e-25 8.9156e-25 [ 4.8750e-105 5.7956e-53 4.1330e-34 6.5249e-25 2.3907e-25 ] 1.0000e+00
 9.645e+01 7.6286e-25 7.6286e-25 [ 2.7165e-105 4.1090e-53 3.2653e-34 5.5758e-25 2.0528e-25 ] 1.0000e+00
 9.656e+01 6.5246e-25 6.5246e-25 [ 1.5113e-105 2.9085e-53 2.5758e-34 4.7623e-25 1.7623e-25 ] 1.0000e+00
 9.667e+01 5.5778e-25 5.5778e-25 [ 8.3937e-106 2.0554e-53 2.0285e-34 4.0652e-25 1.5126e-25 ] 1.0000e+00
 9.679e+01 4.7660e-25 4.7660e-25 [ 4.6537e-106 1.4500e-53 1.5948e-34 3.4680e-25 1.2980e-25 ] 1.0000e+00
 9.690e+01 4.0700e-25 4.0700e-25 [ 2.5753e-106 1.0210e-53 1.2515e-34 2.9564e-25 1.1136e-25 ] 1.0000e+00
 9.701e+01 3.4735e-25 3.4735e-25 [ 1.4224e-106 7.1752e-54 9.8014e-35 2.5183e-25 9.5513e-26 ] 1.0000e+00
 9.713e+01 2.9622e-25 2.9622e-25 [ 7.8397e-107 5.0321e-54 7.6606e-35 2.1432e-25 8.1902e-26 ] 1.0000e+00
 9.724e+01 2.5242e-25 2.5242e-25 [ 4.3113e-107 3.5213e-54 5.9742e-35 1.8221e-25 7.0212e-26 ] 1.0000e+00
 9.735e+01 2.1490e-25 2.1490e-25 [ 2.3653e-107 2.4582e-54 4.6479e-35 1.5472e-25 6.0174e-26 ] 1.0000e+00
 9.747e+01 1.8275e-25 1.8275e-25 [ 1.2944e-107 1.7117e-54 3.6069e-35 1.3120e-25 5.1555e-26 ] 1.0000e+00
 9.758e+01 1.5522e-25 1.5522e-25 [ 7.0639e-108 1.1887e-54 2.7912e-35 1.1107e-25 4.4155e-26 ] 1.0000e+00
 9.769e+01 1.3165e-25 1.3165e-25 [ 3.8434e-108 8.2298e-55 2.1535e-35 9.3844e-26 3.7803e-26 ] 1.0000e+00
 9.781e+01 1.1146e-25 1.1146e-25 [ 2.0844e-108 5.6794e-55 1.6560e-35 7.9108e-26 3.2349e-26 ] 1.0000e+00
 9.792e+01 9.4168e-26 9.4168e-26 [ 1.1264e-108 3.9054e-55 1.2688e-35 6.6501e-26 2.7666e-26 ] 1.0000e+00
 9.803e+01 7.9360e-26 7.9360e-26 [ 6.0631e-109 2.6749e-55 9.6820e-36 5.5716e-26 2.3644e-26 ] 1.0000e+00
 9.815e+01 6.6676e-26 6.6676e-26 [ 3.2493e-109 1.8241e-55 7.3542e-36 4.6489e-26 2.0187e-26 ] 1.0000e+00
 9.826e+01 5.5809e-26 5.5809e-26 [ 1.7327e-109 1.2377e-55 5.5569e-36 3.8595e-26 1.7214e-26 ] 1.0000e+00
 9.837e+01 4.6495e-26 4.6495e-26 [ 9.1885e-110 8.3513e-56 4.1735e-36 3.1842e-26 1.4653e-26 ] 1.0000e+00
 9.849e+01 3.8508e-26 3.8508e-26 [ 4.8414e-110 5.5983e-56 3.1123e-36 2.6066e-26 1.2442e-26 ] 1.0000e+00
 9.860e+01 3.1656e-26 3.1656e-26 [ 2.5320e-110 3.7243e-56 2.3013e-36 2.1129e-26 1.0527e-26 ] 1.0000e+00
 9.871e+01 2.5774e-26 2.5774e-26 [ 1.3126e-110 2.4551e-56 1.6839e-36 1.6914e-26 8.8594e-27 ] 1.0000e+00
 9.883e+01 2.0722e-26 2.0722e-26 [ 6.7335e-111 1.6004e-56 1.2162e-36 1.3324e-26 7.3982e-27 ] 1.0000e+00
 9.894e+01 1.6384e-26 1.6384e-26 [ 3.4097e-111 1.0286e-56 8.6360e-37 1.0278e-26 6.1066e-27 ] 1.0000e+00
 9.905e+01 1.2664e-26 1.2664e-26 [ 1.6985e-111 6.4889e-57 5.9956e-37 7.7106e-27 4.9533e-27 ] 1.0000e+00
 9.917e+01 9.4832e-27 9.4832e-27 [ 8.2801e-112 3.9892e-57 4.0344e-37 5.5702e-27 3.9130e-27 ] 1.0000e+00
 9.928e+01 6.7838e-27 6.7838e-27 [ 3.9162e-112 2.3612e-57 2.5946e-37 3.8157e-27 2.9682e-27 ] 1.0000e+00
 9.939e+01 4.5271e-27 4.5271e-27 [ 1.7685e-112 1.3165e-57 1.5566e-37 2.4159e-27 2.1111e-27 ] 1.0000e+00
 9.951e+01 2.6958e-27 2.6958e-27 [ 7.3660e-113 6.6182e-58 8.3167e-38 1.3481e-27 1.3477e-27 ] 1.0000e+00
 9.962e+01 1.2982e-27 1.2982e-27 [ 2.5869e-113 2.7060e-58 3.5604e-38 5.9585e-28 7.0237e-28 ] 1.0000e+00
 9.973e+01 3.7346e-28 3.7346e-28 [ 5.5556e-114 6.4259e-59 8.7007e-39 1.4844e-28 2.2502e-28 ] 1.0000e+00
 9.985e+01 0.0000e+00 0.0000e+00 [ 0.0000e+00 0.0000e+00 0.0000e+00 0.0000e+00 0.0000e+00 ] 1.0000e+00
