 0.000e+00 0.0000e+00 0.0000e+00 [ 0.0000e+00 0.0000e+00 0.0000e+00 0.0000e+00 0.0000e+00 ] 1.0000e+00
 1.133e-01 6.2194e-02 6.2194e-02 [ 6.1682e-02 2.5694e-04 1.2056e-04 1.2437e-04 1.0594e-05 ] 9.3781e-01
 2.267e-01 1.1256e-01 1.1256e-01 [ 1.1052e-01 1.0273e-03 4.8196e-04 4.9713e-04 3.6713e-05 ] 8.8744e-01
 3.400e-01 1.6862e-01 1.6862e-01 [ 1.6405e-01 2.3036e-03 1.0806e-03 1.1126e-03 7.2807e-05 ] 8.3138e-01
 4.533e-01 2.2412e-01 2.2412e-01 [ 2.1608e-01 4.0620e-03 1.9050e-03 1.9563e-03 1.1431e-04 ] 7.7588e-01
 5.667e-01 2.7811e-01 2.7811e-01 [ 2.6576e-01 6.2574e-03 2.9338e-03 3.0031e-03 1.5756e-04 ] 7.2189e-01
 6.800e-01 3.2942e-01 3.2942e-01 [ 3.1205e-01 8.8227e-03 4.1351e-03 4.2170e-03 1.9994e-04 ] 6.7058e-01
 7.933e-01 3.7684e-01 3.7684e-01 [ 3.5391e-01 1.1675e-02 5.4698e-03 5.5544e-03 2.3975e-04 ] 6.2316e-01
 9.067e-01 4.1941e-01 4.1941e-01 [ 3.9055e-01 1.4725e-02 6.8951e-03 6.9687e-03 2.7611e-04 ] 5.8059e-01
 1.020e+00 4.5653e-01 4.5653e-01 [ 4.2155e-01 1.7885e-02 8.3704e-03 8.4161e-03 3.0870e-04 ] 5.4347e-01
 1.133e+00 4.8800e-01 4.8800e-01 [ 4.4686e-01 2.1083e-02 9.8607e-03 9.8600e-03 3.3764e-04 ] 5.1200e-01
 1.247e+00 5.1403e-01 5.1403e-01 [ 4.6679e-01 2.4264e-02 1.1340e-02 1.1273e-02 3.6328e-04 ] 4.8597e-01
 1.360e+00 5.3510e-01 5.3510e-01 [ 4.8190e-01 2.7390e-02 1.2791e-02 1.2638e-02 3.8608e-04 ] 4.6490e-01
 1.473e+00 5.5187e-01 5.5187e-01 [ 4.9287e-01 3.0443e-02 1.4204e-02 1.3945e-02 4.0655e-04 ] 4.4813e-01
 1.587e+00 5.6501e-01 5.6501e-01 [ 5.0040e-01 3.3417e-02 1.5576e-02 1.5192e-02 4.2516e-04 ] 4.3499e-01
 1.700e+00 5.7521e-01 5.7521e-01 [ 5.0516e-01 3.6314e-02 1.6907e-02 1.6381e-02 4.4232e-04 ] 4.2479e-01
 1.813e+00 5.8306e-01 5.8306e-01 [ 5.0775e-01 3.9142e-02 1.8202e-02 1.7516e-02 4.5837e-04 ] 4.1694e-01
 1.927e+00 5.8909e-01 5.8909e-01 [ 5.0864e-01 4.1911e-02 1.9465e-02 1.8602e-02 4.7357e-04 ] 4.1091e-01
 2.040e+00 5.9370e-01 5.9370e-01 [ 5.0823e-01 4.4632e-02 2.0700e-02 1.9644e-02 4.8811e-04 ] 4.0630e-01
 2.153e+00 5.9722e-01 5.9722e-01 [ 5.0685e-01 4.7313e-02 2.1911e-02 2.0648e-02 5.0214e-04 ] 4.0278e-01
 2.267e+00 5.9992e-01 5.9992e-01 [ 5.0472e-01 4.9965e-02 2.3103e-02 2.1618e-02 5.1577e-04 ] 4.0008e-01
 2.380e+00 6.0200e-01 6.0200e-01 [ 5.0204e-01 5.2595e-02 2.4278e-02 2.2558e-02 5.2909e-04 ] 3.9800e-01
 2.493e+00 6.0360e-01 6.0360e-01 [ 4.9894e-01 5.5209e-02 2.5441e-02 2.3472e-02 5.4214e-04 ] 3.9640e-01
 2.607e+00 6.0485e-01 6.0485e-01 [ 4.9553e-01 5.7813e-02 2.6592e-02 2.4362e-02 5.5498e-04 ] 3.9515e-01
 2.720e+00 6.0582e-01 6.0582e-01 [ 4.9188e-01 6.0410e-02 2.7733e-02 2.5230e-02 5.6763e-04 ] 3.9418e-01
 2.833e+00 6.0659e-01 6.0659e-01 [ 4.8806e-01 6.3005e-02 2.8867e-02 2.6079e-02 5.8012e-04 ] 3.9341e-01
 2.947e+00 6.0720e-01 6.0720e-01 [ 4.8411e-01 6.5599e-02 2.9993e-02 2.6910e-02 5.9247e-04 ] 3.9280e-01
 3.060e+00 6.0769e-01 6.0769e-01 [ 4.8005e-01 6.8196e-02 3.1113e-02 2.7725e-02 6.0471e-04 ] 3.9232e-01
 3.173e+00 6.0807e-01 6.0807e-01 [ 4.7591e-01 7.0796e-02 3.2228e-02 2.8524e-02 6.1683e-04 ] 3.9193e-01
 3.287e+00 6.0839e-01 6.0839e-01 [ 4.7171e-01 7.3401e-02 3.3338e-02 2.9310e-02 6.2886e-04 ] 3.9161e-01
 3.400e+00 6.0864e-01 6.0864e-01 [ 4.6746e-01 7.6013e-02 3.4444e-02 3.0082e-02 6.4081e-04 ] 3.9136e-01
 3.513e+00 6.0884e-01 6.0884e-01 [ 4.6317e-01 7.8632e-02 3.5545e-02 3.0842e-02 6.5269e-04 ] 3.9116e-01
 3.627e+00 6.0900e-01 6.0900e-01 [ 4.5885e-01 8.1259e-02 3.6643e-02 3.1590e-02 6.6450e-04 ] 3.9100e-01
 3.740e+00 6.0913e-01 6.0913e-01 [ 4.5450e-01 8.3895e-02 3.7737e-02 3.2328e-02 6.7626e-04 ] 3.9087e-01
 3.853e+00 6.0923e-01 6.0923e-01 [ 4.5012e-01 8.6541e-02 3.8827e-02 3.3056e-02 6.8798e-04 ] 3.9077e-01
 3.967e+00 6.0931e-01 6.0931e-01 [ 4.4572e-01 8.9196e-02 3.9915e-02 3.3774e-02 6.9966e-04 ] 3.9069e-01
 4.080e+00 6.0936e-01 6.0936e-01 [ 4.4130e-01 9.1862e-02 4.1000e-02 3.4484e-02 7.1131e-04 ] 3.9064e-01
 4.193e+00 6.0940e-01 6.0940e-01 [ 4.3687e-01 9.4539e-02 4.2082e-02 3.5185e-02 7.2293e-04 ] 3.9060e-01
 4.307e+00 6.0941e-01 6.0941e-01 [ 4.3241e-01 9.7227e-02 4.3161e-02 3.5879e-02 7.3454e-04 ] 3.9059e-01
 4.420e+00 6.0941e-01 6.0941e-01 [ 4.2794e-01 9.9927e-02 4.4238e-02 3.6566e-02 7.4613e-04 ] 3.9059e-01
 4.533e+00 6.0940e-01 6.0940e-01 [ 4.2345e-01 1.0264e-01 4.5313e-02 3.7247e-02 7.5772e-04 ] 3.9060e-01
 4.647e+00 6.0938e-01 6.0938e-01 [ 4.1894e-01 1.0536e-01 4.6387e-02 3.7922e-02 7.6932e-04 ] 3.9062e-01
 4.760e+00 6.0934e-01 6.0934e-01 [ 4.1441e-01 1.0810e-01 4.7458e-02 3.8592e-02 7.8091e-04 ] 3.9066e-01
 4.873e+00 6.0929e-01 6.0929e-01 [ 4.0987e-01 1.1084e-01 4.8528e-02 3.9257e-02 7.9252e-04 ] 3.9071e-01
 4.987e+00 6.0924e-01 6.0924e-01 [ 4.0531e-01 1.1360e-01 4.9597e-02 3.9918e-02 8.0415e-04 ] 3.9076e-01
 5.100e+00 6.0917e-01 6.0917e-01 [ 4.0074e-01 1.1638e-01 5.0665e-02 4.0575e-02 8.1579e-04 ] 3.9083e-01
 5.213e+00 6.0909e-01 6.0909e-01 [ 3.9614e-01 1.1916e-01 5.1732e-02 4.1229e-02 8.2746e-04 ] 3.9091e-01
 5.327e+00 6.0901e-01 6.0901e-01 [ 3.9153e-01 1.2196e-01 5.2798e-02 4.1880e-02 8.3915e-04 ] 3.9099e-01
 5.440e+00 6.0891e-01 6.0891e-01 [ 3.8690e-01 1.2477e-01 5.3864e-02 4.2528e-02 8.5088e-04 ] 3.9109e-01
 5.553e+00 6.0881e-01 6.0881e-01 [ 3.8226e-01 1.2759e-01 5.4930e-02 4.3175e-02 8.6264e-04 ] 3.9119e-01
 5.667e+00 6.0870e-01 6.0870e-01 [ 3.7759e-01 1.3042e-01 5.5996e-02 4.3820e-02 8.7444e-04 ] 3.9130e-01
 5.780e+00 6.0859e-01 6.0859e-01 [ 3.7291e-01 1.3327e-01 5.7062e-02 4.4464e-02 8.8628e-04 ] 3.9141e-01
 5.893e+00 6.0847e-01 6.0847e-01 [ 3.6821e-01 1.3612e-01 5.8129e-02 4.5106e-02 8.9816e-04 ] 3.9153e-01
 6.007e+00 6.0834e-01 6.0834e-01 [ 3.6349e-01 1.3899e-01 5.9196e-02 4.5749e-02 9.1009e-04 ] 3.9166e-01
 6.120e+00 6.0820e-01 6.0820e-01 [ 3.5876e-01 1.4187e-01 6.0264e-02 4.6391e-02 9.2207e-04 ] 3.9180e-01
 6.233e+00 6.0806e-01 6.0806e-01 [ 3.5401e-01 1.4475e-01 6.1334e-02 4.7033e-02 9.3410e-04 ] 3.9194e-01
 6.347e+00 6.0792e-01 6.0792e-01 [ 3.4924e-01 1.4765e-01 6.2404e-02 4.7676e-02 9.4619e-04 ] 3.9208e-01
 6.460e+00 6.0777e-01 6.0777e-01 [ 3.4446e-01 1.5055e-01 6.3477e-02 4.8319e-02 9.5833e-04 ] 3.9223e-01
 6.573e+00 6.0761e-01 6.0761e-01 [ 3.3966e-01 1.5347e-01 6.4551e-02 4.8964e-02 9.7053e-04 ] 3.9239e-01
 6.687e+00 6.0745e-01 6.0745e-01 [ 3.3484e-01 1.5639e-01 6.5628e-02 4.9610e-02 9.8279e-04 ] 3.9255e-01
 6.800e+00 6.0728e-01 6.0728e-01 [ 3.3001e-01 1.5931e-01 6.6706e-02 5.0257e-02 9.9511e-04 ] 3.9272e-01
 6.913e+00 6.0711e-01 6.0711e-01 [ 3.2517e-01 1.6224e-01 6.7787e-02 5.0906e-02 1.0075e-03 ] 3.9289e-01
 7.027e+00 6.0693e-01 6.0693e-01 [ 3.2031e-01 1.6518e-01 6.8871e-02 5.1557e-02 1.0199e-03 ] 3.9307e-01
 7.140e+00 6.0675e-01 6.0675e-01 [ 3.1544e-01 1.6811e-01 6.9958e-02 5.2211e-02 1.0325e-03 ] 3.9325e-01
 7.253e+00 6.0657e-01 6.0657e-01 [ 3.1055e-01 1.7105e-01 7.1048e-02 5.2866e-02 1.0450e-03 ] 3.9343e-01
 7.367e+00 6.0638e-01 6.0638e-01 [ 3.0566e-01 1.7400e-01 7.2141e-02 5.3524e-02 1.0577e-03 ] 3.9362e-01
 7.480e+00 6.0618e-01 6.0618e-01 [ 3.0075e-01 1.7694e-01 7.3238e-02 5.4185e-02 1.0704e-03 ] 3.9382e-01
 7.593e+00 6.0599e-01 6.0599e-01 [ 2.9584e-01 1.7987e-01 7.4338e-02 5.4849e-02 1.0832e-03 ] 3.9402e-01
 7.707e+00 6.0578e-01 6.0578e-01 [ 2.9092e-01 1.8281e-01 7.5443e-02 5.5516e-02 1.0961e-03 ] 3.9422e-01
 7.820e+00 6.0558e-01 6.0558e-01 [ 2.8599e-01 1.8574e-01 7.6552e-02 5.6186e-02 1.1090e-03 ] 3.9442e-01
 7.933e+00 6.0537e-01 6.0537e-01 [ 2.8106e-01 1.8866e-01 7.7665e-02 5.6860e-02 1.1221e-03 ] 3.9463e-01
 8.047e+00 6.0516e-01 6.0516e-01 [ 2.7612e-01 1.9158e-01 7.8783e-02 5.7537e-02 1.1352e-03 ] 3.9485e-01
 8.160e+00 6.0494e-01 6.0494e-01 [ 2.7118e-01 1.9449e-01 7.9906e-02 5.8218e-02 1.1483e-03 ] 3.9506e-01
 8.273e+00 6.0472e-01 6.0472e-01 [ 2.6624e-01 1.9738e-01 8.1033e-02 5.8902e-02 1.1616e-03 ] 3.9528e-01
 8.387e+00 6.0449e-01 6.0449e-01 [ 2.6130e-01 2.0026e-01 8.2166e-02 5.9590e-02 1.1749e-03 ] 3.9551e-01
 8.500e+00 6.0426e-01 6.0426e-01 [ 2.5636e-01 2.0313e-01 8.3304e-02 6.0282e-02 1.1883e-03 ] 3.9574e-01
 8.613e+00 6.0403e-01 6.0403e-01 [ 2.5143e-01 2.0598e-01 8.4447e-02 6.0978e-02 1.2018e-03 ] 3.9597e-01
 8.727e+00 6.0380e-01 6.0380e-01 [ 2.4650e-01 2.0881e-01 8.5597e-02 6.1678e-02 1.2154e-03 ] 3.9620e-01
 8.840e+00 6.0356e-01 6.0356e-01 [ 2.4157e-01 2.1162e-01 8.6752e-02 6.2382e-02 1.2290e-03 ] 3.9644e-01
 8.953e+00 6.0332e-01 6.0332e-01 [ 2.3666e-01 2.1441e-01 8.7914e-02 6.3090e-02 1.2427e-03 ] 3.9668e-01
 9.067e+00 6.0307e-01 6.0307e-01 [ 2.3176e-01 2.1717e-01 8.9081e-02 6.3803e-02 1.2566e-03 ] 3.9693e-01
 9.180e+00 6.0282e-01 6.0282e-01 [ 2.2687e-01 2.1990e-01 9.0256e-02 6.4520e-02 1.2705e-03 ] 3.9718e-01
 9.293e+00 6.0257e-01 6.0257e-01 [ 2.2200e-01 2.2261e-01 9.1436e-02 6.5241e-02 1.2844e-03 ] 3.9743e-01
 9.407e+00 6.0232e-01 6.0232e-01 [ 2.1715e-01 2.2528e-01 9.2624e-02 6.5967e-02 1.2985e-03 ] 3.9768e-01
 9.520e+00 6.0206e-01 6.0206e-01 [ 2.1231e-01 2.2792e-01 9.3819e-02 6.6698e-02 1.3127e-03 ] 3.9794e-01
 9.633e+00 6.0180e-01 6.0180e-01 [ 2.0749e-01 2.3052e-01 9.5021e-02 6.7433e-02 1.3269e-03 ] 3.9820e-01
 9.747e+00 6.0153e-01 6.0153e-01 [ 2.0270e-01 2.3308e-01 9.6230e-02 6.8172e-02 1.3412e-03 ] 3.9847e-01
 9.860e+00 6.0126e-01 6.0126e-01 [ 1.9794e-01 2.3561e-01 9.7446e-02 6.8917e-02 1.3556e-03 ] 3.9874e-01
 9.973e+00 6.0099e-01 6.0099e-01 [ 1.9320e-01 2.3809e-01 9.8670e-02 6.9665e-02 1.3701e-03 ] 3.9901e-01
 1.009e+01 6.0072e-01 6.0072e-01 [ 1.8849e-01 2.4052e-01 9.9902e-02 7.0419e-02 1.3847e-03 ] 3.9928e-01
 1.020e+01 6.0044e-01 6.0044e-01 [ 1.8382e-01 2.4290e-01 1.0114e-01 7.1177e-02 1.3994e-03 ] 3.9956e-01
 1.031e+01 6.0016e-01 6.0016e-01 [ 1.7917e-01 2.4524e-01 1.0239e-01 7.1941e-02 1.4142e-03 ] 3.9984e-01
 1.043e+01 5.9987e-01 5.9987e-01 [ 1.7457e-01 2.4752e-01 1.0365e-01 7.2709e-02 1.4290e-03 ] 4.0013e-01
 1.054e+01 5.9959e-01 5.9959e-01 [ 1.7000e-01 2.4975e-01 1.0491e-01 7.3482e-02 1.4440e-03 ] 4.0041e-01
 1.065e+01 5.9929e-01 5.9929e-01 [ 1.6547e-01 2.5192e-01 1.0618e-01 7.4259e-02 1.4590e-03 ] 4.0071e-01
 1.077e+01 5.9900e-01 5.9900e-01 [ 1.6099e-01 2.5403e-01 1.0747e-01 7.5042e-02 1.4741e-03 ] 4.0100e-01
 1.088e+01 5.9870e-01 5.9870e-01 [ 1.5655e-01 2.5607e-01 1.0876e-01 7.5830e-02 1.4894e-03 ] 4.0130e-01
 1.099e+01 5.9840e-01 5.9840e-01 [ 1.5216e-01 2.5806e-01 1.1006e-01 7.6622e-02 1.5047e-03 ] 4.0160e-01
 1.111e+01 5.9810e-01 5.9810e-01 [ 1.4782e-01 2.5998e-01 1.1137e-01 7.7420e-02 1.5201e-03 ] 4.0190e-01
 1.122e+01 5.9779e-01 5.9779e-01 [ 1.4353e-01 2.6182e-01 1.1268e-01 7.8223e-02 1.5356e-03 ] 4.0221e-01
 1.133e+01 5.9748e-01 5.9748e-01 [ 1.3929e-01 2.6360e-01 1.1401e-01 7.9031e-02 1.5512e-03 ] 4.0252e-01
 1.145e+01 5.9717e-01 5.9717e-01 [ 1.3510e-01 2.6531e-01 1.1535e-01 7.9844e-02 1.5669e-03 ] 4.0283e-01
 1.156e+01 5.9685e-01 5.9685e-01 [ 1.3097e-01 2.6694e-01 1.1669e-01 8.0662e-02 1.5827e-03 ] 4.0315e-01
 1.167e+01 5.9653e-01 5.9653e-01 [ 1.2691e-01 2.6849e-01 1.1805e-01 8.1485e-02 1.5986e-03 ] 4.0347e-01
 1.179e+01 5.9621e-01 5.9621e-01 [ 1.2290e-01 2.6997e-01 1.1941e-01 8.2313e-02 1.6146e-03 ] 4.0379e-01
 1.190e+01 5.9588e-01 5.9588e-01 [ 1.1895e-01 2.7137e-01 1.2079e-01 8.3147e-02 1.6306e-03 ] 4.0412e-01
 1.201e+01 5.9555e-01 5.9555e-01 [ 1.1506e-01 2.7268e-01 1.2218e-01 8.3986e-02 1.6468e-03 ] 4.0445e-01
 1.213e+01 5.9522e-01 5.9522e-01 [ 1.1124e-01 2.7391e-01 1.2357e-01 8.4831e-02 1.6631e-03 ] 4.0478e-01
 1.224e+01 5.9488e-01 5.9488e-01 [ 1.0749e-01 2.7505e-01 1.2498e-01 8.5681e-02 1.6795e-03 ] 4.0512e-01
 1.235e+01 5.9454e-01 5.9454e-01 [ 1.0380e-01 2.7611e-01 1.2639e-01 8.6536e-02 1.6960e-03 ] 4.0546e-01
 1.247e+01 5.9419e-01 5.9419e-01 [ 1.0018e-01 2.7708e-01 1.2782e-01 8.7397e-02 1.7126e-03 ] 4.0581e-01
 1.258e+01 5.9385e-01 5.9385e-01 [ 9.6634e-02 2.7797e-01 1.2925e-01 8.8263e-02 1.7293e-03 ] 4.0615e-01
 1.269e+01 5.9350e-01 5.9350e-01 [ 9.3156e-02 2.7876e-01 1.3070e-01 8.9135e-02 1.7462e-03 ] 4.0650e-01
 1.281e+01 5.9314e-01 5.9314e-01 [ 8.9749e-02 2.7946e-01 1.3216e-01 9.0013e-02 1.7631e-03 ] 4.0686e-01
 1.292e+01 5.9278e-01 5.9278e-01 [ 8.6415e-02 2.8007e-01 1.3362e-01 9.0896e-02 1.7801e-03 ] 4.0722e-01
 1.303e+01 5.9242e-01 5.9242e-01 [ 8.3155e-02 2.8058e-01 1.3510e-01 9.1786e-02 1.7973e-03 ] 4.0758e-01
 1.315e+01 5.9206e-01 5.9206e-01 [ 7.9968e-02 2.8100e-01 1.3659e-01 9.2681e-02 1.8145e-03 ] 4.0794e-01
 1.326e+01 5.9169e-01 5.9169e-01 [ 7.6856e-02 2.8133e-01 1.3809e-01 9.3581e-02 1.8319e-03 ] 4.0831e-01
 1.337e+01 5.9131e-01 5.9131e-01 [ 7.3819e-02 2.8156e-01 1.3960e-01 9.4488e-02 1.8494e-03 ] 4.0869e-01
 1.349e+01 5.9094e-01 5.9094e-01 [ 7.0857e-02 2.8170e-01 1.4111e-01 9.5401e-02 1.8670e-03 ] 4.0906e-01
 1.360e+01 5.9056e-01 5.9056e-01 [ 6.7970e-02 2.8174e-01 1.4264e-01 9.6320e-02 1.8847e-03 ] 4.0944e-01
 1.371e+01 5.9017e-01 5.9017e-01 [ 6.5159e-02 2.8168e-01 1.4418e-01 9.7245e-02 1.9026e-03 ] 4.0983e-01
 1.383e+01 5.8978e-01 5.8978e-01 [ 6.2424e-02 2.8153e-01 1.4573e-01 9.8176e-02 1.9205e-03 ] 4.1022e-01
 1.394e+01 5.8939e-01 5.8939e-01 [ 5.9765e-02 2.8128e-01 1.4729e-01 9.9114e-02 1.9386e-03 ] 4.1061e-01
 1.405e+01 5.8899e-01 5.8899e-01 [ 5.7181e-02 2.8093e-01 1.4886e-01 1.0006e-01 1.9568e-03 ] 4.1101e-01
 1.417e+01 5.8859e-01 5.8859e-01 [ 5.4672e-02 2.8049e-01 1.5044e-01 1.0101e-01 1.9752e-03 ] 4.1141e-01
 1.428e+01 5.8819e-01 5.8819e-01 [ 5.2239e-02 2.7996e-01 1.5203e-01 1.0197e-01 1.9937e-03 ] 4.1181e-01
 1.439e+01 5.8778e-01 5.8778e-01 [ 4.9880e-02 2.7933e-01 1.5363e-01 1.0293e-01 2.0123e-03 ] 4.1222e-01
 1.451e+01 5.8737e-01 5.8737e-01 [ 4.7595e-02 2.7860e-01 1.5524e-01 1.0390e-01 2.0310e-03 ] 4.1263e-01
 1.462e+01 5.8695e-01 5.8695e-01 [ 4.5383e-02 2.7778e-01 1.5686e-01 1.0488e-01 2.0499e-03 ] 4.1305e-01
 1.473e+01 5.8653e-01 5.8653e-01 [ 4.3245e-02 2.7687e-01 1.5848e-01 1.0586e-01 2.0689e-03 ] 4.1347e-01
 1.485e+01 5.8611e-01 5.8611e-01 [ 4.1178e-02 2.7587e-01 1.6012e-01 1.0686e-01 2.0880e-03 ] 4.1389e-01
 1.496e+01 5.8568e-01 5.8568e-01 [ 3.9183e-02 2.7477e-01 1.6176e-01 1.0785e-01 2.1073e-03 ] 4.1432e-01
 1.507e+01 5.8524e-01 5.8524e-01 [ 3.7258e-02 2.7358e-01 1.6342e-01 1.0886e-01 2.1267e-03 ] 4.1476e-01
 1.519e+01 5.8481e-01 5.8481e-01 [ 3.5402e-02 2.7231e-01 1.6508e-01 1.0988e-01 2.1463e-03 ] 4.1519e-01
 1.530e+01 5.8436e-01 5.8436e-01 [ 3.3614e-02 2.7094e-01 1.6674e-01 1.1090e-01 2.1660e-03 ] 4.1564e-01
 1.541e+01 5.8392e-01 5.8392e-01 [ 3.1894e-02 2.6949e-01 1.6842e-01 1.1193e-01 2.1859e-03 ] 4.1608e-01
 1.553e+01 5.8347e-01 5.8347e-01 [ 3.0240e-02 2.6796e-01 1.7010e-01 1.1296e-01 2.2059e-03 ] 4.1653e-01
 1.564e+01 5.8301e-01 5.8301e-01 [ 2.8650e-02 2.6634e-01 1.7179e-01 1.1401e-01 2.2261e-03 ] 4.1699e-01
 1.575e+01 5.8255e-01 5.8255e-01 [ 2.7124e-02 2.6464e-01 1.7348e-01 1.1506e-01 2.2465e-03 ] 4.1745e-01
 1.587e+01 5.8208e-01 5.8208e-01 [ 2.5660e-02 2.6285e-01 1.7518e-01 1.1612e-01 2.2670e-03 ] 4.1792e-01
 1.598e+01 5.8162e-01 5.8162e-01 [ 2.4257e-02 2.6099e-01 1.7688e-01 1.1719e-01 2.2876e-03 ] 4.1839e-01
 1.609e+01 5.8114e-01 5.8114e-01 [ 2.2913e-02 2.5905e-01 1.7859e-01 1.1827e-01 2.3085e-03 ] 4.1886e-01
 1.621e+01 5.8066e-01 5.8066e-01 [ 2.1628e-02 2.5704e-01 1.8031e-01 1.1936e-01 2.3295e-03 ] 4.1934e-01
 1.632e+01 5.8018e-01 5.8018e-01 [ 2.0399e-02 2.5495e-01 1.8202e-01 1.2046e-01 2.3507e-03 ] 4.1982e-01
 1.643e+01 5.7969e-01 5.7969e-01 [ 1.9225e-02 2.5279e-01 1.8374e-01 1.2156e-01 2.3720e-03 ] 4.2031e-01
 1.655e+01 5.7919e-01 5.7919e-01 [ 1.8104e-02 2.5056e-01 1.8546e-01 1.2268e-01 2.3936e-03 ] 4.2081e-01
 1.666e+01 5.7870e-01 5.7870e-01 [ 1.7036e-02 2.4827e-01 1.8718e-01 1.2380e-01 2.4153e-03 ] 4.2130e-01
 1.677e+01 5.7819e-01 5.7819e-01 [ 1.6018e-02 2.4590e-01 1.8890e-01 1.2493e-01 2.4373e-03 ] 4.2181e-01
 1.689e+01 5.7768e-01 5.7768e-01 [ 1.5049e-02 2.4348e-01 1.9062e-01 1.2608e-01 2.4594e-03 ] 4.2232e-01
 1.700e+01 5.7717e-01 5.7717e-01 [ 1.4127e-02 2.4099e-01 1.9234e-01 1.2723e-01 2.4817e-03 ] 4.2283e-01
 1.711e+01 5.7665e-01 5.7665e-01 [ 1.3252e-02 2.3844e-01 1.9405e-01 1.2840e-01 2.5042e-03 ] 4.2335e-01
 1.723e+01 5.7612e-01 5.7612e-01 [ 1.2420e-02 2.3584e-01 1.9577e-01 1.2957e-01 2.5269e-03 ] 4.2388e-01
 1.734e+01 5.7559e-01 5.7559e-01 [ 1.1632e-02 2.3318e-01 1.9748e-01 1.3075e-01 2.5498e-03 ] 4.2441e-01
 1.745e+01 5.7506e-01 5.7506e-01 [ 1.0884e-02 2.3047e-01 1.9918e-01 1.3195e-01 2.5730e-03 ] 4.2494e-01
 1.757e+01 5.7451e-01 5.7451e-01 [ 1.0177e-02 2.2770e-01 2.0088e-01 1.3316e-01 2.5963e-03 ] 4.2549e-01
 1.768e+01 5.7397e-01 5.7397e-01 [ 9.5072e-03 2.2489e-01 2.0257e-01 1.3438e-01 2.6199e-03 ] 4.2603e-01
 1.779e+01 5.7341e-01 5.7341e-01 [ 8.8745e-03 2.2204e-01 2.0425e-01 1.3561e-01 2.6437e-03 ] 4.2659e-01
 1.791e+01 5.7286e-01 5.7286e-01 [ 8.2770e-03 2.1914e-01 2.0592e-01 1.3685e-01 2.6678e-03 ] 4.2714e-01
 1.802e+01 5.7229e-01 5.7229e-01 [ 7.7132e-03 2.1620e-01 2.0759e-01 1.3810e-01 2.6921e-03 ] 4.2771e-01
 1.813e+01 5.7172e-01 5.7172e-01 [ 7.1819e-03 2.1322e-01 2.0924e-01 1.3937e-01 2.7166e-03 ] 4.2828e-01
 1.825e+01 5.7114e-01 5.7114e-01 [ 6.6815e-03 2.1020e-01 2.1087e-01 1.4065e-01 2.7414e-03 ] 4.2886e-01
 1.836e+01 5.7056e-01 5.7056e-01 [ 6.2107e-03 2.0715e-01 2.1250e-01 1.4194e-01 2.7664e-03 ] 4.2944e-01
 1.847e+01 5.6997e-01 5.6997e-01 [ 5.7681e-03 2.0407e-01 2.1410e-01 1.4324e-01 2.7917e-03 ] 4.3003e-01
 1.859e+01 5.6938e-01 5.6938e-01 [ 5.3525e-03 2.0096e-01 2.1569e-01 1.4456e-01 2.8172e-03 ] 4.3062e-01
 1.870e+01 5.6878e-01 5.6878e-01 [ 4.9625e-03 1.9782e-01 2.1726e-01 1.4589e-01 2.8430e-03 ] 4.3122e-01
 1.881e+01 5.6817e-01 5.6817e-01 [ 4.5970e-03 1.9465e-01 2.1881e-01 1.4724e-01 2.8691e-03 ] 4.3183e-01
 1.893e+01 5.6756e-01 5.6756e-01 [ 4.2547e-03 1.9146e-01 2.2034e-01 1.4860e-01 2.8955e-03 ] 4.3244e-01
 1.904e+01 5.6693e-01 5.6693e-01 [ 3.9344e-03 1.8826e-01 2.2185e-01 1.4998e-01 2.9221e-03 ] 4.3307e-01
 1.915e+01 5.6631e-01 5.6631e-01 [ 3.6350e-03 1.8503e-01 2.2333e-01 1.5137e-01 2.9491e-03 ] 4.3369e-01
 1.927e+01 5.6567e-01 5.6567e-01 [ 3.3554e-03 1.8179e-01 2.2478e-01 1.5277e-01 2.9763e-03 ] 4.3433e-01
 1.938e+01 5.6503e-01 5.6503e-01 [ 3.0946e-03 1.7853e-01 2.2620e-01 1.5419e-01 3.0039e-03 ] 4.3497e-01
 1.949e+01 5.6438e-01 5.6438e-01 [ 2.8515e-03 1.7527e-01 2.2760e-01 1.5563e-01 3.0317e-03 ] 4.3562e-01
 1.961e+01 5.6373e-01 5.6373e-01 [ 2.6252e-03 1.7199e-01 2.2897e-01 1.5708e-01 3.0599e-03 ] 4.3627e-01
 1.972e+01 5.6307e-01 5.6307e-01 [ 2.4146e-03 1.6871e-01 2.3030e-01 1.5856e-01 3.0884e-03 ] 4.3693e-01
 1.983e+01 5.6240e-01 5.6240e-01 [ 2.2189e-03 1.6543e-01 2.3159e-01 1.6004e-01 3.1173e-03 ] 4.3760e-01
 1.995e+01 5.6172e-01 5.6172e-01 [ 2.0372e-03 1.6214e-01 2.3285e-01 1.6155e-01 3.1465e-03 ] 4.3828e-01
 2.006e+01 5.6103e-01 5.6103e-01 [ 1.8686e-03 1.5885e-01 2.3407e-01 1.6307e-01 3.1760e-03 ] 4.3897e-01
 2.017e+01 5.6034e-01 5.6034e-01 [ 1.7124e-03 1.5556e-01 2.3525e-01 1.6461e-01 3.2059e-03 ] 4.3966e-01
 2.029e+01 5.5964e-01 5.5964e-01 [ 1.5678e-03 1.5228e-01 2.3639e-01 1.6617e-01 3.2361e-03 ] 4.4036e-01
 2.040e+01 5.5893e-01 5.5893e-01 [ 1.4341e-03 1.4900e-01 2.3749e-01 1.6775e-01 3.2668e-03 ] 4.4107e-01
 2.051e+01 5.5822e-01 5.5822e-01 [ 1.3106e-03 1.4573e-01 2.3853e-01 1.6935e-01 3.2977e-03 ] 4.4178e-01
 2.063e+01 5.5749e-01 5.5749e-01 [ 1.1966e-03 1.4247e-01 2.3954e-01 1.7097e-01 3.3291e-03 ] 4.4251e-01
 2.074e+01 5.5676e-01 5.5676e-01 [ 1.0914e-03 1.3922e-01 2.4049e-01 1.7260e-01 3.3609e-03 ] 4.4324e-01
 2.085e+01 5.5602e-01 5.5602e-01 [ 9.9458e-04 1.3598e-01 2.4139e-01 1.7426e-01 3.3930e-03 ] 4.4398e-01
 2.097e+01 5.5527e-01 5.5527e-01 [ 9.0545e-04 1.3277e-01 2.4223e-01 1.7594e-01 3.4256e-03 ] 4.4473e-01
 2.108e+01 5.5451e-01 5.5451e-01 [ 8.2352e-04 1.2956e-01 2.4302e-01 1.7764e-01 3.4585e-03 ] 4.4549e-01
 2.119e+01 5.5375e-01 5.5375e-01 [ 7.4828e-04 1.2638e-01 2.4376e-01 1.7936e-01 3.4919e-03 ] 4.4625e-01
 2.131e+01 5.5297e-01 5.5297e-01 [ 6.7926e-04 1.2322e-01 2.4443e-01 1.8111e-01 3.5257e-03 ] 4.4703e-01
 2.142e+01 5.5218e-01 5.5218e-01 [ 6.1599e-04 1.2008e-01 2.4505e-01 1.8288e-01 3.5599e-03 ] 4.4782e-01
 2.153e+01 5.5139e-01 5.5139e-01 [ 5.5807e-04 1.1697e-01 2.4560e-01 1.8467e-01 3.5946e-03 ] 4.4861e-01
 2.165e+01 5.5059e-01 5.5059e-01 [ 5.0510e-04 1.1388e-01 2.4609e-01 1.8648e-01 3.6297e-03 ] 4.4941e-01
 2.176e+01 5.4977e-01 5.4977e-01 [ 4.5670e-04 1.1082e-01 2.4651e-01 1.8832e-01 3.6652e-03 ] 4.5023e-01
 2.187e+01 5.4895e-01 5.4895e-01 [ 4.1253e-04 1.0779e-01 2.4686e-01 1.9018e-01 3.7012e-03 ] 4.5105e-01
 2.199e+01 5.4812e-01 5.4812e-01 [ 3.7226e-04 1.0479e-01 2.4715e-01 1.9206e-01 3.7377e-03 ] 4.5188e-01
 2.210e+01 5.4727e-01 5.4727e-01 [ 3.3557e-04 1.0183e-01 2.4736e-01 1.9397e-01 3.7746e-03 ] 4.5273e-01
 2.221e+01 5.4642e-01 5.4642e-01 [ 3.0220e-04 9.8894e-02 2.4750e-01 1.9591e-01 3.8120e-03 ] 4.5358e-01
 2.233e+01 5.4555e-01 5.4555e-01 [ 2.7187e-04 9.5996e-02 2.4757e-01 1.9787e-01 3.8498e-03 ] 4.5445e-01
 2.244e+01 5.4468e-01 5.4468e-01 [ 2.4433e-04 9.3134e-02 2.4756e-01 1.9985e-01 3.8881e-03 ] 4.5532e-01
 2.255e+01 5.4379e-01 5.4379e-01 [ 2.1935e-04 9.0311e-02 2.4747e-01 2.0186e-01 3.9268e-03 ] 4.5621e-01
 2.267e+01 5.4289e-01 5.4289e-01 [ 1.9672e-04 8.7526e-02 2.4731e-01 2.0390e-01 3.9661e-03 ] 4.5711e-01
 2.278e+01 5.4199e-01 5.4199e-01 [ 1.7625e-04 8.4781e-02 2.4706e-01 2.0596e-01 4.0058e-03 ] 4.5801e-01
 2.289e+01 5.4107e-01 5.4107e-01 [ 1.5773e-04 8.2077e-02 2.4674e-01 2.0805e-01 4.0459e-03 ] 4.5893e-01
 2.301e+01 5.4013e-01 5.4013e-01 [ 1.4102e-04 7.9415e-02 2.4633e-01 2.1016e-01 4.0865e-03 ] 4.5987e-01
 2.312e+01 5.3919e-01 5.3919e-01 [ 1.2594e-04 7.6797e-02 2.4583e-01 2.1230e-01 4.1276e-03 ] 4.6081e-01
 2.323e+01 5.3823e-01 5.3823e-01 [ 1.1235e-04 7.4222e-02 2.4526e-01 2.1447e-01 4.1691e-03 ] 4.6177e-01
 2.335e+01 5.3726e-01 5.3726e-01 [ 1.0012e-04 7.1693e-02 2.4459e-01 2.1667e-01 4.2111e-03 ] 4.6274e-01
 2.346e+01 5.3628e-01 5.3628e-01 [ 8.9127e-05 6.9209e-02 2.4385e-01 2.1888e-01 4.2535e-03 ] 4.6372e-01
 2.357e+01 5.3529e-01 5.3529e-01 [ 7.9254e-05 6.6772e-02 2.4301e-01 2.2113e-01 4.2964e-03 ] 4.6471e-01
 2.369e+01 5.3428e-01 5.3428e-01 [ 7.0397e-05 6.4382e-02 2.4209e-01 2.2340e-01 4.3397e-03 ] 4.6572e-01
 2.380e+01 5.3326e-01 5.3326e-01 [ 6.2461e-05 6.2040e-02 2.4108e-01 2.2570e-01 4.3833e-03 ] 4.6674e-01
 2.391e+01 5.3222e-01 5.3222e-01 [ 5.5357e-05 5.9746e-02 2.3998e-01 2.2802e-01 4.4274e-03 ] 4.6778e-01
 2.403e+01 5.3117e-01 5.3117e-01 [ 4.9007e-05 5.7501e-02 2.3879e-01 2.3036e-01 4.4718e-03 ] 4.6883e-01
 2.414e+01 5.3011e-01 5.3011e-01 [ 4.3337e-05 5.5306e-02 2.3751e-01 2.3273e-01 4.5166e-03 ] 4.6989e-01
 2.425e+01 5.2903e-01 5.2903e-01 [ 3.8279e-05 5.3160e-02 2.3615e-01 2.3512e-01 4.5617e-03 ] 4.7097e-01
 2.437e+01 5.2794e-01 5.2794e-01 [ 3.3773e-05 5.1064e-02 2.3470e-01 2.3754e-01 4.6072e-03 ] 4.7206e-01
 2.448e+01 5.2683e-01 5.2683e-01 [ 2.9763e-05 4.9019e-02 2.3316e-01 2.3997e-01 4.6529e-03 ] 4.7317e-01
 2.459e+01 5.2571e-01 5.2571e-01 [ 2.6199e-05 4.7024e-02 2.3153e-01 2.4243e-01 4.6988e-03 ] 4.7429e-01
 2.471e+01 5.2457e-01 5.2457e-01 [ 2.3034e-05 4.5080e-02 2.2982e-01 2.4491e-01 4.7450e-03 ] 4.7543e-01
 2.482e+01 5.2342e-01 5.2342e-01 [ 2.0229e-05 4.3187e-02 2.2802e-01 2.4740e-01 4.7914e-03 ] 4.7659e-01
 2.493e+01 5.2224e-01 5.2224e-01 [ 1.7744e-05 4.1345e-02 2.2613e-01 2.4991e-01 4.8378e-03 ] 4.7776e-01
 2.505e+01 5.2105e-01 5.2105e-01 [ 1.5545e-05 3.9553e-02 2.2417e-01 2.5243e-01 4.8844e-03 ] 4.7895e-01
 2.516e+01 5.1985e-01 5.1985e-01 [ 1.3603e-05 3.7812e-02 2.2212e-01 2.5497e-01 4.9311e-03 ] 4.8015e-01
 2.527e+01 5.1862e-01 5.1862e-01 [ 1.1889e-05 3.6122e-02 2.1999e-01 2.5752e-01 4.9777e-03 ] 4.8138e-01
 2.539e+01 5.1738e-01 5.1738e-01 [ 1.0378e-05 3.4482e-02 2.1779e-01 2.6008e-01 5.0243e-03 ] 4.8262e-01
 2.550e+01 5.1612e-01 5.1612e-01 [ 9.0482e-06 3.2893e-02 2.1551e-01 2.6264e-01 5.0708e-03 ] 4.8388e-01
 2.561e+01 5.1484e-01 5.1484e-01 [ 7.8790e-06 3.1354e-02 2.1315e-01 2.6521e-01 5.1172e-03 ] 4.8516e-01
 2.573e+01 5.1353e-01 5.1353e-01 [ 6.8523e-06 2.9864e-02 2.1072e-01 2.6777e-01 5.1632e-03 ] 4.8647e-01
 2.584e+01 5.1221e-01 5.1221e-01 [ 5.9518e-06 2.8424e-02 2.0823e-01 2.7034e-01 5.2090e-03 ] 4.8779e-01
 2.595e+01 5.1085e-01 5.1085e-01 [ 5.1631e-06 2.7032e-02 2.0567e-01 2.7290e-01 5.2544e-03 ] 4.8915e-01
 2.607e+01 5.0948e-01 5.0948e-01 [ 4.4733e-06 2.5689e-02 2.0304e-01 2.7544e-01 5.2993e-03 ] 4.9052e-01
 2.618e+01 5.0807e-01 5.0807e-01 [ 3.8705e-06 2.4394e-02 2.0035e-01 2.7797e-01 5.3437e-03 ] 4.9193e-01
 2.629e+01 5.0663e-01 5.0663e-01 [ 3.3447e-06 2.3146e-02 1.9761e-01 2.8048e-01 5.3874e-03 ] 4.9337e-01
 2.641e+01 5.0516e-01 5.0516e-01 [ 2.8865e-06 2.1945e-02 1.9481e-01 2.8297e-01 5.4304e-03 ] 4.9484e-01
 2.652e+01 5.0364e-01 5.0364e-01 [ 2.4877e-06 2.0790e-02 1.9196e-01 2.8542e-01 5.4726e-03 ] 4.9636e-01
 2.663e+01 5.0208e-01 5.0208e-01 [ 2.1412e-06 1.9680e-02 1.8906e-01 2.8782e-01 5.5137e-03 ] 4.9792e-01
 2.675e+01 5.0046e-01 5.0046e-01 [ 1.8405e-06 1.8615e-02 1.8611e-01 2.9018e-01 5.5538e-03 ] 4.9954e-01
 2.686e+01 4.9879e-01 4.9879e-01 [ 1.5798e-06 1.7594e-02 1.8312e-01 2.9248e-01 5.5926e-03 ] 5.0121e-01
 2.697e+01 4.9704e-01 4.9704e-01 [ 1.3542e-06 1.6616e-02 1.8008e-01 2.9471e-01 5.6301e-03 ] 5.0296e-01
 2.709e+01 4.9520e-01 4.9520e-01 [ 1.1593e-06 1.5680e-02 1.7701e-01 2.9685e-01 5.6660e-03 ] 5.0480e-01
 2.720e+01 4.9326e-01 4.9326e-01 [ 9.9097e-07 1.4785e-02 1.7389e-01 2.9889e-01 5.7002e-03 ] 5.0674e-01
 2.731e+01 4.9120e-01 4.9120e-01 [ 8.4590e-07 1.3930e-02 1.7073e-01 3.0081e-01 5.7325e-03 ] 5.0880e-01
 2.743e+01 4.8900e-01 4.8900e-01 [ 7.2104e-07 1.3113e-02 1.6753e-01 3.0259e-01 5.7627e-03 ] 5.1100e-01
 2.754e+01 4.8662e-01 4.8662e-01 [ 6.1372e-07 1.2335e-02 1.6429e-01 3.0421e-01 5.7905e-03 ] 5.1338e-01
 2.765e+01 4.8403e-01 4.8403e-01 [ 5.2161e-07 1.1594e-02 1.6099e-01 3.0563e-01 5.8156e-03 ] 5.1597e-01
 2.777e+01 4.8120e-01 4.8120e-01 [ 4.4265e-07 1.0887e-02 1.5765e-01 3.0683e-01 5.8378e-03 ] 5.1880e-01
 2.788e+01 4.7807e-01 4.7807e-01 [ 3.7507e-07 1.0215e-02 1.5424e-01 3.0776e-01 5.8566e-03 ] 5.2193e-01
 2.799e+01 4.7459e-01 4.7459e-01 [ 3.1731e-07 9.5749e-03 1.5077e-01 3.0838e-01 5.8716e-03 ] 5.2541e-01
 2.811e+01 4.7070e-01 4.7070e-01 [ 2.6801e-07 8.9660e-03 1.4721e-01 3.0863e-01 5.8823e-03 ] 5.2930e-01
 2.822e+01 4.6631e-01 4.6631e-01 [ 2.2598e-07 8.3864e-03 1.4356e-01 3.0847e-01 5.8881e-03 ] 5.3369e-01
 2.833e+01 4.6134e-01 4.6134e-01 [ 1.9021e-07 7.8347e-03 1.3980e-01 3.0781e-01 5.8884e-03 ] 5.3866e-01
 2.845e+01 4.5570e-01 4.5570e-01 [ 1.5980e-07 7.3091e-03 1.3592e-01 3.0659e-01 5.8823e-03 ] 5.4430e-01
 2.856e+01 4.4927e-01 4.4927e-01 [ 1.3399e-07 6.8079e-03 1.3188e-01 3.0471e-01 5.8689e-03 ] 5.5073e-01
 2.867e+01 4.4195e-01 4.4195e-01 [ 1.1210e-07 6.3295e-03 1.2768e-01 3.0210e-01 5.8473e-03 ] 5.5805e-01
 2.879e+01 4.3363e-01 4.3363e-01 [ 9.3565e-08 5.8722e-03 1.2328e-01 2.9866e-01 5.8162e-03 ] 5.6637e-01
 2.890e+01 4.2417e-01 4.2417e-01 [ 7.7895e-08 5.4345e-03 1.1868e-01 2.9428e-01 5.7744e-03 ] 5.7583e-01
 2.901e+01 4.1347e-01 4.1347e-01 [ 6.4665e-08 5.0151e-03 1.1384e-01 2.8889e-01 5.7206e-03 ] 5.8653e-01
 2.913e+01 4.0144e-01 4.0144e-01 [ 5.3511e-08 4.6127e-03 1.0877e-01 2.8240e-01 5.6534e-03 ] 5.9856e-01
 2.924e+01 3.8800e-01 3.8800e-01 [ 4.4126e-08 4.2265e-03 1.0345e-01 2.7475e-01 5.5715e-03 ] 6.1200e-01
 2.935e+01 3.7313e-01 3.7313e-01 [ 3.6246e-08 3.8560e-03 9.7895e-02 2.6591e-01 5.4737e-03 ] 6.2687e-01
 2.947e+01 3.5684e-01 3.5684e-01 [ 2.9644e-08 3.5010e-03 9.2115e-02 2.5587e-01 5.3591e-03 ] 6.4316e-01
 2.958e+01 3.3920e-01 3.3920e-01 [ 2.4131e-08 3.1616e-03 8.6143e-02 2.4467e-01 5.2272e-03 ] 6.6080e-01
 2.969e+01 3.2034e-01 3.2034e-01 [ 1.9543e-08 2.8384e-03 8.0022e-02 2.3240e-01 5.0779e-03 ] 6.7966e-01
 2.981e+01 3.0045e-01 3.0045e-01 [ 1.5740e-08 2.5323e-03 7.3811e-02 2.1919e-01 4.9116e-03 ] 6.9955e-01
 2.992e+01 2.7979e-01 2.7979e-01 [ 1.2603e-08 2.2442e-03 6.7579e-02 2.0524e-01 4.7295e-03 ] 7.2021e-01
 3.003e+01 2.5865e-01 2.5865e-01 [ 1.0031e-08 1.9750e-03 6.1400e-02 1.9075e-01 4.5333e-03 ] 7.4135e-01
 3.015e+01 2.3737e-01 2.3737e-01 [ 7.9339e-09 1.7259e-03 5.5355e-02 1.7596e-01 4.3253e-03 ] 7.6263e-01
 3.026e+01 2.1626e-01 2.1626e-01 [ 6.2358e-09 1.4974e-03 4.9520e-02 1.6113e-01 4.1081e-03 ] 7.8374e-01
 3.037e+01 1.9564e-01 1.9564e-01 [ 4.8704e-09 1.2900e-03 4.3962e-02 1.4651e-01 3.8846e-03 ] 8.0436e-01
 3.049e+01 1.7581e-01 1.7581e-01 [ 3.7806e-09 1.1037e-03 3.8741e-02 1.3231e-01 3.6580e-03 ] 8.2419e-01
 3.060e+01 1.5701e-01 1.5701e-01 [ 2.9171e-09 9.3808e-04 3.3899e-02 1.1874e-01 3.4311e-03 ] 8.4299e-01
 3.071e+01 1.3941e-01 1.3941e-01 [ 2.2381e-09 7.9228e-04 2.9465e-02 1.0595e-01 3.2067e-03 ] 8.6059e-01
 3.083e+01 1.2315e-01 1.2315e-01 [ 1.7079e-09 6.6521e-04 2.5453e-02 9.4042e-02 2.9872e-03 ] 8.7685e-01
 3.094e+01 1.0828e-01 1.0828e-01 [ 1.2967e-09 5.5548e-04 2.1861e-02 8.3092e-02 2.7746e-03 ] 8.9172e-01
 3.105e+01 9.4838e-02 9.4838e-02 [ 9.7993e-10 4.6154e-04 1.8678e-02 7.3128e-02 2.5705e-03 ] 9.0516e-01
 3.117e+01 8.2787e-02 8.2787e-02 [ 7.3738e-10 3.8175e-04 1.5884e-02 6.4145e-02 2.3760e-03 ] 9.1721e-01
 3.128e+01 7.2071e-02 7.2071e-02 [ 5.5270e-10 3.1445e-04 1.3451e-02 5.6114e-02 2.1918e-03 ] 9.2793e-01
 3.139e+01 6.2609e-02 6.2609e-02 [ 4.1281e-10 2.5807e-04 1.1348e-02 4.8985e-02 2.0186e-03 ] 9.3739e-01
 3.151e+01 5.4303e-02 5.4303e-02 [ 3.0733e-10 2.1111e-04 9.5415e-03 4.2694e-02 1.8563e-03 ] 9.4570e-01
 3.162e+01 4.7048e-02 4.7048e-02 [ 2.2814e-10 1.7219e-04 7.9993e-03 3.7172e-02 1.7049e-03 ] 9.5295e-01
 3.173e+01 4.0738e-02 4.0738e-02 [ 1.6891e-10 1.4009e-04 6.6891e-03 3.2345e-02 1.5642e-03 ] 9.5926e-01
 3.185e+01 3.5268e-02 3.5268e-02 [ 1.2477e-10 1.1371e-04 5.5810e-03 2.8139e-02 1.4338e-03 ] 9.6473e-01
 3.196e+01 3.0538e-02 3.0538e-02 [ 9.1961e-11 9.2113e-05 4.6473e-03 2.4486e-02 1.3133e-03 ] 9.6946e-01
 3.207e+01 2.6457e-02 2.6457e-02 [ 6.7651e-11 7.4486e-05 3.8632e-03 2.1317e-02 1.2021e-03 ] 9.7354e-01
 3.219e+01 2.2941e-02 2.2941e-02 [ 4.9680e-11 6.0138e-05 3.2067e-03 1.8574e-02 1.0998e-03 ] 9.7706e-01
 3.230e+01 1.9913e-02 1.9913e-02 [ 3.6424e-11 4.8486e-05 2.6583e-03 1.6201e-02 1.0056e-03 ] 9.8009e-01
 3.241e+01 1.7308e-02 1.7308e-02 [ 2.6667e-11 3.9044e-05 2.2012e-03 1.4149e-02 9.1914e-04 ] 9.8269e-01
 3.253e+01 1.5066e-02 1.5066e-02 [ 1.9497e-11 3.1406e-05 1.8210e-03 1.2374e-02 8.3980e-04 ] 9.8493e-01
 3.264e+01 1.3136e-02 1.3136e-02 [ 1.4237e-11 2.5237e-05 1.5051e-03 1.0839e-02 7.6707e-04 ] 9.8686e-01
 3.275e+01 1.1473e-02 1.1473e-02 [ 1.0384e-11 2.0262e-05 1.2432e-03 9.5093e-03 7.0044e-04 ] 9.8853e-01
 3.287e+01 1.0039e-02 1.0039e-02 [ 7.5652e-12 1.6255e-05 1.0262e-03 8.3575e-03 6.3944e-04 ] 9.8996e-01
 3.298e+01 8.8015e-03 8.8015e-03 [ 5.5062e-12 1.3030e-05 8.4660e-04 7.3582e-03 5.8363e-04 ] 9.9120e-01
 3.309e+01 7.7312e-03 7.7312e-03 [ 4.0037e-12 1.0439e-05 6.9812e-04 6.4900e-03 5.3258e-04 ] 9.9227e-01
 3.321e+01 6.8042e-03 6.8042e-03 [ 2.9085e-12 8.3575e-06 5.7545e-04 5.7345e-03 4.8592e-04 ] 9.9320e-01
 3.332e+01 6.0001e-03 6.0001e-03 [ 2.1110e-12 6.6874e-06 4.7417e-04 5.0759e-03 4.4327e-04 ] 9.9400e-01
 3.343e+01 5.3011e-03 5.3011e-03 [ 1.5309e-12 5.3482e-06 3.9060e-04 4.5008e-03 4.0431e-04 ] 9.9470e-01
 3.355e+01 4.6923e-03 4.6923e-03 [ 1.1093e-12 4.2751e-06 3.2169e-04 3.9977e-03 3.6872e-04 ] 9.9531e-01
 3.366e+01 4.1611e-03 4.1611e-03 [ 8.0315e-13 3.4158e-06 2.6488e-04 3.5566e-03 3.3622e-04 ] 9.9584e-01
 3.377e+01 3.6965e-03 3.6965e-03 [ 5.8105e-13 2.7280e-06 2.1807e-04 3.1692e-03 3.0655e-04 ] 9.9630e-01
 3.389e+01 3.2894e-03 3.2894e-03 [ 4.2006e-13 2.1777e-06 1.7951e-04 2.8282e-03 2.7947e-04 ] 9.9671e-01
 3.400e+01 2.9318e-03 2.9318e-03 [ 3.0345e-13 1.7378e-06 1.4776e-04 2.5275e-03 2.5476e-04 ] 9.9707e-01
 3.411e+01 2.6171e-03 2.6171e-03 [ 2.1905e-13 1.3862e-06 1.2162e-04 2.2619e-03 2.3220e-04 ] 9.9738e-01
 3.423e+01 2.3396e-03 2.3396e-03 [ 1.5802e-13 1.1053e-06 1.0010e-04 2.0268e-03 2.1163e-04 ] 9.9766e-01
 3.434e+01 2.0944e-03 2.0944e-03 [ 1.1391e-13 8.8106e-07 8.2391e-05 1.8182e-03 1.9286e-04 ] 9.9791e-01
 3.445e+01 1.8772e-03 1.8772e-03 [ 8.2054e-14 7.0205e-07 6.7819e-05 1.6330e-03 1.7574e-04 ] 9.9812e-01
 3.457e+01 1.6846e-03 1.6846e-03 [ 5.9068e-14 5.5921e-07 5.5831e-05 1.4681e-03 1.6013e-04 ] 9.9832e-01
 3.468e+01 1.5135e-03 1.5135e-03 [ 4.2493e-14 4.4530e-07 4.5967e-05 1.3211e-03 1.4589e-04 ] 9.9849e-01
 3.479e+01 1.3611e-03 1.3611e-03 [ 3.0548e-14 3.5447e-07 3.7853e-05 1.1899e-03 1.3291e-04 ] 9.9864e-01
 3.491e+01 1.2252e-03 1.2252e-03 [ 2.1947e-14 2.8208e-07 3.1178e-05 1.0726e-03 1.2108e-04 ] 9.9877e-01
 3.502e+01 1.1038e-03 1.1038e-03 [ 1.5757e-14 2.2440e-07 2.5686e-05 9.6763e-04 1.1029e-04 ] 9.9890e-01
 3.513e+01 9.9528e-04 9.9528e-04 [ 1.1305e-14 1.7846e-07 2.1168e-05 8.7349e-04 1.0045e-04 ] 9.9900e-01
 3.525e+01 8.9807e-04 8.9807e-04 [ 8.1061e-15 1.4188e-07 1.7451e-05 7.8899e-04 9.1487e-05 ] 9.9910e-01
 3.536e+01 8.1089e-04 8.1089e-04 [ 5.8085e-15 1.1277e-07 1.4392e-05 7.1307e-04 8.3317e-05 ] 9.9919e-01
 3.547e+01 7.3262e-04 7.3262e-04 [ 4.1595e-15 8.9602e-08 1.1874e-05 6.4478e-04 7.5871e-05 ] 9.9927e-01
 3.559e+01 6.6226e-04 6.6226e-04 [ 2.9767e-15 7.1174e-08 9.8020e-06 5.8330e-04 6.9086e-05 ] 9.9934e-01
 3.570e+01 5.9896e-04 5.9896e-04 [ 2.1289e-15 5.6519e-08 8.0959e-06 5.2790e-04 6.2904e-05 ] 9.9940e-01
 3.581e+01 5.4195e-04 5.4195e-04 [ 1.5216e-15 4.4869e-08 6.6908e-06 4.7794e-04 5.7271e-05 ] 9.9946e-01
 3.593e+01 4.9056e-04 4.9056e-04 [ 1.0868e-15 3.5610e-08 5.5333e-06 4.3286e-04 5.2140e-05 ] 9.9951e-01
 3.604e+01 4.4421e-04 4.4421e-04 [ 7.7580e-16 2.8253e-08 4.5794e-06 3.9214e-04 4.7465e-05 ] 9.9956e-01
 3.615e+01 4.0236e-04 4.0236e-04 [ 5.5343e-16 2.2410e-08 3.7930e-06 3.5534e-04 4.3206e-05 ] 9.9960e-01
 3.627e+01 3.6456e-04 3.6456e-04 [ 3.9456e-16 1.7771e-08 3.1444e-06 3.2207e-04 3.9327e-05 ] 9.9964e-01
 3.638e+01 3.3040e-04 3.3040e-04 [ 2.8112e-16 1.4088e-08 2.6092e-06 2.9198e-04 3.5794e-05 ] 9.9967e-01
 3.649e+01 2.9950e-04 2.9950e-04 [ 2.0016e-16 1.1165e-08 2.1673e-06 2.6474e-04 3.2576e-05 ] 9.9970e-01
 3.661e+01 2.7154e-04 2.7154e-04 [ 1.4244e-16 8.8462e-09 1.8023e-06 2.4009e-04 2.9646e-05 ] 9.9973e-01
 3.672e+01 2.4624e-04 2.4624e-04 [ 1.0129e-16 7.0070e-09 1.5004e-06 2.1775e-04 2.6977e-05 ] 9.9975e-01
 3.683e+01 2.2332e-04 2.2332e-04 [ 7.1990e-17 5.5487e-09 1.2507e-06 1.9752e-04 2.4547e-05 ] 9.9978e-01
 3.695e+01 2.0257e-04 2.0257e-04 [ 5.1132e-17 4.3928e-09 1.0440e-06 1.7918e-04 2.2335e-05 ] 9.9980e-01
 3.706e+01 1.8376e-04 1.8376e-04 [ 3.6294e-17 3.4767e-09 8.7265e-07 1.6256e-04 2.0321e-05 ] 9.9982e-01
 3.717e+01 1.6671e-04 1.6671e-04 [ 2.5747e-17 2.7509e-09 7.3052e-07 1.4749e-04 1.8487e-05 ] 9.9983e-01
 3.729e+01 1.5126e-04 1.5126e-04 [ 1.8253e-17 2.1761e-09 6.1249e-07 1.3383e-04 1.6817e-05 ] 9.9985e-01
 3.740e+01 1.3725e-04 1.3725e-04 [ 1.2932e-17 1.7209e-09 5.1437e-07 1.2143e-04 1.5298e-05 ] 9.9986e-01
 3.751e+01 1.2454e-04 1.2454e-04 [ 9.1571e-18 1.3606e-09 4.3271e-07 1.1019e-04 1.3914e-05 ] 9.9988e-01
 3.763e+01 1.1301e-04 1.1301e-04 [ 6.4799e-18 1.0754e-09 3.6465e-07 9.9985e-05 1.2655e-05 ] 9.9989e-01
 3.774e+01 1.0255e-04 1.0255e-04 [ 4.5826e-18 8.4985e-10 3.0786e-07 9.0729e-05 1.1510e-05 ] 9.9990e-01
 3.785e+01 9.3057e-05 9.3057e-05 [ 3.2388e-18 6.7140e-10 2.6040e-07 8.2330e-05 1.0467e-05 ] 9.9991e-01
 3.797e+01 8.4446e-05 8.4446e-05 [ 2.2877e-18 5.3030e-10 2.2067e-07 7.4707e-05 9.5179e-06 ] 9.9992e-01
 3.808e+01 7.6631e-05 7.6631e-05 [ 1.6149e-18 4.1875e-10 1.8738e-07 6.7789e-05 8.6544e-06 ] 9.9992e-01
 3.819e+01 6.9539e-05 6.9539e-05 [ 1.1392e-18 3.3058e-10 1.5941e-07 6.1511e-05 7.8688e-06 ] 9.9993e-01
 3.831e+01 6.3102e-05 6.3102e-05 [ 8.0319e-19 2.6092e-10 1.3590e-07 5.5812e-05 7.1540e-06 ] 9.9994e-01
 3.842e+01 5.7260e-05 5.7260e-05 [ 5.6593e-19 2.0589e-10 1.1608e-07 5.0640e-05 6.5037e-06 ] 9.9994e-01
 3.853e+01 5.1957e-05 5.1957e-05 [ 3.9851e-19 1.6243e-10 9.9346e-08 4.5945e-05 5.9121e-06 ] 9.9995e-01
 3.865e+01 4.7143e-05 4.7143e-05 [ 2.8045e-19 1.2811e-10 8.5194e-08 4.1684e-05 5.3739e-06 ] 9.9995e-01
 3.876e+01 4.2774e-05 4.2774e-05 [ 1.9725e-19 1.0103e-10 7.3201e-08 3.7816e-05 4.8845e-06 ] 9.9996e-01
 3.887e+01 3.8808e-05 3.8808e-05 [ 1.3864e-19 7.9652e-11 6.3016e-08 3.4306e-05 4.4392e-06 ] 9.9996e-01
 3.899e+01 3.5208e-05 3.5208e-05 [ 9.7389e-20 6.2786e-11 5.4350e-08 3.1120e-05 4.0343e-06 ] 9.9996e-01
 3.910e+01 3.1941e-05 3.1941e-05 [ 6.8370e-20 4.9482e-11 4.6962e-08 2.8228e-05 3.6661e-06 ] 9.9997e-01
 3.921e+01 2.8975e-05 2.8975e-05 [ 4.7969e-20 3.8990e-11 4.0649e-08 2.5603e-05 3.3313e-06 ] 9.9997e-01
 3.933e+01 2.6283e-05 2.6283e-05 [ 3.3635e-20 3.0718e-11 3.5246e-08 2.3221e-05 3.0268e-06 ] 9.9997e-01
 3.944e+01 2.3840e-05 2.3840e-05 [ 2.3570e-20 2.4197e-11 3.0610e-08 2.1059e-05 2.7499e-06 ] 9.9998e-01
 3.955e+01 2.1623e-05 2.1623e-05 [ 1.6506e-20 1.9057e-11 2.6626e-08 1.9098e-05 2.4982e-06 ] 9.9998e-01
 3.967e+01 1.9610e-05 1.9610e-05 [ 1.1553e-20 1.5007e-11 2.3194e-08 1.7317e-05 2.2694e-06 ] 9.9998e-01
 3.978e+01 1.7784e-05 1.7784e-05 [ 8.0811e-21 1.1816e-11 2.0233e-08 1.5702e-05 2.0614e-06 ] 9.9998e-01
 3.989e+01 1.6127e-05 1.6127e-05 [ 5.6492e-21 9.3024e-12 1.7674e-08 1.4237e-05 1.8723e-06 ] 9.9998e-01
 4.001e+01 1.4623e-05 1.4623e-05 [ 3.9467e-21 7.3229e-12 1.5457e-08 1.2907e-05 1.7005e-06 ] 9.9999e-01
 4.012e+01 1.3258e-05 1.3258e-05 [ 2.7557e-21 5.7642e-12 1.3534e-08 1.1700e-05 1.5443e-06 ] 9.9999e-01
 4.023e+01 1.2020e-05 1.2020e-05 [ 1.9229e-21 4.5369e-12 1.1863e-08 1.0606e-05 1.4023e-06 ] 9.9999e-01
 4.035e+01 1.0897e-05 1.0897e-05 [ 1.3410e-21 3.5708e-12 1.0408e-08 9.6132e-06 1.2733e-06 ] 9.9999e-01
 4.046e+01 9.8779e-06 9.8779e-06 [ 9.3462e-22 2.8103e-12 9.1398e-09 8.7126e-06 1.1561e-06 ] 9.9999e-01
 4.057e+01 8.9534e-06 8.9534e-06 [ 6.5100e-22 2.2117e-12 8.0328e-09 7.8958e-06 1.0496e-06 ] 9.9999e-01
 4.069e+01 8.1149e-06 8.1149e-06 [ 4.5318e-22 1.7407e-12 7.0651e-09 7.1550e-06 9.5284e-07 ] 9.9999e-01
 4.080e+01 7.3543e-06 7.3543e-06 [ 3.1528e-22 1.3700e-12 6.2182e-09 6.4831e-06 8.6493e-07 ] 9.9999e-01
 4.091e+01 6.6644e-06 6.6644e-06 [ 2.1921e-22 1.0783e-12 5.4760e-09 5.8739e-06 7.8507e-07 ] 9.9999e-01
 4.103e+01 6.0388e-06 6.0388e-06 [ 1.5233e-22 8.4883e-13 4.8249e-09 5.3215e-06 7.1253e-07 ] 9.9999e-01
 4.114e+01 5.4715e-06 5.4715e-06 [ 1.0578e-22 6.6825e-13 4.2531e-09 4.8206e-06 6.4665e-07 ] 9.9999e-01
 4.125e+01 4.9570e-06 4.9570e-06 [ 7.3420e-23 5.2616e-13 3.7506e-09 4.3665e-06 5.8681e-07 ] 1.0000e+00
 4.137e+01 4.4906e-06 4.4906e-06 [ 5.0927e-23 4.1435e-13 3.3085e-09 3.9548e-06 5.3247e-07 ] 1.0000e+00
 4.148e+01 4.0677e-06 4.0677e-06 [ 3.5304e-23 3.2637e-13 2.9194e-09 3.5816e-06 4.8312e-07 ] 1.0000e+00
 4.159e+01 3.6842e-06 3.6842e-06 [ 2.4459e-23 2.5713e-13 2.5765e-09 3.2434e-06 4.3831e-07 ] 1.0000e+00
 4.171e+01 3.3367e-06 3.3367e-06 [ 1.6936e-23 2.0263e-13 2.2743e-09 2.9368e-06 3.9763e-07 ] 1.0000e+00
 4.182e+01 3.0216e-06 3.0216e-06 [ 1.1720e-23 1.5973e-13 2.0078e-09 2.6589e-06 3.6069e-07 ] 1.0000e+00
 4.193e+01 2.7361e-06 2.7361e-06 [ 8.1051e-24 1.2596e-13 1.7726e-09 2.4072e-06 3.2716e-07 ] 1.0000e+00
 4.205e+01 2.4773e-06 2.4773e-06 [ 5.6021e-24 9.9367e-14 1.5650e-09 2.1790e-06 2.9672e-07 ] 1.0000e+00
 4.216e+01 2.2428e-06 2.2428e-06 [ 3.8698e-24 7.8420e-14 1.3817e-09 1.9723e-06 2.6910e-07 ] 1.0000e+00
 4.227e+01 2.0303e-06 2.0303e-06 [ 2.6716e-24 6.1917e-14 1.2198e-09 1.7850e-06 2.4402e-07 ] 1.0000e+00
 4.239e+01 1.8377e-06 1.8377e-06 [ 1.8433e-24 4.8911e-14 1.0767e-09 1.6154e-06 2.2126e-07 ] 1.0000e+00
 4.250e+01 1.6633e-06 1.6633e-06 [ 1.2711e-24 3.8657e-14 9.5028e-10 1.4617e-06 2.0061e-07 ] 1.0000e+00
 4.261e+01 1.5052e-06 1.5052e-06 [ 8.7599e-25 3.0571e-14 8.3856e-10 1.3225e-06 1.8188e-07 ] 1.0000e+00
 4.273e+01 1.3621e-06 1.3621e-06 [ 6.0335e-25 2.4191e-14 7.3982e-10 1.1964e-06 1.6488e-07 ] 1.0000e+00
 4.284e+01 1.2324e-06 1.2324e-06 [ 4.1532e-25 1.9155e-14 6.5255e-10 1.0823e-06 1.4945e-07 ] 1.0000e+00
 4.295e+01 1.1149e-06 1.1149e-06 [ 2.8572e-25 1.5177e-14 5.7541e-10 9.7891e-07 1.3546e-07 ] 1.0000e+00
 4.307e+01 1.0086e-06 1.0086e-06 [ 1.9645e-25 1.2035e-14 5.0724e-10 8.8531e-07 1.2276e-07 ] 1.0000e+00
 4.318e+01 9.1226e-07 9.1226e-07 [ 1.3500e-25 9.5497e-15 4.4700e-10 8.0056e-07 1.1125e-07 ] 1.0000e+00
 4.329e+01 8.2505e-07 8.2505e-07 [ 9.2712e-26 7.5839e-15 3.9377e-10 7.2385e-07 1.0081e-07 ] 1.0000e+00
 4.341e+01 7.4609e-07 7.4609e-07 [ 6.3635e-26 6.0276e-15 3.4674e-10 6.5440e-07 9.1340e-08 ] 1.0000e+00
 4.352e+01 6.7461e-07 6.7461e-07 [ 4.3653e-26 4.7947e-15 3.0521e-10 5.9155e-07 8.2753e-08 ] 1.0000e+00
 4.363e+01 6.0990e-07 6.0990e-07 [ 2.9928e-26 3.8172e-15 2.6853e-10 5.3466e-07 7.4967e-08 ] 1.0000e+00
 4.375e+01 5.5132e-07 5.5132e-07 [ 2.0506e-26 3.0416e-15 2.3614e-10 4.8318e-07 6.7907e-08 ] 1.0000e+00
 4.386e+01 4.9831e-07 4.9831e-07 [ 1.4043e-26 2.4258e-15 2.0756e-10 4.3660e-07 6.1507e-08 ] 1.0000e+00
 4.397e+01 4.5033e-07 4.5033e-07 [ 9.6113e-27 1.9364e-15 1.8235e-10 3.9445e-07 5.5705e-08 ] 1.0000e+00
 4.409e+01 4.0692e-07 4.0692e-07 [ 6.5744e-27 1.5471e-15 1.6011e-10 3.5631e-07 5.0446e-08 ] 1.0000e+00
 4.420e+01 3.6764e-07 3.6764e-07 [ 4.4946e-27 1.2372e-15 1.4050e-10 3.2182e-07 4.5680e-08 ] 1.0000e+00
 4.431e+01 3.3210e-07 3.3210e-07 [ 3.0709e-27 9.9019e-16 1.2321e-10 2.9061e-07 4.1360e-08 ] 1.0000e+00
 4.443e+01 2.9994e-07 2.9994e-07 [ 2.0971e-27 7.9321e-16 1.0799e-10 2.6239e-07 3.7445e-08 ] 1.0000e+00
 4.454e+01 2.7086e-07 2.7086e-07 [ 1.4312e-27 6.3595e-16 9.4585e-11 2.3687e-07 3.3898e-08 ] 1.0000e+00
 4.465e+01 2.4455e-07 2.4455e-07 [ 9.7624e-28 5.1029e-16 8.2787e-11 2.1379e-07 3.0683e-08 ] 1.0000e+00
 4.477e+01 2.2076e-07 2.2076e-07 [ 6.6552e-28 4.0977e-16 7.2409e-11 1.9291e-07 2.7772e-08 ] 1.0000e+00
 4.488e+01 1.9924e-07 1.9924e-07 [ 4.5344e-28 3.2931e-16 6.3285e-11 1.7404e-07 2.5134e-08 ] 1.0000e+00
 4.499e+01 1.7978e-07 1.7978e-07 [ 3.0877e-28 2.6482e-16 5.5268e-11 1.5698e-07 2.2744e-08 ] 1.0000e+00
 4.511e+01 1.6219e-07 1.6219e-07 [ 2.1014e-28 2.1311e-16 4.8227e-11 1.4156e-07 2.0580e-08 ] 1.0000e+00
 4.522e+01 1.4628e-07 1.4628e-07 [ 1.4294e-28 1.7159e-16 4.2048e-11 1.2762e-07 1.8619e-08 ] 1.0000e+00
 4.533e+01 1.3190e-07 1.3190e-07 [ 9.7169e-29 1.3824e-16 3.6628e-11 1.1502e-07 1.6844e-08 ] 1.0000e+00
 4.545e+01 1.1891e-07 1.1891e-07 [ 6.6018e-29 1.1142e-16 3.1877e-11 1.0364e-07 1.5237e-08 ] 1.0000e+00
 4.556e+01 1.0716e-07 1.0716e-07 [ 4.4828e-29 8.9838e-17 2.7717e-11 9.3348e-08 1.3781e-08 ] 1.0000e+00
 4.567e+01 9.6538e-08 9.6538e-08 [ 3.0422e-29 7.2459e-17 2.4075e-11 8.4050e-08 1.2463e-08 ] 1.0000e+00
 4.579e+01 8.6941e-08 8.6941e-08 [ 2.0634e-29 5.8456e-17 2.0890e-11 7.5650e-08 1.1270e-08 ] 1.0000e+00
 4.590e+01 7.8270e-08 7.8270e-08 [ 1.3987e-29 4.7166e-17 1.8106e-11 6.8062e-08 1.0190e-08 ] 1.0000e+00
 4.601e+01 7.0434e-08 7.0434e-08 [ 9.4751e-30 3.8058e-17 1.5675e-11 6.1206e-08 9.2123e-09 ] 1.0000e+00
 4.613e+01 6.3354e-08 6.3354e-08 [ 6.4149e-30 3.0707e-17 1.3555e-11 5.5014e-08 8.3273e-09 ] 1.0000e+00
 4.624e+01 5.6958e-08 5.6958e-08 [ 4.3404e-30 2.4772e-17 1.1706e-11 4.9420e-08 7.5262e-09 ] 1.0000e+00
 4.635e+01 5.1180e-08 5.1180e-08 [ 2.9349e-30 1.9980e-17 1.0096e-11 4.4368e-08 6.8012e-09 ] 1.0000e+00
 4.647e+01 4.5959e-08 4.5959e-08 [ 1.9832e-30 1.6108e-17 8.6955e-12 3.9806e-08 6.1450e-09 ] 1.0000e+00
 4.658e+01 4.1244e-08 4.1244e-08 [ 1.3392e-30 1.2980e-17 7.4779e-12 3.5685e-08 5.5511e-09 ] 1.0000e+00
 4.669e+01 3.6984e-08 3.6984e-08 [ 9.0368e-31 1.0453e-17 6.4206e-12 3.1964e-08 5.0136e-09 ] 1.0000e+00
 4.681e+01 3.3136e-08 3.3136e-08 [ 6.0934e-31 8.4117e-18 5.5036e-12 2.8604e-08 4.5271e-09 ] 1.0000e+00
 4.692e+01 2.9661e-08 2.9661e-08 [ 4.1054e-31 6.7629e-18 4.7090e-12 2.5569e-08 4.0868e-09 ] 1.0000e+00
 4.703e+01 2.6521e-08 2.6521e-08 [ 2.7636e-31 5.4315e-18 4.0214e-12 2.2829e-08 3.6882e-09 ] 1.0000e+00
 4.715e+01 2.3684e-08 2.3684e-08 [ 1.8587e-31 4.3568e-18 3.4271e-12 2.0354e-08 3.3274e-09 ] 1.0000e+00
 4.726e+01 2.1122e-08 2.1122e-08 [ 1.2488e-31 3.4898e-18 2.9140e-12 1.8118e-08 3.0007e-09 ] 1.0000e+00
 4.737e+01 1.8807e-08 1.8807e-08 [ 8.3817e-32 2.7908e-18 2.4717e-12 1.6099e-08 2.7048e-09 ] 1.0000e+00
 4.749e+01 1.6715e-08 1.6715e-08 [ 5.6187e-32 2.2277e-18 2.0909e-12 1.4276e-08 2.4367e-09 ] 1.0000e+00
 4.760e+01 1.4824e-08 1.4824e-08 [ 3.7614e-32 1.7745e-18 1.7635e-12 1.2628e-08 2.1937e-09 ] 1.0000e+00
 4.771e+01 1.3114e-08 1.3114e-08 [ 2.5143e-32 1.4101e-18 1.4825e-12 1.1139e-08 1.9733e-09 ] 1.0000e+00
 4.783e+01 1.1569e-08 1.1569e-08 [ 1.6778e-32 1.1174e-18 1.2417e-12 9.7941e-09 1.7734e-09 ] 1.0000e+00
 4.794e+01 1.0171e-08 1.0171e-08 [ 1.1173e-32 8.8267e-19 1.0357e-12 8.5783e-09 1.5917e-09 ] 1.0000e+00
 4.805e+01 8.9067e-09 8.9067e-09 [ 7.4243e-33 6.9470e-19 8.5983e-13 7.4793e-09 1.4266e-09 ] 1.0000e+00
 4.817e+01 7.7628e-09 7.7628e-09 [ 4.9200e-33 5.4444e-19 7.0994e-13 6.4859e-09 1.2761e-09 ] 1.0000e+00
 4.828e+01 6.7276e-09 6.7276e-09 [ 3.2501e-33 4.2454e-19 5.8249e-13 5.5882e-09 1.1388e-09 ] 1.0000e+00
 4.839e+01 5.7910e-09 5.7910e-09 [ 2.1389e-33 3.2908e-19 4.7437e-13 4.7773e-09 1.0132e-09 ] 1.0000e+00
 4.851e+01 4.9437e-09 4.9437e-09 [ 1.4012e-33 2.5325e-19 3.8290e-13 4.0455e-09 8.9789e-10 ] 1.0000e+00
 4.862e+01 4.1778e-09 4.1778e-09 [ 9.1275e-34 1.9319e-19 3.0578e-13 3.3860e-09 7.9152e-10 ] 1.0000e+00
 4.873e+01 3.4864e-09 3.4864e-09 [ 5.9037e-34 1.4576e-19 2.4100e-13 2.7933e-09 6.9284e-10 ] 1.0000e+00
 4.885e+01 2.8635e-09 2.8635e-09 [ 3.7839e-34 1.0846e-19 1.8685e-13 2.2627e-09 6.0064e-10 ] 1.0000e+00
 4.896e+01 2.3047e-09 2.3047e-09 [ 2.3962e-34 7.9250e-20 1.4185e-13 1.7908e-09 5.1375e-10 ] 1.0000e+00
 4.907e+01 1.8062e-09 1.8062e-09 [ 1.4925e-34 5.6525e-20 1.0479e-13 1.3750e-09 4.3109e-10 ] 1.0000e+00
 4.919e+01 1.3657e-09 1.3657e-09 [ 9.0776e-35 3.8995e-20 7.4598e-14 1.0138e-09 3.5179e-10 ] 1.0000e+00
 4.930e+01 9.8218e-10 9.8218e-10 [ 5.3268e-35 2.5644e-20 5.0423e-14 7.0678e-10 2.7535e-10 ] 1.0000e+00
 4.941e+01 6.5612e-10 6.5612e-10 [ 2.9500e-35 1.5683e-20 3.1557e-14 4.5405e-10 2.0204e-10 ] 1.0000e+00
 4.953e+01 3.8962e-10 3.8962e-10 [ 1.4755e-35 8.5106e-21 1.7442e-14 2.5631e-10 1.3330e-10 ] 1.0000e+00
 4.964e+01 1.8675e-10 1.8675e-10 [ 6.0126e-36 3.6855e-21 7.6548e-15 1.1431e-10 7.2432e-11 ] 1.0000e+00
 4.975e+01 5.3852e-11 5.3852e-11 [ 1.4250e-36 9.0702e-22 1.8992e-15 2.8693e-11 2.5157e-11 ] 1.0000e+00
 4.987e+01 0.0000e+00 0.0000e+00 [ 0.0000e+00 0.0000e+00 0.0000e+00 0.0000e+00 0.0000e+00 ] 1.0000e+00
