 0.000e+00 0.0000e+00 0.0000e+00 [ 0.0000e+00 0.0000e+00 0.0000e+00 0.0000e+00 0.0000e+00 ] 1.0000e+00
 1.133e-01 5.9593e-02 5.9593e-02 [ 5.7023e-02 1.3071e-03 6.2713e-04 6.0207e-04 3.4293e-05 ] 9.4041e-01
 2.267e-01 1.3528e-01 1.3528e-01 [ 1.2433e-01 5.5778e-03 2.6761e-03 2.5681e-03 1.2817e-04 ] 8.6472e-01
 3.400e-01 2.4274e-01 2.4274e-01 [ 2.1597e-01 1.3658e-02 6.5523e-03 6.2823e-03 2.7798e-04 ] 7.5726e-01
 4.533e-01 3.8922e-01 3.8922e-01 [ 3.3780e-01 2.6273e-02 1.2603e-02 1.2070e-02 4.7960e-04 ] 6.1078e-01
 5.667e-01 5.6371e-01 5.6371e-01 [ 4.8003e-01 4.2803e-02 2.0531e-02 1.9634e-02 7.1129e-04 ] 4.3629e-01
 6.800e-01 7.2914e-01 7.2914e-01 [ 6.1155e-01 6.0217e-02 2.8879e-02 2.7569e-02 9.2427e-04 ] 2.7086e-01
 7.933e-01 8.4385e-01 8.4385e-01 [ 6.9856e-01 7.4486e-02 3.5716e-02 3.4023e-02 1.0692e-03 ] 1.5615e-01
 9.067e-01 9.0047e-01 9.0047e-01 [ 7.3640e-01 8.4207e-02 4.0368e-02 3.8356e-02 1.1415e-03 ] 9.9529e-02
 1.020e+00 9.2201e-01 9.2201e-01 [ 7.4506e-01 9.0925e-02 4.3576e-02 4.1277e-02 1.1733e-03 ] 7.7987e-02
 1.133e+00 9.2919e-01 9.2919e-01 [ 7.4190e-01 9.6356e-02 4.6164e-02 4.3574e-02 1.1916e-03 ] 7.0813e-02
 1.247e+00 9.3147e-01 9.3147e-01 [ 7.3473e-01 1.0135e-01 4.8540e-02 4.5636e-02 1.2081e-03 ] 6.8535e-02
 1.360e+00 9.3218e-01 9.3218e-01 [ 7.2626e-01 1.0624e-01 5.0857e-02 4.7609e-02 1.2265e-03 ] 6.7815e-02
 1.473e+00 9.3242e-01 9.3242e-01 [ 7.1736e-01 1.1111e-01 5.3165e-02 4.9540e-02 1.2474e-03 ] 6.7582e-02
 1.587e+00 9.3250e-01 9.3250e-01 [ 7.0831e-01 1.1600e-01 5.5480e-02 5.1447e-02 1.2704e-03 ] 6.7499e-02
 1.700e+00 9.3254e-01 9.3254e-01 [ 6.9918e-01 1.2092e-01 5.7807e-02 5.3335e-02 1.2951e-03 ] 6.7463e-02
 1.813e+00 9.3256e-01 9.3256e-01 [ 6.9001e-01 1.2588e-01 6.0146e-02 5.5205e-02 1.3210e-03 ] 6.7443e-02
 1.927e+00 9.3257e-01 9.3257e-01 [ 6.8081e-01 1.3086e-01 6.2497e-02 5.7059e-02 1.3477e-03 ] 6.7429e-02
 2.040e+00 9.3258e-01 9.3258e-01 [ 6.7158e-01 1.3587e-01 6.4861e-02 5.8898e-02 1.3749e-03 ] 6.7418e-02
 2.153e+00 9.3259e-01 9.3259e-01 [ 6.6232e-01 1.4091e-01 6.7236e-02 6.0721e-02 1.4024e-03 ] 6.7408e-02
 2.267e+00 9.3260e-01 9.3260e-01 [ 6.5305e-01 1.4597e-01 6.9622e-02 6.2529e-02 1.4302e-03 ] 6.7400e-02
 2.380e+00 9.3261e-01 9.3261e-01 [ 6.4375e-01 1.5106e-01 7.2019e-02 6.4323e-02 1.4580e-03 ] 6.7393e-02
 2.493e+00 9.3261e-01 9.3261e-01 [ 6.3444e-01 1.5616e-01 7.4427e-02 6.6104e-02 1.4860e-03 ] 6.7387e-02
 2.607e+00 9.3262e-01 9.3262e-01 [ 6.2511e-01 1.6128e-01 7.6846e-02 6.7872e-02 1.5141e-03 ] 6.7382e-02
 2.720e+00 9.3262e-01 9.3262e-01 [ 6.1577e-01 1.6641e-01 7.9274e-02 6.9627e-02 1.5423e-03 ] 6.7379e-02
 2.833e+00 9.3262e-01 9.3262e-01 [ 6.0642e-01 1.7155e-01 8.1713e-02 7.1372e-02 1.5706e-03 ] 6.7376e-02
 2.947e+00 9.3263e-01 9.3263e-01 [ 5.9705e-01 1.7670e-01 8.4163e-02 7.3106e-02 1.5990e-03 ] 6.7374e-02
 3.060e+00 9.3263e-01 9.3263e-01 [ 5.8768e-01 1.8186e-01 8.6623e-02 7.4830e-02 1.6275e-03 ] 6.7374e-02
 3.173e+00 9.3263e-01 9.3263e-01 [ 5.7830e-01 1.8703e-01 8.9095e-02 7.6547e-02 1.6561e-03 ] 6.7374e-02
 3.287e+00 9.3263e-01 9.3263e-01 [ 5.6892e-01 1.9219e-01 9.1577e-02 7.8255e-02 1.6849e-03 ] 6.7375e-02
 3.400e+00 9.3262e-01 9.3262e-01 [ 5.5953e-01 1.9735e-01 9.4070e-02 7.9958e-02 1.7139e-03 ] 6.7377e-02
 3.513e+00 9.3262e-01 9.3262e-01 [ 5.5014e-01 2.0251e-01 9.6575e-02 8.1655e-02 1.7430e-03 ] 6.7380e-02
 3.627e+00 9.3262e-01 9.3262e-01 [ 5.4075e-01 2.0766e-01 9.9092e-02 8.3347e-02 1.7724e-03 ] 6.7384e-02
 3.740e+00 9.3261e-01 9.3261e-01 [ 5.3136e-01 2.1280e-01 1.0162e-01 8.5037e-02 1.8019e-03 ] 6.7388e-02
 3.853e+00 9.3261e-01 9.3261e-01 [ 5.2197e-01 2.1792e-01 1.0416e-01 8.6724e-02 1.8317e-03 ] 6.7394e-02
 3.967e+00 9.3260e-01 9.3260e-01 [ 5.1259e-01 2.2303e-01 1.0672e-01 8.8410e-02 1.8618e-03 ] 6.7400e-02
 4.080e+00 9.3259e-01 9.3259e-01 [ 5.0321e-01 2.2811e-01 1.0929e-01 9.0097e-02 1.8920e-03 ] 6.7406e-02
 4.193e+00 9.3259e-01 9.3259e-01 [ 4.9384e-01 2.3317e-01 1.1187e-01 9.1784e-02 1.9226e-03 ] 6.7414e-02
 4.307e+00 9.3258e-01 9.3258e-01 [ 4.8448e-01 2.3820e-01 1.1446e-01 9.3474e-02 1.9534e-03 ] 6.7422e-02
 4.420e+00 9.3257e-01 9.3257e-01 [ 4.7514e-01 2.4321e-01 1.1707e-01 9.5168e-02 1.9846e-03 ] 6.7431e-02
 4.533e+00 9.3256e-01 9.3256e-01 [ 4.6581e-01 2.4817e-01 1.1970e-01 9.6866e-02 2.0160e-03 ] 6.7440e-02
 4.647e+00 9.3255e-01 9.3255e-01 [ 4.5650e-01 2.5309e-01 1.2234e-01 9.8569e-02 2.0478e-03 ] 6.7450e-02
 4.760e+00 9.3254e-01 9.3254e-01 [ 4.4721e-01 2.5797e-01 1.2500e-01 1.0028e-01 2.0799e-03 ] 6.7460e-02
 4.873e+00 9.3253e-01 9.3253e-01 [ 4.3794e-01 2.6280e-01 1.2767e-01 1.0200e-01 2.1124e-03 ] 6.7471e-02
 4.987e+00 9.3252e-01 9.3252e-01 [ 4.2871e-01 2.6758e-01 1.3036e-01 1.0372e-01 2.1453e-03 ] 6.7483e-02
 5.100e+00 9.3251e-01 9.3251e-01 [ 4.1950e-01 2.7230e-01 1.3307e-01 1.0546e-01 2.1785e-03 ] 6.7495e-02
 5.213e+00 9.3249e-01 9.3249e-01 [ 4.1032e-01 2.7696e-01 1.3579e-01 1.0721e-01 2.2121e-03 ] 6.7507e-02
 5.327e+00 9.3248e-01 9.3248e-01 [ 4.0118e-01 2.8155e-01 1.3854e-01 1.0897e-01 2.2461e-03 ] 6.7521e-02
 5.440e+00 9.3247e-01 9.3247e-01 [ 3.9208e-01 2.8607e-01 1.4130e-01 1.1074e-01 2.2806e-03 ] 6.7534e-02
 5.553e+00 9.3245e-01 9.3245e-01 [ 3.8302e-01 2.9051e-01 1.4408e-01 1.1253e-01 2.3155e-03 ] 6.7548e-02
 5.667e+00 9.3244e-01 9.3244e-01 [ 3.7401e-01 2.9488e-01 1.4688e-01 1.1433e-01 2.3508e-03 ] 6.7563e-02
 5.780e+00 9.3242e-01 9.3242e-01 [ 3.6504e-01 2.9915e-01 1.4969e-01 1.1615e-01 2.3866e-03 ] 6.7578e-02
 5.893e+00 9.3241e-01 9.3241e-01 [ 3.5613e-01 3.0334e-01 1.5253e-01 1.1798e-01 2.4229e-03 ] 6.7593e-02
 6.007e+00 9.3239e-01 9.3239e-01 [ 3.4728e-01 3.0743e-01 1.5539e-01 1.1983e-01 2.4596e-03 ] 6.7609e-02
 6.120e+00 9.3238e-01 9.3238e-01 [ 3.3849e-01 3.1142e-01 1.5827e-01 1.2170e-01 2.4969e-03 ] 6.7625e-02
 6.233e+00 9.3236e-01 9.3236e-01 [ 3.2977e-01 3.1530e-01 1.6116e-01 1.2359e-01 2.5347e-03 ] 6.7642e-02
 6.347e+00 9.3234e-01 9.3234e-01 [ 3.2111e-01 3.1907e-01 1.6408e-01 1.2551e-01 2.5730e-03 ] 6.7659e-02
 6.460e+00 9.3232e-01 9.3232e-01 [ 3.1253e-01 3.2273e-01 1.6701e-01 1.2744e-01 2.6118e-03 ] 6.7676e-02
 6.573e+00 9.3231e-01 9.3231e-01 [ 3.0402e-01 3.2627e-01 1.6997e-01 1.2939e-01 2.6512e-03 ] 6.7694e-02
 6.687e+00 9.3229e-01 9.3229e-01 [ 2.9559e-01 3.2968e-01 1.7295e-01 1.3137e-01 2.6911e-03 ] 6.7712e-02
 6.800e+00 9.3227e-01 9.3227e-01 [ 2.8725e-01 3.3297e-01 1.7595e-01 1.3338e-01 2.7317e-03 ] 6.7731e-02
 6.913e+00 9.3225e-01 9.3225e-01 [ 2.7899e-01 3.3611e-01 1.7896e-01 1.3541e-01 2.7728e-03 ] 6.7750e-02
 7.027e+00 9.3223e-01 9.3223e-01 [ 2.7083e-01 3.3912e-01 1.8200e-01 1.3746e-01 2.8145e-03 ] 6.7769e-02
 7.140e+00 9.3221e-01 9.3221e-01 [ 2.6277e-01 3.4199e-01 1.8505e-01 1.3955e-01 2.8569e-03 ] 6.7789e-02
 7.253e+00 9.3219e-01 9.3219e-01 [ 2.5480e-01 3.4471e-01 1.8813e-01 1.4166e-01 2.8998e-03 ] 6.7808e-02
 7.367e+00 9.3217e-01 9.3217e-01 [ 2.4694e-01 3.4728e-01 1.9122e-01 1.4379e-01 2.9435e-03 ] 6.7829e-02
 7.480e+00 9.3215e-01 9.3215e-01 [ 2.3918e-01 3.4969e-01 1.9433e-01 1.4596e-01 2.9877e-03 ] 6.7849e-02
 7.593e+00 9.3213e-01 9.3213e-01 [ 2.3153e-01 3.5194e-01 1.9746e-01 1.4816e-01 3.0327e-03 ] 6.7870e-02
 7.707e+00 9.3211e-01 9.3211e-01 [ 2.2400e-01 3.5403e-01 2.0061e-01 1.5040e-01 3.0784e-03 ] 6.7892e-02
 7.820e+00 9.3209e-01 9.3209e-01 [ 2.1658e-01 3.5595e-01 2.0377e-01 1.5266e-01 3.1247e-03 ] 6.7913e-02
 7.933e+00 9.3207e-01 9.3207e-01 [ 2.0928e-01 3.5770e-01 2.0695e-01 1.5496e-01 3.1718e-03 ] 6.7935e-02
 8.047e+00 9.3204e-01 9.3204e-01 [ 2.0211e-01 3.5928e-01 2.1015e-01 1.5729e-01 3.2195e-03 ] 6.7957e-02
 8.160e+00 9.3202e-01 9.3202e-01 [ 1.9506e-01 3.6068e-01 2.1336e-01 1.5966e-01 3.2681e-03 ] 6.7980e-02
 8.273e+00 9.3200e-01 9.3200e-01 [ 1.8814e-01 3.6190e-01 2.1658e-01 1.6206e-01 3.3174e-03 ] 6.8002e-02
 8.387e+00 9.3197e-01 9.3197e-01 [ 1.8135e-01 3.6295e-01 2.1981e-01 1.6450e-01 3.3674e-03 ] 6.8026e-02
 8.500e+00 9.3195e-01 9.3195e-01 [ 1.7469e-01 3.6381e-01 2.2306e-01 1.6698e-01 3.4182e-03 ] 6.8049e-02
 8.613e+00 9.3193e-01 9.3193e-01 [ 1.6817e-01 3.6448e-01 2.2631e-01 1.6949e-01 3.4699e-03 ] 6.8073e-02
 8.727e+00 9.3190e-01 9.3190e-01 [ 1.6179e-01 3.6497e-01 2.2958e-01 1.7205e-01 3.5223e-03 ] 6.8097e-02
 8.840e+00 9.3188e-01 9.3188e-01 [ 1.5554e-01 3.6527e-01 2.3285e-01 1.7465e-01 3.5756e-03 ] 6.8121e-02
 8.953e+00 9.3185e-01 9.3185e-01 [ 1.4944e-01 3.6538e-01 2.3613e-01 1.7729e-01 3.6297e-03 ] 6.8146e-02
 9.067e+00 9.3183e-01 9.3183e-01 [ 1.4347e-01 3.6530e-01 2.3941e-01 1.7997e-01 3.6846e-03 ] 6.8170e-02
 9.180e+00 9.3180e-01 9.3180e-01 [ 1.3765e-01 3.6503e-01 2.4269e-01 1.8269e-01 3.7404e-03 ] 6.8196e-02
 9.293e+00 9.3178e-01 9.3178e-01 [ 1.3198e-01 3.6456e-01 2.4598e-01 1.8546e-01 3.7970e-03 ] 6.8221e-02
 9.407e+00 9.3175e-01 9.3175e-01 [ 1.2645e-01 3.6391e-01 2.4926e-01 1.8828e-01 3.8546e-03 ] 6.8247e-02
 9.520e+00 9.3173e-01 9.3173e-01 [ 1.2106e-01 3.6307e-01 2.5254e-01 1.9114e-01 3.9130e-03 ] 6.8273e-02
 9.633e+00 9.3170e-01 9.3170e-01 [ 1.1582e-01 3.6204e-01 2.5582e-01 1.9405e-01 3.9724e-03 ] 6.8299e-02
 9.747e+00 9.3167e-01 9.3167e-01 [ 1.1073e-01 3.6082e-01 2.5909e-01 1.9700e-01 4.0326e-03 ] 6.8326e-02
 9.860e+00 9.3165e-01 9.3165e-01 [ 1.0579e-01 3.5941e-01 2.6235e-01 2.0001e-01 4.0938e-03 ] 6.8352e-02
 9.973e+00 9.3162e-01 9.3162e-01 [ 1.0099e-01 3.5781e-01 2.6560e-01 2.0306e-01 4.1559e-03 ] 6.8380e-02
 1.009e+01 9.3159e-01 9.3159e-01 [ 9.6331e-02 3.5603e-01 2.6884e-01 2.0617e-01 4.2189e-03 ] 6.8407e-02
 1.020e+01 9.3157e-01 9.3157e-01 [ 9.1822e-02 3.5407e-01 2.7206e-01 2.0933e-01 4.2829e-03 ] 6.8435e-02
 1.031e+01 9.3154e-01 9.3154e-01 [ 8.7456e-02 3.5193e-01 2.7527e-01 2.1254e-01 4.3479e-03 ] 6.8463e-02
 1.043e+01 9.3151e-01 9.3151e-01 [ 8.3234e-02 3.4961e-01 2.7845e-01 2.1580e-01 4.4138e-03 ] 6.8491e-02
 1.054e+01 9.3148e-01 9.3148e-01 [ 7.9153e-02 3.4711e-01 2.8161e-01 2.1912e-01 4.4807e-03 ] 6.8519e-02
 1.065e+01 9.3145e-01 9.3145e-01 [ 7.5214e-02 3.4445e-01 2.8474e-01 2.2250e-01 4.5485e-03 ] 6.8548e-02
 1.077e+01 9.3142e-01 9.3142e-01 [ 7.1413e-02 3.4162e-01 2.8785e-01 2.2593e-01 4.6173e-03 ] 6.8577e-02
 1.088e+01 9.3139e-01 9.3139e-01 [ 6.7751e-02 3.3862e-01 2.9092e-01 2.2942e-01 4.6871e-03 ] 6.8607e-02
 1.099e+01 9.3136e-01 9.3136e-01 [ 6.4223e-02 3.3546e-01 2.9396e-01 2.3296e-01 4.7578e-03 ] 6.8636e-02
 1.111e+01 9.3133e-01 9.3133e-01 [ 6.0830e-02 3.3215e-01 2.9696e-01 2.3656e-01 4.8295e-03 ] 6.8666e-02
 1.122e+01 9.3130e-01 9.3130e-01 [ 5.7568e-02 3.2868e-01 2.9992e-01 2.4023e-01 4.9022e-03 ] 6.8696e-02
 1.133e+01 9.3127e-01 9.3127e-01 [ 5.4436e-02 3.2507e-01 3.0284e-01 2.4395e-01 4.9758e-03 ] 6.8727e-02
 1.145e+01 9.3124e-01 9.3124e-01 [ 5.1430e-02 3.2132e-01 3.0572e-01 2.4773e-01 5.0504e-03 ] 6.8758e-02
 1.156e+01 9.3121e-01 9.3121e-01 [ 4.8549e-02 3.1742e-01 3.0854e-01 2.5157e-01 5.1259e-03 ] 6.8789e-02
 1.167e+01 9.3118e-01 9.3118e-01 [ 4.5790e-02 3.1340e-01 3.1131e-01 2.5548e-01 5.2023e-03 ] 6.8820e-02
 1.179e+01 9.3115e-01 9.3115e-01 [ 4.3151e-02 3.0925e-01 3.1403e-01 2.5944e-01 5.2796e-03 ] 6.8851e-02
 1.190e+01 9.3112e-01 9.3112e-01 [ 4.0628e-02 3.0498e-01 3.1669e-01 2.6347e-01 5.3579e-03 ] 6.8883e-02
 1.201e+01 9.3109e-01 9.3109e-01 [ 3.8218e-02 3.0059e-01 3.1929e-01 2.6755e-01 5.4370e-03 ] 6.8915e-02
 1.213e+01 9.3105e-01 9.3105e-01 [ 3.5920e-02 2.9609e-01 3.2182e-01 2.7170e-01 5.5169e-03 ] 6.8947e-02
 1.224e+01 9.3102e-01 9.3102e-01 [ 3.3729e-02 2.9149e-01 3.2429e-01 2.7591e-01 5.5977e-03 ] 6.8980e-02
 1.235e+01 9.3099e-01 9.3099e-01 [ 3.1643e-02 2.8679e-01 3.2669e-01 2.8018e-01 5.6793e-03 ] 6.9012e-02
 1.247e+01 9.3095e-01 9.3095e-01 [ 2.9659e-02 2.8201e-01 3.2901e-01 2.8452e-01 5.7617e-03 ] 6.9045e-02
 1.258e+01 9.3092e-01 9.3092e-01 [ 2.7773e-02 2.7713e-01 3.3126e-01 2.8891e-01 5.8448e-03 ] 6.9079e-02
 1.269e+01 9.3089e-01 9.3089e-01 [ 2.5983e-02 2.7218e-01 3.3344e-01 2.9336e-01 5.9286e-03 ] 6.9112e-02
 1.281e+01 9.3085e-01 9.3085e-01 [ 2.4286e-02 2.6716e-01 3.3553e-01 2.9787e-01 6.0130e-03 ] 6.9146e-02
 1.292e+01 9.3082e-01 9.3082e-01 [ 2.2677e-02 2.6207e-01 3.3754e-01 3.0243e-01 6.0981e-03 ] 6.9179e-02
 1.303e+01 9.3079e-01 9.3079e-01 [ 2.1155e-02 2.5692e-01 3.3947e-01 3.0706e-01 6.1837e-03 ] 6.9213e-02
 1.315e+01 9.3075e-01 9.3075e-01 [ 1.9716e-02 2.5173e-01 3.4131e-01 3.1173e-01 6.2699e-03 ] 6.9247e-02
 1.326e+01 9.3072e-01 9.3072e-01 [ 1.8356e-02 2.4649e-01 3.4306e-01 3.1646e-01 6.3565e-03 ] 6.9282e-02
 1.337e+01 9.3068e-01 9.3068e-01 [ 1.7074e-02 2.4121e-01 3.4472e-01 3.2124e-01 6.4434e-03 ] 6.9316e-02
 1.349e+01 9.3065e-01 9.3065e-01 [ 1.5865e-02 2.3590e-01 3.4628e-01 3.2607e-01 6.5307e-03 ] 6.9351e-02
 1.360e+01 9.3061e-01 9.3061e-01 [ 1.4727e-02 2.3057e-01 3.4776e-01 3.3095e-01 6.6183e-03 ] 6.9385e-02
 1.371e+01 9.3058e-01 9.3058e-01 [ 1.3656e-02 2.2522e-01 3.4914e-01 3.3586e-01 6.7061e-03 ] 6.9420e-02
 1.383e+01 9.3055e-01 9.3055e-01 [ 1.2651e-02 2.1986e-01 3.5042e-01 3.4082e-01 6.7939e-03 ] 6.9455e-02
 1.394e+01 9.3051e-01 9.3051e-01 [ 1.1707e-02 2.1450e-01 3.5161e-01 3.4582e-01 6.8818e-03 ] 6.9490e-02
 1.405e+01 9.3048e-01 9.3048e-01 [ 1.0822e-02 2.0915e-01 3.5269e-01 3.5084e-01 6.9696e-03 ] 6.9525e-02
 1.417e+01 9.3044e-01 9.3044e-01 [ 9.9938e-03 2.0381e-01 3.5369e-01 3.5590e-01 7.0573e-03 ] 6.9559e-02
 1.428e+01 9.3041e-01 9.3041e-01 [ 9.2190e-03 1.9848e-01 3.5458e-01 3.6098e-01 7.1447e-03 ] 6.9594e-02
 1.439e+01 9.3037e-01 9.3037e-01 [ 8.4950e-03 1.9319e-01 3.5538e-01 3.6608e-01 7.2318e-03 ] 6.9629e-02
 1.451e+01 9.3034e-01 9.3034e-01 [ 7.8194e-03 1.8793e-01 3.5608e-01 3.7119e-01 7.3184e-03 ] 6.9664e-02
 1.462e+01 9.3030e-01 9.3030e-01 [ 7.1896e-03 1.8271e-01 3.5668e-01 3.7632e-01 7.4044e-03 ] 6.9698e-02
 1.473e+01 9.3027e-01 9.3027e-01 [ 6.6032e-03 1.7754e-01 3.5719e-01 3.8144e-01 7.4898e-03 ] 6.9732e-02
 1.485e+01 9.3023e-01 9.3023e-01 [ 6.0580e-03 1.7242e-01 3.5761e-01 3.8657e-01 7.5744e-03 ] 6.9766e-02
 1.496e+01 9.3020e-01 9.3020e-01 [ 5.5515e-03 1.6737e-01 3.5794e-01 3.9168e-01 7.6580e-03 ] 6.9800e-02
 1.507e+01 9.3017e-01 9.3017e-01 [ 5.0817e-03 1.6239e-01 3.5818e-01 3.9678e-01 7.7407e-03 ] 6.9834e-02
 1.519e+01 9.3013e-01 9.3013e-01 [ 4.6463e-03 1.5748e-01 3.5833e-01 4.0186e-01 7.8221e-03 ] 6.9867e-02
 1.530e+01 9.3010e-01 9.3010e-01 [ 4.2435e-03 1.5266e-01 3.5839e-01 4.0691e-01 7.9023e-03 ] 6.9900e-02
 1.541e+01 9.3007e-01 9.3007e-01 [ 3.8712e-03 1.4792e-01 3.5838e-01 4.1191e-01 7.9810e-03 ] 6.9932e-02
 1.553e+01 9.3004e-01 9.3004e-01 [ 3.5275e-03 1.4329e-01 3.5829e-01 4.1688e-01 8.0582e-03 ] 6.9964e-02
 1.564e+01 9.3001e-01 9.3001e-01 [ 3.2108e-03 1.3876e-01 3.5812e-01 4.2178e-01 8.1336e-03 ] 6.9995e-02
 1.575e+01 9.2997e-01 9.2997e-01 [ 2.9193e-03 1.3434e-01 3.5788e-01 4.2663e-01 8.2073e-03 ] 7.0025e-02
 1.587e+01 9.2995e-01 9.2995e-01 [ 2.6514e-03 1.3004e-01 3.5758e-01 4.3140e-01 8.2789e-03 ] 7.0055e-02
 1.598e+01 9.2992e-01 9.2992e-01 [ 2.4055e-03 1.2586e-01 3.5721e-01 4.3609e-01 8.3485e-03 ] 7.0084e-02
 1.609e+01 9.2989e-01 9.2989e-01 [ 2.1802e-03 1.2181e-01 3.5679e-01 4.4070e-01 8.4158e-03 ] 7.0113e-02
 1.621e+01 9.2986e-01 9.2986e-01 [ 1.9741e-03 1.1790e-01 3.5631e-01 4.4520e-01 8.4808e-03 ] 7.0140e-02
 1.632e+01 9.2983e-01 9.2983e-01 [ 1.7860e-03 1.1413e-01 3.5578e-01 4.4959e-01 8.5434e-03 ] 7.0167e-02
 1.643e+01 9.2981e-01 9.2981e-01 [ 1.6145e-03 1.1051e-01 3.5521e-01 4.5387e-01 8.6034e-03 ] 7.0192e-02
 1.655e+01 9.2978e-01 9.2978e-01 [ 1.4585e-03 1.0704e-01 3.5460e-01 4.5802e-01 8.6609e-03 ] 7.0217e-02
 1.666e+01 9.2976e-01 9.2976e-01 [ 1.3170e-03 1.0374e-01 3.5396e-01 4.6203e-01 8.7160e-03 ] 7.0240e-02
 1.677e+01 9.2974e-01 9.2974e-01 [ 1.1889e-03 1.0060e-01 3.5328e-01 4.6590e-01 8.7690e-03 ] 7.0262e-02
 1.689e+01 9.2972e-01 9.2972e-01 [ 1.0734e-03 9.7626e-02 3.5259e-01 4.6961e-01 8.8204e-03 ] 7.0283e-02
 1.700e+01 9.2970e-01 9.2970e-01 [ 9.6945e-04 9.4829e-02 3.5187e-01 4.7315e-01 8.8710e-03 ] 7.0303e-02
 1.711e+01 9.2968e-01 9.2968e-01 [ 8.7636e-04 9.2211e-02 3.5115e-01 4.7652e-01 8.9226e-03 ] 7.0324e-02
 1.723e+01 9.2965e-01 9.2965e-01 [ 7.9336e-04 8.9776e-02 3.5041e-01 4.7970e-01 8.9777e-03 ] 7.0347e-02
 1.734e+01 9.2962e-01 9.2962e-01 [ 7.1977e-04 8.7527e-02 3.4966e-01 4.8267e-01 9.0400e-03 ] 7.0383e-02
 1.745e+01 9.2954e-01 9.2954e-01 [ 6.5497e-04 8.5465e-02 3.4889e-01 4.8541e-01 9.1151e-03 ] 7.0461e-02
 1.757e+01 9.2933e-01 9.2933e-01 [ 5.9835e-04 8.3584e-02 3.4808e-01 4.8785e-01 9.2102e-03 ] 7.0674e-02
 1.768e+01 9.2868e-01 9.2868e-01 [ 5.4924e-04 8.1863e-02 3.4712e-01 4.8982e-01 9.3333e-03 ] 7.1317e-02
 1.779e+01 9.2670e-01 9.2670e-01 [ 5.0674e-04 8.0225e-02 3.4567e-01 4.9081e-01 9.4895e-03 ] 7.3299e-02
 1.791e+01 9.2062e-01 9.2062e-01 [ 4.6910e-04 7.8438e-02 3.4271e-01 4.8934e-01 9.6674e-03 ] 7.9378e-02
 1.802e+01 9.0271e-01 9.0271e-01 [ 4.3241e-04 7.5860e-02 3.3538e-01 4.8124e-01 9.8014e-03 ] 9.7287e-02
 1.813e+01 8.5549e-01 8.5549e-01 [ 3.8873e-04 7.1051e-02 3.1720e-01 4.5714e-01 9.7046e-03 ] 1.4451e-01
 1.825e+01 7.5622e-01 7.5622e-01 [ 3.2861e-04 6.2175e-02 2.7982e-01 4.0482e-01 9.0814e-03 ] 2.4378e-01
 1.836e+01 6.0451e-01 6.0451e-01 [ 2.5277e-04 4.9255e-02 2.2317e-01 3.2402e-01 7.8152e-03 ] 3.9549e-01
 1.847e+01 4.3539e-01 4.3539e-01 [ 1.7588e-04 3.5172e-02 1.6030e-01 2.3356e-01 6.1881e-03 ] 5.6461e-01
 1.859e+01 2.8808e-01 2.8808e-01 [ 1.1266e-04 2.3069e-02 1.0570e-01 1.5458e-01 4.6140e-03 ] 7.1192e-01
 1.870e+01 1.7969e-01 1.7969e-01 [ 6.8068e-05 1.4255e-02 6.5643e-02 9.6396e-02 3.3319e-03 ] 8.2031e-01
 1.881e+01 1.0801e-01 1.0801e-01 [ 3.9610e-05 8.4772e-03 3.9227e-02 5.7888e-02 2.3814e-03 ] 8.9199e-01
 1.893e+01 6.3549e-02 6.3549e-02 [ 2.2527e-05 4.9252e-03 2.2899e-02 3.3996e-02 1.7065e-03 ] 9.3645e-01
 1.904e+01 3.6973e-02 3.6973e-02 [ 1.2638e-05 2.8223e-03 1.3184e-02 1.9722e-02 1.2331e-03 ] 9.6303e-01
 1.915e+01 2.1413e-02 2.1413e-02 [ 7.0338e-06 1.6043e-03 7.5292e-03 1.1373e-02 8.9968e-04 ] 9.7859e-01
 1.927e+01 1.2401e-02 1.2401e-02 [ 3.8964e-06 9.0775e-04 4.2800e-03 6.5469e-03 6.6207e-04 ] 9.8760e-01
 1.938e+01 7.2043e-03 7.2043e-03 [ 2.1526e-06 5.1223e-04 2.4264e-03 3.7729e-03 4.9056e-04 ] 9.9280e-01
 1.949e+01 4.2103e-03 4.2103e-03 [ 1.1872e-06 2.8860e-04 1.3735e-03 2.1817e-03 3.6530e-04 ] 9.9579e-01
 1.961e+01 2.4814e-03 2.4814e-03 [ 6.5412e-07 1.6245e-04 7.7674e-04 1.2685e-03 2.7299e-04 ] 9.9752e-01
 1.972e+01 1.4785e-03 1.4785e-03 [ 3.6017e-07 9.1393e-05 4.3904e-04 7.4320e-04 2.0448e-04 ] 9.9852e-01
 1.983e+01 8.9278e-04 8.9278e-04 [ 1.9823e-07 5.1400e-05 2.4808e-04 4.3970e-04 1.5341e-04 ] 9.9911e-01
 1.995e+01 5.4767e-04 5.4767e-04 [ 1.0907e-07 2.8902e-05 1.4015e-04 2.6330e-04 1.1520e-04 ] 9.9945e-01
 2.006e+01 3.4202e-04 3.4202e-04 [ 5.9997e-08 1.6249e-05 7.9171e-05 1.5997e-04 8.6565e-05 ] 9.9966e-01
 2.017e+01 2.1779e-04 2.1779e-04 [ 3.2997e-08 9.1349e-06 4.4719e-05 9.8828e-05 6.5072e-05 ] 9.9978e-01
 2.029e+01 1.4154e-04 1.4154e-04 [ 1.8144e-08 5.1351e-06 2.5258e-05 6.2203e-05 4.8928e-05 ] 9.9986e-01
 2.040e+01 9.3896e-05 9.3896e-05 [ 9.9750e-09 2.8865e-06 1.4265e-05 3.9941e-05 3.6794e-05 ] 9.9991e-01
 2.051e+01 6.3535e-05 6.3535e-05 [ 5.4831e-09 1.6225e-06 8.0568e-06 2.6179e-05 2.7671e-05 ] 9.9994e-01
 2.063e+01 4.3789e-05 4.3789e-05 [ 3.0136e-09 9.1194e-07 4.5503e-06 1.7512e-05 2.0812e-05 ] 9.9996e-01
 2.074e+01 3.0680e-05 3.0680e-05 [ 1.6560e-09 5.1256e-07 2.5698e-06 1.1943e-05 1.5653e-05 ] 9.9997e-01
 2.085e+01 2.1803e-05 2.1803e-05 [ 9.0989e-10 2.8808e-07 1.4513e-06 8.2894e-06 1.1773e-05 ] 9.9998e-01
 2.097e+01 1.5681e-05 1.5681e-05 [ 4.9986e-10 1.6191e-07 8.1962e-07 5.8439e-06 8.8553e-06 ] 9.9998e-01
 2.108e+01 1.1390e-05 1.1390e-05 [ 2.7456e-10 9.0994e-08 4.6287e-07 4.1749e-06 6.6605e-06 ] 9.9999e-01
 2.119e+01 8.3382e-06 8.3382e-06 [ 1.5079e-10 5.1138e-08 2.6140e-07 3.0158e-06 5.0097e-06 ] 9.9999e-01
 2.131e+01 6.1427e-06 6.1427e-06 [ 8.2802e-11 2.8739e-08 1.4762e-07 2.1982e-06 3.7681e-06 ] 9.9999e-01
 2.142e+01 4.5476e-06 4.5476e-06 [ 4.5461e-11 1.6150e-08 8.3365e-08 1.6138e-06 2.8342e-06 ] 1.0000e+00
 2.153e+01 3.3794e-06 3.3794e-06 [ 2.4956e-11 9.0759e-09 4.7078e-08 1.1915e-06 2.1318e-06 ] 1.0000e+00
 2.165e+01 2.5187e-06 2.5187e-06 [ 1.3698e-11 5.1002e-09 2.6586e-08 8.8361e-07 1.6034e-06 ] 1.0000e+00
 2.176e+01 1.8814e-06 1.8814e-06 [ 7.5172e-12 2.8660e-09 1.5013e-08 6.5751e-07 1.2060e-06 ] 1.0000e+00
 2.187e+01 1.4077e-06 1.4077e-06 [ 4.1247e-12 1.6104e-09 8.4781e-09 4.9054e-07 9.0710e-07 ] 1.0000e+00
 2.199e+01 1.0547e-06 1.0547e-06 [ 2.2629e-12 9.0492e-10 4.7876e-09 3.6670e-07 6.8228e-07 ] 1.0000e+00
 2.210e+01 7.9093e-07 7.9093e-07 [ 1.2413e-12 5.0847e-10 2.7035e-09 2.7454e-07 5.1318e-07 ] 1.0000e+00
 2.221e+01 5.9357e-07 5.9357e-07 [ 6.8079e-13 2.8570e-10 1.5267e-09 2.0577e-07 3.8599e-07 ] 1.0000e+00
 2.233e+01 4.4571e-07 4.4571e-07 [ 3.7333e-13 1.6053e-10 8.6208e-10 1.5437e-07 2.9032e-07 ] 1.0000e+00
 2.244e+01 3.3482e-07 3.3482e-07 [ 2.0469e-13 9.0194e-11 4.8680e-10 1.1588e-07 2.1836e-07 ] 1.0000e+00
 2.255e+01 2.5159e-07 2.5159e-07 [ 1.1221e-13 5.0675e-11 2.7489e-10 8.7026e-08 1.6424e-07 ] 1.0000e+00
 2.267e+01 1.8910e-07 1.8910e-07 [ 6.1504e-14 2.8471e-11 1.5522e-10 6.5382e-08 1.2353e-07 ] 1.0000e+00
 2.278e+01 1.4215e-07 1.4215e-07 [ 3.3705e-14 1.5995e-11 8.7648e-11 4.9135e-08 9.2915e-08 ] 1.0000e+00
 2.289e+01 1.0688e-07 1.0688e-07 [ 1.8468e-14 8.9864e-12 4.9491e-11 3.6933e-08 6.9885e-08 ] 1.0000e+00
 2.301e+01 8.0362e-08 8.0362e-08 [ 1.0118e-14 5.0485e-12 2.7946e-11 2.7766e-08 5.2564e-08 ] 1.0000e+00
 2.312e+01 6.0430e-08 6.0430e-08 [ 5.5422e-15 2.8361e-12 1.5780e-11 2.0876e-08 3.9535e-08 ] 1.0000e+00
 2.323e+01 4.5444e-08 4.5444e-08 [ 3.0353e-15 1.5932e-12 8.9100e-12 1.5697e-08 2.9736e-08 ] 1.0000e+00
 2.335e+01 3.4176e-08 3.4176e-08 [ 1.6621e-15 8.9502e-13 5.0310e-12 1.1804e-08 2.2366e-08 ] 1.0000e+00
 2.346e+01 2.5702e-08 2.5702e-08 [ 9.0998e-16 5.0277e-13 2.8407e-12 8.8768e-09 1.6822e-08 ] 1.0000e+00
 2.357e+01 1.9330e-08 1.9330e-08 [ 4.9812e-16 2.8242e-13 1.6039e-12 6.6757e-09 1.2653e-08 ] 1.0000e+00
 2.369e+01 1.4538e-08 1.4538e-08 [ 2.7263e-16 1.5864e-13 9.0563e-13 5.0206e-09 9.5164e-09 ] 1.0000e+00
 2.380e+01 1.0934e-08 1.0934e-08 [ 1.4919e-16 8.9108e-14 5.1134e-13 3.7759e-09 7.1577e-09 ] 1.0000e+00
 2.391e+01 8.2236e-09 8.2236e-09 [ 8.1625e-17 5.0051e-14 2.8871e-13 2.8398e-09 5.3835e-09 ] 1.0000e+00
 2.403e+01 6.1851e-09 6.1851e-09 [ 4.4652e-17 2.8112e-14 1.6301e-13 2.1358e-09 4.0491e-09 ] 1.0000e+00
 2.414e+01 4.6519e-09 4.6519e-09 [ 2.4422e-17 1.5790e-14 9.2038e-14 1.6063e-09 3.0455e-09 ] 1.0000e+00
 2.425e+01 3.4988e-09 3.4988e-09 [ 1.3355e-17 8.8682e-15 5.1965e-14 1.2081e-09 2.2906e-09 ] 1.0000e+00
 2.437e+01 2.6315e-09 2.6315e-09 [ 7.3019e-18 4.9807e-15 2.9339e-14 9.0863e-10 1.7228e-09 ] 1.0000e+00
 2.448e+01 1.9792e-09 1.9792e-09 [ 3.9916e-18 2.7973e-15 1.6565e-14 6.8339e-10 1.2958e-09 ] 1.0000e+00
 2.459e+01 1.4886e-09 1.4886e-09 [ 2.1817e-18 1.5710e-15 9.3524e-15 5.1398e-10 9.7460e-10 ] 1.0000e+00
 2.471e+01 1.1196e-09 1.1196e-09 [ 1.1922e-18 8.8225e-16 5.2802e-15 3.8657e-10 7.3302e-10 ] 1.0000e+00
 2.482e+01 8.4207e-10 8.4207e-10 [ 6.5140e-19 4.9545e-16 2.9811e-15 2.9074e-10 5.5132e-10 ] 1.0000e+00
 2.493e+01 6.3334e-10 6.3334e-10 [ 3.5584e-19 2.7823e-16 1.6831e-15 2.1867e-10 4.1466e-10 ] 1.0000e+00
 2.505e+01 4.7634e-10 4.7634e-10 [ 1.9435e-19 1.5624e-16 9.5020e-16 1.6446e-10 3.1188e-10 ] 1.0000e+00
 2.516e+01 3.5827e-10 3.5827e-10 [ 1.0613e-19 8.7736e-17 5.3645e-16 1.2369e-10 2.3457e-10 ] 1.0000e+00
 2.527e+01 2.6946e-10 2.6946e-10 [ 5.7946e-20 4.9266e-17 3.0286e-16 9.3032e-11 1.7643e-10 ] 1.0000e+00
 2.539e+01 2.0266e-10 2.0266e-10 [ 3.1632e-20 2.7663e-17 1.7098e-16 6.9970e-11 1.3269e-10 ] 1.0000e+00
 2.550e+01 1.5243e-10 1.5243e-10 [ 1.7264e-20 1.5533e-17 9.6526e-17 5.2624e-11 9.9801e-11 ] 1.0000e+00
 2.561e+01 1.1464e-10 1.1464e-10 [ 9.4206e-21 8.7215e-18 5.4493e-17 3.9579e-11 7.5062e-11 ] 1.0000e+00
 2.573e+01 8.6223e-11 8.6223e-11 [ 5.1397e-21 4.8969e-18 3.0764e-17 2.9768e-11 5.6455e-11 ] 1.0000e+00
 2.584e+01 6.4849e-11 6.4849e-11 [ 2.8036e-21 2.7494e-18 1.7367e-17 2.2388e-11 4.2461e-11 ] 1.0000e+00
 2.595e+01 4.8774e-11 4.8774e-11 [ 1.5290e-21 1.5436e-18 9.8042e-18 1.6838e-11 3.1936e-11 ] 1.0000e+00
 2.607e+01 3.6683e-11 3.6683e-11 [ 8.3373e-22 8.6663e-19 5.5347e-18 1.2664e-11 2.4019e-11 ] 1.0000e+00
 2.618e+01 2.7590e-11 2.7590e-11 [ 4.5453e-22 4.8654e-19 3.1245e-18 9.5246e-12 1.8065e-11 ] 1.0000e+00
 2.629e+01 2.0750e-11 2.0750e-11 [ 2.4775e-22 2.7314e-19 1.7638e-18 7.1634e-12 1.3587e-11 ] 1.0000e+00
 2.641e+01 1.5606e-11 1.5606e-11 [ 1.3501e-22 1.5334e-19 9.9568e-19 5.3876e-12 1.0219e-11 ] 1.0000e+00
 2.652e+01 1.1738e-11 1.1738e-11 [ 7.3563e-23 8.6080e-20 5.6206e-19 4.0520e-12 7.6857e-12 ] 1.0000e+00
 2.663e+01 8.8279e-12 8.8279e-12 [ 4.0074e-23 4.8322e-20 3.1728e-19 3.0475e-12 5.7805e-12 ] 1.0000e+00
 2.675e+01 6.6395e-12 6.6395e-12 [ 2.1826e-23 2.7125e-20 1.7910e-19 2.2920e-12 4.3475e-12 ] 1.0000e+00
 2.686e+01 4.9936e-12 4.9936e-12 [ 1.1885e-23 1.5226e-20 1.0110e-19 1.7238e-12 3.2698e-12 ] 1.0000e+00
 2.697e+01 3.7557e-12 3.7557e-12 [ 6.4707e-24 8.5466e-21 5.7070e-20 1.2964e-12 2.4592e-12 ] 1.0000e+00
 2.709e+01 2.8246e-12 2.8246e-12 [ 3.5221e-24 4.7972e-21 3.2215e-20 9.7503e-13 1.8496e-12 ] 1.0000e+00
 2.720e+01 2.1244e-12 2.1244e-12 [ 1.9168e-24 2.6926e-21 1.8184e-20 7.3331e-13 1.3911e-12 ] 1.0000e+00
 2.731e+01 1.5977e-12 1.5977e-12 [ 1.0429e-24 1.5113e-21 1.0264e-20 5.5151e-13 1.0462e-12 ] 1.0000e+00
 2.743e+01 1.2017e-12 1.2017e-12 [ 5.6736e-25 8.4821e-22 5.7939e-21 4.1478e-13 7.8687e-13 ] 1.0000e+00
 2.754e+01 9.0376e-13 9.0376e-13 [ 3.0858e-25 4.7605e-22 3.2704e-21 3.1195e-13 5.9180e-13 ] 1.0000e+00
 2.765e+01 6.7971e-13 6.7971e-13 [ 1.6780e-25 2.6717e-22 1.8460e-21 2.3461e-13 4.4509e-13 ] 1.0000e+00
 2.777e+01 5.1120e-13 5.1120e-13 [ 9.1227e-26 1.4994e-22 1.0419e-21 1.7645e-13 3.3475e-13 ] 1.0000e+00
 2.788e+01 3.8447e-13 3.8447e-13 [ 4.9586e-26 8.4146e-23 5.8811e-22 1.3270e-13 2.5177e-13 ] 1.0000e+00
 2.799e+01 2.8916e-13 2.8916e-13 [ 2.6947e-26 4.7221e-23 3.3195e-22 9.9804e-14 1.8935e-13 ] 1.0000e+00
 2.811e+01 2.1747e-13 2.1747e-13 [ 1.4641e-26 2.6499e-23 1.8736e-22 7.5060e-14 1.4241e-13 ] 1.0000e+00
 2.822e+01 1.6356e-13 1.6356e-13 [ 7.9533e-27 1.4870e-23 1.0575e-22 5.6451e-14 1.0710e-13 ] 1.0000e+00
 2.833e+01 1.2301e-13 1.2301e-13 [ 4.3194e-27 8.3440e-24 5.9688e-23 4.2455e-14 8.0553e-14 ] 1.0000e+00
 2.845e+01 9.2512e-14 9.2512e-14 [ 2.3454e-27 4.6820e-24 3.3689e-23 3.1930e-14 6.0583e-14 ] 1.0000e+00
 2.856e+01 6.9577e-14 6.9577e-14 [ 1.2732e-27 2.6271e-24 1.9014e-23 2.4013e-14 4.5563e-14 ] 1.0000e+00
 2.867e+01 5.2327e-14 5.2327e-14 [ 6.9105e-28 1.4740e-24 1.0732e-23 1.8060e-14 3.4268e-14 ] 1.0000e+00
 2.879e+01 3.9354e-14 3.9354e-14 [ 3.7499e-28 8.2704e-25 6.0568e-24 1.3582e-14 2.5772e-14 ] 1.0000e+00
 2.890e+01 2.9598e-14 2.9598e-14 [ 2.0344e-28 4.6402e-25 3.4184e-24 1.0215e-14 1.9383e-14 ] 1.0000e+00
 2.901e+01 2.2260e-14 2.2260e-14 [ 1.1034e-28 2.6034e-25 1.9293e-24 7.6822e-15 1.4577e-14 ] 1.0000e+00
 2.913e+01 1.6741e-14 1.6741e-14 [ 5.9837e-29 1.4606e-25 1.0889e-24 5.7775e-15 1.0963e-14 ] 1.0000e+00
 2.924e+01 1.2590e-14 1.2590e-14 [ 3.2441e-29 8.1939e-26 6.1452e-25 4.3451e-15 8.2454e-15 ] 1.0000e+00
 2.935e+01 9.4689e-15 9.4689e-15 [ 1.7584e-29 4.5968e-26 3.4681e-25 3.2678e-15 6.2012e-15 ] 1.0000e+00
 2.947e+01 7.1213e-15 7.1213e-15 [ 9.5293e-30 2.5787e-26 1.9573e-25 2.4576e-15 4.6638e-15 ] 1.0000e+00
 2.958e+01 5.3557e-15 5.3557e-15 [ 5.1629e-30 1.4466e-26 1.1046e-25 1.8482e-15 3.5075e-15 ] 1.0000e+00
 2.969e+01 4.0279e-15 4.0279e-15 [ 2.7966e-30 8.1145e-27 6.2338e-26 1.3900e-15 2.6379e-15 ] 1.0000e+00
 2.981e+01 3.0293e-15 3.0293e-15 [ 1.5145e-30 4.5517e-27 3.5180e-26 1.0454e-15 1.9839e-15 ] 1.0000e+00
 2.992e+01 2.2782e-15 2.2782e-15 [ 8.2001e-31 2.5531e-27 1.9854e-26 7.8617e-16 1.4920e-15 ] 1.0000e+00
 3.003e+01 1.7134e-15 1.7134e-15 [ 4.4387e-31 1.4321e-27 1.1204e-26 5.9124e-16 1.1221e-15 ] 1.0000e+00
 3.015e+01 1.2886e-15 1.2886e-15 [ 2.4022e-31 8.0322e-28 6.3228e-27 4.4465e-16 8.4391e-16 ] 1.0000e+00
 3.026e+01 9.6907e-16 9.6907e-16 [ 1.2997e-31 4.5050e-28 3.5681e-27 3.3440e-16 6.3468e-16 ] 1.0000e+00
 3.037e+01 7.2880e-16 7.2880e-16 [ 7.0304e-32 2.5267e-28 2.0135e-27 2.5148e-16 4.7732e-16 ] 1.0000e+00
 3.049e+01 5.4810e-16 5.4810e-16 [ 3.8021e-32 1.4170e-28 1.1362e-27 1.8913e-16 3.5898e-16 ] 1.0000e+00
 3.060e+01 4.1221e-16 4.1221e-16 [ 2.0557e-32 7.9471e-29 6.4119e-28 1.4223e-16 2.6997e-16 ] 1.0000e+00
 3.071e+01 3.1000e-16 3.1000e-16 [ 1.1112e-32 4.4568e-29 3.6182e-28 1.0697e-16 2.0304e-16 ] 1.0000e+00
 3.083e+01 2.3314e-16 2.3314e-16 [ 6.0051e-33 2.4993e-29 2.0417e-28 8.0444e-17 1.5270e-16 ] 1.0000e+00
 3.094e+01 1.7533e-16 1.7533e-16 [ 3.2445e-33 1.4015e-29 1.1521e-28 6.0498e-17 1.1484e-16 ] 1.0000e+00
 3.105e+01 1.3186e-16 1.3186e-16 [ 1.7525e-33 7.8592e-30 6.5012e-29 4.5497e-17 8.6364e-17 ] 1.0000e+00
 3.117e+01 9.9166e-17 9.9166e-17 [ 9.4642e-34 4.4070e-30 3.6685e-29 3.4216e-17 6.4951e-17 ] 1.0000e+00
 3.128e+01 7.4578e-17 7.4578e-17 [ 5.1097e-34 2.4711e-30 2.0700e-29 2.5732e-17 4.8847e-17 ] 1.0000e+00
 3.139e+01 5.6087e-17 5.6087e-17 [ 2.7580e-34 1.3856e-30 1.1680e-29 1.9351e-17 3.6735e-17 ] 1.0000e+00
 3.151e+01 4.2180e-17 4.2180e-17 [ 1.4883e-34 7.7686e-31 6.5907e-30 1.4553e-17 2.7627e-17 ] 1.0000e+00
 3.162e+01 3.1721e-17 3.1721e-17 [ 8.0294e-35 4.3557e-31 3.7188e-30 1.0944e-17 2.0777e-17 ] 1.0000e+00
 3.173e+01 2.3856e-17 2.3856e-17 [ 4.3308e-35 2.4420e-31 2.0983e-30 8.2305e-18 1.5625e-17 ] 1.0000e+00
 3.185e+01 1.7941e-17 1.7941e-17 [ 2.3353e-35 1.3691e-31 1.1840e-30 6.1896e-18 1.1751e-17 ] 1.0000e+00
 3.196e+01 1.3492e-17 1.3492e-17 [ 1.2589e-35 7.6754e-32 6.6803e-31 4.6548e-18 8.8373e-18 ] 1.0000e+00
 3.207e+01 1.0147e-17 1.0147e-17 [ 6.7852e-36 4.3029e-32 3.7692e-31 3.5006e-18 6.6461e-18 ] 1.0000e+00
 3.219e+01 7.6307e-18 7.6307e-18 [ 3.6560e-36 2.4121e-32 2.1267e-31 2.6325e-18 4.9982e-18 ] 1.0000e+00
 3.230e+01 5.7386e-18 5.7386e-18 [ 1.9694e-36 1.3522e-32 1.1999e-31 1.9797e-18 3.7588e-18 ] 1.0000e+00
 3.241e+01 4.3156e-18 4.3156e-18 [ 1.0606e-36 7.5796e-33 6.7699e-32 1.4888e-18 2.8268e-18 ] 1.0000e+00
 3.253e+01 3.2455e-18 3.2455e-18 [ 5.7105e-37 4.2486e-33 3.8196e-32 1.1196e-18 2.1259e-18 ] 1.0000e+00
 3.264e+01 2.4407e-18 2.4407e-18 [ 3.0738e-37 2.3814e-33 2.1550e-32 8.4199e-19 1.5988e-18 ] 1.0000e+00
 3.275e+01 1.8355e-18 1.8355e-18 [ 1.6541e-37 1.3348e-33 1.2158e-32 6.3319e-19 1.2023e-18 ] 1.0000e+00
 3.287e+01 1.3804e-18 1.3804e-18 [ 8.8988e-38 7.4813e-34 6.8595e-33 4.7618e-19 9.0419e-19 ] 1.0000e+00
 3.298e+01 1.0381e-18 1.0381e-18 [ 4.7862e-38 4.1930e-34 3.8700e-33 3.5809e-19 6.7999e-19 ] 1.0000e+00
 3.309e+01 7.8067e-19 7.8067e-19 [ 2.5735e-38 2.3499e-34 2.1833e-33 2.6929e-19 5.1137e-19 ] 1.0000e+00
 3.321e+01 5.8708e-19 5.8708e-19 [ 1.3834e-38 1.3170e-34 1.2318e-33 2.0251e-19 3.8457e-19 ] 1.0000e+00
 3.332e+01 4.4150e-19 4.4150e-19 [ 7.4348e-39 7.3805e-35 6.9492e-34 1.5229e-19 2.8921e-19 ] 1.0000e+00
 3.343e+01 3.3202e-19 3.3202e-19 [ 3.9945e-39 4.1360e-35 3.9204e-34 1.1453e-19 2.1749e-19 ] 1.0000e+00
 3.355e+01 2.4969e-19 2.4969e-19 [ 2.1456e-39 2.3177e-35 2.2117e-34 8.6126e-20 1.6356e-19 ] 1.0000e+00
 3.366e+01 1.8777e-19 1.8777e-19 [ 1.1521e-39 1.2987e-35 1.2477e-34 6.4768e-20 1.2300e-19 ] 1.0000e+00
 3.377e+01 1.4121e-19 1.4121e-19 [ 6.1851e-40 7.2773e-36 7.0387e-35 4.8706e-20 9.2502e-20 ] 1.0000e+00
 3.389e+01 1.0619e-19 1.0619e-19 [ 3.3195e-40 4.0776e-36 3.9707e-35 3.6627e-20 6.9564e-20 ] 1.0000e+00
 3.400e+01 7.9857e-20 7.9857e-20 [ 1.7810e-40 2.2847e-36 2.2400e-35 2.7544e-20 5.2314e-20 ] 1.0000e+00
 3.411e+01 6.0054e-20 6.0054e-20 [ 9.5534e-41 1.2801e-36 1.2636e-35 2.0713e-20 3.9341e-20 ] 1.0000e+00
 3.423e+01 4.5162e-20 4.5162e-20 [ 5.1230e-41 7.1719e-37 7.1282e-36 1.5576e-20 2.9585e-20 ] 1.0000e+00
 3.434e+01 3.3962e-20 3.3962e-20 [ 2.7464e-41 4.0180e-37 4.0210e-36 1.1714e-20 2.2249e-20 ] 1.0000e+00
 3.445e+01 2.5540e-20 2.5540e-20 [ 1.4719e-41 2.2510e-37 2.2682e-36 8.8086e-21 1.6731e-20 ] 1.0000e+00
 3.457e+01 1.9206e-20 1.9206e-20 [ 7.8864e-42 1.2610e-37 1.2795e-36 6.6241e-21 1.2582e-20 ] 1.0000e+00
 3.468e+01 1.4443e-20 1.4443e-20 [ 4.2243e-42 7.0642e-38 7.2174e-37 4.9813e-21 9.4621e-21 ] 1.0000e+00
 3.479e+01 1.0862e-20 1.0862e-20 [ 2.2621e-42 3.9572e-38 4.0712e-37 3.7459e-21 7.1156e-21 ] 1.0000e+00
 3.491e+01 8.1679e-21 8.1679e-21 [ 1.2110e-42 2.2166e-38 2.2964e-37 2.8169e-21 5.3510e-21 ] 1.0000e+00
 3.502e+01 6.1423e-21 6.1423e-21 [ 6.4809e-43 1.2416e-38 1.2953e-37 2.1183e-21 4.0240e-21 ] 1.0000e+00
 3.513e+01 4.6191e-21 4.6191e-21 [ 3.4675e-43 6.9545e-39 7.3065e-38 1.5929e-21 3.0261e-21 ] 1.0000e+00
 3.525e+01 3.4735e-21 3.4735e-21 [ 1.8546e-43 3.8952e-39 4.1212e-38 1.1979e-21 2.2757e-21 ] 1.0000e+00
 3.536e+01 2.6121e-21 2.6121e-21 [ 9.9171e-44 2.1816e-39 2.3246e-38 9.0079e-22 1.7113e-21 ] 1.0000e+00
 3.547e+01 1.9643e-21 1.9643e-21 [ 5.3013e-44 1.2218e-39 1.3111e-38 6.7738e-22 1.2869e-21 ] 1.0000e+00
 3.559e+01 1.4771e-21 1.4771e-21 [ 2.8330e-44 6.8426e-40 7.3953e-39 5.0938e-22 9.6776e-22 ] 1.0000e+00
 3.570e+01 1.1108e-21 1.1108e-21 [ 1.5135e-44 3.8320e-40 4.1711e-39 3.8305e-22 7.2776e-22 ] 1.0000e+00
 3.581e+01 8.3532e-22 8.3532e-22 [ 8.0836e-45 2.1459e-40 2.3526e-39 2.8805e-22 5.4728e-22 ] 1.0000e+00
 3.593e+01 6.2816e-22 6.2816e-22 [ 4.3160e-45 1.2017e-40 1.3269e-39 2.1661e-22 4.1155e-22 ] 1.0000e+00
 3.604e+01 4.7237e-22 4.7237e-22 [ 2.3038e-45 6.7289e-41 7.4838e-40 1.6288e-22 3.0949e-22 ] 1.0000e+00
 3.615e+01 3.5522e-22 3.5522e-22 [ 1.2293e-45 3.7678e-41 4.2208e-40 1.2248e-22 2.3273e-22 ] 1.0000e+00
 3.627e+01 2.6712e-22 2.6712e-22 [ 6.5577e-46 2.1096e-41 2.3805e-40 9.2106e-23 1.7501e-22 ] 1.0000e+00
 3.638e+01 2.0087e-22 2.0087e-22 [ 3.4971e-46 1.1812e-41 1.3426e-40 6.9261e-23 1.3161e-22 ] 1.0000e+00
 3.649e+01 1.5105e-22 1.5105e-22 [ 1.8644e-46 6.6132e-42 7.5719e-41 5.2083e-23 9.8969e-23 ] 1.0000e+00
 3.661e+01 1.1359e-22 1.1359e-22 [ 9.9363e-47 3.7025e-42 4.2704e-41 3.9165e-23 7.4424e-23 ] 1.0000e+00
 3.672e+01 8.5416e-23 8.5416e-23 [ 5.2940e-47 2.0728e-42 2.4084e-41 2.9451e-23 5.5966e-23 ] 1.0000e+00
 3.683e+01 6.4231e-23 6.4231e-23 [ 2.8197e-47 1.1604e-42 1.3582e-41 2.2146e-23 4.2085e-23 ] 1.0000e+00
 3.695e+01 4.8301e-23 4.8301e-23 [ 1.5014e-47 6.4959e-43 7.6598e-42 1.6653e-23 3.1648e-23 ] 1.0000e+00
 3.706e+01 3.6321e-23 3.6321e-23 [ 7.9919e-48 3.6363e-43 4.3198e-42 1.2523e-23 2.3799e-23 ] 1.0000e+00
 3.717e+01 2.7313e-23 2.7313e-23 [ 4.2527e-48 2.0354e-43 2.4361e-42 9.4165e-24 1.7896e-23 ] 1.0000e+00
 3.729e+01 2.0538e-23 2.0538e-23 [ 2.2623e-48 1.1393e-43 1.3738e-42 7.0809e-24 1.3458e-23 ] 1.0000e+00
 3.740e+01 1.5444e-23 1.5444e-23 [ 1.2031e-48 6.3769e-44 7.7477e-43 5.3245e-24 1.0120e-23 ] 1.0000e+00
 3.751e+01 1.1614e-23 1.1614e-23 [ 6.3958e-49 3.5691e-44 4.3692e-43 4.0038e-24 7.6098e-24 ] 1.0000e+00
 3.763e+01 8.7331e-24 8.7331e-24 [ 3.3991e-49 1.9975e-44 2.4640e-43 3.0107e-24 5.7224e-24 ] 1.0000e+00
 3.774e+01 6.5670e-24 6.5670e-24 [ 1.8059e-49 1.1179e-44 1.3895e-43 2.2639e-24 4.3031e-24 ] 1.0000e+00
 3.785e+01 4.9382e-24 4.9382e-24 [ 9.5913e-50 6.2563e-45 7.8364e-44 1.7024e-24 3.2358e-24 ] 1.0000e+00
 3.797e+01 3.7134e-24 3.7134e-24 [ 5.0924e-50 3.5011e-45 4.4194e-44 1.2801e-24 2.4332e-24 ] 1.0000e+00
 3.808e+01 2.7923e-24 2.7923e-24 [ 2.7029e-50 1.9592e-45 2.4924e-44 9.6258e-25 1.8297e-24 ] 1.0000e+00
 3.819e+01 2.0997e-24 2.0997e-24 [ 1.4342e-50 1.0963e-45 1.4057e-44 7.2381e-25 1.3759e-24 ] 1.0000e+00
 3.831e+01 1.5789e-24 1.5789e-24 [ 7.6071e-51 6.1343e-46 7.9288e-45 5.4427e-25 1.0346e-24 ] 1.0000e+00
 3.842e+01 1.1873e-24 1.1873e-24 [ 4.0337e-51 3.4323e-46 4.4725e-45 4.0926e-25 7.7801e-25 ] 1.0000e+00
 3.853e+01 8.9277e-25 8.9277e-25 [ 2.1382e-51 1.9204e-46 2.5232e-45 3.0774e-25 5.8503e-25 ] 1.0000e+00
 3.865e+01 6.7133e-25 6.7133e-25 [ 1.1330e-51 1.0744e-46 1.4237e-45 2.3140e-25 4.3992e-25 ] 1.0000e+00
 3.876e+01 5.0481e-25 5.0481e-25 [ 6.0018e-52 6.0110e-47 8.0345e-46 1.7400e-25 3.3080e-25 ] 1.0000e+00
 3.887e+01 3.7959e-25 3.7959e-25 [ 3.1782e-52 3.3628e-47 4.5357e-46 1.3084e-25 2.4875e-25 ] 1.0000e+00
 3.899e+01 2.8543e-25 2.8543e-25 [ 1.6825e-52 1.8812e-47 2.5615e-46 9.8383e-26 1.8705e-25 ] 1.0000e+00
 3.910e+01 2.1463e-25 2.1463e-25 [ 8.9034e-53 1.0523e-47 1.4473e-46 7.3978e-26 1.4065e-25 ] 1.0000e+00
 3.921e+01 1.6139e-25 1.6139e-25 [ 4.7100e-53 5.8864e-48 8.1834e-47 5.5627e-26 1.0576e-25 ] 1.0000e+00
 3.933e+01 1.2136e-25 1.2136e-25 [ 2.4908e-53 3.2926e-48 4.6313e-47 4.1827e-26 7.9530e-26 ] 1.0000e+00
 3.944e+01 9.1254e-26 9.1254e-26 [ 1.3168e-53 1.8416e-48 2.6242e-47 3.1451e-26 5.9803e-26 ] 1.0000e+00
 3.955e+01 6.8618e-26 6.8618e-26 [ 6.9587e-54 1.0300e-48 1.4893e-47 2.3649e-26 4.4969e-26 ] 1.0000e+00
 3.967e+01 5.1597e-26 5.1597e-26 [ 3.6762e-54 5.7608e-49 8.4703e-48 1.7783e-26 3.3814e-26 ] 1.0000e+00
 3.978e+01 3.8797e-26 3.8797e-26 [ 1.9414e-54 3.2218e-49 4.8305e-48 1.3371e-26 2.5426e-26 ] 1.0000e+00
 3.989e+01 2.9173e-26 2.9173e-26 [ 1.0249e-54 1.8017e-49 2.7647e-48 1.0054e-26 1.9119e-26 ] 1.0000e+00
 4.001e+01 2.1936e-26 2.1936e-26 [ 5.4090e-55 1.0076e-49 1.5896e-48 7.5599e-27 1.4377e-26 ] 1.0000e+00
 4.012e+01 1.6495e-26 1.6495e-26 [ 2.8536e-55 5.6342e-50 9.1941e-49 5.6845e-27 1.0810e-26 ] 1.0000e+00
 4.023e+01 1.2403e-26 1.2403e-26 [ 1.5049e-55 3.1505e-50 5.3574e-49 4.2743e-27 8.1287e-27 ] 1.0000e+00
 4.035e+01 9.3261e-27 9.3261e-27 [ 7.9336e-56 1.7616e-50 3.1507e-49 3.2139e-27 6.1123e-27 ] 1.0000e+00
 4.046e+01 7.0126e-27 7.0126e-27 [ 4.1810e-56 9.8494e-51 1.8740e-49 2.4166e-27 4.5960e-27 ] 1.0000e+00
 4.057e+01 5.2730e-27 5.2730e-27 [ 2.2026e-56 5.5068e-51 1.1297e-49 1.8171e-27 3.4559e-27 ] 1.0000e+00
 4.069e+01 3.9649e-27 3.9649e-27 [ 1.1600e-56 3.0787e-51 6.9171e-50 1.3663e-27 2.5986e-27 ] 1.0000e+00
 4.080e+01 2.9813e-27 2.9813e-27 [ 6.1065e-57 1.7211e-51 4.3103e-50 1.0273e-27 1.9540e-27 ] 1.0000e+00
 4.091e+01 2.2417e-27 2.2417e-27 [ 3.2135e-57 9.6217e-52 2.7375e-50 7.7244e-28 1.4692e-27 ] 1.0000e+00
 4.103e+01 1.6856e-27 1.6856e-27 [ 1.6905e-57 5.3786e-52 1.7736e-50 5.8081e-28 1.1048e-27 ] 1.0000e+00
 4.114e+01 1.2674e-27 1.2674e-27 [ 8.8900e-58 3.0065e-52 1.1722e-50 4.3671e-28 8.3070e-28 ] 1.0000e+00
 4.125e+01 9.5299e-28 9.5299e-28 [ 4.6733e-58 1.6805e-52 7.8987e-51 3.2836e-28 6.2463e-28 ] 1.0000e+00
 4.137e+01 7.1657e-28 7.1657e-28 [ 2.4558e-58 9.3929e-53 5.4184e-51 2.4690e-28 4.6967e-28 ] 1.0000e+00
 4.148e+01 5.3880e-28 5.3880e-28 [ 1.2900e-58 5.2498e-53 3.7769e-51 1.8564e-28 3.5315e-28 ] 1.0000e+00
 4.159e+01 4.0513e-28 4.0513e-28 [ 6.7740e-59 2.9340e-53 2.6695e-51 1.3958e-28 2.6554e-28 ] 1.0000e+00
 4.171e+01 3.0462e-28 3.0462e-28 [ 3.5558e-59 1.6397e-53 1.9090e-51 1.0495e-28 1.9967e-28 ] 1.0000e+00
 4.182e+01 2.2905e-28 2.2905e-28 [ 1.8658e-59 9.1633e-54 1.3783e-51 7.8914e-29 1.5013e-28 ] 1.0000e+00
 4.193e+01 1.7222e-28 1.7222e-28 [ 9.7866e-60 5.1205e-54 1.0028e-51 5.9335e-29 1.1289e-28 ] 1.0000e+00
 4.205e+01 1.2949e-28 1.2949e-28 [ 5.1315e-60 2.8613e-54 7.3406e-52 4.4613e-29 8.4881e-29 ] 1.0000e+00
 4.216e+01 9.7367e-29 9.7367e-29 [ 2.6896e-60 1.5988e-54 5.3988e-52 3.3544e-29 6.3823e-29 ] 1.0000e+00
 4.227e+01 7.3210e-29 7.3210e-29 [ 1.4092e-60 8.9329e-55 3.9851e-52 2.5221e-29 4.7989e-29 ] 1.0000e+00
 4.239e+01 5.5047e-29 5.5047e-29 [ 7.3806e-61 4.9909e-55 2.9497e-52 1.8964e-29 3.6083e-29 ] 1.0000e+00
 4.250e+01 4.1389e-29 4.1389e-29 [ 3.8641e-61 2.7883e-55 2.1877e-52 1.4258e-29 2.7131e-29 ] 1.0000e+00
 4.261e+01 3.1120e-29 3.1120e-29 [ 2.0223e-61 1.5577e-55 1.6249e-52 1.0721e-29 2.0400e-29 ] 1.0000e+00
 4.273e+01 2.3399e-29 2.3399e-29 [ 1.0580e-61 8.7021e-56 1.2082e-52 8.0607e-30 1.5339e-29 ] 1.0000e+00
 4.284e+01 1.7594e-29 1.7594e-29 [ 5.5327e-62 4.8611e-56 8.9899e-53 6.0606e-30 1.1533e-29 ] 1.0000e+00
 4.295e+01 1.3229e-29 1.3229e-29 [ 2.8923e-62 2.7153e-56 6.6923e-53 4.5568e-30 8.6717e-30 ] 1.0000e+00
 4.307e+01 9.9464e-30 9.9464e-30 [ 1.5114e-62 1.5167e-56 4.9832e-53 3.4262e-30 6.5202e-30 ] 1.0000e+00
 4.318e+01 7.4786e-30 7.4786e-30 [ 7.8947e-63 8.4710e-57 3.7110e-53 2.5760e-30 4.9025e-30 ] 1.0000e+00
 4.329e+01 5.6230e-30 5.6230e-30 [ 4.1223e-63 4.7311e-57 2.7635e-53 1.9369e-30 3.6862e-30 ] 1.0000e+00
 4.341e+01 4.2278e-30 4.2278e-30 [ 2.1516e-63 2.6422e-57 2.0578e-53 1.4563e-30 2.7716e-30 ] 1.0000e+00
 4.352e+01 3.1788e-30 3.1788e-30 [ 1.1226e-63 1.4756e-57 1.5319e-53 1.0949e-30 2.0839e-30 ] 1.0000e+00
 4.363e+01 2.3901e-30 2.3901e-30 [ 5.8550e-64 8.2400e-58 1.1402e-53 8.2323e-31 1.5669e-30 ] 1.0000e+00
 4.375e+01 1.7971e-30 1.7971e-30 [ 3.0525e-64 4.6012e-58 8.4838e-54 6.1895e-31 1.1781e-30 ] 1.0000e+00
 4.386e+01 1.3512e-30 1.3512e-30 [ 1.5908e-64 2.5692e-58 6.3103e-54 4.6537e-31 8.8580e-31 ] 1.0000e+00
 4.397e+01 1.0159e-30 1.0159e-30 [ 8.2870e-65 1.4345e-58 4.6918e-54 3.4989e-31 6.6602e-31 ] 1.0000e+00
 4.409e+01 7.6383e-31 7.6383e-31 [ 4.3153e-65 8.0092e-59 3.4870e-54 2.6307e-31 5.0076e-31 ] 1.0000e+00
 4.420e+01 5.7430e-31 5.7430e-31 [ 2.2463e-65 4.4715e-59 2.5905e-54 1.9779e-31 3.7651e-31 ] 1.0000e+00
 4.431e+01 4.3180e-31 4.3180e-31 [ 1.1688e-65 2.4963e-59 1.9235e-54 1.4871e-31 2.8309e-31 ] 1.0000e+00
 4.443e+01 3.2465e-31 3.2465e-31 [ 6.0790e-66 1.3935e-59 1.4275e-54 1.1181e-31 2.1285e-31 ] 1.0000e+00
 4.454e+01 2.4410e-31 2.4410e-31 [ 3.1606e-66 7.7788e-60 1.0589e-54 8.4061e-32 1.6003e-31 ] 1.0000e+00
 4.465e+01 1.8353e-31 1.8353e-31 [ 1.6426e-66 4.3420e-60 7.8500e-55 6.3201e-32 1.2032e-31 ] 1.0000e+00
 4.477e+01 1.3799e-31 1.3799e-31 [ 8.5330e-67 2.4235e-60 5.8161e-55 4.7517e-32 9.0468e-32 ] 1.0000e+00
 4.488e+01 1.0375e-31 1.0375e-31 [ 4.4311e-67 1.3527e-60 4.3066e-55 3.5726e-32 6.8020e-32 ] 1.0000e+00
 4.499e+01 7.8002e-32 7.8002e-32 [ 2.3001e-67 7.5492e-61 3.1868e-55 2.6860e-32 5.1142e-32 ] 1.0000e+00
 4.511e+01 5.8646e-32 5.8646e-32 [ 1.1934e-67 4.2130e-61 2.3566e-55 2.0194e-32 3.8452e-32 ] 1.0000e+00
 4.522e+01 4.4093e-32 4.4093e-32 [ 6.1899e-68 2.3511e-61 1.7414e-55 1.5183e-32 2.8910e-32 ] 1.0000e+00
 4.533e+01 3.3151e-32 3.3151e-32 [ 3.2091e-68 1.3119e-61 1.2859e-55 1.1415e-32 2.1736e-32 ] 1.0000e+00
 4.545e+01 2.4925e-32 2.4925e-32 [ 1.6631e-68 7.3205e-62 9.4878e-56 8.5820e-33 1.6343e-32 ] 1.0000e+00
 4.556e+01 1.8739e-32 1.8739e-32 [ 8.6153e-69 4.0846e-62 6.9948e-56 6.4521e-33 1.2287e-32 ] 1.0000e+00
 4.567e+01 1.4089e-32 1.4089e-32 [ 4.4611e-69 2.2789e-62 5.1524e-56 4.8508e-33 9.2382e-33 ] 1.0000e+00
 4.579e+01 1.0593e-32 1.0593e-32 [ 2.3091e-69 1.2714e-62 3.7920e-56 3.6469e-33 6.9458e-33 ] 1.0000e+00
 4.590e+01 7.9639e-33 7.9639e-33 [ 1.1947e-69 7.0929e-63 2.7881e-56 2.7417e-33 5.2222e-33 ] 1.0000e+00
 4.601e+01 5.9875e-33 5.9875e-33 [ 6.1787e-70 3.9568e-63 2.0479e-56 2.0612e-33 3.9263e-33 ] 1.0000e+00
 4.613e+01 4.5015e-33 4.5015e-33 [ 3.1942e-70 2.2072e-63 1.5027e-56 1.5496e-33 2.9519e-33 ] 1.0000e+00
 4.624e+01 3.3843e-33 3.3843e-33 [ 1.6506e-70 1.2311e-63 1.1014e-56 1.1649e-33 2.2194e-33 ] 1.0000e+00
 4.635e+01 2.5444e-33 2.5444e-33 [ 8.5258e-71 6.8668e-64 8.0636e-57 8.7574e-34 1.6686e-33 ] 1.0000e+00
 4.647e+01 1.9128e-33 1.9128e-33 [ 4.4021e-71 3.8298e-64 5.8961e-57 6.5831e-34 1.2545e-33 ] 1.0000e+00
 4.658e+01 1.4381e-33 1.4381e-33 [ 2.2719e-71 2.1359e-64 4.3056e-57 4.9484e-34 9.4321e-34 ] 1.0000e+00
 4.669e+01 1.0811e-33 1.0811e-33 [ 1.1721e-71 1.1911e-64 3.1398e-57 3.7195e-34 7.0914e-34 ] 1.0000e+00
 4.681e+01 8.1270e-34 8.1270e-34 [ 6.0440e-72 6.6422e-65 2.2863e-57 2.7955e-34 5.3315e-34 ] 1.0000e+00
 4.692e+01 6.1093e-34 6.1093e-34 [ 3.1154e-72 3.7038e-65 1.6621e-57 2.1009e-34 4.0084e-34 ] 1.0000e+00
 4.703e+01 4.5923e-34 4.5923e-34 [ 1.6052e-72 2.0652e-65 1.2063e-57 1.5786e-34 3.0136e-34 ] 1.0000e+00
 4.715e+01 3.4517e-34 3.4517e-34 [ 8.2669e-73 1.1514e-65 8.7393e-58 1.1860e-34 2.2657e-34 ] 1.0000e+00
 4.726e+01 2.5943e-34 2.5943e-34 [ 4.2558e-73 6.4195e-66 6.3189e-58 8.9083e-35 1.7034e-34 ] 1.0000e+00
 4.737e+01 1.9496e-34 1.9496e-34 [ 2.1900e-73 3.5788e-66 4.5592e-58 6.6891e-35 1.2807e-34 ] 1.0000e+00
 4.749e+01 1.4649e-34 1.4649e-34 [ 1.1264e-73 1.9950e-66 3.2820e-58 5.0207e-35 9.6283e-35 ] 1.0000e+00
 4.760e+01 1.1005e-34 1.1005e-34 [ 5.7916e-74 1.1121e-66 2.3567e-58 3.7664e-35 7.2387e-35 ] 1.0000e+00
 4.771e+01 8.2655e-35 8.2655e-35 [ 2.9764e-74 6.1987e-67 1.6876e-58 2.8234e-35 5.4420e-35 ] 1.0000e+00
 4.783e+01 6.2058e-35 6.2058e-35 [ 1.5290e-74 3.4548e-67 1.2049e-58 2.1145e-35 4.0913e-35 ] 1.0000e+00
 4.794e+01 4.6573e-35 4.6573e-35 [ 7.8508e-75 1.9254e-67 8.5736e-59 1.5816e-35 3.0757e-35 ] 1.0000e+00
 4.805e+01 3.4930e-35 3.4930e-35 [ 4.0293e-75 1.0730e-67 6.0780e-59 1.1810e-35 2.3121e-35 ] 1.0000e+00
 4.817e+01 2.6177e-35 2.6177e-35 [ 2.0670e-75 5.9785e-68 4.2908e-59 8.7983e-36 1.7379e-35 ] 1.0000e+00
 4.828e+01 1.9596e-35 1.9596e-35 [ 1.0599e-75 3.3307e-68 3.0148e-59 6.5351e-36 1.3060e-35 ] 1.0000e+00
 4.839e+01 1.4647e-35 1.4647e-35 [ 5.4312e-76 1.8551e-68 2.1066e-59 4.8348e-36 9.8118e-36 ] 1.0000e+00
 4.851e+01 1.0925e-35 1.0925e-35 [ 2.7814e-76 1.0328e-68 1.4627e-59 3.5579e-36 7.3669e-36 ] 1.0000e+00
 4.862e+01 8.1252e-36 8.1252e-36 [ 1.4232e-76 5.7458e-69 1.0080e-59 2.5999e-36 5.5253e-36 ] 1.0000e+00
 4.873e+01 6.0184e-36 6.0184e-36 [ 7.2734e-77 3.1929e-69 6.8826e-60 1.8822e-36 4.1362e-36 ] 1.0000e+00
 4.885e+01 4.4320e-36 4.4320e-36 [ 3.7104e-77 1.7705e-69 4.6463e-60 1.3458e-36 3.0862e-36 ] 1.0000e+00
 4.896e+01 3.2361e-36 3.2361e-36 [ 1.8870e-77 9.7812e-70 3.0911e-60 9.4640e-37 2.2897e-36 ] 1.0000e+00
 4.907e+01 2.3332e-36 2.3332e-36 [ 9.5467e-78 5.3674e-70 2.0168e-60 6.5074e-37 1.6825e-36 ] 1.0000e+00
 4.919e+01 1.6500e-36 1.6500e-36 [ 4.7833e-78 2.9096e-70 1.2805e-60 4.3368e-37 1.2163e-36 ] 1.0000e+00
 4.930e+01 1.1315e-36 1.1315e-36 [ 2.3532e-78 1.5421e-70 7.8119e-61 2.7626e-37 8.5527e-37 ] 1.0000e+00
 4.941e+01 7.3748e-37 7.3748e-37 [ 1.1167e-78 7.8319e-71 4.4753e-61 1.6423e-37 5.7325e-37 ] 1.0000e+00
 4.953e+01 4.3921e-37 4.3921e-37 [ 4.9149e-79 3.6541e-71 2.3019e-61 8.6988e-38 3.5223e-37 ] 1.0000e+00
 4.964e+01 2.1880e-37 2.1880e-37 [ 1.8190e-79 1.4150e-71 9.5780e-62 3.6980e-38 1.8182e-37 ] 1.0000e+00
 4.975e+01 6.9677e-38 6.9677e-38 [ 4.0601e-80 3.2508e-72 2.2997e-62 9.0350e-39 6.0642e-38 ] 1.0000e+00
 4.987e+01 0.0000e+00 0.0000e+00 [ 0.0000e+00 0.0000e+00 0.0000e+00 0.0000e+00 0.0000e+00 ] 1.0000e+00
